#BeginHeader,102
#FormatType,NR-X100\NORMAL
#FormatVersion,R5.00.00
タイトル,
ユニット番号,MASTER,UNIT1
ユニット種別(NR),NR-X100(Master),(1)HA
ユニット種別(***),***
ユニット種別(***),***
ユニット種別(***),***
ユニット種別(***),***
ユニット種別(***),***
ユニット種別(***),***
ユニット種別(***),***
ユニット種別(***),***

計測モード,ノーマルモード
収集開始日時,2026/04/29 15:43:37,000000
サンプリング周期,1ms
データ数,177013
保存オプション,標準

ユニット種別共通
ユニット種別名,NR-HA08共通
実サンプリング周期,1ms
計測機能設定,平均回数   未使用
AD積分時間,***
ｱﾝﾁｴｲﾘｱｼﾝｸﾞﾌｨﾙﾀ,***
断線検出値,***
デジタルフィルタ,***
その他,***
デジタルフィルタ,***
停止予測,***

ENユニット個別
ユニット種別
異常時の値
通信/接続機器エラー
測定値なし
範囲外(上限)
範囲外(下限)
電源出力

耐環境ユニット個別
ユニット種別
AD積分時間
ローパスフィルタ
バーンアウト検出

トリガ条件
マニュアルトリガ,***
外部トリガ入力,***
エッジトリガ,***
エッジトリガ対象ユニット,***
プリトリガ/ポストトリガ,***
ポイント数,***

判定/アラーム条件
出力モード,保持する
バーンアウトアラーム(TH08),***
バーンアウトアラーム(XTH08T),***
断線アラーム,***
通信アラーム,***
電源出力アラーム,***

無手順通信用出力設定
番号,
対象チャンネル,
小数点以下の桁数,

チャンネル条件,
チャンネル番号,,(NR-1)HA-C01
波形名,,"Current01"
入力,,±20mA
単位,,"mA"
計測機能,,平均   OFF
ホールド,,OFF
エッジトリガ,,***
トリガレベル,,***
ヒステリシス,,***
判定モード,,未設定
判定モードCH,,
上限値,,
下限値,,
スムージング,,OFF
ポイント数,,
スケーリング,,OFF
計測値1,,
計測値2,,
表示値1,,
表示値2,,
カップリング,,
センサタイプ,,
ローパスフィルタ,,
ハイパスフィルタ,,
感度,,
基本単位,,
極性,,
しきい値電圧,,
ヒステリシス,,
パルス分周,,

#EndHeader,日時(μs),(NR-1)HA-C01
2026/04/29 15:43:37,000000,10.649
2026/04/29 15:43:37,001000,10.649
2026/04/29 15:43:37,002000,10.651
2026/04/29 15:43:37,003000,10.651
2026/04/29 15:43:37,004000,10.649
2026/04/29 15:43:37,005000,10.646
2026/04/29 15:43:37,006000,10.649
2026/04/29 15:43:37,007000,10.649
2026/04/29 15:43:37,008000,10.651
2026/04/29 15:43:37,009000,10.649
2026/04/29 15:43:37,010000,10.651
2026/04/29 15:43:37,011000,10.646
2026/04/29 15:43:37,012000,10.651
2026/04/29 15:43:37,013000,10.654
2026/04/29 15:43:37,014000,10.654
2026/04/29 15:43:37,015000,10.651
2026/04/29 15:43:37,016000,10.654
2026/04/29 15:43:37,017000,10.649
2026/04/29 15:43:37,018000,10.649
2026/04/29 15:43:37,019000,10.649
2026/04/29 15:43:37,020000,10.654
2026/04/29 15:43:37,021000,10.660
2026/04/29 15:43:37,022000,10.646
2026/04/29 15:43:37,023000,10.654
2026/04/29 15:43:37,024000,10.651
2026/04/29 15:43:37,025000,10.649
2026/04/29 15:43:37,026000,10.649
2026/04/29 15:43:37,027000,10.654
2026/04/29 15:43:37,028000,10.651
2026/04/29 15:43:37,029000,10.649
2026/04/29 15:43:37,030000,10.646
2026/04/29 15:43:37,031000,10.643
2026/04/29 15:43:37,032000,10.654
2026/04/29 15:43:37,033000,10.637
2026/04/29 15:43:37,034000,10.654
2026/04/29 15:43:37,035000,10.651
2026/04/29 15:43:37,036000,10.649
2026/04/29 15:43:37,037000,10.649
2026/04/29 15:43:37,038000,10.654
2026/04/29 15:43:37,039000,10.651
2026/04/29 15:43:37,040000,10.654
2026/04/29 15:43:37,041000,10.649
2026/04/29 15:43:37,042000,10.649
2026/04/29 15:43:37,043000,10.643
2026/04/29 15:43:37,044000,10.646
2026/04/29 15:43:37,045000,10.649
2026/04/29 15:43:37,046000,10.649
2026/04/29 15:43:37,047000,10.649
2026/04/29 15:43:37,048000,10.654
2026/04/29 15:43:37,049000,10.649
2026/04/29 15:43:37,050000,10.651
2026/04/29 15:43:37,051000,10.646
2026/04/29 15:43:37,052000,10.649
2026/04/29 15:43:37,053000,10.646
2026/04/29 15:43:37,054000,10.660
2026/04/29 15:43:37,055000,10.649
2026/04/29 15:43:37,056000,10.649
2026/04/29 15:43:37,057000,10.649
2026/04/29 15:43:37,058000,10.654
2026/04/29 15:43:37,059000,10.646
2026/04/29 15:43:37,060000,10.649
2026/04/29 15:43:37,061000,10.654
2026/04/29 15:43:37,062000,10.649
2026/04/29 15:43:37,063000,10.654
2026/04/29 15:43:37,064000,10.654
2026/04/29 15:43:37,065000,10.649
2026/04/29 15:43:37,066000,10.654
2026/04/29 15:43:37,067000,10.654
2026/04/29 15:43:37,068000,10.651
2026/04/29 15:43:37,069000,10.649
2026/04/29 15:43:37,070000,10.651
2026/04/29 15:43:37,071000,10.654
2026/04/29 15:43:37,072000,10.649
2026/04/29 15:43:37,073000,10.654
2026/04/29 15:43:37,074000,10.649
2026/04/29 15:43:37,075000,10.651
2026/04/29 15:43:37,076000,10.651
2026/04/29 15:43:37,077000,10.654
2026/04/29 15:43:37,078000,10.651
2026/04/29 15:43:37,079000,10.651
2026/04/29 15:43:37,080000,10.651
2026/04/29 15:43:37,081000,10.646
2026/04/29 15:43:37,082000,10.651
2026/04/29 15:43:37,083000,10.649
2026/04/29 15:43:37,084000,10.649
2026/04/29 15:43:37,085000,10.649
2026/04/29 15:43:37,086000,10.651
2026/04/29 15:43:37,087000,10.651
2026/04/29 15:43:37,088000,10.654
2026/04/29 15:43:37,089000,10.649
2026/04/29 15:43:37,090000,10.654
2026/04/29 15:43:37,091000,10.649
2026/04/29 15:43:37,092000,10.649
2026/04/29 15:43:37,093000,10.649
2026/04/29 15:43:37,094000,10.649
2026/04/29 15:43:37,095000,10.649
2026/04/29 15:43:37,096000,10.651
2026/04/29 15:43:37,097000,10.654
2026/04/29 15:43:37,098000,10.649
2026/04/29 15:43:37,099000,10.654
2026/04/29 15:43:37,100000,10.649
2026/04/29 15:43:37,101000,10.654
2026/04/29 15:43:37,102000,10.654
2026/04/29 15:43:37,103000,10.649
2026/04/29 15:43:37,104000,10.649
2026/04/29 15:43:37,105000,10.646
2026/04/29 15:43:37,106000,10.651
2026/04/29 15:43:37,107000,10.651
2026/04/29 15:43:37,108000,10.651
2026/04/29 15:43:37,109000,10.649
2026/04/29 15:43:37,110000,10.643
2026/04/29 15:43:37,111000,10.649
2026/04/29 15:43:37,112000,10.646
2026/04/29 15:43:37,113000,10.651
2026/04/29 15:43:37,114000,10.649
2026/04/29 15:43:37,115000,10.649
2026/04/29 15:43:37,116000,10.654
2026/04/29 15:43:37,117000,10.654
2026/04/29 15:43:37,118000,10.654
2026/04/29 15:43:37,119000,10.649
2026/04/29 15:43:37,120000,10.649
2026/04/29 15:43:37,121000,10.649
2026/04/29 15:43:37,122000,10.654
2026/04/29 15:43:37,123000,10.649
2026/04/29 15:43:37,124000,10.654
2026/04/29 15:43:37,125000,10.651
2026/04/29 15:43:37,126000,10.649
2026/04/29 15:43:37,127000,10.649
2026/04/29 15:43:37,128000,10.649
2026/04/29 15:43:37,129000,10.651
2026/04/29 15:43:37,130000,10.651
2026/04/29 15:43:37,131000,10.654
2026/04/29 15:43:37,132000,10.649
2026/04/29 15:43:37,133000,10.649
2026/04/29 15:43:37,134000,10.654
2026/04/29 15:43:37,135000,10.660
2026/04/29 15:43:37,136000,10.649
2026/04/29 15:43:37,137000,10.643
2026/04/29 15:43:37,138000,10.651
2026/04/29 15:43:37,139000,10.643
2026/04/29 15:43:37,140000,10.643
2026/04/29 15:43:37,141000,10.646
2026/04/29 15:43:37,142000,10.654
2026/04/29 15:43:37,143000,10.657
2026/04/29 15:43:37,144000,10.654
2026/04/29 15:43:37,145000,10.646
2026/04/29 15:43:37,146000,10.660
2026/04/29 15:43:37,147000,10.657
2026/04/29 15:43:37,148000,10.649
2026/04/29 15:43:37,149000,10.649
2026/04/29 15:43:37,150000,10.649
2026/04/29 15:43:37,151000,10.651
2026/04/29 15:43:37,152000,10.649
2026/04/29 15:43:37,153000,10.646
2026/04/29 15:43:37,154000,10.649
2026/04/29 15:43:37,155000,10.651
2026/04/29 15:43:37,156000,10.651
2026/04/29 15:43:37,157000,10.646
2026/04/29 15:43:37,158000,10.646
2026/04/29 15:43:37,159000,10.651
2026/04/29 15:43:37,160000,10.651
2026/04/29 15:43:37,161000,10.649
2026/04/29 15:43:37,162000,10.643
2026/04/29 15:43:37,163000,10.651
2026/04/29 15:43:37,164000,10.649
2026/04/29 15:43:37,165000,10.646
2026/04/29 15:43:37,166000,10.654
2026/04/29 15:43:37,167000,10.649
2026/04/29 15:43:37,168000,10.654
2026/04/29 15:43:37,169000,10.654
2026/04/29 15:43:37,170000,10.643
2026/04/29 15:43:37,171000,10.649
2026/04/29 15:43:37,172000,10.651
2026/04/29 15:43:37,173000,10.646
2026/04/29 15:43:37,174000,10.651
2026/04/29 15:43:37,175000,10.654
2026/04/29 15:43:37,176000,10.651
2026/04/29 15:43:37,177000,10.654
2026/04/29 15:43:37,178000,10.651
2026/04/29 15:43:37,179000,10.657
2026/04/29 15:43:37,180000,10.646
2026/04/29 15:43:37,181000,10.649
2026/04/29 15:43:37,182000,10.646
2026/04/29 15:43:37,183000,10.654
2026/04/29 15:43:37,184000,10.646
2026/04/29 15:43:37,185000,10.649
2026/04/29 15:43:37,186000,10.657
2026/04/29 15:43:37,187000,10.660
2026/04/29 15:43:37,188000,10.651
2026/04/29 15:43:37,189000,10.646
2026/04/29 15:43:37,190000,10.646
2026/04/29 15:43:37,191000,10.649
2026/04/29 15:43:37,192000,10.651
2026/04/29 15:43:37,193000,10.649
2026/04/29 15:43:37,194000,10.651
2026/04/29 15:43:37,195000,10.649
2026/04/29 15:43:37,196000,10.651
2026/04/29 15:43:37,197000,10.651
2026/04/29 15:43:37,198000,10.646
2026/04/29 15:43:37,199000,10.649
2026/04/29 15:43:37,200000,10.651
2026/04/29 15:43:37,201000,10.646
2026/04/29 15:43:37,202000,10.657
2026/04/29 15:43:37,203000,10.649
2026/04/29 15:43:37,204000,10.649
2026/04/29 15:43:37,205000,10.651
2026/04/29 15:43:37,206000,10.654
2026/04/29 15:43:37,207000,10.649
2026/04/29 15:43:37,208000,10.649
2026/04/29 15:43:37,209000,10.649
2026/04/29 15:43:37,210000,10.651
2026/04/29 15:43:37,211000,10.649
2026/04/29 15:43:37,212000,10.651
2026/04/29 15:43:37,213000,10.649
2026/04/29 15:43:37,214000,10.651
2026/04/29 15:43:37,215000,10.654
2026/04/29 15:43:37,216000,10.657
2026/04/29 15:43:37,217000,10.654
2026/04/29 15:43:37,218000,10.654
2026/04/29 15:43:37,219000,10.654
2026/04/29 15:43:37,220000,10.649
2026/04/29 15:43:37,221000,10.649
2026/04/29 15:43:37,222000,10.651
2026/04/29 15:43:37,223000,10.649
2026/04/29 15:43:37,224000,10.651
2026/04/29 15:43:37,225000,10.649
2026/04/29 15:43:37,226000,10.640
2026/04/29 15:43:37,227000,10.649
2026/04/29 15:43:37,228000,10.654
2026/04/29 15:43:37,229000,10.654
2026/04/29 15:43:37,230000,10.649
2026/04/29 15:43:37,231000,10.649
2026/04/29 15:43:37,232000,10.646
2026/04/29 15:43:37,233000,10.651
2026/04/29 15:43:37,234000,10.654
2026/04/29 15:43:37,235000,10.649
2026/04/29 15:43:37,236000,10.654
2026/04/29 15:43:37,237000,10.649
2026/04/29 15:43:37,238000,10.646
2026/04/29 15:43:37,239000,10.646
2026/04/29 15:43:37,240000,10.654
2026/04/29 15:43:37,241000,10.649
2026/04/29 15:43:37,242000,10.651
2026/04/29 15:43:37,243000,10.643
2026/04/29 15:43:37,244000,10.651
2026/04/29 15:43:37,245000,10.654
2026/04/29 15:43:37,246000,10.649
2026/04/29 15:43:37,247000,10.649
2026/04/29 15:43:37,248000,10.649
2026/04/29 15:43:37,249000,10.651
2026/04/29 15:43:37,250000,10.637
2026/04/29 15:43:37,251000,10.649
2026/04/29 15:43:37,252000,10.649
2026/04/29 15:43:37,253000,10.651
2026/04/29 15:43:37,254000,10.649
2026/04/29 15:43:37,255000,10.649
2026/04/29 15:43:37,256000,10.649
2026/04/29 15:43:37,257000,10.654
2026/04/29 15:43:37,258000,10.643
2026/04/29 15:43:37,259000,10.649
2026/04/29 15:43:37,260000,10.640
2026/04/29 15:43:37,261000,10.651
2026/04/29 15:43:37,262000,10.649
2026/04/29 15:43:37,263000,10.651
2026/04/29 15:43:37,264000,10.651
2026/04/29 15:43:37,265000,10.646
2026/04/29 15:43:37,266000,10.651
2026/04/29 15:43:37,267000,10.649
2026/04/29 15:43:37,268000,10.651
2026/04/29 15:43:37,269000,10.651
2026/04/29 15:43:37,270000,10.649
2026/04/29 15:43:37,271000,10.643
2026/04/29 15:43:37,272000,10.657
2026/04/29 15:43:37,273000,10.649
2026/04/29 15:43:37,274000,10.651
2026/04/29 15:43:37,275000,10.646
2026/04/29 15:43:37,276000,10.651
2026/04/29 15:43:37,277000,10.654
2026/04/29 15:43:37,278000,10.651
2026/04/29 15:43:37,279000,10.649
2026/04/29 15:43:37,280000,10.649
2026/04/29 15:43:37,281000,10.643
2026/04/29 15:43:37,282000,10.654
2026/04/29 15:43:37,283000,10.649
2026/04/29 15:43:37,284000,10.649
2026/04/29 15:43:37,285000,10.643
2026/04/29 15:43:37,286000,10.651
2026/04/29 15:43:37,287000,10.654
2026/04/29 15:43:37,288000,10.654
2026/04/29 15:43:37,289000,10.657
2026/04/29 15:43:37,290000,10.654
2026/04/29 15:43:37,291000,10.646
2026/04/29 15:43:37,292000,10.646
2026/04/29 15:43:37,293000,10.649
2026/04/29 15:43:37,294000,10.657
2026/04/29 15:43:37,295000,10.649
2026/04/29 15:43:37,296000,10.646
2026/04/29 15:43:37,297000,10.646
2026/04/29 15:43:37,298000,10.649
2026/04/29 15:43:37,299000,10.654
2026/04/29 15:43:37,300000,10.649
2026/04/29 15:43:37,301000,10.654
2026/04/29 15:43:37,302000,10.649
2026/04/29 15:43:37,303000,10.649
2026/04/29 15:43:37,304000,10.654
2026/04/29 15:43:37,305000,10.654
2026/04/29 15:43:37,306000,10.651
2026/04/29 15:43:37,307000,10.654
2026/04/29 15:43:37,308000,10.654
2026/04/29 15:43:37,309000,10.643
2026/04/29 15:43:37,310000,10.649
2026/04/29 15:43:37,311000,10.657
2026/04/29 15:43:37,312000,10.654
2026/04/29 15:43:37,313000,10.649
2026/04/29 15:43:37,314000,10.649
2026/04/29 15:43:37,315000,10.654
2026/04/29 15:43:37,316000,10.651
2026/04/29 15:43:37,317000,10.651
2026/04/29 15:43:37,318000,10.651
2026/04/29 15:43:37,319000,10.654
2026/04/29 15:43:37,320000,10.646
2026/04/29 15:43:37,321000,10.646
2026/04/29 15:43:37,322000,10.649
2026/04/29 15:43:37,323000,10.649
2026/04/29 15:43:37,324000,10.651
2026/04/29 15:43:37,325000,10.646
2026/04/29 15:43:37,326000,10.654
2026/04/29 15:43:37,327000,10.649
2026/04/29 15:43:37,328000,10.651
2026/04/29 15:43:37,329000,10.651
2026/04/29 15:43:37,330000,10.649
2026/04/29 15:43:37,331000,10.651
2026/04/29 15:43:37,332000,10.649
2026/04/29 15:43:37,333000,10.649
2026/04/29 15:43:37,334000,10.646
2026/04/29 15:43:37,335000,10.651
2026/04/29 15:43:37,336000,10.643
2026/04/29 15:43:37,337000,10.646
2026/04/29 15:43:37,338000,10.649
2026/04/29 15:43:37,339000,10.651
2026/04/29 15:43:37,340000,10.649
2026/04/29 15:43:37,341000,10.651
2026/04/29 15:43:37,342000,10.646
2026/04/29 15:43:37,343000,10.649
2026/04/29 15:43:37,344000,10.646
2026/04/29 15:43:37,345000,10.649
2026/04/29 15:43:37,346000,10.657
2026/04/29 15:43:37,347000,10.649
2026/04/29 15:43:37,348000,10.654
2026/04/29 15:43:37,349000,10.649
2026/04/29 15:43:37,350000,10.654
2026/04/29 15:43:37,351000,10.646
2026/04/29 15:43:37,352000,10.646
2026/04/29 15:43:37,353000,10.649
2026/04/29 15:43:37,354000,10.649
2026/04/29 15:43:37,355000,10.646
2026/04/29 15:43:37,356000,10.651
2026/04/29 15:43:37,357000,10.646
2026/04/29 15:43:37,358000,10.646
2026/04/29 15:43:37,359000,10.646
2026/04/29 15:43:37,360000,10.654
2026/04/29 15:43:37,361000,10.651
2026/04/29 15:43:37,362000,10.646
2026/04/29 15:43:37,363000,10.651
2026/04/29 15:43:37,364000,10.649
2026/04/29 15:43:37,365000,10.654
2026/04/29 15:43:37,366000,10.643
2026/04/29 15:43:37,367000,10.649
2026/04/29 15:43:37,368000,10.646
2026/04/29 15:43:37,369000,10.649
2026/04/29 15:43:37,370000,10.651
2026/04/29 15:43:37,371000,10.654
2026/04/29 15:43:37,372000,10.649
2026/04/29 15:43:37,373000,10.654
2026/04/29 15:43:37,374000,10.657
2026/04/29 15:43:37,375000,10.649
2026/04/29 15:43:37,376000,10.649
2026/04/29 15:43:37,377000,10.649
2026/04/29 15:43:37,378000,10.654
2026/04/29 15:43:37,379000,10.651
2026/04/29 15:43:37,380000,10.649
2026/04/29 15:43:37,381000,10.649
2026/04/29 15:43:37,382000,10.651
2026/04/29 15:43:37,383000,10.649
2026/04/29 15:43:37,384000,10.646
2026/04/29 15:43:37,385000,10.651
2026/04/29 15:43:37,386000,10.651
2026/04/29 15:43:37,387000,10.649
2026/04/29 15:43:37,388000,10.649
2026/04/29 15:43:37,389000,10.649
2026/04/29 15:43:37,390000,10.649
2026/04/29 15:43:37,391000,10.651
2026/04/29 15:43:37,392000,10.643
2026/04/29 15:43:37,393000,10.649
2026/04/29 15:43:37,394000,10.643
2026/04/29 15:43:37,395000,10.643
2026/04/29 15:43:37,396000,10.649
2026/04/29 15:43:37,397000,10.651
2026/04/29 15:43:37,398000,10.651
2026/04/29 15:43:37,399000,10.649
2026/04/29 15:43:37,400000,10.654
2026/04/29 15:43:37,401000,10.657
2026/04/29 15:43:37,402000,10.654
2026/04/29 15:43:37,403000,10.649
2026/04/29 15:43:37,404000,10.654
2026/04/29 15:43:37,405000,10.646
2026/04/29 15:43:37,406000,10.649
2026/04/29 15:43:37,407000,10.654
2026/04/29 15:43:37,408000,10.649
2026/04/29 15:43:37,409000,10.649
2026/04/29 15:43:37,410000,10.649
2026/04/29 15:43:37,411000,10.649
2026/04/29 15:43:37,412000,10.646
2026/04/29 15:43:37,413000,10.649
2026/04/29 15:43:37,414000,10.649
2026/04/29 15:43:37,415000,10.654
2026/04/29 15:43:37,416000,10.649
2026/04/29 15:43:37,417000,10.649
2026/04/29 15:43:37,418000,10.646
2026/04/29 15:43:37,419000,10.643
2026/04/29 15:43:37,420000,10.651
2026/04/29 15:43:37,421000,10.649
2026/04/29 15:43:37,422000,10.649
2026/04/29 15:43:37,423000,10.640
2026/04/29 15:43:37,424000,10.649
2026/04/29 15:43:37,425000,10.649
2026/04/29 15:43:37,426000,10.649
2026/04/29 15:43:37,427000,10.646
2026/04/29 15:43:37,428000,10.646
2026/04/29 15:43:37,429000,10.649
2026/04/29 15:43:37,430000,10.646
2026/04/29 15:43:37,431000,10.649
2026/04/29 15:43:37,432000,10.651
2026/04/29 15:43:37,433000,10.649
2026/04/29 15:43:37,434000,10.649
2026/04/29 15:43:37,435000,10.649
2026/04/29 15:43:37,436000,10.646
2026/04/29 15:43:37,437000,10.643
2026/04/29 15:43:37,438000,10.651
2026/04/29 15:43:37,439000,10.651
2026/04/29 15:43:37,440000,10.654
2026/04/29 15:43:37,441000,10.643
2026/04/29 15:43:37,442000,10.651
2026/04/29 15:43:37,443000,10.649
2026/04/29 15:43:37,444000,10.651
2026/04/29 15:43:37,445000,10.651
2026/04/29 15:43:37,446000,10.660
2026/04/29 15:43:37,447000,10.649
2026/04/29 15:43:37,448000,10.646
2026/04/29 15:43:37,449000,10.651
2026/04/29 15:43:37,450000,10.643
2026/04/29 15:43:37,451000,10.649
2026/04/29 15:43:37,452000,10.651
2026/04/29 15:43:37,453000,10.651
2026/04/29 15:43:37,454000,10.651
2026/04/29 15:43:37,455000,10.649
2026/04/29 15:43:37,456000,10.654
2026/04/29 15:43:37,457000,10.651
2026/04/29 15:43:37,458000,10.649
2026/04/29 15:43:37,459000,10.649
2026/04/29 15:43:37,460000,10.649
2026/04/29 15:43:37,461000,10.646
2026/04/29 15:43:37,462000,10.640
2026/04/29 15:43:37,463000,10.646
2026/04/29 15:43:37,464000,10.646
2026/04/29 15:43:37,465000,10.649
2026/04/29 15:43:37,466000,10.651
2026/04/29 15:43:37,467000,10.649
2026/04/29 15:43:37,468000,10.654
2026/04/29 15:43:37,469000,10.651
2026/04/29 15:43:37,470000,10.654
2026/04/29 15:43:37,471000,10.646
2026/04/29 15:43:37,472000,10.649
2026/04/29 15:43:37,473000,10.651
2026/04/29 15:43:37,474000,10.649
2026/04/29 15:43:37,475000,10.649
2026/04/29 15:43:37,476000,10.654
2026/04/29 15:43:37,477000,10.649
2026/04/29 15:43:37,478000,10.651
2026/04/29 15:43:37,479000,10.649
2026/04/29 15:43:37,480000,10.649
2026/04/29 15:43:37,481000,10.649
2026/04/29 15:43:37,482000,10.646
2026/04/29 15:43:37,483000,10.649
2026/04/29 15:43:37,484000,10.651
2026/04/29 15:43:37,485000,10.654
2026/04/29 15:43:37,486000,10.651
2026/04/29 15:43:37,487000,10.651
2026/04/29 15:43:37,488000,10.649
2026/04/29 15:43:37,489000,10.646
2026/04/29 15:43:37,490000,10.657
2026/04/29 15:43:37,491000,10.654
2026/04/29 15:43:37,492000,10.649
2026/04/29 15:43:37,493000,10.654
2026/04/29 15:43:37,494000,10.651
2026/04/29 15:43:37,495000,10.657
2026/04/29 15:43:37,496000,10.654
2026/04/29 15:43:37,497000,10.651
2026/04/29 15:43:37,498000,10.651
2026/04/29 15:43:37,499000,10.651
2026/04/29 15:43:37,500000,10.660
2026/04/29 15:43:37,501000,10.649
2026/04/29 15:43:37,502000,10.649
2026/04/29 15:43:37,503000,10.649
2026/04/29 15:43:37,504000,10.651
2026/04/29 15:43:37,505000,10.649
2026/04/29 15:43:37,506000,10.654
2026/04/29 15:43:37,507000,10.657
2026/04/29 15:43:37,508000,10.649
2026/04/29 15:43:37,509000,10.654
2026/04/29 15:43:37,510000,10.649
2026/04/29 15:43:37,511000,10.649
2026/04/29 15:43:37,512000,10.643
2026/04/29 15:43:37,513000,10.646
2026/04/29 15:43:37,514000,10.651
2026/04/29 15:43:37,515000,10.649
2026/04/29 15:43:37,516000,10.649
2026/04/29 15:43:37,517000,10.643
2026/04/29 15:43:37,518000,10.646
2026/04/29 15:43:37,519000,10.649
2026/04/29 15:43:37,520000,10.651
2026/04/29 15:43:37,521000,10.649
2026/04/29 15:43:37,522000,10.654
2026/04/29 15:43:37,523000,10.651
2026/04/29 15:43:37,524000,10.643
2026/04/29 15:43:37,525000,10.649
2026/04/29 15:43:37,526000,10.649
2026/04/29 15:43:37,527000,10.643
2026/04/29 15:43:37,528000,10.654
2026/04/29 15:43:37,529000,10.654
2026/04/29 15:43:37,530000,10.651
2026/04/29 15:43:37,531000,10.654
2026/04/29 15:43:37,532000,10.657
2026/04/29 15:43:37,533000,10.649
2026/04/29 15:43:37,534000,10.651
2026/04/29 15:43:37,535000,10.646
2026/04/29 15:43:37,536000,10.654
2026/04/29 15:43:37,537000,10.649
2026/04/29 15:43:37,538000,10.649
2026/04/29 15:43:37,539000,10.649
2026/04/29 15:43:37,540000,10.654
2026/04/29 15:43:37,541000,10.649
2026/04/29 15:43:37,542000,10.654
2026/04/29 15:43:37,543000,10.651
2026/04/29 15:43:37,544000,10.651
2026/04/29 15:43:37,545000,10.649
2026/04/29 15:43:37,546000,10.649
2026/04/29 15:43:37,547000,10.649
2026/04/29 15:43:37,548000,10.649
2026/04/29 15:43:37,549000,10.649
2026/04/29 15:43:37,550000,10.643
2026/04/29 15:43:37,551000,10.646
2026/04/29 15:43:37,552000,10.651
2026/04/29 15:43:37,553000,10.651
2026/04/29 15:43:37,554000,10.646
2026/04/29 15:43:37,555000,10.649
2026/04/29 15:43:37,556000,10.657
2026/04/29 15:43:37,557000,10.649
2026/04/29 15:43:37,558000,10.649
2026/04/29 15:43:37,559000,10.649
2026/04/29 15:43:37,560000,10.649
2026/04/29 15:43:37,561000,10.654
2026/04/29 15:43:37,562000,10.651
2026/04/29 15:43:37,563000,10.649
2026/04/29 15:43:37,564000,10.654
2026/04/29 15:43:37,565000,10.643
2026/04/29 15:43:37,566000,10.651
2026/04/29 15:43:37,567000,10.651
2026/04/29 15:43:37,568000,10.657
2026/04/29 15:43:37,569000,10.646
2026/04/29 15:43:37,570000,10.643
2026/04/29 15:43:37,571000,10.643
2026/04/29 15:43:37,572000,10.657
2026/04/29 15:43:37,573000,10.654
2026/04/29 15:43:37,574000,10.651
2026/04/29 15:43:37,575000,10.649
2026/04/29 15:43:37,576000,10.649
2026/04/29 15:43:37,577000,10.649
2026/04/29 15:43:37,578000,10.651
2026/04/29 15:43:37,579000,10.651
2026/04/29 15:43:37,580000,10.649
2026/04/29 15:43:37,581000,10.654
2026/04/29 15:43:37,582000,10.654
2026/04/29 15:43:37,583000,10.651
2026/04/29 15:43:37,584000,10.649
2026/04/29 15:43:37,585000,10.649
2026/04/29 15:43:37,586000,10.657
2026/04/29 15:43:37,587000,10.643
2026/04/29 15:43:37,588000,10.651
2026/04/29 15:43:37,589000,10.646
2026/04/29 15:43:37,590000,10.651
2026/04/29 15:43:37,591000,10.649
2026/04/29 15:43:37,592000,10.654
2026/04/29 15:43:37,593000,10.646
2026/04/29 15:43:37,594000,10.651
2026/04/29 15:43:37,595000,10.646
2026/04/29 15:43:37,596000,10.649
2026/04/29 15:43:37,597000,10.649
2026/04/29 15:43:37,598000,10.649
2026/04/29 15:43:37,599000,10.654
2026/04/29 15:43:37,600000,10.651
2026/04/29 15:43:37,601000,10.651
2026/04/29 15:43:37,602000,10.654
2026/04/29 15:43:37,603000,10.654
2026/04/29 15:43:37,604000,10.651
2026/04/29 15:43:37,605000,10.654
2026/04/29 15:43:37,606000,10.649
2026/04/29 15:43:37,607000,10.646
2026/04/29 15:43:37,608000,10.646
2026/04/29 15:43:37,609000,10.649
2026/04/29 15:43:37,610000,10.654
2026/04/29 15:43:37,611000,10.651
2026/04/29 15:43:37,612000,10.649
2026/04/29 15:43:37,613000,10.646
2026/04/29 15:43:37,614000,10.654
2026/04/29 15:43:37,615000,10.649
2026/04/29 15:43:37,616000,10.649
2026/04/29 15:43:37,617000,10.654
2026/04/29 15:43:37,618000,10.646
2026/04/29 15:43:37,619000,10.651
2026/04/29 15:43:37,620000,10.657
2026/04/29 15:43:37,621000,10.654
2026/04/29 15:43:37,622000,10.651
2026/04/29 15:43:37,623000,10.646
2026/04/29 15:43:37,624000,10.649
2026/04/29 15:43:37,625000,10.649
2026/04/29 15:43:37,626000,10.660
2026/04/29 15:43:37,627000,10.649
2026/04/29 15:43:37,628000,10.649
2026/04/29 15:43:37,629000,10.651
2026/04/29 15:43:37,630000,10.654
2026/04/29 15:43:37,631000,10.654
2026/04/29 15:43:37,632000,10.651
2026/04/29 15:43:37,633000,10.649
2026/04/29 15:43:37,634000,10.651
2026/04/29 15:43:37,635000,10.646
2026/04/29 15:43:37,636000,10.649
2026/04/29 15:43:37,637000,10.651
2026/04/29 15:43:37,638000,10.649
2026/04/29 15:43:37,639000,10.654
2026/04/29 15:43:37,640000,10.654
2026/04/29 15:43:37,641000,10.649
2026/04/29 15:43:37,642000,10.646
2026/04/29 15:43:37,643000,10.646
2026/04/29 15:43:37,644000,10.654
2026/04/29 15:43:37,645000,10.654
2026/04/29 15:43:37,646000,10.654
2026/04/29 15:43:37,647000,10.646
2026/04/29 15:43:37,648000,10.649
2026/04/29 15:43:37,649000,10.651
2026/04/29 15:43:37,650000,10.643
2026/04/29 15:43:37,651000,10.649
2026/04/29 15:43:37,652000,10.646
2026/04/29 15:43:37,653000,10.657
2026/04/29 15:43:37,654000,10.649
2026/04/29 15:43:37,655000,10.651
2026/04/29 15:43:37,656000,10.649
2026/04/29 15:43:37,657000,10.649
2026/04/29 15:43:37,658000,10.654
2026/04/29 15:43:37,659000,10.649
2026/04/29 15:43:37,660000,10.657
2026/04/29 15:43:37,661000,10.649
2026/04/29 15:43:37,662000,10.651
2026/04/29 15:43:37,663000,10.654
2026/04/29 15:43:37,664000,10.646
2026/04/29 15:43:37,665000,10.646
2026/04/29 15:43:37,666000,10.649
2026/04/29 15:43:37,667000,10.649
2026/04/29 15:43:37,668000,10.646
2026/04/29 15:43:37,669000,10.654
2026/04/29 15:43:37,670000,10.651
2026/04/29 15:43:37,671000,10.649
2026/04/29 15:43:37,672000,10.646
2026/04/29 15:43:37,673000,10.649
2026/04/29 15:43:37,674000,10.651
2026/04/29 15:43:37,675000,10.649
2026/04/29 15:43:37,676000,10.649
2026/04/29 15:43:37,677000,10.654
2026/04/29 15:43:37,678000,10.654
2026/04/29 15:43:37,679000,10.646
2026/04/29 15:43:37,680000,10.651
2026/04/29 15:43:37,681000,10.654
2026/04/29 15:43:37,682000,10.649
2026/04/29 15:43:37,683000,10.651
2026/04/29 15:43:37,684000,10.649
2026/04/29 15:43:37,685000,10.651
2026/04/29 15:43:37,686000,10.646
2026/04/29 15:43:37,687000,10.654
2026/04/29 15:43:37,688000,10.654
2026/04/29 15:43:37,689000,10.646
2026/04/29 15:43:37,690000,10.649
2026/04/29 15:43:37,691000,10.651
2026/04/29 15:43:37,692000,10.649
2026/04/29 15:43:37,693000,10.649
2026/04/29 15:43:37,694000,10.649
2026/04/29 15:43:37,695000,10.649
2026/04/29 15:43:37,696000,10.646
2026/04/29 15:43:37,697000,10.651
2026/04/29 15:43:37,698000,10.651
2026/04/29 15:43:37,699000,10.649
2026/04/29 15:43:37,700000,10.649
2026/04/29 15:43:37,701000,10.654
2026/04/29 15:43:37,702000,10.651
2026/04/29 15:43:37,703000,10.651
2026/04/29 15:43:37,704000,10.649
2026/04/29 15:43:37,705000,10.646
2026/04/29 15:43:37,706000,10.649
2026/04/29 15:43:37,707000,10.654
2026/04/29 15:43:37,708000,10.651
2026/04/29 15:43:37,709000,10.649
2026/04/29 15:43:37,710000,10.651
2026/04/29 15:43:37,711000,10.646
2026/04/29 15:43:37,712000,10.649
2026/04/29 15:43:37,713000,10.649
2026/04/29 15:43:37,714000,10.649
2026/04/29 15:43:37,715000,10.657
2026/04/29 15:43:37,716000,10.646
2026/04/29 15:43:37,717000,10.646
2026/04/29 15:43:37,718000,10.657
2026/04/29 15:43:37,719000,10.649
2026/04/29 15:43:37,720000,10.654
2026/04/29 15:43:37,721000,10.649
2026/04/29 15:43:37,722000,10.651
2026/04/29 15:43:37,723000,10.651
2026/04/29 15:43:37,724000,10.654
2026/04/29 15:43:37,725000,10.643
2026/04/29 15:43:37,726000,10.646
2026/04/29 15:43:37,727000,10.651
2026/04/29 15:43:37,728000,10.649
2026/04/29 15:43:37,729000,10.649
2026/04/29 15:43:37,730000,10.651
2026/04/29 15:43:37,731000,10.649
2026/04/29 15:43:37,732000,10.651
2026/04/29 15:43:37,733000,10.651
2026/04/29 15:43:37,734000,10.654
2026/04/29 15:43:37,735000,10.649
2026/04/29 15:43:37,736000,10.649
2026/04/29 15:43:37,737000,10.649
2026/04/29 15:43:37,738000,10.651
2026/04/29 15:43:37,739000,10.654
2026/04/29 15:43:37,740000,10.649
2026/04/29 15:43:37,741000,10.654
2026/04/29 15:43:37,742000,10.654
2026/04/29 15:43:37,743000,10.646
2026/04/29 15:43:37,744000,10.651
2026/04/29 15:43:37,745000,10.649
2026/04/29 15:43:37,746000,10.649
2026/04/29 15:43:37,747000,10.654
2026/04/29 15:43:37,748000,10.654
2026/04/29 15:43:37,749000,10.651
2026/04/29 15:43:37,750000,10.654
2026/04/29 15:43:37,751000,10.651
2026/04/29 15:43:37,752000,10.654
2026/04/29 15:43:37,753000,10.649
2026/04/29 15:43:37,754000,10.651
2026/04/29 15:43:37,755000,10.649
2026/04/29 15:43:37,756000,10.651
2026/04/29 15:43:37,757000,10.651
2026/04/29 15:43:37,758000,10.654
2026/04/29 15:43:37,759000,10.651
2026/04/29 15:43:37,760000,10.651
2026/04/29 15:43:37,761000,10.649
2026/04/29 15:43:37,762000,10.651
2026/04/29 15:43:37,763000,10.654
2026/04/29 15:43:37,764000,10.651
2026/04/29 15:43:37,765000,10.646
2026/04/29 15:43:37,766000,10.651
2026/04/29 15:43:37,767000,10.651
2026/04/29 15:43:37,768000,10.654
2026/04/29 15:43:37,769000,10.651
2026/04/29 15:43:37,770000,10.649
2026/04/29 15:43:37,771000,10.643
2026/04/29 15:43:37,772000,10.649
2026/04/29 15:43:37,773000,10.651
2026/04/29 15:43:37,774000,10.646
2026/04/29 15:43:37,775000,10.651
2026/04/29 15:43:37,776000,10.651
2026/04/29 15:43:37,777000,10.649
2026/04/29 15:43:37,778000,10.654
2026/04/29 15:43:37,779000,10.649
2026/04/29 15:43:37,780000,10.651
2026/04/29 15:43:37,781000,10.654
2026/04/29 15:43:37,782000,10.654
2026/04/29 15:43:37,783000,10.651
2026/04/29 15:43:37,784000,10.654
2026/04/29 15:43:37,785000,10.649
2026/04/29 15:43:37,786000,10.651
2026/04/29 15:43:37,787000,10.651
2026/04/29 15:43:37,788000,10.649
2026/04/29 15:43:37,789000,10.646
2026/04/29 15:43:37,790000,10.649
2026/04/29 15:43:37,791000,10.651
2026/04/29 15:43:37,792000,10.646
2026/04/29 15:43:37,793000,10.654
2026/04/29 15:43:37,794000,10.649
2026/04/29 15:43:37,795000,10.651
2026/04/29 15:43:37,796000,10.651
2026/04/29 15:43:37,797000,10.649
2026/04/29 15:43:37,798000,10.651
2026/04/29 15:43:37,799000,10.654
2026/04/29 15:43:37,800000,10.649
2026/04/29 15:43:37,801000,10.654
2026/04/29 15:43:37,802000,10.654
2026/04/29 15:43:37,803000,10.654
2026/04/29 15:43:37,804000,10.651
2026/04/29 15:43:37,805000,10.651
2026/04/29 15:43:37,806000,10.649
2026/04/29 15:43:37,807000,10.651
2026/04/29 15:43:37,808000,10.651
2026/04/29 15:43:37,809000,10.646
2026/04/29 15:43:37,810000,10.649
2026/04/29 15:43:37,811000,10.649
2026/04/29 15:43:37,812000,10.649
2026/04/29 15:43:37,813000,10.654
2026/04/29 15:43:37,814000,10.649
2026/04/29 15:43:37,815000,10.651
2026/04/29 15:43:37,816000,10.651
2026/04/29 15:43:37,817000,10.646
2026/04/29 15:43:37,818000,10.649
2026/04/29 15:43:37,819000,10.649
2026/04/29 15:43:37,820000,10.654
2026/04/29 15:43:37,821000,10.649
2026/04/29 15:43:37,822000,10.657
2026/04/29 15:43:37,823000,10.654
2026/04/29 15:43:37,824000,10.654
2026/04/29 15:43:37,825000,10.651
2026/04/29 15:43:37,826000,10.643
2026/04/29 15:43:37,827000,10.649
2026/04/29 15:43:37,828000,10.643
2026/04/29 15:43:37,829000,10.649
2026/04/29 15:43:37,830000,10.646
2026/04/29 15:43:37,831000,10.651
2026/04/29 15:43:37,832000,10.654
2026/04/29 15:43:37,833000,10.649
2026/04/29 15:43:37,834000,10.651
2026/04/29 15:43:37,835000,10.646
2026/04/29 15:43:37,836000,10.649
2026/04/29 15:43:37,837000,10.649
2026/04/29 15:43:37,838000,10.649
2026/04/29 15:43:37,839000,10.646
2026/04/29 15:43:37,840000,10.649
2026/04/29 15:43:37,841000,10.649
2026/04/29 15:43:37,842000,10.649
2026/04/29 15:43:37,843000,10.646
2026/04/29 15:43:37,844000,10.654
2026/04/29 15:43:37,845000,10.649
2026/04/29 15:43:37,846000,10.651
2026/04/29 15:43:37,847000,10.651
2026/04/29 15:43:37,848000,10.649
2026/04/29 15:43:37,849000,10.649
2026/04/29 15:43:37,850000,10.651
2026/04/29 15:43:37,851000,10.651
2026/04/29 15:43:37,852000,10.651
2026/04/29 15:43:37,853000,10.649
2026/04/29 15:43:37,854000,10.640
2026/04/29 15:43:37,855000,10.654
2026/04/29 15:43:37,856000,10.651
2026/04/29 15:43:37,857000,10.649
2026/04/29 15:43:37,858000,10.651
2026/04/29 15:43:37,859000,10.649
2026/04/29 15:43:37,860000,10.651
2026/04/29 15:43:37,861000,10.654
2026/04/29 15:43:37,862000,10.649
2026/04/29 15:43:37,863000,10.651
2026/04/29 15:43:37,864000,10.651
2026/04/29 15:43:37,865000,10.651
2026/04/29 15:43:37,866000,10.660
2026/04/29 15:43:37,867000,10.649
2026/04/29 15:43:37,868000,10.649
2026/04/29 15:43:37,869000,10.646
2026/04/29 15:43:37,870000,10.649
2026/04/29 15:43:37,871000,10.649
2026/04/29 15:43:37,872000,10.654
2026/04/29 15:43:37,873000,10.651
2026/04/29 15:43:37,874000,10.654
2026/04/29 15:43:37,875000,10.651
2026/04/29 15:43:37,876000,10.646
2026/04/29 15:43:37,877000,10.646
2026/04/29 15:43:37,878000,10.649
2026/04/29 15:43:37,879000,10.654
2026/04/29 15:43:37,880000,10.654
2026/04/29 15:43:37,881000,10.651
2026/04/29 15:43:37,882000,10.649
2026/04/29 15:43:37,883000,10.643
2026/04/29 15:43:37,884000,10.649
2026/04/29 15:43:37,885000,10.651
2026/04/29 15:43:37,886000,10.654
2026/04/29 15:43:37,887000,10.651
2026/04/29 15:43:37,888000,10.651
2026/04/29 15:43:37,889000,10.651
2026/04/29 15:43:37,890000,10.646
2026/04/29 15:43:37,891000,10.643
2026/04/29 15:43:37,892000,10.649
2026/04/29 15:43:37,893000,10.654
2026/04/29 15:43:37,894000,10.649
2026/04/29 15:43:37,895000,10.651
2026/04/29 15:43:37,896000,10.654
2026/04/29 15:43:37,897000,10.649
2026/04/29 15:43:37,898000,10.651
2026/04/29 15:43:37,899000,10.654
2026/04/29 15:43:37,900000,10.651
2026/04/29 15:43:37,901000,10.649
2026/04/29 15:43:37,902000,10.646
2026/04/29 15:43:37,903000,10.651
2026/04/29 15:43:37,904000,10.651
2026/04/29 15:43:37,905000,10.643
2026/04/29 15:43:37,906000,10.651
2026/04/29 15:43:37,907000,10.640
2026/04/29 15:43:37,908000,10.651
2026/04/29 15:43:37,909000,10.651
2026/04/29 15:43:37,910000,10.646
2026/04/29 15:43:37,911000,10.649
2026/04/29 15:43:37,912000,10.643
2026/04/29 15:43:37,913000,10.649
2026/04/29 15:43:37,914000,10.649
2026/04/29 15:43:37,915000,10.649
2026/04/29 15:43:37,916000,10.643
2026/04/29 15:43:37,917000,10.654
2026/04/29 15:43:37,918000,10.654
2026/04/29 15:43:37,919000,10.651
2026/04/29 15:43:37,920000,10.649
2026/04/29 15:43:37,921000,10.651
2026/04/29 15:43:37,922000,10.657
2026/04/29 15:43:37,923000,10.649
2026/04/29 15:43:37,924000,10.657
2026/04/29 15:43:37,925000,10.660
2026/04/29 15:43:37,926000,10.649
2026/04/29 15:43:37,927000,10.649
2026/04/29 15:43:37,928000,10.651
2026/04/29 15:43:37,929000,10.649
2026/04/29 15:43:37,930000,10.654
2026/04/29 15:43:37,931000,10.651
2026/04/29 15:43:37,932000,10.649
2026/04/29 15:43:37,933000,10.651
2026/04/29 15:43:37,934000,10.649
2026/04/29 15:43:37,935000,10.649
2026/04/29 15:43:37,936000,10.654
2026/04/29 15:43:37,937000,10.651
2026/04/29 15:43:37,938000,10.651
2026/04/29 15:43:37,939000,10.651
2026/04/29 15:43:37,940000,10.651
2026/04/29 15:43:37,941000,10.649
2026/04/29 15:43:37,942000,10.657
2026/04/29 15:43:37,943000,10.654
2026/04/29 15:43:37,944000,10.651
2026/04/29 15:43:37,945000,10.649
2026/04/29 15:43:37,946000,10.651
2026/04/29 15:43:37,947000,10.649
2026/04/29 15:43:37,948000,10.649
2026/04/29 15:43:37,949000,10.649
2026/04/29 15:43:37,950000,10.657
2026/04/29 15:43:37,951000,10.649
2026/04/29 15:43:37,952000,10.654
2026/04/29 15:43:37,953000,10.651
2026/04/29 15:43:37,954000,10.651
2026/04/29 15:43:37,955000,10.649
2026/04/29 15:43:37,956000,10.649
2026/04/29 15:43:37,957000,10.651
2026/04/29 15:43:37,958000,10.649
2026/04/29 15:43:37,959000,10.651
2026/04/29 15:43:37,960000,10.649
2026/04/29 15:43:37,961000,10.649
2026/04/29 15:43:37,962000,10.649
2026/04/29 15:43:37,963000,10.646
2026/04/29 15:43:37,964000,10.649
2026/04/29 15:43:37,965000,10.640
2026/04/29 15:43:37,966000,10.643
2026/04/29 15:43:37,967000,10.654
2026/04/29 15:43:37,968000,10.657
2026/04/29 15:43:37,969000,10.654
2026/04/29 15:43:37,970000,10.654
2026/04/29 15:43:37,971000,10.649
2026/04/29 15:43:37,972000,10.651
2026/04/29 15:43:37,973000,10.654
2026/04/29 15:43:37,974000,10.649
2026/04/29 15:43:37,975000,10.646
2026/04/29 15:43:37,976000,10.654
2026/04/29 15:43:37,977000,10.646
2026/04/29 15:43:37,978000,10.649
2026/04/29 15:43:37,979000,10.654
2026/04/29 15:43:37,980000,10.651
2026/04/29 15:43:37,981000,10.649
2026/04/29 15:43:37,982000,10.651
2026/04/29 15:43:37,983000,10.654
2026/04/29 15:43:37,984000,10.649
2026/04/29 15:43:37,985000,10.649
2026/04/29 15:43:37,986000,10.654
2026/04/29 15:43:37,987000,10.649
2026/04/29 15:43:37,988000,10.649
2026/04/29 15:43:37,989000,10.646
2026/04/29 15:43:37,990000,10.649
2026/04/29 15:43:37,991000,10.646
2026/04/29 15:43:37,992000,10.646
2026/04/29 15:43:37,993000,10.654
2026/04/29 15:43:37,994000,10.649
2026/04/29 15:43:37,995000,10.649
2026/04/29 15:43:37,996000,10.649
2026/04/29 15:43:37,997000,10.651
2026/04/29 15:43:37,998000,10.646
2026/04/29 15:43:37,999000,10.646
2026/04/29 15:43:38,000000,10.643
2026/04/29 15:43:38,001000,10.651
2026/04/29 15:43:38,002000,10.649
2026/04/29 15:43:38,003000,10.649
2026/04/29 15:43:38,004000,10.649
2026/04/29 15:43:38,005000,10.646
2026/04/29 15:43:38,006000,10.651
2026/04/29 15:43:38,007000,10.649
2026/04/29 15:43:38,008000,10.649
2026/04/29 15:43:38,009000,10.654
2026/04/29 15:43:38,010000,10.643
2026/04/29 15:43:38,011000,10.649
2026/04/29 15:43:38,012000,10.643
2026/04/29 15:43:38,013000,10.643
2026/04/29 15:43:38,014000,10.651
2026/04/29 15:43:38,015000,10.651
2026/04/29 15:43:38,016000,10.651
2026/04/29 15:43:38,017000,10.649
2026/04/29 15:43:38,018000,10.651
2026/04/29 15:43:38,019000,10.654
2026/04/29 15:43:38,020000,10.649
2026/04/29 15:43:38,021000,10.651
2026/04/29 15:43:38,022000,10.649
2026/04/29 15:43:38,023000,10.649
2026/04/29 15:43:38,024000,10.651
2026/04/29 15:43:38,025000,10.654
2026/04/29 15:43:38,026000,10.654
2026/04/29 15:43:38,027000,10.651
2026/04/29 15:43:38,028000,10.660
2026/04/29 15:43:38,029000,10.651
2026/04/29 15:43:38,030000,10.649
2026/04/29 15:43:38,031000,10.651
2026/04/29 15:43:38,032000,10.649
2026/04/29 15:43:38,033000,10.651
2026/04/29 15:43:38,034000,10.649
2026/04/29 15:43:38,035000,10.646
2026/04/29 15:43:38,036000,10.654
2026/04/29 15:43:38,037000,10.640
2026/04/29 15:43:38,038000,10.649
2026/04/29 15:43:38,039000,10.654
2026/04/29 15:43:38,040000,10.654
2026/04/29 15:43:38,041000,10.649
2026/04/29 15:43:38,042000,10.654
2026/04/29 15:43:38,043000,10.649
2026/04/29 15:43:38,044000,10.649
2026/04/29 15:43:38,045000,10.651
2026/04/29 15:43:38,046000,10.649
2026/04/29 15:43:38,047000,10.646
2026/04/29 15:43:38,048000,10.654
2026/04/29 15:43:38,049000,10.657
2026/04/29 15:43:38,050000,10.646
2026/04/29 15:43:38,051000,10.654
2026/04/29 15:43:38,052000,10.654
2026/04/29 15:43:38,053000,10.649
2026/04/29 15:43:38,054000,10.649
2026/04/29 15:43:38,055000,10.654
2026/04/29 15:43:38,056000,10.646
2026/04/29 15:43:38,057000,10.643
2026/04/29 15:43:38,058000,10.651
2026/04/29 15:43:38,059000,10.654
2026/04/29 15:43:38,060000,10.651
2026/04/29 15:43:38,061000,10.649
2026/04/29 15:43:38,062000,10.649
2026/04/29 15:43:38,063000,10.649
2026/04/29 15:43:38,064000,10.649
2026/04/29 15:43:38,065000,10.649
2026/04/29 15:43:38,066000,10.643
2026/04/29 15:43:38,067000,10.657
2026/04/29 15:43:38,068000,10.651
2026/04/29 15:43:38,069000,10.651
2026/04/29 15:43:38,070000,10.651
2026/04/29 15:43:38,071000,10.646
2026/04/29 15:43:38,072000,10.651
2026/04/29 15:43:38,073000,10.651
2026/04/29 15:43:38,074000,10.654
2026/04/29 15:43:38,075000,10.646
2026/04/29 15:43:38,076000,10.654
2026/04/29 15:43:38,077000,10.651
2026/04/29 15:43:38,078000,10.649
2026/04/29 15:43:38,079000,10.654
2026/04/29 15:43:38,080000,10.646
2026/04/29 15:43:38,081000,10.646
2026/04/29 15:43:38,082000,10.649
2026/04/29 15:43:38,083000,10.654
2026/04/29 15:43:38,084000,10.651
2026/04/29 15:43:38,085000,10.646
2026/04/29 15:43:38,086000,10.657
2026/04/29 15:43:38,087000,10.651
2026/04/29 15:43:38,088000,10.649
2026/04/29 15:43:38,089000,10.654
2026/04/29 15:43:38,090000,10.657
2026/04/29 15:43:38,091000,10.640
2026/04/29 15:43:38,092000,10.651
2026/04/29 15:43:38,093000,10.660
2026/04/29 15:43:38,094000,10.649
2026/04/29 15:43:38,095000,10.649
2026/04/29 15:43:38,096000,10.649
2026/04/29 15:43:38,097000,10.651
2026/04/29 15:43:38,098000,10.649
2026/04/29 15:43:38,099000,10.649
2026/04/29 15:43:38,100000,10.657
2026/04/29 15:43:38,101000,10.646
2026/04/29 15:43:38,102000,10.651
2026/04/29 15:43:38,103000,10.646
2026/04/29 15:43:38,104000,10.649
2026/04/29 15:43:38,105000,10.646
2026/04/29 15:43:38,106000,10.646
2026/04/29 15:43:38,107000,10.649
2026/04/29 15:43:38,108000,10.649
2026/04/29 15:43:38,109000,10.651
2026/04/29 15:43:38,110000,10.651
2026/04/29 15:43:38,111000,10.649
2026/04/29 15:43:38,112000,10.649
2026/04/29 15:43:38,113000,10.649
2026/04/29 15:43:38,114000,10.646
2026/04/29 15:43:38,115000,10.649
2026/04/29 15:43:38,116000,10.649
2026/04/29 15:43:38,117000,10.657
2026/04/29 15:43:38,118000,10.643
2026/04/29 15:43:38,119000,10.649
2026/04/29 15:43:38,120000,10.651
2026/04/29 15:43:38,121000,10.649
2026/04/29 15:43:38,122000,10.654
2026/04/29 15:43:38,123000,10.649
2026/04/29 15:43:38,124000,10.651
2026/04/29 15:43:38,125000,10.646
2026/04/29 15:43:38,126000,10.654
2026/04/29 15:43:38,127000,10.651
2026/04/29 15:43:38,128000,10.646
2026/04/29 15:43:38,129000,10.651
2026/04/29 15:43:38,130000,10.654
2026/04/29 15:43:38,131000,10.649
2026/04/29 15:43:38,132000,10.651
2026/04/29 15:43:38,133000,10.651
2026/04/29 15:43:38,134000,10.649
2026/04/29 15:43:38,135000,10.651
2026/04/29 15:43:38,136000,10.649
2026/04/29 15:43:38,137000,10.651
2026/04/29 15:43:38,138000,10.649
2026/04/29 15:43:38,139000,10.654
2026/04/29 15:43:38,140000,10.654
2026/04/29 15:43:38,141000,10.646
2026/04/29 15:43:38,142000,10.649
2026/04/29 15:43:38,143000,10.651
2026/04/29 15:43:38,144000,10.649
2026/04/29 15:43:38,145000,10.649
2026/04/29 15:43:38,146000,10.651
2026/04/29 15:43:38,147000,10.649
2026/04/29 15:43:38,148000,10.649
2026/04/29 15:43:38,149000,10.646
2026/04/29 15:43:38,150000,10.657
2026/04/29 15:43:38,151000,10.649
2026/04/29 15:43:38,152000,10.654
2026/04/29 15:43:38,153000,10.651
2026/04/29 15:43:38,154000,10.657
2026/04/29 15:43:38,155000,10.651
2026/04/29 15:43:38,156000,10.649
2026/04/29 15:43:38,157000,10.651
2026/04/29 15:43:38,158000,10.646
2026/04/29 15:43:38,159000,10.651
2026/04/29 15:43:38,160000,10.649
2026/04/29 15:43:38,161000,10.649
2026/04/29 15:43:38,162000,10.649
2026/04/29 15:43:38,163000,10.651
2026/04/29 15:43:38,164000,10.646
2026/04/29 15:43:38,165000,10.646
2026/04/29 15:43:38,166000,10.649
2026/04/29 15:43:38,167000,10.646
2026/04/29 15:43:38,168000,10.649
2026/04/29 15:43:38,169000,10.649
2026/04/29 15:43:38,170000,10.651
2026/04/29 15:43:38,171000,10.646
2026/04/29 15:43:38,172000,10.651
2026/04/29 15:43:38,173000,10.651
2026/04/29 15:43:38,174000,10.649
2026/04/29 15:43:38,175000,10.654
2026/04/29 15:43:38,176000,10.646
2026/04/29 15:43:38,177000,10.651
2026/04/29 15:43:38,178000,10.654
2026/04/29 15:43:38,179000,10.649
2026/04/29 15:43:38,180000,10.654
2026/04/29 15:43:38,181000,10.654
2026/04/29 15:43:38,182000,10.651
2026/04/29 15:43:38,183000,10.651
2026/04/29 15:43:38,184000,10.651
2026/04/29 15:43:38,185000,10.651
2026/04/29 15:43:38,186000,10.651
2026/04/29 15:43:38,187000,10.649
2026/04/29 15:43:38,188000,10.649
2026/04/29 15:43:38,189000,10.651
2026/04/29 15:43:38,190000,10.649
2026/04/29 15:43:38,191000,10.651
2026/04/29 15:43:38,192000,10.651
2026/04/29 15:43:38,193000,10.651
2026/04/29 15:43:38,194000,10.657
2026/04/29 15:43:38,195000,10.649
2026/04/29 15:43:38,196000,10.651
2026/04/29 15:43:38,197000,10.651
2026/04/29 15:43:38,198000,10.649
2026/04/29 15:43:38,199000,10.654
2026/04/29 15:43:38,200000,10.651
2026/04/29 15:43:38,201000,10.651
2026/04/29 15:43:38,202000,10.643
2026/04/29 15:43:38,203000,10.649
2026/04/29 15:43:38,204000,10.649
2026/04/29 15:43:38,205000,10.649
2026/04/29 15:43:38,206000,10.649
2026/04/29 15:43:38,207000,10.649
2026/04/29 15:43:38,208000,10.640
2026/04/29 15:43:38,209000,10.649
2026/04/29 15:43:38,210000,10.646
2026/04/29 15:43:38,211000,10.649
2026/04/29 15:43:38,212000,10.651
2026/04/29 15:43:38,213000,10.651
2026/04/29 15:43:38,214000,10.657
2026/04/29 15:43:38,215000,10.654
2026/04/29 15:43:38,216000,10.654
2026/04/29 15:43:38,217000,10.646
2026/04/29 15:43:38,218000,10.651
2026/04/29 15:43:38,219000,10.649
2026/04/29 15:43:38,220000,10.654
2026/04/29 15:43:38,221000,10.649
2026/04/29 15:43:38,222000,10.649
2026/04/29 15:43:38,223000,10.654
2026/04/29 15:43:38,224000,10.654
2026/04/29 15:43:38,225000,10.654
2026/04/29 15:43:38,226000,10.651
2026/04/29 15:43:38,227000,10.654
2026/04/29 15:43:38,228000,10.657
2026/04/29 15:43:38,229000,10.646
2026/04/29 15:43:38,230000,10.651
2026/04/29 15:43:38,231000,10.643
2026/04/29 15:43:38,232000,10.646
2026/04/29 15:43:38,233000,10.651
2026/04/29 15:43:38,234000,10.651
2026/04/29 15:43:38,235000,10.651
2026/04/29 15:43:38,236000,10.643
2026/04/29 15:43:38,237000,10.651
2026/04/29 15:43:38,238000,10.651
2026/04/29 15:43:38,239000,10.651
2026/04/29 15:43:38,240000,10.649
2026/04/29 15:43:38,241000,10.649
2026/04/29 15:43:38,242000,10.657
2026/04/29 15:43:38,243000,10.651
2026/04/29 15:43:38,244000,10.646
2026/04/29 15:43:38,245000,10.654
2026/04/29 15:43:38,246000,10.649
2026/04/29 15:43:38,247000,10.651
2026/04/29 15:43:38,248000,10.649
2026/04/29 15:43:38,249000,10.654
2026/04/29 15:43:38,250000,10.649
2026/04/29 15:43:38,251000,10.660
2026/04/29 15:43:38,252000,10.657
2026/04/29 15:43:38,253000,10.649
2026/04/29 15:43:38,254000,10.651
2026/04/29 15:43:38,255000,10.649
2026/04/29 15:43:38,256000,10.649
2026/04/29 15:43:38,257000,10.651
2026/04/29 15:43:38,258000,10.654
2026/04/29 15:43:38,259000,10.654
2026/04/29 15:43:38,260000,10.651
2026/04/29 15:43:38,261000,10.654
2026/04/29 15:43:38,262000,10.654
2026/04/29 15:43:38,263000,10.649
2026/04/29 15:43:38,264000,10.651
2026/04/29 15:43:38,265000,10.654
2026/04/29 15:43:38,266000,10.649
2026/04/29 15:43:38,267000,10.649
2026/04/29 15:43:38,268000,10.654
2026/04/29 15:43:38,269000,10.654
2026/04/29 15:43:38,270000,10.649
2026/04/29 15:43:38,271000,10.651
2026/04/29 15:43:38,272000,10.643
2026/04/29 15:43:38,273000,10.651
2026/04/29 15:43:38,274000,10.649
2026/04/29 15:43:38,275000,10.649
2026/04/29 15:43:38,276000,10.654
2026/04/29 15:43:38,277000,10.651
2026/04/29 15:43:38,278000,10.649
2026/04/29 15:43:38,279000,10.651
2026/04/29 15:43:38,280000,10.654
2026/04/29 15:43:38,281000,10.649
2026/04/29 15:43:38,282000,10.654
2026/04/29 15:43:38,283000,10.640
2026/04/29 15:43:38,284000,10.651
2026/04/29 15:43:38,285000,10.654
2026/04/29 15:43:38,286000,10.646
2026/04/29 15:43:38,287000,10.651
2026/04/29 15:43:38,288000,10.646
2026/04/29 15:43:38,289000,10.649
2026/04/29 15:43:38,290000,10.649
2026/04/29 15:43:38,291000,10.649
2026/04/29 15:43:38,292000,10.651
2026/04/29 15:43:38,293000,10.646
2026/04/29 15:43:38,294000,10.651
2026/04/29 15:43:38,295000,10.649
2026/04/29 15:43:38,296000,10.649
2026/04/29 15:43:38,297000,10.646
2026/04/29 15:43:38,298000,10.646
2026/04/29 15:43:38,299000,10.651
2026/04/29 15:43:38,300000,10.649
2026/04/29 15:43:38,301000,10.651
2026/04/29 15:43:38,302000,10.646
2026/04/29 15:43:38,303000,10.654
2026/04/29 15:43:38,304000,10.654
2026/04/29 15:43:38,305000,10.649
2026/04/29 15:43:38,306000,10.657
2026/04/29 15:43:38,307000,10.651
2026/04/29 15:43:38,308000,10.643
2026/04/29 15:43:38,309000,10.649
2026/04/29 15:43:38,310000,10.649
2026/04/29 15:43:38,311000,10.649
2026/04/29 15:43:38,312000,10.646
2026/04/29 15:43:38,313000,10.649
2026/04/29 15:43:38,314000,10.646
2026/04/29 15:43:38,315000,10.654
2026/04/29 15:43:38,316000,10.651
2026/04/29 15:43:38,317000,10.651
2026/04/29 15:43:38,318000,10.643
2026/04/29 15:43:38,319000,10.654
2026/04/29 15:43:38,320000,10.646
2026/04/29 15:43:38,321000,10.651
2026/04/29 15:43:38,322000,10.649
2026/04/29 15:43:38,323000,10.649
2026/04/29 15:43:38,324000,10.649
2026/04/29 15:43:38,325000,10.646
2026/04/29 15:43:38,326000,10.649
2026/04/29 15:43:38,327000,10.649
2026/04/29 15:43:38,328000,10.654
2026/04/29 15:43:38,329000,10.643
2026/04/29 15:43:38,330000,10.649
2026/04/29 15:43:38,331000,10.657
2026/04/29 15:43:38,332000,10.649
2026/04/29 15:43:38,333000,10.649
2026/04/29 15:43:38,334000,10.649
2026/04/29 15:43:38,335000,10.651
2026/04/29 15:43:38,336000,10.651
2026/04/29 15:43:38,337000,10.649
2026/04/29 15:43:38,338000,10.649
2026/04/29 15:43:38,339000,10.657
2026/04/29 15:43:38,340000,10.651
2026/04/29 15:43:38,341000,10.651
2026/04/29 15:43:38,342000,10.649
2026/04/29 15:43:38,343000,10.649
2026/04/29 15:43:38,344000,10.651
2026/04/29 15:43:38,345000,10.651
2026/04/29 15:43:38,346000,10.646
2026/04/29 15:43:38,347000,10.649
2026/04/29 15:43:38,348000,10.651
2026/04/29 15:43:38,349000,10.649
2026/04/29 15:43:38,350000,10.654
2026/04/29 15:43:38,351000,10.649
2026/04/29 15:43:38,352000,10.654
2026/04/29 15:43:38,353000,10.646
2026/04/29 15:43:38,354000,10.651
2026/04/29 15:43:38,355000,10.654
2026/04/29 15:43:38,356000,10.651
2026/04/29 15:43:38,357000,10.649
2026/04/29 15:43:38,358000,10.651
2026/04/29 15:43:38,359000,10.654
2026/04/29 15:43:38,360000,10.651
2026/04/29 15:43:38,361000,10.651
2026/04/29 15:43:38,362000,10.654
2026/04/29 15:43:38,363000,10.654
2026/04/29 15:43:38,364000,10.649
2026/04/29 15:43:38,365000,10.649
2026/04/29 15:43:38,366000,10.643
2026/04/29 15:43:38,367000,10.654
2026/04/29 15:43:38,368000,10.649
2026/04/29 15:43:38,369000,10.654
2026/04/29 15:43:38,370000,10.651
2026/04/29 15:43:38,371000,10.649
2026/04/29 15:43:38,372000,10.654
2026/04/29 15:43:38,373000,10.651
2026/04/29 15:43:38,374000,10.651
2026/04/29 15:43:38,375000,10.654
2026/04/29 15:43:38,376000,10.649
2026/04/29 15:43:38,377000,10.646
2026/04/29 15:43:38,378000,10.649
2026/04/29 15:43:38,379000,10.649
2026/04/29 15:43:38,380000,10.649
2026/04/29 15:43:38,381000,10.649
2026/04/29 15:43:38,382000,10.654
2026/04/29 15:43:38,383000,10.646
2026/04/29 15:43:38,384000,10.649
2026/04/29 15:43:38,385000,10.649
2026/04/29 15:43:38,386000,10.649
2026/04/29 15:43:38,387000,10.646
2026/04/29 15:43:38,388000,10.649
2026/04/29 15:43:38,389000,10.651
2026/04/29 15:43:38,390000,10.654
2026/04/29 15:43:38,391000,10.649
2026/04/29 15:43:38,392000,10.651
2026/04/29 15:43:38,393000,10.649
2026/04/29 15:43:38,394000,10.649
2026/04/29 15:43:38,395000,10.654
2026/04/29 15:43:38,396000,10.649
2026/04/29 15:43:38,397000,10.649
2026/04/29 15:43:38,398000,10.643
2026/04/29 15:43:38,399000,10.649
2026/04/29 15:43:38,400000,10.649
2026/04/29 15:43:38,401000,10.649
2026/04/29 15:43:38,402000,10.649
2026/04/29 15:43:38,403000,10.646
2026/04/29 15:43:38,404000,10.649
2026/04/29 15:43:38,405000,10.649
2026/04/29 15:43:38,406000,10.651
2026/04/29 15:43:38,407000,10.654
2026/04/29 15:43:38,408000,10.646
2026/04/29 15:43:38,409000,10.649
2026/04/29 15:43:38,410000,10.646
2026/04/29 15:43:38,411000,10.649
2026/04/29 15:43:38,412000,10.649
2026/04/29 15:43:38,413000,10.651
2026/04/29 15:43:38,414000,10.646
2026/04/29 15:43:38,415000,10.654
2026/04/29 15:43:38,416000,10.649
2026/04/29 15:43:38,417000,10.654
2026/04/29 15:43:38,418000,10.649
2026/04/29 15:43:38,419000,10.646
2026/04/29 15:43:38,420000,10.654
2026/04/29 15:43:38,421000,10.649
2026/04/29 15:43:38,422000,10.646
2026/04/29 15:43:38,423000,10.651
2026/04/29 15:43:38,424000,10.649
2026/04/29 15:43:38,425000,10.651
2026/04/29 15:43:38,426000,10.649
2026/04/29 15:43:38,427000,10.649
2026/04/29 15:43:38,428000,10.649
2026/04/29 15:43:38,429000,10.651
2026/04/29 15:43:38,430000,10.654
2026/04/29 15:43:38,431000,10.651
2026/04/29 15:43:38,432000,10.649
2026/04/29 15:43:38,433000,10.649
2026/04/29 15:43:38,434000,10.654
2026/04/29 15:43:38,435000,10.649
2026/04/29 15:43:38,436000,10.649
2026/04/29 15:43:38,437000,10.649
2026/04/29 15:43:38,438000,10.654
2026/04/29 15:43:38,439000,10.649
2026/04/29 15:43:38,440000,10.651
2026/04/29 15:43:38,441000,10.646
2026/04/29 15:43:38,442000,10.649
2026/04/29 15:43:38,443000,10.643
2026/04/29 15:43:38,444000,10.646
2026/04/29 15:43:38,445000,10.649
2026/04/29 15:43:38,446000,10.654
2026/04/29 15:43:38,447000,10.654
2026/04/29 15:43:38,448000,10.649
2026/04/29 15:43:38,449000,10.651
2026/04/29 15:43:38,450000,10.654
2026/04/29 15:43:38,451000,10.643
2026/04/29 15:43:38,452000,10.651
2026/04/29 15:43:38,453000,10.649
2026/04/29 15:43:38,454000,10.654
2026/04/29 15:43:38,455000,10.649
2026/04/29 15:43:38,456000,10.654
2026/04/29 15:43:38,457000,10.643
2026/04/29 15:43:38,458000,10.654
2026/04/29 15:43:38,459000,10.643
2026/04/29 15:43:38,460000,10.646
2026/04/29 15:43:38,461000,10.651
2026/04/29 15:43:38,462000,10.643
2026/04/29 15:43:38,463000,10.651
2026/04/29 15:43:38,464000,10.646
2026/04/29 15:43:38,465000,10.654
2026/04/29 15:43:38,466000,10.646
2026/04/29 15:43:38,467000,10.649
2026/04/29 15:43:38,468000,10.643
2026/04/29 15:43:38,469000,10.649
2026/04/29 15:43:38,470000,10.649
2026/04/29 15:43:38,471000,10.649
2026/04/29 15:43:38,472000,10.651
2026/04/29 15:43:38,473000,10.654
2026/04/29 15:43:38,474000,10.646
2026/04/29 15:43:38,475000,10.643
2026/04/29 15:43:38,476000,10.643
2026/04/29 15:43:38,477000,10.649
2026/04/29 15:43:38,478000,10.649
2026/04/29 15:43:38,479000,10.651
2026/04/29 15:43:38,480000,10.654
2026/04/29 15:43:38,481000,10.649
2026/04/29 15:43:38,482000,10.649
2026/04/29 15:43:38,483000,10.649
2026/04/29 15:43:38,484000,10.649
2026/04/29 15:43:38,485000,10.651
2026/04/29 15:43:38,486000,10.651
2026/04/29 15:43:38,487000,10.643
2026/04/29 15:43:38,488000,10.651
2026/04/29 15:43:38,489000,10.649
2026/04/29 15:43:38,490000,10.651
2026/04/29 15:43:38,491000,10.646
2026/04/29 15:43:38,492000,10.651
2026/04/29 15:43:38,493000,10.651
2026/04/29 15:43:38,494000,10.651
2026/04/29 15:43:38,495000,10.649
2026/04/29 15:43:38,496000,10.646
2026/04/29 15:43:38,497000,10.646
2026/04/29 15:43:38,498000,10.649
2026/04/29 15:43:38,499000,10.654
2026/04/29 15:43:38,500000,10.651
2026/04/29 15:43:38,501000,10.649
2026/04/29 15:43:38,502000,10.651
2026/04/29 15:43:38,503000,10.646
2026/04/29 15:43:38,504000,10.643
2026/04/29 15:43:38,505000,10.649
2026/04/29 15:43:38,506000,10.649
2026/04/29 15:43:38,507000,10.649
2026/04/29 15:43:38,508000,10.651
2026/04/29 15:43:38,509000,10.649
2026/04/29 15:43:38,510000,10.646
2026/04/29 15:43:38,511000,10.646
2026/04/29 15:43:38,512000,10.649
2026/04/29 15:43:38,513000,10.654
2026/04/29 15:43:38,514000,10.643
2026/04/29 15:43:38,515000,10.651
2026/04/29 15:43:38,516000,10.651
2026/04/29 15:43:38,517000,10.646
2026/04/29 15:43:38,518000,10.651
2026/04/29 15:43:38,519000,10.649
2026/04/29 15:43:38,520000,10.651
2026/04/29 15:43:38,521000,10.657
2026/04/29 15:43:38,522000,10.649
2026/04/29 15:43:38,523000,10.651
2026/04/29 15:43:38,524000,10.649
2026/04/29 15:43:38,525000,10.646
2026/04/29 15:43:38,526000,10.651
2026/04/29 15:43:38,527000,10.646
2026/04/29 15:43:38,528000,10.654
2026/04/29 15:43:38,529000,10.649
2026/04/29 15:43:38,530000,10.646
2026/04/29 15:43:38,531000,10.651
2026/04/29 15:43:38,532000,10.654
2026/04/29 15:43:38,533000,10.651
2026/04/29 15:43:38,534000,10.654
2026/04/29 15:43:38,535000,10.649
2026/04/29 15:43:38,536000,10.649
2026/04/29 15:43:38,537000,10.649
2026/04/29 15:43:38,538000,10.651
2026/04/29 15:43:38,539000,10.651
2026/04/29 15:43:38,540000,10.646
2026/04/29 15:43:38,541000,10.651
2026/04/29 15:43:38,542000,10.649
2026/04/29 15:43:38,543000,10.651
2026/04/29 15:43:38,544000,10.651
2026/04/29 15:43:38,545000,10.651
2026/04/29 15:43:38,546000,10.646
2026/04/29 15:43:38,547000,10.646
2026/04/29 15:43:38,548000,10.654
2026/04/29 15:43:38,549000,10.649
2026/04/29 15:43:38,550000,10.649
2026/04/29 15:43:38,551000,10.651
2026/04/29 15:43:38,552000,10.649
2026/04/29 15:43:38,553000,10.651
2026/04/29 15:43:38,554000,10.654
2026/04/29 15:43:38,555000,10.654
2026/04/29 15:43:38,556000,10.649
2026/04/29 15:43:38,557000,10.649
2026/04/29 15:43:38,558000,10.649
2026/04/29 15:43:38,559000,10.657
2026/04/29 15:43:38,560000,10.649
2026/04/29 15:43:38,561000,10.651
2026/04/29 15:43:38,562000,10.654
2026/04/29 15:43:38,563000,10.649
2026/04/29 15:43:38,564000,10.649
2026/04/29 15:43:38,565000,10.651
2026/04/29 15:43:38,566000,10.654
2026/04/29 15:43:38,567000,10.654
2026/04/29 15:43:38,568000,10.646
2026/04/29 15:43:38,569000,10.660
2026/04/29 15:43:38,570000,10.654
2026/04/29 15:43:38,571000,10.649
2026/04/29 15:43:38,572000,10.651
2026/04/29 15:43:38,573000,10.651
2026/04/29 15:43:38,574000,10.649
2026/04/29 15:43:38,575000,10.651
2026/04/29 15:43:38,576000,10.651
2026/04/29 15:43:38,577000,10.651
2026/04/29 15:43:38,578000,10.657
2026/04/29 15:43:38,579000,10.654
2026/04/29 15:43:38,580000,10.651
2026/04/29 15:43:38,581000,10.643
2026/04/29 15:43:38,582000,10.654
2026/04/29 15:43:38,583000,10.665
2026/04/29 15:43:38,584000,10.646
2026/04/29 15:43:38,585000,10.649
2026/04/29 15:43:38,586000,10.651
2026/04/29 15:43:38,587000,10.649
2026/04/29 15:43:38,588000,10.654
2026/04/29 15:43:38,589000,10.649
2026/04/29 15:43:38,590000,10.654
2026/04/29 15:43:38,591000,10.649
2026/04/29 15:43:38,592000,10.649
2026/04/29 15:43:38,593000,10.651
2026/04/29 15:43:38,594000,10.660
2026/04/29 15:43:38,595000,10.651
2026/04/29 15:43:38,596000,10.660
2026/04/29 15:43:38,597000,10.654
2026/04/29 15:43:38,598000,10.654
2026/04/29 15:43:38,599000,10.651
2026/04/29 15:43:38,600000,10.657
2026/04/29 15:43:38,601000,10.651
2026/04/29 15:43:38,602000,10.651
2026/04/29 15:43:38,603000,10.651
2026/04/29 15:43:38,604000,10.654
2026/04/29 15:43:38,605000,10.654
2026/04/29 15:43:38,606000,10.654
2026/04/29 15:43:38,607000,10.654
2026/04/29 15:43:38,608000,10.651
2026/04/29 15:43:38,609000,10.651
2026/04/29 15:43:38,610000,10.657
2026/04/29 15:43:38,611000,10.654
2026/04/29 15:43:38,612000,10.649
2026/04/29 15:43:38,613000,10.654
2026/04/29 15:43:38,614000,10.657
2026/04/29 15:43:38,615000,10.651
2026/04/29 15:43:38,616000,10.651
2026/04/29 15:43:38,617000,10.651
2026/04/29 15:43:38,618000,10.654
2026/04/29 15:43:38,619000,10.649
2026/04/29 15:43:38,620000,10.649
2026/04/29 15:43:38,621000,10.654
2026/04/29 15:43:38,622000,10.660
2026/04/29 15:43:38,623000,10.654
2026/04/29 15:43:38,624000,10.657
2026/04/29 15:43:38,625000,10.654
2026/04/29 15:43:38,626000,10.643
2026/04/29 15:43:38,627000,10.654
2026/04/29 15:43:38,628000,10.651
2026/04/29 15:43:38,629000,10.654
2026/04/29 15:43:38,630000,10.657
2026/04/29 15:43:38,631000,10.660
2026/04/29 15:43:38,632000,10.651
2026/04/29 15:43:38,633000,10.651
2026/04/29 15:43:38,634000,10.654
2026/04/29 15:43:38,635000,10.654
2026/04/29 15:43:38,636000,10.649
2026/04/29 15:43:38,637000,10.649
2026/04/29 15:43:38,638000,10.660
2026/04/29 15:43:38,639000,10.657
2026/04/29 15:43:38,640000,10.657
2026/04/29 15:43:38,641000,10.657
2026/04/29 15:43:38,642000,10.657
2026/04/29 15:43:38,643000,10.660
2026/04/29 15:43:38,644000,10.651
2026/04/29 15:43:38,645000,10.646
2026/04/29 15:43:38,646000,10.660
2026/04/29 15:43:38,647000,10.654
2026/04/29 15:43:38,648000,10.654
2026/04/29 15:43:38,649000,10.654
2026/04/29 15:43:38,650000,10.654
2026/04/29 15:43:38,651000,10.651
2026/04/29 15:43:38,652000,10.663
2026/04/29 15:43:38,653000,10.657
2026/04/29 15:43:38,654000,10.657
2026/04/29 15:43:38,655000,10.657
2026/04/29 15:43:38,656000,10.651
2026/04/29 15:43:38,657000,10.654
2026/04/29 15:43:38,658000,10.654
2026/04/29 15:43:38,659000,10.654
2026/04/29 15:43:38,660000,10.657
2026/04/29 15:43:38,661000,10.649
2026/04/29 15:43:38,662000,10.660
2026/04/29 15:43:38,663000,10.660
2026/04/29 15:43:38,664000,10.651
2026/04/29 15:43:38,665000,10.654
2026/04/29 15:43:38,666000,10.657
2026/04/29 15:43:38,667000,10.657
2026/04/29 15:43:38,668000,10.654
2026/04/29 15:43:38,669000,10.654
2026/04/29 15:43:38,670000,10.657
2026/04/29 15:43:38,671000,10.660
2026/04/29 15:43:38,672000,10.651
2026/04/29 15:43:38,673000,10.660
2026/04/29 15:43:38,674000,10.660
2026/04/29 15:43:38,675000,10.660
2026/04/29 15:43:38,676000,10.657
2026/04/29 15:43:38,677000,10.654
2026/04/29 15:43:38,678000,10.657
2026/04/29 15:43:38,679000,10.657
2026/04/29 15:43:38,680000,10.654
2026/04/29 15:43:38,681000,10.660
2026/04/29 15:43:38,682000,10.660
2026/04/29 15:43:38,683000,10.657
2026/04/29 15:43:38,684000,10.657
2026/04/29 15:43:38,685000,10.654
2026/04/29 15:43:38,686000,10.654
2026/04/29 15:43:38,687000,10.654
2026/04/29 15:43:38,688000,10.660
2026/04/29 15:43:38,689000,10.657
2026/04/29 15:43:38,690000,10.663
2026/04/29 15:43:38,691000,10.657
2026/04/29 15:43:38,692000,10.654
2026/04/29 15:43:38,693000,10.651
2026/04/29 15:43:38,694000,10.651
2026/04/29 15:43:38,695000,10.657
2026/04/29 15:43:38,696000,10.657
2026/04/29 15:43:38,697000,10.657
2026/04/29 15:43:38,698000,10.654
2026/04/29 15:43:38,699000,10.654
2026/04/29 15:43:38,700000,10.657
2026/04/29 15:43:38,701000,10.660
2026/04/29 15:43:38,702000,10.660
2026/04/29 15:43:38,703000,10.657
2026/04/29 15:43:38,704000,10.654
2026/04/29 15:43:38,705000,10.660
2026/04/29 15:43:38,706000,10.657
2026/04/29 15:43:38,707000,10.654
2026/04/29 15:43:38,708000,10.646
2026/04/29 15:43:38,709000,10.660
2026/04/29 15:43:38,710000,10.657
2026/04/29 15:43:38,711000,10.654
2026/04/29 15:43:38,712000,10.663
2026/04/29 15:43:38,713000,10.657
2026/04/29 15:43:38,714000,10.654
2026/04/29 15:43:38,715000,10.657
2026/04/29 15:43:38,716000,10.654
2026/04/29 15:43:38,717000,10.657
2026/04/29 15:43:38,718000,10.657
2026/04/29 15:43:38,719000,10.660
2026/04/29 15:43:38,720000,10.654
2026/04/29 15:43:38,721000,10.657
2026/04/29 15:43:38,722000,10.654
2026/04/29 15:43:38,723000,10.654
2026/04/29 15:43:38,724000,10.657
2026/04/29 15:43:38,725000,10.657
2026/04/29 15:43:38,726000,10.657
2026/04/29 15:43:38,727000,10.654
2026/04/29 15:43:38,728000,10.657
2026/04/29 15:43:38,729000,10.660
2026/04/29 15:43:38,730000,10.657
2026/04/29 15:43:38,731000,10.660
2026/04/29 15:43:38,732000,10.654
2026/04/29 15:43:38,733000,10.654
2026/04/29 15:43:38,734000,10.657
2026/04/29 15:43:38,735000,10.660
2026/04/29 15:43:38,736000,10.660
2026/04/29 15:43:38,737000,10.660
2026/04/29 15:43:38,738000,10.660
2026/04/29 15:43:38,739000,10.651
2026/04/29 15:43:38,740000,10.660
2026/04/29 15:43:38,741000,10.651
2026/04/29 15:43:38,742000,10.663
2026/04/29 15:43:38,743000,10.657
2026/04/29 15:43:38,744000,10.660
2026/04/29 15:43:38,745000,10.657
2026/04/29 15:43:38,746000,10.660
2026/04/29 15:43:38,747000,10.654
2026/04/29 15:43:38,748000,10.654
2026/04/29 15:43:38,749000,10.660
2026/04/29 15:43:38,750000,10.654
2026/04/29 15:43:38,751000,10.657
2026/04/29 15:43:38,752000,10.657
2026/04/29 15:43:38,753000,10.654
2026/04/29 15:43:38,754000,10.660
2026/04/29 15:43:38,755000,10.654
2026/04/29 15:43:38,756000,10.660
2026/04/29 15:43:38,757000,10.654
2026/04/29 15:43:38,758000,10.660
2026/04/29 15:43:38,759000,10.660
2026/04/29 15:43:38,760000,10.660
2026/04/29 15:43:38,761000,10.657
2026/04/29 15:43:38,762000,10.660
2026/04/29 15:43:38,763000,10.665
2026/04/29 15:43:38,764000,10.657
2026/04/29 15:43:38,765000,10.660
2026/04/29 15:43:38,766000,10.660
2026/04/29 15:43:38,767000,10.657
2026/04/29 15:43:38,768000,10.657
2026/04/29 15:43:38,769000,10.663
2026/04/29 15:43:38,770000,10.657
2026/04/29 15:43:38,771000,10.660
2026/04/29 15:43:38,772000,10.657
2026/04/29 15:43:38,773000,10.660
2026/04/29 15:43:38,774000,10.665
2026/04/29 15:43:38,775000,10.660
2026/04/29 15:43:38,776000,10.668
2026/04/29 15:43:38,777000,10.654
2026/04/29 15:43:38,778000,10.657
2026/04/29 15:43:38,779000,10.657
2026/04/29 15:43:38,780000,10.651
2026/04/29 15:43:38,781000,10.660
2026/04/29 15:43:38,782000,10.660
2026/04/29 15:43:38,783000,10.657
2026/04/29 15:43:38,784000,10.660
2026/04/29 15:43:38,785000,10.657
2026/04/29 15:43:38,786000,10.660
2026/04/29 15:43:38,787000,10.657
2026/04/29 15:43:38,788000,10.654
2026/04/29 15:43:38,789000,10.654
2026/04/29 15:43:38,790000,10.660
2026/04/29 15:43:38,791000,10.665
2026/04/29 15:43:38,792000,10.660
2026/04/29 15:43:38,793000,10.663
2026/04/29 15:43:38,794000,10.660
2026/04/29 15:43:38,795000,10.657
2026/04/29 15:43:38,796000,10.663
2026/04/29 15:43:38,797000,10.657
2026/04/29 15:43:38,798000,10.657
2026/04/29 15:43:38,799000,10.663
2026/04/29 15:43:38,800000,10.660
2026/04/29 15:43:38,801000,10.657
2026/04/29 15:43:38,802000,10.657
2026/04/29 15:43:38,803000,10.663
2026/04/29 15:43:38,804000,10.663
2026/04/29 15:43:38,805000,10.651
2026/04/29 15:43:38,806000,10.660
2026/04/29 15:43:38,807000,10.665
2026/04/29 15:43:38,808000,10.657
2026/04/29 15:43:38,809000,10.660
2026/04/29 15:43:38,810000,10.657
2026/04/29 15:43:38,811000,10.660
2026/04/29 15:43:38,812000,10.665
2026/04/29 15:43:38,813000,10.660
2026/04/29 15:43:38,814000,10.660
2026/04/29 15:43:38,815000,10.665
2026/04/29 15:43:38,816000,10.663
2026/04/29 15:43:38,817000,10.663
2026/04/29 15:43:38,818000,10.660
2026/04/29 15:43:38,819000,10.657
2026/04/29 15:43:38,820000,10.657
2026/04/29 15:43:38,821000,10.663
2026/04/29 15:43:38,822000,10.660
2026/04/29 15:43:38,823000,10.660
2026/04/29 15:43:38,824000,10.660
2026/04/29 15:43:38,825000,10.660
2026/04/29 15:43:38,826000,10.660
2026/04/29 15:43:38,827000,10.654
2026/04/29 15:43:38,828000,10.660
2026/04/29 15:43:38,829000,10.665
2026/04/29 15:43:38,830000,10.657
2026/04/29 15:43:38,831000,10.663
2026/04/29 15:43:38,832000,10.657
2026/04/29 15:43:38,833000,10.663
2026/04/29 15:43:38,834000,10.660
2026/04/29 15:43:38,835000,10.660
2026/04/29 15:43:38,836000,10.657
2026/04/29 15:43:38,837000,10.657
2026/04/29 15:43:38,838000,10.660
2026/04/29 15:43:38,839000,10.660
2026/04/29 15:43:38,840000,10.660
2026/04/29 15:43:38,841000,10.665
2026/04/29 15:43:38,842000,10.665
2026/04/29 15:43:38,843000,10.657
2026/04/29 15:43:38,844000,10.674
2026/04/29 15:43:38,845000,10.665
2026/04/29 15:43:38,846000,10.665
2026/04/29 15:43:38,847000,10.665
2026/04/29 15:43:38,848000,10.660
2026/04/29 15:43:38,849000,10.660
2026/04/29 15:43:38,850000,10.657
2026/04/29 15:43:38,851000,10.663
2026/04/29 15:43:38,852000,10.663
2026/04/29 15:43:38,853000,10.660
2026/04/29 15:43:38,854000,10.660
2026/04/29 15:43:38,855000,10.663
2026/04/29 15:43:38,856000,10.657
2026/04/29 15:43:38,857000,10.663
2026/04/29 15:43:38,858000,10.657
2026/04/29 15:43:38,859000,10.663
2026/04/29 15:43:38,860000,10.663
2026/04/29 15:43:38,861000,10.665
2026/04/29 15:43:38,862000,10.663
2026/04/29 15:43:38,863000,10.663
2026/04/29 15:43:38,864000,10.660
2026/04/29 15:43:38,865000,10.663
2026/04/29 15:43:38,866000,10.663
2026/04/29 15:43:38,867000,10.665
2026/04/29 15:43:38,868000,10.660
2026/04/29 15:43:38,869000,10.663
2026/04/29 15:43:38,870000,10.663
2026/04/29 15:43:38,871000,10.663
2026/04/29 15:43:38,872000,10.663
2026/04/29 15:43:38,873000,10.663
2026/04/29 15:43:38,874000,10.665
2026/04/29 15:43:38,875000,10.657
2026/04/29 15:43:38,876000,10.660
2026/04/29 15:43:38,877000,10.663
2026/04/29 15:43:38,878000,10.665
2026/04/29 15:43:38,879000,10.660
2026/04/29 15:43:38,880000,10.665
2026/04/29 15:43:38,881000,10.665
2026/04/29 15:43:38,882000,10.660
2026/04/29 15:43:38,883000,10.660
2026/04/29 15:43:38,884000,10.663
2026/04/29 15:43:38,885000,10.660
2026/04/29 15:43:38,886000,10.660
2026/04/29 15:43:38,887000,10.657
2026/04/29 15:43:38,888000,10.660
2026/04/29 15:43:38,889000,10.663
2026/04/29 15:43:38,890000,10.654
2026/04/29 15:43:38,891000,10.677
2026/04/29 15:43:38,892000,10.663
2026/04/29 15:43:38,893000,10.665
2026/04/29 15:43:38,894000,10.663
2026/04/29 15:43:38,895000,10.663
2026/04/29 15:43:38,896000,10.663
2026/04/29 15:43:38,897000,10.663
2026/04/29 15:43:38,898000,10.663
2026/04/29 15:43:38,899000,10.665
2026/04/29 15:43:38,900000,10.665
2026/04/29 15:43:38,901000,10.665
2026/04/29 15:43:38,902000,10.665
2026/04/29 15:43:38,903000,10.665
2026/04/29 15:43:38,904000,10.665
2026/04/29 15:43:38,905000,10.663
2026/04/29 15:43:38,906000,10.668
2026/04/29 15:43:38,907000,10.663
2026/04/29 15:43:38,908000,10.668
2026/04/29 15:43:38,909000,10.660
2026/04/29 15:43:38,910000,10.663
2026/04/29 15:43:38,911000,10.665
2026/04/29 15:43:38,912000,10.665
2026/04/29 15:43:38,913000,10.660
2026/04/29 15:43:38,914000,10.668
2026/04/29 15:43:38,915000,10.665
2026/04/29 15:43:38,916000,10.660
2026/04/29 15:43:38,917000,10.665
2026/04/29 15:43:38,918000,10.660
2026/04/29 15:43:38,919000,10.668
2026/04/29 15:43:38,920000,10.668
2026/04/29 15:43:38,921000,10.671
2026/04/29 15:43:38,922000,10.665
2026/04/29 15:43:38,923000,10.665
2026/04/29 15:43:38,924000,10.665
2026/04/29 15:43:38,925000,10.665
2026/04/29 15:43:38,926000,10.671
2026/04/29 15:43:38,927000,10.668
2026/04/29 15:43:38,928000,10.682
2026/04/29 15:43:38,929000,10.665
2026/04/29 15:43:38,930000,10.665
2026/04/29 15:43:38,931000,10.665
2026/04/29 15:43:38,932000,10.663
2026/04/29 15:43:38,933000,10.665
2026/04/29 15:43:38,934000,10.668
2026/04/29 15:43:38,935000,10.665
2026/04/29 15:43:38,936000,10.668
2026/04/29 15:43:38,937000,10.665
2026/04/29 15:43:38,938000,10.668
2026/04/29 15:43:38,939000,10.665
2026/04/29 15:43:38,940000,10.671
2026/04/29 15:43:38,941000,10.665
2026/04/29 15:43:38,942000,10.665
2026/04/29 15:43:38,943000,10.671
2026/04/29 15:43:38,944000,10.674
2026/04/29 15:43:38,945000,10.660
2026/04/29 15:43:38,946000,10.665
2026/04/29 15:43:38,947000,10.665
2026/04/29 15:43:38,948000,10.671
2026/04/29 15:43:38,949000,10.674
2026/04/29 15:43:38,950000,10.665
2026/04/29 15:43:38,951000,10.674
2026/04/29 15:43:38,952000,10.668
2026/04/29 15:43:38,953000,10.665
2026/04/29 15:43:38,954000,10.665
2026/04/29 15:43:38,955000,10.665
2026/04/29 15:43:38,956000,10.665
2026/04/29 15:43:38,957000,10.671
2026/04/29 15:43:38,958000,10.668
2026/04/29 15:43:38,959000,10.671
2026/04/29 15:43:38,960000,10.677
2026/04/29 15:43:38,961000,10.665
2026/04/29 15:43:38,962000,10.674
2026/04/29 15:43:38,963000,10.668
2026/04/29 15:43:38,964000,10.668
2026/04/29 15:43:38,965000,10.654
2026/04/29 15:43:38,966000,10.663
2026/04/29 15:43:38,967000,10.665
2026/04/29 15:43:38,968000,10.671
2026/04/29 15:43:38,969000,10.665
2026/04/29 15:43:38,970000,10.671
2026/04/29 15:43:38,971000,10.663
2026/04/29 15:43:38,972000,10.665
2026/04/29 15:43:38,973000,10.668
2026/04/29 15:43:38,974000,10.671
2026/04/29 15:43:38,975000,10.674
2026/04/29 15:43:38,976000,10.674
2026/04/29 15:43:38,977000,10.671
2026/04/29 15:43:38,978000,10.665
2026/04/29 15:43:38,979000,10.671
2026/04/29 15:43:38,980000,10.674
2026/04/29 15:43:38,981000,10.665
2026/04/29 15:43:38,982000,10.668
2026/04/29 15:43:38,983000,10.668
2026/04/29 15:43:38,984000,10.679
2026/04/29 15:43:38,985000,10.674
2026/04/29 15:43:38,986000,10.677
2026/04/29 15:43:38,987000,10.671
2026/04/29 15:43:38,988000,10.677
2026/04/29 15:43:38,989000,10.674
2026/04/29 15:43:38,990000,10.671
2026/04/29 15:43:38,991000,10.674
2026/04/29 15:43:38,992000,10.674
2026/04/29 15:43:38,993000,10.671
2026/04/29 15:43:38,994000,10.671
2026/04/29 15:43:38,995000,10.674
2026/04/29 15:43:38,996000,10.674
2026/04/29 15:43:38,997000,10.671
2026/04/29 15:43:38,998000,10.668
2026/04/29 15:43:38,999000,10.665
2026/04/29 15:43:39,000000,10.679
2026/04/29 15:43:39,001000,10.677
2026/04/29 15:43:39,002000,10.674
2026/04/29 15:43:39,003000,10.668
2026/04/29 15:43:39,004000,10.677
2026/04/29 15:43:39,005000,10.671
2026/04/29 15:43:39,006000,10.668
2026/04/29 15:43:39,007000,10.674
2026/04/29 15:43:39,008000,10.671
2026/04/29 15:43:39,009000,10.674
2026/04/29 15:43:39,010000,10.671
2026/04/29 15:43:39,011000,10.674
2026/04/29 15:43:39,012000,10.674
2026/04/29 15:43:39,013000,10.668
2026/04/29 15:43:39,014000,10.671
2026/04/29 15:43:39,015000,10.674
2026/04/29 15:43:39,016000,10.677
2026/04/29 15:43:39,017000,10.671
2026/04/29 15:43:39,018000,10.677
2026/04/29 15:43:39,019000,10.679
2026/04/29 15:43:39,020000,10.668
2026/04/29 15:43:39,021000,10.671
2026/04/29 15:43:39,022000,10.668
2026/04/29 15:43:39,023000,10.674
2026/04/29 15:43:39,024000,10.677
2026/04/29 15:43:39,025000,10.674
2026/04/29 15:43:39,026000,10.677
2026/04/29 15:43:39,027000,10.674
2026/04/29 15:43:39,028000,10.674
2026/04/29 15:43:39,029000,10.677
2026/04/29 15:43:39,030000,10.677
2026/04/29 15:43:39,031000,10.674
2026/04/29 15:43:39,032000,10.679
2026/04/29 15:43:39,033000,10.668
2026/04/29 15:43:39,034000,10.674
2026/04/29 15:43:39,035000,10.674
2026/04/29 15:43:39,036000,10.674
2026/04/29 15:43:39,037000,10.679
2026/04/29 15:43:39,038000,10.671
2026/04/29 15:43:39,039000,10.665
2026/04/29 15:43:39,040000,10.677
2026/04/29 15:43:39,041000,10.677
2026/04/29 15:43:39,042000,10.674
2026/04/29 15:43:39,043000,10.674
2026/04/29 15:43:39,044000,10.677
2026/04/29 15:43:39,045000,10.674
2026/04/29 15:43:39,046000,10.677
2026/04/29 15:43:39,047000,10.674
2026/04/29 15:43:39,048000,10.677
2026/04/29 15:43:39,049000,10.679
2026/04/29 15:43:39,050000,10.679
2026/04/29 15:43:39,051000,10.679
2026/04/29 15:43:39,052000,10.677
2026/04/29 15:43:39,053000,10.674
2026/04/29 15:43:39,054000,10.677
2026/04/29 15:43:39,055000,10.682
2026/04/29 15:43:39,056000,10.682
2026/04/29 15:43:39,057000,10.674
2026/04/29 15:43:39,058000,10.679
2026/04/29 15:43:39,059000,10.679
2026/04/29 15:43:39,060000,10.674
2026/04/29 15:43:39,061000,10.679
2026/04/29 15:43:39,062000,10.682
2026/04/29 15:43:39,063000,10.677
2026/04/29 15:43:39,064000,10.682
2026/04/29 15:43:39,065000,10.677
2026/04/29 15:43:39,066000,10.677
2026/04/29 15:43:39,067000,10.679
2026/04/29 15:43:39,068000,10.677
2026/04/29 15:43:39,069000,10.682
2026/04/29 15:43:39,070000,10.679
2026/04/29 15:43:39,071000,10.679
2026/04/29 15:43:39,072000,10.685
2026/04/29 15:43:39,073000,10.674
2026/04/29 15:43:39,074000,10.677
2026/04/29 15:43:39,075000,10.674
2026/04/29 15:43:39,076000,10.685
2026/04/29 15:43:39,077000,10.674
2026/04/29 15:43:39,078000,10.677
2026/04/29 15:43:39,079000,10.679
2026/04/29 15:43:39,080000,10.682
2026/04/29 15:43:39,081000,10.677
2026/04/29 15:43:39,082000,10.685
2026/04/29 15:43:39,083000,10.682
2026/04/29 15:43:39,084000,10.679
2026/04/29 15:43:39,085000,10.677
2026/04/29 15:43:39,086000,10.685
2026/04/29 15:43:39,087000,10.685
2026/04/29 15:43:39,088000,10.679
2026/04/29 15:43:39,089000,10.679
2026/04/29 15:43:39,090000,10.682
2026/04/29 15:43:39,091000,10.682
2026/04/29 15:43:39,092000,10.679
2026/04/29 15:43:39,093000,10.682
2026/04/29 15:43:39,094000,10.685
2026/04/29 15:43:39,095000,10.679
2026/04/29 15:43:39,096000,10.677
2026/04/29 15:43:39,097000,10.685
2026/04/29 15:43:39,098000,10.677
2026/04/29 15:43:39,099000,10.674
2026/04/29 15:43:39,100000,10.685
2026/04/29 15:43:39,101000,10.679
2026/04/29 15:43:39,102000,10.682
2026/04/29 15:43:39,103000,10.682
2026/04/29 15:43:39,104000,10.685
2026/04/29 15:43:39,105000,10.679
2026/04/29 15:43:39,106000,10.685
2026/04/29 15:43:39,107000,10.685
2026/04/29 15:43:39,108000,10.682
2026/04/29 15:43:39,109000,10.679
2026/04/29 15:43:39,110000,10.679
2026/04/29 15:43:39,111000,10.685
2026/04/29 15:43:39,112000,10.682
2026/04/29 15:43:39,113000,10.679
2026/04/29 15:43:39,114000,10.685
2026/04/29 15:43:39,115000,10.682
2026/04/29 15:43:39,116000,10.682
2026/04/29 15:43:39,117000,10.685
2026/04/29 15:43:39,118000,10.682
2026/04/29 15:43:39,119000,10.682
2026/04/29 15:43:39,120000,10.682
2026/04/29 15:43:39,121000,10.679
2026/04/29 15:43:39,122000,10.679
2026/04/29 15:43:39,123000,10.688
2026/04/29 15:43:39,124000,10.688
2026/04/29 15:43:39,125000,10.682
2026/04/29 15:43:39,126000,10.682
2026/04/29 15:43:39,127000,10.682
2026/04/29 15:43:39,128000,10.688
2026/04/29 15:43:39,129000,10.682
2026/04/29 15:43:39,130000,10.688
2026/04/29 15:43:39,131000,10.688
2026/04/29 15:43:39,132000,10.679
2026/04/29 15:43:39,133000,10.679
2026/04/29 15:43:39,134000,10.688
2026/04/29 15:43:39,135000,10.688
2026/04/29 15:43:39,136000,10.685
2026/04/29 15:43:39,137000,10.679
2026/04/29 15:43:39,138000,10.685
2026/04/29 15:43:39,139000,10.685
2026/04/29 15:43:39,140000,10.685
2026/04/29 15:43:39,141000,10.688
2026/04/29 15:43:39,142000,10.682
2026/04/29 15:43:39,143000,10.682
2026/04/29 15:43:39,144000,10.691
2026/04/29 15:43:39,145000,10.688
2026/04/29 15:43:39,146000,10.685
2026/04/29 15:43:39,147000,10.688
2026/04/29 15:43:39,148000,10.685
2026/04/29 15:43:39,149000,10.685
2026/04/29 15:43:39,150000,10.688
2026/04/29 15:43:39,151000,10.688
2026/04/29 15:43:39,152000,10.688
2026/04/29 15:43:39,153000,10.685
2026/04/29 15:43:39,154000,10.688
2026/04/29 15:43:39,155000,10.679
2026/04/29 15:43:39,156000,10.688
2026/04/29 15:43:39,157000,10.688
2026/04/29 15:43:39,158000,10.688
2026/04/29 15:43:39,159000,10.688
2026/04/29 15:43:39,160000,10.688
2026/04/29 15:43:39,161000,10.685
2026/04/29 15:43:39,162000,10.691
2026/04/29 15:43:39,163000,10.688
2026/04/29 15:43:39,164000,10.688
2026/04/29 15:43:39,165000,10.677
2026/04/29 15:43:39,166000,10.691
2026/04/29 15:43:39,167000,10.685
2026/04/29 15:43:39,168000,10.685
2026/04/29 15:43:39,169000,10.685
2026/04/29 15:43:39,170000,10.685
2026/04/29 15:43:39,171000,10.688
2026/04/29 15:43:39,172000,10.691
2026/04/29 15:43:39,173000,10.682
2026/04/29 15:43:39,174000,10.688
2026/04/29 15:43:39,175000,10.685
2026/04/29 15:43:39,176000,10.688
2026/04/29 15:43:39,177000,10.682
2026/04/29 15:43:39,178000,10.693
2026/04/29 15:43:39,179000,10.685
2026/04/29 15:43:39,180000,10.693
2026/04/29 15:43:39,181000,10.688
2026/04/29 15:43:39,182000,10.688
2026/04/29 15:43:39,183000,10.688
2026/04/29 15:43:39,184000,10.691
2026/04/29 15:43:39,185000,10.691
2026/04/29 15:43:39,186000,10.696
2026/04/29 15:43:39,187000,10.691
2026/04/29 15:43:39,188000,10.685
2026/04/29 15:43:39,189000,10.691
2026/04/29 15:43:39,190000,10.696
2026/04/29 15:43:39,191000,10.688
2026/04/29 15:43:39,192000,10.688
2026/04/29 15:43:39,193000,10.688
2026/04/29 15:43:39,194000,10.691
2026/04/29 15:43:39,195000,10.691
2026/04/29 15:43:39,196000,10.696
2026/04/29 15:43:39,197000,10.685
2026/04/29 15:43:39,198000,10.688
2026/04/29 15:43:39,199000,10.688
2026/04/29 15:43:39,200000,10.693
2026/04/29 15:43:39,201000,10.693
2026/04/29 15:43:39,202000,10.691
2026/04/29 15:43:39,203000,10.693
2026/04/29 15:43:39,204000,10.696
2026/04/29 15:43:39,205000,10.688
2026/04/29 15:43:39,206000,10.691
2026/04/29 15:43:39,207000,10.688
2026/04/29 15:43:39,208000,10.691
2026/04/29 15:43:39,209000,10.693
2026/04/29 15:43:39,210000,10.685
2026/04/29 15:43:39,211000,10.693
2026/04/29 15:43:39,212000,10.682
2026/04/29 15:43:39,213000,10.691
2026/04/29 15:43:39,214000,10.691
2026/04/29 15:43:39,215000,10.699
2026/04/29 15:43:39,216000,10.685
2026/04/29 15:43:39,217000,10.696
2026/04/29 15:43:39,218000,10.691
2026/04/29 15:43:39,219000,10.691
2026/04/29 15:43:39,220000,10.693
2026/04/29 15:43:39,221000,10.685
2026/04/29 15:43:39,222000,10.693
2026/04/29 15:43:39,223000,10.693
2026/04/29 15:43:39,224000,10.685
2026/04/29 15:43:39,225000,10.691
2026/04/29 15:43:39,226000,10.693
2026/04/29 15:43:39,227000,10.691
2026/04/29 15:43:39,228000,10.691
2026/04/29 15:43:39,229000,10.696
2026/04/29 15:43:39,230000,10.693
2026/04/29 15:43:39,231000,10.693
2026/04/29 15:43:39,232000,10.702
2026/04/29 15:43:39,233000,10.696
2026/04/29 15:43:39,234000,10.696
2026/04/29 15:43:39,235000,10.696
2026/04/29 15:43:39,236000,10.696
2026/04/29 15:43:39,237000,10.688
2026/04/29 15:43:39,238000,10.691
2026/04/29 15:43:39,239000,10.691
2026/04/29 15:43:39,240000,10.688
2026/04/29 15:43:39,241000,10.691
2026/04/29 15:43:39,242000,10.693
2026/04/29 15:43:39,243000,10.696
2026/04/29 15:43:39,244000,10.691
2026/04/29 15:43:39,245000,10.696
2026/04/29 15:43:39,246000,10.699
2026/04/29 15:43:39,247000,10.696
2026/04/29 15:43:39,248000,10.696
2026/04/29 15:43:39,249000,10.696
2026/04/29 15:43:39,250000,10.699
2026/04/29 15:43:39,251000,10.699
2026/04/29 15:43:39,252000,10.696
2026/04/29 15:43:39,253000,10.699
2026/04/29 15:43:39,254000,10.691
2026/04/29 15:43:39,255000,10.693
2026/04/29 15:43:39,256000,10.696
2026/04/29 15:43:39,257000,10.696
2026/04/29 15:43:39,258000,10.699
2026/04/29 15:43:39,259000,10.691
2026/04/29 15:43:39,260000,10.696
2026/04/29 15:43:39,261000,10.691
2026/04/29 15:43:39,262000,10.699
2026/04/29 15:43:39,263000,10.699
2026/04/29 15:43:39,264000,10.696
2026/04/29 15:43:39,265000,10.696
2026/04/29 15:43:39,266000,10.693
2026/04/29 15:43:39,267000,10.688
2026/04/29 15:43:39,268000,10.699
2026/04/29 15:43:39,269000,10.696
2026/04/29 15:43:39,270000,10.696
2026/04/29 15:43:39,271000,10.702
2026/04/29 15:43:39,272000,10.696
2026/04/29 15:43:39,273000,10.699
2026/04/29 15:43:39,274000,10.696
2026/04/29 15:43:39,275000,10.693
2026/04/29 15:43:39,276000,10.688
2026/04/29 15:43:39,277000,10.696
2026/04/29 15:43:39,278000,10.699
2026/04/29 15:43:39,279000,10.699
2026/04/29 15:43:39,280000,10.696
2026/04/29 15:43:39,281000,10.699
2026/04/29 15:43:39,282000,10.702
2026/04/29 15:43:39,283000,10.705
2026/04/29 15:43:39,284000,10.696
2026/04/29 15:43:39,285000,10.699
2026/04/29 15:43:39,286000,10.696
2026/04/29 15:43:39,287000,10.696
2026/04/29 15:43:39,288000,10.691
2026/04/29 15:43:39,289000,10.696
2026/04/29 15:43:39,290000,10.702
2026/04/29 15:43:39,291000,10.696
2026/04/29 15:43:39,292000,10.696
2026/04/29 15:43:39,293000,10.693
2026/04/29 15:43:39,294000,10.696
2026/04/29 15:43:39,295000,10.705
2026/04/29 15:43:39,296000,10.702
2026/04/29 15:43:39,297000,10.696
2026/04/29 15:43:39,298000,10.699
2026/04/29 15:43:39,299000,10.696
2026/04/29 15:43:39,300000,10.696
2026/04/29 15:43:39,301000,10.696
2026/04/29 15:43:39,302000,10.702
2026/04/29 15:43:39,303000,10.699
2026/04/29 15:43:39,304000,10.702
2026/04/29 15:43:39,305000,10.696
2026/04/29 15:43:39,306000,10.699
2026/04/29 15:43:39,307000,10.705
2026/04/29 15:43:39,308000,10.699
2026/04/29 15:43:39,309000,10.699
2026/04/29 15:43:39,310000,10.705
2026/04/29 15:43:39,311000,10.702
2026/04/29 15:43:39,312000,10.699
2026/04/29 15:43:39,313000,10.699
2026/04/29 15:43:39,314000,10.693
2026/04/29 15:43:39,315000,10.702
2026/04/29 15:43:39,316000,10.699
2026/04/29 15:43:39,317000,10.702
2026/04/29 15:43:39,318000,10.699
2026/04/29 15:43:39,319000,10.699
2026/04/29 15:43:39,320000,10.699
2026/04/29 15:43:39,321000,10.702
2026/04/29 15:43:39,322000,10.693
2026/04/29 15:43:39,323000,10.702
2026/04/29 15:43:39,324000,10.699
2026/04/29 15:43:39,325000,10.699
2026/04/29 15:43:39,326000,10.699
2026/04/29 15:43:39,327000,10.705
2026/04/29 15:43:39,328000,10.696
2026/04/29 15:43:39,329000,10.696
2026/04/29 15:43:39,330000,10.696
2026/04/29 15:43:39,331000,10.702
2026/04/29 15:43:39,332000,10.699
2026/04/29 15:43:39,333000,10.699
2026/04/29 15:43:39,334000,10.707
2026/04/29 15:43:39,335000,10.702
2026/04/29 15:43:39,336000,10.693
2026/04/29 15:43:39,337000,10.696
2026/04/29 15:43:39,338000,10.702
2026/04/29 15:43:39,339000,10.699
2026/04/29 15:43:39,340000,10.705
2026/04/29 15:43:39,341000,10.702
2026/04/29 15:43:39,342000,10.699
2026/04/29 15:43:39,343000,10.705
2026/04/29 15:43:39,344000,10.702
2026/04/29 15:43:39,345000,10.707
2026/04/29 15:43:39,346000,10.710
2026/04/29 15:43:39,347000,10.702
2026/04/29 15:43:39,348000,10.705
2026/04/29 15:43:39,349000,10.707
2026/04/29 15:43:39,350000,10.705
2026/04/29 15:43:39,351000,10.691
2026/04/29 15:43:39,352000,10.702
2026/04/29 15:43:39,353000,10.702
2026/04/29 15:43:39,354000,10.702
2026/04/29 15:43:39,355000,10.702
2026/04/29 15:43:39,356000,10.702
2026/04/29 15:43:39,357000,10.702
2026/04/29 15:43:39,358000,10.705
2026/04/29 15:43:39,359000,10.696
2026/04/29 15:43:39,360000,10.696
2026/04/29 15:43:39,361000,10.705
2026/04/29 15:43:39,362000,10.699
2026/04/29 15:43:39,363000,10.707
2026/04/29 15:43:39,364000,10.710
2026/04/29 15:43:39,365000,10.710
2026/04/29 15:43:39,366000,10.705
2026/04/29 15:43:39,367000,10.707
2026/04/29 15:43:39,368000,10.702
2026/04/29 15:43:39,369000,10.699
2026/04/29 15:43:39,370000,10.702
2026/04/29 15:43:39,371000,10.705
2026/04/29 15:43:39,372000,10.702
2026/04/29 15:43:39,373000,10.705
2026/04/29 15:43:39,374000,10.705
2026/04/29 15:43:39,375000,10.705
2026/04/29 15:43:39,376000,10.699
2026/04/29 15:43:39,377000,10.705
2026/04/29 15:43:39,378000,10.705
2026/04/29 15:43:39,379000,10.702
2026/04/29 15:43:39,380000,10.705
2026/04/29 15:43:39,381000,10.702
2026/04/29 15:43:39,382000,10.705
2026/04/29 15:43:39,383000,10.702
2026/04/29 15:43:39,384000,10.702
2026/04/29 15:43:39,385000,10.705
2026/04/29 15:43:39,386000,10.707
2026/04/29 15:43:39,387000,10.705
2026/04/29 15:43:39,388000,10.705
2026/04/29 15:43:39,389000,10.705
2026/04/29 15:43:39,390000,10.705
2026/04/29 15:43:39,391000,10.707
2026/04/29 15:43:39,392000,10.710
2026/04/29 15:43:39,393000,10.705
2026/04/29 15:43:39,394000,10.710
2026/04/29 15:43:39,395000,10.707
2026/04/29 15:43:39,396000,10.702
2026/04/29 15:43:39,397000,10.707
2026/04/29 15:43:39,398000,10.710
2026/04/29 15:43:39,399000,10.707
2026/04/29 15:43:39,400000,10.707
2026/04/29 15:43:39,401000,10.705
2026/04/29 15:43:39,402000,10.707
2026/04/29 15:43:39,403000,10.707
2026/04/29 15:43:39,404000,10.705
2026/04/29 15:43:39,405000,10.699
2026/04/29 15:43:39,406000,10.710
2026/04/29 15:43:39,407000,10.710
2026/04/29 15:43:39,408000,10.707
2026/04/29 15:43:39,409000,10.699
2026/04/29 15:43:39,410000,10.705
2026/04/29 15:43:39,411000,10.707
2026/04/29 15:43:39,412000,10.707
2026/04/29 15:43:39,413000,10.705
2026/04/29 15:43:39,414000,10.710
2026/04/29 15:43:39,415000,10.705
2026/04/29 15:43:39,416000,10.710
2026/04/29 15:43:39,417000,10.710
2026/04/29 15:43:39,418000,10.713
2026/04/29 15:43:39,419000,10.705
2026/04/29 15:43:39,420000,10.705
2026/04/29 15:43:39,421000,10.716
2026/04/29 15:43:39,422000,10.713
2026/04/29 15:43:39,423000,10.710
2026/04/29 15:43:39,424000,10.705
2026/04/29 15:43:39,425000,10.705
2026/04/29 15:43:39,426000,10.705
2026/04/29 15:43:39,427000,10.710
2026/04/29 15:43:39,428000,10.707
2026/04/29 15:43:39,429000,10.707
2026/04/29 15:43:39,430000,10.716
2026/04/29 15:43:39,431000,10.707
2026/04/29 15:43:39,432000,10.707
2026/04/29 15:43:39,433000,10.707
2026/04/29 15:43:39,434000,10.710
2026/04/29 15:43:39,435000,10.710
2026/04/29 15:43:39,436000,10.710
2026/04/29 15:43:39,437000,10.707
2026/04/29 15:43:39,438000,10.707
2026/04/29 15:43:39,439000,10.707
2026/04/29 15:43:39,440000,10.710
2026/04/29 15:43:39,441000,10.710
2026/04/29 15:43:39,442000,10.707
2026/04/29 15:43:39,443000,10.713
2026/04/29 15:43:39,444000,10.707
2026/04/29 15:43:39,445000,10.710
2026/04/29 15:43:39,446000,10.710
2026/04/29 15:43:39,447000,10.707
2026/04/29 15:43:39,448000,10.713
2026/04/29 15:43:39,449000,10.710
2026/04/29 15:43:39,450000,10.713
2026/04/29 15:43:39,451000,10.710
2026/04/29 15:43:39,452000,10.707
2026/04/29 15:43:39,453000,10.713
2026/04/29 15:43:39,454000,10.710
2026/04/29 15:43:39,455000,10.710
2026/04/29 15:43:39,456000,10.710
2026/04/29 15:43:39,457000,10.707
2026/04/29 15:43:39,458000,10.707
2026/04/29 15:43:39,459000,10.713
2026/04/29 15:43:39,460000,10.707
2026/04/29 15:43:39,461000,10.716
2026/04/29 15:43:39,462000,10.710
2026/04/29 15:43:39,463000,10.710
2026/04/29 15:43:39,464000,10.710
2026/04/29 15:43:39,465000,10.710
2026/04/29 15:43:39,466000,10.716
2026/04/29 15:43:39,467000,10.719
2026/04/29 15:43:39,468000,10.710
2026/04/29 15:43:39,469000,10.710
2026/04/29 15:43:39,470000,10.705
2026/04/29 15:43:39,471000,10.707
2026/04/29 15:43:39,472000,10.710
2026/04/29 15:43:39,473000,10.716
2026/04/29 15:43:39,474000,10.705
2026/04/29 15:43:39,475000,10.716
2026/04/29 15:43:39,476000,10.716
2026/04/29 15:43:39,477000,10.710
2026/04/29 15:43:39,478000,10.713
2026/04/29 15:43:39,479000,10.721
2026/04/29 15:43:39,480000,10.710
2026/04/29 15:43:39,481000,10.713
2026/04/29 15:43:39,482000,10.719
2026/04/29 15:43:39,483000,10.716
2026/04/29 15:43:39,484000,10.713
2026/04/29 15:43:39,485000,10.710
2026/04/29 15:43:39,486000,10.710
2026/04/29 15:43:39,487000,10.721
2026/04/29 15:43:39,488000,10.716
2026/04/29 15:43:39,489000,10.710
2026/04/29 15:43:39,490000,10.716
2026/04/29 15:43:39,491000,10.713
2026/04/29 15:43:39,492000,10.710
2026/04/29 15:43:39,493000,10.710
2026/04/29 15:43:39,494000,10.710
2026/04/29 15:43:39,495000,10.713
2026/04/29 15:43:39,496000,10.713
2026/04/29 15:43:39,497000,10.719
2026/04/29 15:43:39,498000,10.707
2026/04/29 15:43:39,499000,10.719
2026/04/29 15:43:39,500000,10.719
2026/04/29 15:43:39,501000,10.716
2026/04/29 15:43:39,502000,10.721
2026/04/29 15:43:39,503000,10.710
2026/04/29 15:43:39,504000,10.713
2026/04/29 15:43:39,505000,10.710
2026/04/29 15:43:39,506000,10.716
2026/04/29 15:43:39,507000,10.713
2026/04/29 15:43:39,508000,10.719
2026/04/29 15:43:39,509000,10.713
2026/04/29 15:43:39,510000,10.719
2026/04/29 15:43:39,511000,10.716
2026/04/29 15:43:39,512000,10.724
2026/04/29 15:43:39,513000,10.710
2026/04/29 15:43:39,514000,10.716
2026/04/29 15:43:39,515000,10.716
2026/04/29 15:43:39,516000,10.710
2026/04/29 15:43:39,517000,10.719
2026/04/29 15:43:39,518000,10.713
2026/04/29 15:43:39,519000,10.716
2026/04/29 15:43:39,520000,10.719
2026/04/29 15:43:39,521000,10.716
2026/04/29 15:43:39,522000,10.719
2026/04/29 15:43:39,523000,10.724
2026/04/29 15:43:39,524000,10.716
2026/04/29 15:43:39,525000,10.716
2026/04/29 15:43:39,526000,10.716
2026/04/29 15:43:39,527000,10.716
2026/04/29 15:43:39,528000,10.719
2026/04/29 15:43:39,529000,10.713
2026/04/29 15:43:39,530000,10.716
2026/04/29 15:43:39,531000,10.716
2026/04/29 15:43:39,532000,10.716
2026/04/29 15:43:39,533000,10.719
2026/04/29 15:43:39,534000,10.713
2026/04/29 15:43:39,535000,10.719
2026/04/29 15:43:39,536000,10.719
2026/04/29 15:43:39,537000,10.710
2026/04/29 15:43:39,538000,10.721
2026/04/29 15:43:39,539000,10.716
2026/04/29 15:43:39,540000,10.716
2026/04/29 15:43:39,541000,10.719
2026/04/29 15:43:39,542000,10.719
2026/04/29 15:43:39,543000,10.713
2026/04/29 15:43:39,544000,10.721
2026/04/29 15:43:39,545000,10.721
2026/04/29 15:43:39,546000,10.721
2026/04/29 15:43:39,547000,10.719
2026/04/29 15:43:39,548000,10.716
2026/04/29 15:43:39,549000,10.716
2026/04/29 15:43:39,550000,10.719
2026/04/29 15:43:39,551000,10.721
2026/04/29 15:43:39,552000,10.719
2026/04/29 15:43:39,553000,10.719
2026/04/29 15:43:39,554000,10.710
2026/04/29 15:43:39,555000,10.721
2026/04/29 15:43:39,556000,10.719
2026/04/29 15:43:39,557000,10.716
2026/04/29 15:43:39,558000,10.713
2026/04/29 15:43:39,559000,10.713
2026/04/29 15:43:39,560000,10.713
2026/04/29 15:43:39,561000,10.721
2026/04/29 15:43:39,562000,10.724
2026/04/29 15:43:39,563000,10.724
2026/04/29 15:43:39,564000,10.721
2026/04/29 15:43:39,565000,10.721
2026/04/29 15:43:39,566000,10.702
2026/04/29 15:43:39,567000,10.721
2026/04/29 15:43:39,568000,10.716
2026/04/29 15:43:39,569000,10.721
2026/04/29 15:43:39,570000,10.721
2026/04/29 15:43:39,571000,10.716
2026/04/29 15:43:39,572000,10.721
2026/04/29 15:43:39,573000,10.721
2026/04/29 15:43:39,574000,10.713
2026/04/29 15:43:39,575000,10.710
2026/04/29 15:43:39,576000,10.716
2026/04/29 15:43:39,577000,10.716
2026/04/29 15:43:39,578000,10.721
2026/04/29 15:43:39,579000,10.724
2026/04/29 15:43:39,580000,10.719
2026/04/29 15:43:39,581000,10.716
2026/04/29 15:43:39,582000,10.724
2026/04/29 15:43:39,583000,10.716
2026/04/29 15:43:39,584000,10.710
2026/04/29 15:43:39,585000,10.719
2026/04/29 15:43:39,586000,10.721
2026/04/29 15:43:39,587000,10.719
2026/04/29 15:43:39,588000,10.721
2026/04/29 15:43:39,589000,10.719
2026/04/29 15:43:39,590000,10.713
2026/04/29 15:43:39,591000,10.719
2026/04/29 15:43:39,592000,10.716
2026/04/29 15:43:39,593000,10.724
2026/04/29 15:43:39,594000,10.719
2026/04/29 15:43:39,595000,10.716
2026/04/29 15:43:39,596000,10.716
2026/04/29 15:43:39,597000,10.716
2026/04/29 15:43:39,598000,10.719
2026/04/29 15:43:39,599000,10.721
2026/04/29 15:43:39,600000,10.721
2026/04/29 15:43:39,601000,10.721
2026/04/29 15:43:39,602000,10.721
2026/04/29 15:43:39,603000,10.719
2026/04/29 15:43:39,604000,10.719
2026/04/29 15:43:39,605000,10.721
2026/04/29 15:43:39,606000,10.719
2026/04/29 15:43:39,607000,10.716
2026/04/29 15:43:39,608000,10.719
2026/04/29 15:43:39,609000,10.716
2026/04/29 15:43:39,610000,10.721
2026/04/29 15:43:39,611000,10.727
2026/04/29 15:43:39,612000,10.721
2026/04/29 15:43:39,613000,10.727
2026/04/29 15:43:39,614000,10.721
2026/04/29 15:43:39,615000,10.719
2026/04/29 15:43:39,616000,10.716
2026/04/29 15:43:39,617000,10.721
2026/04/29 15:43:39,618000,10.716
2026/04/29 15:43:39,619000,10.719
2026/04/29 15:43:39,620000,10.719
2026/04/29 15:43:39,621000,10.710
2026/04/29 15:43:39,622000,10.724
2026/04/29 15:43:39,623000,10.724
2026/04/29 15:43:39,624000,10.721
2026/04/29 15:43:39,625000,10.716
2026/04/29 15:43:39,626000,10.716
2026/04/29 15:43:39,627000,10.721
2026/04/29 15:43:39,628000,10.719
2026/04/29 15:43:39,629000,10.724
2026/04/29 15:43:39,630000,10.721
2026/04/29 15:43:39,631000,10.719
2026/04/29 15:43:39,632000,10.719
2026/04/29 15:43:39,633000,10.721
2026/04/29 15:43:39,634000,10.724
2026/04/29 15:43:39,635000,10.721
2026/04/29 15:43:39,636000,10.721
2026/04/29 15:43:39,637000,10.721
2026/04/29 15:43:39,638000,10.724
2026/04/29 15:43:39,639000,10.724
2026/04/29 15:43:39,640000,10.721
2026/04/29 15:43:39,641000,10.719
2026/04/29 15:43:39,642000,10.724
2026/04/29 15:43:39,643000,10.730
2026/04/29 15:43:39,644000,10.719
2026/04/29 15:43:39,645000,10.724
2026/04/29 15:43:39,646000,10.724
2026/04/29 15:43:39,647000,10.727
2026/04/29 15:43:39,648000,10.721
2026/04/29 15:43:39,649000,10.724
2026/04/29 15:43:39,650000,10.719
2026/04/29 15:43:39,651000,10.727
2026/04/29 15:43:39,652000,10.721
2026/04/29 15:43:39,653000,10.721
2026/04/29 15:43:39,654000,10.724
2026/04/29 15:43:39,655000,10.719
2026/04/29 15:43:39,656000,10.727
2026/04/29 15:43:39,657000,10.716
2026/04/29 15:43:39,658000,10.727
2026/04/29 15:43:39,659000,10.721
2026/04/29 15:43:39,660000,10.724
2026/04/29 15:43:39,661000,10.719
2026/04/29 15:43:39,662000,10.724
2026/04/29 15:43:39,663000,10.721
2026/04/29 15:43:39,664000,10.727
2026/04/29 15:43:39,665000,10.724
2026/04/29 15:43:39,666000,10.724
2026/04/29 15:43:39,667000,10.721
2026/04/29 15:43:39,668000,10.727
2026/04/29 15:43:39,669000,10.721
2026/04/29 15:43:39,670000,10.724
2026/04/29 15:43:39,671000,10.724
2026/04/29 15:43:39,672000,10.721
2026/04/29 15:43:39,673000,10.724
2026/04/29 15:43:39,674000,10.721
2026/04/29 15:43:39,675000,10.724
2026/04/29 15:43:39,676000,10.727
2026/04/29 15:43:39,677000,10.719
2026/04/29 15:43:39,678000,10.724
2026/04/29 15:43:39,679000,10.730
2026/04/29 15:43:39,680000,10.724
2026/04/29 15:43:39,681000,10.724
2026/04/29 15:43:39,682000,10.724
2026/04/29 15:43:39,683000,10.730
2026/04/29 15:43:39,684000,10.730
2026/04/29 15:43:39,685000,10.730
2026/04/29 15:43:39,686000,10.727
2026/04/29 15:43:39,687000,10.727
2026/04/29 15:43:39,688000,10.713
2026/04/29 15:43:39,689000,10.724
2026/04/29 15:43:39,690000,10.727
2026/04/29 15:43:39,691000,10.724
2026/04/29 15:43:39,692000,10.730
2026/04/29 15:43:39,693000,10.724
2026/04/29 15:43:39,694000,10.724
2026/04/29 15:43:39,695000,10.719
2026/04/29 15:43:39,696000,10.724
2026/04/29 15:43:39,697000,10.721
2026/04/29 15:43:39,698000,10.724
2026/04/29 15:43:39,699000,10.730
2026/04/29 15:43:39,700000,10.727
2026/04/29 15:43:39,701000,10.730
2026/04/29 15:43:39,702000,10.730
2026/04/29 15:43:39,703000,10.721
2026/04/29 15:43:39,704000,10.724
2026/04/29 15:43:39,705000,10.727
2026/04/29 15:43:39,706000,10.724
2026/04/29 15:43:39,707000,10.724
2026/04/29 15:43:39,708000,10.730
2026/04/29 15:43:39,709000,10.727
2026/04/29 15:43:39,710000,10.727
2026/04/29 15:43:39,711000,10.730
2026/04/29 15:43:39,712000,10.732
2026/04/29 15:43:39,713000,10.724
2026/04/29 15:43:39,714000,10.727
2026/04/29 15:43:39,715000,10.721
2026/04/29 15:43:39,716000,10.724
2026/04/29 15:43:39,717000,10.727
2026/04/29 15:43:39,718000,10.727
2026/04/29 15:43:39,719000,10.732
2026/04/29 15:43:39,720000,10.727
2026/04/29 15:43:39,721000,10.727
2026/04/29 15:43:39,722000,10.724
2026/04/29 15:43:39,723000,10.721
2026/04/29 15:43:39,724000,10.724
2026/04/29 15:43:39,725000,10.727
2026/04/29 15:43:39,726000,10.727
2026/04/29 15:43:39,727000,10.721
2026/04/29 15:43:39,728000,10.730
2026/04/29 15:43:39,729000,10.732
2026/04/29 15:43:39,730000,10.730
2026/04/29 15:43:39,731000,10.724
2026/04/29 15:43:39,732000,10.730
2026/04/29 15:43:39,733000,10.732
2026/04/29 15:43:39,734000,10.732
2026/04/29 15:43:39,735000,10.724
2026/04/29 15:43:39,736000,10.732
2026/04/29 15:43:39,737000,10.721
2026/04/29 15:43:39,738000,10.727
2026/04/29 15:43:39,739000,10.724
2026/04/29 15:43:39,740000,10.724
2026/04/29 15:43:39,741000,10.730
2026/04/29 15:43:39,742000,10.721
2026/04/29 15:43:39,743000,10.727
2026/04/29 15:43:39,744000,10.727
2026/04/29 15:43:39,745000,10.735
2026/04/29 15:43:39,746000,10.730
2026/04/29 15:43:39,747000,10.727
2026/04/29 15:43:39,748000,10.721
2026/04/29 15:43:39,749000,10.732
2026/04/29 15:43:39,750000,10.724
2026/04/29 15:43:39,751000,10.727
2026/04/29 15:43:39,752000,10.732
2026/04/29 15:43:39,753000,10.730
2026/04/29 15:43:39,754000,10.724
2026/04/29 15:43:39,755000,10.727
2026/04/29 15:43:39,756000,10.727
2026/04/29 15:43:39,757000,10.724
2026/04/29 15:43:39,758000,10.730
2026/04/29 15:43:39,759000,10.730
2026/04/29 15:43:39,760000,10.730
2026/04/29 15:43:39,761000,10.719
2026/04/29 15:43:39,762000,10.732
2026/04/29 15:43:39,763000,10.724
2026/04/29 15:43:39,764000,10.727
2026/04/29 15:43:39,765000,10.727
2026/04/29 15:43:39,766000,10.727
2026/04/29 15:43:39,767000,10.730
2026/04/29 15:43:39,768000,10.732
2026/04/29 15:43:39,769000,10.719
2026/04/29 15:43:39,770000,10.727
2026/04/29 15:43:39,771000,10.727
2026/04/29 15:43:39,772000,10.730
2026/04/29 15:43:39,773000,10.732
2026/04/29 15:43:39,774000,10.730
2026/04/29 15:43:39,775000,10.730
2026/04/29 15:43:39,776000,10.732
2026/04/29 15:43:39,777000,10.727
2026/04/29 15:43:39,778000,10.724
2026/04/29 15:43:39,779000,10.727
2026/04/29 15:43:39,780000,10.730
2026/04/29 15:43:39,781000,10.730
2026/04/29 15:43:39,782000,10.730
2026/04/29 15:43:39,783000,10.732
2026/04/29 15:43:39,784000,10.727
2026/04/29 15:43:39,785000,10.727
2026/04/29 15:43:39,786000,10.730
2026/04/29 15:43:39,787000,10.730
2026/04/29 15:43:39,788000,10.732
2026/04/29 15:43:39,789000,10.727
2026/04/29 15:43:39,790000,10.732
2026/04/29 15:43:39,791000,10.727
2026/04/29 15:43:39,792000,10.732
2026/04/29 15:43:39,793000,10.732
2026/04/29 15:43:39,794000,10.727
2026/04/29 15:43:39,795000,10.730
2026/04/29 15:43:39,796000,10.730
2026/04/29 15:43:39,797000,10.727
2026/04/29 15:43:39,798000,10.732
2026/04/29 15:43:39,799000,10.730
2026/04/29 15:43:39,800000,10.730
2026/04/29 15:43:39,801000,10.727
2026/04/29 15:43:39,802000,10.730
2026/04/29 15:43:39,803000,10.732
2026/04/29 15:43:39,804000,10.730
2026/04/29 15:43:39,805000,10.730
2026/04/29 15:43:39,806000,10.727
2026/04/29 15:43:39,807000,10.727
2026/04/29 15:43:39,808000,10.732
2026/04/29 15:43:39,809000,10.727
2026/04/29 15:43:39,810000,10.735
2026/04/29 15:43:39,811000,10.730
2026/04/29 15:43:39,812000,10.732
2026/04/29 15:43:39,813000,10.732
2026/04/29 15:43:39,814000,10.730
2026/04/29 15:43:39,815000,10.732
2026/04/29 15:43:39,816000,10.735
2026/04/29 15:43:39,817000,10.738
2026/04/29 15:43:39,818000,10.732
2026/04/29 15:43:39,819000,10.727
2026/04/29 15:43:39,820000,10.721
2026/04/29 15:43:39,821000,10.735
2026/04/29 15:43:39,822000,10.730
2026/04/29 15:43:39,823000,10.738
2026/04/29 15:43:39,824000,10.730
2026/04/29 15:43:39,825000,10.727
2026/04/29 15:43:39,826000,10.735
2026/04/29 15:43:39,827000,10.727
2026/04/29 15:43:39,828000,10.735
2026/04/29 15:43:39,829000,10.727
2026/04/29 15:43:39,830000,10.727
2026/04/29 15:43:39,831000,10.732
2026/04/29 15:43:39,832000,10.730
2026/04/29 15:43:39,833000,10.735
2026/04/29 15:43:39,834000,10.738
2026/04/29 15:43:39,835000,10.738
2026/04/29 15:43:39,836000,10.732
2026/04/29 15:43:39,837000,10.732
2026/04/29 15:43:39,838000,10.732
2026/04/29 15:43:39,839000,10.730
2026/04/29 15:43:39,840000,10.732
2026/04/29 15:43:39,841000,10.730
2026/04/29 15:43:39,842000,10.732
2026/04/29 15:43:39,843000,10.732
2026/04/29 15:43:39,844000,10.732
2026/04/29 15:43:39,845000,10.732
2026/04/29 15:43:39,846000,10.721
2026/04/29 15:43:39,847000,10.732
2026/04/29 15:43:39,848000,10.738
2026/04/29 15:43:39,849000,10.732
2026/04/29 15:43:39,850000,10.727
2026/04/29 15:43:39,851000,10.730
2026/04/29 15:43:39,852000,10.732
2026/04/29 15:43:39,853000,10.732
2026/04/29 15:43:39,854000,10.730
2026/04/29 15:43:39,855000,10.730
2026/04/29 15:43:39,856000,10.730
2026/04/29 15:43:39,857000,10.741
2026/04/29 15:43:39,858000,10.735
2026/04/29 15:43:39,859000,10.735
2026/04/29 15:43:39,860000,10.732
2026/04/29 15:43:39,861000,10.735
2026/04/29 15:43:39,862000,10.735
2026/04/29 15:43:39,863000,10.735
2026/04/29 15:43:39,864000,10.732
2026/04/29 15:43:39,865000,10.732
2026/04/29 15:43:39,866000,10.732
2026/04/29 15:43:39,867000,10.732
2026/04/29 15:43:39,868000,10.738
2026/04/29 15:43:39,869000,10.735
2026/04/29 15:43:39,870000,10.741
2026/04/29 15:43:39,871000,10.732
2026/04/29 15:43:39,872000,10.735
2026/04/29 15:43:39,873000,10.735
2026/04/29 15:43:39,874000,10.738
2026/04/29 15:43:39,875000,10.732
2026/04/29 15:43:39,876000,10.735
2026/04/29 15:43:39,877000,10.735
2026/04/29 15:43:39,878000,10.738
2026/04/29 15:43:39,879000,10.735
2026/04/29 15:43:39,880000,10.735
2026/04/29 15:43:39,881000,10.732
2026/04/29 15:43:39,882000,10.735
2026/04/29 15:43:39,883000,10.735
2026/04/29 15:43:39,884000,10.738
2026/04/29 15:43:39,885000,10.732
2026/04/29 15:43:39,886000,10.732
2026/04/29 15:43:39,887000,10.735
2026/04/29 15:43:39,888000,10.738
2026/04/29 15:43:39,889000,10.738
2026/04/29 15:43:39,890000,10.732
2026/04/29 15:43:39,891000,10.730
2026/04/29 15:43:39,892000,10.738
2026/04/29 15:43:39,893000,10.732
2026/04/29 15:43:39,894000,10.744
2026/04/29 15:43:39,895000,10.738
2026/04/29 15:43:39,896000,10.735
2026/04/29 15:43:39,897000,10.732
2026/04/29 15:43:39,898000,10.730
2026/04/29 15:43:39,899000,10.741
2026/04/29 15:43:39,900000,10.732
2026/04/29 15:43:39,901000,10.732
2026/04/29 15:43:39,902000,10.732
2026/04/29 15:43:39,903000,10.727
2026/04/29 15:43:39,904000,10.735
2026/04/29 15:43:39,905000,10.738
2026/04/29 15:43:39,906000,10.732
2026/04/29 15:43:39,907000,10.738
2026/04/29 15:43:39,908000,10.730
2026/04/29 15:43:39,909000,10.735
2026/04/29 15:43:39,910000,10.746
2026/04/29 15:43:39,911000,10.732
2026/04/29 15:43:39,912000,10.738
2026/04/29 15:43:39,913000,10.738
2026/04/29 15:43:39,914000,10.738
2026/04/29 15:43:39,915000,10.738
2026/04/29 15:43:39,916000,10.738
2026/04/29 15:43:39,917000,10.738
2026/04/29 15:43:39,918000,10.738
2026/04/29 15:43:39,919000,10.732
2026/04/29 15:43:39,920000,10.738
2026/04/29 15:43:39,921000,10.735
2026/04/29 15:43:39,922000,10.738
2026/04/29 15:43:39,923000,10.732
2026/04/29 15:43:39,924000,10.738
2026/04/29 15:43:39,925000,10.735
2026/04/29 15:43:39,926000,10.738
2026/04/29 15:43:39,927000,10.741
2026/04/29 15:43:39,928000,10.735
2026/04/29 15:43:39,929000,10.738
2026/04/29 15:43:39,930000,10.738
2026/04/29 15:43:39,931000,10.735
2026/04/29 15:43:39,932000,10.744
2026/04/29 15:43:39,933000,10.738
2026/04/29 15:43:39,934000,10.741
2026/04/29 15:43:39,935000,10.744
2026/04/29 15:43:39,936000,10.735
2026/04/29 15:43:39,937000,10.732
2026/04/29 15:43:39,938000,10.735
2026/04/29 15:43:39,939000,10.735
2026/04/29 15:43:39,940000,10.738
2026/04/29 15:43:39,941000,10.746
2026/04/29 15:43:39,942000,10.744
2026/04/29 15:43:39,943000,10.738
2026/04/29 15:43:39,944000,10.741
2026/04/29 15:43:39,945000,10.735
2026/04/29 15:43:39,946000,10.738
2026/04/29 15:43:39,947000,10.735
2026/04/29 15:43:39,948000,10.738
2026/04/29 15:43:39,949000,10.744
2026/04/29 15:43:39,950000,10.744
2026/04/29 15:43:39,951000,10.738
2026/04/29 15:43:39,952000,10.738
2026/04/29 15:43:39,953000,10.738
2026/04/29 15:43:39,954000,10.741
2026/04/29 15:43:39,955000,10.744
2026/04/29 15:43:39,956000,10.735
2026/04/29 15:43:39,957000,10.738
2026/04/29 15:43:39,958000,10.749
2026/04/29 15:43:39,959000,10.738
2026/04/29 15:43:39,960000,10.732
2026/04/29 15:43:39,961000,10.741
2026/04/29 15:43:39,962000,10.738
2026/04/29 15:43:39,963000,10.741
2026/04/29 15:43:39,964000,10.741
2026/04/29 15:43:39,965000,10.744
2026/04/29 15:43:39,966000,10.744
2026/04/29 15:43:39,967000,10.741
2026/04/29 15:43:39,968000,10.741
2026/04/29 15:43:39,969000,10.738
2026/04/29 15:43:39,970000,10.738
2026/04/29 15:43:39,971000,10.738
2026/04/29 15:43:39,972000,10.738
2026/04/29 15:43:39,973000,10.738
2026/04/29 15:43:39,974000,10.738
2026/04/29 15:43:39,975000,10.741
2026/04/29 15:43:39,976000,10.741
2026/04/29 15:43:39,977000,10.741
2026/04/29 15:43:39,978000,10.741
2026/04/29 15:43:39,979000,10.738
2026/04/29 15:43:39,980000,10.741
2026/04/29 15:43:39,981000,10.738
2026/04/29 15:43:39,982000,10.741
2026/04/29 15:43:39,983000,10.741
2026/04/29 15:43:39,984000,10.738
2026/04/29 15:43:39,985000,10.744
2026/04/29 15:43:39,986000,10.741
2026/04/29 15:43:39,987000,10.741
2026/04/29 15:43:39,988000,10.741
2026/04/29 15:43:39,989000,10.741
2026/04/29 15:43:39,990000,10.735
2026/04/29 15:43:39,991000,10.746
2026/04/29 15:43:39,992000,10.746
2026/04/29 15:43:39,993000,10.744
2026/04/29 15:43:39,994000,10.744
2026/04/29 15:43:39,995000,10.741
2026/04/29 15:43:39,996000,10.744
2026/04/29 15:43:39,997000,10.741
2026/04/29 15:43:39,998000,10.744
2026/04/29 15:43:39,999000,10.741
2026/04/29 15:43:40,000000,10.741
2026/04/29 15:43:40,001000,10.738
2026/04/29 15:43:40,002000,10.741
2026/04/29 15:43:40,003000,10.741
2026/04/29 15:43:40,004000,10.738
2026/04/29 15:43:40,005000,10.749
2026/04/29 15:43:40,006000,10.744
2026/04/29 15:43:40,007000,10.744
2026/04/29 15:43:40,008000,10.738
2026/04/29 15:43:40,009000,10.744
2026/04/29 15:43:40,010000,10.735
2026/04/29 15:43:40,011000,10.738
2026/04/29 15:43:40,012000,10.741
2026/04/29 15:43:40,013000,10.746
2026/04/29 15:43:40,014000,10.738
2026/04/29 15:43:40,015000,10.741
2026/04/29 15:43:40,016000,10.746
2026/04/29 15:43:40,017000,10.744
2026/04/29 15:43:40,018000,10.746
2026/04/29 15:43:40,019000,10.746
2026/04/29 15:43:40,020000,10.744
2026/04/29 15:43:40,021000,10.746
2026/04/29 15:43:40,022000,10.735
2026/04/29 15:43:40,023000,10.744
2026/04/29 15:43:40,024000,10.744
2026/04/29 15:43:40,025000,10.744
2026/04/29 15:43:40,026000,10.741
2026/04/29 15:43:40,027000,10.738
2026/04/29 15:43:40,028000,10.749
2026/04/29 15:43:40,029000,10.744
2026/04/29 15:43:40,030000,10.741
2026/04/29 15:43:40,031000,10.741
2026/04/29 15:43:40,032000,10.746
2026/04/29 15:43:40,033000,10.749
2026/04/29 15:43:40,034000,10.741
2026/04/29 15:43:40,035000,10.746
2026/04/29 15:43:40,036000,10.744
2026/04/29 15:43:40,037000,10.741
2026/04/29 15:43:40,038000,10.746
2026/04/29 15:43:40,039000,10.746
2026/04/29 15:43:40,040000,10.741
2026/04/29 15:43:40,041000,10.744
2026/04/29 15:43:40,042000,10.741
2026/04/29 15:43:40,043000,10.744
2026/04/29 15:43:40,044000,10.741
2026/04/29 15:43:40,045000,10.749
2026/04/29 15:43:40,046000,10.746
2026/04/29 15:43:40,047000,10.744
2026/04/29 15:43:40,048000,10.741
2026/04/29 15:43:40,049000,10.749
2026/04/29 15:43:40,050000,10.746
2026/04/29 15:43:40,051000,10.746
2026/04/29 15:43:40,052000,10.744
2026/04/29 15:43:40,053000,10.749
2026/04/29 15:43:40,054000,10.741
2026/04/29 15:43:40,055000,10.741
2026/04/29 15:43:40,056000,10.746
2026/04/29 15:43:40,057000,10.746
2026/04/29 15:43:40,058000,10.749
2026/04/29 15:43:40,059000,10.738
2026/04/29 15:43:40,060000,10.746
2026/04/29 15:43:40,061000,10.746
2026/04/29 15:43:40,062000,10.746
2026/04/29 15:43:40,063000,10.744
2026/04/29 15:43:40,064000,10.746
2026/04/29 15:43:40,065000,10.744
2026/04/29 15:43:40,066000,10.746
2026/04/29 15:43:40,067000,10.746
2026/04/29 15:43:40,068000,10.741
2026/04/29 15:43:40,069000,10.744
2026/04/29 15:43:40,070000,10.746
2026/04/29 15:43:40,071000,10.744
2026/04/29 15:43:40,072000,10.744
2026/04/29 15:43:40,073000,10.741
2026/04/29 15:43:40,074000,10.741
2026/04/29 15:43:40,075000,10.741
2026/04/29 15:43:40,076000,10.744
2026/04/29 15:43:40,077000,10.746
2026/04/29 15:43:40,078000,10.749
2026/04/29 15:43:40,079000,10.738
2026/04/29 15:43:40,080000,10.752
2026/04/29 15:43:40,081000,10.746
2026/04/29 15:43:40,082000,10.744
2026/04/29 15:43:40,083000,10.744
2026/04/29 15:43:40,084000,10.746
2026/04/29 15:43:40,085000,10.744
2026/04/29 15:43:40,086000,10.744
2026/04/29 15:43:40,087000,10.746
2026/04/29 15:43:40,088000,10.746
2026/04/29 15:43:40,089000,10.744
2026/04/29 15:43:40,090000,10.749
2026/04/29 15:43:40,091000,10.746
2026/04/29 15:43:40,092000,10.744
2026/04/29 15:43:40,093000,10.746
2026/04/29 15:43:40,094000,10.741
2026/04/29 15:43:40,095000,10.749
2026/04/29 15:43:40,096000,10.746
2026/04/29 15:43:40,097000,10.746
2026/04/29 15:43:40,098000,10.746
2026/04/29 15:43:40,099000,10.749
2026/04/29 15:43:40,100000,10.746
2026/04/29 15:43:40,101000,10.749
2026/04/29 15:43:40,102000,10.738
2026/04/29 15:43:40,103000,10.744
2026/04/29 15:43:40,104000,10.744
2026/04/29 15:43:40,105000,10.746
2026/04/29 15:43:40,106000,10.749
2026/04/29 15:43:40,107000,10.746
2026/04/29 15:43:40,108000,10.749
2026/04/29 15:43:40,109000,10.752
2026/04/29 15:43:40,110000,10.741
2026/04/29 15:43:40,111000,10.749
2026/04/29 15:43:40,112000,10.744
2026/04/29 15:43:40,113000,10.746
2026/04/29 15:43:40,114000,10.746
2026/04/29 15:43:40,115000,10.746
2026/04/29 15:43:40,116000,10.746
2026/04/29 15:43:40,117000,10.744
2026/04/29 15:43:40,118000,10.746
2026/04/29 15:43:40,119000,10.749
2026/04/29 15:43:40,120000,10.749
2026/04/29 15:43:40,121000,10.755
2026/04/29 15:43:40,122000,10.746
2026/04/29 15:43:40,123000,10.752
2026/04/29 15:43:40,124000,10.749
2026/04/29 15:43:40,125000,10.749
2026/04/29 15:43:40,126000,10.752
2026/04/29 15:43:40,127000,10.746
2026/04/29 15:43:40,128000,10.749
2026/04/29 15:43:40,129000,10.749
2026/04/29 15:43:40,130000,10.741
2026/04/29 15:43:40,131000,10.749
2026/04/29 15:43:40,132000,10.741
2026/04/29 15:43:40,133000,10.746
2026/04/29 15:43:40,134000,10.752
2026/04/29 15:43:40,135000,10.744
2026/04/29 15:43:40,136000,10.744
2026/04/29 15:43:40,137000,10.755
2026/04/29 15:43:40,138000,10.749
2026/04/29 15:43:40,139000,10.752
2026/04/29 15:43:40,140000,10.746
2026/04/29 15:43:40,141000,10.749
2026/04/29 15:43:40,142000,10.749
2026/04/29 15:43:40,143000,10.752
2026/04/29 15:43:40,144000,10.749
2026/04/29 15:43:40,145000,10.749
2026/04/29 15:43:40,146000,10.755
2026/04/29 15:43:40,147000,10.746
2026/04/29 15:43:40,148000,10.752
2026/04/29 15:43:40,149000,10.749
2026/04/29 15:43:40,150000,10.749
2026/04/29 15:43:40,151000,10.749
2026/04/29 15:43:40,152000,10.744
2026/04/29 15:43:40,153000,10.738
2026/04/29 15:43:40,154000,10.744
2026/04/29 15:43:40,155000,10.752
2026/04/29 15:43:40,156000,10.749
2026/04/29 15:43:40,157000,10.749
2026/04/29 15:43:40,158000,10.749
2026/04/29 15:43:40,159000,10.749
2026/04/29 15:43:40,160000,10.755
2026/04/29 15:43:40,161000,10.744
2026/04/29 15:43:40,162000,10.752
2026/04/29 15:43:40,163000,10.744
2026/04/29 15:43:40,164000,10.752
2026/04/29 15:43:40,165000,10.752
2026/04/29 15:43:40,166000,10.744
2026/04/29 15:43:40,167000,10.749
2026/04/29 15:43:40,168000,10.749
2026/04/29 15:43:40,169000,10.752
2026/04/29 15:43:40,170000,10.752
2026/04/29 15:43:40,171000,10.744
2026/04/29 15:43:40,172000,10.746
2026/04/29 15:43:40,173000,10.755
2026/04/29 15:43:40,174000,10.746
2026/04/29 15:43:40,175000,10.749
2026/04/29 15:43:40,176000,10.755
2026/04/29 15:43:40,177000,10.744
2026/04/29 15:43:40,178000,10.749
2026/04/29 15:43:40,179000,10.746
2026/04/29 15:43:40,180000,10.746
2026/04/29 15:43:40,181000,10.746
2026/04/29 15:43:40,182000,10.752
2026/04/29 15:43:40,183000,10.749
2026/04/29 15:43:40,184000,10.755
2026/04/29 15:43:40,185000,10.752
2026/04/29 15:43:40,186000,10.746
2026/04/29 15:43:40,187000,10.749
2026/04/29 15:43:40,188000,10.749
2026/04/29 15:43:40,189000,10.749
2026/04/29 15:43:40,190000,10.741
2026/04/29 15:43:40,191000,10.752
2026/04/29 15:43:40,192000,10.755
2026/04/29 15:43:40,193000,10.755
2026/04/29 15:43:40,194000,10.755
2026/04/29 15:43:40,195000,10.744
2026/04/29 15:43:40,196000,10.749
2026/04/29 15:43:40,197000,10.749
2026/04/29 15:43:40,198000,10.749
2026/04/29 15:43:40,199000,10.749
2026/04/29 15:43:40,200000,10.752
2026/04/29 15:43:40,201000,10.752
2026/04/29 15:43:40,202000,10.749
2026/04/29 15:43:40,203000,10.746
2026/04/29 15:43:40,204000,10.749
2026/04/29 15:43:40,205000,10.752
2026/04/29 15:43:40,206000,10.744
2026/04/29 15:43:40,207000,10.755
2026/04/29 15:43:40,208000,10.749
2026/04/29 15:43:40,209000,10.746
2026/04/29 15:43:40,210000,10.744
2026/04/29 15:43:40,211000,10.749
2026/04/29 15:43:40,212000,10.755
2026/04/29 15:43:40,213000,10.749
2026/04/29 15:43:40,214000,10.749
2026/04/29 15:43:40,215000,10.749
2026/04/29 15:43:40,216000,10.744
2026/04/29 15:43:40,217000,10.752
2026/04/29 15:43:40,218000,10.755
2026/04/29 15:43:40,219000,10.755
2026/04/29 15:43:40,220000,10.760
2026/04/29 15:43:40,221000,10.752
2026/04/29 15:43:40,222000,10.746
2026/04/29 15:43:40,223000,10.755
2026/04/29 15:43:40,224000,10.752
2026/04/29 15:43:40,225000,10.746
2026/04/29 15:43:40,226000,10.752
2026/04/29 15:43:40,227000,10.755
2026/04/29 15:43:40,228000,10.755
2026/04/29 15:43:40,229000,10.746
2026/04/29 15:43:40,230000,10.749
2026/04/29 15:43:40,231000,10.749
2026/04/29 15:43:40,232000,10.749
2026/04/29 15:43:40,233000,10.755
2026/04/29 15:43:40,234000,10.760
2026/04/29 15:43:40,235000,10.755
2026/04/29 15:43:40,236000,10.746
2026/04/29 15:43:40,237000,10.749
2026/04/29 15:43:40,238000,10.755
2026/04/29 15:43:40,239000,10.746
2026/04/29 15:43:40,240000,10.752
2026/04/29 15:43:40,241000,10.755
2026/04/29 15:43:40,242000,10.758
2026/04/29 15:43:40,243000,10.749
2026/04/29 15:43:40,244000,10.755
2026/04/29 15:43:40,245000,10.752
2026/04/29 15:43:40,246000,10.752
2026/04/29 15:43:40,247000,10.755
2026/04/29 15:43:40,248000,10.752
2026/04/29 15:43:40,249000,10.749
2026/04/29 15:43:40,250000,10.749
2026/04/29 15:43:40,251000,10.752
2026/04/29 15:43:40,252000,10.752
2026/04/29 15:43:40,253000,10.752
2026/04/29 15:43:40,254000,10.752
2026/04/29 15:43:40,255000,10.752
2026/04/29 15:43:40,256000,10.752
2026/04/29 15:43:40,257000,10.749
2026/04/29 15:43:40,258000,10.760
2026/04/29 15:43:40,259000,10.749
2026/04/29 15:43:40,260000,10.758
2026/04/29 15:43:40,261000,10.755
2026/04/29 15:43:40,262000,10.755
2026/04/29 15:43:40,263000,10.758
2026/04/29 15:43:40,264000,10.758
2026/04/29 15:43:40,265000,10.755
2026/04/29 15:43:40,266000,10.755
2026/04/29 15:43:40,267000,10.755
2026/04/29 15:43:40,268000,10.752
2026/04/29 15:43:40,269000,10.752
2026/04/29 15:43:40,270000,10.749
2026/04/29 15:43:40,271000,10.755
2026/04/29 15:43:40,272000,10.755
2026/04/29 15:43:40,273000,10.758
2026/04/29 15:43:40,274000,10.752
2026/04/29 15:43:40,275000,10.755
2026/04/29 15:43:40,276000,10.758
2026/04/29 15:43:40,277000,10.755
2026/04/29 15:43:40,278000,10.755
2026/04/29 15:43:40,279000,10.755
2026/04/29 15:43:40,280000,10.752
2026/04/29 15:43:40,281000,10.746
2026/04/29 15:43:40,282000,10.758
2026/04/29 15:43:40,283000,10.752
2026/04/29 15:43:40,284000,10.755
2026/04/29 15:43:40,285000,10.758
2026/04/29 15:43:40,286000,10.758
2026/04/29 15:43:40,287000,10.749
2026/04/29 15:43:40,288000,10.755
2026/04/29 15:43:40,289000,10.758
2026/04/29 15:43:40,290000,10.749
2026/04/29 15:43:40,291000,10.755
2026/04/29 15:43:40,292000,10.755
2026/04/29 15:43:40,293000,10.758
2026/04/29 15:43:40,294000,10.766
2026/04/29 15:43:40,295000,10.760
2026/04/29 15:43:40,296000,10.755
2026/04/29 15:43:40,297000,10.755
2026/04/29 15:43:40,298000,10.755
2026/04/29 15:43:40,299000,10.755
2026/04/29 15:43:40,300000,10.755
2026/04/29 15:43:40,301000,10.755
2026/04/29 15:43:40,302000,10.755
2026/04/29 15:43:40,303000,10.755
2026/04/29 15:43:40,304000,10.755
2026/04/29 15:43:40,305000,10.755
2026/04/29 15:43:40,306000,10.760
2026/04/29 15:43:40,307000,10.755
2026/04/29 15:43:40,308000,10.763
2026/04/29 15:43:40,309000,10.752
2026/04/29 15:43:40,310000,10.760
2026/04/29 15:43:40,311000,10.760
2026/04/29 15:43:40,312000,10.760
2026/04/29 15:43:40,313000,10.760
2026/04/29 15:43:40,314000,10.758
2026/04/29 15:43:40,315000,10.755
2026/04/29 15:43:40,316000,10.755
2026/04/29 15:43:40,317000,10.766
2026/04/29 15:43:40,318000,10.763
2026/04/29 15:43:40,319000,10.755
2026/04/29 15:43:40,320000,10.760
2026/04/29 15:43:40,321000,10.755
2026/04/29 15:43:40,322000,10.758
2026/04/29 15:43:40,323000,10.760
2026/04/29 15:43:40,324000,10.752
2026/04/29 15:43:40,325000,10.760
2026/04/29 15:43:40,326000,10.755
2026/04/29 15:43:40,327000,10.749
2026/04/29 15:43:40,328000,10.755
2026/04/29 15:43:40,329000,10.758
2026/04/29 15:43:40,330000,10.758
2026/04/29 15:43:40,331000,10.763
2026/04/29 15:43:40,332000,10.755
2026/04/29 15:43:40,333000,10.760
2026/04/29 15:43:40,334000,10.763
2026/04/29 15:43:40,335000,10.766
2026/04/29 15:43:40,336000,10.760
2026/04/29 15:43:40,337000,10.760
2026/04/29 15:43:40,338000,10.763
2026/04/29 15:43:40,339000,10.758
2026/04/29 15:43:40,340000,10.758
2026/04/29 15:43:40,341000,10.763
2026/04/29 15:43:40,342000,10.763
2026/04/29 15:43:40,343000,10.763
2026/04/29 15:43:40,344000,10.769
2026/04/29 15:43:40,345000,10.760
2026/04/29 15:43:40,346000,10.760
2026/04/29 15:43:40,347000,10.760
2026/04/29 15:43:40,348000,10.766
2026/04/29 15:43:40,349000,10.755
2026/04/29 15:43:40,350000,10.760
2026/04/29 15:43:40,351000,10.766
2026/04/29 15:43:40,352000,10.763
2026/04/29 15:43:40,353000,10.763
2026/04/29 15:43:40,354000,10.763
2026/04/29 15:43:40,355000,10.760
2026/04/29 15:43:40,356000,10.760
2026/04/29 15:43:40,357000,10.760
2026/04/29 15:43:40,358000,10.769
2026/04/29 15:43:40,359000,10.760
2026/04/29 15:43:40,360000,10.763
2026/04/29 15:43:40,361000,10.760
2026/04/29 15:43:40,362000,10.763
2026/04/29 15:43:40,363000,10.766
2026/04/29 15:43:40,364000,10.760
2026/04/29 15:43:40,365000,10.766
2026/04/29 15:43:40,366000,10.766
2026/04/29 15:43:40,367000,10.766
2026/04/29 15:43:40,368000,10.760
2026/04/29 15:43:40,369000,10.763
2026/04/29 15:43:40,370000,10.763
2026/04/29 15:43:40,371000,10.763
2026/04/29 15:43:40,372000,10.763
2026/04/29 15:43:40,373000,10.763
2026/04/29 15:43:40,374000,10.769
2026/04/29 15:43:40,375000,10.763
2026/04/29 15:43:40,376000,10.769
2026/04/29 15:43:40,377000,10.763
2026/04/29 15:43:40,378000,10.769
2026/04/29 15:43:40,379000,10.763
2026/04/29 15:43:40,380000,10.763
2026/04/29 15:43:40,381000,10.763
2026/04/29 15:43:40,382000,10.760
2026/04/29 15:43:40,383000,10.766
2026/04/29 15:43:40,384000,10.763
2026/04/29 15:43:40,385000,10.772
2026/04/29 15:43:40,386000,10.766
2026/04/29 15:43:40,387000,10.766
2026/04/29 15:43:40,388000,10.772
2026/04/29 15:43:40,389000,10.763
2026/04/29 15:43:40,390000,10.769
2026/04/29 15:43:40,391000,10.766
2026/04/29 15:43:40,392000,10.769
2026/04/29 15:43:40,393000,10.766
2026/04/29 15:43:40,394000,10.763
2026/04/29 15:43:40,395000,10.772
2026/04/29 15:43:40,396000,10.760
2026/04/29 15:43:40,397000,10.763
2026/04/29 15:43:40,398000,10.766
2026/04/29 15:43:40,399000,10.760
2026/04/29 15:43:40,400000,10.766
2026/04/29 15:43:40,401000,10.760
2026/04/29 15:43:40,402000,10.763
2026/04/29 15:43:40,403000,10.766
2026/04/29 15:43:40,404000,10.769
2026/04/29 15:43:40,405000,10.769
2026/04/29 15:43:40,406000,10.760
2026/04/29 15:43:40,407000,10.772
2026/04/29 15:43:40,408000,10.769
2026/04/29 15:43:40,409000,10.772
2026/04/29 15:43:40,410000,10.766
2026/04/29 15:43:40,411000,10.763
2026/04/29 15:43:40,412000,10.766
2026/04/29 15:43:40,413000,10.766
2026/04/29 15:43:40,414000,10.774
2026/04/29 15:43:40,415000,10.766
2026/04/29 15:43:40,416000,10.766
2026/04/29 15:43:40,417000,10.772
2026/04/29 15:43:40,418000,10.769
2026/04/29 15:43:40,419000,10.774
2026/04/29 15:43:40,420000,10.760
2026/04/29 15:43:40,421000,10.766
2026/04/29 15:43:40,422000,10.769
2026/04/29 15:43:40,423000,10.763
2026/04/29 15:43:40,424000,10.772
2026/04/29 15:43:40,425000,10.774
2026/04/29 15:43:40,426000,10.766
2026/04/29 15:43:40,427000,10.769
2026/04/29 15:43:40,428000,10.772
2026/04/29 15:43:40,429000,10.766
2026/04/29 15:43:40,430000,10.769
2026/04/29 15:43:40,431000,10.769
2026/04/29 15:43:40,432000,10.772
2026/04/29 15:43:40,433000,10.772
2026/04/29 15:43:40,434000,10.769
2026/04/29 15:43:40,435000,10.772
2026/04/29 15:43:40,436000,10.769
2026/04/29 15:43:40,437000,10.774
2026/04/29 15:43:40,438000,10.777
2026/04/29 15:43:40,439000,10.769
2026/04/29 15:43:40,440000,10.772
2026/04/29 15:43:40,441000,10.772
2026/04/29 15:43:40,442000,10.774
2026/04/29 15:43:40,443000,10.769
2026/04/29 15:43:40,444000,10.766
2026/04/29 15:43:40,445000,10.766
2026/04/29 15:43:40,446000,10.766
2026/04/29 15:43:40,447000,10.772
2026/04/29 15:43:40,448000,10.766
2026/04/29 15:43:40,449000,10.763
2026/04/29 15:43:40,450000,10.772
2026/04/29 15:43:40,451000,10.769
2026/04/29 15:43:40,452000,10.766
2026/04/29 15:43:40,453000,10.772
2026/04/29 15:43:40,454000,10.769
2026/04/29 15:43:40,455000,10.774
2026/04/29 15:43:40,456000,10.774
2026/04/29 15:43:40,457000,10.774
2026/04/29 15:43:40,458000,10.772
2026/04/29 15:43:40,459000,10.766
2026/04/29 15:43:40,460000,10.763
2026/04/29 15:43:40,461000,10.769
2026/04/29 15:43:40,462000,10.774
2026/04/29 15:43:40,463000,10.769
2026/04/29 15:43:40,464000,10.780
2026/04/29 15:43:40,465000,10.769
2026/04/29 15:43:40,466000,10.777
2026/04/29 15:43:40,467000,10.774
2026/04/29 15:43:40,468000,10.769
2026/04/29 15:43:40,469000,10.777
2026/04/29 15:43:40,470000,10.774
2026/04/29 15:43:40,471000,10.769
2026/04/29 15:43:40,472000,10.772
2026/04/29 15:43:40,473000,10.777
2026/04/29 15:43:40,474000,10.774
2026/04/29 15:43:40,475000,10.774
2026/04/29 15:43:40,476000,10.772
2026/04/29 15:43:40,477000,10.783
2026/04/29 15:43:40,478000,10.772
2026/04/29 15:43:40,479000,10.772
2026/04/29 15:43:40,480000,10.780
2026/04/29 15:43:40,481000,10.772
2026/04/29 15:43:40,482000,10.777
2026/04/29 15:43:40,483000,10.766
2026/04/29 15:43:40,484000,10.777
2026/04/29 15:43:40,485000,10.777
2026/04/29 15:43:40,486000,10.777
2026/04/29 15:43:40,487000,10.780
2026/04/29 15:43:40,488000,10.769
2026/04/29 15:43:40,489000,10.772
2026/04/29 15:43:40,490000,10.777
2026/04/29 15:43:40,491000,10.769
2026/04/29 15:43:40,492000,10.774
2026/04/29 15:43:40,493000,10.777
2026/04/29 15:43:40,494000,10.774
2026/04/29 15:43:40,495000,10.774
2026/04/29 15:43:40,496000,10.772
2026/04/29 15:43:40,497000,10.777
2026/04/29 15:43:40,498000,10.777
2026/04/29 15:43:40,499000,10.780
2026/04/29 15:43:40,500000,10.772
2026/04/29 15:43:40,501000,10.772
2026/04/29 15:43:40,502000,10.777
2026/04/29 15:43:40,503000,10.774
2026/04/29 15:43:40,504000,10.777
2026/04/29 15:43:40,505000,10.772
2026/04/29 15:43:40,506000,10.772
2026/04/29 15:43:40,507000,10.774
2026/04/29 15:43:40,508000,10.766
2026/04/29 15:43:40,509000,10.774
2026/04/29 15:43:40,510000,10.772
2026/04/29 15:43:40,511000,10.769
2026/04/29 15:43:40,512000,10.780
2026/04/29 15:43:40,513000,10.774
2026/04/29 15:43:40,514000,10.774
2026/04/29 15:43:40,515000,10.766
2026/04/29 15:43:40,516000,10.772
2026/04/29 15:43:40,517000,10.774
2026/04/29 15:43:40,518000,10.772
2026/04/29 15:43:40,519000,10.769
2026/04/29 15:43:40,520000,10.783
2026/04/29 15:43:40,521000,10.774
2026/04/29 15:43:40,522000,10.780
2026/04/29 15:43:40,523000,10.777
2026/04/29 15:43:40,524000,10.774
2026/04/29 15:43:40,525000,10.772
2026/04/29 15:43:40,526000,10.774
2026/04/29 15:43:40,527000,10.772
2026/04/29 15:43:40,528000,10.777
2026/04/29 15:43:40,529000,10.777
2026/04/29 15:43:40,530000,10.777
2026/04/29 15:43:40,531000,10.777
2026/04/29 15:43:40,532000,10.783
2026/04/29 15:43:40,533000,10.774
2026/04/29 15:43:40,534000,10.780
2026/04/29 15:43:40,535000,10.774
2026/04/29 15:43:40,536000,10.772
2026/04/29 15:43:40,537000,10.774
2026/04/29 15:43:40,538000,10.780
2026/04/29 15:43:40,539000,10.777
2026/04/29 15:43:40,540000,10.774
2026/04/29 15:43:40,541000,10.777
2026/04/29 15:43:40,542000,10.780
2026/04/29 15:43:40,543000,10.769
2026/04/29 15:43:40,544000,10.774
2026/04/29 15:43:40,545000,10.780
2026/04/29 15:43:40,546000,10.780
2026/04/29 15:43:40,547000,10.780
2026/04/29 15:43:40,548000,10.777
2026/04/29 15:43:40,549000,10.783
2026/04/29 15:43:40,550000,10.780
2026/04/29 15:43:40,551000,10.777
2026/04/29 15:43:40,552000,10.777
2026/04/29 15:43:40,553000,10.780
2026/04/29 15:43:40,554000,10.780
2026/04/29 15:43:40,555000,10.777
2026/04/29 15:43:40,556000,10.780
2026/04/29 15:43:40,557000,10.780
2026/04/29 15:43:40,558000,10.783
2026/04/29 15:43:40,559000,10.783
2026/04/29 15:43:40,560000,10.780
2026/04/29 15:43:40,561000,10.774
2026/04/29 15:43:40,562000,10.783
2026/04/29 15:43:40,563000,10.777
2026/04/29 15:43:40,564000,10.780
2026/04/29 15:43:40,565000,10.783
2026/04/29 15:43:40,566000,10.783
2026/04/29 15:43:40,567000,10.774
2026/04/29 15:43:40,568000,10.777
2026/04/29 15:43:40,569000,10.783
2026/04/29 15:43:40,570000,10.774
2026/04/29 15:43:40,571000,10.774
2026/04/29 15:43:40,572000,10.783
2026/04/29 15:43:40,573000,10.777
2026/04/29 15:43:40,574000,10.780
2026/04/29 15:43:40,575000,10.780
2026/04/29 15:43:40,576000,10.780
2026/04/29 15:43:40,577000,10.783
2026/04/29 15:43:40,578000,10.774
2026/04/29 15:43:40,579000,10.780
2026/04/29 15:43:40,580000,10.783
2026/04/29 15:43:40,581000,10.783
2026/04/29 15:43:40,582000,10.780
2026/04/29 15:43:40,583000,10.780
2026/04/29 15:43:40,584000,10.780
2026/04/29 15:43:40,585000,10.786
2026/04/29 15:43:40,586000,10.786
2026/04/29 15:43:40,587000,10.780
2026/04/29 15:43:40,588000,10.780
2026/04/29 15:43:40,589000,10.777
2026/04/29 15:43:40,590000,10.777
2026/04/29 15:43:40,591000,10.783
2026/04/29 15:43:40,592000,10.780
2026/04/29 15:43:40,593000,10.783
2026/04/29 15:43:40,594000,10.783
2026/04/29 15:43:40,595000,10.777
2026/04/29 15:43:40,596000,10.780
2026/04/29 15:43:40,597000,10.786
2026/04/29 15:43:40,598000,10.788
2026/04/29 15:43:40,599000,10.783
2026/04/29 15:43:40,600000,10.783
2026/04/29 15:43:40,601000,10.780
2026/04/29 15:43:40,602000,10.786
2026/04/29 15:43:40,603000,10.783
2026/04/29 15:43:40,604000,10.783
2026/04/29 15:43:40,605000,10.791
2026/04/29 15:43:40,606000,10.786
2026/04/29 15:43:40,607000,10.783
2026/04/29 15:43:40,608000,10.783
2026/04/29 15:43:40,609000,10.777
2026/04/29 15:43:40,610000,10.783
2026/04/29 15:43:40,611000,10.786
2026/04/29 15:43:40,612000,10.786
2026/04/29 15:43:40,613000,10.788
2026/04/29 15:43:40,614000,10.777
2026/04/29 15:43:40,615000,10.780
2026/04/29 15:43:40,616000,10.783
2026/04/29 15:43:40,617000,10.783
2026/04/29 15:43:40,618000,10.783
2026/04/29 15:43:40,619000,10.788
2026/04/29 15:43:40,620000,10.786
2026/04/29 15:43:40,621000,10.788
2026/04/29 15:43:40,622000,10.783
2026/04/29 15:43:40,623000,10.788
2026/04/29 15:43:40,624000,10.788
2026/04/29 15:43:40,625000,10.786
2026/04/29 15:43:40,626000,10.788
2026/04/29 15:43:40,627000,10.788
2026/04/29 15:43:40,628000,10.788
2026/04/29 15:43:40,629000,10.783
2026/04/29 15:43:40,630000,10.780
2026/04/29 15:43:40,631000,10.783
2026/04/29 15:43:40,632000,10.788
2026/04/29 15:43:40,633000,10.786
2026/04/29 15:43:40,634000,10.780
2026/04/29 15:43:40,635000,10.780
2026/04/29 15:43:40,636000,10.783
2026/04/29 15:43:40,637000,10.788
2026/04/29 15:43:40,638000,10.786
2026/04/29 15:43:40,639000,10.783
2026/04/29 15:43:40,640000,10.786
2026/04/29 15:43:40,641000,10.777
2026/04/29 15:43:40,642000,10.788
2026/04/29 15:43:40,643000,10.786
2026/04/29 15:43:40,644000,10.786
2026/04/29 15:43:40,645000,10.783
2026/04/29 15:43:40,646000,10.786
2026/04/29 15:43:40,647000,10.783
2026/04/29 15:43:40,648000,10.791
2026/04/29 15:43:40,649000,10.786
2026/04/29 15:43:40,650000,10.783
2026/04/29 15:43:40,651000,10.786
2026/04/29 15:43:40,652000,10.786
2026/04/29 15:43:40,653000,10.786
2026/04/29 15:43:40,654000,10.788
2026/04/29 15:43:40,655000,10.791
2026/04/29 15:43:40,656000,10.788
2026/04/29 15:43:40,657000,10.788
2026/04/29 15:43:40,658000,10.788
2026/04/29 15:43:40,659000,10.786
2026/04/29 15:43:40,660000,10.783
2026/04/29 15:43:40,661000,10.786
2026/04/29 15:43:40,662000,10.791
2026/04/29 15:43:40,663000,10.788
2026/04/29 15:43:40,664000,10.786
2026/04/29 15:43:40,665000,10.783
2026/04/29 15:43:40,666000,10.788
2026/04/29 15:43:40,667000,10.791
2026/04/29 15:43:40,668000,10.788
2026/04/29 15:43:40,669000,10.786
2026/04/29 15:43:40,670000,10.788
2026/04/29 15:43:40,671000,10.786
2026/04/29 15:43:40,672000,10.791
2026/04/29 15:43:40,673000,10.788
2026/04/29 15:43:40,674000,10.797
2026/04/29 15:43:40,675000,10.783
2026/04/29 15:43:40,676000,10.786
2026/04/29 15:43:40,677000,10.786
2026/04/29 15:43:40,678000,10.786
2026/04/29 15:43:40,679000,10.786
2026/04/29 15:43:40,680000,10.791
2026/04/29 15:43:40,681000,10.794
2026/04/29 15:43:40,682000,10.786
2026/04/29 15:43:40,683000,10.791
2026/04/29 15:43:40,684000,10.786
2026/04/29 15:43:40,685000,10.791
2026/04/29 15:43:40,686000,10.786
2026/04/29 15:43:40,687000,10.788
2026/04/29 15:43:40,688000,10.788
2026/04/29 15:43:40,689000,10.791
2026/04/29 15:43:40,690000,10.788
2026/04/29 15:43:40,691000,10.786
2026/04/29 15:43:40,692000,10.791
2026/04/29 15:43:40,693000,10.797
2026/04/29 15:43:40,694000,10.791
2026/04/29 15:43:40,695000,10.797
2026/04/29 15:43:40,696000,10.797
2026/04/29 15:43:40,697000,10.791
2026/04/29 15:43:40,698000,10.794
2026/04/29 15:43:40,699000,10.797
2026/04/29 15:43:40,700000,10.797
2026/04/29 15:43:40,701000,10.791
2026/04/29 15:43:40,702000,10.791
2026/04/29 15:43:40,703000,10.791
2026/04/29 15:43:40,704000,10.794
2026/04/29 15:43:40,705000,10.794
2026/04/29 15:43:40,706000,10.791
2026/04/29 15:43:40,707000,10.788
2026/04/29 15:43:40,708000,10.794
2026/04/29 15:43:40,709000,10.794
2026/04/29 15:43:40,710000,10.794
2026/04/29 15:43:40,711000,10.791
2026/04/29 15:43:40,712000,10.791
2026/04/29 15:43:40,713000,10.791
2026/04/29 15:43:40,714000,10.794
2026/04/29 15:43:40,715000,10.794
2026/04/29 15:43:40,716000,10.794
2026/04/29 15:43:40,717000,10.794
2026/04/29 15:43:40,718000,10.797
2026/04/29 15:43:40,719000,10.791
2026/04/29 15:43:40,720000,10.794
2026/04/29 15:43:40,721000,10.797
2026/04/29 15:43:40,722000,10.794
2026/04/29 15:43:40,723000,10.794
2026/04/29 15:43:40,724000,10.791
2026/04/29 15:43:40,725000,10.794
2026/04/29 15:43:40,726000,10.797
2026/04/29 15:43:40,727000,10.794
2026/04/29 15:43:40,728000,10.797
2026/04/29 15:43:40,729000,10.800
2026/04/29 15:43:40,730000,10.794
2026/04/29 15:43:40,731000,10.791
2026/04/29 15:43:40,732000,10.797
2026/04/29 15:43:40,733000,10.797
2026/04/29 15:43:40,734000,10.794
2026/04/29 15:43:40,735000,10.797
2026/04/29 15:43:40,736000,10.791
2026/04/29 15:43:40,737000,10.791
2026/04/29 15:43:40,738000,10.794
2026/04/29 15:43:40,739000,10.797
2026/04/29 15:43:40,740000,10.794
2026/04/29 15:43:40,741000,10.797
2026/04/29 15:43:40,742000,10.788
2026/04/29 15:43:40,743000,10.791
2026/04/29 15:43:40,744000,10.797
2026/04/29 15:43:40,745000,10.794
2026/04/29 15:43:40,746000,10.794
2026/04/29 15:43:40,747000,10.800
2026/04/29 15:43:40,748000,10.797
2026/04/29 15:43:40,749000,10.797
2026/04/29 15:43:40,750000,10.791
2026/04/29 15:43:40,751000,10.794
2026/04/29 15:43:40,752000,10.794
2026/04/29 15:43:40,753000,10.794
2026/04/29 15:43:40,754000,10.797
2026/04/29 15:43:40,755000,10.794
2026/04/29 15:43:40,756000,10.797
2026/04/29 15:43:40,757000,10.797
2026/04/29 15:43:40,758000,10.794
2026/04/29 15:43:40,759000,10.802
2026/04/29 15:43:40,760000,10.797
2026/04/29 15:43:40,761000,10.800
2026/04/29 15:43:40,762000,10.802
2026/04/29 15:43:40,763000,10.797
2026/04/29 15:43:40,764000,10.797
2026/04/29 15:43:40,765000,10.791
2026/04/29 15:43:40,766000,10.800
2026/04/29 15:43:40,767000,10.797
2026/04/29 15:43:40,768000,10.797
2026/04/29 15:43:40,769000,10.797
2026/04/29 15:43:40,770000,10.797
2026/04/29 15:43:40,771000,10.797
2026/04/29 15:43:40,772000,10.802
2026/04/29 15:43:40,773000,10.794
2026/04/29 15:43:40,774000,10.800
2026/04/29 15:43:40,775000,10.794
2026/04/29 15:43:40,776000,10.800
2026/04/29 15:43:40,777000,10.800
2026/04/29 15:43:40,778000,10.797
2026/04/29 15:43:40,779000,10.800
2026/04/29 15:43:40,780000,10.805
2026/04/29 15:43:40,781000,10.797
2026/04/29 15:43:40,782000,10.797
2026/04/29 15:43:40,783000,10.797
2026/04/29 15:43:40,784000,10.794
2026/04/29 15:43:40,785000,10.800
2026/04/29 15:43:40,786000,10.797
2026/04/29 15:43:40,787000,10.800
2026/04/29 15:43:40,788000,10.802
2026/04/29 15:43:40,789000,10.800
2026/04/29 15:43:40,790000,10.797
2026/04/29 15:43:40,791000,10.800
2026/04/29 15:43:40,792000,10.794
2026/04/29 15:43:40,793000,10.800
2026/04/29 15:43:40,794000,10.802
2026/04/29 15:43:40,795000,10.800
2026/04/29 15:43:40,796000,10.805
2026/04/29 15:43:40,797000,10.794
2026/04/29 15:43:40,798000,10.797
2026/04/29 15:43:40,799000,10.800
2026/04/29 15:43:40,800000,10.802
2026/04/29 15:43:40,801000,10.797
2026/04/29 15:43:40,802000,10.800
2026/04/29 15:43:40,803000,10.797
2026/04/29 15:43:40,804000,10.802
2026/04/29 15:43:40,805000,10.800
2026/04/29 15:43:40,806000,10.800
2026/04/29 15:43:40,807000,10.802
2026/04/29 15:43:40,808000,10.794
2026/04/29 15:43:40,809000,10.800
2026/04/29 15:43:40,810000,10.800
2026/04/29 15:43:40,811000,10.800
2026/04/29 15:43:40,812000,10.808
2026/04/29 15:43:40,813000,10.797
2026/04/29 15:43:40,814000,10.802
2026/04/29 15:43:40,815000,10.797
2026/04/29 15:43:40,816000,10.800
2026/04/29 15:43:40,817000,10.800
2026/04/29 15:43:40,818000,10.800
2026/04/29 15:43:40,819000,10.800
2026/04/29 15:43:40,820000,10.800
2026/04/29 15:43:40,821000,10.802
2026/04/29 15:43:40,822000,10.797
2026/04/29 15:43:40,823000,10.791
2026/04/29 15:43:40,824000,10.805
2026/04/29 15:43:40,825000,10.800
2026/04/29 15:43:40,826000,10.800
2026/04/29 15:43:40,827000,10.800
2026/04/29 15:43:40,828000,10.805
2026/04/29 15:43:40,829000,10.800
2026/04/29 15:43:40,830000,10.802
2026/04/29 15:43:40,831000,10.808
2026/04/29 15:43:40,832000,10.808
2026/04/29 15:43:40,833000,10.802
2026/04/29 15:43:40,834000,10.800
2026/04/29 15:43:40,835000,10.802
2026/04/29 15:43:40,836000,10.800
2026/04/29 15:43:40,837000,10.797
2026/04/29 15:43:40,838000,10.802
2026/04/29 15:43:40,839000,10.805
2026/04/29 15:43:40,840000,10.802
2026/04/29 15:43:40,841000,10.797
2026/04/29 15:43:40,842000,10.800
2026/04/29 15:43:40,843000,10.808
2026/04/29 15:43:40,844000,10.802
2026/04/29 15:43:40,845000,10.805
2026/04/29 15:43:40,846000,10.802
2026/04/29 15:43:40,847000,10.802
2026/04/29 15:43:40,848000,10.800
2026/04/29 15:43:40,849000,10.802
2026/04/29 15:43:40,850000,10.808
2026/04/29 15:43:40,851000,10.811
2026/04/29 15:43:40,852000,10.800
2026/04/29 15:43:40,853000,10.805
2026/04/29 15:43:40,854000,10.802
2026/04/29 15:43:40,855000,10.800
2026/04/29 15:43:40,856000,10.805
2026/04/29 15:43:40,857000,10.802
2026/04/29 15:43:40,858000,10.811
2026/04/29 15:43:40,859000,10.811
2026/04/29 15:43:40,860000,10.808
2026/04/29 15:43:40,861000,10.800
2026/04/29 15:43:40,862000,10.811
2026/04/29 15:43:40,863000,10.811
2026/04/29 15:43:40,864000,10.805
2026/04/29 15:43:40,865000,10.808
2026/04/29 15:43:40,866000,10.808
2026/04/29 15:43:40,867000,10.805
2026/04/29 15:43:40,868000,10.805
2026/04/29 15:43:40,869000,10.811
2026/04/29 15:43:40,870000,10.808
2026/04/29 15:43:40,871000,10.805
2026/04/29 15:43:40,872000,10.811
2026/04/29 15:43:40,873000,10.802
2026/04/29 15:43:40,874000,10.805
2026/04/29 15:43:40,875000,10.802
2026/04/29 15:43:40,876000,10.811
2026/04/29 15:43:40,877000,10.811
2026/04/29 15:43:40,878000,10.811
2026/04/29 15:43:40,879000,10.805
2026/04/29 15:43:40,880000,10.805
2026/04/29 15:43:40,881000,10.811
2026/04/29 15:43:40,882000,10.814
2026/04/29 15:43:40,883000,10.805
2026/04/29 15:43:40,884000,10.814
2026/04/29 15:43:40,885000,10.808
2026/04/29 15:43:40,886000,10.814
2026/04/29 15:43:40,887000,10.814
2026/04/29 15:43:40,888000,10.811
2026/04/29 15:43:40,889000,10.811
2026/04/29 15:43:40,890000,10.811
2026/04/29 15:43:40,891000,10.808
2026/04/29 15:43:40,892000,10.808
2026/04/29 15:43:40,893000,10.805
2026/04/29 15:43:40,894000,10.808
2026/04/29 15:43:40,895000,10.811
2026/04/29 15:43:40,896000,10.814
2026/04/29 15:43:40,897000,10.811
2026/04/29 15:43:40,898000,10.805
2026/04/29 15:43:40,899000,10.808
2026/04/29 15:43:40,900000,10.811
2026/04/29 15:43:40,901000,10.811
2026/04/29 15:43:40,902000,10.808
2026/04/29 15:43:40,903000,10.811
2026/04/29 15:43:40,904000,10.814
2026/04/29 15:43:40,905000,10.805
2026/04/29 15:43:40,906000,10.811
2026/04/29 15:43:40,907000,10.819
2026/04/29 15:43:40,908000,10.814
2026/04/29 15:43:40,909000,10.808
2026/04/29 15:43:40,910000,10.808
2026/04/29 15:43:40,911000,10.814
2026/04/29 15:43:40,912000,10.811
2026/04/29 15:43:40,913000,10.811
2026/04/29 15:43:40,914000,10.808
2026/04/29 15:43:40,915000,10.816
2026/04/29 15:43:40,916000,10.805
2026/04/29 15:43:40,917000,10.811
2026/04/29 15:43:40,918000,10.811
2026/04/29 15:43:40,919000,10.811
2026/04/29 15:43:40,920000,10.811
2026/04/29 15:43:40,921000,10.805
2026/04/29 15:43:40,922000,10.816
2026/04/29 15:43:40,923000,10.814
2026/04/29 15:43:40,924000,10.825
2026/04/29 15:43:40,925000,10.811
2026/04/29 15:43:40,926000,10.816
2026/04/29 15:43:40,927000,10.819
2026/04/29 15:43:40,928000,10.814
2026/04/29 15:43:40,929000,10.811
2026/04/29 15:43:40,930000,10.811
2026/04/29 15:43:40,931000,10.816
2026/04/29 15:43:40,932000,10.816
2026/04/29 15:43:40,933000,10.819
2026/04/29 15:43:40,934000,10.811
2026/04/29 15:43:40,935000,10.814
2026/04/29 15:43:40,936000,10.816
2026/04/29 15:43:40,937000,10.814
2026/04/29 15:43:40,938000,10.811
2026/04/29 15:43:40,939000,10.811
2026/04/29 15:43:40,940000,10.811
2026/04/29 15:43:40,941000,10.816
2026/04/29 15:43:40,942000,10.814
2026/04/29 15:43:40,943000,10.816
2026/04/29 15:43:40,944000,10.816
2026/04/29 15:43:40,945000,10.816
2026/04/29 15:43:40,946000,10.811
2026/04/29 15:43:40,947000,10.811
2026/04/29 15:43:40,948000,10.814
2026/04/29 15:43:40,949000,10.816
2026/04/29 15:43:40,950000,10.822
2026/04/29 15:43:40,951000,10.814
2026/04/29 15:43:40,952000,10.816
2026/04/29 15:43:40,953000,10.814
2026/04/29 15:43:40,954000,10.819
2026/04/29 15:43:40,955000,10.822
2026/04/29 15:43:40,956000,10.814
2026/04/29 15:43:40,957000,10.816
2026/04/29 15:43:40,958000,10.822
2026/04/29 15:43:40,959000,10.819
2026/04/29 15:43:40,960000,10.811
2026/04/29 15:43:40,961000,10.816
2026/04/29 15:43:40,962000,10.816
2026/04/29 15:43:40,963000,10.816
2026/04/29 15:43:40,964000,10.814
2026/04/29 15:43:40,965000,10.811
2026/04/29 15:43:40,966000,10.822
2026/04/29 15:43:40,967000,10.814
2026/04/29 15:43:40,968000,10.819
2026/04/29 15:43:40,969000,10.816
2026/04/29 15:43:40,970000,10.816
2026/04/29 15:43:40,971000,10.811
2026/04/29 15:43:40,972000,10.819
2026/04/29 15:43:40,973000,10.816
2026/04/29 15:43:40,974000,10.825
2026/04/29 15:43:40,975000,10.814
2026/04/29 15:43:40,976000,10.819
2026/04/29 15:43:40,977000,10.822
2026/04/29 15:43:40,978000,10.822
2026/04/29 15:43:40,979000,10.816
2026/04/29 15:43:40,980000,10.816
2026/04/29 15:43:40,981000,10.825
2026/04/29 15:43:40,982000,10.822
2026/04/29 15:43:40,983000,10.816
2026/04/29 15:43:40,984000,10.816
2026/04/29 15:43:40,985000,10.811
2026/04/29 15:43:40,986000,10.816
2026/04/29 15:43:40,987000,10.816
2026/04/29 15:43:40,988000,10.816
2026/04/29 15:43:40,989000,10.816
2026/04/29 15:43:40,990000,10.816
2026/04/29 15:43:40,991000,10.822
2026/04/29 15:43:40,992000,10.814
2026/04/29 15:43:40,993000,10.816
2026/04/29 15:43:40,994000,10.816
2026/04/29 15:43:40,995000,10.814
2026/04/29 15:43:40,996000,10.822
2026/04/29 15:43:40,997000,10.816
2026/04/29 15:43:40,998000,10.816
2026/04/29 15:43:40,999000,10.819
2026/04/29 15:43:41,000000,10.828
2026/04/29 15:43:41,001000,10.822
2026/04/29 15:43:41,002000,10.822
2026/04/29 15:43:41,003000,10.816
2026/04/29 15:43:41,004000,10.822
2026/04/29 15:43:41,005000,10.822
2026/04/29 15:43:41,006000,10.816
2026/04/29 15:43:41,007000,10.825
2026/04/29 15:43:41,008000,10.822
2026/04/29 15:43:41,009000,10.822
2026/04/29 15:43:41,010000,10.825
2026/04/29 15:43:41,011000,10.819
2026/04/29 15:43:41,012000,10.822
2026/04/29 15:43:41,013000,10.828
2026/04/29 15:43:41,014000,10.828
2026/04/29 15:43:41,015000,10.828
2026/04/29 15:43:41,016000,10.822
2026/04/29 15:43:41,017000,10.822
2026/04/29 15:43:41,018000,10.825
2026/04/29 15:43:41,019000,10.822
2026/04/29 15:43:41,020000,10.822
2026/04/29 15:43:41,021000,10.816
2026/04/29 15:43:41,022000,10.822
2026/04/29 15:43:41,023000,10.819
2026/04/29 15:43:41,024000,10.828
2026/04/29 15:43:41,025000,10.819
2026/04/29 15:43:41,026000,10.819
2026/04/29 15:43:41,027000,10.825
2026/04/29 15:43:41,028000,10.825
2026/04/29 15:43:41,029000,10.822
2026/04/29 15:43:41,030000,10.822
2026/04/29 15:43:41,031000,10.822
2026/04/29 15:43:41,032000,10.828
2026/04/29 15:43:41,033000,10.825
2026/04/29 15:43:41,034000,10.822
2026/04/29 15:43:41,035000,10.822
2026/04/29 15:43:41,036000,10.822
2026/04/29 15:43:41,037000,10.822
2026/04/29 15:43:41,038000,10.828
2026/04/29 15:43:41,039000,10.830
2026/04/29 15:43:41,040000,10.825
2026/04/29 15:43:41,041000,10.825
2026/04/29 15:43:41,042000,10.822
2026/04/29 15:43:41,043000,10.833
2026/04/29 15:43:41,044000,10.822
2026/04/29 15:43:41,045000,10.822
2026/04/29 15:43:41,046000,10.830
2026/04/29 15:43:41,047000,10.828
2026/04/29 15:43:41,048000,10.825
2026/04/29 15:43:41,049000,10.822
2026/04/29 15:43:41,050000,10.822
2026/04/29 15:43:41,051000,10.828
2026/04/29 15:43:41,052000,10.830
2026/04/29 15:43:41,053000,10.828
2026/04/29 15:43:41,054000,10.822
2026/04/29 15:43:41,055000,10.816
2026/04/29 15:43:41,056000,10.828
2026/04/29 15:43:41,057000,10.830
2026/04/29 15:43:41,058000,10.822
2026/04/29 15:43:41,059000,10.822
2026/04/29 15:43:41,060000,10.825
2026/04/29 15:43:41,061000,10.822
2026/04/29 15:43:41,062000,10.828
2026/04/29 15:43:41,063000,10.830
2026/04/29 15:43:41,064000,10.825
2026/04/29 15:43:41,065000,10.822
2026/04/29 15:43:41,066000,10.822
2026/04/29 15:43:41,067000,10.825
2026/04/29 15:43:41,068000,10.819
2026/04/29 15:43:41,069000,10.819
2026/04/29 15:43:41,070000,10.825
2026/04/29 15:43:41,071000,10.822
2026/04/29 15:43:41,072000,10.828
2026/04/29 15:43:41,073000,10.828
2026/04/29 15:43:41,074000,10.828
2026/04/29 15:43:41,075000,10.822
2026/04/29 15:43:41,076000,10.830
2026/04/29 15:43:41,077000,10.825
2026/04/29 15:43:41,078000,10.828
2026/04/29 15:43:41,079000,10.828
2026/04/29 15:43:41,080000,10.819
2026/04/29 15:43:41,081000,10.828
2026/04/29 15:43:41,082000,10.825
2026/04/29 15:43:41,083000,10.830
2026/04/29 15:43:41,084000,10.828
2026/04/29 15:43:41,085000,10.828
2026/04/29 15:43:41,086000,10.825
2026/04/29 15:43:41,087000,10.828
2026/04/29 15:43:41,088000,10.822
2026/04/29 15:43:41,089000,10.828
2026/04/29 15:43:41,090000,10.830
2026/04/29 15:43:41,091000,10.828
2026/04/29 15:43:41,092000,10.828
2026/04/29 15:43:41,093000,10.825
2026/04/29 15:43:41,094000,10.828
2026/04/29 15:43:41,095000,10.819
2026/04/29 15:43:41,096000,10.825
2026/04/29 15:43:41,097000,10.828
2026/04/29 15:43:41,098000,10.828
2026/04/29 15:43:41,099000,10.833
2026/04/29 15:43:41,100000,10.830
2026/04/29 15:43:41,101000,10.825
2026/04/29 15:43:41,102000,10.833
2026/04/29 15:43:41,103000,10.833
2026/04/29 15:43:41,104000,10.830
2026/04/29 15:43:41,105000,10.833
2026/04/29 15:43:41,106000,10.833
2026/04/29 15:43:41,107000,10.833
2026/04/29 15:43:41,108000,10.830
2026/04/29 15:43:41,109000,10.828
2026/04/29 15:43:41,110000,10.825
2026/04/29 15:43:41,111000,10.825
2026/04/29 15:43:41,112000,10.833
2026/04/29 15:43:41,113000,10.828
2026/04/29 15:43:41,114000,10.825
2026/04/29 15:43:41,115000,10.833
2026/04/29 15:43:41,116000,10.828
2026/04/29 15:43:41,117000,10.828
2026/04/29 15:43:41,118000,10.833
2026/04/29 15:43:41,119000,10.825
2026/04/29 15:43:41,120000,10.828
2026/04/29 15:43:41,121000,10.830
2026/04/29 15:43:41,122000,10.825
2026/04/29 15:43:41,123000,10.828
2026/04/29 15:43:41,124000,10.828
2026/04/29 15:43:41,125000,10.833
2026/04/29 15:43:41,126000,10.830
2026/04/29 15:43:41,127000,10.828
2026/04/29 15:43:41,128000,10.836
2026/04/29 15:43:41,129000,10.833
2026/04/29 15:43:41,130000,10.830
2026/04/29 15:43:41,131000,10.830
2026/04/29 15:43:41,132000,10.828
2026/04/29 15:43:41,133000,10.833
2026/04/29 15:43:41,134000,10.828
2026/04/29 15:43:41,135000,10.836
2026/04/29 15:43:41,136000,10.828
2026/04/29 15:43:41,137000,10.833
2026/04/29 15:43:41,138000,10.833
2026/04/29 15:43:41,139000,10.828
2026/04/29 15:43:41,140000,10.828
2026/04/29 15:43:41,141000,10.830
2026/04/29 15:43:41,142000,10.828
2026/04/29 15:43:41,143000,10.839
2026/04/29 15:43:41,144000,10.830
2026/04/29 15:43:41,145000,10.836
2026/04/29 15:43:41,146000,10.828
2026/04/29 15:43:41,147000,10.833
2026/04/29 15:43:41,148000,10.828
2026/04/29 15:43:41,149000,10.833
2026/04/29 15:43:41,150000,10.828
2026/04/29 15:43:41,151000,10.822
2026/04/29 15:43:41,152000,10.836
2026/04/29 15:43:41,153000,10.833
2026/04/29 15:43:41,154000,10.830
2026/04/29 15:43:41,155000,10.828
2026/04/29 15:43:41,156000,10.830
2026/04/29 15:43:41,157000,10.830
2026/04/29 15:43:41,158000,10.833
2026/04/29 15:43:41,159000,10.833
2026/04/29 15:43:41,160000,10.828
2026/04/29 15:43:41,161000,10.828
2026/04/29 15:43:41,162000,10.833
2026/04/29 15:43:41,163000,10.828
2026/04/29 15:43:41,164000,10.828
2026/04/29 15:43:41,165000,10.833
2026/04/29 15:43:41,166000,10.828
2026/04/29 15:43:41,167000,10.839
2026/04/29 15:43:41,168000,10.833
2026/04/29 15:43:41,169000,10.833
2026/04/29 15:43:41,170000,10.828
2026/04/29 15:43:41,171000,10.828
2026/04/29 15:43:41,172000,10.836
2026/04/29 15:43:41,173000,10.833
2026/04/29 15:43:41,174000,10.830
2026/04/29 15:43:41,175000,10.833
2026/04/29 15:43:41,176000,10.833
2026/04/29 15:43:41,177000,10.839
2026/04/29 15:43:41,178000,10.833
2026/04/29 15:43:41,179000,10.833
2026/04/29 15:43:41,180000,10.833
2026/04/29 15:43:41,181000,10.836
2026/04/29 15:43:41,182000,10.833
2026/04/29 15:43:41,183000,10.833
2026/04/29 15:43:41,184000,10.830
2026/04/29 15:43:41,185000,10.833
2026/04/29 15:43:41,186000,10.833
2026/04/29 15:43:41,187000,10.833
2026/04/29 15:43:41,188000,10.833
2026/04/29 15:43:41,189000,10.842
2026/04/29 15:43:41,190000,10.839
2026/04/29 15:43:41,191000,10.836
2026/04/29 15:43:41,192000,10.833
2026/04/29 15:43:41,193000,10.833
2026/04/29 15:43:41,194000,10.828
2026/04/29 15:43:41,195000,10.833
2026/04/29 15:43:41,196000,10.839
2026/04/29 15:43:41,197000,10.828
2026/04/29 15:43:41,198000,10.830
2026/04/29 15:43:41,199000,10.833
2026/04/29 15:43:41,200000,10.833
2026/04/29 15:43:41,201000,10.836
2026/04/29 15:43:41,202000,10.833
2026/04/29 15:43:41,203000,10.839
2026/04/29 15:43:41,204000,10.844
2026/04/29 15:43:41,205000,10.830
2026/04/29 15:43:41,206000,10.833
2026/04/29 15:43:41,207000,10.833
2026/04/29 15:43:41,208000,10.833
2026/04/29 15:43:41,209000,10.836
2026/04/29 15:43:41,210000,10.830
2026/04/29 15:43:41,211000,10.828
2026/04/29 15:43:41,212000,10.836
2026/04/29 15:43:41,213000,10.833
2026/04/29 15:43:41,214000,10.842
2026/04/29 15:43:41,215000,10.844
2026/04/29 15:43:41,216000,10.833
2026/04/29 15:43:41,217000,10.833
2026/04/29 15:43:41,218000,10.833
2026/04/29 15:43:41,219000,10.833
2026/04/29 15:43:41,220000,10.839
2026/04/29 15:43:41,221000,10.833
2026/04/29 15:43:41,222000,10.833
2026/04/29 15:43:41,223000,10.833
2026/04/29 15:43:41,224000,10.836
2026/04/29 15:43:41,225000,10.836
2026/04/29 15:43:41,226000,10.842
2026/04/29 15:43:41,227000,10.836
2026/04/29 15:43:41,228000,10.836
2026/04/29 15:43:41,229000,10.836
2026/04/29 15:43:41,230000,10.842
2026/04/29 15:43:41,231000,10.833
2026/04/29 15:43:41,232000,10.839
2026/04/29 15:43:41,233000,10.833
2026/04/29 15:43:41,234000,10.836
2026/04/29 15:43:41,235000,10.839
2026/04/29 15:43:41,236000,10.836
2026/04/29 15:43:41,237000,10.839
2026/04/29 15:43:41,238000,10.836
2026/04/29 15:43:41,239000,10.839
2026/04/29 15:43:41,240000,10.839
2026/04/29 15:43:41,241000,10.830
2026/04/29 15:43:41,242000,10.836
2026/04/29 15:43:41,243000,10.836
2026/04/29 15:43:41,244000,10.836
2026/04/29 15:43:41,245000,10.833
2026/04/29 15:43:41,246000,10.839
2026/04/29 15:43:41,247000,10.844
2026/04/29 15:43:41,248000,10.836
2026/04/29 15:43:41,249000,10.839
2026/04/29 15:43:41,250000,10.844
2026/04/29 15:43:41,251000,10.839
2026/04/29 15:43:41,252000,10.839
2026/04/29 15:43:41,253000,10.839
2026/04/29 15:43:41,254000,10.839
2026/04/29 15:43:41,255000,10.833
2026/04/29 15:43:41,256000,10.842
2026/04/29 15:43:41,257000,10.844
2026/04/29 15:43:41,258000,10.836
2026/04/29 15:43:41,259000,10.836
2026/04/29 15:43:41,260000,10.839
2026/04/29 15:43:41,261000,10.839
2026/04/29 15:43:41,262000,10.839
2026/04/29 15:43:41,263000,10.839
2026/04/29 15:43:41,264000,10.842
2026/04/29 15:43:41,265000,10.839
2026/04/29 15:43:41,266000,10.833
2026/04/29 15:43:41,267000,10.833
2026/04/29 15:43:41,268000,10.839
2026/04/29 15:43:41,269000,10.842
2026/04/29 15:43:41,270000,10.836
2026/04/29 15:43:41,271000,10.842
2026/04/29 15:43:41,272000,10.836
2026/04/29 15:43:41,273000,10.839
2026/04/29 15:43:41,274000,10.833
2026/04/29 15:43:41,275000,10.842
2026/04/29 15:43:41,276000,10.844
2026/04/29 15:43:41,277000,10.839
2026/04/29 15:43:41,278000,10.833
2026/04/29 15:43:41,279000,10.844
2026/04/29 15:43:41,280000,10.833
2026/04/29 15:43:41,281000,10.839
2026/04/29 15:43:41,282000,10.842
2026/04/29 15:43:41,283000,10.839
2026/04/29 15:43:41,284000,10.842
2026/04/29 15:43:41,285000,10.839
2026/04/29 15:43:41,286000,10.836
2026/04/29 15:43:41,287000,10.836
2026/04/29 15:43:41,288000,10.839
2026/04/29 15:43:41,289000,10.836
2026/04/29 15:43:41,290000,10.842
2026/04/29 15:43:41,291000,10.839
2026/04/29 15:43:41,292000,10.839
2026/04/29 15:43:41,293000,10.847
2026/04/29 15:43:41,294000,10.839
2026/04/29 15:43:41,295000,10.839
2026/04/29 15:43:41,296000,10.839
2026/04/29 15:43:41,297000,10.842
2026/04/29 15:43:41,298000,10.836
2026/04/29 15:43:41,299000,10.847
2026/04/29 15:43:41,300000,10.844
2026/04/29 15:43:41,301000,10.839
2026/04/29 15:43:41,302000,10.836
2026/04/29 15:43:41,303000,10.839
2026/04/29 15:43:41,304000,10.839
2026/04/29 15:43:41,305000,10.842
2026/04/29 15:43:41,306000,10.839
2026/04/29 15:43:41,307000,10.839
2026/04/29 15:43:41,308000,10.844
2026/04/29 15:43:41,309000,10.844
2026/04/29 15:43:41,310000,10.842
2026/04/29 15:43:41,311000,10.839
2026/04/29 15:43:41,312000,10.844
2026/04/29 15:43:41,313000,10.844
2026/04/29 15:43:41,314000,10.844
2026/04/29 15:43:41,315000,10.839
2026/04/29 15:43:41,316000,10.836
2026/04/29 15:43:41,317000,10.836
2026/04/29 15:43:41,318000,10.839
2026/04/29 15:43:41,319000,10.844
2026/04/29 15:43:41,320000,10.836
2026/04/29 15:43:41,321000,10.839
2026/04/29 15:43:41,322000,10.839
2026/04/29 15:43:41,323000,10.839
2026/04/29 15:43:41,324000,10.844
2026/04/29 15:43:41,325000,10.842
2026/04/29 15:43:41,326000,10.844
2026/04/29 15:43:41,327000,10.839
2026/04/29 15:43:41,328000,10.836
2026/04/29 15:43:41,329000,10.847
2026/04/29 15:43:41,330000,10.844
2026/04/29 15:43:41,331000,10.842
2026/04/29 15:43:41,332000,10.830
2026/04/29 15:43:41,333000,10.847
2026/04/29 15:43:41,334000,10.844
2026/04/29 15:43:41,335000,10.839
2026/04/29 15:43:41,336000,10.839
2026/04/29 15:43:41,337000,10.842
2026/04/29 15:43:41,338000,10.839
2026/04/29 15:43:41,339000,10.842
2026/04/29 15:43:41,340000,10.842
2026/04/29 15:43:41,341000,10.836
2026/04/29 15:43:41,342000,10.844
2026/04/29 15:43:41,343000,10.839
2026/04/29 15:43:41,344000,10.842
2026/04/29 15:43:41,345000,10.839
2026/04/29 15:43:41,346000,10.839
2026/04/29 15:43:41,347000,10.844
2026/04/29 15:43:41,348000,10.839
2026/04/29 15:43:41,349000,10.844
2026/04/29 15:43:41,350000,10.847
2026/04/29 15:43:41,351000,10.842
2026/04/29 15:43:41,352000,10.844
2026/04/29 15:43:41,353000,10.842
2026/04/29 15:43:41,354000,10.844
2026/04/29 15:43:41,355000,10.842
2026/04/29 15:43:41,356000,10.844
2026/04/29 15:43:41,357000,10.836
2026/04/29 15:43:41,358000,10.844
2026/04/29 15:43:41,359000,10.842
2026/04/29 15:43:41,360000,10.844
2026/04/29 15:43:41,361000,10.842
2026/04/29 15:43:41,362000,10.844
2026/04/29 15:43:41,363000,10.844
2026/04/29 15:43:41,364000,10.853
2026/04/29 15:43:41,365000,10.839
2026/04/29 15:43:41,366000,10.844
2026/04/29 15:43:41,367000,10.839
2026/04/29 15:43:41,368000,10.844
2026/04/29 15:43:41,369000,10.847
2026/04/29 15:43:41,370000,10.842
2026/04/29 15:43:41,371000,10.844
2026/04/29 15:43:41,372000,10.847
2026/04/29 15:43:41,373000,10.847
2026/04/29 15:43:41,374000,10.844
2026/04/29 15:43:41,375000,10.839
2026/04/29 15:43:41,376000,10.842
2026/04/29 15:43:41,377000,10.839
2026/04/29 15:43:41,378000,10.839
2026/04/29 15:43:41,379000,10.844
2026/04/29 15:43:41,380000,10.842
2026/04/29 15:43:41,381000,10.839
2026/04/29 15:43:41,382000,10.842
2026/04/29 15:43:41,383000,10.844
2026/04/29 15:43:41,384000,10.844
2026/04/29 15:43:41,385000,10.842
2026/04/29 15:43:41,386000,10.842
2026/04/29 15:43:41,387000,10.839
2026/04/29 15:43:41,388000,10.842
2026/04/29 15:43:41,389000,10.844
2026/04/29 15:43:41,390000,10.844
2026/04/29 15:43:41,391000,10.842
2026/04/29 15:43:41,392000,10.842
2026/04/29 15:43:41,393000,10.844
2026/04/29 15:43:41,394000,10.842
2026/04/29 15:43:41,395000,10.842
2026/04/29 15:43:41,396000,10.839
2026/04/29 15:43:41,397000,10.844
2026/04/29 15:43:41,398000,10.836
2026/04/29 15:43:41,399000,10.844
2026/04/29 15:43:41,400000,10.839
2026/04/29 15:43:41,401000,10.842
2026/04/29 15:43:41,402000,10.844
2026/04/29 15:43:41,403000,10.842
2026/04/29 15:43:41,404000,10.844
2026/04/29 15:43:41,405000,10.839
2026/04/29 15:43:41,406000,10.844
2026/04/29 15:43:41,407000,10.842
2026/04/29 15:43:41,408000,10.847
2026/04/29 15:43:41,409000,10.839
2026/04/29 15:43:41,410000,10.842
2026/04/29 15:43:41,411000,10.844
2026/04/29 15:43:41,412000,10.844
2026/04/29 15:43:41,413000,10.836
2026/04/29 15:43:41,414000,10.844
2026/04/29 15:43:41,415000,10.844
2026/04/29 15:43:41,416000,10.850
2026/04/29 15:43:41,417000,10.844
2026/04/29 15:43:41,418000,10.842
2026/04/29 15:43:41,419000,10.847
2026/04/29 15:43:41,420000,10.842
2026/04/29 15:43:41,421000,10.844
2026/04/29 15:43:41,422000,10.842
2026/04/29 15:43:41,423000,10.850
2026/04/29 15:43:41,424000,10.842
2026/04/29 15:43:41,425000,10.850
2026/04/29 15:43:41,426000,10.850
2026/04/29 15:43:41,427000,10.844
2026/04/29 15:43:41,428000,10.850
2026/04/29 15:43:41,429000,10.844
2026/04/29 15:43:41,430000,10.844
2026/04/29 15:43:41,431000,10.844
2026/04/29 15:43:41,432000,10.844
2026/04/29 15:43:41,433000,10.844
2026/04/29 15:43:41,434000,10.850
2026/04/29 15:43:41,435000,10.844
2026/04/29 15:43:41,436000,10.844
2026/04/29 15:43:41,437000,10.855
2026/04/29 15:43:41,438000,10.847
2026/04/29 15:43:41,439000,10.844
2026/04/29 15:43:41,440000,10.853
2026/04/29 15:43:41,441000,10.847
2026/04/29 15:43:41,442000,10.842
2026/04/29 15:43:41,443000,10.850
2026/04/29 15:43:41,444000,10.850
2026/04/29 15:43:41,445000,10.853
2026/04/29 15:43:41,446000,10.847
2026/04/29 15:43:41,447000,10.844
2026/04/29 15:43:41,448000,10.847
2026/04/29 15:43:41,449000,10.847
2026/04/29 15:43:41,450000,10.855
2026/04/29 15:43:41,451000,10.850
2026/04/29 15:43:41,452000,10.850
2026/04/29 15:43:41,453000,10.847
2026/04/29 15:43:41,454000,10.847
2026/04/29 15:43:41,455000,10.853
2026/04/29 15:43:41,456000,10.839
2026/04/29 15:43:41,457000,10.842
2026/04/29 15:43:41,458000,10.853
2026/04/29 15:43:41,459000,10.847
2026/04/29 15:43:41,460000,10.853
2026/04/29 15:43:41,461000,10.850
2026/04/29 15:43:41,462000,10.850
2026/04/29 15:43:41,463000,10.844
2026/04/29 15:43:41,464000,10.853
2026/04/29 15:43:41,465000,10.853
2026/04/29 15:43:41,466000,10.844
2026/04/29 15:43:41,467000,10.853
2026/04/29 15:43:41,468000,10.847
2026/04/29 15:43:41,469000,10.847
2026/04/29 15:43:41,470000,10.853
2026/04/29 15:43:41,471000,10.847
2026/04/29 15:43:41,472000,10.844
2026/04/29 15:43:41,473000,10.850
2026/04/29 15:43:41,474000,10.850
2026/04/29 15:43:41,475000,10.844
2026/04/29 15:43:41,476000,10.847
2026/04/29 15:43:41,477000,10.844
2026/04/29 15:43:41,478000,10.844
2026/04/29 15:43:41,479000,10.853
2026/04/29 15:43:41,480000,10.844
2026/04/29 15:43:41,481000,10.847
2026/04/29 15:43:41,482000,10.844
2026/04/29 15:43:41,483000,10.847
2026/04/29 15:43:41,484000,10.844
2026/04/29 15:43:41,485000,10.850
2026/04/29 15:43:41,486000,10.844
2026/04/29 15:43:41,487000,10.850
2026/04/29 15:43:41,488000,10.847
2026/04/29 15:43:41,489000,10.847
2026/04/29 15:43:41,490000,10.850
2026/04/29 15:43:41,491000,10.850
2026/04/29 15:43:41,492000,10.855
2026/04/29 15:43:41,493000,10.853
2026/04/29 15:43:41,494000,10.850
2026/04/29 15:43:41,495000,10.850
2026/04/29 15:43:41,496000,10.847
2026/04/29 15:43:41,497000,10.850
2026/04/29 15:43:41,498000,10.853
2026/04/29 15:43:41,499000,10.853
2026/04/29 15:43:41,500000,10.853
2026/04/29 15:43:41,501000,10.853
2026/04/29 15:43:41,502000,10.850
2026/04/29 15:43:41,503000,10.855
2026/04/29 15:43:41,504000,10.850
2026/04/29 15:43:41,505000,10.847
2026/04/29 15:43:41,506000,10.850
2026/04/29 15:43:41,507000,10.853
2026/04/29 15:43:41,508000,10.855
2026/04/29 15:43:41,509000,10.853
2026/04/29 15:43:41,510000,10.855
2026/04/29 15:43:41,511000,10.853
2026/04/29 15:43:41,512000,10.855
2026/04/29 15:43:41,513000,10.847
2026/04/29 15:43:41,514000,10.853
2026/04/29 15:43:41,515000,10.853
2026/04/29 15:43:41,516000,10.855
2026/04/29 15:43:41,517000,10.844
2026/04/29 15:43:41,518000,10.844
2026/04/29 15:43:41,519000,10.850
2026/04/29 15:43:41,520000,10.855
2026/04/29 15:43:41,521000,10.855
2026/04/29 15:43:41,522000,10.850
2026/04/29 15:43:41,523000,10.853
2026/04/29 15:43:41,524000,10.858
2026/04/29 15:43:41,525000,10.853
2026/04/29 15:43:41,526000,10.861
2026/04/29 15:43:41,527000,10.847
2026/04/29 15:43:41,528000,10.855
2026/04/29 15:43:41,529000,10.853
2026/04/29 15:43:41,530000,10.853
2026/04/29 15:43:41,531000,10.850
2026/04/29 15:43:41,532000,10.850
2026/04/29 15:43:41,533000,10.850
2026/04/29 15:43:41,534000,10.844
2026/04/29 15:43:41,535000,10.853
2026/04/29 15:43:41,536000,10.853
2026/04/29 15:43:41,537000,10.850
2026/04/29 15:43:41,538000,10.850
2026/04/29 15:43:41,539000,10.850
2026/04/29 15:43:41,540000,10.855
2026/04/29 15:43:41,541000,10.855
2026/04/29 15:43:41,542000,10.850
2026/04/29 15:43:41,543000,10.853
2026/04/29 15:43:41,544000,10.850
2026/04/29 15:43:41,545000,10.853
2026/04/29 15:43:41,546000,10.853
2026/04/29 15:43:41,547000,10.861
2026/04/29 15:43:41,548000,10.850
2026/04/29 15:43:41,549000,10.855
2026/04/29 15:43:41,550000,10.853
2026/04/29 15:43:41,551000,10.855
2026/04/29 15:43:41,552000,10.858
2026/04/29 15:43:41,553000,10.850
2026/04/29 15:43:41,554000,10.853
2026/04/29 15:43:41,555000,10.853
2026/04/29 15:43:41,556000,10.855
2026/04/29 15:43:41,557000,10.855
2026/04/29 15:43:41,558000,10.847
2026/04/29 15:43:41,559000,10.853
2026/04/29 15:43:41,560000,10.855
2026/04/29 15:43:41,561000,10.858
2026/04/29 15:43:41,562000,10.853
2026/04/29 15:43:41,563000,10.855
2026/04/29 15:43:41,564000,10.853
2026/04/29 15:43:41,565000,10.844
2026/04/29 15:43:41,566000,10.855
2026/04/29 15:43:41,567000,10.850
2026/04/29 15:43:41,568000,10.858
2026/04/29 15:43:41,569000,10.855
2026/04/29 15:43:41,570000,10.853
2026/04/29 15:43:41,571000,10.858
2026/04/29 15:43:41,572000,10.855
2026/04/29 15:43:41,573000,10.850
2026/04/29 15:43:41,574000,10.858
2026/04/29 15:43:41,575000,10.855
2026/04/29 15:43:41,576000,10.855
2026/04/29 15:43:41,577000,10.861
2026/04/29 15:43:41,578000,10.855
2026/04/29 15:43:41,579000,10.853
2026/04/29 15:43:41,580000,10.855
2026/04/29 15:43:41,581000,10.850
2026/04/29 15:43:41,582000,10.855
2026/04/29 15:43:41,583000,10.858
2026/04/29 15:43:41,584000,10.855
2026/04/29 15:43:41,585000,10.855
2026/04/29 15:43:41,586000,10.853
2026/04/29 15:43:41,587000,10.847
2026/04/29 15:43:41,588000,10.855
2026/04/29 15:43:41,589000,10.855
2026/04/29 15:43:41,590000,10.861
2026/04/29 15:43:41,591000,10.858
2026/04/29 15:43:41,592000,10.861
2026/04/29 15:43:41,593000,10.853
2026/04/29 15:43:41,594000,10.855
2026/04/29 15:43:41,595000,10.858
2026/04/29 15:43:41,596000,10.850
2026/04/29 15:43:41,597000,10.858
2026/04/29 15:43:41,598000,10.858
2026/04/29 15:43:41,599000,10.855
2026/04/29 15:43:41,600000,10.861
2026/04/29 15:43:41,601000,10.864
2026/04/29 15:43:41,602000,10.855
2026/04/29 15:43:41,603000,10.853
2026/04/29 15:43:41,604000,10.853
2026/04/29 15:43:41,605000,10.855
2026/04/29 15:43:41,606000,10.853
2026/04/29 15:43:41,607000,10.853
2026/04/29 15:43:41,608000,10.850
2026/04/29 15:43:41,609000,10.864
2026/04/29 15:43:41,610000,10.855
2026/04/29 15:43:41,611000,10.853
2026/04/29 15:43:41,612000,10.855
2026/04/29 15:43:41,613000,10.855
2026/04/29 15:43:41,614000,10.864
2026/04/29 15:43:41,615000,10.858
2026/04/29 15:43:41,616000,10.861
2026/04/29 15:43:41,617000,10.853
2026/04/29 15:43:41,618000,10.855
2026/04/29 15:43:41,619000,10.853
2026/04/29 15:43:41,620000,10.858
2026/04/29 15:43:41,621000,10.872
2026/04/29 15:43:41,622000,10.858
2026/04/29 15:43:41,623000,10.855
2026/04/29 15:43:41,624000,10.855
2026/04/29 15:43:41,625000,10.858
2026/04/29 15:43:41,626000,10.861
2026/04/29 15:43:41,627000,10.855
2026/04/29 15:43:41,628000,10.858
2026/04/29 15:43:41,629000,10.855
2026/04/29 15:43:41,630000,10.855
2026/04/29 15:43:41,631000,10.864
2026/04/29 15:43:41,632000,10.855
2026/04/29 15:43:41,633000,10.855
2026/04/29 15:43:41,634000,10.861
2026/04/29 15:43:41,635000,10.858
2026/04/29 15:43:41,636000,10.861
2026/04/29 15:43:41,637000,10.853
2026/04/29 15:43:41,638000,10.861
2026/04/29 15:43:41,639000,10.861
2026/04/29 15:43:41,640000,10.861
2026/04/29 15:43:41,641000,10.858
2026/04/29 15:43:41,642000,10.855
2026/04/29 15:43:41,643000,10.853
2026/04/29 15:43:41,644000,10.861
2026/04/29 15:43:41,645000,10.864
2026/04/29 15:43:41,646000,10.858
2026/04/29 15:43:41,647000,10.861
2026/04/29 15:43:41,648000,10.867
2026/04/29 15:43:41,649000,10.858
2026/04/29 15:43:41,650000,10.864
2026/04/29 15:43:41,651000,10.855
2026/04/29 15:43:41,652000,10.864
2026/04/29 15:43:41,653000,10.855
2026/04/29 15:43:41,654000,10.858
2026/04/29 15:43:41,655000,10.858
2026/04/29 15:43:41,656000,10.855
2026/04/29 15:43:41,657000,10.864
2026/04/29 15:43:41,658000,10.858
2026/04/29 15:43:41,659000,10.850
2026/04/29 15:43:41,660000,10.861
2026/04/29 15:43:41,661000,10.858
2026/04/29 15:43:41,662000,10.861
2026/04/29 15:43:41,663000,10.861
2026/04/29 15:43:41,664000,10.864
2026/04/29 15:43:41,665000,10.867
2026/04/29 15:43:41,666000,10.858
2026/04/29 15:43:41,667000,10.858
2026/04/29 15:43:41,668000,10.864
2026/04/29 15:43:41,669000,10.861
2026/04/29 15:43:41,670000,10.861
2026/04/29 15:43:41,671000,10.861
2026/04/29 15:43:41,672000,10.861
2026/04/29 15:43:41,673000,10.867
2026/04/29 15:43:41,674000,10.858
2026/04/29 15:43:41,675000,10.861
2026/04/29 15:43:41,676000,10.864
2026/04/29 15:43:41,677000,10.855
2026/04/29 15:43:41,678000,10.855
2026/04/29 15:43:41,679000,10.861
2026/04/29 15:43:41,680000,10.858
2026/04/29 15:43:41,681000,10.861
2026/04/29 15:43:41,682000,10.855
2026/04/29 15:43:41,683000,10.861
2026/04/29 15:43:41,684000,10.861
2026/04/29 15:43:41,685000,10.858
2026/04/29 15:43:41,686000,10.858
2026/04/29 15:43:41,687000,10.864
2026/04/29 15:43:41,688000,10.864
2026/04/29 15:43:41,689000,10.864
2026/04/29 15:43:41,690000,10.864
2026/04/29 15:43:41,691000,10.858
2026/04/29 15:43:41,692000,10.858
2026/04/29 15:43:41,693000,10.864
2026/04/29 15:43:41,694000,10.867
2026/04/29 15:43:41,695000,10.864
2026/04/29 15:43:41,696000,10.855
2026/04/29 15:43:41,697000,10.867
2026/04/29 15:43:41,698000,10.861
2026/04/29 15:43:41,699000,10.855
2026/04/29 15:43:41,700000,10.858
2026/04/29 15:43:41,701000,10.864
2026/04/29 15:43:41,702000,10.853
2026/04/29 15:43:41,703000,10.861
2026/04/29 15:43:41,704000,10.855
2026/04/29 15:43:41,705000,10.861
2026/04/29 15:43:41,706000,10.861
2026/04/29 15:43:41,707000,10.861
2026/04/29 15:43:41,708000,10.861
2026/04/29 15:43:41,709000,10.864
2026/04/29 15:43:41,710000,10.861
2026/04/29 15:43:41,711000,10.864
2026/04/29 15:43:41,712000,10.858
2026/04/29 15:43:41,713000,10.861
2026/04/29 15:43:41,714000,10.861
2026/04/29 15:43:41,715000,10.864
2026/04/29 15:43:41,716000,10.861
2026/04/29 15:43:41,717000,10.861
2026/04/29 15:43:41,718000,10.858
2026/04/29 15:43:41,719000,10.861
2026/04/29 15:43:41,720000,10.867
2026/04/29 15:43:41,721000,10.858
2026/04/29 15:43:41,722000,10.872
2026/04/29 15:43:41,723000,10.858
2026/04/29 15:43:41,724000,10.858
2026/04/29 15:43:41,725000,10.861
2026/04/29 15:43:41,726000,10.861
2026/04/29 15:43:41,727000,10.855
2026/04/29 15:43:41,728000,10.858
2026/04/29 15:43:41,729000,10.864
2026/04/29 15:43:41,730000,10.855
2026/04/29 15:43:41,731000,10.864
2026/04/29 15:43:41,732000,10.861
2026/04/29 15:43:41,733000,10.861
2026/04/29 15:43:41,734000,10.864
2026/04/29 15:43:41,735000,10.858
2026/04/29 15:43:41,736000,10.864
2026/04/29 15:43:41,737000,10.864
2026/04/29 15:43:41,738000,10.864
2026/04/29 15:43:41,739000,10.867
2026/04/29 15:43:41,740000,10.864
2026/04/29 15:43:41,741000,10.869
2026/04/29 15:43:41,742000,10.858
2026/04/29 15:43:41,743000,10.861
2026/04/29 15:43:41,744000,10.867
2026/04/29 15:43:41,745000,10.861
2026/04/29 15:43:41,746000,10.858
2026/04/29 15:43:41,747000,10.864
2026/04/29 15:43:41,748000,10.867
2026/04/29 15:43:41,749000,10.864
2026/04/29 15:43:41,750000,10.867
2026/04/29 15:43:41,751000,10.869
2026/04/29 15:43:41,752000,10.867
2026/04/29 15:43:41,753000,10.864
2026/04/29 15:43:41,754000,10.867
2026/04/29 15:43:41,755000,10.864
2026/04/29 15:43:41,756000,10.867
2026/04/29 15:43:41,757000,10.867
2026/04/29 15:43:41,758000,10.864
2026/04/29 15:43:41,759000,10.864
2026/04/29 15:43:41,760000,10.869
2026/04/29 15:43:41,761000,10.867
2026/04/29 15:43:41,762000,10.869
2026/04/29 15:43:41,763000,10.867
2026/04/29 15:43:41,764000,10.867
2026/04/29 15:43:41,765000,10.864
2026/04/29 15:43:41,766000,10.861
2026/04/29 15:43:41,767000,10.867
2026/04/29 15:43:41,768000,10.864
2026/04/29 15:43:41,769000,10.869
2026/04/29 15:43:41,770000,10.869
2026/04/29 15:43:41,771000,10.867
2026/04/29 15:43:41,772000,10.864
2026/04/29 15:43:41,773000,10.867
2026/04/29 15:43:41,774000,10.867
2026/04/29 15:43:41,775000,10.867
2026/04/29 15:43:41,776000,10.864
2026/04/29 15:43:41,777000,10.867
2026/04/29 15:43:41,778000,10.864
2026/04/29 15:43:41,779000,10.864
2026/04/29 15:43:41,780000,10.867
2026/04/29 15:43:41,781000,10.864
2026/04/29 15:43:41,782000,10.861
2026/04/29 15:43:41,783000,10.867
2026/04/29 15:43:41,784000,10.867
2026/04/29 15:43:41,785000,10.861
2026/04/29 15:43:41,786000,10.869
2026/04/29 15:43:41,787000,10.869
2026/04/29 15:43:41,788000,10.864
2026/04/29 15:43:41,789000,10.867
2026/04/29 15:43:41,790000,10.869
2026/04/29 15:43:41,791000,10.864
2026/04/29 15:43:41,792000,10.869
2026/04/29 15:43:41,793000,10.869
2026/04/29 15:43:41,794000,10.864
2026/04/29 15:43:41,795000,10.864
2026/04/29 15:43:41,796000,10.872
2026/04/29 15:43:41,797000,10.869
2026/04/29 15:43:41,798000,10.867
2026/04/29 15:43:41,799000,10.867
2026/04/29 15:43:41,800000,10.864
2026/04/29 15:43:41,801000,10.864
2026/04/29 15:43:41,802000,10.864
2026/04/29 15:43:41,803000,10.867
2026/04/29 15:43:41,804000,10.869
2026/04/29 15:43:41,805000,10.864
2026/04/29 15:43:41,806000,10.875
2026/04/29 15:43:41,807000,10.867
2026/04/29 15:43:41,808000,10.872
2026/04/29 15:43:41,809000,10.867
2026/04/29 15:43:41,810000,10.867
2026/04/29 15:43:41,811000,10.867
2026/04/29 15:43:41,812000,10.864
2026/04/29 15:43:41,813000,10.867
2026/04/29 15:43:41,814000,10.875
2026/04/29 15:43:41,815000,10.872
2026/04/29 15:43:41,816000,10.861
2026/04/29 15:43:41,817000,10.869
2026/04/29 15:43:41,818000,10.864
2026/04/29 15:43:41,819000,10.872
2026/04/29 15:43:41,820000,10.867
2026/04/29 15:43:41,821000,10.872
2026/04/29 15:43:41,822000,10.867
2026/04/29 15:43:41,823000,10.867
2026/04/29 15:43:41,824000,10.869
2026/04/29 15:43:41,825000,10.872
2026/04/29 15:43:41,826000,10.869
2026/04/29 15:43:41,827000,10.872
2026/04/29 15:43:41,828000,10.875
2026/04/29 15:43:41,829000,10.869
2026/04/29 15:43:41,830000,10.869
2026/04/29 15:43:41,831000,10.872
2026/04/29 15:43:41,832000,10.872
2026/04/29 15:43:41,833000,10.867
2026/04/29 15:43:41,834000,10.872
2026/04/29 15:43:41,835000,10.872
2026/04/29 15:43:41,836000,10.867
2026/04/29 15:43:41,837000,10.869
2026/04/29 15:43:41,838000,10.875
2026/04/29 15:43:41,839000,10.872
2026/04/29 15:43:41,840000,10.872
2026/04/29 15:43:41,841000,10.875
2026/04/29 15:43:41,842000,10.872
2026/04/29 15:43:41,843000,10.869
2026/04/29 15:43:41,844000,10.867
2026/04/29 15:43:41,845000,10.867
2026/04/29 15:43:41,846000,10.875
2026/04/29 15:43:41,847000,10.869
2026/04/29 15:43:41,848000,10.869
2026/04/29 15:43:41,849000,10.872
2026/04/29 15:43:41,850000,10.864
2026/04/29 15:43:41,851000,10.869
2026/04/29 15:43:41,852000,10.872
2026/04/29 15:43:41,853000,10.878
2026/04/29 15:43:41,854000,10.872
2026/04/29 15:43:41,855000,10.867
2026/04/29 15:43:41,856000,10.875
2026/04/29 15:43:41,857000,10.869
2026/04/29 15:43:41,858000,10.872
2026/04/29 15:43:41,859000,10.875
2026/04/29 15:43:41,860000,10.875
2026/04/29 15:43:41,861000,10.878
2026/04/29 15:43:41,862000,10.872
2026/04/29 15:43:41,863000,10.869
2026/04/29 15:43:41,864000,10.872
2026/04/29 15:43:41,865000,10.869
2026/04/29 15:43:41,866000,10.875
2026/04/29 15:43:41,867000,10.875
2026/04/29 15:43:41,868000,10.867
2026/04/29 15:43:41,869000,10.872
2026/04/29 15:43:41,870000,10.875
2026/04/29 15:43:41,871000,10.872
2026/04/29 15:43:41,872000,10.872
2026/04/29 15:43:41,873000,10.875
2026/04/29 15:43:41,874000,10.878
2026/04/29 15:43:41,875000,10.869
2026/04/29 15:43:41,876000,10.872
2026/04/29 15:43:41,877000,10.864
2026/04/29 15:43:41,878000,10.875
2026/04/29 15:43:41,879000,10.872
2026/04/29 15:43:41,880000,10.875
2026/04/29 15:43:41,881000,10.875
2026/04/29 15:43:41,882000,10.872
2026/04/29 15:43:41,883000,10.878
2026/04/29 15:43:41,884000,10.875
2026/04/29 15:43:41,885000,10.875
2026/04/29 15:43:41,886000,10.878
2026/04/29 15:43:41,887000,10.878
2026/04/29 15:43:41,888000,10.872
2026/04/29 15:43:41,889000,10.881
2026/04/29 15:43:41,890000,10.872
2026/04/29 15:43:41,891000,10.872
2026/04/29 15:43:41,892000,10.875
2026/04/29 15:43:41,893000,10.875
2026/04/29 15:43:41,894000,10.872
2026/04/29 15:43:41,895000,10.872
2026/04/29 15:43:41,896000,10.869
2026/04/29 15:43:41,897000,10.875
2026/04/29 15:43:41,898000,10.872
2026/04/29 15:43:41,899000,10.875
2026/04/29 15:43:41,900000,10.878
2026/04/29 15:43:41,901000,10.875
2026/04/29 15:43:41,902000,10.872
2026/04/29 15:43:41,903000,10.872
2026/04/29 15:43:41,904000,10.872
2026/04/29 15:43:41,905000,10.872
2026/04/29 15:43:41,906000,10.883
2026/04/29 15:43:41,907000,10.881
2026/04/29 15:43:41,908000,10.875
2026/04/29 15:43:41,909000,10.869
2026/04/29 15:43:41,910000,10.883
2026/04/29 15:43:41,911000,10.872
2026/04/29 15:43:41,912000,10.878
2026/04/29 15:43:41,913000,10.878
2026/04/29 15:43:41,914000,10.878
2026/04/29 15:43:41,915000,10.872
2026/04/29 15:43:41,916000,10.869
2026/04/29 15:43:41,917000,10.878
2026/04/29 15:43:41,918000,10.878
2026/04/29 15:43:41,919000,10.875
2026/04/29 15:43:41,920000,10.878
2026/04/29 15:43:41,921000,10.875
2026/04/29 15:43:41,922000,10.878
2026/04/29 15:43:41,923000,10.875
2026/04/29 15:43:41,924000,10.869
2026/04/29 15:43:41,925000,10.878
2026/04/29 15:43:41,926000,10.875
2026/04/29 15:43:41,927000,10.878
2026/04/29 15:43:41,928000,10.878
2026/04/29 15:43:41,929000,10.881
2026/04/29 15:43:41,930000,10.878
2026/04/29 15:43:41,931000,10.875
2026/04/29 15:43:41,932000,10.883
2026/04/29 15:43:41,933000,10.878
2026/04/29 15:43:41,934000,10.881
2026/04/29 15:43:41,935000,10.883
2026/04/29 15:43:41,936000,10.883
2026/04/29 15:43:41,937000,10.883
2026/04/29 15:43:41,938000,10.883
2026/04/29 15:43:41,939000,10.883
2026/04/29 15:43:41,940000,10.881
2026/04/29 15:43:41,941000,10.875
2026/04/29 15:43:41,942000,10.875
2026/04/29 15:43:41,943000,10.881
2026/04/29 15:43:41,944000,10.881
2026/04/29 15:43:41,945000,10.878
2026/04/29 15:43:41,946000,10.878
2026/04/29 15:43:41,947000,10.875
2026/04/29 15:43:41,948000,10.886
2026/04/29 15:43:41,949000,10.878
2026/04/29 15:43:41,950000,10.881
2026/04/29 15:43:41,951000,10.886
2026/04/29 15:43:41,952000,10.881
2026/04/29 15:43:41,953000,10.883
2026/04/29 15:43:41,954000,10.881
2026/04/29 15:43:41,955000,10.878
2026/04/29 15:43:41,956000,10.886
2026/04/29 15:43:41,957000,10.878
2026/04/29 15:43:41,958000,10.878
2026/04/29 15:43:41,959000,10.881
2026/04/29 15:43:41,960000,10.881
2026/04/29 15:43:41,961000,10.878
2026/04/29 15:43:41,962000,10.886
2026/04/29 15:43:41,963000,10.878
2026/04/29 15:43:41,964000,10.878
2026/04/29 15:43:41,965000,10.878
2026/04/29 15:43:41,966000,10.883
2026/04/29 15:43:41,967000,10.878
2026/04/29 15:43:41,968000,10.878
2026/04/29 15:43:41,969000,10.881
2026/04/29 15:43:41,970000,10.886
2026/04/29 15:43:41,971000,10.881
2026/04/29 15:43:41,972000,10.878
2026/04/29 15:43:41,973000,10.878
2026/04/29 15:43:41,974000,10.881
2026/04/29 15:43:41,975000,10.883
2026/04/29 15:43:41,976000,10.883
2026/04/29 15:43:41,977000,10.886
2026/04/29 15:43:41,978000,10.878
2026/04/29 15:43:41,979000,10.881
2026/04/29 15:43:41,980000,10.886
2026/04/29 15:43:41,981000,10.886
2026/04/29 15:43:41,982000,10.886
2026/04/29 15:43:41,983000,10.881
2026/04/29 15:43:41,984000,10.883
2026/04/29 15:43:41,985000,10.883
2026/04/29 15:43:41,986000,10.883
2026/04/29 15:43:41,987000,10.886
2026/04/29 15:43:41,988000,10.886
2026/04/29 15:43:41,989000,10.886
2026/04/29 15:43:41,990000,10.886
2026/04/29 15:43:41,991000,10.881
2026/04/29 15:43:41,992000,10.886
2026/04/29 15:43:41,993000,10.886
2026/04/29 15:43:41,994000,10.889
2026/04/29 15:43:41,995000,10.886
2026/04/29 15:43:41,996000,10.881
2026/04/29 15:43:41,997000,10.886
2026/04/29 15:43:41,998000,10.878
2026/04/29 15:43:41,999000,10.886
2026/04/29 15:43:42,000000,10.886
2026/04/29 15:43:42,001000,10.883
2026/04/29 15:43:42,002000,10.886
2026/04/29 15:43:42,003000,10.886
2026/04/29 15:43:42,004000,10.878
2026/04/29 15:43:42,005000,10.883
2026/04/29 15:43:42,006000,10.897
2026/04/29 15:43:42,007000,10.883
2026/04/29 15:43:42,008000,10.886
2026/04/29 15:43:42,009000,10.889
2026/04/29 15:43:42,010000,10.886
2026/04/29 15:43:42,011000,10.892
2026/04/29 15:43:42,012000,10.883
2026/04/29 15:43:42,013000,10.889
2026/04/29 15:43:42,014000,10.886
2026/04/29 15:43:42,015000,10.883
2026/04/29 15:43:42,016000,10.886
2026/04/29 15:43:42,017000,10.886
2026/04/29 15:43:42,018000,10.897
2026/04/29 15:43:42,019000,10.889
2026/04/29 15:43:42,020000,10.883
2026/04/29 15:43:42,021000,10.892
2026/04/29 15:43:42,022000,10.886
2026/04/29 15:43:42,023000,10.889
2026/04/29 15:43:42,024000,10.881
2026/04/29 15:43:42,025000,10.883
2026/04/29 15:43:42,026000,10.889
2026/04/29 15:43:42,027000,10.886
2026/04/29 15:43:42,028000,10.881
2026/04/29 15:43:42,029000,10.892
2026/04/29 15:43:42,030000,10.889
2026/04/29 15:43:42,031000,10.886
2026/04/29 15:43:42,032000,10.883
2026/04/29 15:43:42,033000,10.889
2026/04/29 15:43:42,034000,10.889
2026/04/29 15:43:42,035000,10.892
2026/04/29 15:43:42,036000,10.889
2026/04/29 15:43:42,037000,10.892
2026/04/29 15:43:42,038000,10.892
2026/04/29 15:43:42,039000,10.886
2026/04/29 15:43:42,040000,10.892
2026/04/29 15:43:42,041000,10.889
2026/04/29 15:43:42,042000,10.889
2026/04/29 15:43:42,043000,10.889
2026/04/29 15:43:42,044000,10.886
2026/04/29 15:43:42,045000,10.889
2026/04/29 15:43:42,046000,10.895
2026/04/29 15:43:42,047000,10.892
2026/04/29 15:43:42,048000,10.889
2026/04/29 15:43:42,049000,10.889
2026/04/29 15:43:42,050000,10.889
2026/04/29 15:43:42,051000,10.889
2026/04/29 15:43:42,052000,10.889
2026/04/29 15:43:42,053000,10.889
2026/04/29 15:43:42,054000,10.892
2026/04/29 15:43:42,055000,10.895
2026/04/29 15:43:42,056000,10.892
2026/04/29 15:43:42,057000,10.889
2026/04/29 15:43:42,058000,10.892
2026/04/29 15:43:42,059000,10.892
2026/04/29 15:43:42,060000,10.892
2026/04/29 15:43:42,061000,10.895
2026/04/29 15:43:42,062000,10.892
2026/04/29 15:43:42,063000,10.895
2026/04/29 15:43:42,064000,10.889
2026/04/29 15:43:42,065000,10.895
2026/04/29 15:43:42,066000,10.889
2026/04/29 15:43:42,067000,10.892
2026/04/29 15:43:42,068000,10.889
2026/04/29 15:43:42,069000,10.886
2026/04/29 15:43:42,070000,10.895
2026/04/29 15:43:42,071000,10.889
2026/04/29 15:43:42,072000,10.889
2026/04/29 15:43:42,073000,10.886
2026/04/29 15:43:42,074000,10.889
2026/04/29 15:43:42,075000,10.892
2026/04/29 15:43:42,076000,10.895
2026/04/29 15:43:42,077000,10.889
2026/04/29 15:43:42,078000,10.895
2026/04/29 15:43:42,079000,10.892
2026/04/29 15:43:42,080000,10.889
2026/04/29 15:43:42,081000,10.892
2026/04/29 15:43:42,082000,10.897
2026/04/29 15:43:42,083000,10.886
2026/04/29 15:43:42,084000,10.886
2026/04/29 15:43:42,085000,10.897
2026/04/29 15:43:42,086000,10.897
2026/04/29 15:43:42,087000,10.897
2026/04/29 15:43:42,088000,10.895
2026/04/29 15:43:42,089000,10.895
2026/04/29 15:43:42,090000,10.900
2026/04/29 15:43:42,091000,10.895
2026/04/29 15:43:42,092000,10.900
2026/04/29 15:43:42,093000,10.889
2026/04/29 15:43:42,094000,10.895
2026/04/29 15:43:42,095000,10.897
2026/04/29 15:43:42,096000,10.895
2026/04/29 15:43:42,097000,10.895
2026/04/29 15:43:42,098000,10.892
2026/04/29 15:43:42,099000,10.892
2026/04/29 15:43:42,100000,10.892
2026/04/29 15:43:42,101000,10.900
2026/04/29 15:43:42,102000,10.895
2026/04/29 15:43:42,103000,10.895
2026/04/29 15:43:42,104000,10.903
2026/04/29 15:43:42,105000,10.892
2026/04/29 15:43:42,106000,10.900
2026/04/29 15:43:42,107000,10.895
2026/04/29 15:43:42,108000,10.895
2026/04/29 15:43:42,109000,10.897
2026/04/29 15:43:42,110000,10.900
2026/04/29 15:43:42,111000,10.895
2026/04/29 15:43:42,112000,10.897
2026/04/29 15:43:42,113000,10.892
2026/04/29 15:43:42,114000,10.895
2026/04/29 15:43:42,115000,10.897
2026/04/29 15:43:42,116000,10.897
2026/04/29 15:43:42,117000,10.897
2026/04/29 15:43:42,118000,10.897
2026/04/29 15:43:42,119000,10.895
2026/04/29 15:43:42,120000,10.900
2026/04/29 15:43:42,121000,10.889
2026/04/29 15:43:42,122000,10.897
2026/04/29 15:43:42,123000,10.900
2026/04/29 15:43:42,124000,10.895
2026/04/29 15:43:42,125000,10.900
2026/04/29 15:43:42,126000,10.900
2026/04/29 15:43:42,127000,10.897
2026/04/29 15:43:42,128000,10.892
2026/04/29 15:43:42,129000,10.897
2026/04/29 15:43:42,130000,10.903
2026/04/29 15:43:42,131000,10.900
2026/04/29 15:43:42,132000,10.900
2026/04/29 15:43:42,133000,10.897
2026/04/29 15:43:42,134000,10.900
2026/04/29 15:43:42,135000,10.897
2026/04/29 15:43:42,136000,10.897
2026/04/29 15:43:42,137000,10.900
2026/04/29 15:43:42,138000,10.895
2026/04/29 15:43:42,139000,10.895
2026/04/29 15:43:42,140000,10.895
2026/04/29 15:43:42,141000,10.895
2026/04/29 15:43:42,142000,10.895
2026/04/29 15:43:42,143000,10.900
2026/04/29 15:43:42,144000,10.895
2026/04/29 15:43:42,145000,10.892
2026/04/29 15:43:42,146000,10.895
2026/04/29 15:43:42,147000,10.897
2026/04/29 15:43:42,148000,10.895
2026/04/29 15:43:42,149000,10.897
2026/04/29 15:43:42,150000,10.895
2026/04/29 15:43:42,151000,10.900
2026/04/29 15:43:42,152000,10.897
2026/04/29 15:43:42,153000,10.897
2026/04/29 15:43:42,154000,10.900
2026/04/29 15:43:42,155000,10.903
2026/04/29 15:43:42,156000,10.900
2026/04/29 15:43:42,157000,10.903
2026/04/29 15:43:42,158000,10.897
2026/04/29 15:43:42,159000,10.900
2026/04/29 15:43:42,160000,10.906
2026/04/29 15:43:42,161000,10.897
2026/04/29 15:43:42,162000,10.900
2026/04/29 15:43:42,163000,10.895
2026/04/29 15:43:42,164000,10.900
2026/04/29 15:43:42,165000,10.897
2026/04/29 15:43:42,166000,10.897
2026/04/29 15:43:42,167000,10.900
2026/04/29 15:43:42,168000,10.900
2026/04/29 15:43:42,169000,10.900
2026/04/29 15:43:42,170000,10.906
2026/04/29 15:43:42,171000,10.900
2026/04/29 15:43:42,172000,10.906
2026/04/29 15:43:42,173000,10.900
2026/04/29 15:43:42,174000,10.897
2026/04/29 15:43:42,175000,10.900
2026/04/29 15:43:42,176000,10.903
2026/04/29 15:43:42,177000,10.906
2026/04/29 15:43:42,178000,10.900
2026/04/29 15:43:42,179000,10.903
2026/04/29 15:43:42,180000,10.906
2026/04/29 15:43:42,181000,10.897
2026/04/29 15:43:42,182000,10.900
2026/04/29 15:43:42,183000,10.906
2026/04/29 15:43:42,184000,10.903
2026/04/29 15:43:42,185000,10.906
2026/04/29 15:43:42,186000,10.900
2026/04/29 15:43:42,187000,10.900
2026/04/29 15:43:42,188000,10.903
2026/04/29 15:43:42,189000,10.906
2026/04/29 15:43:42,190000,10.900
2026/04/29 15:43:42,191000,10.900
2026/04/29 15:43:42,192000,10.903
2026/04/29 15:43:42,193000,10.903
2026/04/29 15:43:42,194000,10.903
2026/04/29 15:43:42,195000,10.906
2026/04/29 15:43:42,196000,10.903
2026/04/29 15:43:42,197000,10.900
2026/04/29 15:43:42,198000,10.903
2026/04/29 15:43:42,199000,10.903
2026/04/29 15:43:42,200000,10.903
2026/04/29 15:43:42,201000,10.903
2026/04/29 15:43:42,202000,10.906
2026/04/29 15:43:42,203000,10.906
2026/04/29 15:43:42,204000,10.897
2026/04/29 15:43:42,205000,10.900
2026/04/29 15:43:42,206000,10.903
2026/04/29 15:43:42,207000,10.897
2026/04/29 15:43:42,208000,10.903
2026/04/29 15:43:42,209000,10.906
2026/04/29 15:43:42,210000,10.906
2026/04/29 15:43:42,211000,10.903
2026/04/29 15:43:42,212000,10.903
2026/04/29 15:43:42,213000,10.906
2026/04/29 15:43:42,214000,10.900
2026/04/29 15:43:42,215000,10.906
2026/04/29 15:43:42,216000,10.900
2026/04/29 15:43:42,217000,10.906
2026/04/29 15:43:42,218000,10.897
2026/04/29 15:43:42,219000,10.909
2026/04/29 15:43:42,220000,10.909
2026/04/29 15:43:42,221000,10.906
2026/04/29 15:43:42,222000,10.903
2026/04/29 15:43:42,223000,10.909
2026/04/29 15:43:42,224000,10.903
2026/04/29 15:43:42,225000,10.906
2026/04/29 15:43:42,226000,10.906
2026/04/29 15:43:42,227000,10.903
2026/04/29 15:43:42,228000,10.909
2026/04/29 15:43:42,229000,10.897
2026/04/29 15:43:42,230000,10.906
2026/04/29 15:43:42,231000,10.903
2026/04/29 15:43:42,232000,10.903
2026/04/29 15:43:42,233000,10.909
2026/04/29 15:43:42,234000,10.900
2026/04/29 15:43:42,235000,10.900
2026/04/29 15:43:42,236000,10.909
2026/04/29 15:43:42,237000,10.900
2026/04/29 15:43:42,238000,10.906
2026/04/29 15:43:42,239000,10.900
2026/04/29 15:43:42,240000,10.900
2026/04/29 15:43:42,241000,10.900
2026/04/29 15:43:42,242000,10.909
2026/04/29 15:43:42,243000,10.906
2026/04/29 15:43:42,244000,10.906
2026/04/29 15:43:42,245000,10.914
2026/04/29 15:43:42,246000,10.903
2026/04/29 15:43:42,247000,10.909
2026/04/29 15:43:42,248000,10.909
2026/04/29 15:43:42,249000,10.903
2026/04/29 15:43:42,250000,10.911
2026/04/29 15:43:42,251000,10.903
2026/04/29 15:43:42,252000,10.906
2026/04/29 15:43:42,253000,10.914
2026/04/29 15:43:42,254000,10.897
2026/04/29 15:43:42,255000,10.909
2026/04/29 15:43:42,256000,10.909
2026/04/29 15:43:42,257000,10.906
2026/04/29 15:43:42,258000,10.911
2026/04/29 15:43:42,259000,10.906
2026/04/29 15:43:42,260000,10.911
2026/04/29 15:43:42,261000,10.903
2026/04/29 15:43:42,262000,10.906
2026/04/29 15:43:42,263000,10.906
2026/04/29 15:43:42,264000,10.903
2026/04/29 15:43:42,265000,10.903
2026/04/29 15:43:42,266000,10.914
2026/04/29 15:43:42,267000,10.909
2026/04/29 15:43:42,268000,10.909
2026/04/29 15:43:42,269000,10.903
2026/04/29 15:43:42,270000,10.909
2026/04/29 15:43:42,271000,10.909
2026/04/29 15:43:42,272000,10.909
2026/04/29 15:43:42,273000,10.906
2026/04/29 15:43:42,274000,10.911
2026/04/29 15:43:42,275000,10.906
2026/04/29 15:43:42,276000,10.903
2026/04/29 15:43:42,277000,10.906
2026/04/29 15:43:42,278000,10.911
2026/04/29 15:43:42,279000,10.903
2026/04/29 15:43:42,280000,10.911
2026/04/29 15:43:42,281000,10.906
2026/04/29 15:43:42,282000,10.911
2026/04/29 15:43:42,283000,10.911
2026/04/29 15:43:42,284000,10.906
2026/04/29 15:43:42,285000,10.909
2026/04/29 15:43:42,286000,10.911
2026/04/29 15:43:42,287000,10.911
2026/04/29 15:43:42,288000,10.909
2026/04/29 15:43:42,289000,10.903
2026/04/29 15:43:42,290000,10.909
2026/04/29 15:43:42,291000,10.909
2026/04/29 15:43:42,292000,10.906
2026/04/29 15:43:42,293000,10.906
2026/04/29 15:43:42,294000,10.909
2026/04/29 15:43:42,295000,10.911
2026/04/29 15:43:42,296000,10.911
2026/04/29 15:43:42,297000,10.911
2026/04/29 15:43:42,298000,10.911
2026/04/29 15:43:42,299000,10.911
2026/04/29 15:43:42,300000,10.911
2026/04/29 15:43:42,301000,10.909
2026/04/29 15:43:42,302000,10.903
2026/04/29 15:43:42,303000,10.906
2026/04/29 15:43:42,304000,10.909
2026/04/29 15:43:42,305000,10.911
2026/04/29 15:43:42,306000,10.909
2026/04/29 15:43:42,307000,10.909
2026/04/29 15:43:42,308000,10.911
2026/04/29 15:43:42,309000,10.909
2026/04/29 15:43:42,310000,10.914
2026/04/29 15:43:42,311000,10.911
2026/04/29 15:43:42,312000,10.906
2026/04/29 15:43:42,313000,10.911
2026/04/29 15:43:42,314000,10.909
2026/04/29 15:43:42,315000,10.911
2026/04/29 15:43:42,316000,10.917
2026/04/29 15:43:42,317000,10.906
2026/04/29 15:43:42,318000,10.906
2026/04/29 15:43:42,319000,10.914
2026/04/29 15:43:42,320000,10.909
2026/04/29 15:43:42,321000,10.909
2026/04/29 15:43:42,322000,10.917
2026/04/29 15:43:42,323000,10.909
2026/04/29 15:43:42,324000,10.903
2026/04/29 15:43:42,325000,10.914
2026/04/29 15:43:42,326000,10.903
2026/04/29 15:43:42,327000,10.909
2026/04/29 15:43:42,328000,10.917
2026/04/29 15:43:42,329000,10.911
2026/04/29 15:43:42,330000,10.911
2026/04/29 15:43:42,331000,10.911
2026/04/29 15:43:42,332000,10.909
2026/04/29 15:43:42,333000,10.911
2026/04/29 15:43:42,334000,10.914
2026/04/29 15:43:42,335000,10.914
2026/04/29 15:43:42,336000,10.911
2026/04/29 15:43:42,337000,10.906
2026/04/29 15:43:42,338000,10.914
2026/04/29 15:43:42,339000,10.914
2026/04/29 15:43:42,340000,10.906
2026/04/29 15:43:42,341000,10.914
2026/04/29 15:43:42,342000,10.909
2026/04/29 15:43:42,343000,10.909
2026/04/29 15:43:42,344000,10.911
2026/04/29 15:43:42,345000,10.909
2026/04/29 15:43:42,346000,10.911
2026/04/29 15:43:42,347000,10.914
2026/04/29 15:43:42,348000,10.909
2026/04/29 15:43:42,349000,10.911
2026/04/29 15:43:42,350000,10.914
2026/04/29 15:43:42,351000,10.914
2026/04/29 15:43:42,352000,10.917
2026/04/29 15:43:42,353000,10.911
2026/04/29 15:43:42,354000,10.911
2026/04/29 15:43:42,355000,10.906
2026/04/29 15:43:42,356000,10.914
2026/04/29 15:43:42,357000,10.909
2026/04/29 15:43:42,358000,10.911
2026/04/29 15:43:42,359000,10.911
2026/04/29 15:43:42,360000,10.925
2026/04/29 15:43:42,361000,10.911
2026/04/29 15:43:42,362000,10.911
2026/04/29 15:43:42,363000,10.911
2026/04/29 15:43:42,364000,10.920
2026/04/29 15:43:42,365000,10.909
2026/04/29 15:43:42,366000,10.914
2026/04/29 15:43:42,367000,10.909
2026/04/29 15:43:42,368000,10.914
2026/04/29 15:43:42,369000,10.917
2026/04/29 15:43:42,370000,10.920
2026/04/29 15:43:42,371000,10.911
2026/04/29 15:43:42,372000,10.920
2026/04/29 15:43:42,373000,10.920
2026/04/29 15:43:42,374000,10.920
2026/04/29 15:43:42,375000,10.917
2026/04/29 15:43:42,376000,10.914
2026/04/29 15:43:42,377000,10.911
2026/04/29 15:43:42,378000,10.917
2026/04/29 15:43:42,379000,10.909
2026/04/29 15:43:42,380000,10.923
2026/04/29 15:43:42,381000,10.917
2026/04/29 15:43:42,382000,10.917
2026/04/29 15:43:42,383000,10.917
2026/04/29 15:43:42,384000,10.920
2026/04/29 15:43:42,385000,10.917
2026/04/29 15:43:42,386000,10.909
2026/04/29 15:43:42,387000,10.909
2026/04/29 15:43:42,388000,10.917
2026/04/29 15:43:42,389000,10.917
2026/04/29 15:43:42,390000,10.911
2026/04/29 15:43:42,391000,10.914
2026/04/29 15:43:42,392000,10.917
2026/04/29 15:43:42,393000,10.920
2026/04/29 15:43:42,394000,10.917
2026/04/29 15:43:42,395000,10.911
2026/04/29 15:43:42,396000,10.906
2026/04/29 15:43:42,397000,10.914
2026/04/29 15:43:42,398000,10.923
2026/04/29 15:43:42,399000,10.914
2026/04/29 15:43:42,400000,10.917
2026/04/29 15:43:42,401000,10.917
2026/04/29 15:43:42,402000,10.923
2026/04/29 15:43:42,403000,10.914
2026/04/29 15:43:42,404000,10.923
2026/04/29 15:43:42,405000,10.914
2026/04/29 15:43:42,406000,10.911
2026/04/29 15:43:42,407000,10.923
2026/04/29 15:43:42,408000,10.911
2026/04/29 15:43:42,409000,10.920
2026/04/29 15:43:42,410000,10.917
2026/04/29 15:43:42,411000,10.920
2026/04/29 15:43:42,412000,10.914
2026/04/29 15:43:42,413000,10.920
2026/04/29 15:43:42,414000,10.920
2026/04/29 15:43:42,415000,10.923
2026/04/29 15:43:42,416000,10.925
2026/04/29 15:43:42,417000,10.920
2026/04/29 15:43:42,418000,10.914
2026/04/29 15:43:42,419000,10.920
2026/04/29 15:43:42,420000,10.917
2026/04/29 15:43:42,421000,10.917
2026/04/29 15:43:42,422000,10.920
2026/04/29 15:43:42,423000,10.911
2026/04/29 15:43:42,424000,10.923
2026/04/29 15:43:42,425000,10.917
2026/04/29 15:43:42,426000,10.925
2026/04/29 15:43:42,427000,10.923
2026/04/29 15:43:42,428000,10.920
2026/04/29 15:43:42,429000,10.920
2026/04/29 15:43:42,430000,10.920
2026/04/29 15:43:42,431000,10.920
2026/04/29 15:43:42,432000,10.917
2026/04/29 15:43:42,433000,10.920
2026/04/29 15:43:42,434000,10.923
2026/04/29 15:43:42,435000,10.923
2026/04/29 15:43:42,436000,10.917
2026/04/29 15:43:42,437000,10.914
2026/04/29 15:43:42,438000,10.923
2026/04/29 15:43:42,439000,10.920
2026/04/29 15:43:42,440000,10.920
2026/04/29 15:43:42,441000,10.923
2026/04/29 15:43:42,442000,10.917
2026/04/29 15:43:42,443000,10.917
2026/04/29 15:43:42,444000,10.920
2026/04/29 15:43:42,445000,10.920
2026/04/29 15:43:42,446000,10.923
2026/04/29 15:43:42,447000,10.920
2026/04/29 15:43:42,448000,10.917
2026/04/29 15:43:42,449000,10.923
2026/04/29 15:43:42,450000,10.920
2026/04/29 15:43:42,451000,10.917
2026/04/29 15:43:42,452000,10.923
2026/04/29 15:43:42,453000,10.920
2026/04/29 15:43:42,454000,10.920
2026/04/29 15:43:42,455000,10.923
2026/04/29 15:43:42,456000,10.920
2026/04/29 15:43:42,457000,10.925
2026/04/29 15:43:42,458000,10.920
2026/04/29 15:43:42,459000,10.923
2026/04/29 15:43:42,460000,10.923
2026/04/29 15:43:42,461000,10.923
2026/04/29 15:43:42,462000,10.920
2026/04/29 15:43:42,463000,10.923
2026/04/29 15:43:42,464000,10.923
2026/04/29 15:43:42,465000,10.925
2026/04/29 15:43:42,466000,10.923
2026/04/29 15:43:42,467000,10.923
2026/04/29 15:43:42,468000,10.917
2026/04/29 15:43:42,469000,10.925
2026/04/29 15:43:42,470000,10.920
2026/04/29 15:43:42,471000,10.923
2026/04/29 15:43:42,472000,10.928
2026/04/29 15:43:42,473000,10.920
2026/04/29 15:43:42,474000,10.917
2026/04/29 15:43:42,475000,10.923
2026/04/29 15:43:42,476000,10.925
2026/04/29 15:43:42,477000,10.920
2026/04/29 15:43:42,478000,10.923
2026/04/29 15:43:42,479000,10.923
2026/04/29 15:43:42,480000,10.917
2026/04/29 15:43:42,481000,10.923
2026/04/29 15:43:42,482000,10.920
2026/04/29 15:43:42,483000,10.923
2026/04/29 15:43:42,484000,10.923
2026/04/29 15:43:42,485000,10.917
2026/04/29 15:43:42,486000,10.923
2026/04/29 15:43:42,487000,10.917
2026/04/29 15:43:42,488000,10.923
2026/04/29 15:43:42,489000,10.923
2026/04/29 15:43:42,490000,10.923
2026/04/29 15:43:42,491000,10.923
2026/04/29 15:43:42,492000,10.925
2026/04/29 15:43:42,493000,10.917
2026/04/29 15:43:42,494000,10.923
2026/04/29 15:43:42,495000,10.925
2026/04/29 15:43:42,496000,10.923
2026/04/29 15:43:42,497000,10.914
2026/04/29 15:43:42,498000,10.923
2026/04/29 15:43:42,499000,10.917
2026/04/29 15:43:42,500000,10.923
2026/04/29 15:43:42,501000,10.925
2026/04/29 15:43:42,502000,10.925
2026/04/29 15:43:42,503000,10.920
2026/04/29 15:43:42,504000,10.920
2026/04/29 15:43:42,505000,10.923
2026/04/29 15:43:42,506000,10.917
2026/04/29 15:43:42,507000,10.920
2026/04/29 15:43:42,508000,10.917
2026/04/29 15:43:42,509000,10.923
2026/04/29 15:43:42,510000,10.925
2026/04/29 15:43:42,511000,10.928
2026/04/29 15:43:42,512000,10.923
2026/04/29 15:43:42,513000,10.925
2026/04/29 15:43:42,514000,10.920
2026/04/29 15:43:42,515000,10.920
2026/04/29 15:43:42,516000,10.928
2026/04/29 15:43:42,517000,10.925
2026/04/29 15:43:42,518000,10.925
2026/04/29 15:43:42,519000,10.928
2026/04/29 15:43:42,520000,10.920
2026/04/29 15:43:42,521000,10.920
2026/04/29 15:43:42,522000,10.920
2026/04/29 15:43:42,523000,10.923
2026/04/29 15:43:42,524000,10.928
2026/04/29 15:43:42,525000,10.923
2026/04/29 15:43:42,526000,10.925
2026/04/29 15:43:42,527000,10.928
2026/04/29 15:43:42,528000,10.925
2026/04/29 15:43:42,529000,10.925
2026/04/29 15:43:42,530000,10.925
2026/04/29 15:43:42,531000,10.923
2026/04/29 15:43:42,532000,10.923
2026/04/29 15:43:42,533000,10.920
2026/04/29 15:43:42,534000,10.928
2026/04/29 15:43:42,535000,10.928
2026/04/29 15:43:42,536000,10.931
2026/04/29 15:43:42,537000,10.923
2026/04/29 15:43:42,538000,10.925
2026/04/29 15:43:42,539000,10.925
2026/04/29 15:43:42,540000,10.931
2026/04/29 15:43:42,541000,10.925
2026/04/29 15:43:42,542000,10.931
2026/04/29 15:43:42,543000,10.923
2026/04/29 15:43:42,544000,10.925
2026/04/29 15:43:42,545000,10.925
2026/04/29 15:43:42,546000,10.923
2026/04/29 15:43:42,547000,10.925
2026/04/29 15:43:42,548000,10.928
2026/04/29 15:43:42,549000,10.925
2026/04/29 15:43:42,550000,10.934
2026/04/29 15:43:42,551000,10.928
2026/04/29 15:43:42,552000,10.925
2026/04/29 15:43:42,553000,10.923
2026/04/29 15:43:42,554000,10.925
2026/04/29 15:43:42,555000,10.928
2026/04/29 15:43:42,556000,10.931
2026/04/29 15:43:42,557000,10.931
2026/04/29 15:43:42,558000,10.925
2026/04/29 15:43:42,559000,10.928
2026/04/29 15:43:42,560000,10.923
2026/04/29 15:43:42,561000,10.923
2026/04/29 15:43:42,562000,10.931
2026/04/29 15:43:42,563000,10.931
2026/04/29 15:43:42,564000,10.923
2026/04/29 15:43:42,565000,10.923
2026/04/29 15:43:42,566000,10.928
2026/04/29 15:43:42,567000,10.925
2026/04/29 15:43:42,568000,10.931
2026/04/29 15:43:42,569000,10.923
2026/04/29 15:43:42,570000,10.925
2026/04/29 15:43:42,571000,10.923
2026/04/29 15:43:42,572000,10.925
2026/04/29 15:43:42,573000,10.925
2026/04/29 15:43:42,574000,10.934
2026/04/29 15:43:42,575000,10.925
2026/04/29 15:43:42,576000,10.928
2026/04/29 15:43:42,577000,10.925
2026/04/29 15:43:42,578000,10.928
2026/04/29 15:43:42,579000,10.934
2026/04/29 15:43:42,580000,10.925
2026/04/29 15:43:42,581000,10.925
2026/04/29 15:43:42,582000,10.925
2026/04/29 15:43:42,583000,10.928
2026/04/29 15:43:42,584000,10.925
2026/04/29 15:43:42,585000,10.923
2026/04/29 15:43:42,586000,10.925
2026/04/29 15:43:42,587000,10.931
2026/04/29 15:43:42,588000,10.925
2026/04/29 15:43:42,589000,10.934
2026/04/29 15:43:42,590000,10.928
2026/04/29 15:43:42,591000,10.928
2026/04/29 15:43:42,592000,10.925
2026/04/29 15:43:42,593000,10.923
2026/04/29 15:43:42,594000,10.925
2026/04/29 15:43:42,595000,10.934
2026/04/29 15:43:42,596000,10.931
2026/04/29 15:43:42,597000,10.928
2026/04/29 15:43:42,598000,10.934
2026/04/29 15:43:42,599000,10.928
2026/04/29 15:43:42,600000,10.928
2026/04/29 15:43:42,601000,10.928
2026/04/29 15:43:42,602000,10.923
2026/04/29 15:43:42,603000,10.923
2026/04/29 15:43:42,604000,10.928
2026/04/29 15:43:42,605000,10.928
2026/04/29 15:43:42,606000,10.925
2026/04/29 15:43:42,607000,10.925
2026/04/29 15:43:42,608000,10.928
2026/04/29 15:43:42,609000,10.928
2026/04/29 15:43:42,610000,10.928
2026/04/29 15:43:42,611000,10.931
2026/04/29 15:43:42,612000,10.934
2026/04/29 15:43:42,613000,10.928
2026/04/29 15:43:42,614000,10.925
2026/04/29 15:43:42,615000,10.934
2026/04/29 15:43:42,616000,10.934
2026/04/29 15:43:42,617000,10.931
2026/04/29 15:43:42,618000,10.925
2026/04/29 15:43:42,619000,10.934
2026/04/29 15:43:42,620000,10.928
2026/04/29 15:43:42,621000,10.934
2026/04/29 15:43:42,622000,10.925
2026/04/29 15:43:42,623000,10.934
2026/04/29 15:43:42,624000,10.928
2026/04/29 15:43:42,625000,10.925
2026/04/29 15:43:42,626000,10.925
2026/04/29 15:43:42,627000,10.925
2026/04/29 15:43:42,628000,10.934
2026/04/29 15:43:42,629000,10.931
2026/04/29 15:43:42,630000,10.923
2026/04/29 15:43:42,631000,10.931
2026/04/29 15:43:42,632000,10.931
2026/04/29 15:43:42,633000,10.931
2026/04/29 15:43:42,634000,10.934
2026/04/29 15:43:42,635000,10.931
2026/04/29 15:43:42,636000,10.931
2026/04/29 15:43:42,637000,10.931
2026/04/29 15:43:42,638000,10.925
2026/04/29 15:43:42,639000,10.928
2026/04/29 15:43:42,640000,10.925
2026/04/29 15:43:42,641000,10.934
2026/04/29 15:43:42,642000,10.928
2026/04/29 15:43:42,643000,10.931
2026/04/29 15:43:42,644000,10.925
2026/04/29 15:43:42,645000,10.934
2026/04/29 15:43:42,646000,10.928
2026/04/29 15:43:42,647000,10.931
2026/04/29 15:43:42,648000,10.934
2026/04/29 15:43:42,649000,10.939
2026/04/29 15:43:42,650000,10.928
2026/04/29 15:43:42,651000,10.928
2026/04/29 15:43:42,652000,10.934
2026/04/29 15:43:42,653000,10.928
2026/04/29 15:43:42,654000,10.931
2026/04/29 15:43:42,655000,10.934
2026/04/29 15:43:42,656000,10.931
2026/04/29 15:43:42,657000,10.931
2026/04/29 15:43:42,658000,10.934
2026/04/29 15:43:42,659000,10.934
2026/04/29 15:43:42,660000,10.928
2026/04/29 15:43:42,661000,10.934
2026/04/29 15:43:42,662000,10.934
2026/04/29 15:43:42,663000,10.934
2026/04/29 15:43:42,664000,10.934
2026/04/29 15:43:42,665000,10.931
2026/04/29 15:43:42,666000,10.928
2026/04/29 15:43:42,667000,10.934
2026/04/29 15:43:42,668000,10.934
2026/04/29 15:43:42,669000,10.939
2026/04/29 15:43:42,670000,10.931
2026/04/29 15:43:42,671000,10.934
2026/04/29 15:43:42,672000,10.934
2026/04/29 15:43:42,673000,10.931
2026/04/29 15:43:42,674000,10.934
2026/04/29 15:43:42,675000,10.934
2026/04/29 15:43:42,676000,10.934
2026/04/29 15:43:42,677000,10.934
2026/04/29 15:43:42,678000,10.928
2026/04/29 15:43:42,679000,10.931
2026/04/29 15:43:42,680000,10.937
2026/04/29 15:43:42,681000,10.928
2026/04/29 15:43:42,682000,10.928
2026/04/29 15:43:42,683000,10.928
2026/04/29 15:43:42,684000,10.934
2026/04/29 15:43:42,685000,10.931
2026/04/29 15:43:42,686000,10.931
2026/04/29 15:43:42,687000,10.928
2026/04/29 15:43:42,688000,10.939
2026/04/29 15:43:42,689000,10.931
2026/04/29 15:43:42,690000,10.931
2026/04/29 15:43:42,691000,10.934
2026/04/29 15:43:42,692000,10.934
2026/04/29 15:43:42,693000,10.937
2026/04/29 15:43:42,694000,10.934
2026/04/29 15:43:42,695000,10.934
2026/04/29 15:43:42,696000,10.934
2026/04/29 15:43:42,697000,10.937
2026/04/29 15:43:42,698000,10.939
2026/04/29 15:43:42,699000,10.928
2026/04/29 15:43:42,700000,10.934
2026/04/29 15:43:42,701000,10.937
2026/04/29 15:43:42,702000,10.931
2026/04/29 15:43:42,703000,10.934
2026/04/29 15:43:42,704000,10.931
2026/04/29 15:43:42,705000,10.945
2026/04/29 15:43:42,706000,10.925
2026/04/29 15:43:42,707000,10.931
2026/04/29 15:43:42,708000,10.939
2026/04/29 15:43:42,709000,10.931
2026/04/29 15:43:42,710000,10.939
2026/04/29 15:43:42,711000,10.934
2026/04/29 15:43:42,712000,10.937
2026/04/29 15:43:42,713000,10.931
2026/04/29 15:43:42,714000,10.939
2026/04/29 15:43:42,715000,10.931
2026/04/29 15:43:42,716000,10.934
2026/04/29 15:43:42,717000,10.939
2026/04/29 15:43:42,718000,10.934
2026/04/29 15:43:42,719000,10.937
2026/04/29 15:43:42,720000,10.937
2026/04/29 15:43:42,721000,10.937
2026/04/29 15:43:42,722000,10.934
2026/04/29 15:43:42,723000,10.934
2026/04/29 15:43:42,724000,10.934
2026/04/29 15:43:42,725000,10.942
2026/04/29 15:43:42,726000,10.934
2026/04/29 15:43:42,727000,10.937
2026/04/29 15:43:42,728000,10.939
2026/04/29 15:43:42,729000,10.934
2026/04/29 15:43:42,730000,10.934
2026/04/29 15:43:42,731000,10.939
2026/04/29 15:43:42,732000,10.934
2026/04/29 15:43:42,733000,10.934
2026/04/29 15:43:42,734000,10.939
2026/04/29 15:43:42,735000,10.934
2026/04/29 15:43:42,736000,10.939
2026/04/29 15:43:42,737000,10.931
2026/04/29 15:43:42,738000,10.942
2026/04/29 15:43:42,739000,10.939
2026/04/29 15:43:42,740000,10.939
2026/04/29 15:43:42,741000,10.934
2026/04/29 15:43:42,742000,10.934
2026/04/29 15:43:42,743000,10.934
2026/04/29 15:43:42,744000,10.934
2026/04/29 15:43:42,745000,10.939
2026/04/29 15:43:42,746000,10.937
2026/04/29 15:43:42,747000,10.934
2026/04/29 15:43:42,748000,10.939
2026/04/29 15:43:42,749000,10.939
2026/04/29 15:43:42,750000,10.937
2026/04/29 15:43:42,751000,10.942
2026/04/29 15:43:42,752000,10.942
2026/04/29 15:43:42,753000,10.945
2026/04/29 15:43:42,754000,10.937
2026/04/29 15:43:42,755000,10.942
2026/04/29 15:43:42,756000,10.934
2026/04/29 15:43:42,757000,10.934
2026/04/29 15:43:42,758000,10.939
2026/04/29 15:43:42,759000,10.934
2026/04/29 15:43:42,760000,10.939
2026/04/29 15:43:42,761000,10.937
2026/04/29 15:43:42,762000,10.937
2026/04/29 15:43:42,763000,10.937
2026/04/29 15:43:42,764000,10.934
2026/04/29 15:43:42,765000,10.934
2026/04/29 15:43:42,766000,10.934
2026/04/29 15:43:42,767000,10.934
2026/04/29 15:43:42,768000,10.945
2026/04/29 15:43:42,769000,10.934
2026/04/29 15:43:42,770000,10.942
2026/04/29 15:43:42,771000,10.934
2026/04/29 15:43:42,772000,10.942
2026/04/29 15:43:42,773000,10.942
2026/04/29 15:43:42,774000,10.934
2026/04/29 15:43:42,775000,10.937
2026/04/29 15:43:42,776000,10.942
2026/04/29 15:43:42,777000,10.942
2026/04/29 15:43:42,778000,10.939
2026/04/29 15:43:42,779000,10.934
2026/04/29 15:43:42,780000,10.945
2026/04/29 15:43:42,781000,10.942
2026/04/29 15:43:42,782000,10.942
2026/04/29 15:43:42,783000,10.937
2026/04/29 15:43:42,784000,10.939
2026/04/29 15:43:42,785000,10.945
2026/04/29 15:43:42,786000,10.942
2026/04/29 15:43:42,787000,10.939
2026/04/29 15:43:42,788000,10.939
2026/04/29 15:43:42,789000,10.937
2026/04/29 15:43:42,790000,10.939
2026/04/29 15:43:42,791000,10.939
2026/04/29 15:43:42,792000,10.945
2026/04/29 15:43:42,793000,10.942
2026/04/29 15:43:42,794000,10.937
2026/04/29 15:43:42,795000,10.942
2026/04/29 15:43:42,796000,10.945
2026/04/29 15:43:42,797000,10.948
2026/04/29 15:43:42,798000,10.939
2026/04/29 15:43:42,799000,10.942
2026/04/29 15:43:42,800000,10.945
2026/04/29 15:43:42,801000,10.939
2026/04/29 15:43:42,802000,10.942
2026/04/29 15:43:42,803000,10.942
2026/04/29 15:43:42,804000,10.939
2026/04/29 15:43:42,805000,10.942
2026/04/29 15:43:42,806000,10.939
2026/04/29 15:43:42,807000,10.939
2026/04/29 15:43:42,808000,10.939
2026/04/29 15:43:42,809000,10.939
2026/04/29 15:43:42,810000,10.939
2026/04/29 15:43:42,811000,10.934
2026/04/29 15:43:42,812000,10.942
2026/04/29 15:43:42,813000,10.945
2026/04/29 15:43:42,814000,10.934
2026/04/29 15:43:42,815000,10.942
2026/04/29 15:43:42,816000,10.939
2026/04/29 15:43:42,817000,10.942
2026/04/29 15:43:42,818000,10.945
2026/04/29 15:43:42,819000,10.939
2026/04/29 15:43:42,820000,10.945
2026/04/29 15:43:42,821000,10.945
2026/04/29 15:43:42,822000,10.945
2026/04/29 15:43:42,823000,10.942
2026/04/29 15:43:42,824000,10.942
2026/04/29 15:43:42,825000,10.945
2026/04/29 15:43:42,826000,10.945
2026/04/29 15:43:42,827000,10.942
2026/04/29 15:43:42,828000,10.951
2026/04/29 15:43:42,829000,10.942
2026/04/29 15:43:42,830000,10.945
2026/04/29 15:43:42,831000,10.945
2026/04/29 15:43:42,832000,10.939
2026/04/29 15:43:42,833000,10.942
2026/04/29 15:43:42,834000,10.945
2026/04/29 15:43:42,835000,10.937
2026/04/29 15:43:42,836000,10.942
2026/04/29 15:43:42,837000,10.942
2026/04/29 15:43:42,838000,10.948
2026/04/29 15:43:42,839000,10.945
2026/04/29 15:43:42,840000,10.934
2026/04/29 15:43:42,841000,10.951
2026/04/29 15:43:42,842000,10.942
2026/04/29 15:43:42,843000,10.939
2026/04/29 15:43:42,844000,10.945
2026/04/29 15:43:42,845000,10.942
2026/04/29 15:43:42,846000,10.945
2026/04/29 15:43:42,847000,10.945
2026/04/29 15:43:42,848000,10.948
2026/04/29 15:43:42,849000,10.942
2026/04/29 15:43:42,850000,10.942
2026/04/29 15:43:42,851000,10.945
2026/04/29 15:43:42,852000,10.945
2026/04/29 15:43:42,853000,10.942
2026/04/29 15:43:42,854000,10.945
2026/04/29 15:43:42,855000,10.951
2026/04/29 15:43:42,856000,10.948
2026/04/29 15:43:42,857000,10.948
2026/04/29 15:43:42,858000,10.945
2026/04/29 15:43:42,859000,10.945
2026/04/29 15:43:42,860000,10.945
2026/04/29 15:43:42,861000,10.942
2026/04/29 15:43:42,862000,10.942
2026/04/29 15:43:42,863000,10.951
2026/04/29 15:43:42,864000,10.942
2026/04/29 15:43:42,865000,10.945
2026/04/29 15:43:42,866000,10.945
2026/04/29 15:43:42,867000,10.945
2026/04/29 15:43:42,868000,10.951
2026/04/29 15:43:42,869000,10.951
2026/04/29 15:43:42,870000,10.959
2026/04/29 15:43:42,871000,10.945
2026/04/29 15:43:42,872000,10.953
2026/04/29 15:43:42,873000,10.953
2026/04/29 15:43:42,874000,10.942
2026/04/29 15:43:42,875000,10.953
2026/04/29 15:43:42,876000,10.945
2026/04/29 15:43:42,877000,10.948
2026/04/29 15:43:42,878000,10.945
2026/04/29 15:43:42,879000,10.951
2026/04/29 15:43:42,880000,10.939
2026/04/29 15:43:42,881000,10.951
2026/04/29 15:43:42,882000,10.951
2026/04/29 15:43:42,883000,10.948
2026/04/29 15:43:42,884000,10.945
2026/04/29 15:43:42,885000,10.945
2026/04/29 15:43:42,886000,10.942
2026/04/29 15:43:42,887000,10.942
2026/04/29 15:43:42,888000,10.945
2026/04/29 15:43:42,889000,10.945
2026/04/29 15:43:42,890000,10.948
2026/04/29 15:43:42,891000,10.948
2026/04/29 15:43:42,892000,10.948
2026/04/29 15:43:42,893000,10.948
2026/04/29 15:43:42,894000,10.939
2026/04/29 15:43:42,895000,10.951
2026/04/29 15:43:42,896000,10.945
2026/04/29 15:43:42,897000,10.956
2026/04/29 15:43:42,898000,10.948
2026/04/29 15:43:42,899000,10.942
2026/04/29 15:43:42,900000,10.948
2026/04/29 15:43:42,901000,10.948
2026/04/29 15:43:42,902000,10.951
2026/04/29 15:43:42,903000,10.945
2026/04/29 15:43:42,904000,10.945
2026/04/29 15:43:42,905000,10.948
2026/04/29 15:43:42,906000,10.945
2026/04/29 15:43:42,907000,10.948
2026/04/29 15:43:42,908000,10.953
2026/04/29 15:43:42,909000,10.945
2026/04/29 15:43:42,910000,10.948
2026/04/29 15:43:42,911000,10.951
2026/04/29 15:43:42,912000,10.948
2026/04/29 15:43:42,913000,10.951
2026/04/29 15:43:42,914000,10.945
2026/04/29 15:43:42,915000,10.956
2026/04/29 15:43:42,916000,10.948
2026/04/29 15:43:42,917000,10.945
2026/04/29 15:43:42,918000,10.951
2026/04/29 15:43:42,919000,10.945
2026/04/29 15:43:42,920000,10.951
2026/04/29 15:43:42,921000,10.951
2026/04/29 15:43:42,922000,10.948
2026/04/29 15:43:42,923000,10.945
2026/04/29 15:43:42,924000,10.945
2026/04/29 15:43:42,925000,10.953
2026/04/29 15:43:42,926000,10.951
2026/04/29 15:43:42,927000,10.945
2026/04/29 15:43:42,928000,10.942
2026/04/29 15:43:42,929000,10.951
2026/04/29 15:43:42,930000,10.956
2026/04/29 15:43:42,931000,10.942
2026/04/29 15:43:42,932000,10.953
2026/04/29 15:43:42,933000,10.951
2026/04/29 15:43:42,934000,10.951
2026/04/29 15:43:42,935000,10.951
2026/04/29 15:43:42,936000,10.953
2026/04/29 15:43:42,937000,10.942
2026/04/29 15:43:42,938000,10.948
2026/04/29 15:43:42,939000,10.953
2026/04/29 15:43:42,940000,10.945
2026/04/29 15:43:42,941000,10.951
2026/04/29 15:43:42,942000,10.956
2026/04/29 15:43:42,943000,10.956
2026/04/29 15:43:42,944000,10.951
2026/04/29 15:43:42,945000,10.951
2026/04/29 15:43:42,946000,10.951
2026/04/29 15:43:42,947000,10.948
2026/04/29 15:43:42,948000,10.953
2026/04/29 15:43:42,949000,10.948
2026/04/29 15:43:42,950000,10.951
2026/04/29 15:43:42,951000,10.951
2026/04/29 15:43:42,952000,10.951
2026/04/29 15:43:42,953000,10.951
2026/04/29 15:43:42,954000,10.956
2026/04/29 15:43:42,955000,10.956
2026/04/29 15:43:42,956000,10.951
2026/04/29 15:43:42,957000,10.959
2026/04/29 15:43:42,958000,10.948
2026/04/29 15:43:42,959000,10.951
2026/04/29 15:43:42,960000,10.948
2026/04/29 15:43:42,961000,10.951
2026/04/29 15:43:42,962000,10.953
2026/04/29 15:43:42,963000,10.956
2026/04/29 15:43:42,964000,10.951
2026/04/29 15:43:42,965000,10.959
2026/04/29 15:43:42,966000,10.953
2026/04/29 15:43:42,967000,10.951
2026/04/29 15:43:42,968000,10.959
2026/04/29 15:43:42,969000,10.948
2026/04/29 15:43:42,970000,10.956
2026/04/29 15:43:42,971000,10.956
2026/04/29 15:43:42,972000,10.953
2026/04/29 15:43:42,973000,10.953
2026/04/29 15:43:42,974000,10.951
2026/04/29 15:43:42,975000,10.951
2026/04/29 15:43:42,976000,10.962
2026/04/29 15:43:42,977000,10.953
2026/04/29 15:43:42,978000,10.956
2026/04/29 15:43:42,979000,10.953
2026/04/29 15:43:42,980000,10.956
2026/04/29 15:43:42,981000,10.956
2026/04/29 15:43:42,982000,10.959
2026/04/29 15:43:42,983000,10.953
2026/04/29 15:43:42,984000,10.951
2026/04/29 15:43:42,985000,10.953
2026/04/29 15:43:42,986000,10.953
2026/04/29 15:43:42,987000,10.953
2026/04/29 15:43:42,988000,10.956
2026/04/29 15:43:42,989000,10.951
2026/04/29 15:43:42,990000,10.953
2026/04/29 15:43:42,991000,10.951
2026/04/29 15:43:42,992000,10.953
2026/04/29 15:43:42,993000,10.959
2026/04/29 15:43:42,994000,10.956
2026/04/29 15:43:42,995000,10.956
2026/04/29 15:43:42,996000,10.953
2026/04/29 15:43:42,997000,10.962
2026/04/29 15:43:42,998000,10.951
2026/04/29 15:43:42,999000,10.951
2026/04/29 15:43:43,000000,10.956
2026/04/29 15:43:43,001000,10.953
2026/04/29 15:43:43,002000,10.953
2026/04/29 15:43:43,003000,10.956
2026/04/29 15:43:43,004000,10.956
2026/04/29 15:43:43,005000,10.951
2026/04/29 15:43:43,006000,10.956
2026/04/29 15:43:43,007000,10.951
2026/04/29 15:43:43,008000,10.953
2026/04/29 15:43:43,009000,10.956
2026/04/29 15:43:43,010000,10.959
2026/04/29 15:43:43,011000,10.953
2026/04/29 15:43:43,012000,10.959
2026/04/29 15:43:43,013000,10.959
2026/04/29 15:43:43,014000,10.962
2026/04/29 15:43:43,015000,10.956
2026/04/29 15:43:43,016000,10.962
2026/04/29 15:43:43,017000,10.959
2026/04/29 15:43:43,018000,10.953
2026/04/29 15:43:43,019000,10.953
2026/04/29 15:43:43,020000,10.956
2026/04/29 15:43:43,021000,10.962
2026/04/29 15:43:43,022000,10.956
2026/04/29 15:43:43,023000,10.959
2026/04/29 15:43:43,024000,10.965
2026/04/29 15:43:43,025000,10.953
2026/04/29 15:43:43,026000,10.959
2026/04/29 15:43:43,027000,10.959
2026/04/29 15:43:43,028000,10.959
2026/04/29 15:43:43,029000,10.959
2026/04/29 15:43:43,030000,10.956
2026/04/29 15:43:43,031000,10.959
2026/04/29 15:43:43,032000,10.959
2026/04/29 15:43:43,033000,10.956
2026/04/29 15:43:43,034000,10.956
2026/04/29 15:43:43,035000,10.956
2026/04/29 15:43:43,036000,10.956
2026/04/29 15:43:43,037000,10.956
2026/04/29 15:43:43,038000,10.953
2026/04/29 15:43:43,039000,10.956
2026/04/29 15:43:43,040000,10.962
2026/04/29 15:43:43,041000,10.959
2026/04/29 15:43:43,042000,10.959
2026/04/29 15:43:43,043000,10.962
2026/04/29 15:43:43,044000,10.956
2026/04/29 15:43:43,045000,10.965
2026/04/29 15:43:43,046000,10.962
2026/04/29 15:43:43,047000,10.959
2026/04/29 15:43:43,048000,10.959
2026/04/29 15:43:43,049000,10.956
2026/04/29 15:43:43,050000,10.959
2026/04/29 15:43:43,051000,10.956
2026/04/29 15:43:43,052000,10.956
2026/04/29 15:43:43,053000,10.962
2026/04/29 15:43:43,054000,10.959
2026/04/29 15:43:43,055000,10.965
2026/04/29 15:43:43,056000,10.962
2026/04/29 15:43:43,057000,10.959
2026/04/29 15:43:43,058000,10.956
2026/04/29 15:43:43,059000,10.956
2026/04/29 15:43:43,060000,10.959
2026/04/29 15:43:43,061000,10.959
2026/04/29 15:43:43,062000,10.956
2026/04/29 15:43:43,063000,10.956
2026/04/29 15:43:43,064000,10.962
2026/04/29 15:43:43,065000,10.956
2026/04/29 15:43:43,066000,10.962
2026/04/29 15:43:43,067000,10.962
2026/04/29 15:43:43,068000,10.959
2026/04/29 15:43:43,069000,10.962
2026/04/29 15:43:43,070000,10.962
2026/04/29 15:43:43,071000,10.962
2026/04/29 15:43:43,072000,10.962
2026/04/29 15:43:43,073000,10.965
2026/04/29 15:43:43,074000,10.962
2026/04/29 15:43:43,075000,10.956
2026/04/29 15:43:43,076000,10.962
2026/04/29 15:43:43,077000,10.962
2026/04/29 15:43:43,078000,10.967
2026/04/29 15:43:43,079000,10.965
2026/04/29 15:43:43,080000,10.962
2026/04/29 15:43:43,081000,10.962
2026/04/29 15:43:43,082000,10.962
2026/04/29 15:43:43,083000,10.962
2026/04/29 15:43:43,084000,10.965
2026/04/29 15:43:43,085000,10.965
2026/04/29 15:43:43,086000,10.965
2026/04/29 15:43:43,087000,10.959
2026/04/29 15:43:43,088000,10.967
2026/04/29 15:43:43,089000,10.965
2026/04/29 15:43:43,090000,10.956
2026/04/29 15:43:43,091000,10.965
2026/04/29 15:43:43,092000,10.956
2026/04/29 15:43:43,093000,10.962
2026/04/29 15:43:43,094000,10.959
2026/04/29 15:43:43,095000,10.962
2026/04/29 15:43:43,096000,10.962
2026/04/29 15:43:43,097000,10.956
2026/04/29 15:43:43,098000,10.953
2026/04/29 15:43:43,099000,10.956
2026/04/29 15:43:43,100000,10.967
2026/04/29 15:43:43,101000,10.956
2026/04/29 15:43:43,102000,10.962
2026/04/29 15:43:43,103000,10.967
2026/04/29 15:43:43,104000,10.965
2026/04/29 15:43:43,105000,10.967
2026/04/29 15:43:43,106000,10.962
2026/04/29 15:43:43,107000,10.965
2026/04/29 15:43:43,108000,10.965
2026/04/29 15:43:43,109000,10.967
2026/04/29 15:43:43,110000,10.962
2026/04/29 15:43:43,111000,10.967
2026/04/29 15:43:43,112000,10.967
2026/04/29 15:43:43,113000,10.962
2026/04/29 15:43:43,114000,10.965
2026/04/29 15:43:43,115000,10.970
2026/04/29 15:43:43,116000,10.962
2026/04/29 15:43:43,117000,10.965
2026/04/29 15:43:43,118000,10.965
2026/04/29 15:43:43,119000,10.962
2026/04/29 15:43:43,120000,10.965
2026/04/29 15:43:43,121000,10.970
2026/04/29 15:43:43,122000,10.973
2026/04/29 15:43:43,123000,10.965
2026/04/29 15:43:43,124000,10.967
2026/04/29 15:43:43,125000,10.965
2026/04/29 15:43:43,126000,10.959
2026/04/29 15:43:43,127000,10.970
2026/04/29 15:43:43,128000,10.965
2026/04/29 15:43:43,129000,10.965
2026/04/29 15:43:43,130000,10.967
2026/04/29 15:43:43,131000,10.973
2026/04/29 15:43:43,132000,10.967
2026/04/29 15:43:43,133000,10.965
2026/04/29 15:43:43,134000,10.970
2026/04/29 15:43:43,135000,10.970
2026/04/29 15:43:43,136000,10.967
2026/04/29 15:43:43,137000,10.967
2026/04/29 15:43:43,138000,10.973
2026/04/29 15:43:43,139000,10.973
2026/04/29 15:43:43,140000,10.973
2026/04/29 15:43:43,141000,10.970
2026/04/29 15:43:43,142000,10.970
2026/04/29 15:43:43,143000,10.970
2026/04/29 15:43:43,144000,10.970
2026/04/29 15:43:43,145000,10.970
2026/04/29 15:43:43,146000,10.965
2026/04/29 15:43:43,147000,10.962
2026/04/29 15:43:43,148000,10.965
2026/04/29 15:43:43,149000,10.970
2026/04/29 15:43:43,150000,10.970
2026/04/29 15:43:43,151000,10.973
2026/04/29 15:43:43,152000,10.970
2026/04/29 15:43:43,153000,10.973
2026/04/29 15:43:43,154000,10.967
2026/04/29 15:43:43,155000,10.967
2026/04/29 15:43:43,156000,10.967
2026/04/29 15:43:43,157000,10.970
2026/04/29 15:43:43,158000,10.967
2026/04/29 15:43:43,159000,10.967
2026/04/29 15:43:43,160000,10.967
2026/04/29 15:43:43,161000,10.967
2026/04/29 15:43:43,162000,10.976
2026/04/29 15:43:43,163000,10.973
2026/04/29 15:43:43,164000,10.967
2026/04/29 15:43:43,165000,10.967
2026/04/29 15:43:43,166000,10.973
2026/04/29 15:43:43,167000,10.970
2026/04/29 15:43:43,168000,10.970
2026/04/29 15:43:43,169000,10.970
2026/04/29 15:43:43,170000,10.965
2026/04/29 15:43:43,171000,10.976
2026/04/29 15:43:43,172000,10.967
2026/04/29 15:43:43,173000,10.970
2026/04/29 15:43:43,174000,10.970
2026/04/29 15:43:43,175000,10.979
2026/04/29 15:43:43,176000,10.976
2026/04/29 15:43:43,177000,10.973
2026/04/29 15:43:43,178000,10.970
2026/04/29 15:43:43,179000,10.967
2026/04/29 15:43:43,180000,10.973
2026/04/29 15:43:43,181000,10.973
2026/04/29 15:43:43,182000,10.979
2026/04/29 15:43:43,183000,10.979
2026/04/29 15:43:43,184000,10.973
2026/04/29 15:43:43,185000,10.981
2026/04/29 15:43:43,186000,10.979
2026/04/29 15:43:43,187000,10.976
2026/04/29 15:43:43,188000,10.973
2026/04/29 15:43:43,189000,10.979
2026/04/29 15:43:43,190000,10.979
2026/04/29 15:43:43,191000,10.967
2026/04/29 15:43:43,192000,10.973
2026/04/29 15:43:43,193000,10.973
2026/04/29 15:43:43,194000,10.976
2026/04/29 15:43:43,195000,10.973
2026/04/29 15:43:43,196000,10.973
2026/04/29 15:43:43,197000,10.979
2026/04/29 15:43:43,198000,10.979
2026/04/29 15:43:43,199000,10.976
2026/04/29 15:43:43,200000,10.981
2026/04/29 15:43:43,201000,10.979
2026/04/29 15:43:43,202000,10.981
2026/04/29 15:43:43,203000,10.981
2026/04/29 15:43:43,204000,10.979
2026/04/29 15:43:43,205000,10.979
2026/04/29 15:43:43,206000,10.976
2026/04/29 15:43:43,207000,10.979
2026/04/29 15:43:43,208000,10.981
2026/04/29 15:43:43,209000,10.979
2026/04/29 15:43:43,210000,10.984
2026/04/29 15:43:43,211000,10.981
2026/04/29 15:43:43,212000,10.984
2026/04/29 15:43:43,213000,10.981
2026/04/29 15:43:43,214000,10.979
2026/04/29 15:43:43,215000,10.979
2026/04/29 15:43:43,216000,10.981
2026/04/29 15:43:43,217000,10.979
2026/04/29 15:43:43,218000,10.981
2026/04/29 15:43:43,219000,10.979
2026/04/29 15:43:43,220000,10.976
2026/04/29 15:43:43,221000,10.976
2026/04/29 15:43:43,222000,10.984
2026/04/29 15:43:43,223000,10.984
2026/04/29 15:43:43,224000,10.976
2026/04/29 15:43:43,225000,10.984
2026/04/29 15:43:43,226000,10.984
2026/04/29 15:43:43,227000,10.976
2026/04/29 15:43:43,228000,10.984
2026/04/29 15:43:43,229000,10.984
2026/04/29 15:43:43,230000,10.979
2026/04/29 15:43:43,231000,10.981
2026/04/29 15:43:43,232000,10.979
2026/04/29 15:43:43,233000,10.973
2026/04/29 15:43:43,234000,10.979
2026/04/29 15:43:43,235000,10.981
2026/04/29 15:43:43,236000,10.979
2026/04/29 15:43:43,237000,10.990
2026/04/29 15:43:43,238000,10.979
2026/04/29 15:43:43,239000,10.990
2026/04/29 15:43:43,240000,10.976
2026/04/29 15:43:43,241000,10.979
2026/04/29 15:43:43,242000,10.984
2026/04/29 15:43:43,243000,10.990
2026/04/29 15:43:43,244000,10.984
2026/04/29 15:43:43,245000,10.984
2026/04/29 15:43:43,246000,10.979
2026/04/29 15:43:43,247000,10.979
2026/04/29 15:43:43,248000,10.987
2026/04/29 15:43:43,249000,10.984
2026/04/29 15:43:43,250000,10.979
2026/04/29 15:43:43,251000,10.987
2026/04/29 15:43:43,252000,10.979
2026/04/29 15:43:43,253000,10.984
2026/04/29 15:43:43,254000,10.979
2026/04/29 15:43:43,255000,10.984
2026/04/29 15:43:43,256000,10.987
2026/04/29 15:43:43,257000,10.984
2026/04/29 15:43:43,258000,10.984
2026/04/29 15:43:43,259000,10.984
2026/04/29 15:43:43,260000,10.981
2026/04/29 15:43:43,261000,10.990
2026/04/29 15:43:43,262000,10.984
2026/04/29 15:43:43,263000,10.984
2026/04/29 15:43:43,264000,10.981
2026/04/29 15:43:43,265000,10.984
2026/04/29 15:43:43,266000,10.990
2026/04/29 15:43:43,267000,10.984
2026/04/29 15:43:43,268000,10.987
2026/04/29 15:43:43,269000,10.987
2026/04/29 15:43:43,270000,10.979
2026/04/29 15:43:43,271000,10.992
2026/04/29 15:43:43,272000,10.987
2026/04/29 15:43:43,273000,10.981
2026/04/29 15:43:43,274000,10.984
2026/04/29 15:43:43,275000,10.987
2026/04/29 15:43:43,276000,10.987
2026/04/29 15:43:43,277000,10.992
2026/04/29 15:43:43,278000,10.990
2026/04/29 15:43:43,279000,10.987
2026/04/29 15:43:43,280000,10.995
2026/04/29 15:43:43,281000,10.984
2026/04/29 15:43:43,282000,10.990
2026/04/29 15:43:43,283000,10.987
2026/04/29 15:43:43,284000,10.990
2026/04/29 15:43:43,285000,10.990
2026/04/29 15:43:43,286000,10.990
2026/04/29 15:43:43,287000,10.987
2026/04/29 15:43:43,288000,10.990
2026/04/29 15:43:43,289000,10.990
2026/04/29 15:43:43,290000,10.987
2026/04/29 15:43:43,291000,10.990
2026/04/29 15:43:43,292000,10.987
2026/04/29 15:43:43,293000,10.990
2026/04/29 15:43:43,294000,10.990
2026/04/29 15:43:43,295000,10.992
2026/04/29 15:43:43,296000,10.992
2026/04/29 15:43:43,297000,10.992
2026/04/29 15:43:43,298000,10.987
2026/04/29 15:43:43,299000,10.984
2026/04/29 15:43:43,300000,10.987
2026/04/29 15:43:43,301000,10.981
2026/04/29 15:43:43,302000,10.987
2026/04/29 15:43:43,303000,10.992
2026/04/29 15:43:43,304000,10.987
2026/04/29 15:43:43,305000,10.990
2026/04/29 15:43:43,306000,10.992
2026/04/29 15:43:43,307000,10.990
2026/04/29 15:43:43,308000,10.987
2026/04/29 15:43:43,309000,10.990
2026/04/29 15:43:43,310000,10.990
2026/04/29 15:43:43,311000,10.984
2026/04/29 15:43:43,312000,10.987
2026/04/29 15:43:43,313000,10.990
2026/04/29 15:43:43,314000,10.984
2026/04/29 15:43:43,315000,10.987
2026/04/29 15:43:43,316000,10.987
2026/04/29 15:43:43,317000,10.990
2026/04/29 15:43:43,318000,10.992
2026/04/29 15:43:43,319000,10.992
2026/04/29 15:43:43,320000,10.992
2026/04/29 15:43:43,321000,10.984
2026/04/29 15:43:43,322000,10.990
2026/04/29 15:43:43,323000,10.992
2026/04/29 15:43:43,324000,10.990
2026/04/29 15:43:43,325000,10.995
2026/04/29 15:43:43,326000,10.990
2026/04/29 15:43:43,327000,10.987
2026/04/29 15:43:43,328000,10.990
2026/04/29 15:43:43,329000,10.990
2026/04/29 15:43:43,330000,10.992
2026/04/29 15:43:43,331000,10.992
2026/04/29 15:43:43,332000,10.998
2026/04/29 15:43:43,333000,10.995
2026/04/29 15:43:43,334000,10.992
2026/04/29 15:43:43,335000,10.987
2026/04/29 15:43:43,336000,10.998
2026/04/29 15:43:43,337000,10.990
2026/04/29 15:43:43,338000,10.992
2026/04/29 15:43:43,339000,10.990
2026/04/29 15:43:43,340000,10.995
2026/04/29 15:43:43,341000,10.995
2026/04/29 15:43:43,342000,10.992
2026/04/29 15:43:43,343000,10.995
2026/04/29 15:43:43,344000,10.990
2026/04/29 15:43:43,345000,11.001
2026/04/29 15:43:43,346000,10.992
2026/04/29 15:43:43,347000,10.992
2026/04/29 15:43:43,348000,10.995
2026/04/29 15:43:43,349000,10.990
2026/04/29 15:43:43,350000,10.998
2026/04/29 15:43:43,351000,10.995
2026/04/29 15:43:43,352000,10.992
2026/04/29 15:43:43,353000,10.995
2026/04/29 15:43:43,354000,10.995
2026/04/29 15:43:43,355000,10.998
2026/04/29 15:43:43,356000,11.006
2026/04/29 15:43:43,357000,10.995
2026/04/29 15:43:43,358000,10.995
2026/04/29 15:43:43,359000,11.001
2026/04/29 15:43:43,360000,11.001
2026/04/29 15:43:43,361000,10.992
2026/04/29 15:43:43,362000,10.995
2026/04/29 15:43:43,363000,10.995
2026/04/29 15:43:43,364000,10.995
2026/04/29 15:43:43,365000,11.001
2026/04/29 15:43:43,366000,10.998
2026/04/29 15:43:43,367000,11.001
2026/04/29 15:43:43,368000,10.998
2026/04/29 15:43:43,369000,10.990
2026/04/29 15:43:43,370000,10.995
2026/04/29 15:43:43,371000,10.998
2026/04/29 15:43:43,372000,11.001
2026/04/29 15:43:43,373000,11.001
2026/04/29 15:43:43,374000,11.001
2026/04/29 15:43:43,375000,10.998
2026/04/29 15:43:43,376000,10.998
2026/04/29 15:43:43,377000,11.001
2026/04/29 15:43:43,378000,11.001
2026/04/29 15:43:43,379000,10.995
2026/04/29 15:43:43,380000,10.998
2026/04/29 15:43:43,381000,11.001
2026/04/29 15:43:43,382000,10.998
2026/04/29 15:43:43,383000,11.001
2026/04/29 15:43:43,384000,10.992
2026/04/29 15:43:43,385000,11.004
2026/04/29 15:43:43,386000,10.995
2026/04/29 15:43:43,387000,11.004
2026/04/29 15:43:43,388000,10.995
2026/04/29 15:43:43,389000,11.001
2026/04/29 15:43:43,390000,11.001
2026/04/29 15:43:43,391000,11.001
2026/04/29 15:43:43,392000,11.004
2026/04/29 15:43:43,393000,11.001
2026/04/29 15:43:43,394000,11.009
2026/04/29 15:43:43,395000,11.006
2026/04/29 15:43:43,396000,11.004
2026/04/29 15:43:43,397000,11.004
2026/04/29 15:43:43,398000,11.004
2026/04/29 15:43:43,399000,11.004
2026/04/29 15:43:43,400000,11.006
2026/04/29 15:43:43,401000,10.998
2026/04/29 15:43:43,402000,11.001
2026/04/29 15:43:43,403000,11.001
2026/04/29 15:43:43,404000,11.009
2026/04/29 15:43:43,405000,11.001
2026/04/29 15:43:43,406000,11.009
2026/04/29 15:43:43,407000,11.004
2026/04/29 15:43:43,408000,10.998
2026/04/29 15:43:43,409000,11.006
2026/04/29 15:43:43,410000,11.006
2026/04/29 15:43:43,411000,11.004
2026/04/29 15:43:43,412000,11.001
2026/04/29 15:43:43,413000,11.001
2026/04/29 15:43:43,414000,11.001
2026/04/29 15:43:43,415000,10.995
2026/04/29 15:43:43,416000,11.006
2026/04/29 15:43:43,417000,10.998
2026/04/29 15:43:43,418000,11.004
2026/04/29 15:43:43,419000,11.004
2026/04/29 15:43:43,420000,11.001
2026/04/29 15:43:43,421000,11.001
2026/04/29 15:43:43,422000,11.001
2026/04/29 15:43:43,423000,11.004
2026/04/29 15:43:43,424000,11.004
2026/04/29 15:43:43,425000,11.006
2026/04/29 15:43:43,426000,11.001
2026/04/29 15:43:43,427000,11.004
2026/04/29 15:43:43,428000,11.004
2026/04/29 15:43:43,429000,11.001
2026/04/29 15:43:43,430000,11.009
2026/04/29 15:43:43,431000,11.012
2026/04/29 15:43:43,432000,11.009
2026/04/29 15:43:43,433000,11.006
2026/04/29 15:43:43,434000,11.006
2026/04/29 15:43:43,435000,11.006
2026/04/29 15:43:43,436000,11.009
2026/04/29 15:43:43,437000,11.006
2026/04/29 15:43:43,438000,11.006
2026/04/29 15:43:43,439000,11.006
2026/04/29 15:43:43,440000,11.009
2026/04/29 15:43:43,441000,11.004
2026/04/29 15:43:43,442000,11.009
2026/04/29 15:43:43,443000,11.006
2026/04/29 15:43:43,444000,11.004
2026/04/29 15:43:43,445000,11.009
2026/04/29 15:43:43,446000,11.012
2026/04/29 15:43:43,447000,11.006
2026/04/29 15:43:43,448000,11.006
2026/04/29 15:43:43,449000,11.009
2026/04/29 15:43:43,450000,11.009
2026/04/29 15:43:43,451000,11.006
2026/04/29 15:43:43,452000,11.006
2026/04/29 15:43:43,453000,11.012
2026/04/29 15:43:43,454000,11.012
2026/04/29 15:43:43,455000,11.012
2026/04/29 15:43:43,456000,11.004
2026/04/29 15:43:43,457000,11.009
2026/04/29 15:43:43,458000,11.004
2026/04/29 15:43:43,459000,11.004
2026/04/29 15:43:43,460000,11.006
2026/04/29 15:43:43,461000,11.004
2026/04/29 15:43:43,462000,11.009
2026/04/29 15:43:43,463000,11.009
2026/04/29 15:43:43,464000,11.009
2026/04/29 15:43:43,465000,11.009
2026/04/29 15:43:43,466000,11.012
2026/04/29 15:43:43,467000,11.009
2026/04/29 15:43:43,468000,11.009
2026/04/29 15:43:43,469000,11.012
2026/04/29 15:43:43,470000,11.009
2026/04/29 15:43:43,471000,11.009
2026/04/29 15:43:43,472000,11.012
2026/04/29 15:43:43,473000,11.012
2026/04/29 15:43:43,474000,11.015
2026/04/29 15:43:43,475000,11.015
2026/04/29 15:43:43,476000,11.009
2026/04/29 15:43:43,477000,11.009
2026/04/29 15:43:43,478000,11.015
2026/04/29 15:43:43,479000,11.018
2026/04/29 15:43:43,480000,11.012
2026/04/29 15:43:43,481000,11.012
2026/04/29 15:43:43,482000,11.009
2026/04/29 15:43:43,483000,11.012
2026/04/29 15:43:43,484000,11.009
2026/04/29 15:43:43,485000,11.009
2026/04/29 15:43:43,486000,11.012
2026/04/29 15:43:43,487000,11.012
2026/04/29 15:43:43,488000,11.018
2026/04/29 15:43:43,489000,11.018
2026/04/29 15:43:43,490000,11.015
2026/04/29 15:43:43,491000,11.009
2026/04/29 15:43:43,492000,11.015
2026/04/29 15:43:43,493000,11.012
2026/04/29 15:43:43,494000,11.012
2026/04/29 15:43:43,495000,11.012
2026/04/29 15:43:43,496000,11.012
2026/04/29 15:43:43,497000,11.020
2026/04/29 15:43:43,498000,11.012
2026/04/29 15:43:43,499000,11.012
2026/04/29 15:43:43,500000,11.015
2026/04/29 15:43:43,501000,11.018
2026/04/29 15:43:43,502000,11.018
2026/04/29 15:43:43,503000,11.006
2026/04/29 15:43:43,504000,11.009
2026/04/29 15:43:43,505000,11.006
2026/04/29 15:43:43,506000,11.018
2026/04/29 15:43:43,507000,11.012
2026/04/29 15:43:43,508000,11.012
2026/04/29 15:43:43,509000,11.018
2026/04/29 15:43:43,510000,11.018
2026/04/29 15:43:43,511000,11.012
2026/04/29 15:43:43,512000,11.018
2026/04/29 15:43:43,513000,11.009
2026/04/29 15:43:43,514000,11.015
2026/04/29 15:43:43,515000,11.015
2026/04/29 15:43:43,516000,11.012
2026/04/29 15:43:43,517000,11.015
2026/04/29 15:43:43,518000,11.012
2026/04/29 15:43:43,519000,11.012
2026/04/29 15:43:43,520000,11.009
2026/04/29 15:43:43,521000,11.020
2026/04/29 15:43:43,522000,11.009
2026/04/29 15:43:43,523000,11.015
2026/04/29 15:43:43,524000,11.015
2026/04/29 15:43:43,525000,11.015
2026/04/29 15:43:43,526000,11.015
2026/04/29 15:43:43,527000,11.018
2026/04/29 15:43:43,528000,11.012
2026/04/29 15:43:43,529000,11.018
2026/04/29 15:43:43,530000,11.018
2026/04/29 15:43:43,531000,11.012
2026/04/29 15:43:43,532000,11.018
2026/04/29 15:43:43,533000,11.015
2026/04/29 15:43:43,534000,11.009
2026/04/29 15:43:43,535000,11.018
2026/04/29 15:43:43,536000,11.015
2026/04/29 15:43:43,537000,11.012
2026/04/29 15:43:43,538000,11.012
2026/04/29 15:43:43,539000,11.015
2026/04/29 15:43:43,540000,11.018
2026/04/29 15:43:43,541000,11.012
2026/04/29 15:43:43,542000,11.018
2026/04/29 15:43:43,543000,11.012
2026/04/29 15:43:43,544000,11.018
2026/04/29 15:43:43,545000,11.015
2026/04/29 15:43:43,546000,11.015
2026/04/29 15:43:43,547000,11.020
2026/04/29 15:43:43,548000,11.018
2026/04/29 15:43:43,549000,11.012
2026/04/29 15:43:43,550000,11.018
2026/04/29 15:43:43,551000,11.018
2026/04/29 15:43:43,552000,11.018
2026/04/29 15:43:43,553000,11.018
2026/04/29 15:43:43,554000,11.020
2026/04/29 15:43:43,555000,11.015
2026/04/29 15:43:43,556000,11.020
2026/04/29 15:43:43,557000,11.018
2026/04/29 15:43:43,558000,11.018
2026/04/29 15:43:43,559000,11.015
2026/04/29 15:43:43,560000,11.020
2026/04/29 15:43:43,561000,11.012
2026/04/29 15:43:43,562000,11.020
2026/04/29 15:43:43,563000,11.018
2026/04/29 15:43:43,564000,11.009
2026/04/29 15:43:43,565000,11.015
2026/04/29 15:43:43,566000,11.018
2026/04/29 15:43:43,567000,11.020
2026/04/29 15:43:43,568000,11.012
2026/04/29 15:43:43,569000,11.015
2026/04/29 15:43:43,570000,11.018
2026/04/29 15:43:43,571000,11.015
2026/04/29 15:43:43,572000,11.023
2026/04/29 15:43:43,573000,11.018
2026/04/29 15:43:43,574000,11.020
2026/04/29 15:43:43,575000,11.018
2026/04/29 15:43:43,576000,11.020
2026/04/29 15:43:43,577000,11.018
2026/04/29 15:43:43,578000,11.015
2026/04/29 15:43:43,579000,11.018
2026/04/29 15:43:43,580000,11.018
2026/04/29 15:43:43,581000,11.018
2026/04/29 15:43:43,582000,11.015
2026/04/29 15:43:43,583000,11.020
2026/04/29 15:43:43,584000,11.020
2026/04/29 15:43:43,585000,11.023
2026/04/29 15:43:43,586000,11.018
2026/04/29 15:43:43,587000,11.023
2026/04/29 15:43:43,588000,11.023
2026/04/29 15:43:43,589000,11.018
2026/04/29 15:43:43,590000,11.020
2026/04/29 15:43:43,591000,11.020
2026/04/29 15:43:43,592000,11.023
2026/04/29 15:43:43,593000,11.023
2026/04/29 15:43:43,594000,11.023
2026/04/29 15:43:43,595000,11.018
2026/04/29 15:43:43,596000,11.020
2026/04/29 15:43:43,597000,11.023
2026/04/29 15:43:43,598000,11.023
2026/04/29 15:43:43,599000,11.020
2026/04/29 15:43:43,600000,11.020
2026/04/29 15:43:43,601000,11.020
2026/04/29 15:43:43,602000,11.015
2026/04/29 15:43:43,603000,11.018
2026/04/29 15:43:43,604000,11.018
2026/04/29 15:43:43,605000,11.020
2026/04/29 15:43:43,606000,11.023
2026/04/29 15:43:43,607000,11.020
2026/04/29 15:43:43,608000,11.023
2026/04/29 15:43:43,609000,11.026
2026/04/29 15:43:43,610000,11.023
2026/04/29 15:43:43,611000,11.018
2026/04/29 15:43:43,612000,11.018
2026/04/29 15:43:43,613000,11.023
2026/04/29 15:43:43,614000,11.023
2026/04/29 15:43:43,615000,11.020
2026/04/29 15:43:43,616000,11.023
2026/04/29 15:43:43,617000,11.023
2026/04/29 15:43:43,618000,11.023
2026/04/29 15:43:43,619000,11.023
2026/04/29 15:43:43,620000,11.018
2026/04/29 15:43:43,621000,11.018
2026/04/29 15:43:43,622000,11.023
2026/04/29 15:43:43,623000,11.020
2026/04/29 15:43:43,624000,11.023
2026/04/29 15:43:43,625000,11.023
2026/04/29 15:43:43,626000,11.032
2026/04/29 15:43:43,627000,11.020
2026/04/29 15:43:43,628000,11.023
2026/04/29 15:43:43,629000,11.029
2026/04/29 15:43:43,630000,11.026
2026/04/29 15:43:43,631000,11.023
2026/04/29 15:43:43,632000,11.026
2026/04/29 15:43:43,633000,11.026
2026/04/29 15:43:43,634000,11.020
2026/04/29 15:43:43,635000,11.023
2026/04/29 15:43:43,636000,11.018
2026/04/29 15:43:43,637000,11.023
2026/04/29 15:43:43,638000,11.026
2026/04/29 15:43:43,639000,11.023
2026/04/29 15:43:43,640000,11.023
2026/04/29 15:43:43,641000,11.020
2026/04/29 15:43:43,642000,11.023
2026/04/29 15:43:43,643000,11.020
2026/04/29 15:43:43,644000,11.023
2026/04/29 15:43:43,645000,11.026
2026/04/29 15:43:43,646000,11.020
2026/04/29 15:43:43,647000,11.023
2026/04/29 15:43:43,648000,11.018
2026/04/29 15:43:43,649000,11.023
2026/04/29 15:43:43,650000,11.026
2026/04/29 15:43:43,651000,11.023
2026/04/29 15:43:43,652000,11.026
2026/04/29 15:43:43,653000,11.026
2026/04/29 15:43:43,654000,11.029
2026/04/29 15:43:43,655000,11.023
2026/04/29 15:43:43,656000,11.023
2026/04/29 15:43:43,657000,11.029
2026/04/29 15:43:43,658000,11.029
2026/04/29 15:43:43,659000,11.023
2026/04/29 15:43:43,660000,11.029
2026/04/29 15:43:43,661000,11.023
2026/04/29 15:43:43,662000,11.029
2026/04/29 15:43:43,663000,11.032
2026/04/29 15:43:43,664000,11.029
2026/04/29 15:43:43,665000,11.023
2026/04/29 15:43:43,666000,11.040
2026/04/29 15:43:43,667000,11.029
2026/04/29 15:43:43,668000,11.023
2026/04/29 15:43:43,669000,11.026
2026/04/29 15:43:43,670000,11.020
2026/04/29 15:43:43,671000,11.023
2026/04/29 15:43:43,672000,11.029
2026/04/29 15:43:43,673000,11.029
2026/04/29 15:43:43,674000,11.029
2026/04/29 15:43:43,675000,11.032
2026/04/29 15:43:43,676000,11.023
2026/04/29 15:43:43,677000,11.029
2026/04/29 15:43:43,678000,11.029
2026/04/29 15:43:43,679000,11.029
2026/04/29 15:43:43,680000,11.026
2026/04/29 15:43:43,681000,11.029
2026/04/29 15:43:43,682000,11.032
2026/04/29 15:43:43,683000,11.032
2026/04/29 15:43:43,684000,11.032
2026/04/29 15:43:43,685000,11.023
2026/04/29 15:43:43,686000,11.026
2026/04/29 15:43:43,687000,11.029
2026/04/29 15:43:43,688000,11.029
2026/04/29 15:43:43,689000,11.032
2026/04/29 15:43:43,690000,11.032
2026/04/29 15:43:43,691000,11.023
2026/04/29 15:43:43,692000,11.032
2026/04/29 15:43:43,693000,11.029
2026/04/29 15:43:43,694000,11.032
2026/04/29 15:43:43,695000,11.029
2026/04/29 15:43:43,696000,11.032
2026/04/29 15:43:43,697000,11.029
2026/04/29 15:43:43,698000,11.026
2026/04/29 15:43:43,699000,11.032
2026/04/29 15:43:43,700000,11.029
2026/04/29 15:43:43,701000,11.029
2026/04/29 15:43:43,702000,11.026
2026/04/29 15:43:43,703000,11.023
2026/04/29 15:43:43,704000,11.026
2026/04/29 15:43:43,705000,11.026
2026/04/29 15:43:43,706000,11.029
2026/04/29 15:43:43,707000,11.034
2026/04/29 15:43:43,708000,11.034
2026/04/29 15:43:43,709000,11.032
2026/04/29 15:43:43,710000,11.023
2026/04/29 15:43:43,711000,11.034
2026/04/29 15:43:43,712000,11.032
2026/04/29 15:43:43,713000,11.034
2026/04/29 15:43:43,714000,11.026
2026/04/29 15:43:43,715000,11.029
2026/04/29 15:43:43,716000,11.037
2026/04/29 15:43:43,717000,11.032
2026/04/29 15:43:43,718000,11.032
2026/04/29 15:43:43,719000,11.029
2026/04/29 15:43:43,720000,11.029
2026/04/29 15:43:43,721000,11.032
2026/04/29 15:43:43,722000,11.032
2026/04/29 15:43:43,723000,11.032
2026/04/29 15:43:43,724000,11.034
2026/04/29 15:43:43,725000,11.029
2026/04/29 15:43:43,726000,11.032
2026/04/29 15:43:43,727000,11.037
2026/04/29 15:43:43,728000,11.023
2026/04/29 15:43:43,729000,11.029
2026/04/29 15:43:43,730000,11.023
2026/04/29 15:43:43,731000,11.032
2026/04/29 15:43:43,732000,11.029
2026/04/29 15:43:43,733000,11.032
2026/04/29 15:43:43,734000,11.034
2026/04/29 15:43:43,735000,11.032
2026/04/29 15:43:43,736000,11.032
2026/04/29 15:43:43,737000,11.032
2026/04/29 15:43:43,738000,11.032
2026/04/29 15:43:43,739000,11.029
2026/04/29 15:43:43,740000,11.029
2026/04/29 15:43:43,741000,11.034
2026/04/29 15:43:43,742000,11.034
2026/04/29 15:43:43,743000,11.034
2026/04/29 15:43:43,744000,11.034
2026/04/29 15:43:43,745000,11.032
2026/04/29 15:43:43,746000,11.037
2026/04/29 15:43:43,747000,11.032
2026/04/29 15:43:43,748000,11.037
2026/04/29 15:43:43,749000,11.037
2026/04/29 15:43:43,750000,11.037
2026/04/29 15:43:43,751000,11.040
2026/04/29 15:43:43,752000,11.032
2026/04/29 15:43:43,753000,11.032
2026/04/29 15:43:43,754000,11.026
2026/04/29 15:43:43,755000,11.037
2026/04/29 15:43:43,756000,11.026
2026/04/29 15:43:43,757000,11.032
2026/04/29 15:43:43,758000,11.034
2026/04/29 15:43:43,759000,11.034
2026/04/29 15:43:43,760000,11.034
2026/04/29 15:43:43,761000,11.032
2026/04/29 15:43:43,762000,11.034
2026/04/29 15:43:43,763000,11.034
2026/04/29 15:43:43,764000,11.034
2026/04/29 15:43:43,765000,11.032
2026/04/29 15:43:43,766000,11.032
2026/04/29 15:43:43,767000,11.034
2026/04/29 15:43:43,768000,11.034
2026/04/29 15:43:43,769000,11.032
2026/04/29 15:43:43,770000,11.032
2026/04/29 15:43:43,771000,11.026
2026/04/29 15:43:43,772000,11.034
2026/04/29 15:43:43,773000,11.032
2026/04/29 15:43:43,774000,11.037
2026/04/29 15:43:43,775000,11.026
2026/04/29 15:43:43,776000,11.034
2026/04/29 15:43:43,777000,11.034
2026/04/29 15:43:43,778000,11.032
2026/04/29 15:43:43,779000,11.034
2026/04/29 15:43:43,780000,11.026
2026/04/29 15:43:43,781000,11.023
2026/04/29 15:43:43,782000,11.034
2026/04/29 15:43:43,783000,11.037
2026/04/29 15:43:43,784000,11.032
2026/04/29 15:43:43,785000,11.034
2026/04/29 15:43:43,786000,11.032
2026/04/29 15:43:43,787000,11.026
2026/04/29 15:43:43,788000,11.032
2026/04/29 15:43:43,789000,11.034
2026/04/29 15:43:43,790000,11.032
2026/04/29 15:43:43,791000,11.034
2026/04/29 15:43:43,792000,11.032
2026/04/29 15:43:43,793000,11.034
2026/04/29 15:43:43,794000,11.034
2026/04/29 15:43:43,795000,11.032
2026/04/29 15:43:43,796000,11.034
2026/04/29 15:43:43,797000,11.040
2026/04/29 15:43:43,798000,11.037
2026/04/29 15:43:43,799000,11.032
2026/04/29 15:43:43,800000,11.034
2026/04/29 15:43:43,801000,11.034
2026/04/29 15:43:43,802000,11.034
2026/04/29 15:43:43,803000,11.034
2026/04/29 15:43:43,804000,11.046
2026/04/29 15:43:43,805000,11.037
2026/04/29 15:43:43,806000,11.040
2026/04/29 15:43:43,807000,11.040
2026/04/29 15:43:43,808000,11.040
2026/04/29 15:43:43,809000,11.032
2026/04/29 15:43:43,810000,11.032
2026/04/29 15:43:43,811000,11.032
2026/04/29 15:43:43,812000,11.040
2026/04/29 15:43:43,813000,11.043
2026/04/29 15:43:43,814000,11.037
2026/04/29 15:43:43,815000,11.034
2026/04/29 15:43:43,816000,11.043
2026/04/29 15:43:43,817000,11.034
2026/04/29 15:43:43,818000,11.040
2026/04/29 15:43:43,819000,11.037
2026/04/29 15:43:43,820000,11.034
2026/04/29 15:43:43,821000,11.037
2026/04/29 15:43:43,822000,11.037
2026/04/29 15:43:43,823000,11.043
2026/04/29 15:43:43,824000,11.037
2026/04/29 15:43:43,825000,11.040
2026/04/29 15:43:43,826000,11.040
2026/04/29 15:43:43,827000,11.040
2026/04/29 15:43:43,828000,11.034
2026/04/29 15:43:43,829000,11.040
2026/04/29 15:43:43,830000,11.037
2026/04/29 15:43:43,831000,11.032
2026/04/29 15:43:43,832000,11.037
2026/04/29 15:43:43,833000,11.037
2026/04/29 15:43:43,834000,11.037
2026/04/29 15:43:43,835000,11.040
2026/04/29 15:43:43,836000,11.040
2026/04/29 15:43:43,837000,11.040
2026/04/29 15:43:43,838000,11.037
2026/04/29 15:43:43,839000,11.037
2026/04/29 15:43:43,840000,11.043
2026/04/29 15:43:43,841000,11.037
2026/04/29 15:43:43,842000,11.040
2026/04/29 15:43:43,843000,11.037
2026/04/29 15:43:43,844000,11.037
2026/04/29 15:43:43,845000,11.037
2026/04/29 15:43:43,846000,11.040
2026/04/29 15:43:43,847000,11.037
2026/04/29 15:43:43,848000,11.037
2026/04/29 15:43:43,849000,11.040
2026/04/29 15:43:43,850000,11.034
2026/04/29 15:43:43,851000,11.034
2026/04/29 15:43:43,852000,11.043
2026/04/29 15:43:43,853000,11.040
2026/04/29 15:43:43,854000,11.046
2026/04/29 15:43:43,855000,11.040
2026/04/29 15:43:43,856000,11.040
2026/04/29 15:43:43,857000,11.043
2026/04/29 15:43:43,858000,11.046
2026/04/29 15:43:43,859000,11.043
2026/04/29 15:43:43,860000,11.043
2026/04/29 15:43:43,861000,11.040
2026/04/29 15:43:43,862000,11.043
2026/04/29 15:43:43,863000,11.037
2026/04/29 15:43:43,864000,11.034
2026/04/29 15:43:43,865000,11.040
2026/04/29 15:43:43,866000,11.043
2026/04/29 15:43:43,867000,11.048
2026/04/29 15:43:43,868000,11.046
2026/04/29 15:43:43,869000,11.040
2026/04/29 15:43:43,870000,11.043
2026/04/29 15:43:43,871000,11.046
2026/04/29 15:43:43,872000,11.043
2026/04/29 15:43:43,873000,11.040
2026/04/29 15:43:43,874000,11.046
2026/04/29 15:43:43,875000,11.037
2026/04/29 15:43:43,876000,11.040
2026/04/29 15:43:43,877000,11.040
2026/04/29 15:43:43,878000,11.040
2026/04/29 15:43:43,879000,11.040
2026/04/29 15:43:43,880000,11.046
2026/04/29 15:43:43,881000,11.037
2026/04/29 15:43:43,882000,11.040
2026/04/29 15:43:43,883000,11.043
2026/04/29 15:43:43,884000,11.040
2026/04/29 15:43:43,885000,11.040
2026/04/29 15:43:43,886000,11.040
2026/04/29 15:43:43,887000,11.040
2026/04/29 15:43:43,888000,11.043
2026/04/29 15:43:43,889000,11.048
2026/04/29 15:43:43,890000,11.040
2026/04/29 15:43:43,891000,11.040
2026/04/29 15:43:43,892000,11.040
2026/04/29 15:43:43,893000,11.046
2026/04/29 15:43:43,894000,11.043
2026/04/29 15:43:43,895000,11.043
2026/04/29 15:43:43,896000,11.046
2026/04/29 15:43:43,897000,11.046
2026/04/29 15:43:43,898000,11.046
2026/04/29 15:43:43,899000,11.046
2026/04/29 15:43:43,900000,11.043
2026/04/29 15:43:43,901000,11.046
2026/04/29 15:43:43,902000,11.040
2026/04/29 15:43:43,903000,11.046
2026/04/29 15:43:43,904000,11.048
2026/04/29 15:43:43,905000,11.048
2026/04/29 15:43:43,906000,11.043
2026/04/29 15:43:43,907000,11.043
2026/04/29 15:43:43,908000,11.043
2026/04/29 15:43:43,909000,11.046
2026/04/29 15:43:43,910000,11.046
2026/04/29 15:43:43,911000,11.048
2026/04/29 15:43:43,912000,11.043
2026/04/29 15:43:43,913000,11.048
2026/04/29 15:43:43,914000,11.043
2026/04/29 15:43:43,915000,11.040
2026/04/29 15:43:43,916000,11.048
2026/04/29 15:43:43,917000,11.043
2026/04/29 15:43:43,918000,11.043
2026/04/29 15:43:43,919000,11.043
2026/04/29 15:43:43,920000,11.043
2026/04/29 15:43:43,921000,11.048
2026/04/29 15:43:43,922000,11.043
2026/04/29 15:43:43,923000,11.043
2026/04/29 15:43:43,924000,11.046
2026/04/29 15:43:43,925000,11.046
2026/04/29 15:43:43,926000,11.046
2026/04/29 15:43:43,927000,11.048
2026/04/29 15:43:43,928000,11.051
2026/04/29 15:43:43,929000,11.043
2026/04/29 15:43:43,930000,11.048
2026/04/29 15:43:43,931000,11.051
2026/04/29 15:43:43,932000,11.046
2026/04/29 15:43:43,933000,11.043
2026/04/29 15:43:43,934000,11.037
2026/04/29 15:43:43,935000,11.046
2026/04/29 15:43:43,936000,11.048
2026/04/29 15:43:43,937000,11.043
2026/04/29 15:43:43,938000,11.051
2026/04/29 15:43:43,939000,11.046
2026/04/29 15:43:43,940000,11.043
2026/04/29 15:43:43,941000,11.054
2026/04/29 15:43:43,942000,11.051
2026/04/29 15:43:43,943000,11.048
2026/04/29 15:43:43,944000,11.046
2026/04/29 15:43:43,945000,11.057
2026/04/29 15:43:43,946000,11.046
2026/04/29 15:43:43,947000,11.043
2026/04/29 15:43:43,948000,11.051
2026/04/29 15:43:43,949000,11.051
2026/04/29 15:43:43,950000,11.046
2026/04/29 15:43:43,951000,11.046
2026/04/29 15:43:43,952000,11.048
2026/04/29 15:43:43,953000,11.046
2026/04/29 15:43:43,954000,11.048
2026/04/29 15:43:43,955000,11.046
2026/04/29 15:43:43,956000,11.046
2026/04/29 15:43:43,957000,11.048
2026/04/29 15:43:43,958000,11.054
2026/04/29 15:43:43,959000,11.048
2026/04/29 15:43:43,960000,11.048
2026/04/29 15:43:43,961000,11.048
2026/04/29 15:43:43,962000,11.051
2026/04/29 15:43:43,963000,11.054
2026/04/29 15:43:43,964000,11.054
2026/04/29 15:43:43,965000,11.046
2026/04/29 15:43:43,966000,11.054
2026/04/29 15:43:43,967000,11.051
2026/04/29 15:43:43,968000,11.048
2026/04/29 15:43:43,969000,11.046
2026/04/29 15:43:43,970000,11.046
2026/04/29 15:43:43,971000,11.051
2026/04/29 15:43:43,972000,11.054
2026/04/29 15:43:43,973000,11.048
2026/04/29 15:43:43,974000,11.054
2026/04/29 15:43:43,975000,11.051
2026/04/29 15:43:43,976000,11.048
2026/04/29 15:43:43,977000,11.048
2026/04/29 15:43:43,978000,11.054
2026/04/29 15:43:43,979000,11.046
2026/04/29 15:43:43,980000,11.048
2026/04/29 15:43:43,981000,11.051
2026/04/29 15:43:43,982000,11.051
2026/04/29 15:43:43,983000,11.046
2026/04/29 15:43:43,984000,11.048
2026/04/29 15:43:43,985000,11.054
2026/04/29 15:43:43,986000,11.046
2026/04/29 15:43:43,987000,11.048
2026/04/29 15:43:43,988000,11.051
2026/04/29 15:43:43,989000,11.048
2026/04/29 15:43:43,990000,11.048
2026/04/29 15:43:43,991000,11.051
2026/04/29 15:43:43,992000,11.051
2026/04/29 15:43:43,993000,11.051
2026/04/29 15:43:43,994000,11.048
2026/04/29 15:43:43,995000,11.054
2026/04/29 15:43:43,996000,11.054
2026/04/29 15:43:43,997000,11.054
2026/04/29 15:43:43,998000,11.054
2026/04/29 15:43:43,999000,11.057
2026/04/29 15:43:44,000000,11.054
2026/04/29 15:43:44,001000,11.051
2026/04/29 15:43:44,002000,11.051
2026/04/29 15:43:44,003000,11.051
2026/04/29 15:43:44,004000,11.051
2026/04/29 15:43:44,005000,11.057
2026/04/29 15:43:44,006000,11.054
2026/04/29 15:43:44,007000,11.057
2026/04/29 15:43:44,008000,11.048
2026/04/29 15:43:44,009000,11.054
2026/04/29 15:43:44,010000,11.048
2026/04/29 15:43:44,011000,11.057
2026/04/29 15:43:44,012000,11.057
2026/04/29 15:43:44,013000,11.057
2026/04/29 15:43:44,014000,11.054
2026/04/29 15:43:44,015000,11.051
2026/04/29 15:43:44,016000,11.057
2026/04/29 15:43:44,017000,11.054
2026/04/29 15:43:44,018000,11.048
2026/04/29 15:43:44,019000,11.054
2026/04/29 15:43:44,020000,11.051
2026/04/29 15:43:44,021000,11.054
2026/04/29 15:43:44,022000,11.048
2026/04/29 15:43:44,023000,11.054
2026/04/29 15:43:44,024000,11.062
2026/04/29 15:43:44,025000,11.051
2026/04/29 15:43:44,026000,11.054
2026/04/29 15:43:44,027000,11.054
2026/04/29 15:43:44,028000,11.057
2026/04/29 15:43:44,029000,11.060
2026/04/29 15:43:44,030000,11.048
2026/04/29 15:43:44,031000,11.051
2026/04/29 15:43:44,032000,11.057
2026/04/29 15:43:44,033000,11.054
2026/04/29 15:43:44,034000,11.048
2026/04/29 15:43:44,035000,11.060
2026/04/29 15:43:44,036000,11.054
2026/04/29 15:43:44,037000,11.054
2026/04/29 15:43:44,038000,11.057
2026/04/29 15:43:44,039000,11.057
2026/04/29 15:43:44,040000,11.051
2026/04/29 15:43:44,041000,11.060
2026/04/29 15:43:44,042000,11.051
2026/04/29 15:43:44,043000,11.060
2026/04/29 15:43:44,044000,11.057
2026/04/29 15:43:44,045000,11.060
2026/04/29 15:43:44,046000,11.057
2026/04/29 15:43:44,047000,11.060
2026/04/29 15:43:44,048000,11.057
2026/04/29 15:43:44,049000,11.062
2026/04/29 15:43:44,050000,11.057
2026/04/29 15:43:44,051000,11.057
2026/04/29 15:43:44,052000,11.057
2026/04/29 15:43:44,053000,11.057
2026/04/29 15:43:44,054000,11.060
2026/04/29 15:43:44,055000,11.054
2026/04/29 15:43:44,056000,11.057
2026/04/29 15:43:44,057000,11.060
2026/04/29 15:43:44,058000,11.054
2026/04/29 15:43:44,059000,11.048
2026/04/29 15:43:44,060000,11.060
2026/04/29 15:43:44,061000,11.054
2026/04/29 15:43:44,062000,11.057
2026/04/29 15:43:44,063000,11.062
2026/04/29 15:43:44,064000,11.057
2026/04/29 15:43:44,065000,11.060
2026/04/29 15:43:44,066000,11.057
2026/04/29 15:43:44,067000,11.062
2026/04/29 15:43:44,068000,11.057
2026/04/29 15:43:44,069000,11.060
2026/04/29 15:43:44,070000,11.060
2026/04/29 15:43:44,071000,11.054
2026/04/29 15:43:44,072000,11.060
2026/04/29 15:43:44,073000,11.057
2026/04/29 15:43:44,074000,11.057
2026/04/29 15:43:44,075000,11.057
2026/04/29 15:43:44,076000,11.051
2026/04/29 15:43:44,077000,11.060
2026/04/29 15:43:44,078000,11.068
2026/04/29 15:43:44,079000,11.057
2026/04/29 15:43:44,080000,11.065
2026/04/29 15:43:44,081000,11.060
2026/04/29 15:43:44,082000,11.057
2026/04/29 15:43:44,083000,11.060
2026/04/29 15:43:44,084000,11.062
2026/04/29 15:43:44,085000,11.065
2026/04/29 15:43:44,086000,11.062
2026/04/29 15:43:44,087000,11.062
2026/04/29 15:43:44,088000,11.062
2026/04/29 15:43:44,089000,11.060
2026/04/29 15:43:44,090000,11.060
2026/04/29 15:43:44,091000,11.062
2026/04/29 15:43:44,092000,11.057
2026/04/29 15:43:44,093000,11.060
2026/04/29 15:43:44,094000,11.057
2026/04/29 15:43:44,095000,11.060
2026/04/29 15:43:44,096000,11.060
2026/04/29 15:43:44,097000,11.057
2026/04/29 15:43:44,098000,11.057
2026/04/29 15:43:44,099000,11.054
2026/04/29 15:43:44,100000,11.065
2026/04/29 15:43:44,101000,11.060
2026/04/29 15:43:44,102000,11.060
2026/04/29 15:43:44,103000,11.057
2026/04/29 15:43:44,104000,11.068
2026/04/29 15:43:44,105000,11.057
2026/04/29 15:43:44,106000,11.062
2026/04/29 15:43:44,107000,11.060
2026/04/29 15:43:44,108000,11.057
2026/04/29 15:43:44,109000,11.062
2026/04/29 15:43:44,110000,11.054
2026/04/29 15:43:44,111000,11.060
2026/04/29 15:43:44,112000,11.060
2026/04/29 15:43:44,113000,11.057
2026/04/29 15:43:44,114000,11.057
2026/04/29 15:43:44,115000,11.065
2026/04/29 15:43:44,116000,11.060
2026/04/29 15:43:44,117000,11.060
2026/04/29 15:43:44,118000,11.054
2026/04/29 15:43:44,119000,11.065
2026/04/29 15:43:44,120000,11.062
2026/04/29 15:43:44,121000,11.060
2026/04/29 15:43:44,122000,11.062
2026/04/29 15:43:44,123000,11.062
2026/04/29 15:43:44,124000,11.060
2026/04/29 15:43:44,125000,11.057
2026/04/29 15:43:44,126000,11.057
2026/04/29 15:43:44,127000,11.062
2026/04/29 15:43:44,128000,11.065
2026/04/29 15:43:44,129000,11.057
2026/04/29 15:43:44,130000,11.062
2026/04/29 15:43:44,131000,11.057
2026/04/29 15:43:44,132000,11.057
2026/04/29 15:43:44,133000,11.062
2026/04/29 15:43:44,134000,11.062
2026/04/29 15:43:44,135000,11.060
2026/04/29 15:43:44,136000,11.065
2026/04/29 15:43:44,137000,11.068
2026/04/29 15:43:44,138000,11.060
2026/04/29 15:43:44,139000,11.062
2026/04/29 15:43:44,140000,11.060
2026/04/29 15:43:44,141000,11.060
2026/04/29 15:43:44,142000,11.060
2026/04/29 15:43:44,143000,11.065
2026/04/29 15:43:44,144000,11.060
2026/04/29 15:43:44,145000,11.054
2026/04/29 15:43:44,146000,11.065
2026/04/29 15:43:44,147000,11.057
2026/04/29 15:43:44,148000,11.068
2026/04/29 15:43:44,149000,11.057
2026/04/29 15:43:44,150000,11.060
2026/04/29 15:43:44,151000,11.057
2026/04/29 15:43:44,152000,11.062
2026/04/29 15:43:44,153000,11.065
2026/04/29 15:43:44,154000,11.062
2026/04/29 15:43:44,155000,11.068
2026/04/29 15:43:44,156000,11.065
2026/04/29 15:43:44,157000,11.062
2026/04/29 15:43:44,158000,11.060
2026/04/29 15:43:44,159000,11.062
2026/04/29 15:43:44,160000,11.062
2026/04/29 15:43:44,161000,11.062
2026/04/29 15:43:44,162000,11.062
2026/04/29 15:43:44,163000,11.057
2026/04/29 15:43:44,164000,11.065
2026/04/29 15:43:44,165000,11.068
2026/04/29 15:43:44,166000,11.060
2026/04/29 15:43:44,167000,11.062
2026/04/29 15:43:44,168000,11.065
2026/04/29 15:43:44,169000,11.062
2026/04/29 15:43:44,170000,11.062
2026/04/29 15:43:44,171000,11.068
2026/04/29 15:43:44,172000,11.065
2026/04/29 15:43:44,173000,11.071
2026/04/29 15:43:44,174000,11.065
2026/04/29 15:43:44,175000,11.062
2026/04/29 15:43:44,176000,11.062
2026/04/29 15:43:44,177000,11.065
2026/04/29 15:43:44,178000,11.060
2026/04/29 15:43:44,179000,11.068
2026/04/29 15:43:44,180000,11.060
2026/04/29 15:43:44,181000,11.068
2026/04/29 15:43:44,182000,11.068
2026/04/29 15:43:44,183000,11.062
2026/04/29 15:43:44,184000,11.068
2026/04/29 15:43:44,185000,11.068
2026/04/29 15:43:44,186000,11.071
2026/04/29 15:43:44,187000,11.065
2026/04/29 15:43:44,188000,11.062
2026/04/29 15:43:44,189000,11.068
2026/04/29 15:43:44,190000,11.065
2026/04/29 15:43:44,191000,11.068
2026/04/29 15:43:44,192000,11.068
2026/04/29 15:43:44,193000,11.068
2026/04/29 15:43:44,194000,11.065
2026/04/29 15:43:44,195000,11.068
2026/04/29 15:43:44,196000,11.062
2026/04/29 15:43:44,197000,11.068
2026/04/29 15:43:44,198000,11.068
2026/04/29 15:43:44,199000,11.068
2026/04/29 15:43:44,200000,11.065
2026/04/29 15:43:44,201000,11.065
2026/04/29 15:43:44,202000,11.068
2026/04/29 15:43:44,203000,11.062
2026/04/29 15:43:44,204000,11.065
2026/04/29 15:43:44,205000,11.068
2026/04/29 15:43:44,206000,11.065
2026/04/29 15:43:44,207000,11.068
2026/04/29 15:43:44,208000,11.068
2026/04/29 15:43:44,209000,11.068
2026/04/29 15:43:44,210000,11.071
2026/04/29 15:43:44,211000,11.065
2026/04/29 15:43:44,212000,11.071
2026/04/29 15:43:44,213000,11.062
2026/04/29 15:43:44,214000,11.065
2026/04/29 15:43:44,215000,11.068
2026/04/29 15:43:44,216000,11.068
2026/04/29 15:43:44,217000,11.065
2026/04/29 15:43:44,218000,11.062
2026/04/29 15:43:44,219000,11.074
2026/04/29 15:43:44,220000,11.065
2026/04/29 15:43:44,221000,11.068
2026/04/29 15:43:44,222000,11.068
2026/04/29 15:43:44,223000,11.068
2026/04/29 15:43:44,224000,11.065
2026/04/29 15:43:44,225000,11.068
2026/04/29 15:43:44,226000,11.068
2026/04/29 15:43:44,227000,11.068
2026/04/29 15:43:44,228000,11.074
2026/04/29 15:43:44,229000,11.062
2026/04/29 15:43:44,230000,11.065
2026/04/29 15:43:44,231000,11.065
2026/04/29 15:43:44,232000,11.068
2026/04/29 15:43:44,233000,11.065
2026/04/29 15:43:44,234000,11.068
2026/04/29 15:43:44,235000,11.071
2026/04/29 15:43:44,236000,11.065
2026/04/29 15:43:44,237000,11.068
2026/04/29 15:43:44,238000,11.068
2026/04/29 15:43:44,239000,11.065
2026/04/29 15:43:44,240000,11.079
2026/04/29 15:43:44,241000,11.068
2026/04/29 15:43:44,242000,11.068
2026/04/29 15:43:44,243000,11.068
2026/04/29 15:43:44,244000,11.065
2026/04/29 15:43:44,245000,11.068
2026/04/29 15:43:44,246000,11.071
2026/04/29 15:43:44,247000,11.065
2026/04/29 15:43:44,248000,11.068
2026/04/29 15:43:44,249000,11.068
2026/04/29 15:43:44,250000,11.071
2026/04/29 15:43:44,251000,11.068
2026/04/29 15:43:44,252000,11.065
2026/04/29 15:43:44,253000,11.074
2026/04/29 15:43:44,254000,11.068
2026/04/29 15:43:44,255000,11.068
2026/04/29 15:43:44,256000,11.074
2026/04/29 15:43:44,257000,11.071
2026/04/29 15:43:44,258000,11.068
2026/04/29 15:43:44,259000,11.068
2026/04/29 15:43:44,260000,11.074
2026/04/29 15:43:44,261000,11.068
2026/04/29 15:43:44,262000,11.068
2026/04/29 15:43:44,263000,11.076
2026/04/29 15:43:44,264000,11.068
2026/04/29 15:43:44,265000,11.068
2026/04/29 15:43:44,266000,11.068
2026/04/29 15:43:44,267000,11.068
2026/04/29 15:43:44,268000,11.071
2026/04/29 15:43:44,269000,11.068
2026/04/29 15:43:44,270000,11.068
2026/04/29 15:43:44,271000,11.068
2026/04/29 15:43:44,272000,11.068
2026/04/29 15:43:44,273000,11.068
2026/04/29 15:43:44,274000,11.068
2026/04/29 15:43:44,275000,11.068
2026/04/29 15:43:44,276000,11.071
2026/04/29 15:43:44,277000,11.071
2026/04/29 15:43:44,278000,11.065
2026/04/29 15:43:44,279000,11.074
2026/04/29 15:43:44,280000,11.068
2026/04/29 15:43:44,281000,11.074
2026/04/29 15:43:44,282000,11.071
2026/04/29 15:43:44,283000,11.068
2026/04/29 15:43:44,284000,11.074
2026/04/29 15:43:44,285000,11.068
2026/04/29 15:43:44,286000,11.074
2026/04/29 15:43:44,287000,11.076
2026/04/29 15:43:44,288000,11.076
2026/04/29 15:43:44,289000,11.074
2026/04/29 15:43:44,290000,11.068
2026/04/29 15:43:44,291000,11.074
2026/04/29 15:43:44,292000,11.074
2026/04/29 15:43:44,293000,11.071
2026/04/29 15:43:44,294000,11.074
2026/04/29 15:43:44,295000,11.071
2026/04/29 15:43:44,296000,11.074
2026/04/29 15:43:44,297000,11.074
2026/04/29 15:43:44,298000,11.074
2026/04/29 15:43:44,299000,11.068
2026/04/29 15:43:44,300000,11.068
2026/04/29 15:43:44,301000,11.068
2026/04/29 15:43:44,302000,11.068
2026/04/29 15:43:44,303000,11.074
2026/04/29 15:43:44,304000,11.074
2026/04/29 15:43:44,305000,11.071
2026/04/29 15:43:44,306000,11.071
2026/04/29 15:43:44,307000,11.068
2026/04/29 15:43:44,308000,11.074
2026/04/29 15:43:44,309000,11.071
2026/04/29 15:43:44,310000,11.074
2026/04/29 15:43:44,311000,11.071
2026/04/29 15:43:44,312000,11.074
2026/04/29 15:43:44,313000,11.071
2026/04/29 15:43:44,314000,11.079
2026/04/29 15:43:44,315000,11.074
2026/04/29 15:43:44,316000,11.074
2026/04/29 15:43:44,317000,11.076
2026/04/29 15:43:44,318000,11.071
2026/04/29 15:43:44,319000,11.074
2026/04/29 15:43:44,320000,11.074
2026/04/29 15:43:44,321000,11.079
2026/04/29 15:43:44,322000,11.071
2026/04/29 15:43:44,323000,11.071
2026/04/29 15:43:44,324000,11.076
2026/04/29 15:43:44,325000,11.079
2026/04/29 15:43:44,326000,11.071
2026/04/29 15:43:44,327000,11.068
2026/04/29 15:43:44,328000,11.074
2026/04/29 15:43:44,329000,11.074
2026/04/29 15:43:44,330000,11.079
2026/04/29 15:43:44,331000,11.074
2026/04/29 15:43:44,332000,11.074
2026/04/29 15:43:44,333000,11.068
2026/04/29 15:43:44,334000,11.076
2026/04/29 15:43:44,335000,11.074
2026/04/29 15:43:44,336000,11.076
2026/04/29 15:43:44,337000,11.074
2026/04/29 15:43:44,338000,11.074
2026/04/29 15:43:44,339000,11.082
2026/04/29 15:43:44,340000,11.071
2026/04/29 15:43:44,341000,11.074
2026/04/29 15:43:44,342000,11.074
2026/04/29 15:43:44,343000,11.074
2026/04/29 15:43:44,344000,11.076
2026/04/29 15:43:44,345000,11.074
2026/04/29 15:43:44,346000,11.076
2026/04/29 15:43:44,347000,11.076
2026/04/29 15:43:44,348000,11.079
2026/04/29 15:43:44,349000,11.079
2026/04/29 15:43:44,350000,11.079
2026/04/29 15:43:44,351000,11.074
2026/04/29 15:43:44,352000,11.071
2026/04/29 15:43:44,353000,11.076
2026/04/29 15:43:44,354000,11.071
2026/04/29 15:43:44,355000,11.071
2026/04/29 15:43:44,356000,11.071
2026/04/29 15:43:44,357000,11.071
2026/04/29 15:43:44,358000,11.076
2026/04/29 15:43:44,359000,11.079
2026/04/29 15:43:44,360000,11.074
2026/04/29 15:43:44,361000,11.071
2026/04/29 15:43:44,362000,11.074
2026/04/29 15:43:44,363000,11.076
2026/04/29 15:43:44,364000,11.076
2026/04/29 15:43:44,365000,11.074
2026/04/29 15:43:44,366000,11.074
2026/04/29 15:43:44,367000,11.074
2026/04/29 15:43:44,368000,11.071
2026/04/29 15:43:44,369000,11.079
2026/04/29 15:43:44,370000,11.079
2026/04/29 15:43:44,371000,11.076
2026/04/29 15:43:44,372000,11.074
2026/04/29 15:43:44,373000,11.076
2026/04/29 15:43:44,374000,11.074
2026/04/29 15:43:44,375000,11.079
2026/04/29 15:43:44,376000,11.068
2026/04/29 15:43:44,377000,11.082
2026/04/29 15:43:44,378000,11.076
2026/04/29 15:43:44,379000,11.074
2026/04/29 15:43:44,380000,11.079
2026/04/29 15:43:44,381000,11.074
2026/04/29 15:43:44,382000,11.074
2026/04/29 15:43:44,383000,11.071
2026/04/29 15:43:44,384000,11.074
2026/04/29 15:43:44,385000,11.082
2026/04/29 15:43:44,386000,11.074
2026/04/29 15:43:44,387000,11.068
2026/04/29 15:43:44,388000,11.076
2026/04/29 15:43:44,389000,11.074
2026/04/29 15:43:44,390000,11.079
2026/04/29 15:43:44,391000,11.082
2026/04/29 15:43:44,392000,11.076
2026/04/29 15:43:44,393000,11.074
2026/04/29 15:43:44,394000,11.074
2026/04/29 15:43:44,395000,11.076
2026/04/29 15:43:44,396000,11.074
2026/04/29 15:43:44,397000,11.076
2026/04/29 15:43:44,398000,11.088
2026/04/29 15:43:44,399000,11.076
2026/04/29 15:43:44,400000,11.076
2026/04/29 15:43:44,401000,11.079
2026/04/29 15:43:44,402000,11.082
2026/04/29 15:43:44,403000,11.074
2026/04/29 15:43:44,404000,11.079
2026/04/29 15:43:44,405000,11.082
2026/04/29 15:43:44,406000,11.082
2026/04/29 15:43:44,407000,11.076
2026/04/29 15:43:44,408000,11.079
2026/04/29 15:43:44,409000,11.079
2026/04/29 15:43:44,410000,11.082
2026/04/29 15:43:44,411000,11.076
2026/04/29 15:43:44,412000,11.079
2026/04/29 15:43:44,413000,11.079
2026/04/29 15:43:44,414000,11.085
2026/04/29 15:43:44,415000,11.079
2026/04/29 15:43:44,416000,11.071
2026/04/29 15:43:44,417000,11.076
2026/04/29 15:43:44,418000,11.074
2026/04/29 15:43:44,419000,11.076
2026/04/29 15:43:44,420000,11.082
2026/04/29 15:43:44,421000,11.082
2026/04/29 15:43:44,422000,11.082
2026/04/29 15:43:44,423000,11.079
2026/04/29 15:43:44,424000,11.079
2026/04/29 15:43:44,425000,11.082
2026/04/29 15:43:44,426000,11.076
2026/04/29 15:43:44,427000,11.079
2026/04/29 15:43:44,428000,11.076
2026/04/29 15:43:44,429000,11.074
2026/04/29 15:43:44,430000,11.074
2026/04/29 15:43:44,431000,11.082
2026/04/29 15:43:44,432000,11.076
2026/04/29 15:43:44,433000,11.079
2026/04/29 15:43:44,434000,11.079
2026/04/29 15:43:44,435000,11.074
2026/04/29 15:43:44,436000,11.074
2026/04/29 15:43:44,437000,11.082
2026/04/29 15:43:44,438000,11.082
2026/04/29 15:43:44,439000,11.079
2026/04/29 15:43:44,440000,11.082
2026/04/29 15:43:44,441000,11.085
2026/04/29 15:43:44,442000,11.074
2026/04/29 15:43:44,443000,11.076
2026/04/29 15:43:44,444000,11.074
2026/04/29 15:43:44,445000,11.079
2026/04/29 15:43:44,446000,11.082
2026/04/29 15:43:44,447000,11.082
2026/04/29 15:43:44,448000,11.082
2026/04/29 15:43:44,449000,11.082
2026/04/29 15:43:44,450000,11.079
2026/04/29 15:43:44,451000,11.082
2026/04/29 15:43:44,452000,11.079
2026/04/29 15:43:44,453000,11.085
2026/04/29 15:43:44,454000,11.079
2026/04/29 15:43:44,455000,11.082
2026/04/29 15:43:44,456000,11.085
2026/04/29 15:43:44,457000,11.082
2026/04/29 15:43:44,458000,11.079
2026/04/29 15:43:44,459000,11.085
2026/04/29 15:43:44,460000,11.082
2026/04/29 15:43:44,461000,11.076
2026/04/29 15:43:44,462000,11.085
2026/04/29 15:43:44,463000,11.079
2026/04/29 15:43:44,464000,11.085
2026/04/29 15:43:44,465000,11.082
2026/04/29 15:43:44,466000,11.082
2026/04/29 15:43:44,467000,11.082
2026/04/29 15:43:44,468000,11.079
2026/04/29 15:43:44,469000,11.082
2026/04/29 15:43:44,470000,11.082
2026/04/29 15:43:44,471000,11.088
2026/04/29 15:43:44,472000,11.076
2026/04/29 15:43:44,473000,11.079
2026/04/29 15:43:44,474000,11.079
2026/04/29 15:43:44,475000,11.088
2026/04/29 15:43:44,476000,11.082
2026/04/29 15:43:44,477000,11.076
2026/04/29 15:43:44,478000,11.079
2026/04/29 15:43:44,479000,11.085
2026/04/29 15:43:44,480000,11.076
2026/04/29 15:43:44,481000,11.076
2026/04/29 15:43:44,482000,11.085
2026/04/29 15:43:44,483000,11.079
2026/04/29 15:43:44,484000,11.088
2026/04/29 15:43:44,485000,11.079
2026/04/29 15:43:44,486000,11.085
2026/04/29 15:43:44,487000,11.082
2026/04/29 15:43:44,488000,11.079
2026/04/29 15:43:44,489000,11.079
2026/04/29 15:43:44,490000,11.085
2026/04/29 15:43:44,491000,11.082
2026/04/29 15:43:44,492000,11.085
2026/04/29 15:43:44,493000,11.079
2026/04/29 15:43:44,494000,11.079
2026/04/29 15:43:44,495000,11.082
2026/04/29 15:43:44,496000,11.088
2026/04/29 15:43:44,497000,11.082
2026/04/29 15:43:44,498000,11.079
2026/04/29 15:43:44,499000,11.085
2026/04/29 15:43:44,500000,11.085
2026/04/29 15:43:44,501000,11.085
2026/04/29 15:43:44,502000,11.082
2026/04/29 15:43:44,503000,11.082
2026/04/29 15:43:44,504000,11.082
2026/04/29 15:43:44,505000,11.085
2026/04/29 15:43:44,506000,11.088
2026/04/29 15:43:44,507000,11.085
2026/04/29 15:43:44,508000,11.082
2026/04/29 15:43:44,509000,11.088
2026/04/29 15:43:44,510000,11.085
2026/04/29 15:43:44,511000,11.082
2026/04/29 15:43:44,512000,11.088
2026/04/29 15:43:44,513000,11.085
2026/04/29 15:43:44,514000,11.085
2026/04/29 15:43:44,515000,11.085
2026/04/29 15:43:44,516000,11.082
2026/04/29 15:43:44,517000,11.085
2026/04/29 15:43:44,518000,11.085
2026/04/29 15:43:44,519000,11.085
2026/04/29 15:43:44,520000,11.085
2026/04/29 15:43:44,521000,11.082
2026/04/29 15:43:44,522000,11.085
2026/04/29 15:43:44,523000,11.079
2026/04/29 15:43:44,524000,11.085
2026/04/29 15:43:44,525000,11.082
2026/04/29 15:43:44,526000,11.085
2026/04/29 15:43:44,527000,11.085
2026/04/29 15:43:44,528000,11.088
2026/04/29 15:43:44,529000,11.085
2026/04/29 15:43:44,530000,11.085
2026/04/29 15:43:44,531000,11.085
2026/04/29 15:43:44,532000,11.079
2026/04/29 15:43:44,533000,11.079
2026/04/29 15:43:44,534000,11.082
2026/04/29 15:43:44,535000,11.085
2026/04/29 15:43:44,536000,11.085
2026/04/29 15:43:44,537000,11.085
2026/04/29 15:43:44,538000,11.085
2026/04/29 15:43:44,539000,11.088
2026/04/29 15:43:44,540000,11.085
2026/04/29 15:43:44,541000,11.085
2026/04/29 15:43:44,542000,11.088
2026/04/29 15:43:44,543000,11.088
2026/04/29 15:43:44,544000,11.085
2026/04/29 15:43:44,545000,11.090
2026/04/29 15:43:44,546000,11.085
2026/04/29 15:43:44,547000,11.079
2026/04/29 15:43:44,548000,11.082
2026/04/29 15:43:44,549000,11.090
2026/04/29 15:43:44,550000,11.090
2026/04/29 15:43:44,551000,11.088
2026/04/29 15:43:44,552000,11.088
2026/04/29 15:43:44,553000,11.088
2026/04/29 15:43:44,554000,11.088
2026/04/29 15:43:44,555000,11.090
2026/04/29 15:43:44,556000,11.090
2026/04/29 15:43:44,557000,11.088
2026/04/29 15:43:44,558000,11.088
2026/04/29 15:43:44,559000,11.085
2026/04/29 15:43:44,560000,11.082
2026/04/29 15:43:44,561000,11.082
2026/04/29 15:43:44,562000,11.088
2026/04/29 15:43:44,563000,11.090
2026/04/29 15:43:44,564000,11.090
2026/04/29 15:43:44,565000,11.079
2026/04/29 15:43:44,566000,11.096
2026/04/29 15:43:44,567000,11.082
2026/04/29 15:43:44,568000,11.090
2026/04/29 15:43:44,569000,11.088
2026/04/29 15:43:44,570000,11.085
2026/04/29 15:43:44,571000,11.088
2026/04/29 15:43:44,572000,11.090
2026/04/29 15:43:44,573000,11.093
2026/04/29 15:43:44,574000,11.085
2026/04/29 15:43:44,575000,11.085
2026/04/29 15:43:44,576000,11.082
2026/04/29 15:43:44,577000,11.090
2026/04/29 15:43:44,578000,11.093
2026/04/29 15:43:44,579000,11.088
2026/04/29 15:43:44,580000,11.082
2026/04/29 15:43:44,581000,11.088
2026/04/29 15:43:44,582000,11.085
2026/04/29 15:43:44,583000,11.088
2026/04/29 15:43:44,584000,11.093
2026/04/29 15:43:44,585000,11.090
2026/04/29 15:43:44,586000,11.088
2026/04/29 15:43:44,587000,11.090
2026/04/29 15:43:44,588000,11.088
2026/04/29 15:43:44,589000,11.085
2026/04/29 15:43:44,590000,11.090
2026/04/29 15:43:44,591000,11.085
2026/04/29 15:43:44,592000,11.093
2026/04/29 15:43:44,593000,11.090
2026/04/29 15:43:44,594000,11.088
2026/04/29 15:43:44,595000,11.090
2026/04/29 15:43:44,596000,11.090
2026/04/29 15:43:44,597000,11.085
2026/04/29 15:43:44,598000,11.090
2026/04/29 15:43:44,599000,11.093
2026/04/29 15:43:44,600000,11.088
2026/04/29 15:43:44,601000,11.088
2026/04/29 15:43:44,602000,11.088
2026/04/29 15:43:44,603000,11.096
2026/04/29 15:43:44,604000,11.090
2026/04/29 15:43:44,605000,11.090
2026/04/29 15:43:44,606000,11.088
2026/04/29 15:43:44,607000,11.088
2026/04/29 15:43:44,608000,11.088
2026/04/29 15:43:44,609000,11.088
2026/04/29 15:43:44,610000,11.090
2026/04/29 15:43:44,611000,11.090
2026/04/29 15:43:44,612000,11.090
2026/04/29 15:43:44,613000,11.090
2026/04/29 15:43:44,614000,11.090
2026/04/29 15:43:44,615000,11.090
2026/04/29 15:43:44,616000,11.093
2026/04/29 15:43:44,617000,11.090
2026/04/29 15:43:44,618000,11.085
2026/04/29 15:43:44,619000,11.088
2026/04/29 15:43:44,620000,11.093
2026/04/29 15:43:44,621000,11.090
2026/04/29 15:43:44,622000,11.093
2026/04/29 15:43:44,623000,11.088
2026/04/29 15:43:44,624000,11.090
2026/04/29 15:43:44,625000,11.093
2026/04/29 15:43:44,626000,11.093
2026/04/29 15:43:44,627000,11.093
2026/04/29 15:43:44,628000,11.093
2026/04/29 15:43:44,629000,11.088
2026/04/29 15:43:44,630000,11.093
2026/04/29 15:43:44,631000,11.093
2026/04/29 15:43:44,632000,11.090
2026/04/29 15:43:44,633000,11.090
2026/04/29 15:43:44,634000,11.088
2026/04/29 15:43:44,635000,11.093
2026/04/29 15:43:44,636000,11.085
2026/04/29 15:43:44,637000,11.090
2026/04/29 15:43:44,638000,11.096
2026/04/29 15:43:44,639000,11.093
2026/04/29 15:43:44,640000,11.099
2026/04/29 15:43:44,641000,11.090
2026/04/29 15:43:44,642000,11.093
2026/04/29 15:43:44,643000,11.090
2026/04/29 15:43:44,644000,11.093
2026/04/29 15:43:44,645000,11.093
2026/04/29 15:43:44,646000,11.090
2026/04/29 15:43:44,647000,11.093
2026/04/29 15:43:44,648000,11.099
2026/04/29 15:43:44,649000,11.090
2026/04/29 15:43:44,650000,11.093
2026/04/29 15:43:44,651000,11.096
2026/04/29 15:43:44,652000,11.088
2026/04/29 15:43:44,653000,11.096
2026/04/29 15:43:44,654000,11.093
2026/04/29 15:43:44,655000,11.090
2026/04/29 15:43:44,656000,11.090
2026/04/29 15:43:44,657000,11.093
2026/04/29 15:43:44,658000,11.093
2026/04/29 15:43:44,659000,11.099
2026/04/29 15:43:44,660000,11.093
2026/04/29 15:43:44,661000,11.093
2026/04/29 15:43:44,662000,11.096
2026/04/29 15:43:44,663000,11.093
2026/04/29 15:43:44,664000,11.099
2026/04/29 15:43:44,665000,11.090
2026/04/29 15:43:44,666000,11.096
2026/04/29 15:43:44,667000,11.096
2026/04/29 15:43:44,668000,11.096
2026/04/29 15:43:44,669000,11.093
2026/04/29 15:43:44,670000,11.090
2026/04/29 15:43:44,671000,11.090
2026/04/29 15:43:44,672000,11.093
2026/04/29 15:43:44,673000,11.096
2026/04/29 15:43:44,674000,11.099
2026/04/29 15:43:44,675000,11.093
2026/04/29 15:43:44,676000,11.096
2026/04/29 15:43:44,677000,11.096
2026/04/29 15:43:44,678000,11.096
2026/04/29 15:43:44,679000,11.099
2026/04/29 15:43:44,680000,11.090
2026/04/29 15:43:44,681000,11.096
2026/04/29 15:43:44,682000,11.096
2026/04/29 15:43:44,683000,11.096
2026/04/29 15:43:44,684000,11.090
2026/04/29 15:43:44,685000,11.088
2026/04/29 15:43:44,686000,11.099
2026/04/29 15:43:44,687000,11.099
2026/04/29 15:43:44,688000,11.096
2026/04/29 15:43:44,689000,11.099
2026/04/29 15:43:44,690000,11.099
2026/04/29 15:43:44,691000,11.102
2026/04/29 15:43:44,692000,11.093
2026/04/29 15:43:44,693000,11.096
2026/04/29 15:43:44,694000,11.102
2026/04/29 15:43:44,695000,11.102
2026/04/29 15:43:44,696000,11.102
2026/04/29 15:43:44,697000,11.099
2026/04/29 15:43:44,698000,11.102
2026/04/29 15:43:44,699000,11.093
2026/04/29 15:43:44,700000,11.096
2026/04/29 15:43:44,701000,11.099
2026/04/29 15:43:44,702000,11.093
2026/04/29 15:43:44,703000,11.096
2026/04/29 15:43:44,704000,11.099
2026/04/29 15:43:44,705000,11.096
2026/04/29 15:43:44,706000,11.099
2026/04/29 15:43:44,707000,11.102
2026/04/29 15:43:44,708000,11.099
2026/04/29 15:43:44,709000,11.102
2026/04/29 15:43:44,710000,11.102
2026/04/29 15:43:44,711000,11.099
2026/04/29 15:43:44,712000,11.102
2026/04/29 15:43:44,713000,11.102
2026/04/29 15:43:44,714000,11.096
2026/04/29 15:43:44,715000,11.099
2026/04/29 15:43:44,716000,11.102
2026/04/29 15:43:44,717000,11.099
2026/04/29 15:43:44,718000,11.104
2026/04/29 15:43:44,719000,11.096
2026/04/29 15:43:44,720000,11.104
2026/04/29 15:43:44,721000,11.102
2026/04/29 15:43:44,722000,11.099
2026/04/29 15:43:44,723000,11.104
2026/04/29 15:43:44,724000,11.096
2026/04/29 15:43:44,725000,11.099
2026/04/29 15:43:44,726000,11.102
2026/04/29 15:43:44,727000,11.096
2026/04/29 15:43:44,728000,11.099
2026/04/29 15:43:44,729000,11.099
2026/04/29 15:43:44,730000,11.096
2026/04/29 15:43:44,731000,11.104
2026/04/29 15:43:44,732000,11.104
2026/04/29 15:43:44,733000,11.102
2026/04/29 15:43:44,734000,11.102
2026/04/29 15:43:44,735000,11.102
2026/04/29 15:43:44,736000,11.104
2026/04/29 15:43:44,737000,11.099
2026/04/29 15:43:44,738000,11.099
2026/04/29 15:43:44,739000,11.099
2026/04/29 15:43:44,740000,11.096
2026/04/29 15:43:44,741000,11.102
2026/04/29 15:43:44,742000,11.104
2026/04/29 15:43:44,743000,11.102
2026/04/29 15:43:44,744000,11.099
2026/04/29 15:43:44,745000,11.102
2026/04/29 15:43:44,746000,11.099
2026/04/29 15:43:44,747000,11.107
2026/04/29 15:43:44,748000,11.110
2026/04/29 15:43:44,749000,11.102
2026/04/29 15:43:44,750000,11.104
2026/04/29 15:43:44,751000,11.102
2026/04/29 15:43:44,752000,11.104
2026/04/29 15:43:44,753000,11.099
2026/04/29 15:43:44,754000,11.102
2026/04/29 15:43:44,755000,11.102
2026/04/29 15:43:44,756000,11.099
2026/04/29 15:43:44,757000,11.096
2026/04/29 15:43:44,758000,11.099
2026/04/29 15:43:44,759000,11.102
2026/04/29 15:43:44,760000,11.096
2026/04/29 15:43:44,761000,11.099
2026/04/29 15:43:44,762000,11.096
2026/04/29 15:43:44,763000,11.110
2026/04/29 15:43:44,764000,11.107
2026/04/29 15:43:44,765000,11.104
2026/04/29 15:43:44,766000,11.102
2026/04/29 15:43:44,767000,11.104
2026/04/29 15:43:44,768000,11.107
2026/04/29 15:43:44,769000,11.107
2026/04/29 15:43:44,770000,11.102
2026/04/29 15:43:44,771000,11.099
2026/04/29 15:43:44,772000,11.107
2026/04/29 15:43:44,773000,11.104
2026/04/29 15:43:44,774000,11.099
2026/04/29 15:43:44,775000,11.110
2026/04/29 15:43:44,776000,11.102
2026/04/29 15:43:44,777000,11.104
2026/04/29 15:43:44,778000,11.104
2026/04/29 15:43:44,779000,11.104
2026/04/29 15:43:44,780000,11.099
2026/04/29 15:43:44,781000,11.107
2026/04/29 15:43:44,782000,11.104
2026/04/29 15:43:44,783000,11.110
2026/04/29 15:43:44,784000,11.107
2026/04/29 15:43:44,785000,11.107
2026/04/29 15:43:44,786000,11.102
2026/04/29 15:43:44,787000,11.102
2026/04/29 15:43:44,788000,11.110
2026/04/29 15:43:44,789000,11.110
2026/04/29 15:43:44,790000,11.107
2026/04/29 15:43:44,791000,11.107
2026/04/29 15:43:44,792000,11.107
2026/04/29 15:43:44,793000,11.099
2026/04/29 15:43:44,794000,11.102
2026/04/29 15:43:44,795000,11.096
2026/04/29 15:43:44,796000,11.107
2026/04/29 15:43:44,797000,11.104
2026/04/29 15:43:44,798000,11.104
2026/04/29 15:43:44,799000,11.104
2026/04/29 15:43:44,800000,11.107
2026/04/29 15:43:44,801000,11.102
2026/04/29 15:43:44,802000,11.107
2026/04/29 15:43:44,803000,11.107
2026/04/29 15:43:44,804000,11.107
2026/04/29 15:43:44,805000,11.102
2026/04/29 15:43:44,806000,11.107
2026/04/29 15:43:44,807000,11.110
2026/04/29 15:43:44,808000,11.104
2026/04/29 15:43:44,809000,11.102
2026/04/29 15:43:44,810000,11.110
2026/04/29 15:43:44,811000,11.107
2026/04/29 15:43:44,812000,11.102
2026/04/29 15:43:44,813000,11.104
2026/04/29 15:43:44,814000,11.104
2026/04/29 15:43:44,815000,11.113
2026/04/29 15:43:44,816000,11.113
2026/04/29 15:43:44,817000,11.104
2026/04/29 15:43:44,818000,11.107
2026/04/29 15:43:44,819000,11.113
2026/04/29 15:43:44,820000,11.110
2026/04/29 15:43:44,821000,11.107
2026/04/29 15:43:44,822000,11.104
2026/04/29 15:43:44,823000,11.104
2026/04/29 15:43:44,824000,11.104
2026/04/29 15:43:44,825000,11.107
2026/04/29 15:43:44,826000,11.107
2026/04/29 15:43:44,827000,11.102
2026/04/29 15:43:44,828000,11.107
2026/04/29 15:43:44,829000,11.104
2026/04/29 15:43:44,830000,11.107
2026/04/29 15:43:44,831000,11.107
2026/04/29 15:43:44,832000,11.107
2026/04/29 15:43:44,833000,11.104
2026/04/29 15:43:44,834000,11.113
2026/04/29 15:43:44,835000,11.110
2026/04/29 15:43:44,836000,11.107
2026/04/29 15:43:44,837000,11.107
2026/04/29 15:43:44,838000,11.104
2026/04/29 15:43:44,839000,11.113
2026/04/29 15:43:44,840000,11.116
2026/04/29 15:43:44,841000,11.110
2026/04/29 15:43:44,842000,11.113
2026/04/29 15:43:44,843000,11.104
2026/04/29 15:43:44,844000,11.104
2026/04/29 15:43:44,845000,11.107
2026/04/29 15:43:44,846000,11.113
2026/04/29 15:43:44,847000,11.107
2026/04/29 15:43:44,848000,11.110
2026/04/29 15:43:44,849000,11.107
2026/04/29 15:43:44,850000,11.113
2026/04/29 15:43:44,851000,11.102
2026/04/29 15:43:44,852000,11.110
2026/04/29 15:43:44,853000,11.110
2026/04/29 15:43:44,854000,11.113
2026/04/29 15:43:44,855000,11.107
2026/04/29 15:43:44,856000,11.107
2026/04/29 15:43:44,857000,11.113
2026/04/29 15:43:44,858000,11.104
2026/04/29 15:43:44,859000,11.113
2026/04/29 15:43:44,860000,11.102
2026/04/29 15:43:44,861000,11.113
2026/04/29 15:43:44,862000,11.104
2026/04/29 15:43:44,863000,11.107
2026/04/29 15:43:44,864000,11.102
2026/04/29 15:43:44,865000,11.102
2026/04/29 15:43:44,866000,11.102
2026/04/29 15:43:44,867000,11.102
2026/04/29 15:43:44,868000,11.113
2026/04/29 15:43:44,869000,11.113
2026/04/29 15:43:44,870000,11.102
2026/04/29 15:43:44,871000,11.102
2026/04/29 15:43:44,872000,11.107
2026/04/29 15:43:44,873000,11.110
2026/04/29 15:43:44,874000,11.104
2026/04/29 15:43:44,875000,11.107
2026/04/29 15:43:44,876000,11.104
2026/04/29 15:43:44,877000,11.110
2026/04/29 15:43:44,878000,11.107
2026/04/29 15:43:44,879000,11.110
2026/04/29 15:43:44,880000,11.107
2026/04/29 15:43:44,881000,11.113
2026/04/29 15:43:44,882000,11.107
2026/04/29 15:43:44,883000,11.110
2026/04/29 15:43:44,884000,11.096
2026/04/29 15:43:44,885000,11.110
2026/04/29 15:43:44,886000,11.104
2026/04/29 15:43:44,887000,11.110
2026/04/29 15:43:44,888000,11.113
2026/04/29 15:43:44,889000,11.102
2026/04/29 15:43:44,890000,11.104
2026/04/29 15:43:44,891000,11.110
2026/04/29 15:43:44,892000,11.104
2026/04/29 15:43:44,893000,11.104
2026/04/29 15:43:44,894000,11.104
2026/04/29 15:43:44,895000,11.107
2026/04/29 15:43:44,896000,11.110
2026/04/29 15:43:44,897000,11.107
2026/04/29 15:43:44,898000,11.110
2026/04/29 15:43:44,899000,11.107
2026/04/29 15:43:44,900000,11.110
2026/04/29 15:43:44,901000,11.104
2026/04/29 15:43:44,902000,11.113
2026/04/29 15:43:44,903000,11.107
2026/04/29 15:43:44,904000,11.110
2026/04/29 15:43:44,905000,11.113
2026/04/29 15:43:44,906000,11.107
2026/04/29 15:43:44,907000,11.110
2026/04/29 15:43:44,908000,11.113
2026/04/29 15:43:44,909000,11.107
2026/04/29 15:43:44,910000,11.113
2026/04/29 15:43:44,911000,11.107
2026/04/29 15:43:44,912000,11.110
2026/04/29 15:43:44,913000,11.110
2026/04/29 15:43:44,914000,11.110
2026/04/29 15:43:44,915000,11.104
2026/04/29 15:43:44,916000,11.113
2026/04/29 15:43:44,917000,11.113
2026/04/29 15:43:44,918000,11.107
2026/04/29 15:43:44,919000,11.099
2026/04/29 15:43:44,920000,11.107
2026/04/29 15:43:44,921000,11.104
2026/04/29 15:43:44,922000,11.110
2026/04/29 15:43:44,923000,11.104
2026/04/29 15:43:44,924000,11.113
2026/04/29 15:43:44,925000,11.110
2026/04/29 15:43:44,926000,11.113
2026/04/29 15:43:44,927000,11.102
2026/04/29 15:43:44,928000,11.113
2026/04/29 15:43:44,929000,11.107
2026/04/29 15:43:44,930000,11.110
2026/04/29 15:43:44,931000,11.107
2026/04/29 15:43:44,932000,11.113
2026/04/29 15:43:44,933000,11.110
2026/04/29 15:43:44,934000,11.113
2026/04/29 15:43:44,935000,11.110
2026/04/29 15:43:44,936000,11.107
2026/04/29 15:43:44,937000,11.104
2026/04/29 15:43:44,938000,11.107
2026/04/29 15:43:44,939000,11.113
2026/04/29 15:43:44,940000,11.110
2026/04/29 15:43:44,941000,11.107
2026/04/29 15:43:44,942000,11.113
2026/04/29 15:43:44,943000,11.113
2026/04/29 15:43:44,944000,11.110
2026/04/29 15:43:44,945000,11.102
2026/04/29 15:43:44,946000,11.113
2026/04/29 15:43:44,947000,11.113
2026/04/29 15:43:44,948000,11.113
2026/04/29 15:43:44,949000,11.107
2026/04/29 15:43:44,950000,11.110
2026/04/29 15:43:44,951000,11.110
2026/04/29 15:43:44,952000,11.107
2026/04/29 15:43:44,953000,11.110
2026/04/29 15:43:44,954000,11.113
2026/04/29 15:43:44,955000,11.107
2026/04/29 15:43:44,956000,11.107
2026/04/29 15:43:44,957000,11.113
2026/04/29 15:43:44,958000,11.110
2026/04/29 15:43:44,959000,11.107
2026/04/29 15:43:44,960000,11.110
2026/04/29 15:43:44,961000,11.110
2026/04/29 15:43:44,962000,11.113
2026/04/29 15:43:44,963000,11.110
2026/04/29 15:43:44,964000,11.110
2026/04/29 15:43:44,965000,11.107
2026/04/29 15:43:44,966000,11.113
2026/04/29 15:43:44,967000,11.113
2026/04/29 15:43:44,968000,11.113
2026/04/29 15:43:44,969000,11.113
2026/04/29 15:43:44,970000,11.107
2026/04/29 15:43:44,971000,11.118
2026/04/29 15:43:44,972000,11.118
2026/04/29 15:43:44,973000,11.113
2026/04/29 15:43:44,974000,11.113
2026/04/29 15:43:44,975000,11.118
2026/04/29 15:43:44,976000,11.116
2026/04/29 15:43:44,977000,11.113
2026/04/29 15:43:44,978000,11.113
2026/04/29 15:43:44,979000,11.110
2026/04/29 15:43:44,980000,11.113
2026/04/29 15:43:44,981000,11.113
2026/04/29 15:43:44,982000,11.113
2026/04/29 15:43:44,983000,11.113
2026/04/29 15:43:44,984000,11.113
2026/04/29 15:43:44,985000,11.110
2026/04/29 15:43:44,986000,11.113
2026/04/29 15:43:44,987000,11.118
2026/04/29 15:43:44,988000,11.113
2026/04/29 15:43:44,989000,11.110
2026/04/29 15:43:44,990000,11.107
2026/04/29 15:43:44,991000,11.110
2026/04/29 15:43:44,992000,11.113
2026/04/29 15:43:44,993000,11.113
2026/04/29 15:43:44,994000,11.107
2026/04/29 15:43:44,995000,11.113
2026/04/29 15:43:44,996000,11.113
2026/04/29 15:43:44,997000,11.116
2026/04/29 15:43:44,998000,11.118
2026/04/29 15:43:44,999000,11.116
2026/04/29 15:43:45,000000,11.113
2026/04/29 15:43:45,001000,11.110
2026/04/29 15:43:45,002000,11.113
2026/04/29 15:43:45,003000,11.113
2026/04/29 15:43:45,004000,11.113
2026/04/29 15:43:45,005000,11.113
2026/04/29 15:43:45,006000,11.110
2026/04/29 15:43:45,007000,11.118
2026/04/29 15:43:45,008000,11.116
2026/04/29 15:43:45,009000,11.110
2026/04/29 15:43:45,010000,11.113
2026/04/29 15:43:45,011000,11.110
2026/04/29 15:43:45,012000,11.113
2026/04/29 15:43:45,013000,11.113
2026/04/29 15:43:45,014000,11.116
2026/04/29 15:43:45,015000,11.121
2026/04/29 15:43:45,016000,11.118
2026/04/29 15:43:45,017000,11.113
2026/04/29 15:43:45,018000,11.116
2026/04/29 15:43:45,019000,11.113
2026/04/29 15:43:45,020000,11.113
2026/04/29 15:43:45,021000,11.116
2026/04/29 15:43:45,022000,11.118
2026/04/29 15:43:45,023000,11.113
2026/04/29 15:43:45,024000,11.121
2026/04/29 15:43:45,025000,11.121
2026/04/29 15:43:45,026000,11.113
2026/04/29 15:43:45,027000,11.113
2026/04/29 15:43:45,028000,11.116
2026/04/29 15:43:45,029000,11.121
2026/04/29 15:43:45,030000,11.116
2026/04/29 15:43:45,031000,11.124
2026/04/29 15:43:45,032000,11.118
2026/04/29 15:43:45,033000,11.116
2026/04/29 15:43:45,034000,11.116
2026/04/29 15:43:45,035000,11.121
2026/04/29 15:43:45,036000,11.121
2026/04/29 15:43:45,037000,11.118
2026/04/29 15:43:45,038000,11.116
2026/04/29 15:43:45,039000,11.121
2026/04/29 15:43:45,040000,11.124
2026/04/29 15:43:45,041000,11.113
2026/04/29 15:43:45,042000,11.124
2026/04/29 15:43:45,043000,11.121
2026/04/29 15:43:45,044000,11.121
2026/04/29 15:43:45,045000,11.118
2026/04/29 15:43:45,046000,11.113
2026/04/29 15:43:45,047000,11.113
2026/04/29 15:43:45,048000,11.129
2026/04/29 15:43:45,049000,11.113
2026/04/29 15:43:45,050000,11.118
2026/04/29 15:43:45,051000,11.121
2026/04/29 15:43:45,052000,11.107
2026/04/29 15:43:45,053000,11.124
2026/04/29 15:43:45,054000,11.118
2026/04/29 15:43:45,055000,11.127
2026/04/29 15:43:45,056000,11.124
2026/04/29 15:43:45,057000,11.121
2026/04/29 15:43:45,058000,11.121
2026/04/29 15:43:45,059000,11.121
2026/04/29 15:43:45,060000,11.121
2026/04/29 15:43:45,061000,11.124
2026/04/29 15:43:45,062000,11.121
2026/04/29 15:43:45,063000,11.116
2026/04/29 15:43:45,064000,11.121
2026/04/29 15:43:45,065000,11.116
2026/04/29 15:43:45,066000,11.121
2026/04/29 15:43:45,067000,11.127
2026/04/29 15:43:45,068000,11.121
2026/04/29 15:43:45,069000,11.118
2026/04/29 15:43:45,070000,11.118
2026/04/29 15:43:45,071000,11.121
2026/04/29 15:43:45,072000,11.121
2026/04/29 15:43:45,073000,11.121
2026/04/29 15:43:45,074000,11.121
2026/04/29 15:43:45,075000,11.121
2026/04/29 15:43:45,076000,11.116
2026/04/29 15:43:45,077000,11.124
2026/04/29 15:43:45,078000,11.121
2026/04/29 15:43:45,079000,11.118
2026/04/29 15:43:45,080000,11.118
2026/04/29 15:43:45,081000,11.121
2026/04/29 15:43:45,082000,11.124
2026/04/29 15:43:45,083000,11.124
2026/04/29 15:43:45,084000,11.121
2026/04/29 15:43:45,085000,11.124
2026/04/29 15:43:45,086000,11.124
2026/04/29 15:43:45,087000,11.124
2026/04/29 15:43:45,088000,11.124
2026/04/29 15:43:45,089000,11.121
2026/04/29 15:43:45,090000,11.118
2026/04/29 15:43:45,091000,11.118
2026/04/29 15:43:45,092000,11.127
2026/04/29 15:43:45,093000,11.118
2026/04/29 15:43:45,094000,11.124
2026/04/29 15:43:45,095000,11.124
2026/04/29 15:43:45,096000,11.127
2026/04/29 15:43:45,097000,11.118
2026/04/29 15:43:45,098000,11.127
2026/04/29 15:43:45,099000,11.121
2026/04/29 15:43:45,100000,11.124
2026/04/29 15:43:45,101000,11.124
2026/04/29 15:43:45,102000,11.118
2026/04/29 15:43:45,103000,11.121
2026/04/29 15:43:45,104000,11.118
2026/04/29 15:43:45,105000,11.118
2026/04/29 15:43:45,106000,11.121
2026/04/29 15:43:45,107000,11.118
2026/04/29 15:43:45,108000,11.127
2026/04/29 15:43:45,109000,11.124
2026/04/29 15:43:45,110000,11.118
2026/04/29 15:43:45,111000,11.127
2026/04/29 15:43:45,112000,11.124
2026/04/29 15:43:45,113000,11.124
2026/04/29 15:43:45,114000,11.124
2026/04/29 15:43:45,115000,11.118
2026/04/29 15:43:45,116000,11.121
2026/04/29 15:43:45,117000,11.132
2026/04/29 15:43:45,118000,11.127
2026/04/29 15:43:45,119000,11.124
2026/04/29 15:43:45,120000,11.127
2026/04/29 15:43:45,121000,11.121
2026/04/29 15:43:45,122000,11.121
2026/04/29 15:43:45,123000,11.124
2026/04/29 15:43:45,124000,11.118
2026/04/29 15:43:45,125000,11.121
2026/04/29 15:43:45,126000,11.124
2026/04/29 15:43:45,127000,11.127
2026/04/29 15:43:45,128000,11.124
2026/04/29 15:43:45,129000,11.127
2026/04/29 15:43:45,130000,11.127
2026/04/29 15:43:45,131000,11.129
2026/04/29 15:43:45,132000,11.124
2026/04/29 15:43:45,133000,11.118
2026/04/29 15:43:45,134000,11.124
2026/04/29 15:43:45,135000,11.129
2026/04/29 15:43:45,136000,11.124
2026/04/29 15:43:45,137000,11.129
2026/04/29 15:43:45,138000,11.124
2026/04/29 15:43:45,139000,11.124
2026/04/29 15:43:45,140000,11.124
2026/04/29 15:43:45,141000,11.118
2026/04/29 15:43:45,142000,11.127
2026/04/29 15:43:45,143000,11.121
2026/04/29 15:43:45,144000,11.124
2026/04/29 15:43:45,145000,11.124
2026/04/29 15:43:45,146000,11.127
2026/04/29 15:43:45,147000,11.129
2026/04/29 15:43:45,148000,11.124
2026/04/29 15:43:45,149000,11.121
2026/04/29 15:43:45,150000,11.124
2026/04/29 15:43:45,151000,11.124
2026/04/29 15:43:45,152000,11.121
2026/04/29 15:43:45,153000,11.127
2026/04/29 15:43:45,154000,11.127
2026/04/29 15:43:45,155000,11.121
2026/04/29 15:43:45,156000,11.124
2026/04/29 15:43:45,157000,11.132
2026/04/29 15:43:45,158000,11.121
2026/04/29 15:43:45,159000,11.127
2026/04/29 15:43:45,160000,11.124
2026/04/29 15:43:45,161000,11.129
2026/04/29 15:43:45,162000,11.124
2026/04/29 15:43:45,163000,11.127
2026/04/29 15:43:45,164000,11.124
2026/04/29 15:43:45,165000,11.127
2026/04/29 15:43:45,166000,11.127
2026/04/29 15:43:45,167000,11.129
2026/04/29 15:43:45,168000,11.138
2026/04/29 15:43:45,169000,11.129
2026/04/29 15:43:45,170000,11.124
2026/04/29 15:43:45,171000,11.129
2026/04/29 15:43:45,172000,11.132
2026/04/29 15:43:45,173000,11.132
2026/04/29 15:43:45,174000,11.124
2026/04/29 15:43:45,175000,11.127
2026/04/29 15:43:45,176000,11.135
2026/04/29 15:43:45,177000,11.127
2026/04/29 15:43:45,178000,11.124
2026/04/29 15:43:45,179000,11.121
2026/04/29 15:43:45,180000,11.132
2026/04/29 15:43:45,181000,11.132
2026/04/29 15:43:45,182000,11.129
2026/04/29 15:43:45,183000,11.129
2026/04/29 15:43:45,184000,11.124
2026/04/29 15:43:45,185000,11.124
2026/04/29 15:43:45,186000,11.127
2026/04/29 15:43:45,187000,11.129
2026/04/29 15:43:45,188000,11.127
2026/04/29 15:43:45,189000,11.124
2026/04/29 15:43:45,190000,11.124
2026/04/29 15:43:45,191000,11.127
2026/04/29 15:43:45,192000,11.129
2026/04/29 15:43:45,193000,11.127
2026/04/29 15:43:45,194000,11.129
2026/04/29 15:43:45,195000,11.124
2026/04/29 15:43:45,196000,11.127
2026/04/29 15:43:45,197000,11.127
2026/04/29 15:43:45,198000,11.129
2026/04/29 15:43:45,199000,11.129
2026/04/29 15:43:45,200000,11.118
2026/04/29 15:43:45,201000,11.132
2026/04/29 15:43:45,202000,11.129
2026/04/29 15:43:45,203000,11.127
2026/04/29 15:43:45,204000,11.129
2026/04/29 15:43:45,205000,11.124
2026/04/29 15:43:45,206000,11.129
2026/04/29 15:43:45,207000,11.127
2026/04/29 15:43:45,208000,11.127
2026/04/29 15:43:45,209000,11.127
2026/04/29 15:43:45,210000,11.129
2026/04/29 15:43:45,211000,11.135
2026/04/29 15:43:45,212000,11.132
2026/04/29 15:43:45,213000,11.129
2026/04/29 15:43:45,214000,11.132
2026/04/29 15:43:45,215000,11.124
2026/04/29 15:43:45,216000,11.129
2026/04/29 15:43:45,217000,11.132
2026/04/29 15:43:45,218000,11.129
2026/04/29 15:43:45,219000,11.124
2026/04/29 15:43:45,220000,11.141
2026/04/29 15:43:45,221000,11.124
2026/04/29 15:43:45,222000,11.132
2026/04/29 15:43:45,223000,11.127
2026/04/29 15:43:45,224000,11.132
2026/04/29 15:43:45,225000,11.135
2026/04/29 15:43:45,226000,11.129
2026/04/29 15:43:45,227000,11.129
2026/04/29 15:43:45,228000,11.124
2026/04/29 15:43:45,229000,11.129
2026/04/29 15:43:45,230000,11.132
2026/04/29 15:43:45,231000,11.127
2026/04/29 15:43:45,232000,11.132
2026/04/29 15:43:45,233000,11.127
2026/04/29 15:43:45,234000,11.138
2026/04/29 15:43:45,235000,11.132
2026/04/29 15:43:45,236000,11.129
2026/04/29 15:43:45,237000,11.124
2026/04/29 15:43:45,238000,11.129
2026/04/29 15:43:45,239000,11.132
2026/04/29 15:43:45,240000,11.129
2026/04/29 15:43:45,241000,11.132
2026/04/29 15:43:45,242000,11.127
2026/04/29 15:43:45,243000,11.129
2026/04/29 15:43:45,244000,11.129
2026/04/29 15:43:45,245000,11.127
2026/04/29 15:43:45,246000,11.132
2026/04/29 15:43:45,247000,11.132
2026/04/29 15:43:45,248000,11.132
2026/04/29 15:43:45,249000,11.132
2026/04/29 15:43:45,250000,11.127
2026/04/29 15:43:45,251000,11.138
2026/04/29 15:43:45,252000,11.129
2026/04/29 15:43:45,253000,11.138
2026/04/29 15:43:45,254000,11.129
2026/04/29 15:43:45,255000,11.124
2026/04/29 15:43:45,256000,11.135
2026/04/29 15:43:45,257000,11.132
2026/04/29 15:43:45,258000,11.132
2026/04/29 15:43:45,259000,11.132
2026/04/29 15:43:45,260000,11.138
2026/04/29 15:43:45,261000,11.138
2026/04/29 15:43:45,262000,11.135
2026/04/29 15:43:45,263000,11.129
2026/04/29 15:43:45,264000,11.132
2026/04/29 15:43:45,265000,11.132
2026/04/29 15:43:45,266000,11.118
2026/04/29 15:43:45,267000,11.135
2026/04/29 15:43:45,268000,11.141
2026/04/29 15:43:45,269000,11.135
2026/04/29 15:43:45,270000,11.138
2026/04/29 15:43:45,271000,11.141
2026/04/29 15:43:45,272000,11.132
2026/04/29 15:43:45,273000,11.135
2026/04/29 15:43:45,274000,11.132
2026/04/29 15:43:45,275000,11.138
2026/04/29 15:43:45,276000,11.129
2026/04/29 15:43:45,277000,11.129
2026/04/29 15:43:45,278000,11.129
2026/04/29 15:43:45,279000,11.135
2026/04/29 15:43:45,280000,11.138
2026/04/29 15:43:45,281000,11.132
2026/04/29 15:43:45,282000,11.135
2026/04/29 15:43:45,283000,11.141
2026/04/29 15:43:45,284000,11.135
2026/04/29 15:43:45,285000,11.129
2026/04/29 15:43:45,286000,11.141
2026/04/29 15:43:45,287000,11.138
2026/04/29 15:43:45,288000,11.132
2026/04/29 15:43:45,289000,11.132
2026/04/29 15:43:45,290000,11.132
2026/04/29 15:43:45,291000,11.135
2026/04/29 15:43:45,292000,11.138
2026/04/29 15:43:45,293000,11.135
2026/04/29 15:43:45,294000,11.129
2026/04/29 15:43:45,295000,11.138
2026/04/29 15:43:45,296000,11.135
2026/04/29 15:43:45,297000,11.132
2026/04/29 15:43:45,298000,11.141
2026/04/29 15:43:45,299000,11.138
2026/04/29 15:43:45,300000,11.132
2026/04/29 15:43:45,301000,11.135
2026/04/29 15:43:45,302000,11.129
2026/04/29 15:43:45,303000,11.135
2026/04/29 15:43:45,304000,11.132
2026/04/29 15:43:45,305000,11.141
2026/04/29 15:43:45,306000,11.132
2026/04/29 15:43:45,307000,11.138
2026/04/29 15:43:45,308000,11.141
2026/04/29 15:43:45,309000,11.138
2026/04/29 15:43:45,310000,11.141
2026/04/29 15:43:45,311000,11.143
2026/04/29 15:43:45,312000,11.146
2026/04/29 15:43:45,313000,11.135
2026/04/29 15:43:45,314000,11.138
2026/04/29 15:43:45,315000,11.141
2026/04/29 15:43:45,316000,11.138
2026/04/29 15:43:45,317000,11.138
2026/04/29 15:43:45,318000,11.141
2026/04/29 15:43:45,319000,11.135
2026/04/29 15:43:45,320000,11.138
2026/04/29 15:43:45,321000,11.132
2026/04/29 15:43:45,322000,11.143
2026/04/29 15:43:45,323000,11.135
2026/04/29 15:43:45,324000,11.135
2026/04/29 15:43:45,325000,11.141
2026/04/29 15:43:45,326000,11.141
2026/04/29 15:43:45,327000,11.141
2026/04/29 15:43:45,328000,11.146
2026/04/29 15:43:45,329000,11.141
2026/04/29 15:43:45,330000,11.143
2026/04/29 15:43:45,331000,11.141
2026/04/29 15:43:45,332000,11.141
2026/04/29 15:43:45,333000,11.135
2026/04/29 15:43:45,334000,11.141
2026/04/29 15:43:45,335000,11.135
2026/04/29 15:43:45,336000,11.141
2026/04/29 15:43:45,337000,11.143
2026/04/29 15:43:45,338000,11.143
2026/04/29 15:43:45,339000,11.138
2026/04/29 15:43:45,340000,11.135
2026/04/29 15:43:45,341000,11.138
2026/04/29 15:43:45,342000,11.141
2026/04/29 15:43:45,343000,11.138
2026/04/29 15:43:45,344000,11.141
2026/04/29 15:43:45,345000,11.143
2026/04/29 15:43:45,346000,11.146
2026/04/29 15:43:45,347000,11.135
2026/04/29 15:43:45,348000,11.141
2026/04/29 15:43:45,349000,11.138
2026/04/29 15:43:45,350000,11.149
2026/04/29 15:43:45,351000,11.141
2026/04/29 15:43:45,352000,11.135
2026/04/29 15:43:45,353000,11.138
2026/04/29 15:43:45,354000,11.146
2026/04/29 15:43:45,355000,11.143
2026/04/29 15:43:45,356000,11.143
2026/04/29 15:43:45,357000,11.149
2026/04/29 15:43:45,358000,11.141
2026/04/29 15:43:45,359000,11.146
2026/04/29 15:43:45,360000,11.146
2026/04/29 15:43:45,361000,11.149
2026/04/29 15:43:45,362000,11.146
2026/04/29 15:43:45,363000,11.141
2026/04/29 15:43:45,364000,11.141
2026/04/29 15:43:45,365000,11.143
2026/04/29 15:43:45,366000,11.146
2026/04/29 15:43:45,367000,11.149
2026/04/29 15:43:45,368000,11.143
2026/04/29 15:43:45,369000,11.141
2026/04/29 15:43:45,370000,11.138
2026/04/29 15:43:45,371000,11.141
2026/04/29 15:43:45,372000,11.138
2026/04/29 15:43:45,373000,11.138
2026/04/29 15:43:45,374000,11.143
2026/04/29 15:43:45,375000,11.143
2026/04/29 15:43:45,376000,11.146
2026/04/29 15:43:45,377000,11.152
2026/04/29 15:43:45,378000,11.146
2026/04/29 15:43:45,379000,11.146
2026/04/29 15:43:45,380000,11.143
2026/04/29 15:43:45,381000,11.141
2026/04/29 15:43:45,382000,11.141
2026/04/29 15:43:45,383000,11.146
2026/04/29 15:43:45,384000,11.146
2026/04/29 15:43:45,385000,11.146
2026/04/29 15:43:45,386000,11.143
2026/04/29 15:43:45,387000,11.143
2026/04/29 15:43:45,388000,11.141
2026/04/29 15:43:45,389000,11.146
2026/04/29 15:43:45,390000,11.146
2026/04/29 15:43:45,391000,11.143
2026/04/29 15:43:45,392000,11.143
2026/04/29 15:43:45,393000,11.146
2026/04/29 15:43:45,394000,11.149
2026/04/29 15:43:45,395000,11.143
2026/04/29 15:43:45,396000,11.149
2026/04/29 15:43:45,397000,11.146
2026/04/29 15:43:45,398000,11.146
2026/04/29 15:43:45,399000,11.143
2026/04/29 15:43:45,400000,11.146
2026/04/29 15:43:45,401000,11.146
2026/04/29 15:43:45,402000,11.146
2026/04/29 15:43:45,403000,11.146
2026/04/29 15:43:45,404000,11.152
2026/04/29 15:43:45,405000,11.146
2026/04/29 15:43:45,406000,11.149
2026/04/29 15:43:45,407000,11.146
2026/04/29 15:43:45,408000,11.149
2026/04/29 15:43:45,409000,11.143
2026/04/29 15:43:45,410000,11.146
2026/04/29 15:43:45,411000,11.146
2026/04/29 15:43:45,412000,11.152
2026/04/29 15:43:45,413000,11.152
2026/04/29 15:43:45,414000,11.152
2026/04/29 15:43:45,415000,11.149
2026/04/29 15:43:45,416000,11.146
2026/04/29 15:43:45,417000,11.157
2026/04/29 15:43:45,418000,11.149
2026/04/29 15:43:45,419000,11.149
2026/04/29 15:43:45,420000,11.146
2026/04/29 15:43:45,421000,11.143
2026/04/29 15:43:45,422000,11.152
2026/04/29 15:43:45,423000,11.152
2026/04/29 15:43:45,424000,11.149
2026/04/29 15:43:45,425000,11.157
2026/04/29 15:43:45,426000,11.146
2026/04/29 15:43:45,427000,11.143
2026/04/29 15:43:45,428000,11.143
2026/04/29 15:43:45,429000,11.155
2026/04/29 15:43:45,430000,11.152
2026/04/29 15:43:45,431000,11.149
2026/04/29 15:43:45,432000,11.149
2026/04/29 15:43:45,433000,11.152
2026/04/29 15:43:45,434000,11.152
2026/04/29 15:43:45,435000,11.149
2026/04/29 15:43:45,436000,11.155
2026/04/29 15:43:45,437000,11.149
2026/04/29 15:43:45,438000,11.143
2026/04/29 15:43:45,439000,11.146
2026/04/29 15:43:45,440000,11.146
2026/04/29 15:43:45,441000,11.152
2026/04/29 15:43:45,442000,11.149
2026/04/29 15:43:45,443000,11.149
2026/04/29 15:43:45,444000,11.155
2026/04/29 15:43:45,445000,11.152
2026/04/29 15:43:45,446000,11.157
2026/04/29 15:43:45,447000,11.152
2026/04/29 15:43:45,448000,11.152
2026/04/29 15:43:45,449000,11.152
2026/04/29 15:43:45,450000,11.157
2026/04/29 15:43:45,451000,11.149
2026/04/29 15:43:45,452000,11.152
2026/04/29 15:43:45,453000,11.155
2026/04/29 15:43:45,454000,11.152
2026/04/29 15:43:45,455000,11.152
2026/04/29 15:43:45,456000,11.155
2026/04/29 15:43:45,457000,11.149
2026/04/29 15:43:45,458000,11.155
2026/04/29 15:43:45,459000,11.155
2026/04/29 15:43:45,460000,11.152
2026/04/29 15:43:45,461000,11.152
2026/04/29 15:43:45,462000,11.149
2026/04/29 15:43:45,463000,11.149
2026/04/29 15:43:45,464000,11.155
2026/04/29 15:43:45,465000,11.152
2026/04/29 15:43:45,466000,11.152
2026/04/29 15:43:45,467000,11.152
2026/04/29 15:43:45,468000,11.152
2026/04/29 15:43:45,469000,11.149
2026/04/29 15:43:45,470000,11.152
2026/04/29 15:43:45,471000,11.143
2026/04/29 15:43:45,472000,11.152
2026/04/29 15:43:45,473000,11.149
2026/04/29 15:43:45,474000,11.157
2026/04/29 15:43:45,475000,11.149
2026/04/29 15:43:45,476000,11.157
2026/04/29 15:43:45,477000,11.157
2026/04/29 15:43:45,478000,11.152
2026/04/29 15:43:45,479000,11.155
2026/04/29 15:43:45,480000,11.149
2026/04/29 15:43:45,481000,11.149
2026/04/29 15:43:45,482000,11.160
2026/04/29 15:43:45,483000,11.155
2026/04/29 15:43:45,484000,11.149
2026/04/29 15:43:45,485000,11.152
2026/04/29 15:43:45,486000,11.157
2026/04/29 15:43:45,487000,11.157
2026/04/29 15:43:45,488000,11.155
2026/04/29 15:43:45,489000,11.157
2026/04/29 15:43:45,490000,11.152
2026/04/29 15:43:45,491000,11.155
2026/04/29 15:43:45,492000,11.152
2026/04/29 15:43:45,493000,11.155
2026/04/29 15:43:45,494000,11.152
2026/04/29 15:43:45,495000,11.152
2026/04/29 15:43:45,496000,11.163
2026/04/29 15:43:45,497000,11.149
2026/04/29 15:43:45,498000,11.152
2026/04/29 15:43:45,499000,11.152
2026/04/29 15:43:45,500000,11.157
2026/04/29 15:43:45,501000,11.155
2026/04/29 15:43:45,502000,11.149
2026/04/29 15:43:45,503000,11.155
2026/04/29 15:43:45,504000,11.155
2026/04/29 15:43:45,505000,11.157
2026/04/29 15:43:45,506000,11.155
2026/04/29 15:43:45,507000,11.155
2026/04/29 15:43:45,508000,11.155
2026/04/29 15:43:45,509000,11.155
2026/04/29 15:43:45,510000,11.155
2026/04/29 15:43:45,511000,11.157
2026/04/29 15:43:45,512000,11.155
2026/04/29 15:43:45,513000,11.152
2026/04/29 15:43:45,514000,11.157
2026/04/29 15:43:45,515000,11.157
2026/04/29 15:43:45,516000,11.155
2026/04/29 15:43:45,517000,11.155
2026/04/29 15:43:45,518000,11.155
2026/04/29 15:43:45,519000,11.152
2026/04/29 15:43:45,520000,11.149
2026/04/29 15:43:45,521000,11.160
2026/04/29 15:43:45,522000,11.157
2026/04/29 15:43:45,523000,11.157
2026/04/29 15:43:45,524000,11.157
2026/04/29 15:43:45,525000,11.157
2026/04/29 15:43:45,526000,11.146
2026/04/29 15:43:45,527000,11.157
2026/04/29 15:43:45,528000,11.163
2026/04/29 15:43:45,529000,11.157
2026/04/29 15:43:45,530000,11.149
2026/04/29 15:43:45,531000,11.157
2026/04/29 15:43:45,532000,11.157
2026/04/29 15:43:45,533000,11.157
2026/04/29 15:43:45,534000,11.152
2026/04/29 15:43:45,535000,11.157
2026/04/29 15:43:45,536000,11.155
2026/04/29 15:43:45,537000,11.157
2026/04/29 15:43:45,538000,11.157
2026/04/29 15:43:45,539000,11.155
2026/04/29 15:43:45,540000,11.155
2026/04/29 15:43:45,541000,11.155
2026/04/29 15:43:45,542000,11.155
2026/04/29 15:43:45,543000,11.155
2026/04/29 15:43:45,544000,11.157
2026/04/29 15:43:45,545000,11.155
2026/04/29 15:43:45,546000,11.163
2026/04/29 15:43:45,547000,11.155
2026/04/29 15:43:45,548000,11.155
2026/04/29 15:43:45,549000,11.149
2026/04/29 15:43:45,550000,11.166
2026/04/29 15:43:45,551000,11.157
2026/04/29 15:43:45,552000,11.152
2026/04/29 15:43:45,553000,11.160
2026/04/29 15:43:45,554000,11.146
2026/04/29 15:43:45,555000,11.157
2026/04/29 15:43:45,556000,11.157
2026/04/29 15:43:45,557000,11.155
2026/04/29 15:43:45,558000,11.155
2026/04/29 15:43:45,559000,11.157
2026/04/29 15:43:45,560000,11.157
2026/04/29 15:43:45,561000,11.157
2026/04/29 15:43:45,562000,11.171
2026/04/29 15:43:45,563000,11.155
2026/04/29 15:43:45,564000,11.155
2026/04/29 15:43:45,565000,11.166
2026/04/29 15:43:45,566000,11.152
2026/04/29 15:43:45,567000,11.166
2026/04/29 15:43:45,568000,11.155
2026/04/29 15:43:45,569000,11.166
2026/04/29 15:43:45,570000,11.157
2026/04/29 15:43:45,571000,11.157
2026/04/29 15:43:45,572000,11.163
2026/04/29 15:43:45,573000,11.163
2026/04/29 15:43:45,574000,11.163
2026/04/29 15:43:45,575000,11.157
2026/04/29 15:43:45,576000,11.157
2026/04/29 15:43:45,577000,11.157
2026/04/29 15:43:45,578000,11.157
2026/04/29 15:43:45,579000,11.157
2026/04/29 15:43:45,580000,11.160
2026/04/29 15:43:45,581000,11.155
2026/04/29 15:43:45,582000,11.163
2026/04/29 15:43:45,583000,11.163
2026/04/29 15:43:45,584000,11.163
2026/04/29 15:43:45,585000,11.160
2026/04/29 15:43:45,586000,11.155
2026/04/29 15:43:45,587000,11.163
2026/04/29 15:43:45,588000,11.152
2026/04/29 15:43:45,589000,11.166
2026/04/29 15:43:45,590000,11.169
2026/04/29 15:43:45,591000,11.163
2026/04/29 15:43:45,592000,11.157
2026/04/29 15:43:45,593000,11.160
2026/04/29 15:43:45,594000,11.163
2026/04/29 15:43:45,595000,11.166
2026/04/29 15:43:45,596000,11.157
2026/04/29 15:43:45,597000,11.160
2026/04/29 15:43:45,598000,11.166
2026/04/29 15:43:45,599000,11.163
2026/04/29 15:43:45,600000,11.152
2026/04/29 15:43:45,601000,11.157
2026/04/29 15:43:45,602000,11.157
2026/04/29 15:43:45,603000,11.157
2026/04/29 15:43:45,604000,11.157
2026/04/29 15:43:45,605000,11.166
2026/04/29 15:43:45,606000,11.166
2026/04/29 15:43:45,607000,11.155
2026/04/29 15:43:45,608000,11.157
2026/04/29 15:43:45,609000,11.166
2026/04/29 15:43:45,610000,11.160
2026/04/29 15:43:45,611000,11.160
2026/04/29 15:43:45,612000,11.157
2026/04/29 15:43:45,613000,11.157
2026/04/29 15:43:45,614000,11.169
2026/04/29 15:43:45,615000,11.157
2026/04/29 15:43:45,616000,11.160
2026/04/29 15:43:45,617000,11.169
2026/04/29 15:43:45,618000,11.160
2026/04/29 15:43:45,619000,11.166
2026/04/29 15:43:45,620000,11.157
2026/04/29 15:43:45,621000,11.163
2026/04/29 15:43:45,622000,11.169
2026/04/29 15:43:45,623000,11.160
2026/04/29 15:43:45,624000,11.163
2026/04/29 15:43:45,625000,11.157
2026/04/29 15:43:45,626000,11.160
2026/04/29 15:43:45,627000,11.160
2026/04/29 15:43:45,628000,11.163
2026/04/29 15:43:45,629000,11.157
2026/04/29 15:43:45,630000,11.169
2026/04/29 15:43:45,631000,11.166
2026/04/29 15:43:45,632000,11.166
2026/04/29 15:43:45,633000,11.160
2026/04/29 15:43:45,634000,11.169
2026/04/29 15:43:45,635000,11.166
2026/04/29 15:43:45,636000,11.169
2026/04/29 15:43:45,637000,11.157
2026/04/29 15:43:45,638000,11.169
2026/04/29 15:43:45,639000,11.166
2026/04/29 15:43:45,640000,11.166
2026/04/29 15:43:45,641000,11.169
2026/04/29 15:43:45,642000,11.166
2026/04/29 15:43:45,643000,11.169
2026/04/29 15:43:45,644000,11.163
2026/04/29 15:43:45,645000,11.160
2026/04/29 15:43:45,646000,11.166
2026/04/29 15:43:45,647000,11.157
2026/04/29 15:43:45,648000,11.160
2026/04/29 15:43:45,649000,11.166
2026/04/29 15:43:45,650000,11.166
2026/04/29 15:43:45,651000,11.157
2026/04/29 15:43:45,652000,11.166
2026/04/29 15:43:45,653000,11.166
2026/04/29 15:43:45,654000,11.166
2026/04/29 15:43:45,655000,11.160
2026/04/29 15:43:45,656000,11.163
2026/04/29 15:43:45,657000,11.169
2026/04/29 15:43:45,658000,11.169
2026/04/29 15:43:45,659000,11.160
2026/04/29 15:43:45,660000,11.163
2026/04/29 15:43:45,661000,11.163
2026/04/29 15:43:45,662000,11.169
2026/04/29 15:43:45,663000,11.169
2026/04/29 15:43:45,664000,11.166
2026/04/29 15:43:45,665000,11.166
2026/04/29 15:43:45,666000,11.163
2026/04/29 15:43:45,667000,11.160
2026/04/29 15:43:45,668000,11.152
2026/04/29 15:43:45,669000,11.169
2026/04/29 15:43:45,670000,11.163
2026/04/29 15:43:45,671000,11.166
2026/04/29 15:43:45,672000,11.166
2026/04/29 15:43:45,673000,11.171
2026/04/29 15:43:45,674000,11.166
2026/04/29 15:43:45,675000,11.169
2026/04/29 15:43:45,676000,11.166
2026/04/29 15:43:45,677000,11.166
2026/04/29 15:43:45,678000,11.155
2026/04/29 15:43:45,679000,11.166
2026/04/29 15:43:45,680000,11.166
2026/04/29 15:43:45,681000,11.169
2026/04/29 15:43:45,682000,11.169
2026/04/29 15:43:45,683000,11.166
2026/04/29 15:43:45,684000,11.163
2026/04/29 15:43:45,685000,11.166
2026/04/29 15:43:45,686000,11.166
2026/04/29 15:43:45,687000,11.169
2026/04/29 15:43:45,688000,11.171
2026/04/29 15:43:45,689000,11.169
2026/04/29 15:43:45,690000,11.166
2026/04/29 15:43:45,691000,11.171
2026/04/29 15:43:45,692000,11.171
2026/04/29 15:43:45,693000,11.166
2026/04/29 15:43:45,694000,11.163
2026/04/29 15:43:45,695000,11.166
2026/04/29 15:43:45,696000,11.169
2026/04/29 15:43:45,697000,11.166
2026/04/29 15:43:45,698000,11.166
2026/04/29 15:43:45,699000,11.169
2026/04/29 15:43:45,700000,11.166
2026/04/29 15:43:45,701000,11.163
2026/04/29 15:43:45,702000,11.166
2026/04/29 15:43:45,703000,11.166
2026/04/29 15:43:45,704000,11.169
2026/04/29 15:43:45,705000,11.166
2026/04/29 15:43:45,706000,11.171
2026/04/29 15:43:45,707000,11.169
2026/04/29 15:43:45,708000,11.171
2026/04/29 15:43:45,709000,11.166
2026/04/29 15:43:45,710000,11.163
2026/04/29 15:43:45,711000,11.169
2026/04/29 15:43:45,712000,11.171
2026/04/29 15:43:45,713000,11.169
2026/04/29 15:43:45,714000,11.166
2026/04/29 15:43:45,715000,11.163
2026/04/29 15:43:45,716000,11.171
2026/04/29 15:43:45,717000,11.171
2026/04/29 15:43:45,718000,11.169
2026/04/29 15:43:45,719000,11.174
2026/04/29 15:43:45,720000,11.169
2026/04/29 15:43:45,721000,11.169
2026/04/29 15:43:45,722000,11.169
2026/04/29 15:43:45,723000,11.166
2026/04/29 15:43:45,724000,11.169
2026/04/29 15:43:45,725000,11.166
2026/04/29 15:43:45,726000,11.169
2026/04/29 15:43:45,727000,11.169
2026/04/29 15:43:45,728000,11.169
2026/04/29 15:43:45,729000,11.169
2026/04/29 15:43:45,730000,11.171
2026/04/29 15:43:45,731000,11.166
2026/04/29 15:43:45,732000,11.169
2026/04/29 15:43:45,733000,11.169
2026/04/29 15:43:45,734000,11.177
2026/04/29 15:43:45,735000,11.171
2026/04/29 15:43:45,736000,11.174
2026/04/29 15:43:45,737000,11.174
2026/04/29 15:43:45,738000,11.169
2026/04/29 15:43:45,739000,11.169
2026/04/29 15:43:45,740000,11.171
2026/04/29 15:43:45,741000,11.174
2026/04/29 15:43:45,742000,11.166
2026/04/29 15:43:45,743000,11.174
2026/04/29 15:43:45,744000,11.174
2026/04/29 15:43:45,745000,11.177
2026/04/29 15:43:45,746000,11.174
2026/04/29 15:43:45,747000,11.171
2026/04/29 15:43:45,748000,11.171
2026/04/29 15:43:45,749000,11.174
2026/04/29 15:43:45,750000,11.171
2026/04/29 15:43:45,751000,11.183
2026/04/29 15:43:45,752000,11.174
2026/04/29 15:43:45,753000,11.166
2026/04/29 15:43:45,754000,11.177
2026/04/29 15:43:45,755000,11.171
2026/04/29 15:43:45,756000,11.171
2026/04/29 15:43:45,757000,11.177
2026/04/29 15:43:45,758000,11.177
2026/04/29 15:43:45,759000,11.174
2026/04/29 15:43:45,760000,11.171
2026/04/29 15:43:45,761000,11.174
2026/04/29 15:43:45,762000,11.174
2026/04/29 15:43:45,763000,11.171
2026/04/29 15:43:45,764000,11.171
2026/04/29 15:43:45,765000,11.171
2026/04/29 15:43:45,766000,11.174
2026/04/29 15:43:45,767000,11.174
2026/04/29 15:43:45,768000,11.174
2026/04/29 15:43:45,769000,11.169
2026/04/29 15:43:45,770000,11.180
2026/04/29 15:43:45,771000,11.171
2026/04/29 15:43:45,772000,11.169
2026/04/29 15:43:45,773000,11.174
2026/04/29 15:43:45,774000,11.177
2026/04/29 15:43:45,775000,11.174
2026/04/29 15:43:45,776000,11.171
2026/04/29 15:43:45,777000,11.174
2026/04/29 15:43:45,778000,11.180
2026/04/29 15:43:45,779000,11.171
2026/04/29 15:43:45,780000,11.174
2026/04/29 15:43:45,781000,11.180
2026/04/29 15:43:45,782000,11.174
2026/04/29 15:43:45,783000,11.180
2026/04/29 15:43:45,784000,11.180
2026/04/29 15:43:45,785000,11.169
2026/04/29 15:43:45,786000,11.177
2026/04/29 15:43:45,787000,11.177
2026/04/29 15:43:45,788000,11.171
2026/04/29 15:43:45,789000,11.171
2026/04/29 15:43:45,790000,11.177
2026/04/29 15:43:45,791000,11.174
2026/04/29 15:43:45,792000,11.174
2026/04/29 15:43:45,793000,11.177
2026/04/29 15:43:45,794000,11.174
2026/04/29 15:43:45,795000,11.171
2026/04/29 15:43:45,796000,11.174
2026/04/29 15:43:45,797000,11.180
2026/04/29 15:43:45,798000,11.183
2026/04/29 15:43:45,799000,11.171
2026/04/29 15:43:45,800000,11.183
2026/04/29 15:43:45,801000,11.183
2026/04/29 15:43:45,802000,11.177
2026/04/29 15:43:45,803000,11.180
2026/04/29 15:43:45,804000,11.171
2026/04/29 15:43:45,805000,11.180
2026/04/29 15:43:45,806000,11.177
2026/04/29 15:43:45,807000,11.177
2026/04/29 15:43:45,808000,11.174
2026/04/29 15:43:45,809000,11.171
2026/04/29 15:43:45,810000,11.174
2026/04/29 15:43:45,811000,11.177
2026/04/29 15:43:45,812000,11.180
2026/04/29 15:43:45,813000,11.180
2026/04/29 15:43:45,814000,11.180
2026/04/29 15:43:45,815000,11.180
2026/04/29 15:43:45,816000,11.177
2026/04/29 15:43:45,817000,11.174
2026/04/29 15:43:45,818000,11.177
2026/04/29 15:43:45,819000,11.174
2026/04/29 15:43:45,820000,11.180
2026/04/29 15:43:45,821000,11.177
2026/04/29 15:43:45,822000,11.180
2026/04/29 15:43:45,823000,11.180
2026/04/29 15:43:45,824000,11.180
2026/04/29 15:43:45,825000,11.180
2026/04/29 15:43:45,826000,11.180
2026/04/29 15:43:45,827000,11.183
2026/04/29 15:43:45,828000,11.180
2026/04/29 15:43:45,829000,11.185
2026/04/29 15:43:45,830000,11.183
2026/04/29 15:43:45,831000,11.177
2026/04/29 15:43:45,832000,11.183
2026/04/29 15:43:45,833000,11.180
2026/04/29 15:43:45,834000,11.180
2026/04/29 15:43:45,835000,11.180
2026/04/29 15:43:45,836000,11.185
2026/04/29 15:43:45,837000,11.177
2026/04/29 15:43:45,838000,11.180
2026/04/29 15:43:45,839000,11.183
2026/04/29 15:43:45,840000,11.185
2026/04/29 15:43:45,841000,11.180
2026/04/29 15:43:45,842000,11.177
2026/04/29 15:43:45,843000,11.180
2026/04/29 15:43:45,844000,11.180
2026/04/29 15:43:45,845000,11.180
2026/04/29 15:43:45,846000,11.180
2026/04/29 15:43:45,847000,11.183
2026/04/29 15:43:45,848000,11.180
2026/04/29 15:43:45,849000,11.177
2026/04/29 15:43:45,850000,11.185
2026/04/29 15:43:45,851000,11.177
2026/04/29 15:43:45,852000,11.185
2026/04/29 15:43:45,853000,11.180
2026/04/29 15:43:45,854000,11.185
2026/04/29 15:43:45,855000,11.185
2026/04/29 15:43:45,856000,11.183
2026/04/29 15:43:45,857000,11.177
2026/04/29 15:43:45,858000,11.180
2026/04/29 15:43:45,859000,11.185
2026/04/29 15:43:45,860000,11.185
2026/04/29 15:43:45,861000,11.183
2026/04/29 15:43:45,862000,11.180
2026/04/29 15:43:45,863000,11.180
2026/04/29 15:43:45,864000,11.185
2026/04/29 15:43:45,865000,11.171
2026/04/29 15:43:45,866000,11.177
2026/04/29 15:43:45,867000,11.185
2026/04/29 15:43:45,868000,11.180
2026/04/29 15:43:45,869000,11.180
2026/04/29 15:43:45,870000,11.185
2026/04/29 15:43:45,871000,11.185
2026/04/29 15:43:45,872000,11.183
2026/04/29 15:43:45,873000,11.183
2026/04/29 15:43:45,874000,11.183
2026/04/29 15:43:45,875000,11.183
2026/04/29 15:43:45,876000,11.180
2026/04/29 15:43:45,877000,11.183
2026/04/29 15:43:45,878000,11.183
2026/04/29 15:43:45,879000,11.180
2026/04/29 15:43:45,880000,11.185
2026/04/29 15:43:45,881000,11.185
2026/04/29 15:43:45,882000,11.180
2026/04/29 15:43:45,883000,11.185
2026/04/29 15:43:45,884000,11.188
2026/04/29 15:43:45,885000,11.183
2026/04/29 15:43:45,886000,11.194
2026/04/29 15:43:45,887000,11.180
2026/04/29 15:43:45,888000,11.188
2026/04/29 15:43:45,889000,11.185
2026/04/29 15:43:45,890000,11.188
2026/04/29 15:43:45,891000,11.197
2026/04/29 15:43:45,892000,11.185
2026/04/29 15:43:45,893000,11.185
2026/04/29 15:43:45,894000,11.183
2026/04/29 15:43:45,895000,11.180
2026/04/29 15:43:45,896000,11.188
2026/04/29 15:43:45,897000,11.180
2026/04/29 15:43:45,898000,11.188
2026/04/29 15:43:45,899000,11.183
2026/04/29 15:43:45,900000,11.180
2026/04/29 15:43:45,901000,11.180
2026/04/29 15:43:45,902000,11.188
2026/04/29 15:43:45,903000,11.185
2026/04/29 15:43:45,904000,11.191
2026/04/29 15:43:45,905000,11.183
2026/04/29 15:43:45,906000,11.183
2026/04/29 15:43:45,907000,11.185
2026/04/29 15:43:45,908000,11.188
2026/04/29 15:43:45,909000,11.185
2026/04/29 15:43:45,910000,11.180
2026/04/29 15:43:45,911000,11.185
2026/04/29 15:43:45,912000,11.188
2026/04/29 15:43:45,913000,11.191
2026/04/29 15:43:45,914000,11.188
2026/04/29 15:43:45,915000,11.185
2026/04/29 15:43:45,916000,11.188
2026/04/29 15:43:45,917000,11.191
2026/04/29 15:43:45,918000,11.183
2026/04/29 15:43:45,919000,11.188
2026/04/29 15:43:45,920000,11.185
2026/04/29 15:43:45,921000,11.188
2026/04/29 15:43:45,922000,11.183
2026/04/29 15:43:45,923000,11.188
2026/04/29 15:43:45,924000,11.185
2026/04/29 15:43:45,925000,11.188
2026/04/29 15:43:45,926000,11.188
2026/04/29 15:43:45,927000,11.188
2026/04/29 15:43:45,928000,11.185
2026/04/29 15:43:45,929000,11.188
2026/04/29 15:43:45,930000,11.185
2026/04/29 15:43:45,931000,11.185
2026/04/29 15:43:45,932000,11.185
2026/04/29 15:43:45,933000,11.185
2026/04/29 15:43:45,934000,11.191
2026/04/29 15:43:45,935000,11.188
2026/04/29 15:43:45,936000,11.188
2026/04/29 15:43:45,937000,11.185
2026/04/29 15:43:45,938000,11.191
2026/04/29 15:43:45,939000,11.194
2026/04/29 15:43:45,940000,11.185
2026/04/29 15:43:45,941000,11.188
2026/04/29 15:43:45,942000,11.188
2026/04/29 15:43:45,943000,11.185
2026/04/29 15:43:45,944000,11.194
2026/04/29 15:43:45,945000,11.194
2026/04/29 15:43:45,946000,11.191
2026/04/29 15:43:45,947000,11.194
2026/04/29 15:43:45,948000,11.185
2026/04/29 15:43:45,949000,11.185
2026/04/29 15:43:45,950000,11.191
2026/04/29 15:43:45,951000,11.185
2026/04/29 15:43:45,952000,11.197
2026/04/29 15:43:45,953000,11.185
2026/04/29 15:43:45,954000,11.188
2026/04/29 15:43:45,955000,11.188
2026/04/29 15:43:45,956000,11.197
2026/04/29 15:43:45,957000,11.197
2026/04/29 15:43:45,958000,11.188
2026/04/29 15:43:45,959000,11.197
2026/04/29 15:43:45,960000,11.194
2026/04/29 15:43:45,961000,11.188
2026/04/29 15:43:45,962000,11.194
2026/04/29 15:43:45,963000,11.191
2026/04/29 15:43:45,964000,11.194
2026/04/29 15:43:45,965000,11.194
2026/04/29 15:43:45,966000,11.188
2026/04/29 15:43:45,967000,11.188
2026/04/29 15:43:45,968000,11.199
2026/04/29 15:43:45,969000,11.188
2026/04/29 15:43:45,970000,11.191
2026/04/29 15:43:45,971000,11.188
2026/04/29 15:43:45,972000,11.194
2026/04/29 15:43:45,973000,11.188
2026/04/29 15:43:45,974000,11.194
2026/04/29 15:43:45,975000,11.188
2026/04/29 15:43:45,976000,11.183
2026/04/29 15:43:45,977000,11.191
2026/04/29 15:43:45,978000,11.194
2026/04/29 15:43:45,979000,11.197
2026/04/29 15:43:45,980000,11.180
2026/04/29 15:43:45,981000,11.191
2026/04/29 15:43:45,982000,11.194
2026/04/29 15:43:45,983000,11.194
2026/04/29 15:43:45,984000,11.199
2026/04/29 15:43:45,985000,11.191
2026/04/29 15:43:45,986000,11.199
2026/04/29 15:43:45,987000,11.197
2026/04/29 15:43:45,988000,11.197
2026/04/29 15:43:45,989000,11.194
2026/04/29 15:43:45,990000,11.191
2026/04/29 15:43:45,991000,11.191
2026/04/29 15:43:45,992000,11.188
2026/04/29 15:43:45,993000,11.194
2026/04/29 15:43:45,994000,11.191
2026/04/29 15:43:45,995000,11.197
2026/04/29 15:43:45,996000,11.194
2026/04/29 15:43:45,997000,11.197
2026/04/29 15:43:45,998000,11.197
2026/04/29 15:43:45,999000,11.191
2026/04/29 15:43:46,000000,11.197
2026/04/29 15:43:46,001000,11.191
2026/04/29 15:43:46,002000,11.199
2026/04/29 15:43:46,003000,11.194
2026/04/29 15:43:46,004000,11.194
2026/04/29 15:43:46,005000,11.194
2026/04/29 15:43:46,006000,11.199
2026/04/29 15:43:46,007000,11.197
2026/04/29 15:43:46,008000,11.199
2026/04/29 15:43:46,009000,11.197
2026/04/29 15:43:46,010000,11.199
2026/04/29 15:43:46,011000,11.199
2026/04/29 15:43:46,012000,11.188
2026/04/29 15:43:46,013000,11.197
2026/04/29 15:43:46,014000,11.197
2026/04/29 15:43:46,015000,11.199
2026/04/29 15:43:46,016000,11.197
2026/04/29 15:43:46,017000,11.191
2026/04/29 15:43:46,018000,11.191
2026/04/29 15:43:46,019000,11.197
2026/04/29 15:43:46,020000,11.199
2026/04/29 15:43:46,021000,11.199
2026/04/29 15:43:46,022000,11.199
2026/04/29 15:43:46,023000,11.194
2026/04/29 15:43:46,024000,11.197
2026/04/29 15:43:46,025000,11.191
2026/04/29 15:43:46,026000,11.197
2026/04/29 15:43:46,027000,11.199
2026/04/29 15:43:46,028000,11.197
2026/04/29 15:43:46,029000,11.202
2026/04/29 15:43:46,030000,11.197
2026/04/29 15:43:46,031000,11.199
2026/04/29 15:43:46,032000,11.199
2026/04/29 15:43:46,033000,11.199
2026/04/29 15:43:46,034000,11.199
2026/04/29 15:43:46,035000,11.197
2026/04/29 15:43:46,036000,11.191
2026/04/29 15:43:46,037000,11.197
2026/04/29 15:43:46,038000,11.194
2026/04/29 15:43:46,039000,11.197
2026/04/29 15:43:46,040000,11.191
2026/04/29 15:43:46,041000,11.197
2026/04/29 15:43:46,042000,11.197
2026/04/29 15:43:46,043000,11.194
2026/04/29 15:43:46,044000,11.202
2026/04/29 15:43:46,045000,11.199
2026/04/29 15:43:46,046000,11.199
2026/04/29 15:43:46,047000,11.197
2026/04/29 15:43:46,048000,11.202
2026/04/29 15:43:46,049000,11.202
2026/04/29 15:43:46,050000,11.194
2026/04/29 15:43:46,051000,11.202
2026/04/29 15:43:46,052000,11.202
2026/04/29 15:43:46,053000,11.199
2026/04/29 15:43:46,054000,11.202
2026/04/29 15:43:46,055000,11.202
2026/04/29 15:43:46,056000,11.197
2026/04/29 15:43:46,057000,11.199
2026/04/29 15:43:46,058000,11.199
2026/04/29 15:43:46,059000,11.202
2026/04/29 15:43:46,060000,11.202
2026/04/29 15:43:46,061000,11.197
2026/04/29 15:43:46,062000,11.199
2026/04/29 15:43:46,063000,11.199
2026/04/29 15:43:46,064000,11.202
2026/04/29 15:43:46,065000,11.199
2026/04/29 15:43:46,066000,11.208
2026/04/29 15:43:46,067000,11.205
2026/04/29 15:43:46,068000,11.199
2026/04/29 15:43:46,069000,11.208
2026/04/29 15:43:46,070000,11.202
2026/04/29 15:43:46,071000,11.199
2026/04/29 15:43:46,072000,11.202
2026/04/29 15:43:46,073000,11.199
2026/04/29 15:43:46,074000,11.199
2026/04/29 15:43:46,075000,11.199
2026/04/29 15:43:46,076000,11.202
2026/04/29 15:43:46,077000,11.202
2026/04/29 15:43:46,078000,11.197
2026/04/29 15:43:46,079000,11.202
2026/04/29 15:43:46,080000,11.199
2026/04/29 15:43:46,081000,11.199
2026/04/29 15:43:46,082000,11.202
2026/04/29 15:43:46,083000,11.202
2026/04/29 15:43:46,084000,11.197
2026/04/29 15:43:46,085000,11.202
2026/04/29 15:43:46,086000,11.205
2026/04/29 15:43:46,087000,11.202
2026/04/29 15:43:46,088000,11.208
2026/04/29 15:43:46,089000,11.199
2026/04/29 15:43:46,090000,11.199
2026/04/29 15:43:46,091000,11.202
2026/04/29 15:43:46,092000,11.202
2026/04/29 15:43:46,093000,11.205
2026/04/29 15:43:46,094000,11.202
2026/04/29 15:43:46,095000,11.202
2026/04/29 15:43:46,096000,11.202
2026/04/29 15:43:46,097000,11.199
2026/04/29 15:43:46,098000,11.205
2026/04/29 15:43:46,099000,11.197
2026/04/29 15:43:46,100000,11.205
2026/04/29 15:43:46,101000,11.202
2026/04/29 15:43:46,102000,11.208
2026/04/29 15:43:46,103000,11.202
2026/04/29 15:43:46,104000,11.205
2026/04/29 15:43:46,105000,11.199
2026/04/29 15:43:46,106000,11.202
2026/04/29 15:43:46,107000,11.222
2026/04/29 15:43:46,108000,11.205
2026/04/29 15:43:46,109000,11.202
2026/04/29 15:43:46,110000,11.199
2026/04/29 15:43:46,111000,11.211
2026/04/29 15:43:46,112000,11.202
2026/04/29 15:43:46,113000,11.202
2026/04/29 15:43:46,114000,11.199
2026/04/29 15:43:46,115000,11.202
2026/04/29 15:43:46,116000,11.208
2026/04/29 15:43:46,117000,11.208
2026/04/29 15:43:46,118000,11.202
2026/04/29 15:43:46,119000,11.205
2026/04/29 15:43:46,120000,11.205
2026/04/29 15:43:46,121000,11.213
2026/04/29 15:43:46,122000,11.208
2026/04/29 15:43:46,123000,11.208
2026/04/29 15:43:46,124000,11.202
2026/04/29 15:43:46,125000,11.211
2026/04/29 15:43:46,126000,11.202
2026/04/29 15:43:46,127000,11.211
2026/04/29 15:43:46,128000,11.208
2026/04/29 15:43:46,129000,11.199
2026/04/29 15:43:46,130000,11.205
2026/04/29 15:43:46,131000,11.202
2026/04/29 15:43:46,132000,11.202
2026/04/29 15:43:46,133000,11.211
2026/04/29 15:43:46,134000,11.205
2026/04/29 15:43:46,135000,11.199
2026/04/29 15:43:46,136000,11.211
2026/04/29 15:43:46,137000,11.208
2026/04/29 15:43:46,138000,11.205
2026/04/29 15:43:46,139000,11.211
2026/04/29 15:43:46,140000,11.205
2026/04/29 15:43:46,141000,11.202
2026/04/29 15:43:46,142000,11.202
2026/04/29 15:43:46,143000,11.202
2026/04/29 15:43:46,144000,11.202
2026/04/29 15:43:46,145000,11.211
2026/04/29 15:43:46,146000,11.205
2026/04/29 15:43:46,147000,11.208
2026/04/29 15:43:46,148000,11.213
2026/04/29 15:43:46,149000,11.211
2026/04/29 15:43:46,150000,11.208
2026/04/29 15:43:46,151000,11.211
2026/04/29 15:43:46,152000,11.213
2026/04/29 15:43:46,153000,11.208
2026/04/29 15:43:46,154000,11.211
2026/04/29 15:43:46,155000,11.213
2026/04/29 15:43:46,156000,11.213
2026/04/29 15:43:46,157000,11.208
2026/04/29 15:43:46,158000,11.208
2026/04/29 15:43:46,159000,11.211
2026/04/29 15:43:46,160000,11.211
2026/04/29 15:43:46,161000,11.211
2026/04/29 15:43:46,162000,11.211
2026/04/29 15:43:46,163000,11.211
2026/04/29 15:43:46,164000,11.208
2026/04/29 15:43:46,165000,11.211
2026/04/29 15:43:46,166000,11.208
2026/04/29 15:43:46,167000,11.208
2026/04/29 15:43:46,168000,11.213
2026/04/29 15:43:46,169000,11.219
2026/04/29 15:43:46,170000,11.211
2026/04/29 15:43:46,171000,11.216
2026/04/29 15:43:46,172000,11.216
2026/04/29 15:43:46,173000,11.213
2026/04/29 15:43:46,174000,11.211
2026/04/29 15:43:46,175000,11.211
2026/04/29 15:43:46,176000,11.213
2026/04/29 15:43:46,177000,11.213
2026/04/29 15:43:46,178000,11.211
2026/04/29 15:43:46,179000,11.213
2026/04/29 15:43:46,180000,11.211
2026/04/29 15:43:46,181000,11.213
2026/04/29 15:43:46,182000,11.208
2026/04/29 15:43:46,183000,11.211
2026/04/29 15:43:46,184000,11.211
2026/04/29 15:43:46,185000,11.208
2026/04/29 15:43:46,186000,11.222
2026/04/29 15:43:46,187000,11.216
2026/04/29 15:43:46,188000,11.216
2026/04/29 15:43:46,189000,11.211
2026/04/29 15:43:46,190000,11.213
2026/04/29 15:43:46,191000,11.211
2026/04/29 15:43:46,192000,11.211
2026/04/29 15:43:46,193000,11.211
2026/04/29 15:43:46,194000,11.211
2026/04/29 15:43:46,195000,11.216
2026/04/29 15:43:46,196000,11.216
2026/04/29 15:43:46,197000,11.208
2026/04/29 15:43:46,198000,11.216
2026/04/29 15:43:46,199000,11.219
2026/04/29 15:43:46,200000,11.211
2026/04/29 15:43:46,201000,11.211
2026/04/29 15:43:46,202000,11.219
2026/04/29 15:43:46,203000,11.211
2026/04/29 15:43:46,204000,11.216
2026/04/29 15:43:46,205000,11.216
2026/04/29 15:43:46,206000,11.211
2026/04/29 15:43:46,207000,11.213
2026/04/29 15:43:46,208000,11.222
2026/04/29 15:43:46,209000,11.219
2026/04/29 15:43:46,210000,11.219
2026/04/29 15:43:46,211000,11.213
2026/04/29 15:43:46,212000,11.211
2026/04/29 15:43:46,213000,11.216
2026/04/29 15:43:46,214000,11.219
2026/04/29 15:43:46,215000,11.219
2026/04/29 15:43:46,216000,11.216
2026/04/29 15:43:46,217000,11.213
2026/04/29 15:43:46,218000,11.216
2026/04/29 15:43:46,219000,11.219
2026/04/29 15:43:46,220000,11.213
2026/04/29 15:43:46,221000,11.213
2026/04/29 15:43:46,222000,11.219
2026/04/29 15:43:46,223000,11.211
2026/04/29 15:43:46,224000,11.213
2026/04/29 15:43:46,225000,11.222
2026/04/29 15:43:46,226000,11.213
2026/04/29 15:43:46,227000,11.211
2026/04/29 15:43:46,228000,11.213
2026/04/29 15:43:46,229000,11.230
2026/04/29 15:43:46,230000,11.216
2026/04/29 15:43:46,231000,11.219
2026/04/29 15:43:46,232000,11.213
2026/04/29 15:43:46,233000,11.216
2026/04/29 15:43:46,234000,11.222
2026/04/29 15:43:46,235000,11.211
2026/04/29 15:43:46,236000,11.219
2026/04/29 15:43:46,237000,11.219
2026/04/29 15:43:46,238000,11.222
2026/04/29 15:43:46,239000,11.222
2026/04/29 15:43:46,240000,11.216
2026/04/29 15:43:46,241000,11.216
2026/04/29 15:43:46,242000,11.222
2026/04/29 15:43:46,243000,11.216
2026/04/29 15:43:46,244000,11.219
2026/04/29 15:43:46,245000,11.219
2026/04/29 15:43:46,246000,11.216
2026/04/29 15:43:46,247000,11.222
2026/04/29 15:43:46,248000,11.219
2026/04/29 15:43:46,249000,11.222
2026/04/29 15:43:46,250000,11.216
2026/04/29 15:43:46,251000,11.216
2026/04/29 15:43:46,252000,11.219
2026/04/29 15:43:46,253000,11.216
2026/04/29 15:43:46,254000,11.216
2026/04/29 15:43:46,255000,11.219
2026/04/29 15:43:46,256000,11.222
2026/04/29 15:43:46,257000,11.219
2026/04/29 15:43:46,258000,11.216
2026/04/29 15:43:46,259000,11.222
2026/04/29 15:43:46,260000,11.219
2026/04/29 15:43:46,261000,11.227
2026/04/29 15:43:46,262000,11.219
2026/04/29 15:43:46,263000,11.227
2026/04/29 15:43:46,264000,11.222
2026/04/29 15:43:46,265000,11.222
2026/04/29 15:43:46,266000,11.219
2026/04/29 15:43:46,267000,11.225
2026/04/29 15:43:46,268000,11.213
2026/04/29 15:43:46,269000,11.225
2026/04/29 15:43:46,270000,11.222
2026/04/29 15:43:46,271000,11.222
2026/04/29 15:43:46,272000,11.222
2026/04/29 15:43:46,273000,11.211
2026/04/29 15:43:46,274000,11.227
2026/04/29 15:43:46,275000,11.222
2026/04/29 15:43:46,276000,11.222
2026/04/29 15:43:46,277000,11.222
2026/04/29 15:43:46,278000,11.219
2026/04/29 15:43:46,279000,11.222
2026/04/29 15:43:46,280000,11.225
2026/04/29 15:43:46,281000,11.219
2026/04/29 15:43:46,282000,11.219
2026/04/29 15:43:46,283000,11.227
2026/04/29 15:43:46,284000,11.225
2026/04/29 15:43:46,285000,11.222
2026/04/29 15:43:46,286000,11.227
2026/04/29 15:43:46,287000,11.222
2026/04/29 15:43:46,288000,11.222
2026/04/29 15:43:46,289000,11.225
2026/04/29 15:43:46,290000,11.230
2026/04/29 15:43:46,291000,11.222
2026/04/29 15:43:46,292000,11.225
2026/04/29 15:43:46,293000,11.225
2026/04/29 15:43:46,294000,11.222
2026/04/29 15:43:46,295000,11.225
2026/04/29 15:43:46,296000,11.227
2026/04/29 15:43:46,297000,11.225
2026/04/29 15:43:46,298000,11.225
2026/04/29 15:43:46,299000,11.219
2026/04/29 15:43:46,300000,11.222
2026/04/29 15:43:46,301000,11.225
2026/04/29 15:43:46,302000,11.222
2026/04/29 15:43:46,303000,11.225
2026/04/29 15:43:46,304000,11.225
2026/04/29 15:43:46,305000,11.225
2026/04/29 15:43:46,306000,11.225
2026/04/29 15:43:46,307000,11.219
2026/04/29 15:43:46,308000,11.225
2026/04/29 15:43:46,309000,11.225
2026/04/29 15:43:46,310000,11.225
2026/04/29 15:43:46,311000,11.230
2026/04/29 15:43:46,312000,11.222
2026/04/29 15:43:46,313000,11.225
2026/04/29 15:43:46,314000,11.225
2026/04/29 15:43:46,315000,11.225
2026/04/29 15:43:46,316000,11.225
2026/04/29 15:43:46,317000,11.225
2026/04/29 15:43:46,318000,11.227
2026/04/29 15:43:46,319000,11.225
2026/04/29 15:43:46,320000,11.225
2026/04/29 15:43:46,321000,11.233
2026/04/29 15:43:46,322000,11.222
2026/04/29 15:43:46,323000,11.225
2026/04/29 15:43:46,324000,11.227
2026/04/29 15:43:46,325000,11.236
2026/04/29 15:43:46,326000,11.222
2026/04/29 15:43:46,327000,11.225
2026/04/29 15:43:46,328000,11.225
2026/04/29 15:43:46,329000,11.225
2026/04/29 15:43:46,330000,11.227
2026/04/29 15:43:46,331000,11.225
2026/04/29 15:43:46,332000,11.230
2026/04/29 15:43:46,333000,11.225
2026/04/29 15:43:46,334000,11.230
2026/04/29 15:43:46,335000,11.225
2026/04/29 15:43:46,336000,11.227
2026/04/29 15:43:46,337000,11.227
2026/04/29 15:43:46,338000,11.230
2026/04/29 15:43:46,339000,11.227
2026/04/29 15:43:46,340000,11.227
2026/04/29 15:43:46,341000,11.227
2026/04/29 15:43:46,342000,11.227
2026/04/29 15:43:46,343000,11.230
2026/04/29 15:43:46,344000,11.227
2026/04/29 15:43:46,345000,11.230
2026/04/29 15:43:46,346000,11.233
2026/04/29 15:43:46,347000,11.227
2026/04/29 15:43:46,348000,11.225
2026/04/29 15:43:46,349000,11.230
2026/04/29 15:43:46,350000,11.227
2026/04/29 15:43:46,351000,11.230
2026/04/29 15:43:46,352000,11.233
2026/04/29 15:43:46,353000,11.225
2026/04/29 15:43:46,354000,11.222
2026/04/29 15:43:46,355000,11.225
2026/04/29 15:43:46,356000,11.233
2026/04/29 15:43:46,357000,11.233
2026/04/29 15:43:46,358000,11.227
2026/04/29 15:43:46,359000,11.233
2026/04/29 15:43:46,360000,11.227
2026/04/29 15:43:46,361000,11.236
2026/04/29 15:43:46,362000,11.230
2026/04/29 15:43:46,363000,11.227
2026/04/29 15:43:46,364000,11.230
2026/04/29 15:43:46,365000,11.230
2026/04/29 15:43:46,366000,11.230
2026/04/29 15:43:46,367000,11.222
2026/04/29 15:43:46,368000,11.230
2026/04/29 15:43:46,369000,11.233
2026/04/29 15:43:46,370000,11.233
2026/04/29 15:43:46,371000,11.230
2026/04/29 15:43:46,372000,11.227
2026/04/29 15:43:46,373000,11.227
2026/04/29 15:43:46,374000,11.230
2026/04/29 15:43:46,375000,11.233
2026/04/29 15:43:46,376000,11.236
2026/04/29 15:43:46,377000,11.236
2026/04/29 15:43:46,378000,11.230
2026/04/29 15:43:46,379000,11.227
2026/04/29 15:43:46,380000,11.236
2026/04/29 15:43:46,381000,11.225
2026/04/29 15:43:46,382000,11.236
2026/04/29 15:43:46,383000,11.227
2026/04/29 15:43:46,384000,11.233
2026/04/29 15:43:46,385000,11.233
2026/04/29 15:43:46,386000,11.230
2026/04/29 15:43:46,387000,11.230
2026/04/29 15:43:46,388000,11.233
2026/04/29 15:43:46,389000,11.236
2026/04/29 15:43:46,390000,11.233
2026/04/29 15:43:46,391000,11.236
2026/04/29 15:43:46,392000,11.230
2026/04/29 15:43:46,393000,11.239
2026/04/29 15:43:46,394000,11.233
2026/04/29 15:43:46,395000,11.233
2026/04/29 15:43:46,396000,11.233
2026/04/29 15:43:46,397000,11.239
2026/04/29 15:43:46,398000,11.236
2026/04/29 15:43:46,399000,11.227
2026/04/29 15:43:46,400000,11.227
2026/04/29 15:43:46,401000,11.233
2026/04/29 15:43:46,402000,11.236
2026/04/29 15:43:46,403000,11.236
2026/04/29 15:43:46,404000,11.239
2026/04/29 15:43:46,405000,11.230
2026/04/29 15:43:46,406000,11.236
2026/04/29 15:43:46,407000,11.230
2026/04/29 15:43:46,408000,11.236
2026/04/29 15:43:46,409000,11.230
2026/04/29 15:43:46,410000,11.236
2026/04/29 15:43:46,411000,11.230
2026/04/29 15:43:46,412000,11.230
2026/04/29 15:43:46,413000,11.239
2026/04/29 15:43:46,414000,11.233
2026/04/29 15:43:46,415000,11.236
2026/04/29 15:43:46,416000,11.236
2026/04/29 15:43:46,417000,11.233
2026/04/29 15:43:46,418000,11.233
2026/04/29 15:43:46,419000,11.236
2026/04/29 15:43:46,420000,11.236
2026/04/29 15:43:46,421000,11.230
2026/04/29 15:43:46,422000,11.227
2026/04/29 15:43:46,423000,11.233
2026/04/29 15:43:46,424000,11.230
2026/04/29 15:43:46,425000,11.230
2026/04/29 15:43:46,426000,11.233
2026/04/29 15:43:46,427000,11.233
2026/04/29 15:43:46,428000,11.236
2026/04/29 15:43:46,429000,11.233
2026/04/29 15:43:46,430000,11.233
2026/04/29 15:43:46,431000,11.233
2026/04/29 15:43:46,432000,11.233
2026/04/29 15:43:46,433000,11.227
2026/04/29 15:43:46,434000,11.236
2026/04/29 15:43:46,435000,11.233
2026/04/29 15:43:46,436000,11.233
2026/04/29 15:43:46,437000,11.230
2026/04/29 15:43:46,438000,11.239
2026/04/29 15:43:46,439000,11.239
2026/04/29 15:43:46,440000,11.236
2026/04/29 15:43:46,441000,11.225
2026/04/29 15:43:46,442000,11.227
2026/04/29 15:43:46,443000,11.236
2026/04/29 15:43:46,444000,11.227
2026/04/29 15:43:46,445000,11.236
2026/04/29 15:43:46,446000,11.233
2026/04/29 15:43:46,447000,11.239
2026/04/29 15:43:46,448000,11.233
2026/04/29 15:43:46,449000,11.236
2026/04/29 15:43:46,450000,11.241
2026/04/29 15:43:46,451000,11.236
2026/04/29 15:43:46,452000,11.236
2026/04/29 15:43:46,453000,11.236
2026/04/29 15:43:46,454000,11.236
2026/04/29 15:43:46,455000,11.239
2026/04/29 15:43:46,456000,11.239
2026/04/29 15:43:46,457000,11.236
2026/04/29 15:43:46,458000,11.236
2026/04/29 15:43:46,459000,11.233
2026/04/29 15:43:46,460000,11.236
2026/04/29 15:43:46,461000,11.236
2026/04/29 15:43:46,462000,11.236
2026/04/29 15:43:46,463000,11.241
2026/04/29 15:43:46,464000,11.241
2026/04/29 15:43:46,465000,11.244
2026/04/29 15:43:46,466000,11.239
2026/04/29 15:43:46,467000,11.239
2026/04/29 15:43:46,468000,11.236
2026/04/29 15:43:46,469000,11.241
2026/04/29 15:43:46,470000,11.236
2026/04/29 15:43:46,471000,11.236
2026/04/29 15:43:46,472000,11.236
2026/04/29 15:43:46,473000,11.236
2026/04/29 15:43:46,474000,11.230
2026/04/29 15:43:46,475000,11.236
2026/04/29 15:43:46,476000,11.239
2026/04/29 15:43:46,477000,11.233
2026/04/29 15:43:46,478000,11.236
2026/04/29 15:43:46,479000,11.239
2026/04/29 15:43:46,480000,11.230
2026/04/29 15:43:46,481000,11.236
2026/04/29 15:43:46,482000,11.244
2026/04/29 15:43:46,483000,11.233
2026/04/29 15:43:46,484000,11.236
2026/04/29 15:43:46,485000,11.244
2026/04/29 15:43:46,486000,11.230
2026/04/29 15:43:46,487000,11.236
2026/04/29 15:43:46,488000,11.239
2026/04/29 15:43:46,489000,11.241
2026/04/29 15:43:46,490000,11.239
2026/04/29 15:43:46,491000,11.236
2026/04/29 15:43:46,492000,11.239
2026/04/29 15:43:46,493000,11.239
2026/04/29 15:43:46,494000,11.241
2026/04/29 15:43:46,495000,11.239
2026/04/29 15:43:46,496000,11.239
2026/04/29 15:43:46,497000,11.244
2026/04/29 15:43:46,498000,11.233
2026/04/29 15:43:46,499000,11.239
2026/04/29 15:43:46,500000,11.241
2026/04/29 15:43:46,501000,11.236
2026/04/29 15:43:46,502000,11.239
2026/04/29 15:43:46,503000,11.239
2026/04/29 15:43:46,504000,11.241
2026/04/29 15:43:46,505000,11.236
2026/04/29 15:43:46,506000,11.239
2026/04/29 15:43:46,507000,11.241
2026/04/29 15:43:46,508000,11.236
2026/04/29 15:43:46,509000,11.239
2026/04/29 15:43:46,510000,11.244
2026/04/29 15:43:46,511000,11.244
2026/04/29 15:43:46,512000,11.233
2026/04/29 15:43:46,513000,11.239
2026/04/29 15:43:46,514000,11.241
2026/04/29 15:43:46,515000,11.241
2026/04/29 15:43:46,516000,11.241
2026/04/29 15:43:46,517000,11.239
2026/04/29 15:43:46,518000,11.233
2026/04/29 15:43:46,519000,11.241
2026/04/29 15:43:46,520000,11.241
2026/04/29 15:43:46,521000,11.239
2026/04/29 15:43:46,522000,11.241
2026/04/29 15:43:46,523000,11.241
2026/04/29 15:43:46,524000,11.239
2026/04/29 15:43:46,525000,11.241
2026/04/29 15:43:46,526000,11.233
2026/04/29 15:43:46,527000,11.241
2026/04/29 15:43:46,528000,11.239
2026/04/29 15:43:46,529000,11.247
2026/04/29 15:43:46,530000,11.241
2026/04/29 15:43:46,531000,11.239
2026/04/29 15:43:46,532000,11.241
2026/04/29 15:43:46,533000,11.239
2026/04/29 15:43:46,534000,11.241
2026/04/29 15:43:46,535000,11.244
2026/04/29 15:43:46,536000,11.239
2026/04/29 15:43:46,537000,11.236
2026/04/29 15:43:46,538000,11.239
2026/04/29 15:43:46,539000,11.239
2026/04/29 15:43:46,540000,11.241
2026/04/29 15:43:46,541000,11.241
2026/04/29 15:43:46,542000,11.244
2026/04/29 15:43:46,543000,11.236
2026/04/29 15:43:46,544000,11.247
2026/04/29 15:43:46,545000,11.244
2026/04/29 15:43:46,546000,11.241
2026/04/29 15:43:46,547000,11.241
2026/04/29 15:43:46,548000,11.241
2026/04/29 15:43:46,549000,11.247
2026/04/29 15:43:46,550000,11.244
2026/04/29 15:43:46,551000,11.244
2026/04/29 15:43:46,552000,11.247
2026/04/29 15:43:46,553000,11.244
2026/04/29 15:43:46,554000,11.244
2026/04/29 15:43:46,555000,11.247
2026/04/29 15:43:46,556000,11.247
2026/04/29 15:43:46,557000,11.239
2026/04/29 15:43:46,558000,11.239
2026/04/29 15:43:46,559000,11.244
2026/04/29 15:43:46,560000,11.244
2026/04/29 15:43:46,561000,11.239
2026/04/29 15:43:46,562000,11.239
2026/04/29 15:43:46,563000,11.241
2026/04/29 15:43:46,564000,11.247
2026/04/29 15:43:46,565000,11.247
2026/04/29 15:43:46,566000,11.241
2026/04/29 15:43:46,567000,11.247
2026/04/29 15:43:46,568000,11.241
2026/04/29 15:43:46,569000,11.244
2026/04/29 15:43:46,570000,11.241
2026/04/29 15:43:46,571000,11.241
2026/04/29 15:43:46,572000,11.241
2026/04/29 15:43:46,573000,11.241
2026/04/29 15:43:46,574000,11.247
2026/04/29 15:43:46,575000,11.252
2026/04/29 15:43:46,576000,11.244
2026/04/29 15:43:46,577000,11.244
2026/04/29 15:43:46,578000,11.241
2026/04/29 15:43:46,579000,11.241
2026/04/29 15:43:46,580000,11.241
2026/04/29 15:43:46,581000,11.247
2026/04/29 15:43:46,582000,11.244
2026/04/29 15:43:46,583000,11.244
2026/04/29 15:43:46,584000,11.244
2026/04/29 15:43:46,585000,11.247
2026/04/29 15:43:46,586000,11.247
2026/04/29 15:43:46,587000,11.247
2026/04/29 15:43:46,588000,11.239
2026/04/29 15:43:46,589000,11.250
2026/04/29 15:43:46,590000,11.241
2026/04/29 15:43:46,591000,11.241
2026/04/29 15:43:46,592000,11.250
2026/04/29 15:43:46,593000,11.244
2026/04/29 15:43:46,594000,11.244
2026/04/29 15:43:46,595000,11.247
2026/04/29 15:43:46,596000,11.244
2026/04/29 15:43:46,597000,11.244
2026/04/29 15:43:46,598000,11.250
2026/04/29 15:43:46,599000,11.239
2026/04/29 15:43:46,600000,11.244
2026/04/29 15:43:46,601000,11.247
2026/04/29 15:43:46,602000,11.247
2026/04/29 15:43:46,603000,11.247
2026/04/29 15:43:46,604000,11.247
2026/04/29 15:43:46,605000,11.250
2026/04/29 15:43:46,606000,11.247
2026/04/29 15:43:46,607000,11.241
2026/04/29 15:43:46,608000,11.244
2026/04/29 15:43:46,609000,11.241
2026/04/29 15:43:46,610000,11.241
2026/04/29 15:43:46,611000,11.241
2026/04/29 15:43:46,612000,11.241
2026/04/29 15:43:46,613000,11.244
2026/04/29 15:43:46,614000,11.250
2026/04/29 15:43:46,615000,11.241
2026/04/29 15:43:46,616000,11.247
2026/04/29 15:43:46,617000,11.239
2026/04/29 15:43:46,618000,11.241
2026/04/29 15:43:46,619000,11.244
2026/04/29 15:43:46,620000,11.252
2026/04/29 15:43:46,621000,11.252
2026/04/29 15:43:46,622000,11.247
2026/04/29 15:43:46,623000,11.247
2026/04/29 15:43:46,624000,11.247
2026/04/29 15:43:46,625000,11.247
2026/04/29 15:43:46,626000,11.252
2026/04/29 15:43:46,627000,11.250
2026/04/29 15:43:46,628000,11.250
2026/04/29 15:43:46,629000,11.250
2026/04/29 15:43:46,630000,11.247
2026/04/29 15:43:46,631000,11.247
2026/04/29 15:43:46,632000,11.252
2026/04/29 15:43:46,633000,11.250
2026/04/29 15:43:46,634000,11.252
2026/04/29 15:43:46,635000,11.244
2026/04/29 15:43:46,636000,11.244
2026/04/29 15:43:46,637000,11.252
2026/04/29 15:43:46,638000,11.252
2026/04/29 15:43:46,639000,11.250
2026/04/29 15:43:46,640000,11.247
2026/04/29 15:43:46,641000,11.250
2026/04/29 15:43:46,642000,11.247
2026/04/29 15:43:46,643000,11.247
2026/04/29 15:43:46,644000,11.252
2026/04/29 15:43:46,645000,11.247
2026/04/29 15:43:46,646000,11.247
2026/04/29 15:43:46,647000,11.247
2026/04/29 15:43:46,648000,11.252
2026/04/29 15:43:46,649000,11.247
2026/04/29 15:43:46,650000,11.247
2026/04/29 15:43:46,651000,11.250
2026/04/29 15:43:46,652000,11.247
2026/04/29 15:43:46,653000,11.247
2026/04/29 15:43:46,654000,11.247
2026/04/29 15:43:46,655000,11.250
2026/04/29 15:43:46,656000,11.250
2026/04/29 15:43:46,657000,11.255
2026/04/29 15:43:46,658000,11.250
2026/04/29 15:43:46,659000,11.255
2026/04/29 15:43:46,660000,11.247
2026/04/29 15:43:46,661000,11.247
2026/04/29 15:43:46,662000,11.255
2026/04/29 15:43:46,663000,11.252
2026/04/29 15:43:46,664000,11.255
2026/04/29 15:43:46,665000,11.247
2026/04/29 15:43:46,666000,11.250
2026/04/29 15:43:46,667000,11.247
2026/04/29 15:43:46,668000,11.250
2026/04/29 15:43:46,669000,11.252
2026/04/29 15:43:46,670000,11.266
2026/04/29 15:43:46,671000,11.250
2026/04/29 15:43:46,672000,11.255
2026/04/29 15:43:46,673000,11.252
2026/04/29 15:43:46,674000,11.255
2026/04/29 15:43:46,675000,11.252
2026/04/29 15:43:46,676000,11.252
2026/04/29 15:43:46,677000,11.252
2026/04/29 15:43:46,678000,11.258
2026/04/29 15:43:46,679000,11.250
2026/04/29 15:43:46,680000,11.255
2026/04/29 15:43:46,681000,11.252
2026/04/29 15:43:46,682000,11.252
2026/04/29 15:43:46,683000,11.252
2026/04/29 15:43:46,684000,11.247
2026/04/29 15:43:46,685000,11.252
2026/04/29 15:43:46,686000,11.250
2026/04/29 15:43:46,687000,11.252
2026/04/29 15:43:46,688000,11.255
2026/04/29 15:43:46,689000,11.247
2026/04/29 15:43:46,690000,11.255
2026/04/29 15:43:46,691000,11.252
2026/04/29 15:43:46,692000,11.252
2026/04/29 15:43:46,693000,11.250
2026/04/29 15:43:46,694000,11.252
2026/04/29 15:43:46,695000,11.252
2026/04/29 15:43:46,696000,11.252
2026/04/29 15:43:46,697000,11.255
2026/04/29 15:43:46,698000,11.247
2026/04/29 15:43:46,699000,11.255
2026/04/29 15:43:46,700000,11.252
2026/04/29 15:43:46,701000,11.250
2026/04/29 15:43:46,702000,11.255
2026/04/29 15:43:46,703000,11.250
2026/04/29 15:43:46,704000,11.258
2026/04/29 15:43:46,705000,11.252
2026/04/29 15:43:46,706000,11.255
2026/04/29 15:43:46,707000,11.255
2026/04/29 15:43:46,708000,11.261
2026/04/29 15:43:46,709000,11.258
2026/04/29 15:43:46,710000,11.255
2026/04/29 15:43:46,711000,11.255
2026/04/29 15:43:46,712000,11.258
2026/04/29 15:43:46,713000,11.255
2026/04/29 15:43:46,714000,11.255
2026/04/29 15:43:46,715000,11.258
2026/04/29 15:43:46,716000,11.252
2026/04/29 15:43:46,717000,11.255
2026/04/29 15:43:46,718000,11.255
2026/04/29 15:43:46,719000,11.255
2026/04/29 15:43:46,720000,11.264
2026/04/29 15:43:46,721000,11.252
2026/04/29 15:43:46,722000,11.255
2026/04/29 15:43:46,723000,11.255
2026/04/29 15:43:46,724000,11.255
2026/04/29 15:43:46,725000,11.250
2026/04/29 15:43:46,726000,11.252
2026/04/29 15:43:46,727000,11.258
2026/04/29 15:43:46,728000,11.261
2026/04/29 15:43:46,729000,11.252
2026/04/29 15:43:46,730000,11.252
2026/04/29 15:43:46,731000,11.261
2026/04/29 15:43:46,732000,11.255
2026/04/29 15:43:46,733000,11.255
2026/04/29 15:43:46,734000,11.264
2026/04/29 15:43:46,735000,11.255
2026/04/29 15:43:46,736000,11.255
2026/04/29 15:43:46,737000,11.258
2026/04/29 15:43:46,738000,11.264
2026/04/29 15:43:46,739000,11.258
2026/04/29 15:43:46,740000,11.252
2026/04/29 15:43:46,741000,11.250
2026/04/29 15:43:46,742000,11.255
2026/04/29 15:43:46,743000,11.258
2026/04/29 15:43:46,744000,11.258
2026/04/29 15:43:46,745000,11.261
2026/04/29 15:43:46,746000,11.261
2026/04/29 15:43:46,747000,11.258
2026/04/29 15:43:46,748000,11.252
2026/04/29 15:43:46,749000,11.264
2026/04/29 15:43:46,750000,11.258
2026/04/29 15:43:46,751000,11.252
2026/04/29 15:43:46,752000,11.264
2026/04/29 15:43:46,753000,11.261
2026/04/29 15:43:46,754000,11.258
2026/04/29 15:43:46,755000,11.258
2026/04/29 15:43:46,756000,11.266
2026/04/29 15:43:46,757000,11.258
2026/04/29 15:43:46,758000,11.258
2026/04/29 15:43:46,759000,11.258
2026/04/29 15:43:46,760000,11.255
2026/04/29 15:43:46,761000,11.261
2026/04/29 15:43:46,762000,11.258
2026/04/29 15:43:46,763000,11.258
2026/04/29 15:43:46,764000,11.264
2026/04/29 15:43:46,765000,11.264
2026/04/29 15:43:46,766000,11.255
2026/04/29 15:43:46,767000,11.252
2026/04/29 15:43:46,768000,11.255
2026/04/29 15:43:46,769000,11.258
2026/04/29 15:43:46,770000,11.258
2026/04/29 15:43:46,771000,11.258
2026/04/29 15:43:46,772000,11.258
2026/04/29 15:43:46,773000,11.255
2026/04/29 15:43:46,774000,11.255
2026/04/29 15:43:46,775000,11.255
2026/04/29 15:43:46,776000,11.255
2026/04/29 15:43:46,777000,11.264
2026/04/29 15:43:46,778000,11.261
2026/04/29 15:43:46,779000,11.261
2026/04/29 15:43:46,780000,11.258
2026/04/29 15:43:46,781000,11.264
2026/04/29 15:43:46,782000,11.258
2026/04/29 15:43:46,783000,11.261
2026/04/29 15:43:46,784000,11.258
2026/04/29 15:43:46,785000,11.266
2026/04/29 15:43:46,786000,11.258
2026/04/29 15:43:46,787000,11.255
2026/04/29 15:43:46,788000,11.255
2026/04/29 15:43:46,789000,11.255
2026/04/29 15:43:46,790000,11.261
2026/04/29 15:43:46,791000,11.261
2026/04/29 15:43:46,792000,11.264
2026/04/29 15:43:46,793000,11.258
2026/04/29 15:43:46,794000,11.269
2026/04/29 15:43:46,795000,11.264
2026/04/29 15:43:46,796000,11.264
2026/04/29 15:43:46,797000,11.258
2026/04/29 15:43:46,798000,11.261
2026/04/29 15:43:46,799000,11.255
2026/04/29 15:43:46,800000,11.266
2026/04/29 15:43:46,801000,11.261
2026/04/29 15:43:46,802000,11.261
2026/04/29 15:43:46,803000,11.258
2026/04/29 15:43:46,804000,11.264
2026/04/29 15:43:46,805000,11.264
2026/04/29 15:43:46,806000,11.266
2026/04/29 15:43:46,807000,11.258
2026/04/29 15:43:46,808000,11.261
2026/04/29 15:43:46,809000,11.261
2026/04/29 15:43:46,810000,11.261
2026/04/29 15:43:46,811000,11.261
2026/04/29 15:43:46,812000,11.261
2026/04/29 15:43:46,813000,11.264
2026/04/29 15:43:46,814000,11.258
2026/04/29 15:43:46,815000,11.269
2026/04/29 15:43:46,816000,11.264
2026/04/29 15:43:46,817000,11.261
2026/04/29 15:43:46,818000,11.258
2026/04/29 15:43:46,819000,11.266
2026/04/29 15:43:46,820000,11.261
2026/04/29 15:43:46,821000,11.258
2026/04/29 15:43:46,822000,11.264
2026/04/29 15:43:46,823000,11.266
2026/04/29 15:43:46,824000,11.261
2026/04/29 15:43:46,825000,11.266
2026/04/29 15:43:46,826000,11.269
2026/04/29 15:43:46,827000,11.264
2026/04/29 15:43:46,828000,11.258
2026/04/29 15:43:46,829000,11.258
2026/04/29 15:43:46,830000,11.264
2026/04/29 15:43:46,831000,11.261
2026/04/29 15:43:46,832000,11.266
2026/04/29 15:43:46,833000,11.264
2026/04/29 15:43:46,834000,11.266
2026/04/29 15:43:46,835000,11.266
2026/04/29 15:43:46,836000,11.264
2026/04/29 15:43:46,837000,11.261
2026/04/29 15:43:46,838000,11.269
2026/04/29 15:43:46,839000,11.261
2026/04/29 15:43:46,840000,11.269
2026/04/29 15:43:46,841000,11.266
2026/04/29 15:43:46,842000,11.264
2026/04/29 15:43:46,843000,11.275
2026/04/29 15:43:46,844000,11.261
2026/04/29 15:43:46,845000,11.258
2026/04/29 15:43:46,846000,11.269
2026/04/29 15:43:46,847000,11.264
2026/04/29 15:43:46,848000,11.266
2026/04/29 15:43:46,849000,11.269
2026/04/29 15:43:46,850000,11.266
2026/04/29 15:43:46,851000,11.275
2026/04/29 15:43:46,852000,11.264
2026/04/29 15:43:46,853000,11.266
2026/04/29 15:43:46,854000,11.261
2026/04/29 15:43:46,855000,11.269
2026/04/29 15:43:46,856000,11.272
2026/04/29 15:43:46,857000,11.264
2026/04/29 15:43:46,858000,11.269
2026/04/29 15:43:46,859000,11.266
2026/04/29 15:43:46,860000,11.266
2026/04/29 15:43:46,861000,11.266
2026/04/29 15:43:46,862000,11.261
2026/04/29 15:43:46,863000,11.269
2026/04/29 15:43:46,864000,11.264
2026/04/29 15:43:46,865000,11.266
2026/04/29 15:43:46,866000,11.261
2026/04/29 15:43:46,867000,11.269
2026/04/29 15:43:46,868000,11.264
2026/04/29 15:43:46,869000,11.264
2026/04/29 15:43:46,870000,11.275
2026/04/29 15:43:46,871000,11.264
2026/04/29 15:43:46,872000,11.272
2026/04/29 15:43:46,873000,11.264
2026/04/29 15:43:46,874000,11.264
2026/04/29 15:43:46,875000,11.264
2026/04/29 15:43:46,876000,11.272
2026/04/29 15:43:46,877000,11.269
2026/04/29 15:43:46,878000,11.272
2026/04/29 15:43:46,879000,11.269
2026/04/29 15:43:46,880000,11.272
2026/04/29 15:43:46,881000,11.269
2026/04/29 15:43:46,882000,11.264
2026/04/29 15:43:46,883000,11.266
2026/04/29 15:43:46,884000,11.269
2026/04/29 15:43:46,885000,11.275
2026/04/29 15:43:46,886000,11.266
2026/04/29 15:43:46,887000,11.266
2026/04/29 15:43:46,888000,11.272
2026/04/29 15:43:46,889000,11.266
2026/04/29 15:43:46,890000,11.269
2026/04/29 15:43:46,891000,11.275
2026/04/29 15:43:46,892000,11.269
2026/04/29 15:43:46,893000,11.269
2026/04/29 15:43:46,894000,11.269
2026/04/29 15:43:46,895000,11.269
2026/04/29 15:43:46,896000,11.269
2026/04/29 15:43:46,897000,11.266
2026/04/29 15:43:46,898000,11.269
2026/04/29 15:43:46,899000,11.269
2026/04/29 15:43:46,900000,11.266
2026/04/29 15:43:46,901000,11.269
2026/04/29 15:43:46,902000,11.272
2026/04/29 15:43:46,903000,11.266
2026/04/29 15:43:46,904000,11.269
2026/04/29 15:43:46,905000,11.269
2026/04/29 15:43:46,906000,11.275
2026/04/29 15:43:46,907000,11.266
2026/04/29 15:43:46,908000,11.269
2026/04/29 15:43:46,909000,11.269
2026/04/29 15:43:46,910000,11.272
2026/04/29 15:43:46,911000,11.269
2026/04/29 15:43:46,912000,11.269
2026/04/29 15:43:46,913000,11.275
2026/04/29 15:43:46,914000,11.278
2026/04/29 15:43:46,915000,11.266
2026/04/29 15:43:46,916000,11.272
2026/04/29 15:43:46,917000,11.269
2026/04/29 15:43:46,918000,11.272
2026/04/29 15:43:46,919000,11.266
2026/04/29 15:43:46,920000,11.266
2026/04/29 15:43:46,921000,11.266
2026/04/29 15:43:46,922000,11.266
2026/04/29 15:43:46,923000,11.272
2026/04/29 15:43:46,924000,11.266
2026/04/29 15:43:46,925000,11.272
2026/04/29 15:43:46,926000,11.272
2026/04/29 15:43:46,927000,11.275
2026/04/29 15:43:46,928000,11.269
2026/04/29 15:43:46,929000,11.275
2026/04/29 15:43:46,930000,11.275
2026/04/29 15:43:46,931000,11.275
2026/04/29 15:43:46,932000,11.272
2026/04/29 15:43:46,933000,11.269
2026/04/29 15:43:46,934000,11.275
2026/04/29 15:43:46,935000,11.266
2026/04/29 15:43:46,936000,11.272
2026/04/29 15:43:46,937000,11.272
2026/04/29 15:43:46,938000,11.275
2026/04/29 15:43:46,939000,11.272
2026/04/29 15:43:46,940000,11.266
2026/04/29 15:43:46,941000,11.266
2026/04/29 15:43:46,942000,11.278
2026/04/29 15:43:46,943000,11.272
2026/04/29 15:43:46,944000,11.272
2026/04/29 15:43:46,945000,11.269
2026/04/29 15:43:46,946000,11.272
2026/04/29 15:43:46,947000,11.278
2026/04/29 15:43:46,948000,11.269
2026/04/29 15:43:46,949000,11.272
2026/04/29 15:43:46,950000,11.278
2026/04/29 15:43:46,951000,11.275
2026/04/29 15:43:46,952000,11.278
2026/04/29 15:43:46,953000,11.272
2026/04/29 15:43:46,954000,11.272
2026/04/29 15:43:46,955000,11.272
2026/04/29 15:43:46,956000,11.278
2026/04/29 15:43:46,957000,11.280
2026/04/29 15:43:46,958000,11.272
2026/04/29 15:43:46,959000,11.283
2026/04/29 15:43:46,960000,11.275
2026/04/29 15:43:46,961000,11.269
2026/04/29 15:43:46,962000,11.278
2026/04/29 15:43:46,963000,11.275
2026/04/29 15:43:46,964000,11.275
2026/04/29 15:43:46,965000,11.275
2026/04/29 15:43:46,966000,11.275
2026/04/29 15:43:46,967000,11.278
2026/04/29 15:43:46,968000,11.275
2026/04/29 15:43:46,969000,11.278
2026/04/29 15:43:46,970000,11.272
2026/04/29 15:43:46,971000,11.269
2026/04/29 15:43:46,972000,11.278
2026/04/29 15:43:46,973000,11.280
2026/04/29 15:43:46,974000,11.269
2026/04/29 15:43:46,975000,11.278
2026/04/29 15:43:46,976000,11.275
2026/04/29 15:43:46,977000,11.280
2026/04/29 15:43:46,978000,11.275
2026/04/29 15:43:46,979000,11.275
2026/04/29 15:43:46,980000,11.275
2026/04/29 15:43:46,981000,11.278
2026/04/29 15:43:46,982000,11.280
2026/04/29 15:43:46,983000,11.280
2026/04/29 15:43:46,984000,11.278
2026/04/29 15:43:46,985000,11.280
2026/04/29 15:43:46,986000,11.278
2026/04/29 15:43:46,987000,11.275
2026/04/29 15:43:46,988000,11.283
2026/04/29 15:43:46,989000,11.275
2026/04/29 15:43:46,990000,11.275
2026/04/29 15:43:46,991000,11.278
2026/04/29 15:43:46,992000,11.275
2026/04/29 15:43:46,993000,11.275
2026/04/29 15:43:46,994000,11.272
2026/04/29 15:43:46,995000,11.275
2026/04/29 15:43:46,996000,11.278
2026/04/29 15:43:46,997000,11.275
2026/04/29 15:43:46,998000,11.275
2026/04/29 15:43:46,999000,11.280
2026/04/29 15:43:47,000000,11.278
2026/04/29 15:43:47,001000,11.280
2026/04/29 15:43:47,002000,11.280
2026/04/29 15:43:47,003000,11.283
2026/04/29 15:43:47,004000,11.275
2026/04/29 15:43:47,005000,11.280
2026/04/29 15:43:47,006000,11.278
2026/04/29 15:43:47,007000,11.278
2026/04/29 15:43:47,008000,11.275
2026/04/29 15:43:47,009000,11.278
2026/04/29 15:43:47,010000,11.272
2026/04/29 15:43:47,011000,11.280
2026/04/29 15:43:47,012000,11.275
2026/04/29 15:43:47,013000,11.280
2026/04/29 15:43:47,014000,11.280
2026/04/29 15:43:47,015000,11.278
2026/04/29 15:43:47,016000,11.275
2026/04/29 15:43:47,017000,11.278
2026/04/29 15:43:47,018000,11.280
2026/04/29 15:43:47,019000,11.280
2026/04/29 15:43:47,020000,11.278
2026/04/29 15:43:47,021000,11.283
2026/04/29 15:43:47,022000,11.272
2026/04/29 15:43:47,023000,11.280
2026/04/29 15:43:47,024000,11.278
2026/04/29 15:43:47,025000,11.275
2026/04/29 15:43:47,026000,11.278
2026/04/29 15:43:47,027000,11.275
2026/04/29 15:43:47,028000,11.280
2026/04/29 15:43:47,029000,11.286
2026/04/29 15:43:47,030000,11.283
2026/04/29 15:43:47,031000,11.278
2026/04/29 15:43:47,032000,11.278
2026/04/29 15:43:47,033000,11.283
2026/04/29 15:43:47,034000,11.283
2026/04/29 15:43:47,035000,11.280
2026/04/29 15:43:47,036000,11.280
2026/04/29 15:43:47,037000,11.283
2026/04/29 15:43:47,038000,11.283
2026/04/29 15:43:47,039000,11.278
2026/04/29 15:43:47,040000,11.278
2026/04/29 15:43:47,041000,11.278
2026/04/29 15:43:47,042000,11.280
2026/04/29 15:43:47,043000,11.283
2026/04/29 15:43:47,044000,11.278
2026/04/29 15:43:47,045000,11.275
2026/04/29 15:43:47,046000,11.283
2026/04/29 15:43:47,047000,11.283
2026/04/29 15:43:47,048000,11.289
2026/04/29 15:43:47,049000,11.280
2026/04/29 15:43:47,050000,11.286
2026/04/29 15:43:47,051000,11.278
2026/04/29 15:43:47,052000,11.283
2026/04/29 15:43:47,053000,11.278
2026/04/29 15:43:47,054000,11.280
2026/04/29 15:43:47,055000,11.289
2026/04/29 15:43:47,056000,11.280
2026/04/29 15:43:47,057000,11.280
2026/04/29 15:43:47,058000,11.280
2026/04/29 15:43:47,059000,11.278
2026/04/29 15:43:47,060000,11.275
2026/04/29 15:43:47,061000,11.283
2026/04/29 15:43:47,062000,11.283
2026/04/29 15:43:47,063000,11.280
2026/04/29 15:43:47,064000,11.283
2026/04/29 15:43:47,065000,11.283
2026/04/29 15:43:47,066000,11.278
2026/04/29 15:43:47,067000,11.280
2026/04/29 15:43:47,068000,11.280
2026/04/29 15:43:47,069000,11.283
2026/04/29 15:43:47,070000,11.283
2026/04/29 15:43:47,071000,11.280
2026/04/29 15:43:47,072000,11.280
2026/04/29 15:43:47,073000,11.278
2026/04/29 15:43:47,074000,11.283
2026/04/29 15:43:47,075000,11.289
2026/04/29 15:43:47,076000,11.275
2026/04/29 15:43:47,077000,11.283
2026/04/29 15:43:47,078000,11.280
2026/04/29 15:43:47,079000,11.280
2026/04/29 15:43:47,080000,11.280
2026/04/29 15:43:47,081000,11.280
2026/04/29 15:43:47,082000,11.283
2026/04/29 15:43:47,083000,11.283
2026/04/29 15:43:47,084000,11.286
2026/04/29 15:43:47,085000,11.280
2026/04/29 15:43:47,086000,11.278
2026/04/29 15:43:47,087000,11.278
2026/04/29 15:43:47,088000,11.283
2026/04/29 15:43:47,089000,11.283
2026/04/29 15:43:47,090000,11.280
2026/04/29 15:43:47,091000,11.275
2026/04/29 15:43:47,092000,11.280
2026/04/29 15:43:47,093000,11.280
2026/04/29 15:43:47,094000,11.275
2026/04/29 15:43:47,095000,11.280
2026/04/29 15:43:47,096000,11.283
2026/04/29 15:43:47,097000,11.283
2026/04/29 15:43:47,098000,11.280
2026/04/29 15:43:47,099000,11.280
2026/04/29 15:43:47,100000,11.283
2026/04/29 15:43:47,101000,11.283
2026/04/29 15:43:47,102000,11.283
2026/04/29 15:43:47,103000,11.283
2026/04/29 15:43:47,104000,11.286
2026/04/29 15:43:47,105000,11.272
2026/04/29 15:43:47,106000,11.289
2026/04/29 15:43:47,107000,11.280
2026/04/29 15:43:47,108000,11.286
2026/04/29 15:43:47,109000,11.280
2026/04/29 15:43:47,110000,11.286
2026/04/29 15:43:47,111000,11.275
2026/04/29 15:43:47,112000,11.283
2026/04/29 15:43:47,113000,11.280
2026/04/29 15:43:47,114000,11.280
2026/04/29 15:43:47,115000,11.292
2026/04/29 15:43:47,116000,11.283
2026/04/29 15:43:47,117000,11.286
2026/04/29 15:43:47,118000,11.280
2026/04/29 15:43:47,119000,11.283
2026/04/29 15:43:47,120000,11.283
2026/04/29 15:43:47,121000,11.283
2026/04/29 15:43:47,122000,11.286
2026/04/29 15:43:47,123000,11.292
2026/04/29 15:43:47,124000,11.280
2026/04/29 15:43:47,125000,11.280
2026/04/29 15:43:47,126000,11.283
2026/04/29 15:43:47,127000,11.286
2026/04/29 15:43:47,128000,11.289
2026/04/29 15:43:47,129000,11.286
2026/04/29 15:43:47,130000,11.283
2026/04/29 15:43:47,131000,11.283
2026/04/29 15:43:47,132000,11.283
2026/04/29 15:43:47,133000,11.289
2026/04/29 15:43:47,134000,11.286
2026/04/29 15:43:47,135000,11.286
2026/04/29 15:43:47,136000,11.283
2026/04/29 15:43:47,137000,11.292
2026/04/29 15:43:47,138000,11.286
2026/04/29 15:43:47,139000,11.286
2026/04/29 15:43:47,140000,11.289
2026/04/29 15:43:47,141000,11.286
2026/04/29 15:43:47,142000,11.286
2026/04/29 15:43:47,143000,11.292
2026/04/29 15:43:47,144000,11.280
2026/04/29 15:43:47,145000,11.283
2026/04/29 15:43:47,146000,11.289
2026/04/29 15:43:47,147000,11.286
2026/04/29 15:43:47,148000,11.283
2026/04/29 15:43:47,149000,11.289
2026/04/29 15:43:47,150000,11.289
2026/04/29 15:43:47,151000,11.280
2026/04/29 15:43:47,152000,11.286
2026/04/29 15:43:47,153000,11.275
2026/04/29 15:43:47,154000,11.289
2026/04/29 15:43:47,155000,11.289
2026/04/29 15:43:47,156000,11.286
2026/04/29 15:43:47,157000,11.292
2026/04/29 15:43:47,158000,11.280
2026/04/29 15:43:47,159000,11.289
2026/04/29 15:43:47,160000,11.286
2026/04/29 15:43:47,161000,11.286
2026/04/29 15:43:47,162000,11.289
2026/04/29 15:43:47,163000,11.289
2026/04/29 15:43:47,164000,11.289
2026/04/29 15:43:47,165000,11.283
2026/04/29 15:43:47,166000,11.280
2026/04/29 15:43:47,167000,11.286
2026/04/29 15:43:47,168000,11.289
2026/04/29 15:43:47,169000,11.286
2026/04/29 15:43:47,170000,11.289
2026/04/29 15:43:47,171000,11.289
2026/04/29 15:43:47,172000,11.289
2026/04/29 15:43:47,173000,11.289
2026/04/29 15:43:47,174000,11.283
2026/04/29 15:43:47,175000,11.283
2026/04/29 15:43:47,176000,11.289
2026/04/29 15:43:47,177000,11.283
2026/04/29 15:43:47,178000,11.289
2026/04/29 15:43:47,179000,11.292
2026/04/29 15:43:47,180000,11.286
2026/04/29 15:43:47,181000,11.292
2026/04/29 15:43:47,182000,11.292
2026/04/29 15:43:47,183000,11.292
2026/04/29 15:43:47,184000,11.289
2026/04/29 15:43:47,185000,11.292
2026/04/29 15:43:47,186000,11.283
2026/04/29 15:43:47,187000,11.289
2026/04/29 15:43:47,188000,11.283
2026/04/29 15:43:47,189000,11.292
2026/04/29 15:43:47,190000,11.292
2026/04/29 15:43:47,191000,11.289
2026/04/29 15:43:47,192000,11.294
2026/04/29 15:43:47,193000,11.292
2026/04/29 15:43:47,194000,11.292
2026/04/29 15:43:47,195000,11.292
2026/04/29 15:43:47,196000,11.292
2026/04/29 15:43:47,197000,11.286
2026/04/29 15:43:47,198000,11.286
2026/04/29 15:43:47,199000,11.289
2026/04/29 15:43:47,200000,11.292
2026/04/29 15:43:47,201000,11.286
2026/04/29 15:43:47,202000,11.286
2026/04/29 15:43:47,203000,11.292
2026/04/29 15:43:47,204000,11.292
2026/04/29 15:43:47,205000,11.286
2026/04/29 15:43:47,206000,11.286
2026/04/29 15:43:47,207000,11.289
2026/04/29 15:43:47,208000,11.286
2026/04/29 15:43:47,209000,11.286
2026/04/29 15:43:47,210000,11.286
2026/04/29 15:43:47,211000,11.289
2026/04/29 15:43:47,212000,11.289
2026/04/29 15:43:47,213000,11.289
2026/04/29 15:43:47,214000,11.292
2026/04/29 15:43:47,215000,11.289
2026/04/29 15:43:47,216000,11.294
2026/04/29 15:43:47,217000,11.289
2026/04/29 15:43:47,218000,11.286
2026/04/29 15:43:47,219000,11.289
2026/04/29 15:43:47,220000,11.283
2026/04/29 15:43:47,221000,11.292
2026/04/29 15:43:47,222000,11.292
2026/04/29 15:43:47,223000,11.292
2026/04/29 15:43:47,224000,11.286
2026/04/29 15:43:47,225000,11.283
2026/04/29 15:43:47,226000,11.292
2026/04/29 15:43:47,227000,11.292
2026/04/29 15:43:47,228000,11.292
2026/04/29 15:43:47,229000,11.289
2026/04/29 15:43:47,230000,11.286
2026/04/29 15:43:47,231000,11.292
2026/04/29 15:43:47,232000,11.294
2026/04/29 15:43:47,233000,11.289
2026/04/29 15:43:47,234000,11.292
2026/04/29 15:43:47,235000,11.289
2026/04/29 15:43:47,236000,11.292
2026/04/29 15:43:47,237000,11.289
2026/04/29 15:43:47,238000,11.292
2026/04/29 15:43:47,239000,11.292
2026/04/29 15:43:47,240000,11.289
2026/04/29 15:43:47,241000,11.297
2026/04/29 15:43:47,242000,11.289
2026/04/29 15:43:47,243000,11.289
2026/04/29 15:43:47,244000,11.292
2026/04/29 15:43:47,245000,11.292
2026/04/29 15:43:47,246000,11.292
2026/04/29 15:43:47,247000,11.289
2026/04/29 15:43:47,248000,11.292
2026/04/29 15:43:47,249000,11.292
2026/04/29 15:43:47,250000,11.292
2026/04/29 15:43:47,251000,11.292
2026/04/29 15:43:47,252000,11.292
2026/04/29 15:43:47,253000,11.289
2026/04/29 15:43:47,254000,11.286
2026/04/29 15:43:47,255000,11.292
2026/04/29 15:43:47,256000,11.292
2026/04/29 15:43:47,257000,11.292
2026/04/29 15:43:47,258000,11.297
2026/04/29 15:43:47,259000,11.289
2026/04/29 15:43:47,260000,11.292
2026/04/29 15:43:47,261000,11.297
2026/04/29 15:43:47,262000,11.292
2026/04/29 15:43:47,263000,11.292
2026/04/29 15:43:47,264000,11.292
2026/04/29 15:43:47,265000,11.294
2026/04/29 15:43:47,266000,11.292
2026/04/29 15:43:47,267000,11.294
2026/04/29 15:43:47,268000,11.294
2026/04/29 15:43:47,269000,11.289
2026/04/29 15:43:47,270000,11.294
2026/04/29 15:43:47,271000,11.289
2026/04/29 15:43:47,272000,11.286
2026/04/29 15:43:47,273000,11.292
2026/04/29 15:43:47,274000,11.294
2026/04/29 15:43:47,275000,11.292
2026/04/29 15:43:47,276000,11.286
2026/04/29 15:43:47,277000,11.292
2026/04/29 15:43:47,278000,11.292
2026/04/29 15:43:47,279000,11.292
2026/04/29 15:43:47,280000,11.297
2026/04/29 15:43:47,281000,11.292
2026/04/29 15:43:47,282000,11.294
2026/04/29 15:43:47,283000,11.297
2026/04/29 15:43:47,284000,11.292
2026/04/29 15:43:47,285000,11.300
2026/04/29 15:43:47,286000,11.292
2026/04/29 15:43:47,287000,11.297
2026/04/29 15:43:47,288000,11.292
2026/04/29 15:43:47,289000,11.292
2026/04/29 15:43:47,290000,11.292
2026/04/29 15:43:47,291000,11.292
2026/04/29 15:43:47,292000,11.292
2026/04/29 15:43:47,293000,11.297
2026/04/29 15:43:47,294000,11.289
2026/04/29 15:43:47,295000,11.286
2026/04/29 15:43:47,296000,11.297
2026/04/29 15:43:47,297000,11.292
2026/04/29 15:43:47,298000,11.289
2026/04/29 15:43:47,299000,11.303
2026/04/29 15:43:47,300000,11.292
2026/04/29 15:43:47,301000,11.292
2026/04/29 15:43:47,302000,11.297
2026/04/29 15:43:47,303000,11.292
2026/04/29 15:43:47,304000,11.292
2026/04/29 15:43:47,305000,11.294
2026/04/29 15:43:47,306000,11.300
2026/04/29 15:43:47,307000,11.292
2026/04/29 15:43:47,308000,11.297
2026/04/29 15:43:47,309000,11.294
2026/04/29 15:43:47,310000,11.292
2026/04/29 15:43:47,311000,11.292
2026/04/29 15:43:47,312000,11.297
2026/04/29 15:43:47,313000,11.292
2026/04/29 15:43:47,314000,11.297
2026/04/29 15:43:47,315000,11.292
2026/04/29 15:43:47,316000,11.294
2026/04/29 15:43:47,317000,11.294
2026/04/29 15:43:47,318000,11.292
2026/04/29 15:43:47,319000,11.292
2026/04/29 15:43:47,320000,11.294
2026/04/29 15:43:47,321000,11.300
2026/04/29 15:43:47,322000,11.292
2026/04/29 15:43:47,323000,11.292
2026/04/29 15:43:47,324000,11.300
2026/04/29 15:43:47,325000,11.300
2026/04/29 15:43:47,326000,11.292
2026/04/29 15:43:47,327000,11.297
2026/04/29 15:43:47,328000,11.300
2026/04/29 15:43:47,329000,11.297
2026/04/29 15:43:47,330000,11.297
2026/04/29 15:43:47,331000,11.289
2026/04/29 15:43:47,332000,11.300
2026/04/29 15:43:47,333000,11.297
2026/04/29 15:43:47,334000,11.303
2026/04/29 15:43:47,335000,11.294
2026/04/29 15:43:47,336000,11.294
2026/04/29 15:43:47,337000,11.303
2026/04/29 15:43:47,338000,11.292
2026/04/29 15:43:47,339000,11.292
2026/04/29 15:43:47,340000,11.292
2026/04/29 15:43:47,341000,11.300
2026/04/29 15:43:47,342000,11.297
2026/04/29 15:43:47,343000,11.294
2026/04/29 15:43:47,344000,11.300
2026/04/29 15:43:47,345000,11.303
2026/04/29 15:43:47,346000,11.297
2026/04/29 15:43:47,347000,11.303
2026/04/29 15:43:47,348000,11.297
2026/04/29 15:43:47,349000,11.297
2026/04/29 15:43:47,350000,11.294
2026/04/29 15:43:47,351000,11.294
2026/04/29 15:43:47,352000,11.297
2026/04/29 15:43:47,353000,11.303
2026/04/29 15:43:47,354000,11.294
2026/04/29 15:43:47,355000,11.300
2026/04/29 15:43:47,356000,11.297
2026/04/29 15:43:47,357000,11.300
2026/04/29 15:43:47,358000,11.300
2026/04/29 15:43:47,359000,11.300
2026/04/29 15:43:47,360000,11.300
2026/04/29 15:43:47,361000,11.297
2026/04/29 15:43:47,362000,11.292
2026/04/29 15:43:47,363000,11.297
2026/04/29 15:43:47,364000,11.300
2026/04/29 15:43:47,365000,11.297
2026/04/29 15:43:47,366000,11.300
2026/04/29 15:43:47,367000,11.297
2026/04/29 15:43:47,368000,11.300
2026/04/29 15:43:47,369000,11.300
2026/04/29 15:43:47,370000,11.297
2026/04/29 15:43:47,371000,11.292
2026/04/29 15:43:47,372000,11.306
2026/04/29 15:43:47,373000,11.294
2026/04/29 15:43:47,374000,11.300
2026/04/29 15:43:47,375000,11.297
2026/04/29 15:43:47,376000,11.297
2026/04/29 15:43:47,377000,11.292
2026/04/29 15:43:47,378000,11.300
2026/04/29 15:43:47,379000,11.297
2026/04/29 15:43:47,380000,11.292
2026/04/29 15:43:47,381000,11.300
2026/04/29 15:43:47,382000,11.292
2026/04/29 15:43:47,383000,11.306
2026/04/29 15:43:47,384000,11.303
2026/04/29 15:43:47,385000,11.303
2026/04/29 15:43:47,386000,11.297
2026/04/29 15:43:47,387000,11.306
2026/04/29 15:43:47,388000,11.300
2026/04/29 15:43:47,389000,11.300
2026/04/29 15:43:47,390000,11.300
2026/04/29 15:43:47,391000,11.292
2026/04/29 15:43:47,392000,11.300
2026/04/29 15:43:47,393000,11.300
2026/04/29 15:43:47,394000,11.297
2026/04/29 15:43:47,395000,11.303
2026/04/29 15:43:47,396000,11.303
2026/04/29 15:43:47,397000,11.300
2026/04/29 15:43:47,398000,11.308
2026/04/29 15:43:47,399000,11.294
2026/04/29 15:43:47,400000,11.294
2026/04/29 15:43:47,401000,11.294
2026/04/29 15:43:47,402000,11.297
2026/04/29 15:43:47,403000,11.308
2026/04/29 15:43:47,404000,11.300
2026/04/29 15:43:47,405000,11.300
2026/04/29 15:43:47,406000,11.303
2026/04/29 15:43:47,407000,11.300
2026/04/29 15:43:47,408000,11.297
2026/04/29 15:43:47,409000,11.303
2026/04/29 15:43:47,410000,11.300
2026/04/29 15:43:47,411000,11.300
2026/04/29 15:43:47,412000,11.300
2026/04/29 15:43:47,413000,11.297
2026/04/29 15:43:47,414000,11.303
2026/04/29 15:43:47,415000,11.300
2026/04/29 15:43:47,416000,11.303
2026/04/29 15:43:47,417000,11.306
2026/04/29 15:43:47,418000,11.303
2026/04/29 15:43:47,419000,11.306
2026/04/29 15:43:47,420000,11.303
2026/04/29 15:43:47,421000,11.303
2026/04/29 15:43:47,422000,11.297
2026/04/29 15:43:47,423000,11.297
2026/04/29 15:43:47,424000,11.300
2026/04/29 15:43:47,425000,11.300
2026/04/29 15:43:47,426000,11.303
2026/04/29 15:43:47,427000,11.303
2026/04/29 15:43:47,428000,11.303
2026/04/29 15:43:47,429000,11.306
2026/04/29 15:43:47,430000,11.297
2026/04/29 15:43:47,431000,11.303
2026/04/29 15:43:47,432000,11.303
2026/04/29 15:43:47,433000,11.306
2026/04/29 15:43:47,434000,11.300
2026/04/29 15:43:47,435000,11.306
2026/04/29 15:43:47,436000,11.303
2026/04/29 15:43:47,437000,11.300
2026/04/29 15:43:47,438000,11.300
2026/04/29 15:43:47,439000,11.303
2026/04/29 15:43:47,440000,11.306
2026/04/29 15:43:47,441000,11.303
2026/04/29 15:43:47,442000,11.303
2026/04/29 15:43:47,443000,11.292
2026/04/29 15:43:47,444000,11.306
2026/04/29 15:43:47,445000,11.308
2026/04/29 15:43:47,446000,11.306
2026/04/29 15:43:47,447000,11.306
2026/04/29 15:43:47,448000,11.306
2026/04/29 15:43:47,449000,11.303
2026/04/29 15:43:47,450000,11.303
2026/04/29 15:43:47,451000,11.300
2026/04/29 15:43:47,452000,11.303
2026/04/29 15:43:47,453000,11.308
2026/04/29 15:43:47,454000,11.306
2026/04/29 15:43:47,455000,11.306
2026/04/29 15:43:47,456000,11.303
2026/04/29 15:43:47,457000,11.303
2026/04/29 15:43:47,458000,11.300
2026/04/29 15:43:47,459000,11.308
2026/04/29 15:43:47,460000,11.306
2026/04/29 15:43:47,461000,11.306
2026/04/29 15:43:47,462000,11.303
2026/04/29 15:43:47,463000,11.303
2026/04/29 15:43:47,464000,11.300
2026/04/29 15:43:47,465000,11.303
2026/04/29 15:43:47,466000,11.303
2026/04/29 15:43:47,467000,11.306
2026/04/29 15:43:47,468000,11.306
2026/04/29 15:43:47,469000,11.311
2026/04/29 15:43:47,470000,11.303
2026/04/29 15:43:47,471000,11.303
2026/04/29 15:43:47,472000,11.308
2026/04/29 15:43:47,473000,11.303
2026/04/29 15:43:47,474000,11.303
2026/04/29 15:43:47,475000,11.306
2026/04/29 15:43:47,476000,11.308
2026/04/29 15:43:47,477000,11.308
2026/04/29 15:43:47,478000,11.300
2026/04/29 15:43:47,479000,11.311
2026/04/29 15:43:47,480000,11.308
2026/04/29 15:43:47,481000,11.303
2026/04/29 15:43:47,482000,11.308
2026/04/29 15:43:47,483000,11.306
2026/04/29 15:43:47,484000,11.300
2026/04/29 15:43:47,485000,11.311
2026/04/29 15:43:47,486000,11.308
2026/04/29 15:43:47,487000,11.308
2026/04/29 15:43:47,488000,11.308
2026/04/29 15:43:47,489000,11.311
2026/04/29 15:43:47,490000,11.306
2026/04/29 15:43:47,491000,11.306
2026/04/29 15:43:47,492000,11.303
2026/04/29 15:43:47,493000,11.308
2026/04/29 15:43:47,494000,11.308
2026/04/29 15:43:47,495000,11.314
2026/04/29 15:43:47,496000,11.308
2026/04/29 15:43:47,497000,11.311
2026/04/29 15:43:47,498000,11.306
2026/04/29 15:43:47,499000,11.308
2026/04/29 15:43:47,500000,11.308
2026/04/29 15:43:47,501000,11.303
2026/04/29 15:43:47,502000,11.300
2026/04/29 15:43:47,503000,11.314
2026/04/29 15:43:47,504000,11.300
2026/04/29 15:43:47,505000,11.311
2026/04/29 15:43:47,506000,11.311
2026/04/29 15:43:47,507000,11.306
2026/04/29 15:43:47,508000,11.303
2026/04/29 15:43:47,509000,11.311
2026/04/29 15:43:47,510000,11.308
2026/04/29 15:43:47,511000,11.311
2026/04/29 15:43:47,512000,11.306
2026/04/29 15:43:47,513000,11.303
2026/04/29 15:43:47,514000,11.308
2026/04/29 15:43:47,515000,11.308
2026/04/29 15:43:47,516000,11.311
2026/04/29 15:43:47,517000,11.306
2026/04/29 15:43:47,518000,11.311
2026/04/29 15:43:47,519000,11.311
2026/04/29 15:43:47,520000,11.308
2026/04/29 15:43:47,521000,11.306
2026/04/29 15:43:47,522000,11.308
2026/04/29 15:43:47,523000,11.314
2026/04/29 15:43:47,524000,11.306
2026/04/29 15:43:47,525000,11.308
2026/04/29 15:43:47,526000,11.314
2026/04/29 15:43:47,527000,11.314
2026/04/29 15:43:47,528000,11.314
2026/04/29 15:43:47,529000,11.311
2026/04/29 15:43:47,530000,11.311
2026/04/29 15:43:47,531000,11.314
2026/04/29 15:43:47,532000,11.311
2026/04/29 15:43:47,533000,11.314
2026/04/29 15:43:47,534000,11.314
2026/04/29 15:43:47,535000,11.308
2026/04/29 15:43:47,536000,11.314
2026/04/29 15:43:47,537000,11.308
2026/04/29 15:43:47,538000,11.314
2026/04/29 15:43:47,539000,11.311
2026/04/29 15:43:47,540000,11.311
2026/04/29 15:43:47,541000,11.314
2026/04/29 15:43:47,542000,11.314
2026/04/29 15:43:47,543000,11.314
2026/04/29 15:43:47,544000,11.314
2026/04/29 15:43:47,545000,11.311
2026/04/29 15:43:47,546000,11.314
2026/04/29 15:43:47,547000,11.314
2026/04/29 15:43:47,548000,11.308
2026/04/29 15:43:47,549000,11.314
2026/04/29 15:43:47,550000,11.311
2026/04/29 15:43:47,551000,11.314
2026/04/29 15:43:47,552000,11.308
2026/04/29 15:43:47,553000,11.320
2026/04/29 15:43:47,554000,11.311
2026/04/29 15:43:47,555000,11.311
2026/04/29 15:43:47,556000,11.314
2026/04/29 15:43:47,557000,11.314
2026/04/29 15:43:47,558000,11.314
2026/04/29 15:43:47,559000,11.314
2026/04/29 15:43:47,560000,11.317
2026/04/29 15:43:47,561000,11.311
2026/04/29 15:43:47,562000,11.317
2026/04/29 15:43:47,563000,11.311
2026/04/29 15:43:47,564000,11.311
2026/04/29 15:43:47,565000,11.317
2026/04/29 15:43:47,566000,11.314
2026/04/29 15:43:47,567000,11.311
2026/04/29 15:43:47,568000,11.314
2026/04/29 15:43:47,569000,11.311
2026/04/29 15:43:47,570000,11.317
2026/04/29 15:43:47,571000,11.317
2026/04/29 15:43:47,572000,11.311
2026/04/29 15:43:47,573000,11.320
2026/04/29 15:43:47,574000,11.314
2026/04/29 15:43:47,575000,11.314
2026/04/29 15:43:47,576000,11.314
2026/04/29 15:43:47,577000,11.317
2026/04/29 15:43:47,578000,11.322
2026/04/29 15:43:47,579000,11.317
2026/04/29 15:43:47,580000,11.314
2026/04/29 15:43:47,581000,11.317
2026/04/29 15:43:47,582000,11.317
2026/04/29 15:43:47,583000,11.308
2026/04/29 15:43:47,584000,11.320
2026/04/29 15:43:47,585000,11.314
2026/04/29 15:43:47,586000,11.317
2026/04/29 15:43:47,587000,11.314
2026/04/29 15:43:47,588000,11.314
2026/04/29 15:43:47,589000,11.320
2026/04/29 15:43:47,590000,11.314
2026/04/29 15:43:47,591000,11.317
2026/04/29 15:43:47,592000,11.317
2026/04/29 15:43:47,593000,11.311
2026/04/29 15:43:47,594000,11.320
2026/04/29 15:43:47,595000,11.320
2026/04/29 15:43:47,596000,11.320
2026/04/29 15:43:47,597000,11.325
2026/04/29 15:43:47,598000,11.317
2026/04/29 15:43:47,599000,11.317
2026/04/29 15:43:47,600000,11.322
2026/04/29 15:43:47,601000,11.320
2026/04/29 15:43:47,602000,11.320
2026/04/29 15:43:47,603000,11.314
2026/04/29 15:43:47,604000,11.320
2026/04/29 15:43:47,605000,11.314
2026/04/29 15:43:47,606000,11.317
2026/04/29 15:43:47,607000,11.314
2026/04/29 15:43:47,608000,11.317
2026/04/29 15:43:47,609000,11.322
2026/04/29 15:43:47,610000,11.322
2026/04/29 15:43:47,611000,11.320
2026/04/29 15:43:47,612000,11.322
2026/04/29 15:43:47,613000,11.322
2026/04/29 15:43:47,614000,11.322
2026/04/29 15:43:47,615000,11.314
2026/04/29 15:43:47,616000,11.322
2026/04/29 15:43:47,617000,11.314
2026/04/29 15:43:47,618000,11.331
2026/04/29 15:43:47,619000,11.320
2026/04/29 15:43:47,620000,11.325
2026/04/29 15:43:47,621000,11.320
2026/04/29 15:43:47,622000,11.322
2026/04/29 15:43:47,623000,11.317
2026/04/29 15:43:47,624000,11.320
2026/04/29 15:43:47,625000,11.325
2026/04/29 15:43:47,626000,11.322
2026/04/29 15:43:47,627000,11.322
2026/04/29 15:43:47,628000,11.317
2026/04/29 15:43:47,629000,11.320
2026/04/29 15:43:47,630000,11.322
2026/04/29 15:43:47,631000,11.320
2026/04/29 15:43:47,632000,11.322
2026/04/29 15:43:47,633000,11.320
2026/04/29 15:43:47,634000,11.317
2026/04/29 15:43:47,635000,11.320
2026/04/29 15:43:47,636000,11.317
2026/04/29 15:43:47,637000,11.320
2026/04/29 15:43:47,638000,11.325
2026/04/29 15:43:47,639000,11.322
2026/04/29 15:43:47,640000,11.317
2026/04/29 15:43:47,641000,11.325
2026/04/29 15:43:47,642000,11.320
2026/04/29 15:43:47,643000,11.320
2026/04/29 15:43:47,644000,11.325
2026/04/29 15:43:47,645000,11.328
2026/04/29 15:43:47,646000,11.320
2026/04/29 15:43:47,647000,11.320
2026/04/29 15:43:47,648000,11.325
2026/04/29 15:43:47,649000,11.322
2026/04/29 15:43:47,650000,11.322
2026/04/29 15:43:47,651000,11.325
2026/04/29 15:43:47,652000,11.325
2026/04/29 15:43:47,653000,11.320
2026/04/29 15:43:47,654000,11.322
2026/04/29 15:43:47,655000,11.325
2026/04/29 15:43:47,656000,11.322
2026/04/29 15:43:47,657000,11.322
2026/04/29 15:43:47,658000,11.325
2026/04/29 15:43:47,659000,11.320
2026/04/29 15:43:47,660000,11.325
2026/04/29 15:43:47,661000,11.322
2026/04/29 15:43:47,662000,11.322
2026/04/29 15:43:47,663000,11.322
2026/04/29 15:43:47,664000,11.322
2026/04/29 15:43:47,665000,11.320
2026/04/29 15:43:47,666000,11.320
2026/04/29 15:43:47,667000,11.325
2026/04/29 15:43:47,668000,11.322
2026/04/29 15:43:47,669000,11.325
2026/04/29 15:43:47,670000,11.322
2026/04/29 15:43:47,671000,11.325
2026/04/29 15:43:47,672000,11.322
2026/04/29 15:43:47,673000,11.322
2026/04/29 15:43:47,674000,11.325
2026/04/29 15:43:47,675000,11.320
2026/04/29 15:43:47,676000,11.320
2026/04/29 15:43:47,677000,11.325
2026/04/29 15:43:47,678000,11.320
2026/04/29 15:43:47,679000,11.336
2026/04/29 15:43:47,680000,11.322
2026/04/29 15:43:47,681000,11.328
2026/04/29 15:43:47,682000,11.322
2026/04/29 15:43:47,683000,11.328
2026/04/29 15:43:47,684000,11.322
2026/04/29 15:43:47,685000,11.334
2026/04/29 15:43:47,686000,11.331
2026/04/29 15:43:47,687000,11.331
2026/04/29 15:43:47,688000,11.325
2026/04/29 15:43:47,689000,11.328
2026/04/29 15:43:47,690000,11.331
2026/04/29 15:43:47,691000,11.320
2026/04/29 15:43:47,692000,11.331
2026/04/29 15:43:47,693000,11.322
2026/04/29 15:43:47,694000,11.328
2026/04/29 15:43:47,695000,11.325
2026/04/29 15:43:47,696000,11.325
2026/04/29 15:43:47,697000,11.331
2026/04/29 15:43:47,698000,11.328
2026/04/29 15:43:47,699000,11.325
2026/04/29 15:43:47,700000,11.325
2026/04/29 15:43:47,701000,11.328
2026/04/29 15:43:47,702000,11.331
2026/04/29 15:43:47,703000,11.325
2026/04/29 15:43:47,704000,11.331
2026/04/29 15:43:47,705000,11.322
2026/04/29 15:43:47,706000,11.334
2026/04/29 15:43:47,707000,11.325
2026/04/29 15:43:47,708000,11.328
2026/04/29 15:43:47,709000,11.328
2026/04/29 15:43:47,710000,11.325
2026/04/29 15:43:47,711000,11.325
2026/04/29 15:43:47,712000,11.328
2026/04/29 15:43:47,713000,11.331
2026/04/29 15:43:47,714000,11.328
2026/04/29 15:43:47,715000,11.328
2026/04/29 15:43:47,716000,11.322
2026/04/29 15:43:47,717000,11.334
2026/04/29 15:43:47,718000,11.328
2026/04/29 15:43:47,719000,11.331
2026/04/29 15:43:47,720000,11.328
2026/04/29 15:43:47,721000,11.322
2026/04/29 15:43:47,722000,11.331
2026/04/29 15:43:47,723000,11.331
2026/04/29 15:43:47,724000,11.328
2026/04/29 15:43:47,725000,11.325
2026/04/29 15:43:47,726000,11.325
2026/04/29 15:43:47,727000,11.331
2026/04/29 15:43:47,728000,11.331
2026/04/29 15:43:47,729000,11.336
2026/04/29 15:43:47,730000,11.325
2026/04/29 15:43:47,731000,11.328
2026/04/29 15:43:47,732000,11.331
2026/04/29 15:43:47,733000,11.322
2026/04/29 15:43:47,734000,11.336
2026/04/29 15:43:47,735000,11.325
2026/04/29 15:43:47,736000,11.334
2026/04/29 15:43:47,737000,11.331
2026/04/29 15:43:47,738000,11.334
2026/04/29 15:43:47,739000,11.328
2026/04/29 15:43:47,740000,11.328
2026/04/29 15:43:47,741000,11.325
2026/04/29 15:43:47,742000,11.331
2026/04/29 15:43:47,743000,11.331
2026/04/29 15:43:47,744000,11.325
2026/04/29 15:43:47,745000,11.328
2026/04/29 15:43:47,746000,11.334
2026/04/29 15:43:47,747000,11.331
2026/04/29 15:43:47,748000,11.328
2026/04/29 15:43:47,749000,11.331
2026/04/29 15:43:47,750000,11.325
2026/04/29 15:43:47,751000,11.331
2026/04/29 15:43:47,752000,11.325
2026/04/29 15:43:47,753000,11.331
2026/04/29 15:43:47,754000,11.334
2026/04/29 15:43:47,755000,11.328
2026/04/29 15:43:47,756000,11.331
2026/04/29 15:43:47,757000,11.331
2026/04/29 15:43:47,758000,11.334
2026/04/29 15:43:47,759000,11.328
2026/04/29 15:43:47,760000,11.334
2026/04/29 15:43:47,761000,11.334
2026/04/29 15:43:47,762000,11.331
2026/04/29 15:43:47,763000,11.331
2026/04/29 15:43:47,764000,11.331
2026/04/29 15:43:47,765000,11.328
2026/04/29 15:43:47,766000,11.328
2026/04/29 15:43:47,767000,11.336
2026/04/29 15:43:47,768000,11.334
2026/04/29 15:43:47,769000,11.334
2026/04/29 15:43:47,770000,11.328
2026/04/29 15:43:47,771000,11.334
2026/04/29 15:43:47,772000,11.339
2026/04/29 15:43:47,773000,11.336
2026/04/29 15:43:47,774000,11.331
2026/04/29 15:43:47,775000,11.334
2026/04/29 15:43:47,776000,11.336
2026/04/29 15:43:47,777000,11.336
2026/04/29 15:43:47,778000,11.334
2026/04/29 15:43:47,779000,11.334
2026/04/29 15:43:47,780000,11.334
2026/04/29 15:43:47,781000,11.328
2026/04/29 15:43:47,782000,11.334
2026/04/29 15:43:47,783000,11.336
2026/04/29 15:43:47,784000,11.334
2026/04/29 15:43:47,785000,11.334
2026/04/29 15:43:47,786000,11.328
2026/04/29 15:43:47,787000,11.334
2026/04/29 15:43:47,788000,11.336
2026/04/29 15:43:47,789000,11.334
2026/04/29 15:43:47,790000,11.325
2026/04/29 15:43:47,791000,11.331
2026/04/29 15:43:47,792000,11.325
2026/04/29 15:43:47,793000,11.331
2026/04/29 15:43:47,794000,11.325
2026/04/29 15:43:47,795000,11.334
2026/04/29 15:43:47,796000,11.334
2026/04/29 15:43:47,797000,11.334
2026/04/29 15:43:47,798000,11.325
2026/04/29 15:43:47,799000,11.345
2026/04/29 15:43:47,800000,11.334
2026/04/29 15:43:47,801000,11.331
2026/04/29 15:43:47,802000,11.331
2026/04/29 15:43:47,803000,11.336
2026/04/29 15:43:47,804000,11.331
2026/04/29 15:43:47,805000,11.331
2026/04/29 15:43:47,806000,11.336
2026/04/29 15:43:47,807000,11.336
2026/04/29 15:43:47,808000,11.336
2026/04/29 15:43:47,809000,11.334
2026/04/29 15:43:47,810000,11.339
2026/04/29 15:43:47,811000,11.328
2026/04/29 15:43:47,812000,11.336
2026/04/29 15:43:47,813000,11.334
2026/04/29 15:43:47,814000,11.336
2026/04/29 15:43:47,815000,11.334
2026/04/29 15:43:47,816000,11.328
2026/04/29 15:43:47,817000,11.334
2026/04/29 15:43:47,818000,11.336
2026/04/29 15:43:47,819000,11.339
2026/04/29 15:43:47,820000,11.331
2026/04/29 15:43:47,821000,11.339
2026/04/29 15:43:47,822000,11.336
2026/04/29 15:43:47,823000,11.339
2026/04/29 15:43:47,824000,11.339
2026/04/29 15:43:47,825000,11.331
2026/04/29 15:43:47,826000,11.334
2026/04/29 15:43:47,827000,11.342
2026/04/29 15:43:47,828000,11.331
2026/04/29 15:43:47,829000,11.331
2026/04/29 15:43:47,830000,11.334
2026/04/29 15:43:47,831000,11.342
2026/04/29 15:43:47,832000,11.336
2026/04/29 15:43:47,833000,11.339
2026/04/29 15:43:47,834000,11.334
2026/04/29 15:43:47,835000,11.336
2026/04/29 15:43:47,836000,11.336
2026/04/29 15:43:47,837000,11.345
2026/04/29 15:43:47,838000,11.331
2026/04/29 15:43:47,839000,11.339
2026/04/29 15:43:47,840000,11.331
2026/04/29 15:43:47,841000,11.336
2026/04/29 15:43:47,842000,11.334
2026/04/29 15:43:47,843000,11.339
2026/04/29 15:43:47,844000,11.336
2026/04/29 15:43:47,845000,11.334
2026/04/29 15:43:47,846000,11.339
2026/04/29 15:43:47,847000,11.339
2026/04/29 15:43:47,848000,11.336
2026/04/29 15:43:47,849000,11.336
2026/04/29 15:43:47,850000,11.336
2026/04/29 15:43:47,851000,11.334
2026/04/29 15:43:47,852000,11.334
2026/04/29 15:43:47,853000,11.334
2026/04/29 15:43:47,854000,11.336
2026/04/29 15:43:47,855000,11.336
2026/04/29 15:43:47,856000,11.331
2026/04/29 15:43:47,857000,11.334
2026/04/29 15:43:47,858000,11.336
2026/04/29 15:43:47,859000,11.336
2026/04/29 15:43:47,860000,11.345
2026/04/29 15:43:47,861000,11.334
2026/04/29 15:43:47,862000,11.342
2026/04/29 15:43:47,863000,11.336
2026/04/29 15:43:47,864000,11.336
2026/04/29 15:43:47,865000,11.336
2026/04/29 15:43:47,866000,11.336
2026/04/29 15:43:47,867000,11.339
2026/04/29 15:43:47,868000,11.336
2026/04/29 15:43:47,869000,11.345
2026/04/29 15:43:47,870000,11.336
2026/04/29 15:43:47,871000,11.336
2026/04/29 15:43:47,872000,11.342
2026/04/29 15:43:47,873000,11.339
2026/04/29 15:43:47,874000,11.348
2026/04/29 15:43:47,875000,11.336
2026/04/29 15:43:47,876000,11.336
2026/04/29 15:43:47,877000,11.339
2026/04/29 15:43:47,878000,11.345
2026/04/29 15:43:47,879000,11.336
2026/04/29 15:43:47,880000,11.345
2026/04/29 15:43:47,881000,11.342
2026/04/29 15:43:47,882000,11.342
2026/04/29 15:43:47,883000,11.334
2026/04/29 15:43:47,884000,11.345
2026/04/29 15:43:47,885000,11.342
2026/04/29 15:43:47,886000,11.336
2026/04/29 15:43:47,887000,11.336
2026/04/29 15:43:47,888000,11.336
2026/04/29 15:43:47,889000,11.336
2026/04/29 15:43:47,890000,11.342
2026/04/29 15:43:47,891000,11.339
2026/04/29 15:43:47,892000,11.334
2026/04/29 15:43:47,893000,11.334
2026/04/29 15:43:47,894000,11.342
2026/04/29 15:43:47,895000,11.342
2026/04/29 15:43:47,896000,11.342
2026/04/29 15:43:47,897000,11.342
2026/04/29 15:43:47,898000,11.336
2026/04/29 15:43:47,899000,11.345
2026/04/29 15:43:47,900000,11.345
2026/04/29 15:43:47,901000,11.339
2026/04/29 15:43:47,902000,11.345
2026/04/29 15:43:47,903000,11.345
2026/04/29 15:43:47,904000,11.331
2026/04/29 15:43:47,905000,11.348
2026/04/29 15:43:47,906000,11.342
2026/04/29 15:43:47,907000,11.345
2026/04/29 15:43:47,908000,11.336
2026/04/29 15:43:47,909000,11.336
2026/04/29 15:43:47,910000,11.334
2026/04/29 15:43:47,911000,11.342
2026/04/29 15:43:47,912000,11.336
2026/04/29 15:43:47,913000,11.345
2026/04/29 15:43:47,914000,11.336
2026/04/29 15:43:47,915000,11.348
2026/04/29 15:43:47,916000,11.348
2026/04/29 15:43:47,917000,11.339
2026/04/29 15:43:47,918000,11.342
2026/04/29 15:43:47,919000,11.339
2026/04/29 15:43:47,920000,11.336
2026/04/29 15:43:47,921000,11.350
2026/04/29 15:43:47,922000,11.348
2026/04/29 15:43:47,923000,11.348
2026/04/29 15:43:47,924000,11.348
2026/04/29 15:43:47,925000,11.345
2026/04/29 15:43:47,926000,11.342
2026/04/29 15:43:47,927000,11.342
2026/04/29 15:43:47,928000,11.342
2026/04/29 15:43:47,929000,11.345
2026/04/29 15:43:47,930000,11.345
2026/04/29 15:43:47,931000,11.339
2026/04/29 15:43:47,932000,11.345
2026/04/29 15:43:47,933000,11.348
2026/04/29 15:43:47,934000,11.336
2026/04/29 15:43:47,935000,11.348
2026/04/29 15:43:47,936000,11.348
2026/04/29 15:43:47,937000,11.345
2026/04/29 15:43:47,938000,11.345
2026/04/29 15:43:47,939000,11.345
2026/04/29 15:43:47,940000,11.345
2026/04/29 15:43:47,941000,11.348
2026/04/29 15:43:47,942000,11.345
2026/04/29 15:43:47,943000,11.342
2026/04/29 15:43:47,944000,11.345
2026/04/29 15:43:47,945000,11.342
2026/04/29 15:43:47,946000,11.345
2026/04/29 15:43:47,947000,11.345
2026/04/29 15:43:47,948000,11.348
2026/04/29 15:43:47,949000,11.345
2026/04/29 15:43:47,950000,11.345
2026/04/29 15:43:47,951000,11.345
2026/04/29 15:43:47,952000,11.339
2026/04/29 15:43:47,953000,11.348
2026/04/29 15:43:47,954000,11.345
2026/04/29 15:43:47,955000,11.345
2026/04/29 15:43:47,956000,11.342
2026/04/29 15:43:47,957000,11.342
2026/04/29 15:43:47,958000,11.345
2026/04/29 15:43:47,959000,11.345
2026/04/29 15:43:47,960000,11.345
2026/04/29 15:43:47,961000,11.348
2026/04/29 15:43:47,962000,11.345
2026/04/29 15:43:47,963000,11.342
2026/04/29 15:43:47,964000,11.348
2026/04/29 15:43:47,965000,11.345
2026/04/29 15:43:47,966000,11.345
2026/04/29 15:43:47,967000,11.348
2026/04/29 15:43:47,968000,11.339
2026/04/29 15:43:47,969000,11.345
2026/04/29 15:43:47,970000,11.342
2026/04/29 15:43:47,971000,11.345
2026/04/29 15:43:47,972000,11.345
2026/04/29 15:43:47,973000,11.345
2026/04/29 15:43:47,974000,11.348
2026/04/29 15:43:47,975000,11.350
2026/04/29 15:43:47,976000,11.345
2026/04/29 15:43:47,977000,11.350
2026/04/29 15:43:47,978000,11.348
2026/04/29 15:43:47,979000,11.339
2026/04/29 15:43:47,980000,11.350
2026/04/29 15:43:47,981000,11.339
2026/04/29 15:43:47,982000,11.350
2026/04/29 15:43:47,983000,11.345
2026/04/29 15:43:47,984000,11.348
2026/04/29 15:43:47,985000,11.348
2026/04/29 15:43:47,986000,11.348
2026/04/29 15:43:47,987000,11.350
2026/04/29 15:43:47,988000,11.350
2026/04/29 15:43:47,989000,11.350
2026/04/29 15:43:47,990000,11.350
2026/04/29 15:43:47,991000,11.350
2026/04/29 15:43:47,992000,11.342
2026/04/29 15:43:47,993000,11.348
2026/04/29 15:43:47,994000,11.348
2026/04/29 15:43:47,995000,11.348
2026/04/29 15:43:47,996000,11.345
2026/04/29 15:43:47,997000,11.350
2026/04/29 15:43:47,998000,11.348
2026/04/29 15:43:47,999000,11.350
2026/04/29 15:43:48,000000,11.348
2026/04/29 15:43:48,001000,11.350
2026/04/29 15:43:48,002000,11.353
2026/04/29 15:43:48,003000,11.350
2026/04/29 15:43:48,004000,11.348
2026/04/29 15:43:48,005000,11.350
2026/04/29 15:43:48,006000,11.353
2026/04/29 15:43:48,007000,11.348
2026/04/29 15:43:48,008000,11.353
2026/04/29 15:43:48,009000,11.348
2026/04/29 15:43:48,010000,11.345
2026/04/29 15:43:48,011000,11.353
2026/04/29 15:43:48,012000,11.345
2026/04/29 15:43:48,013000,11.353
2026/04/29 15:43:48,014000,11.353
2026/04/29 15:43:48,015000,11.348
2026/04/29 15:43:48,016000,11.350
2026/04/29 15:43:48,017000,11.353
2026/04/29 15:43:48,018000,11.350
2026/04/29 15:43:48,019000,11.348
2026/04/29 15:43:48,020000,11.353
2026/04/29 15:43:48,021000,11.353
2026/04/29 15:43:48,022000,11.348
2026/04/29 15:43:48,023000,11.353
2026/04/29 15:43:48,024000,11.350
2026/04/29 15:43:48,025000,11.350
2026/04/29 15:43:48,026000,11.345
2026/04/29 15:43:48,027000,11.348
2026/04/29 15:43:48,028000,11.356
2026/04/29 15:43:48,029000,11.350
2026/04/29 15:43:48,030000,11.353
2026/04/29 15:43:48,031000,11.350
2026/04/29 15:43:48,032000,11.353
2026/04/29 15:43:48,033000,11.345
2026/04/29 15:43:48,034000,11.353
2026/04/29 15:43:48,035000,11.350
2026/04/29 15:43:48,036000,11.350
2026/04/29 15:43:48,037000,11.350
2026/04/29 15:43:48,038000,11.356
2026/04/29 15:43:48,039000,11.356
2026/04/29 15:43:48,040000,11.345
2026/04/29 15:43:48,041000,11.356
2026/04/29 15:43:48,042000,11.345
2026/04/29 15:43:48,043000,11.345
2026/04/29 15:43:48,044000,11.359
2026/04/29 15:43:48,045000,11.348
2026/04/29 15:43:48,046000,11.353
2026/04/29 15:43:48,047000,11.350
2026/04/29 15:43:48,048000,11.353
2026/04/29 15:43:48,049000,11.353
2026/04/29 15:43:48,050000,11.356
2026/04/29 15:43:48,051000,11.348
2026/04/29 15:43:48,052000,11.350
2026/04/29 15:43:48,053000,11.350
2026/04/29 15:43:48,054000,11.350
2026/04/29 15:43:48,055000,11.350
2026/04/29 15:43:48,056000,11.356
2026/04/29 15:43:48,057000,11.359
2026/04/29 15:43:48,058000,11.353
2026/04/29 15:43:48,059000,11.353
2026/04/29 15:43:48,060000,11.350
2026/04/29 15:43:48,061000,11.356
2026/04/29 15:43:48,062000,11.353
2026/04/29 15:43:48,063000,11.356
2026/04/29 15:43:48,064000,11.348
2026/04/29 15:43:48,065000,11.364
2026/04/29 15:43:48,066000,11.356
2026/04/29 15:43:48,067000,11.353
2026/04/29 15:43:48,068000,11.353
2026/04/29 15:43:48,069000,11.353
2026/04/29 15:43:48,070000,11.353
2026/04/29 15:43:48,071000,11.353
2026/04/29 15:43:48,072000,11.353
2026/04/29 15:43:48,073000,11.356
2026/04/29 15:43:48,074000,11.356
2026/04/29 15:43:48,075000,11.353
2026/04/29 15:43:48,076000,11.353
2026/04/29 15:43:48,077000,11.350
2026/04/29 15:43:48,078000,11.356
2026/04/29 15:43:48,079000,11.348
2026/04/29 15:43:48,080000,11.356
2026/04/29 15:43:48,081000,11.353
2026/04/29 15:43:48,082000,11.353
2026/04/29 15:43:48,083000,11.350
2026/04/29 15:43:48,084000,11.348
2026/04/29 15:43:48,085000,11.350
2026/04/29 15:43:48,086000,11.356
2026/04/29 15:43:48,087000,11.356
2026/04/29 15:43:48,088000,11.353
2026/04/29 15:43:48,089000,11.356
2026/04/29 15:43:48,090000,11.353
2026/04/29 15:43:48,091000,11.353
2026/04/29 15:43:48,092000,11.359
2026/04/29 15:43:48,093000,11.353
2026/04/29 15:43:48,094000,11.376
2026/04/29 15:43:48,095000,11.356
2026/04/29 15:43:48,096000,11.356
2026/04/29 15:43:48,097000,11.353
2026/04/29 15:43:48,098000,11.353
2026/04/29 15:43:48,099000,11.362
2026/04/29 15:43:48,100000,11.359
2026/04/29 15:43:48,101000,11.359
2026/04/29 15:43:48,102000,11.359
2026/04/29 15:43:48,103000,11.359
2026/04/29 15:43:48,104000,11.353
2026/04/29 15:43:48,105000,11.356
2026/04/29 15:43:48,106000,11.350
2026/04/29 15:43:48,107000,11.359
2026/04/29 15:43:48,108000,11.353
2026/04/29 15:43:48,109000,11.356
2026/04/29 15:43:48,110000,11.359
2026/04/29 15:43:48,111000,11.353
2026/04/29 15:43:48,112000,11.359
2026/04/29 15:43:48,113000,11.353
2026/04/29 15:43:48,114000,11.359
2026/04/29 15:43:48,115000,11.356
2026/04/29 15:43:48,116000,11.353
2026/04/29 15:43:48,117000,11.353
2026/04/29 15:43:48,118000,11.362
2026/04/29 15:43:48,119000,11.356
2026/04/29 15:43:48,120000,11.356
2026/04/29 15:43:48,121000,11.359
2026/04/29 15:43:48,122000,11.364
2026/04/29 15:43:48,123000,11.364
2026/04/29 15:43:48,124000,11.356
2026/04/29 15:43:48,125000,11.364
2026/04/29 15:43:48,126000,11.359
2026/04/29 15:43:48,127000,11.359
2026/04/29 15:43:48,128000,11.362
2026/04/29 15:43:48,129000,11.359
2026/04/29 15:43:48,130000,11.353
2026/04/29 15:43:48,131000,11.362
2026/04/29 15:43:48,132000,11.362
2026/04/29 15:43:48,133000,11.356
2026/04/29 15:43:48,134000,11.362
2026/04/29 15:43:48,135000,11.359
2026/04/29 15:43:48,136000,11.359
2026/04/29 15:43:48,137000,11.359
2026/04/29 15:43:48,138000,11.362
2026/04/29 15:43:48,139000,11.359
2026/04/29 15:43:48,140000,11.362
2026/04/29 15:43:48,141000,11.362
2026/04/29 15:43:48,142000,11.359
2026/04/29 15:43:48,143000,11.362
2026/04/29 15:43:48,144000,11.356
2026/04/29 15:43:48,145000,11.359
2026/04/29 15:43:48,146000,11.359
2026/04/29 15:43:48,147000,11.353
2026/04/29 15:43:48,148000,11.359
2026/04/29 15:43:48,149000,11.356
2026/04/29 15:43:48,150000,11.359
2026/04/29 15:43:48,151000,11.362
2026/04/29 15:43:48,152000,11.359
2026/04/29 15:43:48,153000,11.359
2026/04/29 15:43:48,154000,11.350
2026/04/29 15:43:48,155000,11.359
2026/04/29 15:43:48,156000,11.359
2026/04/29 15:43:48,157000,11.362
2026/04/29 15:43:48,158000,11.367
2026/04/29 15:43:48,159000,11.359
2026/04/29 15:43:48,160000,11.364
2026/04/29 15:43:48,161000,11.356
2026/04/29 15:43:48,162000,11.359
2026/04/29 15:43:48,163000,11.353
2026/04/29 15:43:48,164000,11.359
2026/04/29 15:43:48,165000,11.359
2026/04/29 15:43:48,166000,11.359
2026/04/29 15:43:48,167000,11.362
2026/04/29 15:43:48,168000,11.359
2026/04/29 15:43:48,169000,11.356
2026/04/29 15:43:48,170000,11.364
2026/04/29 15:43:48,171000,11.362
2026/04/29 15:43:48,172000,11.359
2026/04/29 15:43:48,173000,11.362
2026/04/29 15:43:48,174000,11.364
2026/04/29 15:43:48,175000,11.370
2026/04/29 15:43:48,176000,11.364
2026/04/29 15:43:48,177000,11.364
2026/04/29 15:43:48,178000,11.359
2026/04/29 15:43:48,179000,11.362
2026/04/29 15:43:48,180000,11.359
2026/04/29 15:43:48,181000,11.364
2026/04/29 15:43:48,182000,11.359
2026/04/29 15:43:48,183000,11.362
2026/04/29 15:43:48,184000,11.364
2026/04/29 15:43:48,185000,11.362
2026/04/29 15:43:48,186000,11.359
2026/04/29 15:43:48,187000,11.359
2026/04/29 15:43:48,188000,11.364
2026/04/29 15:43:48,189000,11.359
2026/04/29 15:43:48,190000,11.364
2026/04/29 15:43:48,191000,11.362
2026/04/29 15:43:48,192000,11.362
2026/04/29 15:43:48,193000,11.364
2026/04/29 15:43:48,194000,11.367
2026/04/29 15:43:48,195000,11.364
2026/04/29 15:43:48,196000,11.362
2026/04/29 15:43:48,197000,11.364
2026/04/29 15:43:48,198000,11.373
2026/04/29 15:43:48,199000,11.353
2026/04/29 15:43:48,200000,11.367
2026/04/29 15:43:48,201000,11.364
2026/04/29 15:43:48,202000,11.367
2026/04/29 15:43:48,203000,11.364
2026/04/29 15:43:48,204000,11.359
2026/04/29 15:43:48,205000,11.364
2026/04/29 15:43:48,206000,11.367
2026/04/29 15:43:48,207000,11.362
2026/04/29 15:43:48,208000,11.364
2026/04/29 15:43:48,209000,11.367
2026/04/29 15:43:48,210000,11.364
2026/04/29 15:43:48,211000,11.362
2026/04/29 15:43:48,212000,11.362
2026/04/29 15:43:48,213000,11.362
2026/04/29 15:43:48,214000,11.359
2026/04/29 15:43:48,215000,11.370
2026/04/29 15:43:48,216000,11.364
2026/04/29 15:43:48,217000,11.364
2026/04/29 15:43:48,218000,11.362
2026/04/29 15:43:48,219000,11.370
2026/04/29 15:43:48,220000,11.362
2026/04/29 15:43:48,221000,11.364
2026/04/29 15:43:48,222000,11.364
2026/04/29 15:43:48,223000,11.359
2026/04/29 15:43:48,224000,11.373
2026/04/29 15:43:48,225000,11.367
2026/04/29 15:43:48,226000,11.370
2026/04/29 15:43:48,227000,11.362
2026/04/29 15:43:48,228000,11.367
2026/04/29 15:43:48,229000,11.367
2026/04/29 15:43:48,230000,11.364
2026/04/29 15:43:48,231000,11.367
2026/04/29 15:43:48,232000,11.364
2026/04/29 15:43:48,233000,11.364
2026/04/29 15:43:48,234000,11.370
2026/04/29 15:43:48,235000,11.364
2026/04/29 15:43:48,236000,11.364
2026/04/29 15:43:48,237000,11.364
2026/04/29 15:43:48,238000,11.364
2026/04/29 15:43:48,239000,11.367
2026/04/29 15:43:48,240000,11.364
2026/04/29 15:43:48,241000,11.370
2026/04/29 15:43:48,242000,11.367
2026/04/29 15:43:48,243000,11.364
2026/04/29 15:43:48,244000,11.367
2026/04/29 15:43:48,245000,11.364
2026/04/29 15:43:48,246000,11.367
2026/04/29 15:43:48,247000,11.370
2026/04/29 15:43:48,248000,11.370
2026/04/29 15:43:48,249000,11.370
2026/04/29 15:43:48,250000,11.370
2026/04/29 15:43:48,251000,11.373
2026/04/29 15:43:48,252000,11.370
2026/04/29 15:43:48,253000,11.367
2026/04/29 15:43:48,254000,11.370
2026/04/29 15:43:48,255000,11.364
2026/04/29 15:43:48,256000,11.364
2026/04/29 15:43:48,257000,11.364
2026/04/29 15:43:48,258000,11.367
2026/04/29 15:43:48,259000,11.367
2026/04/29 15:43:48,260000,11.367
2026/04/29 15:43:48,261000,11.367
2026/04/29 15:43:48,262000,11.370
2026/04/29 15:43:48,263000,11.362
2026/04/29 15:43:48,264000,11.367
2026/04/29 15:43:48,265000,11.370
2026/04/29 15:43:48,266000,11.367
2026/04/29 15:43:48,267000,11.364
2026/04/29 15:43:48,268000,11.367
2026/04/29 15:43:48,269000,11.373
2026/04/29 15:43:48,270000,11.367
2026/04/29 15:43:48,271000,11.373
2026/04/29 15:43:48,272000,11.376
2026/04/29 15:43:48,273000,11.367
2026/04/29 15:43:48,274000,11.364
2026/04/29 15:43:48,275000,11.370
2026/04/29 15:43:48,276000,11.367
2026/04/29 15:43:48,277000,11.364
2026/04/29 15:43:48,278000,11.364
2026/04/29 15:43:48,279000,11.367
2026/04/29 15:43:48,280000,11.370
2026/04/29 15:43:48,281000,11.367
2026/04/29 15:43:48,282000,11.370
2026/04/29 15:43:48,283000,11.370
2026/04/29 15:43:48,284000,11.373
2026/04/29 15:43:48,285000,11.364
2026/04/29 15:43:48,286000,11.373
2026/04/29 15:43:48,287000,11.370
2026/04/29 15:43:48,288000,11.370
2026/04/29 15:43:48,289000,11.384
2026/04/29 15:43:48,290000,11.367
2026/04/29 15:43:48,291000,11.373
2026/04/29 15:43:48,292000,11.370
2026/04/29 15:43:48,293000,11.373
2026/04/29 15:43:48,294000,11.370
2026/04/29 15:43:48,295000,11.367
2026/04/29 15:43:48,296000,11.370
2026/04/29 15:43:48,297000,11.370
2026/04/29 15:43:48,298000,11.370
2026/04/29 15:43:48,299000,11.362
2026/04/29 15:43:48,300000,11.364
2026/04/29 15:43:48,301000,11.367
2026/04/29 15:43:48,302000,11.373
2026/04/29 15:43:48,303000,11.364
2026/04/29 15:43:48,304000,11.373
2026/04/29 15:43:48,305000,11.370
2026/04/29 15:43:48,306000,11.370
2026/04/29 15:43:48,307000,11.370
2026/04/29 15:43:48,308000,11.373
2026/04/29 15:43:48,309000,11.370
2026/04/29 15:43:48,310000,11.378
2026/04/29 15:43:48,311000,11.364
2026/04/29 15:43:48,312000,11.373
2026/04/29 15:43:48,313000,11.373
2026/04/29 15:43:48,314000,11.370
2026/04/29 15:43:48,315000,11.376
2026/04/29 15:43:48,316000,11.378
2026/04/29 15:43:48,317000,11.370
2026/04/29 15:43:48,318000,11.373
2026/04/29 15:43:48,319000,11.378
2026/04/29 15:43:48,320000,11.378
2026/04/29 15:43:48,321000,11.370
2026/04/29 15:43:48,322000,11.376
2026/04/29 15:43:48,323000,11.376
2026/04/29 15:43:48,324000,11.376
2026/04/29 15:43:48,325000,11.376
2026/04/29 15:43:48,326000,11.367
2026/04/29 15:43:48,327000,11.367
2026/04/29 15:43:48,328000,11.370
2026/04/29 15:43:48,329000,11.370
2026/04/29 15:43:48,330000,11.378
2026/04/29 15:43:48,331000,11.370
2026/04/29 15:43:48,332000,11.373
2026/04/29 15:43:48,333000,11.378
2026/04/29 15:43:48,334000,11.376
2026/04/29 15:43:48,335000,11.370
2026/04/29 15:43:48,336000,11.376
2026/04/29 15:43:48,337000,11.373
2026/04/29 15:43:48,338000,11.376
2026/04/29 15:43:48,339000,11.370
2026/04/29 15:43:48,340000,11.370
2026/04/29 15:43:48,341000,11.376
2026/04/29 15:43:48,342000,11.378
2026/04/29 15:43:48,343000,11.378
2026/04/29 15:43:48,344000,11.373
2026/04/29 15:43:48,345000,11.378
2026/04/29 15:43:48,346000,11.373
2026/04/29 15:43:48,347000,11.373
2026/04/29 15:43:48,348000,11.376
2026/04/29 15:43:48,349000,11.373
2026/04/29 15:43:48,350000,11.373
2026/04/29 15:43:48,351000,11.370
2026/04/29 15:43:48,352000,11.378
2026/04/29 15:43:48,353000,11.376
2026/04/29 15:43:48,354000,11.373
2026/04/29 15:43:48,355000,11.376
2026/04/29 15:43:48,356000,11.376
2026/04/29 15:43:48,357000,11.381
2026/04/29 15:43:48,358000,11.376
2026/04/29 15:43:48,359000,11.376
2026/04/29 15:43:48,360000,11.376
2026/04/29 15:43:48,361000,11.381
2026/04/29 15:43:48,362000,11.378
2026/04/29 15:43:48,363000,11.378
2026/04/29 15:43:48,364000,11.381
2026/04/29 15:43:48,365000,11.373
2026/04/29 15:43:48,366000,11.381
2026/04/29 15:43:48,367000,11.381
2026/04/29 15:43:48,368000,11.381
2026/04/29 15:43:48,369000,11.376
2026/04/29 15:43:48,370000,11.376
2026/04/29 15:43:48,371000,11.373
2026/04/29 15:43:48,372000,11.376
2026/04/29 15:43:48,373000,11.367
2026/04/29 15:43:48,374000,11.378
2026/04/29 15:43:48,375000,11.381
2026/04/29 15:43:48,376000,11.367
2026/04/29 15:43:48,377000,11.370
2026/04/29 15:43:48,378000,11.376
2026/04/29 15:43:48,379000,11.376
2026/04/29 15:43:48,380000,11.378
2026/04/29 15:43:48,381000,11.381
2026/04/29 15:43:48,382000,11.378
2026/04/29 15:43:48,383000,11.378
2026/04/29 15:43:48,384000,11.378
2026/04/29 15:43:48,385000,11.376
2026/04/29 15:43:48,386000,11.370
2026/04/29 15:43:48,387000,11.376
2026/04/29 15:43:48,388000,11.378
2026/04/29 15:43:48,389000,11.376
2026/04/29 15:43:48,390000,11.381
2026/04/29 15:43:48,391000,11.378
2026/04/29 15:43:48,392000,11.381
2026/04/29 15:43:48,393000,11.387
2026/04/29 15:43:48,394000,11.381
2026/04/29 15:43:48,395000,11.381
2026/04/29 15:43:48,396000,11.378
2026/04/29 15:43:48,397000,11.381
2026/04/29 15:43:48,398000,11.376
2026/04/29 15:43:48,399000,11.376
2026/04/29 15:43:48,400000,11.378
2026/04/29 15:43:48,401000,11.373
2026/04/29 15:43:48,402000,11.378
2026/04/29 15:43:48,403000,11.381
2026/04/29 15:43:48,404000,11.381
2026/04/29 15:43:48,405000,11.376
2026/04/29 15:43:48,406000,11.378
2026/04/29 15:43:48,407000,11.378
2026/04/29 15:43:48,408000,11.376
2026/04/29 15:43:48,409000,11.381
2026/04/29 15:43:48,410000,11.378
2026/04/29 15:43:48,411000,11.381
2026/04/29 15:43:48,412000,11.381
2026/04/29 15:43:48,413000,11.378
2026/04/29 15:43:48,414000,11.376
2026/04/29 15:43:48,415000,11.378
2026/04/29 15:43:48,416000,11.376
2026/04/29 15:43:48,417000,11.376
2026/04/29 15:43:48,418000,11.381
2026/04/29 15:43:48,419000,11.373
2026/04/29 15:43:48,420000,11.378
2026/04/29 15:43:48,421000,11.378
2026/04/29 15:43:48,422000,11.373
2026/04/29 15:43:48,423000,11.378
2026/04/29 15:43:48,424000,11.376
2026/04/29 15:43:48,425000,11.384
2026/04/29 15:43:48,426000,11.381
2026/04/29 15:43:48,427000,11.376
2026/04/29 15:43:48,428000,11.381
2026/04/29 15:43:48,429000,11.378
2026/04/29 15:43:48,430000,11.376
2026/04/29 15:43:48,431000,11.376
2026/04/29 15:43:48,432000,11.381
2026/04/29 15:43:48,433000,11.381
2026/04/29 15:43:48,434000,11.381
2026/04/29 15:43:48,435000,11.376
2026/04/29 15:43:48,436000,11.381
2026/04/29 15:43:48,437000,11.378
2026/04/29 15:43:48,438000,11.381
2026/04/29 15:43:48,439000,11.378
2026/04/29 15:43:48,440000,11.381
2026/04/29 15:43:48,441000,11.376
2026/04/29 15:43:48,442000,11.381
2026/04/29 15:43:48,443000,11.378
2026/04/29 15:43:48,444000,11.376
2026/04/29 15:43:48,445000,11.381
2026/04/29 15:43:48,446000,11.373
2026/04/29 15:43:48,447000,11.378
2026/04/29 15:43:48,448000,11.378
2026/04/29 15:43:48,449000,11.381
2026/04/29 15:43:48,450000,11.384
2026/04/29 15:43:48,451000,11.378
2026/04/29 15:43:48,452000,11.376
2026/04/29 15:43:48,453000,11.381
2026/04/29 15:43:48,454000,11.376
2026/04/29 15:43:48,455000,11.378
2026/04/29 15:43:48,456000,11.381
2026/04/29 15:43:48,457000,11.381
2026/04/29 15:43:48,458000,11.376
2026/04/29 15:43:48,459000,11.376
2026/04/29 15:43:48,460000,11.381
2026/04/29 15:43:48,461000,11.376
2026/04/29 15:43:48,462000,11.389
2026/04/29 15:43:48,463000,11.381
2026/04/29 15:43:48,464000,11.376
2026/04/29 15:43:48,465000,11.381
2026/04/29 15:43:48,466000,11.381
2026/04/29 15:43:48,467000,11.389
2026/04/29 15:43:48,468000,11.376
2026/04/29 15:43:48,469000,11.376
2026/04/29 15:43:48,470000,11.376
2026/04/29 15:43:48,471000,11.381
2026/04/29 15:43:48,472000,11.381
2026/04/29 15:43:48,473000,11.370
2026/04/29 15:43:48,474000,11.378
2026/04/29 15:43:48,475000,11.376
2026/04/29 15:43:48,476000,11.381
2026/04/29 15:43:48,477000,11.378
2026/04/29 15:43:48,478000,11.376
2026/04/29 15:43:48,479000,11.381
2026/04/29 15:43:48,480000,11.378
2026/04/29 15:43:48,481000,11.376
2026/04/29 15:43:48,482000,11.376
2026/04/29 15:43:48,483000,11.378
2026/04/29 15:43:48,484000,11.376
2026/04/29 15:43:48,485000,11.381
2026/04/29 15:43:48,486000,11.373
2026/04/29 15:43:48,487000,11.381
2026/04/29 15:43:48,488000,11.381
2026/04/29 15:43:48,489000,11.378
2026/04/29 15:43:48,490000,11.381
2026/04/29 15:43:48,491000,11.378
2026/04/29 15:43:48,492000,11.381
2026/04/29 15:43:48,493000,11.378
2026/04/29 15:43:48,494000,11.387
2026/04/29 15:43:48,495000,11.378
2026/04/29 15:43:48,496000,11.378
2026/04/29 15:43:48,497000,11.373
2026/04/29 15:43:48,498000,11.381
2026/04/29 15:43:48,499000,11.381
2026/04/29 15:43:48,500000,11.381
2026/04/29 15:43:48,501000,11.381
2026/04/29 15:43:48,502000,11.381
2026/04/29 15:43:48,503000,11.376
2026/04/29 15:43:48,504000,11.376
2026/04/29 15:43:48,505000,11.378
2026/04/29 15:43:48,506000,11.378
2026/04/29 15:43:48,507000,11.381
2026/04/29 15:43:48,508000,11.381
2026/04/29 15:43:48,509000,11.381
2026/04/29 15:43:48,510000,11.381
2026/04/29 15:43:48,511000,11.376
2026/04/29 15:43:48,512000,11.378
2026/04/29 15:43:48,513000,11.381
2026/04/29 15:43:48,514000,11.378
2026/04/29 15:43:48,515000,11.381
2026/04/29 15:43:48,516000,11.376
2026/04/29 15:43:48,517000,11.381
2026/04/29 15:43:48,518000,11.381
2026/04/29 15:43:48,519000,11.381
2026/04/29 15:43:48,520000,11.373
2026/04/29 15:43:48,521000,11.381
2026/04/29 15:43:48,522000,11.376
2026/04/29 15:43:48,523000,11.381
2026/04/29 15:43:48,524000,11.378
2026/04/29 15:43:48,525000,11.381
2026/04/29 15:43:48,526000,11.381
2026/04/29 15:43:48,527000,11.378
2026/04/29 15:43:48,528000,11.376
2026/04/29 15:43:48,529000,11.378
2026/04/29 15:43:48,530000,11.381
2026/04/29 15:43:48,531000,11.376
2026/04/29 15:43:48,532000,11.381
2026/04/29 15:43:48,533000,11.373
2026/04/29 15:43:48,534000,11.376
2026/04/29 15:43:48,535000,11.378
2026/04/29 15:43:48,536000,11.381
2026/04/29 15:43:48,537000,11.381
2026/04/29 15:43:48,538000,11.378
2026/04/29 15:43:48,539000,11.376
2026/04/29 15:43:48,540000,11.381
2026/04/29 15:43:48,541000,11.378
2026/04/29 15:43:48,542000,11.378
2026/04/29 15:43:48,543000,11.376
2026/04/29 15:43:48,544000,11.381
2026/04/29 15:43:48,545000,11.381
2026/04/29 15:43:48,546000,11.381
2026/04/29 15:43:48,547000,11.376
2026/04/29 15:43:48,548000,11.381
2026/04/29 15:43:48,549000,11.376
2026/04/29 15:43:48,550000,11.381
2026/04/29 15:43:48,551000,11.381
2026/04/29 15:43:48,552000,11.381
2026/04/29 15:43:48,553000,11.381
2026/04/29 15:43:48,554000,11.376
2026/04/29 15:43:48,555000,11.370
2026/04/29 15:43:48,556000,11.376
2026/04/29 15:43:48,557000,11.384
2026/04/29 15:43:48,558000,11.378
2026/04/29 15:43:48,559000,11.378
2026/04/29 15:43:48,560000,11.381
2026/04/29 15:43:48,561000,11.381
2026/04/29 15:43:48,562000,11.384
2026/04/29 15:43:48,563000,11.387
2026/04/29 15:43:48,564000,11.381
2026/04/29 15:43:48,565000,11.376
2026/04/29 15:43:48,566000,11.378
2026/04/29 15:43:48,567000,11.381
2026/04/29 15:43:48,568000,11.384
2026/04/29 15:43:48,569000,11.381
2026/04/29 15:43:48,570000,11.378
2026/04/29 15:43:48,571000,11.378
2026/04/29 15:43:48,572000,11.387
2026/04/29 15:43:48,573000,11.387
2026/04/29 15:43:48,574000,11.381
2026/04/29 15:43:48,575000,11.373
2026/04/29 15:43:48,576000,11.378
2026/04/29 15:43:48,577000,11.381
2026/04/29 15:43:48,578000,11.378
2026/04/29 15:43:48,579000,11.378
2026/04/29 15:43:48,580000,11.378
2026/04/29 15:43:48,581000,11.384
2026/04/29 15:43:48,582000,11.370
2026/04/29 15:43:48,583000,11.381
2026/04/29 15:43:48,584000,11.381
2026/04/29 15:43:48,585000,11.373
2026/04/29 15:43:48,586000,11.381
2026/04/29 15:43:48,587000,11.378
2026/04/29 15:43:48,588000,11.378
2026/04/29 15:43:48,589000,11.381
2026/04/29 15:43:48,590000,11.378
2026/04/29 15:43:48,591000,11.378
2026/04/29 15:43:48,592000,11.381
2026/04/29 15:43:48,593000,11.381
2026/04/29 15:43:48,594000,11.381
2026/04/29 15:43:48,595000,11.378
2026/04/29 15:43:48,596000,11.381
2026/04/29 15:43:48,597000,11.384
2026/04/29 15:43:48,598000,11.381
2026/04/29 15:43:48,599000,11.378
2026/04/29 15:43:48,600000,11.381
2026/04/29 15:43:48,601000,11.387
2026/04/29 15:43:48,602000,11.378
2026/04/29 15:43:48,603000,11.381
2026/04/29 15:43:48,604000,11.376
2026/04/29 15:43:48,605000,11.387
2026/04/29 15:43:48,606000,11.378
2026/04/29 15:43:48,607000,11.381
2026/04/29 15:43:48,608000,11.381
2026/04/29 15:43:48,609000,11.381
2026/04/29 15:43:48,610000,11.384
2026/04/29 15:43:48,611000,11.381
2026/04/29 15:43:48,612000,11.387
2026/04/29 15:43:48,613000,11.381
2026/04/29 15:43:48,614000,11.378
2026/04/29 15:43:48,615000,11.378
2026/04/29 15:43:48,616000,11.387
2026/04/29 15:43:48,617000,11.381
2026/04/29 15:43:48,618000,11.378
2026/04/29 15:43:48,619000,11.381
2026/04/29 15:43:48,620000,11.381
2026/04/29 15:43:48,621000,11.376
2026/04/29 15:43:48,622000,11.389
2026/04/29 15:43:48,623000,11.376
2026/04/29 15:43:48,624000,11.378
2026/04/29 15:43:48,625000,11.384
2026/04/29 15:43:48,626000,11.378
2026/04/29 15:43:48,627000,11.389
2026/04/29 15:43:48,628000,11.381
2026/04/29 15:43:48,629000,11.376
2026/04/29 15:43:48,630000,11.376
2026/04/29 15:43:48,631000,11.373
2026/04/29 15:43:48,632000,11.387
2026/04/29 15:43:48,633000,11.381
2026/04/29 15:43:48,634000,11.381
2026/04/29 15:43:48,635000,11.378
2026/04/29 15:43:48,636000,11.376
2026/04/29 15:43:48,637000,11.381
2026/04/29 15:43:48,638000,11.387
2026/04/29 15:43:48,639000,11.381
2026/04/29 15:43:48,640000,11.378
2026/04/29 15:43:48,641000,11.381
2026/04/29 15:43:48,642000,11.381
2026/04/29 15:43:48,643000,11.387
2026/04/29 15:43:48,644000,11.381
2026/04/29 15:43:48,645000,11.378
2026/04/29 15:43:48,646000,11.381
2026/04/29 15:43:48,647000,11.387
2026/04/29 15:43:48,648000,11.378
2026/04/29 15:43:48,649000,11.373
2026/04/29 15:43:48,650000,11.384
2026/04/29 15:43:48,651000,11.381
2026/04/29 15:43:48,652000,11.381
2026/04/29 15:43:48,653000,11.381
2026/04/29 15:43:48,654000,11.378
2026/04/29 15:43:48,655000,11.378
2026/04/29 15:43:48,656000,11.384
2026/04/29 15:43:48,657000,11.381
2026/04/29 15:43:48,658000,11.378
2026/04/29 15:43:48,659000,11.381
2026/04/29 15:43:48,660000,11.378
2026/04/29 15:43:48,661000,11.381
2026/04/29 15:43:48,662000,11.381
2026/04/29 15:43:48,663000,11.384
2026/04/29 15:43:48,664000,11.378
2026/04/29 15:43:48,665000,11.378
2026/04/29 15:43:48,666000,11.378
2026/04/29 15:43:48,667000,11.376
2026/04/29 15:43:48,668000,11.378
2026/04/29 15:43:48,669000,11.378
2026/04/29 15:43:48,670000,11.381
2026/04/29 15:43:48,671000,11.381
2026/04/29 15:43:48,672000,11.381
2026/04/29 15:43:48,673000,11.389
2026/04/29 15:43:48,674000,11.378
2026/04/29 15:43:48,675000,11.381
2026/04/29 15:43:48,676000,11.378
2026/04/29 15:43:48,677000,11.381
2026/04/29 15:43:48,678000,11.381
2026/04/29 15:43:48,679000,11.381
2026/04/29 15:43:48,680000,11.378
2026/04/29 15:43:48,681000,11.376
2026/04/29 15:43:48,682000,11.381
2026/04/29 15:43:48,683000,11.381
2026/04/29 15:43:48,684000,11.381
2026/04/29 15:43:48,685000,11.381
2026/04/29 15:43:48,686000,11.378
2026/04/29 15:43:48,687000,11.381
2026/04/29 15:43:48,688000,11.381
2026/04/29 15:43:48,689000,11.378
2026/04/29 15:43:48,690000,11.378
2026/04/29 15:43:48,691000,11.378
2026/04/29 15:43:48,692000,11.384
2026/04/29 15:43:48,693000,11.381
2026/04/29 15:43:48,694000,11.381
2026/04/29 15:43:48,695000,11.378
2026/04/29 15:43:48,696000,11.376
2026/04/29 15:43:48,697000,11.381
2026/04/29 15:43:48,698000,11.376
2026/04/29 15:43:48,699000,11.381
2026/04/29 15:43:48,700000,11.381
2026/04/29 15:43:48,701000,11.381
2026/04/29 15:43:48,702000,11.381
2026/04/29 15:43:48,703000,11.381
2026/04/29 15:43:48,704000,11.378
2026/04/29 15:43:48,705000,11.384
2026/04/29 15:43:48,706000,11.381
2026/04/29 15:43:48,707000,11.378
2026/04/29 15:43:48,708000,11.381
2026/04/29 15:43:48,709000,11.387
2026/04/29 15:43:48,710000,11.381
2026/04/29 15:43:48,711000,11.381
2026/04/29 15:43:48,712000,11.387
2026/04/29 15:43:48,713000,11.387
2026/04/29 15:43:48,714000,11.378
2026/04/29 15:43:48,715000,11.381
2026/04/29 15:43:48,716000,11.389
2026/04/29 15:43:48,717000,11.378
2026/04/29 15:43:48,718000,11.381
2026/04/29 15:43:48,719000,11.376
2026/04/29 15:43:48,720000,11.381
2026/04/29 15:43:48,721000,11.381
2026/04/29 15:43:48,722000,11.387
2026/04/29 15:43:48,723000,11.378
2026/04/29 15:43:48,724000,11.376
2026/04/29 15:43:48,725000,11.381
2026/04/29 15:43:48,726000,11.381
2026/04/29 15:43:48,727000,11.384
2026/04/29 15:43:48,728000,11.378
2026/04/29 15:43:48,729000,11.384
2026/04/29 15:43:48,730000,11.378
2026/04/29 15:43:48,731000,11.370
2026/04/29 15:43:48,732000,11.381
2026/04/29 15:43:48,733000,11.381
2026/04/29 15:43:48,734000,11.378
2026/04/29 15:43:48,735000,11.381
2026/04/29 15:43:48,736000,11.381
2026/04/29 15:43:48,737000,11.376
2026/04/29 15:43:48,738000,11.387
2026/04/29 15:43:48,739000,11.378
2026/04/29 15:43:48,740000,11.381
2026/04/29 15:43:48,741000,11.381
2026/04/29 15:43:48,742000,11.381
2026/04/29 15:43:48,743000,11.378
2026/04/29 15:43:48,744000,11.381
2026/04/29 15:43:48,745000,11.384
2026/04/29 15:43:48,746000,11.381
2026/04/29 15:43:48,747000,11.387
2026/04/29 15:43:48,748000,11.378
2026/04/29 15:43:48,749000,11.381
2026/04/29 15:43:48,750000,11.384
2026/04/29 15:43:48,751000,11.384
2026/04/29 15:43:48,752000,11.381
2026/04/29 15:43:48,753000,11.381
2026/04/29 15:43:48,754000,11.381
2026/04/29 15:43:48,755000,11.384
2026/04/29 15:43:48,756000,11.381
2026/04/29 15:43:48,757000,11.384
2026/04/29 15:43:48,758000,11.387
2026/04/29 15:43:48,759000,11.378
2026/04/29 15:43:48,760000,11.381
2026/04/29 15:43:48,761000,11.381
2026/04/29 15:43:48,762000,11.381
2026/04/29 15:43:48,763000,11.381
2026/04/29 15:43:48,764000,11.381
2026/04/29 15:43:48,765000,11.381
2026/04/29 15:43:48,766000,11.381
2026/04/29 15:43:48,767000,11.381
2026/04/29 15:43:48,768000,11.398
2026/04/29 15:43:48,769000,11.381
2026/04/29 15:43:48,770000,11.381
2026/04/29 15:43:48,771000,11.381
2026/04/29 15:43:48,772000,11.384
2026/04/29 15:43:48,773000,11.381
2026/04/29 15:43:48,774000,11.381
2026/04/29 15:43:48,775000,11.381
2026/04/29 15:43:48,776000,11.384
2026/04/29 15:43:48,777000,11.387
2026/04/29 15:43:48,778000,11.381
2026/04/29 15:43:48,779000,11.381
2026/04/29 15:43:48,780000,11.378
2026/04/29 15:43:48,781000,11.378
2026/04/29 15:43:48,782000,11.381
2026/04/29 15:43:48,783000,11.381
2026/04/29 15:43:48,784000,11.381
2026/04/29 15:43:48,785000,11.381
2026/04/29 15:43:48,786000,11.376
2026/04/29 15:43:48,787000,11.381
2026/04/29 15:43:48,788000,11.381
2026/04/29 15:43:48,789000,11.381
2026/04/29 15:43:48,790000,11.378
2026/04/29 15:43:48,791000,11.387
2026/04/29 15:43:48,792000,11.378
2026/04/29 15:43:48,793000,11.387
2026/04/29 15:43:48,794000,11.381
2026/04/29 15:43:48,795000,11.381
2026/04/29 15:43:48,796000,11.384
2026/04/29 15:43:48,797000,11.381
2026/04/29 15:43:48,798000,11.389
2026/04/29 15:43:48,799000,11.387
2026/04/29 15:43:48,800000,11.381
2026/04/29 15:43:48,801000,11.381
2026/04/29 15:43:48,802000,11.381
2026/04/29 15:43:48,803000,11.381
2026/04/29 15:43:48,804000,11.378
2026/04/29 15:43:48,805000,11.381
2026/04/29 15:43:48,806000,11.387
2026/04/29 15:43:48,807000,11.384
2026/04/29 15:43:48,808000,11.381
2026/04/29 15:43:48,809000,11.381
2026/04/29 15:43:48,810000,11.381
2026/04/29 15:43:48,811000,11.381
2026/04/29 15:43:48,812000,11.381
2026/04/29 15:43:48,813000,11.387
2026/04/29 15:43:48,814000,11.381
2026/04/29 15:43:48,815000,11.381
2026/04/29 15:43:48,816000,11.387
2026/04/29 15:43:48,817000,11.381
2026/04/29 15:43:48,818000,11.381
2026/04/29 15:43:48,819000,11.381
2026/04/29 15:43:48,820000,11.384
2026/04/29 15:43:48,821000,11.378
2026/04/29 15:43:48,822000,11.381
2026/04/29 15:43:48,823000,11.381
2026/04/29 15:43:48,824000,11.381
2026/04/29 15:43:48,825000,11.381
2026/04/29 15:43:48,826000,11.381
2026/04/29 15:43:48,827000,11.378
2026/04/29 15:43:48,828000,11.384
2026/04/29 15:43:48,829000,11.373
2026/04/29 15:43:48,830000,11.384
2026/04/29 15:43:48,831000,11.381
2026/04/29 15:43:48,832000,11.384
2026/04/29 15:43:48,833000,11.387
2026/04/29 15:43:48,834000,11.384
2026/04/29 15:43:48,835000,11.384
2026/04/29 15:43:48,836000,11.381
2026/04/29 15:43:48,837000,11.381
2026/04/29 15:43:48,838000,11.384
2026/04/29 15:43:48,839000,11.381
2026/04/29 15:43:48,840000,11.381
2026/04/29 15:43:48,841000,11.384
2026/04/29 15:43:48,842000,11.381
2026/04/29 15:43:48,843000,11.378
2026/04/29 15:43:48,844000,11.384
2026/04/29 15:43:48,845000,11.381
2026/04/29 15:43:48,846000,11.384
2026/04/29 15:43:48,847000,11.381
2026/04/29 15:43:48,848000,11.381
2026/04/29 15:43:48,849000,11.389
2026/04/29 15:43:48,850000,11.381
2026/04/29 15:43:48,851000,11.381
2026/04/29 15:43:48,852000,11.387
2026/04/29 15:43:48,853000,11.378
2026/04/29 15:43:48,854000,11.381
2026/04/29 15:43:48,855000,11.378
2026/04/29 15:43:48,856000,11.381
2026/04/29 15:43:48,857000,11.381
2026/04/29 15:43:48,858000,11.387
2026/04/29 15:43:48,859000,11.381
2026/04/29 15:43:48,860000,11.378
2026/04/29 15:43:48,861000,11.381
2026/04/29 15:43:48,862000,11.384
2026/04/29 15:43:48,863000,11.381
2026/04/29 15:43:48,864000,11.387
2026/04/29 15:43:48,865000,11.381
2026/04/29 15:43:48,866000,11.381
2026/04/29 15:43:48,867000,11.381
2026/04/29 15:43:48,868000,11.381
2026/04/29 15:43:48,869000,11.378
2026/04/29 15:43:48,870000,11.384
2026/04/29 15:43:48,871000,11.381
2026/04/29 15:43:48,872000,11.381
2026/04/29 15:43:48,873000,11.384
2026/04/29 15:43:48,874000,11.387
2026/04/29 15:43:48,875000,11.376
2026/04/29 15:43:48,876000,11.381
2026/04/29 15:43:48,877000,11.389
2026/04/29 15:43:48,878000,11.381
2026/04/29 15:43:48,879000,11.384
2026/04/29 15:43:48,880000,11.378
2026/04/29 15:43:48,881000,11.381
2026/04/29 15:43:48,882000,11.378
2026/04/29 15:43:48,883000,11.381
2026/04/29 15:43:48,884000,11.381
2026/04/29 15:43:48,885000,11.381
2026/04/29 15:43:48,886000,11.389
2026/04/29 15:43:48,887000,11.381
2026/04/29 15:43:48,888000,11.381
2026/04/29 15:43:48,889000,11.384
2026/04/29 15:43:48,890000,11.378
2026/04/29 15:43:48,891000,11.381
2026/04/29 15:43:48,892000,11.387
2026/04/29 15:43:48,893000,11.378
2026/04/29 15:43:48,894000,11.384
2026/04/29 15:43:48,895000,11.381
2026/04/29 15:43:48,896000,11.381
2026/04/29 15:43:48,897000,11.381
2026/04/29 15:43:48,898000,11.381
2026/04/29 15:43:48,899000,11.381
2026/04/29 15:43:48,900000,11.381
2026/04/29 15:43:48,901000,11.381
2026/04/29 15:43:48,902000,11.378
2026/04/29 15:43:48,903000,11.398
2026/04/29 15:43:48,904000,11.381
2026/04/29 15:43:48,905000,11.384
2026/04/29 15:43:48,906000,11.384
2026/04/29 15:43:48,907000,11.381
2026/04/29 15:43:48,908000,11.381
2026/04/29 15:43:48,909000,11.387
2026/04/29 15:43:48,910000,11.378
2026/04/29 15:43:48,911000,11.381
2026/04/29 15:43:48,912000,11.378
2026/04/29 15:43:48,913000,11.387
2026/04/29 15:43:48,914000,11.389
2026/04/29 15:43:48,915000,11.381
2026/04/29 15:43:48,916000,11.378
2026/04/29 15:43:48,917000,11.381
2026/04/29 15:43:48,918000,11.384
2026/04/29 15:43:48,919000,11.381
2026/04/29 15:43:48,920000,11.381
2026/04/29 15:43:48,921000,11.381
2026/04/29 15:43:48,922000,11.381
2026/04/29 15:43:48,923000,11.381
2026/04/29 15:43:48,924000,11.384
2026/04/29 15:43:48,925000,11.384
2026/04/29 15:43:48,926000,11.389
2026/04/29 15:43:48,927000,11.389
2026/04/29 15:43:48,928000,11.387
2026/04/29 15:43:48,929000,11.389
2026/04/29 15:43:48,930000,11.384
2026/04/29 15:43:48,931000,11.378
2026/04/29 15:43:48,932000,11.381
2026/04/29 15:43:48,933000,11.381
2026/04/29 15:43:48,934000,11.378
2026/04/29 15:43:48,935000,11.387
2026/04/29 15:43:48,936000,11.381
2026/04/29 15:43:48,937000,11.384
2026/04/29 15:43:48,938000,11.389
2026/04/29 15:43:48,939000,11.389
2026/04/29 15:43:48,940000,11.384
2026/04/29 15:43:48,941000,11.381
2026/04/29 15:43:48,942000,11.384
2026/04/29 15:43:48,943000,11.381
2026/04/29 15:43:48,944000,11.378
2026/04/29 15:43:48,945000,11.387
2026/04/29 15:43:48,946000,11.387
2026/04/29 15:43:48,947000,11.389
2026/04/29 15:43:48,948000,11.387
2026/04/29 15:43:48,949000,11.384
2026/04/29 15:43:48,950000,11.381
2026/04/29 15:43:48,951000,11.381
2026/04/29 15:43:48,952000,11.387
2026/04/29 15:43:48,953000,11.381
2026/04/29 15:43:48,954000,11.381
2026/04/29 15:43:48,955000,11.381
2026/04/29 15:43:48,956000,11.381
2026/04/29 15:43:48,957000,11.381
2026/04/29 15:43:48,958000,11.381
2026/04/29 15:43:48,959000,11.387
2026/04/29 15:43:48,960000,11.389
2026/04/29 15:43:48,961000,11.387
2026/04/29 15:43:48,962000,11.381
2026/04/29 15:43:48,963000,11.378
2026/04/29 15:43:48,964000,11.381
2026/04/29 15:43:48,965000,11.381
2026/04/29 15:43:48,966000,11.387
2026/04/29 15:43:48,967000,11.381
2026/04/29 15:43:48,968000,11.376
2026/04/29 15:43:48,969000,11.387
2026/04/29 15:43:48,970000,11.384
2026/04/29 15:43:48,971000,11.381
2026/04/29 15:43:48,972000,11.381
2026/04/29 15:43:48,973000,11.381
2026/04/29 15:43:48,974000,11.389
2026/04/29 15:43:48,975000,11.381
2026/04/29 15:43:48,976000,11.381
2026/04/29 15:43:48,977000,11.384
2026/04/29 15:43:48,978000,11.389
2026/04/29 15:43:48,979000,11.381
2026/04/29 15:43:48,980000,11.381
2026/04/29 15:43:48,981000,11.381
2026/04/29 15:43:48,982000,11.387
2026/04/29 15:43:48,983000,11.376
2026/04/29 15:43:48,984000,11.381
2026/04/29 15:43:48,985000,11.387
2026/04/29 15:43:48,986000,11.384
2026/04/29 15:43:48,987000,11.381
2026/04/29 15:43:48,988000,11.387
2026/04/29 15:43:48,989000,11.378
2026/04/29 15:43:48,990000,11.384
2026/04/29 15:43:48,991000,11.387
2026/04/29 15:43:48,992000,11.381
2026/04/29 15:43:48,993000,11.376
2026/04/29 15:43:48,994000,11.381
2026/04/29 15:43:48,995000,11.378
2026/04/29 15:43:48,996000,11.389
2026/04/29 15:43:48,997000,11.381
2026/04/29 15:43:48,998000,11.381
2026/04/29 15:43:48,999000,11.384
2026/04/29 15:43:49,000000,11.384
2026/04/29 15:43:49,001000,11.381
2026/04/29 15:43:49,002000,11.389
2026/04/29 15:43:49,003000,11.389
2026/04/29 15:43:49,004000,11.384
2026/04/29 15:43:49,005000,11.381
2026/04/29 15:43:49,006000,11.381
2026/04/29 15:43:49,007000,11.389
2026/04/29 15:43:49,008000,11.389
2026/04/29 15:43:49,009000,11.381
2026/04/29 15:43:49,010000,11.381
2026/04/29 15:43:49,011000,11.381
2026/04/29 15:43:49,012000,11.384
2026/04/29 15:43:49,013000,11.381
2026/04/29 15:43:49,014000,11.384
2026/04/29 15:43:49,015000,11.381
2026/04/29 15:43:49,016000,11.387
2026/04/29 15:43:49,017000,11.381
2026/04/29 15:43:49,018000,11.387
2026/04/29 15:43:49,019000,11.387
2026/04/29 15:43:49,020000,11.381
2026/04/29 15:43:49,021000,11.381
2026/04/29 15:43:49,022000,11.381
2026/04/29 15:43:49,023000,11.378
2026/04/29 15:43:49,024000,11.389
2026/04/29 15:43:49,025000,11.392
2026/04/29 15:43:49,026000,11.378
2026/04/29 15:43:49,027000,11.387
2026/04/29 15:43:49,028000,11.381
2026/04/29 15:43:49,029000,11.378
2026/04/29 15:43:49,030000,11.381
2026/04/29 15:43:49,031000,11.387
2026/04/29 15:43:49,032000,11.387
2026/04/29 15:43:49,033000,11.381
2026/04/29 15:43:49,034000,11.381
2026/04/29 15:43:49,035000,11.387
2026/04/29 15:43:49,036000,11.381
2026/04/29 15:43:49,037000,11.387
2026/04/29 15:43:49,038000,11.389
2026/04/29 15:43:49,039000,11.387
2026/04/29 15:43:49,040000,11.381
2026/04/29 15:43:49,041000,11.387
2026/04/29 15:43:49,042000,11.384
2026/04/29 15:43:49,043000,11.381
2026/04/29 15:43:49,044000,11.387
2026/04/29 15:43:49,045000,11.389
2026/04/29 15:43:49,046000,11.387
2026/04/29 15:43:49,047000,11.387
2026/04/29 15:43:49,048000,11.381
2026/04/29 15:43:49,049000,11.381
2026/04/29 15:43:49,050000,11.387
2026/04/29 15:43:49,051000,11.387
2026/04/29 15:43:49,052000,11.381
2026/04/29 15:43:49,053000,11.381
2026/04/29 15:43:49,054000,11.381
2026/04/29 15:43:49,055000,11.403
2026/04/29 15:43:49,056000,11.387
2026/04/29 15:43:49,057000,11.376
2026/04/29 15:43:49,058000,11.381
2026/04/29 15:43:49,059000,11.387
2026/04/29 15:43:49,060000,11.387
2026/04/29 15:43:49,061000,11.387
2026/04/29 15:43:49,062000,11.384
2026/04/29 15:43:49,063000,11.378
2026/04/29 15:43:49,064000,11.384
2026/04/29 15:43:49,065000,11.389
2026/04/29 15:43:49,066000,11.381
2026/04/29 15:43:49,067000,11.384
2026/04/29 15:43:49,068000,11.389
2026/04/29 15:43:49,069000,11.381
2026/04/29 15:43:49,070000,11.384
2026/04/29 15:43:49,071000,11.389
2026/04/29 15:43:49,072000,11.387
2026/04/29 15:43:49,073000,11.381
2026/04/29 15:43:49,074000,11.381
2026/04/29 15:43:49,075000,11.387
2026/04/29 15:43:49,076000,11.378
2026/04/29 15:43:49,077000,11.381
2026/04/29 15:43:49,078000,11.389
2026/04/29 15:43:49,079000,11.381
2026/04/29 15:43:49,080000,11.381
2026/04/29 15:43:49,081000,11.381
2026/04/29 15:43:49,082000,11.384
2026/04/29 15:43:49,083000,11.384
2026/04/29 15:43:49,084000,11.381
2026/04/29 15:43:49,085000,11.381
2026/04/29 15:43:49,086000,11.376
2026/04/29 15:43:49,087000,11.381
2026/04/29 15:43:49,088000,11.392
2026/04/29 15:43:49,089000,11.378
2026/04/29 15:43:49,090000,11.381
2026/04/29 15:43:49,091000,11.381
2026/04/29 15:43:49,092000,11.384
2026/04/29 15:43:49,093000,11.387
2026/04/29 15:43:49,094000,11.392
2026/04/29 15:43:49,095000,11.387
2026/04/29 15:43:49,096000,11.381
2026/04/29 15:43:49,097000,11.384
2026/04/29 15:43:49,098000,11.384
2026/04/29 15:43:49,099000,11.395
2026/04/29 15:43:49,100000,11.381
2026/04/29 15:43:49,101000,11.384
2026/04/29 15:43:49,102000,11.387
2026/04/29 15:43:49,103000,11.392
2026/04/29 15:43:49,104000,11.381
2026/04/29 15:43:49,105000,11.381
2026/04/29 15:43:49,106000,11.381
2026/04/29 15:43:49,107000,11.387
2026/04/29 15:43:49,108000,11.392
2026/04/29 15:43:49,109000,11.387
2026/04/29 15:43:49,110000,11.384
2026/04/29 15:43:49,111000,11.387
2026/04/29 15:43:49,112000,11.389
2026/04/29 15:43:49,113000,11.384
2026/04/29 15:43:49,114000,11.381
2026/04/29 15:43:49,115000,11.381
2026/04/29 15:43:49,116000,11.384
2026/04/29 15:43:49,117000,11.389
2026/04/29 15:43:49,118000,11.384
2026/04/29 15:43:49,119000,11.384
2026/04/29 15:43:49,120000,11.387
2026/04/29 15:43:49,121000,11.389
2026/04/29 15:43:49,122000,11.381
2026/04/29 15:43:49,123000,11.384
2026/04/29 15:43:49,124000,11.381
2026/04/29 15:43:49,125000,11.384
2026/04/29 15:43:49,126000,11.384
2026/04/29 15:43:49,127000,11.389
2026/04/29 15:43:49,128000,11.381
2026/04/29 15:43:49,129000,11.389
2026/04/29 15:43:49,130000,11.384
2026/04/29 15:43:49,131000,11.387
2026/04/29 15:43:49,132000,11.389
2026/04/29 15:43:49,133000,11.381
2026/04/29 15:43:49,134000,11.392
2026/04/29 15:43:49,135000,11.387
2026/04/29 15:43:49,136000,11.381
2026/04/29 15:43:49,137000,11.381
2026/04/29 15:43:49,138000,11.381
2026/04/29 15:43:49,139000,11.387
2026/04/29 15:43:49,140000,11.381
2026/04/29 15:43:49,141000,11.381
2026/04/29 15:43:49,142000,11.389
2026/04/29 15:43:49,143000,11.381
2026/04/29 15:43:49,144000,11.387
2026/04/29 15:43:49,145000,11.387
2026/04/29 15:43:49,146000,11.389
2026/04/29 15:43:49,147000,11.384
2026/04/29 15:43:49,148000,11.389
2026/04/29 15:43:49,149000,11.389
2026/04/29 15:43:49,150000,11.387
2026/04/29 15:43:49,151000,11.381
2026/04/29 15:43:49,152000,11.389
2026/04/29 15:43:49,153000,11.392
2026/04/29 15:43:49,154000,11.392
2026/04/29 15:43:49,155000,11.387
2026/04/29 15:43:49,156000,11.387
2026/04/29 15:43:49,157000,11.384
2026/04/29 15:43:49,158000,11.387
2026/04/29 15:43:49,159000,11.378
2026/04/29 15:43:49,160000,11.389
2026/04/29 15:43:49,161000,11.381
2026/04/29 15:43:49,162000,11.389
2026/04/29 15:43:49,163000,11.387
2026/04/29 15:43:49,164000,11.381
2026/04/29 15:43:49,165000,11.389
2026/04/29 15:43:49,166000,11.384
2026/04/29 15:43:49,167000,11.384
2026/04/29 15:43:49,168000,11.387
2026/04/29 15:43:49,169000,11.381
2026/04/29 15:43:49,170000,11.384
2026/04/29 15:43:49,171000,11.384
2026/04/29 15:43:49,172000,11.378
2026/04/29 15:43:49,173000,11.381
2026/04/29 15:43:49,174000,11.384
2026/04/29 15:43:49,175000,11.389
2026/04/29 15:43:49,176000,11.387
2026/04/29 15:43:49,177000,11.384
2026/04/29 15:43:49,178000,11.387
2026/04/29 15:43:49,179000,11.387
2026/04/29 15:43:49,180000,11.381
2026/04/29 15:43:49,181000,11.381
2026/04/29 15:43:49,182000,11.387
2026/04/29 15:43:49,183000,11.389
2026/04/29 15:43:49,184000,11.398
2026/04/29 15:43:49,185000,11.387
2026/04/29 15:43:49,186000,11.387
2026/04/29 15:43:49,187000,11.387
2026/04/29 15:43:49,188000,11.389
2026/04/29 15:43:49,189000,11.387
2026/04/29 15:43:49,190000,11.378
2026/04/29 15:43:49,191000,11.387
2026/04/29 15:43:49,192000,11.387
2026/04/29 15:43:49,193000,11.381
2026/04/29 15:43:49,194000,11.381
2026/04/29 15:43:49,195000,11.384
2026/04/29 15:43:49,196000,11.387
2026/04/29 15:43:49,197000,11.387
2026/04/29 15:43:49,198000,11.384
2026/04/29 15:43:49,199000,11.381
2026/04/29 15:43:49,200000,11.389
2026/04/29 15:43:49,201000,11.389
2026/04/29 15:43:49,202000,11.384
2026/04/29 15:43:49,203000,11.384
2026/04/29 15:43:49,204000,11.381
2026/04/29 15:43:49,205000,11.387
2026/04/29 15:43:49,206000,11.384
2026/04/29 15:43:49,207000,11.387
2026/04/29 15:43:49,208000,11.387
2026/04/29 15:43:49,209000,11.387
2026/04/29 15:43:49,210000,11.381
2026/04/29 15:43:49,211000,11.381
2026/04/29 15:43:49,212000,11.387
2026/04/29 15:43:49,213000,11.381
2026/04/29 15:43:49,214000,11.384
2026/04/29 15:43:49,215000,11.387
2026/04/29 15:43:49,216000,11.381
2026/04/29 15:43:49,217000,11.387
2026/04/29 15:43:49,218000,11.381
2026/04/29 15:43:49,219000,11.381
2026/04/29 15:43:49,220000,11.381
2026/04/29 15:43:49,221000,11.378
2026/04/29 15:43:49,222000,11.389
2026/04/29 15:43:49,223000,11.381
2026/04/29 15:43:49,224000,11.384
2026/04/29 15:43:49,225000,11.387
2026/04/29 15:43:49,226000,11.384
2026/04/29 15:43:49,227000,11.384
2026/04/29 15:43:49,228000,11.387
2026/04/29 15:43:49,229000,11.384
2026/04/29 15:43:49,230000,11.387
2026/04/29 15:43:49,231000,11.381
2026/04/29 15:43:49,232000,11.389
2026/04/29 15:43:49,233000,11.381
2026/04/29 15:43:49,234000,11.381
2026/04/29 15:43:49,235000,11.381
2026/04/29 15:43:49,236000,11.384
2026/04/29 15:43:49,237000,11.381
2026/04/29 15:43:49,238000,11.392
2026/04/29 15:43:49,239000,11.381
2026/04/29 15:43:49,240000,11.381
2026/04/29 15:43:49,241000,11.387
2026/04/29 15:43:49,242000,11.381
2026/04/29 15:43:49,243000,11.387
2026/04/29 15:43:49,244000,11.381
2026/04/29 15:43:49,245000,11.381
2026/04/29 15:43:49,246000,11.384
2026/04/29 15:43:49,247000,11.389
2026/04/29 15:43:49,248000,11.392
2026/04/29 15:43:49,249000,11.384
2026/04/29 15:43:49,250000,11.381
2026/04/29 15:43:49,251000,11.389
2026/04/29 15:43:49,252000,11.381
2026/04/29 15:43:49,253000,11.387
2026/04/29 15:43:49,254000,11.381
2026/04/29 15:43:49,255000,11.389
2026/04/29 15:43:49,256000,11.392
2026/04/29 15:43:49,257000,11.387
2026/04/29 15:43:49,258000,11.389
2026/04/29 15:43:49,259000,11.389
2026/04/29 15:43:49,260000,11.384
2026/04/29 15:43:49,261000,11.389
2026/04/29 15:43:49,262000,11.392
2026/04/29 15:43:49,263000,11.381
2026/04/29 15:43:49,264000,11.395
2026/04/29 15:43:49,265000,11.381
2026/04/29 15:43:49,266000,11.384
2026/04/29 15:43:49,267000,11.389
2026/04/29 15:43:49,268000,11.384
2026/04/29 15:43:49,269000,11.384
2026/04/29 15:43:49,270000,11.387
2026/04/29 15:43:49,271000,11.387
2026/04/29 15:43:49,272000,11.392
2026/04/29 15:43:49,273000,11.389
2026/04/29 15:43:49,274000,11.387
2026/04/29 15:43:49,275000,11.387
2026/04/29 15:43:49,276000,11.381
2026/04/29 15:43:49,277000,11.389
2026/04/29 15:43:49,278000,11.389
2026/04/29 15:43:49,279000,11.381
2026/04/29 15:43:49,280000,11.384
2026/04/29 15:43:49,281000,11.387
2026/04/29 15:43:49,282000,11.389
2026/04/29 15:43:49,283000,11.384
2026/04/29 15:43:49,284000,11.387
2026/04/29 15:43:49,285000,11.392
2026/04/29 15:43:49,286000,11.381
2026/04/29 15:43:49,287000,11.389
2026/04/29 15:43:49,288000,11.389
2026/04/29 15:43:49,289000,11.387
2026/04/29 15:43:49,290000,11.387
2026/04/29 15:43:49,291000,11.381
2026/04/29 15:43:49,292000,11.381
2026/04/29 15:43:49,293000,11.387
2026/04/29 15:43:49,294000,11.384
2026/04/29 15:43:49,295000,11.389
2026/04/29 15:43:49,296000,11.384
2026/04/29 15:43:49,297000,11.381
2026/04/29 15:43:49,298000,11.381
2026/04/29 15:43:49,299000,11.389
2026/04/29 15:43:49,300000,11.389
2026/04/29 15:43:49,301000,11.387
2026/04/29 15:43:49,302000,11.387
2026/04/29 15:43:49,303000,11.389
2026/04/29 15:43:49,304000,11.392
2026/04/29 15:43:49,305000,11.387
2026/04/29 15:43:49,306000,11.389
2026/04/29 15:43:49,307000,11.387
2026/04/29 15:43:49,308000,11.389
2026/04/29 15:43:49,309000,11.389
2026/04/29 15:43:49,310000,11.384
2026/04/29 15:43:49,311000,11.395
2026/04/29 15:43:49,312000,11.387
2026/04/29 15:43:49,313000,11.389
2026/04/29 15:43:49,314000,11.389
2026/04/29 15:43:49,315000,11.387
2026/04/29 15:43:49,316000,11.398
2026/04/29 15:43:49,317000,11.384
2026/04/29 15:43:49,318000,11.387
2026/04/29 15:43:49,319000,11.392
2026/04/29 15:43:49,320000,11.389
2026/04/29 15:43:49,321000,11.389
2026/04/29 15:43:49,322000,11.389
2026/04/29 15:43:49,323000,11.389
2026/04/29 15:43:49,324000,11.384
2026/04/29 15:43:49,325000,11.392
2026/04/29 15:43:49,326000,11.389
2026/04/29 15:43:49,327000,11.387
2026/04/29 15:43:49,328000,11.387
2026/04/29 15:43:49,329000,11.389
2026/04/29 15:43:49,330000,11.387
2026/04/29 15:43:49,331000,11.384
2026/04/29 15:43:49,332000,11.389
2026/04/29 15:43:49,333000,11.381
2026/04/29 15:43:49,334000,11.387
2026/04/29 15:43:49,335000,11.384
2026/04/29 15:43:49,336000,11.387
2026/04/29 15:43:49,337000,11.389
2026/04/29 15:43:49,338000,11.392
2026/04/29 15:43:49,339000,11.381
2026/04/29 15:43:49,340000,11.389
2026/04/29 15:43:49,341000,11.395
2026/04/29 15:43:49,342000,11.384
2026/04/29 15:43:49,343000,11.389
2026/04/29 15:43:49,344000,11.389
2026/04/29 15:43:49,345000,11.389
2026/04/29 15:43:49,346000,11.387
2026/04/29 15:43:49,347000,11.389
2026/04/29 15:43:49,348000,11.392
2026/04/29 15:43:49,349000,11.389
2026/04/29 15:43:49,350000,11.389
2026/04/29 15:43:49,351000,11.389
2026/04/29 15:43:49,352000,11.389
2026/04/29 15:43:49,353000,11.387
2026/04/29 15:43:49,354000,11.387
2026/04/29 15:43:49,355000,11.389
2026/04/29 15:43:49,356000,11.381
2026/04/29 15:43:49,357000,11.384
2026/04/29 15:43:49,358000,11.389
2026/04/29 15:43:49,359000,11.389
2026/04/29 15:43:49,360000,11.389
2026/04/29 15:43:49,361000,11.387
2026/04/29 15:43:49,362000,11.387
2026/04/29 15:43:49,363000,11.389
2026/04/29 15:43:49,364000,11.384
2026/04/29 15:43:49,365000,11.387
2026/04/29 15:43:49,366000,11.389
2026/04/29 15:43:49,367000,11.387
2026/04/29 15:43:49,368000,11.389
2026/04/29 15:43:49,369000,11.392
2026/04/29 15:43:49,370000,11.389
2026/04/29 15:43:49,371000,11.395
2026/04/29 15:43:49,372000,11.389
2026/04/29 15:43:49,373000,11.392
2026/04/29 15:43:49,374000,11.389
2026/04/29 15:43:49,375000,11.387
2026/04/29 15:43:49,376000,11.392
2026/04/29 15:43:49,377000,11.384
2026/04/29 15:43:49,378000,11.384
2026/04/29 15:43:49,379000,11.387
2026/04/29 15:43:49,380000,11.389
2026/04/29 15:43:49,381000,11.381
2026/04/29 15:43:49,382000,11.389
2026/04/29 15:43:49,383000,11.392
2026/04/29 15:43:49,384000,11.387
2026/04/29 15:43:49,385000,11.389
2026/04/29 15:43:49,386000,11.392
2026/04/29 15:43:49,387000,11.392
2026/04/29 15:43:49,388000,11.389
2026/04/29 15:43:49,389000,11.387
2026/04/29 15:43:49,390000,11.389
2026/04/29 15:43:49,391000,11.392
2026/04/29 15:43:49,392000,11.389
2026/04/29 15:43:49,393000,11.387
2026/04/29 15:43:49,394000,11.389
2026/04/29 15:43:49,395000,11.392
2026/04/29 15:43:49,396000,11.387
2026/04/29 15:43:49,397000,11.389
2026/04/29 15:43:49,398000,11.392
2026/04/29 15:43:49,399000,11.389
2026/04/29 15:43:49,400000,11.387
2026/04/29 15:43:49,401000,11.387
2026/04/29 15:43:49,402000,11.387
2026/04/29 15:43:49,403000,11.389
2026/04/29 15:43:49,404000,11.389
2026/04/29 15:43:49,405000,11.389
2026/04/29 15:43:49,406000,11.387
2026/04/29 15:43:49,407000,11.381
2026/04/29 15:43:49,408000,11.389
2026/04/29 15:43:49,409000,11.381
2026/04/29 15:43:49,410000,11.381
2026/04/29 15:43:49,411000,11.392
2026/04/29 15:43:49,412000,11.392
2026/04/29 15:43:49,413000,11.395
2026/04/29 15:43:49,414000,11.387
2026/04/29 15:43:49,415000,11.381
2026/04/29 15:43:49,416000,11.381
2026/04/29 15:43:49,417000,11.387
2026/04/29 15:43:49,418000,11.387
2026/04/29 15:43:49,419000,11.384
2026/04/29 15:43:49,420000,11.389
2026/04/29 15:43:49,421000,11.389
2026/04/29 15:43:49,422000,11.387
2026/04/29 15:43:49,423000,11.387
2026/04/29 15:43:49,424000,11.381
2026/04/29 15:43:49,425000,11.392
2026/04/29 15:43:49,426000,11.381
2026/04/29 15:43:49,427000,11.384
2026/04/29 15:43:49,428000,11.387
2026/04/29 15:43:49,429000,11.381
2026/04/29 15:43:49,430000,11.389
2026/04/29 15:43:49,431000,11.387
2026/04/29 15:43:49,432000,11.387
2026/04/29 15:43:49,433000,11.389
2026/04/29 15:43:49,434000,11.392
2026/04/29 15:43:49,435000,11.392
2026/04/29 15:43:49,436000,11.392
2026/04/29 15:43:49,437000,11.392
2026/04/29 15:43:49,438000,11.389
2026/04/29 15:43:49,439000,11.392
2026/04/29 15:43:49,440000,11.392
2026/04/29 15:43:49,441000,11.387
2026/04/29 15:43:49,442000,11.381
2026/04/29 15:43:49,443000,11.387
2026/04/29 15:43:49,444000,11.387
2026/04/29 15:43:49,445000,11.384
2026/04/29 15:43:49,446000,11.381
2026/04/29 15:43:49,447000,11.392
2026/04/29 15:43:49,448000,11.389
2026/04/29 15:43:49,449000,11.389
2026/04/29 15:43:49,450000,11.384
2026/04/29 15:43:49,451000,11.387
2026/04/29 15:43:49,452000,11.398
2026/04/29 15:43:49,453000,11.387
2026/04/29 15:43:49,454000,11.384
2026/04/29 15:43:49,455000,11.387
2026/04/29 15:43:49,456000,11.389
2026/04/29 15:43:49,457000,11.392
2026/04/29 15:43:49,458000,11.387
2026/04/29 15:43:49,459000,11.398
2026/04/29 15:43:49,460000,11.381
2026/04/29 15:43:49,461000,11.392
2026/04/29 15:43:49,462000,11.387
2026/04/29 15:43:49,463000,11.392
2026/04/29 15:43:49,464000,11.389
2026/04/29 15:43:49,465000,11.387
2026/04/29 15:43:49,466000,11.381
2026/04/29 15:43:49,467000,11.389
2026/04/29 15:43:49,468000,11.389
2026/04/29 15:43:49,469000,11.389
2026/04/29 15:43:49,470000,11.389
2026/04/29 15:43:49,471000,11.384
2026/04/29 15:43:49,472000,11.389
2026/04/29 15:43:49,473000,11.381
2026/04/29 15:43:49,474000,11.392
2026/04/29 15:43:49,475000,11.389
2026/04/29 15:43:49,476000,11.384
2026/04/29 15:43:49,477000,11.384
2026/04/29 15:43:49,478000,11.381
2026/04/29 15:43:49,479000,11.395
2026/04/29 15:43:49,480000,11.387
2026/04/29 15:43:49,481000,11.387
2026/04/29 15:43:49,482000,11.389
2026/04/29 15:43:49,483000,11.389
2026/04/29 15:43:49,484000,11.389
2026/04/29 15:43:49,485000,11.389
2026/04/29 15:43:49,486000,11.387
2026/04/29 15:43:49,487000,11.389
2026/04/29 15:43:49,488000,11.389
2026/04/29 15:43:49,489000,11.398
2026/04/29 15:43:49,490000,11.387
2026/04/29 15:43:49,491000,11.389
2026/04/29 15:43:49,492000,11.392
2026/04/29 15:43:49,493000,11.401
2026/04/29 15:43:49,494000,11.387
2026/04/29 15:43:49,495000,11.389
2026/04/29 15:43:49,496000,11.389
2026/04/29 15:43:49,497000,11.389
2026/04/29 15:43:49,498000,11.392
2026/04/29 15:43:49,499000,11.381
2026/04/29 15:43:49,500000,11.389
2026/04/29 15:43:49,501000,11.389
2026/04/29 15:43:49,502000,11.384
2026/04/29 15:43:49,503000,11.389
2026/04/29 15:43:49,504000,11.392
2026/04/29 15:43:49,505000,11.387
2026/04/29 15:43:49,506000,11.392
2026/04/29 15:43:49,507000,11.387
2026/04/29 15:43:49,508000,11.389
2026/04/29 15:43:49,509000,11.387
2026/04/29 15:43:49,510000,11.392
2026/04/29 15:43:49,511000,11.389
2026/04/29 15:43:49,512000,11.389
2026/04/29 15:43:49,513000,11.381
2026/04/29 15:43:49,514000,11.381
2026/04/29 15:43:49,515000,11.389
2026/04/29 15:43:49,516000,11.389
2026/04/29 15:43:49,517000,11.387
2026/04/29 15:43:49,518000,11.389
2026/04/29 15:43:49,519000,11.392
2026/04/29 15:43:49,520000,11.389
2026/04/29 15:43:49,521000,11.381
2026/04/29 15:43:49,522000,11.389
2026/04/29 15:43:49,523000,11.387
2026/04/29 15:43:49,524000,11.387
2026/04/29 15:43:49,525000,11.384
2026/04/29 15:43:49,526000,11.389
2026/04/29 15:43:49,527000,11.387
2026/04/29 15:43:49,528000,11.389
2026/04/29 15:43:49,529000,11.392
2026/04/29 15:43:49,530000,11.389
2026/04/29 15:43:49,531000,11.387
2026/04/29 15:43:49,532000,11.389
2026/04/29 15:43:49,533000,11.387
2026/04/29 15:43:49,534000,11.381
2026/04/29 15:43:49,535000,11.389
2026/04/29 15:43:49,536000,11.392
2026/04/29 15:43:49,537000,11.387
2026/04/29 15:43:49,538000,11.387
2026/04/29 15:43:49,539000,11.387
2026/04/29 15:43:49,540000,11.389
2026/04/29 15:43:49,541000,11.392
2026/04/29 15:43:49,542000,11.392
2026/04/29 15:43:49,543000,11.384
2026/04/29 15:43:49,544000,11.389
2026/04/29 15:43:49,545000,11.387
2026/04/29 15:43:49,546000,11.389
2026/04/29 15:43:49,547000,11.387
2026/04/29 15:43:49,548000,11.387
2026/04/29 15:43:49,549000,11.392
2026/04/29 15:43:49,550000,11.389
2026/04/29 15:43:49,551000,11.389
2026/04/29 15:43:49,552000,11.387
2026/04/29 15:43:49,553000,11.381
2026/04/29 15:43:49,554000,11.389
2026/04/29 15:43:49,555000,11.389
2026/04/29 15:43:49,556000,11.389
2026/04/29 15:43:49,557000,11.389
2026/04/29 15:43:49,558000,11.389
2026/04/29 15:43:49,559000,11.387
2026/04/29 15:43:49,560000,11.384
2026/04/29 15:43:49,561000,11.384
2026/04/29 15:43:49,562000,11.387
2026/04/29 15:43:49,563000,11.387
2026/04/29 15:43:49,564000,11.381
2026/04/29 15:43:49,565000,11.387
2026/04/29 15:43:49,566000,11.387
2026/04/29 15:43:49,567000,11.389
2026/04/29 15:43:49,568000,11.389
2026/04/29 15:43:49,569000,11.384
2026/04/29 15:43:49,570000,11.387
2026/04/29 15:43:49,571000,11.387
2026/04/29 15:43:49,572000,11.387
2026/04/29 15:43:49,573000,11.389
2026/04/29 15:43:49,574000,11.389
2026/04/29 15:43:49,575000,11.378
2026/04/29 15:43:49,576000,11.392
2026/04/29 15:43:49,577000,11.389
2026/04/29 15:43:49,578000,11.387
2026/04/29 15:43:49,579000,11.392
2026/04/29 15:43:49,580000,11.392
2026/04/29 15:43:49,581000,11.392
2026/04/29 15:43:49,582000,11.389
2026/04/29 15:43:49,583000,11.387
2026/04/29 15:43:49,584000,11.392
2026/04/29 15:43:49,585000,11.392
2026/04/29 15:43:49,586000,11.389
2026/04/29 15:43:49,587000,11.392
2026/04/29 15:43:49,588000,11.387
2026/04/29 15:43:49,589000,11.389
2026/04/29 15:43:49,590000,11.387
2026/04/29 15:43:49,591000,11.392
2026/04/29 15:43:49,592000,11.381
2026/04/29 15:43:49,593000,11.392
2026/04/29 15:43:49,594000,11.398
2026/04/29 15:43:49,595000,11.389
2026/04/29 15:43:49,596000,11.387
2026/04/29 15:43:49,597000,11.392
2026/04/29 15:43:49,598000,11.389
2026/04/29 15:43:49,599000,11.389
2026/04/29 15:43:49,600000,11.389
2026/04/29 15:43:49,601000,11.387
2026/04/29 15:43:49,602000,11.392
2026/04/29 15:43:49,603000,11.381
2026/04/29 15:43:49,604000,11.384
2026/04/29 15:43:49,605000,11.381
2026/04/29 15:43:49,606000,11.392
2026/04/29 15:43:49,607000,11.389
2026/04/29 15:43:49,608000,11.387
2026/04/29 15:43:49,609000,11.389
2026/04/29 15:43:49,610000,11.389
2026/04/29 15:43:49,611000,11.387
2026/04/29 15:43:49,612000,11.392
2026/04/29 15:43:49,613000,11.389
2026/04/29 15:43:49,614000,11.392
2026/04/29 15:43:49,615000,11.395
2026/04/29 15:43:49,616000,11.387
2026/04/29 15:43:49,617000,11.395
2026/04/29 15:43:49,618000,11.389
2026/04/29 15:43:49,619000,11.392
2026/04/29 15:43:49,620000,11.389
2026/04/29 15:43:49,621000,11.392
2026/04/29 15:43:49,622000,11.389
2026/04/29 15:43:49,623000,11.392
2026/04/29 15:43:49,624000,11.392
2026/04/29 15:43:49,625000,11.387
2026/04/29 15:43:49,626000,11.389
2026/04/29 15:43:49,627000,11.387
2026/04/29 15:43:49,628000,11.381
2026/04/29 15:43:49,629000,11.384
2026/04/29 15:43:49,630000,11.387
2026/04/29 15:43:49,631000,11.387
2026/04/29 15:43:49,632000,11.381
2026/04/29 15:43:49,633000,11.389
2026/04/29 15:43:49,634000,11.384
2026/04/29 15:43:49,635000,11.392
2026/04/29 15:43:49,636000,11.389
2026/04/29 15:43:49,637000,11.392
2026/04/29 15:43:49,638000,11.398
2026/04/29 15:43:49,639000,11.389
2026/04/29 15:43:49,640000,11.389
2026/04/29 15:43:49,641000,11.387
2026/04/29 15:43:49,642000,11.381
2026/04/29 15:43:49,643000,11.392
2026/04/29 15:43:49,644000,11.389
2026/04/29 15:43:49,645000,11.389
2026/04/29 15:43:49,646000,11.389
2026/04/29 15:43:49,647000,11.389
2026/04/29 15:43:49,648000,11.381
2026/04/29 15:43:49,649000,11.387
2026/04/29 15:43:49,650000,11.387
2026/04/29 15:43:49,651000,11.389
2026/04/29 15:43:49,652000,11.389
2026/04/29 15:43:49,653000,11.389
2026/04/29 15:43:49,654000,11.389
2026/04/29 15:43:49,655000,11.384
2026/04/29 15:43:49,656000,11.387
2026/04/29 15:43:49,657000,11.392
2026/04/29 15:43:49,658000,11.389
2026/04/29 15:43:49,659000,11.387
2026/04/29 15:43:49,660000,11.392
2026/04/29 15:43:49,661000,11.395
2026/04/29 15:43:49,662000,11.389
2026/04/29 15:43:49,663000,11.389
2026/04/29 15:43:49,664000,11.384
2026/04/29 15:43:49,665000,11.389
2026/04/29 15:43:49,666000,11.381
2026/04/29 15:43:49,667000,11.389
2026/04/29 15:43:49,668000,11.384
2026/04/29 15:43:49,669000,11.392
2026/04/29 15:43:49,670000,11.389
2026/04/29 15:43:49,671000,11.392
2026/04/29 15:43:49,672000,11.389
2026/04/29 15:43:49,673000,11.387
2026/04/29 15:43:49,674000,11.384
2026/04/29 15:43:49,675000,11.395
2026/04/29 15:43:49,676000,11.392
2026/04/29 15:43:49,677000,11.389
2026/04/29 15:43:49,678000,11.387
2026/04/29 15:43:49,679000,11.389
2026/04/29 15:43:49,680000,11.389
2026/04/29 15:43:49,681000,11.381
2026/04/29 15:43:49,682000,11.389
2026/04/29 15:43:49,683000,11.392
2026/04/29 15:43:49,684000,11.395
2026/04/29 15:43:49,685000,11.392
2026/04/29 15:43:49,686000,11.392
2026/04/29 15:43:49,687000,11.389
2026/04/29 15:43:49,688000,11.389
2026/04/29 15:43:49,689000,11.392
2026/04/29 15:43:49,690000,11.395
2026/04/29 15:43:49,691000,11.392
2026/04/29 15:43:49,692000,11.389
2026/04/29 15:43:49,693000,11.389
2026/04/29 15:43:49,694000,11.387
2026/04/29 15:43:49,695000,11.389
2026/04/29 15:43:49,696000,11.392
2026/04/29 15:43:49,697000,11.392
2026/04/29 15:43:49,698000,11.387
2026/04/29 15:43:49,699000,11.389
2026/04/29 15:43:49,700000,11.389
2026/04/29 15:43:49,701000,11.389
2026/04/29 15:43:49,702000,11.398
2026/04/29 15:43:49,703000,11.389
2026/04/29 15:43:49,704000,11.389
2026/04/29 15:43:49,705000,11.387
2026/04/29 15:43:49,706000,11.392
2026/04/29 15:43:49,707000,11.392
2026/04/29 15:43:49,708000,11.387
2026/04/29 15:43:49,709000,11.392
2026/04/29 15:43:49,710000,11.387
2026/04/29 15:43:49,711000,11.381
2026/04/29 15:43:49,712000,11.392
2026/04/29 15:43:49,713000,11.392
2026/04/29 15:43:49,714000,11.392
2026/04/29 15:43:49,715000,11.387
2026/04/29 15:43:49,716000,11.392
2026/04/29 15:43:49,717000,11.392
2026/04/29 15:43:49,718000,11.392
2026/04/29 15:43:49,719000,11.395
2026/04/29 15:43:49,720000,11.395
2026/04/29 15:43:49,721000,11.387
2026/04/29 15:43:49,722000,11.392
2026/04/29 15:43:49,723000,11.392
2026/04/29 15:43:49,724000,11.395
2026/04/29 15:43:49,725000,11.387
2026/04/29 15:43:49,726000,11.395
2026/04/29 15:43:49,727000,11.395
2026/04/29 15:43:49,728000,11.384
2026/04/29 15:43:49,729000,11.392
2026/04/29 15:43:49,730000,11.389
2026/04/29 15:43:49,731000,11.392
2026/04/29 15:43:49,732000,11.389
2026/04/29 15:43:49,733000,11.389
2026/04/29 15:43:49,734000,11.395
2026/04/29 15:43:49,735000,11.387
2026/04/29 15:43:49,736000,11.395
2026/04/29 15:43:49,737000,11.392
2026/04/29 15:43:49,738000,11.392
2026/04/29 15:43:49,739000,11.387
2026/04/29 15:43:49,740000,11.392
2026/04/29 15:43:49,741000,11.387
2026/04/29 15:43:49,742000,11.387
2026/04/29 15:43:49,743000,11.392
2026/04/29 15:43:49,744000,11.389
2026/04/29 15:43:49,745000,11.389
2026/04/29 15:43:49,746000,11.395
2026/04/29 15:43:49,747000,11.395
2026/04/29 15:43:49,748000,11.389
2026/04/29 15:43:49,749000,11.389
2026/04/29 15:43:49,750000,11.389
2026/04/29 15:43:49,751000,11.387
2026/04/29 15:43:49,752000,11.392
2026/04/29 15:43:49,753000,11.392
2026/04/29 15:43:49,754000,11.389
2026/04/29 15:43:49,755000,11.389
2026/04/29 15:43:49,756000,11.389
2026/04/29 15:43:49,757000,11.389
2026/04/29 15:43:49,758000,11.387
2026/04/29 15:43:49,759000,11.392
2026/04/29 15:43:49,760000,11.389
2026/04/29 15:43:49,761000,11.387
2026/04/29 15:43:49,762000,11.395
2026/04/29 15:43:49,763000,11.387
2026/04/29 15:43:49,764000,11.389
2026/04/29 15:43:49,765000,11.392
2026/04/29 15:43:49,766000,11.389
2026/04/29 15:43:49,767000,11.392
2026/04/29 15:43:49,768000,11.392
2026/04/29 15:43:49,769000,11.384
2026/04/29 15:43:49,770000,11.392
2026/04/29 15:43:49,771000,11.389
2026/04/29 15:43:49,772000,11.387
2026/04/29 15:43:49,773000,11.387
2026/04/29 15:43:49,774000,11.389
2026/04/29 15:43:49,775000,11.389
2026/04/29 15:43:49,776000,11.392
2026/04/29 15:43:49,777000,11.389
2026/04/29 15:43:49,778000,11.389
2026/04/29 15:43:49,779000,11.387
2026/04/29 15:43:49,780000,11.392
2026/04/29 15:43:49,781000,11.387
2026/04/29 15:43:49,782000,11.389
2026/04/29 15:43:49,783000,11.395
2026/04/29 15:43:49,784000,11.387
2026/04/29 15:43:49,785000,11.395
2026/04/29 15:43:49,786000,11.395
2026/04/29 15:43:49,787000,11.387
2026/04/29 15:43:49,788000,11.395
2026/04/29 15:43:49,789000,11.392
2026/04/29 15:43:49,790000,11.389
2026/04/29 15:43:49,791000,11.378
2026/04/29 15:43:49,792000,11.392
2026/04/29 15:43:49,793000,11.389
2026/04/29 15:43:49,794000,11.389
2026/04/29 15:43:49,795000,11.395
2026/04/29 15:43:49,796000,11.392
2026/04/29 15:43:49,797000,11.392
2026/04/29 15:43:49,798000,11.389
2026/04/29 15:43:49,799000,11.392
2026/04/29 15:43:49,800000,11.392
2026/04/29 15:43:49,801000,11.389
2026/04/29 15:43:49,802000,11.389
2026/04/29 15:43:49,803000,11.392
2026/04/29 15:43:49,804000,11.387
2026/04/29 15:43:49,805000,11.392
2026/04/29 15:43:49,806000,11.387
2026/04/29 15:43:49,807000,11.398
2026/04/29 15:43:49,808000,11.395
2026/04/29 15:43:49,809000,11.389
2026/04/29 15:43:49,810000,11.392
2026/04/29 15:43:49,811000,11.387
2026/04/29 15:43:49,812000,11.392
2026/04/29 15:43:49,813000,11.392
2026/04/29 15:43:49,814000,11.389
2026/04/29 15:43:49,815000,11.387
2026/04/29 15:43:49,816000,11.389
2026/04/29 15:43:49,817000,11.389
2026/04/29 15:43:49,818000,11.401
2026/04/29 15:43:49,819000,11.384
2026/04/29 15:43:49,820000,11.389
2026/04/29 15:43:49,821000,11.392
2026/04/29 15:43:49,822000,11.389
2026/04/29 15:43:49,823000,11.389
2026/04/29 15:43:49,824000,11.387
2026/04/29 15:43:49,825000,11.389
2026/04/29 15:43:49,826000,11.389
2026/04/29 15:43:49,827000,11.389
2026/04/29 15:43:49,828000,11.392
2026/04/29 15:43:49,829000,11.395
2026/04/29 15:43:49,830000,11.392
2026/04/29 15:43:49,831000,11.395
2026/04/29 15:43:49,832000,11.392
2026/04/29 15:43:49,833000,11.392
2026/04/29 15:43:49,834000,11.389
2026/04/29 15:43:49,835000,11.392
2026/04/29 15:43:49,836000,11.389
2026/04/29 15:43:49,837000,11.387
2026/04/29 15:43:49,838000,11.389
2026/04/29 15:43:49,839000,11.392
2026/04/29 15:43:49,840000,11.392
2026/04/29 15:43:49,841000,11.395
2026/04/29 15:43:49,842000,11.392
2026/04/29 15:43:49,843000,11.392
2026/04/29 15:43:49,844000,11.392
2026/04/29 15:43:49,845000,11.395
2026/04/29 15:43:49,846000,11.392
2026/04/29 15:43:49,847000,11.395
2026/04/29 15:43:49,848000,11.389
2026/04/29 15:43:49,849000,11.387
2026/04/29 15:43:49,850000,11.392
2026/04/29 15:43:49,851000,11.389
2026/04/29 15:43:49,852000,11.392
2026/04/29 15:43:49,853000,11.389
2026/04/29 15:43:49,854000,11.389
2026/04/29 15:43:49,855000,11.381
2026/04/29 15:43:49,856000,11.392
2026/04/29 15:43:49,857000,11.389
2026/04/29 15:43:49,858000,11.392
2026/04/29 15:43:49,859000,11.392
2026/04/29 15:43:49,860000,11.389
2026/04/29 15:43:49,861000,11.389
2026/04/29 15:43:49,862000,11.392
2026/04/29 15:43:49,863000,11.398
2026/04/29 15:43:49,864000,11.381
2026/04/29 15:43:49,865000,11.389
2026/04/29 15:43:49,866000,11.395
2026/04/29 15:43:49,867000,11.392
2026/04/29 15:43:49,868000,11.392
2026/04/29 15:43:49,869000,11.398
2026/04/29 15:43:49,870000,11.401
2026/04/29 15:43:49,871000,11.395
2026/04/29 15:43:49,872000,11.392
2026/04/29 15:43:49,873000,11.392
2026/04/29 15:43:49,874000,11.389
2026/04/29 15:43:49,875000,11.387
2026/04/29 15:43:49,876000,11.392
2026/04/29 15:43:49,877000,11.395
2026/04/29 15:43:49,878000,11.387
2026/04/29 15:43:49,879000,11.389
2026/04/29 15:43:49,880000,11.387
2026/04/29 15:43:49,881000,11.387
2026/04/29 15:43:49,882000,11.387
2026/04/29 15:43:49,883000,11.387
2026/04/29 15:43:49,884000,11.389
2026/04/29 15:43:49,885000,11.389
2026/04/29 15:43:49,886000,11.389
2026/04/29 15:43:49,887000,11.389
2026/04/29 15:43:49,888000,11.387
2026/04/29 15:43:49,889000,11.392
2026/04/29 15:43:49,890000,11.392
2026/04/29 15:43:49,891000,11.389
2026/04/29 15:43:49,892000,11.389
2026/04/29 15:43:49,893000,11.392
2026/04/29 15:43:49,894000,11.392
2026/04/29 15:43:49,895000,11.389
2026/04/29 15:43:49,896000,11.398
2026/04/29 15:43:49,897000,11.387
2026/04/29 15:43:49,898000,11.387
2026/04/29 15:43:49,899000,11.392
2026/04/29 15:43:49,900000,11.389
2026/04/29 15:43:49,901000,11.392
2026/04/29 15:43:49,902000,11.392
2026/04/29 15:43:49,903000,11.392
2026/04/29 15:43:49,904000,11.392
2026/04/29 15:43:49,905000,11.392
2026/04/29 15:43:49,906000,11.389
2026/04/29 15:43:49,907000,11.392
2026/04/29 15:43:49,908000,11.395
2026/04/29 15:43:49,909000,11.387
2026/04/29 15:43:49,910000,11.392
2026/04/29 15:43:49,911000,11.389
2026/04/29 15:43:49,912000,11.384
2026/04/29 15:43:49,913000,11.395
2026/04/29 15:43:49,914000,11.384
2026/04/29 15:43:49,915000,11.392
2026/04/29 15:43:49,916000,11.398
2026/04/29 15:43:49,917000,11.392
2026/04/29 15:43:49,918000,11.392
2026/04/29 15:43:49,919000,11.387
2026/04/29 15:43:49,920000,11.384
2026/04/29 15:43:49,921000,11.392
2026/04/29 15:43:49,922000,11.395
2026/04/29 15:43:49,923000,11.381
2026/04/29 15:43:49,924000,11.395
2026/04/29 15:43:49,925000,11.392
2026/04/29 15:43:49,926000,11.389
2026/04/29 15:43:49,927000,11.401
2026/04/29 15:43:49,928000,11.395
2026/04/29 15:43:49,929000,11.389
2026/04/29 15:43:49,930000,11.384
2026/04/29 15:43:49,931000,11.389
2026/04/29 15:43:49,932000,11.392
2026/04/29 15:43:49,933000,11.392
2026/04/29 15:43:49,934000,11.389
2026/04/29 15:43:49,935000,11.392
2026/04/29 15:43:49,936000,11.395
2026/04/29 15:43:49,937000,11.387
2026/04/29 15:43:49,938000,11.389
2026/04/29 15:43:49,939000,11.381
2026/04/29 15:43:49,940000,11.392
2026/04/29 15:43:49,941000,11.392
2026/04/29 15:43:49,942000,11.387
2026/04/29 15:43:49,943000,11.387
2026/04/29 15:43:49,944000,11.381
2026/04/29 15:43:49,945000,11.392
2026/04/29 15:43:49,946000,11.381
2026/04/29 15:43:49,947000,11.392
2026/04/29 15:43:49,948000,11.381
2026/04/29 15:43:49,949000,11.389
2026/04/29 15:43:49,950000,11.389
2026/04/29 15:43:49,951000,11.392
2026/04/29 15:43:49,952000,11.392
2026/04/29 15:43:49,953000,11.387
2026/04/29 15:43:49,954000,11.395
2026/04/29 15:43:49,955000,11.389
2026/04/29 15:43:49,956000,11.392
2026/04/29 15:43:49,957000,11.389
2026/04/29 15:43:49,958000,11.392
2026/04/29 15:43:49,959000,11.392
2026/04/29 15:43:49,960000,11.389
2026/04/29 15:43:49,961000,11.392
2026/04/29 15:43:49,962000,11.381
2026/04/29 15:43:49,963000,11.398
2026/04/29 15:43:49,964000,11.387
2026/04/29 15:43:49,965000,11.392
2026/04/29 15:43:49,966000,11.387
2026/04/29 15:43:49,967000,11.389
2026/04/29 15:43:49,968000,11.389
2026/04/29 15:43:49,969000,11.398
2026/04/29 15:43:49,970000,11.392
2026/04/29 15:43:49,971000,11.401
2026/04/29 15:43:49,972000,11.392
2026/04/29 15:43:49,973000,11.389
2026/04/29 15:43:49,974000,11.387
2026/04/29 15:43:49,975000,11.392
2026/04/29 15:43:49,976000,11.384
2026/04/29 15:43:49,977000,11.389
2026/04/29 15:43:49,978000,11.395
2026/04/29 15:43:49,979000,11.389
2026/04/29 15:43:49,980000,11.392
2026/04/29 15:43:49,981000,11.389
2026/04/29 15:43:49,982000,11.389
2026/04/29 15:43:49,983000,11.395
2026/04/29 15:43:49,984000,11.392
2026/04/29 15:43:49,985000,11.392
2026/04/29 15:43:49,986000,11.392
2026/04/29 15:43:49,987000,11.389
2026/04/29 15:43:49,988000,11.389
2026/04/29 15:43:49,989000,11.389
2026/04/29 15:43:49,990000,11.395
2026/04/29 15:43:49,991000,11.395
2026/04/29 15:43:49,992000,11.395
2026/04/29 15:43:49,993000,11.392
2026/04/29 15:43:49,994000,11.389
2026/04/29 15:43:49,995000,11.395
2026/04/29 15:43:49,996000,11.392
2026/04/29 15:43:49,997000,11.389
2026/04/29 15:43:49,998000,11.389
2026/04/29 15:43:49,999000,11.395
2026/04/29 15:43:50,000000,11.392
2026/04/29 15:43:50,001000,11.392
2026/04/29 15:43:50,002000,11.389
2026/04/29 15:43:50,003000,11.395
2026/04/29 15:43:50,004000,11.392
2026/04/29 15:43:50,005000,11.398
2026/04/29 15:43:50,006000,11.387
2026/04/29 15:43:50,007000,11.392
2026/04/29 15:43:50,008000,11.398
2026/04/29 15:43:50,009000,11.398
2026/04/29 15:43:50,010000,11.395
2026/04/29 15:43:50,011000,11.392
2026/04/29 15:43:50,012000,11.395
2026/04/29 15:43:50,013000,11.387
2026/04/29 15:43:50,014000,11.389
2026/04/29 15:43:50,015000,11.392
2026/04/29 15:43:50,016000,11.387
2026/04/29 15:43:50,017000,11.395
2026/04/29 15:43:50,018000,11.392
2026/04/29 15:43:50,019000,11.387
2026/04/29 15:43:50,020000,11.395
2026/04/29 15:43:50,021000,11.395
2026/04/29 15:43:50,022000,11.398
2026/04/29 15:43:50,023000,11.387
2026/04/29 15:43:50,024000,11.395
2026/04/29 15:43:50,025000,11.395
2026/04/29 15:43:50,026000,11.392
2026/04/29 15:43:50,027000,11.389
2026/04/29 15:43:50,028000,11.389
2026/04/29 15:43:50,029000,11.389
2026/04/29 15:43:50,030000,11.398
2026/04/29 15:43:50,031000,11.387
2026/04/29 15:43:50,032000,11.395
2026/04/29 15:43:50,033000,11.392
2026/04/29 15:43:50,034000,11.392
2026/04/29 15:43:50,035000,11.398
2026/04/29 15:43:50,036000,11.395
2026/04/29 15:43:50,037000,11.389
2026/04/29 15:43:50,038000,11.392
2026/04/29 15:43:50,039000,11.387
2026/04/29 15:43:50,040000,11.392
2026/04/29 15:43:50,041000,11.389
2026/04/29 15:43:50,042000,11.387
2026/04/29 15:43:50,043000,11.392
2026/04/29 15:43:50,044000,11.389
2026/04/29 15:43:50,045000,11.392
2026/04/29 15:43:50,046000,11.392
2026/04/29 15:43:50,047000,11.389
2026/04/29 15:43:50,048000,11.392
2026/04/29 15:43:50,049000,11.392
2026/04/29 15:43:50,050000,11.389
2026/04/29 15:43:50,051000,11.392
2026/04/29 15:43:50,052000,11.387
2026/04/29 15:43:50,053000,11.384
2026/04/29 15:43:50,054000,11.392
2026/04/29 15:43:50,055000,11.392
2026/04/29 15:43:50,056000,11.398
2026/04/29 15:43:50,057000,11.392
2026/04/29 15:43:50,058000,11.395
2026/04/29 15:43:50,059000,11.389
2026/04/29 15:43:50,060000,11.384
2026/04/29 15:43:50,061000,11.398
2026/04/29 15:43:50,062000,11.392
2026/04/29 15:43:50,063000,11.395
2026/04/29 15:43:50,064000,11.395
2026/04/29 15:43:50,065000,11.395
2026/04/29 15:43:50,066000,11.392
2026/04/29 15:43:50,067000,11.398
2026/04/29 15:43:50,068000,11.389
2026/04/29 15:43:50,069000,11.395
2026/04/29 15:43:50,070000,11.392
2026/04/29 15:43:50,071000,11.395
2026/04/29 15:43:50,072000,11.392
2026/04/29 15:43:50,073000,11.392
2026/04/29 15:43:50,074000,11.392
2026/04/29 15:43:50,075000,11.389
2026/04/29 15:43:50,076000,11.392
2026/04/29 15:43:50,077000,11.389
2026/04/29 15:43:50,078000,11.398
2026/04/29 15:43:50,079000,11.392
2026/04/29 15:43:50,080000,11.395
2026/04/29 15:43:50,081000,11.395
2026/04/29 15:43:50,082000,11.392
2026/04/29 15:43:50,083000,11.389
2026/04/29 15:43:50,084000,11.392
2026/04/29 15:43:50,085000,11.389
2026/04/29 15:43:50,086000,11.398
2026/04/29 15:43:50,087000,11.395
2026/04/29 15:43:50,088000,11.395
2026/04/29 15:43:50,089000,11.395
2026/04/29 15:43:50,090000,11.392
2026/04/29 15:43:50,091000,11.389
2026/04/29 15:43:50,092000,11.389
2026/04/29 15:43:50,093000,11.395
2026/04/29 15:43:50,094000,11.395
2026/04/29 15:43:50,095000,11.389
2026/04/29 15:43:50,096000,11.389
2026/04/29 15:43:50,097000,11.392
2026/04/29 15:43:50,098000,11.389
2026/04/29 15:43:50,099000,11.392
2026/04/29 15:43:50,100000,11.387
2026/04/29 15:43:50,101000,11.392
2026/04/29 15:43:50,102000,11.398
2026/04/29 15:43:50,103000,11.398
2026/04/29 15:43:50,104000,11.389
2026/04/29 15:43:50,105000,11.395
2026/04/29 15:43:50,106000,11.389
2026/04/29 15:43:50,107000,11.392
2026/04/29 15:43:50,108000,11.395
2026/04/29 15:43:50,109000,11.384
2026/04/29 15:43:50,110000,11.395
2026/04/29 15:43:50,111000,11.398
2026/04/29 15:43:50,112000,11.389
2026/04/29 15:43:50,113000,11.395
2026/04/29 15:43:50,114000,11.392
2026/04/29 15:43:50,115000,11.392
2026/04/29 15:43:50,116000,11.389
2026/04/29 15:43:50,117000,11.392
2026/04/29 15:43:50,118000,11.398
2026/04/29 15:43:50,119000,11.398
2026/04/29 15:43:50,120000,11.392
2026/04/29 15:43:50,121000,11.392
2026/04/29 15:43:50,122000,11.389
2026/04/29 15:43:50,123000,11.392
2026/04/29 15:43:50,124000,11.406
2026/04/29 15:43:50,125000,11.395
2026/04/29 15:43:50,126000,11.392
2026/04/29 15:43:50,127000,11.389
2026/04/29 15:43:50,128000,11.401
2026/04/29 15:43:50,129000,11.389
2026/04/29 15:43:50,130000,11.395
2026/04/29 15:43:50,131000,11.401
2026/04/29 15:43:50,132000,11.398
2026/04/29 15:43:50,133000,11.395
2026/04/29 15:43:50,134000,11.389
2026/04/29 15:43:50,135000,11.395
2026/04/29 15:43:50,136000,11.389
2026/04/29 15:43:50,137000,11.395
2026/04/29 15:43:50,138000,11.392
2026/04/29 15:43:50,139000,11.389
2026/04/29 15:43:50,140000,11.401
2026/04/29 15:43:50,141000,11.392
2026/04/29 15:43:50,142000,11.389
2026/04/29 15:43:50,143000,11.392
2026/04/29 15:43:50,144000,11.392
2026/04/29 15:43:50,145000,11.387
2026/04/29 15:43:50,146000,11.392
2026/04/29 15:43:50,147000,11.392
2026/04/29 15:43:50,148000,11.398
2026/04/29 15:43:50,149000,11.389
2026/04/29 15:43:50,150000,11.392
2026/04/29 15:43:50,151000,11.395
2026/04/29 15:43:50,152000,11.392
2026/04/29 15:43:50,153000,11.395
2026/04/29 15:43:50,154000,11.389
2026/04/29 15:43:50,155000,11.387
2026/04/29 15:43:50,156000,11.401
2026/04/29 15:43:50,157000,11.395
2026/04/29 15:43:50,158000,11.398
2026/04/29 15:43:50,159000,11.395
2026/04/29 15:43:50,160000,11.395
2026/04/29 15:43:50,161000,11.395
2026/04/29 15:43:50,162000,11.392
2026/04/29 15:43:50,163000,11.392
2026/04/29 15:43:50,164000,11.395
2026/04/29 15:43:50,165000,11.398
2026/04/29 15:43:50,166000,11.398
2026/04/29 15:43:50,167000,11.392
2026/04/29 15:43:50,168000,11.392
2026/04/29 15:43:50,169000,11.392
2026/04/29 15:43:50,170000,11.392
2026/04/29 15:43:50,171000,11.395
2026/04/29 15:43:50,172000,11.395
2026/04/29 15:43:50,173000,11.392
2026/04/29 15:43:50,174000,11.392
2026/04/29 15:43:50,175000,11.392
2026/04/29 15:43:50,176000,11.392
2026/04/29 15:43:50,177000,11.395
2026/04/29 15:43:50,178000,11.389
2026/04/29 15:43:50,179000,11.389
2026/04/29 15:43:50,180000,11.392
2026/04/29 15:43:50,181000,11.389
2026/04/29 15:43:50,182000,11.389
2026/04/29 15:43:50,183000,11.398
2026/04/29 15:43:50,184000,11.398
2026/04/29 15:43:50,185000,11.392
2026/04/29 15:43:50,186000,11.392
2026/04/29 15:43:50,187000,11.398
2026/04/29 15:43:50,188000,11.398
2026/04/29 15:43:50,189000,11.398
2026/04/29 15:43:50,190000,11.395
2026/04/29 15:43:50,191000,11.395
2026/04/29 15:43:50,192000,11.392
2026/04/29 15:43:50,193000,11.392
2026/04/29 15:43:50,194000,11.392
2026/04/29 15:43:50,195000,11.398
2026/04/29 15:43:50,196000,11.395
2026/04/29 15:43:50,197000,11.395
2026/04/29 15:43:50,198000,11.392
2026/04/29 15:43:50,199000,11.389
2026/04/29 15:43:50,200000,11.387
2026/04/29 15:43:50,201000,11.392
2026/04/29 15:43:50,202000,11.395
2026/04/29 15:43:50,203000,11.401
2026/04/29 15:43:50,204000,11.392
2026/04/29 15:43:50,205000,11.395
2026/04/29 15:43:50,206000,11.398
2026/04/29 15:43:50,207000,11.389
2026/04/29 15:43:50,208000,11.389
2026/04/29 15:43:50,209000,11.395
2026/04/29 15:43:50,210000,11.398
2026/04/29 15:43:50,211000,11.392
2026/04/29 15:43:50,212000,11.392
2026/04/29 15:43:50,213000,11.392
2026/04/29 15:43:50,214000,11.398
2026/04/29 15:43:50,215000,11.395
2026/04/29 15:43:50,216000,11.395
2026/04/29 15:43:50,217000,11.387
2026/04/29 15:43:50,218000,11.392
2026/04/29 15:43:50,219000,11.398
2026/04/29 15:43:50,220000,11.398
2026/04/29 15:43:50,221000,11.392
2026/04/29 15:43:50,222000,11.401
2026/04/29 15:43:50,223000,11.392
2026/04/29 15:43:50,224000,11.389
2026/04/29 15:43:50,225000,11.395
2026/04/29 15:43:50,226000,11.398
2026/04/29 15:43:50,227000,11.392
2026/04/29 15:43:50,228000,11.392
2026/04/29 15:43:50,229000,11.395
2026/04/29 15:43:50,230000,11.392
2026/04/29 15:43:50,231000,11.392
2026/04/29 15:43:50,232000,11.398
2026/04/29 15:43:50,233000,11.392
2026/04/29 15:43:50,234000,11.392
2026/04/29 15:43:50,235000,11.398
2026/04/29 15:43:50,236000,11.392
2026/04/29 15:43:50,237000,11.392
2026/04/29 15:43:50,238000,11.395
2026/04/29 15:43:50,239000,11.389
2026/04/29 15:43:50,240000,11.395
2026/04/29 15:43:50,241000,11.389
2026/04/29 15:43:50,242000,11.398
2026/04/29 15:43:50,243000,11.392
2026/04/29 15:43:50,244000,11.389
2026/04/29 15:43:50,245000,11.392
2026/04/29 15:43:50,246000,11.387
2026/04/29 15:43:50,247000,11.392
2026/04/29 15:43:50,248000,11.392
2026/04/29 15:43:50,249000,11.392
2026/04/29 15:43:50,250000,11.398
2026/04/29 15:43:50,251000,11.389
2026/04/29 15:43:50,252000,11.389
2026/04/29 15:43:50,253000,11.398
2026/04/29 15:43:50,254000,11.398
2026/04/29 15:43:50,255000,11.392
2026/04/29 15:43:50,256000,11.395
2026/04/29 15:43:50,257000,11.398
2026/04/29 15:43:50,258000,11.392
2026/04/29 15:43:50,259000,11.392
2026/04/29 15:43:50,260000,11.395
2026/04/29 15:43:50,261000,11.389
2026/04/29 15:43:50,262000,11.395
2026/04/29 15:43:50,263000,11.392
2026/04/29 15:43:50,264000,11.392
2026/04/29 15:43:50,265000,11.392
2026/04/29 15:43:50,266000,11.398
2026/04/29 15:43:50,267000,11.398
2026/04/29 15:43:50,268000,11.392
2026/04/29 15:43:50,269000,11.389
2026/04/29 15:43:50,270000,11.392
2026/04/29 15:43:50,271000,11.398
2026/04/29 15:43:50,272000,11.401
2026/04/29 15:43:50,273000,11.395
2026/04/29 15:43:50,274000,11.395
2026/04/29 15:43:50,275000,11.392
2026/04/29 15:43:50,276000,11.398
2026/04/29 15:43:50,277000,11.392
2026/04/29 15:43:50,278000,11.389
2026/04/29 15:43:50,279000,11.392
2026/04/29 15:43:50,280000,11.395
2026/04/29 15:43:50,281000,11.392
2026/04/29 15:43:50,282000,11.398
2026/04/29 15:43:50,283000,11.389
2026/04/29 15:43:50,284000,11.389
2026/04/29 15:43:50,285000,11.398
2026/04/29 15:43:50,286000,11.392
2026/04/29 15:43:50,287000,11.395
2026/04/29 15:43:50,288000,11.392
2026/04/29 15:43:50,289000,11.395
2026/04/29 15:43:50,290000,11.398
2026/04/29 15:43:50,291000,11.401
2026/04/29 15:43:50,292000,11.401
2026/04/29 15:43:50,293000,11.392
2026/04/29 15:43:50,294000,11.395
2026/04/29 15:43:50,295000,11.395
2026/04/29 15:43:50,296000,11.392
2026/04/29 15:43:50,297000,11.392
2026/04/29 15:43:50,298000,11.398
2026/04/29 15:43:50,299000,11.395
2026/04/29 15:43:50,300000,11.392
2026/04/29 15:43:50,301000,11.395
2026/04/29 15:43:50,302000,11.401
2026/04/29 15:43:50,303000,11.392
2026/04/29 15:43:50,304000,11.395
2026/04/29 15:43:50,305000,11.401
2026/04/29 15:43:50,306000,11.398
2026/04/29 15:43:50,307000,11.395
2026/04/29 15:43:50,308000,11.395
2026/04/29 15:43:50,309000,11.395
2026/04/29 15:43:50,310000,11.395
2026/04/29 15:43:50,311000,11.389
2026/04/29 15:43:50,312000,11.398
2026/04/29 15:43:50,313000,11.392
2026/04/29 15:43:50,314000,11.395
2026/04/29 15:43:50,315000,11.398
2026/04/29 15:43:50,316000,11.395
2026/04/29 15:43:50,317000,11.398
2026/04/29 15:43:50,318000,11.395
2026/04/29 15:43:50,319000,11.392
2026/04/29 15:43:50,320000,11.395
2026/04/29 15:43:50,321000,11.389
2026/04/29 15:43:50,322000,11.398
2026/04/29 15:43:50,323000,11.392
2026/04/29 15:43:50,324000,11.389
2026/04/29 15:43:50,325000,11.398
2026/04/29 15:43:50,326000,11.398
2026/04/29 15:43:50,327000,11.395
2026/04/29 15:43:50,328000,11.395
2026/04/29 15:43:50,329000,11.389
2026/04/29 15:43:50,330000,11.389
2026/04/29 15:43:50,331000,11.395
2026/04/29 15:43:50,332000,11.395
2026/04/29 15:43:50,333000,11.392
2026/04/29 15:43:50,334000,11.395
2026/04/29 15:43:50,335000,11.389
2026/04/29 15:43:50,336000,11.395
2026/04/29 15:43:50,337000,11.395
2026/04/29 15:43:50,338000,11.392
2026/04/29 15:43:50,339000,11.398
2026/04/29 15:43:50,340000,11.387
2026/04/29 15:43:50,341000,11.389
2026/04/29 15:43:50,342000,11.398
2026/04/29 15:43:50,343000,11.389
2026/04/29 15:43:50,344000,11.389
2026/04/29 15:43:50,345000,11.401
2026/04/29 15:43:50,346000,11.392
2026/04/29 15:43:50,347000,11.389
2026/04/29 15:43:50,348000,11.392
2026/04/29 15:43:50,349000,11.395
2026/04/29 15:43:50,350000,11.392
2026/04/29 15:43:50,351000,11.392
2026/04/29 15:43:50,352000,11.389
2026/04/29 15:43:50,353000,11.395
2026/04/29 15:43:50,354000,11.398
2026/04/29 15:43:50,355000,11.398
2026/04/29 15:43:50,356000,11.392
2026/04/29 15:43:50,357000,11.395
2026/04/29 15:43:50,358000,11.389
2026/04/29 15:43:50,359000,11.398
2026/04/29 15:43:50,360000,11.398
2026/04/29 15:43:50,361000,11.395
2026/04/29 15:43:50,362000,11.395
2026/04/29 15:43:50,363000,11.398
2026/04/29 15:43:50,364000,11.398
2026/04/29 15:43:50,365000,11.392
2026/04/29 15:43:50,366000,11.395
2026/04/29 15:43:50,367000,11.392
2026/04/29 15:43:50,368000,11.389
2026/04/29 15:43:50,369000,11.395
2026/04/29 15:43:50,370000,11.395
2026/04/29 15:43:50,371000,11.395
2026/04/29 15:43:50,372000,11.395
2026/04/29 15:43:50,373000,11.398
2026/04/29 15:43:50,374000,11.392
2026/04/29 15:43:50,375000,11.389
2026/04/29 15:43:50,376000,11.392
2026/04/29 15:43:50,377000,11.389
2026/04/29 15:43:50,378000,11.389
2026/04/29 15:43:50,379000,11.398
2026/04/29 15:43:50,380000,11.401
2026/04/29 15:43:50,381000,11.392
2026/04/29 15:43:50,382000,11.392
2026/04/29 15:43:50,383000,11.398
2026/04/29 15:43:50,384000,11.392
2026/04/29 15:43:50,385000,11.389
2026/04/29 15:43:50,386000,11.401
2026/04/29 15:43:50,387000,11.395
2026/04/29 15:43:50,388000,11.398
2026/04/29 15:43:50,389000,11.392
2026/04/29 15:43:50,390000,11.392
2026/04/29 15:43:50,391000,11.395
2026/04/29 15:43:50,392000,11.395
2026/04/29 15:43:50,393000,11.395
2026/04/29 15:43:50,394000,11.392
2026/04/29 15:43:50,395000,11.398
2026/04/29 15:43:50,396000,11.395
2026/04/29 15:43:50,397000,11.403
2026/04/29 15:43:50,398000,11.403
2026/04/29 15:43:50,399000,11.392
2026/04/29 15:43:50,400000,11.401
2026/04/29 15:43:50,401000,11.389
2026/04/29 15:43:50,402000,11.392
2026/04/29 15:43:50,403000,11.395
2026/04/29 15:43:50,404000,11.392
2026/04/29 15:43:50,405000,11.392
2026/04/29 15:43:50,406000,11.398
2026/04/29 15:43:50,407000,11.395
2026/04/29 15:43:50,408000,11.395
2026/04/29 15:43:50,409000,11.395
2026/04/29 15:43:50,410000,11.398
2026/04/29 15:43:50,411000,11.392
2026/04/29 15:43:50,412000,11.398
2026/04/29 15:43:50,413000,11.389
2026/04/29 15:43:50,414000,11.392
2026/04/29 15:43:50,415000,11.395
2026/04/29 15:43:50,416000,11.395
2026/04/29 15:43:50,417000,11.395
2026/04/29 15:43:50,418000,11.389
2026/04/29 15:43:50,419000,11.384
2026/04/29 15:43:50,420000,11.395
2026/04/29 15:43:50,421000,11.395
2026/04/29 15:43:50,422000,11.395
2026/04/29 15:43:50,423000,11.392
2026/04/29 15:43:50,424000,11.398
2026/04/29 15:43:50,425000,11.389
2026/04/29 15:43:50,426000,11.392
2026/04/29 15:43:50,427000,11.395
2026/04/29 15:43:50,428000,11.389
2026/04/29 15:43:50,429000,11.398
2026/04/29 15:43:50,430000,11.395
2026/04/29 15:43:50,431000,11.392
2026/04/29 15:43:50,432000,11.392
2026/04/29 15:43:50,433000,11.398
2026/04/29 15:43:50,434000,11.395
2026/04/29 15:43:50,435000,11.398
2026/04/29 15:43:50,436000,11.395
2026/04/29 15:43:50,437000,11.395
2026/04/29 15:43:50,438000,11.398
2026/04/29 15:43:50,439000,11.398
2026/04/29 15:43:50,440000,11.398
2026/04/29 15:43:50,441000,11.401
2026/04/29 15:43:50,442000,11.395
2026/04/29 15:43:50,443000,11.395
2026/04/29 15:43:50,444000,11.395
2026/04/29 15:43:50,445000,11.392
2026/04/29 15:43:50,446000,11.389
2026/04/29 15:43:50,447000,11.389
2026/04/29 15:43:50,448000,11.392
2026/04/29 15:43:50,449000,11.395
2026/04/29 15:43:50,450000,11.392
2026/04/29 15:43:50,451000,11.392
2026/04/29 15:43:50,452000,11.392
2026/04/29 15:43:50,453000,11.395
2026/04/29 15:43:50,454000,11.392
2026/04/29 15:43:50,455000,11.392
2026/04/29 15:43:50,456000,11.395
2026/04/29 15:43:50,457000,11.395
2026/04/29 15:43:50,458000,11.401
2026/04/29 15:43:50,459000,11.392
2026/04/29 15:43:50,460000,11.398
2026/04/29 15:43:50,461000,11.392
2026/04/29 15:43:50,462000,11.395
2026/04/29 15:43:50,463000,11.406
2026/04/29 15:43:50,464000,11.395
2026/04/29 15:43:50,465000,11.392
2026/04/29 15:43:50,466000,11.392
2026/04/29 15:43:50,467000,11.392
2026/04/29 15:43:50,468000,11.395
2026/04/29 15:43:50,469000,11.398
2026/04/29 15:43:50,470000,11.392
2026/04/29 15:43:50,471000,11.398
2026/04/29 15:43:50,472000,11.389
2026/04/29 15:43:50,473000,11.392
2026/04/29 15:43:50,474000,11.398
2026/04/29 15:43:50,475000,11.389
2026/04/29 15:43:50,476000,11.389
2026/04/29 15:43:50,477000,11.392
2026/04/29 15:43:50,478000,11.395
2026/04/29 15:43:50,479000,11.392
2026/04/29 15:43:50,480000,11.392
2026/04/29 15:43:50,481000,11.392
2026/04/29 15:43:50,482000,11.401
2026/04/29 15:43:50,483000,11.401
2026/04/29 15:43:50,484000,11.395
2026/04/29 15:43:50,485000,11.398
2026/04/29 15:43:50,486000,11.398
2026/04/29 15:43:50,487000,11.392
2026/04/29 15:43:50,488000,11.395
2026/04/29 15:43:50,489000,11.395
2026/04/29 15:43:50,490000,11.395
2026/04/29 15:43:50,491000,11.392
2026/04/29 15:43:50,492000,11.401
2026/04/29 15:43:50,493000,11.389
2026/04/29 15:43:50,494000,11.398
2026/04/29 15:43:50,495000,11.389
2026/04/29 15:43:50,496000,11.398
2026/04/29 15:43:50,497000,11.392
2026/04/29 15:43:50,498000,11.395
2026/04/29 15:43:50,499000,11.403
2026/04/29 15:43:50,500000,11.398
2026/04/29 15:43:50,501000,11.392
2026/04/29 15:43:50,502000,11.398
2026/04/29 15:43:50,503000,11.392
2026/04/29 15:43:50,504000,11.395
2026/04/29 15:43:50,505000,11.401
2026/04/29 15:43:50,506000,11.395
2026/04/29 15:43:50,507000,11.395
2026/04/29 15:43:50,508000,11.398
2026/04/29 15:43:50,509000,11.389
2026/04/29 15:43:50,510000,11.395
2026/04/29 15:43:50,511000,11.395
2026/04/29 15:43:50,512000,11.398
2026/04/29 15:43:50,513000,11.389
2026/04/29 15:43:50,514000,11.389
2026/04/29 15:43:50,515000,11.395
2026/04/29 15:43:50,516000,11.395
2026/04/29 15:43:50,517000,11.403
2026/04/29 15:43:50,518000,11.395
2026/04/29 15:43:50,519000,11.401
2026/04/29 15:43:50,520000,11.395
2026/04/29 15:43:50,521000,11.395
2026/04/29 15:43:50,522000,11.392
2026/04/29 15:43:50,523000,11.395
2026/04/29 15:43:50,524000,11.392
2026/04/29 15:43:50,525000,11.392
2026/04/29 15:43:50,526000,11.395
2026/04/29 15:43:50,527000,11.401
2026/04/29 15:43:50,528000,11.395
2026/04/29 15:43:50,529000,11.398
2026/04/29 15:43:50,530000,11.401
2026/04/29 15:43:50,531000,11.401
2026/04/29 15:43:50,532000,11.395
2026/04/29 15:43:50,533000,11.389
2026/04/29 15:43:50,534000,11.398
2026/04/29 15:43:50,535000,11.392
2026/04/29 15:43:50,536000,11.401
2026/04/29 15:43:50,537000,11.401
2026/04/29 15:43:50,538000,11.395
2026/04/29 15:43:50,539000,11.398
2026/04/29 15:43:50,540000,11.395
2026/04/29 15:43:50,541000,11.401
2026/04/29 15:43:50,542000,11.398
2026/04/29 15:43:50,543000,11.395
2026/04/29 15:43:50,544000,11.403
2026/04/29 15:43:50,545000,11.387
2026/04/29 15:43:50,546000,11.395
2026/04/29 15:43:50,547000,11.389
2026/04/29 15:43:50,548000,11.392
2026/04/29 15:43:50,549000,11.389
2026/04/29 15:43:50,550000,11.398
2026/04/29 15:43:50,551000,11.403
2026/04/29 15:43:50,552000,11.395
2026/04/29 15:43:50,553000,11.401
2026/04/29 15:43:50,554000,11.395
2026/04/29 15:43:50,555000,11.392
2026/04/29 15:43:50,556000,11.392
2026/04/29 15:43:50,557000,11.395
2026/04/29 15:43:50,558000,11.398
2026/04/29 15:43:50,559000,11.392
2026/04/29 15:43:50,560000,11.398
2026/04/29 15:43:50,561000,11.392
2026/04/29 15:43:50,562000,11.392
2026/04/29 15:43:50,563000,11.395
2026/04/29 15:43:50,564000,11.401
2026/04/29 15:43:50,565000,11.395
2026/04/29 15:43:50,566000,11.389
2026/04/29 15:43:50,567000,11.401
2026/04/29 15:43:50,568000,11.398
2026/04/29 15:43:50,569000,11.395
2026/04/29 15:43:50,570000,11.395
2026/04/29 15:43:50,571000,11.403
2026/04/29 15:43:50,572000,11.401
2026/04/29 15:43:50,573000,11.392
2026/04/29 15:43:50,574000,11.401
2026/04/29 15:43:50,575000,11.395
2026/04/29 15:43:50,576000,11.398
2026/04/29 15:43:50,577000,11.392
2026/04/29 15:43:50,578000,11.398
2026/04/29 15:43:50,579000,11.398
2026/04/29 15:43:50,580000,11.401
2026/04/29 15:43:50,581000,11.401
2026/04/29 15:43:50,582000,11.392
2026/04/29 15:43:50,583000,11.398
2026/04/29 15:43:50,584000,11.392
2026/04/29 15:43:50,585000,11.398
2026/04/29 15:43:50,586000,11.395
2026/04/29 15:43:50,587000,11.392
2026/04/29 15:43:50,588000,11.387
2026/04/29 15:43:50,589000,11.398
2026/04/29 15:43:50,590000,11.395
2026/04/29 15:43:50,591000,11.398
2026/04/29 15:43:50,592000,11.392
2026/04/29 15:43:50,593000,11.392
2026/04/29 15:43:50,594000,11.398
2026/04/29 15:43:50,595000,11.398
2026/04/29 15:43:50,596000,11.392
2026/04/29 15:43:50,597000,11.403
2026/04/29 15:43:50,598000,11.392
2026/04/29 15:43:50,599000,11.401
2026/04/29 15:43:50,600000,11.398
2026/04/29 15:43:50,601000,11.398
2026/04/29 15:43:50,602000,11.401
2026/04/29 15:43:50,603000,11.398
2026/04/29 15:43:50,604000,11.392
2026/04/29 15:43:50,605000,11.395
2026/04/29 15:43:50,606000,11.395
2026/04/29 15:43:50,607000,11.398
2026/04/29 15:43:50,608000,11.398
2026/04/29 15:43:50,609000,11.392
2026/04/29 15:43:50,610000,11.398
2026/04/29 15:43:50,611000,11.392
2026/04/29 15:43:50,612000,11.403
2026/04/29 15:43:50,613000,11.387
2026/04/29 15:43:50,614000,11.395
2026/04/29 15:43:50,615000,11.401
2026/04/29 15:43:50,616000,11.398
2026/04/29 15:43:50,617000,11.395
2026/04/29 15:43:50,618000,11.398
2026/04/29 15:43:50,619000,11.392
2026/04/29 15:43:50,620000,11.401
2026/04/29 15:43:50,621000,11.387
2026/04/29 15:43:50,622000,11.395
2026/04/29 15:43:50,623000,11.403
2026/04/29 15:43:50,624000,11.398
2026/04/29 15:43:50,625000,11.395
2026/04/29 15:43:50,626000,11.398
2026/04/29 15:43:50,627000,11.398
2026/04/29 15:43:50,628000,11.398
2026/04/29 15:43:50,629000,11.401
2026/04/29 15:43:50,630000,11.389
2026/04/29 15:43:50,631000,11.387
2026/04/29 15:43:50,632000,11.406
2026/04/29 15:43:50,633000,11.398
2026/04/29 15:43:50,634000,11.395
2026/04/29 15:43:50,635000,11.395
2026/04/29 15:43:50,636000,11.392
2026/04/29 15:43:50,637000,11.398
2026/04/29 15:43:50,638000,11.395
2026/04/29 15:43:50,639000,11.392
2026/04/29 15:43:50,640000,11.392
2026/04/29 15:43:50,641000,11.395
2026/04/29 15:43:50,642000,11.392
2026/04/29 15:43:50,643000,11.395
2026/04/29 15:43:50,644000,11.395
2026/04/29 15:43:50,645000,11.398
2026/04/29 15:43:50,646000,11.395
2026/04/29 15:43:50,647000,11.398
2026/04/29 15:43:50,648000,11.401
2026/04/29 15:43:50,649000,11.395
2026/04/29 15:43:50,650000,11.395
2026/04/29 15:43:50,651000,11.392
2026/04/29 15:43:50,652000,11.398
2026/04/29 15:43:50,653000,11.398
2026/04/29 15:43:50,654000,11.395
2026/04/29 15:43:50,655000,11.401
2026/04/29 15:43:50,656000,11.392
2026/04/29 15:43:50,657000,11.392
2026/04/29 15:43:50,658000,11.395
2026/04/29 15:43:50,659000,11.395
2026/04/29 15:43:50,660000,11.398
2026/04/29 15:43:50,661000,11.401
2026/04/29 15:43:50,662000,11.401
2026/04/29 15:43:50,663000,11.392
2026/04/29 15:43:50,664000,11.398
2026/04/29 15:43:50,665000,11.398
2026/04/29 15:43:50,666000,11.392
2026/04/29 15:43:50,667000,11.395
2026/04/29 15:43:50,668000,11.395
2026/04/29 15:43:50,669000,11.395
2026/04/29 15:43:50,670000,11.392
2026/04/29 15:43:50,671000,11.395
2026/04/29 15:43:50,672000,11.403
2026/04/29 15:43:50,673000,11.395
2026/04/29 15:43:50,674000,11.398
2026/04/29 15:43:50,675000,11.389
2026/04/29 15:43:50,676000,11.395
2026/04/29 15:43:50,677000,11.395
2026/04/29 15:43:50,678000,11.392
2026/04/29 15:43:50,679000,11.406
2026/04/29 15:43:50,680000,11.401
2026/04/29 15:43:50,681000,11.395
2026/04/29 15:43:50,682000,11.392
2026/04/29 15:43:50,683000,11.392
2026/04/29 15:43:50,684000,11.392
2026/04/29 15:43:50,685000,11.392
2026/04/29 15:43:50,686000,11.392
2026/04/29 15:43:50,687000,11.398
2026/04/29 15:43:50,688000,11.395
2026/04/29 15:43:50,689000,11.401
2026/04/29 15:43:50,690000,11.398
2026/04/29 15:43:50,691000,11.398
2026/04/29 15:43:50,692000,11.401
2026/04/29 15:43:50,693000,11.392
2026/04/29 15:43:50,694000,11.398
2026/04/29 15:43:50,695000,11.398
2026/04/29 15:43:50,696000,11.395
2026/04/29 15:43:50,697000,11.398
2026/04/29 15:43:50,698000,11.398
2026/04/29 15:43:50,699000,11.395
2026/04/29 15:43:50,700000,11.392
2026/04/29 15:43:50,701000,11.392
2026/04/29 15:43:50,702000,11.398
2026/04/29 15:43:50,703000,11.401
2026/04/29 15:43:50,704000,11.401
2026/04/29 15:43:50,705000,11.398
2026/04/29 15:43:50,706000,11.398
2026/04/29 15:43:50,707000,11.395
2026/04/29 15:43:50,708000,11.395
2026/04/29 15:43:50,709000,11.398
2026/04/29 15:43:50,710000,11.398
2026/04/29 15:43:50,711000,11.398
2026/04/29 15:43:50,712000,11.398
2026/04/29 15:43:50,713000,11.392
2026/04/29 15:43:50,714000,11.403
2026/04/29 15:43:50,715000,11.395
2026/04/29 15:43:50,716000,11.398
2026/04/29 15:43:50,717000,11.398
2026/04/29 15:43:50,718000,11.398
2026/04/29 15:43:50,719000,11.401
2026/04/29 15:43:50,720000,11.401
2026/04/29 15:43:50,721000,11.392
2026/04/29 15:43:50,722000,11.392
2026/04/29 15:43:50,723000,11.398
2026/04/29 15:43:50,724000,11.403
2026/04/29 15:43:50,725000,11.398
2026/04/29 15:43:50,726000,11.398
2026/04/29 15:43:50,727000,11.395
2026/04/29 15:43:50,728000,11.395
2026/04/29 15:43:50,729000,11.403
2026/04/29 15:43:50,730000,11.395
2026/04/29 15:43:50,731000,11.401
2026/04/29 15:43:50,732000,11.395
2026/04/29 15:43:50,733000,11.395
2026/04/29 15:43:50,734000,11.403
2026/04/29 15:43:50,735000,11.398
2026/04/29 15:43:50,736000,11.387
2026/04/29 15:43:50,737000,11.401
2026/04/29 15:43:50,738000,11.398
2026/04/29 15:43:50,739000,11.395
2026/04/29 15:43:50,740000,11.392
2026/04/29 15:43:50,741000,11.392
2026/04/29 15:43:50,742000,11.403
2026/04/29 15:43:50,743000,11.401
2026/04/29 15:43:50,744000,11.398
2026/04/29 15:43:50,745000,11.401
2026/04/29 15:43:50,746000,11.398
2026/04/29 15:43:50,747000,11.403
2026/04/29 15:43:50,748000,11.398
2026/04/29 15:43:50,749000,11.395
2026/04/29 15:43:50,750000,11.401
2026/04/29 15:43:50,751000,11.395
2026/04/29 15:43:50,752000,11.398
2026/04/29 15:43:50,753000,11.403
2026/04/29 15:43:50,754000,11.401
2026/04/29 15:43:50,755000,11.395
2026/04/29 15:43:50,756000,11.398
2026/04/29 15:43:50,757000,11.398
2026/04/29 15:43:50,758000,11.392
2026/04/29 15:43:50,759000,11.403
2026/04/29 15:43:50,760000,11.398
2026/04/29 15:43:50,761000,11.395
2026/04/29 15:43:50,762000,11.406
2026/04/29 15:43:50,763000,11.398
2026/04/29 15:43:50,764000,11.401
2026/04/29 15:43:50,765000,11.395
2026/04/29 15:43:50,766000,11.395
2026/04/29 15:43:50,767000,11.401
2026/04/29 15:43:50,768000,11.395
2026/04/29 15:43:50,769000,11.401
2026/04/29 15:43:50,770000,11.398
2026/04/29 15:43:50,771000,11.401
2026/04/29 15:43:50,772000,11.398
2026/04/29 15:43:50,773000,11.403
2026/04/29 15:43:50,774000,11.401
2026/04/29 15:43:50,775000,11.401
2026/04/29 15:43:50,776000,11.403
2026/04/29 15:43:50,777000,11.401
2026/04/29 15:43:50,778000,11.395
2026/04/29 15:43:50,779000,11.398
2026/04/29 15:43:50,780000,11.398
2026/04/29 15:43:50,781000,11.392
2026/04/29 15:43:50,782000,11.401
2026/04/29 15:43:50,783000,11.401
2026/04/29 15:43:50,784000,11.395
2026/04/29 15:43:50,785000,11.401
2026/04/29 15:43:50,786000,11.401
2026/04/29 15:43:50,787000,11.398
2026/04/29 15:43:50,788000,11.398
2026/04/29 15:43:50,789000,11.398
2026/04/29 15:43:50,790000,11.398
2026/04/29 15:43:50,791000,11.395
2026/04/29 15:43:50,792000,11.401
2026/04/29 15:43:50,793000,11.403
2026/04/29 15:43:50,794000,11.401
2026/04/29 15:43:50,795000,11.401
2026/04/29 15:43:50,796000,11.403
2026/04/29 15:43:50,797000,11.395
2026/04/29 15:43:50,798000,11.401
2026/04/29 15:43:50,799000,11.395
2026/04/29 15:43:50,800000,11.398
2026/04/29 15:43:50,801000,11.401
2026/04/29 15:43:50,802000,11.392
2026/04/29 15:43:50,803000,11.395
2026/04/29 15:43:50,804000,11.395
2026/04/29 15:43:50,805000,11.395
2026/04/29 15:43:50,806000,11.398
2026/04/29 15:43:50,807000,11.398
2026/04/29 15:43:50,808000,11.398
2026/04/29 15:43:50,809000,11.401
2026/04/29 15:43:50,810000,11.403
2026/04/29 15:43:50,811000,11.398
2026/04/29 15:43:50,812000,11.398
2026/04/29 15:43:50,813000,11.398
2026/04/29 15:43:50,814000,11.395
2026/04/29 15:43:50,815000,11.401
2026/04/29 15:43:50,816000,11.395
2026/04/29 15:43:50,817000,11.398
2026/04/29 15:43:50,818000,11.401
2026/04/29 15:43:50,819000,11.392
2026/04/29 15:43:50,820000,11.395
2026/04/29 15:43:50,821000,11.398
2026/04/29 15:43:50,822000,11.392
2026/04/29 15:43:50,823000,11.401
2026/04/29 15:43:50,824000,11.395
2026/04/29 15:43:50,825000,11.398
2026/04/29 15:43:50,826000,11.395
2026/04/29 15:43:50,827000,11.392
2026/04/29 15:43:50,828000,11.395
2026/04/29 15:43:50,829000,11.401
2026/04/29 15:43:50,830000,11.389
2026/04/29 15:43:50,831000,11.395
2026/04/29 15:43:50,832000,11.395
2026/04/29 15:43:50,833000,11.395
2026/04/29 15:43:50,834000,11.398
2026/04/29 15:43:50,835000,11.401
2026/04/29 15:43:50,836000,11.395
2026/04/29 15:43:50,837000,11.398
2026/04/29 15:43:50,838000,11.392
2026/04/29 15:43:50,839000,11.392
2026/04/29 15:43:50,840000,11.401
2026/04/29 15:43:50,841000,11.392
2026/04/29 15:43:50,842000,11.392
2026/04/29 15:43:50,843000,11.401
2026/04/29 15:43:50,844000,11.395
2026/04/29 15:43:50,845000,11.392
2026/04/29 15:43:50,846000,11.395
2026/04/29 15:43:50,847000,11.398
2026/04/29 15:43:50,848000,11.398
2026/04/29 15:43:50,849000,11.401
2026/04/29 15:43:50,850000,11.395
2026/04/29 15:43:50,851000,11.398
2026/04/29 15:43:50,852000,11.398
2026/04/29 15:43:50,853000,11.398
2026/04/29 15:43:50,854000,11.395
2026/04/29 15:43:50,855000,11.398
2026/04/29 15:43:50,856000,11.395
2026/04/29 15:43:50,857000,11.398
2026/04/29 15:43:50,858000,11.398
2026/04/29 15:43:50,859000,11.398
2026/04/29 15:43:50,860000,11.395
2026/04/29 15:43:50,861000,11.401
2026/04/29 15:43:50,862000,11.401
2026/04/29 15:43:50,863000,11.401
2026/04/29 15:43:50,864000,11.395
2026/04/29 15:43:50,865000,11.398
2026/04/29 15:43:50,866000,11.395
2026/04/29 15:43:50,867000,11.389
2026/04/29 15:43:50,868000,11.403
2026/04/29 15:43:50,869000,11.398
2026/04/29 15:43:50,870000,11.395
2026/04/29 15:43:50,871000,11.392
2026/04/29 15:43:50,872000,11.395
2026/04/29 15:43:50,873000,11.398
2026/04/29 15:43:50,874000,11.395
2026/04/29 15:43:50,875000,11.398
2026/04/29 15:43:50,876000,11.403
2026/04/29 15:43:50,877000,11.403
2026/04/29 15:43:50,878000,11.403
2026/04/29 15:43:50,879000,11.398
2026/04/29 15:43:50,880000,11.398
2026/04/29 15:43:50,881000,11.395
2026/04/29 15:43:50,882000,11.403
2026/04/29 15:43:50,883000,11.401
2026/04/29 15:43:50,884000,11.395
2026/04/29 15:43:50,885000,11.398
2026/04/29 15:43:50,886000,11.395
2026/04/29 15:43:50,887000,11.398
2026/04/29 15:43:50,888000,11.403
2026/04/29 15:43:50,889000,11.395
2026/04/29 15:43:50,890000,11.392
2026/04/29 15:43:50,891000,11.395
2026/04/29 15:43:50,892000,11.398
2026/04/29 15:43:50,893000,11.398
2026/04/29 15:43:50,894000,11.395
2026/04/29 15:43:50,895000,11.401
2026/04/29 15:43:50,896000,11.392
2026/04/29 15:43:50,897000,11.403
2026/04/29 15:43:50,898000,11.401
2026/04/29 15:43:50,899000,11.403
2026/04/29 15:43:50,900000,11.395
2026/04/29 15:43:50,901000,11.389
2026/04/29 15:43:50,902000,11.398
2026/04/29 15:43:50,903000,11.398
2026/04/29 15:43:50,904000,11.398
2026/04/29 15:43:50,905000,11.395
2026/04/29 15:43:50,906000,11.403
2026/04/29 15:43:50,907000,11.403
2026/04/29 15:43:50,908000,11.389
2026/04/29 15:43:50,909000,11.401
2026/04/29 15:43:50,910000,11.406
2026/04/29 15:43:50,911000,11.401
2026/04/29 15:43:50,912000,11.401
2026/04/29 15:43:50,913000,11.398
2026/04/29 15:43:50,914000,11.395
2026/04/29 15:43:50,915000,11.401
2026/04/29 15:43:50,916000,11.395
2026/04/29 15:43:50,917000,11.398
2026/04/29 15:43:50,918000,11.398
2026/04/29 15:43:50,919000,11.398
2026/04/29 15:43:50,920000,11.395
2026/04/29 15:43:50,921000,11.395
2026/04/29 15:43:50,922000,11.395
2026/04/29 15:43:50,923000,11.392
2026/04/29 15:43:50,924000,11.395
2026/04/29 15:43:50,925000,11.398
2026/04/29 15:43:50,926000,11.395
2026/04/29 15:43:50,927000,11.406
2026/04/29 15:43:50,928000,11.398
2026/04/29 15:43:50,929000,11.398
2026/04/29 15:43:50,930000,11.401
2026/04/29 15:43:50,931000,11.398
2026/04/29 15:43:50,932000,11.403
2026/04/29 15:43:50,933000,11.395
2026/04/29 15:43:50,934000,11.401
2026/04/29 15:43:50,935000,11.395
2026/04/29 15:43:50,936000,11.401
2026/04/29 15:43:50,937000,11.398
2026/04/29 15:43:50,938000,11.398
2026/04/29 15:43:50,939000,11.403
2026/04/29 15:43:50,940000,11.392
2026/04/29 15:43:50,941000,11.392
2026/04/29 15:43:50,942000,11.401
2026/04/29 15:43:50,943000,11.398
2026/04/29 15:43:50,944000,11.398
2026/04/29 15:43:50,945000,11.395
2026/04/29 15:43:50,946000,11.395
2026/04/29 15:43:50,947000,11.401
2026/04/29 15:43:50,948000,11.398
2026/04/29 15:43:50,949000,11.392
2026/04/29 15:43:50,950000,11.398
2026/04/29 15:43:50,951000,11.398
2026/04/29 15:43:50,952000,11.398
2026/04/29 15:43:50,953000,11.392
2026/04/29 15:43:50,954000,11.401
2026/04/29 15:43:50,955000,11.401
2026/04/29 15:43:50,956000,11.398
2026/04/29 15:43:50,957000,11.401
2026/04/29 15:43:50,958000,11.392
2026/04/29 15:43:50,959000,11.395
2026/04/29 15:43:50,960000,11.401
2026/04/29 15:43:50,961000,11.395
2026/04/29 15:43:50,962000,11.398
2026/04/29 15:43:50,963000,11.401
2026/04/29 15:43:50,964000,11.395
2026/04/29 15:43:50,965000,11.398
2026/04/29 15:43:50,966000,11.401
2026/04/29 15:43:50,967000,11.398
2026/04/29 15:43:50,968000,11.395
2026/04/29 15:43:50,969000,11.398
2026/04/29 15:43:50,970000,11.401
2026/04/29 15:43:50,971000,11.398
2026/04/29 15:43:50,972000,11.398
2026/04/29 15:43:50,973000,11.398
2026/04/29 15:43:50,974000,11.392
2026/04/29 15:43:50,975000,11.401
2026/04/29 15:43:50,976000,11.395
2026/04/29 15:43:50,977000,11.398
2026/04/29 15:43:50,978000,11.401
2026/04/29 15:43:50,979000,11.398
2026/04/29 15:43:50,980000,11.401
2026/04/29 15:43:50,981000,11.398
2026/04/29 15:43:50,982000,11.403
2026/04/29 15:43:50,983000,11.403
2026/04/29 15:43:50,984000,11.389
2026/04/29 15:43:50,985000,11.403
2026/04/29 15:43:50,986000,11.395
2026/04/29 15:43:50,987000,11.395
2026/04/29 15:43:50,988000,11.395
2026/04/29 15:43:50,989000,11.398
2026/04/29 15:43:50,990000,11.398
2026/04/29 15:43:50,991000,11.401
2026/04/29 15:43:50,992000,11.401
2026/04/29 15:43:50,993000,11.395
2026/04/29 15:43:50,994000,11.392
2026/04/29 15:43:50,995000,11.395
2026/04/29 15:43:50,996000,11.403
2026/04/29 15:43:50,997000,11.398
2026/04/29 15:43:50,998000,11.395
2026/04/29 15:43:50,999000,11.395
2026/04/29 15:43:51,000000,11.401
2026/04/29 15:43:51,001000,11.401
2026/04/29 15:43:51,002000,11.392
2026/04/29 15:43:51,003000,11.403
2026/04/29 15:43:51,004000,11.398
2026/04/29 15:43:51,005000,11.398
2026/04/29 15:43:51,006000,11.398
2026/04/29 15:43:51,007000,11.401
2026/04/29 15:43:51,008000,11.401
2026/04/29 15:43:51,009000,11.401
2026/04/29 15:43:51,010000,11.403
2026/04/29 15:43:51,011000,11.398
2026/04/29 15:43:51,012000,11.398
2026/04/29 15:43:51,013000,11.401
2026/04/29 15:43:51,014000,11.395
2026/04/29 15:43:51,015000,11.401
2026/04/29 15:43:51,016000,11.401
2026/04/29 15:43:51,017000,11.401
2026/04/29 15:43:51,018000,11.395
2026/04/29 15:43:51,019000,11.398
2026/04/29 15:43:51,020000,11.406
2026/04/29 15:43:51,021000,11.395
2026/04/29 15:43:51,022000,11.395
2026/04/29 15:43:51,023000,11.401
2026/04/29 15:43:51,024000,11.403
2026/04/29 15:43:51,025000,11.398
2026/04/29 15:43:51,026000,11.395
2026/04/29 15:43:51,027000,11.401
2026/04/29 15:43:51,028000,11.395
2026/04/29 15:43:51,029000,11.395
2026/04/29 15:43:51,030000,11.401
2026/04/29 15:43:51,031000,11.401
2026/04/29 15:43:51,032000,11.395
2026/04/29 15:43:51,033000,11.398
2026/04/29 15:43:51,034000,11.395
2026/04/29 15:43:51,035000,11.398
2026/04/29 15:43:51,036000,11.401
2026/04/29 15:43:51,037000,11.398
2026/04/29 15:43:51,038000,11.395
2026/04/29 15:43:51,039000,11.401
2026/04/29 15:43:51,040000,11.401
2026/04/29 15:43:51,041000,11.395
2026/04/29 15:43:51,042000,11.401
2026/04/29 15:43:51,043000,11.401
2026/04/29 15:43:51,044000,11.403
2026/04/29 15:43:51,045000,11.401
2026/04/29 15:43:51,046000,11.398
2026/04/29 15:43:51,047000,11.406
2026/04/29 15:43:51,048000,11.398
2026/04/29 15:43:51,049000,11.403
2026/04/29 15:43:51,050000,11.403
2026/04/29 15:43:51,051000,11.395
2026/04/29 15:43:51,052000,11.398
2026/04/29 15:43:51,053000,11.401
2026/04/29 15:43:51,054000,11.392
2026/04/29 15:43:51,055000,11.403
2026/04/29 15:43:51,056000,11.395
2026/04/29 15:43:51,057000,11.403
2026/04/29 15:43:51,058000,11.403
2026/04/29 15:43:51,059000,11.401
2026/04/29 15:43:51,060000,11.395
2026/04/29 15:43:51,061000,11.401
2026/04/29 15:43:51,062000,11.395
2026/04/29 15:43:51,063000,11.395
2026/04/29 15:43:51,064000,11.401
2026/04/29 15:43:51,065000,11.395
2026/04/29 15:43:51,066000,11.398
2026/04/29 15:43:51,067000,11.401
2026/04/29 15:43:51,068000,11.401
2026/04/29 15:43:51,069000,11.403
2026/04/29 15:43:51,070000,11.398
2026/04/29 15:43:51,071000,11.395
2026/04/29 15:43:51,072000,11.403
2026/04/29 15:43:51,073000,11.392
2026/04/29 15:43:51,074000,11.398
2026/04/29 15:43:51,075000,11.401
2026/04/29 15:43:51,076000,11.398
2026/04/29 15:43:51,077000,11.389
2026/04/29 15:43:51,078000,11.401
2026/04/29 15:43:51,079000,11.398
2026/04/29 15:43:51,080000,11.398
2026/04/29 15:43:51,081000,11.398
2026/04/29 15:43:51,082000,11.401
2026/04/29 15:43:51,083000,11.403
2026/04/29 15:43:51,084000,11.392
2026/04/29 15:43:51,085000,11.401
2026/04/29 15:43:51,086000,11.398
2026/04/29 15:43:51,087000,11.401
2026/04/29 15:43:51,088000,11.403
2026/04/29 15:43:51,089000,11.398
2026/04/29 15:43:51,090000,11.401
2026/04/29 15:43:51,091000,11.401
2026/04/29 15:43:51,092000,11.401
2026/04/29 15:43:51,093000,11.409
2026/04/29 15:43:51,094000,11.398
2026/04/29 15:43:51,095000,11.398
2026/04/29 15:43:51,096000,11.403
2026/04/29 15:43:51,097000,11.401
2026/04/29 15:43:51,098000,11.395
2026/04/29 15:43:51,099000,11.395
2026/04/29 15:43:51,100000,11.401
2026/04/29 15:43:51,101000,11.401
2026/04/29 15:43:51,102000,11.403
2026/04/29 15:43:51,103000,11.398
2026/04/29 15:43:51,104000,11.398
2026/04/29 15:43:51,105000,11.389
2026/04/29 15:43:51,106000,11.398
2026/04/29 15:43:51,107000,11.398
2026/04/29 15:43:51,108000,11.401
2026/04/29 15:43:51,109000,11.401
2026/04/29 15:43:51,110000,11.403
2026/04/29 15:43:51,111000,11.395
2026/04/29 15:43:51,112000,11.398
2026/04/29 15:43:51,113000,11.401
2026/04/29 15:43:51,114000,11.395
2026/04/29 15:43:51,115000,11.398
2026/04/29 15:43:51,116000,11.398
2026/04/29 15:43:51,117000,11.398
2026/04/29 15:43:51,118000,11.395
2026/04/29 15:43:51,119000,11.403
2026/04/29 15:43:51,120000,11.401
2026/04/29 15:43:51,121000,11.401
2026/04/29 15:43:51,122000,11.395
2026/04/29 15:43:51,123000,11.401
2026/04/29 15:43:51,124000,11.401
2026/04/29 15:43:51,125000,11.395
2026/04/29 15:43:51,126000,11.398
2026/04/29 15:43:51,127000,11.392
2026/04/29 15:43:51,128000,11.398
2026/04/29 15:43:51,129000,11.398
2026/04/29 15:43:51,130000,11.403
2026/04/29 15:43:51,131000,11.403
2026/04/29 15:43:51,132000,11.395
2026/04/29 15:43:51,133000,11.395
2026/04/29 15:43:51,134000,11.401
2026/04/29 15:43:51,135000,11.406
2026/04/29 15:43:51,136000,11.398
2026/04/29 15:43:51,137000,11.395
2026/04/29 15:43:51,138000,11.398
2026/04/29 15:43:51,139000,11.392
2026/04/29 15:43:51,140000,11.398
2026/04/29 15:43:51,141000,11.401
2026/04/29 15:43:51,142000,11.398
2026/04/29 15:43:51,143000,11.398
2026/04/29 15:43:51,144000,11.401
2026/04/29 15:43:51,145000,11.401
2026/04/29 15:43:51,146000,11.401
2026/04/29 15:43:51,147000,11.398
2026/04/29 15:43:51,148000,11.398
2026/04/29 15:43:51,149000,11.398
2026/04/29 15:43:51,150000,11.398
2026/04/29 15:43:51,151000,11.395
2026/04/29 15:43:51,152000,11.395
2026/04/29 15:43:51,153000,11.401
2026/04/29 15:43:51,154000,11.392
2026/04/29 15:43:51,155000,11.395
2026/04/29 15:43:51,156000,11.401
2026/04/29 15:43:51,157000,11.398
2026/04/29 15:43:51,158000,11.395
2026/04/29 15:43:51,159000,11.395
2026/04/29 15:43:51,160000,11.401
2026/04/29 15:43:51,161000,11.398
2026/04/29 15:43:51,162000,11.401
2026/04/29 15:43:51,163000,11.401
2026/04/29 15:43:51,164000,11.395
2026/04/29 15:43:51,165000,11.398
2026/04/29 15:43:51,166000,11.398
2026/04/29 15:43:51,167000,11.401
2026/04/29 15:43:51,168000,11.401
2026/04/29 15:43:51,169000,11.401
2026/04/29 15:43:51,170000,11.401
2026/04/29 15:43:51,171000,11.398
2026/04/29 15:43:51,172000,11.403
2026/04/29 15:43:51,173000,11.398
2026/04/29 15:43:51,174000,11.401
2026/04/29 15:43:51,175000,11.401
2026/04/29 15:43:51,176000,11.392
2026/04/29 15:43:51,177000,11.398
2026/04/29 15:43:51,178000,11.398
2026/04/29 15:43:51,179000,11.401
2026/04/29 15:43:51,180000,11.398
2026/04/29 15:43:51,181000,11.403
2026/04/29 15:43:51,182000,11.401
2026/04/29 15:43:51,183000,11.398
2026/04/29 15:43:51,184000,11.403
2026/04/29 15:43:51,185000,11.403
2026/04/29 15:43:51,186000,11.403
2026/04/29 15:43:51,187000,11.395
2026/04/29 15:43:51,188000,11.401
2026/04/29 15:43:51,189000,11.398
2026/04/29 15:43:51,190000,11.403
2026/04/29 15:43:51,191000,11.401
2026/04/29 15:43:51,192000,11.401
2026/04/29 15:43:51,193000,11.398
2026/04/29 15:43:51,194000,11.395
2026/04/29 15:43:51,195000,11.401
2026/04/29 15:43:51,196000,11.401
2026/04/29 15:43:51,197000,11.403
2026/04/29 15:43:51,198000,11.401
2026/04/29 15:43:51,199000,11.398
2026/04/29 15:43:51,200000,11.401
2026/04/29 15:43:51,201000,11.409
2026/04/29 15:43:51,202000,11.401
2026/04/29 15:43:51,203000,11.401
2026/04/29 15:43:51,204000,11.401
2026/04/29 15:43:51,205000,11.401
2026/04/29 15:43:51,206000,11.401
2026/04/29 15:43:51,207000,11.401
2026/04/29 15:43:51,208000,11.395
2026/04/29 15:43:51,209000,11.403
2026/04/29 15:43:51,210000,11.398
2026/04/29 15:43:51,211000,11.401
2026/04/29 15:43:51,212000,11.398
2026/04/29 15:43:51,213000,11.401
2026/04/29 15:43:51,214000,11.398
2026/04/29 15:43:51,215000,11.398
2026/04/29 15:43:51,216000,11.398
2026/04/29 15:43:51,217000,11.401
2026/04/29 15:43:51,218000,11.403
2026/04/29 15:43:51,219000,11.403
2026/04/29 15:43:51,220000,11.401
2026/04/29 15:43:51,221000,11.406
2026/04/29 15:43:51,222000,11.398
2026/04/29 15:43:51,223000,11.401
2026/04/29 15:43:51,224000,11.401
2026/04/29 15:43:51,225000,11.398
2026/04/29 15:43:51,226000,11.398
2026/04/29 15:43:51,227000,11.403
2026/04/29 15:43:51,228000,11.398
2026/04/29 15:43:51,229000,11.403
2026/04/29 15:43:51,230000,11.401
2026/04/29 15:43:51,231000,11.398
2026/04/29 15:43:51,232000,11.401
2026/04/29 15:43:51,233000,11.401
2026/04/29 15:43:51,234000,11.395
2026/04/29 15:43:51,235000,11.401
2026/04/29 15:43:51,236000,11.395
2026/04/29 15:43:51,237000,11.395
2026/04/29 15:43:51,238000,11.398
2026/04/29 15:43:51,239000,11.401
2026/04/29 15:43:51,240000,11.403
2026/04/29 15:43:51,241000,11.398
2026/04/29 15:43:51,242000,11.403
2026/04/29 15:43:51,243000,11.395
2026/04/29 15:43:51,244000,11.403
2026/04/29 15:43:51,245000,11.398
2026/04/29 15:43:51,246000,11.403
2026/04/29 15:43:51,247000,11.398
2026/04/29 15:43:51,248000,11.403
2026/04/29 15:43:51,249000,11.401
2026/04/29 15:43:51,250000,11.398
2026/04/29 15:43:51,251000,11.398
2026/04/29 15:43:51,252000,11.395
2026/04/29 15:43:51,253000,11.395
2026/04/29 15:43:51,254000,11.401
2026/04/29 15:43:51,255000,11.392
2026/04/29 15:43:51,256000,11.398
2026/04/29 15:43:51,257000,11.401
2026/04/29 15:43:51,258000,11.398
2026/04/29 15:43:51,259000,11.401
2026/04/29 15:43:51,260000,11.401
2026/04/29 15:43:51,261000,11.401
2026/04/29 15:43:51,262000,11.398
2026/04/29 15:43:51,263000,11.401
2026/04/29 15:43:51,264000,11.401
2026/04/29 15:43:51,265000,11.403
2026/04/29 15:43:51,266000,11.403
2026/04/29 15:43:51,267000,11.401
2026/04/29 15:43:51,268000,11.403
2026/04/29 15:43:51,269000,11.398
2026/04/29 15:43:51,270000,11.395
2026/04/29 15:43:51,271000,11.398
2026/04/29 15:43:51,272000,11.398
2026/04/29 15:43:51,273000,11.395
2026/04/29 15:43:51,274000,11.401
2026/04/29 15:43:51,275000,11.398
2026/04/29 15:43:51,276000,11.401
2026/04/29 15:43:51,277000,11.398
2026/04/29 15:43:51,278000,11.398
2026/04/29 15:43:51,279000,11.398
2026/04/29 15:43:51,280000,11.401
2026/04/29 15:43:51,281000,11.403
2026/04/29 15:43:51,282000,11.401
2026/04/29 15:43:51,283000,11.401
2026/04/29 15:43:51,284000,11.398
2026/04/29 15:43:51,285000,11.401
2026/04/29 15:43:51,286000,11.406
2026/04/29 15:43:51,287000,11.395
2026/04/29 15:43:51,288000,11.401
2026/04/29 15:43:51,289000,11.395
2026/04/29 15:43:51,290000,11.403
2026/04/29 15:43:51,291000,11.398
2026/04/29 15:43:51,292000,11.403
2026/04/29 15:43:51,293000,11.401
2026/04/29 15:43:51,294000,11.403
2026/04/29 15:43:51,295000,11.401
2026/04/29 15:43:51,296000,11.401
2026/04/29 15:43:51,297000,11.403
2026/04/29 15:43:51,298000,11.403
2026/04/29 15:43:51,299000,11.398
2026/04/29 15:43:51,300000,11.403
2026/04/29 15:43:51,301000,11.401
2026/04/29 15:43:51,302000,11.398
2026/04/29 15:43:51,303000,11.398
2026/04/29 15:43:51,304000,11.401
2026/04/29 15:43:51,305000,11.401
2026/04/29 15:43:51,306000,11.398
2026/04/29 15:43:51,307000,11.401
2026/04/29 15:43:51,308000,11.401
2026/04/29 15:43:51,309000,11.395
2026/04/29 15:43:51,310000,11.401
2026/04/29 15:43:51,311000,11.403
2026/04/29 15:43:51,312000,11.403
2026/04/29 15:43:51,313000,11.398
2026/04/29 15:43:51,314000,11.403
2026/04/29 15:43:51,315000,11.403
2026/04/29 15:43:51,316000,11.398
2026/04/29 15:43:51,317000,11.395
2026/04/29 15:43:51,318000,11.401
2026/04/29 15:43:51,319000,11.401
2026/04/29 15:43:51,320000,11.398
2026/04/29 15:43:51,321000,11.403
2026/04/29 15:43:51,322000,11.403
2026/04/29 15:43:51,323000,11.395
2026/04/29 15:43:51,324000,11.398
2026/04/29 15:43:51,325000,11.398
2026/04/29 15:43:51,326000,11.395
2026/04/29 15:43:51,327000,11.401
2026/04/29 15:43:51,328000,11.401
2026/04/29 15:43:51,329000,11.401
2026/04/29 15:43:51,330000,11.406
2026/04/29 15:43:51,331000,11.401
2026/04/29 15:43:51,332000,11.403
2026/04/29 15:43:51,333000,11.401
2026/04/29 15:43:51,334000,11.403
2026/04/29 15:43:51,335000,11.395
2026/04/29 15:43:51,336000,11.409
2026/04/29 15:43:51,337000,11.401
2026/04/29 15:43:51,338000,11.406
2026/04/29 15:43:51,339000,11.401
2026/04/29 15:43:51,340000,11.401
2026/04/29 15:43:51,341000,11.403
2026/04/29 15:43:51,342000,11.395
2026/04/29 15:43:51,343000,11.403
2026/04/29 15:43:51,344000,11.401
2026/04/29 15:43:51,345000,11.398
2026/04/29 15:43:51,346000,11.401
2026/04/29 15:43:51,347000,11.398
2026/04/29 15:43:51,348000,11.401
2026/04/29 15:43:51,349000,11.398
2026/04/29 15:43:51,350000,11.401
2026/04/29 15:43:51,351000,11.398
2026/04/29 15:43:51,352000,11.403
2026/04/29 15:43:51,353000,11.395
2026/04/29 15:43:51,354000,11.401
2026/04/29 15:43:51,355000,11.398
2026/04/29 15:43:51,356000,11.401
2026/04/29 15:43:51,357000,11.395
2026/04/29 15:43:51,358000,11.398
2026/04/29 15:43:51,359000,11.403
2026/04/29 15:43:51,360000,11.398
2026/04/29 15:43:51,361000,11.403
2026/04/29 15:43:51,362000,11.395
2026/04/29 15:43:51,363000,11.409
2026/04/29 15:43:51,364000,11.398
2026/04/29 15:43:51,365000,11.398
2026/04/29 15:43:51,366000,11.401
2026/04/29 15:43:51,367000,11.392
2026/04/29 15:43:51,368000,11.401
2026/04/29 15:43:51,369000,11.395
2026/04/29 15:43:51,370000,11.401
2026/04/29 15:43:51,371000,11.403
2026/04/29 15:43:51,372000,11.395
2026/04/29 15:43:51,373000,11.401
2026/04/29 15:43:51,374000,11.403
2026/04/29 15:43:51,375000,11.403
2026/04/29 15:43:51,376000,11.398
2026/04/29 15:43:51,377000,11.403
2026/04/29 15:43:51,378000,11.389
2026/04/29 15:43:51,379000,11.401
2026/04/29 15:43:51,380000,11.398
2026/04/29 15:43:51,381000,11.401
2026/04/29 15:43:51,382000,11.403
2026/04/29 15:43:51,383000,11.401
2026/04/29 15:43:51,384000,11.403
2026/04/29 15:43:51,385000,11.403
2026/04/29 15:43:51,386000,11.401
2026/04/29 15:43:51,387000,11.401
2026/04/29 15:43:51,388000,11.401
2026/04/29 15:43:51,389000,11.398
2026/04/29 15:43:51,390000,11.401
2026/04/29 15:43:51,391000,11.398
2026/04/29 15:43:51,392000,11.401
2026/04/29 15:43:51,393000,11.401
2026/04/29 15:43:51,394000,11.398
2026/04/29 15:43:51,395000,11.403
2026/04/29 15:43:51,396000,11.401
2026/04/29 15:43:51,397000,11.395
2026/04/29 15:43:51,398000,11.398
2026/04/29 15:43:51,399000,11.403
2026/04/29 15:43:51,400000,11.406
2026/04/29 15:43:51,401000,11.403
2026/04/29 15:43:51,402000,11.403
2026/04/29 15:43:51,403000,11.398
2026/04/29 15:43:51,404000,11.401
2026/04/29 15:43:51,405000,11.398
2026/04/29 15:43:51,406000,11.398
2026/04/29 15:43:51,407000,11.406
2026/04/29 15:43:51,408000,11.395
2026/04/29 15:43:51,409000,11.401
2026/04/29 15:43:51,410000,11.403
2026/04/29 15:43:51,411000,11.401
2026/04/29 15:43:51,412000,11.395
2026/04/29 15:43:51,413000,11.409
2026/04/29 15:43:51,414000,11.398
2026/04/29 15:43:51,415000,11.403
2026/04/29 15:43:51,416000,11.398
2026/04/29 15:43:51,417000,11.403
2026/04/29 15:43:51,418000,11.395
2026/04/29 15:43:51,419000,11.401
2026/04/29 15:43:51,420000,11.401
2026/04/29 15:43:51,421000,11.406
2026/04/29 15:43:51,422000,11.403
2026/04/29 15:43:51,423000,11.398
2026/04/29 15:43:51,424000,11.395
2026/04/29 15:43:51,425000,11.401
2026/04/29 15:43:51,426000,11.398
2026/04/29 15:43:51,427000,11.398
2026/04/29 15:43:51,428000,11.401
2026/04/29 15:43:51,429000,11.398
2026/04/29 15:43:51,430000,11.401
2026/04/29 15:43:51,431000,11.403
2026/04/29 15:43:51,432000,11.401
2026/04/29 15:43:51,433000,11.406
2026/04/29 15:43:51,434000,11.403
2026/04/29 15:43:51,435000,11.398
2026/04/29 15:43:51,436000,11.406
2026/04/29 15:43:51,437000,11.401
2026/04/29 15:43:51,438000,11.401
2026/04/29 15:43:51,439000,11.398
2026/04/29 15:43:51,440000,11.398
2026/04/29 15:43:51,441000,11.403
2026/04/29 15:43:51,442000,11.403
2026/04/29 15:43:51,443000,11.403
2026/04/29 15:43:51,444000,11.398
2026/04/29 15:43:51,445000,11.403
2026/04/29 15:43:51,446000,11.401
2026/04/29 15:43:51,447000,11.403
2026/04/29 15:43:51,448000,11.403
2026/04/29 15:43:51,449000,11.398
2026/04/29 15:43:51,450000,11.406
2026/04/29 15:43:51,451000,11.401
2026/04/29 15:43:51,452000,11.398
2026/04/29 15:43:51,453000,11.401
2026/04/29 15:43:51,454000,11.398
2026/04/29 15:43:51,455000,11.403
2026/04/29 15:43:51,456000,11.398
2026/04/29 15:43:51,457000,11.409
2026/04/29 15:43:51,458000,11.403
2026/04/29 15:43:51,459000,11.403
2026/04/29 15:43:51,460000,11.401
2026/04/29 15:43:51,461000,11.401
2026/04/29 15:43:51,462000,11.395
2026/04/29 15:43:51,463000,11.401
2026/04/29 15:43:51,464000,11.395
2026/04/29 15:43:51,465000,11.403
2026/04/29 15:43:51,466000,11.403
2026/04/29 15:43:51,467000,11.401
2026/04/29 15:43:51,468000,11.406
2026/04/29 15:43:51,469000,11.403
2026/04/29 15:43:51,470000,11.398
2026/04/29 15:43:51,471000,11.403
2026/04/29 15:43:51,472000,11.401
2026/04/29 15:43:51,473000,11.395
2026/04/29 15:43:51,474000,11.398
2026/04/29 15:43:51,475000,11.403
2026/04/29 15:43:51,476000,11.401
2026/04/29 15:43:51,477000,11.406
2026/04/29 15:43:51,478000,11.406
2026/04/29 15:43:51,479000,11.403
2026/04/29 15:43:51,480000,11.395
2026/04/29 15:43:51,481000,11.398
2026/04/29 15:43:51,482000,11.406
2026/04/29 15:43:51,483000,11.398
2026/04/29 15:43:51,484000,11.401
2026/04/29 15:43:51,485000,11.401
2026/04/29 15:43:51,486000,11.398
2026/04/29 15:43:51,487000,11.401
2026/04/29 15:43:51,488000,11.406
2026/04/29 15:43:51,489000,11.401
2026/04/29 15:43:51,490000,11.403
2026/04/29 15:43:51,491000,11.403
2026/04/29 15:43:51,492000,11.398
2026/04/29 15:43:51,493000,11.401
2026/04/29 15:43:51,494000,11.403
2026/04/29 15:43:51,495000,11.403
2026/04/29 15:43:51,496000,11.403
2026/04/29 15:43:51,497000,11.403
2026/04/29 15:43:51,498000,11.409
2026/04/29 15:43:51,499000,11.401
2026/04/29 15:43:51,500000,11.398
2026/04/29 15:43:51,501000,11.401
2026/04/29 15:43:51,502000,11.406
2026/04/29 15:43:51,503000,11.398
2026/04/29 15:43:51,504000,11.403
2026/04/29 15:43:51,505000,11.403
2026/04/29 15:43:51,506000,11.401
2026/04/29 15:43:51,507000,11.401
2026/04/29 15:43:51,508000,11.403
2026/04/29 15:43:51,509000,11.403
2026/04/29 15:43:51,510000,11.406
2026/04/29 15:43:51,511000,11.401
2026/04/29 15:43:51,512000,11.401
2026/04/29 15:43:51,513000,11.403
2026/04/29 15:43:51,514000,11.403
2026/04/29 15:43:51,515000,11.401
2026/04/29 15:43:51,516000,11.406
2026/04/29 15:43:51,517000,11.406
2026/04/29 15:43:51,518000,11.409
2026/04/29 15:43:51,519000,11.403
2026/04/29 15:43:51,520000,11.398
2026/04/29 15:43:51,521000,11.398
2026/04/29 15:43:51,522000,11.398
2026/04/29 15:43:51,523000,11.403
2026/04/29 15:43:51,524000,11.403
2026/04/29 15:43:51,525000,11.401
2026/04/29 15:43:51,526000,11.403
2026/04/29 15:43:51,527000,11.412
2026/04/29 15:43:51,528000,11.403
2026/04/29 15:43:51,529000,11.403
2026/04/29 15:43:51,530000,11.401
2026/04/29 15:43:51,531000,11.398
2026/04/29 15:43:51,532000,11.403
2026/04/29 15:43:51,533000,11.398
2026/04/29 15:43:51,534000,11.398
2026/04/29 15:43:51,535000,11.401
2026/04/29 15:43:51,536000,11.403
2026/04/29 15:43:51,537000,11.401
2026/04/29 15:43:51,538000,11.403
2026/04/29 15:43:51,539000,11.401
2026/04/29 15:43:51,540000,11.403
2026/04/29 15:43:51,541000,11.403
2026/04/29 15:43:51,542000,11.403
2026/04/29 15:43:51,543000,11.403
2026/04/29 15:43:51,544000,11.398
2026/04/29 15:43:51,545000,11.403
2026/04/29 15:43:51,546000,11.403
2026/04/29 15:43:51,547000,11.403
2026/04/29 15:43:51,548000,11.403
2026/04/29 15:43:51,549000,11.395
2026/04/29 15:43:51,550000,11.401
2026/04/29 15:43:51,551000,11.401
2026/04/29 15:43:51,552000,11.401
2026/04/29 15:43:51,553000,11.401
2026/04/29 15:43:51,554000,11.401
2026/04/29 15:43:51,555000,11.403
2026/04/29 15:43:51,556000,11.409
2026/04/29 15:43:51,557000,11.401
2026/04/29 15:43:51,558000,11.406
2026/04/29 15:43:51,559000,11.401
2026/04/29 15:43:51,560000,11.398
2026/04/29 15:43:51,561000,11.398
2026/04/29 15:43:51,562000,11.406
2026/04/29 15:43:51,563000,11.403
2026/04/29 15:43:51,564000,11.401
2026/04/29 15:43:51,565000,11.401
2026/04/29 15:43:51,566000,11.398
2026/04/29 15:43:51,567000,11.403
2026/04/29 15:43:51,568000,11.403
2026/04/29 15:43:51,569000,11.403
2026/04/29 15:43:51,570000,11.406
2026/04/29 15:43:51,571000,11.403
2026/04/29 15:43:51,572000,11.401
2026/04/29 15:43:51,573000,11.401
2026/04/29 15:43:51,574000,11.401
2026/04/29 15:43:51,575000,11.401
2026/04/29 15:43:51,576000,11.406
2026/04/29 15:43:51,577000,11.403
2026/04/29 15:43:51,578000,11.403
2026/04/29 15:43:51,579000,11.403
2026/04/29 15:43:51,580000,11.403
2026/04/29 15:43:51,581000,11.403
2026/04/29 15:43:51,582000,11.401
2026/04/29 15:43:51,583000,11.398
2026/04/29 15:43:51,584000,11.403
2026/04/29 15:43:51,585000,11.398
2026/04/29 15:43:51,586000,11.403
2026/04/29 15:43:51,587000,11.398
2026/04/29 15:43:51,588000,11.403
2026/04/29 15:43:51,589000,11.403
2026/04/29 15:43:51,590000,11.403
2026/04/29 15:43:51,591000,11.401
2026/04/29 15:43:51,592000,11.409
2026/04/29 15:43:51,593000,11.401
2026/04/29 15:43:51,594000,11.401
2026/04/29 15:43:51,595000,11.403
2026/04/29 15:43:51,596000,11.406
2026/04/29 15:43:51,597000,11.403
2026/04/29 15:43:51,598000,11.401
2026/04/29 15:43:51,599000,11.401
2026/04/29 15:43:51,600000,11.403
2026/04/29 15:43:51,601000,11.406
2026/04/29 15:43:51,602000,11.401
2026/04/29 15:43:51,603000,11.406
2026/04/29 15:43:51,604000,11.398
2026/04/29 15:43:51,605000,11.403
2026/04/29 15:43:51,606000,11.403
2026/04/29 15:43:51,607000,11.403
2026/04/29 15:43:51,608000,11.403
2026/04/29 15:43:51,609000,11.401
2026/04/29 15:43:51,610000,11.401
2026/04/29 15:43:51,611000,11.403
2026/04/29 15:43:51,612000,11.403
2026/04/29 15:43:51,613000,11.401
2026/04/29 15:43:51,614000,11.403
2026/04/29 15:43:51,615000,11.403
2026/04/29 15:43:51,616000,11.406
2026/04/29 15:43:51,617000,11.403
2026/04/29 15:43:51,618000,11.401
2026/04/29 15:43:51,619000,11.401
2026/04/29 15:43:51,620000,11.403
2026/04/29 15:43:51,621000,11.401
2026/04/29 15:43:51,622000,11.406
2026/04/29 15:43:51,623000,11.403
2026/04/29 15:43:51,624000,11.401
2026/04/29 15:43:51,625000,11.403
2026/04/29 15:43:51,626000,11.398
2026/04/29 15:43:51,627000,11.409
2026/04/29 15:43:51,628000,11.406
2026/04/29 15:43:51,629000,11.406
2026/04/29 15:43:51,630000,11.401
2026/04/29 15:43:51,631000,11.403
2026/04/29 15:43:51,632000,11.401
2026/04/29 15:43:51,633000,11.403
2026/04/29 15:43:51,634000,11.406
2026/04/29 15:43:51,635000,11.403
2026/04/29 15:43:51,636000,11.401
2026/04/29 15:43:51,637000,11.401
2026/04/29 15:43:51,638000,11.406
2026/04/29 15:43:51,639000,11.403
2026/04/29 15:43:51,640000,11.403
2026/04/29 15:43:51,641000,11.403
2026/04/29 15:43:51,642000,11.401
2026/04/29 15:43:51,643000,11.395
2026/04/29 15:43:51,644000,11.403
2026/04/29 15:43:51,645000,11.403
2026/04/29 15:43:51,646000,11.398
2026/04/29 15:43:51,647000,11.403
2026/04/29 15:43:51,648000,11.406
2026/04/29 15:43:51,649000,11.398
2026/04/29 15:43:51,650000,11.398
2026/04/29 15:43:51,651000,11.401
2026/04/29 15:43:51,652000,11.401
2026/04/29 15:43:51,653000,11.406
2026/04/29 15:43:51,654000,11.403
2026/04/29 15:43:51,655000,11.403
2026/04/29 15:43:51,656000,11.403
2026/04/29 15:43:51,657000,11.401
2026/04/29 15:43:51,658000,11.401
2026/04/29 15:43:51,659000,11.403
2026/04/29 15:43:51,660000,11.401
2026/04/29 15:43:51,661000,11.406
2026/04/29 15:43:51,662000,11.395
2026/04/29 15:43:51,663000,11.409
2026/04/29 15:43:51,664000,11.406
2026/04/29 15:43:51,665000,11.401
2026/04/29 15:43:51,666000,11.401
2026/04/29 15:43:51,667000,11.401
2026/04/29 15:43:51,668000,11.403
2026/04/29 15:43:51,669000,11.403
2026/04/29 15:43:51,670000,11.403
2026/04/29 15:43:51,671000,11.406
2026/04/29 15:43:51,672000,11.401
2026/04/29 15:43:51,673000,11.401
2026/04/29 15:43:51,674000,11.403
2026/04/29 15:43:51,675000,11.398
2026/04/29 15:43:51,676000,11.406
2026/04/29 15:43:51,677000,11.398
2026/04/29 15:43:51,678000,11.398
2026/04/29 15:43:51,679000,11.403
2026/04/29 15:43:51,680000,11.409
2026/04/29 15:43:51,681000,11.403
2026/04/29 15:43:51,682000,11.403
2026/04/29 15:43:51,683000,11.398
2026/04/29 15:43:51,684000,11.406
2026/04/29 15:43:51,685000,11.401
2026/04/29 15:43:51,686000,11.403
2026/04/29 15:43:51,687000,11.403
2026/04/29 15:43:51,688000,11.409
2026/04/29 15:43:51,689000,11.403
2026/04/29 15:43:51,690000,11.409
2026/04/29 15:43:51,691000,11.406
2026/04/29 15:43:51,692000,11.403
2026/04/29 15:43:51,693000,11.401
2026/04/29 15:43:51,694000,11.403
2026/04/29 15:43:51,695000,11.401
2026/04/29 15:43:51,696000,11.403
2026/04/29 15:43:51,697000,11.403
2026/04/29 15:43:51,698000,11.406
2026/04/29 15:43:51,699000,11.403
2026/04/29 15:43:51,700000,11.401
2026/04/29 15:43:51,701000,11.406
2026/04/29 15:43:51,702000,11.403
2026/04/29 15:43:51,703000,11.401
2026/04/29 15:43:51,704000,11.412
2026/04/29 15:43:51,705000,11.403
2026/04/29 15:43:51,706000,11.409
2026/04/29 15:43:51,707000,11.401
2026/04/29 15:43:51,708000,11.403
2026/04/29 15:43:51,709000,11.403
2026/04/29 15:43:51,710000,11.403
2026/04/29 15:43:51,711000,11.401
2026/04/29 15:43:51,712000,11.401
2026/04/29 15:43:51,713000,11.401
2026/04/29 15:43:51,714000,11.401
2026/04/29 15:43:51,715000,11.409
2026/04/29 15:43:51,716000,11.406
2026/04/29 15:43:51,717000,11.403
2026/04/29 15:43:51,718000,11.406
2026/04/29 15:43:51,719000,11.403
2026/04/29 15:43:51,720000,11.403
2026/04/29 15:43:51,721000,11.406
2026/04/29 15:43:51,722000,11.406
2026/04/29 15:43:51,723000,11.403
2026/04/29 15:43:51,724000,11.417
2026/04/29 15:43:51,725000,11.403
2026/04/29 15:43:51,726000,11.403
2026/04/29 15:43:51,727000,11.403
2026/04/29 15:43:51,728000,11.403
2026/04/29 15:43:51,729000,11.403
2026/04/29 15:43:51,730000,11.403
2026/04/29 15:43:51,731000,11.401
2026/04/29 15:43:51,732000,11.401
2026/04/29 15:43:51,733000,11.403
2026/04/29 15:43:51,734000,11.403
2026/04/29 15:43:51,735000,11.403
2026/04/29 15:43:51,736000,11.401
2026/04/29 15:43:51,737000,11.406
2026/04/29 15:43:51,738000,11.403
2026/04/29 15:43:51,739000,11.403
2026/04/29 15:43:51,740000,11.403
2026/04/29 15:43:51,741000,11.401
2026/04/29 15:43:51,742000,11.403
2026/04/29 15:43:51,743000,11.406
2026/04/29 15:43:51,744000,11.403
2026/04/29 15:43:51,745000,11.403
2026/04/29 15:43:51,746000,11.403
2026/04/29 15:43:51,747000,11.401
2026/04/29 15:43:51,748000,11.398
2026/04/29 15:43:51,749000,11.403
2026/04/29 15:43:51,750000,11.403
2026/04/29 15:43:51,751000,11.398
2026/04/29 15:43:51,752000,11.409
2026/04/29 15:43:51,753000,11.403
2026/04/29 15:43:51,754000,11.403
2026/04/29 15:43:51,755000,11.403
2026/04/29 15:43:51,756000,11.401
2026/04/29 15:43:51,757000,11.401
2026/04/29 15:43:51,758000,11.403
2026/04/29 15:43:51,759000,11.401
2026/04/29 15:43:51,760000,11.406
2026/04/29 15:43:51,761000,11.409
2026/04/29 15:43:51,762000,11.406
2026/04/29 15:43:51,763000,11.403
2026/04/29 15:43:51,764000,11.409
2026/04/29 15:43:51,765000,11.403
2026/04/29 15:43:51,766000,11.401
2026/04/29 15:43:51,767000,11.403
2026/04/29 15:43:51,768000,11.403
2026/04/29 15:43:51,769000,11.401
2026/04/29 15:43:51,770000,11.395
2026/04/29 15:43:51,771000,11.403
2026/04/29 15:43:51,772000,11.403
2026/04/29 15:43:51,773000,11.401
2026/04/29 15:43:51,774000,11.409
2026/04/29 15:43:51,775000,11.401
2026/04/29 15:43:51,776000,11.406
2026/04/29 15:43:51,777000,11.403
2026/04/29 15:43:51,778000,11.406
2026/04/29 15:43:51,779000,11.403
2026/04/29 15:43:51,780000,11.398
2026/04/29 15:43:51,781000,11.409
2026/04/29 15:43:51,782000,11.401
2026/04/29 15:43:51,783000,11.409
2026/04/29 15:43:51,784000,11.403
2026/04/29 15:43:51,785000,11.398
2026/04/29 15:43:51,786000,11.406
2026/04/29 15:43:51,787000,11.406
2026/04/29 15:43:51,788000,11.398
2026/04/29 15:43:51,789000,11.403
2026/04/29 15:43:51,790000,11.403
2026/04/29 15:43:51,791000,11.398
2026/04/29 15:43:51,792000,11.403
2026/04/29 15:43:51,793000,11.403
2026/04/29 15:43:51,794000,11.406
2026/04/29 15:43:51,795000,11.406
2026/04/29 15:43:51,796000,11.398
2026/04/29 15:43:51,797000,11.403
2026/04/29 15:43:51,798000,11.403
2026/04/29 15:43:51,799000,11.403
2026/04/29 15:43:51,800000,11.401
2026/04/29 15:43:51,801000,11.403
2026/04/29 15:43:51,802000,11.401
2026/04/29 15:43:51,803000,11.406
2026/04/29 15:43:51,804000,11.401
2026/04/29 15:43:51,805000,11.412
2026/04/29 15:43:51,806000,11.403
2026/04/29 15:43:51,807000,11.403
2026/04/29 15:43:51,808000,11.403
2026/04/29 15:43:51,809000,11.401
2026/04/29 15:43:51,810000,11.406
2026/04/29 15:43:51,811000,11.403
2026/04/29 15:43:51,812000,11.403
2026/04/29 15:43:51,813000,11.403
2026/04/29 15:43:51,814000,11.409
2026/04/29 15:43:51,815000,11.403
2026/04/29 15:43:51,816000,11.406
2026/04/29 15:43:51,817000,11.401
2026/04/29 15:43:51,818000,11.403
2026/04/29 15:43:51,819000,11.401
2026/04/29 15:43:51,820000,11.398
2026/04/29 15:43:51,821000,11.406
2026/04/29 15:43:51,822000,11.403
2026/04/29 15:43:51,823000,11.409
2026/04/29 15:43:51,824000,11.401
2026/04/29 15:43:51,825000,11.406
2026/04/29 15:43:51,826000,11.401
2026/04/29 15:43:51,827000,11.401
2026/04/29 15:43:51,828000,11.406
2026/04/29 15:43:51,829000,11.406
2026/04/29 15:43:51,830000,11.401
2026/04/29 15:43:51,831000,11.406
2026/04/29 15:43:51,832000,11.403
2026/04/29 15:43:51,833000,11.403
2026/04/29 15:43:51,834000,11.403
2026/04/29 15:43:51,835000,11.403
2026/04/29 15:43:51,836000,11.403
2026/04/29 15:43:51,837000,11.403
2026/04/29 15:43:51,838000,11.398
2026/04/29 15:43:51,839000,11.409
2026/04/29 15:43:51,840000,11.403
2026/04/29 15:43:51,841000,11.403
2026/04/29 15:43:51,842000,11.401
2026/04/29 15:43:51,843000,11.409
2026/04/29 15:43:51,844000,11.403
2026/04/29 15:43:51,845000,11.403
2026/04/29 15:43:51,846000,11.401
2026/04/29 15:43:51,847000,11.406
2026/04/29 15:43:51,848000,11.406
2026/04/29 15:43:51,849000,11.406
2026/04/29 15:43:51,850000,11.403
2026/04/29 15:43:51,851000,11.403
2026/04/29 15:43:51,852000,11.403
2026/04/29 15:43:51,853000,11.406
2026/04/29 15:43:51,854000,11.406
2026/04/29 15:43:51,855000,11.403
2026/04/29 15:43:51,856000,11.403
2026/04/29 15:43:51,857000,11.401
2026/04/29 15:43:51,858000,11.403
2026/04/29 15:43:51,859000,11.401
2026/04/29 15:43:51,860000,11.409
2026/04/29 15:43:51,861000,11.401
2026/04/29 15:43:51,862000,11.409
2026/04/29 15:43:51,863000,11.406
2026/04/29 15:43:51,864000,11.403
2026/04/29 15:43:51,865000,11.406
2026/04/29 15:43:51,866000,11.406
2026/04/29 15:43:51,867000,11.406
2026/04/29 15:43:51,868000,11.403
2026/04/29 15:43:51,869000,11.401
2026/04/29 15:43:51,870000,11.406
2026/04/29 15:43:51,871000,11.403
2026/04/29 15:43:51,872000,11.417
2026/04/29 15:43:51,873000,11.406
2026/04/29 15:43:51,874000,11.406
2026/04/29 15:43:51,875000,11.392
2026/04/29 15:43:51,876000,11.403
2026/04/29 15:43:51,877000,11.403
2026/04/29 15:43:51,878000,11.403
2026/04/29 15:43:51,879000,11.403
2026/04/29 15:43:51,880000,11.406
2026/04/29 15:43:51,881000,11.406
2026/04/29 15:43:51,882000,11.398
2026/04/29 15:43:51,883000,11.401
2026/04/29 15:43:51,884000,11.403
2026/04/29 15:43:51,885000,11.401
2026/04/29 15:43:51,886000,11.403
2026/04/29 15:43:51,887000,11.403
2026/04/29 15:43:51,888000,11.406
2026/04/29 15:43:51,889000,11.401
2026/04/29 15:43:51,890000,11.409
2026/04/29 15:43:51,891000,11.406
2026/04/29 15:43:51,892000,11.403
2026/04/29 15:43:51,893000,11.403
2026/04/29 15:43:51,894000,11.398
2026/04/29 15:43:51,895000,11.403
2026/04/29 15:43:51,896000,11.406
2026/04/29 15:43:51,897000,11.415
2026/04/29 15:43:51,898000,11.403
2026/04/29 15:43:51,899000,11.401
2026/04/29 15:43:51,900000,11.406
2026/04/29 15:43:51,901000,11.406
2026/04/29 15:43:51,902000,11.406
2026/04/29 15:43:51,903000,11.403
2026/04/29 15:43:51,904000,11.403
2026/04/29 15:43:51,905000,11.401
2026/04/29 15:43:51,906000,11.403
2026/04/29 15:43:51,907000,11.409
2026/04/29 15:43:51,908000,11.403
2026/04/29 15:43:51,909000,11.403
2026/04/29 15:43:51,910000,11.403
2026/04/29 15:43:51,911000,11.403
2026/04/29 15:43:51,912000,11.409
2026/04/29 15:43:51,913000,11.401
2026/04/29 15:43:51,914000,11.412
2026/04/29 15:43:51,915000,11.401
2026/04/29 15:43:51,916000,11.401
2026/04/29 15:43:51,917000,11.403
2026/04/29 15:43:51,918000,11.406
2026/04/29 15:43:51,919000,11.403
2026/04/29 15:43:51,920000,11.406
2026/04/29 15:43:51,921000,11.403
2026/04/29 15:43:51,922000,11.401
2026/04/29 15:43:51,923000,11.406
2026/04/29 15:43:51,924000,11.409
2026/04/29 15:43:51,925000,11.403
2026/04/29 15:43:51,926000,11.401
2026/04/29 15:43:51,927000,11.403
2026/04/29 15:43:51,928000,11.401
2026/04/29 15:43:51,929000,11.406
2026/04/29 15:43:51,930000,11.403
2026/04/29 15:43:51,931000,11.403
2026/04/29 15:43:51,932000,11.409
2026/04/29 15:43:51,933000,11.406
2026/04/29 15:43:51,934000,11.401
2026/04/29 15:43:51,935000,11.403
2026/04/29 15:43:51,936000,11.406
2026/04/29 15:43:51,937000,11.409
2026/04/29 15:43:51,938000,11.409
2026/04/29 15:43:51,939000,11.403
2026/04/29 15:43:51,940000,11.401
2026/04/29 15:43:51,941000,11.398
2026/04/29 15:43:51,942000,11.406
2026/04/29 15:43:51,943000,11.403
2026/04/29 15:43:51,944000,11.403
2026/04/29 15:43:51,945000,11.406
2026/04/29 15:43:51,946000,11.406
2026/04/29 15:43:51,947000,11.403
2026/04/29 15:43:51,948000,11.403
2026/04/29 15:43:51,949000,11.406
2026/04/29 15:43:51,950000,11.401
2026/04/29 15:43:51,951000,11.403
2026/04/29 15:43:51,952000,11.401
2026/04/29 15:43:51,953000,11.403
2026/04/29 15:43:51,954000,11.403
2026/04/29 15:43:51,955000,11.401
2026/04/29 15:43:51,956000,11.406
2026/04/29 15:43:51,957000,11.398
2026/04/29 15:43:51,958000,11.403
2026/04/29 15:43:51,959000,11.403
2026/04/29 15:43:51,960000,11.401
2026/04/29 15:43:51,961000,11.401
2026/04/29 15:43:51,962000,11.403
2026/04/29 15:43:51,963000,11.406
2026/04/29 15:43:51,964000,11.403
2026/04/29 15:43:51,965000,11.403
2026/04/29 15:43:51,966000,11.403
2026/04/29 15:43:51,967000,11.398
2026/04/29 15:43:51,968000,11.395
2026/04/29 15:43:51,969000,11.403
2026/04/29 15:43:51,970000,11.406
2026/04/29 15:43:51,971000,11.406
2026/04/29 15:43:51,972000,11.406
2026/04/29 15:43:51,973000,11.403
2026/04/29 15:43:51,974000,11.406
2026/04/29 15:43:51,975000,11.409
2026/04/29 15:43:51,976000,11.403
2026/04/29 15:43:51,977000,11.406
2026/04/29 15:43:51,978000,11.403
2026/04/29 15:43:51,979000,11.406
2026/04/29 15:43:51,980000,11.406
2026/04/29 15:43:51,981000,11.412
2026/04/29 15:43:51,982000,11.406
2026/04/29 15:43:51,983000,11.403
2026/04/29 15:43:51,984000,11.406
2026/04/29 15:43:51,985000,11.409
2026/04/29 15:43:51,986000,11.401
2026/04/29 15:43:51,987000,11.401
2026/04/29 15:43:51,988000,11.403
2026/04/29 15:43:51,989000,11.409
2026/04/29 15:43:51,990000,11.403
2026/04/29 15:43:51,991000,11.403
2026/04/29 15:43:51,992000,11.406
2026/04/29 15:43:51,993000,11.401
2026/04/29 15:43:51,994000,11.406
2026/04/29 15:43:51,995000,11.412
2026/04/29 15:43:51,996000,11.403
2026/04/29 15:43:51,997000,11.406
2026/04/29 15:43:51,998000,11.409
2026/04/29 15:43:51,999000,11.398
2026/04/29 15:43:52,000000,11.401
2026/04/29 15:43:52,001000,11.401
2026/04/29 15:43:52,002000,11.401
2026/04/29 15:43:52,003000,11.406
2026/04/29 15:43:52,004000,11.409
2026/04/29 15:43:52,005000,11.398
2026/04/29 15:43:52,006000,11.401
2026/04/29 15:43:52,007000,11.406
2026/04/29 15:43:52,008000,11.412
2026/04/29 15:43:52,009000,11.406
2026/04/29 15:43:52,010000,11.406
2026/04/29 15:43:52,011000,11.401
2026/04/29 15:43:52,012000,11.409
2026/04/29 15:43:52,013000,11.406
2026/04/29 15:43:52,014000,11.406
2026/04/29 15:43:52,015000,11.403
2026/04/29 15:43:52,016000,11.403
2026/04/29 15:43:52,017000,11.401
2026/04/29 15:43:52,018000,11.401
2026/04/29 15:43:52,019000,11.409
2026/04/29 15:43:52,020000,11.415
2026/04/29 15:43:52,021000,11.401
2026/04/29 15:43:52,022000,11.398
2026/04/29 15:43:52,023000,11.403
2026/04/29 15:43:52,024000,11.409
2026/04/29 15:43:52,025000,11.403
2026/04/29 15:43:52,026000,11.401
2026/04/29 15:43:52,027000,11.401
2026/04/29 15:43:52,028000,11.403
2026/04/29 15:43:52,029000,11.401
2026/04/29 15:43:52,030000,11.409
2026/04/29 15:43:52,031000,11.403
2026/04/29 15:43:52,032000,11.409
2026/04/29 15:43:52,033000,11.401
2026/04/29 15:43:52,034000,11.406
2026/04/29 15:43:52,035000,11.406
2026/04/29 15:43:52,036000,11.401
2026/04/29 15:43:52,037000,11.409
2026/04/29 15:43:52,038000,11.409
2026/04/29 15:43:52,039000,11.406
2026/04/29 15:43:52,040000,11.403
2026/04/29 15:43:52,041000,11.403
2026/04/29 15:43:52,042000,11.401
2026/04/29 15:43:52,043000,11.403
2026/04/29 15:43:52,044000,11.406
2026/04/29 15:43:52,045000,11.406
2026/04/29 15:43:52,046000,11.409
2026/04/29 15:43:52,047000,11.403
2026/04/29 15:43:52,048000,11.409
2026/04/29 15:43:52,049000,11.409
2026/04/29 15:43:52,050000,11.406
2026/04/29 15:43:52,051000,11.403
2026/04/29 15:43:52,052000,11.403
2026/04/29 15:43:52,053000,11.403
2026/04/29 15:43:52,054000,11.406
2026/04/29 15:43:52,055000,11.409
2026/04/29 15:43:52,056000,11.412
2026/04/29 15:43:52,057000,11.403
2026/04/29 15:43:52,058000,11.403
2026/04/29 15:43:52,059000,11.403
2026/04/29 15:43:52,060000,11.403
2026/04/29 15:43:52,061000,11.403
2026/04/29 15:43:52,062000,11.403
2026/04/29 15:43:52,063000,11.412
2026/04/29 15:43:52,064000,11.403
2026/04/29 15:43:52,065000,11.409
2026/04/29 15:43:52,066000,11.406
2026/04/29 15:43:52,067000,11.406
2026/04/29 15:43:52,068000,11.412
2026/04/29 15:43:52,069000,11.403
2026/04/29 15:43:52,070000,11.409
2026/04/29 15:43:52,071000,11.401
2026/04/29 15:43:52,072000,11.406
2026/04/29 15:43:52,073000,11.403
2026/04/29 15:43:52,074000,11.406
2026/04/29 15:43:52,075000,11.409
2026/04/29 15:43:52,076000,11.401
2026/04/29 15:43:52,077000,11.412
2026/04/29 15:43:52,078000,11.403
2026/04/29 15:43:52,079000,11.403
2026/04/29 15:43:52,080000,11.409
2026/04/29 15:43:52,081000,11.401
2026/04/29 15:43:52,082000,11.401
2026/04/29 15:43:52,083000,11.398
2026/04/29 15:43:52,084000,11.406
2026/04/29 15:43:52,085000,11.406
2026/04/29 15:43:52,086000,11.401
2026/04/29 15:43:52,087000,11.406
2026/04/29 15:43:52,088000,11.401
2026/04/29 15:43:52,089000,11.403
2026/04/29 15:43:52,090000,11.403
2026/04/29 15:43:52,091000,11.406
2026/04/29 15:43:52,092000,11.406
2026/04/29 15:43:52,093000,11.406
2026/04/29 15:43:52,094000,11.406
2026/04/29 15:43:52,095000,11.403
2026/04/29 15:43:52,096000,11.406
2026/04/29 15:43:52,097000,11.406
2026/04/29 15:43:52,098000,11.406
2026/04/29 15:43:52,099000,11.403
2026/04/29 15:43:52,100000,11.406
2026/04/29 15:43:52,101000,11.403
2026/04/29 15:43:52,102000,11.409
2026/04/29 15:43:52,103000,11.403
2026/04/29 15:43:52,104000,11.415
2026/04/29 15:43:52,105000,11.406
2026/04/29 15:43:52,106000,11.401
2026/04/29 15:43:52,107000,11.412
2026/04/29 15:43:52,108000,11.406
2026/04/29 15:43:52,109000,11.401
2026/04/29 15:43:52,110000,11.403
2026/04/29 15:43:52,111000,11.403
2026/04/29 15:43:52,112000,11.406
2026/04/29 15:43:52,113000,11.406
2026/04/29 15:43:52,114000,11.406
2026/04/29 15:43:52,115000,11.409
2026/04/29 15:43:52,116000,11.401
2026/04/29 15:43:52,117000,11.403
2026/04/29 15:43:52,118000,11.406
2026/04/29 15:43:52,119000,11.403
2026/04/29 15:43:52,120000,11.398
2026/04/29 15:43:52,121000,11.406
2026/04/29 15:43:52,122000,11.403
2026/04/29 15:43:52,123000,11.412
2026/04/29 15:43:52,124000,11.406
2026/04/29 15:43:52,125000,11.406
2026/04/29 15:43:52,126000,11.406
2026/04/29 15:43:52,127000,11.403
2026/04/29 15:43:52,128000,11.401
2026/04/29 15:43:52,129000,11.409
2026/04/29 15:43:52,130000,11.409
2026/04/29 15:43:52,131000,11.403
2026/04/29 15:43:52,132000,11.403
2026/04/29 15:43:52,133000,11.412
2026/04/29 15:43:52,134000,11.406
2026/04/29 15:43:52,135000,11.409
2026/04/29 15:43:52,136000,11.409
2026/04/29 15:43:52,137000,11.403
2026/04/29 15:43:52,138000,11.409
2026/04/29 15:43:52,139000,11.406
2026/04/29 15:43:52,140000,11.403
2026/04/29 15:43:52,141000,11.406
2026/04/29 15:43:52,142000,11.406
2026/04/29 15:43:52,143000,11.409
2026/04/29 15:43:52,144000,11.412
2026/04/29 15:43:52,145000,11.401
2026/04/29 15:43:52,146000,11.403
2026/04/29 15:43:52,147000,11.406
2026/04/29 15:43:52,148000,11.403
2026/04/29 15:43:52,149000,11.406
2026/04/29 15:43:52,150000,11.403
2026/04/29 15:43:52,151000,11.406
2026/04/29 15:43:52,152000,11.409
2026/04/29 15:43:52,153000,11.412
2026/04/29 15:43:52,154000,11.406
2026/04/29 15:43:52,155000,11.409
2026/04/29 15:43:52,156000,11.412
2026/04/29 15:43:52,157000,11.406
2026/04/29 15:43:52,158000,11.406
2026/04/29 15:43:52,159000,11.409
2026/04/29 15:43:52,160000,11.409
2026/04/29 15:43:52,161000,11.409
2026/04/29 15:43:52,162000,11.403
2026/04/29 15:43:52,163000,11.406
2026/04/29 15:43:52,164000,11.409
2026/04/29 15:43:52,165000,11.409
2026/04/29 15:43:52,166000,11.409
2026/04/29 15:43:52,167000,11.406
2026/04/29 15:43:52,168000,11.403
2026/04/29 15:43:52,169000,11.406
2026/04/29 15:43:52,170000,11.409
2026/04/29 15:43:52,171000,11.403
2026/04/29 15:43:52,172000,11.406
2026/04/29 15:43:52,173000,11.412
2026/04/29 15:43:52,174000,11.403
2026/04/29 15:43:52,175000,11.409
2026/04/29 15:43:52,176000,11.409
2026/04/29 15:43:52,177000,11.406
2026/04/29 15:43:52,178000,11.406
2026/04/29 15:43:52,179000,11.412
2026/04/29 15:43:52,180000,11.409
2026/04/29 15:43:52,181000,11.412
2026/04/29 15:43:52,182000,11.406
2026/04/29 15:43:52,183000,11.403
2026/04/29 15:43:52,184000,11.412
2026/04/29 15:43:52,185000,11.406
2026/04/29 15:43:52,186000,11.409
2026/04/29 15:43:52,187000,11.409
2026/04/29 15:43:52,188000,11.403
2026/04/29 15:43:52,189000,11.406
2026/04/29 15:43:52,190000,11.412
2026/04/29 15:43:52,191000,11.409
2026/04/29 15:43:52,192000,11.409
2026/04/29 15:43:52,193000,11.406
2026/04/29 15:43:52,194000,11.415
2026/04/29 15:43:52,195000,11.406
2026/04/29 15:43:52,196000,11.406
2026/04/29 15:43:52,197000,11.403
2026/04/29 15:43:52,198000,11.403
2026/04/29 15:43:52,199000,11.401
2026/04/29 15:43:52,200000,11.409
2026/04/29 15:43:52,201000,11.403
2026/04/29 15:43:52,202000,11.406
2026/04/29 15:43:52,203000,11.403
2026/04/29 15:43:52,204000,11.406
2026/04/29 15:43:52,205000,11.409
2026/04/29 15:43:52,206000,11.409
2026/04/29 15:43:52,207000,11.409
2026/04/29 15:43:52,208000,11.403
2026/04/29 15:43:52,209000,11.406
2026/04/29 15:43:52,210000,11.412
2026/04/29 15:43:52,211000,11.403
2026/04/29 15:43:52,212000,11.412
2026/04/29 15:43:52,213000,11.401
2026/04/29 15:43:52,214000,11.412
2026/04/29 15:43:52,215000,11.406
2026/04/29 15:43:52,216000,11.409
2026/04/29 15:43:52,217000,11.409
2026/04/29 15:43:52,218000,11.409
2026/04/29 15:43:52,219000,11.406
2026/04/29 15:43:52,220000,11.406
2026/04/29 15:43:52,221000,11.403
2026/04/29 15:43:52,222000,11.409
2026/04/29 15:43:52,223000,11.412
2026/04/29 15:43:52,224000,11.406
2026/04/29 15:43:52,225000,11.409
2026/04/29 15:43:52,226000,11.403
2026/04/29 15:43:52,227000,11.412
2026/04/29 15:43:52,228000,11.409
2026/04/29 15:43:52,229000,11.409
2026/04/29 15:43:52,230000,11.409
2026/04/29 15:43:52,231000,11.403
2026/04/29 15:43:52,232000,11.403
2026/04/29 15:43:52,233000,11.409
2026/04/29 15:43:52,234000,11.403
2026/04/29 15:43:52,235000,11.409
2026/04/29 15:43:52,236000,11.415
2026/04/29 15:43:52,237000,11.409
2026/04/29 15:43:52,238000,11.406
2026/04/29 15:43:52,239000,11.412
2026/04/29 15:43:52,240000,11.403
2026/04/29 15:43:52,241000,11.409
2026/04/29 15:43:52,242000,11.406
2026/04/29 15:43:52,243000,11.403
2026/04/29 15:43:52,244000,11.403
2026/04/29 15:43:52,245000,11.406
2026/04/29 15:43:52,246000,11.406
2026/04/29 15:43:52,247000,11.409
2026/04/29 15:43:52,248000,11.406
2026/04/29 15:43:52,249000,11.415
2026/04/29 15:43:52,250000,11.412
2026/04/29 15:43:52,251000,11.409
2026/04/29 15:43:52,252000,11.403
2026/04/29 15:43:52,253000,11.412
2026/04/29 15:43:52,254000,11.412
2026/04/29 15:43:52,255000,11.406
2026/04/29 15:43:52,256000,11.403
2026/04/29 15:43:52,257000,11.401
2026/04/29 15:43:52,258000,11.409
2026/04/29 15:43:52,259000,11.409
2026/04/29 15:43:52,260000,11.409
2026/04/29 15:43:52,261000,11.412
2026/04/29 15:43:52,262000,11.406
2026/04/29 15:43:52,263000,11.406
2026/04/29 15:43:52,264000,11.409
2026/04/29 15:43:52,265000,11.412
2026/04/29 15:43:52,266000,11.409
2026/04/29 15:43:52,267000,11.412
2026/04/29 15:43:52,268000,11.412
2026/04/29 15:43:52,269000,11.403
2026/04/29 15:43:52,270000,11.406
2026/04/29 15:43:52,271000,11.403
2026/04/29 15:43:52,272000,11.403
2026/04/29 15:43:52,273000,11.409
2026/04/29 15:43:52,274000,11.403
2026/04/29 15:43:52,275000,11.403
2026/04/29 15:43:52,276000,11.406
2026/04/29 15:43:52,277000,11.415
2026/04/29 15:43:52,278000,11.409
2026/04/29 15:43:52,279000,11.412
2026/04/29 15:43:52,280000,11.412
2026/04/29 15:43:52,281000,11.403
2026/04/29 15:43:52,282000,11.401
2026/04/29 15:43:52,283000,11.403
2026/04/29 15:43:52,284000,11.403
2026/04/29 15:43:52,285000,11.409
2026/04/29 15:43:52,286000,11.415
2026/04/29 15:43:52,287000,11.412
2026/04/29 15:43:52,288000,11.406
2026/04/29 15:43:52,289000,11.409
2026/04/29 15:43:52,290000,11.409
2026/04/29 15:43:52,291000,11.406
2026/04/29 15:43:52,292000,11.406
2026/04/29 15:43:52,293000,11.403
2026/04/29 15:43:52,294000,11.412
2026/04/29 15:43:52,295000,11.409
2026/04/29 15:43:52,296000,11.403
2026/04/29 15:43:52,297000,11.409
2026/04/29 15:43:52,298000,11.409
2026/04/29 15:43:52,299000,11.409
2026/04/29 15:43:52,300000,11.409
2026/04/29 15:43:52,301000,11.403
2026/04/29 15:43:52,302000,11.406
2026/04/29 15:43:52,303000,11.415
2026/04/29 15:43:52,304000,11.403
2026/04/29 15:43:52,305000,11.409
2026/04/29 15:43:52,306000,11.406
2026/04/29 15:43:52,307000,11.406
2026/04/29 15:43:52,308000,11.406
2026/04/29 15:43:52,309000,11.412
2026/04/29 15:43:52,310000,11.406
2026/04/29 15:43:52,311000,11.415
2026/04/29 15:43:52,312000,11.412
2026/04/29 15:43:52,313000,11.415
2026/04/29 15:43:52,314000,11.406
2026/04/29 15:43:52,315000,11.403
2026/04/29 15:43:52,316000,11.409
2026/04/29 15:43:52,317000,11.409
2026/04/29 15:43:52,318000,11.409
2026/04/29 15:43:52,319000,11.409
2026/04/29 15:43:52,320000,11.406
2026/04/29 15:43:52,321000,11.412
2026/04/29 15:43:52,322000,11.412
2026/04/29 15:43:52,323000,11.415
2026/04/29 15:43:52,324000,11.406
2026/04/29 15:43:52,325000,11.409
2026/04/29 15:43:52,326000,11.412
2026/04/29 15:43:52,327000,11.412
2026/04/29 15:43:52,328000,11.403
2026/04/29 15:43:52,329000,11.403
2026/04/29 15:43:52,330000,11.412
2026/04/29 15:43:52,331000,11.412
2026/04/29 15:43:52,332000,11.406
2026/04/29 15:43:52,333000,11.401
2026/04/29 15:43:52,334000,11.415
2026/04/29 15:43:52,335000,11.403
2026/04/29 15:43:52,336000,11.412
2026/04/29 15:43:52,337000,11.406
2026/04/29 15:43:52,338000,11.406
2026/04/29 15:43:52,339000,11.406
2026/04/29 15:43:52,340000,11.406
2026/04/29 15:43:52,341000,11.415
2026/04/29 15:43:52,342000,11.406
2026/04/29 15:43:52,343000,11.403
2026/04/29 15:43:52,344000,11.412
2026/04/29 15:43:52,345000,11.406
2026/04/29 15:43:52,346000,11.403
2026/04/29 15:43:52,347000,11.412
2026/04/29 15:43:52,348000,11.406
2026/04/29 15:43:52,349000,11.409
2026/04/29 15:43:52,350000,11.403
2026/04/29 15:43:52,351000,11.406
2026/04/29 15:43:52,352000,11.409
2026/04/29 15:43:52,353000,11.409
2026/04/29 15:43:52,354000,11.403
2026/04/29 15:43:52,355000,11.403
2026/04/29 15:43:52,356000,11.409
2026/04/29 15:43:52,357000,11.409
2026/04/29 15:43:52,358000,11.412
2026/04/29 15:43:52,359000,11.415
2026/04/29 15:43:52,360000,11.409
2026/04/29 15:43:52,361000,11.406
2026/04/29 15:43:52,362000,11.409
2026/04/29 15:43:52,363000,11.406
2026/04/29 15:43:52,364000,11.409
2026/04/29 15:43:52,365000,11.409
2026/04/29 15:43:52,366000,11.415
2026/04/29 15:43:52,367000,11.406
2026/04/29 15:43:52,368000,11.409
2026/04/29 15:43:52,369000,11.406
2026/04/29 15:43:52,370000,11.409
2026/04/29 15:43:52,371000,11.412
2026/04/29 15:43:52,372000,11.409
2026/04/29 15:43:52,373000,11.415
2026/04/29 15:43:52,374000,11.417
2026/04/29 15:43:52,375000,11.409
2026/04/29 15:43:52,376000,11.412
2026/04/29 15:43:52,377000,11.415
2026/04/29 15:43:52,378000,11.415
2026/04/29 15:43:52,379000,11.409
2026/04/29 15:43:52,380000,11.409
2026/04/29 15:43:52,381000,11.409
2026/04/29 15:43:52,382000,11.409
2026/04/29 15:43:52,383000,11.412
2026/04/29 15:43:52,384000,11.415
2026/04/29 15:43:52,385000,11.409
2026/04/29 15:43:52,386000,11.409
2026/04/29 15:43:52,387000,11.412
2026/04/29 15:43:52,388000,11.409
2026/04/29 15:43:52,389000,11.403
2026/04/29 15:43:52,390000,11.406
2026/04/29 15:43:52,391000,11.409
2026/04/29 15:43:52,392000,11.412
2026/04/29 15:43:52,393000,11.409
2026/04/29 15:43:52,394000,11.412
2026/04/29 15:43:52,395000,11.403
2026/04/29 15:43:52,396000,11.412
2026/04/29 15:43:52,397000,11.403
2026/04/29 15:43:52,398000,11.403
2026/04/29 15:43:52,399000,11.412
2026/04/29 15:43:52,400000,11.409
2026/04/29 15:43:52,401000,11.415
2026/04/29 15:43:52,402000,11.412
2026/04/29 15:43:52,403000,11.403
2026/04/29 15:43:52,404000,11.417
2026/04/29 15:43:52,405000,11.412
2026/04/29 15:43:52,406000,11.409
2026/04/29 15:43:52,407000,11.401
2026/04/29 15:43:52,408000,11.412
2026/04/29 15:43:52,409000,11.409
2026/04/29 15:43:52,410000,11.406
2026/04/29 15:43:52,411000,11.412
2026/04/29 15:43:52,412000,11.412
2026/04/29 15:43:52,413000,11.406
2026/04/29 15:43:52,414000,11.406
2026/04/29 15:43:52,415000,11.412
2026/04/29 15:43:52,416000,11.415
2026/04/29 15:43:52,417000,11.412
2026/04/29 15:43:52,418000,11.403
2026/04/29 15:43:52,419000,11.415
2026/04/29 15:43:52,420000,11.415
2026/04/29 15:43:52,421000,11.415
2026/04/29 15:43:52,422000,11.406
2026/04/29 15:43:52,423000,11.406
2026/04/29 15:43:52,424000,11.409
2026/04/29 15:43:52,425000,11.412
2026/04/29 15:43:52,426000,11.409
2026/04/29 15:43:52,427000,11.409
2026/04/29 15:43:52,428000,11.409
2026/04/29 15:43:52,429000,11.415
2026/04/29 15:43:52,430000,11.406
2026/04/29 15:43:52,431000,11.409
2026/04/29 15:43:52,432000,11.412
2026/04/29 15:43:52,433000,11.409
2026/04/29 15:43:52,434000,11.415
2026/04/29 15:43:52,435000,11.409
2026/04/29 15:43:52,436000,11.409
2026/04/29 15:43:52,437000,11.412
2026/04/29 15:43:52,438000,11.403
2026/04/29 15:43:52,439000,11.409
2026/04/29 15:43:52,440000,11.412
2026/04/29 15:43:52,441000,11.412
2026/04/29 15:43:52,442000,11.412
2026/04/29 15:43:52,443000,11.412
2026/04/29 15:43:52,444000,11.409
2026/04/29 15:43:52,445000,11.409
2026/04/29 15:43:52,446000,11.409
2026/04/29 15:43:52,447000,11.415
2026/04/29 15:43:52,448000,11.409
2026/04/29 15:43:52,449000,11.412
2026/04/29 15:43:52,450000,11.409
2026/04/29 15:43:52,451000,11.412
2026/04/29 15:43:52,452000,11.406
2026/04/29 15:43:52,453000,11.409
2026/04/29 15:43:52,454000,11.409
2026/04/29 15:43:52,455000,11.403
2026/04/29 15:43:52,456000,11.409
2026/04/29 15:43:52,457000,11.412
2026/04/29 15:43:52,458000,11.409
2026/04/29 15:43:52,459000,11.415
2026/04/29 15:43:52,460000,11.409
2026/04/29 15:43:52,461000,11.415
2026/04/29 15:43:52,462000,11.412
2026/04/29 15:43:52,463000,11.409
2026/04/29 15:43:52,464000,11.406
2026/04/29 15:43:52,465000,11.409
2026/04/29 15:43:52,466000,11.412
2026/04/29 15:43:52,467000,11.409
2026/04/29 15:43:52,468000,11.409
2026/04/29 15:43:52,469000,11.412
2026/04/29 15:43:52,470000,11.415
2026/04/29 15:43:52,471000,11.403
2026/04/29 15:43:52,472000,11.415
2026/04/29 15:43:52,473000,11.409
2026/04/29 15:43:52,474000,11.412
2026/04/29 15:43:52,475000,11.406
2026/04/29 15:43:52,476000,11.406
2026/04/29 15:43:52,477000,11.415
2026/04/29 15:43:52,478000,11.412
2026/04/29 15:43:52,479000,11.409
2026/04/29 15:43:52,480000,11.412
2026/04/29 15:43:52,481000,11.406
2026/04/29 15:43:52,482000,11.412
2026/04/29 15:43:52,483000,11.412
2026/04/29 15:43:52,484000,11.406
2026/04/29 15:43:52,485000,11.409
2026/04/29 15:43:52,486000,11.415
2026/04/29 15:43:52,487000,11.406
2026/04/29 15:43:52,488000,11.412
2026/04/29 15:43:52,489000,11.406
2026/04/29 15:43:52,490000,11.412
2026/04/29 15:43:52,491000,11.412
2026/04/29 15:43:52,492000,11.403
2026/04/29 15:43:52,493000,11.412
2026/04/29 15:43:52,494000,11.412
2026/04/29 15:43:52,495000,11.409
2026/04/29 15:43:52,496000,11.412
2026/04/29 15:43:52,497000,11.412
2026/04/29 15:43:52,498000,11.412
2026/04/29 15:43:52,499000,11.412
2026/04/29 15:43:52,500000,11.415
2026/04/29 15:43:52,501000,11.412
2026/04/29 15:43:52,502000,11.412
2026/04/29 15:43:52,503000,11.406
2026/04/29 15:43:52,504000,11.406
2026/04/29 15:43:52,505000,11.409
2026/04/29 15:43:52,506000,11.409
2026/04/29 15:43:52,507000,11.415
2026/04/29 15:43:52,508000,11.406
2026/04/29 15:43:52,509000,11.412
2026/04/29 15:43:52,510000,11.412
2026/04/29 15:43:52,511000,11.412
2026/04/29 15:43:52,512000,11.409
2026/04/29 15:43:52,513000,11.412
2026/04/29 15:43:52,514000,11.412
2026/04/29 15:43:52,515000,11.415
2026/04/29 15:43:52,516000,11.412
2026/04/29 15:43:52,517000,11.412
2026/04/29 15:43:52,518000,11.406
2026/04/29 15:43:52,519000,11.412
2026/04/29 15:43:52,520000,11.406
2026/04/29 15:43:52,521000,11.412
2026/04/29 15:43:52,522000,11.409
2026/04/29 15:43:52,523000,11.415
2026/04/29 15:43:52,524000,11.412
2026/04/29 15:43:52,525000,11.412
2026/04/29 15:43:52,526000,11.417
2026/04/29 15:43:52,527000,11.412
2026/04/29 15:43:52,528000,11.403
2026/04/29 15:43:52,529000,11.409
2026/04/29 15:43:52,530000,11.409
2026/04/29 15:43:52,531000,11.412
2026/04/29 15:43:52,532000,11.412
2026/04/29 15:43:52,533000,11.409
2026/04/29 15:43:52,534000,11.412
2026/04/29 15:43:52,535000,11.412
2026/04/29 15:43:52,536000,11.406
2026/04/29 15:43:52,537000,11.409
2026/04/29 15:43:52,538000,11.409
2026/04/29 15:43:52,539000,11.409
2026/04/29 15:43:52,540000,11.409
2026/04/29 15:43:52,541000,11.409
2026/04/29 15:43:52,542000,11.409
2026/04/29 15:43:52,543000,11.409
2026/04/29 15:43:52,544000,11.412
2026/04/29 15:43:52,545000,11.415
2026/04/29 15:43:52,546000,11.412
2026/04/29 15:43:52,547000,11.412
2026/04/29 15:43:52,548000,11.415
2026/04/29 15:43:52,549000,11.423
2026/04/29 15:43:52,550000,11.412
2026/04/29 15:43:52,551000,11.412
2026/04/29 15:43:52,552000,11.409
2026/04/29 15:43:52,553000,11.412
2026/04/29 15:43:52,554000,11.415
2026/04/29 15:43:52,555000,11.415
2026/04/29 15:43:52,556000,11.406
2026/04/29 15:43:52,557000,11.415
2026/04/29 15:43:52,558000,11.409
2026/04/29 15:43:52,559000,11.406
2026/04/29 15:43:52,560000,11.412
2026/04/29 15:43:52,561000,11.415
2026/04/29 15:43:52,562000,11.409
2026/04/29 15:43:52,563000,11.412
2026/04/29 15:43:52,564000,11.409
2026/04/29 15:43:52,565000,11.403
2026/04/29 15:43:52,566000,11.412
2026/04/29 15:43:52,567000,11.412
2026/04/29 15:43:52,568000,11.409
2026/04/29 15:43:52,569000,11.415
2026/04/29 15:43:52,570000,11.406
2026/04/29 15:43:52,571000,11.412
2026/04/29 15:43:52,572000,11.409
2026/04/29 15:43:52,573000,11.409
2026/04/29 15:43:52,574000,11.409
2026/04/29 15:43:52,575000,11.409
2026/04/29 15:43:52,576000,11.406
2026/04/29 15:43:52,577000,11.406
2026/04/29 15:43:52,578000,11.415
2026/04/29 15:43:52,579000,11.406
2026/04/29 15:43:52,580000,11.409
2026/04/29 15:43:52,581000,11.412
2026/04/29 15:43:52,582000,11.409
2026/04/29 15:43:52,583000,11.415
2026/04/29 15:43:52,584000,11.415
2026/04/29 15:43:52,585000,11.406
2026/04/29 15:43:52,586000,11.412
2026/04/29 15:43:52,587000,11.415
2026/04/29 15:43:52,588000,11.412
2026/04/29 15:43:52,589000,11.409
2026/04/29 15:43:52,590000,11.406
2026/04/29 15:43:52,591000,11.409
2026/04/29 15:43:52,592000,11.409
2026/04/29 15:43:52,593000,11.409
2026/04/29 15:43:52,594000,11.403
2026/04/29 15:43:52,595000,11.415
2026/04/29 15:43:52,596000,11.415
2026/04/29 15:43:52,597000,11.412
2026/04/29 15:43:52,598000,11.406
2026/04/29 15:43:52,599000,11.423
2026/04/29 15:43:52,600000,11.412
2026/04/29 15:43:52,601000,11.412
2026/04/29 15:43:52,602000,11.412
2026/04/29 15:43:52,603000,11.403
2026/04/29 15:43:52,604000,11.409
2026/04/29 15:43:52,605000,11.412
2026/04/29 15:43:52,606000,11.412
2026/04/29 15:43:52,607000,11.415
2026/04/29 15:43:52,608000,11.412
2026/04/29 15:43:52,609000,11.412
2026/04/29 15:43:52,610000,11.409
2026/04/29 15:43:52,611000,11.406
2026/04/29 15:43:52,612000,11.412
2026/04/29 15:43:52,613000,11.409
2026/04/29 15:43:52,614000,11.409
2026/04/29 15:43:52,615000,11.409
2026/04/29 15:43:52,616000,11.409
2026/04/29 15:43:52,617000,11.412
2026/04/29 15:43:52,618000,11.412
2026/04/29 15:43:52,619000,11.406
2026/04/29 15:43:52,620000,11.409
2026/04/29 15:43:52,621000,11.412
2026/04/29 15:43:52,622000,11.403
2026/04/29 15:43:52,623000,11.415
2026/04/29 15:43:52,624000,11.415
2026/04/29 15:43:52,625000,11.412
2026/04/29 15:43:52,626000,11.412
2026/04/29 15:43:52,627000,11.409
2026/04/29 15:43:52,628000,11.417
2026/04/29 15:43:52,629000,11.417
2026/04/29 15:43:52,630000,11.415
2026/04/29 15:43:52,631000,11.409
2026/04/29 15:43:52,632000,11.412
2026/04/29 15:43:52,633000,11.412
2026/04/29 15:43:52,634000,11.412
2026/04/29 15:43:52,635000,11.420
2026/04/29 15:43:52,636000,11.412
2026/04/29 15:43:52,637000,11.409
2026/04/29 15:43:52,638000,11.412
2026/04/29 15:43:52,639000,11.415
2026/04/29 15:43:52,640000,11.420
2026/04/29 15:43:52,641000,11.415
2026/04/29 15:43:52,642000,11.417
2026/04/29 15:43:52,643000,11.409
2026/04/29 15:43:52,644000,11.409
2026/04/29 15:43:52,645000,11.412
2026/04/29 15:43:52,646000,11.415
2026/04/29 15:43:52,647000,11.409
2026/04/29 15:43:52,648000,11.403
2026/04/29 15:43:52,649000,11.409
2026/04/29 15:43:52,650000,11.409
2026/04/29 15:43:52,651000,11.415
2026/04/29 15:43:52,652000,11.412
2026/04/29 15:43:52,653000,11.412
2026/04/29 15:43:52,654000,11.412
2026/04/29 15:43:52,655000,11.409
2026/04/29 15:43:52,656000,11.415
2026/04/29 15:43:52,657000,11.417
2026/04/29 15:43:52,658000,11.409
2026/04/29 15:43:52,659000,11.403
2026/04/29 15:43:52,660000,11.409
2026/04/29 15:43:52,661000,11.417
2026/04/29 15:43:52,662000,11.415
2026/04/29 15:43:52,663000,11.409
2026/04/29 15:43:52,664000,11.415
2026/04/29 15:43:52,665000,11.412
2026/04/29 15:43:52,666000,11.409
2026/04/29 15:43:52,667000,11.409
2026/04/29 15:43:52,668000,11.412
2026/04/29 15:43:52,669000,11.415
2026/04/29 15:43:52,670000,11.417
2026/04/29 15:43:52,671000,11.417
2026/04/29 15:43:52,672000,11.415
2026/04/29 15:43:52,673000,11.415
2026/04/29 15:43:52,674000,11.412
2026/04/29 15:43:52,675000,11.412
2026/04/29 15:43:52,676000,11.420
2026/04/29 15:43:52,677000,11.412
2026/04/29 15:43:52,678000,11.412
2026/04/29 15:43:52,679000,11.415
2026/04/29 15:43:52,680000,11.417
2026/04/29 15:43:52,681000,11.415
2026/04/29 15:43:52,682000,11.415
2026/04/29 15:43:52,683000,11.415
2026/04/29 15:43:52,684000,11.412
2026/04/29 15:43:52,685000,11.415
2026/04/29 15:43:52,686000,11.415
2026/04/29 15:43:52,687000,11.412
2026/04/29 15:43:52,688000,11.412
2026/04/29 15:43:52,689000,11.412
2026/04/29 15:43:52,690000,11.412
2026/04/29 15:43:52,691000,11.412
2026/04/29 15:43:52,692000,11.415
2026/04/29 15:43:52,693000,11.415
2026/04/29 15:43:52,694000,11.420
2026/04/29 15:43:52,695000,11.412
2026/04/29 15:43:52,696000,11.409
2026/04/29 15:43:52,697000,11.412
2026/04/29 15:43:52,698000,11.412
2026/04/29 15:43:52,699000,11.415
2026/04/29 15:43:52,700000,11.412
2026/04/29 15:43:52,701000,11.417
2026/04/29 15:43:52,702000,11.409
2026/04/29 15:43:52,703000,11.409
2026/04/29 15:43:52,704000,11.412
2026/04/29 15:43:52,705000,11.403
2026/04/29 15:43:52,706000,11.412
2026/04/29 15:43:52,707000,11.417
2026/04/29 15:43:52,708000,11.415
2026/04/29 15:43:52,709000,11.409
2026/04/29 15:43:52,710000,11.409
2026/04/29 15:43:52,711000,11.409
2026/04/29 15:43:52,712000,11.420
2026/04/29 15:43:52,713000,11.412
2026/04/29 15:43:52,714000,11.415
2026/04/29 15:43:52,715000,11.412
2026/04/29 15:43:52,716000,11.409
2026/04/29 15:43:52,717000,11.409
2026/04/29 15:43:52,718000,11.409
2026/04/29 15:43:52,719000,11.415
2026/04/29 15:43:52,720000,11.412
2026/04/29 15:43:52,721000,11.415
2026/04/29 15:43:52,722000,11.415
2026/04/29 15:43:52,723000,11.409
2026/04/29 15:43:52,724000,11.412
2026/04/29 15:43:52,725000,11.409
2026/04/29 15:43:52,726000,11.415
2026/04/29 15:43:52,727000,11.415
2026/04/29 15:43:52,728000,11.415
2026/04/29 15:43:52,729000,11.406
2026/04/29 15:43:52,730000,11.415
2026/04/29 15:43:52,731000,11.415
2026/04/29 15:43:52,732000,11.415
2026/04/29 15:43:52,733000,11.406
2026/04/29 15:43:52,734000,11.415
2026/04/29 15:43:52,735000,11.412
2026/04/29 15:43:52,736000,11.415
2026/04/29 15:43:52,737000,11.412
2026/04/29 15:43:52,738000,11.403
2026/04/29 15:43:52,739000,11.412
2026/04/29 15:43:52,740000,11.415
2026/04/29 15:43:52,741000,11.412
2026/04/29 15:43:52,742000,11.403
2026/04/29 15:43:52,743000,11.409
2026/04/29 15:43:52,744000,11.412
2026/04/29 15:43:52,745000,11.412
2026/04/29 15:43:52,746000,11.417
2026/04/29 15:43:52,747000,11.417
2026/04/29 15:43:52,748000,11.412
2026/04/29 15:43:52,749000,11.415
2026/04/29 15:43:52,750000,11.406
2026/04/29 15:43:52,751000,11.412
2026/04/29 15:43:52,752000,11.415
2026/04/29 15:43:52,753000,11.412
2026/04/29 15:43:52,754000,11.412
2026/04/29 15:43:52,755000,11.415
2026/04/29 15:43:52,756000,11.420
2026/04/29 15:43:52,757000,11.415
2026/04/29 15:43:52,758000,11.415
2026/04/29 15:43:52,759000,11.406
2026/04/29 15:43:52,760000,11.406
2026/04/29 15:43:52,761000,11.412
2026/04/29 15:43:52,762000,11.415
2026/04/29 15:43:52,763000,11.412
2026/04/29 15:43:52,764000,11.409
2026/04/29 15:43:52,765000,11.409
2026/04/29 15:43:52,766000,11.406
2026/04/29 15:43:52,767000,11.412
2026/04/29 15:43:52,768000,11.415
2026/04/29 15:43:52,769000,11.415
2026/04/29 15:43:52,770000,11.420
2026/04/29 15:43:52,771000,11.412
2026/04/29 15:43:52,772000,11.415
2026/04/29 15:43:52,773000,11.417
2026/04/29 15:43:52,774000,11.415
2026/04/29 15:43:52,775000,11.415
2026/04/29 15:43:52,776000,11.415
2026/04/29 15:43:52,777000,11.417
2026/04/29 15:43:52,778000,11.415
2026/04/29 15:43:52,779000,11.409
2026/04/29 15:43:52,780000,11.415
2026/04/29 15:43:52,781000,11.412
2026/04/29 15:43:52,782000,11.417
2026/04/29 15:43:52,783000,11.409
2026/04/29 15:43:52,784000,11.409
2026/04/29 15:43:52,785000,11.409
2026/04/29 15:43:52,786000,11.417
2026/04/29 15:43:52,787000,11.406
2026/04/29 15:43:52,788000,11.412
2026/04/29 15:43:52,789000,11.417
2026/04/29 15:43:52,790000,11.423
2026/04/29 15:43:52,791000,11.417
2026/04/29 15:43:52,792000,11.412
2026/04/29 15:43:52,793000,11.412
2026/04/29 15:43:52,794000,11.417
2026/04/29 15:43:52,795000,11.412
2026/04/29 15:43:52,796000,11.412
2026/04/29 15:43:52,797000,11.417
2026/04/29 15:43:52,798000,11.409
2026/04/29 15:43:52,799000,11.415
2026/04/29 15:43:52,800000,11.415
2026/04/29 15:43:52,801000,11.417
2026/04/29 15:43:52,802000,11.415
2026/04/29 15:43:52,803000,11.417
2026/04/29 15:43:52,804000,11.412
2026/04/29 15:43:52,805000,11.409
2026/04/29 15:43:52,806000,11.415
2026/04/29 15:43:52,807000,11.412
2026/04/29 15:43:52,808000,11.415
2026/04/29 15:43:52,809000,11.415
2026/04/29 15:43:52,810000,11.417
2026/04/29 15:43:52,811000,11.415
2026/04/29 15:43:52,812000,11.415
2026/04/29 15:43:52,813000,11.415
2026/04/29 15:43:52,814000,11.417
2026/04/29 15:43:52,815000,11.415
2026/04/29 15:43:52,816000,11.412
2026/04/29 15:43:52,817000,11.415
2026/04/29 15:43:52,818000,11.412
2026/04/29 15:43:52,819000,11.415
2026/04/29 15:43:52,820000,11.412
2026/04/29 15:43:52,821000,11.420
2026/04/29 15:43:52,822000,11.412
2026/04/29 15:43:52,823000,11.420
2026/04/29 15:43:52,824000,11.415
2026/04/29 15:43:52,825000,11.415
2026/04/29 15:43:52,826000,11.417
2026/04/29 15:43:52,827000,11.415
2026/04/29 15:43:52,828000,11.415
2026/04/29 15:43:52,829000,11.417
2026/04/29 15:43:52,830000,11.409
2026/04/29 15:43:52,831000,11.423
2026/04/29 15:43:52,832000,11.417
2026/04/29 15:43:52,833000,11.420
2026/04/29 15:43:52,834000,11.409
2026/04/29 15:43:52,835000,11.412
2026/04/29 15:43:52,836000,11.420
2026/04/29 15:43:52,837000,11.412
2026/04/29 15:43:52,838000,11.415
2026/04/29 15:43:52,839000,11.415
2026/04/29 15:43:52,840000,11.415
2026/04/29 15:43:52,841000,11.415
2026/04/29 15:43:52,842000,11.409
2026/04/29 15:43:52,843000,11.420
2026/04/29 15:43:52,844000,11.415
2026/04/29 15:43:52,845000,11.415
2026/04/29 15:43:52,846000,11.412
2026/04/29 15:43:52,847000,11.415
2026/04/29 15:43:52,848000,11.412
2026/04/29 15:43:52,849000,11.409
2026/04/29 15:43:52,850000,11.412
2026/04/29 15:43:52,851000,11.415
2026/04/29 15:43:52,852000,11.409
2026/04/29 15:43:52,853000,11.423
2026/04/29 15:43:52,854000,11.415
2026/04/29 15:43:52,855000,11.426
2026/04/29 15:43:52,856000,11.415
2026/04/29 15:43:52,857000,11.415
2026/04/29 15:43:52,858000,11.417
2026/04/29 15:43:52,859000,11.417
2026/04/29 15:43:52,860000,11.417
2026/04/29 15:43:52,861000,11.417
2026/04/29 15:43:52,862000,11.415
2026/04/29 15:43:52,863000,11.415
2026/04/29 15:43:52,864000,11.415
2026/04/29 15:43:52,865000,11.415
2026/04/29 15:43:52,866000,11.415
2026/04/29 15:43:52,867000,11.412
2026/04/29 15:43:52,868000,11.409
2026/04/29 15:43:52,869000,11.412
2026/04/29 15:43:52,870000,11.412
2026/04/29 15:43:52,871000,11.412
2026/04/29 15:43:52,872000,11.415
2026/04/29 15:43:52,873000,11.412
2026/04/29 15:43:52,874000,11.415
2026/04/29 15:43:52,875000,11.409
2026/04/29 15:43:52,876000,11.409
2026/04/29 15:43:52,877000,11.412
2026/04/29 15:43:52,878000,11.415
2026/04/29 15:43:52,879000,11.415
2026/04/29 15:43:52,880000,11.415
2026/04/29 15:43:52,881000,11.417
2026/04/29 15:43:52,882000,11.420
2026/04/29 15:43:52,883000,11.420
2026/04/29 15:43:52,884000,11.412
2026/04/29 15:43:52,885000,11.415
2026/04/29 15:43:52,886000,11.417
2026/04/29 15:43:52,887000,11.412
2026/04/29 15:43:52,888000,11.417
2026/04/29 15:43:52,889000,11.415
2026/04/29 15:43:52,890000,11.415
2026/04/29 15:43:52,891000,11.412
2026/04/29 15:43:52,892000,11.420
2026/04/29 15:43:52,893000,11.417
2026/04/29 15:43:52,894000,11.417
2026/04/29 15:43:52,895000,11.415
2026/04/29 15:43:52,896000,11.420
2026/04/29 15:43:52,897000,11.415
2026/04/29 15:43:52,898000,11.417
2026/04/29 15:43:52,899000,11.417
2026/04/29 15:43:52,900000,11.412
2026/04/29 15:43:52,901000,11.417
2026/04/29 15:43:52,902000,11.417
2026/04/29 15:43:52,903000,11.415
2026/04/29 15:43:52,904000,11.415
2026/04/29 15:43:52,905000,11.409
2026/04/29 15:43:52,906000,11.409
2026/04/29 15:43:52,907000,11.412
2026/04/29 15:43:52,908000,11.415
2026/04/29 15:43:52,909000,11.412
2026/04/29 15:43:52,910000,11.412
2026/04/29 15:43:52,911000,11.417
2026/04/29 15:43:52,912000,11.415
2026/04/29 15:43:52,913000,11.412
2026/04/29 15:43:52,914000,11.420
2026/04/29 15:43:52,915000,11.415
2026/04/29 15:43:52,916000,11.412
2026/04/29 15:43:52,917000,11.415
2026/04/29 15:43:52,918000,11.417
2026/04/29 15:43:52,919000,11.415
2026/04/29 15:43:52,920000,11.415
2026/04/29 15:43:52,921000,11.420
2026/04/29 15:43:52,922000,11.412
2026/04/29 15:43:52,923000,11.412
2026/04/29 15:43:52,924000,11.415
2026/04/29 15:43:52,925000,11.415
2026/04/29 15:43:52,926000,11.417
2026/04/29 15:43:52,927000,11.412
2026/04/29 15:43:52,928000,11.415
2026/04/29 15:43:52,929000,11.412
2026/04/29 15:43:52,930000,11.412
2026/04/29 15:43:52,931000,11.420
2026/04/29 15:43:52,932000,11.420
2026/04/29 15:43:52,933000,11.417
2026/04/29 15:43:52,934000,11.423
2026/04/29 15:43:52,935000,11.412
2026/04/29 15:43:52,936000,11.415
2026/04/29 15:43:52,937000,11.415
2026/04/29 15:43:52,938000,11.423
2026/04/29 15:43:52,939000,11.412
2026/04/29 15:43:52,940000,11.415
2026/04/29 15:43:52,941000,11.417
2026/04/29 15:43:52,942000,11.417
2026/04/29 15:43:52,943000,11.417
2026/04/29 15:43:52,944000,11.415
2026/04/29 15:43:52,945000,11.417
2026/04/29 15:43:52,946000,11.415
2026/04/29 15:43:52,947000,11.415
2026/04/29 15:43:52,948000,11.417
2026/04/29 15:43:52,949000,11.420
2026/04/29 15:43:52,950000,11.415
2026/04/29 15:43:52,951000,11.415
2026/04/29 15:43:52,952000,11.417
2026/04/29 15:43:52,953000,11.420
2026/04/29 15:43:52,954000,11.415
2026/04/29 15:43:52,955000,11.415
2026/04/29 15:43:52,956000,11.415
2026/04/29 15:43:52,957000,11.420
2026/04/29 15:43:52,958000,11.412
2026/04/29 15:43:52,959000,11.417
2026/04/29 15:43:52,960000,11.415
2026/04/29 15:43:52,961000,11.429
2026/04/29 15:43:52,962000,11.417
2026/04/29 15:43:52,963000,11.415
2026/04/29 15:43:52,964000,11.415
2026/04/29 15:43:52,965000,11.415
2026/04/29 15:43:52,966000,11.420
2026/04/29 15:43:52,967000,11.420
2026/04/29 15:43:52,968000,11.417
2026/04/29 15:43:52,969000,11.420
2026/04/29 15:43:52,970000,11.420
2026/04/29 15:43:52,971000,11.426
2026/04/29 15:43:52,972000,11.415
2026/04/29 15:43:52,973000,11.415
2026/04/29 15:43:52,974000,11.412
2026/04/29 15:43:52,975000,11.417
2026/04/29 15:43:52,976000,11.417
2026/04/29 15:43:52,977000,11.420
2026/04/29 15:43:52,978000,11.415
2026/04/29 15:43:52,979000,11.412
2026/04/29 15:43:52,980000,11.415
2026/04/29 15:43:52,981000,11.415
2026/04/29 15:43:52,982000,11.412
2026/04/29 15:43:52,983000,11.412
2026/04/29 15:43:52,984000,11.415
2026/04/29 15:43:52,985000,11.417
2026/04/29 15:43:52,986000,11.412
2026/04/29 15:43:52,987000,11.415
2026/04/29 15:43:52,988000,11.423
2026/04/29 15:43:52,989000,11.417
2026/04/29 15:43:52,990000,11.415
2026/04/29 15:43:52,991000,11.426
2026/04/29 15:43:52,992000,11.412
2026/04/29 15:43:52,993000,11.417
2026/04/29 15:43:52,994000,11.415
2026/04/29 15:43:52,995000,11.423
2026/04/29 15:43:52,996000,11.417
2026/04/29 15:43:52,997000,11.415
2026/04/29 15:43:52,998000,11.415
2026/04/29 15:43:52,999000,11.417
2026/04/29 15:43:53,000000,11.420
2026/04/29 15:43:53,001000,11.415
2026/04/29 15:43:53,002000,11.420
2026/04/29 15:43:53,003000,11.420
2026/04/29 15:43:53,004000,11.420
2026/04/29 15:43:53,005000,11.417
2026/04/29 15:43:53,006000,11.415
2026/04/29 15:43:53,007000,11.415
2026/04/29 15:43:53,008000,11.415
2026/04/29 15:43:53,009000,11.415
2026/04/29 15:43:53,010000,11.417
2026/04/29 15:43:53,011000,11.420
2026/04/29 15:43:53,012000,11.415
2026/04/29 15:43:53,013000,11.415
2026/04/29 15:43:53,014000,11.420
2026/04/29 15:43:53,015000,11.420
2026/04/29 15:43:53,016000,11.415
2026/04/29 15:43:53,017000,11.415
2026/04/29 15:43:53,018000,11.423
2026/04/29 15:43:53,019000,11.412
2026/04/29 15:43:53,020000,11.409
2026/04/29 15:43:53,021000,11.420
2026/04/29 15:43:53,022000,11.415
2026/04/29 15:43:53,023000,11.415
2026/04/29 15:43:53,024000,11.415
2026/04/29 15:43:53,025000,11.420
2026/04/29 15:43:53,026000,11.417
2026/04/29 15:43:53,027000,11.412
2026/04/29 15:43:53,028000,11.417
2026/04/29 15:43:53,029000,11.420
2026/04/29 15:43:53,030000,11.417
2026/04/29 15:43:53,031000,11.417
2026/04/29 15:43:53,032000,11.415
2026/04/29 15:43:53,033000,11.415
2026/04/29 15:43:53,034000,11.412
2026/04/29 15:43:53,035000,11.417
2026/04/29 15:43:53,036000,11.409
2026/04/29 15:43:53,037000,11.412
2026/04/29 15:43:53,038000,11.415
2026/04/29 15:43:53,039000,11.420
2026/04/29 15:43:53,040000,11.417
2026/04/29 15:43:53,041000,11.415
2026/04/29 15:43:53,042000,11.417
2026/04/29 15:43:53,043000,11.417
2026/04/29 15:43:53,044000,11.420
2026/04/29 15:43:53,045000,11.415
2026/04/29 15:43:53,046000,11.417
2026/04/29 15:43:53,047000,11.417
2026/04/29 15:43:53,048000,11.415
2026/04/29 15:43:53,049000,11.415
2026/04/29 15:43:53,050000,11.417
2026/04/29 15:43:53,051000,11.423
2026/04/29 15:43:53,052000,11.417
2026/04/29 15:43:53,053000,11.415
2026/04/29 15:43:53,054000,11.420
2026/04/29 15:43:53,055000,11.426
2026/04/29 15:43:53,056000,11.417
2026/04/29 15:43:53,057000,11.417
2026/04/29 15:43:53,058000,11.420
2026/04/29 15:43:53,059000,11.417
2026/04/29 15:43:53,060000,11.420
2026/04/29 15:43:53,061000,11.406
2026/04/29 15:43:53,062000,11.417
2026/04/29 15:43:53,063000,11.420
2026/04/29 15:43:53,064000,11.423
2026/04/29 15:43:53,065000,11.417
2026/04/29 15:43:53,066000,11.415
2026/04/29 15:43:53,067000,11.420
2026/04/29 15:43:53,068000,11.420
2026/04/29 15:43:53,069000,11.423
2026/04/29 15:43:53,070000,11.420
2026/04/29 15:43:53,071000,11.420
2026/04/29 15:43:53,072000,11.412
2026/04/29 15:43:53,073000,11.417
2026/04/29 15:43:53,074000,11.420
2026/04/29 15:43:53,075000,11.420
2026/04/29 15:43:53,076000,11.420
2026/04/29 15:43:53,077000,11.420
2026/04/29 15:43:53,078000,11.420
2026/04/29 15:43:53,079000,11.415
2026/04/29 15:43:53,080000,11.423
2026/04/29 15:43:53,081000,11.420
2026/04/29 15:43:53,082000,11.417
2026/04/29 15:43:53,083000,11.417
2026/04/29 15:43:53,084000,11.415
2026/04/29 15:43:53,085000,11.415
2026/04/29 15:43:53,086000,11.420
2026/04/29 15:43:53,087000,11.417
2026/04/29 15:43:53,088000,11.417
2026/04/29 15:43:53,089000,11.417
2026/04/29 15:43:53,090000,11.420
2026/04/29 15:43:53,091000,11.420
2026/04/29 15:43:53,092000,11.420
2026/04/29 15:43:53,093000,11.415
2026/04/29 15:43:53,094000,11.420
2026/04/29 15:43:53,095000,11.420
2026/04/29 15:43:53,096000,11.423
2026/04/29 15:43:53,097000,11.423
2026/04/29 15:43:53,098000,11.417
2026/04/29 15:43:53,099000,11.420
2026/04/29 15:43:53,100000,11.423
2026/04/29 15:43:53,101000,11.420
2026/04/29 15:43:53,102000,11.423
2026/04/29 15:43:53,103000,11.420
2026/04/29 15:43:53,104000,11.415
2026/04/29 15:43:53,105000,11.420
2026/04/29 15:43:53,106000,11.423
2026/04/29 15:43:53,107000,11.415
2026/04/29 15:43:53,108000,11.420
2026/04/29 15:43:53,109000,11.423
2026/04/29 15:43:53,110000,11.415
2026/04/29 15:43:53,111000,11.415
2026/04/29 15:43:53,112000,11.417
2026/04/29 15:43:53,113000,11.415
2026/04/29 15:43:53,114000,11.417
2026/04/29 15:43:53,115000,11.417
2026/04/29 15:43:53,116000,11.420
2026/04/29 15:43:53,117000,11.420
2026/04/29 15:43:53,118000,11.420
2026/04/29 15:43:53,119000,11.417
2026/04/29 15:43:53,120000,11.415
2026/04/29 15:43:53,121000,11.415
2026/04/29 15:43:53,122000,11.420
2026/04/29 15:43:53,123000,11.423
2026/04/29 15:43:53,124000,11.417
2026/04/29 15:43:53,125000,11.420
2026/04/29 15:43:53,126000,11.423
2026/04/29 15:43:53,127000,11.415
2026/04/29 15:43:53,128000,11.417
2026/04/29 15:43:53,129000,11.415
2026/04/29 15:43:53,130000,11.420
2026/04/29 15:43:53,131000,11.420
2026/04/29 15:43:53,132000,11.423
2026/04/29 15:43:53,133000,11.426
2026/04/29 15:43:53,134000,11.415
2026/04/29 15:43:53,135000,11.417
2026/04/29 15:43:53,136000,11.420
2026/04/29 15:43:53,137000,11.415
2026/04/29 15:43:53,138000,11.423
2026/04/29 15:43:53,139000,11.423
2026/04/29 15:43:53,140000,11.417
2026/04/29 15:43:53,141000,11.415
2026/04/29 15:43:53,142000,11.426
2026/04/29 15:43:53,143000,11.420
2026/04/29 15:43:53,144000,11.420
2026/04/29 15:43:53,145000,11.417
2026/04/29 15:43:53,146000,11.417
2026/04/29 15:43:53,147000,11.412
2026/04/29 15:43:53,148000,11.417
2026/04/29 15:43:53,149000,11.420
2026/04/29 15:43:53,150000,11.420
2026/04/29 15:43:53,151000,11.417
2026/04/29 15:43:53,152000,11.417
2026/04/29 15:43:53,153000,11.426
2026/04/29 15:43:53,154000,11.417
2026/04/29 15:43:53,155000,11.420
2026/04/29 15:43:53,156000,11.417
2026/04/29 15:43:53,157000,11.415
2026/04/29 15:43:53,158000,11.420
2026/04/29 15:43:53,159000,11.415
2026/04/29 15:43:53,160000,11.417
2026/04/29 15:43:53,161000,11.420
2026/04/29 15:43:53,162000,11.417
2026/04/29 15:43:53,163000,11.417
2026/04/29 15:43:53,164000,11.423
2026/04/29 15:43:53,165000,11.417
2026/04/29 15:43:53,166000,11.420
2026/04/29 15:43:53,167000,11.423
2026/04/29 15:43:53,168000,11.420
2026/04/29 15:43:53,169000,11.417
2026/04/29 15:43:53,170000,11.415
2026/04/29 15:43:53,171000,11.417
2026/04/29 15:43:53,172000,11.426
2026/04/29 15:43:53,173000,11.417
2026/04/29 15:43:53,174000,11.420
2026/04/29 15:43:53,175000,11.420
2026/04/29 15:43:53,176000,11.417
2026/04/29 15:43:53,177000,11.420
2026/04/29 15:43:53,178000,11.420
2026/04/29 15:43:53,179000,11.417
2026/04/29 15:43:53,180000,11.417
2026/04/29 15:43:53,181000,11.417
2026/04/29 15:43:53,182000,11.417
2026/04/29 15:43:53,183000,11.417
2026/04/29 15:43:53,184000,11.420
2026/04/29 15:43:53,185000,11.423
2026/04/29 15:43:53,186000,11.415
2026/04/29 15:43:53,187000,11.417
2026/04/29 15:43:53,188000,11.412
2026/04/29 15:43:53,189000,11.417
2026/04/29 15:43:53,190000,11.426
2026/04/29 15:43:53,191000,11.415
2026/04/29 15:43:53,192000,11.420
2026/04/29 15:43:53,193000,11.417
2026/04/29 15:43:53,194000,11.415
2026/04/29 15:43:53,195000,11.415
2026/04/29 15:43:53,196000,11.420
2026/04/29 15:43:53,197000,11.415
2026/04/29 15:43:53,198000,11.415
2026/04/29 15:43:53,199000,11.415
2026/04/29 15:43:53,200000,11.420
2026/04/29 15:43:53,201000,11.412
2026/04/29 15:43:53,202000,11.415
2026/04/29 15:43:53,203000,11.412
2026/04/29 15:43:53,204000,11.426
2026/04/29 15:43:53,205000,11.423
2026/04/29 15:43:53,206000,11.423
2026/04/29 15:43:53,207000,11.420
2026/04/29 15:43:53,208000,11.417
2026/04/29 15:43:53,209000,11.412
2026/04/29 15:43:53,210000,11.415
2026/04/29 15:43:53,211000,11.415
2026/04/29 15:43:53,212000,11.420
2026/04/29 15:43:53,213000,11.417
2026/04/29 15:43:53,214000,11.417
2026/04/29 15:43:53,215000,11.420
2026/04/29 15:43:53,216000,11.420
2026/04/29 15:43:53,217000,11.420
2026/04/29 15:43:53,218000,11.417
2026/04/29 15:43:53,219000,11.415
2026/04/29 15:43:53,220000,11.423
2026/04/29 15:43:53,221000,11.423
2026/04/29 15:43:53,222000,11.415
2026/04/29 15:43:53,223000,11.423
2026/04/29 15:43:53,224000,11.415
2026/04/29 15:43:53,225000,11.423
2026/04/29 15:43:53,226000,11.417
2026/04/29 15:43:53,227000,11.426
2026/04/29 15:43:53,228000,11.415
2026/04/29 15:43:53,229000,11.420
2026/04/29 15:43:53,230000,11.415
2026/04/29 15:43:53,231000,11.415
2026/04/29 15:43:53,232000,11.417
2026/04/29 15:43:53,233000,11.415
2026/04/29 15:43:53,234000,11.415
2026/04/29 15:43:53,235000,11.420
2026/04/29 15:43:53,236000,11.417
2026/04/29 15:43:53,237000,11.423
2026/04/29 15:43:53,238000,11.420
2026/04/29 15:43:53,239000,11.423
2026/04/29 15:43:53,240000,11.423
2026/04/29 15:43:53,241000,11.420
2026/04/29 15:43:53,242000,11.420
2026/04/29 15:43:53,243000,11.415
2026/04/29 15:43:53,244000,11.417
2026/04/29 15:43:53,245000,11.420
2026/04/29 15:43:53,246000,11.420
2026/04/29 15:43:53,247000,11.415
2026/04/29 15:43:53,248000,11.423
2026/04/29 15:43:53,249000,11.415
2026/04/29 15:43:53,250000,11.417
2026/04/29 15:43:53,251000,11.423
2026/04/29 15:43:53,252000,11.426
2026/04/29 15:43:53,253000,11.420
2026/04/29 15:43:53,254000,11.420
2026/04/29 15:43:53,255000,11.420
2026/04/29 15:43:53,256000,11.417
2026/04/29 15:43:53,257000,11.415
2026/04/29 15:43:53,258000,11.420
2026/04/29 15:43:53,259000,11.420
2026/04/29 15:43:53,260000,11.417
2026/04/29 15:43:53,261000,11.420
2026/04/29 15:43:53,262000,11.423
2026/04/29 15:43:53,263000,11.420
2026/04/29 15:43:53,264000,11.437
2026/04/29 15:43:53,265000,11.420
2026/04/29 15:43:53,266000,11.415
2026/04/29 15:43:53,267000,11.417
2026/04/29 15:43:53,268000,11.420
2026/04/29 15:43:53,269000,11.423
2026/04/29 15:43:53,270000,11.423
2026/04/29 15:43:53,271000,11.420
2026/04/29 15:43:53,272000,11.423
2026/04/29 15:43:53,273000,11.417
2026/04/29 15:43:53,274000,11.423
2026/04/29 15:43:53,275000,11.423
2026/04/29 15:43:53,276000,11.423
2026/04/29 15:43:53,277000,11.423
2026/04/29 15:43:53,278000,11.409
2026/04/29 15:43:53,279000,11.426
2026/04/29 15:43:53,280000,11.420
2026/04/29 15:43:53,281000,11.423
2026/04/29 15:43:53,282000,11.423
2026/04/29 15:43:53,283000,11.423
2026/04/29 15:43:53,284000,11.417
2026/04/29 15:43:53,285000,11.423
2026/04/29 15:43:53,286000,11.417
2026/04/29 15:43:53,287000,11.420
2026/04/29 15:43:53,288000,11.417
2026/04/29 15:43:53,289000,11.417
2026/04/29 15:43:53,290000,11.420
2026/04/29 15:43:53,291000,11.417
2026/04/29 15:43:53,292000,11.420
2026/04/29 15:43:53,293000,11.417
2026/04/29 15:43:53,294000,11.420
2026/04/29 15:43:53,295000,11.417
2026/04/29 15:43:53,296000,11.417
2026/04/29 15:43:53,297000,11.417
2026/04/29 15:43:53,298000,11.420
2026/04/29 15:43:53,299000,11.420
2026/04/29 15:43:53,300000,11.420
2026/04/29 15:43:53,301000,11.415
2026/04/29 15:43:53,302000,11.420
2026/04/29 15:43:53,303000,11.415
2026/04/29 15:43:53,304000,11.423
2026/04/29 15:43:53,305000,11.415
2026/04/29 15:43:53,306000,11.417
2026/04/29 15:43:53,307000,11.417
2026/04/29 15:43:53,308000,11.415
2026/04/29 15:43:53,309000,11.420
2026/04/29 15:43:53,310000,11.426
2026/04/29 15:43:53,311000,11.420
2026/04/29 15:43:53,312000,11.415
2026/04/29 15:43:53,313000,11.420
2026/04/29 15:43:53,314000,11.420
2026/04/29 15:43:53,315000,11.423
2026/04/29 15:43:53,316000,11.417
2026/04/29 15:43:53,317000,11.417
2026/04/29 15:43:53,318000,11.417
2026/04/29 15:43:53,319000,11.420
2026/04/29 15:43:53,320000,11.426
2026/04/29 15:43:53,321000,11.417
2026/04/29 15:43:53,322000,11.420
2026/04/29 15:43:53,323000,11.420
2026/04/29 15:43:53,324000,11.420
2026/04/29 15:43:53,325000,11.417
2026/04/29 15:43:53,326000,11.415
2026/04/29 15:43:53,327000,11.417
2026/04/29 15:43:53,328000,11.423
2026/04/29 15:43:53,329000,11.423
2026/04/29 15:43:53,330000,11.417
2026/04/29 15:43:53,331000,11.415
2026/04/29 15:43:53,332000,11.417
2026/04/29 15:43:53,333000,11.423
2026/04/29 15:43:53,334000,11.415
2026/04/29 15:43:53,335000,11.420
2026/04/29 15:43:53,336000,11.423
2026/04/29 15:43:53,337000,11.423
2026/04/29 15:43:53,338000,11.426
2026/04/29 15:43:53,339000,11.423
2026/04/29 15:43:53,340000,11.415
2026/04/29 15:43:53,341000,11.426
2026/04/29 15:43:53,342000,11.426
2026/04/29 15:43:53,343000,11.415
2026/04/29 15:43:53,344000,11.426
2026/04/29 15:43:53,345000,11.420
2026/04/29 15:43:53,346000,11.420
2026/04/29 15:43:53,347000,11.420
2026/04/29 15:43:53,348000,11.417
2026/04/29 15:43:53,349000,11.417
2026/04/29 15:43:53,350000,11.423
2026/04/29 15:43:53,351000,11.426
2026/04/29 15:43:53,352000,11.423
2026/04/29 15:43:53,353000,11.423
2026/04/29 15:43:53,354000,11.423
2026/04/29 15:43:53,355000,11.420
2026/04/29 15:43:53,356000,11.420
2026/04/29 15:43:53,357000,11.420
2026/04/29 15:43:53,358000,11.420
2026/04/29 15:43:53,359000,11.412
2026/04/29 15:43:53,360000,11.420
2026/04/29 15:43:53,361000,11.423
2026/04/29 15:43:53,362000,11.423
2026/04/29 15:43:53,363000,11.415
2026/04/29 15:43:53,364000,11.415
2026/04/29 15:43:53,365000,11.420
2026/04/29 15:43:53,366000,11.426
2026/04/29 15:43:53,367000,11.420
2026/04/29 15:43:53,368000,11.423
2026/04/29 15:43:53,369000,11.426
2026/04/29 15:43:53,370000,11.417
2026/04/29 15:43:53,371000,11.420
2026/04/29 15:43:53,372000,11.420
2026/04/29 15:43:53,373000,11.423
2026/04/29 15:43:53,374000,11.415
2026/04/29 15:43:53,375000,11.415
2026/04/29 15:43:53,376000,11.426
2026/04/29 15:43:53,377000,11.423
2026/04/29 15:43:53,378000,11.415
2026/04/29 15:43:53,379000,11.417
2026/04/29 15:43:53,380000,11.423
2026/04/29 15:43:53,381000,11.420
2026/04/29 15:43:53,382000,11.423
2026/04/29 15:43:53,383000,11.426
2026/04/29 15:43:53,384000,11.415
2026/04/29 15:43:53,385000,11.426
2026/04/29 15:43:53,386000,11.420
2026/04/29 15:43:53,387000,11.429
2026/04/29 15:43:53,388000,11.423
2026/04/29 15:43:53,389000,11.417
2026/04/29 15:43:53,390000,11.423
2026/04/29 15:43:53,391000,11.415
2026/04/29 15:43:53,392000,11.420
2026/04/29 15:43:53,393000,11.423
2026/04/29 15:43:53,394000,11.417
2026/04/29 15:43:53,395000,11.415
2026/04/29 15:43:53,396000,11.420
2026/04/29 15:43:53,397000,11.423
2026/04/29 15:43:53,398000,11.429
2026/04/29 15:43:53,399000,11.423
2026/04/29 15:43:53,400000,11.420
2026/04/29 15:43:53,401000,11.423
2026/04/29 15:43:53,402000,11.420
2026/04/29 15:43:53,403000,11.423
2026/04/29 15:43:53,404000,11.420
2026/04/29 15:43:53,405000,11.423
2026/04/29 15:43:53,406000,11.426
2026/04/29 15:43:53,407000,11.423
2026/04/29 15:43:53,408000,11.423
2026/04/29 15:43:53,409000,11.420
2026/04/29 15:43:53,410000,11.420
2026/04/29 15:43:53,411000,11.429
2026/04/29 15:43:53,412000,11.423
2026/04/29 15:43:53,413000,11.423
2026/04/29 15:43:53,414000,11.423
2026/04/29 15:43:53,415000,11.423
2026/04/29 15:43:53,416000,11.417
2026/04/29 15:43:53,417000,11.417
2026/04/29 15:43:53,418000,11.426
2026/04/29 15:43:53,419000,11.426
2026/04/29 15:43:53,420000,11.420
2026/04/29 15:43:53,421000,11.417
2026/04/29 15:43:53,422000,11.423
2026/04/29 15:43:53,423000,11.423
2026/04/29 15:43:53,424000,11.417
2026/04/29 15:43:53,425000,11.423
2026/04/29 15:43:53,426000,11.423
2026/04/29 15:43:53,427000,11.417
2026/04/29 15:43:53,428000,11.415
2026/04/29 15:43:53,429000,11.423
2026/04/29 15:43:53,430000,11.426
2026/04/29 15:43:53,431000,11.417
2026/04/29 15:43:53,432000,11.420
2026/04/29 15:43:53,433000,11.423
2026/04/29 15:43:53,434000,11.417
2026/04/29 15:43:53,435000,11.426
2026/04/29 15:43:53,436000,11.423
2026/04/29 15:43:53,437000,11.420
2026/04/29 15:43:53,438000,11.417
2026/04/29 15:43:53,439000,11.417
2026/04/29 15:43:53,440000,11.417
2026/04/29 15:43:53,441000,11.417
2026/04/29 15:43:53,442000,11.417
2026/04/29 15:43:53,443000,11.420
2026/04/29 15:43:53,444000,11.420
2026/04/29 15:43:53,445000,11.417
2026/04/29 15:43:53,446000,11.420
2026/04/29 15:43:53,447000,11.426
2026/04/29 15:43:53,448000,11.420
2026/04/29 15:43:53,449000,11.420
2026/04/29 15:43:53,450000,11.423
2026/04/29 15:43:53,451000,11.415
2026/04/29 15:43:53,452000,11.420
2026/04/29 15:43:53,453000,11.417
2026/04/29 15:43:53,454000,11.420
2026/04/29 15:43:53,455000,11.417
2026/04/29 15:43:53,456000,11.423
2026/04/29 15:43:53,457000,11.423
2026/04/29 15:43:53,458000,11.423
2026/04/29 15:43:53,459000,11.426
2026/04/29 15:43:53,460000,11.420
2026/04/29 15:43:53,461000,11.423
2026/04/29 15:43:53,462000,11.423
2026/04/29 15:43:53,463000,11.423
2026/04/29 15:43:53,464000,11.420
2026/04/29 15:43:53,465000,11.417
2026/04/29 15:43:53,466000,11.429
2026/04/29 15:43:53,467000,11.423
2026/04/29 15:43:53,468000,11.426
2026/04/29 15:43:53,469000,11.423
2026/04/29 15:43:53,470000,11.417
2026/04/29 15:43:53,471000,11.420
2026/04/29 15:43:53,472000,11.423
2026/04/29 15:43:53,473000,11.420
2026/04/29 15:43:53,474000,11.420
2026/04/29 15:43:53,475000,11.426
2026/04/29 15:43:53,476000,11.423
2026/04/29 15:43:53,477000,11.423
2026/04/29 15:43:53,478000,11.426
2026/04/29 15:43:53,479000,11.423
2026/04/29 15:43:53,480000,11.420
2026/04/29 15:43:53,481000,11.420
2026/04/29 15:43:53,482000,11.426
2026/04/29 15:43:53,483000,11.420
2026/04/29 15:43:53,484000,11.417
2026/04/29 15:43:53,485000,11.420
2026/04/29 15:43:53,486000,11.420
2026/04/29 15:43:53,487000,11.417
2026/04/29 15:43:53,488000,11.426
2026/04/29 15:43:53,489000,11.423
2026/04/29 15:43:53,490000,11.423
2026/04/29 15:43:53,491000,11.415
2026/04/29 15:43:53,492000,11.423
2026/04/29 15:43:53,493000,11.420
2026/04/29 15:43:53,494000,11.429
2026/04/29 15:43:53,495000,11.426
2026/04/29 15:43:53,496000,11.415
2026/04/29 15:43:53,497000,11.423
2026/04/29 15:43:53,498000,11.426
2026/04/29 15:43:53,499000,11.420
2026/04/29 15:43:53,500000,11.426
2026/04/29 15:43:53,501000,11.426
2026/04/29 15:43:53,502000,11.417
2026/04/29 15:43:53,503000,11.426
2026/04/29 15:43:53,504000,11.423
2026/04/29 15:43:53,505000,11.423
2026/04/29 15:43:53,506000,11.420
2026/04/29 15:43:53,507000,11.417
2026/04/29 15:43:53,508000,11.420
2026/04/29 15:43:53,509000,11.420
2026/04/29 15:43:53,510000,11.417
2026/04/29 15:43:53,511000,11.417
2026/04/29 15:43:53,512000,11.417
2026/04/29 15:43:53,513000,11.423
2026/04/29 15:43:53,514000,11.420
2026/04/29 15:43:53,515000,11.423
2026/04/29 15:43:53,516000,11.426
2026/04/29 15:43:53,517000,11.423
2026/04/29 15:43:53,518000,11.423
2026/04/29 15:43:53,519000,11.429
2026/04/29 15:43:53,520000,11.423
2026/04/29 15:43:53,521000,11.426
2026/04/29 15:43:53,522000,11.420
2026/04/29 15:43:53,523000,11.420
2026/04/29 15:43:53,524000,11.417
2026/04/29 15:43:53,525000,11.420
2026/04/29 15:43:53,526000,11.417
2026/04/29 15:43:53,527000,11.426
2026/04/29 15:43:53,528000,11.423
2026/04/29 15:43:53,529000,11.420
2026/04/29 15:43:53,530000,11.423
2026/04/29 15:43:53,531000,11.417
2026/04/29 15:43:53,532000,11.426
2026/04/29 15:43:53,533000,11.423
2026/04/29 15:43:53,534000,11.417
2026/04/29 15:43:53,535000,11.420
2026/04/29 15:43:53,536000,11.420
2026/04/29 15:43:53,537000,11.423
2026/04/29 15:43:53,538000,11.420
2026/04/29 15:43:53,539000,11.426
2026/04/29 15:43:53,540000,11.426
2026/04/29 15:43:53,541000,11.423
2026/04/29 15:43:53,542000,11.426
2026/04/29 15:43:53,543000,11.423
2026/04/29 15:43:53,544000,11.426
2026/04/29 15:43:53,545000,11.426
2026/04/29 15:43:53,546000,11.423
2026/04/29 15:43:53,547000,11.420
2026/04/29 15:43:53,548000,11.420
2026/04/29 15:43:53,549000,11.415
2026/04/29 15:43:53,550000,11.423
2026/04/29 15:43:53,551000,11.423
2026/04/29 15:43:53,552000,11.420
2026/04/29 15:43:53,553000,11.426
2026/04/29 15:43:53,554000,11.426
2026/04/29 15:43:53,555000,11.423
2026/04/29 15:43:53,556000,11.423
2026/04/29 15:43:53,557000,11.426
2026/04/29 15:43:53,558000,11.420
2026/04/29 15:43:53,559000,11.426
2026/04/29 15:43:53,560000,11.426
2026/04/29 15:43:53,561000,11.420
2026/04/29 15:43:53,562000,11.423
2026/04/29 15:43:53,563000,11.426
2026/04/29 15:43:53,564000,11.426
2026/04/29 15:43:53,565000,11.426
2026/04/29 15:43:53,566000,11.423
2026/04/29 15:43:53,567000,11.423
2026/04/29 15:43:53,568000,11.417
2026/04/29 15:43:53,569000,11.420
2026/04/29 15:43:53,570000,11.426
2026/04/29 15:43:53,571000,11.417
2026/04/29 15:43:53,572000,11.423
2026/04/29 15:43:53,573000,11.426
2026/04/29 15:43:53,574000,11.429
2026/04/29 15:43:53,575000,11.420
2026/04/29 15:43:53,576000,11.426
2026/04/29 15:43:53,577000,11.417
2026/04/29 15:43:53,578000,11.420
2026/04/29 15:43:53,579000,11.420
2026/04/29 15:43:53,580000,11.423
2026/04/29 15:43:53,581000,11.420
2026/04/29 15:43:53,582000,11.426
2026/04/29 15:43:53,583000,11.420
2026/04/29 15:43:53,584000,11.417
2026/04/29 15:43:53,585000,11.417
2026/04/29 15:43:53,586000,11.426
2026/04/29 15:43:53,587000,11.429
2026/04/29 15:43:53,588000,11.423
2026/04/29 15:43:53,589000,11.426
2026/04/29 15:43:53,590000,11.420
2026/04/29 15:43:53,591000,11.423
2026/04/29 15:43:53,592000,11.423
2026/04/29 15:43:53,593000,11.415
2026/04/29 15:43:53,594000,11.423
2026/04/29 15:43:53,595000,11.423
2026/04/29 15:43:53,596000,11.426
2026/04/29 15:43:53,597000,11.426
2026/04/29 15:43:53,598000,11.423
2026/04/29 15:43:53,599000,11.420
2026/04/29 15:43:53,600000,11.423
2026/04/29 15:43:53,601000,11.420
2026/04/29 15:43:53,602000,11.426
2026/04/29 15:43:53,603000,11.426
2026/04/29 15:43:53,604000,11.426
2026/04/29 15:43:53,605000,11.423
2026/04/29 15:43:53,606000,11.426
2026/04/29 15:43:53,607000,11.429
2026/04/29 15:43:53,608000,11.420
2026/04/29 15:43:53,609000,11.426
2026/04/29 15:43:53,610000,11.426
2026/04/29 15:43:53,611000,11.426
2026/04/29 15:43:53,612000,11.429
2026/04/29 15:43:53,613000,11.426
2026/04/29 15:43:53,614000,11.429
2026/04/29 15:43:53,615000,11.423
2026/04/29 15:43:53,616000,11.423
2026/04/29 15:43:53,617000,11.423
2026/04/29 15:43:53,618000,11.426
2026/04/29 15:43:53,619000,11.417
2026/04/29 15:43:53,620000,11.426
2026/04/29 15:43:53,621000,11.426
2026/04/29 15:43:53,622000,11.423
2026/04/29 15:43:53,623000,11.423
2026/04/29 15:43:53,624000,11.423
2026/04/29 15:43:53,625000,11.417
2026/04/29 15:43:53,626000,11.423
2026/04/29 15:43:53,627000,11.423
2026/04/29 15:43:53,628000,11.426
2026/04/29 15:43:53,629000,11.426
2026/04/29 15:43:53,630000,11.426
2026/04/29 15:43:53,631000,11.426
2026/04/29 15:43:53,632000,11.423
2026/04/29 15:43:53,633000,11.420
2026/04/29 15:43:53,634000,11.420
2026/04/29 15:43:53,635000,11.423
2026/04/29 15:43:53,636000,11.420
2026/04/29 15:43:53,637000,11.426
2026/04/29 15:43:53,638000,11.426
2026/04/29 15:43:53,639000,11.423
2026/04/29 15:43:53,640000,11.423
2026/04/29 15:43:53,641000,11.426
2026/04/29 15:43:53,642000,11.423
2026/04/29 15:43:53,643000,11.423
2026/04/29 15:43:53,644000,11.429
2026/04/29 15:43:53,645000,11.434
2026/04/29 15:43:53,646000,11.423
2026/04/29 15:43:53,647000,11.423
2026/04/29 15:43:53,648000,11.423
2026/04/29 15:43:53,649000,11.426
2026/04/29 15:43:53,650000,11.423
2026/04/29 15:43:53,651000,11.420
2026/04/29 15:43:53,652000,11.423
2026/04/29 15:43:53,653000,11.426
2026/04/29 15:43:53,654000,11.423
2026/04/29 15:43:53,655000,11.426
2026/04/29 15:43:53,656000,11.420
2026/04/29 15:43:53,657000,11.417
2026/04/29 15:43:53,658000,11.420
2026/04/29 15:43:53,659000,11.426
2026/04/29 15:43:53,660000,11.423
2026/04/29 15:43:53,661000,11.423
2026/04/29 15:43:53,662000,11.426
2026/04/29 15:43:53,663000,11.426
2026/04/29 15:43:53,664000,11.426
2026/04/29 15:43:53,665000,11.423
2026/04/29 15:43:53,666000,11.423
2026/04/29 15:43:53,667000,11.426
2026/04/29 15:43:53,668000,11.423
2026/04/29 15:43:53,669000,11.426
2026/04/29 15:43:53,670000,11.426
2026/04/29 15:43:53,671000,11.426
2026/04/29 15:43:53,672000,11.423
2026/04/29 15:43:53,673000,11.426
2026/04/29 15:43:53,674000,11.420
2026/04/29 15:43:53,675000,11.426
2026/04/29 15:43:53,676000,11.429
2026/04/29 15:43:53,677000,11.429
2026/04/29 15:43:53,678000,11.423
2026/04/29 15:43:53,679000,11.426
2026/04/29 15:43:53,680000,11.423
2026/04/29 15:43:53,681000,11.426
2026/04/29 15:43:53,682000,11.431
2026/04/29 15:43:53,683000,11.423
2026/04/29 15:43:53,684000,11.426
2026/04/29 15:43:53,685000,11.423
2026/04/29 15:43:53,686000,11.426
2026/04/29 15:43:53,687000,11.423
2026/04/29 15:43:53,688000,11.429
2026/04/29 15:43:53,689000,11.426
2026/04/29 15:43:53,690000,11.423
2026/04/29 15:43:53,691000,11.423
2026/04/29 15:43:53,692000,11.426
2026/04/29 15:43:53,693000,11.423
2026/04/29 15:43:53,694000,11.426
2026/04/29 15:43:53,695000,11.420
2026/04/29 15:43:53,696000,11.426
2026/04/29 15:43:53,697000,11.429
2026/04/29 15:43:53,698000,11.423
2026/04/29 15:43:53,699000,11.423
2026/04/29 15:43:53,700000,11.426
2026/04/29 15:43:53,701000,11.415
2026/04/29 15:43:53,702000,11.426
2026/04/29 15:43:53,703000,11.431
2026/04/29 15:43:53,704000,11.423
2026/04/29 15:43:53,705000,11.426
2026/04/29 15:43:53,706000,11.423
2026/04/29 15:43:53,707000,11.426
2026/04/29 15:43:53,708000,11.429
2026/04/29 15:43:53,709000,11.423
2026/04/29 15:43:53,710000,11.423
2026/04/29 15:43:53,711000,11.423
2026/04/29 15:43:53,712000,11.426
2026/04/29 15:43:53,713000,11.423
2026/04/29 15:43:53,714000,11.426
2026/04/29 15:43:53,715000,11.423
2026/04/29 15:43:53,716000,11.429
2026/04/29 15:43:53,717000,11.426
2026/04/29 15:43:53,718000,11.426
2026/04/29 15:43:53,719000,11.420
2026/04/29 15:43:53,720000,11.423
2026/04/29 15:43:53,721000,11.429
2026/04/29 15:43:53,722000,11.423
2026/04/29 15:43:53,723000,11.426
2026/04/29 15:43:53,724000,11.423
2026/04/29 15:43:53,725000,11.423
2026/04/29 15:43:53,726000,11.434
2026/04/29 15:43:53,727000,11.423
2026/04/29 15:43:53,728000,11.429
2026/04/29 15:43:53,729000,11.426
2026/04/29 15:43:53,730000,11.426
2026/04/29 15:43:53,731000,11.429
2026/04/29 15:43:53,732000,11.423
2026/04/29 15:43:53,733000,11.426
2026/04/29 15:43:53,734000,11.423
2026/04/29 15:43:53,735000,11.426
2026/04/29 15:43:53,736000,11.426
2026/04/29 15:43:53,737000,11.423
2026/04/29 15:43:53,738000,11.426
2026/04/29 15:43:53,739000,11.429
2026/04/29 15:43:53,740000,11.426
2026/04/29 15:43:53,741000,11.429
2026/04/29 15:43:53,742000,11.423
2026/04/29 15:43:53,743000,11.426
2026/04/29 15:43:53,744000,11.420
2026/04/29 15:43:53,745000,11.426
2026/04/29 15:43:53,746000,11.426
2026/04/29 15:43:53,747000,11.429
2026/04/29 15:43:53,748000,11.429
2026/04/29 15:43:53,749000,11.420
2026/04/29 15:43:53,750000,11.426
2026/04/29 15:43:53,751000,11.426
2026/04/29 15:43:53,752000,11.426
2026/04/29 15:43:53,753000,11.423
2026/04/29 15:43:53,754000,11.429
2026/04/29 15:43:53,755000,11.423
2026/04/29 15:43:53,756000,11.426
2026/04/29 15:43:53,757000,11.426
2026/04/29 15:43:53,758000,11.426
2026/04/29 15:43:53,759000,11.423
2026/04/29 15:43:53,760000,11.423
2026/04/29 15:43:53,761000,11.423
2026/04/29 15:43:53,762000,11.426
2026/04/29 15:43:53,763000,11.429
2026/04/29 15:43:53,764000,11.420
2026/04/29 15:43:53,765000,11.426
2026/04/29 15:43:53,766000,11.426
2026/04/29 15:43:53,767000,11.431
2026/04/29 15:43:53,768000,11.431
2026/04/29 15:43:53,769000,11.426
2026/04/29 15:43:53,770000,11.426
2026/04/29 15:43:53,771000,11.426
2026/04/29 15:43:53,772000,11.417
2026/04/29 15:43:53,773000,11.423
2026/04/29 15:43:53,774000,11.426
2026/04/29 15:43:53,775000,11.423
2026/04/29 15:43:53,776000,11.423
2026/04/29 15:43:53,777000,11.434
2026/04/29 15:43:53,778000,11.429
2026/04/29 15:43:53,779000,11.429
2026/04/29 15:43:53,780000,11.426
2026/04/29 15:43:53,781000,11.426
2026/04/29 15:43:53,782000,11.426
2026/04/29 15:43:53,783000,11.429
2026/04/29 15:43:53,784000,11.423
2026/04/29 15:43:53,785000,11.426
2026/04/29 15:43:53,786000,11.426
2026/04/29 15:43:53,787000,11.429
2026/04/29 15:43:53,788000,11.426
2026/04/29 15:43:53,789000,11.429
2026/04/29 15:43:53,790000,11.429
2026/04/29 15:43:53,791000,11.423
2026/04/29 15:43:53,792000,11.423
2026/04/29 15:43:53,793000,11.423
2026/04/29 15:43:53,794000,11.426
2026/04/29 15:43:53,795000,11.426
2026/04/29 15:43:53,796000,11.423
2026/04/29 15:43:53,797000,11.429
2026/04/29 15:43:53,798000,11.429
2026/04/29 15:43:53,799000,11.420
2026/04/29 15:43:53,800000,11.426
2026/04/29 15:43:53,801000,11.426
2026/04/29 15:43:53,802000,11.429
2026/04/29 15:43:53,803000,11.423
2026/04/29 15:43:53,804000,11.434
2026/04/29 15:43:53,805000,11.434
2026/04/29 15:43:53,806000,11.423
2026/04/29 15:43:53,807000,11.426
2026/04/29 15:43:53,808000,11.426
2026/04/29 15:43:53,809000,11.423
2026/04/29 15:43:53,810000,11.429
2026/04/29 15:43:53,811000,11.417
2026/04/29 15:43:53,812000,11.429
2026/04/29 15:43:53,813000,11.431
2026/04/29 15:43:53,814000,11.423
2026/04/29 15:43:53,815000,11.423
2026/04/29 15:43:53,816000,11.426
2026/04/29 15:43:53,817000,11.426
2026/04/29 15:43:53,818000,11.423
2026/04/29 15:43:53,819000,11.423
2026/04/29 15:43:53,820000,11.431
2026/04/29 15:43:53,821000,11.426
2026/04/29 15:43:53,822000,11.423
2026/04/29 15:43:53,823000,11.426
2026/04/29 15:43:53,824000,11.426
2026/04/29 15:43:53,825000,11.426
2026/04/29 15:43:53,826000,11.423
2026/04/29 15:43:53,827000,11.426
2026/04/29 15:43:53,828000,11.426
2026/04/29 15:43:53,829000,11.431
2026/04/29 15:43:53,830000,11.426
2026/04/29 15:43:53,831000,11.431
2026/04/29 15:43:53,832000,11.426
2026/04/29 15:43:53,833000,11.429
2026/04/29 15:43:53,834000,11.434
2026/04/29 15:43:53,835000,11.426
2026/04/29 15:43:53,836000,11.426
2026/04/29 15:43:53,837000,11.434
2026/04/29 15:43:53,838000,11.429
2026/04/29 15:43:53,839000,11.426
2026/04/29 15:43:53,840000,11.423
2026/04/29 15:43:53,841000,11.426
2026/04/29 15:43:53,842000,11.426
2026/04/29 15:43:53,843000,11.423
2026/04/29 15:43:53,844000,11.426
2026/04/29 15:43:53,845000,11.420
2026/04/29 15:43:53,846000,11.437
2026/04/29 15:43:53,847000,11.429
2026/04/29 15:43:53,848000,11.434
2026/04/29 15:43:53,849000,11.423
2026/04/29 15:43:53,850000,11.423
2026/04/29 15:43:53,851000,11.426
2026/04/29 15:43:53,852000,11.426
2026/04/29 15:43:53,853000,11.426
2026/04/29 15:43:53,854000,11.426
2026/04/29 15:43:53,855000,11.426
2026/04/29 15:43:53,856000,11.429
2026/04/29 15:43:53,857000,11.423
2026/04/29 15:43:53,858000,11.426
2026/04/29 15:43:53,859000,11.431
2026/04/29 15:43:53,860000,11.426
2026/04/29 15:43:53,861000,11.429
2026/04/29 15:43:53,862000,11.431
2026/04/29 15:43:53,863000,11.426
2026/04/29 15:43:53,864000,11.431
2026/04/29 15:43:53,865000,11.429
2026/04/29 15:43:53,866000,11.431
2026/04/29 15:43:53,867000,11.426
2026/04/29 15:43:53,868000,11.426
2026/04/29 15:43:53,869000,11.426
2026/04/29 15:43:53,870000,11.426
2026/04/29 15:43:53,871000,11.437
2026/04/29 15:43:53,872000,11.423
2026/04/29 15:43:53,873000,11.423
2026/04/29 15:43:53,874000,11.423
2026/04/29 15:43:53,875000,11.423
2026/04/29 15:43:53,876000,11.431
2026/04/29 15:43:53,877000,11.431
2026/04/29 15:43:53,878000,11.423
2026/04/29 15:43:53,879000,11.423
2026/04/29 15:43:53,880000,11.426
2026/04/29 15:43:53,881000,11.423
2026/04/29 15:43:53,882000,11.426
2026/04/29 15:43:53,883000,11.426
2026/04/29 15:43:53,884000,11.426
2026/04/29 15:43:53,885000,11.429
2026/04/29 15:43:53,886000,11.426
2026/04/29 15:43:53,887000,11.429
2026/04/29 15:43:53,888000,11.431
2026/04/29 15:43:53,889000,11.434
2026/04/29 15:43:53,890000,11.426
2026/04/29 15:43:53,891000,11.417
2026/04/29 15:43:53,892000,11.426
2026/04/29 15:43:53,893000,11.426
2026/04/29 15:43:53,894000,11.426
2026/04/29 15:43:53,895000,11.426
2026/04/29 15:43:53,896000,11.426
2026/04/29 15:43:53,897000,11.429
2026/04/29 15:43:53,898000,11.429
2026/04/29 15:43:53,899000,11.434
2026/04/29 15:43:53,900000,11.434
2026/04/29 15:43:53,901000,11.429
2026/04/29 15:43:53,902000,11.423
2026/04/29 15:43:53,903000,11.426
2026/04/29 15:43:53,904000,11.434
2026/04/29 15:43:53,905000,11.423
2026/04/29 15:43:53,906000,11.426
2026/04/29 15:43:53,907000,11.429
2026/04/29 15:43:53,908000,11.423
2026/04/29 15:43:53,909000,11.429
2026/04/29 15:43:53,910000,11.426
2026/04/29 15:43:53,911000,11.431
2026/04/29 15:43:53,912000,11.420
2026/04/29 15:43:53,913000,11.426
2026/04/29 15:43:53,914000,11.426
2026/04/29 15:43:53,915000,11.426
2026/04/29 15:43:53,916000,11.426
2026/04/29 15:43:53,917000,11.426
2026/04/29 15:43:53,918000,11.434
2026/04/29 15:43:53,919000,11.423
2026/04/29 15:43:53,920000,11.429
2026/04/29 15:43:53,921000,11.423
2026/04/29 15:43:53,922000,11.426
2026/04/29 15:43:53,923000,11.426
2026/04/29 15:43:53,924000,11.423
2026/04/29 15:43:53,925000,11.426
2026/04/29 15:43:53,926000,11.426
2026/04/29 15:43:53,927000,11.431
2026/04/29 15:43:53,928000,11.429
2026/04/29 15:43:53,929000,11.426
2026/04/29 15:43:53,930000,11.426
2026/04/29 15:43:53,931000,11.431
2026/04/29 15:43:53,932000,11.426
2026/04/29 15:43:53,933000,11.423
2026/04/29 15:43:53,934000,11.429
2026/04/29 15:43:53,935000,11.423
2026/04/29 15:43:53,936000,11.431
2026/04/29 15:43:53,937000,11.426
2026/04/29 15:43:53,938000,11.431
2026/04/29 15:43:53,939000,11.429
2026/04/29 15:43:53,940000,11.431
2026/04/29 15:43:53,941000,11.423
2026/04/29 15:43:53,942000,11.423
2026/04/29 15:43:53,943000,11.426
2026/04/29 15:43:53,944000,11.423
2026/04/29 15:43:53,945000,11.426
2026/04/29 15:43:53,946000,11.429
2026/04/29 15:43:53,947000,11.423
2026/04/29 15:43:53,948000,11.423
2026/04/29 15:43:53,949000,11.426
2026/04/29 15:43:53,950000,11.429
2026/04/29 15:43:53,951000,11.431
2026/04/29 15:43:53,952000,11.426
2026/04/29 15:43:53,953000,11.429
2026/04/29 15:43:53,954000,11.429
2026/04/29 15:43:53,955000,11.420
2026/04/29 15:43:53,956000,11.426
2026/04/29 15:43:53,957000,11.426
2026/04/29 15:43:53,958000,11.423
2026/04/29 15:43:53,959000,11.426
2026/04/29 15:43:53,960000,11.426
2026/04/29 15:43:53,961000,11.434
2026/04/29 15:43:53,962000,11.426
2026/04/29 15:43:53,963000,11.431
2026/04/29 15:43:53,964000,11.426
2026/04/29 15:43:53,965000,11.426
2026/04/29 15:43:53,966000,11.426
2026/04/29 15:43:53,967000,11.426
2026/04/29 15:43:53,968000,11.429
2026/04/29 15:43:53,969000,11.431
2026/04/29 15:43:53,970000,11.426
2026/04/29 15:43:53,971000,11.423
2026/04/29 15:43:53,972000,11.423
2026/04/29 15:43:53,973000,11.426
2026/04/29 15:43:53,974000,11.420
2026/04/29 15:43:53,975000,11.426
2026/04/29 15:43:53,976000,11.426
2026/04/29 15:43:53,977000,11.426
2026/04/29 15:43:53,978000,11.420
2026/04/29 15:43:53,979000,11.426
2026/04/29 15:43:53,980000,11.434
2026/04/29 15:43:53,981000,11.429
2026/04/29 15:43:53,982000,11.423
2026/04/29 15:43:53,983000,11.426
2026/04/29 15:43:53,984000,11.426
2026/04/29 15:43:53,985000,11.423
2026/04/29 15:43:53,986000,11.426
2026/04/29 15:43:53,987000,11.426
2026/04/29 15:43:53,988000,11.429
2026/04/29 15:43:53,989000,11.431
2026/04/29 15:43:53,990000,11.420
2026/04/29 15:43:53,991000,11.429
2026/04/29 15:43:53,992000,11.429
2026/04/29 15:43:53,993000,11.423
2026/04/29 15:43:53,994000,11.426
2026/04/29 15:43:53,995000,11.429
2026/04/29 15:43:53,996000,11.431
2026/04/29 15:43:53,997000,11.426
2026/04/29 15:43:53,998000,11.434
2026/04/29 15:43:53,999000,11.431
2026/04/29 15:43:54,000000,11.431
2026/04/29 15:43:54,001000,11.426
2026/04/29 15:43:54,002000,11.431
2026/04/29 15:43:54,003000,11.434
2026/04/29 15:43:54,004000,11.426
2026/04/29 15:43:54,005000,11.431
2026/04/29 15:43:54,006000,11.434
2026/04/29 15:43:54,007000,11.426
2026/04/29 15:43:54,008000,11.426
2026/04/29 15:43:54,009000,11.426
2026/04/29 15:43:54,010000,11.426
2026/04/29 15:43:54,011000,11.423
2026/04/29 15:43:54,012000,11.434
2026/04/29 15:43:54,013000,11.431
2026/04/29 15:43:54,014000,11.426
2026/04/29 15:43:54,015000,11.426
2026/04/29 15:43:54,016000,11.429
2026/04/29 15:43:54,017000,11.426
2026/04/29 15:43:54,018000,11.426
2026/04/29 15:43:54,019000,11.429
2026/04/29 15:43:54,020000,11.429
2026/04/29 15:43:54,021000,11.426
2026/04/29 15:43:54,022000,11.423
2026/04/29 15:43:54,023000,11.434
2026/04/29 15:43:54,024000,11.429
2026/04/29 15:43:54,025000,11.426
2026/04/29 15:43:54,026000,11.434
2026/04/29 15:43:54,027000,11.426
2026/04/29 15:43:54,028000,11.426
2026/04/29 15:43:54,029000,11.434
2026/04/29 15:43:54,030000,11.429
2026/04/29 15:43:54,031000,11.431
2026/04/29 15:43:54,032000,11.426
2026/04/29 15:43:54,033000,11.423
2026/04/29 15:43:54,034000,11.431
2026/04/29 15:43:54,035000,11.431
2026/04/29 15:43:54,036000,11.426
2026/04/29 15:43:54,037000,11.429
2026/04/29 15:43:54,038000,11.429
2026/04/29 15:43:54,039000,11.429
2026/04/29 15:43:54,040000,11.431
2026/04/29 15:43:54,041000,11.431
2026/04/29 15:43:54,042000,11.429
2026/04/29 15:43:54,043000,11.423
2026/04/29 15:43:54,044000,11.429
2026/04/29 15:43:54,045000,11.426
2026/04/29 15:43:54,046000,11.426
2026/04/29 15:43:54,047000,11.423
2026/04/29 15:43:54,048000,11.423
2026/04/29 15:43:54,049000,11.429
2026/04/29 15:43:54,050000,11.429
2026/04/29 15:43:54,051000,11.423
2026/04/29 15:43:54,052000,11.426
2026/04/29 15:43:54,053000,11.429
2026/04/29 15:43:54,054000,11.429
2026/04/29 15:43:54,055000,11.429
2026/04/29 15:43:54,056000,11.429
2026/04/29 15:43:54,057000,11.431
2026/04/29 15:43:54,058000,11.429
2026/04/29 15:43:54,059000,11.426
2026/04/29 15:43:54,060000,11.423
2026/04/29 15:43:54,061000,11.431
2026/04/29 15:43:54,062000,11.426
2026/04/29 15:43:54,063000,11.434
2026/04/29 15:43:54,064000,11.437
2026/04/29 15:43:54,065000,11.431
2026/04/29 15:43:54,066000,11.429
2026/04/29 15:43:54,067000,11.426
2026/04/29 15:43:54,068000,11.431
2026/04/29 15:43:54,069000,11.423
2026/04/29 15:43:54,070000,11.429
2026/04/29 15:43:54,071000,11.434
2026/04/29 15:43:54,072000,11.426
2026/04/29 15:43:54,073000,11.426
2026/04/29 15:43:54,074000,11.426
2026/04/29 15:43:54,075000,11.429
2026/04/29 15:43:54,076000,11.431
2026/04/29 15:43:54,077000,11.426
2026/04/29 15:43:54,078000,11.434
2026/04/29 15:43:54,079000,11.434
2026/04/29 15:43:54,080000,11.437
2026/04/29 15:43:54,081000,11.426
2026/04/29 15:43:54,082000,11.431
2026/04/29 15:43:54,083000,11.434
2026/04/29 15:43:54,084000,11.426
2026/04/29 15:43:54,085000,11.426
2026/04/29 15:43:54,086000,11.423
2026/04/29 15:43:54,087000,11.429
2026/04/29 15:43:54,088000,11.431
2026/04/29 15:43:54,089000,11.423
2026/04/29 15:43:54,090000,11.431
2026/04/29 15:43:54,091000,11.426
2026/04/29 15:43:54,092000,11.423
2026/04/29 15:43:54,093000,11.429
2026/04/29 15:43:54,094000,11.431
2026/04/29 15:43:54,095000,11.426
2026/04/29 15:43:54,096000,11.426
2026/04/29 15:43:54,097000,11.426
2026/04/29 15:43:54,098000,11.431
2026/04/29 15:43:54,099000,11.431
2026/04/29 15:43:54,100000,11.426
2026/04/29 15:43:54,101000,11.426
2026/04/29 15:43:54,102000,11.426
2026/04/29 15:43:54,103000,11.426
2026/04/29 15:43:54,104000,11.429
2026/04/29 15:43:54,105000,11.434
2026/04/29 15:43:54,106000,11.426
2026/04/29 15:43:54,107000,11.429
2026/04/29 15:43:54,108000,11.426
2026/04/29 15:43:54,109000,11.426
2026/04/29 15:43:54,110000,11.426
2026/04/29 15:43:54,111000,11.429
2026/04/29 15:43:54,112000,11.426
2026/04/29 15:43:54,113000,11.431
2026/04/29 15:43:54,114000,11.426
2026/04/29 15:43:54,115000,11.429
2026/04/29 15:43:54,116000,11.431
2026/04/29 15:43:54,117000,11.434
2026/04/29 15:43:54,118000,11.434
2026/04/29 15:43:54,119000,11.429
2026/04/29 15:43:54,120000,11.434
2026/04/29 15:43:54,121000,11.420
2026/04/29 15:43:54,122000,11.431
2026/04/29 15:43:54,123000,11.429
2026/04/29 15:43:54,124000,11.426
2026/04/29 15:43:54,125000,11.426
2026/04/29 15:43:54,126000,11.431
2026/04/29 15:43:54,127000,11.437
2026/04/29 15:43:54,128000,11.431
2026/04/29 15:43:54,129000,11.431
2026/04/29 15:43:54,130000,11.434
2026/04/29 15:43:54,131000,11.437
2026/04/29 15:43:54,132000,11.423
2026/04/29 15:43:54,133000,11.431
2026/04/29 15:43:54,134000,11.426
2026/04/29 15:43:54,135000,11.429
2026/04/29 15:43:54,136000,11.429
2026/04/29 15:43:54,137000,11.431
2026/04/29 15:43:54,138000,11.434
2026/04/29 15:43:54,139000,11.426
2026/04/29 15:43:54,140000,11.429
2026/04/29 15:43:54,141000,11.440
2026/04/29 15:43:54,142000,11.431
2026/04/29 15:43:54,143000,11.426
2026/04/29 15:43:54,144000,11.429
2026/04/29 15:43:54,145000,11.429
2026/04/29 15:43:54,146000,11.434
2026/04/29 15:43:54,147000,11.426
2026/04/29 15:43:54,148000,11.434
2026/04/29 15:43:54,149000,11.426
2026/04/29 15:43:54,150000,11.431
2026/04/29 15:43:54,151000,11.429
2026/04/29 15:43:54,152000,11.431
2026/04/29 15:43:54,153000,11.434
2026/04/29 15:43:54,154000,11.431
2026/04/29 15:43:54,155000,11.426
2026/04/29 15:43:54,156000,11.429
2026/04/29 15:43:54,157000,11.426
2026/04/29 15:43:54,158000,11.434
2026/04/29 15:43:54,159000,11.426
2026/04/29 15:43:54,160000,11.431
2026/04/29 15:43:54,161000,11.429
2026/04/29 15:43:54,162000,11.443
2026/04/29 15:43:54,163000,11.437
2026/04/29 15:43:54,164000,11.431
2026/04/29 15:43:54,165000,11.423
2026/04/29 15:43:54,166000,11.423
2026/04/29 15:43:54,167000,11.429
2026/04/29 15:43:54,168000,11.426
2026/04/29 15:43:54,169000,11.429
2026/04/29 15:43:54,170000,11.434
2026/04/29 15:43:54,171000,11.426
2026/04/29 15:43:54,172000,11.434
2026/04/29 15:43:54,173000,11.429
2026/04/29 15:43:54,174000,11.426
2026/04/29 15:43:54,175000,11.429
2026/04/29 15:43:54,176000,11.426
2026/04/29 15:43:54,177000,11.431
2026/04/29 15:43:54,178000,11.431
2026/04/29 15:43:54,179000,11.429
2026/04/29 15:43:54,180000,11.429
2026/04/29 15:43:54,181000,11.429
2026/04/29 15:43:54,182000,11.429
2026/04/29 15:43:54,183000,11.431
2026/04/29 15:43:54,184000,11.437
2026/04/29 15:43:54,185000,11.431
2026/04/29 15:43:54,186000,11.431
2026/04/29 15:43:54,187000,11.431
2026/04/29 15:43:54,188000,11.429
2026/04/29 15:43:54,189000,11.431
2026/04/29 15:43:54,190000,11.426
2026/04/29 15:43:54,191000,11.429
2026/04/29 15:43:54,192000,11.426
2026/04/29 15:43:54,193000,11.431
2026/04/29 15:43:54,194000,11.434
2026/04/29 15:43:54,195000,11.431
2026/04/29 15:43:54,196000,11.434
2026/04/29 15:43:54,197000,11.429
2026/04/29 15:43:54,198000,11.437
2026/04/29 15:43:54,199000,11.429
2026/04/29 15:43:54,200000,11.434
2026/04/29 15:43:54,201000,11.429
2026/04/29 15:43:54,202000,11.434
2026/04/29 15:43:54,203000,11.431
2026/04/29 15:43:54,204000,11.426
2026/04/29 15:43:54,205000,11.431
2026/04/29 15:43:54,206000,11.431
2026/04/29 15:43:54,207000,11.429
2026/04/29 15:43:54,208000,11.434
2026/04/29 15:43:54,209000,11.426
2026/04/29 15:43:54,210000,11.423
2026/04/29 15:43:54,211000,11.429
2026/04/29 15:43:54,212000,11.423
2026/04/29 15:43:54,213000,11.426
2026/04/29 15:43:54,214000,11.429
2026/04/29 15:43:54,215000,11.431
2026/04/29 15:43:54,216000,11.426
2026/04/29 15:43:54,217000,11.431
2026/04/29 15:43:54,218000,11.434
2026/04/29 15:43:54,219000,11.434
2026/04/29 15:43:54,220000,11.429
2026/04/29 15:43:54,221000,11.429
2026/04/29 15:43:54,222000,11.429
2026/04/29 15:43:54,223000,11.434
2026/04/29 15:43:54,224000,11.429
2026/04/29 15:43:54,225000,11.426
2026/04/29 15:43:54,226000,11.431
2026/04/29 15:43:54,227000,11.434
2026/04/29 15:43:54,228000,11.431
2026/04/29 15:43:54,229000,11.429
2026/04/29 15:43:54,230000,11.426
2026/04/29 15:43:54,231000,11.437
2026/04/29 15:43:54,232000,11.437
2026/04/29 15:43:54,233000,11.426
2026/04/29 15:43:54,234000,11.434
2026/04/29 15:43:54,235000,11.431
2026/04/29 15:43:54,236000,11.431
2026/04/29 15:43:54,237000,11.429
2026/04/29 15:43:54,238000,11.434
2026/04/29 15:43:54,239000,11.434
2026/04/29 15:43:54,240000,11.434
2026/04/29 15:43:54,241000,11.431
2026/04/29 15:43:54,242000,11.426
2026/04/29 15:43:54,243000,11.429
2026/04/29 15:43:54,244000,11.429
2026/04/29 15:43:54,245000,11.426
2026/04/29 15:43:54,246000,11.434
2026/04/29 15:43:54,247000,11.426
2026/04/29 15:43:54,248000,11.426
2026/04/29 15:43:54,249000,11.431
2026/04/29 15:43:54,250000,11.426
2026/04/29 15:43:54,251000,11.426
2026/04/29 15:43:54,252000,11.431
2026/04/29 15:43:54,253000,11.429
2026/04/29 15:43:54,254000,11.431
2026/04/29 15:43:54,255000,11.431
2026/04/29 15:43:54,256000,11.434
2026/04/29 15:43:54,257000,11.431
2026/04/29 15:43:54,258000,11.429
2026/04/29 15:43:54,259000,11.429
2026/04/29 15:43:54,260000,11.434
2026/04/29 15:43:54,261000,11.434
2026/04/29 15:43:54,262000,11.429
2026/04/29 15:43:54,263000,11.434
2026/04/29 15:43:54,264000,11.431
2026/04/29 15:43:54,265000,11.429
2026/04/29 15:43:54,266000,11.434
2026/04/29 15:43:54,267000,11.429
2026/04/29 15:43:54,268000,11.429
2026/04/29 15:43:54,269000,11.434
2026/04/29 15:43:54,270000,11.431
2026/04/29 15:43:54,271000,11.426
2026/04/29 15:43:54,272000,11.431
2026/04/29 15:43:54,273000,11.429
2026/04/29 15:43:54,274000,11.431
2026/04/29 15:43:54,275000,11.429
2026/04/29 15:43:54,276000,11.426
2026/04/29 15:43:54,277000,11.437
2026/04/29 15:43:54,278000,11.431
2026/04/29 15:43:54,279000,11.443
2026/04/29 15:43:54,280000,11.434
2026/04/29 15:43:54,281000,11.426
2026/04/29 15:43:54,282000,11.426
2026/04/29 15:43:54,283000,11.431
2026/04/29 15:43:54,284000,11.429
2026/04/29 15:43:54,285000,11.434
2026/04/29 15:43:54,286000,11.434
2026/04/29 15:43:54,287000,11.431
2026/04/29 15:43:54,288000,11.426
2026/04/29 15:43:54,289000,11.429
2026/04/29 15:43:54,290000,11.426
2026/04/29 15:43:54,291000,11.429
2026/04/29 15:43:54,292000,11.426
2026/04/29 15:43:54,293000,11.426
2026/04/29 15:43:54,294000,11.423
2026/04/29 15:43:54,295000,11.434
2026/04/29 15:43:54,296000,11.426
2026/04/29 15:43:54,297000,11.426
2026/04/29 15:43:54,298000,11.434
2026/04/29 15:43:54,299000,11.431
2026/04/29 15:43:54,300000,11.434
2026/04/29 15:43:54,301000,11.434
2026/04/29 15:43:54,302000,11.434
2026/04/29 15:43:54,303000,11.434
2026/04/29 15:43:54,304000,11.431
2026/04/29 15:43:54,305000,11.431
2026/04/29 15:43:54,306000,11.431
2026/04/29 15:43:54,307000,11.429
2026/04/29 15:43:54,308000,11.429
2026/04/29 15:43:54,309000,11.431
2026/04/29 15:43:54,310000,11.431
2026/04/29 15:43:54,311000,11.434
2026/04/29 15:43:54,312000,11.423
2026/04/29 15:43:54,313000,11.434
2026/04/29 15:43:54,314000,11.431
2026/04/29 15:43:54,315000,11.431
2026/04/29 15:43:54,316000,11.434
2026/04/29 15:43:54,317000,11.429
2026/04/29 15:43:54,318000,11.429
2026/04/29 15:43:54,319000,11.431
2026/04/29 15:43:54,320000,11.431
2026/04/29 15:43:54,321000,11.431
2026/04/29 15:43:54,322000,11.434
2026/04/29 15:43:54,323000,11.423
2026/04/29 15:43:54,324000,11.429
2026/04/29 15:43:54,325000,11.429
2026/04/29 15:43:54,326000,11.431
2026/04/29 15:43:54,327000,11.426
2026/04/29 15:43:54,328000,11.429
2026/04/29 15:43:54,329000,11.426
2026/04/29 15:43:54,330000,11.437
2026/04/29 15:43:54,331000,11.426
2026/04/29 15:43:54,332000,11.434
2026/04/29 15:43:54,333000,11.429
2026/04/29 15:43:54,334000,11.434
2026/04/29 15:43:54,335000,11.431
2026/04/29 15:43:54,336000,11.437
2026/04/29 15:43:54,337000,11.431
2026/04/29 15:43:54,338000,11.431
2026/04/29 15:43:54,339000,11.426
2026/04/29 15:43:54,340000,11.426
2026/04/29 15:43:54,341000,11.431
2026/04/29 15:43:54,342000,11.434
2026/04/29 15:43:54,343000,11.429
2026/04/29 15:43:54,344000,11.431
2026/04/29 15:43:54,345000,11.437
2026/04/29 15:43:54,346000,11.429
2026/04/29 15:43:54,347000,11.434
2026/04/29 15:43:54,348000,11.431
2026/04/29 15:43:54,349000,11.429
2026/04/29 15:43:54,350000,11.431
2026/04/29 15:43:54,351000,11.440
2026/04/29 15:43:54,352000,11.431
2026/04/29 15:43:54,353000,11.434
2026/04/29 15:43:54,354000,11.429
2026/04/29 15:43:54,355000,11.426
2026/04/29 15:43:54,356000,11.434
2026/04/29 15:43:54,357000,11.429
2026/04/29 15:43:54,358000,11.429
2026/04/29 15:43:54,359000,11.431
2026/04/29 15:43:54,360000,11.437
2026/04/29 15:43:54,361000,11.443
2026/04/29 15:43:54,362000,11.429
2026/04/29 15:43:54,363000,11.431
2026/04/29 15:43:54,364000,11.429
2026/04/29 15:43:54,365000,11.431
2026/04/29 15:43:54,366000,11.434
2026/04/29 15:43:54,367000,11.426
2026/04/29 15:43:54,368000,11.431
2026/04/29 15:43:54,369000,11.431
2026/04/29 15:43:54,370000,11.431
2026/04/29 15:43:54,371000,11.434
2026/04/29 15:43:54,372000,11.434
2026/04/29 15:43:54,373000,11.431
2026/04/29 15:43:54,374000,11.431
2026/04/29 15:43:54,375000,11.434
2026/04/29 15:43:54,376000,11.434
2026/04/29 15:43:54,377000,11.434
2026/04/29 15:43:54,378000,11.431
2026/04/29 15:43:54,379000,11.437
2026/04/29 15:43:54,380000,11.429
2026/04/29 15:43:54,381000,11.429
2026/04/29 15:43:54,382000,11.426
2026/04/29 15:43:54,383000,11.426
2026/04/29 15:43:54,384000,11.437
2026/04/29 15:43:54,385000,11.426
2026/04/29 15:43:54,386000,11.434
2026/04/29 15:43:54,387000,11.431
2026/04/29 15:43:54,388000,11.429
2026/04/29 15:43:54,389000,11.429
2026/04/29 15:43:54,390000,11.434
2026/04/29 15:43:54,391000,11.434
2026/04/29 15:43:54,392000,11.437
2026/04/29 15:43:54,393000,11.426
2026/04/29 15:43:54,394000,11.431
2026/04/29 15:43:54,395000,11.434
2026/04/29 15:43:54,396000,11.431
2026/04/29 15:43:54,397000,11.434
2026/04/29 15:43:54,398000,11.431
2026/04/29 15:43:54,399000,11.431
2026/04/29 15:43:54,400000,11.431
2026/04/29 15:43:54,401000,11.437
2026/04/29 15:43:54,402000,11.431
2026/04/29 15:43:54,403000,11.429
2026/04/29 15:43:54,404000,11.431
2026/04/29 15:43:54,405000,11.426
2026/04/29 15:43:54,406000,11.431
2026/04/29 15:43:54,407000,11.434
2026/04/29 15:43:54,408000,11.437
2026/04/29 15:43:54,409000,11.434
2026/04/29 15:43:54,410000,11.437
2026/04/29 15:43:54,411000,11.431
2026/04/29 15:43:54,412000,11.434
2026/04/29 15:43:54,413000,11.431
2026/04/29 15:43:54,414000,11.431
2026/04/29 15:43:54,415000,11.423
2026/04/29 15:43:54,416000,11.434
2026/04/29 15:43:54,417000,11.431
2026/04/29 15:43:54,418000,11.434
2026/04/29 15:43:54,419000,11.434
2026/04/29 15:43:54,420000,11.431
2026/04/29 15:43:54,421000,11.434
2026/04/29 15:43:54,422000,11.434
2026/04/29 15:43:54,423000,11.434
2026/04/29 15:43:54,424000,11.434
2026/04/29 15:43:54,425000,11.429
2026/04/29 15:43:54,426000,11.443
2026/04/29 15:43:54,427000,11.431
2026/04/29 15:43:54,428000,11.437
2026/04/29 15:43:54,429000,11.431
2026/04/29 15:43:54,430000,11.431
2026/04/29 15:43:54,431000,11.429
2026/04/29 15:43:54,432000,11.437
2026/04/29 15:43:54,433000,11.431
2026/04/29 15:43:54,434000,11.429
2026/04/29 15:43:54,435000,11.426
2026/04/29 15:43:54,436000,11.429
2026/04/29 15:43:54,437000,11.426
2026/04/29 15:43:54,438000,11.437
2026/04/29 15:43:54,439000,11.431
2026/04/29 15:43:54,440000,11.429
2026/04/29 15:43:54,441000,11.429
2026/04/29 15:43:54,442000,11.437
2026/04/29 15:43:54,443000,11.431
2026/04/29 15:43:54,444000,11.431
2026/04/29 15:43:54,445000,11.434
2026/04/29 15:43:54,446000,11.429
2026/04/29 15:43:54,447000,11.431
2026/04/29 15:43:54,448000,11.437
2026/04/29 15:43:54,449000,11.437
2026/04/29 15:43:54,450000,11.437
2026/04/29 15:43:54,451000,11.429
2026/04/29 15:43:54,452000,11.431
2026/04/29 15:43:54,453000,11.434
2026/04/29 15:43:54,454000,11.434
2026/04/29 15:43:54,455000,11.429
2026/04/29 15:43:54,456000,11.429
2026/04/29 15:43:54,457000,11.437
2026/04/29 15:43:54,458000,11.431
2026/04/29 15:43:54,459000,11.429
2026/04/29 15:43:54,460000,11.440
2026/04/29 15:43:54,461000,11.434
2026/04/29 15:43:54,462000,11.434
2026/04/29 15:43:54,463000,11.434
2026/04/29 15:43:54,464000,11.437
2026/04/29 15:43:54,465000,11.429
2026/04/29 15:43:54,466000,11.429
2026/04/29 15:43:54,467000,11.434
2026/04/29 15:43:54,468000,11.437
2026/04/29 15:43:54,469000,11.431
2026/04/29 15:43:54,470000,11.434
2026/04/29 15:43:54,471000,11.434
2026/04/29 15:43:54,472000,11.434
2026/04/29 15:43:54,473000,11.431
2026/04/29 15:43:54,474000,11.434
2026/04/29 15:43:54,475000,11.434
2026/04/29 15:43:54,476000,11.426
2026/04/29 15:43:54,477000,11.434
2026/04/29 15:43:54,478000,11.434
2026/04/29 15:43:54,479000,11.431
2026/04/29 15:43:54,480000,11.429
2026/04/29 15:43:54,481000,11.429
2026/04/29 15:43:54,482000,11.440
2026/04/29 15:43:54,483000,11.434
2026/04/29 15:43:54,484000,11.429
2026/04/29 15:43:54,485000,11.431
2026/04/29 15:43:54,486000,11.429
2026/04/29 15:43:54,487000,11.434
2026/04/29 15:43:54,488000,11.434
2026/04/29 15:43:54,489000,11.434
2026/04/29 15:43:54,490000,11.431
2026/04/29 15:43:54,491000,11.434
2026/04/29 15:43:54,492000,11.440
2026/04/29 15:43:54,493000,11.434
2026/04/29 15:43:54,494000,11.434
2026/04/29 15:43:54,495000,11.431
2026/04/29 15:43:54,496000,11.426
2026/04/29 15:43:54,497000,11.437
2026/04/29 15:43:54,498000,11.434
2026/04/29 15:43:54,499000,11.431
2026/04/29 15:43:54,500000,11.434
2026/04/29 15:43:54,501000,11.431
2026/04/29 15:43:54,502000,11.434
2026/04/29 15:43:54,503000,11.431
2026/04/29 15:43:54,504000,11.431
2026/04/29 15:43:54,505000,11.434
2026/04/29 15:43:54,506000,11.440
2026/04/29 15:43:54,507000,11.434
2026/04/29 15:43:54,508000,11.434
2026/04/29 15:43:54,509000,11.434
2026/04/29 15:43:54,510000,11.451
2026/04/29 15:43:54,511000,11.431
2026/04/29 15:43:54,512000,11.429
2026/04/29 15:43:54,513000,11.440
2026/04/29 15:43:54,514000,11.431
2026/04/29 15:43:54,515000,11.434
2026/04/29 15:43:54,516000,11.429
2026/04/29 15:43:54,517000,11.437
2026/04/29 15:43:54,518000,11.434
2026/04/29 15:43:54,519000,11.431
2026/04/29 15:43:54,520000,11.426
2026/04/29 15:43:54,521000,11.437
2026/04/29 15:43:54,522000,11.426
2026/04/29 15:43:54,523000,11.434
2026/04/29 15:43:54,524000,11.431
2026/04/29 15:43:54,525000,11.431
2026/04/29 15:43:54,526000,11.426
2026/04/29 15:43:54,527000,11.434
2026/04/29 15:43:54,528000,11.437
2026/04/29 15:43:54,529000,11.434
2026/04/29 15:43:54,530000,11.434
2026/04/29 15:43:54,531000,11.437
2026/04/29 15:43:54,532000,11.434
2026/04/29 15:43:54,533000,11.440
2026/04/29 15:43:54,534000,11.434
2026/04/29 15:43:54,535000,11.434
2026/04/29 15:43:54,536000,11.434
2026/04/29 15:43:54,537000,11.431
2026/04/29 15:43:54,538000,11.434
2026/04/29 15:43:54,539000,11.431
2026/04/29 15:43:54,540000,11.429
2026/04/29 15:43:54,541000,11.429
2026/04/29 15:43:54,542000,11.431
2026/04/29 15:43:54,543000,11.434
2026/04/29 15:43:54,544000,11.434
2026/04/29 15:43:54,545000,11.434
2026/04/29 15:43:54,546000,11.434
2026/04/29 15:43:54,547000,11.429
2026/04/29 15:43:54,548000,11.434
2026/04/29 15:43:54,549000,11.437
2026/04/29 15:43:54,550000,11.426
2026/04/29 15:43:54,551000,11.429
2026/04/29 15:43:54,552000,11.434
2026/04/29 15:43:54,553000,11.426
2026/04/29 15:43:54,554000,11.431
2026/04/29 15:43:54,555000,11.426
2026/04/29 15:43:54,556000,11.434
2026/04/29 15:43:54,557000,11.431
2026/04/29 15:43:54,558000,11.440
2026/04/29 15:43:54,559000,11.426
2026/04/29 15:43:54,560000,11.434
2026/04/29 15:43:54,561000,11.434
2026/04/29 15:43:54,562000,11.434
2026/04/29 15:43:54,563000,11.431
2026/04/29 15:43:54,564000,11.431
2026/04/29 15:43:54,565000,11.431
2026/04/29 15:43:54,566000,11.437
2026/04/29 15:43:54,567000,11.434
2026/04/29 15:43:54,568000,11.431
2026/04/29 15:43:54,569000,11.431
2026/04/29 15:43:54,570000,11.426
2026/04/29 15:43:54,571000,11.431
2026/04/29 15:43:54,572000,11.437
2026/04/29 15:43:54,573000,11.431
2026/04/29 15:43:54,574000,11.434
2026/04/29 15:43:54,575000,11.434
2026/04/29 15:43:54,576000,11.431
2026/04/29 15:43:54,577000,11.434
2026/04/29 15:43:54,578000,11.440
2026/04/29 15:43:54,579000,11.434
2026/04/29 15:43:54,580000,11.429
2026/04/29 15:43:54,581000,11.431
2026/04/29 15:43:54,582000,11.431
2026/04/29 15:43:54,583000,11.434
2026/04/29 15:43:54,584000,11.434
2026/04/29 15:43:54,585000,11.437
2026/04/29 15:43:54,586000,11.431
2026/04/29 15:43:54,587000,11.431
2026/04/29 15:43:54,588000,11.437
2026/04/29 15:43:54,589000,11.437
2026/04/29 15:43:54,590000,11.431
2026/04/29 15:43:54,591000,11.437
2026/04/29 15:43:54,592000,11.434
2026/04/29 15:43:54,593000,11.434
2026/04/29 15:43:54,594000,11.437
2026/04/29 15:43:54,595000,11.434
2026/04/29 15:43:54,596000,11.431
2026/04/29 15:43:54,597000,11.431
2026/04/29 15:43:54,598000,11.434
2026/04/29 15:43:54,599000,11.437
2026/04/29 15:43:54,600000,11.437
2026/04/29 15:43:54,601000,11.440
2026/04/29 15:43:54,602000,11.437
2026/04/29 15:43:54,603000,11.437
2026/04/29 15:43:54,604000,11.431
2026/04/29 15:43:54,605000,11.431
2026/04/29 15:43:54,606000,11.431
2026/04/29 15:43:54,607000,11.431
2026/04/29 15:43:54,608000,11.434
2026/04/29 15:43:54,609000,11.437
2026/04/29 15:43:54,610000,11.431
2026/04/29 15:43:54,611000,11.434
2026/04/29 15:43:54,612000,11.434
2026/04/29 15:43:54,613000,11.429
2026/04/29 15:43:54,614000,11.431
2026/04/29 15:43:54,615000,11.434
2026/04/29 15:43:54,616000,11.434
2026/04/29 15:43:54,617000,11.429
2026/04/29 15:43:54,618000,11.437
2026/04/29 15:43:54,619000,11.434
2026/04/29 15:43:54,620000,11.437
2026/04/29 15:43:54,621000,11.440
2026/04/29 15:43:54,622000,11.437
2026/04/29 15:43:54,623000,11.437
2026/04/29 15:43:54,624000,11.437
2026/04/29 15:43:54,625000,11.431
2026/04/29 15:43:54,626000,11.437
2026/04/29 15:43:54,627000,11.437
2026/04/29 15:43:54,628000,11.437
2026/04/29 15:43:54,629000,11.434
2026/04/29 15:43:54,630000,11.429
2026/04/29 15:43:54,631000,11.437
2026/04/29 15:43:54,632000,11.437
2026/04/29 15:43:54,633000,11.437
2026/04/29 15:43:54,634000,11.437
2026/04/29 15:43:54,635000,11.437
2026/04/29 15:43:54,636000,11.434
2026/04/29 15:43:54,637000,11.434
2026/04/29 15:43:54,638000,11.443
2026/04/29 15:43:54,639000,11.434
2026/04/29 15:43:54,640000,11.434
2026/04/29 15:43:54,641000,11.440
2026/04/29 15:43:54,642000,11.437
2026/04/29 15:43:54,643000,11.437
2026/04/29 15:43:54,644000,11.440
2026/04/29 15:43:54,645000,11.431
2026/04/29 15:43:54,646000,11.437
2026/04/29 15:43:54,647000,11.431
2026/04/29 15:43:54,648000,11.443
2026/04/29 15:43:54,649000,11.434
2026/04/29 15:43:54,650000,11.431
2026/04/29 15:43:54,651000,11.443
2026/04/29 15:43:54,652000,11.431
2026/04/29 15:43:54,653000,11.440
2026/04/29 15:43:54,654000,11.434
2026/04/29 15:43:54,655000,11.437
2026/04/29 15:43:54,656000,11.434
2026/04/29 15:43:54,657000,11.440
2026/04/29 15:43:54,658000,11.440
2026/04/29 15:43:54,659000,11.429
2026/04/29 15:43:54,660000,11.434
2026/04/29 15:43:54,661000,11.434
2026/04/29 15:43:54,662000,11.434
2026/04/29 15:43:54,663000,11.431
2026/04/29 15:43:54,664000,11.434
2026/04/29 15:43:54,665000,11.429
2026/04/29 15:43:54,666000,11.437
2026/04/29 15:43:54,667000,11.431
2026/04/29 15:43:54,668000,11.437
2026/04/29 15:43:54,669000,11.434
2026/04/29 15:43:54,670000,11.431
2026/04/29 15:43:54,671000,11.443
2026/04/29 15:43:54,672000,11.437
2026/04/29 15:43:54,673000,11.437
2026/04/29 15:43:54,674000,11.431
2026/04/29 15:43:54,675000,11.448
2026/04/29 15:43:54,676000,11.437
2026/04/29 15:43:54,677000,11.434
2026/04/29 15:43:54,678000,11.440
2026/04/29 15:43:54,679000,11.426
2026/04/29 15:43:54,680000,11.434
2026/04/29 15:43:54,681000,11.434
2026/04/29 15:43:54,682000,11.434
2026/04/29 15:43:54,683000,11.431
2026/04/29 15:43:54,684000,11.426
2026/04/29 15:43:54,685000,11.437
2026/04/29 15:43:54,686000,11.434
2026/04/29 15:43:54,687000,11.443
2026/04/29 15:43:54,688000,11.437
2026/04/29 15:43:54,689000,11.440
2026/04/29 15:43:54,690000,11.434
2026/04/29 15:43:54,691000,11.437
2026/04/29 15:43:54,692000,11.443
2026/04/29 15:43:54,693000,11.440
2026/04/29 15:43:54,694000,11.437
2026/04/29 15:43:54,695000,11.437
2026/04/29 15:43:54,696000,11.440
2026/04/29 15:43:54,697000,11.437
2026/04/29 15:43:54,698000,11.429
2026/04/29 15:43:54,699000,11.437
2026/04/29 15:43:54,700000,11.445
2026/04/29 15:43:54,701000,11.434
2026/04/29 15:43:54,702000,11.434
2026/04/29 15:43:54,703000,11.434
2026/04/29 15:43:54,704000,11.431
2026/04/29 15:43:54,705000,11.437
2026/04/29 15:43:54,706000,11.434
2026/04/29 15:43:54,707000,11.431
2026/04/29 15:43:54,708000,11.440
2026/04/29 15:43:54,709000,11.445
2026/04/29 15:43:54,710000,11.440
2026/04/29 15:43:54,711000,11.437
2026/04/29 15:43:54,712000,11.434
2026/04/29 15:43:54,713000,11.437
2026/04/29 15:43:54,714000,11.434
2026/04/29 15:43:54,715000,11.434
2026/04/29 15:43:54,716000,11.434
2026/04/29 15:43:54,717000,11.437
2026/04/29 15:43:54,718000,11.431
2026/04/29 15:43:54,719000,11.434
2026/04/29 15:43:54,720000,11.440
2026/04/29 15:43:54,721000,11.431
2026/04/29 15:43:54,722000,11.440
2026/04/29 15:43:54,723000,11.437
2026/04/29 15:43:54,724000,11.440
2026/04/29 15:43:54,725000,11.429
2026/04/29 15:43:54,726000,11.440
2026/04/29 15:43:54,727000,11.443
2026/04/29 15:43:54,728000,11.437
2026/04/29 15:43:54,729000,11.431
2026/04/29 15:43:54,730000,11.443
2026/04/29 15:43:54,731000,11.434
2026/04/29 15:43:54,732000,11.437
2026/04/29 15:43:54,733000,11.440
2026/04/29 15:43:54,734000,11.440
2026/04/29 15:43:54,735000,11.437
2026/04/29 15:43:54,736000,11.440
2026/04/29 15:43:54,737000,11.434
2026/04/29 15:43:54,738000,11.434
2026/04/29 15:43:54,739000,11.437
2026/04/29 15:43:54,740000,11.437
2026/04/29 15:43:54,741000,11.431
2026/04/29 15:43:54,742000,11.440
2026/04/29 15:43:54,743000,11.431
2026/04/29 15:43:54,744000,11.434
2026/04/29 15:43:54,745000,11.431
2026/04/29 15:43:54,746000,11.437
2026/04/29 15:43:54,747000,11.431
2026/04/29 15:43:54,748000,11.434
2026/04/29 15:43:54,749000,11.434
2026/04/29 15:43:54,750000,11.429
2026/04/29 15:43:54,751000,11.434
2026/04/29 15:43:54,752000,11.437
2026/04/29 15:43:54,753000,11.443
2026/04/29 15:43:54,754000,11.434
2026/04/29 15:43:54,755000,11.434
2026/04/29 15:43:54,756000,11.434
2026/04/29 15:43:54,757000,11.437
2026/04/29 15:43:54,758000,11.437
2026/04/29 15:43:54,759000,11.437
2026/04/29 15:43:54,760000,11.431
2026/04/29 15:43:54,761000,11.437
2026/04/29 15:43:54,762000,11.434
2026/04/29 15:43:54,763000,11.434
2026/04/29 15:43:54,764000,11.437
2026/04/29 15:43:54,765000,11.440
2026/04/29 15:43:54,766000,11.426
2026/04/29 15:43:54,767000,11.437
2026/04/29 15:43:54,768000,11.440
2026/04/29 15:43:54,769000,11.431
2026/04/29 15:43:54,770000,11.440
2026/04/29 15:43:54,771000,11.437
2026/04/29 15:43:54,772000,11.434
2026/04/29 15:43:54,773000,11.434
2026/04/29 15:43:54,774000,11.440
2026/04/29 15:43:54,775000,11.434
2026/04/29 15:43:54,776000,11.437
2026/04/29 15:43:54,777000,11.431
2026/04/29 15:43:54,778000,11.434
2026/04/29 15:43:54,779000,11.431
2026/04/29 15:43:54,780000,11.437
2026/04/29 15:43:54,781000,11.437
2026/04/29 15:43:54,782000,11.440
2026/04/29 15:43:54,783000,11.437
2026/04/29 15:43:54,784000,11.437
2026/04/29 15:43:54,785000,11.440
2026/04/29 15:43:54,786000,11.437
2026/04/29 15:43:54,787000,11.434
2026/04/29 15:43:54,788000,11.434
2026/04/29 15:43:54,789000,11.437
2026/04/29 15:43:54,790000,11.431
2026/04/29 15:43:54,791000,11.437
2026/04/29 15:43:54,792000,11.437
2026/04/29 15:43:54,793000,11.437
2026/04/29 15:43:54,794000,11.431
2026/04/29 15:43:54,795000,11.437
2026/04/29 15:43:54,796000,11.437
2026/04/29 15:43:54,797000,11.434
2026/04/29 15:43:54,798000,11.431
2026/04/29 15:43:54,799000,11.440
2026/04/29 15:43:54,800000,11.437
2026/04/29 15:43:54,801000,11.440
2026/04/29 15:43:54,802000,11.437
2026/04/29 15:43:54,803000,11.434
2026/04/29 15:43:54,804000,11.437
2026/04/29 15:43:54,805000,11.434
2026/04/29 15:43:54,806000,11.437
2026/04/29 15:43:54,807000,11.437
2026/04/29 15:43:54,808000,11.440
2026/04/29 15:43:54,809000,11.434
2026/04/29 15:43:54,810000,11.437
2026/04/29 15:43:54,811000,11.437
2026/04/29 15:43:54,812000,11.434
2026/04/29 15:43:54,813000,11.437
2026/04/29 15:43:54,814000,11.437
2026/04/29 15:43:54,815000,11.437
2026/04/29 15:43:54,816000,11.437
2026/04/29 15:43:54,817000,11.440
2026/04/29 15:43:54,818000,11.440
2026/04/29 15:43:54,819000,11.437
2026/04/29 15:43:54,820000,11.437
2026/04/29 15:43:54,821000,11.437
2026/04/29 15:43:54,822000,11.437
2026/04/29 15:43:54,823000,11.440
2026/04/29 15:43:54,824000,11.434
2026/04/29 15:43:54,825000,11.434
2026/04/29 15:43:54,826000,11.431
2026/04/29 15:43:54,827000,11.437
2026/04/29 15:43:54,828000,11.437
2026/04/29 15:43:54,829000,11.434
2026/04/29 15:43:54,830000,11.434
2026/04/29 15:43:54,831000,11.434
2026/04/29 15:43:54,832000,11.434
2026/04/29 15:43:54,833000,11.434
2026/04/29 15:43:54,834000,11.431
2026/04/29 15:43:54,835000,11.434
2026/04/29 15:43:54,836000,11.440
2026/04/29 15:43:54,837000,11.437
2026/04/29 15:43:54,838000,11.434
2026/04/29 15:43:54,839000,11.434
2026/04/29 15:43:54,840000,11.437
2026/04/29 15:43:54,841000,11.434
2026/04/29 15:43:54,842000,11.437
2026/04/29 15:43:54,843000,11.443
2026/04/29 15:43:54,844000,11.434
2026/04/29 15:43:54,845000,11.434
2026/04/29 15:43:54,846000,11.437
2026/04/29 15:43:54,847000,11.437
2026/04/29 15:43:54,848000,11.437
2026/04/29 15:43:54,849000,11.434
2026/04/29 15:43:54,850000,11.437
2026/04/29 15:43:54,851000,11.431
2026/04/29 15:43:54,852000,11.437
2026/04/29 15:43:54,853000,11.434
2026/04/29 15:43:54,854000,11.437
2026/04/29 15:43:54,855000,11.440
2026/04/29 15:43:54,856000,11.437
2026/04/29 15:43:54,857000,11.434
2026/04/29 15:43:54,858000,11.437
2026/04/29 15:43:54,859000,11.437
2026/04/29 15:43:54,860000,11.434
2026/04/29 15:43:54,861000,11.440
2026/04/29 15:43:54,862000,11.437
2026/04/29 15:43:54,863000,11.437
2026/04/29 15:43:54,864000,11.437
2026/04/29 15:43:54,865000,11.443
2026/04/29 15:43:54,866000,11.434
2026/04/29 15:43:54,867000,11.437
2026/04/29 15:43:54,868000,11.437
2026/04/29 15:43:54,869000,11.440
2026/04/29 15:43:54,870000,11.440
2026/04/29 15:43:54,871000,11.440
2026/04/29 15:43:54,872000,11.434
2026/04/29 15:43:54,873000,11.434
2026/04/29 15:43:54,874000,11.443
2026/04/29 15:43:54,875000,11.440
2026/04/29 15:43:54,876000,11.434
2026/04/29 15:43:54,877000,11.448
2026/04/29 15:43:54,878000,11.443
2026/04/29 15:43:54,879000,11.437
2026/04/29 15:43:54,880000,11.437
2026/04/29 15:43:54,881000,11.434
2026/04/29 15:43:54,882000,11.440
2026/04/29 15:43:54,883000,11.437
2026/04/29 15:43:54,884000,11.437
2026/04/29 15:43:54,885000,11.434
2026/04/29 15:43:54,886000,11.440
2026/04/29 15:43:54,887000,11.434
2026/04/29 15:43:54,888000,11.434
2026/04/29 15:43:54,889000,11.431
2026/04/29 15:43:54,890000,11.437
2026/04/29 15:43:54,891000,11.426
2026/04/29 15:43:54,892000,11.440
2026/04/29 15:43:54,893000,11.440
2026/04/29 15:43:54,894000,11.437
2026/04/29 15:43:54,895000,11.437
2026/04/29 15:43:54,896000,11.440
2026/04/29 15:43:54,897000,11.437
2026/04/29 15:43:54,898000,11.437
2026/04/29 15:43:54,899000,11.437
2026/04/29 15:43:54,900000,11.437
2026/04/29 15:43:54,901000,11.443
2026/04/29 15:43:54,902000,11.434
2026/04/29 15:43:54,903000,11.434
2026/04/29 15:43:54,904000,11.437
2026/04/29 15:43:54,905000,11.437
2026/04/29 15:43:54,906000,11.437
2026/04/29 15:43:54,907000,11.443
2026/04/29 15:43:54,908000,11.437
2026/04/29 15:43:54,909000,11.437
2026/04/29 15:43:54,910000,11.443
2026/04/29 15:43:54,911000,11.437
2026/04/29 15:43:54,912000,11.437
2026/04/29 15:43:54,913000,11.437
2026/04/29 15:43:54,914000,11.443
2026/04/29 15:43:54,915000,11.443
2026/04/29 15:43:54,916000,11.437
2026/04/29 15:43:54,917000,11.443
2026/04/29 15:43:54,918000,11.437
2026/04/29 15:43:54,919000,11.440
2026/04/29 15:43:54,920000,11.437
2026/04/29 15:43:54,921000,11.437
2026/04/29 15:43:54,922000,11.437
2026/04/29 15:43:54,923000,11.445
2026/04/29 15:43:54,924000,11.437
2026/04/29 15:43:54,925000,11.437
2026/04/29 15:43:54,926000,11.437
2026/04/29 15:43:54,927000,11.437
2026/04/29 15:43:54,928000,11.437
2026/04/29 15:43:54,929000,11.445
2026/04/29 15:43:54,930000,11.440
2026/04/29 15:43:54,931000,11.440
2026/04/29 15:43:54,932000,11.434
2026/04/29 15:43:54,933000,11.440
2026/04/29 15:43:54,934000,11.443
2026/04/29 15:43:54,935000,11.437
2026/04/29 15:43:54,936000,11.437
2026/04/29 15:43:54,937000,11.440
2026/04/29 15:43:54,938000,11.440
2026/04/29 15:43:54,939000,11.434
2026/04/29 15:43:54,940000,11.440
2026/04/29 15:43:54,941000,11.440
2026/04/29 15:43:54,942000,11.434
2026/04/29 15:43:54,943000,11.440
2026/04/29 15:43:54,944000,11.434
2026/04/29 15:43:54,945000,11.434
2026/04/29 15:43:54,946000,11.437
2026/04/29 15:43:54,947000,11.437
2026/04/29 15:43:54,948000,11.440
2026/04/29 15:43:54,949000,11.445
2026/04/29 15:43:54,950000,11.434
2026/04/29 15:43:54,951000,11.443
2026/04/29 15:43:54,952000,11.434
2026/04/29 15:43:54,953000,11.440
2026/04/29 15:43:54,954000,11.443
2026/04/29 15:43:54,955000,11.437
2026/04/29 15:43:54,956000,11.440
2026/04/29 15:43:54,957000,11.443
2026/04/29 15:43:54,958000,11.440
2026/04/29 15:43:54,959000,11.431
2026/04/29 15:43:54,960000,11.437
2026/04/29 15:43:54,961000,11.431
2026/04/29 15:43:54,962000,11.443
2026/04/29 15:43:54,963000,11.437
2026/04/29 15:43:54,964000,11.440
2026/04/29 15:43:54,965000,11.434
2026/04/29 15:43:54,966000,11.434
2026/04/29 15:43:54,967000,11.437
2026/04/29 15:43:54,968000,11.431
2026/04/29 15:43:54,969000,11.437
2026/04/29 15:43:54,970000,11.440
2026/04/29 15:43:54,971000,11.445
2026/04/29 15:43:54,972000,11.437
2026/04/29 15:43:54,973000,11.440
2026/04/29 15:43:54,974000,11.440
2026/04/29 15:43:54,975000,11.434
2026/04/29 15:43:54,976000,11.437
2026/04/29 15:43:54,977000,11.440
2026/04/29 15:43:54,978000,11.434
2026/04/29 15:43:54,979000,11.437
2026/04/29 15:43:54,980000,11.437
2026/04/29 15:43:54,981000,11.443
2026/04/29 15:43:54,982000,11.431
2026/04/29 15:43:54,983000,11.437
2026/04/29 15:43:54,984000,11.434
2026/04/29 15:43:54,985000,11.437
2026/04/29 15:43:54,986000,11.437
2026/04/29 15:43:54,987000,11.440
2026/04/29 15:43:54,988000,11.440
2026/04/29 15:43:54,989000,11.437
2026/04/29 15:43:54,990000,11.443
2026/04/29 15:43:54,991000,11.434
2026/04/29 15:43:54,992000,11.437
2026/04/29 15:43:54,993000,11.440
2026/04/29 15:43:54,994000,11.437
2026/04/29 15:43:54,995000,11.440
2026/04/29 15:43:54,996000,11.440
2026/04/29 15:43:54,997000,11.434
2026/04/29 15:43:54,998000,11.434
2026/04/29 15:43:54,999000,11.437
2026/04/29 15:43:55,000000,11.437
2026/04/29 15:43:55,001000,11.434
2026/04/29 15:43:55,002000,11.437
2026/04/29 15:43:55,003000,11.434
2026/04/29 15:43:55,004000,11.437
2026/04/29 15:43:55,005000,11.440
2026/04/29 15:43:55,006000,11.434
2026/04/29 15:43:55,007000,11.440
2026/04/29 15:43:55,008000,11.437
2026/04/29 15:43:55,009000,11.440
2026/04/29 15:43:55,010000,11.437
2026/04/29 15:43:55,011000,11.440
2026/04/29 15:43:55,012000,11.437
2026/04/29 15:43:55,013000,11.434
2026/04/29 15:43:55,014000,11.437
2026/04/29 15:43:55,015000,11.448
2026/04/29 15:43:55,016000,11.437
2026/04/29 15:43:55,017000,11.440
2026/04/29 15:43:55,018000,11.443
2026/04/29 15:43:55,019000,11.437
2026/04/29 15:43:55,020000,11.431
2026/04/29 15:43:55,021000,11.437
2026/04/29 15:43:55,022000,11.443
2026/04/29 15:43:55,023000,11.437
2026/04/29 15:43:55,024000,11.440
2026/04/29 15:43:55,025000,11.431
2026/04/29 15:43:55,026000,11.440
2026/04/29 15:43:55,027000,11.437
2026/04/29 15:43:55,028000,11.440
2026/04/29 15:43:55,029000,11.437
2026/04/29 15:43:55,030000,11.440
2026/04/29 15:43:55,031000,11.440
2026/04/29 15:43:55,032000,11.440
2026/04/29 15:43:55,033000,11.445
2026/04/29 15:43:55,034000,11.431
2026/04/29 15:43:55,035000,11.440
2026/04/29 15:43:55,036000,11.437
2026/04/29 15:43:55,037000,11.440
2026/04/29 15:43:55,038000,11.440
2026/04/29 15:43:55,039000,11.437
2026/04/29 15:43:55,040000,11.437
2026/04/29 15:43:55,041000,11.440
2026/04/29 15:43:55,042000,11.443
2026/04/29 15:43:55,043000,11.437
2026/04/29 15:43:55,044000,11.440
2026/04/29 15:43:55,045000,11.434
2026/04/29 15:43:55,046000,11.437
2026/04/29 15:43:55,047000,11.437
2026/04/29 15:43:55,048000,11.437
2026/04/29 15:43:55,049000,11.440
2026/04/29 15:43:55,050000,11.440
2026/04/29 15:43:55,051000,11.440
2026/04/29 15:43:55,052000,11.437
2026/04/29 15:43:55,053000,11.440
2026/04/29 15:43:55,054000,11.437
2026/04/29 15:43:55,055000,11.437
2026/04/29 15:43:55,056000,11.445
2026/04/29 15:43:55,057000,11.437
2026/04/29 15:43:55,058000,11.443
2026/04/29 15:43:55,059000,11.440
2026/04/29 15:43:55,060000,11.437
2026/04/29 15:43:55,061000,11.437
2026/04/29 15:43:55,062000,11.445
2026/04/29 15:43:55,063000,11.437
2026/04/29 15:43:55,064000,11.437
2026/04/29 15:43:55,065000,11.437
2026/04/29 15:43:55,066000,11.434
2026/04/29 15:43:55,067000,11.434
2026/04/29 15:43:55,068000,11.434
2026/04/29 15:43:55,069000,11.440
2026/04/29 15:43:55,070000,11.440
2026/04/29 15:43:55,071000,11.437
2026/04/29 15:43:55,072000,11.445
2026/04/29 15:43:55,073000,11.443
2026/04/29 15:43:55,074000,11.437
2026/04/29 15:43:55,075000,11.437
2026/04/29 15:43:55,076000,11.434
2026/04/29 15:43:55,077000,11.437
2026/04/29 15:43:55,078000,11.443
2026/04/29 15:43:55,079000,11.440
2026/04/29 15:43:55,080000,11.445
2026/04/29 15:43:55,081000,11.431
2026/04/29 15:43:55,082000,11.434
2026/04/29 15:43:55,083000,11.434
2026/04/29 15:43:55,084000,11.437
2026/04/29 15:43:55,085000,11.440
2026/04/29 15:43:55,086000,11.437
2026/04/29 15:43:55,087000,11.434
2026/04/29 15:43:55,088000,11.437
2026/04/29 15:43:55,089000,11.437
2026/04/29 15:43:55,090000,11.434
2026/04/29 15:43:55,091000,11.440
2026/04/29 15:43:55,092000,11.431
2026/04/29 15:43:55,093000,11.434
2026/04/29 15:43:55,094000,11.440
2026/04/29 15:43:55,095000,11.440
2026/04/29 15:43:55,096000,11.440
2026/04/29 15:43:55,097000,11.440
2026/04/29 15:43:55,098000,11.437
2026/04/29 15:43:55,099000,11.437
2026/04/29 15:43:55,100000,11.440
2026/04/29 15:43:55,101000,11.437
2026/04/29 15:43:55,102000,11.434
2026/04/29 15:43:55,103000,11.437
2026/04/29 15:43:55,104000,11.440
2026/04/29 15:43:55,105000,11.437
2026/04/29 15:43:55,106000,11.437
2026/04/29 15:43:55,107000,11.445
2026/04/29 15:43:55,108000,11.434
2026/04/29 15:43:55,109000,11.437
2026/04/29 15:43:55,110000,11.437
2026/04/29 15:43:55,111000,11.437
2026/04/29 15:43:55,112000,11.437
2026/04/29 15:43:55,113000,11.431
2026/04/29 15:43:55,114000,11.437
2026/04/29 15:43:55,115000,11.437
2026/04/29 15:43:55,116000,11.440
2026/04/29 15:43:55,117000,11.437
2026/04/29 15:43:55,118000,11.434
2026/04/29 15:43:55,119000,11.434
2026/04/29 15:43:55,120000,11.437
2026/04/29 15:43:55,121000,11.437
2026/04/29 15:43:55,122000,11.437
2026/04/29 15:43:55,123000,11.437
2026/04/29 15:43:55,124000,11.440
2026/04/29 15:43:55,125000,11.437
2026/04/29 15:43:55,126000,11.434
2026/04/29 15:43:55,127000,11.434
2026/04/29 15:43:55,128000,11.440
2026/04/29 15:43:55,129000,11.434
2026/04/29 15:43:55,130000,11.437
2026/04/29 15:43:55,131000,11.440
2026/04/29 15:43:55,132000,11.440
2026/04/29 15:43:55,133000,11.440
2026/04/29 15:43:55,134000,11.437
2026/04/29 15:43:55,135000,11.437
2026/04/29 15:43:55,136000,11.445
2026/04/29 15:43:55,137000,11.437
2026/04/29 15:43:55,138000,11.437
2026/04/29 15:43:55,139000,11.437
2026/04/29 15:43:55,140000,11.434
2026/04/29 15:43:55,141000,11.437
2026/04/29 15:43:55,142000,11.443
2026/04/29 15:43:55,143000,11.440
2026/04/29 15:43:55,144000,11.437
2026/04/29 15:43:55,145000,11.443
2026/04/29 15:43:55,146000,11.434
2026/04/29 15:43:55,147000,11.440
2026/04/29 15:43:55,148000,11.437
2026/04/29 15:43:55,149000,11.434
2026/04/29 15:43:55,150000,11.440
2026/04/29 15:43:55,151000,11.443
2026/04/29 15:43:55,152000,11.437
2026/04/29 15:43:55,153000,11.437
2026/04/29 15:43:55,154000,11.440
2026/04/29 15:43:55,155000,11.437
2026/04/29 15:43:55,156000,11.440
2026/04/29 15:43:55,157000,11.437
2026/04/29 15:43:55,158000,11.440
2026/04/29 15:43:55,159000,11.440
2026/04/29 15:43:55,160000,11.443
2026/04/29 15:43:55,161000,11.443
2026/04/29 15:43:55,162000,11.440
2026/04/29 15:43:55,163000,11.440
2026/04/29 15:43:55,164000,11.434
2026/04/29 15:43:55,165000,11.440
2026/04/29 15:43:55,166000,11.440
2026/04/29 15:43:55,167000,11.448
2026/04/29 15:43:55,168000,11.440
2026/04/29 15:43:55,169000,11.437
2026/04/29 15:43:55,170000,11.443
2026/04/29 15:43:55,171000,11.440
2026/04/29 15:43:55,172000,11.434
2026/04/29 15:43:55,173000,11.445
2026/04/29 15:43:55,174000,11.437
2026/04/29 15:43:55,175000,11.443
2026/04/29 15:43:55,176000,11.437
2026/04/29 15:43:55,177000,11.445
2026/04/29 15:43:55,178000,11.437
2026/04/29 15:43:55,179000,11.434
2026/04/29 15:43:55,180000,11.445
2026/04/29 15:43:55,181000,11.437
2026/04/29 15:43:55,182000,11.448
2026/04/29 15:43:55,183000,11.437
2026/04/29 15:43:55,184000,11.440
2026/04/29 15:43:55,185000,11.440
2026/04/29 15:43:55,186000,11.437
2026/04/29 15:43:55,187000,11.443
2026/04/29 15:43:55,188000,11.437
2026/04/29 15:43:55,189000,11.437
2026/04/29 15:43:55,190000,11.437
2026/04/29 15:43:55,191000,11.440
2026/04/29 15:43:55,192000,11.443
2026/04/29 15:43:55,193000,11.445
2026/04/29 15:43:55,194000,11.440
2026/04/29 15:43:55,195000,11.437
2026/04/29 15:43:55,196000,11.437
2026/04/29 15:43:55,197000,11.437
2026/04/29 15:43:55,198000,11.440
2026/04/29 15:43:55,199000,11.437
2026/04/29 15:43:55,200000,11.434
2026/04/29 15:43:55,201000,11.445
2026/04/29 15:43:55,202000,11.440
2026/04/29 15:43:55,203000,11.443
2026/04/29 15:43:55,204000,11.437
2026/04/29 15:43:55,205000,11.437
2026/04/29 15:43:55,206000,11.443
2026/04/29 15:43:55,207000,11.437
2026/04/29 15:43:55,208000,11.440
2026/04/29 15:43:55,209000,11.443
2026/04/29 15:43:55,210000,11.440
2026/04/29 15:43:55,211000,11.434
2026/04/29 15:43:55,212000,11.437
2026/04/29 15:43:55,213000,11.440
2026/04/29 15:43:55,214000,11.440
2026/04/29 15:43:55,215000,11.440
2026/04/29 15:43:55,216000,11.440
2026/04/29 15:43:55,217000,11.440
2026/04/29 15:43:55,218000,11.434
2026/04/29 15:43:55,219000,11.443
2026/04/29 15:43:55,220000,11.440
2026/04/29 15:43:55,221000,11.437
2026/04/29 15:43:55,222000,11.437
2026/04/29 15:43:55,223000,11.443
2026/04/29 15:43:55,224000,11.443
2026/04/29 15:43:55,225000,11.440
2026/04/29 15:43:55,226000,11.445
2026/04/29 15:43:55,227000,11.440
2026/04/29 15:43:55,228000,11.440
2026/04/29 15:43:55,229000,11.440
2026/04/29 15:43:55,230000,11.445
2026/04/29 15:43:55,231000,11.440
2026/04/29 15:43:55,232000,11.437
2026/04/29 15:43:55,233000,11.437
2026/04/29 15:43:55,234000,11.440
2026/04/29 15:43:55,235000,11.437
2026/04/29 15:43:55,236000,11.437
2026/04/29 15:43:55,237000,11.437
2026/04/29 15:43:55,238000,11.448
2026/04/29 15:43:55,239000,11.437
2026/04/29 15:43:55,240000,11.443
2026/04/29 15:43:55,241000,11.440
2026/04/29 15:43:55,242000,11.440
2026/04/29 15:43:55,243000,11.440
2026/04/29 15:43:55,244000,11.437
2026/04/29 15:43:55,245000,11.443
2026/04/29 15:43:55,246000,11.445
2026/04/29 15:43:55,247000,11.443
2026/04/29 15:43:55,248000,11.440
2026/04/29 15:43:55,249000,11.443
2026/04/29 15:43:55,250000,11.443
2026/04/29 15:43:55,251000,11.443
2026/04/29 15:43:55,252000,11.440
2026/04/29 15:43:55,253000,11.448
2026/04/29 15:43:55,254000,11.434
2026/04/29 15:43:55,255000,11.434
2026/04/29 15:43:55,256000,11.440
2026/04/29 15:43:55,257000,11.443
2026/04/29 15:43:55,258000,11.437
2026/04/29 15:43:55,259000,11.434
2026/04/29 15:43:55,260000,11.440
2026/04/29 15:43:55,261000,11.437
2026/04/29 15:43:55,262000,11.434
2026/04/29 15:43:55,263000,11.445
2026/04/29 15:43:55,264000,11.443
2026/04/29 15:43:55,265000,11.437
2026/04/29 15:43:55,266000,11.445
2026/04/29 15:43:55,267000,11.443
2026/04/29 15:43:55,268000,11.440
2026/04/29 15:43:55,269000,11.440
2026/04/29 15:43:55,270000,11.440
2026/04/29 15:43:55,271000,11.443
2026/04/29 15:43:55,272000,11.440
2026/04/29 15:43:55,273000,11.437
2026/04/29 15:43:55,274000,11.437
2026/04/29 15:43:55,275000,11.437
2026/04/29 15:43:55,276000,11.440
2026/04/29 15:43:55,277000,11.443
2026/04/29 15:43:55,278000,11.445
2026/04/29 15:43:55,279000,11.443
2026/04/29 15:43:55,280000,11.443
2026/04/29 15:43:55,281000,11.440
2026/04/29 15:43:55,282000,11.437
2026/04/29 15:43:55,283000,11.440
2026/04/29 15:43:55,284000,11.437
2026/04/29 15:43:55,285000,11.437
2026/04/29 15:43:55,286000,11.440
2026/04/29 15:43:55,287000,11.437
2026/04/29 15:43:55,288000,11.437
2026/04/29 15:43:55,289000,11.440
2026/04/29 15:43:55,290000,11.440
2026/04/29 15:43:55,291000,11.445
2026/04/29 15:43:55,292000,11.440
2026/04/29 15:43:55,293000,11.440
2026/04/29 15:43:55,294000,11.437
2026/04/29 15:43:55,295000,11.434
2026/04/29 15:43:55,296000,11.440
2026/04/29 15:43:55,297000,11.445
2026/04/29 15:43:55,298000,11.443
2026/04/29 15:43:55,299000,11.443
2026/04/29 15:43:55,300000,11.440
2026/04/29 15:43:55,301000,11.437
2026/04/29 15:43:55,302000,11.440
2026/04/29 15:43:55,303000,11.443
2026/04/29 15:43:55,304000,11.440
2026/04/29 15:43:55,305000,11.440
2026/04/29 15:43:55,306000,11.445
2026/04/29 15:43:55,307000,11.437
2026/04/29 15:43:55,308000,11.434
2026/04/29 15:43:55,309000,11.445
2026/04/29 15:43:55,310000,11.440
2026/04/29 15:43:55,311000,11.440
2026/04/29 15:43:55,312000,11.437
2026/04/29 15:43:55,313000,11.440
2026/04/29 15:43:55,314000,11.443
2026/04/29 15:43:55,315000,11.443
2026/04/29 15:43:55,316000,11.440
2026/04/29 15:43:55,317000,11.437
2026/04/29 15:43:55,318000,11.437
2026/04/29 15:43:55,319000,11.440
2026/04/29 15:43:55,320000,11.440
2026/04/29 15:43:55,321000,11.443
2026/04/29 15:43:55,322000,11.437
2026/04/29 15:43:55,323000,11.445
2026/04/29 15:43:55,324000,11.440
2026/04/29 15:43:55,325000,11.443
2026/04/29 15:43:55,326000,11.434
2026/04/29 15:43:55,327000,11.440
2026/04/29 15:43:55,328000,11.440
2026/04/29 15:43:55,329000,11.437
2026/04/29 15:43:55,330000,11.445
2026/04/29 15:43:55,331000,11.443
2026/04/29 15:43:55,332000,11.440
2026/04/29 15:43:55,333000,11.445
2026/04/29 15:43:55,334000,11.443
2026/04/29 15:43:55,335000,11.437
2026/04/29 15:43:55,336000,11.443
2026/04/29 15:43:55,337000,11.443
2026/04/29 15:43:55,338000,11.434
2026/04/29 15:43:55,339000,11.443
2026/04/29 15:43:55,340000,11.443
2026/04/29 15:43:55,341000,11.437
2026/04/29 15:43:55,342000,11.434
2026/04/29 15:43:55,343000,11.437
2026/04/29 15:43:55,344000,11.437
2026/04/29 15:43:55,345000,11.443
2026/04/29 15:43:55,346000,11.434
2026/04/29 15:43:55,347000,11.434
2026/04/29 15:43:55,348000,11.443
2026/04/29 15:43:55,349000,11.437
2026/04/29 15:43:55,350000,11.440
2026/04/29 15:43:55,351000,11.440
2026/04/29 15:43:55,352000,11.440
2026/04/29 15:43:55,353000,11.437
2026/04/29 15:43:55,354000,11.443
2026/04/29 15:43:55,355000,11.440
2026/04/29 15:43:55,356000,11.437
2026/04/29 15:43:55,357000,11.443
2026/04/29 15:43:55,358000,11.445
2026/04/29 15:43:55,359000,11.443
2026/04/29 15:43:55,360000,11.434
2026/04/29 15:43:55,361000,11.443
2026/04/29 15:43:55,362000,11.445
2026/04/29 15:43:55,363000,11.445
2026/04/29 15:43:55,364000,11.443
2026/04/29 15:43:55,365000,11.437
2026/04/29 15:43:55,366000,11.440
2026/04/29 15:43:55,367000,11.437
2026/04/29 15:43:55,368000,11.440
2026/04/29 15:43:55,369000,11.437
2026/04/29 15:43:55,370000,11.443
2026/04/29 15:43:55,371000,11.440
2026/04/29 15:43:55,372000,11.443
2026/04/29 15:43:55,373000,11.443
2026/04/29 15:43:55,374000,11.440
2026/04/29 15:43:55,375000,11.448
2026/04/29 15:43:55,376000,11.440
2026/04/29 15:43:55,377000,11.445
2026/04/29 15:43:55,378000,11.440
2026/04/29 15:43:55,379000,11.443
2026/04/29 15:43:55,380000,11.440
2026/04/29 15:43:55,381000,11.440
2026/04/29 15:43:55,382000,11.437
2026/04/29 15:43:55,383000,11.440
2026/04/29 15:43:55,384000,11.437
2026/04/29 15:43:55,385000,11.440
2026/04/29 15:43:55,386000,11.440
2026/04/29 15:43:55,387000,11.440
2026/04/29 15:43:55,388000,11.445
2026/04/29 15:43:55,389000,11.443
2026/04/29 15:43:55,390000,11.437
2026/04/29 15:43:55,391000,11.437
2026/04/29 15:43:55,392000,11.445
2026/04/29 15:43:55,393000,11.445
2026/04/29 15:43:55,394000,11.448
2026/04/29 15:43:55,395000,11.443
2026/04/29 15:43:55,396000,11.440
2026/04/29 15:43:55,397000,11.440
2026/04/29 15:43:55,398000,11.440
2026/04/29 15:43:55,399000,11.437
2026/04/29 15:43:55,400000,11.437
2026/04/29 15:43:55,401000,11.443
2026/04/29 15:43:55,402000,11.437
2026/04/29 15:43:55,403000,11.443
2026/04/29 15:43:55,404000,11.445
2026/04/29 15:43:55,405000,11.448
2026/04/29 15:43:55,406000,11.440
2026/04/29 15:43:55,407000,11.443
2026/04/29 15:43:55,408000,11.440
2026/04/29 15:43:55,409000,11.445
2026/04/29 15:43:55,410000,11.440
2026/04/29 15:43:55,411000,11.443
2026/04/29 15:43:55,412000,11.434
2026/04/29 15:43:55,413000,11.445
2026/04/29 15:43:55,414000,11.437
2026/04/29 15:43:55,415000,11.440
2026/04/29 15:43:55,416000,11.437
2026/04/29 15:43:55,417000,11.445
2026/04/29 15:43:55,418000,11.440
2026/04/29 15:43:55,419000,11.445
2026/04/29 15:43:55,420000,11.440
2026/04/29 15:43:55,421000,11.440
2026/04/29 15:43:55,422000,11.443
2026/04/29 15:43:55,423000,11.445
2026/04/29 15:43:55,424000,11.445
2026/04/29 15:43:55,425000,11.437
2026/04/29 15:43:55,426000,11.440
2026/04/29 15:43:55,427000,11.445
2026/04/29 15:43:55,428000,11.437
2026/04/29 15:43:55,429000,11.434
2026/04/29 15:43:55,430000,11.443
2026/04/29 15:43:55,431000,11.443
2026/04/29 15:43:55,432000,11.437
2026/04/29 15:43:55,433000,11.440
2026/04/29 15:43:55,434000,11.448
2026/04/29 15:43:55,435000,11.437
2026/04/29 15:43:55,436000,11.440
2026/04/29 15:43:55,437000,11.443
2026/04/29 15:43:55,438000,11.440
2026/04/29 15:43:55,439000,11.443
2026/04/29 15:43:55,440000,11.443
2026/04/29 15:43:55,441000,11.443
2026/04/29 15:43:55,442000,11.445
2026/04/29 15:43:55,443000,11.437
2026/04/29 15:43:55,444000,11.437
2026/04/29 15:43:55,445000,11.443
2026/04/29 15:43:55,446000,11.437
2026/04/29 15:43:55,447000,11.434
2026/04/29 15:43:55,448000,11.443
2026/04/29 15:43:55,449000,11.437
2026/04/29 15:43:55,450000,11.445
2026/04/29 15:43:55,451000,11.448
2026/04/29 15:43:55,452000,11.440
2026/04/29 15:43:55,453000,11.440
2026/04/29 15:43:55,454000,11.445
2026/04/29 15:43:55,455000,11.443
2026/04/29 15:43:55,456000,11.443
2026/04/29 15:43:55,457000,11.440
2026/04/29 15:43:55,458000,11.443
2026/04/29 15:43:55,459000,11.440
2026/04/29 15:43:55,460000,11.440
2026/04/29 15:43:55,461000,11.434
2026/04/29 15:43:55,462000,11.445
2026/04/29 15:43:55,463000,11.440
2026/04/29 15:43:55,464000,11.434
2026/04/29 15:43:55,465000,11.437
2026/04/29 15:43:55,466000,11.440
2026/04/29 15:43:55,467000,11.443
2026/04/29 15:43:55,468000,11.443
2026/04/29 15:43:55,469000,11.443
2026/04/29 15:43:55,470000,11.448
2026/04/29 15:43:55,471000,11.440
2026/04/29 15:43:55,472000,11.443
2026/04/29 15:43:55,473000,11.437
2026/04/29 15:43:55,474000,11.440
2026/04/29 15:43:55,475000,11.437
2026/04/29 15:43:55,476000,11.448
2026/04/29 15:43:55,477000,11.434
2026/04/29 15:43:55,478000,11.443
2026/04/29 15:43:55,479000,11.443
2026/04/29 15:43:55,480000,11.443
2026/04/29 15:43:55,481000,11.437
2026/04/29 15:43:55,482000,11.443
2026/04/29 15:43:55,483000,11.437
2026/04/29 15:43:55,484000,11.443
2026/04/29 15:43:55,485000,11.445
2026/04/29 15:43:55,486000,11.443
2026/04/29 15:43:55,487000,11.445
2026/04/29 15:43:55,488000,11.443
2026/04/29 15:43:55,489000,11.443
2026/04/29 15:43:55,490000,11.445
2026/04/29 15:43:55,491000,11.437
2026/04/29 15:43:55,492000,11.448
2026/04/29 15:43:55,493000,11.448
2026/04/29 15:43:55,494000,11.445
2026/04/29 15:43:55,495000,11.440
2026/04/29 15:43:55,496000,11.445
2026/04/29 15:43:55,497000,11.443
2026/04/29 15:43:55,498000,11.445
2026/04/29 15:43:55,499000,11.443
2026/04/29 15:43:55,500000,11.437
2026/04/29 15:43:55,501000,11.443
2026/04/29 15:43:55,502000,11.434
2026/04/29 15:43:55,503000,11.443
2026/04/29 15:43:55,504000,11.440
2026/04/29 15:43:55,505000,11.443
2026/04/29 15:43:55,506000,11.440
2026/04/29 15:43:55,507000,11.440
2026/04/29 15:43:55,508000,11.440
2026/04/29 15:43:55,509000,11.440
2026/04/29 15:43:55,510000,11.445
2026/04/29 15:43:55,511000,11.443
2026/04/29 15:43:55,512000,11.437
2026/04/29 15:43:55,513000,11.448
2026/04/29 15:43:55,514000,11.437
2026/04/29 15:43:55,515000,11.440
2026/04/29 15:43:55,516000,11.437
2026/04/29 15:43:55,517000,11.437
2026/04/29 15:43:55,518000,11.448
2026/04/29 15:43:55,519000,11.443
2026/04/29 15:43:55,520000,11.440
2026/04/29 15:43:55,521000,11.443
2026/04/29 15:43:55,522000,11.440
2026/04/29 15:43:55,523000,11.445
2026/04/29 15:43:55,524000,11.437
2026/04/29 15:43:55,525000,11.443
2026/04/29 15:43:55,526000,11.443
2026/04/29 15:43:55,527000,11.437
2026/04/29 15:43:55,528000,11.445
2026/04/29 15:43:55,529000,11.440
2026/04/29 15:43:55,530000,11.443
2026/04/29 15:43:55,531000,11.445
2026/04/29 15:43:55,532000,11.445
2026/04/29 15:43:55,533000,11.445
2026/04/29 15:43:55,534000,11.440
2026/04/29 15:43:55,535000,11.440
2026/04/29 15:43:55,536000,11.440
2026/04/29 15:43:55,537000,11.437
2026/04/29 15:43:55,538000,11.440
2026/04/29 15:43:55,539000,11.443
2026/04/29 15:43:55,540000,11.443
2026/04/29 15:43:55,541000,11.443
2026/04/29 15:43:55,542000,11.437
2026/04/29 15:43:55,543000,11.445
2026/04/29 15:43:55,544000,11.437
2026/04/29 15:43:55,545000,11.445
2026/04/29 15:43:55,546000,11.434
2026/04/29 15:43:55,547000,11.437
2026/04/29 15:43:55,548000,11.445
2026/04/29 15:43:55,549000,11.434
2026/04/29 15:43:55,550000,11.440
2026/04/29 15:43:55,551000,11.437
2026/04/29 15:43:55,552000,11.445
2026/04/29 15:43:55,553000,11.443
2026/04/29 15:43:55,554000,11.445
2026/04/29 15:43:55,555000,11.440
2026/04/29 15:43:55,556000,11.445
2026/04/29 15:43:55,557000,11.440
2026/04/29 15:43:55,558000,11.445
2026/04/29 15:43:55,559000,11.443
2026/04/29 15:43:55,560000,11.434
2026/04/29 15:43:55,561000,11.443
2026/04/29 15:43:55,562000,11.445
2026/04/29 15:43:55,563000,11.437
2026/04/29 15:43:55,564000,11.437
2026/04/29 15:43:55,565000,11.451
2026/04/29 15:43:55,566000,11.443
2026/04/29 15:43:55,567000,11.445
2026/04/29 15:43:55,568000,11.445
2026/04/29 15:43:55,569000,11.437
2026/04/29 15:43:55,570000,11.445
2026/04/29 15:43:55,571000,11.437
2026/04/29 15:43:55,572000,11.440
2026/04/29 15:43:55,573000,11.445
2026/04/29 15:43:55,574000,11.437
2026/04/29 15:43:55,575000,11.440
2026/04/29 15:43:55,576000,11.437
2026/04/29 15:43:55,577000,11.440
2026/04/29 15:43:55,578000,11.443
2026/04/29 15:43:55,579000,11.440
2026/04/29 15:43:55,580000,11.443
2026/04/29 15:43:55,581000,11.440
2026/04/29 15:43:55,582000,11.443
2026/04/29 15:43:55,583000,11.434
2026/04/29 15:43:55,584000,11.445
2026/04/29 15:43:55,585000,11.445
2026/04/29 15:43:55,586000,11.445
2026/04/29 15:43:55,587000,11.445
2026/04/29 15:43:55,588000,11.443
2026/04/29 15:43:55,589000,11.443
2026/04/29 15:43:55,590000,11.440
2026/04/29 15:43:55,591000,11.445
2026/04/29 15:43:55,592000,11.445
2026/04/29 15:43:55,593000,11.443
2026/04/29 15:43:55,594000,11.440
2026/04/29 15:43:55,595000,11.445
2026/04/29 15:43:55,596000,11.448
2026/04/29 15:43:55,597000,11.440
2026/04/29 15:43:55,598000,11.445
2026/04/29 15:43:55,599000,11.443
2026/04/29 15:43:55,600000,11.443
2026/04/29 15:43:55,601000,11.443
2026/04/29 15:43:55,602000,11.437
2026/04/29 15:43:55,603000,11.440
2026/04/29 15:43:55,604000,11.445
2026/04/29 15:43:55,605000,11.445
2026/04/29 15:43:55,606000,11.440
2026/04/29 15:43:55,607000,11.443
2026/04/29 15:43:55,608000,11.440
2026/04/29 15:43:55,609000,11.443
2026/04/29 15:43:55,610000,11.445
2026/04/29 15:43:55,611000,11.445
2026/04/29 15:43:55,612000,11.443
2026/04/29 15:43:55,613000,11.440
2026/04/29 15:43:55,614000,11.443
2026/04/29 15:43:55,615000,11.445
2026/04/29 15:43:55,616000,11.443
2026/04/29 15:43:55,617000,11.445
2026/04/29 15:43:55,618000,11.443
2026/04/29 15:43:55,619000,11.443
2026/04/29 15:43:55,620000,11.440
2026/04/29 15:43:55,621000,11.440
2026/04/29 15:43:55,622000,11.443
2026/04/29 15:43:55,623000,11.443
2026/04/29 15:43:55,624000,11.437
2026/04/29 15:43:55,625000,11.440
2026/04/29 15:43:55,626000,11.448
2026/04/29 15:43:55,627000,11.437
2026/04/29 15:43:55,628000,11.445
2026/04/29 15:43:55,629000,11.443
2026/04/29 15:43:55,630000,11.445
2026/04/29 15:43:55,631000,11.440
2026/04/29 15:43:55,632000,11.445
2026/04/29 15:43:55,633000,11.440
2026/04/29 15:43:55,634000,11.443
2026/04/29 15:43:55,635000,11.443
2026/04/29 15:43:55,636000,11.440
2026/04/29 15:43:55,637000,11.445
2026/04/29 15:43:55,638000,11.443
2026/04/29 15:43:55,639000,11.445
2026/04/29 15:43:55,640000,11.440
2026/04/29 15:43:55,641000,11.445
2026/04/29 15:43:55,642000,11.437
2026/04/29 15:43:55,643000,11.443
2026/04/29 15:43:55,644000,11.448
2026/04/29 15:43:55,645000,11.434
2026/04/29 15:43:55,646000,11.443
2026/04/29 15:43:55,647000,11.437
2026/04/29 15:43:55,648000,11.445
2026/04/29 15:43:55,649000,11.437
2026/04/29 15:43:55,650000,11.443
2026/04/29 15:43:55,651000,11.445
2026/04/29 15:43:55,652000,11.445
2026/04/29 15:43:55,653000,11.440
2026/04/29 15:43:55,654000,11.443
2026/04/29 15:43:55,655000,11.440
2026/04/29 15:43:55,656000,11.434
2026/04/29 15:43:55,657000,11.448
2026/04/29 15:43:55,658000,11.440
2026/04/29 15:43:55,659000,11.443
2026/04/29 15:43:55,660000,11.440
2026/04/29 15:43:55,661000,11.443
2026/04/29 15:43:55,662000,11.437
2026/04/29 15:43:55,663000,11.440
2026/04/29 15:43:55,664000,11.445
2026/04/29 15:43:55,665000,11.445
2026/04/29 15:43:55,666000,11.443
2026/04/29 15:43:55,667000,11.440
2026/04/29 15:43:55,668000,11.445
2026/04/29 15:43:55,669000,11.445
2026/04/29 15:43:55,670000,11.443
2026/04/29 15:43:55,671000,11.445
2026/04/29 15:43:55,672000,11.440
2026/04/29 15:43:55,673000,11.443
2026/04/29 15:43:55,674000,11.443
2026/04/29 15:43:55,675000,11.445
2026/04/29 15:43:55,676000,11.440
2026/04/29 15:43:55,677000,11.448
2026/04/29 15:43:55,678000,11.445
2026/04/29 15:43:55,679000,11.443
2026/04/29 15:43:55,680000,11.440
2026/04/29 15:43:55,681000,11.440
2026/04/29 15:43:55,682000,11.445
2026/04/29 15:43:55,683000,11.440
2026/04/29 15:43:55,684000,11.443
2026/04/29 15:43:55,685000,11.443
2026/04/29 15:43:55,686000,11.445
2026/04/29 15:43:55,687000,11.448
2026/04/29 15:43:55,688000,11.443
2026/04/29 15:43:55,689000,11.440
2026/04/29 15:43:55,690000,11.434
2026/04/29 15:43:55,691000,11.443
2026/04/29 15:43:55,692000,11.443
2026/04/29 15:43:55,693000,11.448
2026/04/29 15:43:55,694000,11.440
2026/04/29 15:43:55,695000,11.443
2026/04/29 15:43:55,696000,11.445
2026/04/29 15:43:55,697000,11.445
2026/04/29 15:43:55,698000,11.437
2026/04/29 15:43:55,699000,11.440
2026/04/29 15:43:55,700000,11.445
2026/04/29 15:43:55,701000,11.440
2026/04/29 15:43:55,702000,11.445
2026/04/29 15:43:55,703000,11.443
2026/04/29 15:43:55,704000,11.437
2026/04/29 15:43:55,705000,11.443
2026/04/29 15:43:55,706000,11.440
2026/04/29 15:43:55,707000,11.443
2026/04/29 15:43:55,708000,11.443
2026/04/29 15:43:55,709000,11.448
2026/04/29 15:43:55,710000,11.445
2026/04/29 15:43:55,711000,11.443
2026/04/29 15:43:55,712000,11.440
2026/04/29 15:43:55,713000,11.443
2026/04/29 15:43:55,714000,11.448
2026/04/29 15:43:55,715000,11.445
2026/04/29 15:43:55,716000,11.443
2026/04/29 15:43:55,717000,11.443
2026/04/29 15:43:55,718000,11.448
2026/04/29 15:43:55,719000,11.443
2026/04/29 15:43:55,720000,11.445
2026/04/29 15:43:55,721000,11.448
2026/04/29 15:43:55,722000,11.440
2026/04/29 15:43:55,723000,11.443
2026/04/29 15:43:55,724000,11.440
2026/04/29 15:43:55,725000,11.440
2026/04/29 15:43:55,726000,11.445
2026/04/29 15:43:55,727000,11.448
2026/04/29 15:43:55,728000,11.445
2026/04/29 15:43:55,729000,11.440
2026/04/29 15:43:55,730000,11.445
2026/04/29 15:43:55,731000,11.443
2026/04/29 15:43:55,732000,11.443
2026/04/29 15:43:55,733000,11.443
2026/04/29 15:43:55,734000,11.440
2026/04/29 15:43:55,735000,11.443
2026/04/29 15:43:55,736000,11.448
2026/04/29 15:43:55,737000,11.445
2026/04/29 15:43:55,738000,11.440
2026/04/29 15:43:55,739000,11.443
2026/04/29 15:43:55,740000,11.445
2026/04/29 15:43:55,741000,11.443
2026/04/29 15:43:55,742000,11.443
2026/04/29 15:43:55,743000,11.443
2026/04/29 15:43:55,744000,11.440
2026/04/29 15:43:55,745000,11.445
2026/04/29 15:43:55,746000,11.443
2026/04/29 15:43:55,747000,11.445
2026/04/29 15:43:55,748000,11.437
2026/04/29 15:43:55,749000,11.440
2026/04/29 15:43:55,750000,11.445
2026/04/29 15:43:55,751000,11.437
2026/04/29 15:43:55,752000,11.443
2026/04/29 15:43:55,753000,11.443
2026/04/29 15:43:55,754000,11.443
2026/04/29 15:43:55,755000,11.440
2026/04/29 15:43:55,756000,11.443
2026/04/29 15:43:55,757000,11.445
2026/04/29 15:43:55,758000,11.440
2026/04/29 15:43:55,759000,11.443
2026/04/29 15:43:55,760000,11.443
2026/04/29 15:43:55,761000,11.445
2026/04/29 15:43:55,762000,11.445
2026/04/29 15:43:55,763000,11.443
2026/04/29 15:43:55,764000,11.443
2026/04/29 15:43:55,765000,11.448
2026/04/29 15:43:55,766000,11.443
2026/04/29 15:43:55,767000,11.434
2026/04/29 15:43:55,768000,11.454
2026/04/29 15:43:55,769000,11.445
2026/04/29 15:43:55,770000,11.445
2026/04/29 15:43:55,771000,11.440
2026/04/29 15:43:55,772000,11.440
2026/04/29 15:43:55,773000,11.443
2026/04/29 15:43:55,774000,11.440
2026/04/29 15:43:55,775000,11.445
2026/04/29 15:43:55,776000,11.443
2026/04/29 15:43:55,777000,11.451
2026/04/29 15:43:55,778000,11.443
2026/04/29 15:43:55,779000,11.443
2026/04/29 15:43:55,780000,11.445
2026/04/29 15:43:55,781000,11.448
2026/04/29 15:43:55,782000,11.440
2026/04/29 15:43:55,783000,11.448
2026/04/29 15:43:55,784000,11.443
2026/04/29 15:43:55,785000,11.443
2026/04/29 15:43:55,786000,11.443
2026/04/29 15:43:55,787000,11.440
2026/04/29 15:43:55,788000,11.443
2026/04/29 15:43:55,789000,11.445
2026/04/29 15:43:55,790000,11.448
2026/04/29 15:43:55,791000,11.445
2026/04/29 15:43:55,792000,11.448
2026/04/29 15:43:55,793000,11.440
2026/04/29 15:43:55,794000,11.440
2026/04/29 15:43:55,795000,11.451
2026/04/29 15:43:55,796000,11.443
2026/04/29 15:43:55,797000,11.445
2026/04/29 15:43:55,798000,11.443
2026/04/29 15:43:55,799000,11.445
2026/04/29 15:43:55,800000,11.437
2026/04/29 15:43:55,801000,11.445
2026/04/29 15:43:55,802000,11.445
2026/04/29 15:43:55,803000,11.440
2026/04/29 15:43:55,804000,11.440
2026/04/29 15:43:55,805000,11.445
2026/04/29 15:43:55,806000,11.445
2026/04/29 15:43:55,807000,11.448
2026/04/29 15:43:55,808000,11.445
2026/04/29 15:43:55,809000,11.440
2026/04/29 15:43:55,810000,11.443
2026/04/29 15:43:55,811000,11.445
2026/04/29 15:43:55,812000,11.448
2026/04/29 15:43:55,813000,11.443
2026/04/29 15:43:55,814000,11.445
2026/04/29 15:43:55,815000,11.445
2026/04/29 15:43:55,816000,11.445
2026/04/29 15:43:55,817000,11.448
2026/04/29 15:43:55,818000,11.448
2026/04/29 15:43:55,819000,11.443
2026/04/29 15:43:55,820000,11.445
2026/04/29 15:43:55,821000,11.443
2026/04/29 15:43:55,822000,11.443
2026/04/29 15:43:55,823000,11.445
2026/04/29 15:43:55,824000,11.443
2026/04/29 15:43:55,825000,11.443
2026/04/29 15:43:55,826000,11.443
2026/04/29 15:43:55,827000,11.445
2026/04/29 15:43:55,828000,11.443
2026/04/29 15:43:55,829000,11.445
2026/04/29 15:43:55,830000,11.445
2026/04/29 15:43:55,831000,11.445
2026/04/29 15:43:55,832000,11.448
2026/04/29 15:43:55,833000,11.440
2026/04/29 15:43:55,834000,11.448
2026/04/29 15:43:55,835000,11.445
2026/04/29 15:43:55,836000,11.443
2026/04/29 15:43:55,837000,11.443
2026/04/29 15:43:55,838000,11.440
2026/04/29 15:43:55,839000,11.443
2026/04/29 15:43:55,840000,11.443
2026/04/29 15:43:55,841000,11.443
2026/04/29 15:43:55,842000,11.445
2026/04/29 15:43:55,843000,11.443
2026/04/29 15:43:55,844000,11.443
2026/04/29 15:43:55,845000,11.440
2026/04/29 15:43:55,846000,11.440
2026/04/29 15:43:55,847000,11.443
2026/04/29 15:43:55,848000,11.443
2026/04/29 15:43:55,849000,11.440
2026/04/29 15:43:55,850000,11.448
2026/04/29 15:43:55,851000,11.443
2026/04/29 15:43:55,852000,11.443
2026/04/29 15:43:55,853000,11.440
2026/04/29 15:43:55,854000,11.440
2026/04/29 15:43:55,855000,11.440
2026/04/29 15:43:55,856000,11.445
2026/04/29 15:43:55,857000,11.434
2026/04/29 15:43:55,858000,11.448
2026/04/29 15:43:55,859000,11.448
2026/04/29 15:43:55,860000,11.437
2026/04/29 15:43:55,861000,11.440
2026/04/29 15:43:55,862000,11.443
2026/04/29 15:43:55,863000,11.443
2026/04/29 15:43:55,864000,11.443
2026/04/29 15:43:55,865000,11.440
2026/04/29 15:43:55,866000,11.448
2026/04/29 15:43:55,867000,11.445
2026/04/29 15:43:55,868000,11.440
2026/04/29 15:43:55,869000,11.440
2026/04/29 15:43:55,870000,11.440
2026/04/29 15:43:55,871000,11.445
2026/04/29 15:43:55,872000,11.443
2026/04/29 15:43:55,873000,11.443
2026/04/29 15:43:55,874000,11.445
2026/04/29 15:43:55,875000,11.440
2026/04/29 15:43:55,876000,11.445
2026/04/29 15:43:55,877000,11.440
2026/04/29 15:43:55,878000,11.448
2026/04/29 15:43:55,879000,11.443
2026/04/29 15:43:55,880000,11.440
2026/04/29 15:43:55,881000,11.448
2026/04/29 15:43:55,882000,11.437
2026/04/29 15:43:55,883000,11.443
2026/04/29 15:43:55,884000,11.437
2026/04/29 15:43:55,885000,11.443
2026/04/29 15:43:55,886000,11.443
2026/04/29 15:43:55,887000,11.443
2026/04/29 15:43:55,888000,11.448
2026/04/29 15:43:55,889000,11.443
2026/04/29 15:43:55,890000,11.443
2026/04/29 15:43:55,891000,11.443
2026/04/29 15:43:55,892000,11.440
2026/04/29 15:43:55,893000,11.443
2026/04/29 15:43:55,894000,11.437
2026/04/29 15:43:55,895000,11.445
2026/04/29 15:43:55,896000,11.437
2026/04/29 15:43:55,897000,11.445
2026/04/29 15:43:55,898000,11.448
2026/04/29 15:43:55,899000,11.448
2026/04/29 15:43:55,900000,11.445
2026/04/29 15:43:55,901000,11.443
2026/04/29 15:43:55,902000,11.443
2026/04/29 15:43:55,903000,11.443
2026/04/29 15:43:55,904000,11.445
2026/04/29 15:43:55,905000,11.448
2026/04/29 15:43:55,906000,11.440
2026/04/29 15:43:55,907000,11.440
2026/04/29 15:43:55,908000,11.445
2026/04/29 15:43:55,909000,11.445
2026/04/29 15:43:55,910000,11.445
2026/04/29 15:43:55,911000,11.443
2026/04/29 15:43:55,912000,11.448
2026/04/29 15:43:55,913000,11.445
2026/04/29 15:43:55,914000,11.445
2026/04/29 15:43:55,915000,11.445
2026/04/29 15:43:55,916000,11.443
2026/04/29 15:43:55,917000,11.443
2026/04/29 15:43:55,918000,11.445
2026/04/29 15:43:55,919000,11.443
2026/04/29 15:43:55,920000,11.448
2026/04/29 15:43:55,921000,11.448
2026/04/29 15:43:55,922000,11.443
2026/04/29 15:43:55,923000,11.443
2026/04/29 15:43:55,924000,11.445
2026/04/29 15:43:55,925000,11.443
2026/04/29 15:43:55,926000,11.443
2026/04/29 15:43:55,927000,11.443
2026/04/29 15:43:55,928000,11.445
2026/04/29 15:43:55,929000,11.443
2026/04/29 15:43:55,930000,11.445
2026/04/29 15:43:55,931000,11.445
2026/04/29 15:43:55,932000,11.440
2026/04/29 15:43:55,933000,11.443
2026/04/29 15:43:55,934000,11.448
2026/04/29 15:43:55,935000,11.440
2026/04/29 15:43:55,936000,11.443
2026/04/29 15:43:55,937000,11.443
2026/04/29 15:43:55,938000,11.448
2026/04/29 15:43:55,939000,11.443
2026/04/29 15:43:55,940000,11.440
2026/04/29 15:43:55,941000,11.448
2026/04/29 15:43:55,942000,11.437
2026/04/29 15:43:55,943000,11.445
2026/04/29 15:43:55,944000,11.443
2026/04/29 15:43:55,945000,11.440
2026/04/29 15:43:55,946000,11.440
2026/04/29 15:43:55,947000,11.443
2026/04/29 15:43:55,948000,11.448
2026/04/29 15:43:55,949000,11.443
2026/04/29 15:43:55,950000,11.443
2026/04/29 15:43:55,951000,11.451
2026/04/29 15:43:55,952000,11.443
2026/04/29 15:43:55,953000,11.445
2026/04/29 15:43:55,954000,11.440
2026/04/29 15:43:55,955000,11.443
2026/04/29 15:43:55,956000,11.440
2026/04/29 15:43:55,957000,11.443
2026/04/29 15:43:55,958000,11.451
2026/04/29 15:43:55,959000,11.448
2026/04/29 15:43:55,960000,11.440
2026/04/29 15:43:55,961000,11.445
2026/04/29 15:43:55,962000,11.448
2026/04/29 15:43:55,963000,11.443
2026/04/29 15:43:55,964000,11.443
2026/04/29 15:43:55,965000,11.445
2026/04/29 15:43:55,966000,11.440
2026/04/29 15:43:55,967000,11.448
2026/04/29 15:43:55,968000,11.445
2026/04/29 15:43:55,969000,11.437
2026/04/29 15:43:55,970000,11.443
2026/04/29 15:43:55,971000,11.440
2026/04/29 15:43:55,972000,11.445
2026/04/29 15:43:55,973000,11.443
2026/04/29 15:43:55,974000,11.445
2026/04/29 15:43:55,975000,11.443
2026/04/29 15:43:55,976000,11.440
2026/04/29 15:43:55,977000,11.445
2026/04/29 15:43:55,978000,11.437
2026/04/29 15:43:55,979000,11.448
2026/04/29 15:43:55,980000,11.443
2026/04/29 15:43:55,981000,11.440
2026/04/29 15:43:55,982000,11.445
2026/04/29 15:43:55,983000,11.440
2026/04/29 15:43:55,984000,11.448
2026/04/29 15:43:55,985000,11.445
2026/04/29 15:43:55,986000,11.445
2026/04/29 15:43:55,987000,11.448
2026/04/29 15:43:55,988000,11.448
2026/04/29 15:43:55,989000,11.443
2026/04/29 15:43:55,990000,11.448
2026/04/29 15:43:55,991000,11.440
2026/04/29 15:43:55,992000,11.443
2026/04/29 15:43:55,993000,11.448
2026/04/29 15:43:55,994000,11.451
2026/04/29 15:43:55,995000,11.440
2026/04/29 15:43:55,996000,11.443
2026/04/29 15:43:55,997000,11.445
2026/04/29 15:43:55,998000,11.448
2026/04/29 15:43:55,999000,11.445
2026/04/29 15:43:56,000000,11.443
2026/04/29 15:43:56,001000,11.440
2026/04/29 15:43:56,002000,11.443
2026/04/29 15:43:56,003000,11.448
2026/04/29 15:43:56,004000,11.448
2026/04/29 15:43:56,005000,11.448
2026/04/29 15:43:56,006000,11.448
2026/04/29 15:43:56,007000,11.440
2026/04/29 15:43:56,008000,11.440
2026/04/29 15:43:56,009000,11.454
2026/04/29 15:43:56,010000,11.448
2026/04/29 15:43:56,011000,11.443
2026/04/29 15:43:56,012000,11.448
2026/04/29 15:43:56,013000,11.448
2026/04/29 15:43:56,014000,11.445
2026/04/29 15:43:56,015000,11.443
2026/04/29 15:43:56,016000,11.445
2026/04/29 15:43:56,017000,11.445
2026/04/29 15:43:56,018000,11.457
2026/04/29 15:43:56,019000,11.448
2026/04/29 15:43:56,020000,11.443
2026/04/29 15:43:56,021000,11.445
2026/04/29 15:43:56,022000,11.443
2026/04/29 15:43:56,023000,11.443
2026/04/29 15:43:56,024000,11.437
2026/04/29 15:43:56,025000,11.445
2026/04/29 15:43:56,026000,11.445
2026/04/29 15:43:56,027000,11.440
2026/04/29 15:43:56,028000,11.445
2026/04/29 15:43:56,029000,11.443
2026/04/29 15:43:56,030000,11.445
2026/04/29 15:43:56,031000,11.448
2026/04/29 15:43:56,032000,11.443
2026/04/29 15:43:56,033000,11.445
2026/04/29 15:43:56,034000,11.443
2026/04/29 15:43:56,035000,11.448
2026/04/29 15:43:56,036000,11.448
2026/04/29 15:43:56,037000,11.445
2026/04/29 15:43:56,038000,11.448
2026/04/29 15:43:56,039000,11.448
2026/04/29 15:43:56,040000,11.443
2026/04/29 15:43:56,041000,11.445
2026/04/29 15:43:56,042000,11.440
2026/04/29 15:43:56,043000,11.445
2026/04/29 15:43:56,044000,11.445
2026/04/29 15:43:56,045000,11.445
2026/04/29 15:43:56,046000,11.445
2026/04/29 15:43:56,047000,11.443
2026/04/29 15:43:56,048000,11.443
2026/04/29 15:43:56,049000,11.445
2026/04/29 15:43:56,050000,11.445
2026/04/29 15:43:56,051000,11.445
2026/04/29 15:43:56,052000,11.445
2026/04/29 15:43:56,053000,11.443
2026/04/29 15:43:56,054000,11.445
2026/04/29 15:43:56,055000,11.459
2026/04/29 15:43:56,056000,11.443
2026/04/29 15:43:56,057000,11.445
2026/04/29 15:43:56,058000,11.451
2026/04/29 15:43:56,059000,11.454
2026/04/29 15:43:56,060000,11.448
2026/04/29 15:43:56,061000,11.440
2026/04/29 15:43:56,062000,11.443
2026/04/29 15:43:56,063000,11.448
2026/04/29 15:43:56,064000,11.445
2026/04/29 15:43:56,065000,11.445
2026/04/29 15:43:56,066000,11.445
2026/04/29 15:43:56,067000,11.440
2026/04/29 15:43:56,068000,11.443
2026/04/29 15:43:56,069000,11.440
2026/04/29 15:43:56,070000,11.443
2026/04/29 15:43:56,071000,11.443
2026/04/29 15:43:56,072000,11.445
2026/04/29 15:43:56,073000,11.445
2026/04/29 15:43:56,074000,11.445
2026/04/29 15:43:56,075000,11.443
2026/04/29 15:43:56,076000,11.448
2026/04/29 15:43:56,077000,11.451
2026/04/29 15:43:56,078000,11.443
2026/04/29 15:43:56,079000,11.445
2026/04/29 15:43:56,080000,11.448
2026/04/29 15:43:56,081000,11.448
2026/04/29 15:43:56,082000,11.440
2026/04/29 15:43:56,083000,11.445
2026/04/29 15:43:56,084000,11.445
2026/04/29 15:43:56,085000,11.445
2026/04/29 15:43:56,086000,11.445
2026/04/29 15:43:56,087000,11.445
2026/04/29 15:43:56,088000,11.445
2026/04/29 15:43:56,089000,11.448
2026/04/29 15:43:56,090000,11.443
2026/04/29 15:43:56,091000,11.443
2026/04/29 15:43:56,092000,11.448
2026/04/29 15:43:56,093000,11.448
2026/04/29 15:43:56,094000,11.443
2026/04/29 15:43:56,095000,11.445
2026/04/29 15:43:56,096000,11.448
2026/04/29 15:43:56,097000,11.445
2026/04/29 15:43:56,098000,11.445
2026/04/29 15:43:56,099000,11.459
2026/04/29 15:43:56,100000,11.448
2026/04/29 15:43:56,101000,11.443
2026/04/29 15:43:56,102000,11.451
2026/04/29 15:43:56,103000,11.445
2026/04/29 15:43:56,104000,11.445
2026/04/29 15:43:56,105000,11.448
2026/04/29 15:43:56,106000,11.443
2026/04/29 15:43:56,107000,11.445
2026/04/29 15:43:56,108000,11.443
2026/04/29 15:43:56,109000,11.443
2026/04/29 15:43:56,110000,11.445
2026/04/29 15:43:56,111000,11.443
2026/04/29 15:43:56,112000,11.448
2026/04/29 15:43:56,113000,11.448
2026/04/29 15:43:56,114000,11.445
2026/04/29 15:43:56,115000,11.445
2026/04/29 15:43:56,116000,11.445
2026/04/29 15:43:56,117000,11.445
2026/04/29 15:43:56,118000,11.445
2026/04/29 15:43:56,119000,11.448
2026/04/29 15:43:56,120000,11.443
2026/04/29 15:43:56,121000,11.445
2026/04/29 15:43:56,122000,11.445
2026/04/29 15:43:56,123000,11.445
2026/04/29 15:43:56,124000,11.445
2026/04/29 15:43:56,125000,11.448
2026/04/29 15:43:56,126000,11.448
2026/04/29 15:43:56,127000,11.448
2026/04/29 15:43:56,128000,11.445
2026/04/29 15:43:56,129000,11.448
2026/04/29 15:43:56,130000,11.448
2026/04/29 15:43:56,131000,11.443
2026/04/29 15:43:56,132000,11.448
2026/04/29 15:43:56,133000,11.448
2026/04/29 15:43:56,134000,11.445
2026/04/29 15:43:56,135000,11.448
2026/04/29 15:43:56,136000,11.448
2026/04/29 15:43:56,137000,11.445
2026/04/29 15:43:56,138000,11.443
2026/04/29 15:43:56,139000,11.445
2026/04/29 15:43:56,140000,11.445
2026/04/29 15:43:56,141000,11.443
2026/04/29 15:43:56,142000,11.445
2026/04/29 15:43:56,143000,11.448
2026/04/29 15:43:56,144000,11.451
2026/04/29 15:43:56,145000,11.440
2026/04/29 15:43:56,146000,11.443
2026/04/29 15:43:56,147000,11.448
2026/04/29 15:43:56,148000,11.451
2026/04/29 15:43:56,149000,11.448
2026/04/29 15:43:56,150000,11.445
2026/04/29 15:43:56,151000,11.443
2026/04/29 15:43:56,152000,11.445
2026/04/29 15:43:56,153000,11.445
2026/04/29 15:43:56,154000,11.445
2026/04/29 15:43:56,155000,11.445
2026/04/29 15:43:56,156000,11.451
2026/04/29 15:43:56,157000,11.448
2026/04/29 15:43:56,158000,11.445
2026/04/29 15:43:56,159000,11.443
2026/04/29 15:43:56,160000,11.454
2026/04/29 15:43:56,161000,11.445
2026/04/29 15:43:56,162000,11.443
2026/04/29 15:43:56,163000,11.448
2026/04/29 15:43:56,164000,11.443
2026/04/29 15:43:56,165000,11.445
2026/04/29 15:43:56,166000,11.445
2026/04/29 15:43:56,167000,11.445
2026/04/29 15:43:56,168000,11.443
2026/04/29 15:43:56,169000,11.448
2026/04/29 15:43:56,170000,11.445
2026/04/29 15:43:56,171000,11.454
2026/04/29 15:43:56,172000,11.448
2026/04/29 15:43:56,173000,11.448
2026/04/29 15:43:56,174000,11.443
2026/04/29 15:43:56,175000,11.440
2026/04/29 15:43:56,176000,11.443
2026/04/29 15:43:56,177000,11.451
2026/04/29 15:43:56,178000,11.445
2026/04/29 15:43:56,179000,11.448
2026/04/29 15:43:56,180000,11.448
2026/04/29 15:43:56,181000,11.445
2026/04/29 15:43:56,182000,11.443
2026/04/29 15:43:56,183000,11.437
2026/04/29 15:43:56,184000,11.445
2026/04/29 15:43:56,185000,11.445
2026/04/29 15:43:56,186000,11.445
2026/04/29 15:43:56,187000,11.451
2026/04/29 15:43:56,188000,11.448
2026/04/29 15:43:56,189000,11.445
2026/04/29 15:43:56,190000,11.451
2026/04/29 15:43:56,191000,11.445
2026/04/29 15:43:56,192000,11.448
2026/04/29 15:43:56,193000,11.443
2026/04/29 15:43:56,194000,11.454
2026/04/29 15:43:56,195000,11.445
2026/04/29 15:43:56,196000,11.448
2026/04/29 15:43:56,197000,11.451
2026/04/29 15:43:56,198000,11.445
2026/04/29 15:43:56,199000,11.445
2026/04/29 15:43:56,200000,11.443
2026/04/29 15:43:56,201000,11.445
2026/04/29 15:43:56,202000,11.451
2026/04/29 15:43:56,203000,11.445
2026/04/29 15:43:56,204000,11.445
2026/04/29 15:43:56,205000,11.451
2026/04/29 15:43:56,206000,11.443
2026/04/29 15:43:56,207000,11.440
2026/04/29 15:43:56,208000,11.445
2026/04/29 15:43:56,209000,11.448
2026/04/29 15:43:56,210000,11.448
2026/04/29 15:43:56,211000,11.448
2026/04/29 15:43:56,212000,11.443
2026/04/29 15:43:56,213000,11.445
2026/04/29 15:43:56,214000,11.445
2026/04/29 15:43:56,215000,11.448
2026/04/29 15:43:56,216000,11.443
2026/04/29 15:43:56,217000,11.451
2026/04/29 15:43:56,218000,11.445
2026/04/29 15:43:56,219000,11.445
2026/04/29 15:43:56,220000,11.440
2026/04/29 15:43:56,221000,11.448
2026/04/29 15:43:56,222000,11.440
2026/04/29 15:43:56,223000,11.448
2026/04/29 15:43:56,224000,11.448
2026/04/29 15:43:56,225000,11.448
2026/04/29 15:43:56,226000,11.448
2026/04/29 15:43:56,227000,11.448
2026/04/29 15:43:56,228000,11.448
2026/04/29 15:43:56,229000,11.448
2026/04/29 15:43:56,230000,11.443
2026/04/29 15:43:56,231000,11.448
2026/04/29 15:43:56,232000,11.445
2026/04/29 15:43:56,233000,11.448
2026/04/29 15:43:56,234000,11.445
2026/04/29 15:43:56,235000,11.448
2026/04/29 15:43:56,236000,11.443
2026/04/29 15:43:56,237000,11.448
2026/04/29 15:43:56,238000,11.451
2026/04/29 15:43:56,239000,11.448
2026/04/29 15:43:56,240000,11.448
2026/04/29 15:43:56,241000,11.445
2026/04/29 15:43:56,242000,11.448
2026/04/29 15:43:56,243000,11.451
2026/04/29 15:43:56,244000,11.443
2026/04/29 15:43:56,245000,11.443
2026/04/29 15:43:56,246000,11.445
2026/04/29 15:43:56,247000,11.443
2026/04/29 15:43:56,248000,11.443
2026/04/29 15:43:56,249000,11.448
2026/04/29 15:43:56,250000,11.445
2026/04/29 15:43:56,251000,11.443
2026/04/29 15:43:56,252000,11.445
2026/04/29 15:43:56,253000,11.443
2026/04/29 15:43:56,254000,11.445
2026/04/29 15:43:56,255000,11.451
2026/04/29 15:43:56,256000,11.451
2026/04/29 15:43:56,257000,11.448
2026/04/29 15:43:56,258000,11.445
2026/04/29 15:43:56,259000,11.448
2026/04/29 15:43:56,260000,11.445
2026/04/29 15:43:56,261000,11.440
2026/04/29 15:43:56,262000,11.445
2026/04/29 15:43:56,263000,11.448
2026/04/29 15:43:56,264000,11.448
2026/04/29 15:43:56,265000,11.448
2026/04/29 15:43:56,266000,11.448
2026/04/29 15:43:56,267000,11.451
2026/04/29 15:43:56,268000,11.445
2026/04/29 15:43:56,269000,11.445
2026/04/29 15:43:56,270000,11.443
2026/04/29 15:43:56,271000,11.440
2026/04/29 15:43:56,272000,11.448
2026/04/29 15:43:56,273000,11.443
2026/04/29 15:43:56,274000,11.454
2026/04/29 15:43:56,275000,11.445
2026/04/29 15:43:56,276000,11.445
2026/04/29 15:43:56,277000,11.445
2026/04/29 15:43:56,278000,11.443
2026/04/29 15:43:56,279000,11.445
2026/04/29 15:43:56,280000,11.443
2026/04/29 15:43:56,281000,11.445
2026/04/29 15:43:56,282000,11.448
2026/04/29 15:43:56,283000,11.448
2026/04/29 15:43:56,284000,11.451
2026/04/29 15:43:56,285000,11.448
2026/04/29 15:43:56,286000,11.445
2026/04/29 15:43:56,287000,11.445
2026/04/29 15:43:56,288000,11.443
2026/04/29 15:43:56,289000,11.443
2026/04/29 15:43:56,290000,11.448
2026/04/29 15:43:56,291000,11.443
2026/04/29 15:43:56,292000,11.445
2026/04/29 15:43:56,293000,11.443
2026/04/29 15:43:56,294000,11.445
2026/04/29 15:43:56,295000,11.443
2026/04/29 15:43:56,296000,11.443
2026/04/29 15:43:56,297000,11.443
2026/04/29 15:43:56,298000,11.440
2026/04/29 15:43:56,299000,11.445
2026/04/29 15:43:56,300000,11.445
2026/04/29 15:43:56,301000,11.448
2026/04/29 15:43:56,302000,11.443
2026/04/29 15:43:56,303000,11.440
2026/04/29 15:43:56,304000,11.445
2026/04/29 15:43:56,305000,11.445
2026/04/29 15:43:56,306000,11.445
2026/04/29 15:43:56,307000,11.448
2026/04/29 15:43:56,308000,11.451
2026/04/29 15:43:56,309000,11.448
2026/04/29 15:43:56,310000,11.437
2026/04/29 15:43:56,311000,11.451
2026/04/29 15:43:56,312000,11.448
2026/04/29 15:43:56,313000,11.448
2026/04/29 15:43:56,314000,11.448
2026/04/29 15:43:56,315000,11.448
2026/04/29 15:43:56,316000,11.451
2026/04/29 15:43:56,317000,11.445
2026/04/29 15:43:56,318000,11.445
2026/04/29 15:43:56,319000,11.440
2026/04/29 15:43:56,320000,11.445
2026/04/29 15:43:56,321000,11.445
2026/04/29 15:43:56,322000,11.445
2026/04/29 15:43:56,323000,11.451
2026/04/29 15:43:56,324000,11.448
2026/04/29 15:43:56,325000,11.445
2026/04/29 15:43:56,326000,11.448
2026/04/29 15:43:56,327000,11.448
2026/04/29 15:43:56,328000,11.445
2026/04/29 15:43:56,329000,11.448
2026/04/29 15:43:56,330000,11.443
2026/04/29 15:43:56,331000,11.448
2026/04/29 15:43:56,332000,11.443
2026/04/29 15:43:56,333000,11.445
2026/04/29 15:43:56,334000,11.445
2026/04/29 15:43:56,335000,11.448
2026/04/29 15:43:56,336000,11.445
2026/04/29 15:43:56,337000,11.448
2026/04/29 15:43:56,338000,11.448
2026/04/29 15:43:56,339000,11.445
2026/04/29 15:43:56,340000,11.443
2026/04/29 15:43:56,341000,11.445
2026/04/29 15:43:56,342000,11.445
2026/04/29 15:43:56,343000,11.445
2026/04/29 15:43:56,344000,11.443
2026/04/29 15:43:56,345000,11.448
2026/04/29 15:43:56,346000,11.445
2026/04/29 15:43:56,347000,11.448
2026/04/29 15:43:56,348000,11.448
2026/04/29 15:43:56,349000,11.445
2026/04/29 15:43:56,350000,11.448
2026/04/29 15:43:56,351000,11.443
2026/04/29 15:43:56,352000,11.448
2026/04/29 15:43:56,353000,11.448
2026/04/29 15:43:56,354000,11.443
2026/04/29 15:43:56,355000,11.445
2026/04/29 15:43:56,356000,11.440
2026/04/29 15:43:56,357000,11.443
2026/04/29 15:43:56,358000,11.451
2026/04/29 15:43:56,359000,11.451
2026/04/29 15:43:56,360000,11.448
2026/04/29 15:43:56,361000,11.448
2026/04/29 15:43:56,362000,11.443
2026/04/29 15:43:56,363000,11.448
2026/04/29 15:43:56,364000,11.445
2026/04/29 15:43:56,365000,11.445
2026/04/29 15:43:56,366000,11.437
2026/04/29 15:43:56,367000,11.445
2026/04/29 15:43:56,368000,11.445
2026/04/29 15:43:56,369000,11.445
2026/04/29 15:43:56,370000,11.440
2026/04/29 15:43:56,371000,11.448
2026/04/29 15:43:56,372000,11.445
2026/04/29 15:43:56,373000,11.443
2026/04/29 15:43:56,374000,11.440
2026/04/29 15:43:56,375000,11.445
2026/04/29 15:43:56,376000,11.451
2026/04/29 15:43:56,377000,11.448
2026/04/29 15:43:56,378000,11.440
2026/04/29 15:43:56,379000,11.448
2026/04/29 15:43:56,380000,11.448
2026/04/29 15:43:56,381000,11.443
2026/04/29 15:43:56,382000,11.448
2026/04/29 15:43:56,383000,11.445
2026/04/29 15:43:56,384000,11.445
2026/04/29 15:43:56,385000,11.440
2026/04/29 15:43:56,386000,11.448
2026/04/29 15:43:56,387000,11.445
2026/04/29 15:43:56,388000,11.443
2026/04/29 15:43:56,389000,11.440
2026/04/29 15:43:56,390000,11.448
2026/04/29 15:43:56,391000,11.454
2026/04/29 15:43:56,392000,11.445
2026/04/29 15:43:56,393000,11.451
2026/04/29 15:43:56,394000,11.440
2026/04/29 15:43:56,395000,11.440
2026/04/29 15:43:56,396000,11.448
2026/04/29 15:43:56,397000,11.454
2026/04/29 15:43:56,398000,11.454
2026/04/29 15:43:56,399000,11.445
2026/04/29 15:43:56,400000,11.443
2026/04/29 15:43:56,401000,11.443
2026/04/29 15:43:56,402000,11.443
2026/04/29 15:43:56,403000,11.448
2026/04/29 15:43:56,404000,11.448
2026/04/29 15:43:56,405000,11.448
2026/04/29 15:43:56,406000,11.451
2026/04/29 15:43:56,407000,11.448
2026/04/29 15:43:56,408000,11.448
2026/04/29 15:43:56,409000,11.451
2026/04/29 15:43:56,410000,11.445
2026/04/29 15:43:56,411000,11.448
2026/04/29 15:43:56,412000,11.445
2026/04/29 15:43:56,413000,11.448
2026/04/29 15:43:56,414000,11.451
2026/04/29 15:43:56,415000,11.448
2026/04/29 15:43:56,416000,11.445
2026/04/29 15:43:56,417000,11.448
2026/04/29 15:43:56,418000,11.440
2026/04/29 15:43:56,419000,11.445
2026/04/29 15:43:56,420000,11.448
2026/04/29 15:43:56,421000,11.448
2026/04/29 15:43:56,422000,11.445
2026/04/29 15:43:56,423000,11.445
2026/04/29 15:43:56,424000,11.448
2026/04/29 15:43:56,425000,11.445
2026/04/29 15:43:56,426000,11.448
2026/04/29 15:43:56,427000,11.440
2026/04/29 15:43:56,428000,11.445
2026/04/29 15:43:56,429000,11.445
2026/04/29 15:43:56,430000,11.445
2026/04/29 15:43:56,431000,11.445
2026/04/29 15:43:56,432000,11.445
2026/04/29 15:43:56,433000,11.448
2026/04/29 15:43:56,434000,11.445
2026/04/29 15:43:56,435000,11.445
2026/04/29 15:43:56,436000,11.445
2026/04/29 15:43:56,437000,11.437
2026/04/29 15:43:56,438000,11.451
2026/04/29 15:43:56,439000,11.448
2026/04/29 15:43:56,440000,11.451
2026/04/29 15:43:56,441000,11.448
2026/04/29 15:43:56,442000,11.448
2026/04/29 15:43:56,443000,11.445
2026/04/29 15:43:56,444000,11.451
2026/04/29 15:43:56,445000,11.445
2026/04/29 15:43:56,446000,11.445
2026/04/29 15:43:56,447000,11.448
2026/04/29 15:43:56,448000,11.448
2026/04/29 15:43:56,449000,11.443
2026/04/29 15:43:56,450000,11.445
2026/04/29 15:43:56,451000,11.443
2026/04/29 15:43:56,452000,11.443
2026/04/29 15:43:56,453000,11.448
2026/04/29 15:43:56,454000,11.448
2026/04/29 15:43:56,455000,11.445
2026/04/29 15:43:56,456000,11.448
2026/04/29 15:43:56,457000,11.445
2026/04/29 15:43:56,458000,11.448
2026/04/29 15:43:56,459000,11.443
2026/04/29 15:43:56,460000,11.451
2026/04/29 15:43:56,461000,11.451
2026/04/29 15:43:56,462000,11.443
2026/04/29 15:43:56,463000,11.440
2026/04/29 15:43:56,464000,11.451
2026/04/29 15:43:56,465000,11.448
2026/04/29 15:43:56,466000,11.448
2026/04/29 15:43:56,467000,11.451
2026/04/29 15:43:56,468000,11.451
2026/04/29 15:43:56,469000,11.445
2026/04/29 15:43:56,470000,11.443
2026/04/29 15:43:56,471000,11.445
2026/04/29 15:43:56,472000,11.445
2026/04/29 15:43:56,473000,11.451
2026/04/29 15:43:56,474000,11.445
2026/04/29 15:43:56,475000,11.445
2026/04/29 15:43:56,476000,11.445
2026/04/29 15:43:56,477000,11.443
2026/04/29 15:43:56,478000,11.443
2026/04/29 15:43:56,479000,11.445
2026/04/29 15:43:56,480000,11.448
2026/04/29 15:43:56,481000,11.443
2026/04/29 15:43:56,482000,11.448
2026/04/29 15:43:56,483000,11.448
2026/04/29 15:43:56,484000,11.443
2026/04/29 15:43:56,485000,11.445
2026/04/29 15:43:56,486000,11.448
2026/04/29 15:43:56,487000,11.440
2026/04/29 15:43:56,488000,11.448
2026/04/29 15:43:56,489000,11.448
2026/04/29 15:43:56,490000,11.443
2026/04/29 15:43:56,491000,11.443
2026/04/29 15:43:56,492000,11.445
2026/04/29 15:43:56,493000,11.443
2026/04/29 15:43:56,494000,11.443
2026/04/29 15:43:56,495000,11.448
2026/04/29 15:43:56,496000,11.443
2026/04/29 15:43:56,497000,11.454
2026/04/29 15:43:56,498000,11.451
2026/04/29 15:43:56,499000,11.443
2026/04/29 15:43:56,500000,11.448
2026/04/29 15:43:56,501000,11.443
2026/04/29 15:43:56,502000,11.448
2026/04/29 15:43:56,503000,11.445
2026/04/29 15:43:56,504000,11.443
2026/04/29 15:43:56,505000,11.440
2026/04/29 15:43:56,506000,11.440
2026/04/29 15:43:56,507000,11.445
2026/04/29 15:43:56,508000,11.445
2026/04/29 15:43:56,509000,11.443
2026/04/29 15:43:56,510000,11.448
2026/04/29 15:43:56,511000,11.445
2026/04/29 15:43:56,512000,11.445
2026/04/29 15:43:56,513000,11.445
2026/04/29 15:43:56,514000,11.454
2026/04/29 15:43:56,515000,11.448
2026/04/29 15:43:56,516000,11.443
2026/04/29 15:43:56,517000,11.443
2026/04/29 15:43:56,518000,11.454
2026/04/29 15:43:56,519000,11.448
2026/04/29 15:43:56,520000,11.445
2026/04/29 15:43:56,521000,11.451
2026/04/29 15:43:56,522000,11.448
2026/04/29 15:43:56,523000,11.448
2026/04/29 15:43:56,524000,11.448
2026/04/29 15:43:56,525000,11.454
2026/04/29 15:43:56,526000,11.440
2026/04/29 15:43:56,527000,11.440
2026/04/29 15:43:56,528000,11.445
2026/04/29 15:43:56,529000,11.445
2026/04/29 15:43:56,530000,11.451
2026/04/29 15:43:56,531000,11.445
2026/04/29 15:43:56,532000,11.443
2026/04/29 15:43:56,533000,11.437
2026/04/29 15:43:56,534000,11.445
2026/04/29 15:43:56,535000,11.451
2026/04/29 15:43:56,536000,11.448
2026/04/29 15:43:56,537000,11.448
2026/04/29 15:43:56,538000,11.448
2026/04/29 15:43:56,539000,11.448
2026/04/29 15:43:56,540000,11.443
2026/04/29 15:43:56,541000,11.448
2026/04/29 15:43:56,542000,11.448
2026/04/29 15:43:56,543000,11.448
2026/04/29 15:43:56,544000,11.445
2026/04/29 15:43:56,545000,11.443
2026/04/29 15:43:56,546000,11.445
2026/04/29 15:43:56,547000,11.448
2026/04/29 15:43:56,548000,11.448
2026/04/29 15:43:56,549000,11.445
2026/04/29 15:43:56,550000,11.448
2026/04/29 15:43:56,551000,11.445
2026/04/29 15:43:56,552000,11.445
2026/04/29 15:43:56,553000,11.445
2026/04/29 15:43:56,554000,11.445
2026/04/29 15:43:56,555000,11.448
2026/04/29 15:43:56,556000,11.448
2026/04/29 15:43:56,557000,11.440
2026/04/29 15:43:56,558000,11.445
2026/04/29 15:43:56,559000,11.451
2026/04/29 15:43:56,560000,11.451
2026/04/29 15:43:56,561000,11.445
2026/04/29 15:43:56,562000,11.445
2026/04/29 15:43:56,563000,11.443
2026/04/29 15:43:56,564000,11.443
2026/04/29 15:43:56,565000,11.448
2026/04/29 15:43:56,566000,11.448
2026/04/29 15:43:56,567000,11.448
2026/04/29 15:43:56,568000,11.448
2026/04/29 15:43:56,569000,11.448
2026/04/29 15:43:56,570000,11.445
2026/04/29 15:43:56,571000,11.443
2026/04/29 15:43:56,572000,11.448
2026/04/29 15:43:56,573000,11.451
2026/04/29 15:43:56,574000,11.445
2026/04/29 15:43:56,575000,11.448
2026/04/29 15:43:56,576000,11.451
2026/04/29 15:43:56,577000,11.454
2026/04/29 15:43:56,578000,11.445
2026/04/29 15:43:56,579000,11.448
2026/04/29 15:43:56,580000,11.448
2026/04/29 15:43:56,581000,11.445
2026/04/29 15:43:56,582000,11.448
2026/04/29 15:43:56,583000,11.448
2026/04/29 15:43:56,584000,11.454
2026/04/29 15:43:56,585000,11.451
2026/04/29 15:43:56,586000,11.448
2026/04/29 15:43:56,587000,11.445
2026/04/29 15:43:56,588000,11.448
2026/04/29 15:43:56,589000,11.454
2026/04/29 15:43:56,590000,11.448
2026/04/29 15:43:56,591000,11.445
2026/04/29 15:43:56,592000,11.454
2026/04/29 15:43:56,593000,11.448
2026/04/29 15:43:56,594000,11.445
2026/04/29 15:43:56,595000,11.448
2026/04/29 15:43:56,596000,11.445
2026/04/29 15:43:56,597000,11.448
2026/04/29 15:43:56,598000,11.451
2026/04/29 15:43:56,599000,11.448
2026/04/29 15:43:56,600000,11.451
2026/04/29 15:43:56,601000,11.448
2026/04/29 15:43:56,602000,11.443
2026/04/29 15:43:56,603000,11.448
2026/04/29 15:43:56,604000,11.451
2026/04/29 15:43:56,605000,11.457
2026/04/29 15:43:56,606000,11.448
2026/04/29 15:43:56,607000,11.445
2026/04/29 15:43:56,608000,11.448
2026/04/29 15:43:56,609000,11.445
2026/04/29 15:43:56,610000,11.445
2026/04/29 15:43:56,611000,11.440
2026/04/29 15:43:56,612000,11.445
2026/04/29 15:43:56,613000,11.451
2026/04/29 15:43:56,614000,11.448
2026/04/29 15:43:56,615000,11.454
2026/04/29 15:43:56,616000,11.443
2026/04/29 15:43:56,617000,11.443
2026/04/29 15:43:56,618000,11.445
2026/04/29 15:43:56,619000,11.448
2026/04/29 15:43:56,620000,11.448
2026/04/29 15:43:56,621000,11.451
2026/04/29 15:43:56,622000,11.448
2026/04/29 15:43:56,623000,11.451
2026/04/29 15:43:56,624000,11.451
2026/04/29 15:43:56,625000,11.445
2026/04/29 15:43:56,626000,11.451
2026/04/29 15:43:56,627000,11.448
2026/04/29 15:43:56,628000,11.445
2026/04/29 15:43:56,629000,11.451
2026/04/29 15:43:56,630000,11.440
2026/04/29 15:43:56,631000,11.448
2026/04/29 15:43:56,632000,11.451
2026/04/29 15:43:56,633000,11.445
2026/04/29 15:43:56,634000,11.443
2026/04/29 15:43:56,635000,11.448
2026/04/29 15:43:56,636000,11.443
2026/04/29 15:43:56,637000,11.454
2026/04/29 15:43:56,638000,11.443
2026/04/29 15:43:56,639000,11.445
2026/04/29 15:43:56,640000,11.451
2026/04/29 15:43:56,641000,11.445
2026/04/29 15:43:56,642000,11.448
2026/04/29 15:43:56,643000,11.445
2026/04/29 15:43:56,644000,11.448
2026/04/29 15:43:56,645000,11.443
2026/04/29 15:43:56,646000,11.445
2026/04/29 15:43:56,647000,11.448
2026/04/29 15:43:56,648000,11.445
2026/04/29 15:43:56,649000,11.445
2026/04/29 15:43:56,650000,11.448
2026/04/29 15:43:56,651000,11.445
2026/04/29 15:43:56,652000,11.451
2026/04/29 15:43:56,653000,11.451
2026/04/29 15:43:56,654000,11.445
2026/04/29 15:43:56,655000,11.448
2026/04/29 15:43:56,656000,11.445
2026/04/29 15:43:56,657000,11.445
2026/04/29 15:43:56,658000,11.443
2026/04/29 15:43:56,659000,11.445
2026/04/29 15:43:56,660000,11.445
2026/04/29 15:43:56,661000,11.454
2026/04/29 15:43:56,662000,11.448
2026/04/29 15:43:56,663000,11.440
2026/04/29 15:43:56,664000,11.448
2026/04/29 15:43:56,665000,11.448
2026/04/29 15:43:56,666000,11.459
2026/04/29 15:43:56,667000,11.448
2026/04/29 15:43:56,668000,11.443
2026/04/29 15:43:56,669000,11.445
2026/04/29 15:43:56,670000,11.445
2026/04/29 15:43:56,671000,11.448
2026/04/29 15:43:56,672000,11.445
2026/04/29 15:43:56,673000,11.445
2026/04/29 15:43:56,674000,11.448
2026/04/29 15:43:56,675000,11.454
2026/04/29 15:43:56,676000,11.445
2026/04/29 15:43:56,677000,11.448
2026/04/29 15:43:56,678000,11.448
2026/04/29 15:43:56,679000,11.451
2026/04/29 15:43:56,680000,11.448
2026/04/29 15:43:56,681000,11.448
2026/04/29 15:43:56,682000,11.448
2026/04/29 15:43:56,683000,11.457
2026/04/29 15:43:56,684000,11.448
2026/04/29 15:43:56,685000,11.440
2026/04/29 15:43:56,686000,11.448
2026/04/29 15:43:56,687000,11.454
2026/04/29 15:43:56,688000,11.445
2026/04/29 15:43:56,689000,11.448
2026/04/29 15:43:56,690000,11.448
2026/04/29 15:43:56,691000,11.443
2026/04/29 15:43:56,692000,11.448
2026/04/29 15:43:56,693000,11.445
2026/04/29 15:43:56,694000,11.445
2026/04/29 15:43:56,695000,11.445
2026/04/29 15:43:56,696000,11.451
2026/04/29 15:43:56,697000,11.445
2026/04/29 15:43:56,698000,11.445
2026/04/29 15:43:56,699000,11.448
2026/04/29 15:43:56,700000,11.445
2026/04/29 15:43:56,701000,11.445
2026/04/29 15:43:56,702000,11.448
2026/04/29 15:43:56,703000,11.448
2026/04/29 15:43:56,704000,11.445
2026/04/29 15:43:56,705000,11.448
2026/04/29 15:43:56,706000,11.448
2026/04/29 15:43:56,707000,11.451
2026/04/29 15:43:56,708000,11.448
2026/04/29 15:43:56,709000,11.448
2026/04/29 15:43:56,710000,11.448
2026/04/29 15:43:56,711000,11.443
2026/04/29 15:43:56,712000,11.448
2026/04/29 15:43:56,713000,11.443
2026/04/29 15:43:56,714000,11.440
2026/04/29 15:43:56,715000,11.451
2026/04/29 15:43:56,716000,11.445
2026/04/29 15:43:56,717000,11.440
2026/04/29 15:43:56,718000,11.448
2026/04/29 15:43:56,719000,11.445
2026/04/29 15:43:56,720000,11.445
2026/04/29 15:43:56,721000,11.454
2026/04/29 15:43:56,722000,11.448
2026/04/29 15:43:56,723000,11.448
2026/04/29 15:43:56,724000,11.445
2026/04/29 15:43:56,725000,11.445
2026/04/29 15:43:56,726000,11.448
2026/04/29 15:43:56,727000,11.445
2026/04/29 15:43:56,728000,11.448
2026/04/29 15:43:56,729000,11.448
2026/04/29 15:43:56,730000,11.448
2026/04/29 15:43:56,731000,11.448
2026/04/29 15:43:56,732000,11.445
2026/04/29 15:43:56,733000,11.440
2026/04/29 15:43:56,734000,11.448
2026/04/29 15:43:56,735000,11.445
2026/04/29 15:43:56,736000,11.454
2026/04/29 15:43:56,737000,11.445
2026/04/29 15:43:56,738000,11.445
2026/04/29 15:43:56,739000,11.454
2026/04/29 15:43:56,740000,11.448
2026/04/29 15:43:56,741000,11.454
2026/04/29 15:43:56,742000,11.448
2026/04/29 15:43:56,743000,11.440
2026/04/29 15:43:56,744000,11.445
2026/04/29 15:43:56,745000,11.448
2026/04/29 15:43:56,746000,11.445
2026/04/29 15:43:56,747000,11.443
2026/04/29 15:43:56,748000,11.445
2026/04/29 15:43:56,749000,11.448
2026/04/29 15:43:56,750000,11.454
2026/04/29 15:43:56,751000,11.443
2026/04/29 15:43:56,752000,11.448
2026/04/29 15:43:56,753000,11.451
2026/04/29 15:43:56,754000,11.448
2026/04/29 15:43:56,755000,11.451
2026/04/29 15:43:56,756000,11.445
2026/04/29 15:43:56,757000,11.451
2026/04/29 15:43:56,758000,11.443
2026/04/29 15:43:56,759000,11.454
2026/04/29 15:43:56,760000,11.448
2026/04/29 15:43:56,761000,11.445
2026/04/29 15:43:56,762000,11.445
2026/04/29 15:43:56,763000,11.448
2026/04/29 15:43:56,764000,11.443
2026/04/29 15:43:56,765000,11.454
2026/04/29 15:43:56,766000,11.443
2026/04/29 15:43:56,767000,11.443
2026/04/29 15:43:56,768000,11.445
2026/04/29 15:43:56,769000,11.448
2026/04/29 15:43:56,770000,11.448
2026/04/29 15:43:56,771000,11.448
2026/04/29 15:43:56,772000,11.445
2026/04/29 15:43:56,773000,11.448
2026/04/29 15:43:56,774000,11.443
2026/04/29 15:43:56,775000,11.443
2026/04/29 15:43:56,776000,11.454
2026/04/29 15:43:56,777000,11.454
2026/04/29 15:43:56,778000,11.445
2026/04/29 15:43:56,779000,11.440
2026/04/29 15:43:56,780000,11.454
2026/04/29 15:43:56,781000,11.448
2026/04/29 15:43:56,782000,11.448
2026/04/29 15:43:56,783000,11.445
2026/04/29 15:43:56,784000,11.451
2026/04/29 15:43:56,785000,11.448
2026/04/29 15:43:56,786000,11.448
2026/04/29 15:43:56,787000,11.443
2026/04/29 15:43:56,788000,11.443
2026/04/29 15:43:56,789000,11.448
2026/04/29 15:43:56,790000,11.440
2026/04/29 15:43:56,791000,11.445
2026/04/29 15:43:56,792000,11.448
2026/04/29 15:43:56,793000,11.448
2026/04/29 15:43:56,794000,11.459
2026/04/29 15:43:56,795000,11.445
2026/04/29 15:43:56,796000,11.448
2026/04/29 15:43:56,797000,11.454
2026/04/29 15:43:56,798000,11.445
2026/04/29 15:43:56,799000,11.445
2026/04/29 15:43:56,800000,11.451
2026/04/29 15:43:56,801000,11.448
2026/04/29 15:43:56,802000,11.448
2026/04/29 15:43:56,803000,11.445
2026/04/29 15:43:56,804000,11.440
2026/04/29 15:43:56,805000,11.443
2026/04/29 15:43:56,806000,11.445
2026/04/29 15:43:56,807000,11.451
2026/04/29 15:43:56,808000,11.451
2026/04/29 15:43:56,809000,11.445
2026/04/29 15:43:56,810000,11.448
2026/04/29 15:43:56,811000,11.451
2026/04/29 15:43:56,812000,11.443
2026/04/29 15:43:56,813000,11.445
2026/04/29 15:43:56,814000,11.448
2026/04/29 15:43:56,815000,11.448
2026/04/29 15:43:56,816000,11.445
2026/04/29 15:43:56,817000,11.448
2026/04/29 15:43:56,818000,11.448
2026/04/29 15:43:56,819000,11.445
2026/04/29 15:43:56,820000,11.451
2026/04/29 15:43:56,821000,11.448
2026/04/29 15:43:56,822000,11.448
2026/04/29 15:43:56,823000,11.448
2026/04/29 15:43:56,824000,11.445
2026/04/29 15:43:56,825000,11.445
2026/04/29 15:43:56,826000,11.448
2026/04/29 15:43:56,827000,11.448
2026/04/29 15:43:56,828000,11.448
2026/04/29 15:43:56,829000,11.445
2026/04/29 15:43:56,830000,11.445
2026/04/29 15:43:56,831000,11.440
2026/04/29 15:43:56,832000,11.445
2026/04/29 15:43:56,833000,11.443
2026/04/29 15:43:56,834000,11.443
2026/04/29 15:43:56,835000,11.443
2026/04/29 15:43:56,836000,11.445
2026/04/29 15:43:56,837000,11.451
2026/04/29 15:43:56,838000,11.454
2026/04/29 15:43:56,839000,11.443
2026/04/29 15:43:56,840000,11.445
2026/04/29 15:43:56,841000,11.448
2026/04/29 15:43:56,842000,11.448
2026/04/29 15:43:56,843000,11.448
2026/04/29 15:43:56,844000,11.448
2026/04/29 15:43:56,845000,11.448
2026/04/29 15:43:56,846000,11.445
2026/04/29 15:43:56,847000,11.443
2026/04/29 15:43:56,848000,11.448
2026/04/29 15:43:56,849000,11.440
2026/04/29 15:43:56,850000,11.443
2026/04/29 15:43:56,851000,11.448
2026/04/29 15:43:56,852000,11.443
2026/04/29 15:43:56,853000,11.445
2026/04/29 15:43:56,854000,11.445
2026/04/29 15:43:56,855000,11.443
2026/04/29 15:43:56,856000,11.445
2026/04/29 15:43:56,857000,11.443
2026/04/29 15:43:56,858000,11.443
2026/04/29 15:43:56,859000,11.448
2026/04/29 15:43:56,860000,11.445
2026/04/29 15:43:56,861000,11.448
2026/04/29 15:43:56,862000,11.443
2026/04/29 15:43:56,863000,11.445
2026/04/29 15:43:56,864000,11.440
2026/04/29 15:43:56,865000,11.448
2026/04/29 15:43:56,866000,11.448
2026/04/29 15:43:56,867000,11.443
2026/04/29 15:43:56,868000,11.440
2026/04/29 15:43:56,869000,11.451
2026/04/29 15:43:56,870000,11.445
2026/04/29 15:43:56,871000,11.443
2026/04/29 15:43:56,872000,11.451
2026/04/29 15:43:56,873000,11.443
2026/04/29 15:43:56,874000,11.448
2026/04/29 15:43:56,875000,11.448
2026/04/29 15:43:56,876000,11.445
2026/04/29 15:43:56,877000,11.443
2026/04/29 15:43:56,878000,11.443
2026/04/29 15:43:56,879000,11.448
2026/04/29 15:43:56,880000,11.448
2026/04/29 15:43:56,881000,11.448
2026/04/29 15:43:56,882000,11.448
2026/04/29 15:43:56,883000,11.451
2026/04/29 15:43:56,884000,11.448
2026/04/29 15:43:56,885000,11.451
2026/04/29 15:43:56,886000,11.445
2026/04/29 15:43:56,887000,11.445
2026/04/29 15:43:56,888000,11.443
2026/04/29 15:43:56,889000,11.443
2026/04/29 15:43:56,890000,11.443
2026/04/29 15:43:56,891000,11.445
2026/04/29 15:43:56,892000,11.448
2026/04/29 15:43:56,893000,11.454
2026/04/29 15:43:56,894000,11.445
2026/04/29 15:43:56,895000,11.448
2026/04/29 15:43:56,896000,11.443
2026/04/29 15:43:56,897000,11.440
2026/04/29 15:43:56,898000,11.448
2026/04/29 15:43:56,899000,11.445
2026/04/29 15:43:56,900000,11.448
2026/04/29 15:43:56,901000,11.451
2026/04/29 15:43:56,902000,11.448
2026/04/29 15:43:56,903000,11.448
2026/04/29 15:43:56,904000,11.443
2026/04/29 15:43:56,905000,11.445
2026/04/29 15:43:56,906000,11.448
2026/04/29 15:43:56,907000,11.454
2026/04/29 15:43:56,908000,11.443
2026/04/29 15:43:56,909000,11.448
2026/04/29 15:43:56,910000,11.443
2026/04/29 15:43:56,911000,11.445
2026/04/29 15:43:56,912000,11.448
2026/04/29 15:43:56,913000,11.445
2026/04/29 15:43:56,914000,11.451
2026/04/29 15:43:56,915000,11.448
2026/04/29 15:43:56,916000,11.445
2026/04/29 15:43:56,917000,11.448
2026/04/29 15:43:56,918000,11.443
2026/04/29 15:43:56,919000,11.443
2026/04/29 15:43:56,920000,11.445
2026/04/29 15:43:56,921000,11.445
2026/04/29 15:43:56,922000,11.445
2026/04/29 15:43:56,923000,11.440
2026/04/29 15:43:56,924000,11.445
2026/04/29 15:43:56,925000,11.445
2026/04/29 15:43:56,926000,11.443
2026/04/29 15:43:56,927000,11.448
2026/04/29 15:43:56,928000,11.443
2026/04/29 15:43:56,929000,11.448
2026/04/29 15:43:56,930000,11.445
2026/04/29 15:43:56,931000,11.445
2026/04/29 15:43:56,932000,11.443
2026/04/29 15:43:56,933000,11.440
2026/04/29 15:43:56,934000,11.445
2026/04/29 15:43:56,935000,11.443
2026/04/29 15:43:56,936000,11.445
2026/04/29 15:43:56,937000,11.443
2026/04/29 15:43:56,938000,11.451
2026/04/29 15:43:56,939000,11.448
2026/04/29 15:43:56,940000,11.451
2026/04/29 15:43:56,941000,11.443
2026/04/29 15:43:56,942000,11.445
2026/04/29 15:43:56,943000,11.443
2026/04/29 15:43:56,944000,11.448
2026/04/29 15:43:56,945000,11.457
2026/04/29 15:43:56,946000,11.445
2026/04/29 15:43:56,947000,11.443
2026/04/29 15:43:56,948000,11.445
2026/04/29 15:43:56,949000,11.445
2026/04/29 15:43:56,950000,11.448
2026/04/29 15:43:56,951000,11.451
2026/04/29 15:43:56,952000,11.459
2026/04/29 15:43:56,953000,11.443
2026/04/29 15:43:56,954000,11.445
2026/04/29 15:43:56,955000,11.445
2026/04/29 15:43:56,956000,11.445
2026/04/29 15:43:56,957000,11.445
2026/04/29 15:43:56,958000,11.448
2026/04/29 15:43:56,959000,11.448
2026/04/29 15:43:56,960000,11.443
2026/04/29 15:43:56,961000,11.445
2026/04/29 15:43:56,962000,11.443
2026/04/29 15:43:56,963000,11.445
2026/04/29 15:43:56,964000,11.448
2026/04/29 15:43:56,965000,11.445
2026/04/29 15:43:56,966000,11.445
2026/04/29 15:43:56,967000,11.448
2026/04/29 15:43:56,968000,11.445
2026/04/29 15:43:56,969000,11.443
2026/04/29 15:43:56,970000,11.437
2026/04/29 15:43:56,971000,11.445
2026/04/29 15:43:56,972000,11.445
2026/04/29 15:43:56,973000,11.448
2026/04/29 15:43:56,974000,11.445
2026/04/29 15:43:56,975000,11.448
2026/04/29 15:43:56,976000,11.443
2026/04/29 15:43:56,977000,11.445
2026/04/29 15:43:56,978000,11.448
2026/04/29 15:43:56,979000,11.448
2026/04/29 15:43:56,980000,11.445
2026/04/29 15:43:56,981000,11.448
2026/04/29 15:43:56,982000,11.445
2026/04/29 15:43:56,983000,11.448
2026/04/29 15:43:56,984000,11.448
2026/04/29 15:43:56,985000,11.443
2026/04/29 15:43:56,986000,11.448
2026/04/29 15:43:56,987000,11.445
2026/04/29 15:43:56,988000,11.440
2026/04/29 15:43:56,989000,11.448
2026/04/29 15:43:56,990000,11.448
2026/04/29 15:43:56,991000,11.443
2026/04/29 15:43:56,992000,11.454
2026/04/29 15:43:56,993000,11.445
2026/04/29 15:43:56,994000,11.448
2026/04/29 15:43:56,995000,11.443
2026/04/29 15:43:56,996000,11.448
2026/04/29 15:43:56,997000,11.451
2026/04/29 15:43:56,998000,11.445
2026/04/29 15:43:56,999000,11.443
2026/04/29 15:43:57,000000,11.445
2026/04/29 15:43:57,001000,11.443
2026/04/29 15:43:57,002000,11.445
2026/04/29 15:43:57,003000,11.448
2026/04/29 15:43:57,004000,11.448
2026/04/29 15:43:57,005000,11.445
2026/04/29 15:43:57,006000,11.448
2026/04/29 15:43:57,007000,11.451
2026/04/29 15:43:57,008000,11.448
2026/04/29 15:43:57,009000,11.445
2026/04/29 15:43:57,010000,11.445
2026/04/29 15:43:57,011000,11.448
2026/04/29 15:43:57,012000,11.443
2026/04/29 15:43:57,013000,11.445
2026/04/29 15:43:57,014000,11.445
2026/04/29 15:43:57,015000,11.448
2026/04/29 15:43:57,016000,11.448
2026/04/29 15:43:57,017000,11.443
2026/04/29 15:43:57,018000,11.445
2026/04/29 15:43:57,019000,11.448
2026/04/29 15:43:57,020000,11.448
2026/04/29 15:43:57,021000,11.448
2026/04/29 15:43:57,022000,11.443
2026/04/29 15:43:57,023000,11.443
2026/04/29 15:43:57,024000,11.443
2026/04/29 15:43:57,025000,11.448
2026/04/29 15:43:57,026000,11.448
2026/04/29 15:43:57,027000,11.445
2026/04/29 15:43:57,028000,11.451
2026/04/29 15:43:57,029000,11.448
2026/04/29 15:43:57,030000,11.445
2026/04/29 15:43:57,031000,11.451
2026/04/29 15:43:57,032000,11.448
2026/04/29 15:43:57,033000,11.448
2026/04/29 15:43:57,034000,11.443
2026/04/29 15:43:57,035000,11.440
2026/04/29 15:43:57,036000,11.451
2026/04/29 15:43:57,037000,11.448
2026/04/29 15:43:57,038000,11.448
2026/04/29 15:43:57,039000,11.445
2026/04/29 15:43:57,040000,11.443
2026/04/29 15:43:57,041000,11.448
2026/04/29 15:43:57,042000,11.443
2026/04/29 15:43:57,043000,11.448
2026/04/29 15:43:57,044000,11.451
2026/04/29 15:43:57,045000,11.445
2026/04/29 15:43:57,046000,11.445
2026/04/29 15:43:57,047000,11.443
2026/04/29 15:43:57,048000,11.445
2026/04/29 15:43:57,049000,11.443
2026/04/29 15:43:57,050000,11.445
2026/04/29 15:43:57,051000,11.448
2026/04/29 15:43:57,052000,11.443
2026/04/29 15:43:57,053000,11.443
2026/04/29 15:43:57,054000,11.448
2026/04/29 15:43:57,055000,11.443
2026/04/29 15:43:57,056000,11.448
2026/04/29 15:43:57,057000,11.448
2026/04/29 15:43:57,058000,11.443
2026/04/29 15:43:57,059000,11.445
2026/04/29 15:43:57,060000,11.448
2026/04/29 15:43:57,061000,11.448
2026/04/29 15:43:57,062000,11.445
2026/04/29 15:43:57,063000,11.445
2026/04/29 15:43:57,064000,11.445
2026/04/29 15:43:57,065000,11.451
2026/04/29 15:43:57,066000,11.443
2026/04/29 15:43:57,067000,11.443
2026/04/29 15:43:57,068000,11.440
2026/04/29 15:43:57,069000,11.448
2026/04/29 15:43:57,070000,11.445
2026/04/29 15:43:57,071000,11.445
2026/04/29 15:43:57,072000,11.448
2026/04/29 15:43:57,073000,11.445
2026/04/29 15:43:57,074000,11.445
2026/04/29 15:43:57,075000,11.448
2026/04/29 15:43:57,076000,11.448
2026/04/29 15:43:57,077000,11.448
2026/04/29 15:43:57,078000,11.448
2026/04/29 15:43:57,079000,11.445
2026/04/29 15:43:57,080000,11.454
2026/04/29 15:43:57,081000,11.440
2026/04/29 15:43:57,082000,11.440
2026/04/29 15:43:57,083000,11.448
2026/04/29 15:43:57,084000,11.445
2026/04/29 15:43:57,085000,11.445
2026/04/29 15:43:57,086000,11.445
2026/04/29 15:43:57,087000,11.448
2026/04/29 15:43:57,088000,11.454
2026/04/29 15:43:57,089000,11.448
2026/04/29 15:43:57,090000,11.451
2026/04/29 15:43:57,091000,11.451
2026/04/29 15:43:57,092000,11.443
2026/04/29 15:43:57,093000,11.445
2026/04/29 15:43:57,094000,11.448
2026/04/29 15:43:57,095000,11.448
2026/04/29 15:43:57,096000,11.448
2026/04/29 15:43:57,097000,11.443
2026/04/29 15:43:57,098000,11.445
2026/04/29 15:43:57,099000,11.448
2026/04/29 15:43:57,100000,11.445
2026/04/29 15:43:57,101000,11.448
2026/04/29 15:43:57,102000,11.443
2026/04/29 15:43:57,103000,11.454
2026/04/29 15:43:57,104000,11.448
2026/04/29 15:43:57,105000,11.445
2026/04/29 15:43:57,106000,11.448
2026/04/29 15:43:57,107000,11.451
2026/04/29 15:43:57,108000,11.443
2026/04/29 15:43:57,109000,11.448
2026/04/29 15:43:57,110000,11.451
2026/04/29 15:43:57,111000,11.445
2026/04/29 15:43:57,112000,11.440
2026/04/29 15:43:57,113000,11.437
2026/04/29 15:43:57,114000,11.448
2026/04/29 15:43:57,115000,11.448
2026/04/29 15:43:57,116000,11.448
2026/04/29 15:43:57,117000,11.445
2026/04/29 15:43:57,118000,11.445
2026/04/29 15:43:57,119000,11.448
2026/04/29 15:43:57,120000,11.445
2026/04/29 15:43:57,121000,11.448
2026/04/29 15:43:57,122000,11.448
2026/04/29 15:43:57,123000,11.457
2026/04/29 15:43:57,124000,11.448
2026/04/29 15:43:57,125000,11.451
2026/04/29 15:43:57,126000,11.445
2026/04/29 15:43:57,127000,11.440
2026/04/29 15:43:57,128000,11.448
2026/04/29 15:43:57,129000,11.445
2026/04/29 15:43:57,130000,11.440
2026/04/29 15:43:57,131000,11.443
2026/04/29 15:43:57,132000,11.445
2026/04/29 15:43:57,133000,11.445
2026/04/29 15:43:57,134000,11.448
2026/04/29 15:43:57,135000,11.445
2026/04/29 15:43:57,136000,11.445
2026/04/29 15:43:57,137000,11.448
2026/04/29 15:43:57,138000,11.445
2026/04/29 15:43:57,139000,11.451
2026/04/29 15:43:57,140000,11.445
2026/04/29 15:43:57,141000,11.448
2026/04/29 15:43:57,142000,11.445
2026/04/29 15:43:57,143000,11.451
2026/04/29 15:43:57,144000,11.448
2026/04/29 15:43:57,145000,11.443
2026/04/29 15:43:57,146000,11.448
2026/04/29 15:43:57,147000,11.448
2026/04/29 15:43:57,148000,11.448
2026/04/29 15:43:57,149000,11.448
2026/04/29 15:43:57,150000,11.443
2026/04/29 15:43:57,151000,11.448
2026/04/29 15:43:57,152000,11.451
2026/04/29 15:43:57,153000,11.448
2026/04/29 15:43:57,154000,11.443
2026/04/29 15:43:57,155000,11.448
2026/04/29 15:43:57,156000,11.443
2026/04/29 15:43:57,157000,11.448
2026/04/29 15:43:57,158000,11.448
2026/04/29 15:43:57,159000,11.448
2026/04/29 15:43:57,160000,11.448
2026/04/29 15:43:57,161000,11.443
2026/04/29 15:43:57,162000,11.445
2026/04/29 15:43:57,163000,11.451
2026/04/29 15:43:57,164000,11.440
2026/04/29 15:43:57,165000,11.445
2026/04/29 15:43:57,166000,11.457
2026/04/29 15:43:57,167000,11.448
2026/04/29 15:43:57,168000,11.443
2026/04/29 15:43:57,169000,11.451
2026/04/29 15:43:57,170000,11.451
2026/04/29 15:43:57,171000,11.440
2026/04/29 15:43:57,172000,11.448
2026/04/29 15:43:57,173000,11.451
2026/04/29 15:43:57,174000,11.445
2026/04/29 15:43:57,175000,11.445
2026/04/29 15:43:57,176000,11.448
2026/04/29 15:43:57,177000,11.454
2026/04/29 15:43:57,178000,11.445
2026/04/29 15:43:57,179000,11.445
2026/04/29 15:43:57,180000,11.451
2026/04/29 15:43:57,181000,11.445
2026/04/29 15:43:57,182000,11.451
2026/04/29 15:43:57,183000,11.443
2026/04/29 15:43:57,184000,11.445
2026/04/29 15:43:57,185000,11.448
2026/04/29 15:43:57,186000,11.448
2026/04/29 15:43:57,187000,11.445
2026/04/29 15:43:57,188000,11.448
2026/04/29 15:43:57,189000,11.451
2026/04/29 15:43:57,190000,11.445
2026/04/29 15:43:57,191000,11.448
2026/04/29 15:43:57,192000,11.448
2026/04/29 15:43:57,193000,11.448
2026/04/29 15:43:57,194000,11.443
2026/04/29 15:43:57,195000,11.448
2026/04/29 15:43:57,196000,11.445
2026/04/29 15:43:57,197000,11.440
2026/04/29 15:43:57,198000,11.443
2026/04/29 15:43:57,199000,11.448
2026/04/29 15:43:57,200000,11.443
2026/04/29 15:43:57,201000,11.448
2026/04/29 15:43:57,202000,11.448
2026/04/29 15:43:57,203000,11.445
2026/04/29 15:43:57,204000,11.445
2026/04/29 15:43:57,205000,11.451
2026/04/29 15:43:57,206000,11.445
2026/04/29 15:43:57,207000,11.445
2026/04/29 15:43:57,208000,11.445
2026/04/29 15:43:57,209000,11.448
2026/04/29 15:43:57,210000,11.448
2026/04/29 15:43:57,211000,11.451
2026/04/29 15:43:57,212000,11.454
2026/04/29 15:43:57,213000,11.445
2026/04/29 15:43:57,214000,11.448
2026/04/29 15:43:57,215000,11.445
2026/04/29 15:43:57,216000,11.448
2026/04/29 15:43:57,217000,11.451
2026/04/29 15:43:57,218000,11.448
2026/04/29 15:43:57,219000,11.448
2026/04/29 15:43:57,220000,11.448
2026/04/29 15:43:57,221000,11.457
2026/04/29 15:43:57,222000,11.454
2026/04/29 15:43:57,223000,11.454
2026/04/29 15:43:57,224000,11.448
2026/04/29 15:43:57,225000,11.448
2026/04/29 15:43:57,226000,11.448
2026/04/29 15:43:57,227000,11.448
2026/04/29 15:43:57,228000,11.448
2026/04/29 15:43:57,229000,11.445
2026/04/29 15:43:57,230000,11.454
2026/04/29 15:43:57,231000,11.445
2026/04/29 15:43:57,232000,11.448
2026/04/29 15:43:57,233000,11.448
2026/04/29 15:43:57,234000,11.448
2026/04/29 15:43:57,235000,11.448
2026/04/29 15:43:57,236000,11.451
2026/04/29 15:43:57,237000,11.448
2026/04/29 15:43:57,238000,11.445
2026/04/29 15:43:57,239000,11.445
2026/04/29 15:43:57,240000,11.448
2026/04/29 15:43:57,241000,11.445
2026/04/29 15:43:57,242000,11.448
2026/04/29 15:43:57,243000,11.451
2026/04/29 15:43:57,244000,11.448
2026/04/29 15:43:57,245000,11.448
2026/04/29 15:43:57,246000,11.448
2026/04/29 15:43:57,247000,11.448
2026/04/29 15:43:57,248000,11.448
2026/04/29 15:43:57,249000,11.448
2026/04/29 15:43:57,250000,11.451
2026/04/29 15:43:57,251000,11.448
2026/04/29 15:43:57,252000,11.448
2026/04/29 15:43:57,253000,11.445
2026/04/29 15:43:57,254000,11.443
2026/04/29 15:43:57,255000,11.445
2026/04/29 15:43:57,256000,11.448
2026/04/29 15:43:57,257000,11.443
2026/04/29 15:43:57,258000,11.445
2026/04/29 15:43:57,259000,11.454
2026/04/29 15:43:57,260000,11.451
2026/04/29 15:43:57,261000,11.448
2026/04/29 15:43:57,262000,11.451
2026/04/29 15:43:57,263000,11.448
2026/04/29 15:43:57,264000,11.448
2026/04/29 15:43:57,265000,11.443
2026/04/29 15:43:57,266000,11.454
2026/04/29 15:43:57,267000,11.451
2026/04/29 15:43:57,268000,11.445
2026/04/29 15:43:57,269000,11.457
2026/04/29 15:43:57,270000,11.448
2026/04/29 15:43:57,271000,11.448
2026/04/29 15:43:57,272000,11.451
2026/04/29 15:43:57,273000,11.440
2026/04/29 15:43:57,274000,11.448
2026/04/29 15:43:57,275000,11.445
2026/04/29 15:43:57,276000,11.451
2026/04/29 15:43:57,277000,11.448
2026/04/29 15:43:57,278000,11.445
2026/04/29 15:43:57,279000,11.451
2026/04/29 15:43:57,280000,11.448
2026/04/29 15:43:57,281000,11.445
2026/04/29 15:43:57,282000,11.448
2026/04/29 15:43:57,283000,11.443
2026/04/29 15:43:57,284000,11.448
2026/04/29 15:43:57,285000,11.448
2026/04/29 15:43:57,286000,11.451
2026/04/29 15:43:57,287000,11.448
2026/04/29 15:43:57,288000,11.448
2026/04/29 15:43:57,289000,11.445
2026/04/29 15:43:57,290000,11.448
2026/04/29 15:43:57,291000,11.448
2026/04/29 15:43:57,292000,11.445
2026/04/29 15:43:57,293000,11.448
2026/04/29 15:43:57,294000,11.451
2026/04/29 15:43:57,295000,11.445
2026/04/29 15:43:57,296000,11.448
2026/04/29 15:43:57,297000,11.443
2026/04/29 15:43:57,298000,11.443
2026/04/29 15:43:57,299000,11.448
2026/04/29 15:43:57,300000,11.451
2026/04/29 15:43:57,301000,11.448
2026/04/29 15:43:57,302000,11.448
2026/04/29 15:43:57,303000,11.448
2026/04/29 15:43:57,304000,11.445
2026/04/29 15:43:57,305000,11.451
2026/04/29 15:43:57,306000,11.451
2026/04/29 15:43:57,307000,11.454
2026/04/29 15:43:57,308000,11.448
2026/04/29 15:43:57,309000,11.448
2026/04/29 15:43:57,310000,11.451
2026/04/29 15:43:57,311000,11.448
2026/04/29 15:43:57,312000,11.445
2026/04/29 15:43:57,313000,11.448
2026/04/29 15:43:57,314000,11.448
2026/04/29 15:43:57,315000,11.454
2026/04/29 15:43:57,316000,11.448
2026/04/29 15:43:57,317000,11.445
2026/04/29 15:43:57,318000,11.451
2026/04/29 15:43:57,319000,11.448
2026/04/29 15:43:57,320000,11.448
2026/04/29 15:43:57,321000,11.448
2026/04/29 15:43:57,322000,11.448
2026/04/29 15:43:57,323000,11.448
2026/04/29 15:43:57,324000,11.448
2026/04/29 15:43:57,325000,11.451
2026/04/29 15:43:57,326000,11.448
2026/04/29 15:43:57,327000,11.448
2026/04/29 15:43:57,328000,11.451
2026/04/29 15:43:57,329000,11.448
2026/04/29 15:43:57,330000,11.448
2026/04/29 15:43:57,331000,11.445
2026/04/29 15:43:57,332000,11.454
2026/04/29 15:43:57,333000,11.457
2026/04/29 15:43:57,334000,11.451
2026/04/29 15:43:57,335000,11.448
2026/04/29 15:43:57,336000,11.448
2026/04/29 15:43:57,337000,11.445
2026/04/29 15:43:57,338000,11.443
2026/04/29 15:43:57,339000,11.445
2026/04/29 15:43:57,340000,11.448
2026/04/29 15:43:57,341000,11.448
2026/04/29 15:43:57,342000,11.448
2026/04/29 15:43:57,343000,11.451
2026/04/29 15:43:57,344000,11.448
2026/04/29 15:43:57,345000,11.448
2026/04/29 15:43:57,346000,11.443
2026/04/29 15:43:57,347000,11.445
2026/04/29 15:43:57,348000,11.451
2026/04/29 15:43:57,349000,11.451
2026/04/29 15:43:57,350000,11.451
2026/04/29 15:43:57,351000,11.448
2026/04/29 15:43:57,352000,11.448
2026/04/29 15:43:57,353000,11.445
2026/04/29 15:43:57,354000,11.454
2026/04/29 15:43:57,355000,11.443
2026/04/29 15:43:57,356000,11.454
2026/04/29 15:43:57,357000,11.451
2026/04/29 15:43:57,358000,11.448
2026/04/29 15:43:57,359000,11.448
2026/04/29 15:43:57,360000,11.448
2026/04/29 15:43:57,361000,11.445
2026/04/29 15:43:57,362000,11.451
2026/04/29 15:43:57,363000,11.448
2026/04/29 15:43:57,364000,11.448
2026/04/29 15:43:57,365000,11.448
2026/04/29 15:43:57,366000,11.448
2026/04/29 15:43:57,367000,11.448
2026/04/29 15:43:57,368000,11.451
2026/04/29 15:43:57,369000,11.448
2026/04/29 15:43:57,370000,11.448
2026/04/29 15:43:57,371000,11.443
2026/04/29 15:43:57,372000,11.445
2026/04/29 15:43:57,373000,11.443
2026/04/29 15:43:57,374000,11.448
2026/04/29 15:43:57,375000,11.454
2026/04/29 15:43:57,376000,11.454
2026/04/29 15:43:57,377000,11.451
2026/04/29 15:43:57,378000,11.448
2026/04/29 15:43:57,379000,11.454
2026/04/29 15:43:57,380000,11.448
2026/04/29 15:43:57,381000,11.448
2026/04/29 15:43:57,382000,11.445
2026/04/29 15:43:57,383000,11.448
2026/04/29 15:43:57,384000,11.448
2026/04/29 15:43:57,385000,11.448
2026/04/29 15:43:57,386000,11.445
2026/04/29 15:43:57,387000,11.454
2026/04/29 15:43:57,388000,11.448
2026/04/29 15:43:57,389000,11.451
2026/04/29 15:43:57,390000,11.445
2026/04/29 15:43:57,391000,11.448
2026/04/29 15:43:57,392000,11.451
2026/04/29 15:43:57,393000,11.448
2026/04/29 15:43:57,394000,11.448
2026/04/29 15:43:57,395000,11.451
2026/04/29 15:43:57,396000,11.448
2026/04/29 15:43:57,397000,11.448
2026/04/29 15:43:57,398000,11.448
2026/04/29 15:43:57,399000,11.448
2026/04/29 15:43:57,400000,11.451
2026/04/29 15:43:57,401000,11.445
2026/04/29 15:43:57,402000,11.448
2026/04/29 15:43:57,403000,11.448
2026/04/29 15:43:57,404000,11.451
2026/04/29 15:43:57,405000,11.445
2026/04/29 15:43:57,406000,11.445
2026/04/29 15:43:57,407000,11.454
2026/04/29 15:43:57,408000,11.445
2026/04/29 15:43:57,409000,11.443
2026/04/29 15:43:57,410000,11.445
2026/04/29 15:43:57,411000,11.451
2026/04/29 15:43:57,412000,11.451
2026/04/29 15:43:57,413000,11.454
2026/04/29 15:43:57,414000,11.454
2026/04/29 15:43:57,415000,11.451
2026/04/29 15:43:57,416000,11.448
2026/04/29 15:43:57,417000,11.448
2026/04/29 15:43:57,418000,11.445
2026/04/29 15:43:57,419000,11.448
2026/04/29 15:43:57,420000,11.451
2026/04/29 15:43:57,421000,11.445
2026/04/29 15:43:57,422000,11.448
2026/04/29 15:43:57,423000,11.451
2026/04/29 15:43:57,424000,11.448
2026/04/29 15:43:57,425000,11.448
2026/04/29 15:43:57,426000,11.454
2026/04/29 15:43:57,427000,11.448
2026/04/29 15:43:57,428000,11.457
2026/04/29 15:43:57,429000,11.451
2026/04/29 15:43:57,430000,11.457
2026/04/29 15:43:57,431000,11.448
2026/04/29 15:43:57,432000,11.448
2026/04/29 15:43:57,433000,11.448
2026/04/29 15:43:57,434000,11.448
2026/04/29 15:43:57,435000,11.445
2026/04/29 15:43:57,436000,11.454
2026/04/29 15:43:57,437000,11.451
2026/04/29 15:43:57,438000,11.448
2026/04/29 15:43:57,439000,11.451
2026/04/29 15:43:57,440000,11.448
2026/04/29 15:43:57,441000,11.454
2026/04/29 15:43:57,442000,11.454
2026/04/29 15:43:57,443000,11.451
2026/04/29 15:43:57,444000,11.445
2026/04/29 15:43:57,445000,11.451
2026/04/29 15:43:57,446000,11.445
2026/04/29 15:43:57,447000,11.448
2026/04/29 15:43:57,448000,11.451
2026/04/29 15:43:57,449000,11.451
2026/04/29 15:43:57,450000,11.454
2026/04/29 15:43:57,451000,11.448
2026/04/29 15:43:57,452000,11.451
2026/04/29 15:43:57,453000,11.448
2026/04/29 15:43:57,454000,11.451
2026/04/29 15:43:57,455000,11.448
2026/04/29 15:43:57,456000,11.448
2026/04/29 15:43:57,457000,11.451
2026/04/29 15:43:57,458000,11.448
2026/04/29 15:43:57,459000,11.451
2026/04/29 15:43:57,460000,11.454
2026/04/29 15:43:57,461000,11.457
2026/04/29 15:43:57,462000,11.451
2026/04/29 15:43:57,463000,11.454
2026/04/29 15:43:57,464000,11.448
2026/04/29 15:43:57,465000,11.445
2026/04/29 15:43:57,466000,11.448
2026/04/29 15:43:57,467000,11.448
2026/04/29 15:43:57,468000,11.448
2026/04/29 15:43:57,469000,11.454
2026/04/29 15:43:57,470000,11.448
2026/04/29 15:43:57,471000,11.448
2026/04/29 15:43:57,472000,11.448
2026/04/29 15:43:57,473000,11.448
2026/04/29 15:43:57,474000,11.445
2026/04/29 15:43:57,475000,11.451
2026/04/29 15:43:57,476000,11.445
2026/04/29 15:43:57,477000,11.448
2026/04/29 15:43:57,478000,11.457
2026/04/29 15:43:57,479000,11.448
2026/04/29 15:43:57,480000,11.448
2026/04/29 15:43:57,481000,11.451
2026/04/29 15:43:57,482000,11.445
2026/04/29 15:43:57,483000,11.445
2026/04/29 15:43:57,484000,11.451
2026/04/29 15:43:57,485000,11.454
2026/04/29 15:43:57,486000,11.451
2026/04/29 15:43:57,487000,11.448
2026/04/29 15:43:57,488000,11.451
2026/04/29 15:43:57,489000,11.451
2026/04/29 15:43:57,490000,11.457
2026/04/29 15:43:57,491000,11.445
2026/04/29 15:43:57,492000,11.451
2026/04/29 15:43:57,493000,11.454
2026/04/29 15:43:57,494000,11.451
2026/04/29 15:43:57,495000,11.445
2026/04/29 15:43:57,496000,11.445
2026/04/29 15:43:57,497000,11.454
2026/04/29 15:43:57,498000,11.448
2026/04/29 15:43:57,499000,11.448
2026/04/29 15:43:57,500000,11.451
2026/04/29 15:43:57,501000,11.448
2026/04/29 15:43:57,502000,11.448
2026/04/29 15:43:57,503000,11.445
2026/04/29 15:43:57,504000,11.443
2026/04/29 15:43:57,505000,11.445
2026/04/29 15:43:57,506000,11.443
2026/04/29 15:43:57,507000,11.448
2026/04/29 15:43:57,508000,11.454
2026/04/29 15:43:57,509000,11.448
2026/04/29 15:43:57,510000,11.448
2026/04/29 15:43:57,511000,11.448
2026/04/29 15:43:57,512000,11.448
2026/04/29 15:43:57,513000,11.443
2026/04/29 15:43:57,514000,11.457
2026/04/29 15:43:57,515000,11.445
2026/04/29 15:43:57,516000,11.448
2026/04/29 15:43:57,517000,11.443
2026/04/29 15:43:57,518000,11.445
2026/04/29 15:43:57,519000,11.448
2026/04/29 15:43:57,520000,11.454
2026/04/29 15:43:57,521000,11.451
2026/04/29 15:43:57,522000,11.454
2026/04/29 15:43:57,523000,11.445
2026/04/29 15:43:57,524000,11.454
2026/04/29 15:43:57,525000,11.454
2026/04/29 15:43:57,526000,11.454
2026/04/29 15:43:57,527000,11.448
2026/04/29 15:43:57,528000,11.448
2026/04/29 15:43:57,529000,11.454
2026/04/29 15:43:57,530000,11.448
2026/04/29 15:43:57,531000,11.448
2026/04/29 15:43:57,532000,11.448
2026/04/29 15:43:57,533000,11.448
2026/04/29 15:43:57,534000,11.443
2026/04/29 15:43:57,535000,11.448
2026/04/29 15:43:57,536000,11.451
2026/04/29 15:43:57,537000,11.454
2026/04/29 15:43:57,538000,11.448
2026/04/29 15:43:57,539000,11.448
2026/04/29 15:43:57,540000,11.448
2026/04/29 15:43:57,541000,11.448
2026/04/29 15:43:57,542000,11.451
2026/04/29 15:43:57,543000,11.451
2026/04/29 15:43:57,544000,11.445
2026/04/29 15:43:57,545000,11.451
2026/04/29 15:43:57,546000,11.448
2026/04/29 15:43:57,547000,11.443
2026/04/29 15:43:57,548000,11.448
2026/04/29 15:43:57,549000,11.448
2026/04/29 15:43:57,550000,11.448
2026/04/29 15:43:57,551000,11.457
2026/04/29 15:43:57,552000,11.451
2026/04/29 15:43:57,553000,11.454
2026/04/29 15:43:57,554000,11.448
2026/04/29 15:43:57,555000,11.459
2026/04/29 15:43:57,556000,11.443
2026/04/29 15:43:57,557000,11.451
2026/04/29 15:43:57,558000,11.448
2026/04/29 15:43:57,559000,11.445
2026/04/29 15:43:57,560000,11.448
2026/04/29 15:43:57,561000,11.451
2026/04/29 15:43:57,562000,11.448
2026/04/29 15:43:57,563000,11.454
2026/04/29 15:43:57,564000,11.448
2026/04/29 15:43:57,565000,11.451
2026/04/29 15:43:57,566000,11.445
2026/04/29 15:43:57,567000,11.451
2026/04/29 15:43:57,568000,11.451
2026/04/29 15:43:57,569000,11.454
2026/04/29 15:43:57,570000,11.448
2026/04/29 15:43:57,571000,11.448
2026/04/29 15:43:57,572000,11.448
2026/04/29 15:43:57,573000,11.448
2026/04/29 15:43:57,574000,11.459
2026/04/29 15:43:57,575000,11.448
2026/04/29 15:43:57,576000,11.445
2026/04/29 15:43:57,577000,11.445
2026/04/29 15:43:57,578000,11.451
2026/04/29 15:43:57,579000,11.448
2026/04/29 15:43:57,580000,11.448
2026/04/29 15:43:57,581000,11.448
2026/04/29 15:43:57,582000,11.445
2026/04/29 15:43:57,583000,11.451
2026/04/29 15:43:57,584000,11.448
2026/04/29 15:43:57,585000,11.454
2026/04/29 15:43:57,586000,11.448
2026/04/29 15:43:57,587000,11.454
2026/04/29 15:43:57,588000,11.448
2026/04/29 15:43:57,589000,11.448
2026/04/29 15:43:57,590000,11.448
2026/04/29 15:43:57,591000,11.448
2026/04/29 15:43:57,592000,11.443
2026/04/29 15:43:57,593000,11.448
2026/04/29 15:43:57,594000,11.448
2026/04/29 15:43:57,595000,11.451
2026/04/29 15:43:57,596000,11.448
2026/04/29 15:43:57,597000,11.445
2026/04/29 15:43:57,598000,11.448
2026/04/29 15:43:57,599000,11.451
2026/04/29 15:43:57,600000,11.451
2026/04/29 15:43:57,601000,11.448
2026/04/29 15:43:57,602000,11.448
2026/04/29 15:43:57,603000,11.448
2026/04/29 15:43:57,604000,11.451
2026/04/29 15:43:57,605000,11.451
2026/04/29 15:43:57,606000,11.454
2026/04/29 15:43:57,607000,11.448
2026/04/29 15:43:57,608000,11.454
2026/04/29 15:43:57,609000,11.451
2026/04/29 15:43:57,610000,11.448
2026/04/29 15:43:57,611000,11.448
2026/04/29 15:43:57,612000,11.454
2026/04/29 15:43:57,613000,11.448
2026/04/29 15:43:57,614000,11.451
2026/04/29 15:43:57,615000,11.448
2026/04/29 15:43:57,616000,11.448
2026/04/29 15:43:57,617000,11.448
2026/04/29 15:43:57,618000,11.448
2026/04/29 15:43:57,619000,11.448
2026/04/29 15:43:57,620000,11.448
2026/04/29 15:43:57,621000,11.443
2026/04/29 15:43:57,622000,11.448
2026/04/29 15:43:57,623000,11.454
2026/04/29 15:43:57,624000,11.454
2026/04/29 15:43:57,625000,11.451
2026/04/29 15:43:57,626000,11.448
2026/04/29 15:43:57,627000,11.451
2026/04/29 15:43:57,628000,11.451
2026/04/29 15:43:57,629000,11.454
2026/04/29 15:43:57,630000,11.451
2026/04/29 15:43:57,631000,11.440
2026/04/29 15:43:57,632000,11.448
2026/04/29 15:43:57,633000,11.448
2026/04/29 15:43:57,634000,11.448
2026/04/29 15:43:57,635000,11.451
2026/04/29 15:43:57,636000,11.454
2026/04/29 15:43:57,637000,11.445
2026/04/29 15:43:57,638000,11.448
2026/04/29 15:43:57,639000,11.448
2026/04/29 15:43:57,640000,11.454
2026/04/29 15:43:57,641000,11.443
2026/04/29 15:43:57,642000,11.448
2026/04/29 15:43:57,643000,11.451
2026/04/29 15:43:57,644000,11.445
2026/04/29 15:43:57,645000,11.451
2026/04/29 15:43:57,646000,11.445
2026/04/29 15:43:57,647000,11.454
2026/04/29 15:43:57,648000,11.448
2026/04/29 15:43:57,649000,11.454
2026/04/29 15:43:57,650000,11.448
2026/04/29 15:43:57,651000,11.443
2026/04/29 15:43:57,652000,11.445
2026/04/29 15:43:57,653000,11.445
2026/04/29 15:43:57,654000,11.451
2026/04/29 15:43:57,655000,11.451
2026/04/29 15:43:57,656000,11.454
2026/04/29 15:43:57,657000,11.448
2026/04/29 15:43:57,658000,11.448
2026/04/29 15:43:57,659000,11.448
2026/04/29 15:43:57,660000,11.448
2026/04/29 15:43:57,661000,11.443
2026/04/29 15:43:57,662000,11.448
2026/04/29 15:43:57,663000,11.448
2026/04/29 15:43:57,664000,11.445
2026/04/29 15:43:57,665000,11.448
2026/04/29 15:43:57,666000,11.448
2026/04/29 15:43:57,667000,11.451
2026/04/29 15:43:57,668000,11.448
2026/04/29 15:43:57,669000,11.451
2026/04/29 15:43:57,670000,11.457
2026/04/29 15:43:57,671000,11.448
2026/04/29 15:43:57,672000,11.448
2026/04/29 15:43:57,673000,11.454
2026/04/29 15:43:57,674000,11.454
2026/04/29 15:43:57,675000,11.457
2026/04/29 15:43:57,676000,11.443
2026/04/29 15:43:57,677000,11.448
2026/04/29 15:43:57,678000,11.448
2026/04/29 15:43:57,679000,11.454
2026/04/29 15:43:57,680000,11.448
2026/04/29 15:43:57,681000,11.448
2026/04/29 15:43:57,682000,11.443
2026/04/29 15:43:57,683000,11.451
2026/04/29 15:43:57,684000,11.445
2026/04/29 15:43:57,685000,11.451
2026/04/29 15:43:57,686000,11.451
2026/04/29 15:43:57,687000,11.445
2026/04/29 15:43:57,688000,11.448
2026/04/29 15:43:57,689000,11.448
2026/04/29 15:43:57,690000,11.448
2026/04/29 15:43:57,691000,11.445
2026/04/29 15:43:57,692000,11.443
2026/04/29 15:43:57,693000,11.445
2026/04/29 15:43:57,694000,11.451
2026/04/29 15:43:57,695000,11.454
2026/04/29 15:43:57,696000,11.448
2026/04/29 15:43:57,697000,11.451
2026/04/29 15:43:57,698000,11.454
2026/04/29 15:43:57,699000,11.445
2026/04/29 15:43:57,700000,11.445
2026/04/29 15:43:57,701000,11.451
2026/04/29 15:43:57,702000,11.440
2026/04/29 15:43:57,703000,11.448
2026/04/29 15:43:57,704000,11.451
2026/04/29 15:43:57,705000,11.448
2026/04/29 15:43:57,706000,11.451
2026/04/29 15:43:57,707000,11.454
2026/04/29 15:43:57,708000,11.454
2026/04/29 15:43:57,709000,11.445
2026/04/29 15:43:57,710000,11.448
2026/04/29 15:43:57,711000,11.445
2026/04/29 15:43:57,712000,11.448
2026/04/29 15:43:57,713000,11.448
2026/04/29 15:43:57,714000,11.451
2026/04/29 15:43:57,715000,11.448
2026/04/29 15:43:57,716000,11.448
2026/04/29 15:43:57,717000,11.454
2026/04/29 15:43:57,718000,11.448
2026/04/29 15:43:57,719000,11.459
2026/04/29 15:43:57,720000,11.448
2026/04/29 15:43:57,721000,11.451
2026/04/29 15:43:57,722000,11.445
2026/04/29 15:43:57,723000,11.443
2026/04/29 15:43:57,724000,11.451
2026/04/29 15:43:57,725000,11.454
2026/04/29 15:43:57,726000,11.454
2026/04/29 15:43:57,727000,11.451
2026/04/29 15:43:57,728000,11.448
2026/04/29 15:43:57,729000,11.448
2026/04/29 15:43:57,730000,11.445
2026/04/29 15:43:57,731000,11.448
2026/04/29 15:43:57,732000,11.448
2026/04/29 15:43:57,733000,11.454
2026/04/29 15:43:57,734000,11.448
2026/04/29 15:43:57,735000,11.457
2026/04/29 15:43:57,736000,11.448
2026/04/29 15:43:57,737000,11.451
2026/04/29 15:43:57,738000,11.448
2026/04/29 15:43:57,739000,11.448
2026/04/29 15:43:57,740000,11.454
2026/04/29 15:43:57,741000,11.457
2026/04/29 15:43:57,742000,11.443
2026/04/29 15:43:57,743000,11.448
2026/04/29 15:43:57,744000,11.445
2026/04/29 15:43:57,745000,11.445
2026/04/29 15:43:57,746000,11.451
2026/04/29 15:43:57,747000,11.448
2026/04/29 15:43:57,748000,11.445
2026/04/29 15:43:57,749000,11.448
2026/04/29 15:43:57,750000,11.448
2026/04/29 15:43:57,751000,11.448
2026/04/29 15:43:57,752000,11.451
2026/04/29 15:43:57,753000,11.448
2026/04/29 15:43:57,754000,11.451
2026/04/29 15:43:57,755000,11.443
2026/04/29 15:43:57,756000,11.448
2026/04/29 15:43:57,757000,11.454
2026/04/29 15:43:57,758000,11.448
2026/04/29 15:43:57,759000,11.448
2026/04/29 15:43:57,760000,11.451
2026/04/29 15:43:57,761000,11.445
2026/04/29 15:43:57,762000,11.445
2026/04/29 15:43:57,763000,11.448
2026/04/29 15:43:57,764000,11.451
2026/04/29 15:43:57,765000,11.448
2026/04/29 15:43:57,766000,11.454
2026/04/29 15:43:57,767000,11.448
2026/04/29 15:43:57,768000,11.448
2026/04/29 15:43:57,769000,11.451
2026/04/29 15:43:57,770000,11.448
2026/04/29 15:43:57,771000,11.448
2026/04/29 15:43:57,772000,11.448
2026/04/29 15:43:57,773000,11.448
2026/04/29 15:43:57,774000,11.451
2026/04/29 15:43:57,775000,11.445
2026/04/29 15:43:57,776000,11.445
2026/04/29 15:43:57,777000,11.445
2026/04/29 15:43:57,778000,11.448
2026/04/29 15:43:57,779000,11.448
2026/04/29 15:43:57,780000,11.445
2026/04/29 15:43:57,781000,11.448
2026/04/29 15:43:57,782000,11.445
2026/04/29 15:43:57,783000,11.448
2026/04/29 15:43:57,784000,11.448
2026/04/29 15:43:57,785000,11.454
2026/04/29 15:43:57,786000,11.451
2026/04/29 15:43:57,787000,11.445
2026/04/29 15:43:57,788000,11.445
2026/04/29 15:43:57,789000,11.448
2026/04/29 15:43:57,790000,11.445
2026/04/29 15:43:57,791000,11.451
2026/04/29 15:43:57,792000,11.448
2026/04/29 15:43:57,793000,11.448
2026/04/29 15:43:57,794000,11.451
2026/04/29 15:43:57,795000,11.448
2026/04/29 15:43:57,796000,11.448
2026/04/29 15:43:57,797000,11.445
2026/04/29 15:43:57,798000,11.451
2026/04/29 15:43:57,799000,11.448
2026/04/29 15:43:57,800000,11.454
2026/04/29 15:43:57,801000,11.448
2026/04/29 15:43:57,802000,11.448
2026/04/29 15:43:57,803000,11.445
2026/04/29 15:43:57,804000,11.443
2026/04/29 15:43:57,805000,11.454
2026/04/29 15:43:57,806000,11.445
2026/04/29 15:43:57,807000,11.448
2026/04/29 15:43:57,808000,11.445
2026/04/29 15:43:57,809000,11.448
2026/04/29 15:43:57,810000,11.445
2026/04/29 15:43:57,811000,11.454
2026/04/29 15:43:57,812000,11.451
2026/04/29 15:43:57,813000,11.448
2026/04/29 15:43:57,814000,11.457
2026/04/29 15:43:57,815000,11.448
2026/04/29 15:43:57,816000,11.445
2026/04/29 15:43:57,817000,11.451
2026/04/29 15:43:57,818000,11.451
2026/04/29 15:43:57,819000,11.451
2026/04/29 15:43:57,820000,11.454
2026/04/29 15:43:57,821000,11.448
2026/04/29 15:43:57,822000,11.451
2026/04/29 15:43:57,823000,11.457
2026/04/29 15:43:57,824000,11.451
2026/04/29 15:43:57,825000,11.445
2026/04/29 15:43:57,826000,11.448
2026/04/29 15:43:57,827000,11.443
2026/04/29 15:43:57,828000,11.448
2026/04/29 15:43:57,829000,11.448
2026/04/29 15:43:57,830000,11.448
2026/04/29 15:43:57,831000,11.448
2026/04/29 15:43:57,832000,11.448
2026/04/29 15:43:57,833000,11.454
2026/04/29 15:43:57,834000,11.451
2026/04/29 15:43:57,835000,11.448
2026/04/29 15:43:57,836000,11.443
2026/04/29 15:43:57,837000,11.445
2026/04/29 15:43:57,838000,11.451
2026/04/29 15:43:57,839000,11.454
2026/04/29 15:43:57,840000,11.451
2026/04/29 15:43:57,841000,11.448
2026/04/29 15:43:57,842000,11.448
2026/04/29 15:43:57,843000,11.445
2026/04/29 15:43:57,844000,11.448
2026/04/29 15:43:57,845000,11.448
2026/04/29 15:43:57,846000,11.457
2026/04/29 15:43:57,847000,11.454
2026/04/29 15:43:57,848000,11.451
2026/04/29 15:43:57,849000,11.448
2026/04/29 15:43:57,850000,11.445
2026/04/29 15:43:57,851000,11.448
2026/04/29 15:43:57,852000,11.448
2026/04/29 15:43:57,853000,11.451
2026/04/29 15:43:57,854000,11.454
2026/04/29 15:43:57,855000,11.445
2026/04/29 15:43:57,856000,11.448
2026/04/29 15:43:57,857000,11.451
2026/04/29 15:43:57,858000,11.454
2026/04/29 15:43:57,859000,11.454
2026/04/29 15:43:57,860000,11.454
2026/04/29 15:43:57,861000,11.448
2026/04/29 15:43:57,862000,11.448
2026/04/29 15:43:57,863000,11.445
2026/04/29 15:43:57,864000,11.451
2026/04/29 15:43:57,865000,11.451
2026/04/29 15:43:57,866000,11.451
2026/04/29 15:43:57,867000,11.451
2026/04/29 15:43:57,868000,11.448
2026/04/29 15:43:57,869000,11.451
2026/04/29 15:43:57,870000,11.451
2026/04/29 15:43:57,871000,11.448
2026/04/29 15:43:57,872000,11.448
2026/04/29 15:43:57,873000,11.448
2026/04/29 15:43:57,874000,11.448
2026/04/29 15:43:57,875000,11.451
2026/04/29 15:43:57,876000,11.448
2026/04/29 15:43:57,877000,11.448
2026/04/29 15:43:57,878000,11.448
2026/04/29 15:43:57,879000,11.448
2026/04/29 15:43:57,880000,11.448
2026/04/29 15:43:57,881000,11.448
2026/04/29 15:43:57,882000,11.451
2026/04/29 15:43:57,883000,11.445
2026/04/29 15:43:57,884000,11.448
2026/04/29 15:43:57,885000,11.454
2026/04/29 15:43:57,886000,11.448
2026/04/29 15:43:57,887000,11.448
2026/04/29 15:43:57,888000,11.454
2026/04/29 15:43:57,889000,11.451
2026/04/29 15:43:57,890000,11.448
2026/04/29 15:43:57,891000,11.448
2026/04/29 15:43:57,892000,11.457
2026/04/29 15:43:57,893000,11.454
2026/04/29 15:43:57,894000,11.454
2026/04/29 15:43:57,895000,11.454
2026/04/29 15:43:57,896000,11.448
2026/04/29 15:43:57,897000,11.448
2026/04/29 15:43:57,898000,11.451
2026/04/29 15:43:57,899000,11.445
2026/04/29 15:43:57,900000,11.454
2026/04/29 15:43:57,901000,11.448
2026/04/29 15:43:57,902000,11.451
2026/04/29 15:43:57,903000,11.451
2026/04/29 15:43:57,904000,11.451
2026/04/29 15:43:57,905000,11.445
2026/04/29 15:43:57,906000,11.448
2026/04/29 15:43:57,907000,11.448
2026/04/29 15:43:57,908000,11.448
2026/04/29 15:43:57,909000,11.454
2026/04/29 15:43:57,910000,11.448
2026/04/29 15:43:57,911000,11.445
2026/04/29 15:43:57,912000,11.443
2026/04/29 15:43:57,913000,11.451
2026/04/29 15:43:57,914000,11.451
2026/04/29 15:43:57,915000,11.451
2026/04/29 15:43:57,916000,11.448
2026/04/29 15:43:57,917000,11.454
2026/04/29 15:43:57,918000,11.448
2026/04/29 15:43:57,919000,11.448
2026/04/29 15:43:57,920000,11.448
2026/04/29 15:43:57,921000,11.448
2026/04/29 15:43:57,922000,11.451
2026/04/29 15:43:57,923000,11.459
2026/04/29 15:43:57,924000,11.448
2026/04/29 15:43:57,925000,11.448
2026/04/29 15:43:57,926000,11.451
2026/04/29 15:43:57,927000,11.451
2026/04/29 15:43:57,928000,11.451
2026/04/29 15:43:57,929000,11.454
2026/04/29 15:43:57,930000,11.454
2026/04/29 15:43:57,931000,11.451
2026/04/29 15:43:57,932000,11.448
2026/04/29 15:43:57,933000,11.448
2026/04/29 15:43:57,934000,11.448
2026/04/29 15:43:57,935000,11.451
2026/04/29 15:43:57,936000,11.451
2026/04/29 15:43:57,937000,11.451
2026/04/29 15:43:57,938000,11.448
2026/04/29 15:43:57,939000,11.448
2026/04/29 15:43:57,940000,11.451
2026/04/29 15:43:57,941000,11.454
2026/04/29 15:43:57,942000,11.448
2026/04/29 15:43:57,943000,11.454
2026/04/29 15:43:57,944000,11.445
2026/04/29 15:43:57,945000,11.454
2026/04/29 15:43:57,946000,11.448
2026/04/29 15:43:57,947000,11.448
2026/04/29 15:43:57,948000,11.448
2026/04/29 15:43:57,949000,11.454
2026/04/29 15:43:57,950000,11.454
2026/04/29 15:43:57,951000,11.443
2026/04/29 15:43:57,952000,11.448
2026/04/29 15:43:57,953000,11.457
2026/04/29 15:43:57,954000,11.448
2026/04/29 15:43:57,955000,11.451
2026/04/29 15:43:57,956000,11.448
2026/04/29 15:43:57,957000,11.451
2026/04/29 15:43:57,958000,11.448
2026/04/29 15:43:57,959000,11.448
2026/04/29 15:43:57,960000,11.445
2026/04/29 15:43:57,961000,11.451
2026/04/29 15:43:57,962000,11.454
2026/04/29 15:43:57,963000,11.454
2026/04/29 15:43:57,964000,11.443
2026/04/29 15:43:57,965000,11.448
2026/04/29 15:43:57,966000,11.454
2026/04/29 15:43:57,967000,11.454
2026/04/29 15:43:57,968000,11.454
2026/04/29 15:43:57,969000,11.454
2026/04/29 15:43:57,970000,11.448
2026/04/29 15:43:57,971000,11.448
2026/04/29 15:43:57,972000,11.448
2026/04/29 15:43:57,973000,11.448
2026/04/29 15:43:57,974000,11.448
2026/04/29 15:43:57,975000,11.445
2026/04/29 15:43:57,976000,11.448
2026/04/29 15:43:57,977000,11.448
2026/04/29 15:43:57,978000,11.451
2026/04/29 15:43:57,979000,11.448
2026/04/29 15:43:57,980000,11.451
2026/04/29 15:43:57,981000,11.451
2026/04/29 15:43:57,982000,11.451
2026/04/29 15:43:57,983000,11.448
2026/04/29 15:43:57,984000,11.454
2026/04/29 15:43:57,985000,11.451
2026/04/29 15:43:57,986000,11.457
2026/04/29 15:43:57,987000,11.448
2026/04/29 15:43:57,988000,11.448
2026/04/29 15:43:57,989000,11.457
2026/04/29 15:43:57,990000,11.448
2026/04/29 15:43:57,991000,11.451
2026/04/29 15:43:57,992000,11.459
2026/04/29 15:43:57,993000,11.457
2026/04/29 15:43:57,994000,11.457
2026/04/29 15:43:57,995000,11.454
2026/04/29 15:43:57,996000,11.445
2026/04/29 15:43:57,997000,11.454
2026/04/29 15:43:57,998000,11.448
2026/04/29 15:43:57,999000,11.448
2026/04/29 15:43:58,000000,11.448
2026/04/29 15:43:58,001000,11.454
2026/04/29 15:43:58,002000,11.454
2026/04/29 15:43:58,003000,11.454
2026/04/29 15:43:58,004000,11.457
2026/04/29 15:43:58,005000,11.457
2026/04/29 15:43:58,006000,11.454
2026/04/29 15:43:58,007000,11.448
2026/04/29 15:43:58,008000,11.448
2026/04/29 15:43:58,009000,11.454
2026/04/29 15:43:58,010000,11.454
2026/04/29 15:43:58,011000,11.457
2026/04/29 15:43:58,012000,11.454
2026/04/29 15:43:58,013000,11.448
2026/04/29 15:43:58,014000,11.445
2026/04/29 15:43:58,015000,11.457
2026/04/29 15:43:58,016000,11.448
2026/04/29 15:43:58,017000,11.451
2026/04/29 15:43:58,018000,11.457
2026/04/29 15:43:58,019000,11.459
2026/04/29 15:43:58,020000,11.451
2026/04/29 15:43:58,021000,11.448
2026/04/29 15:43:58,022000,11.451
2026/04/29 15:43:58,023000,11.457
2026/04/29 15:43:58,024000,11.454
2026/04/29 15:43:58,025000,11.451
2026/04/29 15:43:58,026000,11.454
2026/04/29 15:43:58,027000,11.451
2026/04/29 15:43:58,028000,11.448
2026/04/29 15:43:58,029000,11.454
2026/04/29 15:43:58,030000,11.457
2026/04/29 15:43:58,031000,11.454
2026/04/29 15:43:58,032000,11.448
2026/04/29 15:43:58,033000,11.457
2026/04/29 15:43:58,034000,11.448
2026/04/29 15:43:58,035000,11.451
2026/04/29 15:43:58,036000,11.448
2026/04/29 15:43:58,037000,11.448
2026/04/29 15:43:58,038000,11.451
2026/04/29 15:43:58,039000,11.457
2026/04/29 15:43:58,040000,11.448
2026/04/29 15:43:58,041000,11.451
2026/04/29 15:43:58,042000,11.457
2026/04/29 15:43:58,043000,11.454
2026/04/29 15:43:58,044000,11.454
2026/04/29 15:43:58,045000,11.451
2026/04/29 15:43:58,046000,11.451
2026/04/29 15:43:58,047000,11.454
2026/04/29 15:43:58,048000,11.451
2026/04/29 15:43:58,049000,11.448
2026/04/29 15:43:58,050000,11.451
2026/04/29 15:43:58,051000,11.459
2026/04/29 15:43:58,052000,11.454
2026/04/29 15:43:58,053000,11.454
2026/04/29 15:43:58,054000,11.451
2026/04/29 15:43:58,055000,11.457
2026/04/29 15:43:58,056000,11.448
2026/04/29 15:43:58,057000,11.451
2026/04/29 15:43:58,058000,11.445
2026/04/29 15:43:58,059000,11.448
2026/04/29 15:43:58,060000,11.454
2026/04/29 15:43:58,061000,11.454
2026/04/29 15:43:58,062000,11.448
2026/04/29 15:43:58,063000,11.451
2026/04/29 15:43:58,064000,11.451
2026/04/29 15:43:58,065000,11.448
2026/04/29 15:43:58,066000,11.445
2026/04/29 15:43:58,067000,11.451
2026/04/29 15:43:58,068000,11.445
2026/04/29 15:43:58,069000,11.451
2026/04/29 15:43:58,070000,11.451
2026/04/29 15:43:58,071000,11.448
2026/04/29 15:43:58,072000,11.457
2026/04/29 15:43:58,073000,11.454
2026/04/29 15:43:58,074000,11.451
2026/04/29 15:43:58,075000,11.451
2026/04/29 15:43:58,076000,11.457
2026/04/29 15:43:58,077000,11.451
2026/04/29 15:43:58,078000,11.454
2026/04/29 15:43:58,079000,11.454
2026/04/29 15:43:58,080000,11.448
2026/04/29 15:43:58,081000,11.445
2026/04/29 15:43:58,082000,11.454
2026/04/29 15:43:58,083000,11.454
2026/04/29 15:43:58,084000,11.454
2026/04/29 15:43:58,085000,11.454
2026/04/29 15:43:58,086000,11.457
2026/04/29 15:43:58,087000,11.451
2026/04/29 15:43:58,088000,11.454
2026/04/29 15:43:58,089000,11.445
2026/04/29 15:43:58,090000,11.454
2026/04/29 15:43:58,091000,11.457
2026/04/29 15:43:58,092000,11.454
2026/04/29 15:43:58,093000,11.448
2026/04/29 15:43:58,094000,11.454
2026/04/29 15:43:58,095000,11.454
2026/04/29 15:43:58,096000,11.451
2026/04/29 15:43:58,097000,11.451
2026/04/29 15:43:58,098000,11.457
2026/04/29 15:43:58,099000,11.454
2026/04/29 15:43:58,100000,11.454
2026/04/29 15:43:58,101000,11.448
2026/04/29 15:43:58,102000,11.457
2026/04/29 15:43:58,103000,11.454
2026/04/29 15:43:58,104000,11.457
2026/04/29 15:43:58,105000,11.454
2026/04/29 15:43:58,106000,11.445
2026/04/29 15:43:58,107000,11.448
2026/04/29 15:43:58,108000,11.448
2026/04/29 15:43:58,109000,11.451
2026/04/29 15:43:58,110000,11.451
2026/04/29 15:43:58,111000,11.457
2026/04/29 15:43:58,112000,11.451
2026/04/29 15:43:58,113000,11.451
2026/04/29 15:43:58,114000,11.445
2026/04/29 15:43:58,115000,11.454
2026/04/29 15:43:58,116000,11.454
2026/04/29 15:43:58,117000,11.457
2026/04/29 15:43:58,118000,11.451
2026/04/29 15:43:58,119000,11.448
2026/04/29 15:43:58,120000,11.454
2026/04/29 15:43:58,121000,11.454
2026/04/29 15:43:58,122000,11.454
2026/04/29 15:43:58,123000,11.448
2026/04/29 15:43:58,124000,11.451
2026/04/29 15:43:58,125000,11.448
2026/04/29 15:43:58,126000,11.454
2026/04/29 15:43:58,127000,11.451
2026/04/29 15:43:58,128000,11.448
2026/04/29 15:43:58,129000,11.445
2026/04/29 15:43:58,130000,11.448
2026/04/29 15:43:58,131000,11.451
2026/04/29 15:43:58,132000,11.451
2026/04/29 15:43:58,133000,11.448
2026/04/29 15:43:58,134000,11.451
2026/04/29 15:43:58,135000,11.443
2026/04/29 15:43:58,136000,11.454
2026/04/29 15:43:58,137000,11.451
2026/04/29 15:43:58,138000,11.454
2026/04/29 15:43:58,139000,11.448
2026/04/29 15:43:58,140000,11.448
2026/04/29 15:43:58,141000,11.448
2026/04/29 15:43:58,142000,11.454
2026/04/29 15:43:58,143000,11.451
2026/04/29 15:43:58,144000,11.448
2026/04/29 15:43:58,145000,11.448
2026/04/29 15:43:58,146000,11.451
2026/04/29 15:43:58,147000,11.454
2026/04/29 15:43:58,148000,11.448
2026/04/29 15:43:58,149000,11.454
2026/04/29 15:43:58,150000,11.448
2026/04/29 15:43:58,151000,11.454
2026/04/29 15:43:58,152000,11.445
2026/04/29 15:43:58,153000,11.451
2026/04/29 15:43:58,154000,11.451
2026/04/29 15:43:58,155000,11.448
2026/04/29 15:43:58,156000,11.451
2026/04/29 15:43:58,157000,11.448
2026/04/29 15:43:58,158000,11.448
2026/04/29 15:43:58,159000,11.448
2026/04/29 15:43:58,160000,11.451
2026/04/29 15:43:58,161000,11.451
2026/04/29 15:43:58,162000,11.448
2026/04/29 15:43:58,163000,11.454
2026/04/29 15:43:58,164000,11.451
2026/04/29 15:43:58,165000,11.448
2026/04/29 15:43:58,166000,11.448
2026/04/29 15:43:58,167000,11.451
2026/04/29 15:43:58,168000,11.454
2026/04/29 15:43:58,169000,11.451
2026/04/29 15:43:58,170000,11.448
2026/04/29 15:43:58,171000,11.448
2026/04/29 15:43:58,172000,11.457
2026/04/29 15:43:58,173000,11.448
2026/04/29 15:43:58,174000,11.448
2026/04/29 15:43:58,175000,11.451
2026/04/29 15:43:58,176000,11.448
2026/04/29 15:43:58,177000,11.451
2026/04/29 15:43:58,178000,11.448
2026/04/29 15:43:58,179000,11.454
2026/04/29 15:43:58,180000,11.454
2026/04/29 15:43:58,181000,11.454
2026/04/29 15:43:58,182000,11.451
2026/04/29 15:43:58,183000,11.454
2026/04/29 15:43:58,184000,11.454
2026/04/29 15:43:58,185000,11.448
2026/04/29 15:43:58,186000,11.448
2026/04/29 15:43:58,187000,11.448
2026/04/29 15:43:58,188000,11.454
2026/04/29 15:43:58,189000,11.454
2026/04/29 15:43:58,190000,11.445
2026/04/29 15:43:58,191000,11.457
2026/04/29 15:43:58,192000,11.451
2026/04/29 15:43:58,193000,11.454
2026/04/29 15:43:58,194000,11.445
2026/04/29 15:43:58,195000,11.451
2026/04/29 15:43:58,196000,11.451
2026/04/29 15:43:58,197000,11.445
2026/04/29 15:43:58,198000,11.454
2026/04/29 15:43:58,199000,11.448
2026/04/29 15:43:58,200000,11.451
2026/04/29 15:43:58,201000,11.443
2026/04/29 15:43:58,202000,11.448
2026/04/29 15:43:58,203000,11.454
2026/04/29 15:43:58,204000,11.451
2026/04/29 15:43:58,205000,11.448
2026/04/29 15:43:58,206000,11.451
2026/04/29 15:43:58,207000,11.448
2026/04/29 15:43:58,208000,11.445
2026/04/29 15:43:58,209000,11.448
2026/04/29 15:43:58,210000,11.457
2026/04/29 15:43:58,211000,11.448
2026/04/29 15:43:58,212000,11.445
2026/04/29 15:43:58,213000,11.443
2026/04/29 15:43:58,214000,11.448
2026/04/29 15:43:58,215000,11.448
2026/04/29 15:43:58,216000,11.448
2026/04/29 15:43:58,217000,11.448
2026/04/29 15:43:58,218000,11.454
2026/04/29 15:43:58,219000,11.448
2026/04/29 15:43:58,220000,11.454
2026/04/29 15:43:58,221000,11.448
2026/04/29 15:43:58,222000,11.454
2026/04/29 15:43:58,223000,11.443
2026/04/29 15:43:58,224000,11.443
2026/04/29 15:43:58,225000,11.451
2026/04/29 15:43:58,226000,11.443
2026/04/29 15:43:58,227000,11.457
2026/04/29 15:43:58,228000,11.451
2026/04/29 15:43:58,229000,11.457
2026/04/29 15:43:58,230000,11.454
2026/04/29 15:43:58,231000,11.448
2026/04/29 15:43:58,232000,11.454
2026/04/29 15:43:58,233000,11.448
2026/04/29 15:43:58,234000,11.448
2026/04/29 15:43:58,235000,11.451
2026/04/29 15:43:58,236000,11.459
2026/04/29 15:43:58,237000,11.448
2026/04/29 15:43:58,238000,11.454
2026/04/29 15:43:58,239000,11.443
2026/04/29 15:43:58,240000,11.448
2026/04/29 15:43:58,241000,11.448
2026/04/29 15:43:58,242000,11.445
2026/04/29 15:43:58,243000,11.451
2026/04/29 15:43:58,244000,11.445
2026/04/29 15:43:58,245000,11.445
2026/04/29 15:43:58,246000,11.448
2026/04/29 15:43:58,247000,11.448
2026/04/29 15:43:58,248000,11.451
2026/04/29 15:43:58,249000,11.451
2026/04/29 15:43:58,250000,11.448
2026/04/29 15:43:58,251000,11.454
2026/04/29 15:43:58,252000,11.451
2026/04/29 15:43:58,253000,11.451
2026/04/29 15:43:58,254000,11.448
2026/04/29 15:43:58,255000,11.451
2026/04/29 15:43:58,256000,11.451
2026/04/29 15:43:58,257000,11.454
2026/04/29 15:43:58,258000,11.448
2026/04/29 15:43:58,259000,11.445
2026/04/29 15:43:58,260000,11.443
2026/04/29 15:43:58,261000,11.448
2026/04/29 15:43:58,262000,11.451
2026/04/29 15:43:58,263000,11.448
2026/04/29 15:43:58,264000,11.454
2026/04/29 15:43:58,265000,11.448
2026/04/29 15:43:58,266000,11.454
2026/04/29 15:43:58,267000,11.445
2026/04/29 15:43:58,268000,11.454
2026/04/29 15:43:58,269000,11.448
2026/04/29 15:43:58,270000,11.445
2026/04/29 15:43:58,271000,11.445
2026/04/29 15:43:58,272000,11.451
2026/04/29 15:43:58,273000,11.451
2026/04/29 15:43:58,274000,11.457
2026/04/29 15:43:58,275000,11.448
2026/04/29 15:43:58,276000,11.454
2026/04/29 15:43:58,277000,11.448
2026/04/29 15:43:58,278000,11.448
2026/04/29 15:43:58,279000,11.454
2026/04/29 15:43:58,280000,11.451
2026/04/29 15:43:58,281000,11.454
2026/04/29 15:43:58,282000,11.457
2026/04/29 15:43:58,283000,11.448
2026/04/29 15:43:58,284000,11.457
2026/04/29 15:43:58,285000,11.448
2026/04/29 15:43:58,286000,11.454
2026/04/29 15:43:58,287000,11.445
2026/04/29 15:43:58,288000,11.454
2026/04/29 15:43:58,289000,11.443
2026/04/29 15:43:58,290000,11.451
2026/04/29 15:43:58,291000,11.451
2026/04/29 15:43:58,292000,11.451
2026/04/29 15:43:58,293000,11.445
2026/04/29 15:43:58,294000,11.454
2026/04/29 15:43:58,295000,11.448
2026/04/29 15:43:58,296000,11.448
2026/04/29 15:43:58,297000,11.454
2026/04/29 15:43:58,298000,11.451
2026/04/29 15:43:58,299000,11.454
2026/04/29 15:43:58,300000,11.454
2026/04/29 15:43:58,301000,11.451
2026/04/29 15:43:58,302000,11.448
2026/04/29 15:43:58,303000,11.451
2026/04/29 15:43:58,304000,11.448
2026/04/29 15:43:58,305000,11.448
2026/04/29 15:43:58,306000,11.445
2026/04/29 15:43:58,307000,11.454
2026/04/29 15:43:58,308000,11.448
2026/04/29 15:43:58,309000,11.448
2026/04/29 15:43:58,310000,11.454
2026/04/29 15:43:58,311000,11.451
2026/04/29 15:43:58,312000,11.448
2026/04/29 15:43:58,313000,11.454
2026/04/29 15:43:58,314000,11.445
2026/04/29 15:43:58,315000,11.454
2026/04/29 15:43:58,316000,11.454
2026/04/29 15:43:58,317000,11.451
2026/04/29 15:43:58,318000,11.448
2026/04/29 15:43:58,319000,11.448
2026/04/29 15:43:58,320000,11.451
2026/04/29 15:43:58,321000,11.445
2026/04/29 15:43:58,322000,11.454
2026/04/29 15:43:58,323000,11.457
2026/04/29 15:43:58,324000,11.457
2026/04/29 15:43:58,325000,11.451
2026/04/29 15:43:58,326000,11.451
2026/04/29 15:43:58,327000,11.454
2026/04/29 15:43:58,328000,11.451
2026/04/29 15:43:58,329000,11.457
2026/04/29 15:43:58,330000,11.454
2026/04/29 15:43:58,331000,11.448
2026/04/29 15:43:58,332000,11.448
2026/04/29 15:43:58,333000,11.451
2026/04/29 15:43:58,334000,11.451
2026/04/29 15:43:58,335000,11.448
2026/04/29 15:43:58,336000,11.448
2026/04/29 15:43:58,337000,11.454
2026/04/29 15:43:58,338000,11.451
2026/04/29 15:43:58,339000,11.448
2026/04/29 15:43:58,340000,11.448
2026/04/29 15:43:58,341000,11.448
2026/04/29 15:43:58,342000,11.448
2026/04/29 15:43:58,343000,11.451
2026/04/29 15:43:58,344000,11.448
2026/04/29 15:43:58,345000,11.454
2026/04/29 15:43:58,346000,11.448
2026/04/29 15:43:58,347000,11.448
2026/04/29 15:43:58,348000,11.451
2026/04/29 15:43:58,349000,11.448
2026/04/29 15:43:58,350000,11.448
2026/04/29 15:43:58,351000,11.451
2026/04/29 15:43:58,352000,11.457
2026/04/29 15:43:58,353000,11.445
2026/04/29 15:43:58,354000,11.451
2026/04/29 15:43:58,355000,11.457
2026/04/29 15:43:58,356000,11.451
2026/04/29 15:43:58,357000,11.454
2026/04/29 15:43:58,358000,11.448
2026/04/29 15:43:58,359000,11.448
2026/04/29 15:43:58,360000,11.448
2026/04/29 15:43:58,361000,11.448
2026/04/29 15:43:58,362000,11.454
2026/04/29 15:43:58,363000,11.445
2026/04/29 15:43:58,364000,11.445
2026/04/29 15:43:58,365000,11.451
2026/04/29 15:43:58,366000,11.448
2026/04/29 15:43:58,367000,11.448
2026/04/29 15:43:58,368000,11.454
2026/04/29 15:43:58,369000,11.448
2026/04/29 15:43:58,370000,11.454
2026/04/29 15:43:58,371000,11.448
2026/04/29 15:43:58,372000,11.454
2026/04/29 15:43:58,373000,11.454
2026/04/29 15:43:58,374000,11.448
2026/04/29 15:43:58,375000,11.454
2026/04/29 15:43:58,376000,11.448
2026/04/29 15:43:58,377000,11.445
2026/04/29 15:43:58,378000,11.454
2026/04/29 15:43:58,379000,11.462
2026/04/29 15:43:58,380000,11.454
2026/04/29 15:43:58,381000,11.451
2026/04/29 15:43:58,382000,11.457
2026/04/29 15:43:58,383000,11.445
2026/04/29 15:43:58,384000,11.451
2026/04/29 15:43:58,385000,11.448
2026/04/29 15:43:58,386000,11.443
2026/04/29 15:43:58,387000,11.448
2026/04/29 15:43:58,388000,11.451
2026/04/29 15:43:58,389000,11.451
2026/04/29 15:43:58,390000,11.445
2026/04/29 15:43:58,391000,11.457
2026/04/29 15:43:58,392000,11.454
2026/04/29 15:43:58,393000,11.448
2026/04/29 15:43:58,394000,11.454
2026/04/29 15:43:58,395000,11.448
2026/04/29 15:43:58,396000,11.454
2026/04/29 15:43:58,397000,11.454
2026/04/29 15:43:58,398000,11.448
2026/04/29 15:43:58,399000,11.454
2026/04/29 15:43:58,400000,11.457
2026/04/29 15:43:58,401000,11.454
2026/04/29 15:43:58,402000,11.451
2026/04/29 15:43:58,403000,11.457
2026/04/29 15:43:58,404000,11.454
2026/04/29 15:43:58,405000,11.457
2026/04/29 15:43:58,406000,11.451
2026/04/29 15:43:58,407000,11.451
2026/04/29 15:43:58,408000,11.448
2026/04/29 15:43:58,409000,11.451
2026/04/29 15:43:58,410000,11.448
2026/04/29 15:43:58,411000,11.448
2026/04/29 15:43:58,412000,11.451
2026/04/29 15:43:58,413000,11.448
2026/04/29 15:43:58,414000,11.448
2026/04/29 15:43:58,415000,11.448
2026/04/29 15:43:58,416000,11.448
2026/04/29 15:43:58,417000,11.451
2026/04/29 15:43:58,418000,11.445
2026/04/29 15:43:58,419000,11.454
2026/04/29 15:43:58,420000,11.451
2026/04/29 15:43:58,421000,11.451
2026/04/29 15:43:58,422000,11.445
2026/04/29 15:43:58,423000,11.454
2026/04/29 15:43:58,424000,11.448
2026/04/29 15:43:58,425000,11.445
2026/04/29 15:43:58,426000,11.454
2026/04/29 15:43:58,427000,11.448
2026/04/29 15:43:58,428000,11.451
2026/04/29 15:43:58,429000,11.448
2026/04/29 15:43:58,430000,11.457
2026/04/29 15:43:58,431000,11.454
2026/04/29 15:43:58,432000,11.448
2026/04/29 15:43:58,433000,11.448
2026/04/29 15:43:58,434000,11.451
2026/04/29 15:43:58,435000,11.451
2026/04/29 15:43:58,436000,11.451
2026/04/29 15:43:58,437000,11.454
2026/04/29 15:43:58,438000,11.445
2026/04/29 15:43:58,439000,11.448
2026/04/29 15:43:58,440000,11.457
2026/04/29 15:43:58,441000,11.454
2026/04/29 15:43:58,442000,11.445
2026/04/29 15:43:58,443000,11.454
2026/04/29 15:43:58,444000,11.451
2026/04/29 15:43:58,445000,11.448
2026/04/29 15:43:58,446000,11.454
2026/04/29 15:43:58,447000,11.457
2026/04/29 15:43:58,448000,11.448
2026/04/29 15:43:58,449000,11.448
2026/04/29 15:43:58,450000,11.451
2026/04/29 15:43:58,451000,11.445
2026/04/29 15:43:58,452000,11.448
2026/04/29 15:43:58,453000,11.454
2026/04/29 15:43:58,454000,11.454
2026/04/29 15:43:58,455000,11.454
2026/04/29 15:43:58,456000,11.454
2026/04/29 15:43:58,457000,11.454
2026/04/29 15:43:58,458000,11.451
2026/04/29 15:43:58,459000,11.451
2026/04/29 15:43:58,460000,11.457
2026/04/29 15:43:58,461000,11.454
2026/04/29 15:43:58,462000,11.459
2026/04/29 15:43:58,463000,11.448
2026/04/29 15:43:58,464000,11.454
2026/04/29 15:43:58,465000,11.448
2026/04/29 15:43:58,466000,11.457
2026/04/29 15:43:58,467000,11.457
2026/04/29 15:43:58,468000,11.454
2026/04/29 15:43:58,469000,11.457
2026/04/29 15:43:58,470000,11.451
2026/04/29 15:43:58,471000,11.454
2026/04/29 15:43:58,472000,11.448
2026/04/29 15:43:58,473000,11.448
2026/04/29 15:43:58,474000,11.445
2026/04/29 15:43:58,475000,11.454
2026/04/29 15:43:58,476000,11.454
2026/04/29 15:43:58,477000,11.448
2026/04/29 15:43:58,478000,11.454
2026/04/29 15:43:58,479000,11.451
2026/04/29 15:43:58,480000,11.454
2026/04/29 15:43:58,481000,11.451
2026/04/29 15:43:58,482000,11.454
2026/04/29 15:43:58,483000,11.451
2026/04/29 15:43:58,484000,11.454
2026/04/29 15:43:58,485000,11.448
2026/04/29 15:43:58,486000,11.454
2026/04/29 15:43:58,487000,11.454
2026/04/29 15:43:58,488000,11.454
2026/04/29 15:43:58,489000,11.451
2026/04/29 15:43:58,490000,11.454
2026/04/29 15:43:58,491000,11.445
2026/04/29 15:43:58,492000,11.454
2026/04/29 15:43:58,493000,11.451
2026/04/29 15:43:58,494000,11.459
2026/04/29 15:43:58,495000,11.451
2026/04/29 15:43:58,496000,11.448
2026/04/29 15:43:58,497000,11.443
2026/04/29 15:43:58,498000,11.459
2026/04/29 15:43:58,499000,11.457
2026/04/29 15:43:58,500000,11.454
2026/04/29 15:43:58,501000,11.448
2026/04/29 15:43:58,502000,11.448
2026/04/29 15:43:58,503000,11.454
2026/04/29 15:43:58,504000,11.448
2026/04/29 15:43:58,505000,11.454
2026/04/29 15:43:58,506000,11.457
2026/04/29 15:43:58,507000,11.451
2026/04/29 15:43:58,508000,11.454
2026/04/29 15:43:58,509000,11.457
2026/04/29 15:43:58,510000,11.445
2026/04/29 15:43:58,511000,11.451
2026/04/29 15:43:58,512000,11.457
2026/04/29 15:43:58,513000,11.451
2026/04/29 15:43:58,514000,11.454
2026/04/29 15:43:58,515000,11.451
2026/04/29 15:43:58,516000,11.448
2026/04/29 15:43:58,517000,11.454
2026/04/29 15:43:58,518000,11.454
2026/04/29 15:43:58,519000,11.448
2026/04/29 15:43:58,520000,11.443
2026/04/29 15:43:58,521000,11.448
2026/04/29 15:43:58,522000,11.448
2026/04/29 15:43:58,523000,11.454
2026/04/29 15:43:58,524000,11.451
2026/04/29 15:43:58,525000,11.457
2026/04/29 15:43:58,526000,11.448
2026/04/29 15:43:58,527000,11.440
2026/04/29 15:43:58,528000,11.451
2026/04/29 15:43:58,529000,11.445
2026/04/29 15:43:58,530000,11.457
2026/04/29 15:43:58,531000,11.448
2026/04/29 15:43:58,532000,11.454
2026/04/29 15:43:58,533000,11.451
2026/04/29 15:43:58,534000,11.457
2026/04/29 15:43:58,535000,11.451
2026/04/29 15:43:58,536000,11.454
2026/04/29 15:43:58,537000,11.454
2026/04/29 15:43:58,538000,11.454
2026/04/29 15:43:58,539000,11.454
2026/04/29 15:43:58,540000,11.451
2026/04/29 15:43:58,541000,11.454
2026/04/29 15:43:58,542000,11.454
2026/04/29 15:43:58,543000,11.448
2026/04/29 15:43:58,544000,11.457
2026/04/29 15:43:58,545000,11.448
2026/04/29 15:43:58,546000,11.454
2026/04/29 15:43:58,547000,11.451
2026/04/29 15:43:58,548000,11.454
2026/04/29 15:43:58,549000,11.454
2026/04/29 15:43:58,550000,11.451
2026/04/29 15:43:58,551000,11.457
2026/04/29 15:43:58,552000,11.445
2026/04/29 15:43:58,553000,11.451
2026/04/29 15:43:58,554000,11.445
2026/04/29 15:43:58,555000,11.454
2026/04/29 15:43:58,556000,11.457
2026/04/29 15:43:58,557000,11.454
2026/04/29 15:43:58,558000,11.451
2026/04/29 15:43:58,559000,11.454
2026/04/29 15:43:58,560000,11.451
2026/04/29 15:43:58,561000,11.454
2026/04/29 15:43:58,562000,11.451
2026/04/29 15:43:58,563000,11.448
2026/04/29 15:43:58,564000,11.457
2026/04/29 15:43:58,565000,11.454
2026/04/29 15:43:58,566000,11.454
2026/04/29 15:43:58,567000,11.454
2026/04/29 15:43:58,568000,11.454
2026/04/29 15:43:58,569000,11.451
2026/04/29 15:43:58,570000,11.454
2026/04/29 15:43:58,571000,11.454
2026/04/29 15:43:58,572000,11.451
2026/04/29 15:43:58,573000,11.448
2026/04/29 15:43:58,574000,11.448
2026/04/29 15:43:58,575000,11.451
2026/04/29 15:43:58,576000,11.445
2026/04/29 15:43:58,577000,11.457
2026/04/29 15:43:58,578000,11.454
2026/04/29 15:43:58,579000,11.451
2026/04/29 15:43:58,580000,11.457
2026/04/29 15:43:58,581000,11.451
2026/04/29 15:43:58,582000,11.454
2026/04/29 15:43:58,583000,11.451
2026/04/29 15:43:58,584000,11.454
2026/04/29 15:43:58,585000,11.451
2026/04/29 15:43:58,586000,11.457
2026/04/29 15:43:58,587000,11.454
2026/04/29 15:43:58,588000,11.457
2026/04/29 15:43:58,589000,11.454
2026/04/29 15:43:58,590000,11.454
2026/04/29 15:43:58,591000,11.451
2026/04/29 15:43:58,592000,11.448
2026/04/29 15:43:58,593000,11.457
2026/04/29 15:43:58,594000,11.448
2026/04/29 15:43:58,595000,11.454
2026/04/29 15:43:58,596000,11.448
2026/04/29 15:43:58,597000,11.454
2026/04/29 15:43:58,598000,11.451
2026/04/29 15:43:58,599000,11.448
2026/04/29 15:43:58,600000,11.457
2026/04/29 15:43:58,601000,11.448
2026/04/29 15:43:58,602000,11.454
2026/04/29 15:43:58,603000,11.451
2026/04/29 15:43:58,604000,11.459
2026/04/29 15:43:58,605000,11.445
2026/04/29 15:43:58,606000,11.451
2026/04/29 15:43:58,607000,11.457
2026/04/29 15:43:58,608000,11.454
2026/04/29 15:43:58,609000,11.454
2026/04/29 15:43:58,610000,11.457
2026/04/29 15:43:58,611000,11.451
2026/04/29 15:43:58,612000,11.451
2026/04/29 15:43:58,613000,11.457
2026/04/29 15:43:58,614000,11.451
2026/04/29 15:43:58,615000,11.448
2026/04/29 15:43:58,616000,11.454
2026/04/29 15:43:58,617000,11.457
2026/04/29 15:43:58,618000,11.448
2026/04/29 15:43:58,619000,11.448
2026/04/29 15:43:58,620000,11.451
2026/04/29 15:43:58,621000,11.451
2026/04/29 15:43:58,622000,11.445
2026/04/29 15:43:58,623000,11.457
2026/04/29 15:43:58,624000,11.454
2026/04/29 15:43:58,625000,11.451
2026/04/29 15:43:58,626000,11.451
2026/04/29 15:43:58,627000,11.454
2026/04/29 15:43:58,628000,11.445
2026/04/29 15:43:58,629000,11.457
2026/04/29 15:43:58,630000,11.454
2026/04/29 15:43:58,631000,11.448
2026/04/29 15:43:58,632000,11.451
2026/04/29 15:43:58,633000,11.454
2026/04/29 15:43:58,634000,11.451
2026/04/29 15:43:58,635000,11.457
2026/04/29 15:43:58,636000,11.454
2026/04/29 15:43:58,637000,11.448
2026/04/29 15:43:58,638000,11.448
2026/04/29 15:43:58,639000,11.443
2026/04/29 15:43:58,640000,11.454
2026/04/29 15:43:58,641000,11.457
2026/04/29 15:43:58,642000,11.457
2026/04/29 15:43:58,643000,11.454
2026/04/29 15:43:58,644000,11.445
2026/04/29 15:43:58,645000,11.448
2026/04/29 15:43:58,646000,11.454
2026/04/29 15:43:58,647000,11.448
2026/04/29 15:43:58,648000,11.451
2026/04/29 15:43:58,649000,11.451
2026/04/29 15:43:58,650000,11.451
2026/04/29 15:43:58,651000,11.451
2026/04/29 15:43:58,652000,11.457
2026/04/29 15:43:58,653000,11.454
2026/04/29 15:43:58,654000,11.454
2026/04/29 15:43:58,655000,11.445
2026/04/29 15:43:58,656000,11.445
2026/04/29 15:43:58,657000,11.451
2026/04/29 15:43:58,658000,11.459
2026/04/29 15:43:58,659000,11.451
2026/04/29 15:43:58,660000,11.445
2026/04/29 15:43:58,661000,11.454
2026/04/29 15:43:58,662000,11.454
2026/04/29 15:43:58,663000,11.451
2026/04/29 15:43:58,664000,11.454
2026/04/29 15:43:58,665000,11.454
2026/04/29 15:43:58,666000,11.451
2026/04/29 15:43:58,667000,11.454
2026/04/29 15:43:58,668000,11.448
2026/04/29 15:43:58,669000,11.457
2026/04/29 15:43:58,670000,11.454
2026/04/29 15:43:58,671000,11.454
2026/04/29 15:43:58,672000,11.454
2026/04/29 15:43:58,673000,11.451
2026/04/29 15:43:58,674000,11.448
2026/04/29 15:43:58,675000,11.457
2026/04/29 15:43:58,676000,11.454
2026/04/29 15:43:58,677000,11.451
2026/04/29 15:43:58,678000,11.448
2026/04/29 15:43:58,679000,11.451
2026/04/29 15:43:58,680000,11.445
2026/04/29 15:43:58,681000,11.448
2026/04/29 15:43:58,682000,11.454
2026/04/29 15:43:58,683000,11.457
2026/04/29 15:43:58,684000,11.457
2026/04/29 15:43:58,685000,11.445
2026/04/29 15:43:58,686000,11.451
2026/04/29 15:43:58,687000,11.448
2026/04/29 15:43:58,688000,11.451
2026/04/29 15:43:58,689000,11.451
2026/04/29 15:43:58,690000,11.457
2026/04/29 15:43:58,691000,11.457
2026/04/29 15:43:58,692000,11.457
2026/04/29 15:43:58,693000,11.445
2026/04/29 15:43:58,694000,11.454
2026/04/29 15:43:58,695000,11.448
2026/04/29 15:43:58,696000,11.454
2026/04/29 15:43:58,697000,11.451
2026/04/29 15:43:58,698000,11.448
2026/04/29 15:43:58,699000,11.459
2026/04/29 15:43:58,700000,11.448
2026/04/29 15:43:58,701000,11.454
2026/04/29 15:43:58,702000,11.457
2026/04/29 15:43:58,703000,11.448
2026/04/29 15:43:58,704000,11.448
2026/04/29 15:43:58,705000,11.459
2026/04/29 15:43:58,706000,11.457
2026/04/29 15:43:58,707000,11.451
2026/04/29 15:43:58,708000,11.454
2026/04/29 15:43:58,709000,11.454
2026/04/29 15:43:58,710000,11.448
2026/04/29 15:43:58,711000,11.454
2026/04/29 15:43:58,712000,11.448
2026/04/29 15:43:58,713000,11.448
2026/04/29 15:43:58,714000,11.448
2026/04/29 15:43:58,715000,11.448
2026/04/29 15:43:58,716000,11.448
2026/04/29 15:43:58,717000,11.454
2026/04/29 15:43:58,718000,11.448
2026/04/29 15:43:58,719000,11.445
2026/04/29 15:43:58,720000,11.451
2026/04/29 15:43:58,721000,11.457
2026/04/29 15:43:58,722000,11.451
2026/04/29 15:43:58,723000,11.454
2026/04/29 15:43:58,724000,11.448
2026/04/29 15:43:58,725000,11.454
2026/04/29 15:43:58,726000,11.454
2026/04/29 15:43:58,727000,11.451
2026/04/29 15:43:58,728000,11.457
2026/04/29 15:43:58,729000,11.448
2026/04/29 15:43:58,730000,11.457
2026/04/29 15:43:58,731000,11.451
2026/04/29 15:43:58,732000,11.451
2026/04/29 15:43:58,733000,11.454
2026/04/29 15:43:58,734000,11.457
2026/04/29 15:43:58,735000,11.451
2026/04/29 15:43:58,736000,11.451
2026/04/29 15:43:58,737000,11.454
2026/04/29 15:43:58,738000,11.454
2026/04/29 15:43:58,739000,11.457
2026/04/29 15:43:58,740000,11.454
2026/04/29 15:43:58,741000,11.451
2026/04/29 15:43:58,742000,11.451
2026/04/29 15:43:58,743000,11.448
2026/04/29 15:43:58,744000,11.451
2026/04/29 15:43:58,745000,11.454
2026/04/29 15:43:58,746000,11.448
2026/04/29 15:43:58,747000,11.454
2026/04/29 15:43:58,748000,11.454
2026/04/29 15:43:58,749000,11.451
2026/04/29 15:43:58,750000,11.454
2026/04/29 15:43:58,751000,11.448
2026/04/29 15:43:58,752000,11.459
2026/04/29 15:43:58,753000,11.454
2026/04/29 15:43:58,754000,11.454
2026/04/29 15:43:58,755000,11.448
2026/04/29 15:43:58,756000,11.451
2026/04/29 15:43:58,757000,11.451
2026/04/29 15:43:58,758000,11.457
2026/04/29 15:43:58,759000,11.451
2026/04/29 15:43:58,760000,11.457
2026/04/29 15:43:58,761000,11.454
2026/04/29 15:43:58,762000,11.459
2026/04/29 15:43:58,763000,11.448
2026/04/29 15:43:58,764000,11.448
2026/04/29 15:43:58,765000,11.454
2026/04/29 15:43:58,766000,11.454
2026/04/29 15:43:58,767000,11.454
2026/04/29 15:43:58,768000,11.451
2026/04/29 15:43:58,769000,11.457
2026/04/29 15:43:58,770000,11.454
2026/04/29 15:43:58,771000,11.451
2026/04/29 15:43:58,772000,11.454
2026/04/29 15:43:58,773000,11.451
2026/04/29 15:43:58,774000,11.451
2026/04/29 15:43:58,775000,11.454
2026/04/29 15:43:58,776000,11.448
2026/04/29 15:43:58,777000,11.454
2026/04/29 15:43:58,778000,11.451
2026/04/29 15:43:58,779000,11.454
2026/04/29 15:43:58,780000,11.457
2026/04/29 15:43:58,781000,11.457
2026/04/29 15:43:58,782000,11.454
2026/04/29 15:43:58,783000,11.451
2026/04/29 15:43:58,784000,11.451
2026/04/29 15:43:58,785000,11.454
2026/04/29 15:43:58,786000,11.445
2026/04/29 15:43:58,787000,11.457
2026/04/29 15:43:58,788000,11.459
2026/04/29 15:43:58,789000,11.451
2026/04/29 15:43:58,790000,11.459
2026/04/29 15:43:58,791000,11.451
2026/04/29 15:43:58,792000,11.454
2026/04/29 15:43:58,793000,11.451
2026/04/29 15:43:58,794000,11.465
2026/04/29 15:43:58,795000,11.457
2026/04/29 15:43:58,796000,11.448
2026/04/29 15:43:58,797000,11.454
2026/04/29 15:43:58,798000,11.454
2026/04/29 15:43:58,799000,11.454
2026/04/29 15:43:58,800000,11.451
2026/04/29 15:43:58,801000,11.448
2026/04/29 15:43:58,802000,11.451
2026/04/29 15:43:58,803000,11.448
2026/04/29 15:43:58,804000,11.448
2026/04/29 15:43:58,805000,11.451
2026/04/29 15:43:58,806000,11.457
2026/04/29 15:43:58,807000,11.454
2026/04/29 15:43:58,808000,11.454
2026/04/29 15:43:58,809000,11.457
2026/04/29 15:43:58,810000,11.451
2026/04/29 15:43:58,811000,11.448
2026/04/29 15:43:58,812000,11.454
2026/04/29 15:43:58,813000,11.448
2026/04/29 15:43:58,814000,11.454
2026/04/29 15:43:58,815000,11.451
2026/04/29 15:43:58,816000,11.457
2026/04/29 15:43:58,817000,11.448
2026/04/29 15:43:58,818000,11.459
2026/04/29 15:43:58,819000,11.448
2026/04/29 15:43:58,820000,11.448
2026/04/29 15:43:58,821000,11.445
2026/04/29 15:43:58,822000,11.451
2026/04/29 15:43:58,823000,11.454
2026/04/29 15:43:58,824000,11.451
2026/04/29 15:43:58,825000,11.445
2026/04/29 15:43:58,826000,11.454
2026/04/29 15:43:58,827000,11.448
2026/04/29 15:43:58,828000,11.459
2026/04/29 15:43:58,829000,11.451
2026/04/29 15:43:58,830000,11.459
2026/04/29 15:43:58,831000,11.451
2026/04/29 15:43:58,832000,11.457
2026/04/29 15:43:58,833000,11.457
2026/04/29 15:43:58,834000,11.457
2026/04/29 15:43:58,835000,11.457
2026/04/29 15:43:58,836000,11.457
2026/04/29 15:43:58,837000,11.457
2026/04/29 15:43:58,838000,11.448
2026/04/29 15:43:58,839000,11.454
2026/04/29 15:43:58,840000,11.448
2026/04/29 15:43:58,841000,11.451
2026/04/29 15:43:58,842000,11.459
2026/04/29 15:43:58,843000,11.451
2026/04/29 15:43:58,844000,11.451
2026/04/29 15:43:58,845000,11.454
2026/04/29 15:43:58,846000,11.451
2026/04/29 15:43:58,847000,11.451
2026/04/29 15:43:58,848000,11.457
2026/04/29 15:43:58,849000,11.457
2026/04/29 15:43:58,850000,11.454
2026/04/29 15:43:58,851000,11.443
2026/04/29 15:43:58,852000,11.451
2026/04/29 15:43:58,853000,11.457
2026/04/29 15:43:58,854000,11.451
2026/04/29 15:43:58,855000,11.454
2026/04/29 15:43:58,856000,11.459
2026/04/29 15:43:58,857000,11.457
2026/04/29 15:43:58,858000,11.454
2026/04/29 15:43:58,859000,11.454
2026/04/29 15:43:58,860000,11.454
2026/04/29 15:43:58,861000,11.448
2026/04/29 15:43:58,862000,11.451
2026/04/29 15:43:58,863000,11.448
2026/04/29 15:43:58,864000,11.451
2026/04/29 15:43:58,865000,11.454
2026/04/29 15:43:58,866000,11.451
2026/04/29 15:43:58,867000,11.448
2026/04/29 15:43:58,868000,11.445
2026/04/29 15:43:58,869000,11.451
2026/04/29 15:43:58,870000,11.445
2026/04/29 15:43:58,871000,11.459
2026/04/29 15:43:58,872000,11.457
2026/04/29 15:43:58,873000,11.451
2026/04/29 15:43:58,874000,11.451
2026/04/29 15:43:58,875000,11.454
2026/04/29 15:43:58,876000,11.451
2026/04/29 15:43:58,877000,11.454
2026/04/29 15:43:58,878000,11.451
2026/04/29 15:43:58,879000,11.471
2026/04/29 15:43:58,880000,11.451
2026/04/29 15:43:58,881000,11.451
2026/04/29 15:43:58,882000,11.459
2026/04/29 15:43:58,883000,11.459
2026/04/29 15:43:58,884000,11.448
2026/04/29 15:43:58,885000,11.445
2026/04/29 15:43:58,886000,11.454
2026/04/29 15:43:58,887000,11.454
2026/04/29 15:43:58,888000,11.454
2026/04/29 15:43:58,889000,11.459
2026/04/29 15:43:58,890000,11.457
2026/04/29 15:43:58,891000,11.454
2026/04/29 15:43:58,892000,11.451
2026/04/29 15:43:58,893000,11.454
2026/04/29 15:43:58,894000,11.448
2026/04/29 15:43:58,895000,11.457
2026/04/29 15:43:58,896000,11.459
2026/04/29 15:43:58,897000,11.454
2026/04/29 15:43:58,898000,11.454
2026/04/29 15:43:58,899000,11.454
2026/04/29 15:43:58,900000,11.457
2026/04/29 15:43:58,901000,11.457
2026/04/29 15:43:58,902000,11.454
2026/04/29 15:43:58,903000,11.451
2026/04/29 15:43:58,904000,11.454
2026/04/29 15:43:58,905000,11.454
2026/04/29 15:43:58,906000,11.454
2026/04/29 15:43:58,907000,11.454
2026/04/29 15:43:58,908000,11.457
2026/04/29 15:43:58,909000,11.454
2026/04/29 15:43:58,910000,11.454
2026/04/29 15:43:58,911000,11.448
2026/04/29 15:43:58,912000,11.445
2026/04/29 15:43:58,913000,11.459
2026/04/29 15:43:58,914000,11.451
2026/04/29 15:43:58,915000,11.445
2026/04/29 15:43:58,916000,11.454
2026/04/29 15:43:58,917000,11.454
2026/04/29 15:43:58,918000,11.459
2026/04/29 15:43:58,919000,11.454
2026/04/29 15:43:58,920000,11.448
2026/04/29 15:43:58,921000,11.454
2026/04/29 15:43:58,922000,11.454
2026/04/29 15:43:58,923000,11.451
2026/04/29 15:43:58,924000,11.451
2026/04/29 15:43:58,925000,11.445
2026/04/29 15:43:58,926000,11.457
2026/04/29 15:43:58,927000,11.454
2026/04/29 15:43:58,928000,11.457
2026/04/29 15:43:58,929000,11.451
2026/04/29 15:43:58,930000,11.451
2026/04/29 15:43:58,931000,11.459
2026/04/29 15:43:58,932000,11.454
2026/04/29 15:43:58,933000,11.459
2026/04/29 15:43:58,934000,11.451
2026/04/29 15:43:58,935000,11.457
2026/04/29 15:43:58,936000,11.459
2026/04/29 15:43:58,937000,11.459
2026/04/29 15:43:58,938000,11.451
2026/04/29 15:43:58,939000,11.454
2026/04/29 15:43:58,940000,11.451
2026/04/29 15:43:58,941000,11.448
2026/04/29 15:43:58,942000,11.451
2026/04/29 15:43:58,943000,11.457
2026/04/29 15:43:58,944000,11.451
2026/04/29 15:43:58,945000,11.459
2026/04/29 15:43:58,946000,11.454
2026/04/29 15:43:58,947000,11.457
2026/04/29 15:43:58,948000,11.448
2026/04/29 15:43:58,949000,11.454
2026/04/29 15:43:58,950000,11.457
2026/04/29 15:43:58,951000,11.454
2026/04/29 15:43:58,952000,11.459
2026/04/29 15:43:58,953000,11.457
2026/04/29 15:43:58,954000,11.454
2026/04/29 15:43:58,955000,11.459
2026/04/29 15:43:58,956000,11.457
2026/04/29 15:43:58,957000,11.457
2026/04/29 15:43:58,958000,11.451
2026/04/29 15:43:58,959000,11.454
2026/04/29 15:43:58,960000,11.451
2026/04/29 15:43:58,961000,11.454
2026/04/29 15:43:58,962000,11.451
2026/04/29 15:43:58,963000,11.451
2026/04/29 15:43:58,964000,11.448
2026/04/29 15:43:58,965000,11.448
2026/04/29 15:43:58,966000,11.448
2026/04/29 15:43:58,967000,11.451
2026/04/29 15:43:58,968000,11.451
2026/04/29 15:43:58,969000,11.451
2026/04/29 15:43:58,970000,11.448
2026/04/29 15:43:58,971000,11.454
2026/04/29 15:43:58,972000,11.457
2026/04/29 15:43:58,973000,11.454
2026/04/29 15:43:58,974000,11.454
2026/04/29 15:43:58,975000,11.448
2026/04/29 15:43:58,976000,11.451
2026/04/29 15:43:58,977000,11.454
2026/04/29 15:43:58,978000,11.454
2026/04/29 15:43:58,979000,11.459
2026/04/29 15:43:58,980000,11.448
2026/04/29 15:43:58,981000,11.457
2026/04/29 15:43:58,982000,11.457
2026/04/29 15:43:58,983000,11.459
2026/04/29 15:43:58,984000,11.459
2026/04/29 15:43:58,985000,11.454
2026/04/29 15:43:58,986000,11.451
2026/04/29 15:43:58,987000,11.454
2026/04/29 15:43:58,988000,11.454
2026/04/29 15:43:58,989000,11.454
2026/04/29 15:43:58,990000,11.454
2026/04/29 15:43:58,991000,11.459
2026/04/29 15:43:58,992000,11.454
2026/04/29 15:43:58,993000,11.454
2026/04/29 15:43:58,994000,11.451
2026/04/29 15:43:58,995000,11.454
2026/04/29 15:43:58,996000,11.459
2026/04/29 15:43:58,997000,11.457
2026/04/29 15:43:58,998000,11.451
2026/04/29 15:43:58,999000,11.457
2026/04/29 15:43:59,000000,11.459
2026/04/29 15:43:59,001000,11.457
2026/04/29 15:43:59,002000,11.451
2026/04/29 15:43:59,003000,11.454
2026/04/29 15:43:59,004000,11.451
2026/04/29 15:43:59,005000,11.454
2026/04/29 15:43:59,006000,11.457
2026/04/29 15:43:59,007000,11.445
2026/04/29 15:43:59,008000,11.454
2026/04/29 15:43:59,009000,11.451
2026/04/29 15:43:59,010000,11.451
2026/04/29 15:43:59,011000,11.454
2026/04/29 15:43:59,012000,11.454
2026/04/29 15:43:59,013000,11.454
2026/04/29 15:43:59,014000,11.448
2026/04/29 15:43:59,015000,11.448
2026/04/29 15:43:59,016000,11.454
2026/04/29 15:43:59,017000,11.454
2026/04/29 15:43:59,018000,11.454
2026/04/29 15:43:59,019000,11.454
2026/04/29 15:43:59,020000,11.454
2026/04/29 15:43:59,021000,11.457
2026/04/29 15:43:59,022000,11.462
2026/04/29 15:43:59,023000,11.454
2026/04/29 15:43:59,024000,11.457
2026/04/29 15:43:59,025000,11.451
2026/04/29 15:43:59,026000,11.454
2026/04/29 15:43:59,027000,11.454
2026/04/29 15:43:59,028000,11.454
2026/04/29 15:43:59,029000,11.451
2026/04/29 15:43:59,030000,11.459
2026/04/29 15:43:59,031000,11.454
2026/04/29 15:43:59,032000,11.457
2026/04/29 15:43:59,033000,11.457
2026/04/29 15:43:59,034000,11.454
2026/04/29 15:43:59,035000,11.457
2026/04/29 15:43:59,036000,11.454
2026/04/29 15:43:59,037000,11.454
2026/04/29 15:43:59,038000,11.457
2026/04/29 15:43:59,039000,11.454
2026/04/29 15:43:59,040000,11.457
2026/04/29 15:43:59,041000,11.448
2026/04/29 15:43:59,042000,11.457
2026/04/29 15:43:59,043000,11.457
2026/04/29 15:43:59,044000,11.457
2026/04/29 15:43:59,045000,11.451
2026/04/29 15:43:59,046000,11.457
2026/04/29 15:43:59,047000,11.454
2026/04/29 15:43:59,048000,11.462
2026/04/29 15:43:59,049000,11.454
2026/04/29 15:43:59,050000,11.454
2026/04/29 15:43:59,051000,11.459
2026/04/29 15:43:59,052000,11.448
2026/04/29 15:43:59,053000,11.457
2026/04/29 15:43:59,054000,11.454
2026/04/29 15:43:59,055000,11.454
2026/04/29 15:43:59,056000,11.451
2026/04/29 15:43:59,057000,11.457
2026/04/29 15:43:59,058000,11.451
2026/04/29 15:43:59,059000,11.459
2026/04/29 15:43:59,060000,11.454
2026/04/29 15:43:59,061000,11.448
2026/04/29 15:43:59,062000,11.457
2026/04/29 15:43:59,063000,11.451
2026/04/29 15:43:59,064000,11.454
2026/04/29 15:43:59,065000,11.459
2026/04/29 15:43:59,066000,11.457
2026/04/29 15:43:59,067000,11.459
2026/04/29 15:43:59,068000,11.454
2026/04/29 15:43:59,069000,11.457
2026/04/29 15:43:59,070000,11.457
2026/04/29 15:43:59,071000,11.459
2026/04/29 15:43:59,072000,11.457
2026/04/29 15:43:59,073000,11.459
2026/04/29 15:43:59,074000,11.451
2026/04/29 15:43:59,075000,11.454
2026/04/29 15:43:59,076000,11.454
2026/04/29 15:43:59,077000,11.454
2026/04/29 15:43:59,078000,11.459
2026/04/29 15:43:59,079000,11.454
2026/04/29 15:43:59,080000,11.451
2026/04/29 15:43:59,081000,11.451
2026/04/29 15:43:59,082000,11.457
2026/04/29 15:43:59,083000,11.454
2026/04/29 15:43:59,084000,11.457
2026/04/29 15:43:59,085000,11.454
2026/04/29 15:43:59,086000,11.451
2026/04/29 15:43:59,087000,11.459
2026/04/29 15:43:59,088000,11.454
2026/04/29 15:43:59,089000,11.448
2026/04/29 15:43:59,090000,11.451
2026/04/29 15:43:59,091000,11.451
2026/04/29 15:43:59,092000,11.457
2026/04/29 15:43:59,093000,11.454
2026/04/29 15:43:59,094000,11.454
2026/04/29 15:43:59,095000,11.454
2026/04/29 15:43:59,096000,11.451
2026/04/29 15:43:59,097000,11.454
2026/04/29 15:43:59,098000,11.448
2026/04/29 15:43:59,099000,11.454
2026/04/29 15:43:59,100000,11.457
2026/04/29 15:43:59,101000,11.454
2026/04/29 15:43:59,102000,11.457
2026/04/29 15:43:59,103000,11.459
2026/04/29 15:43:59,104000,11.451
2026/04/29 15:43:59,105000,11.454
2026/04/29 15:43:59,106000,11.454
2026/04/29 15:43:59,107000,11.454
2026/04/29 15:43:59,108000,11.451
2026/04/29 15:43:59,109000,11.457
2026/04/29 15:43:59,110000,11.457
2026/04/29 15:43:59,111000,11.454
2026/04/29 15:43:59,112000,11.448
2026/04/29 15:43:59,113000,11.454
2026/04/29 15:43:59,114000,11.457
2026/04/29 15:43:59,115000,11.459
2026/04/29 15:43:59,116000,11.451
2026/04/29 15:43:59,117000,11.451
2026/04/29 15:43:59,118000,11.451
2026/04/29 15:43:59,119000,11.448
2026/04/29 15:43:59,120000,11.451
2026/04/29 15:43:59,121000,11.454
2026/04/29 15:43:59,122000,11.451
2026/04/29 15:43:59,123000,11.457
2026/04/29 15:43:59,124000,11.451
2026/04/29 15:43:59,125000,11.448
2026/04/29 15:43:59,126000,11.457
2026/04/29 15:43:59,127000,11.454
2026/04/29 15:43:59,128000,11.459
2026/04/29 15:43:59,129000,11.448
2026/04/29 15:43:59,130000,11.454
2026/04/29 15:43:59,131000,11.451
2026/04/29 15:43:59,132000,11.448
2026/04/29 15:43:59,133000,11.454
2026/04/29 15:43:59,134000,11.454
2026/04/29 15:43:59,135000,11.454
2026/04/29 15:43:59,136000,11.454
2026/04/29 15:43:59,137000,11.454
2026/04/29 15:43:59,138000,11.448
2026/04/29 15:43:59,139000,11.454
2026/04/29 15:43:59,140000,11.448
2026/04/29 15:43:59,141000,11.457
2026/04/29 15:43:59,142000,11.454
2026/04/29 15:43:59,143000,11.454
2026/04/29 15:43:59,144000,11.451
2026/04/29 15:43:59,145000,11.448
2026/04/29 15:43:59,146000,11.454
2026/04/29 15:43:59,147000,11.454
2026/04/29 15:43:59,148000,11.454
2026/04/29 15:43:59,149000,11.451
2026/04/29 15:43:59,150000,11.457
2026/04/29 15:43:59,151000,11.459
2026/04/29 15:43:59,152000,11.454
2026/04/29 15:43:59,153000,11.448
2026/04/29 15:43:59,154000,11.457
2026/04/29 15:43:59,155000,11.457
2026/04/29 15:43:59,156000,11.459
2026/04/29 15:43:59,157000,11.457
2026/04/29 15:43:59,158000,11.459
2026/04/29 15:43:59,159000,11.454
2026/04/29 15:43:59,160000,11.451
2026/04/29 15:43:59,161000,11.454
2026/04/29 15:43:59,162000,11.459
2026/04/29 15:43:59,163000,11.454
2026/04/29 15:43:59,164000,11.454
2026/04/29 15:43:59,165000,11.457
2026/04/29 15:43:59,166000,11.454
2026/04/29 15:43:59,167000,11.451
2026/04/29 15:43:59,168000,11.451
2026/04/29 15:43:59,169000,11.454
2026/04/29 15:43:59,170000,11.459
2026/04/29 15:43:59,171000,11.454
2026/04/29 15:43:59,172000,11.454
2026/04/29 15:43:59,173000,11.454
2026/04/29 15:43:59,174000,11.454
2026/04/29 15:43:59,175000,11.445
2026/04/29 15:43:59,176000,11.448
2026/04/29 15:43:59,177000,11.459
2026/04/29 15:43:59,178000,11.445
2026/04/29 15:43:59,179000,11.454
2026/04/29 15:43:59,180000,11.454
2026/04/29 15:43:59,181000,11.454
2026/04/29 15:43:59,182000,11.457
2026/04/29 15:43:59,183000,11.454
2026/04/29 15:43:59,184000,11.457
2026/04/29 15:43:59,185000,11.454
2026/04/29 15:43:59,186000,11.454
2026/04/29 15:43:59,187000,11.459
2026/04/29 15:43:59,188000,11.454
2026/04/29 15:43:59,189000,11.457
2026/04/29 15:43:59,190000,11.451
2026/04/29 15:43:59,191000,11.457
2026/04/29 15:43:59,192000,11.454
2026/04/29 15:43:59,193000,11.457
2026/04/29 15:43:59,194000,11.448
2026/04/29 15:43:59,195000,11.445
2026/04/29 15:43:59,196000,11.454
2026/04/29 15:43:59,197000,11.462
2026/04/29 15:43:59,198000,11.454
2026/04/29 15:43:59,199000,11.448
2026/04/29 15:43:59,200000,11.451
2026/04/29 15:43:59,201000,11.454
2026/04/29 15:43:59,202000,11.451
2026/04/29 15:43:59,203000,11.454
2026/04/29 15:43:59,204000,11.448
2026/04/29 15:43:59,205000,11.448
2026/04/29 15:43:59,206000,11.454
2026/04/29 15:43:59,207000,11.451
2026/04/29 15:43:59,208000,11.448
2026/04/29 15:43:59,209000,11.457
2026/04/29 15:43:59,210000,11.454
2026/04/29 15:43:59,211000,11.454
2026/04/29 15:43:59,212000,11.454
2026/04/29 15:43:59,213000,11.454
2026/04/29 15:43:59,214000,11.448
2026/04/29 15:43:59,215000,11.454
2026/04/29 15:43:59,216000,11.448
2026/04/29 15:43:59,217000,11.451
2026/04/29 15:43:59,218000,11.448
2026/04/29 15:43:59,219000,11.448
2026/04/29 15:43:59,220000,11.451
2026/04/29 15:43:59,221000,11.448
2026/04/29 15:43:59,222000,11.454
2026/04/29 15:43:59,223000,11.448
2026/04/29 15:43:59,224000,11.454
2026/04/29 15:43:59,225000,11.454
2026/04/29 15:43:59,226000,11.457
2026/04/29 15:43:59,227000,11.451
2026/04/29 15:43:59,228000,11.445
2026/04/29 15:43:59,229000,11.457
2026/04/29 15:43:59,230000,11.451
2026/04/29 15:43:59,231000,11.448
2026/04/29 15:43:59,232000,11.454
2026/04/29 15:43:59,233000,11.454
2026/04/29 15:43:59,234000,11.454
2026/04/29 15:43:59,235000,11.448
2026/04/29 15:43:59,236000,11.451
2026/04/29 15:43:59,237000,11.451
2026/04/29 15:43:59,238000,11.451
2026/04/29 15:43:59,239000,11.454
2026/04/29 15:43:59,240000,11.454
2026/04/29 15:43:59,241000,11.448
2026/04/29 15:43:59,242000,11.448
2026/04/29 15:43:59,243000,11.448
2026/04/29 15:43:59,244000,11.451
2026/04/29 15:43:59,245000,11.454
2026/04/29 15:43:59,246000,11.454
2026/04/29 15:43:59,247000,11.448
2026/04/29 15:43:59,248000,11.448
2026/04/29 15:43:59,249000,11.454
2026/04/29 15:43:59,250000,11.457
2026/04/29 15:43:59,251000,11.448
2026/04/29 15:43:59,252000,11.454
2026/04/29 15:43:59,253000,11.448
2026/04/29 15:43:59,254000,11.448
2026/04/29 15:43:59,255000,11.448
2026/04/29 15:43:59,256000,11.448
2026/04/29 15:43:59,257000,11.448
2026/04/29 15:43:59,258000,11.454
2026/04/29 15:43:59,259000,11.448
2026/04/29 15:43:59,260000,11.448
2026/04/29 15:43:59,261000,11.451
2026/04/29 15:43:59,262000,11.457
2026/04/29 15:43:59,263000,11.443
2026/04/29 15:43:59,264000,11.448
2026/04/29 15:43:59,265000,11.454
2026/04/29 15:43:59,266000,11.448
2026/04/29 15:43:59,267000,11.454
2026/04/29 15:43:59,268000,11.448
2026/04/29 15:43:59,269000,11.448
2026/04/29 15:43:59,270000,11.448
2026/04/29 15:43:59,271000,11.454
2026/04/29 15:43:59,272000,11.459
2026/04/29 15:43:59,273000,11.451
2026/04/29 15:43:59,274000,11.457
2026/04/29 15:43:59,275000,11.451
2026/04/29 15:43:59,276000,11.454
2026/04/29 15:43:59,277000,11.451
2026/04/29 15:43:59,278000,11.445
2026/04/29 15:43:59,279000,11.448
2026/04/29 15:43:59,280000,11.448
2026/04/29 15:43:59,281000,11.445
2026/04/29 15:43:59,282000,11.445
2026/04/29 15:43:59,283000,11.451
2026/04/29 15:43:59,284000,11.451
2026/04/29 15:43:59,285000,11.448
2026/04/29 15:43:59,286000,11.454
2026/04/29 15:43:59,287000,11.451
2026/04/29 15:43:59,288000,11.454
2026/04/29 15:43:59,289000,11.457
2026/04/29 15:43:59,290000,11.457
2026/04/29 15:43:59,291000,11.448
2026/04/29 15:43:59,292000,11.451
2026/04/29 15:43:59,293000,11.457
2026/04/29 15:43:59,294000,11.448
2026/04/29 15:43:59,295000,11.451
2026/04/29 15:43:59,296000,11.448
2026/04/29 15:43:59,297000,11.451
2026/04/29 15:43:59,298000,11.451
2026/04/29 15:43:59,299000,11.454
2026/04/29 15:43:59,300000,11.448
2026/04/29 15:43:59,301000,11.454
2026/04/29 15:43:59,302000,11.454
2026/04/29 15:43:59,303000,11.454
2026/04/29 15:43:59,304000,11.451
2026/04/29 15:43:59,305000,11.451
2026/04/29 15:43:59,306000,11.448
2026/04/29 15:43:59,307000,11.454
2026/04/29 15:43:59,308000,11.454
2026/04/29 15:43:59,309000,11.451
2026/04/29 15:43:59,310000,11.457
2026/04/29 15:43:59,311000,11.445
2026/04/29 15:43:59,312000,11.457
2026/04/29 15:43:59,313000,11.448
2026/04/29 15:43:59,314000,11.454
2026/04/29 15:43:59,315000,11.451
2026/04/29 15:43:59,316000,11.451
2026/04/29 15:43:59,317000,11.457
2026/04/29 15:43:59,318000,11.454
2026/04/29 15:43:59,319000,11.448
2026/04/29 15:43:59,320000,11.448
2026/04/29 15:43:59,321000,11.454
2026/04/29 15:43:59,322000,11.459
2026/04/29 15:43:59,323000,11.448
2026/04/29 15:43:59,324000,11.451
2026/04/29 15:43:59,325000,11.459
2026/04/29 15:43:59,326000,11.445
2026/04/29 15:43:59,327000,11.454
2026/04/29 15:43:59,328000,11.451
2026/04/29 15:43:59,329000,11.454
2026/04/29 15:43:59,330000,11.448
2026/04/29 15:43:59,331000,11.451
2026/04/29 15:43:59,332000,11.448
2026/04/29 15:43:59,333000,11.448
2026/04/29 15:43:59,334000,11.454
2026/04/29 15:43:59,335000,11.451
2026/04/29 15:43:59,336000,11.459
2026/04/29 15:43:59,337000,11.457
2026/04/29 15:43:59,338000,11.454
2026/04/29 15:43:59,339000,11.454
2026/04/29 15:43:59,340000,11.457
2026/04/29 15:43:59,341000,11.448
2026/04/29 15:43:59,342000,11.454
2026/04/29 15:43:59,343000,11.451
2026/04/29 15:43:59,344000,11.448
2026/04/29 15:43:59,345000,11.457
2026/04/29 15:43:59,346000,11.451
2026/04/29 15:43:59,347000,11.454
2026/04/29 15:43:59,348000,11.451
2026/04/29 15:43:59,349000,11.459
2026/04/29 15:43:59,350000,11.448
2026/04/29 15:43:59,351000,11.457
2026/04/29 15:43:59,352000,11.448
2026/04/29 15:43:59,353000,11.451
2026/04/29 15:43:59,354000,11.451
2026/04/29 15:43:59,355000,11.454
2026/04/29 15:43:59,356000,11.445
2026/04/29 15:43:59,357000,11.454
2026/04/29 15:43:59,358000,11.448
2026/04/29 15:43:59,359000,11.457
2026/04/29 15:43:59,360000,11.448
2026/04/29 15:43:59,361000,11.448
2026/04/29 15:43:59,362000,11.454
2026/04/29 15:43:59,363000,11.454
2026/04/29 15:43:59,364000,11.448
2026/04/29 15:43:59,365000,11.451
2026/04/29 15:43:59,366000,11.454
2026/04/29 15:43:59,367000,11.451
2026/04/29 15:43:59,368000,11.451
2026/04/29 15:43:59,369000,11.457
2026/04/29 15:43:59,370000,11.457
2026/04/29 15:43:59,371000,11.448
2026/04/29 15:43:59,372000,11.448
2026/04/29 15:43:59,373000,11.454
2026/04/29 15:43:59,374000,11.448
2026/04/29 15:43:59,375000,11.457
2026/04/29 15:43:59,376000,11.448
2026/04/29 15:43:59,377000,11.451
2026/04/29 15:43:59,378000,11.448
2026/04/29 15:43:59,379000,11.451
2026/04/29 15:43:59,380000,11.451
2026/04/29 15:43:59,381000,11.454
2026/04/29 15:43:59,382000,11.448
2026/04/29 15:43:59,383000,11.448
2026/04/29 15:43:59,384000,11.448
2026/04/29 15:43:59,385000,11.454
2026/04/29 15:43:59,386000,11.454
2026/04/29 15:43:59,387000,11.459
2026/04/29 15:43:59,388000,11.454
2026/04/29 15:43:59,389000,11.445
2026/04/29 15:43:59,390000,11.448
2026/04/29 15:43:59,391000,11.454
2026/04/29 15:43:59,392000,11.451
2026/04/29 15:43:59,393000,11.457
2026/04/29 15:43:59,394000,11.454
2026/04/29 15:43:59,395000,11.454
2026/04/29 15:43:59,396000,11.448
2026/04/29 15:43:59,397000,11.454
2026/04/29 15:43:59,398000,11.448
2026/04/29 15:43:59,399000,11.448
2026/04/29 15:43:59,400000,11.448
2026/04/29 15:43:59,401000,11.451
2026/04/29 15:43:59,402000,11.448
2026/04/29 15:43:59,403000,11.457
2026/04/29 15:43:59,404000,11.457
2026/04/29 15:43:59,405000,11.457
2026/04/29 15:43:59,406000,11.457
2026/04/29 15:43:59,407000,11.448
2026/04/29 15:43:59,408000,11.448
2026/04/29 15:43:59,409000,11.457
2026/04/29 15:43:59,410000,11.454
2026/04/29 15:43:59,411000,11.454
2026/04/29 15:43:59,412000,11.448
2026/04/29 15:43:59,413000,11.451
2026/04/29 15:43:59,414000,11.448
2026/04/29 15:43:59,415000,11.454
2026/04/29 15:43:59,416000,11.457
2026/04/29 15:43:59,417000,11.459
2026/04/29 15:43:59,418000,11.448
2026/04/29 15:43:59,419000,11.457
2026/04/29 15:43:59,420000,11.457
2026/04/29 15:43:59,421000,11.448
2026/04/29 15:43:59,422000,11.454
2026/04/29 15:43:59,423000,11.454
2026/04/29 15:43:59,424000,11.451
2026/04/29 15:43:59,425000,11.454
2026/04/29 15:43:59,426000,11.448
2026/04/29 15:43:59,427000,11.454
2026/04/29 15:43:59,428000,11.454
2026/04/29 15:43:59,429000,11.454
2026/04/29 15:43:59,430000,11.454
2026/04/29 15:43:59,431000,11.459
2026/04/29 15:43:59,432000,11.457
2026/04/29 15:43:59,433000,11.454
2026/04/29 15:43:59,434000,11.451
2026/04/29 15:43:59,435000,11.457
2026/04/29 15:43:59,436000,11.457
2026/04/29 15:43:59,437000,11.454
2026/04/29 15:43:59,438000,11.454
2026/04/29 15:43:59,439000,11.454
2026/04/29 15:43:59,440000,11.457
2026/04/29 15:43:59,441000,11.448
2026/04/29 15:43:59,442000,11.454
2026/04/29 15:43:59,443000,11.451
2026/04/29 15:43:59,444000,11.454
2026/04/29 15:43:59,445000,11.459
2026/04/29 15:43:59,446000,11.454
2026/04/29 15:43:59,447000,11.454
2026/04/29 15:43:59,448000,11.459
2026/04/29 15:43:59,449000,11.454
2026/04/29 15:43:59,450000,11.454
2026/04/29 15:43:59,451000,11.445
2026/04/29 15:43:59,452000,11.451
2026/04/29 15:43:59,453000,11.454
2026/04/29 15:43:59,454000,11.451
2026/04/29 15:43:59,455000,11.457
2026/04/29 15:43:59,456000,11.457
2026/04/29 15:43:59,457000,11.457
2026/04/29 15:43:59,458000,11.454
2026/04/29 15:43:59,459000,11.454
2026/04/29 15:43:59,460000,11.451
2026/04/29 15:43:59,461000,11.454
2026/04/29 15:43:59,462000,11.454
2026/04/29 15:43:59,463000,11.448
2026/04/29 15:43:59,464000,11.459
2026/04/29 15:43:59,465000,11.457
2026/04/29 15:43:59,466000,11.451
2026/04/29 15:43:59,467000,11.448
2026/04/29 15:43:59,468000,11.454
2026/04/29 15:43:59,469000,11.457
2026/04/29 15:43:59,470000,11.459
2026/04/29 15:43:59,471000,11.448
2026/04/29 15:43:59,472000,11.457
2026/04/29 15:43:59,473000,11.457
2026/04/29 15:43:59,474000,11.451
2026/04/29 15:43:59,475000,11.451
2026/04/29 15:43:59,476000,11.448
2026/04/29 15:43:59,477000,11.451
2026/04/29 15:43:59,478000,11.457
2026/04/29 15:43:59,479000,11.454
2026/04/29 15:43:59,480000,11.457
2026/04/29 15:43:59,481000,11.451
2026/04/29 15:43:59,482000,11.457
2026/04/29 15:43:59,483000,11.457
2026/04/29 15:43:59,484000,11.457
2026/04/29 15:43:59,485000,11.451
2026/04/29 15:43:59,486000,11.457
2026/04/29 15:43:59,487000,11.454
2026/04/29 15:43:59,488000,11.451
2026/04/29 15:43:59,489000,11.454
2026/04/29 15:43:59,490000,11.457
2026/04/29 15:43:59,491000,11.457
2026/04/29 15:43:59,492000,11.454
2026/04/29 15:43:59,493000,11.454
2026/04/29 15:43:59,494000,11.448
2026/04/29 15:43:59,495000,11.454
2026/04/29 15:43:59,496000,11.451
2026/04/29 15:43:59,497000,11.454
2026/04/29 15:43:59,498000,11.457
2026/04/29 15:43:59,499000,11.451
2026/04/29 15:43:59,500000,11.457
2026/04/29 15:43:59,501000,11.451
2026/04/29 15:43:59,502000,11.451
2026/04/29 15:43:59,503000,11.451
2026/04/29 15:43:59,504000,11.454
2026/04/29 15:43:59,505000,11.459
2026/04/29 15:43:59,506000,11.454
2026/04/29 15:43:59,507000,11.448
2026/04/29 15:43:59,508000,11.454
2026/04/29 15:43:59,509000,11.454
2026/04/29 15:43:59,510000,11.448
2026/04/29 15:43:59,511000,11.454
2026/04/29 15:43:59,512000,11.454
2026/04/29 15:43:59,513000,11.448
2026/04/29 15:43:59,514000,11.457
2026/04/29 15:43:59,515000,11.451
2026/04/29 15:43:59,516000,11.459
2026/04/29 15:43:59,517000,11.454
2026/04/29 15:43:59,518000,11.451
2026/04/29 15:43:59,519000,11.454
2026/04/29 15:43:59,520000,11.457
2026/04/29 15:43:59,521000,11.448
2026/04/29 15:43:59,522000,11.448
2026/04/29 15:43:59,523000,11.457
2026/04/29 15:43:59,524000,11.457
2026/04/29 15:43:59,525000,11.451
2026/04/29 15:43:59,526000,11.454
2026/04/29 15:43:59,527000,11.457
2026/04/29 15:43:59,528000,11.454
2026/04/29 15:43:59,529000,11.448
2026/04/29 15:43:59,530000,11.451
2026/04/29 15:43:59,531000,11.457
2026/04/29 15:43:59,532000,11.454
2026/04/29 15:43:59,533000,11.454
2026/04/29 15:43:59,534000,11.454
2026/04/29 15:43:59,535000,11.457
2026/04/29 15:43:59,536000,11.448
2026/04/29 15:43:59,537000,11.448
2026/04/29 15:43:59,538000,11.459
2026/04/29 15:43:59,539000,11.454
2026/04/29 15:43:59,540000,11.454
2026/04/29 15:43:59,541000,11.451
2026/04/29 15:43:59,542000,11.454
2026/04/29 15:43:59,543000,11.451
2026/04/29 15:43:59,544000,11.457
2026/04/29 15:43:59,545000,11.451
2026/04/29 15:43:59,546000,11.454
2026/04/29 15:43:59,547000,11.457
2026/04/29 15:43:59,548000,11.451
2026/04/29 15:43:59,549000,11.448
2026/04/29 15:43:59,550000,11.457
2026/04/29 15:43:59,551000,11.457
2026/04/29 15:43:59,552000,11.454
2026/04/29 15:43:59,553000,11.448
2026/04/29 15:43:59,554000,11.454
2026/04/29 15:43:59,555000,11.454
2026/04/29 15:43:59,556000,11.459
2026/04/29 15:43:59,557000,11.454
2026/04/29 15:43:59,558000,11.451
2026/04/29 15:43:59,559000,11.445
2026/04/29 15:43:59,560000,11.454
2026/04/29 15:43:59,561000,11.454
2026/04/29 15:43:59,562000,11.454
2026/04/29 15:43:59,563000,11.451
2026/04/29 15:43:59,564000,11.454
2026/04/29 15:43:59,565000,11.454
2026/04/29 15:43:59,566000,11.454
2026/04/29 15:43:59,567000,11.454
2026/04/29 15:43:59,568000,11.457
2026/04/29 15:43:59,569000,11.454
2026/04/29 15:43:59,570000,11.448
2026/04/29 15:43:59,571000,11.454
2026/04/29 15:43:59,572000,11.451
2026/04/29 15:43:59,573000,11.454
2026/04/29 15:43:59,574000,11.457
2026/04/29 15:43:59,575000,11.451
2026/04/29 15:43:59,576000,11.451
2026/04/29 15:43:59,577000,11.454
2026/04/29 15:43:59,578000,11.457
2026/04/29 15:43:59,579000,11.454
2026/04/29 15:43:59,580000,11.457
2026/04/29 15:43:59,581000,11.454
2026/04/29 15:43:59,582000,11.457
2026/04/29 15:43:59,583000,11.451
2026/04/29 15:43:59,584000,11.457
2026/04/29 15:43:59,585000,11.448
2026/04/29 15:43:59,586000,11.457
2026/04/29 15:43:59,587000,11.457
2026/04/29 15:43:59,588000,11.459
2026/04/29 15:43:59,589000,11.454
2026/04/29 15:43:59,590000,11.457
2026/04/29 15:43:59,591000,11.457
2026/04/29 15:43:59,592000,11.451
2026/04/29 15:43:59,593000,11.454
2026/04/29 15:43:59,594000,11.465
2026/04/29 15:43:59,595000,11.451
2026/04/29 15:43:59,596000,11.451
2026/04/29 15:43:59,597000,11.454
2026/04/29 15:43:59,598000,11.459
2026/04/29 15:43:59,599000,11.454
2026/04/29 15:43:59,600000,11.457
2026/04/29 15:43:59,601000,11.451
2026/04/29 15:43:59,602000,11.454
2026/04/29 15:43:59,603000,11.457
2026/04/29 15:43:59,604000,11.457
2026/04/29 15:43:59,605000,11.457
2026/04/29 15:43:59,606000,11.454
2026/04/29 15:43:59,607000,11.457
2026/04/29 15:43:59,608000,11.454
2026/04/29 15:43:59,609000,11.454
2026/04/29 15:43:59,610000,11.454
2026/04/29 15:43:59,611000,11.457
2026/04/29 15:43:59,612000,11.448
2026/04/29 15:43:59,613000,11.454
2026/04/29 15:43:59,614000,11.454
2026/04/29 15:43:59,615000,11.448
2026/04/29 15:43:59,616000,11.451
2026/04/29 15:43:59,617000,11.457
2026/04/29 15:43:59,618000,11.448
2026/04/29 15:43:59,619000,11.457
2026/04/29 15:43:59,620000,11.459
2026/04/29 15:43:59,621000,11.454
2026/04/29 15:43:59,622000,11.457
2026/04/29 15:43:59,623000,11.457
2026/04/29 15:43:59,624000,11.448
2026/04/29 15:43:59,625000,11.451
2026/04/29 15:43:59,626000,11.457
2026/04/29 15:43:59,627000,11.454
2026/04/29 15:43:59,628000,11.459
2026/04/29 15:43:59,629000,11.457
2026/04/29 15:43:59,630000,11.448
2026/04/29 15:43:59,631000,11.454
2026/04/29 15:43:59,632000,11.448
2026/04/29 15:43:59,633000,11.454
2026/04/29 15:43:59,634000,11.451
2026/04/29 15:43:59,635000,11.448
2026/04/29 15:43:59,636000,11.459
2026/04/29 15:43:59,637000,11.454
2026/04/29 15:43:59,638000,11.457
2026/04/29 15:43:59,639000,11.454
2026/04/29 15:43:59,640000,11.459
2026/04/29 15:43:59,641000,11.462
2026/04/29 15:43:59,642000,11.459
2026/04/29 15:43:59,643000,11.459
2026/04/29 15:43:59,644000,11.459
2026/04/29 15:43:59,645000,11.457
2026/04/29 15:43:59,646000,11.457
2026/04/29 15:43:59,647000,11.448
2026/04/29 15:43:59,648000,11.454
2026/04/29 15:43:59,649000,11.448
2026/04/29 15:43:59,650000,11.445
2026/04/29 15:43:59,651000,11.448
2026/04/29 15:43:59,652000,11.451
2026/04/29 15:43:59,653000,11.454
2026/04/29 15:43:59,654000,11.457
2026/04/29 15:43:59,655000,11.454
2026/04/29 15:43:59,656000,11.451
2026/04/29 15:43:59,657000,11.457
2026/04/29 15:43:59,658000,11.462
2026/04/29 15:43:59,659000,11.457
2026/04/29 15:43:59,660000,11.454
2026/04/29 15:43:59,661000,11.457
2026/04/29 15:43:59,662000,11.454
2026/04/29 15:43:59,663000,11.462
2026/04/29 15:43:59,664000,11.451
2026/04/29 15:43:59,665000,11.454
2026/04/29 15:43:59,666000,11.454
2026/04/29 15:43:59,667000,11.448
2026/04/29 15:43:59,668000,11.457
2026/04/29 15:43:59,669000,11.459
2026/04/29 15:43:59,670000,11.457
2026/04/29 15:43:59,671000,11.462
2026/04/29 15:43:59,672000,11.457
2026/04/29 15:43:59,673000,11.448
2026/04/29 15:43:59,674000,11.459
2026/04/29 15:43:59,675000,11.454
2026/04/29 15:43:59,676000,11.457
2026/04/29 15:43:59,677000,11.454
2026/04/29 15:43:59,678000,11.448
2026/04/29 15:43:59,679000,11.454
2026/04/29 15:43:59,680000,11.454
2026/04/29 15:43:59,681000,11.462
2026/04/29 15:43:59,682000,11.448
2026/04/29 15:43:59,683000,11.454
2026/04/29 15:43:59,684000,11.454
2026/04/29 15:43:59,685000,11.454
2026/04/29 15:43:59,686000,11.451
2026/04/29 15:43:59,687000,11.454
2026/04/29 15:43:59,688000,11.457
2026/04/29 15:43:59,689000,11.448
2026/04/29 15:43:59,690000,11.451
2026/04/29 15:43:59,691000,11.448
2026/04/29 15:43:59,692000,11.451
2026/04/29 15:43:59,693000,11.454
2026/04/29 15:43:59,694000,11.451
2026/04/29 15:43:59,695000,11.459
2026/04/29 15:43:59,696000,11.454
2026/04/29 15:43:59,697000,11.454
2026/04/29 15:43:59,698000,11.454
2026/04/29 15:43:59,699000,11.457
2026/04/29 15:43:59,700000,11.462
2026/04/29 15:43:59,701000,11.454
2026/04/29 15:43:59,702000,11.445
2026/04/29 15:43:59,703000,11.459
2026/04/29 15:43:59,704000,11.454
2026/04/29 15:43:59,705000,11.465
2026/04/29 15:43:59,706000,11.457
2026/04/29 15:43:59,707000,11.457
2026/04/29 15:43:59,708000,11.448
2026/04/29 15:43:59,709000,11.457
2026/04/29 15:43:59,710000,11.451
2026/04/29 15:43:59,711000,11.457
2026/04/29 15:43:59,712000,11.459
2026/04/29 15:43:59,713000,11.451
2026/04/29 15:43:59,714000,11.451
2026/04/29 15:43:59,715000,11.454
2026/04/29 15:43:59,716000,11.448
2026/04/29 15:43:59,717000,11.454
2026/04/29 15:43:59,718000,11.448
2026/04/29 15:43:59,719000,11.454
2026/04/29 15:43:59,720000,11.454
2026/04/29 15:43:59,721000,11.454
2026/04/29 15:43:59,722000,11.459
2026/04/29 15:43:59,723000,11.457
2026/04/29 15:43:59,724000,11.451
2026/04/29 15:43:59,725000,11.454
2026/04/29 15:43:59,726000,11.451
2026/04/29 15:43:59,727000,11.457
2026/04/29 15:43:59,728000,11.451
2026/04/29 15:43:59,729000,11.454
2026/04/29 15:43:59,730000,11.457
2026/04/29 15:43:59,731000,11.448
2026/04/29 15:43:59,732000,11.457
2026/04/29 15:43:59,733000,11.448
2026/04/29 15:43:59,734000,11.459
2026/04/29 15:43:59,735000,11.454
2026/04/29 15:43:59,736000,11.459
2026/04/29 15:43:59,737000,11.445
2026/04/29 15:43:59,738000,11.457
2026/04/29 15:43:59,739000,11.457
2026/04/29 15:43:59,740000,11.448
2026/04/29 15:43:59,741000,11.462
2026/04/29 15:43:59,742000,11.451
2026/04/29 15:43:59,743000,11.454
2026/04/29 15:43:59,744000,11.448
2026/04/29 15:43:59,745000,11.454
2026/04/29 15:43:59,746000,11.457
2026/04/29 15:43:59,747000,11.448
2026/04/29 15:43:59,748000,11.454
2026/04/29 15:43:59,749000,11.448
2026/04/29 15:43:59,750000,11.459
2026/04/29 15:43:59,751000,11.454
2026/04/29 15:43:59,752000,11.451
2026/04/29 15:43:59,753000,11.451
2026/04/29 15:43:59,754000,11.454
2026/04/29 15:43:59,755000,11.457
2026/04/29 15:43:59,756000,11.457
2026/04/29 15:43:59,757000,11.451
2026/04/29 15:43:59,758000,11.448
2026/04/29 15:43:59,759000,11.457
2026/04/29 15:43:59,760000,11.451
2026/04/29 15:43:59,761000,11.457
2026/04/29 15:43:59,762000,11.457
2026/04/29 15:43:59,763000,11.457
2026/04/29 15:43:59,764000,11.454
2026/04/29 15:43:59,765000,11.448
2026/04/29 15:43:59,766000,11.451
2026/04/29 15:43:59,767000,11.454
2026/04/29 15:43:59,768000,11.459
2026/04/29 15:43:59,769000,11.454
2026/04/29 15:43:59,770000,11.457
2026/04/29 15:43:59,771000,11.454
2026/04/29 15:43:59,772000,11.454
2026/04/29 15:43:59,773000,11.448
2026/04/29 15:43:59,774000,11.454
2026/04/29 15:43:59,775000,11.451
2026/04/29 15:43:59,776000,11.451
2026/04/29 15:43:59,777000,11.443
2026/04/29 15:43:59,778000,11.454
2026/04/29 15:43:59,779000,11.451
2026/04/29 15:43:59,780000,11.454
2026/04/29 15:43:59,781000,11.459
2026/04/29 15:43:59,782000,11.457
2026/04/29 15:43:59,783000,11.457
2026/04/29 15:43:59,784000,11.454
2026/04/29 15:43:59,785000,11.454
2026/04/29 15:43:59,786000,11.451
2026/04/29 15:43:59,787000,11.454
2026/04/29 15:43:59,788000,11.454
2026/04/29 15:43:59,789000,11.459
2026/04/29 15:43:59,790000,11.454
2026/04/29 15:43:59,791000,11.454
2026/04/29 15:43:59,792000,11.457
2026/04/29 15:43:59,793000,11.448
2026/04/29 15:43:59,794000,11.457
2026/04/29 15:43:59,795000,11.457
2026/04/29 15:43:59,796000,11.448
2026/04/29 15:43:59,797000,11.454
2026/04/29 15:43:59,798000,11.451
2026/04/29 15:43:59,799000,11.459
2026/04/29 15:43:59,800000,11.451
2026/04/29 15:43:59,801000,11.459
2026/04/29 15:43:59,802000,11.454
2026/04/29 15:43:59,803000,11.454
2026/04/29 15:43:59,804000,11.454
2026/04/29 15:43:59,805000,11.451
2026/04/29 15:43:59,806000,11.445
2026/04/29 15:43:59,807000,11.454
2026/04/29 15:43:59,808000,11.454
2026/04/29 15:43:59,809000,11.448
2026/04/29 15:43:59,810000,11.451
2026/04/29 15:43:59,811000,11.457
2026/04/29 15:43:59,812000,11.448
2026/04/29 15:43:59,813000,11.457
2026/04/29 15:43:59,814000,11.459
2026/04/29 15:43:59,815000,11.451
2026/04/29 15:43:59,816000,11.454
2026/04/29 15:43:59,817000,11.454
2026/04/29 15:43:59,818000,11.457
2026/04/29 15:43:59,819000,11.454
2026/04/29 15:43:59,820000,11.448
2026/04/29 15:43:59,821000,11.454
2026/04/29 15:43:59,822000,11.454
2026/04/29 15:43:59,823000,11.454
2026/04/29 15:43:59,824000,11.454
2026/04/29 15:43:59,825000,11.448
2026/04/29 15:43:59,826000,11.454
2026/04/29 15:43:59,827000,11.454
2026/04/29 15:43:59,828000,11.454
2026/04/29 15:43:59,829000,11.454
2026/04/29 15:43:59,830000,11.459
2026/04/29 15:43:59,831000,11.454
2026/04/29 15:43:59,832000,11.454
2026/04/29 15:43:59,833000,11.454
2026/04/29 15:43:59,834000,11.454
2026/04/29 15:43:59,835000,11.454
2026/04/29 15:43:59,836000,11.457
2026/04/29 15:43:59,837000,11.454
2026/04/29 15:43:59,838000,11.454
2026/04/29 15:43:59,839000,11.448
2026/04/29 15:43:59,840000,11.454
2026/04/29 15:43:59,841000,11.454
2026/04/29 15:43:59,842000,11.451
2026/04/29 15:43:59,843000,11.448
2026/04/29 15:43:59,844000,11.448
2026/04/29 15:43:59,845000,11.454
2026/04/29 15:43:59,846000,11.451
2026/04/29 15:43:59,847000,11.454
2026/04/29 15:43:59,848000,11.454
2026/04/29 15:43:59,849000,11.457
2026/04/29 15:43:59,850000,11.451
2026/04/29 15:43:59,851000,11.457
2026/04/29 15:43:59,852000,11.457
2026/04/29 15:43:59,853000,11.454
2026/04/29 15:43:59,854000,11.451
2026/04/29 15:43:59,855000,11.454
2026/04/29 15:43:59,856000,11.457
2026/04/29 15:43:59,857000,11.448
2026/04/29 15:43:59,858000,11.454
2026/04/29 15:43:59,859000,11.457
2026/04/29 15:43:59,860000,11.457
2026/04/29 15:43:59,861000,11.457
2026/04/29 15:43:59,862000,11.445
2026/04/29 15:43:59,863000,11.457
2026/04/29 15:43:59,864000,11.451
2026/04/29 15:43:59,865000,11.451
2026/04/29 15:43:59,866000,11.457
2026/04/29 15:43:59,867000,11.459
2026/04/29 15:43:59,868000,11.454
2026/04/29 15:43:59,869000,11.454
2026/04/29 15:43:59,870000,11.454
2026/04/29 15:43:59,871000,11.451
2026/04/29 15:43:59,872000,11.451
2026/04/29 15:43:59,873000,11.454
2026/04/29 15:43:59,874000,11.457
2026/04/29 15:43:59,875000,11.457
2026/04/29 15:43:59,876000,11.451
2026/04/29 15:43:59,877000,11.448
2026/04/29 15:43:59,878000,11.451
2026/04/29 15:43:59,879000,11.459
2026/04/29 15:43:59,880000,11.459
2026/04/29 15:43:59,881000,11.457
2026/04/29 15:43:59,882000,11.457
2026/04/29 15:43:59,883000,11.454
2026/04/29 15:43:59,884000,11.457
2026/04/29 15:43:59,885000,11.451
2026/04/29 15:43:59,886000,11.451
2026/04/29 15:43:59,887000,11.454
2026/04/29 15:43:59,888000,11.457
2026/04/29 15:43:59,889000,11.457
2026/04/29 15:43:59,890000,11.454
2026/04/29 15:43:59,891000,11.454
2026/04/29 15:43:59,892000,11.454
2026/04/29 15:43:59,893000,11.454
2026/04/29 15:43:59,894000,11.457
2026/04/29 15:43:59,895000,11.457
2026/04/29 15:43:59,896000,11.454
2026/04/29 15:43:59,897000,11.454
2026/04/29 15:43:59,898000,11.448
2026/04/29 15:43:59,899000,11.457
2026/04/29 15:43:59,900000,11.454
2026/04/29 15:43:59,901000,11.454
2026/04/29 15:43:59,902000,11.457
2026/04/29 15:43:59,903000,11.451
2026/04/29 15:43:59,904000,11.454
2026/04/29 15:43:59,905000,11.459
2026/04/29 15:43:59,906000,11.454
2026/04/29 15:43:59,907000,11.454
2026/04/29 15:43:59,908000,11.454
2026/04/29 15:43:59,909000,11.457
2026/04/29 15:43:59,910000,11.457
2026/04/29 15:43:59,911000,11.454
2026/04/29 15:43:59,912000,11.448
2026/04/29 15:43:59,913000,11.457
2026/04/29 15:43:59,914000,11.457
2026/04/29 15:43:59,915000,11.454
2026/04/29 15:43:59,916000,11.454
2026/04/29 15:43:59,917000,11.457
2026/04/29 15:43:59,918000,11.454
2026/04/29 15:43:59,919000,11.454
2026/04/29 15:43:59,920000,11.451
2026/04/29 15:43:59,921000,11.457
2026/04/29 15:43:59,922000,11.454
2026/04/29 15:43:59,923000,11.459
2026/04/29 15:43:59,924000,11.459
2026/04/29 15:43:59,925000,11.451
2026/04/29 15:43:59,926000,11.451
2026/04/29 15:43:59,927000,11.454
2026/04/29 15:43:59,928000,11.454
2026/04/29 15:43:59,929000,11.454
2026/04/29 15:43:59,930000,11.454
2026/04/29 15:43:59,931000,11.459
2026/04/29 15:43:59,932000,11.459
2026/04/29 15:43:59,933000,11.451
2026/04/29 15:43:59,934000,11.454
2026/04/29 15:43:59,935000,11.457
2026/04/29 15:43:59,936000,11.454
2026/04/29 15:43:59,937000,11.454
2026/04/29 15:43:59,938000,11.454
2026/04/29 15:43:59,939000,11.454
2026/04/29 15:43:59,940000,11.454
2026/04/29 15:43:59,941000,11.457
2026/04/29 15:43:59,942000,11.454
2026/04/29 15:43:59,943000,11.454
2026/04/29 15:43:59,944000,11.454
2026/04/29 15:43:59,945000,11.454
2026/04/29 15:43:59,946000,11.448
2026/04/29 15:43:59,947000,11.451
2026/04/29 15:43:59,948000,11.451
2026/04/29 15:43:59,949000,11.451
2026/04/29 15:43:59,950000,11.454
2026/04/29 15:43:59,951000,11.451
2026/04/29 15:43:59,952000,11.454
2026/04/29 15:43:59,953000,11.457
2026/04/29 15:43:59,954000,11.454
2026/04/29 15:43:59,955000,11.457
2026/04/29 15:43:59,956000,11.448
2026/04/29 15:43:59,957000,11.454
2026/04/29 15:43:59,958000,11.457
2026/04/29 15:43:59,959000,11.457
2026/04/29 15:43:59,960000,11.454
2026/04/29 15:43:59,961000,11.448
2026/04/29 15:43:59,962000,11.448
2026/04/29 15:43:59,963000,11.451
2026/04/29 15:43:59,964000,11.457
2026/04/29 15:43:59,965000,11.457
2026/04/29 15:43:59,966000,11.454
2026/04/29 15:43:59,967000,11.454
2026/04/29 15:43:59,968000,11.457
2026/04/29 15:43:59,969000,11.451
2026/04/29 15:43:59,970000,11.457
2026/04/29 15:43:59,971000,11.454
2026/04/29 15:43:59,972000,11.457
2026/04/29 15:43:59,973000,11.457
2026/04/29 15:43:59,974000,11.457
2026/04/29 15:43:59,975000,11.451
2026/04/29 15:43:59,976000,11.451
2026/04/29 15:43:59,977000,11.454
2026/04/29 15:43:59,978000,11.459
2026/04/29 15:43:59,979000,11.454
2026/04/29 15:43:59,980000,11.451
2026/04/29 15:43:59,981000,11.451
2026/04/29 15:43:59,982000,11.454
2026/04/29 15:43:59,983000,11.457
2026/04/29 15:43:59,984000,11.454
2026/04/29 15:43:59,985000,11.448
2026/04/29 15:43:59,986000,11.448
2026/04/29 15:43:59,987000,11.451
2026/04/29 15:43:59,988000,11.448
2026/04/29 15:43:59,989000,11.457
2026/04/29 15:43:59,990000,11.451
2026/04/29 15:43:59,991000,11.454
2026/04/29 15:43:59,992000,11.457
2026/04/29 15:43:59,993000,11.457
2026/04/29 15:43:59,994000,11.465
2026/04/29 15:43:59,995000,11.454
2026/04/29 15:43:59,996000,11.448
2026/04/29 15:43:59,997000,11.457
2026/04/29 15:43:59,998000,11.454
2026/04/29 15:43:59,999000,11.454
2026/04/29 15:44:00,000000,11.454
2026/04/29 15:44:00,001000,11.454
2026/04/29 15:44:00,002000,11.457
2026/04/29 15:44:00,003000,11.454
2026/04/29 15:44:00,004000,11.457
2026/04/29 15:44:00,005000,11.451
2026/04/29 15:44:00,006000,11.451
2026/04/29 15:44:00,007000,11.457
2026/04/29 15:44:00,008000,11.457
2026/04/29 15:44:00,009000,11.451
2026/04/29 15:44:00,010000,11.451
2026/04/29 15:44:00,011000,11.459
2026/04/29 15:44:00,012000,11.457
2026/04/29 15:44:00,013000,11.448
2026/04/29 15:44:00,014000,11.451
2026/04/29 15:44:00,015000,11.457
2026/04/29 15:44:00,016000,11.459
2026/04/29 15:44:00,017000,11.454
2026/04/29 15:44:00,018000,11.454
2026/04/29 15:44:00,019000,11.457
2026/04/29 15:44:00,020000,11.459
2026/04/29 15:44:00,021000,11.457
2026/04/29 15:44:00,022000,11.454
2026/04/29 15:44:00,023000,11.451
2026/04/29 15:44:00,024000,11.454
2026/04/29 15:44:00,025000,11.459
2026/04/29 15:44:00,026000,11.457
2026/04/29 15:44:00,027000,11.457
2026/04/29 15:44:00,028000,11.457
2026/04/29 15:44:00,029000,11.451
2026/04/29 15:44:00,030000,11.459
2026/04/29 15:44:00,031000,11.459
2026/04/29 15:44:00,032000,11.451
2026/04/29 15:44:00,033000,11.459
2026/04/29 15:44:00,034000,11.451
2026/04/29 15:44:00,035000,11.454
2026/04/29 15:44:00,036000,11.459
2026/04/29 15:44:00,037000,11.459
2026/04/29 15:44:00,038000,11.457
2026/04/29 15:44:00,039000,11.457
2026/04/29 15:44:00,040000,11.459
2026/04/29 15:44:00,041000,11.454
2026/04/29 15:44:00,042000,11.454
2026/04/29 15:44:00,043000,11.454
2026/04/29 15:44:00,044000,11.454
2026/04/29 15:44:00,045000,11.454
2026/04/29 15:44:00,046000,11.454
2026/04/29 15:44:00,047000,11.459
2026/04/29 15:44:00,048000,11.454
2026/04/29 15:44:00,049000,11.457
2026/04/29 15:44:00,050000,11.451
2026/04/29 15:44:00,051000,11.457
2026/04/29 15:44:00,052000,11.454
2026/04/29 15:44:00,053000,11.454
2026/04/29 15:44:00,054000,11.462
2026/04/29 15:44:00,055000,11.454
2026/04/29 15:44:00,056000,11.454
2026/04/29 15:44:00,057000,11.451
2026/04/29 15:44:00,058000,11.457
2026/04/29 15:44:00,059000,11.457
2026/04/29 15:44:00,060000,11.457
2026/04/29 15:44:00,061000,11.451
2026/04/29 15:44:00,062000,11.457
2026/04/29 15:44:00,063000,11.454
2026/04/29 15:44:00,064000,11.454
2026/04/29 15:44:00,065000,11.459
2026/04/29 15:44:00,066000,11.454
2026/04/29 15:44:00,067000,11.457
2026/04/29 15:44:00,068000,11.459
2026/04/29 15:44:00,069000,11.459
2026/04/29 15:44:00,070000,11.451
2026/04/29 15:44:00,071000,11.457
2026/04/29 15:44:00,072000,11.454
2026/04/29 15:44:00,073000,11.448
2026/04/29 15:44:00,074000,11.451
2026/04/29 15:44:00,075000,11.454
2026/04/29 15:44:00,076000,11.457
2026/04/29 15:44:00,077000,11.459
2026/04/29 15:44:00,078000,11.459
2026/04/29 15:44:00,079000,11.451
2026/04/29 15:44:00,080000,11.457
2026/04/29 15:44:00,081000,11.451
2026/04/29 15:44:00,082000,11.457
2026/04/29 15:44:00,083000,11.451
2026/04/29 15:44:00,084000,11.457
2026/04/29 15:44:00,085000,11.451
2026/04/29 15:44:00,086000,11.454
2026/04/29 15:44:00,087000,11.459
2026/04/29 15:44:00,088000,11.451
2026/04/29 15:44:00,089000,11.454
2026/04/29 15:44:00,090000,11.459
2026/04/29 15:44:00,091000,11.459
2026/04/29 15:44:00,092000,11.457
2026/04/29 15:44:00,093000,11.454
2026/04/29 15:44:00,094000,11.454
2026/04/29 15:44:00,095000,11.457
2026/04/29 15:44:00,096000,11.457
2026/04/29 15:44:00,097000,11.459
2026/04/29 15:44:00,098000,11.448
2026/04/29 15:44:00,099000,11.457
2026/04/29 15:44:00,100000,11.459
2026/04/29 15:44:00,101000,11.454
2026/04/29 15:44:00,102000,11.454
2026/04/29 15:44:00,103000,11.451
2026/04/29 15:44:00,104000,11.451
2026/04/29 15:44:00,105000,11.457
2026/04/29 15:44:00,106000,11.454
2026/04/29 15:44:00,107000,11.462
2026/04/29 15:44:00,108000,11.457
2026/04/29 15:44:00,109000,11.454
2026/04/29 15:44:00,110000,11.457
2026/04/29 15:44:00,111000,11.459
2026/04/29 15:44:00,112000,11.459
2026/04/29 15:44:00,113000,11.448
2026/04/29 15:44:00,114000,11.459
2026/04/29 15:44:00,115000,11.459
2026/04/29 15:44:00,116000,11.454
2026/04/29 15:44:00,117000,11.459
2026/04/29 15:44:00,118000,11.454
2026/04/29 15:44:00,119000,11.451
2026/04/29 15:44:00,120000,11.457
2026/04/29 15:44:00,121000,11.457
2026/04/29 15:44:00,122000,11.451
2026/04/29 15:44:00,123000,11.454
2026/04/29 15:44:00,124000,11.448
2026/04/29 15:44:00,125000,11.457
2026/04/29 15:44:00,126000,11.457
2026/04/29 15:44:00,127000,11.457
2026/04/29 15:44:00,128000,11.457
2026/04/29 15:44:00,129000,11.457
2026/04/29 15:44:00,130000,11.454
2026/04/29 15:44:00,131000,11.451
2026/04/29 15:44:00,132000,11.454
2026/04/29 15:44:00,133000,11.451
2026/04/29 15:44:00,134000,11.454
2026/04/29 15:44:00,135000,11.457
2026/04/29 15:44:00,136000,11.457
2026/04/29 15:44:00,137000,11.448
2026/04/29 15:44:00,138000,11.454
2026/04/29 15:44:00,139000,11.459
2026/04/29 15:44:00,140000,11.454
2026/04/29 15:44:00,141000,11.454
2026/04/29 15:44:00,142000,11.454
2026/04/29 15:44:00,143000,11.454
2026/04/29 15:44:00,144000,11.454
2026/04/29 15:44:00,145000,11.454
2026/04/29 15:44:00,146000,11.459
2026/04/29 15:44:00,147000,11.457
2026/04/29 15:44:00,148000,11.457
2026/04/29 15:44:00,149000,11.457
2026/04/29 15:44:00,150000,11.457
2026/04/29 15:44:00,151000,11.454
2026/04/29 15:44:00,152000,11.457
2026/04/29 15:44:00,153000,11.451
2026/04/29 15:44:00,154000,11.457
2026/04/29 15:44:00,155000,11.457
2026/04/29 15:44:00,156000,11.457
2026/04/29 15:44:00,157000,11.459
2026/04/29 15:44:00,158000,11.457
2026/04/29 15:44:00,159000,11.454
2026/04/29 15:44:00,160000,11.457
2026/04/29 15:44:00,161000,11.459
2026/04/29 15:44:00,162000,11.459
2026/04/29 15:44:00,163000,11.457
2026/04/29 15:44:00,164000,11.457
2026/04/29 15:44:00,165000,11.454
2026/04/29 15:44:00,166000,11.457
2026/04/29 15:44:00,167000,11.459
2026/04/29 15:44:00,168000,11.448
2026/04/29 15:44:00,169000,11.457
2026/04/29 15:44:00,170000,11.451
2026/04/29 15:44:00,171000,11.457
2026/04/29 15:44:00,172000,11.457
2026/04/29 15:44:00,173000,11.459
2026/04/29 15:44:00,174000,11.459
2026/04/29 15:44:00,175000,11.448
2026/04/29 15:44:00,176000,11.459
2026/04/29 15:44:00,177000,11.454
2026/04/29 15:44:00,178000,11.454
2026/04/29 15:44:00,179000,11.459
2026/04/29 15:44:00,180000,11.454
2026/04/29 15:44:00,181000,11.454
2026/04/29 15:44:00,182000,11.454
2026/04/29 15:44:00,183000,11.457
2026/04/29 15:44:00,184000,11.457
2026/04/29 15:44:00,185000,11.454
2026/04/29 15:44:00,186000,11.454
2026/04/29 15:44:00,187000,11.454
2026/04/29 15:44:00,188000,11.457
2026/04/29 15:44:00,189000,11.451
2026/04/29 15:44:00,190000,11.454
2026/04/29 15:44:00,191000,11.454
2026/04/29 15:44:00,192000,11.459
2026/04/29 15:44:00,193000,11.457
2026/04/29 15:44:00,194000,11.454
2026/04/29 15:44:00,195000,11.457
2026/04/29 15:44:00,196000,11.448
2026/04/29 15:44:00,197000,11.454
2026/04/29 15:44:00,198000,11.457
2026/04/29 15:44:00,199000,11.454
2026/04/29 15:44:00,200000,11.454
2026/04/29 15:44:00,201000,11.454
2026/04/29 15:44:00,202000,11.454
2026/04/29 15:44:00,203000,11.448
2026/04/29 15:44:00,204000,11.454
2026/04/29 15:44:00,205000,11.454
2026/04/29 15:44:00,206000,11.454
2026/04/29 15:44:00,207000,11.459
2026/04/29 15:44:00,208000,11.454
2026/04/29 15:44:00,209000,11.457
2026/04/29 15:44:00,210000,11.445
2026/04/29 15:44:00,211000,11.459
2026/04/29 15:44:00,212000,11.451
2026/04/29 15:44:00,213000,11.457
2026/04/29 15:44:00,214000,11.457
2026/04/29 15:44:00,215000,11.459
2026/04/29 15:44:00,216000,11.451
2026/04/29 15:44:00,217000,11.457
2026/04/29 15:44:00,218000,11.459
2026/04/29 15:44:00,219000,11.459
2026/04/29 15:44:00,220000,11.454
2026/04/29 15:44:00,221000,11.445
2026/04/29 15:44:00,222000,11.451
2026/04/29 15:44:00,223000,11.454
2026/04/29 15:44:00,224000,11.454
2026/04/29 15:44:00,225000,11.454
2026/04/29 15:44:00,226000,11.457
2026/04/29 15:44:00,227000,11.457
2026/04/29 15:44:00,228000,11.451
2026/04/29 15:44:00,229000,11.451
2026/04/29 15:44:00,230000,11.451
2026/04/29 15:44:00,231000,11.454
2026/04/29 15:44:00,232000,11.457
2026/04/29 15:44:00,233000,11.457
2026/04/29 15:44:00,234000,11.454
2026/04/29 15:44:00,235000,11.454
2026/04/29 15:44:00,236000,11.457
2026/04/29 15:44:00,237000,11.457
2026/04/29 15:44:00,238000,11.457
2026/04/29 15:44:00,239000,11.454
2026/04/29 15:44:00,240000,11.457
2026/04/29 15:44:00,241000,11.457
2026/04/29 15:44:00,242000,11.454
2026/04/29 15:44:00,243000,11.454
2026/04/29 15:44:00,244000,11.454
2026/04/29 15:44:00,245000,11.451
2026/04/29 15:44:00,246000,11.454
2026/04/29 15:44:00,247000,11.454
2026/04/29 15:44:00,248000,11.459
2026/04/29 15:44:00,249000,11.454
2026/04/29 15:44:00,250000,11.448
2026/04/29 15:44:00,251000,11.454
2026/04/29 15:44:00,252000,11.454
2026/04/29 15:44:00,253000,11.445
2026/04/29 15:44:00,254000,11.454
2026/04/29 15:44:00,255000,11.448
2026/04/29 15:44:00,256000,11.451
2026/04/29 15:44:00,257000,11.459
2026/04/29 15:44:00,258000,11.454
2026/04/29 15:44:00,259000,11.451
2026/04/29 15:44:00,260000,11.451
2026/04/29 15:44:00,261000,11.454
2026/04/29 15:44:00,262000,11.454
2026/04/29 15:44:00,263000,11.448
2026/04/29 15:44:00,264000,11.454
2026/04/29 15:44:00,265000,11.448
2026/04/29 15:44:00,266000,11.454
2026/04/29 15:44:00,267000,11.457
2026/04/29 15:44:00,268000,11.451
2026/04/29 15:44:00,269000,11.454
2026/04/29 15:44:00,270000,11.457
2026/04/29 15:44:00,271000,11.445
2026/04/29 15:44:00,272000,11.454
2026/04/29 15:44:00,273000,11.448
2026/04/29 15:44:00,274000,11.457
2026/04/29 15:44:00,275000,11.457
2026/04/29 15:44:00,276000,11.454
2026/04/29 15:44:00,277000,11.454
2026/04/29 15:44:00,278000,11.448
2026/04/29 15:44:00,279000,11.459
2026/04/29 15:44:00,280000,11.454
2026/04/29 15:44:00,281000,11.451
2026/04/29 15:44:00,282000,11.448
2026/04/29 15:44:00,283000,11.465
2026/04/29 15:44:00,284000,11.454
2026/04/29 15:44:00,285000,11.448
2026/04/29 15:44:00,286000,11.448
2026/04/29 15:44:00,287000,11.454
2026/04/29 15:44:00,288000,11.457
2026/04/29 15:44:00,289000,11.454
2026/04/29 15:44:00,290000,11.448
2026/04/29 15:44:00,291000,11.454
2026/04/29 15:44:00,292000,11.451
2026/04/29 15:44:00,293000,11.451
2026/04/29 15:44:00,294000,11.451
2026/04/29 15:44:00,295000,11.451
2026/04/29 15:44:00,296000,11.451
2026/04/29 15:44:00,297000,11.451
2026/04/29 15:44:00,298000,11.451
2026/04/29 15:44:00,299000,11.448
2026/04/29 15:44:00,300000,11.454
2026/04/29 15:44:00,301000,11.457
2026/04/29 15:44:00,302000,11.457
2026/04/29 15:44:00,303000,11.454
2026/04/29 15:44:00,304000,11.459
2026/04/29 15:44:00,305000,11.448
2026/04/29 15:44:00,306000,11.454
2026/04/29 15:44:00,307000,11.454
2026/04/29 15:44:00,308000,11.454
2026/04/29 15:44:00,309000,11.457
2026/04/29 15:44:00,310000,11.454
2026/04/29 15:44:00,311000,11.454
2026/04/29 15:44:00,312000,11.454
2026/04/29 15:44:00,313000,11.451
2026/04/29 15:44:00,314000,11.454
2026/04/29 15:44:00,315000,11.451
2026/04/29 15:44:00,316000,11.451
2026/04/29 15:44:00,317000,11.457
2026/04/29 15:44:00,318000,11.454
2026/04/29 15:44:00,319000,11.454
2026/04/29 15:44:00,320000,11.457
2026/04/29 15:44:00,321000,11.451
2026/04/29 15:44:00,322000,11.454
2026/04/29 15:44:00,323000,11.454
2026/04/29 15:44:00,324000,11.457
2026/04/29 15:44:00,325000,11.459
2026/04/29 15:44:00,326000,11.457
2026/04/29 15:44:00,327000,11.454
2026/04/29 15:44:00,328000,11.445
2026/04/29 15:44:00,329000,11.454
2026/04/29 15:44:00,330000,11.454
2026/04/29 15:44:00,331000,11.454
2026/04/29 15:44:00,332000,11.451
2026/04/29 15:44:00,333000,11.454
2026/04/29 15:44:00,334000,11.451
2026/04/29 15:44:00,335000,11.454
2026/04/29 15:44:00,336000,11.454
2026/04/29 15:44:00,337000,11.454
2026/04/29 15:44:00,338000,11.451
2026/04/29 15:44:00,339000,11.459
2026/04/29 15:44:00,340000,11.457
2026/04/29 15:44:00,341000,11.457
2026/04/29 15:44:00,342000,11.457
2026/04/29 15:44:00,343000,11.454
2026/04/29 15:44:00,344000,11.465
2026/04/29 15:44:00,345000,11.462
2026/04/29 15:44:00,346000,11.457
2026/04/29 15:44:00,347000,11.457
2026/04/29 15:44:00,348000,11.451
2026/04/29 15:44:00,349000,11.454
2026/04/29 15:44:00,350000,11.457
2026/04/29 15:44:00,351000,11.454
2026/04/29 15:44:00,352000,11.451
2026/04/29 15:44:00,353000,11.459
2026/04/29 15:44:00,354000,11.457
2026/04/29 15:44:00,355000,11.454
2026/04/29 15:44:00,356000,11.448
2026/04/29 15:44:00,357000,11.451
2026/04/29 15:44:00,358000,11.451
2026/04/29 15:44:00,359000,11.451
2026/04/29 15:44:00,360000,11.454
2026/04/29 15:44:00,361000,11.454
2026/04/29 15:44:00,362000,11.457
2026/04/29 15:44:00,363000,11.454
2026/04/29 15:44:00,364000,11.451
2026/04/29 15:44:00,365000,11.454
2026/04/29 15:44:00,366000,11.454
2026/04/29 15:44:00,367000,11.451
2026/04/29 15:44:00,368000,11.454
2026/04/29 15:44:00,369000,11.451
2026/04/29 15:44:00,370000,11.451
2026/04/29 15:44:00,371000,11.454
2026/04/29 15:44:00,372000,11.462
2026/04/29 15:44:00,373000,11.448
2026/04/29 15:44:00,374000,11.457
2026/04/29 15:44:00,375000,11.454
2026/04/29 15:44:00,376000,11.448
2026/04/29 15:44:00,377000,11.445
2026/04/29 15:44:00,378000,11.451
2026/04/29 15:44:00,379000,11.448
2026/04/29 15:44:00,380000,11.454
2026/04/29 15:44:00,381000,11.451
2026/04/29 15:44:00,382000,11.451
2026/04/29 15:44:00,383000,11.451
2026/04/29 15:44:00,384000,11.459
2026/04/29 15:44:00,385000,11.457
2026/04/29 15:44:00,386000,11.457
2026/04/29 15:44:00,387000,11.454
2026/04/29 15:44:00,388000,11.457
2026/04/29 15:44:00,389000,11.454
2026/04/29 15:44:00,390000,11.454
2026/04/29 15:44:00,391000,11.457
2026/04/29 15:44:00,392000,11.457
2026/04/29 15:44:00,393000,11.462
2026/04/29 15:44:00,394000,11.454
2026/04/29 15:44:00,395000,11.454
2026/04/29 15:44:00,396000,11.457
2026/04/29 15:44:00,397000,11.459
2026/04/29 15:44:00,398000,11.448
2026/04/29 15:44:00,399000,11.454
2026/04/29 15:44:00,400000,11.454
2026/04/29 15:44:00,401000,11.457
2026/04/29 15:44:00,402000,11.457
2026/04/29 15:44:00,403000,11.457
2026/04/29 15:44:00,404000,11.457
2026/04/29 15:44:00,405000,11.454
2026/04/29 15:44:00,406000,11.457
2026/04/29 15:44:00,407000,11.454
2026/04/29 15:44:00,408000,11.457
2026/04/29 15:44:00,409000,11.459
2026/04/29 15:44:00,410000,11.459
2026/04/29 15:44:00,411000,11.448
2026/04/29 15:44:00,412000,11.459
2026/04/29 15:44:00,413000,11.462
2026/04/29 15:44:00,414000,11.457
2026/04/29 15:44:00,415000,11.454
2026/04/29 15:44:00,416000,11.459
2026/04/29 15:44:00,417000,11.457
2026/04/29 15:44:00,418000,11.451
2026/04/29 15:44:00,419000,11.451
2026/04/29 15:44:00,420000,11.454
2026/04/29 15:44:00,421000,11.448
2026/04/29 15:44:00,422000,11.459
2026/04/29 15:44:00,423000,11.457
2026/04/29 15:44:00,424000,11.448
2026/04/29 15:44:00,425000,11.457
2026/04/29 15:44:00,426000,11.451
2026/04/29 15:44:00,427000,11.454
2026/04/29 15:44:00,428000,11.454
2026/04/29 15:44:00,429000,11.459
2026/04/29 15:44:00,430000,11.457
2026/04/29 15:44:00,431000,11.457
2026/04/29 15:44:00,432000,11.454
2026/04/29 15:44:00,433000,11.451
2026/04/29 15:44:00,434000,11.454
2026/04/29 15:44:00,435000,11.459
2026/04/29 15:44:00,436000,11.454
2026/04/29 15:44:00,437000,11.451
2026/04/29 15:44:00,438000,11.454
2026/04/29 15:44:00,439000,11.457
2026/04/29 15:44:00,440000,11.454
2026/04/29 15:44:00,441000,11.459
2026/04/29 15:44:00,442000,11.457
2026/04/29 15:44:00,443000,11.451
2026/04/29 15:44:00,444000,11.454
2026/04/29 15:44:00,445000,11.459
2026/04/29 15:44:00,446000,11.459
2026/04/29 15:44:00,447000,11.457
2026/04/29 15:44:00,448000,11.454
2026/04/29 15:44:00,449000,11.454
2026/04/29 15:44:00,450000,11.448
2026/04/29 15:44:00,451000,11.451
2026/04/29 15:44:00,452000,11.459
2026/04/29 15:44:00,453000,11.451
2026/04/29 15:44:00,454000,11.457
2026/04/29 15:44:00,455000,11.454
2026/04/29 15:44:00,456000,11.457
2026/04/29 15:44:00,457000,11.454
2026/04/29 15:44:00,458000,11.457
2026/04/29 15:44:00,459000,11.454
2026/04/29 15:44:00,460000,11.448
2026/04/29 15:44:00,461000,11.454
2026/04/29 15:44:00,462000,11.451
2026/04/29 15:44:00,463000,11.454
2026/04/29 15:44:00,464000,11.454
2026/04/29 15:44:00,465000,11.451
2026/04/29 15:44:00,466000,11.451
2026/04/29 15:44:00,467000,11.454
2026/04/29 15:44:00,468000,11.459
2026/04/29 15:44:00,469000,11.457
2026/04/29 15:44:00,470000,11.457
2026/04/29 15:44:00,471000,11.457
2026/04/29 15:44:00,472000,11.462
2026/04/29 15:44:00,473000,11.454
2026/04/29 15:44:00,474000,11.448
2026/04/29 15:44:00,475000,11.454
2026/04/29 15:44:00,476000,11.451
2026/04/29 15:44:00,477000,11.454
2026/04/29 15:44:00,478000,11.471
2026/04/29 15:44:00,479000,11.454
2026/04/29 15:44:00,480000,11.454
2026/04/29 15:44:00,481000,11.451
2026/04/29 15:44:00,482000,11.454
2026/04/29 15:44:00,483000,11.457
2026/04/29 15:44:00,484000,11.448
2026/04/29 15:44:00,485000,11.454
2026/04/29 15:44:00,486000,11.462
2026/04/29 15:44:00,487000,11.459
2026/04/29 15:44:00,488000,11.457
2026/04/29 15:44:00,489000,11.454
2026/04/29 15:44:00,490000,11.457
2026/04/29 15:44:00,491000,11.457
2026/04/29 15:44:00,492000,11.459
2026/04/29 15:44:00,493000,11.457
2026/04/29 15:44:00,494000,11.454
2026/04/29 15:44:00,495000,11.459
2026/04/29 15:44:00,496000,11.448
2026/04/29 15:44:00,497000,11.454
2026/04/29 15:44:00,498000,11.451
2026/04/29 15:44:00,499000,11.459
2026/04/29 15:44:00,500000,11.459
2026/04/29 15:44:00,501000,11.454
2026/04/29 15:44:00,502000,11.448
2026/04/29 15:44:00,503000,11.454
2026/04/29 15:44:00,504000,11.448
2026/04/29 15:44:00,505000,11.457
2026/04/29 15:44:00,506000,11.454
2026/04/29 15:44:00,507000,11.457
2026/04/29 15:44:00,508000,11.459
2026/04/29 15:44:00,509000,11.457
2026/04/29 15:44:00,510000,11.451
2026/04/29 15:44:00,511000,11.454
2026/04/29 15:44:00,512000,11.459
2026/04/29 15:44:00,513000,11.457
2026/04/29 15:44:00,514000,11.454
2026/04/29 15:44:00,515000,11.459
2026/04/29 15:44:00,516000,11.457
2026/04/29 15:44:00,517000,11.459
2026/04/29 15:44:00,518000,11.465
2026/04/29 15:44:00,519000,11.451
2026/04/29 15:44:00,520000,11.451
2026/04/29 15:44:00,521000,11.457
2026/04/29 15:44:00,522000,11.457
2026/04/29 15:44:00,523000,11.462
2026/04/29 15:44:00,524000,11.457
2026/04/29 15:44:00,525000,11.451
2026/04/29 15:44:00,526000,11.454
2026/04/29 15:44:00,527000,11.459
2026/04/29 15:44:00,528000,11.448
2026/04/29 15:44:00,529000,11.459
2026/04/29 15:44:00,530000,11.454
2026/04/29 15:44:00,531000,11.457
2026/04/29 15:44:00,532000,11.459
2026/04/29 15:44:00,533000,11.454
2026/04/29 15:44:00,534000,11.454
2026/04/29 15:44:00,535000,11.457
2026/04/29 15:44:00,536000,11.454
2026/04/29 15:44:00,537000,11.459
2026/04/29 15:44:00,538000,11.451
2026/04/29 15:44:00,539000,11.465
2026/04/29 15:44:00,540000,11.454
2026/04/29 15:44:00,541000,11.459
2026/04/29 15:44:00,542000,11.459
2026/04/29 15:44:00,543000,11.454
2026/04/29 15:44:00,544000,11.454
2026/04/29 15:44:00,545000,11.454
2026/04/29 15:44:00,546000,11.454
2026/04/29 15:44:00,547000,11.457
2026/04/29 15:44:00,548000,11.457
2026/04/29 15:44:00,549000,11.457
2026/04/29 15:44:00,550000,11.457
2026/04/29 15:44:00,551000,11.457
2026/04/29 15:44:00,552000,11.462
2026/04/29 15:44:00,553000,11.454
2026/04/29 15:44:00,554000,11.448
2026/04/29 15:44:00,555000,11.451
2026/04/29 15:44:00,556000,11.454
2026/04/29 15:44:00,557000,11.459
2026/04/29 15:44:00,558000,11.457
2026/04/29 15:44:00,559000,11.454
2026/04/29 15:44:00,560000,11.451
2026/04/29 15:44:00,561000,11.457
2026/04/29 15:44:00,562000,11.457
2026/04/29 15:44:00,563000,11.451
2026/04/29 15:44:00,564000,11.454
2026/04/29 15:44:00,565000,11.451
2026/04/29 15:44:00,566000,11.462
2026/04/29 15:44:00,567000,11.457
2026/04/29 15:44:00,568000,11.454
2026/04/29 15:44:00,569000,11.457
2026/04/29 15:44:00,570000,11.454
2026/04/29 15:44:00,571000,11.454
2026/04/29 15:44:00,572000,11.451
2026/04/29 15:44:00,573000,11.457
2026/04/29 15:44:00,574000,11.454
2026/04/29 15:44:00,575000,11.451
2026/04/29 15:44:00,576000,11.462
2026/04/29 15:44:00,577000,11.448
2026/04/29 15:44:00,578000,11.454
2026/04/29 15:44:00,579000,11.457
2026/04/29 15:44:00,580000,11.454
2026/04/29 15:44:00,581000,11.454
2026/04/29 15:44:00,582000,11.454
2026/04/29 15:44:00,583000,11.457
2026/04/29 15:44:00,584000,11.454
2026/04/29 15:44:00,585000,11.454
2026/04/29 15:44:00,586000,11.454
2026/04/29 15:44:00,587000,11.457
2026/04/29 15:44:00,588000,11.457
2026/04/29 15:44:00,589000,11.465
2026/04/29 15:44:00,590000,11.454
2026/04/29 15:44:00,591000,11.451
2026/04/29 15:44:00,592000,11.454
2026/04/29 15:44:00,593000,11.457
2026/04/29 15:44:00,594000,11.459
2026/04/29 15:44:00,595000,11.454
2026/04/29 15:44:00,596000,11.451
2026/04/29 15:44:00,597000,11.459
2026/04/29 15:44:00,598000,11.457
2026/04/29 15:44:00,599000,11.454
2026/04/29 15:44:00,600000,11.454
2026/04/29 15:44:00,601000,11.459
2026/04/29 15:44:00,602000,11.451
2026/04/29 15:44:00,603000,11.454
2026/04/29 15:44:00,604000,11.454
2026/04/29 15:44:00,605000,11.457
2026/04/29 15:44:00,606000,11.454
2026/04/29 15:44:00,607000,11.454
2026/04/29 15:44:00,608000,11.459
2026/04/29 15:44:00,609000,11.459
2026/04/29 15:44:00,610000,11.459
2026/04/29 15:44:00,611000,11.454
2026/04/29 15:44:00,612000,11.459
2026/04/29 15:44:00,613000,11.459
2026/04/29 15:44:00,614000,11.454
2026/04/29 15:44:00,615000,11.457
2026/04/29 15:44:00,616000,11.459
2026/04/29 15:44:00,617000,11.454
2026/04/29 15:44:00,618000,11.454
2026/04/29 15:44:00,619000,11.454
2026/04/29 15:44:00,620000,11.459
2026/04/29 15:44:00,621000,11.459
2026/04/29 15:44:00,622000,11.454
2026/04/29 15:44:00,623000,11.457
2026/04/29 15:44:00,624000,11.454
2026/04/29 15:44:00,625000,11.451
2026/04/29 15:44:00,626000,11.451
2026/04/29 15:44:00,627000,11.459
2026/04/29 15:44:00,628000,11.462
2026/04/29 15:44:00,629000,11.448
2026/04/29 15:44:00,630000,11.457
2026/04/29 15:44:00,631000,11.459
2026/04/29 15:44:00,632000,11.459
2026/04/29 15:44:00,633000,11.457
2026/04/29 15:44:00,634000,11.448
2026/04/29 15:44:00,635000,11.462
2026/04/29 15:44:00,636000,11.451
2026/04/29 15:44:00,637000,11.457
2026/04/29 15:44:00,638000,11.457
2026/04/29 15:44:00,639000,11.459
2026/04/29 15:44:00,640000,11.454
2026/04/29 15:44:00,641000,11.454
2026/04/29 15:44:00,642000,11.459
2026/04/29 15:44:00,643000,11.457
2026/04/29 15:44:00,644000,11.457
2026/04/29 15:44:00,645000,11.454
2026/04/29 15:44:00,646000,11.457
2026/04/29 15:44:00,647000,11.457
2026/04/29 15:44:00,648000,11.457
2026/04/29 15:44:00,649000,11.457
2026/04/29 15:44:00,650000,11.457
2026/04/29 15:44:00,651000,11.457
2026/04/29 15:44:00,652000,11.454
2026/04/29 15:44:00,653000,11.457
2026/04/29 15:44:00,654000,11.462
2026/04/29 15:44:00,655000,11.459
2026/04/29 15:44:00,656000,11.457
2026/04/29 15:44:00,657000,11.457
2026/04/29 15:44:00,658000,11.454
2026/04/29 15:44:00,659000,11.451
2026/04/29 15:44:00,660000,11.462
2026/04/29 15:44:00,661000,11.457
2026/04/29 15:44:00,662000,11.451
2026/04/29 15:44:00,663000,11.454
2026/04/29 15:44:00,664000,11.457
2026/04/29 15:44:00,665000,11.454
2026/04/29 15:44:00,666000,11.462
2026/04/29 15:44:00,667000,11.454
2026/04/29 15:44:00,668000,11.451
2026/04/29 15:44:00,669000,11.454
2026/04/29 15:44:00,670000,11.457
2026/04/29 15:44:00,671000,11.451
2026/04/29 15:44:00,672000,11.457
2026/04/29 15:44:00,673000,11.451
2026/04/29 15:44:00,674000,11.457
2026/04/29 15:44:00,675000,11.451
2026/04/29 15:44:00,676000,11.454
2026/04/29 15:44:00,677000,11.459
2026/04/29 15:44:00,678000,11.459
2026/04/29 15:44:00,679000,11.454
2026/04/29 15:44:00,680000,11.454
2026/04/29 15:44:00,681000,11.454
2026/04/29 15:44:00,682000,11.457
2026/04/29 15:44:00,683000,11.457
2026/04/29 15:44:00,684000,11.454
2026/04/29 15:44:00,685000,11.459
2026/04/29 15:44:00,686000,11.459
2026/04/29 15:44:00,687000,11.451
2026/04/29 15:44:00,688000,11.454
2026/04/29 15:44:00,689000,11.454
2026/04/29 15:44:00,690000,11.459
2026/04/29 15:44:00,691000,11.459
2026/04/29 15:44:00,692000,11.459
2026/04/29 15:44:00,693000,11.457
2026/04/29 15:44:00,694000,11.457
2026/04/29 15:44:00,695000,11.454
2026/04/29 15:44:00,696000,11.454
2026/04/29 15:44:00,697000,11.454
2026/04/29 15:44:00,698000,11.462
2026/04/29 15:44:00,699000,11.454
2026/04/29 15:44:00,700000,11.454
2026/04/29 15:44:00,701000,11.451
2026/04/29 15:44:00,702000,11.457
2026/04/29 15:44:00,703000,11.459
2026/04/29 15:44:00,704000,11.457
2026/04/29 15:44:00,705000,11.459
2026/04/29 15:44:00,706000,11.454
2026/04/29 15:44:00,707000,11.454
2026/04/29 15:44:00,708000,11.451
2026/04/29 15:44:00,709000,11.465
2026/04/29 15:44:00,710000,11.454
2026/04/29 15:44:00,711000,11.459
2026/04/29 15:44:00,712000,11.454
2026/04/29 15:44:00,713000,11.457
2026/04/29 15:44:00,714000,11.457
2026/04/29 15:44:00,715000,11.457
2026/04/29 15:44:00,716000,11.454
2026/04/29 15:44:00,717000,11.465
2026/04/29 15:44:00,718000,11.457
2026/04/29 15:44:00,719000,11.448
2026/04/29 15:44:00,720000,11.459
2026/04/29 15:44:00,721000,11.457
2026/04/29 15:44:00,722000,11.454
2026/04/29 15:44:00,723000,11.462
2026/04/29 15:44:00,724000,11.457
2026/04/29 15:44:00,725000,11.448
2026/04/29 15:44:00,726000,11.457
2026/04/29 15:44:00,727000,11.459
2026/04/29 15:44:00,728000,11.451
2026/04/29 15:44:00,729000,11.457
2026/04/29 15:44:00,730000,11.451
2026/04/29 15:44:00,731000,11.454
2026/04/29 15:44:00,732000,11.459
2026/04/29 15:44:00,733000,11.448
2026/04/29 15:44:00,734000,11.457
2026/04/29 15:44:00,735000,11.454
2026/04/29 15:44:00,736000,11.451
2026/04/29 15:44:00,737000,11.457
2026/04/29 15:44:00,738000,11.457
2026/04/29 15:44:00,739000,11.462
2026/04/29 15:44:00,740000,11.451
2026/04/29 15:44:00,741000,11.454
2026/04/29 15:44:00,742000,11.454
2026/04/29 15:44:00,743000,11.457
2026/04/29 15:44:00,744000,11.454
2026/04/29 15:44:00,745000,11.459
2026/04/29 15:44:00,746000,11.457
2026/04/29 15:44:00,747000,11.457
2026/04/29 15:44:00,748000,11.454
2026/04/29 15:44:00,749000,11.454
2026/04/29 15:44:00,750000,11.454
2026/04/29 15:44:00,751000,11.454
2026/04/29 15:44:00,752000,11.454
2026/04/29 15:44:00,753000,11.457
2026/04/29 15:44:00,754000,11.454
2026/04/29 15:44:00,755000,11.454
2026/04/29 15:44:00,756000,11.459
2026/04/29 15:44:00,757000,11.457
2026/04/29 15:44:00,758000,11.454
2026/04/29 15:44:00,759000,11.459
2026/04/29 15:44:00,760000,11.459
2026/04/29 15:44:00,761000,11.454
2026/04/29 15:44:00,762000,11.457
2026/04/29 15:44:00,763000,11.457
2026/04/29 15:44:00,764000,11.465
2026/04/29 15:44:00,765000,11.454
2026/04/29 15:44:00,766000,11.457
2026/04/29 15:44:00,767000,11.457
2026/04/29 15:44:00,768000,11.454
2026/04/29 15:44:00,769000,11.454
2026/04/29 15:44:00,770000,11.459
2026/04/29 15:44:00,771000,11.459
2026/04/29 15:44:00,772000,11.459
2026/04/29 15:44:00,773000,11.459
2026/04/29 15:44:00,774000,11.454
2026/04/29 15:44:00,775000,11.457
2026/04/29 15:44:00,776000,11.465
2026/04/29 15:44:00,777000,11.459
2026/04/29 15:44:00,778000,11.451
2026/04/29 15:44:00,779000,11.457
2026/04/29 15:44:00,780000,11.454
2026/04/29 15:44:00,781000,11.454
2026/04/29 15:44:00,782000,11.454
2026/04/29 15:44:00,783000,11.457
2026/04/29 15:44:00,784000,11.457
2026/04/29 15:44:00,785000,11.459
2026/04/29 15:44:00,786000,11.451
2026/04/29 15:44:00,787000,11.454
2026/04/29 15:44:00,788000,11.454
2026/04/29 15:44:00,789000,11.457
2026/04/29 15:44:00,790000,11.454
2026/04/29 15:44:00,791000,11.454
2026/04/29 15:44:00,792000,11.454
2026/04/29 15:44:00,793000,11.457
2026/04/29 15:44:00,794000,11.457
2026/04/29 15:44:00,795000,11.457
2026/04/29 15:44:00,796000,11.457
2026/04/29 15:44:00,797000,11.459
2026/04/29 15:44:00,798000,11.457
2026/04/29 15:44:00,799000,11.459
2026/04/29 15:44:00,800000,11.454
2026/04/29 15:44:00,801000,11.451
2026/04/29 15:44:00,802000,11.454
2026/04/29 15:44:00,803000,11.457
2026/04/29 15:44:00,804000,11.457
2026/04/29 15:44:00,805000,11.454
2026/04/29 15:44:00,806000,11.457
2026/04/29 15:44:00,807000,11.459
2026/04/29 15:44:00,808000,11.462
2026/04/29 15:44:00,809000,11.457
2026/04/29 15:44:00,810000,11.454
2026/04/29 15:44:00,811000,11.457
2026/04/29 15:44:00,812000,11.462
2026/04/29 15:44:00,813000,11.457
2026/04/29 15:44:00,814000,11.454
2026/04/29 15:44:00,815000,11.459
2026/04/29 15:44:00,816000,11.457
2026/04/29 15:44:00,817000,11.451
2026/04/29 15:44:00,818000,11.462
2026/04/29 15:44:00,819000,11.451
2026/04/29 15:44:00,820000,11.457
2026/04/29 15:44:00,821000,11.459
2026/04/29 15:44:00,822000,11.457
2026/04/29 15:44:00,823000,11.457
2026/04/29 15:44:00,824000,11.454
2026/04/29 15:44:00,825000,11.462
2026/04/29 15:44:00,826000,11.457
2026/04/29 15:44:00,827000,11.454
2026/04/29 15:44:00,828000,11.454
2026/04/29 15:44:00,829000,11.457
2026/04/29 15:44:00,830000,11.454
2026/04/29 15:44:00,831000,11.462
2026/04/29 15:44:00,832000,11.454
2026/04/29 15:44:00,833000,11.451
2026/04/29 15:44:00,834000,11.454
2026/04/29 15:44:00,835000,11.454
2026/04/29 15:44:00,836000,11.457
2026/04/29 15:44:00,837000,11.457
2026/04/29 15:44:00,838000,11.451
2026/04/29 15:44:00,839000,11.457
2026/04/29 15:44:00,840000,11.454
2026/04/29 15:44:00,841000,11.457
2026/04/29 15:44:00,842000,11.451
2026/04/29 15:44:00,843000,11.454
2026/04/29 15:44:00,844000,11.448
2026/04/29 15:44:00,845000,11.459
2026/04/29 15:44:00,846000,11.462
2026/04/29 15:44:00,847000,11.459
2026/04/29 15:44:00,848000,11.457
2026/04/29 15:44:00,849000,11.454
2026/04/29 15:44:00,850000,11.451
2026/04/29 15:44:00,851000,11.459
2026/04/29 15:44:00,852000,11.454
2026/04/29 15:44:00,853000,11.459
2026/04/29 15:44:00,854000,11.459
2026/04/29 15:44:00,855000,11.457
2026/04/29 15:44:00,856000,11.459
2026/04/29 15:44:00,857000,11.457
2026/04/29 15:44:00,858000,11.462
2026/04/29 15:44:00,859000,11.457
2026/04/29 15:44:00,860000,11.454
2026/04/29 15:44:00,861000,11.459
2026/04/29 15:44:00,862000,11.457
2026/04/29 15:44:00,863000,11.459
2026/04/29 15:44:00,864000,11.454
2026/04/29 15:44:00,865000,11.459
2026/04/29 15:44:00,866000,11.454
2026/04/29 15:44:00,867000,11.451
2026/04/29 15:44:00,868000,11.459
2026/04/29 15:44:00,869000,11.454
2026/04/29 15:44:00,870000,11.454
2026/04/29 15:44:00,871000,11.448
2026/04/29 15:44:00,872000,11.457
2026/04/29 15:44:00,873000,11.457
2026/04/29 15:44:00,874000,11.451
2026/04/29 15:44:00,875000,11.462
2026/04/29 15:44:00,876000,11.454
2026/04/29 15:44:00,877000,11.457
2026/04/29 15:44:00,878000,11.454
2026/04/29 15:44:00,879000,11.454
2026/04/29 15:44:00,880000,11.457
2026/04/29 15:44:00,881000,11.457
2026/04/29 15:44:00,882000,11.457
2026/04/29 15:44:00,883000,11.454
2026/04/29 15:44:00,884000,11.454
2026/04/29 15:44:00,885000,11.459
2026/04/29 15:44:00,886000,11.454
2026/04/29 15:44:00,887000,11.454
2026/04/29 15:44:00,888000,11.459
2026/04/29 15:44:00,889000,11.451
2026/04/29 15:44:00,890000,11.454
2026/04/29 15:44:00,891000,11.451
2026/04/29 15:44:00,892000,11.457
2026/04/29 15:44:00,893000,11.457
2026/04/29 15:44:00,894000,11.457
2026/04/29 15:44:00,895000,11.457
2026/04/29 15:44:00,896000,11.459
2026/04/29 15:44:00,897000,11.459
2026/04/29 15:44:00,898000,11.457
2026/04/29 15:44:00,899000,11.451
2026/04/29 15:44:00,900000,11.457
2026/04/29 15:44:00,901000,11.454
2026/04/29 15:44:00,902000,11.451
2026/04/29 15:44:00,903000,11.457
2026/04/29 15:44:00,904000,11.459
2026/04/29 15:44:00,905000,11.454
2026/04/29 15:44:00,906000,11.457
2026/04/29 15:44:00,907000,11.459
2026/04/29 15:44:00,908000,11.448
2026/04/29 15:44:00,909000,11.454
2026/04/29 15:44:00,910000,11.457
2026/04/29 15:44:00,911000,11.457
2026/04/29 15:44:00,912000,11.454
2026/04/29 15:44:00,913000,11.448
2026/04/29 15:44:00,914000,11.457
2026/04/29 15:44:00,915000,11.457
2026/04/29 15:44:00,916000,11.457
2026/04/29 15:44:00,917000,11.457
2026/04/29 15:44:00,918000,11.454
2026/04/29 15:44:00,919000,11.454
2026/04/29 15:44:00,920000,11.459
2026/04/29 15:44:00,921000,11.459
2026/04/29 15:44:00,922000,11.454
2026/04/29 15:44:00,923000,11.457
2026/04/29 15:44:00,924000,11.457
2026/04/29 15:44:00,925000,11.457
2026/04/29 15:44:00,926000,11.457
2026/04/29 15:44:00,927000,11.459
2026/04/29 15:44:00,928000,11.454
2026/04/29 15:44:00,929000,11.451
2026/04/29 15:44:00,930000,11.451
2026/04/29 15:44:00,931000,11.457
2026/04/29 15:44:00,932000,11.459
2026/04/29 15:44:00,933000,11.457
2026/04/29 15:44:00,934000,11.457
2026/04/29 15:44:00,935000,11.454
2026/04/29 15:44:00,936000,11.457
2026/04/29 15:44:00,937000,11.451
2026/04/29 15:44:00,938000,11.459
2026/04/29 15:44:00,939000,11.448
2026/04/29 15:44:00,940000,11.457
2026/04/29 15:44:00,941000,11.457
2026/04/29 15:44:00,942000,11.459
2026/04/29 15:44:00,943000,11.448
2026/04/29 15:44:00,944000,11.454
2026/04/29 15:44:00,945000,11.457
2026/04/29 15:44:00,946000,11.459
2026/04/29 15:44:00,947000,11.457
2026/04/29 15:44:00,948000,11.457
2026/04/29 15:44:00,949000,11.457
2026/04/29 15:44:00,950000,11.454
2026/04/29 15:44:00,951000,11.451
2026/04/29 15:44:00,952000,11.454
2026/04/29 15:44:00,953000,11.454
2026/04/29 15:44:00,954000,11.462
2026/04/29 15:44:00,955000,11.459
2026/04/29 15:44:00,956000,11.454
2026/04/29 15:44:00,957000,11.457
2026/04/29 15:44:00,958000,11.459
2026/04/29 15:44:00,959000,11.454
2026/04/29 15:44:00,960000,11.454
2026/04/29 15:44:00,961000,11.451
2026/04/29 15:44:00,962000,11.448
2026/04/29 15:44:00,963000,11.454
2026/04/29 15:44:00,964000,11.459
2026/04/29 15:44:00,965000,11.459
2026/04/29 15:44:00,966000,11.454
2026/04/29 15:44:00,967000,11.454
2026/04/29 15:44:00,968000,11.451
2026/04/29 15:44:00,969000,11.457
2026/04/29 15:44:00,970000,11.454
2026/04/29 15:44:00,971000,11.457
2026/04/29 15:44:00,972000,11.459
2026/04/29 15:44:00,973000,11.454
2026/04/29 15:44:00,974000,11.454
2026/04/29 15:44:00,975000,11.454
2026/04/29 15:44:00,976000,11.454
2026/04/29 15:44:00,977000,11.457
2026/04/29 15:44:00,978000,11.457
2026/04/29 15:44:00,979000,11.454
2026/04/29 15:44:00,980000,11.457
2026/04/29 15:44:00,981000,11.454
2026/04/29 15:44:00,982000,11.459
2026/04/29 15:44:00,983000,11.454
2026/04/29 15:44:00,984000,11.454
2026/04/29 15:44:00,985000,11.457
2026/04/29 15:44:00,986000,11.457
2026/04/29 15:44:00,987000,11.448
2026/04/29 15:44:00,988000,11.454
2026/04/29 15:44:00,989000,11.454
2026/04/29 15:44:00,990000,11.451
2026/04/29 15:44:00,991000,11.457
2026/04/29 15:44:00,992000,11.448
2026/04/29 15:44:00,993000,11.457
2026/04/29 15:44:00,994000,11.457
2026/04/29 15:44:00,995000,11.457
2026/04/29 15:44:00,996000,11.457
2026/04/29 15:44:00,997000,11.457
2026/04/29 15:44:00,998000,11.451
2026/04/29 15:44:00,999000,11.454
2026/04/29 15:44:01,000000,11.454
2026/04/29 15:44:01,001000,11.457
2026/04/29 15:44:01,002000,11.454
2026/04/29 15:44:01,003000,11.454
2026/04/29 15:44:01,004000,11.454
2026/04/29 15:44:01,005000,11.459
2026/04/29 15:44:01,006000,11.457
2026/04/29 15:44:01,007000,11.457
2026/04/29 15:44:01,008000,11.457
2026/04/29 15:44:01,009000,11.454
2026/04/29 15:44:01,010000,11.459
2026/04/29 15:44:01,011000,11.459
2026/04/29 15:44:01,012000,11.454
2026/04/29 15:44:01,013000,11.457
2026/04/29 15:44:01,014000,11.459
2026/04/29 15:44:01,015000,11.454
2026/04/29 15:44:01,016000,11.454
2026/04/29 15:44:01,017000,11.454
2026/04/29 15:44:01,018000,11.459
2026/04/29 15:44:01,019000,11.454
2026/04/29 15:44:01,020000,11.451
2026/04/29 15:44:01,021000,11.457
2026/04/29 15:44:01,022000,11.457
2026/04/29 15:44:01,023000,11.454
2026/04/29 15:44:01,024000,11.459
2026/04/29 15:44:01,025000,11.468
2026/04/29 15:44:01,026000,11.451
2026/04/29 15:44:01,027000,11.457
2026/04/29 15:44:01,028000,11.462
2026/04/29 15:44:01,029000,11.457
2026/04/29 15:44:01,030000,11.457
2026/04/29 15:44:01,031000,11.443
2026/04/29 15:44:01,032000,11.454
2026/04/29 15:44:01,033000,11.459
2026/04/29 15:44:01,034000,11.454
2026/04/29 15:44:01,035000,11.459
2026/04/29 15:44:01,036000,11.448
2026/04/29 15:44:01,037000,11.457
2026/04/29 15:44:01,038000,11.454
2026/04/29 15:44:01,039000,11.457
2026/04/29 15:44:01,040000,11.457
2026/04/29 15:44:01,041000,11.457
2026/04/29 15:44:01,042000,11.459
2026/04/29 15:44:01,043000,11.454
2026/04/29 15:44:01,044000,11.451
2026/04/29 15:44:01,045000,11.459
2026/04/29 15:44:01,046000,11.451
2026/04/29 15:44:01,047000,11.457
2026/04/29 15:44:01,048000,11.457
2026/04/29 15:44:01,049000,11.454
2026/04/29 15:44:01,050000,11.459
2026/04/29 15:44:01,051000,11.459
2026/04/29 15:44:01,052000,11.459
2026/04/29 15:44:01,053000,11.454
2026/04/29 15:44:01,054000,11.457
2026/04/29 15:44:01,055000,11.454
2026/04/29 15:44:01,056000,11.459
2026/04/29 15:44:01,057000,11.457
2026/04/29 15:44:01,058000,11.457
2026/04/29 15:44:01,059000,11.457
2026/04/29 15:44:01,060000,11.457
2026/04/29 15:44:01,061000,11.448
2026/04/29 15:44:01,062000,11.457
2026/04/29 15:44:01,063000,11.457
2026/04/29 15:44:01,064000,11.457
2026/04/29 15:44:01,065000,11.448
2026/04/29 15:44:01,066000,11.459
2026/04/29 15:44:01,067000,11.457
2026/04/29 15:44:01,068000,11.457
2026/04/29 15:44:01,069000,11.454
2026/04/29 15:44:01,070000,11.457
2026/04/29 15:44:01,071000,11.454
2026/04/29 15:44:01,072000,11.457
2026/04/29 15:44:01,073000,11.459
2026/04/29 15:44:01,074000,11.451
2026/04/29 15:44:01,075000,11.454
2026/04/29 15:44:01,076000,11.457
2026/04/29 15:44:01,077000,11.454
2026/04/29 15:44:01,078000,11.454
2026/04/29 15:44:01,079000,11.459
2026/04/29 15:44:01,080000,11.459
2026/04/29 15:44:01,081000,11.459
2026/04/29 15:44:01,082000,11.457
2026/04/29 15:44:01,083000,11.459
2026/04/29 15:44:01,084000,11.459
2026/04/29 15:44:01,085000,11.459
2026/04/29 15:44:01,086000,11.459
2026/04/29 15:44:01,087000,11.454
2026/04/29 15:44:01,088000,11.457
2026/04/29 15:44:01,089000,11.457
2026/04/29 15:44:01,090000,11.457
2026/04/29 15:44:01,091000,11.457
2026/04/29 15:44:01,092000,11.457
2026/04/29 15:44:01,093000,11.457
2026/04/29 15:44:01,094000,11.451
2026/04/29 15:44:01,095000,11.457
2026/04/29 15:44:01,096000,11.465
2026/04/29 15:44:01,097000,11.454
2026/04/29 15:44:01,098000,11.465
2026/04/29 15:44:01,099000,11.454
2026/04/29 15:44:01,100000,11.457
2026/04/29 15:44:01,101000,11.454
2026/04/29 15:44:01,102000,11.454
2026/04/29 15:44:01,103000,11.459
2026/04/29 15:44:01,104000,11.454
2026/04/29 15:44:01,105000,11.457
2026/04/29 15:44:01,106000,11.462
2026/04/29 15:44:01,107000,11.454
2026/04/29 15:44:01,108000,11.457
2026/04/29 15:44:01,109000,11.459
2026/04/29 15:44:01,110000,11.457
2026/04/29 15:44:01,111000,11.459
2026/04/29 15:44:01,112000,11.459
2026/04/29 15:44:01,113000,11.448
2026/04/29 15:44:01,114000,11.459
2026/04/29 15:44:01,115000,11.457
2026/04/29 15:44:01,116000,11.459
2026/04/29 15:44:01,117000,11.457
2026/04/29 15:44:01,118000,11.454
2026/04/29 15:44:01,119000,11.457
2026/04/29 15:44:01,120000,11.459
2026/04/29 15:44:01,121000,11.454
2026/04/29 15:44:01,122000,11.451
2026/04/29 15:44:01,123000,11.451
2026/04/29 15:44:01,124000,11.459
2026/04/29 15:44:01,125000,11.457
2026/04/29 15:44:01,126000,11.457
2026/04/29 15:44:01,127000,11.459
2026/04/29 15:44:01,128000,11.457
2026/04/29 15:44:01,129000,11.457
2026/04/29 15:44:01,130000,11.448
2026/04/29 15:44:01,131000,11.454
2026/04/29 15:44:01,132000,11.457
2026/04/29 15:44:01,133000,11.459
2026/04/29 15:44:01,134000,11.462
2026/04/29 15:44:01,135000,11.459
2026/04/29 15:44:01,136000,11.457
2026/04/29 15:44:01,137000,11.459
2026/04/29 15:44:01,138000,11.451
2026/04/29 15:44:01,139000,11.454
2026/04/29 15:44:01,140000,11.459
2026/04/29 15:44:01,141000,11.454
2026/04/29 15:44:01,142000,11.457
2026/04/29 15:44:01,143000,11.457
2026/04/29 15:44:01,144000,11.448
2026/04/29 15:44:01,145000,11.454
2026/04/29 15:44:01,146000,11.462
2026/04/29 15:44:01,147000,11.457
2026/04/29 15:44:01,148000,11.454
2026/04/29 15:44:01,149000,11.457
2026/04/29 15:44:01,150000,11.451
2026/04/29 15:44:01,151000,11.457
2026/04/29 15:44:01,152000,11.459
2026/04/29 15:44:01,153000,11.454
2026/04/29 15:44:01,154000,11.468
2026/04/29 15:44:01,155000,11.454
2026/04/29 15:44:01,156000,11.454
2026/04/29 15:44:01,157000,11.459
2026/04/29 15:44:01,158000,11.454
2026/04/29 15:44:01,159000,11.457
2026/04/29 15:44:01,160000,11.457
2026/04/29 15:44:01,161000,11.457
2026/04/29 15:44:01,162000,11.459
2026/04/29 15:44:01,163000,11.454
2026/04/29 15:44:01,164000,11.462
2026/04/29 15:44:01,165000,11.457
2026/04/29 15:44:01,166000,11.459
2026/04/29 15:44:01,167000,11.459
2026/04/29 15:44:01,168000,11.459
2026/04/29 15:44:01,169000,11.459
2026/04/29 15:44:01,170000,11.451
2026/04/29 15:44:01,171000,11.457
2026/04/29 15:44:01,172000,11.459
2026/04/29 15:44:01,173000,11.457
2026/04/29 15:44:01,174000,11.457
2026/04/29 15:44:01,175000,11.457
2026/04/29 15:44:01,176000,11.462
2026/04/29 15:44:01,177000,11.462
2026/04/29 15:44:01,178000,11.459
2026/04/29 15:44:01,179000,11.457
2026/04/29 15:44:01,180000,11.454
2026/04/29 15:44:01,181000,11.457
2026/04/29 15:44:01,182000,11.454
2026/04/29 15:44:01,183000,11.454
2026/04/29 15:44:01,184000,11.459
2026/04/29 15:44:01,185000,11.457
2026/04/29 15:44:01,186000,11.454
2026/04/29 15:44:01,187000,11.459
2026/04/29 15:44:01,188000,11.459
2026/04/29 15:44:01,189000,11.459
2026/04/29 15:44:01,190000,11.457
2026/04/29 15:44:01,191000,11.457
2026/04/29 15:44:01,192000,11.457
2026/04/29 15:44:01,193000,11.459
2026/04/29 15:44:01,194000,11.459
2026/04/29 15:44:01,195000,11.459
2026/04/29 15:44:01,196000,11.459
2026/04/29 15:44:01,197000,11.457
2026/04/29 15:44:01,198000,11.457
2026/04/29 15:44:01,199000,11.459
2026/04/29 15:44:01,200000,11.457
2026/04/29 15:44:01,201000,11.459
2026/04/29 15:44:01,202000,11.457
2026/04/29 15:44:01,203000,11.459
2026/04/29 15:44:01,204000,11.457
2026/04/29 15:44:01,205000,11.448
2026/04/29 15:44:01,206000,11.454
2026/04/29 15:44:01,207000,11.459
2026/04/29 15:44:01,208000,11.457
2026/04/29 15:44:01,209000,11.459
2026/04/29 15:44:01,210000,11.451
2026/04/29 15:44:01,211000,11.457
2026/04/29 15:44:01,212000,11.457
2026/04/29 15:44:01,213000,11.457
2026/04/29 15:44:01,214000,11.457
2026/04/29 15:44:01,215000,11.454
2026/04/29 15:44:01,216000,11.454
2026/04/29 15:44:01,217000,11.457
2026/04/29 15:44:01,218000,11.457
2026/04/29 15:44:01,219000,11.457
2026/04/29 15:44:01,220000,11.459
2026/04/29 15:44:01,221000,11.454
2026/04/29 15:44:01,222000,11.457
2026/04/29 15:44:01,223000,11.457
2026/04/29 15:44:01,224000,11.457
2026/04/29 15:44:01,225000,11.457
2026/04/29 15:44:01,226000,11.459
2026/04/29 15:44:01,227000,11.454
2026/04/29 15:44:01,228000,11.457
2026/04/29 15:44:01,229000,11.462
2026/04/29 15:44:01,230000,11.459
2026/04/29 15:44:01,231000,11.454
2026/04/29 15:44:01,232000,11.454
2026/04/29 15:44:01,233000,11.459
2026/04/29 15:44:01,234000,11.459
2026/04/29 15:44:01,235000,11.454
2026/04/29 15:44:01,236000,11.457
2026/04/29 15:44:01,237000,11.457
2026/04/29 15:44:01,238000,11.454
2026/04/29 15:44:01,239000,11.457
2026/04/29 15:44:01,240000,11.459
2026/04/29 15:44:01,241000,11.459
2026/04/29 15:44:01,242000,11.448
2026/04/29 15:44:01,243000,11.457
2026/04/29 15:44:01,244000,11.457
2026/04/29 15:44:01,245000,11.454
2026/04/29 15:44:01,246000,11.459
2026/04/29 15:44:01,247000,11.459
2026/04/29 15:44:01,248000,11.465
2026/04/29 15:44:01,249000,11.457
2026/04/29 15:44:01,250000,11.457
2026/04/29 15:44:01,251000,11.459
2026/04/29 15:44:01,252000,11.457
2026/04/29 15:44:01,253000,11.457
2026/04/29 15:44:01,254000,11.457
2026/04/29 15:44:01,255000,11.462
2026/04/29 15:44:01,256000,11.465
2026/04/29 15:44:01,257000,11.451
2026/04/29 15:44:01,258000,11.457
2026/04/29 15:44:01,259000,11.459
2026/04/29 15:44:01,260000,11.459
2026/04/29 15:44:01,261000,11.457
2026/04/29 15:44:01,262000,11.457
2026/04/29 15:44:01,263000,11.457
2026/04/29 15:44:01,264000,11.457
2026/04/29 15:44:01,265000,11.459
2026/04/29 15:44:01,266000,11.454
2026/04/29 15:44:01,267000,11.457
2026/04/29 15:44:01,268000,11.457
2026/04/29 15:44:01,269000,11.459
2026/04/29 15:44:01,270000,11.465
2026/04/29 15:44:01,271000,11.457
2026/04/29 15:44:01,272000,11.459
2026/04/29 15:44:01,273000,11.459
2026/04/29 15:44:01,274000,11.459
2026/04/29 15:44:01,275000,11.448
2026/04/29 15:44:01,276000,11.459
2026/04/29 15:44:01,277000,11.457
2026/04/29 15:44:01,278000,11.457
2026/04/29 15:44:01,279000,11.457
2026/04/29 15:44:01,280000,11.459
2026/04/29 15:44:01,281000,11.462
2026/04/29 15:44:01,282000,11.462
2026/04/29 15:44:01,283000,11.454
2026/04/29 15:44:01,284000,11.462
2026/04/29 15:44:01,285000,11.459
2026/04/29 15:44:01,286000,11.454
2026/04/29 15:44:01,287000,11.462
2026/04/29 15:44:01,288000,11.459
2026/04/29 15:44:01,289000,11.454
2026/04/29 15:44:01,290000,11.451
2026/04/29 15:44:01,291000,11.459
2026/04/29 15:44:01,292000,11.454
2026/04/29 15:44:01,293000,11.457
2026/04/29 15:44:01,294000,11.459
2026/04/29 15:44:01,295000,11.457
2026/04/29 15:44:01,296000,11.459
2026/04/29 15:44:01,297000,11.451
2026/04/29 15:44:01,298000,11.459
2026/04/29 15:44:01,299000,11.457
2026/04/29 15:44:01,300000,11.454
2026/04/29 15:44:01,301000,11.459
2026/04/29 15:44:01,302000,11.459
2026/04/29 15:44:01,303000,11.457
2026/04/29 15:44:01,304000,11.459
2026/04/29 15:44:01,305000,11.459
2026/04/29 15:44:01,306000,11.457
2026/04/29 15:44:01,307000,11.457
2026/04/29 15:44:01,308000,11.457
2026/04/29 15:44:01,309000,11.459
2026/04/29 15:44:01,310000,11.457
2026/04/29 15:44:01,311000,11.459
2026/04/29 15:44:01,312000,11.457
2026/04/29 15:44:01,313000,11.457
2026/04/29 15:44:01,314000,11.459
2026/04/29 15:44:01,315000,11.454
2026/04/29 15:44:01,316000,11.457
2026/04/29 15:44:01,317000,11.457
2026/04/29 15:44:01,318000,11.465
2026/04/29 15:44:01,319000,11.459
2026/04/29 15:44:01,320000,11.454
2026/04/29 15:44:01,321000,11.457
2026/04/29 15:44:01,322000,11.462
2026/04/29 15:44:01,323000,11.454
2026/04/29 15:44:01,324000,11.457
2026/04/29 15:44:01,325000,11.454
2026/04/29 15:44:01,326000,11.457
2026/04/29 15:44:01,327000,11.457
2026/04/29 15:44:01,328000,11.459
2026/04/29 15:44:01,329000,11.457
2026/04/29 15:44:01,330000,11.462
2026/04/29 15:44:01,331000,11.462
2026/04/29 15:44:01,332000,11.457
2026/04/29 15:44:01,333000,11.459
2026/04/29 15:44:01,334000,11.457
2026/04/29 15:44:01,335000,11.454
2026/04/29 15:44:01,336000,11.454
2026/04/29 15:44:01,337000,11.457
2026/04/29 15:44:01,338000,11.451
2026/04/29 15:44:01,339000,11.454
2026/04/29 15:44:01,340000,11.454
2026/04/29 15:44:01,341000,11.454
2026/04/29 15:44:01,342000,11.459
2026/04/29 15:44:01,343000,11.454
2026/04/29 15:44:01,344000,11.462
2026/04/29 15:44:01,345000,11.457
2026/04/29 15:44:01,346000,11.459
2026/04/29 15:44:01,347000,11.457
2026/04/29 15:44:01,348000,11.457
2026/04/29 15:44:01,349000,11.454
2026/04/29 15:44:01,350000,11.451
2026/04/29 15:44:01,351000,11.454
2026/04/29 15:44:01,352000,11.451
2026/04/29 15:44:01,353000,11.454
2026/04/29 15:44:01,354000,11.454
2026/04/29 15:44:01,355000,11.457
2026/04/29 15:44:01,356000,11.457
2026/04/29 15:44:01,357000,11.457
2026/04/29 15:44:01,358000,11.451
2026/04/29 15:44:01,359000,11.454
2026/04/29 15:44:01,360000,11.454
2026/04/29 15:44:01,361000,11.459
2026/04/29 15:44:01,362000,11.459
2026/04/29 15:44:01,363000,11.457
2026/04/29 15:44:01,364000,11.459
2026/04/29 15:44:01,365000,11.465
2026/04/29 15:44:01,366000,11.457
2026/04/29 15:44:01,367000,11.454
2026/04/29 15:44:01,368000,11.451
2026/04/29 15:44:01,369000,11.454
2026/04/29 15:44:01,370000,11.451
2026/04/29 15:44:01,371000,11.457
2026/04/29 15:44:01,372000,11.459
2026/04/29 15:44:01,373000,11.462
2026/04/29 15:44:01,374000,11.457
2026/04/29 15:44:01,375000,11.457
2026/04/29 15:44:01,376000,11.457
2026/04/29 15:44:01,377000,11.459
2026/04/29 15:44:01,378000,11.457
2026/04/29 15:44:01,379000,11.451
2026/04/29 15:44:01,380000,11.457
2026/04/29 15:44:01,381000,11.454
2026/04/29 15:44:01,382000,11.459
2026/04/29 15:44:01,383000,11.454
2026/04/29 15:44:01,384000,11.459
2026/04/29 15:44:01,385000,11.457
2026/04/29 15:44:01,386000,11.459
2026/04/29 15:44:01,387000,11.457
2026/04/29 15:44:01,388000,11.457
2026/04/29 15:44:01,389000,11.451
2026/04/29 15:44:01,390000,11.457
2026/04/29 15:44:01,391000,11.459
2026/04/29 15:44:01,392000,11.459
2026/04/29 15:44:01,393000,11.451
2026/04/29 15:44:01,394000,11.454
2026/04/29 15:44:01,395000,11.457
2026/04/29 15:44:01,396000,11.459
2026/04/29 15:44:01,397000,11.462
2026/04/29 15:44:01,398000,11.457
2026/04/29 15:44:01,399000,11.457
2026/04/29 15:44:01,400000,11.448
2026/04/29 15:44:01,401000,11.454
2026/04/29 15:44:01,402000,11.462
2026/04/29 15:44:01,403000,11.457
2026/04/29 15:44:01,404000,11.457
2026/04/29 15:44:01,405000,11.457
2026/04/29 15:44:01,406000,11.448
2026/04/29 15:44:01,407000,11.454
2026/04/29 15:44:01,408000,11.448
2026/04/29 15:44:01,409000,11.454
2026/04/29 15:44:01,410000,11.462
2026/04/29 15:44:01,411000,11.454
2026/04/29 15:44:01,412000,11.451
2026/04/29 15:44:01,413000,11.459
2026/04/29 15:44:01,414000,11.459
2026/04/29 15:44:01,415000,11.454
2026/04/29 15:44:01,416000,11.457
2026/04/29 15:44:01,417000,11.454
2026/04/29 15:44:01,418000,11.457
2026/04/29 15:44:01,419000,11.462
2026/04/29 15:44:01,420000,11.459
2026/04/29 15:44:01,421000,11.451
2026/04/29 15:44:01,422000,11.454
2026/04/29 15:44:01,423000,11.457
2026/04/29 15:44:01,424000,11.454
2026/04/29 15:44:01,425000,11.451
2026/04/29 15:44:01,426000,11.457
2026/04/29 15:44:01,427000,11.448
2026/04/29 15:44:01,428000,11.457
2026/04/29 15:44:01,429000,11.459
2026/04/29 15:44:01,430000,11.457
2026/04/29 15:44:01,431000,11.457
2026/04/29 15:44:01,432000,11.448
2026/04/29 15:44:01,433000,11.457
2026/04/29 15:44:01,434000,11.459
2026/04/29 15:44:01,435000,11.454
2026/04/29 15:44:01,436000,11.457
2026/04/29 15:44:01,437000,11.454
2026/04/29 15:44:01,438000,11.459
2026/04/29 15:44:01,439000,11.454
2026/04/29 15:44:01,440000,11.454
2026/04/29 15:44:01,441000,11.451
2026/04/29 15:44:01,442000,11.454
2026/04/29 15:44:01,443000,11.457
2026/04/29 15:44:01,444000,11.454
2026/04/29 15:44:01,445000,11.451
2026/04/29 15:44:01,446000,11.457
2026/04/29 15:44:01,447000,11.454
2026/04/29 15:44:01,448000,11.457
2026/04/29 15:44:01,449000,11.457
2026/04/29 15:44:01,450000,11.459
2026/04/29 15:44:01,451000,11.457
2026/04/29 15:44:01,452000,11.457
2026/04/29 15:44:01,453000,11.457
2026/04/29 15:44:01,454000,11.454
2026/04/29 15:44:01,455000,11.451
2026/04/29 15:44:01,456000,11.457
2026/04/29 15:44:01,457000,11.457
2026/04/29 15:44:01,458000,11.459
2026/04/29 15:44:01,459000,11.457
2026/04/29 15:44:01,460000,11.457
2026/04/29 15:44:01,461000,11.457
2026/04/29 15:44:01,462000,11.457
2026/04/29 15:44:01,463000,11.457
2026/04/29 15:44:01,464000,11.457
2026/04/29 15:44:01,465000,11.457
2026/04/29 15:44:01,466000,11.457
2026/04/29 15:44:01,467000,11.454
2026/04/29 15:44:01,468000,11.457
2026/04/29 15:44:01,469000,11.454
2026/04/29 15:44:01,470000,11.459
2026/04/29 15:44:01,471000,11.459
2026/04/29 15:44:01,472000,11.465
2026/04/29 15:44:01,473000,11.457
2026/04/29 15:44:01,474000,11.457
2026/04/29 15:44:01,475000,11.457
2026/04/29 15:44:01,476000,11.454
2026/04/29 15:44:01,477000,11.448
2026/04/29 15:44:01,478000,11.459
2026/04/29 15:44:01,479000,11.459
2026/04/29 15:44:01,480000,11.462
2026/04/29 15:44:01,481000,11.448
2026/04/29 15:44:01,482000,11.457
2026/04/29 15:44:01,483000,11.457
2026/04/29 15:44:01,484000,11.459
2026/04/29 15:44:01,485000,11.457
2026/04/29 15:44:01,486000,11.457
2026/04/29 15:44:01,487000,11.459
2026/04/29 15:44:01,488000,11.448
2026/04/29 15:44:01,489000,11.454
2026/04/29 15:44:01,490000,11.459
2026/04/29 15:44:01,491000,11.457
2026/04/29 15:44:01,492000,11.457
2026/04/29 15:44:01,493000,11.457
2026/04/29 15:44:01,494000,11.459
2026/04/29 15:44:01,495000,11.454
2026/04/29 15:44:01,496000,11.459
2026/04/29 15:44:01,497000,11.459
2026/04/29 15:44:01,498000,11.454
2026/04/29 15:44:01,499000,11.454
2026/04/29 15:44:01,500000,11.451
2026/04/29 15:44:01,501000,11.454
2026/04/29 15:44:01,502000,11.454
2026/04/29 15:44:01,503000,11.451
2026/04/29 15:44:01,504000,11.457
2026/04/29 15:44:01,505000,11.451
2026/04/29 15:44:01,506000,11.448
2026/04/29 15:44:01,507000,11.457
2026/04/29 15:44:01,508000,11.448
2026/04/29 15:44:01,509000,11.451
2026/04/29 15:44:01,510000,11.454
2026/04/29 15:44:01,511000,11.451
2026/04/29 15:44:01,512000,11.459
2026/04/29 15:44:01,513000,11.454
2026/04/29 15:44:01,514000,11.451
2026/04/29 15:44:01,515000,11.454
2026/04/29 15:44:01,516000,11.454
2026/04/29 15:44:01,517000,11.462
2026/04/29 15:44:01,518000,11.448
2026/04/29 15:44:01,519000,11.454
2026/04/29 15:44:01,520000,11.454
2026/04/29 15:44:01,521000,11.451
2026/04/29 15:44:01,522000,11.454
2026/04/29 15:44:01,523000,11.457
2026/04/29 15:44:01,524000,11.454
2026/04/29 15:44:01,525000,11.457
2026/04/29 15:44:01,526000,11.454
2026/04/29 15:44:01,527000,11.454
2026/04/29 15:44:01,528000,11.454
2026/04/29 15:44:01,529000,11.457
2026/04/29 15:44:01,530000,11.454
2026/04/29 15:44:01,531000,11.457
2026/04/29 15:44:01,532000,11.454
2026/04/29 15:44:01,533000,11.454
2026/04/29 15:44:01,534000,11.451
2026/04/29 15:44:01,535000,11.451
2026/04/29 15:44:01,536000,11.459
2026/04/29 15:44:01,537000,11.457
2026/04/29 15:44:01,538000,11.459
2026/04/29 15:44:01,539000,11.454
2026/04/29 15:44:01,540000,11.451
2026/04/29 15:44:01,541000,11.454
2026/04/29 15:44:01,542000,11.459
2026/04/29 15:44:01,543000,11.457
2026/04/29 15:44:01,544000,11.457
2026/04/29 15:44:01,545000,11.451
2026/04/29 15:44:01,546000,11.451
2026/04/29 15:44:01,547000,11.457
2026/04/29 15:44:01,548000,11.459
2026/04/29 15:44:01,549000,11.454
2026/04/29 15:44:01,550000,11.459
2026/04/29 15:44:01,551000,11.457
2026/04/29 15:44:01,552000,11.459
2026/04/29 15:44:01,553000,11.457
2026/04/29 15:44:01,554000,11.454
2026/04/29 15:44:01,555000,11.454
2026/04/29 15:44:01,556000,11.457
2026/04/29 15:44:01,557000,11.454
2026/04/29 15:44:01,558000,11.454
2026/04/29 15:44:01,559000,11.457
2026/04/29 15:44:01,560000,11.454
2026/04/29 15:44:01,561000,11.459
2026/04/29 15:44:01,562000,11.462
2026/04/29 15:44:01,563000,11.451
2026/04/29 15:44:01,564000,11.454
2026/04/29 15:44:01,565000,11.451
2026/04/29 15:44:01,566000,11.457
2026/04/29 15:44:01,567000,11.465
2026/04/29 15:44:01,568000,11.448
2026/04/29 15:44:01,569000,11.457
2026/04/29 15:44:01,570000,11.462
2026/04/29 15:44:01,571000,11.459
2026/04/29 15:44:01,572000,11.457
2026/04/29 15:44:01,573000,11.457
2026/04/29 15:44:01,574000,11.454
2026/04/29 15:44:01,575000,11.457
2026/04/29 15:44:01,576000,11.457
2026/04/29 15:44:01,577000,11.454
2026/04/29 15:44:01,578000,11.459
2026/04/29 15:44:01,579000,11.457
2026/04/29 15:44:01,580000,11.457
2026/04/29 15:44:01,581000,11.451
2026/04/29 15:44:01,582000,11.459
2026/04/29 15:44:01,583000,11.459
2026/04/29 15:44:01,584000,11.457
2026/04/29 15:44:01,585000,11.454
2026/04/29 15:44:01,586000,11.459
2026/04/29 15:44:01,587000,11.459
2026/04/29 15:44:01,588000,11.457
2026/04/29 15:44:01,589000,11.459
2026/04/29 15:44:01,590000,11.457
2026/04/29 15:44:01,591000,11.457
2026/04/29 15:44:01,592000,11.454
2026/04/29 15:44:01,593000,11.457
2026/04/29 15:44:01,594000,11.459
2026/04/29 15:44:01,595000,11.457
2026/04/29 15:44:01,596000,11.451
2026/04/29 15:44:01,597000,11.457
2026/04/29 15:44:01,598000,11.459
2026/04/29 15:44:01,599000,11.457
2026/04/29 15:44:01,600000,11.457
2026/04/29 15:44:01,601000,11.454
2026/04/29 15:44:01,602000,11.457
2026/04/29 15:44:01,603000,11.451
2026/04/29 15:44:01,604000,11.459
2026/04/29 15:44:01,605000,11.448
2026/04/29 15:44:01,606000,11.459
2026/04/29 15:44:01,607000,11.459
2026/04/29 15:44:01,608000,11.459
2026/04/29 15:44:01,609000,11.459
2026/04/29 15:44:01,610000,11.457
2026/04/29 15:44:01,611000,11.454
2026/04/29 15:44:01,612000,11.454
2026/04/29 15:44:01,613000,11.459
2026/04/29 15:44:01,614000,11.457
2026/04/29 15:44:01,615000,11.457
2026/04/29 15:44:01,616000,11.457
2026/04/29 15:44:01,617000,11.459
2026/04/29 15:44:01,618000,11.457
2026/04/29 15:44:01,619000,11.451
2026/04/29 15:44:01,620000,11.457
2026/04/29 15:44:01,621000,11.459
2026/04/29 15:44:01,622000,11.457
2026/04/29 15:44:01,623000,11.454
2026/04/29 15:44:01,624000,11.459
2026/04/29 15:44:01,625000,11.457
2026/04/29 15:44:01,626000,11.457
2026/04/29 15:44:01,627000,11.454
2026/04/29 15:44:01,628000,11.457
2026/04/29 15:44:01,629000,11.459
2026/04/29 15:44:01,630000,11.459
2026/04/29 15:44:01,631000,11.454
2026/04/29 15:44:01,632000,11.459
2026/04/29 15:44:01,633000,11.457
2026/04/29 15:44:01,634000,11.465
2026/04/29 15:44:01,635000,11.459
2026/04/29 15:44:01,636000,11.457
2026/04/29 15:44:01,637000,11.462
2026/04/29 15:44:01,638000,11.454
2026/04/29 15:44:01,639000,11.457
2026/04/29 15:44:01,640000,11.459
2026/04/29 15:44:01,641000,11.457
2026/04/29 15:44:01,642000,11.451
2026/04/29 15:44:01,643000,11.457
2026/04/29 15:44:01,644000,11.454
2026/04/29 15:44:01,645000,11.459
2026/04/29 15:44:01,646000,11.457
2026/04/29 15:44:01,647000,11.459
2026/04/29 15:44:01,648000,11.454
2026/04/29 15:44:01,649000,11.459
2026/04/29 15:44:01,650000,11.459
2026/04/29 15:44:01,651000,11.459
2026/04/29 15:44:01,652000,11.459
2026/04/29 15:44:01,653000,11.454
2026/04/29 15:44:01,654000,11.454
2026/04/29 15:44:01,655000,11.454
2026/04/29 15:44:01,656000,11.459
2026/04/29 15:44:01,657000,11.454
2026/04/29 15:44:01,658000,11.459
2026/04/29 15:44:01,659000,11.451
2026/04/29 15:44:01,660000,11.448
2026/04/29 15:44:01,661000,11.457
2026/04/29 15:44:01,662000,11.457
2026/04/29 15:44:01,663000,11.459
2026/04/29 15:44:01,664000,11.457
2026/04/29 15:44:01,665000,11.454
2026/04/29 15:44:01,666000,11.457
2026/04/29 15:44:01,667000,11.459
2026/04/29 15:44:01,668000,11.454
2026/04/29 15:44:01,669000,11.459
2026/04/29 15:44:01,670000,11.462
2026/04/29 15:44:01,671000,11.457
2026/04/29 15:44:01,672000,11.457
2026/04/29 15:44:01,673000,11.462
2026/04/29 15:44:01,674000,11.457
2026/04/29 15:44:01,675000,11.454
2026/04/29 15:44:01,676000,11.459
2026/04/29 15:44:01,677000,11.459
2026/04/29 15:44:01,678000,11.465
2026/04/29 15:44:01,679000,11.457
2026/04/29 15:44:01,680000,11.459
2026/04/29 15:44:01,681000,11.457
2026/04/29 15:44:01,682000,11.459
2026/04/29 15:44:01,683000,11.454
2026/04/29 15:44:01,684000,11.457
2026/04/29 15:44:01,685000,11.451
2026/04/29 15:44:01,686000,11.459
2026/04/29 15:44:01,687000,11.457
2026/04/29 15:44:01,688000,11.457
2026/04/29 15:44:01,689000,11.454
2026/04/29 15:44:01,690000,11.457
2026/04/29 15:44:01,691000,11.451
2026/04/29 15:44:01,692000,11.459
2026/04/29 15:44:01,693000,11.459
2026/04/29 15:44:01,694000,11.459
2026/04/29 15:44:01,695000,11.459
2026/04/29 15:44:01,696000,11.457
2026/04/29 15:44:01,697000,11.459
2026/04/29 15:44:01,698000,11.454
2026/04/29 15:44:01,699000,11.454
2026/04/29 15:44:01,700000,11.457
2026/04/29 15:44:01,701000,11.454
2026/04/29 15:44:01,702000,11.476
2026/04/29 15:44:01,703000,11.459
2026/04/29 15:44:01,704000,11.459
2026/04/29 15:44:01,705000,11.459
2026/04/29 15:44:01,706000,11.462
2026/04/29 15:44:01,707000,11.457
2026/04/29 15:44:01,708000,11.457
2026/04/29 15:44:01,709000,11.454
2026/04/29 15:44:01,710000,11.457
2026/04/29 15:44:01,711000,11.457
2026/04/29 15:44:01,712000,11.457
2026/04/29 15:44:01,713000,11.457
2026/04/29 15:44:01,714000,11.459
2026/04/29 15:44:01,715000,11.454
2026/04/29 15:44:01,716000,11.454
2026/04/29 15:44:01,717000,11.457
2026/04/29 15:44:01,718000,11.454
2026/04/29 15:44:01,719000,11.459
2026/04/29 15:44:01,720000,11.457
2026/04/29 15:44:01,721000,11.459
2026/04/29 15:44:01,722000,11.462
2026/04/29 15:44:01,723000,11.454
2026/04/29 15:44:01,724000,11.462
2026/04/29 15:44:01,725000,11.457
2026/04/29 15:44:01,726000,11.448
2026/04/29 15:44:01,727000,11.457
2026/04/29 15:44:01,728000,11.454
2026/04/29 15:44:01,729000,11.465
2026/04/29 15:44:01,730000,11.459
2026/04/29 15:44:01,731000,11.462
2026/04/29 15:44:01,732000,11.448
2026/04/29 15:44:01,733000,11.457
2026/04/29 15:44:01,734000,11.457
2026/04/29 15:44:01,735000,11.457
2026/04/29 15:44:01,736000,11.454
2026/04/29 15:44:01,737000,11.454
2026/04/29 15:44:01,738000,11.454
2026/04/29 15:44:01,739000,11.457
2026/04/29 15:44:01,740000,11.459
2026/04/29 15:44:01,741000,11.454
2026/04/29 15:44:01,742000,11.459
2026/04/29 15:44:01,743000,11.454
2026/04/29 15:44:01,744000,11.459
2026/04/29 15:44:01,745000,11.459
2026/04/29 15:44:01,746000,11.465
2026/04/29 15:44:01,747000,11.459
2026/04/29 15:44:01,748000,11.454
2026/04/29 15:44:01,749000,11.454
2026/04/29 15:44:01,750000,11.457
2026/04/29 15:44:01,751000,11.459
2026/04/29 15:44:01,752000,11.457
2026/04/29 15:44:01,753000,11.457
2026/04/29 15:44:01,754000,11.462
2026/04/29 15:44:01,755000,11.459
2026/04/29 15:44:01,756000,11.465
2026/04/29 15:44:01,757000,11.459
2026/04/29 15:44:01,758000,11.457
2026/04/29 15:44:01,759000,11.459
2026/04/29 15:44:01,760000,11.457
2026/04/29 15:44:01,761000,11.454
2026/04/29 15:44:01,762000,11.462
2026/04/29 15:44:01,763000,11.457
2026/04/29 15:44:01,764000,11.459
2026/04/29 15:44:01,765000,11.459
2026/04/29 15:44:01,766000,11.457
2026/04/29 15:44:01,767000,11.459
2026/04/29 15:44:01,768000,11.457
2026/04/29 15:44:01,769000,11.451
2026/04/29 15:44:01,770000,11.448
2026/04/29 15:44:01,771000,11.454
2026/04/29 15:44:01,772000,11.459
2026/04/29 15:44:01,773000,11.457
2026/04/29 15:44:01,774000,11.457
2026/04/29 15:44:01,775000,11.451
2026/04/29 15:44:01,776000,11.462
2026/04/29 15:44:01,777000,11.459
2026/04/29 15:44:01,778000,11.459
2026/04/29 15:44:01,779000,11.457
2026/04/29 15:44:01,780000,11.454
2026/04/29 15:44:01,781000,11.457
2026/04/29 15:44:01,782000,11.459
2026/04/29 15:44:01,783000,11.462
2026/04/29 15:44:01,784000,11.451
2026/04/29 15:44:01,785000,11.457
2026/04/29 15:44:01,786000,11.459
2026/04/29 15:44:01,787000,11.445
2026/04/29 15:44:01,788000,11.454
2026/04/29 15:44:01,789000,11.462
2026/04/29 15:44:01,790000,11.459
2026/04/29 15:44:01,791000,11.457
2026/04/29 15:44:01,792000,11.457
2026/04/29 15:44:01,793000,11.459
2026/04/29 15:44:01,794000,11.454
2026/04/29 15:44:01,795000,11.459
2026/04/29 15:44:01,796000,11.459
2026/04/29 15:44:01,797000,11.459
2026/04/29 15:44:01,798000,11.457
2026/04/29 15:44:01,799000,11.457
2026/04/29 15:44:01,800000,11.462
2026/04/29 15:44:01,801000,11.459
2026/04/29 15:44:01,802000,11.454
2026/04/29 15:44:01,803000,11.454
2026/04/29 15:44:01,804000,11.459
2026/04/29 15:44:01,805000,11.454
2026/04/29 15:44:01,806000,11.454
2026/04/29 15:44:01,807000,11.462
2026/04/29 15:44:01,808000,11.457
2026/04/29 15:44:01,809000,11.462
2026/04/29 15:44:01,810000,11.459
2026/04/29 15:44:01,811000,11.457
2026/04/29 15:44:01,812000,11.457
2026/04/29 15:44:01,813000,11.459
2026/04/29 15:44:01,814000,11.457
2026/04/29 15:44:01,815000,11.454
2026/04/29 15:44:01,816000,11.457
2026/04/29 15:44:01,817000,11.459
2026/04/29 15:44:01,818000,11.459
2026/04/29 15:44:01,819000,11.459
2026/04/29 15:44:01,820000,11.459
2026/04/29 15:44:01,821000,11.465
2026/04/29 15:44:01,822000,11.459
2026/04/29 15:44:01,823000,11.454
2026/04/29 15:44:01,824000,11.457
2026/04/29 15:44:01,825000,11.454
2026/04/29 15:44:01,826000,11.459
2026/04/29 15:44:01,827000,11.454
2026/04/29 15:44:01,828000,11.459
2026/04/29 15:44:01,829000,11.457
2026/04/29 15:44:01,830000,11.459
2026/04/29 15:44:01,831000,11.462
2026/04/29 15:44:01,832000,11.459
2026/04/29 15:44:01,833000,11.459
2026/04/29 15:44:01,834000,11.454
2026/04/29 15:44:01,835000,11.454
2026/04/29 15:44:01,836000,11.459
2026/04/29 15:44:01,837000,11.459
2026/04/29 15:44:01,838000,11.459
2026/04/29 15:44:01,839000,11.459
2026/04/29 15:44:01,840000,11.457
2026/04/29 15:44:01,841000,11.462
2026/04/29 15:44:01,842000,11.457
2026/04/29 15:44:01,843000,11.457
2026/04/29 15:44:01,844000,11.454
2026/04/29 15:44:01,845000,11.454
2026/04/29 15:44:01,846000,11.459
2026/04/29 15:44:01,847000,11.454
2026/04/29 15:44:01,848000,11.459
2026/04/29 15:44:01,849000,11.451
2026/04/29 15:44:01,850000,11.457
2026/04/29 15:44:01,851000,11.462
2026/04/29 15:44:01,852000,11.459
2026/04/29 15:44:01,853000,11.454
2026/04/29 15:44:01,854000,11.459
2026/04/29 15:44:01,855000,11.462
2026/04/29 15:44:01,856000,11.457
2026/04/29 15:44:01,857000,11.457
2026/04/29 15:44:01,858000,11.459
2026/04/29 15:44:01,859000,11.459
2026/04/29 15:44:01,860000,11.457
2026/04/29 15:44:01,861000,11.465
2026/04/29 15:44:01,862000,11.459
2026/04/29 15:44:01,863000,11.462
2026/04/29 15:44:01,864000,11.451
2026/04/29 15:44:01,865000,11.459
2026/04/29 15:44:01,866000,11.454
2026/04/29 15:44:01,867000,11.457
2026/04/29 15:44:01,868000,11.454
2026/04/29 15:44:01,869000,11.457
2026/04/29 15:44:01,870000,11.454
2026/04/29 15:44:01,871000,11.459
2026/04/29 15:44:01,872000,11.459
2026/04/29 15:44:01,873000,11.448
2026/04/29 15:44:01,874000,11.462
2026/04/29 15:44:01,875000,11.457
2026/04/29 15:44:01,876000,11.454
2026/04/29 15:44:01,877000,11.459
2026/04/29 15:44:01,878000,11.459
2026/04/29 15:44:01,879000,11.457
2026/04/29 15:44:01,880000,11.457
2026/04/29 15:44:01,881000,11.459
2026/04/29 15:44:01,882000,11.462
2026/04/29 15:44:01,883000,11.457
2026/04/29 15:44:01,884000,11.457
2026/04/29 15:44:01,885000,11.454
2026/04/29 15:44:01,886000,11.462
2026/04/29 15:44:01,887000,11.457
2026/04/29 15:44:01,888000,11.448
2026/04/29 15:44:01,889000,11.459
2026/04/29 15:44:01,890000,11.459
2026/04/29 15:44:01,891000,11.462
2026/04/29 15:44:01,892000,11.459
2026/04/29 15:44:01,893000,11.459
2026/04/29 15:44:01,894000,11.459
2026/04/29 15:44:01,895000,11.462
2026/04/29 15:44:01,896000,11.459
2026/04/29 15:44:01,897000,11.457
2026/04/29 15:44:01,898000,11.457
2026/04/29 15:44:01,899000,11.459
2026/04/29 15:44:01,900000,11.454
2026/04/29 15:44:01,901000,11.465
2026/04/29 15:44:01,902000,11.457
2026/04/29 15:44:01,903000,11.459
2026/04/29 15:44:01,904000,11.457
2026/04/29 15:44:01,905000,11.457
2026/04/29 15:44:01,906000,11.459
2026/04/29 15:44:01,907000,11.457
2026/04/29 15:44:01,908000,11.462
2026/04/29 15:44:01,909000,11.459
2026/04/29 15:44:01,910000,11.459
2026/04/29 15:44:01,911000,11.454
2026/04/29 15:44:01,912000,11.457
2026/04/29 15:44:01,913000,11.454
2026/04/29 15:44:01,914000,11.459
2026/04/29 15:44:01,915000,11.457
2026/04/29 15:44:01,916000,11.459
2026/04/29 15:44:01,917000,11.454
2026/04/29 15:44:01,918000,11.454
2026/04/29 15:44:01,919000,11.462
2026/04/29 15:44:01,920000,11.462
2026/04/29 15:44:01,921000,11.459
2026/04/29 15:44:01,922000,11.459
2026/04/29 15:44:01,923000,11.451
2026/04/29 15:44:01,924000,11.459
2026/04/29 15:44:01,925000,11.457
2026/04/29 15:44:01,926000,11.459
2026/04/29 15:44:01,927000,11.454
2026/04/29 15:44:01,928000,11.457
2026/04/29 15:44:01,929000,11.451
2026/04/29 15:44:01,930000,11.459
2026/04/29 15:44:01,931000,11.457
2026/04/29 15:44:01,932000,11.457
2026/04/29 15:44:01,933000,11.459
2026/04/29 15:44:01,934000,11.457
2026/04/29 15:44:01,935000,11.451
2026/04/29 15:44:01,936000,11.457
2026/04/29 15:44:01,937000,11.462
2026/04/29 15:44:01,938000,11.459
2026/04/29 15:44:01,939000,11.459
2026/04/29 15:44:01,940000,11.462
2026/04/29 15:44:01,941000,11.459
2026/04/29 15:44:01,942000,11.462
2026/04/29 15:44:01,943000,11.459
2026/04/29 15:44:01,944000,11.459
2026/04/29 15:44:01,945000,11.457
2026/04/29 15:44:01,946000,11.451
2026/04/29 15:44:01,947000,11.457
2026/04/29 15:44:01,948000,11.459
2026/04/29 15:44:01,949000,11.457
2026/04/29 15:44:01,950000,11.457
2026/04/29 15:44:01,951000,11.457
2026/04/29 15:44:01,952000,11.459
2026/04/29 15:44:01,953000,11.457
2026/04/29 15:44:01,954000,11.462
2026/04/29 15:44:01,955000,11.457
2026/04/29 15:44:01,956000,11.451
2026/04/29 15:44:01,957000,11.457
2026/04/29 15:44:01,958000,11.454
2026/04/29 15:44:01,959000,11.459
2026/04/29 15:44:01,960000,11.459
2026/04/29 15:44:01,961000,11.462
2026/04/29 15:44:01,962000,11.457
2026/04/29 15:44:01,963000,11.462
2026/04/29 15:44:01,964000,11.457
2026/04/29 15:44:01,965000,11.457
2026/04/29 15:44:01,966000,11.457
2026/04/29 15:44:01,967000,11.459
2026/04/29 15:44:01,968000,11.454
2026/04/29 15:44:01,969000,11.454
2026/04/29 15:44:01,970000,11.462
2026/04/29 15:44:01,971000,11.459
2026/04/29 15:44:01,972000,11.459
2026/04/29 15:44:01,973000,11.457
2026/04/29 15:44:01,974000,11.454
2026/04/29 15:44:01,975000,11.462
2026/04/29 15:44:01,976000,11.459
2026/04/29 15:44:01,977000,11.459
2026/04/29 15:44:01,978000,11.457
2026/04/29 15:44:01,979000,11.459
2026/04/29 15:44:01,980000,11.462
2026/04/29 15:44:01,981000,11.457
2026/04/29 15:44:01,982000,11.459
2026/04/29 15:44:01,983000,11.454
2026/04/29 15:44:01,984000,11.454
2026/04/29 15:44:01,985000,11.457
2026/04/29 15:44:01,986000,11.457
2026/04/29 15:44:01,987000,11.454
2026/04/29 15:44:01,988000,11.465
2026/04/29 15:44:01,989000,11.457
2026/04/29 15:44:01,990000,11.459
2026/04/29 15:44:01,991000,11.459
2026/04/29 15:44:01,992000,11.459
2026/04/29 15:44:01,993000,11.457
2026/04/29 15:44:01,994000,11.457
2026/04/29 15:44:01,995000,11.459
2026/04/29 15:44:01,996000,11.457
2026/04/29 15:44:01,997000,11.457
2026/04/29 15:44:01,998000,11.459
2026/04/29 15:44:01,999000,11.457
2026/04/29 15:44:02,000000,11.451
2026/04/29 15:44:02,001000,11.459
2026/04/29 15:44:02,002000,11.454
2026/04/29 15:44:02,003000,11.457
2026/04/29 15:44:02,004000,11.457
2026/04/29 15:44:02,005000,11.457
2026/04/29 15:44:02,006000,11.454
2026/04/29 15:44:02,007000,11.457
2026/04/29 15:44:02,008000,11.454
2026/04/29 15:44:02,009000,11.457
2026/04/29 15:44:02,010000,11.459
2026/04/29 15:44:02,011000,11.459
2026/04/29 15:44:02,012000,11.457
2026/04/29 15:44:02,013000,11.459
2026/04/29 15:44:02,014000,11.454
2026/04/29 15:44:02,015000,11.454
2026/04/29 15:44:02,016000,11.457
2026/04/29 15:44:02,017000,11.454
2026/04/29 15:44:02,018000,11.457
2026/04/29 15:44:02,019000,11.457
2026/04/29 15:44:02,020000,11.457
2026/04/29 15:44:02,021000,11.459
2026/04/29 15:44:02,022000,11.454
2026/04/29 15:44:02,023000,11.457
2026/04/29 15:44:02,024000,11.454
2026/04/29 15:44:02,025000,11.459
2026/04/29 15:44:02,026000,11.457
2026/04/29 15:44:02,027000,11.457
2026/04/29 15:44:02,028000,11.454
2026/04/29 15:44:02,029000,11.459
2026/04/29 15:44:02,030000,11.459
2026/04/29 15:44:02,031000,11.454
2026/04/29 15:44:02,032000,11.459
2026/04/29 15:44:02,033000,11.454
2026/04/29 15:44:02,034000,11.465
2026/04/29 15:44:02,035000,11.457
2026/04/29 15:44:02,036000,11.454
2026/04/29 15:44:02,037000,11.459
2026/04/29 15:44:02,038000,11.457
2026/04/29 15:44:02,039000,11.457
2026/04/29 15:44:02,040000,11.459
2026/04/29 15:44:02,041000,11.457
2026/04/29 15:44:02,042000,11.457
2026/04/29 15:44:02,043000,11.454
2026/04/29 15:44:02,044000,11.465
2026/04/29 15:44:02,045000,11.459
2026/04/29 15:44:02,046000,11.459
2026/04/29 15:44:02,047000,11.459
2026/04/29 15:44:02,048000,11.457
2026/04/29 15:44:02,049000,11.459
2026/04/29 15:44:02,050000,11.462
2026/04/29 15:44:02,051000,11.459
2026/04/29 15:44:02,052000,11.459
2026/04/29 15:44:02,053000,11.457
2026/04/29 15:44:02,054000,11.457
2026/04/29 15:44:02,055000,11.457
2026/04/29 15:44:02,056000,11.457
2026/04/29 15:44:02,057000,11.457
2026/04/29 15:44:02,058000,11.454
2026/04/29 15:44:02,059000,11.457
2026/04/29 15:44:02,060000,11.465
2026/04/29 15:44:02,061000,11.459
2026/04/29 15:44:02,062000,11.459
2026/04/29 15:44:02,063000,11.457
2026/04/29 15:44:02,064000,11.462
2026/04/29 15:44:02,065000,11.459
2026/04/29 15:44:02,066000,11.457
2026/04/29 15:44:02,067000,11.459
2026/04/29 15:44:02,068000,11.457
2026/04/29 15:44:02,069000,11.454
2026/04/29 15:44:02,070000,11.459
2026/04/29 15:44:02,071000,11.445
2026/04/29 15:44:02,072000,11.457
2026/04/29 15:44:02,073000,11.465
2026/04/29 15:44:02,074000,11.457
2026/04/29 15:44:02,075000,11.459
2026/04/29 15:44:02,076000,11.462
2026/04/29 15:44:02,077000,11.457
2026/04/29 15:44:02,078000,11.457
2026/04/29 15:44:02,079000,11.459
2026/04/29 15:44:02,080000,11.457
2026/04/29 15:44:02,081000,11.454
2026/04/29 15:44:02,082000,11.457
2026/04/29 15:44:02,083000,11.459
2026/04/29 15:44:02,084000,11.457
2026/04/29 15:44:02,085000,11.457
2026/04/29 15:44:02,086000,11.454
2026/04/29 15:44:02,087000,11.457
2026/04/29 15:44:02,088000,11.459
2026/04/29 15:44:02,089000,11.462
2026/04/29 15:44:02,090000,11.462
2026/04/29 15:44:02,091000,11.459
2026/04/29 15:44:02,092000,11.457
2026/04/29 15:44:02,093000,11.465
2026/04/29 15:44:02,094000,11.457
2026/04/29 15:44:02,095000,11.459
2026/04/29 15:44:02,096000,11.459
2026/04/29 15:44:02,097000,11.459
2026/04/29 15:44:02,098000,11.471
2026/04/29 15:44:02,099000,11.459
2026/04/29 15:44:02,100000,11.459
2026/04/29 15:44:02,101000,11.457
2026/04/29 15:44:02,102000,11.459
2026/04/29 15:44:02,103000,11.459
2026/04/29 15:44:02,104000,11.459
2026/04/29 15:44:02,105000,11.457
2026/04/29 15:44:02,106000,11.459
2026/04/29 15:44:02,107000,11.459
2026/04/29 15:44:02,108000,11.454
2026/04/29 15:44:02,109000,11.459
2026/04/29 15:44:02,110000,11.459
2026/04/29 15:44:02,111000,11.451
2026/04/29 15:44:02,112000,11.459
2026/04/29 15:44:02,113000,11.457
2026/04/29 15:44:02,114000,11.459
2026/04/29 15:44:02,115000,11.459
2026/04/29 15:44:02,116000,11.457
2026/04/29 15:44:02,117000,11.457
2026/04/29 15:44:02,118000,11.459
2026/04/29 15:44:02,119000,11.457
2026/04/29 15:44:02,120000,11.459
2026/04/29 15:44:02,121000,11.462
2026/04/29 15:44:02,122000,11.451
2026/04/29 15:44:02,123000,11.462
2026/04/29 15:44:02,124000,11.465
2026/04/29 15:44:02,125000,11.462
2026/04/29 15:44:02,126000,11.457
2026/04/29 15:44:02,127000,11.459
2026/04/29 15:44:02,128000,11.459
2026/04/29 15:44:02,129000,11.457
2026/04/29 15:44:02,130000,11.457
2026/04/29 15:44:02,131000,11.462
2026/04/29 15:44:02,132000,11.457
2026/04/29 15:44:02,133000,11.457
2026/04/29 15:44:02,134000,11.459
2026/04/29 15:44:02,135000,11.457
2026/04/29 15:44:02,136000,11.459
2026/04/29 15:44:02,137000,11.457
2026/04/29 15:44:02,138000,11.457
2026/04/29 15:44:02,139000,11.459
2026/04/29 15:44:02,140000,11.457
2026/04/29 15:44:02,141000,11.459
2026/04/29 15:44:02,142000,11.462
2026/04/29 15:44:02,143000,11.459
2026/04/29 15:44:02,144000,11.465
2026/04/29 15:44:02,145000,11.451
2026/04/29 15:44:02,146000,11.454
2026/04/29 15:44:02,147000,11.462
2026/04/29 15:44:02,148000,11.462
2026/04/29 15:44:02,149000,11.457
2026/04/29 15:44:02,150000,11.457
2026/04/29 15:44:02,151000,11.459
2026/04/29 15:44:02,152000,11.454
2026/04/29 15:44:02,153000,11.457
2026/04/29 15:44:02,154000,11.457
2026/04/29 15:44:02,155000,11.459
2026/04/29 15:44:02,156000,11.457
2026/04/29 15:44:02,157000,11.457
2026/04/29 15:44:02,158000,11.459
2026/04/29 15:44:02,159000,11.454
2026/04/29 15:44:02,160000,11.459
2026/04/29 15:44:02,161000,11.448
2026/04/29 15:44:02,162000,11.457
2026/04/29 15:44:02,163000,11.459
2026/04/29 15:44:02,164000,11.457
2026/04/29 15:44:02,165000,11.457
2026/04/29 15:44:02,166000,11.457
2026/04/29 15:44:02,167000,11.462
2026/04/29 15:44:02,168000,11.454
2026/04/29 15:44:02,169000,11.462
2026/04/29 15:44:02,170000,11.457
2026/04/29 15:44:02,171000,11.451
2026/04/29 15:44:02,172000,11.457
2026/04/29 15:44:02,173000,11.459
2026/04/29 15:44:02,174000,11.459
2026/04/29 15:44:02,175000,11.459
2026/04/29 15:44:02,176000,11.454
2026/04/29 15:44:02,177000,11.457
2026/04/29 15:44:02,178000,11.462
2026/04/29 15:44:02,179000,11.459
2026/04/29 15:44:02,180000,11.462
2026/04/29 15:44:02,181000,11.459
2026/04/29 15:44:02,182000,11.465
2026/04/29 15:44:02,183000,11.459
2026/04/29 15:44:02,184000,11.457
2026/04/29 15:44:02,185000,11.459
2026/04/29 15:44:02,186000,11.462
2026/04/29 15:44:02,187000,11.457
2026/04/29 15:44:02,188000,11.457
2026/04/29 15:44:02,189000,11.457
2026/04/29 15:44:02,190000,11.457
2026/04/29 15:44:02,191000,11.457
2026/04/29 15:44:02,192000,11.457
2026/04/29 15:44:02,193000,11.457
2026/04/29 15:44:02,194000,11.462
2026/04/29 15:44:02,195000,11.454
2026/04/29 15:44:02,196000,11.459
2026/04/29 15:44:02,197000,11.454
2026/04/29 15:44:02,198000,11.459
2026/04/29 15:44:02,199000,11.465
2026/04/29 15:44:02,200000,11.454
2026/04/29 15:44:02,201000,11.459
2026/04/29 15:44:02,202000,11.459
2026/04/29 15:44:02,203000,11.459
2026/04/29 15:44:02,204000,11.457
2026/04/29 15:44:02,205000,11.457
2026/04/29 15:44:02,206000,11.457
2026/04/29 15:44:02,207000,11.459
2026/04/29 15:44:02,208000,11.459
2026/04/29 15:44:02,209000,11.459
2026/04/29 15:44:02,210000,11.454
2026/04/29 15:44:02,211000,11.459
2026/04/29 15:44:02,212000,11.454
2026/04/29 15:44:02,213000,11.459
2026/04/29 15:44:02,214000,11.454
2026/04/29 15:44:02,215000,11.459
2026/04/29 15:44:02,216000,11.462
2026/04/29 15:44:02,217000,11.457
2026/04/29 15:44:02,218000,11.454
2026/04/29 15:44:02,219000,11.459
2026/04/29 15:44:02,220000,11.457
2026/04/29 15:44:02,221000,11.462
2026/04/29 15:44:02,222000,11.459
2026/04/29 15:44:02,223000,11.454
2026/04/29 15:44:02,224000,11.457
2026/04/29 15:44:02,225000,11.459
2026/04/29 15:44:02,226000,11.451
2026/04/29 15:44:02,227000,11.459
2026/04/29 15:44:02,228000,11.457
2026/04/29 15:44:02,229000,11.454
2026/04/29 15:44:02,230000,11.457
2026/04/29 15:44:02,231000,11.457
2026/04/29 15:44:02,232000,11.457
2026/04/29 15:44:02,233000,11.457
2026/04/29 15:44:02,234000,11.457
2026/04/29 15:44:02,235000,11.454
2026/04/29 15:44:02,236000,11.468
2026/04/29 15:44:02,237000,11.454
2026/04/29 15:44:02,238000,11.454
2026/04/29 15:44:02,239000,11.457
2026/04/29 15:44:02,240000,11.459
2026/04/29 15:44:02,241000,11.459
2026/04/29 15:44:02,242000,11.454
2026/04/29 15:44:02,243000,11.459
2026/04/29 15:44:02,244000,11.459
2026/04/29 15:44:02,245000,11.454
2026/04/29 15:44:02,246000,11.454
2026/04/29 15:44:02,247000,11.459
2026/04/29 15:44:02,248000,11.459
2026/04/29 15:44:02,249000,11.457
2026/04/29 15:44:02,250000,11.459
2026/04/29 15:44:02,251000,11.457
2026/04/29 15:44:02,252000,11.454
2026/04/29 15:44:02,253000,11.459
2026/04/29 15:44:02,254000,11.457
2026/04/29 15:44:02,255000,11.459
2026/04/29 15:44:02,256000,11.457
2026/04/29 15:44:02,257000,11.451
2026/04/29 15:44:02,258000,11.459
2026/04/29 15:44:02,259000,11.457
2026/04/29 15:44:02,260000,11.454
2026/04/29 15:44:02,261000,11.457
2026/04/29 15:44:02,262000,11.459
2026/04/29 15:44:02,263000,11.457
2026/04/29 15:44:02,264000,11.454
2026/04/29 15:44:02,265000,11.459
2026/04/29 15:44:02,266000,11.459
2026/04/29 15:44:02,267000,11.457
2026/04/29 15:44:02,268000,11.462
2026/04/29 15:44:02,269000,11.457
2026/04/29 15:44:02,270000,11.457
2026/04/29 15:44:02,271000,11.459
2026/04/29 15:44:02,272000,11.462
2026/04/29 15:44:02,273000,11.462
2026/04/29 15:44:02,274000,11.465
2026/04/29 15:44:02,275000,11.459
2026/04/29 15:44:02,276000,11.457
2026/04/29 15:44:02,277000,11.451
2026/04/29 15:44:02,278000,11.459
2026/04/29 15:44:02,279000,11.457
2026/04/29 15:44:02,280000,11.457
2026/04/29 15:44:02,281000,11.465
2026/04/29 15:44:02,282000,11.457
2026/04/29 15:44:02,283000,11.459
2026/04/29 15:44:02,284000,11.457
2026/04/29 15:44:02,285000,11.459
2026/04/29 15:44:02,286000,11.462
2026/04/29 15:44:02,287000,11.459
2026/04/29 15:44:02,288000,11.459
2026/04/29 15:44:02,289000,11.459
2026/04/29 15:44:02,290000,11.457
2026/04/29 15:44:02,291000,11.454
2026/04/29 15:44:02,292000,11.457
2026/04/29 15:44:02,293000,11.454
2026/04/29 15:44:02,294000,11.457
2026/04/29 15:44:02,295000,11.454
2026/04/29 15:44:02,296000,11.457
2026/04/29 15:44:02,297000,11.457
2026/04/29 15:44:02,298000,11.459
2026/04/29 15:44:02,299000,11.457
2026/04/29 15:44:02,300000,11.459
2026/04/29 15:44:02,301000,11.457
2026/04/29 15:44:02,302000,11.462
2026/04/29 15:44:02,303000,11.457
2026/04/29 15:44:02,304000,11.462
2026/04/29 15:44:02,305000,11.459
2026/04/29 15:44:02,306000,11.462
2026/04/29 15:44:02,307000,11.454
2026/04/29 15:44:02,308000,11.457
2026/04/29 15:44:02,309000,11.459
2026/04/29 15:44:02,310000,11.462
2026/04/29 15:44:02,311000,11.451
2026/04/29 15:44:02,312000,11.462
2026/04/29 15:44:02,313000,11.459
2026/04/29 15:44:02,314000,11.457
2026/04/29 15:44:02,315000,11.462
2026/04/29 15:44:02,316000,11.459
2026/04/29 15:44:02,317000,11.448
2026/04/29 15:44:02,318000,11.454
2026/04/29 15:44:02,319000,11.459
2026/04/29 15:44:02,320000,11.459
2026/04/29 15:44:02,321000,11.457
2026/04/29 15:44:02,322000,11.457
2026/04/29 15:44:02,323000,11.459
2026/04/29 15:44:02,324000,11.457
2026/04/29 15:44:02,325000,11.457
2026/04/29 15:44:02,326000,11.457
2026/04/29 15:44:02,327000,11.459
2026/04/29 15:44:02,328000,11.457
2026/04/29 15:44:02,329000,11.457
2026/04/29 15:44:02,330000,11.454
2026/04/29 15:44:02,331000,11.465
2026/04/29 15:44:02,332000,11.459
2026/04/29 15:44:02,333000,11.457
2026/04/29 15:44:02,334000,11.465
2026/04/29 15:44:02,335000,11.462
2026/04/29 15:44:02,336000,11.457
2026/04/29 15:44:02,337000,11.459
2026/04/29 15:44:02,338000,11.459
2026/04/29 15:44:02,339000,11.457
2026/04/29 15:44:02,340000,11.457
2026/04/29 15:44:02,341000,11.454
2026/04/29 15:44:02,342000,11.459
2026/04/29 15:44:02,343000,11.459
2026/04/29 15:44:02,344000,11.459
2026/04/29 15:44:02,345000,11.459
2026/04/29 15:44:02,346000,11.457
2026/04/29 15:44:02,347000,11.457
2026/04/29 15:44:02,348000,11.462
2026/04/29 15:44:02,349000,11.465
2026/04/29 15:44:02,350000,11.462
2026/04/29 15:44:02,351000,11.457
2026/04/29 15:44:02,352000,11.465
2026/04/29 15:44:02,353000,11.457
2026/04/29 15:44:02,354000,11.465
2026/04/29 15:44:02,355000,11.457
2026/04/29 15:44:02,356000,11.457
2026/04/29 15:44:02,357000,11.457
2026/04/29 15:44:02,358000,11.457
2026/04/29 15:44:02,359000,11.459
2026/04/29 15:44:02,360000,11.459
2026/04/29 15:44:02,361000,11.457
2026/04/29 15:44:02,362000,11.459
2026/04/29 15:44:02,363000,11.454
2026/04/29 15:44:02,364000,11.459
2026/04/29 15:44:02,365000,11.457
2026/04/29 15:44:02,366000,11.459
2026/04/29 15:44:02,367000,11.459
2026/04/29 15:44:02,368000,11.457
2026/04/29 15:44:02,369000,11.459
2026/04/29 15:44:02,370000,11.462
2026/04/29 15:44:02,371000,11.465
2026/04/29 15:44:02,372000,11.465
2026/04/29 15:44:02,373000,11.459
2026/04/29 15:44:02,374000,11.459
2026/04/29 15:44:02,375000,11.465
2026/04/29 15:44:02,376000,11.462
2026/04/29 15:44:02,377000,11.459
2026/04/29 15:44:02,378000,11.465
2026/04/29 15:44:02,379000,11.457
2026/04/29 15:44:02,380000,11.459
2026/04/29 15:44:02,381000,11.454
2026/04/29 15:44:02,382000,11.454
2026/04/29 15:44:02,383000,11.465
2026/04/29 15:44:02,384000,11.454
2026/04/29 15:44:02,385000,11.459
2026/04/29 15:44:02,386000,11.457
2026/04/29 15:44:02,387000,11.451
2026/04/29 15:44:02,388000,11.459
2026/04/29 15:44:02,389000,11.459
2026/04/29 15:44:02,390000,11.459
2026/04/29 15:44:02,391000,11.459
2026/04/29 15:44:02,392000,11.459
2026/04/29 15:44:02,393000,11.459
2026/04/29 15:44:02,394000,11.451
2026/04/29 15:44:02,395000,11.454
2026/04/29 15:44:02,396000,11.462
2026/04/29 15:44:02,397000,11.459
2026/04/29 15:44:02,398000,11.454
2026/04/29 15:44:02,399000,11.471
2026/04/29 15:44:02,400000,11.459
2026/04/29 15:44:02,401000,11.454
2026/04/29 15:44:02,402000,11.454
2026/04/29 15:44:02,403000,11.457
2026/04/29 15:44:02,404000,11.459
2026/04/29 15:44:02,405000,11.459
2026/04/29 15:44:02,406000,11.454
2026/04/29 15:44:02,407000,11.454
2026/04/29 15:44:02,408000,11.457
2026/04/29 15:44:02,409000,11.457
2026/04/29 15:44:02,410000,11.454
2026/04/29 15:44:02,411000,11.459
2026/04/29 15:44:02,412000,11.457
2026/04/29 15:44:02,413000,11.457
2026/04/29 15:44:02,414000,11.457
2026/04/29 15:44:02,415000,11.465
2026/04/29 15:44:02,416000,11.462
2026/04/29 15:44:02,417000,11.459
2026/04/29 15:44:02,418000,11.457
2026/04/29 15:44:02,419000,11.457
2026/04/29 15:44:02,420000,11.459
2026/04/29 15:44:02,421000,11.459
2026/04/29 15:44:02,422000,11.457
2026/04/29 15:44:02,423000,11.457
2026/04/29 15:44:02,424000,11.459
2026/04/29 15:44:02,425000,11.457
2026/04/29 15:44:02,426000,11.457
2026/04/29 15:44:02,427000,11.462
2026/04/29 15:44:02,428000,11.457
2026/04/29 15:44:02,429000,11.454
2026/04/29 15:44:02,430000,11.459
2026/04/29 15:44:02,431000,11.457
2026/04/29 15:44:02,432000,11.457
2026/04/29 15:44:02,433000,11.459
2026/04/29 15:44:02,434000,11.459
2026/04/29 15:44:02,435000,11.457
2026/04/29 15:44:02,436000,11.459
2026/04/29 15:44:02,437000,11.457
2026/04/29 15:44:02,438000,11.457
2026/04/29 15:44:02,439000,11.459
2026/04/29 15:44:02,440000,11.457
2026/04/29 15:44:02,441000,11.457
2026/04/29 15:44:02,442000,11.454
2026/04/29 15:44:02,443000,11.457
2026/04/29 15:44:02,444000,11.448
2026/04/29 15:44:02,445000,11.454
2026/04/29 15:44:02,446000,11.462
2026/04/29 15:44:02,447000,11.457
2026/04/29 15:44:02,448000,11.457
2026/04/29 15:44:02,449000,11.457
2026/04/29 15:44:02,450000,11.459
2026/04/29 15:44:02,451000,11.459
2026/04/29 15:44:02,452000,11.459
2026/04/29 15:44:02,453000,11.465
2026/04/29 15:44:02,454000,11.457
2026/04/29 15:44:02,455000,11.457
2026/04/29 15:44:02,456000,11.462
2026/04/29 15:44:02,457000,11.459
2026/04/29 15:44:02,458000,11.459
2026/04/29 15:44:02,459000,11.454
2026/04/29 15:44:02,460000,11.459
2026/04/29 15:44:02,461000,11.459
2026/04/29 15:44:02,462000,11.462
2026/04/29 15:44:02,463000,11.454
2026/04/29 15:44:02,464000,11.457
2026/04/29 15:44:02,465000,11.457
2026/04/29 15:44:02,466000,11.457
2026/04/29 15:44:02,467000,11.462
2026/04/29 15:44:02,468000,11.457
2026/04/29 15:44:02,469000,11.457
2026/04/29 15:44:02,470000,11.454
2026/04/29 15:44:02,471000,11.459
2026/04/29 15:44:02,472000,11.462
2026/04/29 15:44:02,473000,11.459
2026/04/29 15:44:02,474000,11.459
2026/04/29 15:44:02,475000,11.457
2026/04/29 15:44:02,476000,11.459
2026/04/29 15:44:02,477000,11.459
2026/04/29 15:44:02,478000,11.459
2026/04/29 15:44:02,479000,11.451
2026/04/29 15:44:02,480000,11.459
2026/04/29 15:44:02,481000,11.462
2026/04/29 15:44:02,482000,11.462
2026/04/29 15:44:02,483000,11.457
2026/04/29 15:44:02,484000,11.459
2026/04/29 15:44:02,485000,11.457
2026/04/29 15:44:02,486000,11.459
2026/04/29 15:44:02,487000,11.462
2026/04/29 15:44:02,488000,11.457
2026/04/29 15:44:02,489000,11.462
2026/04/29 15:44:02,490000,11.459
2026/04/29 15:44:02,491000,11.457
2026/04/29 15:44:02,492000,11.459
2026/04/29 15:44:02,493000,11.457
2026/04/29 15:44:02,494000,11.457
2026/04/29 15:44:02,495000,11.459
2026/04/29 15:44:02,496000,11.459
2026/04/29 15:44:02,497000,11.459
2026/04/29 15:44:02,498000,11.462
2026/04/29 15:44:02,499000,11.457
2026/04/29 15:44:02,500000,11.459
2026/04/29 15:44:02,501000,11.465
2026/04/29 15:44:02,502000,11.462
2026/04/29 15:44:02,503000,11.459
2026/04/29 15:44:02,504000,11.459
2026/04/29 15:44:02,505000,11.462
2026/04/29 15:44:02,506000,11.457
2026/04/29 15:44:02,507000,11.459
2026/04/29 15:44:02,508000,11.457
2026/04/29 15:44:02,509000,11.457
2026/04/29 15:44:02,510000,11.457
2026/04/29 15:44:02,511000,11.468
2026/04/29 15:44:02,512000,11.457
2026/04/29 15:44:02,513000,11.457
2026/04/29 15:44:02,514000,11.462
2026/04/29 15:44:02,515000,11.465
2026/04/29 15:44:02,516000,11.459
2026/04/29 15:44:02,517000,11.462
2026/04/29 15:44:02,518000,11.465
2026/04/29 15:44:02,519000,11.454
2026/04/29 15:44:02,520000,11.459
2026/04/29 15:44:02,521000,11.451
2026/04/29 15:44:02,522000,11.457
2026/04/29 15:44:02,523000,11.454
2026/04/29 15:44:02,524000,11.457
2026/04/29 15:44:02,525000,11.468
2026/04/29 15:44:02,526000,11.457
2026/04/29 15:44:02,527000,11.459
2026/04/29 15:44:02,528000,11.462
2026/04/29 15:44:02,529000,11.454
2026/04/29 15:44:02,530000,11.459
2026/04/29 15:44:02,531000,11.457
2026/04/29 15:44:02,532000,11.459
2026/04/29 15:44:02,533000,11.454
2026/04/29 15:44:02,534000,11.459
2026/04/29 15:44:02,535000,11.462
2026/04/29 15:44:02,536000,11.459
2026/04/29 15:44:02,537000,11.454
2026/04/29 15:44:02,538000,11.459
2026/04/29 15:44:02,539000,11.457
2026/04/29 15:44:02,540000,11.462
2026/04/29 15:44:02,541000,11.457
2026/04/29 15:44:02,542000,11.462
2026/04/29 15:44:02,543000,11.459
2026/04/29 15:44:02,544000,11.459
2026/04/29 15:44:02,545000,11.465
2026/04/29 15:44:02,546000,11.462
2026/04/29 15:44:02,547000,11.459
2026/04/29 15:44:02,548000,11.468
2026/04/29 15:44:02,549000,11.468
2026/04/29 15:44:02,550000,11.459
2026/04/29 15:44:02,551000,11.459
2026/04/29 15:44:02,552000,11.459
2026/04/29 15:44:02,553000,11.462
2026/04/29 15:44:02,554000,11.462
2026/04/29 15:44:02,555000,11.459
2026/04/29 15:44:02,556000,11.457
2026/04/29 15:44:02,557000,11.457
2026/04/29 15:44:02,558000,11.462
2026/04/29 15:44:02,559000,11.462
2026/04/29 15:44:02,560000,11.454
2026/04/29 15:44:02,561000,11.459
2026/04/29 15:44:02,562000,11.459
2026/04/29 15:44:02,563000,11.465
2026/04/29 15:44:02,564000,11.459
2026/04/29 15:44:02,565000,11.459
2026/04/29 15:44:02,566000,11.462
2026/04/29 15:44:02,567000,11.459
2026/04/29 15:44:02,568000,11.459
2026/04/29 15:44:02,569000,11.459
2026/04/29 15:44:02,570000,11.459
2026/04/29 15:44:02,571000,11.451
2026/04/29 15:44:02,572000,11.457
2026/04/29 15:44:02,573000,11.459
2026/04/29 15:44:02,574000,11.459
2026/04/29 15:44:02,575000,11.457
2026/04/29 15:44:02,576000,11.462
2026/04/29 15:44:02,577000,11.462
2026/04/29 15:44:02,578000,11.465
2026/04/29 15:44:02,579000,11.459
2026/04/29 15:44:02,580000,11.459
2026/04/29 15:44:02,581000,11.462
2026/04/29 15:44:02,582000,11.451
2026/04/29 15:44:02,583000,11.457
2026/04/29 15:44:02,584000,11.459
2026/04/29 15:44:02,585000,11.462
2026/04/29 15:44:02,586000,11.459
2026/04/29 15:44:02,587000,11.457
2026/04/29 15:44:02,588000,11.459
2026/04/29 15:44:02,589000,11.454
2026/04/29 15:44:02,590000,11.462
2026/04/29 15:44:02,591000,11.462
2026/04/29 15:44:02,592000,11.457
2026/04/29 15:44:02,593000,11.462
2026/04/29 15:44:02,594000,11.459
2026/04/29 15:44:02,595000,11.459
2026/04/29 15:44:02,596000,11.459
2026/04/29 15:44:02,597000,11.465
2026/04/29 15:44:02,598000,11.465
2026/04/29 15:44:02,599000,11.459
2026/04/29 15:44:02,600000,11.457
2026/04/29 15:44:02,601000,11.459
2026/04/29 15:44:02,602000,11.457
2026/04/29 15:44:02,603000,11.462
2026/04/29 15:44:02,604000,11.462
2026/04/29 15:44:02,605000,11.459
2026/04/29 15:44:02,606000,11.454
2026/04/29 15:44:02,607000,11.459
2026/04/29 15:44:02,608000,11.459
2026/04/29 15:44:02,609000,11.462
2026/04/29 15:44:02,610000,11.462
2026/04/29 15:44:02,611000,11.457
2026/04/29 15:44:02,612000,11.459
2026/04/29 15:44:02,613000,11.465
2026/04/29 15:44:02,614000,11.459
2026/04/29 15:44:02,615000,11.471
2026/04/29 15:44:02,616000,11.459
2026/04/29 15:44:02,617000,11.457
2026/04/29 15:44:02,618000,11.468
2026/04/29 15:44:02,619000,11.459
2026/04/29 15:44:02,620000,11.459
2026/04/29 15:44:02,621000,11.457
2026/04/29 15:44:02,622000,11.457
2026/04/29 15:44:02,623000,11.459
2026/04/29 15:44:02,624000,11.459
2026/04/29 15:44:02,625000,11.459
2026/04/29 15:44:02,626000,11.457
2026/04/29 15:44:02,627000,11.459
2026/04/29 15:44:02,628000,11.457
2026/04/29 15:44:02,629000,11.459
2026/04/29 15:44:02,630000,11.462
2026/04/29 15:44:02,631000,11.462
2026/04/29 15:44:02,632000,11.462
2026/04/29 15:44:02,633000,11.459
2026/04/29 15:44:02,634000,11.459
2026/04/29 15:44:02,635000,11.448
2026/04/29 15:44:02,636000,11.462
2026/04/29 15:44:02,637000,11.462
2026/04/29 15:44:02,638000,11.459
2026/04/29 15:44:02,639000,11.465
2026/04/29 15:44:02,640000,11.459
2026/04/29 15:44:02,641000,11.459
2026/04/29 15:44:02,642000,11.468
2026/04/29 15:44:02,643000,11.471
2026/04/29 15:44:02,644000,11.459
2026/04/29 15:44:02,645000,11.462
2026/04/29 15:44:02,646000,11.459
2026/04/29 15:44:02,647000,11.459
2026/04/29 15:44:02,648000,11.459
2026/04/29 15:44:02,649000,11.471
2026/04/29 15:44:02,650000,11.459
2026/04/29 15:44:02,651000,11.462
2026/04/29 15:44:02,652000,11.454
2026/04/29 15:44:02,653000,11.468
2026/04/29 15:44:02,654000,11.468
2026/04/29 15:44:02,655000,11.462
2026/04/29 15:44:02,656000,11.465
2026/04/29 15:44:02,657000,11.468
2026/04/29 15:44:02,658000,11.459
2026/04/29 15:44:02,659000,11.462
2026/04/29 15:44:02,660000,11.459
2026/04/29 15:44:02,661000,11.457
2026/04/29 15:44:02,662000,11.465
2026/04/29 15:44:02,663000,11.462
2026/04/29 15:44:02,664000,11.459
2026/04/29 15:44:02,665000,11.462
2026/04/29 15:44:02,666000,11.457
2026/04/29 15:44:02,667000,11.465
2026/04/29 15:44:02,668000,11.457
2026/04/29 15:44:02,669000,11.462
2026/04/29 15:44:02,670000,11.454
2026/04/29 15:44:02,671000,11.457
2026/04/29 15:44:02,672000,11.459
2026/04/29 15:44:02,673000,11.462
2026/04/29 15:44:02,674000,11.459
2026/04/29 15:44:02,675000,11.457
2026/04/29 15:44:02,676000,11.462
2026/04/29 15:44:02,677000,11.468
2026/04/29 15:44:02,678000,11.459
2026/04/29 15:44:02,679000,11.457
2026/04/29 15:44:02,680000,11.457
2026/04/29 15:44:02,681000,11.459
2026/04/29 15:44:02,682000,11.462
2026/04/29 15:44:02,683000,11.457
2026/04/29 15:44:02,684000,11.457
2026/04/29 15:44:02,685000,11.459
2026/04/29 15:44:02,686000,11.459
2026/04/29 15:44:02,687000,11.459
2026/04/29 15:44:02,688000,11.459
2026/04/29 15:44:02,689000,11.468
2026/04/29 15:44:02,690000,11.459
2026/04/29 15:44:02,691000,11.459
2026/04/29 15:44:02,692000,11.459
2026/04/29 15:44:02,693000,11.459
2026/04/29 15:44:02,694000,11.479
2026/04/29 15:44:02,695000,11.459
2026/04/29 15:44:02,696000,11.459
2026/04/29 15:44:02,697000,11.459
2026/04/29 15:44:02,698000,11.459
2026/04/29 15:44:02,699000,11.457
2026/04/29 15:44:02,700000,11.459
2026/04/29 15:44:02,701000,11.457
2026/04/29 15:44:02,702000,11.459
2026/04/29 15:44:02,703000,11.459
2026/04/29 15:44:02,704000,11.459
2026/04/29 15:44:02,705000,11.459
2026/04/29 15:44:02,706000,11.462
2026/04/29 15:44:02,707000,11.459
2026/04/29 15:44:02,708000,11.459
2026/04/29 15:44:02,709000,11.459
2026/04/29 15:44:02,710000,11.462
2026/04/29 15:44:02,711000,11.465
2026/04/29 15:44:02,712000,11.457
2026/04/29 15:44:02,713000,11.457
2026/04/29 15:44:02,714000,11.462
2026/04/29 15:44:02,715000,11.462
2026/04/29 15:44:02,716000,11.457
2026/04/29 15:44:02,717000,11.459
2026/04/29 15:44:02,718000,11.459
2026/04/29 15:44:02,719000,11.459
2026/04/29 15:44:02,720000,11.454
2026/04/29 15:44:02,721000,11.462
2026/04/29 15:44:02,722000,11.459
2026/04/29 15:44:02,723000,11.468
2026/04/29 15:44:02,724000,11.457
2026/04/29 15:44:02,725000,11.459
2026/04/29 15:44:02,726000,11.462
2026/04/29 15:44:02,727000,11.459
2026/04/29 15:44:02,728000,11.459
2026/04/29 15:44:02,729000,11.465
2026/04/29 15:44:02,730000,11.462
2026/04/29 15:44:02,731000,11.462
2026/04/29 15:44:02,732000,11.459
2026/04/29 15:44:02,733000,11.462
2026/04/29 15:44:02,734000,11.459
2026/04/29 15:44:02,735000,11.457
2026/04/29 15:44:02,736000,11.465
2026/04/29 15:44:02,737000,11.465
2026/04/29 15:44:02,738000,11.462
2026/04/29 15:44:02,739000,11.454
2026/04/29 15:44:02,740000,11.462
2026/04/29 15:44:02,741000,11.465
2026/04/29 15:44:02,742000,11.459
2026/04/29 15:44:02,743000,11.457
2026/04/29 15:44:02,744000,11.459
2026/04/29 15:44:02,745000,11.476
2026/04/29 15:44:02,746000,11.457
2026/04/29 15:44:02,747000,11.457
2026/04/29 15:44:02,748000,11.459
2026/04/29 15:44:02,749000,11.462
2026/04/29 15:44:02,750000,11.462
2026/04/29 15:44:02,751000,11.457
2026/04/29 15:44:02,752000,11.459
2026/04/29 15:44:02,753000,11.459
2026/04/29 15:44:02,754000,11.459
2026/04/29 15:44:02,755000,11.465
2026/04/29 15:44:02,756000,11.457
2026/04/29 15:44:02,757000,11.459
2026/04/29 15:44:02,758000,11.457
2026/04/29 15:44:02,759000,11.459
2026/04/29 15:44:02,760000,11.459
2026/04/29 15:44:02,761000,11.462
2026/04/29 15:44:02,762000,11.465
2026/04/29 15:44:02,763000,11.454
2026/04/29 15:44:02,764000,11.459
2026/04/29 15:44:02,765000,11.457
2026/04/29 15:44:02,766000,11.457
2026/04/29 15:44:02,767000,11.459
2026/04/29 15:44:02,768000,11.457
2026/04/29 15:44:02,769000,11.459
2026/04/29 15:44:02,770000,11.462
2026/04/29 15:44:02,771000,11.459
2026/04/29 15:44:02,772000,11.459
2026/04/29 15:44:02,773000,11.462
2026/04/29 15:44:02,774000,11.457
2026/04/29 15:44:02,775000,11.459
2026/04/29 15:44:02,776000,11.457
2026/04/29 15:44:02,777000,11.459
2026/04/29 15:44:02,778000,11.459
2026/04/29 15:44:02,779000,11.465
2026/04/29 15:44:02,780000,11.465
2026/04/29 15:44:02,781000,11.459
2026/04/29 15:44:02,782000,11.457
2026/04/29 15:44:02,783000,11.457
2026/04/29 15:44:02,784000,11.457
2026/04/29 15:44:02,785000,11.457
2026/04/29 15:44:02,786000,11.462
2026/04/29 15:44:02,787000,11.459
2026/04/29 15:44:02,788000,11.457
2026/04/29 15:44:02,789000,11.462
2026/04/29 15:44:02,790000,11.462
2026/04/29 15:44:02,791000,11.459
2026/04/29 15:44:02,792000,11.459
2026/04/29 15:44:02,793000,11.459
2026/04/29 15:44:02,794000,11.459
2026/04/29 15:44:02,795000,11.457
2026/04/29 15:44:02,796000,11.459
2026/04/29 15:44:02,797000,11.459
2026/04/29 15:44:02,798000,11.454
2026/04/29 15:44:02,799000,11.459
2026/04/29 15:44:02,800000,11.454
2026/04/29 15:44:02,801000,11.457
2026/04/29 15:44:02,802000,11.459
2026/04/29 15:44:02,803000,11.471
2026/04/29 15:44:02,804000,11.454
2026/04/29 15:44:02,805000,11.457
2026/04/29 15:44:02,806000,11.459
2026/04/29 15:44:02,807000,11.459
2026/04/29 15:44:02,808000,11.457
2026/04/29 15:44:02,809000,11.454
2026/04/29 15:44:02,810000,11.459
2026/04/29 15:44:02,811000,11.457
2026/04/29 15:44:02,812000,11.459
2026/04/29 15:44:02,813000,11.462
2026/04/29 15:44:02,814000,11.459
2026/04/29 15:44:02,815000,11.459
2026/04/29 15:44:02,816000,11.465
2026/04/29 15:44:02,817000,11.459
2026/04/29 15:44:02,818000,11.457
2026/04/29 15:44:02,819000,11.457
2026/04/29 15:44:02,820000,11.451
2026/04/29 15:44:02,821000,11.459
2026/04/29 15:44:02,822000,11.462
2026/04/29 15:44:02,823000,11.457
2026/04/29 15:44:02,824000,11.457
2026/04/29 15:44:02,825000,11.459
2026/04/29 15:44:02,826000,11.459
2026/04/29 15:44:02,827000,11.459
2026/04/29 15:44:02,828000,11.459
2026/04/29 15:44:02,829000,11.451
2026/04/29 15:44:02,830000,11.457
2026/04/29 15:44:02,831000,11.459
2026/04/29 15:44:02,832000,11.457
2026/04/29 15:44:02,833000,11.459
2026/04/29 15:44:02,834000,11.454
2026/04/29 15:44:02,835000,11.465
2026/04/29 15:44:02,836000,11.454
2026/04/29 15:44:02,837000,11.459
2026/04/29 15:44:02,838000,11.459
2026/04/29 15:44:02,839000,11.459
2026/04/29 15:44:02,840000,11.462
2026/04/29 15:44:02,841000,11.457
2026/04/29 15:44:02,842000,11.454
2026/04/29 15:44:02,843000,11.459
2026/04/29 15:44:02,844000,11.457
2026/04/29 15:44:02,845000,11.459
2026/04/29 15:44:02,846000,11.457
2026/04/29 15:44:02,847000,11.457
2026/04/29 15:44:02,848000,11.459
2026/04/29 15:44:02,849000,11.459
2026/04/29 15:44:02,850000,11.459
2026/04/29 15:44:02,851000,11.457
2026/04/29 15:44:02,852000,11.457
2026/04/29 15:44:02,853000,11.459
2026/04/29 15:44:02,854000,11.457
2026/04/29 15:44:02,855000,11.462
2026/04/29 15:44:02,856000,11.459
2026/04/29 15:44:02,857000,11.459
2026/04/29 15:44:02,858000,11.459
2026/04/29 15:44:02,859000,11.454
2026/04/29 15:44:02,860000,11.459
2026/04/29 15:44:02,861000,11.459
2026/04/29 15:44:02,862000,11.459
2026/04/29 15:44:02,863000,11.459
2026/04/29 15:44:02,864000,11.459
2026/04/29 15:44:02,865000,11.462
2026/04/29 15:44:02,866000,11.459
2026/04/29 15:44:02,867000,11.454
2026/04/29 15:44:02,868000,11.459
2026/04/29 15:44:02,869000,11.462
2026/04/29 15:44:02,870000,11.454
2026/04/29 15:44:02,871000,11.457
2026/04/29 15:44:02,872000,11.459
2026/04/29 15:44:02,873000,11.462
2026/04/29 15:44:02,874000,11.459
2026/04/29 15:44:02,875000,11.462
2026/04/29 15:44:02,876000,11.459
2026/04/29 15:44:02,877000,11.462
2026/04/29 15:44:02,878000,11.459
2026/04/29 15:44:02,879000,11.459
2026/04/29 15:44:02,880000,11.459
2026/04/29 15:44:02,881000,11.459
2026/04/29 15:44:02,882000,11.448
2026/04/29 15:44:02,883000,11.454
2026/04/29 15:44:02,884000,11.459
2026/04/29 15:44:02,885000,11.457
2026/04/29 15:44:02,886000,11.459
2026/04/29 15:44:02,887000,11.459
2026/04/29 15:44:02,888000,11.462
2026/04/29 15:44:02,889000,11.459
2026/04/29 15:44:02,890000,11.459
2026/04/29 15:44:02,891000,11.459
2026/04/29 15:44:02,892000,11.457
2026/04/29 15:44:02,893000,11.462
2026/04/29 15:44:02,894000,11.459
2026/04/29 15:44:02,895000,11.459
2026/04/29 15:44:02,896000,11.462
2026/04/29 15:44:02,897000,11.457
2026/04/29 15:44:02,898000,11.462
2026/04/29 15:44:02,899000,11.454
2026/04/29 15:44:02,900000,11.459
2026/04/29 15:44:02,901000,11.457
2026/04/29 15:44:02,902000,11.457
2026/04/29 15:44:02,903000,11.454
2026/04/29 15:44:02,904000,11.457
2026/04/29 15:44:02,905000,11.457
2026/04/29 15:44:02,906000,11.459
2026/04/29 15:44:02,907000,11.451
2026/04/29 15:44:02,908000,11.454
2026/04/29 15:44:02,909000,11.459
2026/04/29 15:44:02,910000,11.454
2026/04/29 15:44:02,911000,11.459
2026/04/29 15:44:02,912000,11.462
2026/04/29 15:44:02,913000,11.457
2026/04/29 15:44:02,914000,11.462
2026/04/29 15:44:02,915000,11.462
2026/04/29 15:44:02,916000,11.454
2026/04/29 15:44:02,917000,11.457
2026/04/29 15:44:02,918000,11.454
2026/04/29 15:44:02,919000,11.462
2026/04/29 15:44:02,920000,11.459
2026/04/29 15:44:02,921000,11.459
2026/04/29 15:44:02,922000,11.465
2026/04/29 15:44:02,923000,11.457
2026/04/29 15:44:02,924000,11.459
2026/04/29 15:44:02,925000,11.457
2026/04/29 15:44:02,926000,11.457
2026/04/29 15:44:02,927000,11.459
2026/04/29 15:44:02,928000,11.457
2026/04/29 15:44:02,929000,11.459
2026/04/29 15:44:02,930000,11.454
2026/04/29 15:44:02,931000,11.454
2026/04/29 15:44:02,932000,11.457
2026/04/29 15:44:02,933000,11.459
2026/04/29 15:44:02,934000,11.459
2026/04/29 15:44:02,935000,11.451
2026/04/29 15:44:02,936000,11.459
2026/04/29 15:44:02,937000,11.457
2026/04/29 15:44:02,938000,11.459
2026/04/29 15:44:02,939000,11.462
2026/04/29 15:44:02,940000,11.457
2026/04/29 15:44:02,941000,11.462
2026/04/29 15:44:02,942000,11.457
2026/04/29 15:44:02,943000,11.457
2026/04/29 15:44:02,944000,11.465
2026/04/29 15:44:02,945000,11.459
2026/04/29 15:44:02,946000,11.459
2026/04/29 15:44:02,947000,11.457
2026/04/29 15:44:02,948000,11.459
2026/04/29 15:44:02,949000,11.462
2026/04/29 15:44:02,950000,11.457
2026/04/29 15:44:02,951000,11.457
2026/04/29 15:44:02,952000,11.459
2026/04/29 15:44:02,953000,11.471
2026/04/29 15:44:02,954000,11.459
2026/04/29 15:44:02,955000,11.459
2026/04/29 15:44:02,956000,11.457
2026/04/29 15:44:02,957000,11.457
2026/04/29 15:44:02,958000,11.462
2026/04/29 15:44:02,959000,11.457
2026/04/29 15:44:02,960000,11.462
2026/04/29 15:44:02,961000,11.457
2026/04/29 15:44:02,962000,11.459
2026/04/29 15:44:02,963000,11.457
2026/04/29 15:44:02,964000,11.459
2026/04/29 15:44:02,965000,11.457
2026/04/29 15:44:02,966000,11.457
2026/04/29 15:44:02,967000,11.459
2026/04/29 15:44:02,968000,11.457
2026/04/29 15:44:02,969000,11.459
2026/04/29 15:44:02,970000,11.457
2026/04/29 15:44:02,971000,11.462
2026/04/29 15:44:02,972000,11.457
2026/04/29 15:44:02,973000,11.457
2026/04/29 15:44:02,974000,11.459
2026/04/29 15:44:02,975000,11.457
2026/04/29 15:44:02,976000,11.457
2026/04/29 15:44:02,977000,11.462
2026/04/29 15:44:02,978000,11.457
2026/04/29 15:44:02,979000,11.457
2026/04/29 15:44:02,980000,11.454
2026/04/29 15:44:02,981000,11.457
2026/04/29 15:44:02,982000,11.459
2026/04/29 15:44:02,983000,11.457
2026/04/29 15:44:02,984000,11.457
2026/04/29 15:44:02,985000,11.457
2026/04/29 15:44:02,986000,11.454
2026/04/29 15:44:02,987000,11.462
2026/04/29 15:44:02,988000,11.454
2026/04/29 15:44:02,989000,11.457
2026/04/29 15:44:02,990000,11.459
2026/04/29 15:44:02,991000,11.462
2026/04/29 15:44:02,992000,11.457
2026/04/29 15:44:02,993000,11.459
2026/04/29 15:44:02,994000,11.457
2026/04/29 15:44:02,995000,11.454
2026/04/29 15:44:02,996000,11.462
2026/04/29 15:44:02,997000,11.465
2026/04/29 15:44:02,998000,11.457
2026/04/29 15:44:02,999000,11.454
2026/04/29 15:44:03,000000,11.459
2026/04/29 15:44:03,001000,11.457
2026/04/29 15:44:03,002000,11.465
2026/04/29 15:44:03,003000,11.459
2026/04/29 15:44:03,004000,11.457
2026/04/29 15:44:03,005000,11.462
2026/04/29 15:44:03,006000,11.465
2026/04/29 15:44:03,007000,11.454
2026/04/29 15:44:03,008000,11.459
2026/04/29 15:44:03,009000,11.457
2026/04/29 15:44:03,010000,11.459
2026/04/29 15:44:03,011000,11.459
2026/04/29 15:44:03,012000,11.459
2026/04/29 15:44:03,013000,11.459
2026/04/29 15:44:03,014000,11.457
2026/04/29 15:44:03,015000,11.454
2026/04/29 15:44:03,016000,11.459
2026/04/29 15:44:03,017000,11.457
2026/04/29 15:44:03,018000,11.465
2026/04/29 15:44:03,019000,11.462
2026/04/29 15:44:03,020000,11.454
2026/04/29 15:44:03,021000,11.459
2026/04/29 15:44:03,022000,11.454
2026/04/29 15:44:03,023000,11.457
2026/04/29 15:44:03,024000,11.457
2026/04/29 15:44:03,025000,11.462
2026/04/29 15:44:03,026000,11.462
2026/04/29 15:44:03,027000,11.457
2026/04/29 15:44:03,028000,11.454
2026/04/29 15:44:03,029000,11.457
2026/04/29 15:44:03,030000,11.457
2026/04/29 15:44:03,031000,11.459
2026/04/29 15:44:03,032000,11.459
2026/04/29 15:44:03,033000,11.457
2026/04/29 15:44:03,034000,11.457
2026/04/29 15:44:03,035000,11.462
2026/04/29 15:44:03,036000,11.459
2026/04/29 15:44:03,037000,11.462
2026/04/29 15:44:03,038000,11.454
2026/04/29 15:44:03,039000,11.462
2026/04/29 15:44:03,040000,11.462
2026/04/29 15:44:03,041000,11.457
2026/04/29 15:44:03,042000,11.459
2026/04/29 15:44:03,043000,11.457
2026/04/29 15:44:03,044000,11.454
2026/04/29 15:44:03,045000,11.459
2026/04/29 15:44:03,046000,11.459
2026/04/29 15:44:03,047000,11.459
2026/04/29 15:44:03,048000,11.459
2026/04/29 15:44:03,049000,11.459
2026/04/29 15:44:03,050000,11.459
2026/04/29 15:44:03,051000,11.454
2026/04/29 15:44:03,052000,11.459
2026/04/29 15:44:03,053000,11.454
2026/04/29 15:44:03,054000,11.459
2026/04/29 15:44:03,055000,11.462
2026/04/29 15:44:03,056000,11.457
2026/04/29 15:44:03,057000,11.457
2026/04/29 15:44:03,058000,11.459
2026/04/29 15:44:03,059000,11.457
2026/04/29 15:44:03,060000,11.457
2026/04/29 15:44:03,061000,11.459
2026/04/29 15:44:03,062000,11.457
2026/04/29 15:44:03,063000,11.457
2026/04/29 15:44:03,064000,11.457
2026/04/29 15:44:03,065000,11.459
2026/04/29 15:44:03,066000,11.457
2026/04/29 15:44:03,067000,11.459
2026/04/29 15:44:03,068000,11.457
2026/04/29 15:44:03,069000,11.459
2026/04/29 15:44:03,070000,11.459
2026/04/29 15:44:03,071000,11.457
2026/04/29 15:44:03,072000,11.459
2026/04/29 15:44:03,073000,11.465
2026/04/29 15:44:03,074000,11.462
2026/04/29 15:44:03,075000,11.457
2026/04/29 15:44:03,076000,11.459
2026/04/29 15:44:03,077000,11.454
2026/04/29 15:44:03,078000,11.462
2026/04/29 15:44:03,079000,11.454
2026/04/29 15:44:03,080000,11.465
2026/04/29 15:44:03,081000,11.454
2026/04/29 15:44:03,082000,11.462
2026/04/29 15:44:03,083000,11.459
2026/04/29 15:44:03,084000,11.462
2026/04/29 15:44:03,085000,11.457
2026/04/29 15:44:03,086000,11.468
2026/04/29 15:44:03,087000,11.459
2026/04/29 15:44:03,088000,11.459
2026/04/29 15:44:03,089000,11.459
2026/04/29 15:44:03,090000,11.459
2026/04/29 15:44:03,091000,11.459
2026/04/29 15:44:03,092000,11.462
2026/04/29 15:44:03,093000,11.462
2026/04/29 15:44:03,094000,11.459
2026/04/29 15:44:03,095000,11.457
2026/04/29 15:44:03,096000,11.459
2026/04/29 15:44:03,097000,11.459
2026/04/29 15:44:03,098000,11.459
2026/04/29 15:44:03,099000,11.454
2026/04/29 15:44:03,100000,11.457
2026/04/29 15:44:03,101000,11.459
2026/04/29 15:44:03,102000,11.451
2026/04/29 15:44:03,103000,11.451
2026/04/29 15:44:03,104000,11.459
2026/04/29 15:44:03,105000,11.459
2026/04/29 15:44:03,106000,11.465
2026/04/29 15:44:03,107000,11.459
2026/04/29 15:44:03,108000,11.465
2026/04/29 15:44:03,109000,11.459
2026/04/29 15:44:03,110000,11.462
2026/04/29 15:44:03,111000,11.468
2026/04/29 15:44:03,112000,11.457
2026/04/29 15:44:03,113000,11.457
2026/04/29 15:44:03,114000,11.459
2026/04/29 15:44:03,115000,11.462
2026/04/29 15:44:03,116000,11.459
2026/04/29 15:44:03,117000,11.462
2026/04/29 15:44:03,118000,11.462
2026/04/29 15:44:03,119000,11.462
2026/04/29 15:44:03,120000,11.462
2026/04/29 15:44:03,121000,11.459
2026/04/29 15:44:03,122000,11.465
2026/04/29 15:44:03,123000,11.459
2026/04/29 15:44:03,124000,11.468
2026/04/29 15:44:03,125000,11.459
2026/04/29 15:44:03,126000,11.459
2026/04/29 15:44:03,127000,11.451
2026/04/29 15:44:03,128000,11.459
2026/04/29 15:44:03,129000,11.462
2026/04/29 15:44:03,130000,11.462
2026/04/29 15:44:03,131000,11.471
2026/04/29 15:44:03,132000,11.459
2026/04/29 15:44:03,133000,11.462
2026/04/29 15:44:03,134000,11.459
2026/04/29 15:44:03,135000,11.454
2026/04/29 15:44:03,136000,11.459
2026/04/29 15:44:03,137000,11.465
2026/04/29 15:44:03,138000,11.459
2026/04/29 15:44:03,139000,11.462
2026/04/29 15:44:03,140000,11.459
2026/04/29 15:44:03,141000,11.462
2026/04/29 15:44:03,142000,11.462
2026/04/29 15:44:03,143000,11.459
2026/04/29 15:44:03,144000,11.459
2026/04/29 15:44:03,145000,11.465
2026/04/29 15:44:03,146000,11.457
2026/04/29 15:44:03,147000,11.462
2026/04/29 15:44:03,148000,11.459
2026/04/29 15:44:03,149000,11.462
2026/04/29 15:44:03,150000,11.457
2026/04/29 15:44:03,151000,11.457
2026/04/29 15:44:03,152000,11.465
2026/04/29 15:44:03,153000,11.459
2026/04/29 15:44:03,154000,11.454
2026/04/29 15:44:03,155000,11.459
2026/04/29 15:44:03,156000,11.459
2026/04/29 15:44:03,157000,11.459
2026/04/29 15:44:03,158000,11.459
2026/04/29 15:44:03,159000,11.462
2026/04/29 15:44:03,160000,11.459
2026/04/29 15:44:03,161000,11.468
2026/04/29 15:44:03,162000,11.459
2026/04/29 15:44:03,163000,11.457
2026/04/29 15:44:03,164000,11.462
2026/04/29 15:44:03,165000,11.462
2026/04/29 15:44:03,166000,11.459
2026/04/29 15:44:03,167000,11.465
2026/04/29 15:44:03,168000,11.459
2026/04/29 15:44:03,169000,11.462
2026/04/29 15:44:03,170000,11.459
2026/04/29 15:44:03,171000,11.457
2026/04/29 15:44:03,172000,11.454
2026/04/29 15:44:03,173000,11.468
2026/04/29 15:44:03,174000,11.462
2026/04/29 15:44:03,175000,11.459
2026/04/29 15:44:03,176000,11.457
2026/04/29 15:44:03,177000,11.459
2026/04/29 15:44:03,178000,11.459
2026/04/29 15:44:03,179000,11.462
2026/04/29 15:44:03,180000,11.459
2026/04/29 15:44:03,181000,11.459
2026/04/29 15:44:03,182000,11.462
2026/04/29 15:44:03,183000,11.465
2026/04/29 15:44:03,184000,11.462
2026/04/29 15:44:03,185000,11.465
2026/04/29 15:44:03,186000,11.462
2026/04/29 15:44:03,187000,11.457
2026/04/29 15:44:03,188000,11.462
2026/04/29 15:44:03,189000,11.457
2026/04/29 15:44:03,190000,11.459
2026/04/29 15:44:03,191000,11.459
2026/04/29 15:44:03,192000,11.468
2026/04/29 15:44:03,193000,11.462
2026/04/29 15:44:03,194000,11.465
2026/04/29 15:44:03,195000,11.459
2026/04/29 15:44:03,196000,11.459
2026/04/29 15:44:03,197000,11.465
2026/04/29 15:44:03,198000,11.459
2026/04/29 15:44:03,199000,11.462
2026/04/29 15:44:03,200000,11.459
2026/04/29 15:44:03,201000,11.465
2026/04/29 15:44:03,202000,11.465
2026/04/29 15:44:03,203000,11.457
2026/04/29 15:44:03,204000,11.462
2026/04/29 15:44:03,205000,11.465
2026/04/29 15:44:03,206000,11.459
2026/04/29 15:44:03,207000,11.457
2026/04/29 15:44:03,208000,11.462
2026/04/29 15:44:03,209000,11.459
2026/04/29 15:44:03,210000,11.465
2026/04/29 15:44:03,211000,11.459
2026/04/29 15:44:03,212000,11.465
2026/04/29 15:44:03,213000,11.465
2026/04/29 15:44:03,214000,11.459
2026/04/29 15:44:03,215000,11.462
2026/04/29 15:44:03,216000,11.457
2026/04/29 15:44:03,217000,11.462
2026/04/29 15:44:03,218000,11.462
2026/04/29 15:44:03,219000,11.454
2026/04/29 15:44:03,220000,11.465
2026/04/29 15:44:03,221000,11.459
2026/04/29 15:44:03,222000,11.457
2026/04/29 15:44:03,223000,11.457
2026/04/29 15:44:03,224000,11.459
2026/04/29 15:44:03,225000,11.459
2026/04/29 15:44:03,226000,11.457
2026/04/29 15:44:03,227000,11.462
2026/04/29 15:44:03,228000,11.457
2026/04/29 15:44:03,229000,11.459
2026/04/29 15:44:03,230000,11.459
2026/04/29 15:44:03,231000,11.459
2026/04/29 15:44:03,232000,11.465
2026/04/29 15:44:03,233000,11.459
2026/04/29 15:44:03,234000,11.459
2026/04/29 15:44:03,235000,11.457
2026/04/29 15:44:03,236000,11.462
2026/04/29 15:44:03,237000,11.462
2026/04/29 15:44:03,238000,11.454
2026/04/29 15:44:03,239000,11.468
2026/04/29 15:44:03,240000,11.457
2026/04/29 15:44:03,241000,11.459
2026/04/29 15:44:03,242000,11.462
2026/04/29 15:44:03,243000,11.462
2026/04/29 15:44:03,244000,11.462
2026/04/29 15:44:03,245000,11.459
2026/04/29 15:44:03,246000,11.454
2026/04/29 15:44:03,247000,11.468
2026/04/29 15:44:03,248000,11.465
2026/04/29 15:44:03,249000,11.465
2026/04/29 15:44:03,250000,11.457
2026/04/29 15:44:03,251000,11.459
2026/04/29 15:44:03,252000,11.465
2026/04/29 15:44:03,253000,11.459
2026/04/29 15:44:03,254000,11.462
2026/04/29 15:44:03,255000,11.457
2026/04/29 15:44:03,256000,11.471
2026/04/29 15:44:03,257000,11.459
2026/04/29 15:44:03,258000,11.459
2026/04/29 15:44:03,259000,11.465
2026/04/29 15:44:03,260000,11.462
2026/04/29 15:44:03,261000,11.468
2026/04/29 15:44:03,262000,11.462
2026/04/29 15:44:03,263000,11.459
2026/04/29 15:44:03,264000,11.462
2026/04/29 15:44:03,265000,11.462
2026/04/29 15:44:03,266000,11.462
2026/04/29 15:44:03,267000,11.468
2026/04/29 15:44:03,268000,11.462
2026/04/29 15:44:03,269000,11.459
2026/04/29 15:44:03,270000,11.462
2026/04/29 15:44:03,271000,11.459
2026/04/29 15:44:03,272000,11.457
2026/04/29 15:44:03,273000,11.465
2026/04/29 15:44:03,274000,11.465
2026/04/29 15:44:03,275000,11.459
2026/04/29 15:44:03,276000,11.457
2026/04/29 15:44:03,277000,11.465
2026/04/29 15:44:03,278000,11.465
2026/04/29 15:44:03,279000,11.462
2026/04/29 15:44:03,280000,11.459
2026/04/29 15:44:03,281000,11.459
2026/04/29 15:44:03,282000,11.465
2026/04/29 15:44:03,283000,11.459
2026/04/29 15:44:03,284000,11.462
2026/04/29 15:44:03,285000,11.462
2026/04/29 15:44:03,286000,11.465
2026/04/29 15:44:03,287000,11.457
2026/04/29 15:44:03,288000,11.459
2026/04/29 15:44:03,289000,11.465
2026/04/29 15:44:03,290000,11.457
2026/04/29 15:44:03,291000,11.459
2026/04/29 15:44:03,292000,11.465
2026/04/29 15:44:03,293000,11.459
2026/04/29 15:44:03,294000,11.462
2026/04/29 15:44:03,295000,11.457
2026/04/29 15:44:03,296000,11.462
2026/04/29 15:44:03,297000,11.462
2026/04/29 15:44:03,298000,11.459
2026/04/29 15:44:03,299000,11.459
2026/04/29 15:44:03,300000,11.459
2026/04/29 15:44:03,301000,11.459
2026/04/29 15:44:03,302000,11.462
2026/04/29 15:44:03,303000,11.459
2026/04/29 15:44:03,304000,11.465
2026/04/29 15:44:03,305000,11.462
2026/04/29 15:44:03,306000,11.459
2026/04/29 15:44:03,307000,11.457
2026/04/29 15:44:03,308000,11.462
2026/04/29 15:44:03,309000,11.462
2026/04/29 15:44:03,310000,11.462
2026/04/29 15:44:03,311000,11.459
2026/04/29 15:44:03,312000,11.462
2026/04/29 15:44:03,313000,11.454
2026/04/29 15:44:03,314000,11.459
2026/04/29 15:44:03,315000,11.457
2026/04/29 15:44:03,316000,11.465
2026/04/29 15:44:03,317000,11.459
2026/04/29 15:44:03,318000,11.465
2026/04/29 15:44:03,319000,11.459
2026/04/29 15:44:03,320000,11.465
2026/04/29 15:44:03,321000,11.459
2026/04/29 15:44:03,322000,11.459
2026/04/29 15:44:03,323000,11.459
2026/04/29 15:44:03,324000,11.459
2026/04/29 15:44:03,325000,11.457
2026/04/29 15:44:03,326000,11.462
2026/04/29 15:44:03,327000,11.462
2026/04/29 15:44:03,328000,11.459
2026/04/29 15:44:03,329000,11.468
2026/04/29 15:44:03,330000,11.459
2026/04/29 15:44:03,331000,11.459
2026/04/29 15:44:03,332000,11.465
2026/04/29 15:44:03,333000,11.457
2026/04/29 15:44:03,334000,11.473
2026/04/29 15:44:03,335000,11.457
2026/04/29 15:44:03,336000,11.459
2026/04/29 15:44:03,337000,11.459
2026/04/29 15:44:03,338000,11.462
2026/04/29 15:44:03,339000,11.454
2026/04/29 15:44:03,340000,11.465
2026/04/29 15:44:03,341000,11.468
2026/04/29 15:44:03,342000,11.459
2026/04/29 15:44:03,343000,11.462
2026/04/29 15:44:03,344000,11.459
2026/04/29 15:44:03,345000,11.462
2026/04/29 15:44:03,346000,11.457
2026/04/29 15:44:03,347000,11.457
2026/04/29 15:44:03,348000,11.462
2026/04/29 15:44:03,349000,11.454
2026/04/29 15:44:03,350000,11.459
2026/04/29 15:44:03,351000,11.459
2026/04/29 15:44:03,352000,11.454
2026/04/29 15:44:03,353000,11.459
2026/04/29 15:44:03,354000,11.454
2026/04/29 15:44:03,355000,11.459
2026/04/29 15:44:03,356000,11.459
2026/04/29 15:44:03,357000,11.457
2026/04/29 15:44:03,358000,11.459
2026/04/29 15:44:03,359000,11.457
2026/04/29 15:44:03,360000,11.459
2026/04/29 15:44:03,361000,11.459
2026/04/29 15:44:03,362000,11.457
2026/04/29 15:44:03,363000,11.457
2026/04/29 15:44:03,364000,11.465
2026/04/29 15:44:03,365000,11.459
2026/04/29 15:44:03,366000,11.459
2026/04/29 15:44:03,367000,11.462
2026/04/29 15:44:03,368000,11.457
2026/04/29 15:44:03,369000,11.457
2026/04/29 15:44:03,370000,11.454
2026/04/29 15:44:03,371000,11.457
2026/04/29 15:44:03,372000,11.462
2026/04/29 15:44:03,373000,11.465
2026/04/29 15:44:03,374000,11.462
2026/04/29 15:44:03,375000,11.462
2026/04/29 15:44:03,376000,11.457
2026/04/29 15:44:03,377000,11.459
2026/04/29 15:44:03,378000,11.457
2026/04/29 15:44:03,379000,11.462
2026/04/29 15:44:03,380000,11.465
2026/04/29 15:44:03,381000,11.454
2026/04/29 15:44:03,382000,11.459
2026/04/29 15:44:03,383000,11.459
2026/04/29 15:44:03,384000,11.459
2026/04/29 15:44:03,385000,11.459
2026/04/29 15:44:03,386000,11.457
2026/04/29 15:44:03,387000,11.457
2026/04/29 15:44:03,388000,11.462
2026/04/29 15:44:03,389000,11.459
2026/04/29 15:44:03,390000,11.459
2026/04/29 15:44:03,391000,11.462
2026/04/29 15:44:03,392000,11.457
2026/04/29 15:44:03,393000,11.459
2026/04/29 15:44:03,394000,11.462
2026/04/29 15:44:03,395000,11.465
2026/04/29 15:44:03,396000,11.459
2026/04/29 15:44:03,397000,11.465
2026/04/29 15:44:03,398000,11.459
2026/04/29 15:44:03,399000,11.459
2026/04/29 15:44:03,400000,11.457
2026/04/29 15:44:03,401000,11.457
2026/04/29 15:44:03,402000,11.459
2026/04/29 15:44:03,403000,11.459
2026/04/29 15:44:03,404000,11.457
2026/04/29 15:44:03,405000,11.459
2026/04/29 15:44:03,406000,11.462
2026/04/29 15:44:03,407000,11.462
2026/04/29 15:44:03,408000,11.462
2026/04/29 15:44:03,409000,11.459
2026/04/29 15:44:03,410000,11.459
2026/04/29 15:44:03,411000,11.454
2026/04/29 15:44:03,412000,11.471
2026/04/29 15:44:03,413000,11.459
2026/04/29 15:44:03,414000,11.457
2026/04/29 15:44:03,415000,11.457
2026/04/29 15:44:03,416000,11.459
2026/04/29 15:44:03,417000,11.454
2026/04/29 15:44:03,418000,11.457
2026/04/29 15:44:03,419000,11.459
2026/04/29 15:44:03,420000,11.457
2026/04/29 15:44:03,421000,11.462
2026/04/29 15:44:03,422000,11.459
2026/04/29 15:44:03,423000,11.457
2026/04/29 15:44:03,424000,11.454
2026/04/29 15:44:03,425000,11.459
2026/04/29 15:44:03,426000,11.459
2026/04/29 15:44:03,427000,11.459
2026/04/29 15:44:03,428000,11.459
2026/04/29 15:44:03,429000,11.459
2026/04/29 15:44:03,430000,11.459
2026/04/29 15:44:03,431000,11.462
2026/04/29 15:44:03,432000,11.462
2026/04/29 15:44:03,433000,11.465
2026/04/29 15:44:03,434000,11.459
2026/04/29 15:44:03,435000,11.459
2026/04/29 15:44:03,436000,11.465
2026/04/29 15:44:03,437000,11.468
2026/04/29 15:44:03,438000,11.462
2026/04/29 15:44:03,439000,11.459
2026/04/29 15:44:03,440000,11.459
2026/04/29 15:44:03,441000,11.457
2026/04/29 15:44:03,442000,11.459
2026/04/29 15:44:03,443000,11.465
2026/04/29 15:44:03,444000,11.459
2026/04/29 15:44:03,445000,11.459
2026/04/29 15:44:03,446000,11.465
2026/04/29 15:44:03,447000,11.459
2026/04/29 15:44:03,448000,11.459
2026/04/29 15:44:03,449000,11.459
2026/04/29 15:44:03,450000,11.457
2026/04/29 15:44:03,451000,11.462
2026/04/29 15:44:03,452000,11.465
2026/04/29 15:44:03,453000,11.462
2026/04/29 15:44:03,454000,11.454
2026/04/29 15:44:03,455000,11.462
2026/04/29 15:44:03,456000,11.451
2026/04/29 15:44:03,457000,11.462
2026/04/29 15:44:03,458000,11.457
2026/04/29 15:44:03,459000,11.459
2026/04/29 15:44:03,460000,11.459
2026/04/29 15:44:03,461000,11.465
2026/04/29 15:44:03,462000,11.465
2026/04/29 15:44:03,463000,11.459
2026/04/29 15:44:03,464000,11.465
2026/04/29 15:44:03,465000,11.459
2026/04/29 15:44:03,466000,11.459
2026/04/29 15:44:03,467000,11.454
2026/04/29 15:44:03,468000,11.462
2026/04/29 15:44:03,469000,11.459
2026/04/29 15:44:03,470000,11.462
2026/04/29 15:44:03,471000,11.465
2026/04/29 15:44:03,472000,11.457
2026/04/29 15:44:03,473000,11.462
2026/04/29 15:44:03,474000,11.457
2026/04/29 15:44:03,475000,11.454
2026/04/29 15:44:03,476000,11.462
2026/04/29 15:44:03,477000,11.462
2026/04/29 15:44:03,478000,11.457
2026/04/29 15:44:03,479000,11.462
2026/04/29 15:44:03,480000,11.459
2026/04/29 15:44:03,481000,11.459
2026/04/29 15:44:03,482000,11.462
2026/04/29 15:44:03,483000,11.459
2026/04/29 15:44:03,484000,11.462
2026/04/29 15:44:03,485000,11.462
2026/04/29 15:44:03,486000,11.462
2026/04/29 15:44:03,487000,11.459
2026/04/29 15:44:03,488000,11.459
2026/04/29 15:44:03,489000,11.462
2026/04/29 15:44:03,490000,11.471
2026/04/29 15:44:03,491000,11.462
2026/04/29 15:44:03,492000,11.457
2026/04/29 15:44:03,493000,11.462
2026/04/29 15:44:03,494000,11.459
2026/04/29 15:44:03,495000,11.457
2026/04/29 15:44:03,496000,11.459
2026/04/29 15:44:03,497000,11.457
2026/04/29 15:44:03,498000,11.465
2026/04/29 15:44:03,499000,11.462
2026/04/29 15:44:03,500000,11.462
2026/04/29 15:44:03,501000,11.462
2026/04/29 15:44:03,502000,11.457
2026/04/29 15:44:03,503000,11.459
2026/04/29 15:44:03,504000,11.459
2026/04/29 15:44:03,505000,11.459
2026/04/29 15:44:03,506000,11.462
2026/04/29 15:44:03,507000,11.454
2026/04/29 15:44:03,508000,11.457
2026/04/29 15:44:03,509000,11.465
2026/04/29 15:44:03,510000,11.459
2026/04/29 15:44:03,511000,11.459
2026/04/29 15:44:03,512000,11.459
2026/04/29 15:44:03,513000,11.462
2026/04/29 15:44:03,514000,11.457
2026/04/29 15:44:03,515000,11.459
2026/04/29 15:44:03,516000,11.459
2026/04/29 15:44:03,517000,11.457
2026/04/29 15:44:03,518000,11.459
2026/04/29 15:44:03,519000,11.462
2026/04/29 15:44:03,520000,11.459
2026/04/29 15:44:03,521000,11.459
2026/04/29 15:44:03,522000,11.451
2026/04/29 15:44:03,523000,11.459
2026/04/29 15:44:03,524000,11.459
2026/04/29 15:44:03,525000,11.465
2026/04/29 15:44:03,526000,11.459
2026/04/29 15:44:03,527000,11.468
2026/04/29 15:44:03,528000,11.457
2026/04/29 15:44:03,529000,11.459
2026/04/29 15:44:03,530000,11.459
2026/04/29 15:44:03,531000,11.457
2026/04/29 15:44:03,532000,11.457
2026/04/29 15:44:03,533000,11.465
2026/04/29 15:44:03,534000,11.462
2026/04/29 15:44:03,535000,11.459
2026/04/29 15:44:03,536000,11.457
2026/04/29 15:44:03,537000,11.459
2026/04/29 15:44:03,538000,11.465
2026/04/29 15:44:03,539000,11.457
2026/04/29 15:44:03,540000,11.462
2026/04/29 15:44:03,541000,11.471
2026/04/29 15:44:03,542000,11.459
2026/04/29 15:44:03,543000,11.459
2026/04/29 15:44:03,544000,11.457
2026/04/29 15:44:03,545000,11.459
2026/04/29 15:44:03,546000,11.459
2026/04/29 15:44:03,547000,11.462
2026/04/29 15:44:03,548000,11.459
2026/04/29 15:44:03,549000,11.465
2026/04/29 15:44:03,550000,11.462
2026/04/29 15:44:03,551000,11.459
2026/04/29 15:44:03,552000,11.459
2026/04/29 15:44:03,553000,11.457
2026/04/29 15:44:03,554000,11.468
2026/04/29 15:44:03,555000,11.459
2026/04/29 15:44:03,556000,11.457
2026/04/29 15:44:03,557000,11.462
2026/04/29 15:44:03,558000,11.459
2026/04/29 15:44:03,559000,11.454
2026/04/29 15:44:03,560000,11.459
2026/04/29 15:44:03,561000,11.459
2026/04/29 15:44:03,562000,11.459
2026/04/29 15:44:03,563000,11.459
2026/04/29 15:44:03,564000,11.462
2026/04/29 15:44:03,565000,11.462
2026/04/29 15:44:03,566000,11.459
2026/04/29 15:44:03,567000,11.462
2026/04/29 15:44:03,568000,11.465
2026/04/29 15:44:03,569000,11.462
2026/04/29 15:44:03,570000,11.465
2026/04/29 15:44:03,571000,11.459
2026/04/29 15:44:03,572000,11.468
2026/04/29 15:44:03,573000,11.465
2026/04/29 15:44:03,574000,11.459
2026/04/29 15:44:03,575000,11.462
2026/04/29 15:44:03,576000,11.459
2026/04/29 15:44:03,577000,11.462
2026/04/29 15:44:03,578000,11.465
2026/04/29 15:44:03,579000,11.457
2026/04/29 15:44:03,580000,11.459
2026/04/29 15:44:03,581000,11.454
2026/04/29 15:44:03,582000,11.459
2026/04/29 15:44:03,583000,11.459
2026/04/29 15:44:03,584000,11.462
2026/04/29 15:44:03,585000,11.462
2026/04/29 15:44:03,586000,11.457
2026/04/29 15:44:03,587000,11.459
2026/04/29 15:44:03,588000,11.457
2026/04/29 15:44:03,589000,11.459
2026/04/29 15:44:03,590000,11.471
2026/04/29 15:44:03,591000,11.465
2026/04/29 15:44:03,592000,11.465
2026/04/29 15:44:03,593000,11.459
2026/04/29 15:44:03,594000,11.459
2026/04/29 15:44:03,595000,11.462
2026/04/29 15:44:03,596000,11.459
2026/04/29 15:44:03,597000,11.459
2026/04/29 15:44:03,598000,11.457
2026/04/29 15:44:03,599000,11.465
2026/04/29 15:44:03,600000,11.465
2026/04/29 15:44:03,601000,11.459
2026/04/29 15:44:03,602000,11.462
2026/04/29 15:44:03,603000,11.457
2026/04/29 15:44:03,604000,11.454
2026/04/29 15:44:03,605000,11.454
2026/04/29 15:44:03,606000,11.465
2026/04/29 15:44:03,607000,11.459
2026/04/29 15:44:03,608000,11.468
2026/04/29 15:44:03,609000,11.459
2026/04/29 15:44:03,610000,11.459
2026/04/29 15:44:03,611000,11.457
2026/04/29 15:44:03,612000,11.462
2026/04/29 15:44:03,613000,11.459
2026/04/29 15:44:03,614000,11.457
2026/04/29 15:44:03,615000,11.459
2026/04/29 15:44:03,616000,11.465
2026/04/29 15:44:03,617000,11.459
2026/04/29 15:44:03,618000,11.457
2026/04/29 15:44:03,619000,11.457
2026/04/29 15:44:03,620000,11.459
2026/04/29 15:44:03,621000,11.457
2026/04/29 15:44:03,622000,11.457
2026/04/29 15:44:03,623000,11.462
2026/04/29 15:44:03,624000,11.462
2026/04/29 15:44:03,625000,11.462
2026/04/29 15:44:03,626000,11.459
2026/04/29 15:44:03,627000,11.459
2026/04/29 15:44:03,628000,11.459
2026/04/29 15:44:03,629000,11.457
2026/04/29 15:44:03,630000,11.465
2026/04/29 15:44:03,631000,11.457
2026/04/29 15:44:03,632000,11.457
2026/04/29 15:44:03,633000,11.465
2026/04/29 15:44:03,634000,11.459
2026/04/29 15:44:03,635000,11.459
2026/04/29 15:44:03,636000,11.457
2026/04/29 15:44:03,637000,11.465
2026/04/29 15:44:03,638000,11.462
2026/04/29 15:44:03,639000,11.462
2026/04/29 15:44:03,640000,11.459
2026/04/29 15:44:03,641000,11.457
2026/04/29 15:44:03,642000,11.462
2026/04/29 15:44:03,643000,11.465
2026/04/29 15:44:03,644000,11.457
2026/04/29 15:44:03,645000,11.462
2026/04/29 15:44:03,646000,11.459
2026/04/29 15:44:03,647000,11.454
2026/04/29 15:44:03,648000,11.465
2026/04/29 15:44:03,649000,11.457
2026/04/29 15:44:03,650000,11.459
2026/04/29 15:44:03,651000,11.462
2026/04/29 15:44:03,652000,11.462
2026/04/29 15:44:03,653000,11.462
2026/04/29 15:44:03,654000,11.459
2026/04/29 15:44:03,655000,11.457
2026/04/29 15:44:03,656000,11.462
2026/04/29 15:44:03,657000,11.462
2026/04/29 15:44:03,658000,11.462
2026/04/29 15:44:03,659000,11.462
2026/04/29 15:44:03,660000,11.459
2026/04/29 15:44:03,661000,11.465
2026/04/29 15:44:03,662000,11.459
2026/04/29 15:44:03,663000,11.468
2026/04/29 15:44:03,664000,11.457
2026/04/29 15:44:03,665000,11.459
2026/04/29 15:44:03,666000,11.457
2026/04/29 15:44:03,667000,11.457
2026/04/29 15:44:03,668000,11.459
2026/04/29 15:44:03,669000,11.459
2026/04/29 15:44:03,670000,11.465
2026/04/29 15:44:03,671000,11.459
2026/04/29 15:44:03,672000,11.459
2026/04/29 15:44:03,673000,11.459
2026/04/29 15:44:03,674000,11.454
2026/04/29 15:44:03,675000,11.454
2026/04/29 15:44:03,676000,11.459
2026/04/29 15:44:03,677000,11.457
2026/04/29 15:44:03,678000,11.465
2026/04/29 15:44:03,679000,11.462
2026/04/29 15:44:03,680000,11.462
2026/04/29 15:44:03,681000,11.459
2026/04/29 15:44:03,682000,11.462
2026/04/29 15:44:03,683000,11.451
2026/04/29 15:44:03,684000,11.457
2026/04/29 15:44:03,685000,11.459
2026/04/29 15:44:03,686000,11.459
2026/04/29 15:44:03,687000,11.462
2026/04/29 15:44:03,688000,11.471
2026/04/29 15:44:03,689000,11.462
2026/04/29 15:44:03,690000,11.459
2026/04/29 15:44:03,691000,11.459
2026/04/29 15:44:03,692000,11.459
2026/04/29 15:44:03,693000,11.457
2026/04/29 15:44:03,694000,11.462
2026/04/29 15:44:03,695000,11.462
2026/04/29 15:44:03,696000,11.457
2026/04/29 15:44:03,697000,11.457
2026/04/29 15:44:03,698000,11.459
2026/04/29 15:44:03,699000,11.462
2026/04/29 15:44:03,700000,11.459
2026/04/29 15:44:03,701000,11.465
2026/04/29 15:44:03,702000,11.459
2026/04/29 15:44:03,703000,11.457
2026/04/29 15:44:03,704000,11.457
2026/04/29 15:44:03,705000,11.457
2026/04/29 15:44:03,706000,11.459
2026/04/29 15:44:03,707000,11.457
2026/04/29 15:44:03,708000,11.459
2026/04/29 15:44:03,709000,11.454
2026/04/29 15:44:03,710000,11.459
2026/04/29 15:44:03,711000,11.462
2026/04/29 15:44:03,712000,11.457
2026/04/29 15:44:03,713000,11.465
2026/04/29 15:44:03,714000,11.459
2026/04/29 15:44:03,715000,11.465
2026/04/29 15:44:03,716000,11.459
2026/04/29 15:44:03,717000,11.459
2026/04/29 15:44:03,718000,11.459
2026/04/29 15:44:03,719000,11.459
2026/04/29 15:44:03,720000,11.459
2026/04/29 15:44:03,721000,11.457
2026/04/29 15:44:03,722000,11.471
2026/04/29 15:44:03,723000,11.459
2026/04/29 15:44:03,724000,11.459
2026/04/29 15:44:03,725000,11.457
2026/04/29 15:44:03,726000,11.457
2026/04/29 15:44:03,727000,11.459
2026/04/29 15:44:03,728000,11.462
2026/04/29 15:44:03,729000,11.459
2026/04/29 15:44:03,730000,11.457
2026/04/29 15:44:03,731000,11.462
2026/04/29 15:44:03,732000,11.462
2026/04/29 15:44:03,733000,11.459
2026/04/29 15:44:03,734000,11.459
2026/04/29 15:44:03,735000,11.465
2026/04/29 15:44:03,736000,11.465
2026/04/29 15:44:03,737000,11.454
2026/04/29 15:44:03,738000,11.465
2026/04/29 15:44:03,739000,11.462
2026/04/29 15:44:03,740000,11.459
2026/04/29 15:44:03,741000,11.462
2026/04/29 15:44:03,742000,11.459
2026/04/29 15:44:03,743000,11.459
2026/04/29 15:44:03,744000,11.462
2026/04/29 15:44:03,745000,11.462
2026/04/29 15:44:03,746000,11.459
2026/04/29 15:44:03,747000,11.459
2026/04/29 15:44:03,748000,11.465
2026/04/29 15:44:03,749000,11.471
2026/04/29 15:44:03,750000,11.459
2026/04/29 15:44:03,751000,11.459
2026/04/29 15:44:03,752000,11.465
2026/04/29 15:44:03,753000,11.462
2026/04/29 15:44:03,754000,11.465
2026/04/29 15:44:03,755000,11.462
2026/04/29 15:44:03,756000,11.462
2026/04/29 15:44:03,757000,11.459
2026/04/29 15:44:03,758000,11.462
2026/04/29 15:44:03,759000,11.457
2026/04/29 15:44:03,760000,11.459
2026/04/29 15:44:03,761000,11.454
2026/04/29 15:44:03,762000,11.459
2026/04/29 15:44:03,763000,11.459
2026/04/29 15:44:03,764000,11.459
2026/04/29 15:44:03,765000,11.457
2026/04/29 15:44:03,766000,11.462
2026/04/29 15:44:03,767000,11.462
2026/04/29 15:44:03,768000,11.462
2026/04/29 15:44:03,769000,11.459
2026/04/29 15:44:03,770000,11.459
2026/04/29 15:44:03,771000,11.459
2026/04/29 15:44:03,772000,11.459
2026/04/29 15:44:03,773000,11.459
2026/04/29 15:44:03,774000,11.459
2026/04/29 15:44:03,775000,11.462
2026/04/29 15:44:03,776000,11.459
2026/04/29 15:44:03,777000,11.465
2026/04/29 15:44:03,778000,11.459
2026/04/29 15:44:03,779000,11.457
2026/04/29 15:44:03,780000,11.459
2026/04/29 15:44:03,781000,11.459
2026/04/29 15:44:03,782000,11.457
2026/04/29 15:44:03,783000,11.462
2026/04/29 15:44:03,784000,11.457
2026/04/29 15:44:03,785000,11.459
2026/04/29 15:44:03,786000,11.462
2026/04/29 15:44:03,787000,11.462
2026/04/29 15:44:03,788000,11.465
2026/04/29 15:44:03,789000,11.459
2026/04/29 15:44:03,790000,11.462
2026/04/29 15:44:03,791000,11.462
2026/04/29 15:44:03,792000,11.457
2026/04/29 15:44:03,793000,11.465
2026/04/29 15:44:03,794000,11.459
2026/04/29 15:44:03,795000,11.462
2026/04/29 15:44:03,796000,11.457
2026/04/29 15:44:03,797000,11.465
2026/04/29 15:44:03,798000,11.462
2026/04/29 15:44:03,799000,11.457
2026/04/29 15:44:03,800000,11.465
2026/04/29 15:44:03,801000,11.459
2026/04/29 15:44:03,802000,11.457
2026/04/29 15:44:03,803000,11.448
2026/04/29 15:44:03,804000,11.459
2026/04/29 15:44:03,805000,11.459
2026/04/29 15:44:03,806000,11.457
2026/04/29 15:44:03,807000,11.457
2026/04/29 15:44:03,808000,11.457
2026/04/29 15:44:03,809000,11.457
2026/04/29 15:44:03,810000,11.462
2026/04/29 15:44:03,811000,11.459
2026/04/29 15:44:03,812000,11.465
2026/04/29 15:44:03,813000,11.459
2026/04/29 15:44:03,814000,11.465
2026/04/29 15:44:03,815000,11.459
2026/04/29 15:44:03,816000,11.457
2026/04/29 15:44:03,817000,11.459
2026/04/29 15:44:03,818000,11.459
2026/04/29 15:44:03,819000,11.462
2026/04/29 15:44:03,820000,11.471
2026/04/29 15:44:03,821000,11.457
2026/04/29 15:44:03,822000,11.459
2026/04/29 15:44:03,823000,11.462
2026/04/29 15:44:03,824000,11.459
2026/04/29 15:44:03,825000,11.459
2026/04/29 15:44:03,826000,11.465
2026/04/29 15:44:03,827000,11.459
2026/04/29 15:44:03,828000,11.459
2026/04/29 15:44:03,829000,11.462
2026/04/29 15:44:03,830000,11.462
2026/04/29 15:44:03,831000,11.459
2026/04/29 15:44:03,832000,11.457
2026/04/29 15:44:03,833000,11.459
2026/04/29 15:44:03,834000,11.457
2026/04/29 15:44:03,835000,11.462
2026/04/29 15:44:03,836000,11.459
2026/04/29 15:44:03,837000,11.459
2026/04/29 15:44:03,838000,11.457
2026/04/29 15:44:03,839000,11.465
2026/04/29 15:44:03,840000,11.454
2026/04/29 15:44:03,841000,11.459
2026/04/29 15:44:03,842000,11.462
2026/04/29 15:44:03,843000,11.457
2026/04/29 15:44:03,844000,11.459
2026/04/29 15:44:03,845000,11.459
2026/04/29 15:44:03,846000,11.459
2026/04/29 15:44:03,847000,11.468
2026/04/29 15:44:03,848000,11.462
2026/04/29 15:44:03,849000,11.459
2026/04/29 15:44:03,850000,11.462
2026/04/29 15:44:03,851000,11.459
2026/04/29 15:44:03,852000,11.459
2026/04/29 15:44:03,853000,11.462
2026/04/29 15:44:03,854000,11.465
2026/04/29 15:44:03,855000,11.462
2026/04/29 15:44:03,856000,11.462
2026/04/29 15:44:03,857000,11.465
2026/04/29 15:44:03,858000,11.462
2026/04/29 15:44:03,859000,11.454
2026/04/29 15:44:03,860000,11.462
2026/04/29 15:44:03,861000,11.457
2026/04/29 15:44:03,862000,11.459
2026/04/29 15:44:03,863000,11.459
2026/04/29 15:44:03,864000,11.459
2026/04/29 15:44:03,865000,11.459
2026/04/29 15:44:03,866000,11.462
2026/04/29 15:44:03,867000,11.459
2026/04/29 15:44:03,868000,11.462
2026/04/29 15:44:03,869000,11.462
2026/04/29 15:44:03,870000,11.454
2026/04/29 15:44:03,871000,11.465
2026/04/29 15:44:03,872000,11.462
2026/04/29 15:44:03,873000,11.462
2026/04/29 15:44:03,874000,11.454
2026/04/29 15:44:03,875000,11.457
2026/04/29 15:44:03,876000,11.462
2026/04/29 15:44:03,877000,11.465
2026/04/29 15:44:03,878000,11.459
2026/04/29 15:44:03,879000,11.462
2026/04/29 15:44:03,880000,11.459
2026/04/29 15:44:03,881000,11.459
2026/04/29 15:44:03,882000,11.459
2026/04/29 15:44:03,883000,11.459
2026/04/29 15:44:03,884000,11.457
2026/04/29 15:44:03,885000,11.457
2026/04/29 15:44:03,886000,11.459
2026/04/29 15:44:03,887000,11.457
2026/04/29 15:44:03,888000,11.468
2026/04/29 15:44:03,889000,11.465
2026/04/29 15:44:03,890000,11.459
2026/04/29 15:44:03,891000,11.462
2026/04/29 15:44:03,892000,11.459
2026/04/29 15:44:03,893000,11.454
2026/04/29 15:44:03,894000,11.459
2026/04/29 15:44:03,895000,11.471
2026/04/29 15:44:03,896000,11.462
2026/04/29 15:44:03,897000,11.459
2026/04/29 15:44:03,898000,11.457
2026/04/29 15:44:03,899000,11.465
2026/04/29 15:44:03,900000,11.459
2026/04/29 15:44:03,901000,11.459
2026/04/29 15:44:03,902000,11.454
2026/04/29 15:44:03,903000,11.459
2026/04/29 15:44:03,904000,11.457
2026/04/29 15:44:03,905000,11.462
2026/04/29 15:44:03,906000,11.465
2026/04/29 15:44:03,907000,11.462
2026/04/29 15:44:03,908000,11.459
2026/04/29 15:44:03,909000,11.457
2026/04/29 15:44:03,910000,11.462
2026/04/29 15:44:03,911000,11.459
2026/04/29 15:44:03,912000,11.457
2026/04/29 15:44:03,913000,11.462
2026/04/29 15:44:03,914000,11.462
2026/04/29 15:44:03,915000,11.465
2026/04/29 15:44:03,916000,11.468
2026/04/29 15:44:03,917000,11.459
2026/04/29 15:44:03,918000,11.465
2026/04/29 15:44:03,919000,11.459
2026/04/29 15:44:03,920000,11.457
2026/04/29 15:44:03,921000,11.462
2026/04/29 15:44:03,922000,11.468
2026/04/29 15:44:03,923000,11.462
2026/04/29 15:44:03,924000,11.462
2026/04/29 15:44:03,925000,11.457
2026/04/29 15:44:03,926000,11.459
2026/04/29 15:44:03,927000,11.459
2026/04/29 15:44:03,928000,11.462
2026/04/29 15:44:03,929000,11.454
2026/04/29 15:44:03,930000,11.459
2026/04/29 15:44:03,931000,11.459
2026/04/29 15:44:03,932000,11.462
2026/04/29 15:44:03,933000,11.459
2026/04/29 15:44:03,934000,11.454
2026/04/29 15:44:03,935000,11.459
2026/04/29 15:44:03,936000,11.459
2026/04/29 15:44:03,937000,11.459
2026/04/29 15:44:03,938000,11.454
2026/04/29 15:44:03,939000,11.454
2026/04/29 15:44:03,940000,11.459
2026/04/29 15:44:03,941000,11.459
2026/04/29 15:44:03,942000,11.462
2026/04/29 15:44:03,943000,11.462
2026/04/29 15:44:03,944000,11.462
2026/04/29 15:44:03,945000,11.459
2026/04/29 15:44:03,946000,11.462
2026/04/29 15:44:03,947000,11.457
2026/04/29 15:44:03,948000,11.459
2026/04/29 15:44:03,949000,11.462
2026/04/29 15:44:03,950000,11.465
2026/04/29 15:44:03,951000,11.459
2026/04/29 15:44:03,952000,11.454
2026/04/29 15:44:03,953000,11.457
2026/04/29 15:44:03,954000,11.459
2026/04/29 15:44:03,955000,11.465
2026/04/29 15:44:03,956000,11.459
2026/04/29 15:44:03,957000,11.459
2026/04/29 15:44:03,958000,11.465
2026/04/29 15:44:03,959000,11.445
2026/04/29 15:44:03,960000,11.462
2026/04/29 15:44:03,961000,11.459
2026/04/29 15:44:03,962000,11.459
2026/04/29 15:44:03,963000,11.462
2026/04/29 15:44:03,964000,11.459
2026/04/29 15:44:03,965000,11.459
2026/04/29 15:44:03,966000,11.462
2026/04/29 15:44:03,967000,11.459
2026/04/29 15:44:03,968000,11.459
2026/04/29 15:44:03,969000,11.457
2026/04/29 15:44:03,970000,11.459
2026/04/29 15:44:03,971000,11.459
2026/04/29 15:44:03,972000,11.462
2026/04/29 15:44:03,973000,11.462
2026/04/29 15:44:03,974000,11.459
2026/04/29 15:44:03,975000,11.459
2026/04/29 15:44:03,976000,11.457
2026/04/29 15:44:03,977000,11.459
2026/04/29 15:44:03,978000,11.459
2026/04/29 15:44:03,979000,11.454
2026/04/29 15:44:03,980000,11.462
2026/04/29 15:44:03,981000,11.459
2026/04/29 15:44:03,982000,11.465
2026/04/29 15:44:03,983000,11.459
2026/04/29 15:44:03,984000,11.459
2026/04/29 15:44:03,985000,11.457
2026/04/29 15:44:03,986000,11.471
2026/04/29 15:44:03,987000,11.457
2026/04/29 15:44:03,988000,11.465
2026/04/29 15:44:03,989000,11.457
2026/04/29 15:44:03,990000,11.459
2026/04/29 15:44:03,991000,11.462
2026/04/29 15:44:03,992000,11.465
2026/04/29 15:44:03,993000,11.465
2026/04/29 15:44:03,994000,11.457
2026/04/29 15:44:03,995000,11.459
2026/04/29 15:44:03,996000,11.468
2026/04/29 15:44:03,997000,11.457
2026/04/29 15:44:03,998000,11.459
2026/04/29 15:44:03,999000,11.459
2026/04/29 15:44:04,000000,11.459
2026/04/29 15:44:04,001000,11.459
2026/04/29 15:44:04,002000,11.459
2026/04/29 15:44:04,003000,11.465
2026/04/29 15:44:04,004000,11.462
2026/04/29 15:44:04,005000,11.462
2026/04/29 15:44:04,006000,11.459
2026/04/29 15:44:04,007000,11.457
2026/04/29 15:44:04,008000,11.454
2026/04/29 15:44:04,009000,11.457
2026/04/29 15:44:04,010000,11.459
2026/04/29 15:44:04,011000,11.465
2026/04/29 15:44:04,012000,11.459
2026/04/29 15:44:04,013000,11.465
2026/04/29 15:44:04,014000,11.462
2026/04/29 15:44:04,015000,11.459
2026/04/29 15:44:04,016000,11.462
2026/04/29 15:44:04,017000,11.459
2026/04/29 15:44:04,018000,11.465
2026/04/29 15:44:04,019000,11.457
2026/04/29 15:44:04,020000,11.459
2026/04/29 15:44:04,021000,11.459
2026/04/29 15:44:04,022000,11.459
2026/04/29 15:44:04,023000,11.457
2026/04/29 15:44:04,024000,11.454
2026/04/29 15:44:04,025000,11.457
2026/04/29 15:44:04,026000,11.462
2026/04/29 15:44:04,027000,11.465
2026/04/29 15:44:04,028000,11.468
2026/04/29 15:44:04,029000,11.465
2026/04/29 15:44:04,030000,11.459
2026/04/29 15:44:04,031000,11.465
2026/04/29 15:44:04,032000,11.465
2026/04/29 15:44:04,033000,11.459
2026/04/29 15:44:04,034000,11.465
2026/04/29 15:44:04,035000,11.454
2026/04/29 15:44:04,036000,11.462
2026/04/29 15:44:04,037000,11.459
2026/04/29 15:44:04,038000,11.459
2026/04/29 15:44:04,039000,11.462
2026/04/29 15:44:04,040000,11.454
2026/04/29 15:44:04,041000,11.465
2026/04/29 15:44:04,042000,11.459
2026/04/29 15:44:04,043000,11.462
2026/04/29 15:44:04,044000,11.465
2026/04/29 15:44:04,045000,11.465
2026/04/29 15:44:04,046000,11.468
2026/04/29 15:44:04,047000,11.462
2026/04/29 15:44:04,048000,11.465
2026/04/29 15:44:04,049000,11.462
2026/04/29 15:44:04,050000,11.462
2026/04/29 15:44:04,051000,11.468
2026/04/29 15:44:04,052000,11.459
2026/04/29 15:44:04,053000,11.459
2026/04/29 15:44:04,054000,11.459
2026/04/29 15:44:04,055000,11.457
2026/04/29 15:44:04,056000,11.459
2026/04/29 15:44:04,057000,11.465
2026/04/29 15:44:04,058000,11.462
2026/04/29 15:44:04,059000,11.462
2026/04/29 15:44:04,060000,11.462
2026/04/29 15:44:04,061000,11.462
2026/04/29 15:44:04,062000,11.465
2026/04/29 15:44:04,063000,11.459
2026/04/29 15:44:04,064000,11.462
2026/04/29 15:44:04,065000,11.459
2026/04/29 15:44:04,066000,11.465
2026/04/29 15:44:04,067000,11.462
2026/04/29 15:44:04,068000,11.459
2026/04/29 15:44:04,069000,11.457
2026/04/29 15:44:04,070000,11.459
2026/04/29 15:44:04,071000,11.468
2026/04/29 15:44:04,072000,11.459
2026/04/29 15:44:04,073000,11.462
2026/04/29 15:44:04,074000,11.457
2026/04/29 15:44:04,075000,11.459
2026/04/29 15:44:04,076000,11.465
2026/04/29 15:44:04,077000,11.465
2026/04/29 15:44:04,078000,11.462
2026/04/29 15:44:04,079000,11.462
2026/04/29 15:44:04,080000,11.457
2026/04/29 15:44:04,081000,11.457
2026/04/29 15:44:04,082000,11.462
2026/04/29 15:44:04,083000,11.468
2026/04/29 15:44:04,084000,11.471
2026/04/29 15:44:04,085000,11.468
2026/04/29 15:44:04,086000,11.459
2026/04/29 15:44:04,087000,11.462
2026/04/29 15:44:04,088000,11.465
2026/04/29 15:44:04,089000,11.459
2026/04/29 15:44:04,090000,11.459
2026/04/29 15:44:04,091000,11.454
2026/04/29 15:44:04,092000,11.462
2026/04/29 15:44:04,093000,11.459
2026/04/29 15:44:04,094000,11.459
2026/04/29 15:44:04,095000,11.462
2026/04/29 15:44:04,096000,11.462
2026/04/29 15:44:04,097000,11.459
2026/04/29 15:44:04,098000,11.459
2026/04/29 15:44:04,099000,11.465
2026/04/29 15:44:04,100000,11.459
2026/04/29 15:44:04,101000,11.465
2026/04/29 15:44:04,102000,11.462
2026/04/29 15:44:04,103000,11.462
2026/04/29 15:44:04,104000,11.465
2026/04/29 15:44:04,105000,11.459
2026/04/29 15:44:04,106000,11.465
2026/04/29 15:44:04,107000,11.462
2026/04/29 15:44:04,108000,11.459
2026/04/29 15:44:04,109000,11.462
2026/04/29 15:44:04,110000,11.457
2026/04/29 15:44:04,111000,11.457
2026/04/29 15:44:04,112000,11.457
2026/04/29 15:44:04,113000,11.462
2026/04/29 15:44:04,114000,11.462
2026/04/29 15:44:04,115000,11.462
2026/04/29 15:44:04,116000,11.465
2026/04/29 15:44:04,117000,11.459
2026/04/29 15:44:04,118000,11.459
2026/04/29 15:44:04,119000,11.459
2026/04/29 15:44:04,120000,11.459
2026/04/29 15:44:04,121000,11.465
2026/04/29 15:44:04,122000,11.465
2026/04/29 15:44:04,123000,11.465
2026/04/29 15:44:04,124000,11.459
2026/04/29 15:44:04,125000,11.471
2026/04/29 15:44:04,126000,11.459
2026/04/29 15:44:04,127000,11.462
2026/04/29 15:44:04,128000,11.462
2026/04/29 15:44:04,129000,11.465
2026/04/29 15:44:04,130000,11.459
2026/04/29 15:44:04,131000,11.465
2026/04/29 15:44:04,132000,11.465
2026/04/29 15:44:04,133000,11.465
2026/04/29 15:44:04,134000,11.462
2026/04/29 15:44:04,135000,11.459
2026/04/29 15:44:04,136000,11.457
2026/04/29 15:44:04,137000,11.454
2026/04/29 15:44:04,138000,11.459
2026/04/29 15:44:04,139000,11.465
2026/04/29 15:44:04,140000,11.465
2026/04/29 15:44:04,141000,11.462
2026/04/29 15:44:04,142000,11.462
2026/04/29 15:44:04,143000,11.462
2026/04/29 15:44:04,144000,11.459
2026/04/29 15:44:04,145000,11.465
2026/04/29 15:44:04,146000,11.468
2026/04/29 15:44:04,147000,11.465
2026/04/29 15:44:04,148000,11.459
2026/04/29 15:44:04,149000,11.462
2026/04/29 15:44:04,150000,11.462
2026/04/29 15:44:04,151000,11.462
2026/04/29 15:44:04,152000,11.454
2026/04/29 15:44:04,153000,11.459
2026/04/29 15:44:04,154000,11.457
2026/04/29 15:44:04,155000,11.468
2026/04/29 15:44:04,156000,11.465
2026/04/29 15:44:04,157000,11.471
2026/04/29 15:44:04,158000,11.465
2026/04/29 15:44:04,159000,11.459
2026/04/29 15:44:04,160000,11.462
2026/04/29 15:44:04,161000,11.462
2026/04/29 15:44:04,162000,11.462
2026/04/29 15:44:04,163000,11.462
2026/04/29 15:44:04,164000,11.465
2026/04/29 15:44:04,165000,11.462
2026/04/29 15:44:04,166000,11.457
2026/04/29 15:44:04,167000,11.465
2026/04/29 15:44:04,168000,11.457
2026/04/29 15:44:04,169000,11.465
2026/04/29 15:44:04,170000,11.465
2026/04/29 15:44:04,171000,11.459
2026/04/29 15:44:04,172000,11.468
2026/04/29 15:44:04,173000,11.459
2026/04/29 15:44:04,174000,11.465
2026/04/29 15:44:04,175000,11.465
2026/04/29 15:44:04,176000,11.462
2026/04/29 15:44:04,177000,11.462
2026/04/29 15:44:04,178000,11.459
2026/04/29 15:44:04,179000,11.465
2026/04/29 15:44:04,180000,11.459
2026/04/29 15:44:04,181000,11.462
2026/04/29 15:44:04,182000,11.465
2026/04/29 15:44:04,183000,11.465
2026/04/29 15:44:04,184000,11.465
2026/04/29 15:44:04,185000,11.462
2026/04/29 15:44:04,186000,11.465
2026/04/29 15:44:04,187000,11.468
2026/04/29 15:44:04,188000,11.459
2026/04/29 15:44:04,189000,11.457
2026/04/29 15:44:04,190000,11.465
2026/04/29 15:44:04,191000,11.465
2026/04/29 15:44:04,192000,11.459
2026/04/29 15:44:04,193000,11.459
2026/04/29 15:44:04,194000,11.462
2026/04/29 15:44:04,195000,11.459
2026/04/29 15:44:04,196000,11.462
2026/04/29 15:44:04,197000,11.465
2026/04/29 15:44:04,198000,11.459
2026/04/29 15:44:04,199000,11.462
2026/04/29 15:44:04,200000,11.462
2026/04/29 15:44:04,201000,11.465
2026/04/29 15:44:04,202000,11.462
2026/04/29 15:44:04,203000,11.465
2026/04/29 15:44:04,204000,11.459
2026/04/29 15:44:04,205000,11.459
2026/04/29 15:44:04,206000,11.465
2026/04/29 15:44:04,207000,11.462
2026/04/29 15:44:04,208000,11.465
2026/04/29 15:44:04,209000,11.462
2026/04/29 15:44:04,210000,11.462
2026/04/29 15:44:04,211000,11.462
2026/04/29 15:44:04,212000,11.465
2026/04/29 15:44:04,213000,11.465
2026/04/29 15:44:04,214000,11.459
2026/04/29 15:44:04,215000,11.462
2026/04/29 15:44:04,216000,11.459
2026/04/29 15:44:04,217000,11.465
2026/04/29 15:44:04,218000,11.457
2026/04/29 15:44:04,219000,11.462
2026/04/29 15:44:04,220000,11.465
2026/04/29 15:44:04,221000,11.459
2026/04/29 15:44:04,222000,11.457
2026/04/29 15:44:04,223000,11.459
2026/04/29 15:44:04,224000,11.459
2026/04/29 15:44:04,225000,11.457
2026/04/29 15:44:04,226000,11.465
2026/04/29 15:44:04,227000,11.459
2026/04/29 15:44:04,228000,11.462
2026/04/29 15:44:04,229000,11.462
2026/04/29 15:44:04,230000,11.459
2026/04/29 15:44:04,231000,11.465
2026/04/29 15:44:04,232000,11.459
2026/04/29 15:44:04,233000,11.462
2026/04/29 15:44:04,234000,11.465
2026/04/29 15:44:04,235000,11.468
2026/04/29 15:44:04,236000,11.462
2026/04/29 15:44:04,237000,11.459
2026/04/29 15:44:04,238000,11.462
2026/04/29 15:44:04,239000,11.465
2026/04/29 15:44:04,240000,11.465
2026/04/29 15:44:04,241000,11.465
2026/04/29 15:44:04,242000,11.459
2026/04/29 15:44:04,243000,11.457
2026/04/29 15:44:04,244000,11.468
2026/04/29 15:44:04,245000,11.462
2026/04/29 15:44:04,246000,11.465
2026/04/29 15:44:04,247000,11.465
2026/04/29 15:44:04,248000,11.465
2026/04/29 15:44:04,249000,11.459
2026/04/29 15:44:04,250000,11.465
2026/04/29 15:44:04,251000,11.468
2026/04/29 15:44:04,252000,11.468
2026/04/29 15:44:04,253000,11.459
2026/04/29 15:44:04,254000,11.462
2026/04/29 15:44:04,255000,11.459
2026/04/29 15:44:04,256000,11.468
2026/04/29 15:44:04,257000,11.459
2026/04/29 15:44:04,258000,11.454
2026/04/29 15:44:04,259000,11.465
2026/04/29 15:44:04,260000,11.471
2026/04/29 15:44:04,261000,11.462
2026/04/29 15:44:04,262000,11.459
2026/04/29 15:44:04,263000,11.465
2026/04/29 15:44:04,264000,11.459
2026/04/29 15:44:04,265000,11.459
2026/04/29 15:44:04,266000,11.462
2026/04/29 15:44:04,267000,11.462
2026/04/29 15:44:04,268000,11.457
2026/04/29 15:44:04,269000,11.459
2026/04/29 15:44:04,270000,11.459
2026/04/29 15:44:04,271000,11.465
2026/04/29 15:44:04,272000,11.459
2026/04/29 15:44:04,273000,11.465
2026/04/29 15:44:04,274000,11.457
2026/04/29 15:44:04,275000,11.459
2026/04/29 15:44:04,276000,11.468
2026/04/29 15:44:04,277000,11.462
2026/04/29 15:44:04,278000,11.465
2026/04/29 15:44:04,279000,11.468
2026/04/29 15:44:04,280000,11.451
2026/04/29 15:44:04,281000,11.459
2026/04/29 15:44:04,282000,11.465
2026/04/29 15:44:04,283000,11.462
2026/04/29 15:44:04,284000,11.465
2026/04/29 15:44:04,285000,11.457
2026/04/29 15:44:04,286000,11.465
2026/04/29 15:44:04,287000,11.459
2026/04/29 15:44:04,288000,11.457
2026/04/29 15:44:04,289000,11.459
2026/04/29 15:44:04,290000,11.459
2026/04/29 15:44:04,291000,11.459
2026/04/29 15:44:04,292000,11.457
2026/04/29 15:44:04,293000,11.465
2026/04/29 15:44:04,294000,11.457
2026/04/29 15:44:04,295000,11.459
2026/04/29 15:44:04,296000,11.457
2026/04/29 15:44:04,297000,11.462
2026/04/29 15:44:04,298000,11.459
2026/04/29 15:44:04,299000,11.459
2026/04/29 15:44:04,300000,11.462
2026/04/29 15:44:04,301000,11.457
2026/04/29 15:44:04,302000,11.462
2026/04/29 15:44:04,303000,11.457
2026/04/29 15:44:04,304000,11.465
2026/04/29 15:44:04,305000,11.465
2026/04/29 15:44:04,306000,11.462
2026/04/29 15:44:04,307000,11.459
2026/04/29 15:44:04,308000,11.459
2026/04/29 15:44:04,309000,11.462
2026/04/29 15:44:04,310000,11.462
2026/04/29 15:44:04,311000,11.462
2026/04/29 15:44:04,312000,11.462
2026/04/29 15:44:04,313000,11.459
2026/04/29 15:44:04,314000,11.457
2026/04/29 15:44:04,315000,11.459
2026/04/29 15:44:04,316000,11.459
2026/04/29 15:44:04,317000,11.457
2026/04/29 15:44:04,318000,11.465
2026/04/29 15:44:04,319000,11.459
2026/04/29 15:44:04,320000,11.459
2026/04/29 15:44:04,321000,11.465
2026/04/29 15:44:04,322000,11.462
2026/04/29 15:44:04,323000,11.457
2026/04/29 15:44:04,324000,11.468
2026/04/29 15:44:04,325000,11.457
2026/04/29 15:44:04,326000,11.459
2026/04/29 15:44:04,327000,11.459
2026/04/29 15:44:04,328000,11.451
2026/04/29 15:44:04,329000,11.457
2026/04/29 15:44:04,330000,11.459
2026/04/29 15:44:04,331000,11.457
2026/04/29 15:44:04,332000,11.459
2026/04/29 15:44:04,333000,11.454
2026/04/29 15:44:04,334000,11.462
2026/04/29 15:44:04,335000,11.457
2026/04/29 15:44:04,336000,11.459
2026/04/29 15:44:04,337000,11.459
2026/04/29 15:44:04,338000,11.457
2026/04/29 15:44:04,339000,11.457
2026/04/29 15:44:04,340000,11.459
2026/04/29 15:44:04,341000,11.465
2026/04/29 15:44:04,342000,11.459
2026/04/29 15:44:04,343000,11.459
2026/04/29 15:44:04,344000,11.465
2026/04/29 15:44:04,345000,11.459
2026/04/29 15:44:04,346000,11.459
2026/04/29 15:44:04,347000,11.459
2026/04/29 15:44:04,348000,11.457
2026/04/29 15:44:04,349000,11.465
2026/04/29 15:44:04,350000,11.459
2026/04/29 15:44:04,351000,11.459
2026/04/29 15:44:04,352000,11.457
2026/04/29 15:44:04,353000,11.459
2026/04/29 15:44:04,354000,11.465
2026/04/29 15:44:04,355000,11.465
2026/04/29 15:44:04,356000,11.459
2026/04/29 15:44:04,357000,11.454
2026/04/29 15:44:04,358000,11.459
2026/04/29 15:44:04,359000,11.462
2026/04/29 15:44:04,360000,11.459
2026/04/29 15:44:04,361000,11.465
2026/04/29 15:44:04,362000,11.459
2026/04/29 15:44:04,363000,11.462
2026/04/29 15:44:04,364000,11.454
2026/04/29 15:44:04,365000,11.465
2026/04/29 15:44:04,366000,11.457
2026/04/29 15:44:04,367000,11.459
2026/04/29 15:44:04,368000,11.459
2026/04/29 15:44:04,369000,11.462
2026/04/29 15:44:04,370000,11.459
2026/04/29 15:44:04,371000,11.459
2026/04/29 15:44:04,372000,11.462
2026/04/29 15:44:04,373000,11.462
2026/04/29 15:44:04,374000,11.471
2026/04/29 15:44:04,375000,11.454
2026/04/29 15:44:04,376000,11.459
2026/04/29 15:44:04,377000,11.459
2026/04/29 15:44:04,378000,11.465
2026/04/29 15:44:04,379000,11.454
2026/04/29 15:44:04,380000,11.459
2026/04/29 15:44:04,381000,11.465
2026/04/29 15:44:04,382000,11.462
2026/04/29 15:44:04,383000,11.465
2026/04/29 15:44:04,384000,11.457
2026/04/29 15:44:04,385000,11.457
2026/04/29 15:44:04,386000,11.462
2026/04/29 15:44:04,387000,11.462
2026/04/29 15:44:04,388000,11.465
2026/04/29 15:44:04,389000,11.459
2026/04/29 15:44:04,390000,11.459
2026/04/29 15:44:04,391000,11.462
2026/04/29 15:44:04,392000,11.462
2026/04/29 15:44:04,393000,11.457
2026/04/29 15:44:04,394000,11.457
2026/04/29 15:44:04,395000,11.465
2026/04/29 15:44:04,396000,11.462
2026/04/29 15:44:04,397000,11.465
2026/04/29 15:44:04,398000,11.465
2026/04/29 15:44:04,399000,11.459
2026/04/29 15:44:04,400000,11.459
2026/04/29 15:44:04,401000,11.459
2026/04/29 15:44:04,402000,11.462
2026/04/29 15:44:04,403000,11.459
2026/04/29 15:44:04,404000,11.459
2026/04/29 15:44:04,405000,11.459
2026/04/29 15:44:04,406000,11.471
2026/04/29 15:44:04,407000,11.459
2026/04/29 15:44:04,408000,11.454
2026/04/29 15:44:04,409000,11.462
2026/04/29 15:44:04,410000,11.459
2026/04/29 15:44:04,411000,11.462
2026/04/29 15:44:04,412000,11.457
2026/04/29 15:44:04,413000,11.451
2026/04/29 15:44:04,414000,11.459
2026/04/29 15:44:04,415000,11.465
2026/04/29 15:44:04,416000,11.462
2026/04/29 15:44:04,417000,11.457
2026/04/29 15:44:04,418000,11.459
2026/04/29 15:44:04,419000,11.454
2026/04/29 15:44:04,420000,11.462
2026/04/29 15:44:04,421000,11.465
2026/04/29 15:44:04,422000,11.465
2026/04/29 15:44:04,423000,11.457
2026/04/29 15:44:04,424000,11.462
2026/04/29 15:44:04,425000,11.459
2026/04/29 15:44:04,426000,11.465
2026/04/29 15:44:04,427000,11.462
2026/04/29 15:44:04,428000,11.462
2026/04/29 15:44:04,429000,11.459
2026/04/29 15:44:04,430000,11.462
2026/04/29 15:44:04,431000,11.459
2026/04/29 15:44:04,432000,11.462
2026/04/29 15:44:04,433000,11.459
2026/04/29 15:44:04,434000,11.462
2026/04/29 15:44:04,435000,11.459
2026/04/29 15:44:04,436000,11.454
2026/04/29 15:44:04,437000,11.462
2026/04/29 15:44:04,438000,11.468
2026/04/29 15:44:04,439000,11.459
2026/04/29 15:44:04,440000,11.468
2026/04/29 15:44:04,441000,11.462
2026/04/29 15:44:04,442000,11.459
2026/04/29 15:44:04,443000,11.459
2026/04/29 15:44:04,444000,11.462
2026/04/29 15:44:04,445000,11.465
2026/04/29 15:44:04,446000,11.462
2026/04/29 15:44:04,447000,11.465
2026/04/29 15:44:04,448000,11.459
2026/04/29 15:44:04,449000,11.459
2026/04/29 15:44:04,450000,11.462
2026/04/29 15:44:04,451000,11.459
2026/04/29 15:44:04,452000,11.457
2026/04/29 15:44:04,453000,11.459
2026/04/29 15:44:04,454000,11.459
2026/04/29 15:44:04,455000,11.457
2026/04/29 15:44:04,456000,11.468
2026/04/29 15:44:04,457000,11.459
2026/04/29 15:44:04,458000,11.465
2026/04/29 15:44:04,459000,11.459
2026/04/29 15:44:04,460000,11.462
2026/04/29 15:44:04,461000,11.468
2026/04/29 15:44:04,462000,11.465
2026/04/29 15:44:04,463000,11.459
2026/04/29 15:44:04,464000,11.459
2026/04/29 15:44:04,465000,11.462
2026/04/29 15:44:04,466000,11.462
2026/04/29 15:44:04,467000,11.459
2026/04/29 15:44:04,468000,11.459
2026/04/29 15:44:04,469000,11.462
2026/04/29 15:44:04,470000,11.457
2026/04/29 15:44:04,471000,11.459
2026/04/29 15:44:04,472000,11.462
2026/04/29 15:44:04,473000,11.465
2026/04/29 15:44:04,474000,11.465
2026/04/29 15:44:04,475000,11.462
2026/04/29 15:44:04,476000,11.459
2026/04/29 15:44:04,477000,11.459
2026/04/29 15:44:04,478000,11.459
2026/04/29 15:44:04,479000,11.457
2026/04/29 15:44:04,480000,11.459
2026/04/29 15:44:04,481000,11.459
2026/04/29 15:44:04,482000,11.459
2026/04/29 15:44:04,483000,11.468
2026/04/29 15:44:04,484000,11.457
2026/04/29 15:44:04,485000,11.459
2026/04/29 15:44:04,486000,11.465
2026/04/29 15:44:04,487000,11.457
2026/04/29 15:44:04,488000,11.459
2026/04/29 15:44:04,489000,11.457
2026/04/29 15:44:04,490000,11.457
2026/04/29 15:44:04,491000,11.457
2026/04/29 15:44:04,492000,11.459
2026/04/29 15:44:04,493000,11.462
2026/04/29 15:44:04,494000,11.459
2026/04/29 15:44:04,495000,11.462
2026/04/29 15:44:04,496000,11.462
2026/04/29 15:44:04,497000,11.459
2026/04/29 15:44:04,498000,11.465
2026/04/29 15:44:04,499000,11.459
2026/04/29 15:44:04,500000,11.459
2026/04/29 15:44:04,501000,11.462
2026/04/29 15:44:04,502000,11.459
2026/04/29 15:44:04,503000,11.459
2026/04/29 15:44:04,504000,11.459
2026/04/29 15:44:04,505000,11.457
2026/04/29 15:44:04,506000,11.459
2026/04/29 15:44:04,507000,11.471
2026/04/29 15:44:04,508000,11.459
2026/04/29 15:44:04,509000,11.465
2026/04/29 15:44:04,510000,11.462
2026/04/29 15:44:04,511000,11.459
2026/04/29 15:44:04,512000,11.454
2026/04/29 15:44:04,513000,11.468
2026/04/29 15:44:04,514000,11.459
2026/04/29 15:44:04,515000,11.459
2026/04/29 15:44:04,516000,11.462
2026/04/29 15:44:04,517000,11.459
2026/04/29 15:44:04,518000,11.454
2026/04/29 15:44:04,519000,11.457
2026/04/29 15:44:04,520000,11.462
2026/04/29 15:44:04,521000,11.457
2026/04/29 15:44:04,522000,11.462
2026/04/29 15:44:04,523000,11.454
2026/04/29 15:44:04,524000,11.462
2026/04/29 15:44:04,525000,11.457
2026/04/29 15:44:04,526000,11.462
2026/04/29 15:44:04,527000,11.462
2026/04/29 15:44:04,528000,11.462
2026/04/29 15:44:04,529000,11.459
2026/04/29 15:44:04,530000,11.468
2026/04/29 15:44:04,531000,11.459
2026/04/29 15:44:04,532000,11.457
2026/04/29 15:44:04,533000,11.462
2026/04/29 15:44:04,534000,11.462
2026/04/29 15:44:04,535000,11.459
2026/04/29 15:44:04,536000,11.459
2026/04/29 15:44:04,537000,11.459
2026/04/29 15:44:04,538000,11.459
2026/04/29 15:44:04,539000,11.462
2026/04/29 15:44:04,540000,11.462
2026/04/29 15:44:04,541000,11.457
2026/04/29 15:44:04,542000,11.457
2026/04/29 15:44:04,543000,11.459
2026/04/29 15:44:04,544000,11.459
2026/04/29 15:44:04,545000,11.459
2026/04/29 15:44:04,546000,11.462
2026/04/29 15:44:04,547000,11.459
2026/04/29 15:44:04,548000,11.462
2026/04/29 15:44:04,549000,11.459
2026/04/29 15:44:04,550000,11.462
2026/04/29 15:44:04,551000,11.454
2026/04/29 15:44:04,552000,11.462
2026/04/29 15:44:04,553000,11.462
2026/04/29 15:44:04,554000,11.462
2026/04/29 15:44:04,555000,11.468
2026/04/29 15:44:04,556000,11.462
2026/04/29 15:44:04,557000,11.462
2026/04/29 15:44:04,558000,11.457
2026/04/29 15:44:04,559000,11.465
2026/04/29 15:44:04,560000,11.462
2026/04/29 15:44:04,561000,11.459
2026/04/29 15:44:04,562000,11.459
2026/04/29 15:44:04,563000,11.465
2026/04/29 15:44:04,564000,11.462
2026/04/29 15:44:04,565000,11.462
2026/04/29 15:44:04,566000,11.465
2026/04/29 15:44:04,567000,11.462
2026/04/29 15:44:04,568000,11.462
2026/04/29 15:44:04,569000,11.459
2026/04/29 15:44:04,570000,11.457
2026/04/29 15:44:04,571000,11.459
2026/04/29 15:44:04,572000,11.462
2026/04/29 15:44:04,573000,11.462
2026/04/29 15:44:04,574000,11.459
2026/04/29 15:44:04,575000,11.462
2026/04/29 15:44:04,576000,11.459
2026/04/29 15:44:04,577000,11.459
2026/04/29 15:44:04,578000,11.459
2026/04/29 15:44:04,579000,11.462
2026/04/29 15:44:04,580000,11.462
2026/04/29 15:44:04,581000,11.465
2026/04/29 15:44:04,582000,11.454
2026/04/29 15:44:04,583000,11.459
2026/04/29 15:44:04,584000,11.459
2026/04/29 15:44:04,585000,11.457
2026/04/29 15:44:04,586000,11.462
2026/04/29 15:44:04,587000,11.459
2026/04/29 15:44:04,588000,11.462
2026/04/29 15:44:04,589000,11.462
2026/04/29 15:44:04,590000,11.459
2026/04/29 15:44:04,591000,11.468
2026/04/29 15:44:04,592000,11.459
2026/04/29 15:44:04,593000,11.462
2026/04/29 15:44:04,594000,11.468
2026/04/29 15:44:04,595000,11.462
2026/04/29 15:44:04,596000,11.459
2026/04/29 15:44:04,597000,11.459
2026/04/29 15:44:04,598000,11.462
2026/04/29 15:44:04,599000,11.459
2026/04/29 15:44:04,600000,11.465
2026/04/29 15:44:04,601000,11.462
2026/04/29 15:44:04,602000,11.465
2026/04/29 15:44:04,603000,11.457
2026/04/29 15:44:04,604000,11.459
2026/04/29 15:44:04,605000,11.468
2026/04/29 15:44:04,606000,11.459
2026/04/29 15:44:04,607000,11.471
2026/04/29 15:44:04,608000,11.465
2026/04/29 15:44:04,609000,11.459
2026/04/29 15:44:04,610000,11.462
2026/04/29 15:44:04,611000,11.462
2026/04/29 15:44:04,612000,11.462
2026/04/29 15:44:04,613000,11.457
2026/04/29 15:44:04,614000,11.462
2026/04/29 15:44:04,615000,11.468
2026/04/29 15:44:04,616000,11.462
2026/04/29 15:44:04,617000,11.459
2026/04/29 15:44:04,618000,11.462
2026/04/29 15:44:04,619000,11.465
2026/04/29 15:44:04,620000,11.465
2026/04/29 15:44:04,621000,11.457
2026/04/29 15:44:04,622000,11.465
2026/04/29 15:44:04,623000,11.459
2026/04/29 15:44:04,624000,11.459
2026/04/29 15:44:04,625000,11.465
2026/04/29 15:44:04,626000,11.462
2026/04/29 15:44:04,627000,11.465
2026/04/29 15:44:04,628000,11.465
2026/04/29 15:44:04,629000,11.451
2026/04/29 15:44:04,630000,11.462
2026/04/29 15:44:04,631000,11.462
2026/04/29 15:44:04,632000,11.454
2026/04/29 15:44:04,633000,11.468
2026/04/29 15:44:04,634000,11.462
2026/04/29 15:44:04,635000,11.457
2026/04/29 15:44:04,636000,11.465
2026/04/29 15:44:04,637000,11.462
2026/04/29 15:44:04,638000,11.462
2026/04/29 15:44:04,639000,11.459
2026/04/29 15:44:04,640000,11.459
2026/04/29 15:44:04,641000,11.454
2026/04/29 15:44:04,642000,11.465
2026/04/29 15:44:04,643000,11.471
2026/04/29 15:44:04,644000,11.465
2026/04/29 15:44:04,645000,11.468
2026/04/29 15:44:04,646000,11.462
2026/04/29 15:44:04,647000,11.468
2026/04/29 15:44:04,648000,11.459
2026/04/29 15:44:04,649000,11.459
2026/04/29 15:44:04,650000,11.465
2026/04/29 15:44:04,651000,11.462
2026/04/29 15:44:04,652000,11.459
2026/04/29 15:44:04,653000,11.459
2026/04/29 15:44:04,654000,11.462
2026/04/29 15:44:04,655000,11.465
2026/04/29 15:44:04,656000,11.468
2026/04/29 15:44:04,657000,11.459
2026/04/29 15:44:04,658000,11.462
2026/04/29 15:44:04,659000,11.459
2026/04/29 15:44:04,660000,11.462
2026/04/29 15:44:04,661000,11.465
2026/04/29 15:44:04,662000,11.465
2026/04/29 15:44:04,663000,11.459
2026/04/29 15:44:04,664000,11.468
2026/04/29 15:44:04,665000,11.465
2026/04/29 15:44:04,666000,11.459
2026/04/29 15:44:04,667000,11.462
2026/04/29 15:44:04,668000,11.462
2026/04/29 15:44:04,669000,11.459
2026/04/29 15:44:04,670000,11.468
2026/04/29 15:44:04,671000,11.462
2026/04/29 15:44:04,672000,11.462
2026/04/29 15:44:04,673000,11.459
2026/04/29 15:44:04,674000,11.462
2026/04/29 15:44:04,675000,11.462
2026/04/29 15:44:04,676000,11.457
2026/04/29 15:44:04,677000,11.465
2026/04/29 15:44:04,678000,11.459
2026/04/29 15:44:04,679000,11.468
2026/04/29 15:44:04,680000,11.465
2026/04/29 15:44:04,681000,11.462
2026/04/29 15:44:04,682000,11.462
2026/04/29 15:44:04,683000,11.462
2026/04/29 15:44:04,684000,11.459
2026/04/29 15:44:04,685000,11.465
2026/04/29 15:44:04,686000,11.465
2026/04/29 15:44:04,687000,11.462
2026/04/29 15:44:04,688000,11.465
2026/04/29 15:44:04,689000,11.465
2026/04/29 15:44:04,690000,11.465
2026/04/29 15:44:04,691000,11.465
2026/04/29 15:44:04,692000,11.454
2026/04/29 15:44:04,693000,11.459
2026/04/29 15:44:04,694000,11.462
2026/04/29 15:44:04,695000,11.468
2026/04/29 15:44:04,696000,11.462
2026/04/29 15:44:04,697000,11.462
2026/04/29 15:44:04,698000,11.462
2026/04/29 15:44:04,699000,11.465
2026/04/29 15:44:04,700000,11.459
2026/04/29 15:44:04,701000,11.462
2026/04/29 15:44:04,702000,11.462
2026/04/29 15:44:04,703000,11.468
2026/04/29 15:44:04,704000,11.465
2026/04/29 15:44:04,705000,11.465
2026/04/29 15:44:04,706000,11.465
2026/04/29 15:44:04,707000,11.459
2026/04/29 15:44:04,708000,11.459
2026/04/29 15:44:04,709000,11.459
2026/04/29 15:44:04,710000,11.462
2026/04/29 15:44:04,711000,11.465
2026/04/29 15:44:04,712000,11.465
2026/04/29 15:44:04,713000,11.465
2026/04/29 15:44:04,714000,11.465
2026/04/29 15:44:04,715000,11.462
2026/04/29 15:44:04,716000,11.462
2026/04/29 15:44:04,717000,11.457
2026/04/29 15:44:04,718000,11.462
2026/04/29 15:44:04,719000,11.471
2026/04/29 15:44:04,720000,11.465
2026/04/29 15:44:04,721000,11.462
2026/04/29 15:44:04,722000,11.468
2026/04/29 15:44:04,723000,11.462
2026/04/29 15:44:04,724000,11.465
2026/04/29 15:44:04,725000,11.459
2026/04/29 15:44:04,726000,11.459
2026/04/29 15:44:04,727000,11.462
2026/04/29 15:44:04,728000,11.462
2026/04/29 15:44:04,729000,11.465
2026/04/29 15:44:04,730000,11.465
2026/04/29 15:44:04,731000,11.462
2026/04/29 15:44:04,732000,11.465
2026/04/29 15:44:04,733000,11.462
2026/04/29 15:44:04,734000,11.462
2026/04/29 15:44:04,735000,11.459
2026/04/29 15:44:04,736000,11.457
2026/04/29 15:44:04,737000,11.459
2026/04/29 15:44:04,738000,11.459
2026/04/29 15:44:04,739000,11.457
2026/04/29 15:44:04,740000,11.459
2026/04/29 15:44:04,741000,11.459
2026/04/29 15:44:04,742000,11.459
2026/04/29 15:44:04,743000,11.471
2026/04/29 15:44:04,744000,11.459
2026/04/29 15:44:04,745000,11.459
2026/04/29 15:44:04,746000,11.465
2026/04/29 15:44:04,747000,11.457
2026/04/29 15:44:04,748000,11.462
2026/04/29 15:44:04,749000,11.462
2026/04/29 15:44:04,750000,11.459
2026/04/29 15:44:04,751000,11.462
2026/04/29 15:44:04,752000,11.465
2026/04/29 15:44:04,753000,11.457
2026/04/29 15:44:04,754000,11.462
2026/04/29 15:44:04,755000,11.454
2026/04/29 15:44:04,756000,11.459
2026/04/29 15:44:04,757000,11.462
2026/04/29 15:44:04,758000,11.462
2026/04/29 15:44:04,759000,11.459
2026/04/29 15:44:04,760000,11.471
2026/04/29 15:44:04,761000,11.462
2026/04/29 15:44:04,762000,11.462
2026/04/29 15:44:04,763000,11.459
2026/04/29 15:44:04,764000,11.462
2026/04/29 15:44:04,765000,11.468
2026/04/29 15:44:04,766000,11.459
2026/04/29 15:44:04,767000,11.465
2026/04/29 15:44:04,768000,11.459
2026/04/29 15:44:04,769000,11.457
2026/04/29 15:44:04,770000,11.459
2026/04/29 15:44:04,771000,11.459
2026/04/29 15:44:04,772000,11.462
2026/04/29 15:44:04,773000,11.457
2026/04/29 15:44:04,774000,11.462
2026/04/29 15:44:04,775000,11.459
2026/04/29 15:44:04,776000,11.465
2026/04/29 15:44:04,777000,11.471
2026/04/29 15:44:04,778000,11.462
2026/04/29 15:44:04,779000,11.468
2026/04/29 15:44:04,780000,11.468
2026/04/29 15:44:04,781000,11.462
2026/04/29 15:44:04,782000,11.462
2026/04/29 15:44:04,783000,11.465
2026/04/29 15:44:04,784000,11.462
2026/04/29 15:44:04,785000,11.462
2026/04/29 15:44:04,786000,11.462
2026/04/29 15:44:04,787000,11.462
2026/04/29 15:44:04,788000,11.457
2026/04/29 15:44:04,789000,11.459
2026/04/29 15:44:04,790000,11.465
2026/04/29 15:44:04,791000,11.468
2026/04/29 15:44:04,792000,11.462
2026/04/29 15:44:04,793000,11.457
2026/04/29 15:44:04,794000,11.459
2026/04/29 15:44:04,795000,11.468
2026/04/29 15:44:04,796000,11.462
2026/04/29 15:44:04,797000,11.459
2026/04/29 15:44:04,798000,11.462
2026/04/29 15:44:04,799000,11.457
2026/04/29 15:44:04,800000,11.468
2026/04/29 15:44:04,801000,11.465
2026/04/29 15:44:04,802000,11.465
2026/04/29 15:44:04,803000,11.459
2026/04/29 15:44:04,804000,11.459
2026/04/29 15:44:04,805000,11.459
2026/04/29 15:44:04,806000,11.459
2026/04/29 15:44:04,807000,11.459
2026/04/29 15:44:04,808000,11.457
2026/04/29 15:44:04,809000,11.462
2026/04/29 15:44:04,810000,11.462
2026/04/29 15:44:04,811000,11.462
2026/04/29 15:44:04,812000,11.459
2026/04/29 15:44:04,813000,11.462
2026/04/29 15:44:04,814000,11.462
2026/04/29 15:44:04,815000,11.459
2026/04/29 15:44:04,816000,11.465
2026/04/29 15:44:04,817000,11.465
2026/04/29 15:44:04,818000,11.457
2026/04/29 15:44:04,819000,11.457
2026/04/29 15:44:04,820000,11.459
2026/04/29 15:44:04,821000,11.457
2026/04/29 15:44:04,822000,11.465
2026/04/29 15:44:04,823000,11.459
2026/04/29 15:44:04,824000,11.462
2026/04/29 15:44:04,825000,11.459
2026/04/29 15:44:04,826000,11.468
2026/04/29 15:44:04,827000,11.465
2026/04/29 15:44:04,828000,11.462
2026/04/29 15:44:04,829000,11.459
2026/04/29 15:44:04,830000,11.462
2026/04/29 15:44:04,831000,11.459
2026/04/29 15:44:04,832000,11.457
2026/04/29 15:44:04,833000,11.462
2026/04/29 15:44:04,834000,11.459
2026/04/29 15:44:04,835000,11.462
2026/04/29 15:44:04,836000,11.457
2026/04/29 15:44:04,837000,11.462
2026/04/29 15:44:04,838000,11.468
2026/04/29 15:44:04,839000,11.462
2026/04/29 15:44:04,840000,11.462
2026/04/29 15:44:04,841000,11.468
2026/04/29 15:44:04,842000,11.462
2026/04/29 15:44:04,843000,11.462
2026/04/29 15:44:04,844000,11.457
2026/04/29 15:44:04,845000,11.459
2026/04/29 15:44:04,846000,11.465
2026/04/29 15:44:04,847000,11.459
2026/04/29 15:44:04,848000,11.462
2026/04/29 15:44:04,849000,11.465
2026/04/29 15:44:04,850000,11.457
2026/04/29 15:44:04,851000,11.459
2026/04/29 15:44:04,852000,11.459
2026/04/29 15:44:04,853000,11.454
2026/04/29 15:44:04,854000,11.462
2026/04/29 15:44:04,855000,11.462
2026/04/29 15:44:04,856000,11.459
2026/04/29 15:44:04,857000,11.459
2026/04/29 15:44:04,858000,11.468
2026/04/29 15:44:04,859000,11.457
2026/04/29 15:44:04,860000,11.459
2026/04/29 15:44:04,861000,11.462
2026/04/29 15:44:04,862000,11.462
2026/04/29 15:44:04,863000,11.465
2026/04/29 15:44:04,864000,11.468
2026/04/29 15:44:04,865000,11.465
2026/04/29 15:44:04,866000,11.459
2026/04/29 15:44:04,867000,11.459
2026/04/29 15:44:04,868000,11.465
2026/04/29 15:44:04,869000,11.454
2026/04/29 15:44:04,870000,11.457
2026/04/29 15:44:04,871000,11.459
2026/04/29 15:44:04,872000,11.462
2026/04/29 15:44:04,873000,11.457
2026/04/29 15:44:04,874000,11.462
2026/04/29 15:44:04,875000,11.465
2026/04/29 15:44:04,876000,11.457
2026/04/29 15:44:04,877000,11.462
2026/04/29 15:44:04,878000,11.457
2026/04/29 15:44:04,879000,11.457
2026/04/29 15:44:04,880000,11.462
2026/04/29 15:44:04,881000,11.457
2026/04/29 15:44:04,882000,11.468
2026/04/29 15:44:04,883000,11.465
2026/04/29 15:44:04,884000,11.459
2026/04/29 15:44:04,885000,11.459
2026/04/29 15:44:04,886000,11.459
2026/04/29 15:44:04,887000,11.462
2026/04/29 15:44:04,888000,11.465
2026/04/29 15:44:04,889000,11.462
2026/04/29 15:44:04,890000,11.462
2026/04/29 15:44:04,891000,11.459
2026/04/29 15:44:04,892000,11.465
2026/04/29 15:44:04,893000,11.462
2026/04/29 15:44:04,894000,11.459
2026/04/29 15:44:04,895000,11.465
2026/04/29 15:44:04,896000,11.457
2026/04/29 15:44:04,897000,11.462
2026/04/29 15:44:04,898000,11.457
2026/04/29 15:44:04,899000,11.459
2026/04/29 15:44:04,900000,11.459
2026/04/29 15:44:04,901000,11.462
2026/04/29 15:44:04,902000,11.459
2026/04/29 15:44:04,903000,11.462
2026/04/29 15:44:04,904000,11.459
2026/04/29 15:44:04,905000,11.459
2026/04/29 15:44:04,906000,11.462
2026/04/29 15:44:04,907000,11.462
2026/04/29 15:44:04,908000,11.459
2026/04/29 15:44:04,909000,11.462
2026/04/29 15:44:04,910000,11.459
2026/04/29 15:44:04,911000,11.457
2026/04/29 15:44:04,912000,11.462
2026/04/29 15:44:04,913000,11.459
2026/04/29 15:44:04,914000,11.462
2026/04/29 15:44:04,915000,11.457
2026/04/29 15:44:04,916000,11.459
2026/04/29 15:44:04,917000,11.457
2026/04/29 15:44:04,918000,11.457
2026/04/29 15:44:04,919000,11.459
2026/04/29 15:44:04,920000,11.459
2026/04/29 15:44:04,921000,11.465
2026/04/29 15:44:04,922000,11.459
2026/04/29 15:44:04,923000,11.459
2026/04/29 15:44:04,924000,11.459
2026/04/29 15:44:04,925000,11.459
2026/04/29 15:44:04,926000,11.462
2026/04/29 15:44:04,927000,11.462
2026/04/29 15:44:04,928000,11.454
2026/04/29 15:44:04,929000,11.454
2026/04/29 15:44:04,930000,11.459
2026/04/29 15:44:04,931000,11.459
2026/04/29 15:44:04,932000,11.454
2026/04/29 15:44:04,933000,11.459
2026/04/29 15:44:04,934000,11.465
2026/04/29 15:44:04,935000,11.457
2026/04/29 15:44:04,936000,11.459
2026/04/29 15:44:04,937000,11.462
2026/04/29 15:44:04,938000,11.468
2026/04/29 15:44:04,939000,11.459
2026/04/29 15:44:04,940000,11.459
2026/04/29 15:44:04,941000,11.459
2026/04/29 15:44:04,942000,11.457
2026/04/29 15:44:04,943000,11.462
2026/04/29 15:44:04,944000,11.457
2026/04/29 15:44:04,945000,11.459
2026/04/29 15:44:04,946000,11.468
2026/04/29 15:44:04,947000,11.462
2026/04/29 15:44:04,948000,11.459
2026/04/29 15:44:04,949000,11.459
2026/04/29 15:44:04,950000,11.468
2026/04/29 15:44:04,951000,11.457
2026/04/29 15:44:04,952000,11.459
2026/04/29 15:44:04,953000,11.462
2026/04/29 15:44:04,954000,11.462
2026/04/29 15:44:04,955000,11.457
2026/04/29 15:44:04,956000,11.457
2026/04/29 15:44:04,957000,11.459
2026/04/29 15:44:04,958000,11.454
2026/04/29 15:44:04,959000,11.454
2026/04/29 15:44:04,960000,11.459
2026/04/29 15:44:04,961000,11.459
2026/04/29 15:44:04,962000,11.454
2026/04/29 15:44:04,963000,11.465
2026/04/29 15:44:04,964000,11.459
2026/04/29 15:44:04,965000,11.457
2026/04/29 15:44:04,966000,11.457
2026/04/29 15:44:04,967000,11.465
2026/04/29 15:44:04,968000,11.465
2026/04/29 15:44:04,969000,11.459
2026/04/29 15:44:04,970000,11.462
2026/04/29 15:44:04,971000,11.465
2026/04/29 15:44:04,972000,11.459
2026/04/29 15:44:04,973000,11.459
2026/04/29 15:44:04,974000,11.459
2026/04/29 15:44:04,975000,11.468
2026/04/29 15:44:04,976000,11.459
2026/04/29 15:44:04,977000,11.459
2026/04/29 15:44:04,978000,11.465
2026/04/29 15:44:04,979000,11.462
2026/04/29 15:44:04,980000,11.462
2026/04/29 15:44:04,981000,11.457
2026/04/29 15:44:04,982000,11.459
2026/04/29 15:44:04,983000,11.457
2026/04/29 15:44:04,984000,11.465
2026/04/29 15:44:04,985000,11.454
2026/04/29 15:44:04,986000,11.459
2026/04/29 15:44:04,987000,11.459
2026/04/29 15:44:04,988000,11.462
2026/04/29 15:44:04,989000,11.457
2026/04/29 15:44:04,990000,11.457
2026/04/29 15:44:04,991000,11.459
2026/04/29 15:44:04,992000,11.465
2026/04/29 15:44:04,993000,11.454
2026/04/29 15:44:04,994000,11.459
2026/04/29 15:44:04,995000,11.459
2026/04/29 15:44:04,996000,11.468
2026/04/29 15:44:04,997000,11.465
2026/04/29 15:44:04,998000,11.462
2026/04/29 15:44:04,999000,11.462
2026/04/29 15:44:05,000000,11.459
2026/04/29 15:44:05,001000,11.465
2026/04/29 15:44:05,002000,11.462
2026/04/29 15:44:05,003000,11.457
2026/04/29 15:44:05,004000,11.459
2026/04/29 15:44:05,005000,11.459
2026/04/29 15:44:05,006000,11.468
2026/04/29 15:44:05,007000,11.462
2026/04/29 15:44:05,008000,11.459
2026/04/29 15:44:05,009000,11.462
2026/04/29 15:44:05,010000,11.462
2026/04/29 15:44:05,011000,11.465
2026/04/29 15:44:05,012000,11.459
2026/04/29 15:44:05,013000,11.462
2026/04/29 15:44:05,014000,11.459
2026/04/29 15:44:05,015000,11.465
2026/04/29 15:44:05,016000,11.454
2026/04/29 15:44:05,017000,11.459
2026/04/29 15:44:05,018000,11.459
2026/04/29 15:44:05,019000,11.457
2026/04/29 15:44:05,020000,11.462
2026/04/29 15:44:05,021000,11.462
2026/04/29 15:44:05,022000,11.459
2026/04/29 15:44:05,023000,11.459
2026/04/29 15:44:05,024000,11.465
2026/04/29 15:44:05,025000,11.459
2026/04/29 15:44:05,026000,11.457
2026/04/29 15:44:05,027000,11.465
2026/04/29 15:44:05,028000,11.462
2026/04/29 15:44:05,029000,11.462
2026/04/29 15:44:05,030000,11.459
2026/04/29 15:44:05,031000,11.459
2026/04/29 15:44:05,032000,11.459
2026/04/29 15:44:05,033000,11.465
2026/04/29 15:44:05,034000,11.457
2026/04/29 15:44:05,035000,11.459
2026/04/29 15:44:05,036000,11.462
2026/04/29 15:44:05,037000,11.465
2026/04/29 15:44:05,038000,11.462
2026/04/29 15:44:05,039000,11.468
2026/04/29 15:44:05,040000,11.457
2026/04/29 15:44:05,041000,11.459
2026/04/29 15:44:05,042000,11.462
2026/04/29 15:44:05,043000,11.459
2026/04/29 15:44:05,044000,11.459
2026/04/29 15:44:05,045000,11.459
2026/04/29 15:44:05,046000,11.462
2026/04/29 15:44:05,047000,11.468
2026/04/29 15:44:05,048000,11.465
2026/04/29 15:44:05,049000,11.465
2026/04/29 15:44:05,050000,11.468
2026/04/29 15:44:05,051000,11.465
2026/04/29 15:44:05,052000,11.457
2026/04/29 15:44:05,053000,11.459
2026/04/29 15:44:05,054000,11.459
2026/04/29 15:44:05,055000,11.457
2026/04/29 15:44:05,056000,11.459
2026/04/29 15:44:05,057000,11.468
2026/04/29 15:44:05,058000,11.454
2026/04/29 15:44:05,059000,11.457
2026/04/29 15:44:05,060000,11.454
2026/04/29 15:44:05,061000,11.459
2026/04/29 15:44:05,062000,11.468
2026/04/29 15:44:05,063000,11.457
2026/04/29 15:44:05,064000,11.465
2026/04/29 15:44:05,065000,11.465
2026/04/29 15:44:05,066000,11.468
2026/04/29 15:44:05,067000,11.465
2026/04/29 15:44:05,068000,11.462
2026/04/29 15:44:05,069000,11.465
2026/04/29 15:44:05,070000,11.459
2026/04/29 15:44:05,071000,11.462
2026/04/29 15:44:05,072000,11.462
2026/04/29 15:44:05,073000,11.465
2026/04/29 15:44:05,074000,11.462
2026/04/29 15:44:05,075000,11.462
2026/04/29 15:44:05,076000,11.462
2026/04/29 15:44:05,077000,11.465
2026/04/29 15:44:05,078000,11.462
2026/04/29 15:44:05,079000,11.459
2026/04/29 15:44:05,080000,11.459
2026/04/29 15:44:05,081000,11.457
2026/04/29 15:44:05,082000,11.462
2026/04/29 15:44:05,083000,11.459
2026/04/29 15:44:05,084000,11.465
2026/04/29 15:44:05,085000,11.465
2026/04/29 15:44:05,086000,11.459
2026/04/29 15:44:05,087000,11.462
2026/04/29 15:44:05,088000,11.465
2026/04/29 15:44:05,089000,11.457
2026/04/29 15:44:05,090000,11.462
2026/04/29 15:44:05,091000,11.459
2026/04/29 15:44:05,092000,11.465
2026/04/29 15:44:05,093000,11.459
2026/04/29 15:44:05,094000,11.465
2026/04/29 15:44:05,095000,11.462
2026/04/29 15:44:05,096000,11.462
2026/04/29 15:44:05,097000,11.462
2026/04/29 15:44:05,098000,11.462
2026/04/29 15:44:05,099000,11.462
2026/04/29 15:44:05,100000,11.459
2026/04/29 15:44:05,101000,11.457
2026/04/29 15:44:05,102000,11.459
2026/04/29 15:44:05,103000,11.468
2026/04/29 15:44:05,104000,11.459
2026/04/29 15:44:05,105000,11.459
2026/04/29 15:44:05,106000,11.459
2026/04/29 15:44:05,107000,11.459
2026/04/29 15:44:05,108000,11.462
2026/04/29 15:44:05,109000,11.465
2026/04/29 15:44:05,110000,11.462
2026/04/29 15:44:05,111000,11.459
2026/04/29 15:44:05,112000,11.457
2026/04/29 15:44:05,113000,11.459
2026/04/29 15:44:05,114000,11.462
2026/04/29 15:44:05,115000,11.462
2026/04/29 15:44:05,116000,11.459
2026/04/29 15:44:05,117000,11.459
2026/04/29 15:44:05,118000,11.459
2026/04/29 15:44:05,119000,11.459
2026/04/29 15:44:05,120000,11.459
2026/04/29 15:44:05,121000,11.459
2026/04/29 15:44:05,122000,11.459
2026/04/29 15:44:05,123000,11.459
2026/04/29 15:44:05,124000,11.465
2026/04/29 15:44:05,125000,11.465
2026/04/29 15:44:05,126000,11.462
2026/04/29 15:44:05,127000,11.462
2026/04/29 15:44:05,128000,11.459
2026/04/29 15:44:05,129000,11.465
2026/04/29 15:44:05,130000,11.457
2026/04/29 15:44:05,131000,11.459
2026/04/29 15:44:05,132000,11.459
2026/04/29 15:44:05,133000,11.462
2026/04/29 15:44:05,134000,11.462
2026/04/29 15:44:05,135000,11.465
2026/04/29 15:44:05,136000,11.457
2026/04/29 15:44:05,137000,11.465
2026/04/29 15:44:05,138000,11.465
2026/04/29 15:44:05,139000,11.459
2026/04/29 15:44:05,140000,11.459
2026/04/29 15:44:05,141000,11.462
2026/04/29 15:44:05,142000,11.462
2026/04/29 15:44:05,143000,11.462
2026/04/29 15:44:05,144000,11.468
2026/04/29 15:44:05,145000,11.459
2026/04/29 15:44:05,146000,11.471
2026/04/29 15:44:05,147000,11.459
2026/04/29 15:44:05,148000,11.459
2026/04/29 15:44:05,149000,11.462
2026/04/29 15:44:05,150000,11.462
2026/04/29 15:44:05,151000,11.465
2026/04/29 15:44:05,152000,11.468
2026/04/29 15:44:05,153000,11.465
2026/04/29 15:44:05,154000,11.462
2026/04/29 15:44:05,155000,11.462
2026/04/29 15:44:05,156000,11.465
2026/04/29 15:44:05,157000,11.459
2026/04/29 15:44:05,158000,11.468
2026/04/29 15:44:05,159000,11.465
2026/04/29 15:44:05,160000,11.459
2026/04/29 15:44:05,161000,11.459
2026/04/29 15:44:05,162000,11.465
2026/04/29 15:44:05,163000,11.462
2026/04/29 15:44:05,164000,11.459
2026/04/29 15:44:05,165000,11.468
2026/04/29 15:44:05,166000,11.462
2026/04/29 15:44:05,167000,11.465
2026/04/29 15:44:05,168000,11.465
2026/04/29 15:44:05,169000,11.459
2026/04/29 15:44:05,170000,11.459
2026/04/29 15:44:05,171000,11.462
2026/04/29 15:44:05,172000,11.462
2026/04/29 15:44:05,173000,11.459
2026/04/29 15:44:05,174000,11.459
2026/04/29 15:44:05,175000,11.465
2026/04/29 15:44:05,176000,11.462
2026/04/29 15:44:05,177000,11.462
2026/04/29 15:44:05,178000,11.459
2026/04/29 15:44:05,179000,11.462
2026/04/29 15:44:05,180000,11.459
2026/04/29 15:44:05,181000,11.459
2026/04/29 15:44:05,182000,11.471
2026/04/29 15:44:05,183000,11.462
2026/04/29 15:44:05,184000,11.462
2026/04/29 15:44:05,185000,11.459
2026/04/29 15:44:05,186000,11.468
2026/04/29 15:44:05,187000,11.462
2026/04/29 15:44:05,188000,11.462
2026/04/29 15:44:05,189000,11.462
2026/04/29 15:44:05,190000,11.462
2026/04/29 15:44:05,191000,11.465
2026/04/29 15:44:05,192000,11.468
2026/04/29 15:44:05,193000,11.462
2026/04/29 15:44:05,194000,11.462
2026/04/29 15:44:05,195000,11.468
2026/04/29 15:44:05,196000,11.462
2026/04/29 15:44:05,197000,11.468
2026/04/29 15:44:05,198000,11.462
2026/04/29 15:44:05,199000,11.462
2026/04/29 15:44:05,200000,11.459
2026/04/29 15:44:05,201000,11.465
2026/04/29 15:44:05,202000,11.468
2026/04/29 15:44:05,203000,11.468
2026/04/29 15:44:05,204000,11.468
2026/04/29 15:44:05,205000,11.459
2026/04/29 15:44:05,206000,11.465
2026/04/29 15:44:05,207000,11.462
2026/04/29 15:44:05,208000,11.459
2026/04/29 15:44:05,209000,11.468
2026/04/29 15:44:05,210000,11.459
2026/04/29 15:44:05,211000,11.462
2026/04/29 15:44:05,212000,11.459
2026/04/29 15:44:05,213000,11.459
2026/04/29 15:44:05,214000,11.459
2026/04/29 15:44:05,215000,11.462
2026/04/29 15:44:05,216000,11.459
2026/04/29 15:44:05,217000,11.465
2026/04/29 15:44:05,218000,11.465
2026/04/29 15:44:05,219000,11.462
2026/04/29 15:44:05,220000,11.468
2026/04/29 15:44:05,221000,11.462
2026/04/29 15:44:05,222000,11.465
2026/04/29 15:44:05,223000,11.457
2026/04/29 15:44:05,224000,11.465
2026/04/29 15:44:05,225000,11.462
2026/04/29 15:44:05,226000,11.459
2026/04/29 15:44:05,227000,11.468
2026/04/29 15:44:05,228000,11.468
2026/04/29 15:44:05,229000,11.457
2026/04/29 15:44:05,230000,11.459
2026/04/29 15:44:05,231000,11.465
2026/04/29 15:44:05,232000,11.459
2026/04/29 15:44:05,233000,11.471
2026/04/29 15:44:05,234000,11.462
2026/04/29 15:44:05,235000,11.459
2026/04/29 15:44:05,236000,11.462
2026/04/29 15:44:05,237000,11.459
2026/04/29 15:44:05,238000,11.462
2026/04/29 15:44:05,239000,11.465
2026/04/29 15:44:05,240000,11.465
2026/04/29 15:44:05,241000,11.462
2026/04/29 15:44:05,242000,11.468
2026/04/29 15:44:05,243000,11.468
2026/04/29 15:44:05,244000,11.465
2026/04/29 15:44:05,245000,11.465
2026/04/29 15:44:05,246000,11.459
2026/04/29 15:44:05,247000,11.465
2026/04/29 15:44:05,248000,11.465
2026/04/29 15:44:05,249000,11.468
2026/04/29 15:44:05,250000,11.465
2026/04/29 15:44:05,251000,11.462
2026/04/29 15:44:05,252000,11.459
2026/04/29 15:44:05,253000,11.459
2026/04/29 15:44:05,254000,11.462
2026/04/29 15:44:05,255000,11.459
2026/04/29 15:44:05,256000,11.465
2026/04/29 15:44:05,257000,11.459
2026/04/29 15:44:05,258000,11.459
2026/04/29 15:44:05,259000,11.465
2026/04/29 15:44:05,260000,11.465
2026/04/29 15:44:05,261000,11.462
2026/04/29 15:44:05,262000,11.468
2026/04/29 15:44:05,263000,11.468
2026/04/29 15:44:05,264000,11.465
2026/04/29 15:44:05,265000,11.465
2026/04/29 15:44:05,266000,11.459
2026/04/29 15:44:05,267000,11.468
2026/04/29 15:44:05,268000,11.462
2026/04/29 15:44:05,269000,11.465
2026/04/29 15:44:05,270000,11.459
2026/04/29 15:44:05,271000,11.462
2026/04/29 15:44:05,272000,11.459
2026/04/29 15:44:05,273000,11.459
2026/04/29 15:44:05,274000,11.462
2026/04/29 15:44:05,275000,11.459
2026/04/29 15:44:05,276000,11.462
2026/04/29 15:44:05,277000,11.457
2026/04/29 15:44:05,278000,11.462
2026/04/29 15:44:05,279000,11.459
2026/04/29 15:44:05,280000,11.462
2026/04/29 15:44:05,281000,11.459
2026/04/29 15:44:05,282000,11.462
2026/04/29 15:44:05,283000,11.459
2026/04/29 15:44:05,284000,11.468
2026/04/29 15:44:05,285000,11.465
2026/04/29 15:44:05,286000,11.459
2026/04/29 15:44:05,287000,11.457
2026/04/29 15:44:05,288000,11.462
2026/04/29 15:44:05,289000,11.468
2026/04/29 15:44:05,290000,11.465
2026/04/29 15:44:05,291000,11.462
2026/04/29 15:44:05,292000,11.459
2026/04/29 15:44:05,293000,11.465
2026/04/29 15:44:05,294000,11.459
2026/04/29 15:44:05,295000,11.459
2026/04/29 15:44:05,296000,11.462
2026/04/29 15:44:05,297000,11.462
2026/04/29 15:44:05,298000,11.459
2026/04/29 15:44:05,299000,11.465
2026/04/29 15:44:05,300000,11.462
2026/04/29 15:44:05,301000,11.462
2026/04/29 15:44:05,302000,11.471
2026/04/29 15:44:05,303000,11.459
2026/04/29 15:44:05,304000,11.459
2026/04/29 15:44:05,305000,11.457
2026/04/29 15:44:05,306000,11.459
2026/04/29 15:44:05,307000,11.459
2026/04/29 15:44:05,308000,11.457
2026/04/29 15:44:05,309000,11.465
2026/04/29 15:44:05,310000,11.459
2026/04/29 15:44:05,311000,11.465
2026/04/29 15:44:05,312000,11.465
2026/04/29 15:44:05,313000,11.462
2026/04/29 15:44:05,314000,11.459
2026/04/29 15:44:05,315000,11.465
2026/04/29 15:44:05,316000,11.459
2026/04/29 15:44:05,317000,11.462
2026/04/29 15:44:05,318000,11.465
2026/04/29 15:44:05,319000,11.465
2026/04/29 15:44:05,320000,11.465
2026/04/29 15:44:05,321000,11.462
2026/04/29 15:44:05,322000,11.459
2026/04/29 15:44:05,323000,11.459
2026/04/29 15:44:05,324000,11.462
2026/04/29 15:44:05,325000,11.459
2026/04/29 15:44:05,326000,11.465
2026/04/29 15:44:05,327000,11.462
2026/04/29 15:44:05,328000,11.462
2026/04/29 15:44:05,329000,11.459
2026/04/29 15:44:05,330000,11.457
2026/04/29 15:44:05,331000,11.459
2026/04/29 15:44:05,332000,11.468
2026/04/29 15:44:05,333000,11.465
2026/04/29 15:44:05,334000,11.468
2026/04/29 15:44:05,335000,11.459
2026/04/29 15:44:05,336000,11.462
2026/04/29 15:44:05,337000,11.468
2026/04/29 15:44:05,338000,11.471
2026/04/29 15:44:05,339000,11.462
2026/04/29 15:44:05,340000,11.462
2026/04/29 15:44:05,341000,11.465
2026/04/29 15:44:05,342000,11.465
2026/04/29 15:44:05,343000,11.462
2026/04/29 15:44:05,344000,11.462
2026/04/29 15:44:05,345000,11.468
2026/04/29 15:44:05,346000,11.465
2026/04/29 15:44:05,347000,11.462
2026/04/29 15:44:05,348000,11.468
2026/04/29 15:44:05,349000,11.471
2026/04/29 15:44:05,350000,11.468
2026/04/29 15:44:05,351000,11.462
2026/04/29 15:44:05,352000,11.459
2026/04/29 15:44:05,353000,11.462
2026/04/29 15:44:05,354000,11.454
2026/04/29 15:44:05,355000,11.459
2026/04/29 15:44:05,356000,11.459
2026/04/29 15:44:05,357000,11.459
2026/04/29 15:44:05,358000,11.459
2026/04/29 15:44:05,359000,11.462
2026/04/29 15:44:05,360000,11.462
2026/04/29 15:44:05,361000,11.459
2026/04/29 15:44:05,362000,11.457
2026/04/29 15:44:05,363000,11.471
2026/04/29 15:44:05,364000,11.468
2026/04/29 15:44:05,365000,11.462
2026/04/29 15:44:05,366000,11.459
2026/04/29 15:44:05,367000,11.468
2026/04/29 15:44:05,368000,11.459
2026/04/29 15:44:05,369000,11.462
2026/04/29 15:44:05,370000,11.468
2026/04/29 15:44:05,371000,11.462
2026/04/29 15:44:05,372000,11.465
2026/04/29 15:44:05,373000,11.468
2026/04/29 15:44:05,374000,11.462
2026/04/29 15:44:05,375000,11.459
2026/04/29 15:44:05,376000,11.468
2026/04/29 15:44:05,377000,11.462
2026/04/29 15:44:05,378000,11.465
2026/04/29 15:44:05,379000,11.462
2026/04/29 15:44:05,380000,11.459
2026/04/29 15:44:05,381000,11.462
2026/04/29 15:44:05,382000,11.459
2026/04/29 15:44:05,383000,11.462
2026/04/29 15:44:05,384000,11.465
2026/04/29 15:44:05,385000,11.465
2026/04/29 15:44:05,386000,11.465
2026/04/29 15:44:05,387000,11.462
2026/04/29 15:44:05,388000,11.459
2026/04/29 15:44:05,389000,11.471
2026/04/29 15:44:05,390000,11.465
2026/04/29 15:44:05,391000,11.465
2026/04/29 15:44:05,392000,11.465
2026/04/29 15:44:05,393000,11.465
2026/04/29 15:44:05,394000,11.459
2026/04/29 15:44:05,395000,11.465
2026/04/29 15:44:05,396000,11.465
2026/04/29 15:44:05,397000,11.459
2026/04/29 15:44:05,398000,11.468
2026/04/29 15:44:05,399000,11.459
2026/04/29 15:44:05,400000,11.462
2026/04/29 15:44:05,401000,11.462
2026/04/29 15:44:05,402000,11.465
2026/04/29 15:44:05,403000,11.459
2026/04/29 15:44:05,404000,11.462
2026/04/29 15:44:05,405000,11.454
2026/04/29 15:44:05,406000,11.459
2026/04/29 15:44:05,407000,11.459
2026/04/29 15:44:05,408000,11.462
2026/04/29 15:44:05,409000,11.457
2026/04/29 15:44:05,410000,11.459
2026/04/29 15:44:05,411000,11.459
2026/04/29 15:44:05,412000,11.459
2026/04/29 15:44:05,413000,11.459
2026/04/29 15:44:05,414000,11.462
2026/04/29 15:44:05,415000,11.459
2026/04/29 15:44:05,416000,11.462
2026/04/29 15:44:05,417000,11.457
2026/04/29 15:44:05,418000,11.459
2026/04/29 15:44:05,419000,11.462
2026/04/29 15:44:05,420000,11.462
2026/04/29 15:44:05,421000,11.465
2026/04/29 15:44:05,422000,11.459
2026/04/29 15:44:05,423000,11.462
2026/04/29 15:44:05,424000,11.457
2026/04/29 15:44:05,425000,11.459
2026/04/29 15:44:05,426000,11.459
2026/04/29 15:44:05,427000,11.465
2026/04/29 15:44:05,428000,11.459
2026/04/29 15:44:05,429000,11.462
2026/04/29 15:44:05,430000,11.465
2026/04/29 15:44:05,431000,11.462
2026/04/29 15:44:05,432000,11.465
2026/04/29 15:44:05,433000,11.462
2026/04/29 15:44:05,434000,11.465
2026/04/29 15:44:05,435000,11.468
2026/04/29 15:44:05,436000,11.459
2026/04/29 15:44:05,437000,11.459
2026/04/29 15:44:05,438000,11.465
2026/04/29 15:44:05,439000,11.457
2026/04/29 15:44:05,440000,11.462
2026/04/29 15:44:05,441000,11.462
2026/04/29 15:44:05,442000,11.459
2026/04/29 15:44:05,443000,11.462
2026/04/29 15:44:05,444000,11.465
2026/04/29 15:44:05,445000,11.462
2026/04/29 15:44:05,446000,11.465
2026/04/29 15:44:05,447000,11.459
2026/04/29 15:44:05,448000,11.462
2026/04/29 15:44:05,449000,11.468
2026/04/29 15:44:05,450000,11.462
2026/04/29 15:44:05,451000,11.459
2026/04/29 15:44:05,452000,11.462
2026/04/29 15:44:05,453000,11.462
2026/04/29 15:44:05,454000,11.459
2026/04/29 15:44:05,455000,11.459
2026/04/29 15:44:05,456000,11.465
2026/04/29 15:44:05,457000,11.462
2026/04/29 15:44:05,458000,11.459
2026/04/29 15:44:05,459000,11.462
2026/04/29 15:44:05,460000,11.459
2026/04/29 15:44:05,461000,11.459
2026/04/29 15:44:05,462000,11.459
2026/04/29 15:44:05,463000,11.462
2026/04/29 15:44:05,464000,11.459
2026/04/29 15:44:05,465000,11.459
2026/04/29 15:44:05,466000,11.462
2026/04/29 15:44:05,467000,11.462
2026/04/29 15:44:05,468000,11.465
2026/04/29 15:44:05,469000,11.465
2026/04/29 15:44:05,470000,11.457
2026/04/29 15:44:05,471000,11.459
2026/04/29 15:44:05,472000,11.468
2026/04/29 15:44:05,473000,11.459
2026/04/29 15:44:05,474000,11.465
2026/04/29 15:44:05,475000,11.457
2026/04/29 15:44:05,476000,11.465
2026/04/29 15:44:05,477000,11.457
2026/04/29 15:44:05,478000,11.462
2026/04/29 15:44:05,479000,11.462
2026/04/29 15:44:05,480000,11.465
2026/04/29 15:44:05,481000,11.462
2026/04/29 15:44:05,482000,11.465
2026/04/29 15:44:05,483000,11.462
2026/04/29 15:44:05,484000,11.462
2026/04/29 15:44:05,485000,11.465
2026/04/29 15:44:05,486000,11.465
2026/04/29 15:44:05,487000,11.465
2026/04/29 15:44:05,488000,11.462
2026/04/29 15:44:05,489000,11.459
2026/04/29 15:44:05,490000,11.462
2026/04/29 15:44:05,491000,11.459
2026/04/29 15:44:05,492000,11.465
2026/04/29 15:44:05,493000,11.459
2026/04/29 15:44:05,494000,11.459
2026/04/29 15:44:05,495000,11.468
2026/04/29 15:44:05,496000,11.462
2026/04/29 15:44:05,497000,11.462
2026/04/29 15:44:05,498000,11.457
2026/04/29 15:44:05,499000,11.465
2026/04/29 15:44:05,500000,11.465
2026/04/29 15:44:05,501000,11.459
2026/04/29 15:44:05,502000,11.459
2026/04/29 15:44:05,503000,11.465
2026/04/29 15:44:05,504000,11.459
2026/04/29 15:44:05,505000,11.459
2026/04/29 15:44:05,506000,11.465
2026/04/29 15:44:05,507000,11.462
2026/04/29 15:44:05,508000,11.462
2026/04/29 15:44:05,509000,11.459
2026/04/29 15:44:05,510000,11.459
2026/04/29 15:44:05,511000,11.462
2026/04/29 15:44:05,512000,11.459
2026/04/29 15:44:05,513000,11.462
2026/04/29 15:44:05,514000,11.468
2026/04/29 15:44:05,515000,11.462
2026/04/29 15:44:05,516000,11.465
2026/04/29 15:44:05,517000,11.465
2026/04/29 15:44:05,518000,11.462
2026/04/29 15:44:05,519000,11.462
2026/04/29 15:44:05,520000,11.465
2026/04/29 15:44:05,521000,11.457
2026/04/29 15:44:05,522000,11.459
2026/04/29 15:44:05,523000,11.465
2026/04/29 15:44:05,524000,11.468
2026/04/29 15:44:05,525000,11.457
2026/04/29 15:44:05,526000,11.459
2026/04/29 15:44:05,527000,11.459
2026/04/29 15:44:05,528000,11.468
2026/04/29 15:44:05,529000,11.468
2026/04/29 15:44:05,530000,11.465
2026/04/29 15:44:05,531000,11.462
2026/04/29 15:44:05,532000,11.457
2026/04/29 15:44:05,533000,11.465
2026/04/29 15:44:05,534000,11.462
2026/04/29 15:44:05,535000,11.454
2026/04/29 15:44:05,536000,11.459
2026/04/29 15:44:05,537000,11.457
2026/04/29 15:44:05,538000,11.459
2026/04/29 15:44:05,539000,11.462
2026/04/29 15:44:05,540000,11.462
2026/04/29 15:44:05,541000,11.465
2026/04/29 15:44:05,542000,11.459
2026/04/29 15:44:05,543000,11.465
2026/04/29 15:44:05,544000,11.462
2026/04/29 15:44:05,545000,11.465
2026/04/29 15:44:05,546000,11.462
2026/04/29 15:44:05,547000,11.457
2026/04/29 15:44:05,548000,11.465
2026/04/29 15:44:05,549000,11.462
2026/04/29 15:44:05,550000,11.457
2026/04/29 15:44:05,551000,11.462
2026/04/29 15:44:05,552000,11.462
2026/04/29 15:44:05,553000,11.465
2026/04/29 15:44:05,554000,11.462
2026/04/29 15:44:05,555000,11.462
2026/04/29 15:44:05,556000,11.459
2026/04/29 15:44:05,557000,11.459
2026/04/29 15:44:05,558000,11.459
2026/04/29 15:44:05,559000,11.459
2026/04/29 15:44:05,560000,11.459
2026/04/29 15:44:05,561000,11.465
2026/04/29 15:44:05,562000,11.462
2026/04/29 15:44:05,563000,11.462
2026/04/29 15:44:05,564000,11.459
2026/04/29 15:44:05,565000,11.457
2026/04/29 15:44:05,566000,11.459
2026/04/29 15:44:05,567000,11.457
2026/04/29 15:44:05,568000,11.459
2026/04/29 15:44:05,569000,11.462
2026/04/29 15:44:05,570000,11.465
2026/04/29 15:44:05,571000,11.462
2026/04/29 15:44:05,572000,11.462
2026/04/29 15:44:05,573000,11.457
2026/04/29 15:44:05,574000,11.459
2026/04/29 15:44:05,575000,11.459
2026/04/29 15:44:05,576000,11.465
2026/04/29 15:44:05,577000,11.465
2026/04/29 15:44:05,578000,11.457
2026/04/29 15:44:05,579000,11.459
2026/04/29 15:44:05,580000,11.459
2026/04/29 15:44:05,581000,11.462
2026/04/29 15:44:05,582000,11.459
2026/04/29 15:44:05,583000,11.462
2026/04/29 15:44:05,584000,11.465
2026/04/29 15:44:05,585000,11.457
2026/04/29 15:44:05,586000,11.468
2026/04/29 15:44:05,587000,11.462
2026/04/29 15:44:05,588000,11.465
2026/04/29 15:44:05,589000,11.459
2026/04/29 15:44:05,590000,11.459
2026/04/29 15:44:05,591000,11.468
2026/04/29 15:44:05,592000,11.462
2026/04/29 15:44:05,593000,11.459
2026/04/29 15:44:05,594000,11.465
2026/04/29 15:44:05,595000,11.457
2026/04/29 15:44:05,596000,11.459
2026/04/29 15:44:05,597000,11.465
2026/04/29 15:44:05,598000,11.459
2026/04/29 15:44:05,599000,11.459
2026/04/29 15:44:05,600000,11.459
2026/04/29 15:44:05,601000,11.459
2026/04/29 15:44:05,602000,11.465
2026/04/29 15:44:05,603000,11.462
2026/04/29 15:44:05,604000,11.468
2026/04/29 15:44:05,605000,11.462
2026/04/29 15:44:05,606000,11.459
2026/04/29 15:44:05,607000,11.462
2026/04/29 15:44:05,608000,11.462
2026/04/29 15:44:05,609000,11.459
2026/04/29 15:44:05,610000,11.465
2026/04/29 15:44:05,611000,11.468
2026/04/29 15:44:05,612000,11.454
2026/04/29 15:44:05,613000,11.459
2026/04/29 15:44:05,614000,11.459
2026/04/29 15:44:05,615000,11.457
2026/04/29 15:44:05,616000,11.462
2026/04/29 15:44:05,617000,11.459
2026/04/29 15:44:05,618000,11.462
2026/04/29 15:44:05,619000,11.459
2026/04/29 15:44:05,620000,11.462
2026/04/29 15:44:05,621000,11.457
2026/04/29 15:44:05,622000,11.457
2026/04/29 15:44:05,623000,11.459
2026/04/29 15:44:05,624000,11.465
2026/04/29 15:44:05,625000,11.459
2026/04/29 15:44:05,626000,11.459
2026/04/29 15:44:05,627000,11.459
2026/04/29 15:44:05,628000,11.459
2026/04/29 15:44:05,629000,11.462
2026/04/29 15:44:05,630000,11.462
2026/04/29 15:44:05,631000,11.457
2026/04/29 15:44:05,632000,11.459
2026/04/29 15:44:05,633000,11.457
2026/04/29 15:44:05,634000,11.459
2026/04/29 15:44:05,635000,11.459
2026/04/29 15:44:05,636000,11.468
2026/04/29 15:44:05,637000,11.465
2026/04/29 15:44:05,638000,11.462
2026/04/29 15:44:05,639000,11.462
2026/04/29 15:44:05,640000,11.462
2026/04/29 15:44:05,641000,11.457
2026/04/29 15:44:05,642000,11.468
2026/04/29 15:44:05,643000,11.465
2026/04/29 15:44:05,644000,11.465
2026/04/29 15:44:05,645000,11.462
2026/04/29 15:44:05,646000,11.465
2026/04/29 15:44:05,647000,11.459
2026/04/29 15:44:05,648000,11.459
2026/04/29 15:44:05,649000,11.462
2026/04/29 15:44:05,650000,11.465
2026/04/29 15:44:05,651000,11.459
2026/04/29 15:44:05,652000,11.462
2026/04/29 15:44:05,653000,11.459
2026/04/29 15:44:05,654000,11.465
2026/04/29 15:44:05,655000,11.457
2026/04/29 15:44:05,656000,11.462
2026/04/29 15:44:05,657000,11.462
2026/04/29 15:44:05,658000,11.465
2026/04/29 15:44:05,659000,11.465
2026/04/29 15:44:05,660000,11.459
2026/04/29 15:44:05,661000,11.459
2026/04/29 15:44:05,662000,11.462
2026/04/29 15:44:05,663000,11.462
2026/04/29 15:44:05,664000,11.459
2026/04/29 15:44:05,665000,11.465
2026/04/29 15:44:05,666000,11.465
2026/04/29 15:44:05,667000,11.451
2026/04/29 15:44:05,668000,11.462
2026/04/29 15:44:05,669000,11.465
2026/04/29 15:44:05,670000,11.462
2026/04/29 15:44:05,671000,11.462
2026/04/29 15:44:05,672000,11.465
2026/04/29 15:44:05,673000,11.462
2026/04/29 15:44:05,674000,11.465
2026/04/29 15:44:05,675000,11.465
2026/04/29 15:44:05,676000,11.468
2026/04/29 15:44:05,677000,11.457
2026/04/29 15:44:05,678000,11.465
2026/04/29 15:44:05,679000,11.462
2026/04/29 15:44:05,680000,11.465
2026/04/29 15:44:05,681000,11.468
2026/04/29 15:44:05,682000,11.465
2026/04/29 15:44:05,683000,11.465
2026/04/29 15:44:05,684000,11.462
2026/04/29 15:44:05,685000,11.465
2026/04/29 15:44:05,686000,11.465
2026/04/29 15:44:05,687000,11.462
2026/04/29 15:44:05,688000,11.462
2026/04/29 15:44:05,689000,11.459
2026/04/29 15:44:05,690000,11.462
2026/04/29 15:44:05,691000,11.454
2026/04/29 15:44:05,692000,11.459
2026/04/29 15:44:05,693000,11.465
2026/04/29 15:44:05,694000,11.462
2026/04/29 15:44:05,695000,11.459
2026/04/29 15:44:05,696000,11.457
2026/04/29 15:44:05,697000,11.462
2026/04/29 15:44:05,698000,11.465
2026/04/29 15:44:05,699000,11.462
2026/04/29 15:44:05,700000,11.457
2026/04/29 15:44:05,701000,11.468
2026/04/29 15:44:05,702000,11.462
2026/04/29 15:44:05,703000,11.468
2026/04/29 15:44:05,704000,11.468
2026/04/29 15:44:05,705000,11.465
2026/04/29 15:44:05,706000,11.468
2026/04/29 15:44:05,707000,11.468
2026/04/29 15:44:05,708000,11.462
2026/04/29 15:44:05,709000,11.465
2026/04/29 15:44:05,710000,11.468
2026/04/29 15:44:05,711000,11.465
2026/04/29 15:44:05,712000,11.462
2026/04/29 15:44:05,713000,11.462
2026/04/29 15:44:05,714000,11.462
2026/04/29 15:44:05,715000,11.465
2026/04/29 15:44:05,716000,11.465
2026/04/29 15:44:05,717000,11.462
2026/04/29 15:44:05,718000,11.462
2026/04/29 15:44:05,719000,11.459
2026/04/29 15:44:05,720000,11.462
2026/04/29 15:44:05,721000,11.465
2026/04/29 15:44:05,722000,11.462
2026/04/29 15:44:05,723000,11.457
2026/04/29 15:44:05,724000,11.468
2026/04/29 15:44:05,725000,11.457
2026/04/29 15:44:05,726000,11.462
2026/04/29 15:44:05,727000,11.459
2026/04/29 15:44:05,728000,11.457
2026/04/29 15:44:05,729000,11.459
2026/04/29 15:44:05,730000,11.459
2026/04/29 15:44:05,731000,11.462
2026/04/29 15:44:05,732000,11.462
2026/04/29 15:44:05,733000,11.462
2026/04/29 15:44:05,734000,11.465
2026/04/29 15:44:05,735000,11.462
2026/04/29 15:44:05,736000,11.457
2026/04/29 15:44:05,737000,11.468
2026/04/29 15:44:05,738000,11.462
2026/04/29 15:44:05,739000,11.465
2026/04/29 15:44:05,740000,11.465
2026/04/29 15:44:05,741000,11.465
2026/04/29 15:44:05,742000,11.465
2026/04/29 15:44:05,743000,11.468
2026/04/29 15:44:05,744000,11.459
2026/04/29 15:44:05,745000,11.462
2026/04/29 15:44:05,746000,11.459
2026/04/29 15:44:05,747000,11.465
2026/04/29 15:44:05,748000,11.462
2026/04/29 15:44:05,749000,11.468
2026/04/29 15:44:05,750000,11.457
2026/04/29 15:44:05,751000,11.459
2026/04/29 15:44:05,752000,11.459
2026/04/29 15:44:05,753000,11.462
2026/04/29 15:44:05,754000,11.462
2026/04/29 15:44:05,755000,11.459
2026/04/29 15:44:05,756000,11.462
2026/04/29 15:44:05,757000,11.457
2026/04/29 15:44:05,758000,11.462
2026/04/29 15:44:05,759000,11.459
2026/04/29 15:44:05,760000,11.462
2026/04/29 15:44:05,761000,11.462
2026/04/29 15:44:05,762000,11.459
2026/04/29 15:44:05,763000,11.468
2026/04/29 15:44:05,764000,11.459
2026/04/29 15:44:05,765000,11.459
2026/04/29 15:44:05,766000,11.457
2026/04/29 15:44:05,767000,11.468
2026/04/29 15:44:05,768000,11.459
2026/04/29 15:44:05,769000,11.462
2026/04/29 15:44:05,770000,11.459
2026/04/29 15:44:05,771000,11.459
2026/04/29 15:44:05,772000,11.462
2026/04/29 15:44:05,773000,11.468
2026/04/29 15:44:05,774000,11.457
2026/04/29 15:44:05,775000,11.462
2026/04/29 15:44:05,776000,11.462
2026/04/29 15:44:05,777000,11.459
2026/04/29 15:44:05,778000,11.459
2026/04/29 15:44:05,779000,11.471
2026/04/29 15:44:05,780000,11.462
2026/04/29 15:44:05,781000,11.462
2026/04/29 15:44:05,782000,11.462
2026/04/29 15:44:05,783000,11.465
2026/04/29 15:44:05,784000,11.457
2026/04/29 15:44:05,785000,11.459
2026/04/29 15:44:05,786000,11.462
2026/04/29 15:44:05,787000,11.462
2026/04/29 15:44:05,788000,11.462
2026/04/29 15:44:05,789000,11.459
2026/04/29 15:44:05,790000,11.465
2026/04/29 15:44:05,791000,11.457
2026/04/29 15:44:05,792000,11.465
2026/04/29 15:44:05,793000,11.462
2026/04/29 15:44:05,794000,11.462
2026/04/29 15:44:05,795000,11.457
2026/04/29 15:44:05,796000,11.471
2026/04/29 15:44:05,797000,11.465
2026/04/29 15:44:05,798000,11.465
2026/04/29 15:44:05,799000,11.468
2026/04/29 15:44:05,800000,11.459
2026/04/29 15:44:05,801000,11.459
2026/04/29 15:44:05,802000,11.462
2026/04/29 15:44:05,803000,11.462
2026/04/29 15:44:05,804000,11.462
2026/04/29 15:44:05,805000,11.465
2026/04/29 15:44:05,806000,11.459
2026/04/29 15:44:05,807000,11.465
2026/04/29 15:44:05,808000,11.457
2026/04/29 15:44:05,809000,11.462
2026/04/29 15:44:05,810000,11.459
2026/04/29 15:44:05,811000,11.462
2026/04/29 15:44:05,812000,11.465
2026/04/29 15:44:05,813000,11.462
2026/04/29 15:44:05,814000,11.457
2026/04/29 15:44:05,815000,11.459
2026/04/29 15:44:05,816000,11.457
2026/04/29 15:44:05,817000,11.462
2026/04/29 15:44:05,818000,11.459
2026/04/29 15:44:05,819000,11.465
2026/04/29 15:44:05,820000,11.462
2026/04/29 15:44:05,821000,11.465
2026/04/29 15:44:05,822000,11.462
2026/04/29 15:44:05,823000,11.459
2026/04/29 15:44:05,824000,11.462
2026/04/29 15:44:05,825000,11.465
2026/04/29 15:44:05,826000,11.462
2026/04/29 15:44:05,827000,11.462
2026/04/29 15:44:05,828000,11.465
2026/04/29 15:44:05,829000,11.462
2026/04/29 15:44:05,830000,11.465
2026/04/29 15:44:05,831000,11.465
2026/04/29 15:44:05,832000,11.457
2026/04/29 15:44:05,833000,11.462
2026/04/29 15:44:05,834000,11.468
2026/04/29 15:44:05,835000,11.465
2026/04/29 15:44:05,836000,11.459
2026/04/29 15:44:05,837000,11.454
2026/04/29 15:44:05,838000,11.465
2026/04/29 15:44:05,839000,11.459
2026/04/29 15:44:05,840000,11.459
2026/04/29 15:44:05,841000,11.459
2026/04/29 15:44:05,842000,11.465
2026/04/29 15:44:05,843000,11.462
2026/04/29 15:44:05,844000,11.465
2026/04/29 15:44:05,845000,11.457
2026/04/29 15:44:05,846000,11.459
2026/04/29 15:44:05,847000,11.462
2026/04/29 15:44:05,848000,11.465
2026/04/29 15:44:05,849000,11.459
2026/04/29 15:44:05,850000,11.465
2026/04/29 15:44:05,851000,11.451
2026/04/29 15:44:05,852000,11.465
2026/04/29 15:44:05,853000,11.465
2026/04/29 15:44:05,854000,11.462
2026/04/29 15:44:05,855000,11.462
2026/04/29 15:44:05,856000,11.459
2026/04/29 15:44:05,857000,11.462
2026/04/29 15:44:05,858000,11.457
2026/04/29 15:44:05,859000,11.459
2026/04/29 15:44:05,860000,11.459
2026/04/29 15:44:05,861000,11.457
2026/04/29 15:44:05,862000,11.459
2026/04/29 15:44:05,863000,11.465
2026/04/29 15:44:05,864000,11.462
2026/04/29 15:44:05,865000,11.459
2026/04/29 15:44:05,866000,11.459
2026/04/29 15:44:05,867000,11.462
2026/04/29 15:44:05,868000,11.468
2026/04/29 15:44:05,869000,11.459
2026/04/29 15:44:05,870000,11.465
2026/04/29 15:44:05,871000,11.462
2026/04/29 15:44:05,872000,11.465
2026/04/29 15:44:05,873000,11.459
2026/04/29 15:44:05,874000,11.457
2026/04/29 15:44:05,875000,11.462
2026/04/29 15:44:05,876000,11.462
2026/04/29 15:44:05,877000,11.459
2026/04/29 15:44:05,878000,11.459
2026/04/29 15:44:05,879000,11.457
2026/04/29 15:44:05,880000,11.465
2026/04/29 15:44:05,881000,11.459
2026/04/29 15:44:05,882000,11.462
2026/04/29 15:44:05,883000,11.457
2026/04/29 15:44:05,884000,11.462
2026/04/29 15:44:05,885000,11.459
2026/04/29 15:44:05,886000,11.462
2026/04/29 15:44:05,887000,11.465
2026/04/29 15:44:05,888000,11.465
2026/04/29 15:44:05,889000,11.468
2026/04/29 15:44:05,890000,11.462
2026/04/29 15:44:05,891000,11.468
2026/04/29 15:44:05,892000,11.451
2026/04/29 15:44:05,893000,11.465
2026/04/29 15:44:05,894000,11.462
2026/04/29 15:44:05,895000,11.459
2026/04/29 15:44:05,896000,11.459
2026/04/29 15:44:05,897000,11.468
2026/04/29 15:44:05,898000,11.457
2026/04/29 15:44:05,899000,11.457
2026/04/29 15:44:05,900000,11.462
2026/04/29 15:44:05,901000,11.459
2026/04/29 15:44:05,902000,11.462
2026/04/29 15:44:05,903000,11.462
2026/04/29 15:44:05,904000,11.465
2026/04/29 15:44:05,905000,11.465
2026/04/29 15:44:05,906000,11.462
2026/04/29 15:44:05,907000,11.462
2026/04/29 15:44:05,908000,11.465
2026/04/29 15:44:05,909000,11.465
2026/04/29 15:44:05,910000,11.465
2026/04/29 15:44:05,911000,11.462
2026/04/29 15:44:05,912000,11.465
2026/04/29 15:44:05,913000,11.468
2026/04/29 15:44:05,914000,11.471
2026/04/29 15:44:05,915000,11.459
2026/04/29 15:44:05,916000,11.465
2026/04/29 15:44:05,917000,11.459
2026/04/29 15:44:05,918000,11.465
2026/04/29 15:44:05,919000,11.465
2026/04/29 15:44:05,920000,11.465
2026/04/29 15:44:05,921000,11.462
2026/04/29 15:44:05,922000,11.462
2026/04/29 15:44:05,923000,11.465
2026/04/29 15:44:05,924000,11.459
2026/04/29 15:44:05,925000,11.462
2026/04/29 15:44:05,926000,11.459
2026/04/29 15:44:05,927000,11.465
2026/04/29 15:44:05,928000,11.468
2026/04/29 15:44:05,929000,11.465
2026/04/29 15:44:05,930000,11.462
2026/04/29 15:44:05,931000,11.465
2026/04/29 15:44:05,932000,11.465
2026/04/29 15:44:05,933000,11.459
2026/04/29 15:44:05,934000,11.462
2026/04/29 15:44:05,935000,11.465
2026/04/29 15:44:05,936000,11.459
2026/04/29 15:44:05,937000,11.459
2026/04/29 15:44:05,938000,11.462
2026/04/29 15:44:05,939000,11.468
2026/04/29 15:44:05,940000,11.465
2026/04/29 15:44:05,941000,11.465
2026/04/29 15:44:05,942000,11.465
2026/04/29 15:44:05,943000,11.468
2026/04/29 15:44:05,944000,11.459
2026/04/29 15:44:05,945000,11.468
2026/04/29 15:44:05,946000,11.465
2026/04/29 15:44:05,947000,11.462
2026/04/29 15:44:05,948000,11.465
2026/04/29 15:44:05,949000,11.468
2026/04/29 15:44:05,950000,11.465
2026/04/29 15:44:05,951000,11.471
2026/04/29 15:44:05,952000,11.465
2026/04/29 15:44:05,953000,11.459
2026/04/29 15:44:05,954000,11.465
2026/04/29 15:44:05,955000,11.465
2026/04/29 15:44:05,956000,11.462
2026/04/29 15:44:05,957000,11.465
2026/04/29 15:44:05,958000,11.462
2026/04/29 15:44:05,959000,11.462
2026/04/29 15:44:05,960000,11.462
2026/04/29 15:44:05,961000,11.459
2026/04/29 15:44:05,962000,11.465
2026/04/29 15:44:05,963000,11.465
2026/04/29 15:44:05,964000,11.465
2026/04/29 15:44:05,965000,11.465
2026/04/29 15:44:05,966000,11.462
2026/04/29 15:44:05,967000,11.459
2026/04/29 15:44:05,968000,11.465
2026/04/29 15:44:05,969000,11.462
2026/04/29 15:44:05,970000,11.462
2026/04/29 15:44:05,971000,11.462
2026/04/29 15:44:05,972000,11.468
2026/04/29 15:44:05,973000,11.465
2026/04/29 15:44:05,974000,11.465
2026/04/29 15:44:05,975000,11.462
2026/04/29 15:44:05,976000,11.465
2026/04/29 15:44:05,977000,11.462
2026/04/29 15:44:05,978000,11.468
2026/04/29 15:44:05,979000,11.459
2026/04/29 15:44:05,980000,11.451
2026/04/29 15:44:05,981000,11.465
2026/04/29 15:44:05,982000,11.462
2026/04/29 15:44:05,983000,11.465
2026/04/29 15:44:05,984000,11.462
2026/04/29 15:44:05,985000,11.465
2026/04/29 15:44:05,986000,11.459
2026/04/29 15:44:05,987000,11.462
2026/04/29 15:44:05,988000,11.465
2026/04/29 15:44:05,989000,11.465
2026/04/29 15:44:05,990000,11.465
2026/04/29 15:44:05,991000,11.465
2026/04/29 15:44:05,992000,11.459
2026/04/29 15:44:05,993000,11.465
2026/04/29 15:44:05,994000,11.462
2026/04/29 15:44:05,995000,11.462
2026/04/29 15:44:05,996000,11.465
2026/04/29 15:44:05,997000,11.468
2026/04/29 15:44:05,998000,11.465
2026/04/29 15:44:05,999000,11.459
2026/04/29 15:44:06,000000,11.462
2026/04/29 15:44:06,001000,11.465
2026/04/29 15:44:06,002000,11.454
2026/04/29 15:44:06,003000,11.459
2026/04/29 15:44:06,004000,11.465
2026/04/29 15:44:06,005000,11.468
2026/04/29 15:44:06,006000,11.468
2026/04/29 15:44:06,007000,11.468
2026/04/29 15:44:06,008000,11.462
2026/04/29 15:44:06,009000,11.462
2026/04/29 15:44:06,010000,11.471
2026/04/29 15:44:06,011000,11.459
2026/04/29 15:44:06,012000,11.465
2026/04/29 15:44:06,013000,11.457
2026/04/29 15:44:06,014000,11.462
2026/04/29 15:44:06,015000,11.468
2026/04/29 15:44:06,016000,11.462
2026/04/29 15:44:06,017000,11.465
2026/04/29 15:44:06,018000,11.465
2026/04/29 15:44:06,019000,11.468
2026/04/29 15:44:06,020000,11.459
2026/04/29 15:44:06,021000,11.462
2026/04/29 15:44:06,022000,11.465
2026/04/29 15:44:06,023000,11.459
2026/04/29 15:44:06,024000,11.462
2026/04/29 15:44:06,025000,11.465
2026/04/29 15:44:06,026000,11.468
2026/04/29 15:44:06,027000,11.465
2026/04/29 15:44:06,028000,11.465
2026/04/29 15:44:06,029000,11.465
2026/04/29 15:44:06,030000,11.465
2026/04/29 15:44:06,031000,11.459
2026/04/29 15:44:06,032000,11.465
2026/04/29 15:44:06,033000,11.468
2026/04/29 15:44:06,034000,11.468
2026/04/29 15:44:06,035000,11.459
2026/04/29 15:44:06,036000,11.462
2026/04/29 15:44:06,037000,11.468
2026/04/29 15:44:06,038000,11.465
2026/04/29 15:44:06,039000,11.468
2026/04/29 15:44:06,040000,11.459
2026/04/29 15:44:06,041000,11.465
2026/04/29 15:44:06,042000,11.465
2026/04/29 15:44:06,043000,11.462
2026/04/29 15:44:06,044000,11.465
2026/04/29 15:44:06,045000,11.462
2026/04/29 15:44:06,046000,11.465
2026/04/29 15:44:06,047000,11.465
2026/04/29 15:44:06,048000,11.468
2026/04/29 15:44:06,049000,11.465
2026/04/29 15:44:06,050000,11.462
2026/04/29 15:44:06,051000,11.465
2026/04/29 15:44:06,052000,11.468
2026/04/29 15:44:06,053000,11.462
2026/04/29 15:44:06,054000,11.462
2026/04/29 15:44:06,055000,11.462
2026/04/29 15:44:06,056000,11.471
2026/04/29 15:44:06,057000,11.462
2026/04/29 15:44:06,058000,11.468
2026/04/29 15:44:06,059000,11.465
2026/04/29 15:44:06,060000,11.462
2026/04/29 15:44:06,061000,11.465
2026/04/29 15:44:06,062000,11.459
2026/04/29 15:44:06,063000,11.468
2026/04/29 15:44:06,064000,11.471
2026/04/29 15:44:06,065000,11.465
2026/04/29 15:44:06,066000,11.465
2026/04/29 15:44:06,067000,11.468
2026/04/29 15:44:06,068000,11.465
2026/04/29 15:44:06,069000,11.468
2026/04/29 15:44:06,070000,11.465
2026/04/29 15:44:06,071000,11.468
2026/04/29 15:44:06,072000,11.457
2026/04/29 15:44:06,073000,11.465
2026/04/29 15:44:06,074000,11.468
2026/04/29 15:44:06,075000,11.465
2026/04/29 15:44:06,076000,11.468
2026/04/29 15:44:06,077000,11.462
2026/04/29 15:44:06,078000,11.468
2026/04/29 15:44:06,079000,11.468
2026/04/29 15:44:06,080000,11.459
2026/04/29 15:44:06,081000,11.462
2026/04/29 15:44:06,082000,11.465
2026/04/29 15:44:06,083000,11.465
2026/04/29 15:44:06,084000,11.468
2026/04/29 15:44:06,085000,11.468
2026/04/29 15:44:06,086000,11.465
2026/04/29 15:44:06,087000,11.465
2026/04/29 15:44:06,088000,11.465
2026/04/29 15:44:06,089000,11.459
2026/04/29 15:44:06,090000,11.462
2026/04/29 15:44:06,091000,11.459
2026/04/29 15:44:06,092000,11.468
2026/04/29 15:44:06,093000,11.459
2026/04/29 15:44:06,094000,11.465
2026/04/29 15:44:06,095000,11.468
2026/04/29 15:44:06,096000,11.462
2026/04/29 15:44:06,097000,11.459
2026/04/29 15:44:06,098000,11.462
2026/04/29 15:44:06,099000,11.462
2026/04/29 15:44:06,100000,11.459
2026/04/29 15:44:06,101000,11.462
2026/04/29 15:44:06,102000,11.465
2026/04/29 15:44:06,103000,11.459
2026/04/29 15:44:06,104000,11.468
2026/04/29 15:44:06,105000,11.471
2026/04/29 15:44:06,106000,11.465
2026/04/29 15:44:06,107000,11.462
2026/04/29 15:44:06,108000,11.459
2026/04/29 15:44:06,109000,11.465
2026/04/29 15:44:06,110000,11.471
2026/04/29 15:44:06,111000,11.465
2026/04/29 15:44:06,112000,11.468
2026/04/29 15:44:06,113000,11.468
2026/04/29 15:44:06,114000,11.462
2026/04/29 15:44:06,115000,11.462
2026/04/29 15:44:06,116000,11.465
2026/04/29 15:44:06,117000,11.459
2026/04/29 15:44:06,118000,11.462
2026/04/29 15:44:06,119000,11.462
2026/04/29 15:44:06,120000,11.465
2026/04/29 15:44:06,121000,11.462
2026/04/29 15:44:06,122000,11.468
2026/04/29 15:44:06,123000,11.468
2026/04/29 15:44:06,124000,11.459
2026/04/29 15:44:06,125000,11.465
2026/04/29 15:44:06,126000,11.465
2026/04/29 15:44:06,127000,11.462
2026/04/29 15:44:06,128000,11.462
2026/04/29 15:44:06,129000,11.468
2026/04/29 15:44:06,130000,11.462
2026/04/29 15:44:06,131000,11.457
2026/04/29 15:44:06,132000,11.465
2026/04/29 15:44:06,133000,11.459
2026/04/29 15:44:06,134000,11.459
2026/04/29 15:44:06,135000,11.465
2026/04/29 15:44:06,136000,11.457
2026/04/29 15:44:06,137000,11.468
2026/04/29 15:44:06,138000,11.462
2026/04/29 15:44:06,139000,11.459
2026/04/29 15:44:06,140000,11.465
2026/04/29 15:44:06,141000,11.459
2026/04/29 15:44:06,142000,11.459
2026/04/29 15:44:06,143000,11.471
2026/04/29 15:44:06,144000,11.462
2026/04/29 15:44:06,145000,11.462
2026/04/29 15:44:06,146000,11.465
2026/04/29 15:44:06,147000,11.462
2026/04/29 15:44:06,148000,11.468
2026/04/29 15:44:06,149000,11.468
2026/04/29 15:44:06,150000,11.465
2026/04/29 15:44:06,151000,11.462
2026/04/29 15:44:06,152000,11.468
2026/04/29 15:44:06,153000,11.462
2026/04/29 15:44:06,154000,11.459
2026/04/29 15:44:06,155000,11.459
2026/04/29 15:44:06,156000,11.457
2026/04/29 15:44:06,157000,11.462
2026/04/29 15:44:06,158000,11.465
2026/04/29 15:44:06,159000,11.465
2026/04/29 15:44:06,160000,11.457
2026/04/29 15:44:06,161000,11.459
2026/04/29 15:44:06,162000,11.459
2026/04/29 15:44:06,163000,11.462
2026/04/29 15:44:06,164000,11.462
2026/04/29 15:44:06,165000,11.462
2026/04/29 15:44:06,166000,11.462
2026/04/29 15:44:06,167000,11.462
2026/04/29 15:44:06,168000,11.459
2026/04/29 15:44:06,169000,11.468
2026/04/29 15:44:06,170000,11.462
2026/04/29 15:44:06,171000,11.462
2026/04/29 15:44:06,172000,11.459
2026/04/29 15:44:06,173000,11.465
2026/04/29 15:44:06,174000,11.462
2026/04/29 15:44:06,175000,11.462
2026/04/29 15:44:06,176000,11.468
2026/04/29 15:44:06,177000,11.462
2026/04/29 15:44:06,178000,11.462
2026/04/29 15:44:06,179000,11.465
2026/04/29 15:44:06,180000,11.462
2026/04/29 15:44:06,181000,11.462
2026/04/29 15:44:06,182000,11.457
2026/04/29 15:44:06,183000,11.465
2026/04/29 15:44:06,184000,11.465
2026/04/29 15:44:06,185000,11.457
2026/04/29 15:44:06,186000,11.459
2026/04/29 15:44:06,187000,11.468
2026/04/29 15:44:06,188000,11.465
2026/04/29 15:44:06,189000,11.462
2026/04/29 15:44:06,190000,11.465
2026/04/29 15:44:06,191000,11.459
2026/04/29 15:44:06,192000,11.459
2026/04/29 15:44:06,193000,11.459
2026/04/29 15:44:06,194000,11.465
2026/04/29 15:44:06,195000,11.459
2026/04/29 15:44:06,196000,11.459
2026/04/29 15:44:06,197000,11.468
2026/04/29 15:44:06,198000,11.462
2026/04/29 15:44:06,199000,11.459
2026/04/29 15:44:06,200000,11.459
2026/04/29 15:44:06,201000,11.465
2026/04/29 15:44:06,202000,11.465
2026/04/29 15:44:06,203000,11.465
2026/04/29 15:44:06,204000,11.459
2026/04/29 15:44:06,205000,11.462
2026/04/29 15:44:06,206000,11.465
2026/04/29 15:44:06,207000,11.462
2026/04/29 15:44:06,208000,11.459
2026/04/29 15:44:06,209000,11.465
2026/04/29 15:44:06,210000,11.457
2026/04/29 15:44:06,211000,11.459
2026/04/29 15:44:06,212000,11.465
2026/04/29 15:44:06,213000,11.465
2026/04/29 15:44:06,214000,11.462
2026/04/29 15:44:06,215000,11.468
2026/04/29 15:44:06,216000,11.468
2026/04/29 15:44:06,217000,11.462
2026/04/29 15:44:06,218000,11.465
2026/04/29 15:44:06,219000,11.465
2026/04/29 15:44:06,220000,11.462
2026/04/29 15:44:06,221000,11.468
2026/04/29 15:44:06,222000,11.459
2026/04/29 15:44:06,223000,11.462
2026/04/29 15:44:06,224000,11.465
2026/04/29 15:44:06,225000,11.459
2026/04/29 15:44:06,226000,11.459
2026/04/29 15:44:06,227000,11.459
2026/04/29 15:44:06,228000,11.459
2026/04/29 15:44:06,229000,11.468
2026/04/29 15:44:06,230000,11.462
2026/04/29 15:44:06,231000,11.471
2026/04/29 15:44:06,232000,11.462
2026/04/29 15:44:06,233000,11.468
2026/04/29 15:44:06,234000,11.462
2026/04/29 15:44:06,235000,11.462
2026/04/29 15:44:06,236000,11.459
2026/04/29 15:44:06,237000,11.459
2026/04/29 15:44:06,238000,11.462
2026/04/29 15:44:06,239000,11.465
2026/04/29 15:44:06,240000,11.465
2026/04/29 15:44:06,241000,11.468
2026/04/29 15:44:06,242000,11.465
2026/04/29 15:44:06,243000,11.462
2026/04/29 15:44:06,244000,11.459
2026/04/29 15:44:06,245000,11.465
2026/04/29 15:44:06,246000,11.465
2026/04/29 15:44:06,247000,11.459
2026/04/29 15:44:06,248000,11.459
2026/04/29 15:44:06,249000,11.462
2026/04/29 15:44:06,250000,11.459
2026/04/29 15:44:06,251000,11.457
2026/04/29 15:44:06,252000,11.465
2026/04/29 15:44:06,253000,11.462
2026/04/29 15:44:06,254000,11.471
2026/04/29 15:44:06,255000,11.465
2026/04/29 15:44:06,256000,11.459
2026/04/29 15:44:06,257000,11.462
2026/04/29 15:44:06,258000,11.468
2026/04/29 15:44:06,259000,11.465
2026/04/29 15:44:06,260000,11.459
2026/04/29 15:44:06,261000,11.462
2026/04/29 15:44:06,262000,11.465
2026/04/29 15:44:06,263000,11.457
2026/04/29 15:44:06,264000,11.459
2026/04/29 15:44:06,265000,11.459
2026/04/29 15:44:06,266000,11.457
2026/04/29 15:44:06,267000,11.462
2026/04/29 15:44:06,268000,11.459
2026/04/29 15:44:06,269000,11.459
2026/04/29 15:44:06,270000,11.462
2026/04/29 15:44:06,271000,11.468
2026/04/29 15:44:06,272000,11.468
2026/04/29 15:44:06,273000,11.462
2026/04/29 15:44:06,274000,11.462
2026/04/29 15:44:06,275000,11.462
2026/04/29 15:44:06,276000,11.465
2026/04/29 15:44:06,277000,11.468
2026/04/29 15:44:06,278000,11.459
2026/04/29 15:44:06,279000,11.468
2026/04/29 15:44:06,280000,11.459
2026/04/29 15:44:06,281000,11.459
2026/04/29 15:44:06,282000,11.462
2026/04/29 15:44:06,283000,11.465
2026/04/29 15:44:06,284000,11.462
2026/04/29 15:44:06,285000,11.462
2026/04/29 15:44:06,286000,11.468
2026/04/29 15:44:06,287000,11.459
2026/04/29 15:44:06,288000,11.457
2026/04/29 15:44:06,289000,11.459
2026/04/29 15:44:06,290000,11.465
2026/04/29 15:44:06,291000,11.465
2026/04/29 15:44:06,292000,11.462
2026/04/29 15:44:06,293000,11.465
2026/04/29 15:44:06,294000,11.457
2026/04/29 15:44:06,295000,11.459
2026/04/29 15:44:06,296000,11.465
2026/04/29 15:44:06,297000,11.459
2026/04/29 15:44:06,298000,11.468
2026/04/29 15:44:06,299000,11.462
2026/04/29 15:44:06,300000,11.459
2026/04/29 15:44:06,301000,11.459
2026/04/29 15:44:06,302000,11.457
2026/04/29 15:44:06,303000,11.465
2026/04/29 15:44:06,304000,11.468
2026/04/29 15:44:06,305000,11.459
2026/04/29 15:44:06,306000,11.465
2026/04/29 15:44:06,307000,11.459
2026/04/29 15:44:06,308000,11.459
2026/04/29 15:44:06,309000,11.462
2026/04/29 15:44:06,310000,11.459
2026/04/29 15:44:06,311000,11.459
2026/04/29 15:44:06,312000,11.468
2026/04/29 15:44:06,313000,11.462
2026/04/29 15:44:06,314000,11.459
2026/04/29 15:44:06,315000,11.468
2026/04/29 15:44:06,316000,11.459
2026/04/29 15:44:06,317000,11.462
2026/04/29 15:44:06,318000,11.462
2026/04/29 15:44:06,319000,11.457
2026/04/29 15:44:06,320000,11.457
2026/04/29 15:44:06,321000,11.465
2026/04/29 15:44:06,322000,11.465
2026/04/29 15:44:06,323000,11.465
2026/04/29 15:44:06,324000,11.468
2026/04/29 15:44:06,325000,11.459
2026/04/29 15:44:06,326000,11.462
2026/04/29 15:44:06,327000,11.462
2026/04/29 15:44:06,328000,11.465
2026/04/29 15:44:06,329000,11.465
2026/04/29 15:44:06,330000,11.465
2026/04/29 15:44:06,331000,11.462
2026/04/29 15:44:06,332000,11.462
2026/04/29 15:44:06,333000,11.457
2026/04/29 15:44:06,334000,11.462
2026/04/29 15:44:06,335000,11.459
2026/04/29 15:44:06,336000,11.465
2026/04/29 15:44:06,337000,11.468
2026/04/29 15:44:06,338000,11.462
2026/04/29 15:44:06,339000,11.457
2026/04/29 15:44:06,340000,11.459
2026/04/29 15:44:06,341000,11.465
2026/04/29 15:44:06,342000,11.459
2026/04/29 15:44:06,343000,11.465
2026/04/29 15:44:06,344000,11.459
2026/04/29 15:44:06,345000,11.459
2026/04/29 15:44:06,346000,11.465
2026/04/29 15:44:06,347000,11.462
2026/04/29 15:44:06,348000,11.462
2026/04/29 15:44:06,349000,11.471
2026/04/29 15:44:06,350000,11.465
2026/04/29 15:44:06,351000,11.462
2026/04/29 15:44:06,352000,11.457
2026/04/29 15:44:06,353000,11.459
2026/04/29 15:44:06,354000,11.457
2026/04/29 15:44:06,355000,11.462
2026/04/29 15:44:06,356000,11.459
2026/04/29 15:44:06,357000,11.459
2026/04/29 15:44:06,358000,11.465
2026/04/29 15:44:06,359000,11.465
2026/04/29 15:44:06,360000,11.465
2026/04/29 15:44:06,361000,11.459
2026/04/29 15:44:06,362000,11.457
2026/04/29 15:44:06,363000,11.462
2026/04/29 15:44:06,364000,11.462
2026/04/29 15:44:06,365000,11.462
2026/04/29 15:44:06,366000,11.465
2026/04/29 15:44:06,367000,11.459
2026/04/29 15:44:06,368000,11.459
2026/04/29 15:44:06,369000,11.459
2026/04/29 15:44:06,370000,11.462
2026/04/29 15:44:06,371000,11.457
2026/04/29 15:44:06,372000,11.462
2026/04/29 15:44:06,373000,11.462
2026/04/29 15:44:06,374000,11.462
2026/04/29 15:44:06,375000,11.465
2026/04/29 15:44:06,376000,11.462
2026/04/29 15:44:06,377000,11.462
2026/04/29 15:44:06,378000,11.465
2026/04/29 15:44:06,379000,11.465
2026/04/29 15:44:06,380000,11.462
2026/04/29 15:44:06,381000,11.465
2026/04/29 15:44:06,382000,11.465
2026/04/29 15:44:06,383000,11.459
2026/04/29 15:44:06,384000,11.465
2026/04/29 15:44:06,385000,11.459
2026/04/29 15:44:06,386000,11.465
2026/04/29 15:44:06,387000,11.459
2026/04/29 15:44:06,388000,11.465
2026/04/29 15:44:06,389000,11.457
2026/04/29 15:44:06,390000,11.462
2026/04/29 15:44:06,391000,11.459
2026/04/29 15:44:06,392000,11.465
2026/04/29 15:44:06,393000,11.465
2026/04/29 15:44:06,394000,11.471
2026/04/29 15:44:06,395000,11.462
2026/04/29 15:44:06,396000,11.459
2026/04/29 15:44:06,397000,11.462
2026/04/29 15:44:06,398000,11.468
2026/04/29 15:44:06,399000,11.457
2026/04/29 15:44:06,400000,11.462
2026/04/29 15:44:06,401000,11.459
2026/04/29 15:44:06,402000,11.462
2026/04/29 15:44:06,403000,11.471
2026/04/29 15:44:06,404000,11.459
2026/04/29 15:44:06,405000,11.465
2026/04/29 15:44:06,406000,11.457
2026/04/29 15:44:06,407000,11.462
2026/04/29 15:44:06,408000,11.465
2026/04/29 15:44:06,409000,11.462
2026/04/29 15:44:06,410000,11.471
2026/04/29 15:44:06,411000,11.465
2026/04/29 15:44:06,412000,11.468
2026/04/29 15:44:06,413000,11.465
2026/04/29 15:44:06,414000,11.462
2026/04/29 15:44:06,415000,11.459
2026/04/29 15:44:06,416000,11.468
2026/04/29 15:44:06,417000,11.465
2026/04/29 15:44:06,418000,11.462
2026/04/29 15:44:06,419000,11.462
2026/04/29 15:44:06,420000,11.462
2026/04/29 15:44:06,421000,11.462
2026/04/29 15:44:06,422000,11.462
2026/04/29 15:44:06,423000,11.459
2026/04/29 15:44:06,424000,11.462
2026/04/29 15:44:06,425000,11.462
2026/04/29 15:44:06,426000,11.462
2026/04/29 15:44:06,427000,11.465
2026/04/29 15:44:06,428000,11.462
2026/04/29 15:44:06,429000,11.459
2026/04/29 15:44:06,430000,11.468
2026/04/29 15:44:06,431000,11.462
2026/04/29 15:44:06,432000,11.457
2026/04/29 15:44:06,433000,11.462
2026/04/29 15:44:06,434000,11.459
2026/04/29 15:44:06,435000,11.462
2026/04/29 15:44:06,436000,11.459
2026/04/29 15:44:06,437000,11.468
2026/04/29 15:44:06,438000,11.465
2026/04/29 15:44:06,439000,11.465
2026/04/29 15:44:06,440000,11.462
2026/04/29 15:44:06,441000,11.462
2026/04/29 15:44:06,442000,11.459
2026/04/29 15:44:06,443000,11.465
2026/04/29 15:44:06,444000,11.465
2026/04/29 15:44:06,445000,11.459
2026/04/29 15:44:06,446000,11.465
2026/04/29 15:44:06,447000,11.462
2026/04/29 15:44:06,448000,11.459
2026/04/29 15:44:06,449000,11.468
2026/04/29 15:44:06,450000,11.465
2026/04/29 15:44:06,451000,11.462
2026/04/29 15:44:06,452000,11.465
2026/04/29 15:44:06,453000,11.471
2026/04/29 15:44:06,454000,11.459
2026/04/29 15:44:06,455000,11.459
2026/04/29 15:44:06,456000,11.459
2026/04/29 15:44:06,457000,11.457
2026/04/29 15:44:06,458000,11.468
2026/04/29 15:44:06,459000,11.465
2026/04/29 15:44:06,460000,11.468
2026/04/29 15:44:06,461000,11.465
2026/04/29 15:44:06,462000,11.462
2026/04/29 15:44:06,463000,11.471
2026/04/29 15:44:06,464000,11.465
2026/04/29 15:44:06,465000,11.459
2026/04/29 15:44:06,466000,11.462
2026/04/29 15:44:06,467000,11.462
2026/04/29 15:44:06,468000,11.465
2026/04/29 15:44:06,469000,11.468
2026/04/29 15:44:06,470000,11.462
2026/04/29 15:44:06,471000,11.462
2026/04/29 15:44:06,472000,11.462
2026/04/29 15:44:06,473000,11.465
2026/04/29 15:44:06,474000,11.459
2026/04/29 15:44:06,475000,11.462
2026/04/29 15:44:06,476000,11.459
2026/04/29 15:44:06,477000,11.471
2026/04/29 15:44:06,478000,11.465
2026/04/29 15:44:06,479000,11.465
2026/04/29 15:44:06,480000,11.465
2026/04/29 15:44:06,481000,11.462
2026/04/29 15:44:06,482000,11.457
2026/04/29 15:44:06,483000,11.462
2026/04/29 15:44:06,484000,11.468
2026/04/29 15:44:06,485000,11.462
2026/04/29 15:44:06,486000,11.465
2026/04/29 15:44:06,487000,11.457
2026/04/29 15:44:06,488000,11.468
2026/04/29 15:44:06,489000,11.465
2026/04/29 15:44:06,490000,11.468
2026/04/29 15:44:06,491000,11.462
2026/04/29 15:44:06,492000,11.462
2026/04/29 15:44:06,493000,11.459
2026/04/29 15:44:06,494000,11.465
2026/04/29 15:44:06,495000,11.462
2026/04/29 15:44:06,496000,11.462
2026/04/29 15:44:06,497000,11.459
2026/04/29 15:44:06,498000,11.459
2026/04/29 15:44:06,499000,11.462
2026/04/29 15:44:06,500000,11.462
2026/04/29 15:44:06,501000,11.465
2026/04/29 15:44:06,502000,11.471
2026/04/29 15:44:06,503000,11.459
2026/04/29 15:44:06,504000,11.462
2026/04/29 15:44:06,505000,11.462
2026/04/29 15:44:06,506000,11.462
2026/04/29 15:44:06,507000,11.468
2026/04/29 15:44:06,508000,11.465
2026/04/29 15:44:06,509000,11.465
2026/04/29 15:44:06,510000,11.462
2026/04/29 15:44:06,511000,11.468
2026/04/29 15:44:06,512000,11.462
2026/04/29 15:44:06,513000,11.462
2026/04/29 15:44:06,514000,11.459
2026/04/29 15:44:06,515000,11.465
2026/04/29 15:44:06,516000,11.465
2026/04/29 15:44:06,517000,11.462
2026/04/29 15:44:06,518000,11.468
2026/04/29 15:44:06,519000,11.476
2026/04/29 15:44:06,520000,11.465
2026/04/29 15:44:06,521000,11.462
2026/04/29 15:44:06,522000,11.462
2026/04/29 15:44:06,523000,11.462
2026/04/29 15:44:06,524000,11.465
2026/04/29 15:44:06,525000,11.462
2026/04/29 15:44:06,526000,11.465
2026/04/29 15:44:06,527000,11.459
2026/04/29 15:44:06,528000,11.462
2026/04/29 15:44:06,529000,11.468
2026/04/29 15:44:06,530000,11.462
2026/04/29 15:44:06,531000,11.465
2026/04/29 15:44:06,532000,11.465
2026/04/29 15:44:06,533000,11.468
2026/04/29 15:44:06,534000,11.462
2026/04/29 15:44:06,535000,11.465
2026/04/29 15:44:06,536000,11.465
2026/04/29 15:44:06,537000,11.468
2026/04/29 15:44:06,538000,11.462
2026/04/29 15:44:06,539000,11.465
2026/04/29 15:44:06,540000,11.462
2026/04/29 15:44:06,541000,11.462
2026/04/29 15:44:06,542000,11.465
2026/04/29 15:44:06,543000,11.462
2026/04/29 15:44:06,544000,11.468
2026/04/29 15:44:06,545000,11.462
2026/04/29 15:44:06,546000,11.465
2026/04/29 15:44:06,547000,11.471
2026/04/29 15:44:06,548000,11.468
2026/04/29 15:44:06,549000,11.462
2026/04/29 15:44:06,550000,11.465
2026/04/29 15:44:06,551000,11.459
2026/04/29 15:44:06,552000,11.465
2026/04/29 15:44:06,553000,11.465
2026/04/29 15:44:06,554000,11.462
2026/04/29 15:44:06,555000,11.471
2026/04/29 15:44:06,556000,11.471
2026/04/29 15:44:06,557000,11.465
2026/04/29 15:44:06,558000,11.468
2026/04/29 15:44:06,559000,11.468
2026/04/29 15:44:06,560000,11.471
2026/04/29 15:44:06,561000,11.471
2026/04/29 15:44:06,562000,11.459
2026/04/29 15:44:06,563000,11.471
2026/04/29 15:44:06,564000,11.462
2026/04/29 15:44:06,565000,11.468
2026/04/29 15:44:06,566000,11.465
2026/04/29 15:44:06,567000,11.468
2026/04/29 15:44:06,568000,11.462
2026/04/29 15:44:06,569000,11.465
2026/04/29 15:44:06,570000,11.459
2026/04/29 15:44:06,571000,11.468
2026/04/29 15:44:06,572000,11.459
2026/04/29 15:44:06,573000,11.465
2026/04/29 15:44:06,574000,11.465
2026/04/29 15:44:06,575000,11.462
2026/04/29 15:44:06,576000,11.471
2026/04/29 15:44:06,577000,11.462
2026/04/29 15:44:06,578000,11.465
2026/04/29 15:44:06,579000,11.462
2026/04/29 15:44:06,580000,11.465
2026/04/29 15:44:06,581000,11.462
2026/04/29 15:44:06,582000,11.471
2026/04/29 15:44:06,583000,11.471
2026/04/29 15:44:06,584000,11.468
2026/04/29 15:44:06,585000,11.462
2026/04/29 15:44:06,586000,11.468
2026/04/29 15:44:06,587000,11.465
2026/04/29 15:44:06,588000,11.462
2026/04/29 15:44:06,589000,11.465
2026/04/29 15:44:06,590000,11.462
2026/04/29 15:44:06,591000,11.462
2026/04/29 15:44:06,592000,11.468
2026/04/29 15:44:06,593000,11.465
2026/04/29 15:44:06,594000,11.468
2026/04/29 15:44:06,595000,11.465
2026/04/29 15:44:06,596000,11.459
2026/04/29 15:44:06,597000,11.468
2026/04/29 15:44:06,598000,11.465
2026/04/29 15:44:06,599000,11.459
2026/04/29 15:44:06,600000,11.471
2026/04/29 15:44:06,601000,11.468
2026/04/29 15:44:06,602000,11.465
2026/04/29 15:44:06,603000,11.465
2026/04/29 15:44:06,604000,11.459
2026/04/29 15:44:06,605000,11.462
2026/04/29 15:44:06,606000,11.471
2026/04/29 15:44:06,607000,11.462
2026/04/29 15:44:06,608000,11.459
2026/04/29 15:44:06,609000,11.468
2026/04/29 15:44:06,610000,11.465
2026/04/29 15:44:06,611000,11.459
2026/04/29 15:44:06,612000,11.465
2026/04/29 15:44:06,613000,11.462
2026/04/29 15:44:06,614000,11.468
2026/04/29 15:44:06,615000,11.465
2026/04/29 15:44:06,616000,11.462
2026/04/29 15:44:06,617000,11.468
2026/04/29 15:44:06,618000,11.465
2026/04/29 15:44:06,619000,11.465
2026/04/29 15:44:06,620000,11.462
2026/04/29 15:44:06,621000,11.462
2026/04/29 15:44:06,622000,11.462
2026/04/29 15:44:06,623000,11.462
2026/04/29 15:44:06,624000,11.462
2026/04/29 15:44:06,625000,11.457
2026/04/29 15:44:06,626000,11.468
2026/04/29 15:44:06,627000,11.468
2026/04/29 15:44:06,628000,11.462
2026/04/29 15:44:06,629000,11.462
2026/04/29 15:44:06,630000,11.465
2026/04/29 15:44:06,631000,11.468
2026/04/29 15:44:06,632000,11.459
2026/04/29 15:44:06,633000,11.459
2026/04/29 15:44:06,634000,11.462
2026/04/29 15:44:06,635000,11.468
2026/04/29 15:44:06,636000,11.465
2026/04/29 15:44:06,637000,11.462
2026/04/29 15:44:06,638000,11.462
2026/04/29 15:44:06,639000,11.468
2026/04/29 15:44:06,640000,11.465
2026/04/29 15:44:06,641000,11.462
2026/04/29 15:44:06,642000,11.465
2026/04/29 15:44:06,643000,11.471
2026/04/29 15:44:06,644000,11.465
2026/04/29 15:44:06,645000,11.468
2026/04/29 15:44:06,646000,11.471
2026/04/29 15:44:06,647000,11.468
2026/04/29 15:44:06,648000,11.459
2026/04/29 15:44:06,649000,11.468
2026/04/29 15:44:06,650000,11.471
2026/04/29 15:44:06,651000,11.468
2026/04/29 15:44:06,652000,11.465
2026/04/29 15:44:06,653000,11.459
2026/04/29 15:44:06,654000,11.468
2026/04/29 15:44:06,655000,11.462
2026/04/29 15:44:06,656000,11.462
2026/04/29 15:44:06,657000,11.468
2026/04/29 15:44:06,658000,11.459
2026/04/29 15:44:06,659000,11.462
2026/04/29 15:44:06,660000,11.468
2026/04/29 15:44:06,661000,11.459
2026/04/29 15:44:06,662000,11.465
2026/04/29 15:44:06,663000,11.462
2026/04/29 15:44:06,664000,11.465
2026/04/29 15:44:06,665000,11.459
2026/04/29 15:44:06,666000,11.462
2026/04/29 15:44:06,667000,11.468
2026/04/29 15:44:06,668000,11.462
2026/04/29 15:44:06,669000,11.465
2026/04/29 15:44:06,670000,11.465
2026/04/29 15:44:06,671000,11.468
2026/04/29 15:44:06,672000,11.465
2026/04/29 15:44:06,673000,11.465
2026/04/29 15:44:06,674000,11.459
2026/04/29 15:44:06,675000,11.465
2026/04/29 15:44:06,676000,11.465
2026/04/29 15:44:06,677000,11.468
2026/04/29 15:44:06,678000,11.465
2026/04/29 15:44:06,679000,11.468
2026/04/29 15:44:06,680000,11.462
2026/04/29 15:44:06,681000,11.465
2026/04/29 15:44:06,682000,11.459
2026/04/29 15:44:06,683000,11.465
2026/04/29 15:44:06,684000,11.465
2026/04/29 15:44:06,685000,11.462
2026/04/29 15:44:06,686000,11.462
2026/04/29 15:44:06,687000,11.462
2026/04/29 15:44:06,688000,11.462
2026/04/29 15:44:06,689000,11.465
2026/04/29 15:44:06,690000,11.465
2026/04/29 15:44:06,691000,11.465
2026/04/29 15:44:06,692000,11.462
2026/04/29 15:44:06,693000,11.465
2026/04/29 15:44:06,694000,11.462
2026/04/29 15:44:06,695000,11.465
2026/04/29 15:44:06,696000,11.459
2026/04/29 15:44:06,697000,11.468
2026/04/29 15:44:06,698000,11.468
2026/04/29 15:44:06,699000,11.471
2026/04/29 15:44:06,700000,11.468
2026/04/29 15:44:06,701000,11.459
2026/04/29 15:44:06,702000,11.468
2026/04/29 15:44:06,703000,11.465
2026/04/29 15:44:06,704000,11.462
2026/04/29 15:44:06,705000,11.462
2026/04/29 15:44:06,706000,11.465
2026/04/29 15:44:06,707000,11.462
2026/04/29 15:44:06,708000,11.468
2026/04/29 15:44:06,709000,11.465
2026/04/29 15:44:06,710000,11.468
2026/04/29 15:44:06,711000,11.459
2026/04/29 15:44:06,712000,11.465
2026/04/29 15:44:06,713000,11.465
2026/04/29 15:44:06,714000,11.465
2026/04/29 15:44:06,715000,11.465
2026/04/29 15:44:06,716000,11.465
2026/04/29 15:44:06,717000,11.459
2026/04/29 15:44:06,718000,11.465
2026/04/29 15:44:06,719000,11.462
2026/04/29 15:44:06,720000,11.459
2026/04/29 15:44:06,721000,11.459
2026/04/29 15:44:06,722000,11.454
2026/04/29 15:44:06,723000,11.471
2026/04/29 15:44:06,724000,11.462
2026/04/29 15:44:06,725000,11.462
2026/04/29 15:44:06,726000,11.465
2026/04/29 15:44:06,727000,11.459
2026/04/29 15:44:06,728000,11.462
2026/04/29 15:44:06,729000,11.468
2026/04/29 15:44:06,730000,11.465
2026/04/29 15:44:06,731000,11.459
2026/04/29 15:44:06,732000,11.462
2026/04/29 15:44:06,733000,11.459
2026/04/29 15:44:06,734000,11.459
2026/04/29 15:44:06,735000,11.459
2026/04/29 15:44:06,736000,11.459
2026/04/29 15:44:06,737000,11.465
2026/04/29 15:44:06,738000,11.462
2026/04/29 15:44:06,739000,11.459
2026/04/29 15:44:06,740000,11.457
2026/04/29 15:44:06,741000,11.471
2026/04/29 15:44:06,742000,11.459
2026/04/29 15:44:06,743000,11.462
2026/04/29 15:44:06,744000,11.465
2026/04/29 15:44:06,745000,11.457
2026/04/29 15:44:06,746000,11.468
2026/04/29 15:44:06,747000,11.462
2026/04/29 15:44:06,748000,11.465
2026/04/29 15:44:06,749000,11.465
2026/04/29 15:44:06,750000,11.471
2026/04/29 15:44:06,751000,11.462
2026/04/29 15:44:06,752000,11.465
2026/04/29 15:44:06,753000,11.462
2026/04/29 15:44:06,754000,11.465
2026/04/29 15:44:06,755000,11.462
2026/04/29 15:44:06,756000,11.465
2026/04/29 15:44:06,757000,11.459
2026/04/29 15:44:06,758000,11.465
2026/04/29 15:44:06,759000,11.465
2026/04/29 15:44:06,760000,11.459
2026/04/29 15:44:06,761000,11.465
2026/04/29 15:44:06,762000,11.468
2026/04/29 15:44:06,763000,11.465
2026/04/29 15:44:06,764000,11.462
2026/04/29 15:44:06,765000,11.459
2026/04/29 15:44:06,766000,11.459
2026/04/29 15:44:06,767000,11.462
2026/04/29 15:44:06,768000,11.465
2026/04/29 15:44:06,769000,11.465
2026/04/29 15:44:06,770000,11.465
2026/04/29 15:44:06,771000,11.462
2026/04/29 15:44:06,772000,11.465
2026/04/29 15:44:06,773000,11.459
2026/04/29 15:44:06,774000,11.459
2026/04/29 15:44:06,775000,11.459
2026/04/29 15:44:06,776000,11.465
2026/04/29 15:44:06,777000,11.468
2026/04/29 15:44:06,778000,11.462
2026/04/29 15:44:06,779000,11.462
2026/04/29 15:44:06,780000,11.459
2026/04/29 15:44:06,781000,11.468
2026/04/29 15:44:06,782000,11.459
2026/04/29 15:44:06,783000,11.457
2026/04/29 15:44:06,784000,11.468
2026/04/29 15:44:06,785000,11.462
2026/04/29 15:44:06,786000,11.465
2026/04/29 15:44:06,787000,11.459
2026/04/29 15:44:06,788000,11.473
2026/04/29 15:44:06,789000,11.459
2026/04/29 15:44:06,790000,11.459
2026/04/29 15:44:06,791000,11.465
2026/04/29 15:44:06,792000,11.462
2026/04/29 15:44:06,793000,11.462
2026/04/29 15:44:06,794000,11.459
2026/04/29 15:44:06,795000,11.457
2026/04/29 15:44:06,796000,11.465
2026/04/29 15:44:06,797000,11.462
2026/04/29 15:44:06,798000,11.459
2026/04/29 15:44:06,799000,11.462
2026/04/29 15:44:06,800000,11.465
2026/04/29 15:44:06,801000,11.459
2026/04/29 15:44:06,802000,11.462
2026/04/29 15:44:06,803000,11.462
2026/04/29 15:44:06,804000,11.462
2026/04/29 15:44:06,805000,11.459
2026/04/29 15:44:06,806000,11.465
2026/04/29 15:44:06,807000,11.459
2026/04/29 15:44:06,808000,11.465
2026/04/29 15:44:06,809000,11.468
2026/04/29 15:44:06,810000,11.459
2026/04/29 15:44:06,811000,11.459
2026/04/29 15:44:06,812000,11.468
2026/04/29 15:44:06,813000,11.468
2026/04/29 15:44:06,814000,11.465
2026/04/29 15:44:06,815000,11.462
2026/04/29 15:44:06,816000,11.465
2026/04/29 15:44:06,817000,11.462
2026/04/29 15:44:06,818000,11.462
2026/04/29 15:44:06,819000,11.457
2026/04/29 15:44:06,820000,11.462
2026/04/29 15:44:06,821000,11.462
2026/04/29 15:44:06,822000,11.462
2026/04/29 15:44:06,823000,11.465
2026/04/29 15:44:06,824000,11.465
2026/04/29 15:44:06,825000,11.462
2026/04/29 15:44:06,826000,11.462
2026/04/29 15:44:06,827000,11.465
2026/04/29 15:44:06,828000,11.462
2026/04/29 15:44:06,829000,11.459
2026/04/29 15:44:06,830000,11.468
2026/04/29 15:44:06,831000,11.457
2026/04/29 15:44:06,832000,11.462
2026/04/29 15:44:06,833000,11.465
2026/04/29 15:44:06,834000,11.462
2026/04/29 15:44:06,835000,11.468
2026/04/29 15:44:06,836000,11.462
2026/04/29 15:44:06,837000,11.462
2026/04/29 15:44:06,838000,11.462
2026/04/29 15:44:06,839000,11.457
2026/04/29 15:44:06,840000,11.465
2026/04/29 15:44:06,841000,11.465
2026/04/29 15:44:06,842000,11.471
2026/04/29 15:44:06,843000,11.465
2026/04/29 15:44:06,844000,11.462
2026/04/29 15:44:06,845000,11.462
2026/04/29 15:44:06,846000,11.468
2026/04/29 15:44:06,847000,11.465
2026/04/29 15:44:06,848000,11.459
2026/04/29 15:44:06,849000,11.462
2026/04/29 15:44:06,850000,11.462
2026/04/29 15:44:06,851000,11.459
2026/04/29 15:44:06,852000,11.459
2026/04/29 15:44:06,853000,11.465
2026/04/29 15:44:06,854000,11.457
2026/04/29 15:44:06,855000,11.462
2026/04/29 15:44:06,856000,11.462
2026/04/29 15:44:06,857000,11.459
2026/04/29 15:44:06,858000,11.459
2026/04/29 15:44:06,859000,11.459
2026/04/29 15:44:06,860000,11.465
2026/04/29 15:44:06,861000,11.468
2026/04/29 15:44:06,862000,11.465
2026/04/29 15:44:06,863000,11.465
2026/04/29 15:44:06,864000,11.465
2026/04/29 15:44:06,865000,11.457
2026/04/29 15:44:06,866000,11.459
2026/04/29 15:44:06,867000,11.462
2026/04/29 15:44:06,868000,11.462
2026/04/29 15:44:06,869000,11.459
2026/04/29 15:44:06,870000,11.468
2026/04/29 15:44:06,871000,11.459
2026/04/29 15:44:06,872000,11.462
2026/04/29 15:44:06,873000,11.459
2026/04/29 15:44:06,874000,11.465
2026/04/29 15:44:06,875000,11.459
2026/04/29 15:44:06,876000,11.459
2026/04/29 15:44:06,877000,11.468
2026/04/29 15:44:06,878000,11.462
2026/04/29 15:44:06,879000,11.462
2026/04/29 15:44:06,880000,11.457
2026/04/29 15:44:06,881000,11.465
2026/04/29 15:44:06,882000,11.459
2026/04/29 15:44:06,883000,11.465
2026/04/29 15:44:06,884000,11.468
2026/04/29 15:44:06,885000,11.459
2026/04/29 15:44:06,886000,11.462
2026/04/29 15:44:06,887000,11.465
2026/04/29 15:44:06,888000,11.465
2026/04/29 15:44:06,889000,11.471
2026/04/29 15:44:06,890000,11.465
2026/04/29 15:44:06,891000,11.465
2026/04/29 15:44:06,892000,11.468
2026/04/29 15:44:06,893000,11.462
2026/04/29 15:44:06,894000,11.465
2026/04/29 15:44:06,895000,11.465
2026/04/29 15:44:06,896000,11.465
2026/04/29 15:44:06,897000,11.459
2026/04/29 15:44:06,898000,11.468
2026/04/29 15:44:06,899000,11.468
2026/04/29 15:44:06,900000,11.454
2026/04/29 15:44:06,901000,11.459
2026/04/29 15:44:06,902000,11.462
2026/04/29 15:44:06,903000,11.459
2026/04/29 15:44:06,904000,11.459
2026/04/29 15:44:06,905000,11.462
2026/04/29 15:44:06,906000,11.459
2026/04/29 15:44:06,907000,11.462
2026/04/29 15:44:06,908000,11.459
2026/04/29 15:44:06,909000,11.471
2026/04/29 15:44:06,910000,11.465
2026/04/29 15:44:06,911000,11.462
2026/04/29 15:44:06,912000,11.462
2026/04/29 15:44:06,913000,11.465
2026/04/29 15:44:06,914000,11.465
2026/04/29 15:44:06,915000,11.462
2026/04/29 15:44:06,916000,11.465
2026/04/29 15:44:06,917000,11.471
2026/04/29 15:44:06,918000,11.465
2026/04/29 15:44:06,919000,11.462
2026/04/29 15:44:06,920000,11.462
2026/04/29 15:44:06,921000,11.465
2026/04/29 15:44:06,922000,11.462
2026/04/29 15:44:06,923000,11.468
2026/04/29 15:44:06,924000,11.468
2026/04/29 15:44:06,925000,11.468
2026/04/29 15:44:06,926000,11.462
2026/04/29 15:44:06,927000,11.459
2026/04/29 15:44:06,928000,11.465
2026/04/29 15:44:06,929000,11.459
2026/04/29 15:44:06,930000,11.465
2026/04/29 15:44:06,931000,11.468
2026/04/29 15:44:06,932000,11.465
2026/04/29 15:44:06,933000,11.465
2026/04/29 15:44:06,934000,11.465
2026/04/29 15:44:06,935000,11.468
2026/04/29 15:44:06,936000,11.465
2026/04/29 15:44:06,937000,11.457
2026/04/29 15:44:06,938000,11.465
2026/04/29 15:44:06,939000,11.471
2026/04/29 15:44:06,940000,11.459
2026/04/29 15:44:06,941000,11.465
2026/04/29 15:44:06,942000,11.459
2026/04/29 15:44:06,943000,11.468
2026/04/29 15:44:06,944000,11.465
2026/04/29 15:44:06,945000,11.471
2026/04/29 15:44:06,946000,11.465
2026/04/29 15:44:06,947000,11.457
2026/04/29 15:44:06,948000,11.465
2026/04/29 15:44:06,949000,11.468
2026/04/29 15:44:06,950000,11.465
2026/04/29 15:44:06,951000,11.465
2026/04/29 15:44:06,952000,11.462
2026/04/29 15:44:06,953000,11.465
2026/04/29 15:44:06,954000,11.468
2026/04/29 15:44:06,955000,11.462
2026/04/29 15:44:06,956000,11.459
2026/04/29 15:44:06,957000,11.457
2026/04/29 15:44:06,958000,11.465
2026/04/29 15:44:06,959000,11.465
2026/04/29 15:44:06,960000,11.468
2026/04/29 15:44:06,961000,11.462
2026/04/29 15:44:06,962000,11.462
2026/04/29 15:44:06,963000,11.459
2026/04/29 15:44:06,964000,11.465
2026/04/29 15:44:06,965000,11.468
2026/04/29 15:44:06,966000,11.468
2026/04/29 15:44:06,967000,11.465
2026/04/29 15:44:06,968000,11.462
2026/04/29 15:44:06,969000,11.468
2026/04/29 15:44:06,970000,11.471
2026/04/29 15:44:06,971000,11.468
2026/04/29 15:44:06,972000,11.462
2026/04/29 15:44:06,973000,11.462
2026/04/29 15:44:06,974000,11.465
2026/04/29 15:44:06,975000,11.459
2026/04/29 15:44:06,976000,11.459
2026/04/29 15:44:06,977000,11.459
2026/04/29 15:44:06,978000,11.459
2026/04/29 15:44:06,979000,11.462
2026/04/29 15:44:06,980000,11.459
2026/04/29 15:44:06,981000,11.465
2026/04/29 15:44:06,982000,11.465
2026/04/29 15:44:06,983000,11.465
2026/04/29 15:44:06,984000,11.459
2026/04/29 15:44:06,985000,11.465
2026/04/29 15:44:06,986000,11.468
2026/04/29 15:44:06,987000,11.459
2026/04/29 15:44:06,988000,11.479
2026/04/29 15:44:06,989000,11.465
2026/04/29 15:44:06,990000,11.462
2026/04/29 15:44:06,991000,11.462
2026/04/29 15:44:06,992000,11.462
2026/04/29 15:44:06,993000,11.465
2026/04/29 15:44:06,994000,11.462
2026/04/29 15:44:06,995000,11.462
2026/04/29 15:44:06,996000,11.465
2026/04/29 15:44:06,997000,11.462
2026/04/29 15:44:06,998000,11.465
2026/04/29 15:44:06,999000,11.468
2026/04/29 15:44:07,000000,11.459
2026/04/29 15:44:07,001000,11.465
2026/04/29 15:44:07,002000,11.465
2026/04/29 15:44:07,003000,11.459
2026/04/29 15:44:07,004000,11.462
2026/04/29 15:44:07,005000,11.462
2026/04/29 15:44:07,006000,11.459
2026/04/29 15:44:07,007000,11.457
2026/04/29 15:44:07,008000,11.465
2026/04/29 15:44:07,009000,11.465
2026/04/29 15:44:07,010000,11.459
2026/04/29 15:44:07,011000,11.462
2026/04/29 15:44:07,012000,11.465
2026/04/29 15:44:07,013000,11.465
2026/04/29 15:44:07,014000,11.462
2026/04/29 15:44:07,015000,11.471
2026/04/29 15:44:07,016000,11.462
2026/04/29 15:44:07,017000,11.457
2026/04/29 15:44:07,018000,11.465
2026/04/29 15:44:07,019000,11.462
2026/04/29 15:44:07,020000,11.459
2026/04/29 15:44:07,021000,11.462
2026/04/29 15:44:07,022000,11.459
2026/04/29 15:44:07,023000,11.465
2026/04/29 15:44:07,024000,11.462
2026/04/29 15:44:07,025000,11.468
2026/04/29 15:44:07,026000,11.462
2026/04/29 15:44:07,027000,11.465
2026/04/29 15:44:07,028000,11.462
2026/04/29 15:44:07,029000,11.468
2026/04/29 15:44:07,030000,11.465
2026/04/29 15:44:07,031000,11.468
2026/04/29 15:44:07,032000,11.471
2026/04/29 15:44:07,033000,11.462
2026/04/29 15:44:07,034000,11.462
2026/04/29 15:44:07,035000,11.465
2026/04/29 15:44:07,036000,11.465
2026/04/29 15:44:07,037000,11.465
2026/04/29 15:44:07,038000,11.457
2026/04/29 15:44:07,039000,11.465
2026/04/29 15:44:07,040000,11.459
2026/04/29 15:44:07,041000,11.462
2026/04/29 15:44:07,042000,11.462
2026/04/29 15:44:07,043000,11.468
2026/04/29 15:44:07,044000,11.465
2026/04/29 15:44:07,045000,11.457
2026/04/29 15:44:07,046000,11.465
2026/04/29 15:44:07,047000,11.462
2026/04/29 15:44:07,048000,11.462
2026/04/29 15:44:07,049000,11.462
2026/04/29 15:44:07,050000,11.465
2026/04/29 15:44:07,051000,11.457
2026/04/29 15:44:07,052000,11.465
2026/04/29 15:44:07,053000,11.471
2026/04/29 15:44:07,054000,11.459
2026/04/29 15:44:07,055000,11.462
2026/04/29 15:44:07,056000,11.454
2026/04/29 15:44:07,057000,11.462
2026/04/29 15:44:07,058000,11.465
2026/04/29 15:44:07,059000,11.462
2026/04/29 15:44:07,060000,11.468
2026/04/29 15:44:07,061000,11.459
2026/04/29 15:44:07,062000,11.465
2026/04/29 15:44:07,063000,11.468
2026/04/29 15:44:07,064000,11.465
2026/04/29 15:44:07,065000,11.457
2026/04/29 15:44:07,066000,11.471
2026/04/29 15:44:07,067000,11.465
2026/04/29 15:44:07,068000,11.468
2026/04/29 15:44:07,069000,11.465
2026/04/29 15:44:07,070000,11.459
2026/04/29 15:44:07,071000,11.462
2026/04/29 15:44:07,072000,11.471
2026/04/29 15:44:07,073000,11.462
2026/04/29 15:44:07,074000,11.465
2026/04/29 15:44:07,075000,11.465
2026/04/29 15:44:07,076000,11.465
2026/04/29 15:44:07,077000,11.462
2026/04/29 15:44:07,078000,11.468
2026/04/29 15:44:07,079000,11.462
2026/04/29 15:44:07,080000,11.468
2026/04/29 15:44:07,081000,11.465
2026/04/29 15:44:07,082000,11.465
2026/04/29 15:44:07,083000,11.471
2026/04/29 15:44:07,084000,11.465
2026/04/29 15:44:07,085000,11.462
2026/04/29 15:44:07,086000,11.465
2026/04/29 15:44:07,087000,11.459
2026/04/29 15:44:07,088000,11.465
2026/04/29 15:44:07,089000,11.465
2026/04/29 15:44:07,090000,11.465
2026/04/29 15:44:07,091000,11.459
2026/04/29 15:44:07,092000,11.459
2026/04/29 15:44:07,093000,11.459
2026/04/29 15:44:07,094000,11.468
2026/04/29 15:44:07,095000,11.462
2026/04/29 15:44:07,096000,11.462
2026/04/29 15:44:07,097000,11.462
2026/04/29 15:44:07,098000,11.459
2026/04/29 15:44:07,099000,11.468
2026/04/29 15:44:07,100000,11.462
2026/04/29 15:44:07,101000,11.465
2026/04/29 15:44:07,102000,11.462
2026/04/29 15:44:07,103000,11.471
2026/04/29 15:44:07,104000,11.465
2026/04/29 15:44:07,105000,11.468
2026/04/29 15:44:07,106000,11.465
2026/04/29 15:44:07,107000,11.465
2026/04/29 15:44:07,108000,11.468
2026/04/29 15:44:07,109000,11.459
2026/04/29 15:44:07,110000,11.471
2026/04/29 15:44:07,111000,11.462
2026/04/29 15:44:07,112000,11.465
2026/04/29 15:44:07,113000,11.465
2026/04/29 15:44:07,114000,11.459
2026/04/29 15:44:07,115000,11.468
2026/04/29 15:44:07,116000,11.465
2026/04/29 15:44:07,117000,11.459
2026/04/29 15:44:07,118000,11.462
2026/04/29 15:44:07,119000,11.459
2026/04/29 15:44:07,120000,11.465
2026/04/29 15:44:07,121000,11.462
2026/04/29 15:44:07,122000,11.459
2026/04/29 15:44:07,123000,11.462
2026/04/29 15:44:07,124000,11.468
2026/04/29 15:44:07,125000,11.462
2026/04/29 15:44:07,126000,11.468
2026/04/29 15:44:07,127000,11.462
2026/04/29 15:44:07,128000,11.462
2026/04/29 15:44:07,129000,11.465
2026/04/29 15:44:07,130000,11.462
2026/04/29 15:44:07,131000,11.459
2026/04/29 15:44:07,132000,11.468
2026/04/29 15:44:07,133000,11.468
2026/04/29 15:44:07,134000,11.462
2026/04/29 15:44:07,135000,11.468
2026/04/29 15:44:07,136000,11.465
2026/04/29 15:44:07,137000,11.465
2026/04/29 15:44:07,138000,11.462
2026/04/29 15:44:07,139000,11.465
2026/04/29 15:44:07,140000,11.459
2026/04/29 15:44:07,141000,11.471
2026/04/29 15:44:07,142000,11.465
2026/04/29 15:44:07,143000,11.471
2026/04/29 15:44:07,144000,11.465
2026/04/29 15:44:07,145000,11.465
2026/04/29 15:44:07,146000,11.465
2026/04/29 15:44:07,147000,11.465
2026/04/29 15:44:07,148000,11.462
2026/04/29 15:44:07,149000,11.459
2026/04/29 15:44:07,150000,11.471
2026/04/29 15:44:07,151000,11.465
2026/04/29 15:44:07,152000,11.465
2026/04/29 15:44:07,153000,11.462
2026/04/29 15:44:07,154000,11.459
2026/04/29 15:44:07,155000,11.465
2026/04/29 15:44:07,156000,11.465
2026/04/29 15:44:07,157000,11.468
2026/04/29 15:44:07,158000,11.468
2026/04/29 15:44:07,159000,11.459
2026/04/29 15:44:07,160000,11.462
2026/04/29 15:44:07,161000,11.465
2026/04/29 15:44:07,162000,11.471
2026/04/29 15:44:07,163000,11.462
2026/04/29 15:44:07,164000,11.468
2026/04/29 15:44:07,165000,11.471
2026/04/29 15:44:07,166000,11.465
2026/04/29 15:44:07,167000,11.468
2026/04/29 15:44:07,168000,11.465
2026/04/29 15:44:07,169000,11.465
2026/04/29 15:44:07,170000,11.459
2026/04/29 15:44:07,171000,11.468
2026/04/29 15:44:07,172000,11.462
2026/04/29 15:44:07,173000,11.457
2026/04/29 15:44:07,174000,11.471
2026/04/29 15:44:07,175000,11.465
2026/04/29 15:44:07,176000,11.462
2026/04/29 15:44:07,177000,11.465
2026/04/29 15:44:07,178000,11.462
2026/04/29 15:44:07,179000,11.465
2026/04/29 15:44:07,180000,11.465
2026/04/29 15:44:07,181000,11.465
2026/04/29 15:44:07,182000,11.465
2026/04/29 15:44:07,183000,11.465
2026/04/29 15:44:07,184000,11.462
2026/04/29 15:44:07,185000,11.465
2026/04/29 15:44:07,186000,11.457
2026/04/29 15:44:07,187000,11.457
2026/04/29 15:44:07,188000,11.465
2026/04/29 15:44:07,189000,11.471
2026/04/29 15:44:07,190000,11.465
2026/04/29 15:44:07,191000,11.471
2026/04/29 15:44:07,192000,11.462
2026/04/29 15:44:07,193000,11.471
2026/04/29 15:44:07,194000,11.465
2026/04/29 15:44:07,195000,11.457
2026/04/29 15:44:07,196000,11.468
2026/04/29 15:44:07,197000,11.459
2026/04/29 15:44:07,198000,11.459
2026/04/29 15:44:07,199000,11.468
2026/04/29 15:44:07,200000,11.462
2026/04/29 15:44:07,201000,11.468
2026/04/29 15:44:07,202000,11.465
2026/04/29 15:44:07,203000,11.465
2026/04/29 15:44:07,204000,11.465
2026/04/29 15:44:07,205000,11.471
2026/04/29 15:44:07,206000,11.462
2026/04/29 15:44:07,207000,11.468
2026/04/29 15:44:07,208000,11.468
2026/04/29 15:44:07,209000,11.462
2026/04/29 15:44:07,210000,11.465
2026/04/29 15:44:07,211000,11.465
2026/04/29 15:44:07,212000,11.468
2026/04/29 15:44:07,213000,11.465
2026/04/29 15:44:07,214000,11.468
2026/04/29 15:44:07,215000,11.468
2026/04/29 15:44:07,216000,11.462
2026/04/29 15:44:07,217000,11.471
2026/04/29 15:44:07,218000,11.471
2026/04/29 15:44:07,219000,11.465
2026/04/29 15:44:07,220000,11.468
2026/04/29 15:44:07,221000,11.462
2026/04/29 15:44:07,222000,11.465
2026/04/29 15:44:07,223000,11.468
2026/04/29 15:44:07,224000,11.468
2026/04/29 15:44:07,225000,11.459
2026/04/29 15:44:07,226000,11.459
2026/04/29 15:44:07,227000,11.462
2026/04/29 15:44:07,228000,11.471
2026/04/29 15:44:07,229000,11.468
2026/04/29 15:44:07,230000,11.459
2026/04/29 15:44:07,231000,11.468
2026/04/29 15:44:07,232000,11.465
2026/04/29 15:44:07,233000,11.468
2026/04/29 15:44:07,234000,11.465
2026/04/29 15:44:07,235000,11.459
2026/04/29 15:44:07,236000,11.462
2026/04/29 15:44:07,237000,11.468
2026/04/29 15:44:07,238000,11.468
2026/04/29 15:44:07,239000,11.462
2026/04/29 15:44:07,240000,11.462
2026/04/29 15:44:07,241000,11.471
2026/04/29 15:44:07,242000,11.462
2026/04/29 15:44:07,243000,11.465
2026/04/29 15:44:07,244000,11.457
2026/04/29 15:44:07,245000,11.465
2026/04/29 15:44:07,246000,11.465
2026/04/29 15:44:07,247000,11.465
2026/04/29 15:44:07,248000,11.468
2026/04/29 15:44:07,249000,11.465
2026/04/29 15:44:07,250000,11.465
2026/04/29 15:44:07,251000,11.459
2026/04/29 15:44:07,252000,11.462
2026/04/29 15:44:07,253000,11.465
2026/04/29 15:44:07,254000,11.471
2026/04/29 15:44:07,255000,11.465
2026/04/29 15:44:07,256000,11.465
2026/04/29 15:44:07,257000,11.462
2026/04/29 15:44:07,258000,11.465
2026/04/29 15:44:07,259000,11.465
2026/04/29 15:44:07,260000,11.465
2026/04/29 15:44:07,261000,11.459
2026/04/29 15:44:07,262000,11.459
2026/04/29 15:44:07,263000,11.459
2026/04/29 15:44:07,264000,11.471
2026/04/29 15:44:07,265000,11.465
2026/04/29 15:44:07,266000,11.459
2026/04/29 15:44:07,267000,11.462
2026/04/29 15:44:07,268000,11.462
2026/04/29 15:44:07,269000,11.465
2026/04/29 15:44:07,270000,11.459
2026/04/29 15:44:07,271000,11.465
2026/04/29 15:44:07,272000,11.462
2026/04/29 15:44:07,273000,11.465
2026/04/29 15:44:07,274000,11.465
2026/04/29 15:44:07,275000,11.465
2026/04/29 15:44:07,276000,11.468
2026/04/29 15:44:07,277000,11.462
2026/04/29 15:44:07,278000,11.462
2026/04/29 15:44:07,279000,11.462
2026/04/29 15:44:07,280000,11.462
2026/04/29 15:44:07,281000,11.465
2026/04/29 15:44:07,282000,11.459
2026/04/29 15:44:07,283000,11.468
2026/04/29 15:44:07,284000,11.468
2026/04/29 15:44:07,285000,11.462
2026/04/29 15:44:07,286000,11.462
2026/04/29 15:44:07,287000,11.462
2026/04/29 15:44:07,288000,11.459
2026/04/29 15:44:07,289000,11.462
2026/04/29 15:44:07,290000,11.465
2026/04/29 15:44:07,291000,11.468
2026/04/29 15:44:07,292000,11.471
2026/04/29 15:44:07,293000,11.462
2026/04/29 15:44:07,294000,11.468
2026/04/29 15:44:07,295000,11.468
2026/04/29 15:44:07,296000,11.465
2026/04/29 15:44:07,297000,11.459
2026/04/29 15:44:07,298000,11.465
2026/04/29 15:44:07,299000,11.462
2026/04/29 15:44:07,300000,11.465
2026/04/29 15:44:07,301000,11.465
2026/04/29 15:44:07,302000,11.462
2026/04/29 15:44:07,303000,11.462
2026/04/29 15:44:07,304000,11.468
2026/04/29 15:44:07,305000,11.462
2026/04/29 15:44:07,306000,11.462
2026/04/29 15:44:07,307000,11.468
2026/04/29 15:44:07,308000,11.465
2026/04/29 15:44:07,309000,11.465
2026/04/29 15:44:07,310000,11.454
2026/04/29 15:44:07,311000,11.471
2026/04/29 15:44:07,312000,11.465
2026/04/29 15:44:07,313000,11.468
2026/04/29 15:44:07,314000,11.465
2026/04/29 15:44:07,315000,11.462
2026/04/29 15:44:07,316000,11.465
2026/04/29 15:44:07,317000,11.465
2026/04/29 15:44:07,318000,11.462
2026/04/29 15:44:07,319000,11.459
2026/04/29 15:44:07,320000,11.465
2026/04/29 15:44:07,321000,11.459
2026/04/29 15:44:07,322000,11.468
2026/04/29 15:44:07,323000,11.471
2026/04/29 15:44:07,324000,11.465
2026/04/29 15:44:07,325000,11.471
2026/04/29 15:44:07,326000,11.457
2026/04/29 15:44:07,327000,11.457
2026/04/29 15:44:07,328000,11.462
2026/04/29 15:44:07,329000,11.459
2026/04/29 15:44:07,330000,11.468
2026/04/29 15:44:07,331000,11.465
2026/04/29 15:44:07,332000,11.459
2026/04/29 15:44:07,333000,11.468
2026/04/29 15:44:07,334000,11.465
2026/04/29 15:44:07,335000,11.465
2026/04/29 15:44:07,336000,11.462
2026/04/29 15:44:07,337000,11.459
2026/04/29 15:44:07,338000,11.459
2026/04/29 15:44:07,339000,11.465
2026/04/29 15:44:07,340000,11.462
2026/04/29 15:44:07,341000,11.462
2026/04/29 15:44:07,342000,11.462
2026/04/29 15:44:07,343000,11.465
2026/04/29 15:44:07,344000,11.462
2026/04/29 15:44:07,345000,11.468
2026/04/29 15:44:07,346000,11.462
2026/04/29 15:44:07,347000,11.459
2026/04/29 15:44:07,348000,11.465
2026/04/29 15:44:07,349000,11.462
2026/04/29 15:44:07,350000,11.468
2026/04/29 15:44:07,351000,11.465
2026/04/29 15:44:07,352000,11.462
2026/04/29 15:44:07,353000,11.468
2026/04/29 15:44:07,354000,11.468
2026/04/29 15:44:07,355000,11.462
2026/04/29 15:44:07,356000,11.471
2026/04/29 15:44:07,357000,11.468
2026/04/29 15:44:07,358000,11.468
2026/04/29 15:44:07,359000,11.462
2026/04/29 15:44:07,360000,11.462
2026/04/29 15:44:07,361000,11.459
2026/04/29 15:44:07,362000,11.468
2026/04/29 15:44:07,363000,11.468
2026/04/29 15:44:07,364000,11.471
2026/04/29 15:44:07,365000,11.465
2026/04/29 15:44:07,366000,11.462
2026/04/29 15:44:07,367000,11.471
2026/04/29 15:44:07,368000,11.468
2026/04/29 15:44:07,369000,11.462
2026/04/29 15:44:07,370000,11.468
2026/04/29 15:44:07,371000,11.465
2026/04/29 15:44:07,372000,11.465
2026/04/29 15:44:07,373000,11.459
2026/04/29 15:44:07,374000,11.468
2026/04/29 15:44:07,375000,11.465
2026/04/29 15:44:07,376000,11.462
2026/04/29 15:44:07,377000,11.462
2026/04/29 15:44:07,378000,11.459
2026/04/29 15:44:07,379000,11.465
2026/04/29 15:44:07,380000,11.459
2026/04/29 15:44:07,381000,11.468
2026/04/29 15:44:07,382000,11.462
2026/04/29 15:44:07,383000,11.459
2026/04/29 15:44:07,384000,11.462
2026/04/29 15:44:07,385000,11.465
2026/04/29 15:44:07,386000,11.465
2026/04/29 15:44:07,387000,11.459
2026/04/29 15:44:07,388000,11.465
2026/04/29 15:44:07,389000,11.465
2026/04/29 15:44:07,390000,11.465
2026/04/29 15:44:07,391000,11.468
2026/04/29 15:44:07,392000,11.468
2026/04/29 15:44:07,393000,11.465
2026/04/29 15:44:07,394000,11.471
2026/04/29 15:44:07,395000,11.462
2026/04/29 15:44:07,396000,11.462
2026/04/29 15:44:07,397000,11.459
2026/04/29 15:44:07,398000,11.454
2026/04/29 15:44:07,399000,11.465
2026/04/29 15:44:07,400000,11.462
2026/04/29 15:44:07,401000,11.465
2026/04/29 15:44:07,402000,11.468
2026/04/29 15:44:07,403000,11.471
2026/04/29 15:44:07,404000,11.459
2026/04/29 15:44:07,405000,11.465
2026/04/29 15:44:07,406000,11.462
2026/04/29 15:44:07,407000,11.468
2026/04/29 15:44:07,408000,11.465
2026/04/29 15:44:07,409000,11.465
2026/04/29 15:44:07,410000,11.465
2026/04/29 15:44:07,411000,11.459
2026/04/29 15:44:07,412000,11.465
2026/04/29 15:44:07,413000,11.468
2026/04/29 15:44:07,414000,11.465
2026/04/29 15:44:07,415000,11.465
2026/04/29 15:44:07,416000,11.468
2026/04/29 15:44:07,417000,11.462
2026/04/29 15:44:07,418000,11.465
2026/04/29 15:44:07,419000,11.468
2026/04/29 15:44:07,420000,11.462
2026/04/29 15:44:07,421000,11.465
2026/04/29 15:44:07,422000,11.465
2026/04/29 15:44:07,423000,11.471
2026/04/29 15:44:07,424000,11.465
2026/04/29 15:44:07,425000,11.471
2026/04/29 15:44:07,426000,11.465
2026/04/29 15:44:07,427000,11.468
2026/04/29 15:44:07,428000,11.473
2026/04/29 15:44:07,429000,11.468
2026/04/29 15:44:07,430000,11.471
2026/04/29 15:44:07,431000,11.462
2026/04/29 15:44:07,432000,11.468
2026/04/29 15:44:07,433000,11.471
2026/04/29 15:44:07,434000,11.459
2026/04/29 15:44:07,435000,11.462
2026/04/29 15:44:07,436000,11.462
2026/04/29 15:44:07,437000,11.462
2026/04/29 15:44:07,438000,11.471
2026/04/29 15:44:07,439000,11.471
2026/04/29 15:44:07,440000,11.465
2026/04/29 15:44:07,441000,11.457
2026/04/29 15:44:07,442000,11.462
2026/04/29 15:44:07,443000,11.468
2026/04/29 15:44:07,444000,11.459
2026/04/29 15:44:07,445000,11.465
2026/04/29 15:44:07,446000,11.471
2026/04/29 15:44:07,447000,11.462
2026/04/29 15:44:07,448000,11.468
2026/04/29 15:44:07,449000,11.468
2026/04/29 15:44:07,450000,11.465
2026/04/29 15:44:07,451000,11.459
2026/04/29 15:44:07,452000,11.471
2026/04/29 15:44:07,453000,11.465
2026/04/29 15:44:07,454000,11.468
2026/04/29 15:44:07,455000,11.465
2026/04/29 15:44:07,456000,11.465
2026/04/29 15:44:07,457000,11.468
2026/04/29 15:44:07,458000,11.465
2026/04/29 15:44:07,459000,11.465
2026/04/29 15:44:07,460000,11.465
2026/04/29 15:44:07,461000,11.468
2026/04/29 15:44:07,462000,11.459
2026/04/29 15:44:07,463000,11.465
2026/04/29 15:44:07,464000,11.459
2026/04/29 15:44:07,465000,11.471
2026/04/29 15:44:07,466000,11.465
2026/04/29 15:44:07,467000,11.468
2026/04/29 15:44:07,468000,11.468
2026/04/29 15:44:07,469000,11.465
2026/04/29 15:44:07,470000,11.468
2026/04/29 15:44:07,471000,11.471
2026/04/29 15:44:07,472000,11.468
2026/04/29 15:44:07,473000,11.468
2026/04/29 15:44:07,474000,11.465
2026/04/29 15:44:07,475000,11.465
2026/04/29 15:44:07,476000,11.468
2026/04/29 15:44:07,477000,11.468
2026/04/29 15:44:07,478000,11.462
2026/04/29 15:44:07,479000,11.457
2026/04/29 15:44:07,480000,11.465
2026/04/29 15:44:07,481000,11.468
2026/04/29 15:44:07,482000,11.471
2026/04/29 15:44:07,483000,11.468
2026/04/29 15:44:07,484000,11.471
2026/04/29 15:44:07,485000,11.471
2026/04/29 15:44:07,486000,11.459
2026/04/29 15:44:07,487000,11.462
2026/04/29 15:44:07,488000,11.468
2026/04/29 15:44:07,489000,11.465
2026/04/29 15:44:07,490000,11.465
2026/04/29 15:44:07,491000,11.462
2026/04/29 15:44:07,492000,11.459
2026/04/29 15:44:07,493000,11.459
2026/04/29 15:44:07,494000,11.465
2026/04/29 15:44:07,495000,11.465
2026/04/29 15:44:07,496000,11.465
2026/04/29 15:44:07,497000,11.465
2026/04/29 15:44:07,498000,11.459
2026/04/29 15:44:07,499000,11.465
2026/04/29 15:44:07,500000,11.465
2026/04/29 15:44:07,501000,11.462
2026/04/29 15:44:07,502000,11.468
2026/04/29 15:44:07,503000,11.471
2026/04/29 15:44:07,504000,11.462
2026/04/29 15:44:07,505000,11.465
2026/04/29 15:44:07,506000,11.459
2026/04/29 15:44:07,507000,11.465
2026/04/29 15:44:07,508000,11.468
2026/04/29 15:44:07,509000,11.465
2026/04/29 15:44:07,510000,11.462
2026/04/29 15:44:07,511000,11.459
2026/04/29 15:44:07,512000,11.459
2026/04/29 15:44:07,513000,11.468
2026/04/29 15:44:07,514000,11.465
2026/04/29 15:44:07,515000,11.465
2026/04/29 15:44:07,516000,11.468
2026/04/29 15:44:07,517000,11.465
2026/04/29 15:44:07,518000,11.468
2026/04/29 15:44:07,519000,11.471
2026/04/29 15:44:07,520000,11.465
2026/04/29 15:44:07,521000,11.465
2026/04/29 15:44:07,522000,11.468
2026/04/29 15:44:07,523000,11.471
2026/04/29 15:44:07,524000,11.462
2026/04/29 15:44:07,525000,11.462
2026/04/29 15:44:07,526000,11.465
2026/04/29 15:44:07,527000,11.465
2026/04/29 15:44:07,528000,11.462
2026/04/29 15:44:07,529000,11.471
2026/04/29 15:44:07,530000,11.468
2026/04/29 15:44:07,531000,11.462
2026/04/29 15:44:07,532000,11.459
2026/04/29 15:44:07,533000,11.468
2026/04/29 15:44:07,534000,11.465
2026/04/29 15:44:07,535000,11.465
2026/04/29 15:44:07,536000,11.465
2026/04/29 15:44:07,537000,11.459
2026/04/29 15:44:07,538000,11.468
2026/04/29 15:44:07,539000,11.465
2026/04/29 15:44:07,540000,11.465
2026/04/29 15:44:07,541000,11.471
2026/04/29 15:44:07,542000,11.471
2026/04/29 15:44:07,543000,11.468
2026/04/29 15:44:07,544000,11.465
2026/04/29 15:44:07,545000,11.462
2026/04/29 15:44:07,546000,11.465
2026/04/29 15:44:07,547000,11.468
2026/04/29 15:44:07,548000,11.465
2026/04/29 15:44:07,549000,11.465
2026/04/29 15:44:07,550000,11.468
2026/04/29 15:44:07,551000,11.465
2026/04/29 15:44:07,552000,11.465
2026/04/29 15:44:07,553000,11.465
2026/04/29 15:44:07,554000,11.462
2026/04/29 15:44:07,555000,11.462
2026/04/29 15:44:07,556000,11.465
2026/04/29 15:44:07,557000,11.465
2026/04/29 15:44:07,558000,11.468
2026/04/29 15:44:07,559000,11.465
2026/04/29 15:44:07,560000,11.465
2026/04/29 15:44:07,561000,11.462
2026/04/29 15:44:07,562000,11.465
2026/04/29 15:44:07,563000,11.465
2026/04/29 15:44:07,564000,11.465
2026/04/29 15:44:07,565000,11.465
2026/04/29 15:44:07,566000,11.465
2026/04/29 15:44:07,567000,11.471
2026/04/29 15:44:07,568000,11.465
2026/04/29 15:44:07,569000,11.462
2026/04/29 15:44:07,570000,11.468
2026/04/29 15:44:07,571000,11.462
2026/04/29 15:44:07,572000,11.465
2026/04/29 15:44:07,573000,11.465
2026/04/29 15:44:07,574000,11.465
2026/04/29 15:44:07,575000,11.465
2026/04/29 15:44:07,576000,11.459
2026/04/29 15:44:07,577000,11.462
2026/04/29 15:44:07,578000,11.465
2026/04/29 15:44:07,579000,11.465
2026/04/29 15:44:07,580000,11.457
2026/04/29 15:44:07,581000,11.465
2026/04/29 15:44:07,582000,11.468
2026/04/29 15:44:07,583000,11.462
2026/04/29 15:44:07,584000,11.462
2026/04/29 15:44:07,585000,11.471
2026/04/29 15:44:07,586000,11.476
2026/04/29 15:44:07,587000,11.462
2026/04/29 15:44:07,588000,11.465
2026/04/29 15:44:07,589000,11.459
2026/04/29 15:44:07,590000,11.465
2026/04/29 15:44:07,591000,11.462
2026/04/29 15:44:07,592000,11.465
2026/04/29 15:44:07,593000,11.465
2026/04/29 15:44:07,594000,11.465
2026/04/29 15:44:07,595000,11.468
2026/04/29 15:44:07,596000,11.465
2026/04/29 15:44:07,597000,11.465
2026/04/29 15:44:07,598000,11.465
2026/04/29 15:44:07,599000,11.468
2026/04/29 15:44:07,600000,11.462
2026/04/29 15:44:07,601000,11.459
2026/04/29 15:44:07,602000,11.462
2026/04/29 15:44:07,603000,11.462
2026/04/29 15:44:07,604000,11.471
2026/04/29 15:44:07,605000,11.465
2026/04/29 15:44:07,606000,11.465
2026/04/29 15:44:07,607000,11.468
2026/04/29 15:44:07,608000,11.465
2026/04/29 15:44:07,609000,11.468
2026/04/29 15:44:07,610000,11.471
2026/04/29 15:44:07,611000,11.468
2026/04/29 15:44:07,612000,11.468
2026/04/29 15:44:07,613000,11.465
2026/04/29 15:44:07,614000,11.462
2026/04/29 15:44:07,615000,11.471
2026/04/29 15:44:07,616000,11.471
2026/04/29 15:44:07,617000,11.468
2026/04/29 15:44:07,618000,11.462
2026/04/29 15:44:07,619000,11.468
2026/04/29 15:44:07,620000,11.465
2026/04/29 15:44:07,621000,11.471
2026/04/29 15:44:07,622000,11.462
2026/04/29 15:44:07,623000,11.465
2026/04/29 15:44:07,624000,11.465
2026/04/29 15:44:07,625000,11.462
2026/04/29 15:44:07,626000,11.468
2026/04/29 15:44:07,627000,11.465
2026/04/29 15:44:07,628000,11.468
2026/04/29 15:44:07,629000,11.462
2026/04/29 15:44:07,630000,11.471
2026/04/29 15:44:07,631000,11.462
2026/04/29 15:44:07,632000,11.462
2026/04/29 15:44:07,633000,11.468
2026/04/29 15:44:07,634000,11.459
2026/04/29 15:44:07,635000,11.462
2026/04/29 15:44:07,636000,11.462
2026/04/29 15:44:07,637000,11.465
2026/04/29 15:44:07,638000,11.465
2026/04/29 15:44:07,639000,11.462
2026/04/29 15:44:07,640000,11.462
2026/04/29 15:44:07,641000,11.459
2026/04/29 15:44:07,642000,11.462
2026/04/29 15:44:07,643000,11.465
2026/04/29 15:44:07,644000,11.468
2026/04/29 15:44:07,645000,11.451
2026/04/29 15:44:07,646000,11.468
2026/04/29 15:44:07,647000,11.462
2026/04/29 15:44:07,648000,11.465
2026/04/29 15:44:07,649000,11.465
2026/04/29 15:44:07,650000,11.459
2026/04/29 15:44:07,651000,11.465
2026/04/29 15:44:07,652000,11.465
2026/04/29 15:44:07,653000,11.468
2026/04/29 15:44:07,654000,11.465
2026/04/29 15:44:07,655000,11.468
2026/04/29 15:44:07,656000,11.465
2026/04/29 15:44:07,657000,11.468
2026/04/29 15:44:07,658000,11.465
2026/04/29 15:44:07,659000,11.465
2026/04/29 15:44:07,660000,11.468
2026/04/29 15:44:07,661000,11.468
2026/04/29 15:44:07,662000,11.468
2026/04/29 15:44:07,663000,11.465
2026/04/29 15:44:07,664000,11.459
2026/04/29 15:44:07,665000,11.465
2026/04/29 15:44:07,666000,11.459
2026/04/29 15:44:07,667000,11.465
2026/04/29 15:44:07,668000,11.468
2026/04/29 15:44:07,669000,11.465
2026/04/29 15:44:07,670000,11.465
2026/04/29 15:44:07,671000,11.468
2026/04/29 15:44:07,672000,11.465
2026/04/29 15:44:07,673000,11.459
2026/04/29 15:44:07,674000,11.462
2026/04/29 15:44:07,675000,11.468
2026/04/29 15:44:07,676000,11.468
2026/04/29 15:44:07,677000,11.459
2026/04/29 15:44:07,678000,11.462
2026/04/29 15:44:07,679000,11.471
2026/04/29 15:44:07,680000,11.457
2026/04/29 15:44:07,681000,11.462
2026/04/29 15:44:07,682000,11.468
2026/04/29 15:44:07,683000,11.468
2026/04/29 15:44:07,684000,11.465
2026/04/29 15:44:07,685000,11.471
2026/04/29 15:44:07,686000,11.471
2026/04/29 15:44:07,687000,11.465
2026/04/29 15:44:07,688000,11.462
2026/04/29 15:44:07,689000,11.468
2026/04/29 15:44:07,690000,11.468
2026/04/29 15:44:07,691000,11.465
2026/04/29 15:44:07,692000,11.462
2026/04/29 15:44:07,693000,11.471
2026/04/29 15:44:07,694000,11.462
2026/04/29 15:44:07,695000,11.459
2026/04/29 15:44:07,696000,11.462
2026/04/29 15:44:07,697000,11.462
2026/04/29 15:44:07,698000,11.468
2026/04/29 15:44:07,699000,11.459
2026/04/29 15:44:07,700000,11.457
2026/04/29 15:44:07,701000,11.468
2026/04/29 15:44:07,702000,11.462
2026/04/29 15:44:07,703000,11.465
2026/04/29 15:44:07,704000,11.468
2026/04/29 15:44:07,705000,11.459
2026/04/29 15:44:07,706000,11.462
2026/04/29 15:44:07,707000,11.468
2026/04/29 15:44:07,708000,11.468
2026/04/29 15:44:07,709000,11.468
2026/04/29 15:44:07,710000,11.462
2026/04/29 15:44:07,711000,11.468
2026/04/29 15:44:07,712000,11.459
2026/04/29 15:44:07,713000,11.462
2026/04/29 15:44:07,714000,11.471
2026/04/29 15:44:07,715000,11.462
2026/04/29 15:44:07,716000,11.462
2026/04/29 15:44:07,717000,11.465
2026/04/29 15:44:07,718000,11.465
2026/04/29 15:44:07,719000,11.471
2026/04/29 15:44:07,720000,11.471
2026/04/29 15:44:07,721000,11.471
2026/04/29 15:44:07,722000,11.465
2026/04/29 15:44:07,723000,11.465
2026/04/29 15:44:07,724000,11.468
2026/04/29 15:44:07,725000,11.465
2026/04/29 15:44:07,726000,11.462
2026/04/29 15:44:07,727000,11.468
2026/04/29 15:44:07,728000,11.468
2026/04/29 15:44:07,729000,11.462
2026/04/29 15:44:07,730000,11.465
2026/04/29 15:44:07,731000,11.465
2026/04/29 15:44:07,732000,11.465
2026/04/29 15:44:07,733000,11.468
2026/04/29 15:44:07,734000,11.468
2026/04/29 15:44:07,735000,11.457
2026/04/29 15:44:07,736000,11.471
2026/04/29 15:44:07,737000,11.465
2026/04/29 15:44:07,738000,11.465
2026/04/29 15:44:07,739000,11.471
2026/04/29 15:44:07,740000,11.468
2026/04/29 15:44:07,741000,11.462
2026/04/29 15:44:07,742000,11.471
2026/04/29 15:44:07,743000,11.465
2026/04/29 15:44:07,744000,11.468
2026/04/29 15:44:07,745000,11.462
2026/04/29 15:44:07,746000,11.468
2026/04/29 15:44:07,747000,11.471
2026/04/29 15:44:07,748000,11.471
2026/04/29 15:44:07,749000,11.465
2026/04/29 15:44:07,750000,11.465
2026/04/29 15:44:07,751000,11.462
2026/04/29 15:44:07,752000,11.465
2026/04/29 15:44:07,753000,11.468
2026/04/29 15:44:07,754000,11.465
2026/04/29 15:44:07,755000,11.465
2026/04/29 15:44:07,756000,11.465
2026/04/29 15:44:07,757000,11.465
2026/04/29 15:44:07,758000,11.468
2026/04/29 15:44:07,759000,11.468
2026/04/29 15:44:07,760000,11.462
2026/04/29 15:44:07,761000,11.462
2026/04/29 15:44:07,762000,11.462
2026/04/29 15:44:07,763000,11.468
2026/04/29 15:44:07,764000,11.465
2026/04/29 15:44:07,765000,11.465
2026/04/29 15:44:07,766000,11.465
2026/04/29 15:44:07,767000,11.468
2026/04/29 15:44:07,768000,11.465
2026/04/29 15:44:07,769000,11.465
2026/04/29 15:44:07,770000,11.462
2026/04/29 15:44:07,771000,11.462
2026/04/29 15:44:07,772000,11.465
2026/04/29 15:44:07,773000,11.459
2026/04/29 15:44:07,774000,11.462
2026/04/29 15:44:07,775000,11.462
2026/04/29 15:44:07,776000,11.465
2026/04/29 15:44:07,777000,11.462
2026/04/29 15:44:07,778000,11.465
2026/04/29 15:44:07,779000,11.468
2026/04/29 15:44:07,780000,11.465
2026/04/29 15:44:07,781000,11.468
2026/04/29 15:44:07,782000,11.465
2026/04/29 15:44:07,783000,11.465
2026/04/29 15:44:07,784000,11.468
2026/04/29 15:44:07,785000,11.468
2026/04/29 15:44:07,786000,11.468
2026/04/29 15:44:07,787000,11.468
2026/04/29 15:44:07,788000,11.465
2026/04/29 15:44:07,789000,11.471
2026/04/29 15:44:07,790000,11.476
2026/04/29 15:44:07,791000,11.465
2026/04/29 15:44:07,792000,11.462
2026/04/29 15:44:07,793000,11.471
2026/04/29 15:44:07,794000,11.468
2026/04/29 15:44:07,795000,11.468
2026/04/29 15:44:07,796000,11.465
2026/04/29 15:44:07,797000,11.468
2026/04/29 15:44:07,798000,11.465
2026/04/29 15:44:07,799000,11.462
2026/04/29 15:44:07,800000,11.465
2026/04/29 15:44:07,801000,11.457
2026/04/29 15:44:07,802000,11.471
2026/04/29 15:44:07,803000,11.471
2026/04/29 15:44:07,804000,11.465
2026/04/29 15:44:07,805000,11.459
2026/04/29 15:44:07,806000,11.465
2026/04/29 15:44:07,807000,11.471
2026/04/29 15:44:07,808000,11.462
2026/04/29 15:44:07,809000,11.471
2026/04/29 15:44:07,810000,11.465
2026/04/29 15:44:07,811000,11.465
2026/04/29 15:44:07,812000,11.465
2026/04/29 15:44:07,813000,11.468
2026/04/29 15:44:07,814000,11.468
2026/04/29 15:44:07,815000,11.465
2026/04/29 15:44:07,816000,11.465
2026/04/29 15:44:07,817000,11.468
2026/04/29 15:44:07,818000,11.471
2026/04/29 15:44:07,819000,11.462
2026/04/29 15:44:07,820000,11.471
2026/04/29 15:44:07,821000,11.468
2026/04/29 15:44:07,822000,11.471
2026/04/29 15:44:07,823000,11.465
2026/04/29 15:44:07,824000,11.462
2026/04/29 15:44:07,825000,11.462
2026/04/29 15:44:07,826000,11.465
2026/04/29 15:44:07,827000,11.465
2026/04/29 15:44:07,828000,11.468
2026/04/29 15:44:07,829000,11.465
2026/04/29 15:44:07,830000,11.462
2026/04/29 15:44:07,831000,11.462
2026/04/29 15:44:07,832000,11.468
2026/04/29 15:44:07,833000,11.462
2026/04/29 15:44:07,834000,11.459
2026/04/29 15:44:07,835000,11.465
2026/04/29 15:44:07,836000,11.468
2026/04/29 15:44:07,837000,11.468
2026/04/29 15:44:07,838000,11.465
2026/04/29 15:44:07,839000,11.459
2026/04/29 15:44:07,840000,11.462
2026/04/29 15:44:07,841000,11.465
2026/04/29 15:44:07,842000,11.465
2026/04/29 15:44:07,843000,11.468
2026/04/29 15:44:07,844000,11.462
2026/04/29 15:44:07,845000,11.471
2026/04/29 15:44:07,846000,11.462
2026/04/29 15:44:07,847000,11.468
2026/04/29 15:44:07,848000,11.465
2026/04/29 15:44:07,849000,11.462
2026/04/29 15:44:07,850000,11.471
2026/04/29 15:44:07,851000,11.471
2026/04/29 15:44:07,852000,11.468
2026/04/29 15:44:07,853000,11.471
2026/04/29 15:44:07,854000,11.465
2026/04/29 15:44:07,855000,11.468
2026/04/29 15:44:07,856000,11.462
2026/04/29 15:44:07,857000,11.465
2026/04/29 15:44:07,858000,11.465
2026/04/29 15:44:07,859000,11.471
2026/04/29 15:44:07,860000,11.462
2026/04/29 15:44:07,861000,11.465
2026/04/29 15:44:07,862000,11.459
2026/04/29 15:44:07,863000,11.465
2026/04/29 15:44:07,864000,11.465
2026/04/29 15:44:07,865000,11.468
2026/04/29 15:44:07,866000,11.462
2026/04/29 15:44:07,867000,11.462
2026/04/29 15:44:07,868000,11.468
2026/04/29 15:44:07,869000,11.471
2026/04/29 15:44:07,870000,11.462
2026/04/29 15:44:07,871000,11.462
2026/04/29 15:44:07,872000,11.462
2026/04/29 15:44:07,873000,11.471
2026/04/29 15:44:07,874000,11.468
2026/04/29 15:44:07,875000,11.471
2026/04/29 15:44:07,876000,11.465
2026/04/29 15:44:07,877000,11.465
2026/04/29 15:44:07,878000,11.457
2026/04/29 15:44:07,879000,11.471
2026/04/29 15:44:07,880000,11.465
2026/04/29 15:44:07,881000,11.471
2026/04/29 15:44:07,882000,11.468
2026/04/29 15:44:07,883000,11.471
2026/04/29 15:44:07,884000,11.468
2026/04/29 15:44:07,885000,11.465
2026/04/29 15:44:07,886000,11.471
2026/04/29 15:44:07,887000,11.468
2026/04/29 15:44:07,888000,11.471
2026/04/29 15:44:07,889000,11.465
2026/04/29 15:44:07,890000,11.462
2026/04/29 15:44:07,891000,11.471
2026/04/29 15:44:07,892000,11.462
2026/04/29 15:44:07,893000,11.471
2026/04/29 15:44:07,894000,11.468
2026/04/29 15:44:07,895000,11.465
2026/04/29 15:44:07,896000,11.471
2026/04/29 15:44:07,897000,11.465
2026/04/29 15:44:07,898000,11.465
2026/04/29 15:44:07,899000,11.462
2026/04/29 15:44:07,900000,11.468
2026/04/29 15:44:07,901000,11.465
2026/04/29 15:44:07,902000,11.462
2026/04/29 15:44:07,903000,11.462
2026/04/29 15:44:07,904000,11.471
2026/04/29 15:44:07,905000,11.468
2026/04/29 15:44:07,906000,11.465
2026/04/29 15:44:07,907000,11.471
2026/04/29 15:44:07,908000,11.468
2026/04/29 15:44:07,909000,11.471
2026/04/29 15:44:07,910000,11.468
2026/04/29 15:44:07,911000,11.462
2026/04/29 15:44:07,912000,11.471
2026/04/29 15:44:07,913000,11.468
2026/04/29 15:44:07,914000,11.465
2026/04/29 15:44:07,915000,11.465
2026/04/29 15:44:07,916000,11.462
2026/04/29 15:44:07,917000,11.471
2026/04/29 15:44:07,918000,11.462
2026/04/29 15:44:07,919000,11.468
2026/04/29 15:44:07,920000,11.471
2026/04/29 15:44:07,921000,11.465
2026/04/29 15:44:07,922000,11.468
2026/04/29 15:44:07,923000,11.462
2026/04/29 15:44:07,924000,11.465
2026/04/29 15:44:07,925000,11.468
2026/04/29 15:44:07,926000,11.468
2026/04/29 15:44:07,927000,11.468
2026/04/29 15:44:07,928000,11.471
2026/04/29 15:44:07,929000,11.468
2026/04/29 15:44:07,930000,11.468
2026/04/29 15:44:07,931000,11.468
2026/04/29 15:44:07,932000,11.465
2026/04/29 15:44:07,933000,11.465
2026/04/29 15:44:07,934000,11.468
2026/04/29 15:44:07,935000,11.471
2026/04/29 15:44:07,936000,11.468
2026/04/29 15:44:07,937000,11.471
2026/04/29 15:44:07,938000,11.468
2026/04/29 15:44:07,939000,11.468
2026/04/29 15:44:07,940000,11.468
2026/04/29 15:44:07,941000,11.462
2026/04/29 15:44:07,942000,11.471
2026/04/29 15:44:07,943000,11.465
2026/04/29 15:44:07,944000,11.465
2026/04/29 15:44:07,945000,11.459
2026/04/29 15:44:07,946000,11.465
2026/04/29 15:44:07,947000,11.468
2026/04/29 15:44:07,948000,11.465
2026/04/29 15:44:07,949000,11.465
2026/04/29 15:44:07,950000,11.468
2026/04/29 15:44:07,951000,11.462
2026/04/29 15:44:07,952000,11.462
2026/04/29 15:44:07,953000,11.468
2026/04/29 15:44:07,954000,11.465
2026/04/29 15:44:07,955000,11.471
2026/04/29 15:44:07,956000,11.465
2026/04/29 15:44:07,957000,11.459
2026/04/29 15:44:07,958000,11.465
2026/04/29 15:44:07,959000,11.471
2026/04/29 15:44:07,960000,11.465
2026/04/29 15:44:07,961000,11.465
2026/04/29 15:44:07,962000,11.471
2026/04/29 15:44:07,963000,11.462
2026/04/29 15:44:07,964000,11.462
2026/04/29 15:44:07,965000,11.462
2026/04/29 15:44:07,966000,11.471
2026/04/29 15:44:07,967000,11.465
2026/04/29 15:44:07,968000,11.471
2026/04/29 15:44:07,969000,11.471
2026/04/29 15:44:07,970000,11.462
2026/04/29 15:44:07,971000,11.471
2026/04/29 15:44:07,972000,11.476
2026/04/29 15:44:07,973000,11.471
2026/04/29 15:44:07,974000,11.471
2026/04/29 15:44:07,975000,11.471
2026/04/29 15:44:07,976000,11.465
2026/04/29 15:44:07,977000,11.468
2026/04/29 15:44:07,978000,11.465
2026/04/29 15:44:07,979000,11.462
2026/04/29 15:44:07,980000,11.465
2026/04/29 15:44:07,981000,11.468
2026/04/29 15:44:07,982000,11.465
2026/04/29 15:44:07,983000,11.479
2026/04/29 15:44:07,984000,11.468
2026/04/29 15:44:07,985000,11.457
2026/04/29 15:44:07,986000,11.465
2026/04/29 15:44:07,987000,11.465
2026/04/29 15:44:07,988000,11.465
2026/04/29 15:44:07,989000,11.459
2026/04/29 15:44:07,990000,11.468
2026/04/29 15:44:07,991000,11.465
2026/04/29 15:44:07,992000,11.471
2026/04/29 15:44:07,993000,11.462
2026/04/29 15:44:07,994000,11.462
2026/04/29 15:44:07,995000,11.465
2026/04/29 15:44:07,996000,11.468
2026/04/29 15:44:07,997000,11.465
2026/04/29 15:44:07,998000,11.468
2026/04/29 15:44:07,999000,11.471
2026/04/29 15:44:08,000000,11.471
2026/04/29 15:44:08,001000,11.465
2026/04/29 15:44:08,002000,11.468
2026/04/29 15:44:08,003000,11.468
2026/04/29 15:44:08,004000,11.471
2026/04/29 15:44:08,005000,11.468
2026/04/29 15:44:08,006000,11.462
2026/04/29 15:44:08,007000,11.471
2026/04/29 15:44:08,008000,11.471
2026/04/29 15:44:08,009000,11.465
2026/04/29 15:44:08,010000,11.468
2026/04/29 15:44:08,011000,11.468
2026/04/29 15:44:08,012000,11.468
2026/04/29 15:44:08,013000,11.468
2026/04/29 15:44:08,014000,11.471
2026/04/29 15:44:08,015000,11.462
2026/04/29 15:44:08,016000,11.465
2026/04/29 15:44:08,017000,11.471
2026/04/29 15:44:08,018000,11.465
2026/04/29 15:44:08,019000,11.465
2026/04/29 15:44:08,020000,11.468
2026/04/29 15:44:08,021000,11.465
2026/04/29 15:44:08,022000,11.465
2026/04/29 15:44:08,023000,11.468
2026/04/29 15:44:08,024000,11.465
2026/04/29 15:44:08,025000,11.468
2026/04/29 15:44:08,026000,11.462
2026/04/29 15:44:08,027000,11.473
2026/04/29 15:44:08,028000,11.471
2026/04/29 15:44:08,029000,11.468
2026/04/29 15:44:08,030000,11.465
2026/04/29 15:44:08,031000,11.462
2026/04/29 15:44:08,032000,11.465
2026/04/29 15:44:08,033000,11.465
2026/04/29 15:44:08,034000,11.462
2026/04/29 15:44:08,035000,11.468
2026/04/29 15:44:08,036000,11.468
2026/04/29 15:44:08,037000,11.471
2026/04/29 15:44:08,038000,11.471
2026/04/29 15:44:08,039000,11.465
2026/04/29 15:44:08,040000,11.465
2026/04/29 15:44:08,041000,11.465
2026/04/29 15:44:08,042000,11.468
2026/04/29 15:44:08,043000,11.462
2026/04/29 15:44:08,044000,11.471
2026/04/29 15:44:08,045000,11.468
2026/04/29 15:44:08,046000,11.465
2026/04/29 15:44:08,047000,11.465
2026/04/29 15:44:08,048000,11.471
2026/04/29 15:44:08,049000,11.465
2026/04/29 15:44:08,050000,11.462
2026/04/29 15:44:08,051000,11.468
2026/04/29 15:44:08,052000,11.465
2026/04/29 15:44:08,053000,11.462
2026/04/29 15:44:08,054000,11.465
2026/04/29 15:44:08,055000,11.471
2026/04/29 15:44:08,056000,11.465
2026/04/29 15:44:08,057000,11.468
2026/04/29 15:44:08,058000,11.473
2026/04/29 15:44:08,059000,11.471
2026/04/29 15:44:08,060000,11.468
2026/04/29 15:44:08,061000,11.471
2026/04/29 15:44:08,062000,11.465
2026/04/29 15:44:08,063000,11.459
2026/04/29 15:44:08,064000,11.471
2026/04/29 15:44:08,065000,11.462
2026/04/29 15:44:08,066000,11.471
2026/04/29 15:44:08,067000,11.468
2026/04/29 15:44:08,068000,11.465
2026/04/29 15:44:08,069000,11.465
2026/04/29 15:44:08,070000,11.471
2026/04/29 15:44:08,071000,11.468
2026/04/29 15:44:08,072000,11.462
2026/04/29 15:44:08,073000,11.468
2026/04/29 15:44:08,074000,11.462
2026/04/29 15:44:08,075000,11.465
2026/04/29 15:44:08,076000,11.459
2026/04/29 15:44:08,077000,11.465
2026/04/29 15:44:08,078000,11.476
2026/04/29 15:44:08,079000,11.462
2026/04/29 15:44:08,080000,11.471
2026/04/29 15:44:08,081000,11.465
2026/04/29 15:44:08,082000,11.468
2026/04/29 15:44:08,083000,11.465
2026/04/29 15:44:08,084000,11.471
2026/04/29 15:44:08,085000,11.471
2026/04/29 15:44:08,086000,11.473
2026/04/29 15:44:08,087000,11.468
2026/04/29 15:44:08,088000,11.465
2026/04/29 15:44:08,089000,11.468
2026/04/29 15:44:08,090000,11.465
2026/04/29 15:44:08,091000,11.468
2026/04/29 15:44:08,092000,11.468
2026/04/29 15:44:08,093000,11.471
2026/04/29 15:44:08,094000,11.465
2026/04/29 15:44:08,095000,11.465
2026/04/29 15:44:08,096000,11.468
2026/04/29 15:44:08,097000,11.465
2026/04/29 15:44:08,098000,11.465
2026/04/29 15:44:08,099000,11.468
2026/04/29 15:44:08,100000,11.471
2026/04/29 15:44:08,101000,11.471
2026/04/29 15:44:08,102000,11.468
2026/04/29 15:44:08,103000,11.462
2026/04/29 15:44:08,104000,11.462
2026/04/29 15:44:08,105000,11.468
2026/04/29 15:44:08,106000,11.465
2026/04/29 15:44:08,107000,11.459
2026/04/29 15:44:08,108000,11.465
2026/04/29 15:44:08,109000,11.468
2026/04/29 15:44:08,110000,11.471
2026/04/29 15:44:08,111000,11.468
2026/04/29 15:44:08,112000,11.471
2026/04/29 15:44:08,113000,11.462
2026/04/29 15:44:08,114000,11.468
2026/04/29 15:44:08,115000,11.462
2026/04/29 15:44:08,116000,11.457
2026/04/29 15:44:08,117000,11.459
2026/04/29 15:44:08,118000,11.468
2026/04/29 15:44:08,119000,11.462
2026/04/29 15:44:08,120000,11.468
2026/04/29 15:44:08,121000,11.468
2026/04/29 15:44:08,122000,11.468
2026/04/29 15:44:08,123000,11.465
2026/04/29 15:44:08,124000,11.465
2026/04/29 15:44:08,125000,11.465
2026/04/29 15:44:08,126000,11.462
2026/04/29 15:44:08,127000,11.465
2026/04/29 15:44:08,128000,11.471
2026/04/29 15:44:08,129000,11.465
2026/04/29 15:44:08,130000,11.465
2026/04/29 15:44:08,131000,11.459
2026/04/29 15:44:08,132000,11.471
2026/04/29 15:44:08,133000,11.465
2026/04/29 15:44:08,134000,11.465
2026/04/29 15:44:08,135000,11.468
2026/04/29 15:44:08,136000,11.465
2026/04/29 15:44:08,137000,11.465
2026/04/29 15:44:08,138000,11.465
2026/04/29 15:44:08,139000,11.462
2026/04/29 15:44:08,140000,11.462
2026/04/29 15:44:08,141000,11.468
2026/04/29 15:44:08,142000,11.468
2026/04/29 15:44:08,143000,11.459
2026/04/29 15:44:08,144000,11.462
2026/04/29 15:44:08,145000,11.468
2026/04/29 15:44:08,146000,11.468
2026/04/29 15:44:08,147000,11.468
2026/04/29 15:44:08,148000,11.462
2026/04/29 15:44:08,149000,11.465
2026/04/29 15:44:08,150000,11.462
2026/04/29 15:44:08,151000,11.465
2026/04/29 15:44:08,152000,11.465
2026/04/29 15:44:08,153000,11.468
2026/04/29 15:44:08,154000,11.473
2026/04/29 15:44:08,155000,11.468
2026/04/29 15:44:08,156000,11.468
2026/04/29 15:44:08,157000,11.465
2026/04/29 15:44:08,158000,11.468
2026/04/29 15:44:08,159000,11.459
2026/04/29 15:44:08,160000,11.465
2026/04/29 15:44:08,161000,11.465
2026/04/29 15:44:08,162000,11.471
2026/04/29 15:44:08,163000,11.462
2026/04/29 15:44:08,164000,11.465
2026/04/29 15:44:08,165000,11.468
2026/04/29 15:44:08,166000,11.471
2026/04/29 15:44:08,167000,11.468
2026/04/29 15:44:08,168000,11.465
2026/04/29 15:44:08,169000,11.471
2026/04/29 15:44:08,170000,11.471
2026/04/29 15:44:08,171000,11.459
2026/04/29 15:44:08,172000,11.468
2026/04/29 15:44:08,173000,11.471
2026/04/29 15:44:08,174000,11.468
2026/04/29 15:44:08,175000,11.468
2026/04/29 15:44:08,176000,11.471
2026/04/29 15:44:08,177000,11.465
2026/04/29 15:44:08,178000,11.462
2026/04/29 15:44:08,179000,11.471
2026/04/29 15:44:08,180000,11.465
2026/04/29 15:44:08,181000,11.465
2026/04/29 15:44:08,182000,11.471
2026/04/29 15:44:08,183000,11.462
2026/04/29 15:44:08,184000,11.471
2026/04/29 15:44:08,185000,11.468
2026/04/29 15:44:08,186000,11.462
2026/04/29 15:44:08,187000,11.462
2026/04/29 15:44:08,188000,11.468
2026/04/29 15:44:08,189000,11.465
2026/04/29 15:44:08,190000,11.465
2026/04/29 15:44:08,191000,11.465
2026/04/29 15:44:08,192000,11.465
2026/04/29 15:44:08,193000,11.468
2026/04/29 15:44:08,194000,11.462
2026/04/29 15:44:08,195000,11.465
2026/04/29 15:44:08,196000,11.462
2026/04/29 15:44:08,197000,11.465
2026/04/29 15:44:08,198000,11.465
2026/04/29 15:44:08,199000,11.459
2026/04/29 15:44:08,200000,11.471
2026/04/29 15:44:08,201000,11.462
2026/04/29 15:44:08,202000,11.465
2026/04/29 15:44:08,203000,11.462
2026/04/29 15:44:08,204000,11.462
2026/04/29 15:44:08,205000,11.465
2026/04/29 15:44:08,206000,11.462
2026/04/29 15:44:08,207000,11.468
2026/04/29 15:44:08,208000,11.459
2026/04/29 15:44:08,209000,11.465
2026/04/29 15:44:08,210000,11.468
2026/04/29 15:44:08,211000,11.465
2026/04/29 15:44:08,212000,11.462
2026/04/29 15:44:08,213000,11.468
2026/04/29 15:44:08,214000,11.465
2026/04/29 15:44:08,215000,11.462
2026/04/29 15:44:08,216000,11.465
2026/04/29 15:44:08,217000,11.459
2026/04/29 15:44:08,218000,11.468
2026/04/29 15:44:08,219000,11.462
2026/04/29 15:44:08,220000,11.468
2026/04/29 15:44:08,221000,11.465
2026/04/29 15:44:08,222000,11.459
2026/04/29 15:44:08,223000,11.462
2026/04/29 15:44:08,224000,11.459
2026/04/29 15:44:08,225000,11.471
2026/04/29 15:44:08,226000,11.465
2026/04/29 15:44:08,227000,11.459
2026/04/29 15:44:08,228000,11.462
2026/04/29 15:44:08,229000,11.471
2026/04/29 15:44:08,230000,11.465
2026/04/29 15:44:08,231000,11.465
2026/04/29 15:44:08,232000,11.459
2026/04/29 15:44:08,233000,11.459
2026/04/29 15:44:08,234000,11.465
2026/04/29 15:44:08,235000,11.468
2026/04/29 15:44:08,236000,11.462
2026/04/29 15:44:08,237000,11.462
2026/04/29 15:44:08,238000,11.471
2026/04/29 15:44:08,239000,11.465
2026/04/29 15:44:08,240000,11.465
2026/04/29 15:44:08,241000,11.465
2026/04/29 15:44:08,242000,11.462
2026/04/29 15:44:08,243000,11.465
2026/04/29 15:44:08,244000,11.462
2026/04/29 15:44:08,245000,11.465
2026/04/29 15:44:08,246000,11.459
2026/04/29 15:44:08,247000,11.468
2026/04/29 15:44:08,248000,11.457
2026/04/29 15:44:08,249000,11.465
2026/04/29 15:44:08,250000,11.468
2026/04/29 15:44:08,251000,11.459
2026/04/29 15:44:08,252000,11.465
2026/04/29 15:44:08,253000,11.465
2026/04/29 15:44:08,254000,11.468
2026/04/29 15:44:08,255000,11.465
2026/04/29 15:44:08,256000,11.468
2026/04/29 15:44:08,257000,11.462
2026/04/29 15:44:08,258000,11.465
2026/04/29 15:44:08,259000,11.465
2026/04/29 15:44:08,260000,11.468
2026/04/29 15:44:08,261000,11.462
2026/04/29 15:44:08,262000,11.459
2026/04/29 15:44:08,263000,11.465
2026/04/29 15:44:08,264000,11.465
2026/04/29 15:44:08,265000,11.465
2026/04/29 15:44:08,266000,11.465
2026/04/29 15:44:08,267000,11.459
2026/04/29 15:44:08,268000,11.459
2026/04/29 15:44:08,269000,11.462
2026/04/29 15:44:08,270000,11.471
2026/04/29 15:44:08,271000,11.465
2026/04/29 15:44:08,272000,11.465
2026/04/29 15:44:08,273000,11.459
2026/04/29 15:44:08,274000,11.462
2026/04/29 15:44:08,275000,11.462
2026/04/29 15:44:08,276000,11.462
2026/04/29 15:44:08,277000,11.465
2026/04/29 15:44:08,278000,11.459
2026/04/29 15:44:08,279000,11.462
2026/04/29 15:44:08,280000,11.465
2026/04/29 15:44:08,281000,11.468
2026/04/29 15:44:08,282000,11.471
2026/04/29 15:44:08,283000,11.468
2026/04/29 15:44:08,284000,11.462
2026/04/29 15:44:08,285000,11.465
2026/04/29 15:44:08,286000,11.471
2026/04/29 15:44:08,287000,11.462
2026/04/29 15:44:08,288000,11.462
2026/04/29 15:44:08,289000,11.459
2026/04/29 15:44:08,290000,11.468
2026/04/29 15:44:08,291000,11.462
2026/04/29 15:44:08,292000,11.468
2026/04/29 15:44:08,293000,11.471
2026/04/29 15:44:08,294000,11.471
2026/04/29 15:44:08,295000,11.465
2026/04/29 15:44:08,296000,11.468
2026/04/29 15:44:08,297000,11.459
2026/04/29 15:44:08,298000,11.465
2026/04/29 15:44:08,299000,11.471
2026/04/29 15:44:08,300000,11.462
2026/04/29 15:44:08,301000,11.462
2026/04/29 15:44:08,302000,11.471
2026/04/29 15:44:08,303000,11.462
2026/04/29 15:44:08,304000,11.462
2026/04/29 15:44:08,305000,11.465
2026/04/29 15:44:08,306000,11.468
2026/04/29 15:44:08,307000,11.462
2026/04/29 15:44:08,308000,11.462
2026/04/29 15:44:08,309000,11.465
2026/04/29 15:44:08,310000,11.465
2026/04/29 15:44:08,311000,11.468
2026/04/29 15:44:08,312000,11.465
2026/04/29 15:44:08,313000,11.465
2026/04/29 15:44:08,314000,11.465
2026/04/29 15:44:08,315000,11.465
2026/04/29 15:44:08,316000,11.465
2026/04/29 15:44:08,317000,11.465
2026/04/29 15:44:08,318000,11.468
2026/04/29 15:44:08,319000,11.465
2026/04/29 15:44:08,320000,11.465
2026/04/29 15:44:08,321000,11.465
2026/04/29 15:44:08,322000,11.468
2026/04/29 15:44:08,323000,11.465
2026/04/29 15:44:08,324000,11.468
2026/04/29 15:44:08,325000,11.465
2026/04/29 15:44:08,326000,11.462
2026/04/29 15:44:08,327000,11.462
2026/04/29 15:44:08,328000,11.457
2026/04/29 15:44:08,329000,11.471
2026/04/29 15:44:08,330000,11.468
2026/04/29 15:44:08,331000,11.459
2026/04/29 15:44:08,332000,11.468
2026/04/29 15:44:08,333000,11.462
2026/04/29 15:44:08,334000,11.468
2026/04/29 15:44:08,335000,11.468
2026/04/29 15:44:08,336000,11.471
2026/04/29 15:44:08,337000,11.465
2026/04/29 15:44:08,338000,11.471
2026/04/29 15:44:08,339000,11.462
2026/04/29 15:44:08,340000,11.468
2026/04/29 15:44:08,341000,11.465
2026/04/29 15:44:08,342000,11.471
2026/04/29 15:44:08,343000,11.471
2026/04/29 15:44:08,344000,11.468
2026/04/29 15:44:08,345000,11.462
2026/04/29 15:44:08,346000,11.468
2026/04/29 15:44:08,347000,11.465
2026/04/29 15:44:08,348000,11.468
2026/04/29 15:44:08,349000,11.468
2026/04/29 15:44:08,350000,11.462
2026/04/29 15:44:08,351000,11.465
2026/04/29 15:44:08,352000,11.471
2026/04/29 15:44:08,353000,11.462
2026/04/29 15:44:08,354000,11.468
2026/04/29 15:44:08,355000,11.471
2026/04/29 15:44:08,356000,11.468
2026/04/29 15:44:08,357000,11.471
2026/04/29 15:44:08,358000,11.468
2026/04/29 15:44:08,359000,11.465
2026/04/29 15:44:08,360000,11.471
2026/04/29 15:44:08,361000,11.468
2026/04/29 15:44:08,362000,11.468
2026/04/29 15:44:08,363000,11.465
2026/04/29 15:44:08,364000,11.465
2026/04/29 15:44:08,365000,11.471
2026/04/29 15:44:08,366000,11.459
2026/04/29 15:44:08,367000,11.468
2026/04/29 15:44:08,368000,11.468
2026/04/29 15:44:08,369000,11.468
2026/04/29 15:44:08,370000,11.468
2026/04/29 15:44:08,371000,11.465
2026/04/29 15:44:08,372000,11.468
2026/04/29 15:44:08,373000,11.468
2026/04/29 15:44:08,374000,11.465
2026/04/29 15:44:08,375000,11.468
2026/04/29 15:44:08,376000,11.465
2026/04/29 15:44:08,377000,11.465
2026/04/29 15:44:08,378000,11.465
2026/04/29 15:44:08,379000,11.468
2026/04/29 15:44:08,380000,11.468
2026/04/29 15:44:08,381000,11.465
2026/04/29 15:44:08,382000,11.468
2026/04/29 15:44:08,383000,11.468
2026/04/29 15:44:08,384000,11.465
2026/04/29 15:44:08,385000,11.459
2026/04/29 15:44:08,386000,11.459
2026/04/29 15:44:08,387000,11.468
2026/04/29 15:44:08,388000,11.465
2026/04/29 15:44:08,389000,11.459
2026/04/29 15:44:08,390000,11.465
2026/04/29 15:44:08,391000,11.465
2026/04/29 15:44:08,392000,11.471
2026/04/29 15:44:08,393000,11.459
2026/04/29 15:44:08,394000,11.465
2026/04/29 15:44:08,395000,11.462
2026/04/29 15:44:08,396000,11.465
2026/04/29 15:44:08,397000,11.459
2026/04/29 15:44:08,398000,11.468
2026/04/29 15:44:08,399000,11.468
2026/04/29 15:44:08,400000,11.471
2026/04/29 15:44:08,401000,11.476
2026/04/29 15:44:08,402000,11.465
2026/04/29 15:44:08,403000,11.462
2026/04/29 15:44:08,404000,11.462
2026/04/29 15:44:08,405000,11.471
2026/04/29 15:44:08,406000,11.465
2026/04/29 15:44:08,407000,11.471
2026/04/29 15:44:08,408000,11.462
2026/04/29 15:44:08,409000,11.465
2026/04/29 15:44:08,410000,11.465
2026/04/29 15:44:08,411000,11.465
2026/04/29 15:44:08,412000,11.468
2026/04/29 15:44:08,413000,11.465
2026/04/29 15:44:08,414000,11.462
2026/04/29 15:44:08,415000,11.465
2026/04/29 15:44:08,416000,11.462
2026/04/29 15:44:08,417000,11.468
2026/04/29 15:44:08,418000,11.462
2026/04/29 15:44:08,419000,11.459
2026/04/29 15:44:08,420000,11.462
2026/04/29 15:44:08,421000,11.468
2026/04/29 15:44:08,422000,11.471
2026/04/29 15:44:08,423000,11.468
2026/04/29 15:44:08,424000,11.468
2026/04/29 15:44:08,425000,11.471
2026/04/29 15:44:08,426000,11.468
2026/04/29 15:44:08,427000,11.468
2026/04/29 15:44:08,428000,11.465
2026/04/29 15:44:08,429000,11.465
2026/04/29 15:44:08,430000,11.465
2026/04/29 15:44:08,431000,11.465
2026/04/29 15:44:08,432000,11.468
2026/04/29 15:44:08,433000,11.471
2026/04/29 15:44:08,434000,11.468
2026/04/29 15:44:08,435000,11.462
2026/04/29 15:44:08,436000,11.465
2026/04/29 15:44:08,437000,11.468
2026/04/29 15:44:08,438000,11.468
2026/04/29 15:44:08,439000,11.468
2026/04/29 15:44:08,440000,11.459
2026/04/29 15:44:08,441000,11.465
2026/04/29 15:44:08,442000,11.468
2026/04/29 15:44:08,443000,11.465
2026/04/29 15:44:08,444000,11.471
2026/04/29 15:44:08,445000,11.468
2026/04/29 15:44:08,446000,11.468
2026/04/29 15:44:08,447000,11.468
2026/04/29 15:44:08,448000,11.462
2026/04/29 15:44:08,449000,11.471
2026/04/29 15:44:08,450000,11.468
2026/04/29 15:44:08,451000,11.471
2026/04/29 15:44:08,452000,11.462
2026/04/29 15:44:08,453000,11.465
2026/04/29 15:44:08,454000,11.465
2026/04/29 15:44:08,455000,11.465
2026/04/29 15:44:08,456000,11.465
2026/04/29 15:44:08,457000,11.465
2026/04/29 15:44:08,458000,11.471
2026/04/29 15:44:08,459000,11.468
2026/04/29 15:44:08,460000,11.465
2026/04/29 15:44:08,461000,11.465
2026/04/29 15:44:08,462000,11.462
2026/04/29 15:44:08,463000,11.471
2026/04/29 15:44:08,464000,11.468
2026/04/29 15:44:08,465000,11.471
2026/04/29 15:44:08,466000,11.471
2026/04/29 15:44:08,467000,11.465
2026/04/29 15:44:08,468000,11.471
2026/04/29 15:44:08,469000,11.465
2026/04/29 15:44:08,470000,11.468
2026/04/29 15:44:08,471000,11.459
2026/04/29 15:44:08,472000,11.465
2026/04/29 15:44:08,473000,11.465
2026/04/29 15:44:08,474000,11.465
2026/04/29 15:44:08,475000,11.471
2026/04/29 15:44:08,476000,11.468
2026/04/29 15:44:08,477000,11.462
2026/04/29 15:44:08,478000,11.468
2026/04/29 15:44:08,479000,11.468
2026/04/29 15:44:08,480000,11.468
2026/04/29 15:44:08,481000,11.471
2026/04/29 15:44:08,482000,11.462
2026/04/29 15:44:08,483000,11.465
2026/04/29 15:44:08,484000,11.465
2026/04/29 15:44:08,485000,11.471
2026/04/29 15:44:08,486000,11.468
2026/04/29 15:44:08,487000,11.468
2026/04/29 15:44:08,488000,11.471
2026/04/29 15:44:08,489000,11.468
2026/04/29 15:44:08,490000,11.471
2026/04/29 15:44:08,491000,11.471
2026/04/29 15:44:08,492000,11.471
2026/04/29 15:44:08,493000,11.468
2026/04/29 15:44:08,494000,11.468
2026/04/29 15:44:08,495000,11.465
2026/04/29 15:44:08,496000,11.468
2026/04/29 15:44:08,497000,11.462
2026/04/29 15:44:08,498000,11.468
2026/04/29 15:44:08,499000,11.471
2026/04/29 15:44:08,500000,11.468
2026/04/29 15:44:08,501000,11.471
2026/04/29 15:44:08,502000,11.471
2026/04/29 15:44:08,503000,11.462
2026/04/29 15:44:08,504000,11.471
2026/04/29 15:44:08,505000,11.462
2026/04/29 15:44:08,506000,11.465
2026/04/29 15:44:08,507000,11.468
2026/04/29 15:44:08,508000,11.468
2026/04/29 15:44:08,509000,11.471
2026/04/29 15:44:08,510000,11.468
2026/04/29 15:44:08,511000,11.465
2026/04/29 15:44:08,512000,11.468
2026/04/29 15:44:08,513000,11.459
2026/04/29 15:44:08,514000,11.468
2026/04/29 15:44:08,515000,11.465
2026/04/29 15:44:08,516000,11.468
2026/04/29 15:44:08,517000,11.462
2026/04/29 15:44:08,518000,11.471
2026/04/29 15:44:08,519000,11.468
2026/04/29 15:44:08,520000,11.473
2026/04/29 15:44:08,521000,11.465
2026/04/29 15:44:08,522000,11.465
2026/04/29 15:44:08,523000,11.465
2026/04/29 15:44:08,524000,11.468
2026/04/29 15:44:08,525000,11.465
2026/04/29 15:44:08,526000,11.468
2026/04/29 15:44:08,527000,11.471
2026/04/29 15:44:08,528000,11.462
2026/04/29 15:44:08,529000,11.471
2026/04/29 15:44:08,530000,11.471
2026/04/29 15:44:08,531000,11.471
2026/04/29 15:44:08,532000,11.471
2026/04/29 15:44:08,533000,11.468
2026/04/29 15:44:08,534000,11.471
2026/04/29 15:44:08,535000,11.471
2026/04/29 15:44:08,536000,11.468
2026/04/29 15:44:08,537000,11.471
2026/04/29 15:44:08,538000,11.468
2026/04/29 15:44:08,539000,11.468
2026/04/29 15:44:08,540000,11.459
2026/04/29 15:44:08,541000,11.465
2026/04/29 15:44:08,542000,11.468
2026/04/29 15:44:08,543000,11.468
2026/04/29 15:44:08,544000,11.471
2026/04/29 15:44:08,545000,11.462
2026/04/29 15:44:08,546000,11.468
2026/04/29 15:44:08,547000,11.465
2026/04/29 15:44:08,548000,11.465
2026/04/29 15:44:08,549000,11.471
2026/04/29 15:44:08,550000,11.465
2026/04/29 15:44:08,551000,11.462
2026/04/29 15:44:08,552000,11.468
2026/04/29 15:44:08,553000,11.468
2026/04/29 15:44:08,554000,11.468
2026/04/29 15:44:08,555000,11.465
2026/04/29 15:44:08,556000,11.476
2026/04/29 15:44:08,557000,11.468
2026/04/29 15:44:08,558000,11.468
2026/04/29 15:44:08,559000,11.468
2026/04/29 15:44:08,560000,11.465
2026/04/29 15:44:08,561000,11.471
2026/04/29 15:44:08,562000,11.471
2026/04/29 15:44:08,563000,11.468
2026/04/29 15:44:08,564000,11.468
2026/04/29 15:44:08,565000,11.462
2026/04/29 15:44:08,566000,11.465
2026/04/29 15:44:08,567000,11.471
2026/04/29 15:44:08,568000,11.465
2026/04/29 15:44:08,569000,11.471
2026/04/29 15:44:08,570000,11.465
2026/04/29 15:44:08,571000,11.471
2026/04/29 15:44:08,572000,11.462
2026/04/29 15:44:08,573000,11.471
2026/04/29 15:44:08,574000,11.468
2026/04/29 15:44:08,575000,11.473
2026/04/29 15:44:08,576000,11.471
2026/04/29 15:44:08,577000,11.465
2026/04/29 15:44:08,578000,11.468
2026/04/29 15:44:08,579000,11.462
2026/04/29 15:44:08,580000,11.471
2026/04/29 15:44:08,581000,11.465
2026/04/29 15:44:08,582000,11.457
2026/04/29 15:44:08,583000,11.462
2026/04/29 15:44:08,584000,11.471
2026/04/29 15:44:08,585000,11.468
2026/04/29 15:44:08,586000,11.462
2026/04/29 15:44:08,587000,11.471
2026/04/29 15:44:08,588000,11.462
2026/04/29 15:44:08,589000,11.471
2026/04/29 15:44:08,590000,11.468
2026/04/29 15:44:08,591000,11.465
2026/04/29 15:44:08,592000,11.462
2026/04/29 15:44:08,593000,11.465
2026/04/29 15:44:08,594000,11.465
2026/04/29 15:44:08,595000,11.468
2026/04/29 15:44:08,596000,11.465
2026/04/29 15:44:08,597000,11.465
2026/04/29 15:44:08,598000,11.468
2026/04/29 15:44:08,599000,11.465
2026/04/29 15:44:08,600000,11.465
2026/04/29 15:44:08,601000,11.465
2026/04/29 15:44:08,602000,11.465
2026/04/29 15:44:08,603000,11.471
2026/04/29 15:44:08,604000,11.468
2026/04/29 15:44:08,605000,11.468
2026/04/29 15:44:08,606000,11.471
2026/04/29 15:44:08,607000,11.465
2026/04/29 15:44:08,608000,11.465
2026/04/29 15:44:08,609000,11.471
2026/04/29 15:44:08,610000,11.462
2026/04/29 15:44:08,611000,11.468
2026/04/29 15:44:08,612000,11.471
2026/04/29 15:44:08,613000,11.462
2026/04/29 15:44:08,614000,11.468
2026/04/29 15:44:08,615000,11.468
2026/04/29 15:44:08,616000,11.468
2026/04/29 15:44:08,617000,11.465
2026/04/29 15:44:08,618000,11.459
2026/04/29 15:44:08,619000,11.468
2026/04/29 15:44:08,620000,11.465
2026/04/29 15:44:08,621000,11.471
2026/04/29 15:44:08,622000,11.468
2026/04/29 15:44:08,623000,11.465
2026/04/29 15:44:08,624000,11.468
2026/04/29 15:44:08,625000,11.468
2026/04/29 15:44:08,626000,11.468
2026/04/29 15:44:08,627000,11.462
2026/04/29 15:44:08,628000,11.468
2026/04/29 15:44:08,629000,11.462
2026/04/29 15:44:08,630000,11.465
2026/04/29 15:44:08,631000,11.465
2026/04/29 15:44:08,632000,11.462
2026/04/29 15:44:08,633000,11.462
2026/04/29 15:44:08,634000,11.462
2026/04/29 15:44:08,635000,11.471
2026/04/29 15:44:08,636000,11.471
2026/04/29 15:44:08,637000,11.468
2026/04/29 15:44:08,638000,11.459
2026/04/29 15:44:08,639000,11.459
2026/04/29 15:44:08,640000,11.462
2026/04/29 15:44:08,641000,11.465
2026/04/29 15:44:08,642000,11.468
2026/04/29 15:44:08,643000,11.471
2026/04/29 15:44:08,644000,11.462
2026/04/29 15:44:08,645000,11.468
2026/04/29 15:44:08,646000,11.468
2026/04/29 15:44:08,647000,11.465
2026/04/29 15:44:08,648000,11.465
2026/04/29 15:44:08,649000,11.465
2026/04/29 15:44:08,650000,11.468
2026/04/29 15:44:08,651000,11.468
2026/04/29 15:44:08,652000,11.468
2026/04/29 15:44:08,653000,11.465
2026/04/29 15:44:08,654000,11.468
2026/04/29 15:44:08,655000,11.459
2026/04/29 15:44:08,656000,11.465
2026/04/29 15:44:08,657000,11.465
2026/04/29 15:44:08,658000,11.468
2026/04/29 15:44:08,659000,11.465
2026/04/29 15:44:08,660000,11.468
2026/04/29 15:44:08,661000,11.468
2026/04/29 15:44:08,662000,11.468
2026/04/29 15:44:08,663000,11.468
2026/04/29 15:44:08,664000,11.457
2026/04/29 15:44:08,665000,11.468
2026/04/29 15:44:08,666000,11.462
2026/04/29 15:44:08,667000,11.468
2026/04/29 15:44:08,668000,11.465
2026/04/29 15:44:08,669000,11.465
2026/04/29 15:44:08,670000,11.471
2026/04/29 15:44:08,671000,11.468
2026/04/29 15:44:08,672000,11.471
2026/04/29 15:44:08,673000,11.465
2026/04/29 15:44:08,674000,11.465
2026/04/29 15:44:08,675000,11.465
2026/04/29 15:44:08,676000,11.465
2026/04/29 15:44:08,677000,11.471
2026/04/29 15:44:08,678000,11.468
2026/04/29 15:44:08,679000,11.465
2026/04/29 15:44:08,680000,11.462
2026/04/29 15:44:08,681000,11.468
2026/04/29 15:44:08,682000,11.465
2026/04/29 15:44:08,683000,11.468
2026/04/29 15:44:08,684000,11.459
2026/04/29 15:44:08,685000,11.471
2026/04/29 15:44:08,686000,11.468
2026/04/29 15:44:08,687000,11.459
2026/04/29 15:44:08,688000,11.459
2026/04/29 15:44:08,689000,11.462
2026/04/29 15:44:08,690000,11.465
2026/04/29 15:44:08,691000,11.468
2026/04/29 15:44:08,692000,11.462
2026/04/29 15:44:08,693000,11.468
2026/04/29 15:44:08,694000,11.468
2026/04/29 15:44:08,695000,11.459
2026/04/29 15:44:08,696000,11.465
2026/04/29 15:44:08,697000,11.462
2026/04/29 15:44:08,698000,11.465
2026/04/29 15:44:08,699000,11.468
2026/04/29 15:44:08,700000,11.462
2026/04/29 15:44:08,701000,11.462
2026/04/29 15:44:08,702000,11.465
2026/04/29 15:44:08,703000,11.468
2026/04/29 15:44:08,704000,11.468
2026/04/29 15:44:08,705000,11.471
2026/04/29 15:44:08,706000,11.465
2026/04/29 15:44:08,707000,11.468
2026/04/29 15:44:08,708000,11.459
2026/04/29 15:44:08,709000,11.465
2026/04/29 15:44:08,710000,11.459
2026/04/29 15:44:08,711000,11.457
2026/04/29 15:44:08,712000,11.462
2026/04/29 15:44:08,713000,11.468
2026/04/29 15:44:08,714000,11.465
2026/04/29 15:44:08,715000,11.462
2026/04/29 15:44:08,716000,11.465
2026/04/29 15:44:08,717000,11.459
2026/04/29 15:44:08,718000,11.465
2026/04/29 15:44:08,719000,11.468
2026/04/29 15:44:08,720000,11.468
2026/04/29 15:44:08,721000,11.465
2026/04/29 15:44:08,722000,11.462
2026/04/29 15:44:08,723000,11.465
2026/04/29 15:44:08,724000,11.462
2026/04/29 15:44:08,725000,11.471
2026/04/29 15:44:08,726000,11.465
2026/04/29 15:44:08,727000,11.465
2026/04/29 15:44:08,728000,11.465
2026/04/29 15:44:08,729000,11.465
2026/04/29 15:44:08,730000,11.468
2026/04/29 15:44:08,731000,11.465
2026/04/29 15:44:08,732000,11.459
2026/04/29 15:44:08,733000,11.459
2026/04/29 15:44:08,734000,11.471
2026/04/29 15:44:08,735000,11.465
2026/04/29 15:44:08,736000,11.465
2026/04/29 15:44:08,737000,11.465
2026/04/29 15:44:08,738000,11.468
2026/04/29 15:44:08,739000,11.468
2026/04/29 15:44:08,740000,11.462
2026/04/29 15:44:08,741000,11.465
2026/04/29 15:44:08,742000,11.459
2026/04/29 15:44:08,743000,11.471
2026/04/29 15:44:08,744000,11.459
2026/04/29 15:44:08,745000,11.465
2026/04/29 15:44:08,746000,11.462
2026/04/29 15:44:08,747000,11.462
2026/04/29 15:44:08,748000,11.471
2026/04/29 15:44:08,749000,11.465
2026/04/29 15:44:08,750000,11.465
2026/04/29 15:44:08,751000,11.459
2026/04/29 15:44:08,752000,11.465
2026/04/29 15:44:08,753000,11.471
2026/04/29 15:44:08,754000,11.468
2026/04/29 15:44:08,755000,11.465
2026/04/29 15:44:08,756000,11.465
2026/04/29 15:44:08,757000,11.465
2026/04/29 15:44:08,758000,11.471
2026/04/29 15:44:08,759000,11.465
2026/04/29 15:44:08,760000,11.465
2026/04/29 15:44:08,761000,11.459
2026/04/29 15:44:08,762000,11.465
2026/04/29 15:44:08,763000,11.471
2026/04/29 15:44:08,764000,11.465
2026/04/29 15:44:08,765000,11.465
2026/04/29 15:44:08,766000,11.465
2026/04/29 15:44:08,767000,11.462
2026/04/29 15:44:08,768000,11.465
2026/04/29 15:44:08,769000,11.465
2026/04/29 15:44:08,770000,11.465
2026/04/29 15:44:08,771000,11.468
2026/04/29 15:44:08,772000,11.462
2026/04/29 15:44:08,773000,11.468
2026/04/29 15:44:08,774000,11.462
2026/04/29 15:44:08,775000,11.465
2026/04/29 15:44:08,776000,11.465
2026/04/29 15:44:08,777000,11.459
2026/04/29 15:44:08,778000,11.465
2026/04/29 15:44:08,779000,11.462
2026/04/29 15:44:08,780000,11.462
2026/04/29 15:44:08,781000,11.468
2026/04/29 15:44:08,782000,11.462
2026/04/29 15:44:08,783000,11.465
2026/04/29 15:44:08,784000,11.465
2026/04/29 15:44:08,785000,11.468
2026/04/29 15:44:08,786000,11.465
2026/04/29 15:44:08,787000,11.465
2026/04/29 15:44:08,788000,11.462
2026/04/29 15:44:08,789000,11.465
2026/04/29 15:44:08,790000,11.465
2026/04/29 15:44:08,791000,11.465
2026/04/29 15:44:08,792000,11.465
2026/04/29 15:44:08,793000,11.471
2026/04/29 15:44:08,794000,11.465
2026/04/29 15:44:08,795000,11.459
2026/04/29 15:44:08,796000,11.465
2026/04/29 15:44:08,797000,11.465
2026/04/29 15:44:08,798000,11.471
2026/04/29 15:44:08,799000,11.459
2026/04/29 15:44:08,800000,11.465
2026/04/29 15:44:08,801000,11.465
2026/04/29 15:44:08,802000,11.471
2026/04/29 15:44:08,803000,11.465
2026/04/29 15:44:08,804000,11.468
2026/04/29 15:44:08,805000,11.465
2026/04/29 15:44:08,806000,11.471
2026/04/29 15:44:08,807000,11.462
2026/04/29 15:44:08,808000,11.465
2026/04/29 15:44:08,809000,11.468
2026/04/29 15:44:08,810000,11.459
2026/04/29 15:44:08,811000,11.462
2026/04/29 15:44:08,812000,11.465
2026/04/29 15:44:08,813000,11.468
2026/04/29 15:44:08,814000,11.468
2026/04/29 15:44:08,815000,11.459
2026/04/29 15:44:08,816000,11.468
2026/04/29 15:44:08,817000,11.465
2026/04/29 15:44:08,818000,11.471
2026/04/29 15:44:08,819000,11.465
2026/04/29 15:44:08,820000,11.462
2026/04/29 15:44:08,821000,11.462
2026/04/29 15:44:08,822000,11.462
2026/04/29 15:44:08,823000,11.465
2026/04/29 15:44:08,824000,11.468
2026/04/29 15:44:08,825000,11.468
2026/04/29 15:44:08,826000,11.471
2026/04/29 15:44:08,827000,11.462
2026/04/29 15:44:08,828000,11.468
2026/04/29 15:44:08,829000,11.468
2026/04/29 15:44:08,830000,11.465
2026/04/29 15:44:08,831000,11.471
2026/04/29 15:44:08,832000,11.468
2026/04/29 15:44:08,833000,11.471
2026/04/29 15:44:08,834000,11.465
2026/04/29 15:44:08,835000,11.468
2026/04/29 15:44:08,836000,11.468
2026/04/29 15:44:08,837000,11.465
2026/04/29 15:44:08,838000,11.462
2026/04/29 15:44:08,839000,11.465
2026/04/29 15:44:08,840000,11.465
2026/04/29 15:44:08,841000,11.465
2026/04/29 15:44:08,842000,11.468
2026/04/29 15:44:08,843000,11.462
2026/04/29 15:44:08,844000,11.465
2026/04/29 15:44:08,845000,11.468
2026/04/29 15:44:08,846000,11.468
2026/04/29 15:44:08,847000,11.468
2026/04/29 15:44:08,848000,11.465
2026/04/29 15:44:08,849000,11.462
2026/04/29 15:44:08,850000,11.462
2026/04/29 15:44:08,851000,11.465
2026/04/29 15:44:08,852000,11.468
2026/04/29 15:44:08,853000,11.465
2026/04/29 15:44:08,854000,11.465
2026/04/29 15:44:08,855000,11.468
2026/04/29 15:44:08,856000,11.465
2026/04/29 15:44:08,857000,11.465
2026/04/29 15:44:08,858000,11.471
2026/04/29 15:44:08,859000,11.465
2026/04/29 15:44:08,860000,11.462
2026/04/29 15:44:08,861000,11.465
2026/04/29 15:44:08,862000,11.468
2026/04/29 15:44:08,863000,11.465
2026/04/29 15:44:08,864000,11.465
2026/04/29 15:44:08,865000,11.465
2026/04/29 15:44:08,866000,11.468
2026/04/29 15:44:08,867000,11.471
2026/04/29 15:44:08,868000,11.471
2026/04/29 15:44:08,869000,11.462
2026/04/29 15:44:08,870000,11.471
2026/04/29 15:44:08,871000,11.465
2026/04/29 15:44:08,872000,11.465
2026/04/29 15:44:08,873000,11.468
2026/04/29 15:44:08,874000,11.465
2026/04/29 15:44:08,875000,11.465
2026/04/29 15:44:08,876000,11.471
2026/04/29 15:44:08,877000,11.471
2026/04/29 15:44:08,878000,11.465
2026/04/29 15:44:08,879000,11.465
2026/04/29 15:44:08,880000,11.465
2026/04/29 15:44:08,881000,11.465
2026/04/29 15:44:08,882000,11.465
2026/04/29 15:44:08,883000,11.465
2026/04/29 15:44:08,884000,11.471
2026/04/29 15:44:08,885000,11.459
2026/04/29 15:44:08,886000,11.459
2026/04/29 15:44:08,887000,11.462
2026/04/29 15:44:08,888000,11.468
2026/04/29 15:44:08,889000,11.465
2026/04/29 15:44:08,890000,11.471
2026/04/29 15:44:08,891000,11.468
2026/04/29 15:44:08,892000,11.465
2026/04/29 15:44:08,893000,11.471
2026/04/29 15:44:08,894000,11.468
2026/04/29 15:44:08,895000,11.462
2026/04/29 15:44:08,896000,11.462
2026/04/29 15:44:08,897000,11.465
2026/04/29 15:44:08,898000,11.471
2026/04/29 15:44:08,899000,11.465
2026/04/29 15:44:08,900000,11.462
2026/04/29 15:44:08,901000,11.465
2026/04/29 15:44:08,902000,11.468
2026/04/29 15:44:08,903000,11.465
2026/04/29 15:44:08,904000,11.465
2026/04/29 15:44:08,905000,11.468
2026/04/29 15:44:08,906000,11.465
2026/04/29 15:44:08,907000,11.468
2026/04/29 15:44:08,908000,11.462
2026/04/29 15:44:08,909000,11.462
2026/04/29 15:44:08,910000,11.468
2026/04/29 15:44:08,911000,11.465
2026/04/29 15:44:08,912000,11.468
2026/04/29 15:44:08,913000,11.462
2026/04/29 15:44:08,914000,11.465
2026/04/29 15:44:08,915000,11.468
2026/04/29 15:44:08,916000,11.465
2026/04/29 15:44:08,917000,11.462
2026/04/29 15:44:08,918000,11.471
2026/04/29 15:44:08,919000,11.468
2026/04/29 15:44:08,920000,11.462
2026/04/29 15:44:08,921000,11.468
2026/04/29 15:44:08,922000,11.465
2026/04/29 15:44:08,923000,11.465
2026/04/29 15:44:08,924000,11.459
2026/04/29 15:44:08,925000,11.459
2026/04/29 15:44:08,926000,11.468
2026/04/29 15:44:08,927000,11.471
2026/04/29 15:44:08,928000,11.471
2026/04/29 15:44:08,929000,11.468
2026/04/29 15:44:08,930000,11.462
2026/04/29 15:44:08,931000,11.468
2026/04/29 15:44:08,932000,11.459
2026/04/29 15:44:08,933000,11.465
2026/04/29 15:44:08,934000,11.468
2026/04/29 15:44:08,935000,11.465
2026/04/29 15:44:08,936000,11.465
2026/04/29 15:44:08,937000,11.465
2026/04/29 15:44:08,938000,11.471
2026/04/29 15:44:08,939000,11.465
2026/04/29 15:44:08,940000,11.462
2026/04/29 15:44:08,941000,11.468
2026/04/29 15:44:08,942000,11.471
2026/04/29 15:44:08,943000,11.462
2026/04/29 15:44:08,944000,11.468
2026/04/29 15:44:08,945000,11.468
2026/04/29 15:44:08,946000,11.465
2026/04/29 15:44:08,947000,11.468
2026/04/29 15:44:08,948000,11.465
2026/04/29 15:44:08,949000,11.465
2026/04/29 15:44:08,950000,11.473
2026/04/29 15:44:08,951000,11.465
2026/04/29 15:44:08,952000,11.471
2026/04/29 15:44:08,953000,11.465
2026/04/29 15:44:08,954000,11.468
2026/04/29 15:44:08,955000,11.468
2026/04/29 15:44:08,956000,11.468
2026/04/29 15:44:08,957000,11.465
2026/04/29 15:44:08,958000,11.459
2026/04/29 15:44:08,959000,11.471
2026/04/29 15:44:08,960000,11.468
2026/04/29 15:44:08,961000,11.462
2026/04/29 15:44:08,962000,11.468
2026/04/29 15:44:08,963000,11.462
2026/04/29 15:44:08,964000,11.468
2026/04/29 15:44:08,965000,11.468
2026/04/29 15:44:08,966000,11.462
2026/04/29 15:44:08,967000,11.465
2026/04/29 15:44:08,968000,11.465
2026/04/29 15:44:08,969000,11.459
2026/04/29 15:44:08,970000,11.465
2026/04/29 15:44:08,971000,11.468
2026/04/29 15:44:08,972000,11.471
2026/04/29 15:44:08,973000,11.465
2026/04/29 15:44:08,974000,11.471
2026/04/29 15:44:08,975000,11.462
2026/04/29 15:44:08,976000,11.468
2026/04/29 15:44:08,977000,11.465
2026/04/29 15:44:08,978000,11.459
2026/04/29 15:44:08,979000,11.459
2026/04/29 15:44:08,980000,11.465
2026/04/29 15:44:08,981000,11.471
2026/04/29 15:44:08,982000,11.462
2026/04/29 15:44:08,983000,11.468
2026/04/29 15:44:08,984000,11.465
2026/04/29 15:44:08,985000,11.471
2026/04/29 15:44:08,986000,11.465
2026/04/29 15:44:08,987000,11.471
2026/04/29 15:44:08,988000,11.465
2026/04/29 15:44:08,989000,11.462
2026/04/29 15:44:08,990000,11.471
2026/04/29 15:44:08,991000,11.468
2026/04/29 15:44:08,992000,11.473
2026/04/29 15:44:08,993000,11.462
2026/04/29 15:44:08,994000,11.468
2026/04/29 15:44:08,995000,11.462
2026/04/29 15:44:08,996000,11.465
2026/04/29 15:44:08,997000,11.471
2026/04/29 15:44:08,998000,11.465
2026/04/29 15:44:08,999000,11.465
2026/04/29 15:44:09,000000,11.471
2026/04/29 15:44:09,001000,11.468
2026/04/29 15:44:09,002000,11.468
2026/04/29 15:44:09,003000,11.471
2026/04/29 15:44:09,004000,11.468
2026/04/29 15:44:09,005000,11.465
2026/04/29 15:44:09,006000,11.462
2026/04/29 15:44:09,007000,11.468
2026/04/29 15:44:09,008000,11.471
2026/04/29 15:44:09,009000,11.471
2026/04/29 15:44:09,010000,11.465
2026/04/29 15:44:09,011000,11.468
2026/04/29 15:44:09,012000,11.471
2026/04/29 15:44:09,013000,11.465
2026/04/29 15:44:09,014000,11.459
2026/04/29 15:44:09,015000,11.468
2026/04/29 15:44:09,016000,11.471
2026/04/29 15:44:09,017000,11.468
2026/04/29 15:44:09,018000,11.468
2026/04/29 15:44:09,019000,11.462
2026/04/29 15:44:09,020000,11.468
2026/04/29 15:44:09,021000,11.465
2026/04/29 15:44:09,022000,11.459
2026/04/29 15:44:09,023000,11.468
2026/04/29 15:44:09,024000,11.465
2026/04/29 15:44:09,025000,11.468
2026/04/29 15:44:09,026000,11.465
2026/04/29 15:44:09,027000,11.468
2026/04/29 15:44:09,028000,11.468
2026/04/29 15:44:09,029000,11.462
2026/04/29 15:44:09,030000,11.462
2026/04/29 15:44:09,031000,11.465
2026/04/29 15:44:09,032000,11.462
2026/04/29 15:44:09,033000,11.465
2026/04/29 15:44:09,034000,11.465
2026/04/29 15:44:09,035000,11.465
2026/04/29 15:44:09,036000,11.462
2026/04/29 15:44:09,037000,11.468
2026/04/29 15:44:09,038000,11.468
2026/04/29 15:44:09,039000,11.462
2026/04/29 15:44:09,040000,11.468
2026/04/29 15:44:09,041000,11.468
2026/04/29 15:44:09,042000,11.468
2026/04/29 15:44:09,043000,11.471
2026/04/29 15:44:09,044000,11.468
2026/04/29 15:44:09,045000,11.465
2026/04/29 15:44:09,046000,11.471
2026/04/29 15:44:09,047000,11.462
2026/04/29 15:44:09,048000,11.462
2026/04/29 15:44:09,049000,11.471
2026/04/29 15:44:09,050000,11.471
2026/04/29 15:44:09,051000,11.471
2026/04/29 15:44:09,052000,11.471
2026/04/29 15:44:09,053000,11.468
2026/04/29 15:44:09,054000,11.468
2026/04/29 15:44:09,055000,11.468
2026/04/29 15:44:09,056000,11.471
2026/04/29 15:44:09,057000,11.468
2026/04/29 15:44:09,058000,11.468
2026/04/29 15:44:09,059000,11.468
2026/04/29 15:44:09,060000,11.465
2026/04/29 15:44:09,061000,11.465
2026/04/29 15:44:09,062000,11.468
2026/04/29 15:44:09,063000,11.459
2026/04/29 15:44:09,064000,11.471
2026/04/29 15:44:09,065000,11.462
2026/04/29 15:44:09,066000,11.471
2026/04/29 15:44:09,067000,11.468
2026/04/29 15:44:09,068000,11.471
2026/04/29 15:44:09,069000,11.465
2026/04/29 15:44:09,070000,11.465
2026/04/29 15:44:09,071000,11.465
2026/04/29 15:44:09,072000,11.459
2026/04/29 15:44:09,073000,11.465
2026/04/29 15:44:09,074000,11.468
2026/04/29 15:44:09,075000,11.465
2026/04/29 15:44:09,076000,11.468
2026/04/29 15:44:09,077000,11.465
2026/04/29 15:44:09,078000,11.468
2026/04/29 15:44:09,079000,11.468
2026/04/29 15:44:09,080000,11.462
2026/04/29 15:44:09,081000,11.468
2026/04/29 15:44:09,082000,11.465
2026/04/29 15:44:09,083000,11.465
2026/04/29 15:44:09,084000,11.468
2026/04/29 15:44:09,085000,11.468
2026/04/29 15:44:09,086000,11.468
2026/04/29 15:44:09,087000,11.468
2026/04/29 15:44:09,088000,11.462
2026/04/29 15:44:09,089000,11.465
2026/04/29 15:44:09,090000,11.468
2026/04/29 15:44:09,091000,11.462
2026/04/29 15:44:09,092000,11.468
2026/04/29 15:44:09,093000,11.468
2026/04/29 15:44:09,094000,11.465
2026/04/29 15:44:09,095000,11.465
2026/04/29 15:44:09,096000,11.468
2026/04/29 15:44:09,097000,11.468
2026/04/29 15:44:09,098000,11.468
2026/04/29 15:44:09,099000,11.465
2026/04/29 15:44:09,100000,11.465
2026/04/29 15:44:09,101000,11.471
2026/04/29 15:44:09,102000,11.465
2026/04/29 15:44:09,103000,11.465
2026/04/29 15:44:09,104000,11.468
2026/04/29 15:44:09,105000,11.468
2026/04/29 15:44:09,106000,11.465
2026/04/29 15:44:09,107000,11.465
2026/04/29 15:44:09,108000,11.468
2026/04/29 15:44:09,109000,11.462
2026/04/29 15:44:09,110000,11.471
2026/04/29 15:44:09,111000,11.468
2026/04/29 15:44:09,112000,11.468
2026/04/29 15:44:09,113000,11.465
2026/04/29 15:44:09,114000,11.468
2026/04/29 15:44:09,115000,11.462
2026/04/29 15:44:09,116000,11.468
2026/04/29 15:44:09,117000,11.465
2026/04/29 15:44:09,118000,11.465
2026/04/29 15:44:09,119000,11.459
2026/04/29 15:44:09,120000,11.465
2026/04/29 15:44:09,121000,11.468
2026/04/29 15:44:09,122000,11.465
2026/04/29 15:44:09,123000,11.468
2026/04/29 15:44:09,124000,11.465
2026/04/29 15:44:09,125000,11.462
2026/04/29 15:44:09,126000,11.468
2026/04/29 15:44:09,127000,11.462
2026/04/29 15:44:09,128000,11.462
2026/04/29 15:44:09,129000,11.462
2026/04/29 15:44:09,130000,11.465
2026/04/29 15:44:09,131000,11.459
2026/04/29 15:44:09,132000,11.465
2026/04/29 15:44:09,133000,11.462
2026/04/29 15:44:09,134000,11.465
2026/04/29 15:44:09,135000,11.462
2026/04/29 15:44:09,136000,11.468
2026/04/29 15:44:09,137000,11.465
2026/04/29 15:44:09,138000,11.468
2026/04/29 15:44:09,139000,11.462
2026/04/29 15:44:09,140000,11.471
2026/04/29 15:44:09,141000,11.465
2026/04/29 15:44:09,142000,11.471
2026/04/29 15:44:09,143000,11.465
2026/04/29 15:44:09,144000,11.468
2026/04/29 15:44:09,145000,11.471
2026/04/29 15:44:09,146000,11.462
2026/04/29 15:44:09,147000,11.479
2026/04/29 15:44:09,148000,11.468
2026/04/29 15:44:09,149000,11.465
2026/04/29 15:44:09,150000,11.468
2026/04/29 15:44:09,151000,11.471
2026/04/29 15:44:09,152000,11.468
2026/04/29 15:44:09,153000,11.473
2026/04/29 15:44:09,154000,11.468
2026/04/29 15:44:09,155000,11.459
2026/04/29 15:44:09,156000,11.465
2026/04/29 15:44:09,157000,11.471
2026/04/29 15:44:09,158000,11.462
2026/04/29 15:44:09,159000,11.465
2026/04/29 15:44:09,160000,11.471
2026/04/29 15:44:09,161000,11.462
2026/04/29 15:44:09,162000,11.462
2026/04/29 15:44:09,163000,11.468
2026/04/29 15:44:09,164000,11.465
2026/04/29 15:44:09,165000,11.468
2026/04/29 15:44:09,166000,11.468
2026/04/29 15:44:09,167000,11.468
2026/04/29 15:44:09,168000,11.471
2026/04/29 15:44:09,169000,11.462
2026/04/29 15:44:09,170000,11.468
2026/04/29 15:44:09,171000,11.462
2026/04/29 15:44:09,172000,11.468
2026/04/29 15:44:09,173000,11.468
2026/04/29 15:44:09,174000,11.465
2026/04/29 15:44:09,175000,11.468
2026/04/29 15:44:09,176000,11.468
2026/04/29 15:44:09,177000,11.465
2026/04/29 15:44:09,178000,11.468
2026/04/29 15:44:09,179000,11.468
2026/04/29 15:44:09,180000,11.465
2026/04/29 15:44:09,181000,11.471
2026/04/29 15:44:09,182000,11.459
2026/04/29 15:44:09,183000,11.476
2026/04/29 15:44:09,184000,11.471
2026/04/29 15:44:09,185000,11.468
2026/04/29 15:44:09,186000,11.462
2026/04/29 15:44:09,187000,11.465
2026/04/29 15:44:09,188000,11.476
2026/04/29 15:44:09,189000,11.465
2026/04/29 15:44:09,190000,11.468
2026/04/29 15:44:09,191000,11.465
2026/04/29 15:44:09,192000,11.465
2026/04/29 15:44:09,193000,11.465
2026/04/29 15:44:09,194000,11.471
2026/04/29 15:44:09,195000,11.457
2026/04/29 15:44:09,196000,11.471
2026/04/29 15:44:09,197000,11.465
2026/04/29 15:44:09,198000,11.465
2026/04/29 15:44:09,199000,11.471
2026/04/29 15:44:09,200000,11.468
2026/04/29 15:44:09,201000,11.468
2026/04/29 15:44:09,202000,11.462
2026/04/29 15:44:09,203000,11.468
2026/04/29 15:44:09,204000,11.465
2026/04/29 15:44:09,205000,11.468
2026/04/29 15:44:09,206000,11.468
2026/04/29 15:44:09,207000,11.465
2026/04/29 15:44:09,208000,11.462
2026/04/29 15:44:09,209000,11.468
2026/04/29 15:44:09,210000,11.465
2026/04/29 15:44:09,211000,11.468
2026/04/29 15:44:09,212000,11.471
2026/04/29 15:44:09,213000,11.471
2026/04/29 15:44:09,214000,11.465
2026/04/29 15:44:09,215000,11.471
2026/04/29 15:44:09,216000,11.462
2026/04/29 15:44:09,217000,11.471
2026/04/29 15:44:09,218000,11.465
2026/04/29 15:44:09,219000,11.462
2026/04/29 15:44:09,220000,11.459
2026/04/29 15:44:09,221000,11.465
2026/04/29 15:44:09,222000,11.465
2026/04/29 15:44:09,223000,11.471
2026/04/29 15:44:09,224000,11.468
2026/04/29 15:44:09,225000,11.468
2026/04/29 15:44:09,226000,11.462
2026/04/29 15:44:09,227000,11.465
2026/04/29 15:44:09,228000,11.471
2026/04/29 15:44:09,229000,11.468
2026/04/29 15:44:09,230000,11.471
2026/04/29 15:44:09,231000,11.471
2026/04/29 15:44:09,232000,11.459
2026/04/29 15:44:09,233000,11.465
2026/04/29 15:44:09,234000,11.465
2026/04/29 15:44:09,235000,11.465
2026/04/29 15:44:09,236000,11.462
2026/04/29 15:44:09,237000,11.462
2026/04/29 15:44:09,238000,11.471
2026/04/29 15:44:09,239000,11.471
2026/04/29 15:44:09,240000,11.468
2026/04/29 15:44:09,241000,11.468
2026/04/29 15:44:09,242000,11.468
2026/04/29 15:44:09,243000,11.462
2026/04/29 15:44:09,244000,11.468
2026/04/29 15:44:09,245000,11.462
2026/04/29 15:44:09,246000,11.471
2026/04/29 15:44:09,247000,11.471
2026/04/29 15:44:09,248000,11.465
2026/04/29 15:44:09,249000,11.462
2026/04/29 15:44:09,250000,11.459
2026/04/29 15:44:09,251000,11.471
2026/04/29 15:44:09,252000,11.471
2026/04/29 15:44:09,253000,11.471
2026/04/29 15:44:09,254000,11.465
2026/04/29 15:44:09,255000,11.471
2026/04/29 15:44:09,256000,11.465
2026/04/29 15:44:09,257000,11.465
2026/04/29 15:44:09,258000,11.465
2026/04/29 15:44:09,259000,11.465
2026/04/29 15:44:09,260000,11.471
2026/04/29 15:44:09,261000,11.465
2026/04/29 15:44:09,262000,11.471
2026/04/29 15:44:09,263000,11.468
2026/04/29 15:44:09,264000,11.462
2026/04/29 15:44:09,265000,11.468
2026/04/29 15:44:09,266000,11.465
2026/04/29 15:44:09,267000,11.459
2026/04/29 15:44:09,268000,11.462
2026/04/29 15:44:09,269000,11.468
2026/04/29 15:44:09,270000,11.465
2026/04/29 15:44:09,271000,11.462
2026/04/29 15:44:09,272000,11.471
2026/04/29 15:44:09,273000,11.471
2026/04/29 15:44:09,274000,11.468
2026/04/29 15:44:09,275000,11.465
2026/04/29 15:44:09,276000,11.479
2026/04/29 15:44:09,277000,11.462
2026/04/29 15:44:09,278000,11.468
2026/04/29 15:44:09,279000,11.468
2026/04/29 15:44:09,280000,11.468
2026/04/29 15:44:09,281000,11.471
2026/04/29 15:44:09,282000,11.471
2026/04/29 15:44:09,283000,11.462
2026/04/29 15:44:09,284000,11.465
2026/04/29 15:44:09,285000,11.468
2026/04/29 15:44:09,286000,11.468
2026/04/29 15:44:09,287000,11.465
2026/04/29 15:44:09,288000,11.468
2026/04/29 15:44:09,289000,11.468
2026/04/29 15:44:09,290000,11.465
2026/04/29 15:44:09,291000,11.465
2026/04/29 15:44:09,292000,11.471
2026/04/29 15:44:09,293000,11.457
2026/04/29 15:44:09,294000,11.468
2026/04/29 15:44:09,295000,11.468
2026/04/29 15:44:09,296000,11.471
2026/04/29 15:44:09,297000,11.468
2026/04/29 15:44:09,298000,11.468
2026/04/29 15:44:09,299000,11.471
2026/04/29 15:44:09,300000,11.465
2026/04/29 15:44:09,301000,11.465
2026/04/29 15:44:09,302000,11.471
2026/04/29 15:44:09,303000,11.462
2026/04/29 15:44:09,304000,11.468
2026/04/29 15:44:09,305000,11.468
2026/04/29 15:44:09,306000,11.471
2026/04/29 15:44:09,307000,11.465
2026/04/29 15:44:09,308000,11.468
2026/04/29 15:44:09,309000,11.462
2026/04/29 15:44:09,310000,11.465
2026/04/29 15:44:09,311000,11.465
2026/04/29 15:44:09,312000,11.471
2026/04/29 15:44:09,313000,11.462
2026/04/29 15:44:09,314000,11.465
2026/04/29 15:44:09,315000,11.468
2026/04/29 15:44:09,316000,11.468
2026/04/29 15:44:09,317000,11.465
2026/04/29 15:44:09,318000,11.476
2026/04/29 15:44:09,319000,11.465
2026/04/29 15:44:09,320000,11.465
2026/04/29 15:44:09,321000,11.465
2026/04/29 15:44:09,322000,11.473
2026/04/29 15:44:09,323000,11.465
2026/04/29 15:44:09,324000,11.465
2026/04/29 15:44:09,325000,11.465
2026/04/29 15:44:09,326000,11.465
2026/04/29 15:44:09,327000,11.468
2026/04/29 15:44:09,328000,11.471
2026/04/29 15:44:09,329000,11.471
2026/04/29 15:44:09,330000,11.465
2026/04/29 15:44:09,331000,11.459
2026/04/29 15:44:09,332000,11.471
2026/04/29 15:44:09,333000,11.468
2026/04/29 15:44:09,334000,11.468
2026/04/29 15:44:09,335000,11.465
2026/04/29 15:44:09,336000,11.468
2026/04/29 15:44:09,337000,11.457
2026/04/29 15:44:09,338000,11.468
2026/04/29 15:44:09,339000,11.465
2026/04/29 15:44:09,340000,11.468
2026/04/29 15:44:09,341000,11.468
2026/04/29 15:44:09,342000,11.468
2026/04/29 15:44:09,343000,11.468
2026/04/29 15:44:09,344000,11.465
2026/04/29 15:44:09,345000,11.473
2026/04/29 15:44:09,346000,11.462
2026/04/29 15:44:09,347000,11.465
2026/04/29 15:44:09,348000,11.468
2026/04/29 15:44:09,349000,11.468
2026/04/29 15:44:09,350000,11.468
2026/04/29 15:44:09,351000,11.465
2026/04/29 15:44:09,352000,11.465
2026/04/29 15:44:09,353000,11.468
2026/04/29 15:44:09,354000,11.468
2026/04/29 15:44:09,355000,11.471
2026/04/29 15:44:09,356000,11.465
2026/04/29 15:44:09,357000,11.465
2026/04/29 15:44:09,358000,11.468
2026/04/29 15:44:09,359000,11.468
2026/04/29 15:44:09,360000,11.465
2026/04/29 15:44:09,361000,11.468
2026/04/29 15:44:09,362000,11.465
2026/04/29 15:44:09,363000,11.465
2026/04/29 15:44:09,364000,11.465
2026/04/29 15:44:09,365000,11.471
2026/04/29 15:44:09,366000,11.465
2026/04/29 15:44:09,367000,11.462
2026/04/29 15:44:09,368000,11.471
2026/04/29 15:44:09,369000,11.471
2026/04/29 15:44:09,370000,11.462
2026/04/29 15:44:09,371000,11.468
2026/04/29 15:44:09,372000,11.471
2026/04/29 15:44:09,373000,11.462
2026/04/29 15:44:09,374000,11.468
2026/04/29 15:44:09,375000,11.471
2026/04/29 15:44:09,376000,11.471
2026/04/29 15:44:09,377000,11.468
2026/04/29 15:44:09,378000,11.471
2026/04/29 15:44:09,379000,11.471
2026/04/29 15:44:09,380000,11.465
2026/04/29 15:44:09,381000,11.476
2026/04/29 15:44:09,382000,11.468
2026/04/29 15:44:09,383000,11.468
2026/04/29 15:44:09,384000,11.468
2026/04/29 15:44:09,385000,11.471
2026/04/29 15:44:09,386000,11.468
2026/04/29 15:44:09,387000,11.468
2026/04/29 15:44:09,388000,11.471
2026/04/29 15:44:09,389000,11.468
2026/04/29 15:44:09,390000,11.465
2026/04/29 15:44:09,391000,11.468
2026/04/29 15:44:09,392000,11.476
2026/04/29 15:44:09,393000,11.465
2026/04/29 15:44:09,394000,11.471
2026/04/29 15:44:09,395000,11.468
2026/04/29 15:44:09,396000,11.465
2026/04/29 15:44:09,397000,11.468
2026/04/29 15:44:09,398000,11.468
2026/04/29 15:44:09,399000,11.468
2026/04/29 15:44:09,400000,11.465
2026/04/29 15:44:09,401000,11.468
2026/04/29 15:44:09,402000,11.471
2026/04/29 15:44:09,403000,11.465
2026/04/29 15:44:09,404000,11.465
2026/04/29 15:44:09,405000,11.471
2026/04/29 15:44:09,406000,11.465
2026/04/29 15:44:09,407000,11.468
2026/04/29 15:44:09,408000,11.465
2026/04/29 15:44:09,409000,11.465
2026/04/29 15:44:09,410000,11.465
2026/04/29 15:44:09,411000,11.468
2026/04/29 15:44:09,412000,11.459
2026/04/29 15:44:09,413000,11.468
2026/04/29 15:44:09,414000,11.471
2026/04/29 15:44:09,415000,11.462
2026/04/29 15:44:09,416000,11.468
2026/04/29 15:44:09,417000,11.462
2026/04/29 15:44:09,418000,11.471
2026/04/29 15:44:09,419000,11.459
2026/04/29 15:44:09,420000,11.459
2026/04/29 15:44:09,421000,11.471
2026/04/29 15:44:09,422000,11.468
2026/04/29 15:44:09,423000,11.471
2026/04/29 15:44:09,424000,11.471
2026/04/29 15:44:09,425000,11.476
2026/04/29 15:44:09,426000,11.465
2026/04/29 15:44:09,427000,11.468
2026/04/29 15:44:09,428000,11.468
2026/04/29 15:44:09,429000,11.471
2026/04/29 15:44:09,430000,11.471
2026/04/29 15:44:09,431000,11.471
2026/04/29 15:44:09,432000,11.473
2026/04/29 15:44:09,433000,11.465
2026/04/29 15:44:09,434000,11.465
2026/04/29 15:44:09,435000,11.468
2026/04/29 15:44:09,436000,11.468
2026/04/29 15:44:09,437000,11.468
2026/04/29 15:44:09,438000,11.471
2026/04/29 15:44:09,439000,11.465
2026/04/29 15:44:09,440000,11.468
2026/04/29 15:44:09,441000,11.468
2026/04/29 15:44:09,442000,11.465
2026/04/29 15:44:09,443000,11.468
2026/04/29 15:44:09,444000,11.468
2026/04/29 15:44:09,445000,11.465
2026/04/29 15:44:09,446000,11.465
2026/04/29 15:44:09,447000,11.462
2026/04/29 15:44:09,448000,11.465
2026/04/29 15:44:09,449000,11.468
2026/04/29 15:44:09,450000,11.465
2026/04/29 15:44:09,451000,11.468
2026/04/29 15:44:09,452000,11.471
2026/04/29 15:44:09,453000,11.465
2026/04/29 15:44:09,454000,11.465
2026/04/29 15:44:09,455000,11.462
2026/04/29 15:44:09,456000,11.465
2026/04/29 15:44:09,457000,11.471
2026/04/29 15:44:09,458000,11.471
2026/04/29 15:44:09,459000,11.465
2026/04/29 15:44:09,460000,11.465
2026/04/29 15:44:09,461000,11.465
2026/04/29 15:44:09,462000,11.465
2026/04/29 15:44:09,463000,11.468
2026/04/29 15:44:09,464000,11.462
2026/04/29 15:44:09,465000,11.465
2026/04/29 15:44:09,466000,11.468
2026/04/29 15:44:09,467000,11.462
2026/04/29 15:44:09,468000,11.468
2026/04/29 15:44:09,469000,11.468
2026/04/29 15:44:09,470000,11.471
2026/04/29 15:44:09,471000,11.462
2026/04/29 15:44:09,472000,11.471
2026/04/29 15:44:09,473000,11.468
2026/04/29 15:44:09,474000,11.471
2026/04/29 15:44:09,475000,11.468
2026/04/29 15:44:09,476000,11.462
2026/04/29 15:44:09,477000,11.471
2026/04/29 15:44:09,478000,11.468
2026/04/29 15:44:09,479000,11.465
2026/04/29 15:44:09,480000,11.468
2026/04/29 15:44:09,481000,11.468
2026/04/29 15:44:09,482000,11.465
2026/04/29 15:44:09,483000,11.468
2026/04/29 15:44:09,484000,11.471
2026/04/29 15:44:09,485000,11.465
2026/04/29 15:44:09,486000,11.465
2026/04/29 15:44:09,487000,11.465
2026/04/29 15:44:09,488000,11.465
2026/04/29 15:44:09,489000,11.465
2026/04/29 15:44:09,490000,11.459
2026/04/29 15:44:09,491000,11.468
2026/04/29 15:44:09,492000,11.468
2026/04/29 15:44:09,493000,11.471
2026/04/29 15:44:09,494000,11.468
2026/04/29 15:44:09,495000,11.465
2026/04/29 15:44:09,496000,11.468
2026/04/29 15:44:09,497000,11.459
2026/04/29 15:44:09,498000,11.465
2026/04/29 15:44:09,499000,11.468
2026/04/29 15:44:09,500000,11.462
2026/04/29 15:44:09,501000,11.468
2026/04/29 15:44:09,502000,11.468
2026/04/29 15:44:09,503000,11.468
2026/04/29 15:44:09,504000,11.465
2026/04/29 15:44:09,505000,11.465
2026/04/29 15:44:09,506000,11.468
2026/04/29 15:44:09,507000,11.471
2026/04/29 15:44:09,508000,11.468
2026/04/29 15:44:09,509000,11.468
2026/04/29 15:44:09,510000,11.471
2026/04/29 15:44:09,511000,11.468
2026/04/29 15:44:09,512000,11.462
2026/04/29 15:44:09,513000,11.465
2026/04/29 15:44:09,514000,11.468
2026/04/29 15:44:09,515000,11.468
2026/04/29 15:44:09,516000,11.465
2026/04/29 15:44:09,517000,11.462
2026/04/29 15:44:09,518000,11.465
2026/04/29 15:44:09,519000,11.471
2026/04/29 15:44:09,520000,11.468
2026/04/29 15:44:09,521000,11.465
2026/04/29 15:44:09,522000,11.471
2026/04/29 15:44:09,523000,11.462
2026/04/29 15:44:09,524000,11.468
2026/04/29 15:44:09,525000,11.471
2026/04/29 15:44:09,526000,11.468
2026/04/29 15:44:09,527000,11.468
2026/04/29 15:44:09,528000,11.468
2026/04/29 15:44:09,529000,11.465
2026/04/29 15:44:09,530000,11.471
2026/04/29 15:44:09,531000,11.471
2026/04/29 15:44:09,532000,11.468
2026/04/29 15:44:09,533000,11.465
2026/04/29 15:44:09,534000,11.468
2026/04/29 15:44:09,535000,11.471
2026/04/29 15:44:09,536000,11.462
2026/04/29 15:44:09,537000,11.468
2026/04/29 15:44:09,538000,11.468
2026/04/29 15:44:09,539000,11.468
2026/04/29 15:44:09,540000,11.462
2026/04/29 15:44:09,541000,11.465
2026/04/29 15:44:09,542000,11.459
2026/04/29 15:44:09,543000,11.471
2026/04/29 15:44:09,544000,11.465
2026/04/29 15:44:09,545000,11.462
2026/04/29 15:44:09,546000,11.465
2026/04/29 15:44:09,547000,11.468
2026/04/29 15:44:09,548000,11.465
2026/04/29 15:44:09,549000,11.465
2026/04/29 15:44:09,550000,11.471
2026/04/29 15:44:09,551000,11.465
2026/04/29 15:44:09,552000,11.465
2026/04/29 15:44:09,553000,11.465
2026/04/29 15:44:09,554000,11.471
2026/04/29 15:44:09,555000,11.468
2026/04/29 15:44:09,556000,11.468
2026/04/29 15:44:09,557000,11.468
2026/04/29 15:44:09,558000,11.465
2026/04/29 15:44:09,559000,11.465
2026/04/29 15:44:09,560000,11.471
2026/04/29 15:44:09,561000,11.462
2026/04/29 15:44:09,562000,11.468
2026/04/29 15:44:09,563000,11.465
2026/04/29 15:44:09,564000,11.471
2026/04/29 15:44:09,565000,11.465
2026/04/29 15:44:09,566000,11.465
2026/04/29 15:44:09,567000,11.465
2026/04/29 15:44:09,568000,11.471
2026/04/29 15:44:09,569000,11.468
2026/04/29 15:44:09,570000,11.465
2026/04/29 15:44:09,571000,11.471
2026/04/29 15:44:09,572000,11.471
2026/04/29 15:44:09,573000,11.465
2026/04/29 15:44:09,574000,11.465
2026/04/29 15:44:09,575000,11.473
2026/04/29 15:44:09,576000,11.468
2026/04/29 15:44:09,577000,11.468
2026/04/29 15:44:09,578000,11.473
2026/04/29 15:44:09,579000,11.468
2026/04/29 15:44:09,580000,11.468
2026/04/29 15:44:09,581000,11.468
2026/04/29 15:44:09,582000,11.468
2026/04/29 15:44:09,583000,11.473
2026/04/29 15:44:09,584000,11.468
2026/04/29 15:44:09,585000,11.468
2026/04/29 15:44:09,586000,11.471
2026/04/29 15:44:09,587000,11.468
2026/04/29 15:44:09,588000,11.468
2026/04/29 15:44:09,589000,11.468
2026/04/29 15:44:09,590000,11.468
2026/04/29 15:44:09,591000,11.471
2026/04/29 15:44:09,592000,11.471
2026/04/29 15:44:09,593000,11.465
2026/04/29 15:44:09,594000,11.465
2026/04/29 15:44:09,595000,11.465
2026/04/29 15:44:09,596000,11.468
2026/04/29 15:44:09,597000,11.468
2026/04/29 15:44:09,598000,11.465
2026/04/29 15:44:09,599000,11.462
2026/04/29 15:44:09,600000,11.468
2026/04/29 15:44:09,601000,11.465
2026/04/29 15:44:09,602000,11.468
2026/04/29 15:44:09,603000,11.465
2026/04/29 15:44:09,604000,11.471
2026/04/29 15:44:09,605000,11.468
2026/04/29 15:44:09,606000,11.465
2026/04/29 15:44:09,607000,11.462
2026/04/29 15:44:09,608000,11.471
2026/04/29 15:44:09,609000,11.471
2026/04/29 15:44:09,610000,11.465
2026/04/29 15:44:09,611000,11.468
2026/04/29 15:44:09,612000,11.465
2026/04/29 15:44:09,613000,11.462
2026/04/29 15:44:09,614000,11.465
2026/04/29 15:44:09,615000,11.465
2026/04/29 15:44:09,616000,11.471
2026/04/29 15:44:09,617000,11.465
2026/04/29 15:44:09,618000,11.465
2026/04/29 15:44:09,619000,11.465
2026/04/29 15:44:09,620000,11.465
2026/04/29 15:44:09,621000,11.468
2026/04/29 15:44:09,622000,11.468
2026/04/29 15:44:09,623000,11.471
2026/04/29 15:44:09,624000,11.468
2026/04/29 15:44:09,625000,11.468
2026/04/29 15:44:09,626000,11.471
2026/04/29 15:44:09,627000,11.471
2026/04/29 15:44:09,628000,11.471
2026/04/29 15:44:09,629000,11.471
2026/04/29 15:44:09,630000,11.468
2026/04/29 15:44:09,631000,11.468
2026/04/29 15:44:09,632000,11.468
2026/04/29 15:44:09,633000,11.468
2026/04/29 15:44:09,634000,11.465
2026/04/29 15:44:09,635000,11.468
2026/04/29 15:44:09,636000,11.471
2026/04/29 15:44:09,637000,11.468
2026/04/29 15:44:09,638000,11.468
2026/04/29 15:44:09,639000,11.468
2026/04/29 15:44:09,640000,11.471
2026/04/29 15:44:09,641000,11.471
2026/04/29 15:44:09,642000,11.468
2026/04/29 15:44:09,643000,11.465
2026/04/29 15:44:09,644000,11.468
2026/04/29 15:44:09,645000,11.468
2026/04/29 15:44:09,646000,11.462
2026/04/29 15:44:09,647000,11.468
2026/04/29 15:44:09,648000,11.465
2026/04/29 15:44:09,649000,11.468
2026/04/29 15:44:09,650000,11.471
2026/04/29 15:44:09,651000,11.471
2026/04/29 15:44:09,652000,11.471
2026/04/29 15:44:09,653000,11.471
2026/04/29 15:44:09,654000,11.465
2026/04/29 15:44:09,655000,11.471
2026/04/29 15:44:09,656000,11.459
2026/04/29 15:44:09,657000,11.468
2026/04/29 15:44:09,658000,11.465
2026/04/29 15:44:09,659000,11.468
2026/04/29 15:44:09,660000,11.471
2026/04/29 15:44:09,661000,11.465
2026/04/29 15:44:09,662000,11.468
2026/04/29 15:44:09,663000,11.471
2026/04/29 15:44:09,664000,11.471
2026/04/29 15:44:09,665000,11.468
2026/04/29 15:44:09,666000,11.465
2026/04/29 15:44:09,667000,11.468
2026/04/29 15:44:09,668000,11.471
2026/04/29 15:44:09,669000,11.465
2026/04/29 15:44:09,670000,11.462
2026/04/29 15:44:09,671000,11.468
2026/04/29 15:44:09,672000,11.465
2026/04/29 15:44:09,673000,11.468
2026/04/29 15:44:09,674000,11.465
2026/04/29 15:44:09,675000,11.471
2026/04/29 15:44:09,676000,11.468
2026/04/29 15:44:09,677000,11.468
2026/04/29 15:44:09,678000,11.468
2026/04/29 15:44:09,679000,11.468
2026/04/29 15:44:09,680000,11.462
2026/04/29 15:44:09,681000,11.465
2026/04/29 15:44:09,682000,11.468
2026/04/29 15:44:09,683000,11.471
2026/04/29 15:44:09,684000,11.465
2026/04/29 15:44:09,685000,11.471
2026/04/29 15:44:09,686000,11.462
2026/04/29 15:44:09,687000,11.468
2026/04/29 15:44:09,688000,11.465
2026/04/29 15:44:09,689000,11.465
2026/04/29 15:44:09,690000,11.468
2026/04/29 15:44:09,691000,11.468
2026/04/29 15:44:09,692000,11.468
2026/04/29 15:44:09,693000,11.468
2026/04/29 15:44:09,694000,11.468
2026/04/29 15:44:09,695000,11.476
2026/04/29 15:44:09,696000,11.465
2026/04/29 15:44:09,697000,11.471
2026/04/29 15:44:09,698000,11.465
2026/04/29 15:44:09,699000,11.471
2026/04/29 15:44:09,700000,11.468
2026/04/29 15:44:09,701000,11.465
2026/04/29 15:44:09,702000,11.465
2026/04/29 15:44:09,703000,11.468
2026/04/29 15:44:09,704000,11.468
2026/04/29 15:44:09,705000,11.468
2026/04/29 15:44:09,706000,11.462
2026/04/29 15:44:09,707000,11.462
2026/04/29 15:44:09,708000,11.465
2026/04/29 15:44:09,709000,11.465
2026/04/29 15:44:09,710000,11.462
2026/04/29 15:44:09,711000,11.462
2026/04/29 15:44:09,712000,11.471
2026/04/29 15:44:09,713000,11.468
2026/04/29 15:44:09,714000,11.465
2026/04/29 15:44:09,715000,11.471
2026/04/29 15:44:09,716000,11.468
2026/04/29 15:44:09,717000,11.465
2026/04/29 15:44:09,718000,11.465
2026/04/29 15:44:09,719000,11.471
2026/04/29 15:44:09,720000,11.468
2026/04/29 15:44:09,721000,11.471
2026/04/29 15:44:09,722000,11.465
2026/04/29 15:44:09,723000,11.457
2026/04/29 15:44:09,724000,11.465
2026/04/29 15:44:09,725000,11.471
2026/04/29 15:44:09,726000,11.462
2026/04/29 15:44:09,727000,11.468
2026/04/29 15:44:09,728000,11.465
2026/04/29 15:44:09,729000,11.465
2026/04/29 15:44:09,730000,11.468
2026/04/29 15:44:09,731000,11.465
2026/04/29 15:44:09,732000,11.468
2026/04/29 15:44:09,733000,11.462
2026/04/29 15:44:09,734000,11.471
2026/04/29 15:44:09,735000,11.471
2026/04/29 15:44:09,736000,11.462
2026/04/29 15:44:09,737000,11.468
2026/04/29 15:44:09,738000,11.471
2026/04/29 15:44:09,739000,11.468
2026/04/29 15:44:09,740000,11.468
2026/04/29 15:44:09,741000,11.465
2026/04/29 15:44:09,742000,11.468
2026/04/29 15:44:09,743000,11.462
2026/04/29 15:44:09,744000,11.462
2026/04/29 15:44:09,745000,11.471
2026/04/29 15:44:09,746000,11.465
2026/04/29 15:44:09,747000,11.462
2026/04/29 15:44:09,748000,11.468
2026/04/29 15:44:09,749000,11.465
2026/04/29 15:44:09,750000,11.471
2026/04/29 15:44:09,751000,11.465
2026/04/29 15:44:09,752000,11.465
2026/04/29 15:44:09,753000,11.468
2026/04/29 15:44:09,754000,11.459
2026/04/29 15:44:09,755000,11.468
2026/04/29 15:44:09,756000,11.465
2026/04/29 15:44:09,757000,11.468
2026/04/29 15:44:09,758000,11.471
2026/04/29 15:44:09,759000,11.471
2026/04/29 15:44:09,760000,11.471
2026/04/29 15:44:09,761000,11.471
2026/04/29 15:44:09,762000,11.465
2026/04/29 15:44:09,763000,11.468
2026/04/29 15:44:09,764000,11.471
2026/04/29 15:44:09,765000,11.465
2026/04/29 15:44:09,766000,11.465
2026/04/29 15:44:09,767000,11.468
2026/04/29 15:44:09,768000,11.471
2026/04/29 15:44:09,769000,11.465
2026/04/29 15:44:09,770000,11.465
2026/04/29 15:44:09,771000,11.468
2026/04/29 15:44:09,772000,11.471
2026/04/29 15:44:09,773000,11.471
2026/04/29 15:44:09,774000,11.471
2026/04/29 15:44:09,775000,11.468
2026/04/29 15:44:09,776000,11.462
2026/04/29 15:44:09,777000,11.471
2026/04/29 15:44:09,778000,11.468
2026/04/29 15:44:09,779000,11.465
2026/04/29 15:44:09,780000,11.468
2026/04/29 15:44:09,781000,11.471
2026/04/29 15:44:09,782000,11.468
2026/04/29 15:44:09,783000,11.465
2026/04/29 15:44:09,784000,11.465
2026/04/29 15:44:09,785000,11.471
2026/04/29 15:44:09,786000,11.462
2026/04/29 15:44:09,787000,11.465
2026/04/29 15:44:09,788000,11.471
2026/04/29 15:44:09,789000,11.465
2026/04/29 15:44:09,790000,11.468
2026/04/29 15:44:09,791000,11.462
2026/04/29 15:44:09,792000,11.465
2026/04/29 15:44:09,793000,11.462
2026/04/29 15:44:09,794000,11.471
2026/04/29 15:44:09,795000,11.468
2026/04/29 15:44:09,796000,11.462
2026/04/29 15:44:09,797000,11.462
2026/04/29 15:44:09,798000,11.471
2026/04/29 15:44:09,799000,11.465
2026/04/29 15:44:09,800000,11.473
2026/04/29 15:44:09,801000,11.468
2026/04/29 15:44:09,802000,11.465
2026/04/29 15:44:09,803000,11.468
2026/04/29 15:44:09,804000,11.465
2026/04/29 15:44:09,805000,11.468
2026/04/29 15:44:09,806000,11.468
2026/04/29 15:44:09,807000,11.465
2026/04/29 15:44:09,808000,11.468
2026/04/29 15:44:09,809000,11.468
2026/04/29 15:44:09,810000,11.471
2026/04/29 15:44:09,811000,11.471
2026/04/29 15:44:09,812000,11.468
2026/04/29 15:44:09,813000,11.462
2026/04/29 15:44:09,814000,11.471
2026/04/29 15:44:09,815000,11.459
2026/04/29 15:44:09,816000,11.465
2026/04/29 15:44:09,817000,11.471
2026/04/29 15:44:09,818000,11.471
2026/04/29 15:44:09,819000,11.468
2026/04/29 15:44:09,820000,11.462
2026/04/29 15:44:09,821000,11.471
2026/04/29 15:44:09,822000,11.468
2026/04/29 15:44:09,823000,11.468
2026/04/29 15:44:09,824000,11.465
2026/04/29 15:44:09,825000,11.468
2026/04/29 15:44:09,826000,11.462
2026/04/29 15:44:09,827000,11.468
2026/04/29 15:44:09,828000,11.465
2026/04/29 15:44:09,829000,11.462
2026/04/29 15:44:09,830000,11.468
2026/04/29 15:44:09,831000,11.465
2026/04/29 15:44:09,832000,11.468
2026/04/29 15:44:09,833000,11.468
2026/04/29 15:44:09,834000,11.465
2026/04/29 15:44:09,835000,11.471
2026/04/29 15:44:09,836000,11.468
2026/04/29 15:44:09,837000,11.471
2026/04/29 15:44:09,838000,11.465
2026/04/29 15:44:09,839000,11.459
2026/04/29 15:44:09,840000,11.462
2026/04/29 15:44:09,841000,11.468
2026/04/29 15:44:09,842000,11.476
2026/04/29 15:44:09,843000,11.471
2026/04/29 15:44:09,844000,11.468
2026/04/29 15:44:09,845000,11.465
2026/04/29 15:44:09,846000,11.468
2026/04/29 15:44:09,847000,11.468
2026/04/29 15:44:09,848000,11.471
2026/04/29 15:44:09,849000,11.459
2026/04/29 15:44:09,850000,11.468
2026/04/29 15:44:09,851000,11.468
2026/04/29 15:44:09,852000,11.468
2026/04/29 15:44:09,853000,11.462
2026/04/29 15:44:09,854000,11.468
2026/04/29 15:44:09,855000,11.468
2026/04/29 15:44:09,856000,11.465
2026/04/29 15:44:09,857000,11.465
2026/04/29 15:44:09,858000,11.462
2026/04/29 15:44:09,859000,11.468
2026/04/29 15:44:09,860000,11.462
2026/04/29 15:44:09,861000,11.462
2026/04/29 15:44:09,862000,11.471
2026/04/29 15:44:09,863000,11.462
2026/04/29 15:44:09,864000,11.468
2026/04/29 15:44:09,865000,11.462
2026/04/29 15:44:09,866000,11.465
2026/04/29 15:44:09,867000,11.471
2026/04/29 15:44:09,868000,11.471
2026/04/29 15:44:09,869000,11.468
2026/04/29 15:44:09,870000,11.465
2026/04/29 15:44:09,871000,11.465
2026/04/29 15:44:09,872000,11.465
2026/04/29 15:44:09,873000,11.462
2026/04/29 15:44:09,874000,11.465
2026/04/29 15:44:09,875000,11.471
2026/04/29 15:44:09,876000,11.468
2026/04/29 15:44:09,877000,11.471
2026/04/29 15:44:09,878000,11.468
2026/04/29 15:44:09,879000,11.468
2026/04/29 15:44:09,880000,11.465
2026/04/29 15:44:09,881000,11.465
2026/04/29 15:44:09,882000,11.465
2026/04/29 15:44:09,883000,11.471
2026/04/29 15:44:09,884000,11.465
2026/04/29 15:44:09,885000,11.468
2026/04/29 15:44:09,886000,11.468
2026/04/29 15:44:09,887000,11.468
2026/04/29 15:44:09,888000,11.465
2026/04/29 15:44:09,889000,11.468
2026/04/29 15:44:09,890000,11.468
2026/04/29 15:44:09,891000,11.471
2026/04/29 15:44:09,892000,11.465
2026/04/29 15:44:09,893000,11.468
2026/04/29 15:44:09,894000,11.465
2026/04/29 15:44:09,895000,11.471
2026/04/29 15:44:09,896000,11.479
2026/04/29 15:44:09,897000,11.468
2026/04/29 15:44:09,898000,11.462
2026/04/29 15:44:09,899000,11.465
2026/04/29 15:44:09,900000,11.465
2026/04/29 15:44:09,901000,11.468
2026/04/29 15:44:09,902000,11.471
2026/04/29 15:44:09,903000,11.471
2026/04/29 15:44:09,904000,11.471
2026/04/29 15:44:09,905000,11.465
2026/04/29 15:44:09,906000,11.454
2026/04/29 15:44:09,907000,11.471
2026/04/29 15:44:09,908000,11.465
2026/04/29 15:44:09,909000,11.471
2026/04/29 15:44:09,910000,11.462
2026/04/29 15:44:09,911000,11.471
2026/04/29 15:44:09,912000,11.459
2026/04/29 15:44:09,913000,11.465
2026/04/29 15:44:09,914000,11.471
2026/04/29 15:44:09,915000,11.471
2026/04/29 15:44:09,916000,11.462
2026/04/29 15:44:09,917000,11.465
2026/04/29 15:44:09,918000,11.465
2026/04/29 15:44:09,919000,11.468
2026/04/29 15:44:09,920000,11.468
2026/04/29 15:44:09,921000,11.471
2026/04/29 15:44:09,922000,11.465
2026/04/29 15:44:09,923000,11.468
2026/04/29 15:44:09,924000,11.462
2026/04/29 15:44:09,925000,11.465
2026/04/29 15:44:09,926000,11.471
2026/04/29 15:44:09,927000,11.465
2026/04/29 15:44:09,928000,11.468
2026/04/29 15:44:09,929000,11.468
2026/04/29 15:44:09,930000,11.465
2026/04/29 15:44:09,931000,11.468
2026/04/29 15:44:09,932000,11.465
2026/04/29 15:44:09,933000,11.462
2026/04/29 15:44:09,934000,11.465
2026/04/29 15:44:09,935000,11.462
2026/04/29 15:44:09,936000,11.462
2026/04/29 15:44:09,937000,11.468
2026/04/29 15:44:09,938000,11.468
2026/04/29 15:44:09,939000,11.462
2026/04/29 15:44:09,940000,11.465
2026/04/29 15:44:09,941000,11.471
2026/04/29 15:44:09,942000,11.462
2026/04/29 15:44:09,943000,11.468
2026/04/29 15:44:09,944000,11.465
2026/04/29 15:44:09,945000,11.465
2026/04/29 15:44:09,946000,11.462
2026/04/29 15:44:09,947000,11.468
2026/04/29 15:44:09,948000,11.468
2026/04/29 15:44:09,949000,11.468
2026/04/29 15:44:09,950000,11.465
2026/04/29 15:44:09,951000,11.471
2026/04/29 15:44:09,952000,11.471
2026/04/29 15:44:09,953000,11.465
2026/04/29 15:44:09,954000,11.468
2026/04/29 15:44:09,955000,11.468
2026/04/29 15:44:09,956000,11.468
2026/04/29 15:44:09,957000,11.468
2026/04/29 15:44:09,958000,11.462
2026/04/29 15:44:09,959000,11.462
2026/04/29 15:44:09,960000,11.471
2026/04/29 15:44:09,961000,11.465
2026/04/29 15:44:09,962000,11.468
2026/04/29 15:44:09,963000,11.468
2026/04/29 15:44:09,964000,11.459
2026/04/29 15:44:09,965000,11.465
2026/04/29 15:44:09,966000,11.465
2026/04/29 15:44:09,967000,11.468
2026/04/29 15:44:09,968000,11.471
2026/04/29 15:44:09,969000,11.459
2026/04/29 15:44:09,970000,11.465
2026/04/29 15:44:09,971000,11.471
2026/04/29 15:44:09,972000,11.465
2026/04/29 15:44:09,973000,11.468
2026/04/29 15:44:09,974000,11.465
2026/04/29 15:44:09,975000,11.462
2026/04/29 15:44:09,976000,11.465
2026/04/29 15:44:09,977000,11.465
2026/04/29 15:44:09,978000,11.471
2026/04/29 15:44:09,979000,11.459
2026/04/29 15:44:09,980000,11.465
2026/04/29 15:44:09,981000,11.468
2026/04/29 15:44:09,982000,11.468
2026/04/29 15:44:09,983000,11.468
2026/04/29 15:44:09,984000,11.468
2026/04/29 15:44:09,985000,11.471
2026/04/29 15:44:09,986000,11.471
2026/04/29 15:44:09,987000,11.465
2026/04/29 15:44:09,988000,11.468
2026/04/29 15:44:09,989000,11.471
2026/04/29 15:44:09,990000,11.471
2026/04/29 15:44:09,991000,11.457
2026/04/29 15:44:09,992000,11.468
2026/04/29 15:44:09,993000,11.468
2026/04/29 15:44:09,994000,11.465
2026/04/29 15:44:09,995000,11.462
2026/04/29 15:44:09,996000,11.471
2026/04/29 15:44:09,997000,11.462
2026/04/29 15:44:09,998000,11.468
2026/04/29 15:44:09,999000,11.462
2026/04/29 15:44:10,000000,11.462
2026/04/29 15:44:10,001000,11.465
2026/04/29 15:44:10,002000,11.459
2026/04/29 15:44:10,003000,11.465
2026/04/29 15:44:10,004000,11.468
2026/04/29 15:44:10,005000,11.468
2026/04/29 15:44:10,006000,11.468
2026/04/29 15:44:10,007000,11.471
2026/04/29 15:44:10,008000,11.468
2026/04/29 15:44:10,009000,11.471
2026/04/29 15:44:10,010000,11.468
2026/04/29 15:44:10,011000,11.479
2026/04/29 15:44:10,012000,11.471
2026/04/29 15:44:10,013000,11.468
2026/04/29 15:44:10,014000,11.468
2026/04/29 15:44:10,015000,11.465
2026/04/29 15:44:10,016000,11.468
2026/04/29 15:44:10,017000,11.462
2026/04/29 15:44:10,018000,11.471
2026/04/29 15:44:10,019000,11.471
2026/04/29 15:44:10,020000,11.468
2026/04/29 15:44:10,021000,11.471
2026/04/29 15:44:10,022000,11.471
2026/04/29 15:44:10,023000,11.465
2026/04/29 15:44:10,024000,11.468
2026/04/29 15:44:10,025000,11.471
2026/04/29 15:44:10,026000,11.471
2026/04/29 15:44:10,027000,11.465
2026/04/29 15:44:10,028000,11.462
2026/04/29 15:44:10,029000,11.462
2026/04/29 15:44:10,030000,11.468
2026/04/29 15:44:10,031000,11.465
2026/04/29 15:44:10,032000,11.465
2026/04/29 15:44:10,033000,11.468
2026/04/29 15:44:10,034000,11.468
2026/04/29 15:44:10,035000,11.468
2026/04/29 15:44:10,036000,11.465
2026/04/29 15:44:10,037000,11.471
2026/04/29 15:44:10,038000,11.462
2026/04/29 15:44:10,039000,11.465
2026/04/29 15:44:10,040000,11.471
2026/04/29 15:44:10,041000,11.462
2026/04/29 15:44:10,042000,11.459
2026/04/29 15:44:10,043000,11.465
2026/04/29 15:44:10,044000,11.462
2026/04/29 15:44:10,045000,11.468
2026/04/29 15:44:10,046000,11.468
2026/04/29 15:44:10,047000,11.462
2026/04/29 15:44:10,048000,11.462
2026/04/29 15:44:10,049000,11.468
2026/04/29 15:44:10,050000,11.468
2026/04/29 15:44:10,051000,11.471
2026/04/29 15:44:10,052000,11.468
2026/04/29 15:44:10,053000,11.468
2026/04/29 15:44:10,054000,11.465
2026/04/29 15:44:10,055000,11.459
2026/04/29 15:44:10,056000,11.465
2026/04/29 15:44:10,057000,11.471
2026/04/29 15:44:10,058000,11.471
2026/04/29 15:44:10,059000,11.468
2026/04/29 15:44:10,060000,11.468
2026/04/29 15:44:10,061000,11.468
2026/04/29 15:44:10,062000,11.471
2026/04/29 15:44:10,063000,11.473
2026/04/29 15:44:10,064000,11.468
2026/04/29 15:44:10,065000,11.473
2026/04/29 15:44:10,066000,11.465
2026/04/29 15:44:10,067000,11.465
2026/04/29 15:44:10,068000,11.468
2026/04/29 15:44:10,069000,11.465
2026/04/29 15:44:10,070000,11.468
2026/04/29 15:44:10,071000,11.462
2026/04/29 15:44:10,072000,11.459
2026/04/29 15:44:10,073000,11.471
2026/04/29 15:44:10,074000,11.465
2026/04/29 15:44:10,075000,11.457
2026/04/29 15:44:10,076000,11.468
2026/04/29 15:44:10,077000,11.471
2026/04/29 15:44:10,078000,11.473
2026/04/29 15:44:10,079000,11.471
2026/04/29 15:44:10,080000,11.468
2026/04/29 15:44:10,081000,11.462
2026/04/29 15:44:10,082000,11.471
2026/04/29 15:44:10,083000,11.468
2026/04/29 15:44:10,084000,11.468
2026/04/29 15:44:10,085000,11.468
2026/04/29 15:44:10,086000,11.468
2026/04/29 15:44:10,087000,11.465
2026/04/29 15:44:10,088000,11.465
2026/04/29 15:44:10,089000,11.476
2026/04/29 15:44:10,090000,11.468
2026/04/29 15:44:10,091000,11.468
2026/04/29 15:44:10,092000,11.471
2026/04/29 15:44:10,093000,11.465
2026/04/29 15:44:10,094000,11.468
2026/04/29 15:44:10,095000,11.471
2026/04/29 15:44:10,096000,11.462
2026/04/29 15:44:10,097000,11.465
2026/04/29 15:44:10,098000,11.468
2026/04/29 15:44:10,099000,11.465
2026/04/29 15:44:10,100000,11.465
2026/04/29 15:44:10,101000,11.476
2026/04/29 15:44:10,102000,11.465
2026/04/29 15:44:10,103000,11.468
2026/04/29 15:44:10,104000,11.468
2026/04/29 15:44:10,105000,11.457
2026/04/29 15:44:10,106000,11.465
2026/04/29 15:44:10,107000,11.468
2026/04/29 15:44:10,108000,11.468
2026/04/29 15:44:10,109000,11.465
2026/04/29 15:44:10,110000,11.468
2026/04/29 15:44:10,111000,11.471
2026/04/29 15:44:10,112000,11.465
2026/04/29 15:44:10,113000,11.468
2026/04/29 15:44:10,114000,11.462
2026/04/29 15:44:10,115000,11.471
2026/04/29 15:44:10,116000,11.462
2026/04/29 15:44:10,117000,11.471
2026/04/29 15:44:10,118000,11.462
2026/04/29 15:44:10,119000,11.465
2026/04/29 15:44:10,120000,11.465
2026/04/29 15:44:10,121000,11.468
2026/04/29 15:44:10,122000,11.471
2026/04/29 15:44:10,123000,11.465
2026/04/29 15:44:10,124000,11.471
2026/04/29 15:44:10,125000,11.468
2026/04/29 15:44:10,126000,11.465
2026/04/29 15:44:10,127000,11.465
2026/04/29 15:44:10,128000,11.471
2026/04/29 15:44:10,129000,11.476
2026/04/29 15:44:10,130000,11.465
2026/04/29 15:44:10,131000,11.471
2026/04/29 15:44:10,132000,11.468
2026/04/29 15:44:10,133000,11.471
2026/04/29 15:44:10,134000,11.465
2026/04/29 15:44:10,135000,11.471
2026/04/29 15:44:10,136000,11.485
2026/04/29 15:44:10,137000,11.468
2026/04/29 15:44:10,138000,11.468
2026/04/29 15:44:10,139000,11.465
2026/04/29 15:44:10,140000,11.465
2026/04/29 15:44:10,141000,11.465
2026/04/29 15:44:10,142000,11.468
2026/04/29 15:44:10,143000,11.465
2026/04/29 15:44:10,144000,11.468
2026/04/29 15:44:10,145000,11.462
2026/04/29 15:44:10,146000,11.462
2026/04/29 15:44:10,147000,11.468
2026/04/29 15:44:10,148000,11.468
2026/04/29 15:44:10,149000,11.471
2026/04/29 15:44:10,150000,11.468
2026/04/29 15:44:10,151000,11.462
2026/04/29 15:44:10,152000,11.471
2026/04/29 15:44:10,153000,11.462
2026/04/29 15:44:10,154000,11.471
2026/04/29 15:44:10,155000,11.468
2026/04/29 15:44:10,156000,11.468
2026/04/29 15:44:10,157000,11.468
2026/04/29 15:44:10,158000,11.468
2026/04/29 15:44:10,159000,11.471
2026/04/29 15:44:10,160000,11.468
2026/04/29 15:44:10,161000,11.471
2026/04/29 15:44:10,162000,11.471
2026/04/29 15:44:10,163000,11.471
2026/04/29 15:44:10,164000,11.465
2026/04/29 15:44:10,165000,11.471
2026/04/29 15:44:10,166000,11.471
2026/04/29 15:44:10,167000,11.465
2026/04/29 15:44:10,168000,11.465
2026/04/29 15:44:10,169000,11.465
2026/04/29 15:44:10,170000,11.468
2026/04/29 15:44:10,171000,11.465
2026/04/29 15:44:10,172000,11.471
2026/04/29 15:44:10,173000,11.468
2026/04/29 15:44:10,174000,11.468
2026/04/29 15:44:10,175000,11.468
2026/04/29 15:44:10,176000,11.468
2026/04/29 15:44:10,177000,11.471
2026/04/29 15:44:10,178000,11.471
2026/04/29 15:44:10,179000,11.471
2026/04/29 15:44:10,180000,11.468
2026/04/29 15:44:10,181000,11.468
2026/04/29 15:44:10,182000,11.471
2026/04/29 15:44:10,183000,11.468
2026/04/29 15:44:10,184000,11.471
2026/04/29 15:44:10,185000,11.471
2026/04/29 15:44:10,186000,11.465
2026/04/29 15:44:10,187000,11.465
2026/04/29 15:44:10,188000,11.471
2026/04/29 15:44:10,189000,11.468
2026/04/29 15:44:10,190000,11.465
2026/04/29 15:44:10,191000,11.471
2026/04/29 15:44:10,192000,11.476
2026/04/29 15:44:10,193000,11.468
2026/04/29 15:44:10,194000,11.468
2026/04/29 15:44:10,195000,11.468
2026/04/29 15:44:10,196000,11.471
2026/04/29 15:44:10,197000,11.462
2026/04/29 15:44:10,198000,11.468
2026/04/29 15:44:10,199000,11.468
2026/04/29 15:44:10,200000,11.482
2026/04/29 15:44:10,201000,11.468
2026/04/29 15:44:10,202000,11.468
2026/04/29 15:44:10,203000,11.465
2026/04/29 15:44:10,204000,11.471
2026/04/29 15:44:10,205000,11.462
2026/04/29 15:44:10,206000,11.459
2026/04/29 15:44:10,207000,11.465
2026/04/29 15:44:10,208000,11.471
2026/04/29 15:44:10,209000,11.462
2026/04/29 15:44:10,210000,11.465
2026/04/29 15:44:10,211000,11.468
2026/04/29 15:44:10,212000,11.468
2026/04/29 15:44:10,213000,11.468
2026/04/29 15:44:10,214000,11.465
2026/04/29 15:44:10,215000,11.468
2026/04/29 15:44:10,216000,11.468
2026/04/29 15:44:10,217000,11.465
2026/04/29 15:44:10,218000,11.465
2026/04/29 15:44:10,219000,11.462
2026/04/29 15:44:10,220000,11.465
2026/04/29 15:44:10,221000,11.465
2026/04/29 15:44:10,222000,11.471
2026/04/29 15:44:10,223000,11.471
2026/04/29 15:44:10,224000,11.468
2026/04/29 15:44:10,225000,11.468
2026/04/29 15:44:10,226000,11.471
2026/04/29 15:44:10,227000,11.468
2026/04/29 15:44:10,228000,11.468
2026/04/29 15:44:10,229000,11.468
2026/04/29 15:44:10,230000,11.468
2026/04/29 15:44:10,231000,11.471
2026/04/29 15:44:10,232000,11.468
2026/04/29 15:44:10,233000,11.471
2026/04/29 15:44:10,234000,11.465
2026/04/29 15:44:10,235000,11.473
2026/04/29 15:44:10,236000,11.465
2026/04/29 15:44:10,237000,11.471
2026/04/29 15:44:10,238000,11.473
2026/04/29 15:44:10,239000,11.465
2026/04/29 15:44:10,240000,11.476
2026/04/29 15:44:10,241000,11.471
2026/04/29 15:44:10,242000,11.471
2026/04/29 15:44:10,243000,11.471
2026/04/29 15:44:10,244000,11.465
2026/04/29 15:44:10,245000,11.471
2026/04/29 15:44:10,246000,11.471
2026/04/29 15:44:10,247000,11.468
2026/04/29 15:44:10,248000,11.471
2026/04/29 15:44:10,249000,11.471
2026/04/29 15:44:10,250000,11.465
2026/04/29 15:44:10,251000,11.471
2026/04/29 15:44:10,252000,11.465
2026/04/29 15:44:10,253000,11.468
2026/04/29 15:44:10,254000,11.468
2026/04/29 15:44:10,255000,11.468
2026/04/29 15:44:10,256000,11.465
2026/04/29 15:44:10,257000,11.471
2026/04/29 15:44:10,258000,11.471
2026/04/29 15:44:10,259000,11.468
2026/04/29 15:44:10,260000,11.465
2026/04/29 15:44:10,261000,11.471
2026/04/29 15:44:10,262000,11.465
2026/04/29 15:44:10,263000,11.465
2026/04/29 15:44:10,264000,11.468
2026/04/29 15:44:10,265000,11.468
2026/04/29 15:44:10,266000,11.471
2026/04/29 15:44:10,267000,11.471
2026/04/29 15:44:10,268000,11.471
2026/04/29 15:44:10,269000,11.468
2026/04/29 15:44:10,270000,11.476
2026/04/29 15:44:10,271000,11.471
2026/04/29 15:44:10,272000,11.468
2026/04/29 15:44:10,273000,11.459
2026/04/29 15:44:10,274000,11.471
2026/04/29 15:44:10,275000,11.471
2026/04/29 15:44:10,276000,11.465
2026/04/29 15:44:10,277000,11.471
2026/04/29 15:44:10,278000,11.471
2026/04/29 15:44:10,279000,11.465
2026/04/29 15:44:10,280000,11.471
2026/04/29 15:44:10,281000,11.468
2026/04/29 15:44:10,282000,11.468
2026/04/29 15:44:10,283000,11.468
2026/04/29 15:44:10,284000,11.468
2026/04/29 15:44:10,285000,11.471
2026/04/29 15:44:10,286000,11.468
2026/04/29 15:44:10,287000,11.471
2026/04/29 15:44:10,288000,11.473
2026/04/29 15:44:10,289000,11.471
2026/04/29 15:44:10,290000,11.471
2026/04/29 15:44:10,291000,11.473
2026/04/29 15:44:10,292000,11.468
2026/04/29 15:44:10,293000,11.468
2026/04/29 15:44:10,294000,11.468
2026/04/29 15:44:10,295000,11.471
2026/04/29 15:44:10,296000,11.471
2026/04/29 15:44:10,297000,11.471
2026/04/29 15:44:10,298000,11.471
2026/04/29 15:44:10,299000,11.471
2026/04/29 15:44:10,300000,11.468
2026/04/29 15:44:10,301000,11.468
2026/04/29 15:44:10,302000,11.471
2026/04/29 15:44:10,303000,11.465
2026/04/29 15:44:10,304000,11.471
2026/04/29 15:44:10,305000,11.462
2026/04/29 15:44:10,306000,11.468
2026/04/29 15:44:10,307000,11.471
2026/04/29 15:44:10,308000,11.465
2026/04/29 15:44:10,309000,11.468
2026/04/29 15:44:10,310000,11.468
2026/04/29 15:44:10,311000,11.465
2026/04/29 15:44:10,312000,11.471
2026/04/29 15:44:10,313000,11.471
2026/04/29 15:44:10,314000,11.465
2026/04/29 15:44:10,315000,11.465
2026/04/29 15:44:10,316000,11.471
2026/04/29 15:44:10,317000,11.471
2026/04/29 15:44:10,318000,11.471
2026/04/29 15:44:10,319000,11.468
2026/04/29 15:44:10,320000,11.473
2026/04/29 15:44:10,321000,11.471
2026/04/29 15:44:10,322000,11.471
2026/04/29 15:44:10,323000,11.471
2026/04/29 15:44:10,324000,11.468
2026/04/29 15:44:10,325000,11.471
2026/04/29 15:44:10,326000,11.476
2026/04/29 15:44:10,327000,11.468
2026/04/29 15:44:10,328000,11.468
2026/04/29 15:44:10,329000,11.468
2026/04/29 15:44:10,330000,11.471
2026/04/29 15:44:10,331000,11.471
2026/04/29 15:44:10,332000,11.471
2026/04/29 15:44:10,333000,11.471
2026/04/29 15:44:10,334000,11.471
2026/04/29 15:44:10,335000,11.476
2026/04/29 15:44:10,336000,11.462
2026/04/29 15:44:10,337000,11.468
2026/04/29 15:44:10,338000,11.471
2026/04/29 15:44:10,339000,11.476
2026/04/29 15:44:10,340000,11.471
2026/04/29 15:44:10,341000,11.465
2026/04/29 15:44:10,342000,11.468
2026/04/29 15:44:10,343000,11.471
2026/04/29 15:44:10,344000,11.468
2026/04/29 15:44:10,345000,11.476
2026/04/29 15:44:10,346000,11.471
2026/04/29 15:44:10,347000,11.462
2026/04/29 15:44:10,348000,11.468
2026/04/29 15:44:10,349000,11.471
2026/04/29 15:44:10,350000,11.476
2026/04/29 15:44:10,351000,11.476
2026/04/29 15:44:10,352000,11.473
2026/04/29 15:44:10,353000,11.462
2026/04/29 15:44:10,354000,11.468
2026/04/29 15:44:10,355000,11.471
2026/04/29 15:44:10,356000,11.476
2026/04/29 15:44:10,357000,11.468
2026/04/29 15:44:10,358000,11.468
2026/04/29 15:44:10,359000,11.471
2026/04/29 15:44:10,360000,11.465
2026/04/29 15:44:10,361000,11.465
2026/04/29 15:44:10,362000,11.473
2026/04/29 15:44:10,363000,11.471
2026/04/29 15:44:10,364000,11.471
2026/04/29 15:44:10,365000,11.471
2026/04/29 15:44:10,366000,11.476
2026/04/29 15:44:10,367000,11.471
2026/04/29 15:44:10,368000,11.468
2026/04/29 15:44:10,369000,11.465
2026/04/29 15:44:10,370000,11.476
2026/04/29 15:44:10,371000,11.471
2026/04/29 15:44:10,372000,11.471
2026/04/29 15:44:10,373000,11.465
2026/04/29 15:44:10,374000,11.462
2026/04/29 15:44:10,375000,11.468
2026/04/29 15:44:10,376000,11.471
2026/04/29 15:44:10,377000,11.471
2026/04/29 15:44:10,378000,11.471
2026/04/29 15:44:10,379000,11.473
2026/04/29 15:44:10,380000,11.471
2026/04/29 15:44:10,381000,11.471
2026/04/29 15:44:10,382000,11.468
2026/04/29 15:44:10,383000,11.473
2026/04/29 15:44:10,384000,11.468
2026/04/29 15:44:10,385000,11.468
2026/04/29 15:44:10,386000,11.471
2026/04/29 15:44:10,387000,11.471
2026/04/29 15:44:10,388000,11.471
2026/04/29 15:44:10,389000,11.468
2026/04/29 15:44:10,390000,11.476
2026/04/29 15:44:10,391000,11.476
2026/04/29 15:44:10,392000,11.471
2026/04/29 15:44:10,393000,11.471
2026/04/29 15:44:10,394000,11.468
2026/04/29 15:44:10,395000,11.471
2026/04/29 15:44:10,396000,11.468
2026/04/29 15:44:10,397000,11.479
2026/04/29 15:44:10,398000,11.468
2026/04/29 15:44:10,399000,11.465
2026/04/29 15:44:10,400000,11.471
2026/04/29 15:44:10,401000,11.468
2026/04/29 15:44:10,402000,11.465
2026/04/29 15:44:10,403000,11.471
2026/04/29 15:44:10,404000,11.465
2026/04/29 15:44:10,405000,11.471
2026/04/29 15:44:10,406000,11.471
2026/04/29 15:44:10,407000,11.471
2026/04/29 15:44:10,408000,11.471
2026/04/29 15:44:10,409000,11.468
2026/04/29 15:44:10,410000,11.485
2026/04/29 15:44:10,411000,11.471
2026/04/29 15:44:10,412000,11.468
2026/04/29 15:44:10,413000,11.471
2026/04/29 15:44:10,414000,11.471
2026/04/29 15:44:10,415000,11.471
2026/04/29 15:44:10,416000,11.471
2026/04/29 15:44:10,417000,11.471
2026/04/29 15:44:10,418000,11.471
2026/04/29 15:44:10,419000,11.465
2026/04/29 15:44:10,420000,11.473
2026/04/29 15:44:10,421000,11.471
2026/04/29 15:44:10,422000,11.468
2026/04/29 15:44:10,423000,11.471
2026/04/29 15:44:10,424000,11.468
2026/04/29 15:44:10,425000,11.471
2026/04/29 15:44:10,426000,11.468
2026/04/29 15:44:10,427000,11.468
2026/04/29 15:44:10,428000,11.473
2026/04/29 15:44:10,429000,11.473
2026/04/29 15:44:10,430000,11.468
2026/04/29 15:44:10,431000,11.471
2026/04/29 15:44:10,432000,11.465
2026/04/29 15:44:10,433000,11.465
2026/04/29 15:44:10,434000,11.468
2026/04/29 15:44:10,435000,11.471
2026/04/29 15:44:10,436000,11.465
2026/04/29 15:44:10,437000,11.471
2026/04/29 15:44:10,438000,11.471
2026/04/29 15:44:10,439000,11.471
2026/04/29 15:44:10,440000,11.471
2026/04/29 15:44:10,441000,11.465
2026/04/29 15:44:10,442000,11.471
2026/04/29 15:44:10,443000,11.471
2026/04/29 15:44:10,444000,11.471
2026/04/29 15:44:10,445000,11.471
2026/04/29 15:44:10,446000,11.465
2026/04/29 15:44:10,447000,11.468
2026/04/29 15:44:10,448000,11.465
2026/04/29 15:44:10,449000,11.471
2026/04/29 15:44:10,450000,11.468
2026/04/29 15:44:10,451000,11.471
2026/04/29 15:44:10,452000,11.471
2026/04/29 15:44:10,453000,11.468
2026/04/29 15:44:10,454000,11.465
2026/04/29 15:44:10,455000,11.471
2026/04/29 15:44:10,456000,11.468
2026/04/29 15:44:10,457000,11.471
2026/04/29 15:44:10,458000,11.471
2026/04/29 15:44:10,459000,11.465
2026/04/29 15:44:10,460000,11.468
2026/04/29 15:44:10,461000,11.471
2026/04/29 15:44:10,462000,11.476
2026/04/29 15:44:10,463000,11.465
2026/04/29 15:44:10,464000,11.471
2026/04/29 15:44:10,465000,11.471
2026/04/29 15:44:10,466000,11.465
2026/04/29 15:44:10,467000,11.462
2026/04/29 15:44:10,468000,11.482
2026/04/29 15:44:10,469000,11.471
2026/04/29 15:44:10,470000,11.471
2026/04/29 15:44:10,471000,11.471
2026/04/29 15:44:10,472000,11.471
2026/04/29 15:44:10,473000,11.471
2026/04/29 15:44:10,474000,11.476
2026/04/29 15:44:10,475000,11.471
2026/04/29 15:44:10,476000,11.471
2026/04/29 15:44:10,477000,11.468
2026/04/29 15:44:10,478000,11.465
2026/04/29 15:44:10,479000,11.473
2026/04/29 15:44:10,480000,11.459
2026/04/29 15:44:10,481000,11.471
2026/04/29 15:44:10,482000,11.471
2026/04/29 15:44:10,483000,11.468
2026/04/29 15:44:10,484000,11.471
2026/04/29 15:44:10,485000,11.465
2026/04/29 15:44:10,486000,11.465
2026/04/29 15:44:10,487000,11.468
2026/04/29 15:44:10,488000,11.471
2026/04/29 15:44:10,489000,11.468
2026/04/29 15:44:10,490000,11.479
2026/04/29 15:44:10,491000,11.471
2026/04/29 15:44:10,492000,11.471
2026/04/29 15:44:10,493000,11.476
2026/04/29 15:44:10,494000,11.468
2026/04/29 15:44:10,495000,11.465
2026/04/29 15:44:10,496000,11.462
2026/04/29 15:44:10,497000,11.471
2026/04/29 15:44:10,498000,11.465
2026/04/29 15:44:10,499000,11.462
2026/04/29 15:44:10,500000,11.471
2026/04/29 15:44:10,501000,11.468
2026/04/29 15:44:10,502000,11.471
2026/04/29 15:44:10,503000,11.468
2026/04/29 15:44:10,504000,11.468
2026/04/29 15:44:10,505000,11.471
2026/04/29 15:44:10,506000,11.471
2026/04/29 15:44:10,507000,11.465
2026/04/29 15:44:10,508000,11.468
2026/04/29 15:44:10,509000,11.476
2026/04/29 15:44:10,510000,11.465
2026/04/29 15:44:10,511000,11.468
2026/04/29 15:44:10,512000,11.471
2026/04/29 15:44:10,513000,11.471
2026/04/29 15:44:10,514000,11.471
2026/04/29 15:44:10,515000,11.465
2026/04/29 15:44:10,516000,11.471
2026/04/29 15:44:10,517000,11.465
2026/04/29 15:44:10,518000,11.462
2026/04/29 15:44:10,519000,11.465
2026/04/29 15:44:10,520000,11.468
2026/04/29 15:44:10,521000,11.468
2026/04/29 15:44:10,522000,11.471
2026/04/29 15:44:10,523000,11.468
2026/04/29 15:44:10,524000,11.471
2026/04/29 15:44:10,525000,11.471
2026/04/29 15:44:10,526000,11.468
2026/04/29 15:44:10,527000,11.465
2026/04/29 15:44:10,528000,11.468
2026/04/29 15:44:10,529000,11.462
2026/04/29 15:44:10,530000,11.471
2026/04/29 15:44:10,531000,11.468
2026/04/29 15:44:10,532000,11.471
2026/04/29 15:44:10,533000,11.465
2026/04/29 15:44:10,534000,11.471
2026/04/29 15:44:10,535000,11.471
2026/04/29 15:44:10,536000,11.465
2026/04/29 15:44:10,537000,11.462
2026/04/29 15:44:10,538000,11.468
2026/04/29 15:44:10,539000,11.465
2026/04/29 15:44:10,540000,11.468
2026/04/29 15:44:10,541000,11.462
2026/04/29 15:44:10,542000,11.465
2026/04/29 15:44:10,543000,11.468
2026/04/29 15:44:10,544000,11.465
2026/04/29 15:44:10,545000,11.465
2026/04/29 15:44:10,546000,11.471
2026/04/29 15:44:10,547000,11.462
2026/04/29 15:44:10,548000,11.468
2026/04/29 15:44:10,549000,11.471
2026/04/29 15:44:10,550000,11.468
2026/04/29 15:44:10,551000,11.468
2026/04/29 15:44:10,552000,11.465
2026/04/29 15:44:10,553000,11.471
2026/04/29 15:44:10,554000,11.468
2026/04/29 15:44:10,555000,11.471
2026/04/29 15:44:10,556000,11.465
2026/04/29 15:44:10,557000,11.471
2026/04/29 15:44:10,558000,11.471
2026/04/29 15:44:10,559000,11.468
2026/04/29 15:44:10,560000,11.468
2026/04/29 15:44:10,561000,11.468
2026/04/29 15:44:10,562000,11.471
2026/04/29 15:44:10,563000,11.465
2026/04/29 15:44:10,564000,11.468
2026/04/29 15:44:10,565000,11.471
2026/04/29 15:44:10,566000,11.471
2026/04/29 15:44:10,567000,11.465
2026/04/29 15:44:10,568000,11.465
2026/04/29 15:44:10,569000,11.462
2026/04/29 15:44:10,570000,11.459
2026/04/29 15:44:10,571000,11.468
2026/04/29 15:44:10,572000,11.465
2026/04/29 15:44:10,573000,11.465
2026/04/29 15:44:10,574000,11.462
2026/04/29 15:44:10,575000,11.471
2026/04/29 15:44:10,576000,11.471
2026/04/29 15:44:10,577000,11.465
2026/04/29 15:44:10,578000,11.465
2026/04/29 15:44:10,579000,11.465
2026/04/29 15:44:10,580000,11.468
2026/04/29 15:44:10,581000,11.465
2026/04/29 15:44:10,582000,11.465
2026/04/29 15:44:10,583000,11.471
2026/04/29 15:44:10,584000,11.468
2026/04/29 15:44:10,585000,11.465
2026/04/29 15:44:10,586000,11.465
2026/04/29 15:44:10,587000,11.459
2026/04/29 15:44:10,588000,11.468
2026/04/29 15:44:10,589000,11.462
2026/04/29 15:44:10,590000,11.468
2026/04/29 15:44:10,591000,11.468
2026/04/29 15:44:10,592000,11.462
2026/04/29 15:44:10,593000,11.462
2026/04/29 15:44:10,594000,11.468
2026/04/29 15:44:10,595000,11.465
2026/04/29 15:44:10,596000,11.476
2026/04/29 15:44:10,597000,11.476
2026/04/29 15:44:10,598000,11.468
2026/04/29 15:44:10,599000,11.465
2026/04/29 15:44:10,600000,11.462
2026/04/29 15:44:10,601000,11.468
2026/04/29 15:44:10,602000,11.465
2026/04/29 15:44:10,603000,11.471
2026/04/29 15:44:10,604000,11.468
2026/04/29 15:44:10,605000,11.462
2026/04/29 15:44:10,606000,11.465
2026/04/29 15:44:10,607000,11.468
2026/04/29 15:44:10,608000,11.471
2026/04/29 15:44:10,609000,11.465
2026/04/29 15:44:10,610000,11.471
2026/04/29 15:44:10,611000,11.459
2026/04/29 15:44:10,612000,11.465
2026/04/29 15:44:10,613000,11.468
2026/04/29 15:44:10,614000,11.465
2026/04/29 15:44:10,615000,11.468
2026/04/29 15:44:10,616000,11.471
2026/04/29 15:44:10,617000,11.471
2026/04/29 15:44:10,618000,11.465
2026/04/29 15:44:10,619000,11.468
2026/04/29 15:44:10,620000,11.468
2026/04/29 15:44:10,621000,11.468
2026/04/29 15:44:10,622000,11.465
2026/04/29 15:44:10,623000,11.471
2026/04/29 15:44:10,624000,11.471
2026/04/29 15:44:10,625000,11.465
2026/04/29 15:44:10,626000,11.468
2026/04/29 15:44:10,627000,11.465
2026/04/29 15:44:10,628000,11.471
2026/04/29 15:44:10,629000,11.471
2026/04/29 15:44:10,630000,11.462
2026/04/29 15:44:10,631000,11.476
2026/04/29 15:44:10,632000,11.459
2026/04/29 15:44:10,633000,11.468
2026/04/29 15:44:10,634000,11.471
2026/04/29 15:44:10,635000,11.471
2026/04/29 15:44:10,636000,11.465
2026/04/29 15:44:10,637000,11.471
2026/04/29 15:44:10,638000,11.471
2026/04/29 15:44:10,639000,11.465
2026/04/29 15:44:10,640000,11.468
2026/04/29 15:44:10,641000,11.468
2026/04/29 15:44:10,642000,11.468
2026/04/29 15:44:10,643000,11.468
2026/04/29 15:44:10,644000,11.468
2026/04/29 15:44:10,645000,11.462
2026/04/29 15:44:10,646000,11.465
2026/04/29 15:44:10,647000,11.462
2026/04/29 15:44:10,648000,11.468
2026/04/29 15:44:10,649000,11.465
2026/04/29 15:44:10,650000,11.468
2026/04/29 15:44:10,651000,11.471
2026/04/29 15:44:10,652000,11.465
2026/04/29 15:44:10,653000,11.471
2026/04/29 15:44:10,654000,11.468
2026/04/29 15:44:10,655000,11.465
2026/04/29 15:44:10,656000,11.462
2026/04/29 15:44:10,657000,11.468
2026/04/29 15:44:10,658000,11.459
2026/04/29 15:44:10,659000,11.468
2026/04/29 15:44:10,660000,11.471
2026/04/29 15:44:10,661000,11.473
2026/04/29 15:44:10,662000,11.462
2026/04/29 15:44:10,663000,11.465
2026/04/29 15:44:10,664000,11.462
2026/04/29 15:44:10,665000,11.468
2026/04/29 15:44:10,666000,11.468
2026/04/29 15:44:10,667000,11.462
2026/04/29 15:44:10,668000,11.468
2026/04/29 15:44:10,669000,11.465
2026/04/29 15:44:10,670000,11.468
2026/04/29 15:44:10,671000,11.462
2026/04/29 15:44:10,672000,11.468
2026/04/29 15:44:10,673000,11.471
2026/04/29 15:44:10,674000,11.462
2026/04/29 15:44:10,675000,11.462
2026/04/29 15:44:10,676000,11.471
2026/04/29 15:44:10,677000,11.471
2026/04/29 15:44:10,678000,11.465
2026/04/29 15:44:10,679000,11.465
2026/04/29 15:44:10,680000,11.468
2026/04/29 15:44:10,681000,11.465
2026/04/29 15:44:10,682000,11.465
2026/04/29 15:44:10,683000,11.465
2026/04/29 15:44:10,684000,11.465
2026/04/29 15:44:10,685000,11.468
2026/04/29 15:44:10,686000,11.471
2026/04/29 15:44:10,687000,11.465
2026/04/29 15:44:10,688000,11.465
2026/04/29 15:44:10,689000,11.465
2026/04/29 15:44:10,690000,11.465
2026/04/29 15:44:10,691000,11.471
2026/04/29 15:44:10,692000,11.462
2026/04/29 15:44:10,693000,11.468
2026/04/29 15:44:10,694000,11.468
2026/04/29 15:44:10,695000,11.465
2026/04/29 15:44:10,696000,11.459
2026/04/29 15:44:10,697000,11.471
2026/04/29 15:44:10,698000,11.465
2026/04/29 15:44:10,699000,11.465
2026/04/29 15:44:10,700000,11.468
2026/04/29 15:44:10,701000,11.462
2026/04/29 15:44:10,702000,11.468
2026/04/29 15:44:10,703000,11.471
2026/04/29 15:44:10,704000,11.459
2026/04/29 15:44:10,705000,11.471
2026/04/29 15:44:10,706000,11.473
2026/04/29 15:44:10,707000,11.468
2026/04/29 15:44:10,708000,11.468
2026/04/29 15:44:10,709000,11.471
2026/04/29 15:44:10,710000,11.468
2026/04/29 15:44:10,711000,11.471
2026/04/29 15:44:10,712000,11.465
2026/04/29 15:44:10,713000,11.465
2026/04/29 15:44:10,714000,11.468
2026/04/29 15:44:10,715000,11.462
2026/04/29 15:44:10,716000,11.465
2026/04/29 15:44:10,717000,11.465
2026/04/29 15:44:10,718000,11.465
2026/04/29 15:44:10,719000,11.468
2026/04/29 15:44:10,720000,11.468
2026/04/29 15:44:10,721000,11.465
2026/04/29 15:44:10,722000,11.468
2026/04/29 15:44:10,723000,11.468
2026/04/29 15:44:10,724000,11.468
2026/04/29 15:44:10,725000,11.459
2026/04/29 15:44:10,726000,11.459
2026/04/29 15:44:10,727000,11.468
2026/04/29 15:44:10,728000,11.471
2026/04/29 15:44:10,729000,11.465
2026/04/29 15:44:10,730000,11.468
2026/04/29 15:44:10,731000,11.459
2026/04/29 15:44:10,732000,11.468
2026/04/29 15:44:10,733000,11.465
2026/04/29 15:44:10,734000,11.468
2026/04/29 15:44:10,735000,11.468
2026/04/29 15:44:10,736000,11.465
2026/04/29 15:44:10,737000,11.468
2026/04/29 15:44:10,738000,11.471
2026/04/29 15:44:10,739000,11.465
2026/04/29 15:44:10,740000,11.471
2026/04/29 15:44:10,741000,11.471
2026/04/29 15:44:10,742000,11.468
2026/04/29 15:44:10,743000,11.465
2026/04/29 15:44:10,744000,11.468
2026/04/29 15:44:10,745000,11.465
2026/04/29 15:44:10,746000,11.462
2026/04/29 15:44:10,747000,11.468
2026/04/29 15:44:10,748000,11.468
2026/04/29 15:44:10,749000,11.468
2026/04/29 15:44:10,750000,11.482
2026/04/29 15:44:10,751000,11.471
2026/04/29 15:44:10,752000,11.465
2026/04/29 15:44:10,753000,11.459
2026/04/29 15:44:10,754000,11.471
2026/04/29 15:44:10,755000,11.468
2026/04/29 15:44:10,756000,11.465
2026/04/29 15:44:10,757000,11.468
2026/04/29 15:44:10,758000,11.465
2026/04/29 15:44:10,759000,11.465
2026/04/29 15:44:10,760000,11.471
2026/04/29 15:44:10,761000,11.468
2026/04/29 15:44:10,762000,11.465
2026/04/29 15:44:10,763000,11.465
2026/04/29 15:44:10,764000,11.468
2026/04/29 15:44:10,765000,11.471
2026/04/29 15:44:10,766000,11.465
2026/04/29 15:44:10,767000,11.465
2026/04/29 15:44:10,768000,11.471
2026/04/29 15:44:10,769000,11.465
2026/04/29 15:44:10,770000,11.471
2026/04/29 15:44:10,771000,11.471
2026/04/29 15:44:10,772000,11.468
2026/04/29 15:44:10,773000,11.471
2026/04/29 15:44:10,774000,11.471
2026/04/29 15:44:10,775000,11.462
2026/04/29 15:44:10,776000,11.471
2026/04/29 15:44:10,777000,11.471
2026/04/29 15:44:10,778000,11.465
2026/04/29 15:44:10,779000,11.465
2026/04/29 15:44:10,780000,11.471
2026/04/29 15:44:10,781000,11.471
2026/04/29 15:44:10,782000,11.471
2026/04/29 15:44:10,783000,11.465
2026/04/29 15:44:10,784000,11.465
2026/04/29 15:44:10,785000,11.479
2026/04/29 15:44:10,786000,11.471
2026/04/29 15:44:10,787000,11.468
2026/04/29 15:44:10,788000,11.465
2026/04/29 15:44:10,789000,11.476
2026/04/29 15:44:10,790000,11.465
2026/04/29 15:44:10,791000,11.468
2026/04/29 15:44:10,792000,11.468
2026/04/29 15:44:10,793000,11.465
2026/04/29 15:44:10,794000,11.465
2026/04/29 15:44:10,795000,11.465
2026/04/29 15:44:10,796000,11.468
2026/04/29 15:44:10,797000,11.471
2026/04/29 15:44:10,798000,11.468
2026/04/29 15:44:10,799000,11.468
2026/04/29 15:44:10,800000,11.465
2026/04/29 15:44:10,801000,11.468
2026/04/29 15:44:10,802000,11.462
2026/04/29 15:44:10,803000,11.465
2026/04/29 15:44:10,804000,11.465
2026/04/29 15:44:10,805000,11.471
2026/04/29 15:44:10,806000,11.468
2026/04/29 15:44:10,807000,11.471
2026/04/29 15:44:10,808000,11.473
2026/04/29 15:44:10,809000,11.468
2026/04/29 15:44:10,810000,11.465
2026/04/29 15:44:10,811000,11.468
2026/04/29 15:44:10,812000,11.471
2026/04/29 15:44:10,813000,11.468
2026/04/29 15:44:10,814000,11.471
2026/04/29 15:44:10,815000,11.473
2026/04/29 15:44:10,816000,11.465
2026/04/29 15:44:10,817000,11.471
2026/04/29 15:44:10,818000,11.465
2026/04/29 15:44:10,819000,11.465
2026/04/29 15:44:10,820000,11.465
2026/04/29 15:44:10,821000,11.468
2026/04/29 15:44:10,822000,11.465
2026/04/29 15:44:10,823000,11.471
2026/04/29 15:44:10,824000,11.468
2026/04/29 15:44:10,825000,11.459
2026/04/29 15:44:10,826000,11.471
2026/04/29 15:44:10,827000,11.468
2026/04/29 15:44:10,828000,11.465
2026/04/29 15:44:10,829000,11.471
2026/04/29 15:44:10,830000,11.465
2026/04/29 15:44:10,831000,11.471
2026/04/29 15:44:10,832000,11.465
2026/04/29 15:44:10,833000,11.465
2026/04/29 15:44:10,834000,11.468
2026/04/29 15:44:10,835000,11.476
2026/04/29 15:44:10,836000,11.468
2026/04/29 15:44:10,837000,11.471
2026/04/29 15:44:10,838000,11.468
2026/04/29 15:44:10,839000,11.468
2026/04/29 15:44:10,840000,11.465
2026/04/29 15:44:10,841000,11.465
2026/04/29 15:44:10,842000,11.471
2026/04/29 15:44:10,843000,11.468
2026/04/29 15:44:10,844000,11.471
2026/04/29 15:44:10,845000,11.476
2026/04/29 15:44:10,846000,11.465
2026/04/29 15:44:10,847000,11.465
2026/04/29 15:44:10,848000,11.468
2026/04/29 15:44:10,849000,11.471
2026/04/29 15:44:10,850000,11.468
2026/04/29 15:44:10,851000,11.454
2026/04/29 15:44:10,852000,11.471
2026/04/29 15:44:10,853000,11.468
2026/04/29 15:44:10,854000,11.471
2026/04/29 15:44:10,855000,11.471
2026/04/29 15:44:10,856000,11.471
2026/04/29 15:44:10,857000,11.471
2026/04/29 15:44:10,858000,11.468
2026/04/29 15:44:10,859000,11.473
2026/04/29 15:44:10,860000,11.479
2026/04/29 15:44:10,861000,11.471
2026/04/29 15:44:10,862000,11.468
2026/04/29 15:44:10,863000,11.471
2026/04/29 15:44:10,864000,11.471
2026/04/29 15:44:10,865000,11.471
2026/04/29 15:44:10,866000,11.468
2026/04/29 15:44:10,867000,11.468
2026/04/29 15:44:10,868000,11.468
2026/04/29 15:44:10,869000,11.471
2026/04/29 15:44:10,870000,11.471
2026/04/29 15:44:10,871000,11.465
2026/04/29 15:44:10,872000,11.462
2026/04/29 15:44:10,873000,11.468
2026/04/29 15:44:10,874000,11.471
2026/04/29 15:44:10,875000,11.471
2026/04/29 15:44:10,876000,11.471
2026/04/29 15:44:10,877000,11.468
2026/04/29 15:44:10,878000,11.471
2026/04/29 15:44:10,879000,11.465
2026/04/29 15:44:10,880000,11.471
2026/04/29 15:44:10,881000,11.471
2026/04/29 15:44:10,882000,11.471
2026/04/29 15:44:10,883000,11.468
2026/04/29 15:44:10,884000,11.471
2026/04/29 15:44:10,885000,11.468
2026/04/29 15:44:10,886000,11.471
2026/04/29 15:44:10,887000,11.476
2026/04/29 15:44:10,888000,11.468
2026/04/29 15:44:10,889000,11.468
2026/04/29 15:44:10,890000,11.471
2026/04/29 15:44:10,891000,11.468
2026/04/29 15:44:10,892000,11.476
2026/04/29 15:44:10,893000,11.473
2026/04/29 15:44:10,894000,11.465
2026/04/29 15:44:10,895000,11.471
2026/04/29 15:44:10,896000,11.471
2026/04/29 15:44:10,897000,11.476
2026/04/29 15:44:10,898000,11.471
2026/04/29 15:44:10,899000,11.465
2026/04/29 15:44:10,900000,11.471
2026/04/29 15:44:10,901000,11.471
2026/04/29 15:44:10,902000,11.471
2026/04/29 15:44:10,903000,11.473
2026/04/29 15:44:10,904000,11.468
2026/04/29 15:44:10,905000,11.465
2026/04/29 15:44:10,906000,11.471
2026/04/29 15:44:10,907000,11.462
2026/04/29 15:44:10,908000,11.468
2026/04/29 15:44:10,909000,11.471
2026/04/29 15:44:10,910000,11.471
2026/04/29 15:44:10,911000,11.471
2026/04/29 15:44:10,912000,11.465
2026/04/29 15:44:10,913000,11.471
2026/04/29 15:44:10,914000,11.471
2026/04/29 15:44:10,915000,11.471
2026/04/29 15:44:10,916000,11.471
2026/04/29 15:44:10,917000,11.471
2026/04/29 15:44:10,918000,11.465
2026/04/29 15:44:10,919000,11.468
2026/04/29 15:44:10,920000,11.468
2026/04/29 15:44:10,921000,11.471
2026/04/29 15:44:10,922000,11.471
2026/04/29 15:44:10,923000,11.471
2026/04/29 15:44:10,924000,11.465
2026/04/29 15:44:10,925000,11.471
2026/04/29 15:44:10,926000,11.471
2026/04/29 15:44:10,927000,11.468
2026/04/29 15:44:10,928000,11.468
2026/04/29 15:44:10,929000,11.471
2026/04/29 15:44:10,930000,11.473
2026/04/29 15:44:10,931000,11.471
2026/04/29 15:44:10,932000,11.471
2026/04/29 15:44:10,933000,11.482
2026/04/29 15:44:10,934000,11.468
2026/04/29 15:44:10,935000,11.476
2026/04/29 15:44:10,936000,11.471
2026/04/29 15:44:10,937000,11.468
2026/04/29 15:44:10,938000,11.468
2026/04/29 15:44:10,939000,11.471
2026/04/29 15:44:10,940000,11.471
2026/04/29 15:44:10,941000,11.465
2026/04/29 15:44:10,942000,11.471
2026/04/29 15:44:10,943000,11.471
2026/04/29 15:44:10,944000,11.471
2026/04/29 15:44:10,945000,11.471
2026/04/29 15:44:10,946000,11.471
2026/04/29 15:44:10,947000,11.468
2026/04/29 15:44:10,948000,11.468
2026/04/29 15:44:10,949000,11.465
2026/04/29 15:44:10,950000,11.459
2026/04/29 15:44:10,951000,11.471
2026/04/29 15:44:10,952000,11.468
2026/04/29 15:44:10,953000,11.465
2026/04/29 15:44:10,954000,11.468
2026/04/29 15:44:10,955000,11.471
2026/04/29 15:44:10,956000,11.468
2026/04/29 15:44:10,957000,11.471
2026/04/29 15:44:10,958000,11.473
2026/04/29 15:44:10,959000,11.462
2026/04/29 15:44:10,960000,11.471
2026/04/29 15:44:10,961000,11.476
2026/04/29 15:44:10,962000,11.471
2026/04/29 15:44:10,963000,11.471
2026/04/29 15:44:10,964000,11.468
2026/04/29 15:44:10,965000,11.471
2026/04/29 15:44:10,966000,11.471
2026/04/29 15:44:10,967000,11.471
2026/04/29 15:44:10,968000,11.468
2026/04/29 15:44:10,969000,11.471
2026/04/29 15:44:10,970000,11.471
2026/04/29 15:44:10,971000,11.476
2026/04/29 15:44:10,972000,11.471
2026/04/29 15:44:10,973000,11.471
2026/04/29 15:44:10,974000,11.476
2026/04/29 15:44:10,975000,11.476
2026/04/29 15:44:10,976000,11.471
2026/04/29 15:44:10,977000,11.473
2026/04/29 15:44:10,978000,11.476
2026/04/29 15:44:10,979000,11.471
2026/04/29 15:44:10,980000,11.471
2026/04/29 15:44:10,981000,11.465
2026/04/29 15:44:10,982000,11.468
2026/04/29 15:44:10,983000,11.471
2026/04/29 15:44:10,984000,11.465
2026/04/29 15:44:10,985000,11.471
2026/04/29 15:44:10,986000,11.471
2026/04/29 15:44:10,987000,11.471
2026/04/29 15:44:10,988000,11.465
2026/04/29 15:44:10,989000,11.468
2026/04/29 15:44:10,990000,11.479
2026/04/29 15:44:10,991000,11.471
2026/04/29 15:44:10,992000,11.468
2026/04/29 15:44:10,993000,11.471
2026/04/29 15:44:10,994000,11.471
2026/04/29 15:44:10,995000,11.468
2026/04/29 15:44:10,996000,11.471
2026/04/29 15:44:10,997000,11.471
2026/04/29 15:44:10,998000,11.462
2026/04/29 15:44:10,999000,11.471
2026/04/29 15:44:11,000000,11.468
2026/04/29 15:44:11,001000,11.471
2026/04/29 15:44:11,002000,11.471
2026/04/29 15:44:11,003000,11.471
2026/04/29 15:44:11,004000,11.471
2026/04/29 15:44:11,005000,11.471
2026/04/29 15:44:11,006000,11.471
2026/04/29 15:44:11,007000,11.468
2026/04/29 15:44:11,008000,11.471
2026/04/29 15:44:11,009000,11.468
2026/04/29 15:44:11,010000,11.465
2026/04/29 15:44:11,011000,11.468
2026/04/29 15:44:11,012000,11.471
2026/04/29 15:44:11,013000,11.465
2026/04/29 15:44:11,014000,11.468
2026/04/29 15:44:11,015000,11.465
2026/04/29 15:44:11,016000,11.465
2026/04/29 15:44:11,017000,11.468
2026/04/29 15:44:11,018000,11.471
2026/04/29 15:44:11,019000,11.468
2026/04/29 15:44:11,020000,11.465
2026/04/29 15:44:11,021000,11.468
2026/04/29 15:44:11,022000,11.465
2026/04/29 15:44:11,023000,11.465
2026/04/29 15:44:11,024000,11.465
2026/04/29 15:44:11,025000,11.471
2026/04/29 15:44:11,026000,11.471
2026/04/29 15:44:11,027000,11.468
2026/04/29 15:44:11,028000,11.465
2026/04/29 15:44:11,029000,11.471
2026/04/29 15:44:11,030000,11.471
2026/04/29 15:44:11,031000,11.471
2026/04/29 15:44:11,032000,11.465
2026/04/29 15:44:11,033000,11.473
2026/04/29 15:44:11,034000,11.465
2026/04/29 15:44:11,035000,11.471
2026/04/29 15:44:11,036000,11.471
2026/04/29 15:44:11,037000,11.468
2026/04/29 15:44:11,038000,11.468
2026/04/29 15:44:11,039000,11.471
2026/04/29 15:44:11,040000,11.471
2026/04/29 15:44:11,041000,11.468
2026/04/29 15:44:11,042000,11.465
2026/04/29 15:44:11,043000,11.468
2026/04/29 15:44:11,044000,11.468
2026/04/29 15:44:11,045000,11.468
2026/04/29 15:44:11,046000,11.468
2026/04/29 15:44:11,047000,11.468
2026/04/29 15:44:11,048000,11.471
2026/04/29 15:44:11,049000,11.468
2026/04/29 15:44:11,050000,11.471
2026/04/29 15:44:11,051000,11.471
2026/04/29 15:44:11,052000,11.471
2026/04/29 15:44:11,053000,11.462
2026/04/29 15:44:11,054000,11.476
2026/04/29 15:44:11,055000,11.465
2026/04/29 15:44:11,056000,11.471
2026/04/29 15:44:11,057000,11.468
2026/04/29 15:44:11,058000,11.465
2026/04/29 15:44:11,059000,11.468
2026/04/29 15:44:11,060000,11.468
2026/04/29 15:44:11,061000,11.471
2026/04/29 15:44:11,062000,11.468
2026/04/29 15:44:11,063000,11.471
2026/04/29 15:44:11,064000,11.462
2026/04/29 15:44:11,065000,11.465
2026/04/29 15:44:11,066000,11.465
2026/04/29 15:44:11,067000,11.468
2026/04/29 15:44:11,068000,11.465
2026/04/29 15:44:11,069000,11.471
2026/04/29 15:44:11,070000,11.465
2026/04/29 15:44:11,071000,11.468
2026/04/29 15:44:11,072000,11.468
2026/04/29 15:44:11,073000,11.468
2026/04/29 15:44:11,074000,11.465
2026/04/29 15:44:11,075000,11.468
2026/04/29 15:44:11,076000,11.468
2026/04/29 15:44:11,077000,11.465
2026/04/29 15:44:11,078000,11.471
2026/04/29 15:44:11,079000,11.468
2026/04/29 15:44:11,080000,11.471
2026/04/29 15:44:11,081000,11.468
2026/04/29 15:44:11,082000,11.465
2026/04/29 15:44:11,083000,11.468
2026/04/29 15:44:11,084000,11.465
2026/04/29 15:44:11,085000,11.468
2026/04/29 15:44:11,086000,11.468
2026/04/29 15:44:11,087000,11.471
2026/04/29 15:44:11,088000,11.468
2026/04/29 15:44:11,089000,11.471
2026/04/29 15:44:11,090000,11.468
2026/04/29 15:44:11,091000,11.465
2026/04/29 15:44:11,092000,11.465
2026/04/29 15:44:11,093000,11.471
2026/04/29 15:44:11,094000,11.471
2026/04/29 15:44:11,095000,11.471
2026/04/29 15:44:11,096000,11.465
2026/04/29 15:44:11,097000,11.468
2026/04/29 15:44:11,098000,11.468
2026/04/29 15:44:11,099000,11.468
2026/04/29 15:44:11,100000,11.468
2026/04/29 15:44:11,101000,11.471
2026/04/29 15:44:11,102000,11.465
2026/04/29 15:44:11,103000,11.471
2026/04/29 15:44:11,104000,11.465
2026/04/29 15:44:11,105000,11.468
2026/04/29 15:44:11,106000,11.462
2026/04/29 15:44:11,107000,11.462
2026/04/29 15:44:11,108000,11.471
2026/04/29 15:44:11,109000,11.465
2026/04/29 15:44:11,110000,11.468
2026/04/29 15:44:11,111000,11.468
2026/04/29 15:44:11,112000,11.471
2026/04/29 15:44:11,113000,11.471
2026/04/29 15:44:11,114000,11.465
2026/04/29 15:44:11,115000,11.471
2026/04/29 15:44:11,116000,11.468
2026/04/29 15:44:11,117000,11.465
2026/04/29 15:44:11,118000,11.471
2026/04/29 15:44:11,119000,11.462
2026/04/29 15:44:11,120000,11.465
2026/04/29 15:44:11,121000,11.459
2026/04/29 15:44:11,122000,11.468
2026/04/29 15:44:11,123000,11.471
2026/04/29 15:44:11,124000,11.471
2026/04/29 15:44:11,125000,11.471
2026/04/29 15:44:11,126000,11.462
2026/04/29 15:44:11,127000,11.468
2026/04/29 15:44:11,128000,11.465
2026/04/29 15:44:11,129000,11.465
2026/04/29 15:44:11,130000,11.465
2026/04/29 15:44:11,131000,11.468
2026/04/29 15:44:11,132000,11.462
2026/04/29 15:44:11,133000,11.465
2026/04/29 15:44:11,134000,11.471
2026/04/29 15:44:11,135000,11.465
2026/04/29 15:44:11,136000,11.468
2026/04/29 15:44:11,137000,11.468
2026/04/29 15:44:11,138000,11.471
2026/04/29 15:44:11,139000,11.471
2026/04/29 15:44:11,140000,11.465
2026/04/29 15:44:11,141000,11.462
2026/04/29 15:44:11,142000,11.468
2026/04/29 15:44:11,143000,11.457
2026/04/29 15:44:11,144000,11.471
2026/04/29 15:44:11,145000,11.471
2026/04/29 15:44:11,146000,11.468
2026/04/29 15:44:11,147000,11.468
2026/04/29 15:44:11,148000,11.471
2026/04/29 15:44:11,149000,11.471
2026/04/29 15:44:11,150000,11.471
2026/04/29 15:44:11,151000,11.459
2026/04/29 15:44:11,152000,11.468
2026/04/29 15:44:11,153000,11.473
2026/04/29 15:44:11,154000,11.468
2026/04/29 15:44:11,155000,11.465
2026/04/29 15:44:11,156000,11.465
2026/04/29 15:44:11,157000,11.468
2026/04/29 15:44:11,158000,11.468
2026/04/29 15:44:11,159000,11.468
2026/04/29 15:44:11,160000,11.468
2026/04/29 15:44:11,161000,11.468
2026/04/29 15:44:11,162000,11.468
2026/04/29 15:44:11,163000,11.471
2026/04/29 15:44:11,164000,11.465
2026/04/29 15:44:11,165000,11.462
2026/04/29 15:44:11,166000,11.465
2026/04/29 15:44:11,167000,11.468
2026/04/29 15:44:11,168000,11.465
2026/04/29 15:44:11,169000,11.468
2026/04/29 15:44:11,170000,11.468
2026/04/29 15:44:11,171000,11.471
2026/04/29 15:44:11,172000,11.468
2026/04/29 15:44:11,173000,11.471
2026/04/29 15:44:11,174000,11.471
2026/04/29 15:44:11,175000,11.471
2026/04/29 15:44:11,176000,11.468
2026/04/29 15:44:11,177000,11.471
2026/04/29 15:44:11,178000,11.465
2026/04/29 15:44:11,179000,11.468
2026/04/29 15:44:11,180000,11.462
2026/04/29 15:44:11,181000,11.462
2026/04/29 15:44:11,182000,11.465
2026/04/29 15:44:11,183000,11.465
2026/04/29 15:44:11,184000,11.465
2026/04/29 15:44:11,185000,11.471
2026/04/29 15:44:11,186000,11.468
2026/04/29 15:44:11,187000,11.468
2026/04/29 15:44:11,188000,11.468
2026/04/29 15:44:11,189000,11.462
2026/04/29 15:44:11,190000,11.471
2026/04/29 15:44:11,191000,11.471
2026/04/29 15:44:11,192000,11.465
2026/04/29 15:44:11,193000,11.471
2026/04/29 15:44:11,194000,11.471
2026/04/29 15:44:11,195000,11.471
2026/04/29 15:44:11,196000,11.468
2026/04/29 15:44:11,197000,11.462
2026/04/29 15:44:11,198000,11.471
2026/04/29 15:44:11,199000,11.471
2026/04/29 15:44:11,200000,11.471
2026/04/29 15:44:11,201000,11.476
2026/04/29 15:44:11,202000,11.471
2026/04/29 15:44:11,203000,11.465
2026/04/29 15:44:11,204000,11.468
2026/04/29 15:44:11,205000,11.465
2026/04/29 15:44:11,206000,11.471
2026/04/29 15:44:11,207000,11.468
2026/04/29 15:44:11,208000,11.471
2026/04/29 15:44:11,209000,11.471
2026/04/29 15:44:11,210000,11.471
2026/04/29 15:44:11,211000,11.468
2026/04/29 15:44:11,212000,11.468
2026/04/29 15:44:11,213000,11.465
2026/04/29 15:44:11,214000,11.468
2026/04/29 15:44:11,215000,11.471
2026/04/29 15:44:11,216000,11.471
2026/04/29 15:44:11,217000,11.471
2026/04/29 15:44:11,218000,11.471
2026/04/29 15:44:11,219000,11.471
2026/04/29 15:44:11,220000,11.471
2026/04/29 15:44:11,221000,11.468
2026/04/29 15:44:11,222000,11.471
2026/04/29 15:44:11,223000,11.471
2026/04/29 15:44:11,224000,11.471
2026/04/29 15:44:11,225000,11.468
2026/04/29 15:44:11,226000,11.468
2026/04/29 15:44:11,227000,11.468
2026/04/29 15:44:11,228000,11.468
2026/04/29 15:44:11,229000,11.465
2026/04/29 15:44:11,230000,11.468
2026/04/29 15:44:11,231000,11.462
2026/04/29 15:44:11,232000,11.468
2026/04/29 15:44:11,233000,11.468
2026/04/29 15:44:11,234000,11.471
2026/04/29 15:44:11,235000,11.468
2026/04/29 15:44:11,236000,11.471
2026/04/29 15:44:11,237000,11.462
2026/04/29 15:44:11,238000,11.465
2026/04/29 15:44:11,239000,11.465
2026/04/29 15:44:11,240000,11.471
2026/04/29 15:44:11,241000,11.465
2026/04/29 15:44:11,242000,11.465
2026/04/29 15:44:11,243000,11.471
2026/04/29 15:44:11,244000,11.471
2026/04/29 15:44:11,245000,11.468
2026/04/29 15:44:11,246000,11.471
2026/04/29 15:44:11,247000,11.459
2026/04/29 15:44:11,248000,11.468
2026/04/29 15:44:11,249000,11.462
2026/04/29 15:44:11,250000,11.465
2026/04/29 15:44:11,251000,11.471
2026/04/29 15:44:11,252000,11.468
2026/04/29 15:44:11,253000,11.468
2026/04/29 15:44:11,254000,11.465
2026/04/29 15:44:11,255000,11.473
2026/04/29 15:44:11,256000,11.465
2026/04/29 15:44:11,257000,11.459
2026/04/29 15:44:11,258000,11.471
2026/04/29 15:44:11,259000,11.471
2026/04/29 15:44:11,260000,11.468
2026/04/29 15:44:11,261000,11.465
2026/04/29 15:44:11,262000,11.465
2026/04/29 15:44:11,263000,11.471
2026/04/29 15:44:11,264000,11.468
2026/04/29 15:44:11,265000,11.471
2026/04/29 15:44:11,266000,11.462
2026/04/29 15:44:11,267000,11.465
2026/04/29 15:44:11,268000,11.471
2026/04/29 15:44:11,269000,11.471
2026/04/29 15:44:11,270000,11.471
2026/04/29 15:44:11,271000,11.471
2026/04/29 15:44:11,272000,11.471
2026/04/29 15:44:11,273000,11.471
2026/04/29 15:44:11,274000,11.468
2026/04/29 15:44:11,275000,11.471
2026/04/29 15:44:11,276000,11.471
2026/04/29 15:44:11,277000,11.471
2026/04/29 15:44:11,278000,11.471
2026/04/29 15:44:11,279000,11.462
2026/04/29 15:44:11,280000,11.468
2026/04/29 15:44:11,281000,11.471
2026/04/29 15:44:11,282000,11.468
2026/04/29 15:44:11,283000,11.468
2026/04/29 15:44:11,284000,11.471
2026/04/29 15:44:11,285000,11.471
2026/04/29 15:44:11,286000,11.468
2026/04/29 15:44:11,287000,11.465
2026/04/29 15:44:11,288000,11.471
2026/04/29 15:44:11,289000,11.468
2026/04/29 15:44:11,290000,11.468
2026/04/29 15:44:11,291000,11.468
2026/04/29 15:44:11,292000,11.471
2026/04/29 15:44:11,293000,11.468
2026/04/29 15:44:11,294000,11.462
2026/04/29 15:44:11,295000,11.471
2026/04/29 15:44:11,296000,11.468
2026/04/29 15:44:11,297000,11.471
2026/04/29 15:44:11,298000,11.462
2026/04/29 15:44:11,299000,11.471
2026/04/29 15:44:11,300000,11.468
2026/04/29 15:44:11,301000,11.476
2026/04/29 15:44:11,302000,11.465
2026/04/29 15:44:11,303000,11.465
2026/04/29 15:44:11,304000,11.468
2026/04/29 15:44:11,305000,11.465
2026/04/29 15:44:11,306000,11.471
2026/04/29 15:44:11,307000,11.468
2026/04/29 15:44:11,308000,11.471
2026/04/29 15:44:11,309000,11.465
2026/04/29 15:44:11,310000,11.468
2026/04/29 15:44:11,311000,11.465
2026/04/29 15:44:11,312000,11.468
2026/04/29 15:44:11,313000,11.468
2026/04/29 15:44:11,314000,11.462
2026/04/29 15:44:11,315000,11.462
2026/04/29 15:44:11,316000,11.468
2026/04/29 15:44:11,317000,11.471
2026/04/29 15:44:11,318000,11.468
2026/04/29 15:44:11,319000,11.465
2026/04/29 15:44:11,320000,11.471
2026/04/29 15:44:11,321000,11.471
2026/04/29 15:44:11,322000,11.471
2026/04/29 15:44:11,323000,11.465
2026/04/29 15:44:11,324000,11.462
2026/04/29 15:44:11,325000,11.468
2026/04/29 15:44:11,326000,11.468
2026/04/29 15:44:11,327000,11.479
2026/04/29 15:44:11,328000,11.471
2026/04/29 15:44:11,329000,11.465
2026/04/29 15:44:11,330000,11.471
2026/04/29 15:44:11,331000,11.465
2026/04/29 15:44:11,332000,11.465
2026/04/29 15:44:11,333000,11.465
2026/04/29 15:44:11,334000,11.471
2026/04/29 15:44:11,335000,11.471
2026/04/29 15:44:11,336000,11.471
2026/04/29 15:44:11,337000,11.471
2026/04/29 15:44:11,338000,11.471
2026/04/29 15:44:11,339000,11.471
2026/04/29 15:44:11,340000,11.476
2026/04/29 15:44:11,341000,11.468
2026/04/29 15:44:11,342000,11.471
2026/04/29 15:44:11,343000,11.468
2026/04/29 15:44:11,344000,11.476
2026/04/29 15:44:11,345000,11.468
2026/04/29 15:44:11,346000,11.471
2026/04/29 15:44:11,347000,11.468
2026/04/29 15:44:11,348000,11.471
2026/04/29 15:44:11,349000,11.465
2026/04/29 15:44:11,350000,11.468
2026/04/29 15:44:11,351000,11.468
2026/04/29 15:44:11,352000,11.468
2026/04/29 15:44:11,353000,11.468
2026/04/29 15:44:11,354000,11.465
2026/04/29 15:44:11,355000,11.471
2026/04/29 15:44:11,356000,11.468
2026/04/29 15:44:11,357000,11.471
2026/04/29 15:44:11,358000,11.462
2026/04/29 15:44:11,359000,11.471
2026/04/29 15:44:11,360000,11.468
2026/04/29 15:44:11,361000,11.465
2026/04/29 15:44:11,362000,11.468
2026/04/29 15:44:11,363000,11.471
2026/04/29 15:44:11,364000,11.459
2026/04/29 15:44:11,365000,11.465
2026/04/29 15:44:11,366000,11.482
2026/04/29 15:44:11,367000,11.471
2026/04/29 15:44:11,368000,11.471
2026/04/29 15:44:11,369000,11.468
2026/04/29 15:44:11,370000,11.465
2026/04/29 15:44:11,371000,11.465
2026/04/29 15:44:11,372000,11.473
2026/04/29 15:44:11,373000,11.465
2026/04/29 15:44:11,374000,11.468
2026/04/29 15:44:11,375000,11.471
2026/04/29 15:44:11,376000,11.476
2026/04/29 15:44:11,377000,11.468
2026/04/29 15:44:11,378000,11.462
2026/04/29 15:44:11,379000,11.465
2026/04/29 15:44:11,380000,11.471
2026/04/29 15:44:11,381000,11.471
2026/04/29 15:44:11,382000,11.465
2026/04/29 15:44:11,383000,11.471
2026/04/29 15:44:11,384000,11.468
2026/04/29 15:44:11,385000,11.476
2026/04/29 15:44:11,386000,11.471
2026/04/29 15:44:11,387000,11.468
2026/04/29 15:44:11,388000,11.468
2026/04/29 15:44:11,389000,11.471
2026/04/29 15:44:11,390000,11.462
2026/04/29 15:44:11,391000,11.471
2026/04/29 15:44:11,392000,11.471
2026/04/29 15:44:11,393000,11.476
2026/04/29 15:44:11,394000,11.468
2026/04/29 15:44:11,395000,11.471
2026/04/29 15:44:11,396000,11.471
2026/04/29 15:44:11,397000,11.462
2026/04/29 15:44:11,398000,11.468
2026/04/29 15:44:11,399000,11.476
2026/04/29 15:44:11,400000,11.471
2026/04/29 15:44:11,401000,11.471
2026/04/29 15:44:11,402000,11.465
2026/04/29 15:44:11,403000,11.468
2026/04/29 15:44:11,404000,11.471
2026/04/29 15:44:11,405000,11.468
2026/04/29 15:44:11,406000,11.471
2026/04/29 15:44:11,407000,11.465
2026/04/29 15:44:11,408000,11.471
2026/04/29 15:44:11,409000,11.471
2026/04/29 15:44:11,410000,11.471
2026/04/29 15:44:11,411000,11.471
2026/04/29 15:44:11,412000,11.471
2026/04/29 15:44:11,413000,11.471
2026/04/29 15:44:11,414000,11.468
2026/04/29 15:44:11,415000,11.471
2026/04/29 15:44:11,416000,11.471
2026/04/29 15:44:11,417000,11.473
2026/04/29 15:44:11,418000,11.471
2026/04/29 15:44:11,419000,11.468
2026/04/29 15:44:11,420000,11.471
2026/04/29 15:44:11,421000,11.471
2026/04/29 15:44:11,422000,11.471
2026/04/29 15:44:11,423000,11.465
2026/04/29 15:44:11,424000,11.471
2026/04/29 15:44:11,425000,11.465
2026/04/29 15:44:11,426000,11.465
2026/04/29 15:44:11,427000,11.468
2026/04/29 15:44:11,428000,11.471
2026/04/29 15:44:11,429000,11.471
2026/04/29 15:44:11,430000,11.468
2026/04/29 15:44:11,431000,11.471
2026/04/29 15:44:11,432000,11.468
2026/04/29 15:44:11,433000,11.465
2026/04/29 15:44:11,434000,11.468
2026/04/29 15:44:11,435000,11.471
2026/04/29 15:44:11,436000,11.471
2026/04/29 15:44:11,437000,11.471
2026/04/29 15:44:11,438000,11.465
2026/04/29 15:44:11,439000,11.471
2026/04/29 15:44:11,440000,11.465
2026/04/29 15:44:11,441000,11.465
2026/04/29 15:44:11,442000,11.471
2026/04/29 15:44:11,443000,11.468
2026/04/29 15:44:11,444000,11.471
2026/04/29 15:44:11,445000,11.468
2026/04/29 15:44:11,446000,11.465
2026/04/29 15:44:11,447000,11.468
2026/04/29 15:44:11,448000,11.471
2026/04/29 15:44:11,449000,11.465
2026/04/29 15:44:11,450000,11.468
2026/04/29 15:44:11,451000,11.471
2026/04/29 15:44:11,452000,11.468
2026/04/29 15:44:11,453000,11.471
2026/04/29 15:44:11,454000,11.465
2026/04/29 15:44:11,455000,11.476
2026/04/29 15:44:11,456000,11.471
2026/04/29 15:44:11,457000,11.471
2026/04/29 15:44:11,458000,11.471
2026/04/29 15:44:11,459000,11.471
2026/04/29 15:44:11,460000,11.471
2026/04/29 15:44:11,461000,11.471
2026/04/29 15:44:11,462000,11.465
2026/04/29 15:44:11,463000,11.468
2026/04/29 15:44:11,464000,11.468
2026/04/29 15:44:11,465000,11.465
2026/04/29 15:44:11,466000,11.471
2026/04/29 15:44:11,467000,11.468
2026/04/29 15:44:11,468000,11.471
2026/04/29 15:44:11,469000,11.468
2026/04/29 15:44:11,470000,11.473
2026/04/29 15:44:11,471000,11.465
2026/04/29 15:44:11,472000,11.471
2026/04/29 15:44:11,473000,11.462
2026/04/29 15:44:11,474000,11.468
2026/04/29 15:44:11,475000,11.465
2026/04/29 15:44:11,476000,11.468
2026/04/29 15:44:11,477000,11.476
2026/04/29 15:44:11,478000,11.465
2026/04/29 15:44:11,479000,11.462
2026/04/29 15:44:11,480000,11.471
2026/04/29 15:44:11,481000,11.468
2026/04/29 15:44:11,482000,11.473
2026/04/29 15:44:11,483000,11.462
2026/04/29 15:44:11,484000,11.471
2026/04/29 15:44:11,485000,11.468
2026/04/29 15:44:11,486000,11.471
2026/04/29 15:44:11,487000,11.471
2026/04/29 15:44:11,488000,11.462
2026/04/29 15:44:11,489000,11.471
2026/04/29 15:44:11,490000,11.471
2026/04/29 15:44:11,491000,11.468
2026/04/29 15:44:11,492000,11.471
2026/04/29 15:44:11,493000,11.473
2026/04/29 15:44:11,494000,11.465
2026/04/29 15:44:11,495000,11.471
2026/04/29 15:44:11,496000,11.468
2026/04/29 15:44:11,497000,11.462
2026/04/29 15:44:11,498000,11.471
2026/04/29 15:44:11,499000,11.471
2026/04/29 15:44:11,500000,11.465
2026/04/29 15:44:11,501000,11.468
2026/04/29 15:44:11,502000,11.471
2026/04/29 15:44:11,503000,11.468
2026/04/29 15:44:11,504000,11.468
2026/04/29 15:44:11,505000,11.468
2026/04/29 15:44:11,506000,11.465
2026/04/29 15:44:11,507000,11.471
2026/04/29 15:44:11,508000,11.465
2026/04/29 15:44:11,509000,11.471
2026/04/29 15:44:11,510000,11.476
2026/04/29 15:44:11,511000,11.471
2026/04/29 15:44:11,512000,11.468
2026/04/29 15:44:11,513000,11.471
2026/04/29 15:44:11,514000,11.471
2026/04/29 15:44:11,515000,11.471
2026/04/29 15:44:11,516000,11.468
2026/04/29 15:44:11,517000,11.468
2026/04/29 15:44:11,518000,11.471
2026/04/29 15:44:11,519000,11.471
2026/04/29 15:44:11,520000,11.468
2026/04/29 15:44:11,521000,11.471
2026/04/29 15:44:11,522000,11.465
2026/04/29 15:44:11,523000,11.471
2026/04/29 15:44:11,524000,11.468
2026/04/29 15:44:11,525000,11.471
2026/04/29 15:44:11,526000,11.473
2026/04/29 15:44:11,527000,11.468
2026/04/29 15:44:11,528000,11.468
2026/04/29 15:44:11,529000,11.468
2026/04/29 15:44:11,530000,11.468
2026/04/29 15:44:11,531000,11.471
2026/04/29 15:44:11,532000,11.471
2026/04/29 15:44:11,533000,11.462
2026/04/29 15:44:11,534000,11.465
2026/04/29 15:44:11,535000,11.468
2026/04/29 15:44:11,536000,11.471
2026/04/29 15:44:11,537000,11.468
2026/04/29 15:44:11,538000,11.471
2026/04/29 15:44:11,539000,11.471
2026/04/29 15:44:11,540000,11.468
2026/04/29 15:44:11,541000,11.471
2026/04/29 15:44:11,542000,11.471
2026/04/29 15:44:11,543000,11.471
2026/04/29 15:44:11,544000,11.471
2026/04/29 15:44:11,545000,11.473
2026/04/29 15:44:11,546000,11.471
2026/04/29 15:44:11,547000,11.465
2026/04/29 15:44:11,548000,11.462
2026/04/29 15:44:11,549000,11.465
2026/04/29 15:44:11,550000,11.471
2026/04/29 15:44:11,551000,11.468
2026/04/29 15:44:11,552000,11.468
2026/04/29 15:44:11,553000,11.465
2026/04/29 15:44:11,554000,11.468
2026/04/29 15:44:11,555000,11.465
2026/04/29 15:44:11,556000,11.465
2026/04/29 15:44:11,557000,11.468
2026/04/29 15:44:11,558000,11.471
2026/04/29 15:44:11,559000,11.468
2026/04/29 15:44:11,560000,11.468
2026/04/29 15:44:11,561000,11.471
2026/04/29 15:44:11,562000,11.471
2026/04/29 15:44:11,563000,11.465
2026/04/29 15:44:11,564000,11.471
2026/04/29 15:44:11,565000,11.471
2026/04/29 15:44:11,566000,11.471
2026/04/29 15:44:11,567000,11.468
2026/04/29 15:44:11,568000,11.468
2026/04/29 15:44:11,569000,11.462
2026/04/29 15:44:11,570000,11.465
2026/04/29 15:44:11,571000,11.471
2026/04/29 15:44:11,572000,11.471
2026/04/29 15:44:11,573000,11.471
2026/04/29 15:44:11,574000,11.471
2026/04/29 15:44:11,575000,11.471
2026/04/29 15:44:11,576000,11.473
2026/04/29 15:44:11,577000,11.465
2026/04/29 15:44:11,578000,11.471
2026/04/29 15:44:11,579000,11.468
2026/04/29 15:44:11,580000,11.465
2026/04/29 15:44:11,581000,11.468
2026/04/29 15:44:11,582000,11.459
2026/04/29 15:44:11,583000,11.465
2026/04/29 15:44:11,584000,11.468
2026/04/29 15:44:11,585000,11.468
2026/04/29 15:44:11,586000,11.471
2026/04/29 15:44:11,587000,11.465
2026/04/29 15:44:11,588000,11.459
2026/04/29 15:44:11,589000,11.462
2026/04/29 15:44:11,590000,11.468
2026/04/29 15:44:11,591000,11.465
2026/04/29 15:44:11,592000,11.468
2026/04/29 15:44:11,593000,11.471
2026/04/29 15:44:11,594000,11.468
2026/04/29 15:44:11,595000,11.465
2026/04/29 15:44:11,596000,11.471
2026/04/29 15:44:11,597000,11.462
2026/04/29 15:44:11,598000,11.468
2026/04/29 15:44:11,599000,11.465
2026/04/29 15:44:11,600000,11.468
2026/04/29 15:44:11,601000,11.468
2026/04/29 15:44:11,602000,11.468
2026/04/29 15:44:11,603000,11.465
2026/04/29 15:44:11,604000,11.471
2026/04/29 15:44:11,605000,11.468
2026/04/29 15:44:11,606000,11.465
2026/04/29 15:44:11,607000,11.465
2026/04/29 15:44:11,608000,11.459
2026/04/29 15:44:11,609000,11.468
2026/04/29 15:44:11,610000,11.465
2026/04/29 15:44:11,611000,11.471
2026/04/29 15:44:11,612000,11.471
2026/04/29 15:44:11,613000,11.471
2026/04/29 15:44:11,614000,11.465
2026/04/29 15:44:11,615000,11.471
2026/04/29 15:44:11,616000,11.468
2026/04/29 15:44:11,617000,11.471
2026/04/29 15:44:11,618000,11.465
2026/04/29 15:44:11,619000,11.465
2026/04/29 15:44:11,620000,11.471
2026/04/29 15:44:11,621000,11.471
2026/04/29 15:44:11,622000,11.471
2026/04/29 15:44:11,623000,11.462
2026/04/29 15:44:11,624000,11.468
2026/04/29 15:44:11,625000,11.465
2026/04/29 15:44:11,626000,11.465
2026/04/29 15:44:11,627000,11.468
2026/04/29 15:44:11,628000,11.468
2026/04/29 15:44:11,629000,11.471
2026/04/29 15:44:11,630000,11.468
2026/04/29 15:44:11,631000,11.471
2026/04/29 15:44:11,632000,11.462
2026/04/29 15:44:11,633000,11.465
2026/04/29 15:44:11,634000,11.465
2026/04/29 15:44:11,635000,11.468
2026/04/29 15:44:11,636000,11.471
2026/04/29 15:44:11,637000,11.471
2026/04/29 15:44:11,638000,11.465
2026/04/29 15:44:11,639000,11.468
2026/04/29 15:44:11,640000,11.465
2026/04/29 15:44:11,641000,11.471
2026/04/29 15:44:11,642000,11.457
2026/04/29 15:44:11,643000,11.468
2026/04/29 15:44:11,644000,11.468
2026/04/29 15:44:11,645000,11.471
2026/04/29 15:44:11,646000,11.471
2026/04/29 15:44:11,647000,11.462
2026/04/29 15:44:11,648000,11.471
2026/04/29 15:44:11,649000,11.468
2026/04/29 15:44:11,650000,11.468
2026/04/29 15:44:11,651000,11.471
2026/04/29 15:44:11,652000,11.468
2026/04/29 15:44:11,653000,11.462
2026/04/29 15:44:11,654000,11.471
2026/04/29 15:44:11,655000,11.465
2026/04/29 15:44:11,656000,11.471
2026/04/29 15:44:11,657000,11.465
2026/04/29 15:44:11,658000,11.471
2026/04/29 15:44:11,659000,11.462
2026/04/29 15:44:11,660000,11.471
2026/04/29 15:44:11,661000,11.468
2026/04/29 15:44:11,662000,11.471
2026/04/29 15:44:11,663000,11.471
2026/04/29 15:44:11,664000,11.471
2026/04/29 15:44:11,665000,11.468
2026/04/29 15:44:11,666000,11.465
2026/04/29 15:44:11,667000,11.465
2026/04/29 15:44:11,668000,11.468
2026/04/29 15:44:11,669000,11.476
2026/04/29 15:44:11,670000,11.468
2026/04/29 15:44:11,671000,11.471
2026/04/29 15:44:11,672000,11.468
2026/04/29 15:44:11,673000,11.468
2026/04/29 15:44:11,674000,11.459
2026/04/29 15:44:11,675000,11.471
2026/04/29 15:44:11,676000,11.462
2026/04/29 15:44:11,677000,11.468
2026/04/29 15:44:11,678000,11.471
2026/04/29 15:44:11,679000,11.465
2026/04/29 15:44:11,680000,11.465
2026/04/29 15:44:11,681000,11.465
2026/04/29 15:44:11,682000,11.468
2026/04/29 15:44:11,683000,11.468
2026/04/29 15:44:11,684000,11.465
2026/04/29 15:44:11,685000,11.468
2026/04/29 15:44:11,686000,11.468
2026/04/29 15:44:11,687000,11.468
2026/04/29 15:44:11,688000,11.468
2026/04/29 15:44:11,689000,11.468
2026/04/29 15:44:11,690000,11.476
2026/04/29 15:44:11,691000,11.462
2026/04/29 15:44:11,692000,11.459
2026/04/29 15:44:11,693000,11.468
2026/04/29 15:44:11,694000,11.465
2026/04/29 15:44:11,695000,11.459
2026/04/29 15:44:11,696000,11.471
2026/04/29 15:44:11,697000,11.471
2026/04/29 15:44:11,698000,11.471
2026/04/29 15:44:11,699000,11.465
2026/04/29 15:44:11,700000,11.465
2026/04/29 15:44:11,701000,11.462
2026/04/29 15:44:11,702000,11.465
2026/04/29 15:44:11,703000,11.471
2026/04/29 15:44:11,704000,11.462
2026/04/29 15:44:11,705000,11.471
2026/04/29 15:44:11,706000,11.465
2026/04/29 15:44:11,707000,11.459
2026/04/29 15:44:11,708000,11.465
2026/04/29 15:44:11,709000,11.468
2026/04/29 15:44:11,710000,11.471
2026/04/29 15:44:11,711000,11.471
2026/04/29 15:44:11,712000,11.468
2026/04/29 15:44:11,713000,11.468
2026/04/29 15:44:11,714000,11.468
2026/04/29 15:44:11,715000,11.471
2026/04/29 15:44:11,716000,11.465
2026/04/29 15:44:11,717000,11.459
2026/04/29 15:44:11,718000,11.471
2026/04/29 15:44:11,719000,11.471
2026/04/29 15:44:11,720000,11.471
2026/04/29 15:44:11,721000,11.468
2026/04/29 15:44:11,722000,11.468
2026/04/29 15:44:11,723000,11.468
2026/04/29 15:44:11,724000,11.471
2026/04/29 15:44:11,725000,11.465
2026/04/29 15:44:11,726000,11.471
2026/04/29 15:44:11,727000,11.465
2026/04/29 15:44:11,728000,11.468
2026/04/29 15:44:11,729000,11.462
2026/04/29 15:44:11,730000,11.462
2026/04/29 15:44:11,731000,11.471
2026/04/29 15:44:11,732000,11.468
2026/04/29 15:44:11,733000,11.465
2026/04/29 15:44:11,734000,11.462
2026/04/29 15:44:11,735000,11.468
2026/04/29 15:44:11,736000,11.471
2026/04/29 15:44:11,737000,11.462
2026/04/29 15:44:11,738000,11.471
2026/04/29 15:44:11,739000,11.468
2026/04/29 15:44:11,740000,11.465
2026/04/29 15:44:11,741000,11.465
2026/04/29 15:44:11,742000,11.465
2026/04/29 15:44:11,743000,11.468
2026/04/29 15:44:11,744000,11.462
2026/04/29 15:44:11,745000,11.471
2026/04/29 15:44:11,746000,11.471
2026/04/29 15:44:11,747000,11.468
2026/04/29 15:44:11,748000,11.471
2026/04/29 15:44:11,749000,11.468
2026/04/29 15:44:11,750000,11.468
2026/04/29 15:44:11,751000,11.468
2026/04/29 15:44:11,752000,11.462
2026/04/29 15:44:11,753000,11.462
2026/04/29 15:44:11,754000,11.468
2026/04/29 15:44:11,755000,11.462
2026/04/29 15:44:11,756000,11.459
2026/04/29 15:44:11,757000,11.471
2026/04/29 15:44:11,758000,11.468
2026/04/29 15:44:11,759000,11.462
2026/04/29 15:44:11,760000,11.465
2026/04/29 15:44:11,761000,11.468
2026/04/29 15:44:11,762000,11.468
2026/04/29 15:44:11,763000,11.473
2026/04/29 15:44:11,764000,11.471
2026/04/29 15:44:11,765000,11.468
2026/04/29 15:44:11,766000,11.468
2026/04/29 15:44:11,767000,11.468
2026/04/29 15:44:11,768000,11.465
2026/04/29 15:44:11,769000,11.468
2026/04/29 15:44:11,770000,11.468
2026/04/29 15:44:11,771000,11.468
2026/04/29 15:44:11,772000,11.471
2026/04/29 15:44:11,773000,11.465
2026/04/29 15:44:11,774000,11.471
2026/04/29 15:44:11,775000,11.473
2026/04/29 15:44:11,776000,11.468
2026/04/29 15:44:11,777000,11.462
2026/04/29 15:44:11,778000,11.468
2026/04/29 15:44:11,779000,11.468
2026/04/29 15:44:11,780000,11.471
2026/04/29 15:44:11,781000,11.471
2026/04/29 15:44:11,782000,11.465
2026/04/29 15:44:11,783000,11.471
2026/04/29 15:44:11,784000,11.468
2026/04/29 15:44:11,785000,11.457
2026/04/29 15:44:11,786000,11.465
2026/04/29 15:44:11,787000,11.471
2026/04/29 15:44:11,788000,11.471
2026/04/29 15:44:11,789000,11.465
2026/04/29 15:44:11,790000,11.465
2026/04/29 15:44:11,791000,11.471
2026/04/29 15:44:11,792000,11.471
2026/04/29 15:44:11,793000,11.459
2026/04/29 15:44:11,794000,11.468
2026/04/29 15:44:11,795000,11.468
2026/04/29 15:44:11,796000,11.471
2026/04/29 15:44:11,797000,11.471
2026/04/29 15:44:11,798000,11.465
2026/04/29 15:44:11,799000,11.471
2026/04/29 15:44:11,800000,11.473
2026/04/29 15:44:11,801000,11.465
2026/04/29 15:44:11,802000,11.471
2026/04/29 15:44:11,803000,11.465
2026/04/29 15:44:11,804000,11.471
2026/04/29 15:44:11,805000,11.468
2026/04/29 15:44:11,806000,11.468
2026/04/29 15:44:11,807000,11.471
2026/04/29 15:44:11,808000,11.465
2026/04/29 15:44:11,809000,11.468
2026/04/29 15:44:11,810000,11.471
2026/04/29 15:44:11,811000,11.459
2026/04/29 15:44:11,812000,11.468
2026/04/29 15:44:11,813000,11.468
2026/04/29 15:44:11,814000,11.471
2026/04/29 15:44:11,815000,11.476
2026/04/29 15:44:11,816000,11.468
2026/04/29 15:44:11,817000,11.471
2026/04/29 15:44:11,818000,11.473
2026/04/29 15:44:11,819000,11.468
2026/04/29 15:44:11,820000,11.471
2026/04/29 15:44:11,821000,11.468
2026/04/29 15:44:11,822000,11.468
2026/04/29 15:44:11,823000,11.468
2026/04/29 15:44:11,824000,11.468
2026/04/29 15:44:11,825000,11.468
2026/04/29 15:44:11,826000,11.465
2026/04/29 15:44:11,827000,11.465
2026/04/29 15:44:11,828000,11.471
2026/04/29 15:44:11,829000,11.471
2026/04/29 15:44:11,830000,11.468
2026/04/29 15:44:11,831000,11.471
2026/04/29 15:44:11,832000,11.465
2026/04/29 15:44:11,833000,11.465
2026/04/29 15:44:11,834000,11.468
2026/04/29 15:44:11,835000,11.465
2026/04/29 15:44:11,836000,11.468
2026/04/29 15:44:11,837000,11.471
2026/04/29 15:44:11,838000,11.471
2026/04/29 15:44:11,839000,11.465
2026/04/29 15:44:11,840000,11.473
2026/04/29 15:44:11,841000,11.471
2026/04/29 15:44:11,842000,11.479
2026/04/29 15:44:11,843000,11.468
2026/04/29 15:44:11,844000,11.468
2026/04/29 15:44:11,845000,11.468
2026/04/29 15:44:11,846000,11.468
2026/04/29 15:44:11,847000,11.471
2026/04/29 15:44:11,848000,11.468
2026/04/29 15:44:11,849000,11.468
2026/04/29 15:44:11,850000,11.471
2026/04/29 15:44:11,851000,11.468
2026/04/29 15:44:11,852000,11.462
2026/04/29 15:44:11,853000,11.468
2026/04/29 15:44:11,854000,11.465
2026/04/29 15:44:11,855000,11.471
2026/04/29 15:44:11,856000,11.468
2026/04/29 15:44:11,857000,11.468
2026/04/29 15:44:11,858000,11.459
2026/04/29 15:44:11,859000,11.471
2026/04/29 15:44:11,860000,11.465
2026/04/29 15:44:11,861000,11.471
2026/04/29 15:44:11,862000,11.468
2026/04/29 15:44:11,863000,11.462
2026/04/29 15:44:11,864000,11.471
2026/04/29 15:44:11,865000,11.468
2026/04/29 15:44:11,866000,11.471
2026/04/29 15:44:11,867000,11.471
2026/04/29 15:44:11,868000,11.468
2026/04/29 15:44:11,869000,11.468
2026/04/29 15:44:11,870000,11.465
2026/04/29 15:44:11,871000,11.471
2026/04/29 15:44:11,872000,11.471
2026/04/29 15:44:11,873000,11.473
2026/04/29 15:44:11,874000,11.471
2026/04/29 15:44:11,875000,11.471
2026/04/29 15:44:11,876000,11.468
2026/04/29 15:44:11,877000,11.468
2026/04/29 15:44:11,878000,11.471
2026/04/29 15:44:11,879000,11.471
2026/04/29 15:44:11,880000,11.468
2026/04/29 15:44:11,881000,11.468
2026/04/29 15:44:11,882000,11.465
2026/04/29 15:44:11,883000,11.468
2026/04/29 15:44:11,884000,11.471
2026/04/29 15:44:11,885000,11.465
2026/04/29 15:44:11,886000,11.468
2026/04/29 15:44:11,887000,11.468
2026/04/29 15:44:11,888000,11.471
2026/04/29 15:44:11,889000,11.468
2026/04/29 15:44:11,890000,11.465
2026/04/29 15:44:11,891000,11.471
2026/04/29 15:44:11,892000,11.468
2026/04/29 15:44:11,893000,11.465
2026/04/29 15:44:11,894000,11.471
2026/04/29 15:44:11,895000,11.471
2026/04/29 15:44:11,896000,11.471
2026/04/29 15:44:11,897000,11.457
2026/04/29 15:44:11,898000,11.465
2026/04/29 15:44:11,899000,11.465
2026/04/29 15:44:11,900000,11.465
2026/04/29 15:44:11,901000,11.468
2026/04/29 15:44:11,902000,11.471
2026/04/29 15:44:11,903000,11.465
2026/04/29 15:44:11,904000,11.465
2026/04/29 15:44:11,905000,11.465
2026/04/29 15:44:11,906000,11.468
2026/04/29 15:44:11,907000,11.465
2026/04/29 15:44:11,908000,11.471
2026/04/29 15:44:11,909000,11.465
2026/04/29 15:44:11,910000,11.471
2026/04/29 15:44:11,911000,11.468
2026/04/29 15:44:11,912000,11.471
2026/04/29 15:44:11,913000,11.465
2026/04/29 15:44:11,914000,11.471
2026/04/29 15:44:11,915000,11.465
2026/04/29 15:44:11,916000,11.468
2026/04/29 15:44:11,917000,11.465
2026/04/29 15:44:11,918000,11.471
2026/04/29 15:44:11,919000,11.473
2026/04/29 15:44:11,920000,11.468
2026/04/29 15:44:11,921000,11.468
2026/04/29 15:44:11,922000,11.471
2026/04/29 15:44:11,923000,11.465
2026/04/29 15:44:11,924000,11.459
2026/04/29 15:44:11,925000,11.465
2026/04/29 15:44:11,926000,11.468
2026/04/29 15:44:11,927000,11.468
2026/04/29 15:44:11,928000,11.468
2026/04/29 15:44:11,929000,11.462
2026/04/29 15:44:11,930000,11.468
2026/04/29 15:44:11,931000,11.465
2026/04/29 15:44:11,932000,11.476
2026/04/29 15:44:11,933000,11.468
2026/04/29 15:44:11,934000,11.471
2026/04/29 15:44:11,935000,11.462
2026/04/29 15:44:11,936000,11.465
2026/04/29 15:44:11,937000,11.468
2026/04/29 15:44:11,938000,11.468
2026/04/29 15:44:11,939000,11.462
2026/04/29 15:44:11,940000,11.471
2026/04/29 15:44:11,941000,11.465
2026/04/29 15:44:11,942000,11.471
2026/04/29 15:44:11,943000,11.465
2026/04/29 15:44:11,944000,11.473
2026/04/29 15:44:11,945000,11.471
2026/04/29 15:44:11,946000,11.471
2026/04/29 15:44:11,947000,11.468
2026/04/29 15:44:11,948000,11.465
2026/04/29 15:44:11,949000,11.465
2026/04/29 15:44:11,950000,11.465
2026/04/29 15:44:11,951000,11.465
2026/04/29 15:44:11,952000,11.465
2026/04/29 15:44:11,953000,11.471
2026/04/29 15:44:11,954000,11.471
2026/04/29 15:44:11,955000,11.471
2026/04/29 15:44:11,956000,11.471
2026/04/29 15:44:11,957000,11.465
2026/04/29 15:44:11,958000,11.471
2026/04/29 15:44:11,959000,11.462
2026/04/29 15:44:11,960000,11.468
2026/04/29 15:44:11,961000,11.471
2026/04/29 15:44:11,962000,11.468
2026/04/29 15:44:11,963000,11.468
2026/04/29 15:44:11,964000,11.468
2026/04/29 15:44:11,965000,11.471
2026/04/29 15:44:11,966000,11.471
2026/04/29 15:44:11,967000,11.468
2026/04/29 15:44:11,968000,11.468
2026/04/29 15:44:11,969000,11.471
2026/04/29 15:44:11,970000,11.468
2026/04/29 15:44:11,971000,11.468
2026/04/29 15:44:11,972000,11.468
2026/04/29 15:44:11,973000,11.476
2026/04/29 15:44:11,974000,11.471
2026/04/29 15:44:11,975000,11.468
2026/04/29 15:44:11,976000,11.471
2026/04/29 15:44:11,977000,11.465
2026/04/29 15:44:11,978000,11.465
2026/04/29 15:44:11,979000,11.471
2026/04/29 15:44:11,980000,11.468
2026/04/29 15:44:11,981000,11.471
2026/04/29 15:44:11,982000,11.471
2026/04/29 15:44:11,983000,11.471
2026/04/29 15:44:11,984000,11.471
2026/04/29 15:44:11,985000,11.468
2026/04/29 15:44:11,986000,11.471
2026/04/29 15:44:11,987000,11.468
2026/04/29 15:44:11,988000,11.459
2026/04/29 15:44:11,989000,11.468
2026/04/29 15:44:11,990000,11.471
2026/04/29 15:44:11,991000,11.465
2026/04/29 15:44:11,992000,11.465
2026/04/29 15:44:11,993000,11.465
2026/04/29 15:44:11,994000,11.465
2026/04/29 15:44:11,995000,11.468
2026/04/29 15:44:11,996000,11.471
2026/04/29 15:44:11,997000,11.471
2026/04/29 15:44:11,998000,11.468
2026/04/29 15:44:11,999000,11.465
2026/04/29 15:44:12,000000,11.471
2026/04/29 15:44:12,001000,11.465
2026/04/29 15:44:12,002000,11.471
2026/04/29 15:44:12,003000,11.468
2026/04/29 15:44:12,004000,11.468
2026/04/29 15:44:12,005000,11.468
2026/04/29 15:44:12,006000,11.471
2026/04/29 15:44:12,007000,11.465
2026/04/29 15:44:12,008000,11.471
2026/04/29 15:44:12,009000,11.468
2026/04/29 15:44:12,010000,11.465
2026/04/29 15:44:12,011000,11.468
2026/04/29 15:44:12,012000,11.468
2026/04/29 15:44:12,013000,11.476
2026/04/29 15:44:12,014000,11.468
2026/04/29 15:44:12,015000,11.471
2026/04/29 15:44:12,016000,11.471
2026/04/29 15:44:12,017000,11.473
2026/04/29 15:44:12,018000,11.468
2026/04/29 15:44:12,019000,11.462
2026/04/29 15:44:12,020000,11.465
2026/04/29 15:44:12,021000,11.465
2026/04/29 15:44:12,022000,11.465
2026/04/29 15:44:12,023000,11.471
2026/04/29 15:44:12,024000,11.471
2026/04/29 15:44:12,025000,11.468
2026/04/29 15:44:12,026000,11.468
2026/04/29 15:44:12,027000,11.465
2026/04/29 15:44:12,028000,11.471
2026/04/29 15:44:12,029000,11.468
2026/04/29 15:44:12,030000,11.468
2026/04/29 15:44:12,031000,11.468
2026/04/29 15:44:12,032000,11.468
2026/04/29 15:44:12,033000,11.479
2026/04/29 15:44:12,034000,11.468
2026/04/29 15:44:12,035000,11.471
2026/04/29 15:44:12,036000,11.465
2026/04/29 15:44:12,037000,11.476
2026/04/29 15:44:12,038000,11.471
2026/04/29 15:44:12,039000,11.468
2026/04/29 15:44:12,040000,11.471
2026/04/29 15:44:12,041000,11.468
2026/04/29 15:44:12,042000,11.468
2026/04/29 15:44:12,043000,11.471
2026/04/29 15:44:12,044000,11.471
2026/04/29 15:44:12,045000,11.471
2026/04/29 15:44:12,046000,11.471
2026/04/29 15:44:12,047000,11.471
2026/04/29 15:44:12,048000,11.471
2026/04/29 15:44:12,049000,11.468
2026/04/29 15:44:12,050000,11.468
2026/04/29 15:44:12,051000,11.471
2026/04/29 15:44:12,052000,11.471
2026/04/29 15:44:12,053000,11.468
2026/04/29 15:44:12,054000,11.471
2026/04/29 15:44:12,055000,11.465
2026/04/29 15:44:12,056000,11.459
2026/04/29 15:44:12,057000,11.468
2026/04/29 15:44:12,058000,11.468
2026/04/29 15:44:12,059000,11.468
2026/04/29 15:44:12,060000,11.468
2026/04/29 15:44:12,061000,11.471
2026/04/29 15:44:12,062000,11.468
2026/04/29 15:44:12,063000,11.471
2026/04/29 15:44:12,064000,11.471
2026/04/29 15:44:12,065000,11.471
2026/04/29 15:44:12,066000,11.471
2026/04/29 15:44:12,067000,11.471
2026/04/29 15:44:12,068000,11.471
2026/04/29 15:44:12,069000,11.465
2026/04/29 15:44:12,070000,11.465
2026/04/29 15:44:12,071000,11.468
2026/04/29 15:44:12,072000,11.471
2026/04/29 15:44:12,073000,11.468
2026/04/29 15:44:12,074000,11.465
2026/04/29 15:44:12,075000,11.468
2026/04/29 15:44:12,076000,11.471
2026/04/29 15:44:12,077000,11.471
2026/04/29 15:44:12,078000,11.468
2026/04/29 15:44:12,079000,11.471
2026/04/29 15:44:12,080000,11.468
2026/04/29 15:44:12,081000,11.471
2026/04/29 15:44:12,082000,11.459
2026/04/29 15:44:12,083000,11.468
2026/04/29 15:44:12,084000,11.471
2026/04/29 15:44:12,085000,11.468
2026/04/29 15:44:12,086000,11.468
2026/04/29 15:44:12,087000,11.465
2026/04/29 15:44:12,088000,11.465
2026/04/29 15:44:12,089000,11.473
2026/04/29 15:44:12,090000,11.468
2026/04/29 15:44:12,091000,11.471
2026/04/29 15:44:12,092000,11.471
2026/04/29 15:44:12,093000,11.465
2026/04/29 15:44:12,094000,11.468
2026/04/29 15:44:12,095000,11.471
2026/04/29 15:44:12,096000,11.468
2026/04/29 15:44:12,097000,11.471
2026/04/29 15:44:12,098000,11.465
2026/04/29 15:44:12,099000,11.471
2026/04/29 15:44:12,100000,11.471
2026/04/29 15:44:12,101000,11.465
2026/04/29 15:44:12,102000,11.465
2026/04/29 15:44:12,103000,11.473
2026/04/29 15:44:12,104000,11.471
2026/04/29 15:44:12,105000,11.465
2026/04/29 15:44:12,106000,11.471
2026/04/29 15:44:12,107000,11.471
2026/04/29 15:44:12,108000,11.468
2026/04/29 15:44:12,109000,11.471
2026/04/29 15:44:12,110000,11.471
2026/04/29 15:44:12,111000,11.468
2026/04/29 15:44:12,112000,11.471
2026/04/29 15:44:12,113000,11.471
2026/04/29 15:44:12,114000,11.471
2026/04/29 15:44:12,115000,11.468
2026/04/29 15:44:12,116000,11.468
2026/04/29 15:44:12,117000,11.468
2026/04/29 15:44:12,118000,11.468
2026/04/29 15:44:12,119000,11.471
2026/04/29 15:44:12,120000,11.468
2026/04/29 15:44:12,121000,11.468
2026/04/29 15:44:12,122000,11.468
2026/04/29 15:44:12,123000,11.465
2026/04/29 15:44:12,124000,11.465
2026/04/29 15:44:12,125000,11.471
2026/04/29 15:44:12,126000,11.471
2026/04/29 15:44:12,127000,11.471
2026/04/29 15:44:12,128000,11.471
2026/04/29 15:44:12,129000,11.468
2026/04/29 15:44:12,130000,11.468
2026/04/29 15:44:12,131000,11.471
2026/04/29 15:44:12,132000,11.462
2026/04/29 15:44:12,133000,11.465
2026/04/29 15:44:12,134000,11.465
2026/04/29 15:44:12,135000,11.468
2026/04/29 15:44:12,136000,11.465
2026/04/29 15:44:12,137000,11.471
2026/04/29 15:44:12,138000,11.468
2026/04/29 15:44:12,139000,11.465
2026/04/29 15:44:12,140000,11.473
2026/04/29 15:44:12,141000,11.476
2026/04/29 15:44:12,142000,11.471
2026/04/29 15:44:12,143000,11.468
2026/04/29 15:44:12,144000,11.465
2026/04/29 15:44:12,145000,11.468
2026/04/29 15:44:12,146000,11.471
2026/04/29 15:44:12,147000,11.465
2026/04/29 15:44:12,148000,11.473
2026/04/29 15:44:12,149000,11.471
2026/04/29 15:44:12,150000,11.468
2026/04/29 15:44:12,151000,11.468
2026/04/29 15:44:12,152000,11.465
2026/04/29 15:44:12,153000,11.465
2026/04/29 15:44:12,154000,11.468
2026/04/29 15:44:12,155000,11.468
2026/04/29 15:44:12,156000,11.468
2026/04/29 15:44:12,157000,11.468
2026/04/29 15:44:12,158000,11.476
2026/04/29 15:44:12,159000,11.465
2026/04/29 15:44:12,160000,11.471
2026/04/29 15:44:12,161000,11.468
2026/04/29 15:44:12,162000,11.468
2026/04/29 15:44:12,163000,11.465
2026/04/29 15:44:12,164000,11.471
2026/04/29 15:44:12,165000,11.476
2026/04/29 15:44:12,166000,11.468
2026/04/29 15:44:12,167000,11.468
2026/04/29 15:44:12,168000,11.471
2026/04/29 15:44:12,169000,11.465
2026/04/29 15:44:12,170000,11.473
2026/04/29 15:44:12,171000,11.471
2026/04/29 15:44:12,172000,11.468
2026/04/29 15:44:12,173000,11.471
2026/04/29 15:44:12,174000,11.468
2026/04/29 15:44:12,175000,11.468
2026/04/29 15:44:12,176000,11.468
2026/04/29 15:44:12,177000,11.471
2026/04/29 15:44:12,178000,11.471
2026/04/29 15:44:12,179000,11.465
2026/04/29 15:44:12,180000,11.468
2026/04/29 15:44:12,181000,11.471
2026/04/29 15:44:12,182000,11.471
2026/04/29 15:44:12,183000,11.459
2026/04/29 15:44:12,184000,11.468
2026/04/29 15:44:12,185000,11.465
2026/04/29 15:44:12,186000,11.471
2026/04/29 15:44:12,187000,11.468
2026/04/29 15:44:12,188000,11.468
2026/04/29 15:44:12,189000,11.471
2026/04/29 15:44:12,190000,11.471
2026/04/29 15:44:12,191000,11.471
2026/04/29 15:44:12,192000,11.473
2026/04/29 15:44:12,193000,11.473
2026/04/29 15:44:12,194000,11.471
2026/04/29 15:44:12,195000,11.468
2026/04/29 15:44:12,196000,11.468
2026/04/29 15:44:12,197000,11.471
2026/04/29 15:44:12,198000,11.468
2026/04/29 15:44:12,199000,11.465
2026/04/29 15:44:12,200000,11.471
2026/04/29 15:44:12,201000,11.471
2026/04/29 15:44:12,202000,11.471
2026/04/29 15:44:12,203000,11.468
2026/04/29 15:44:12,204000,11.465
2026/04/29 15:44:12,205000,11.459
2026/04/29 15:44:12,206000,11.468
2026/04/29 15:44:12,207000,11.468
2026/04/29 15:44:12,208000,11.468
2026/04/29 15:44:12,209000,11.471
2026/04/29 15:44:12,210000,11.468
2026/04/29 15:44:12,211000,11.462
2026/04/29 15:44:12,212000,11.471
2026/04/29 15:44:12,213000,11.468
2026/04/29 15:44:12,214000,11.471
2026/04/29 15:44:12,215000,11.476
2026/04/29 15:44:12,216000,11.468
2026/04/29 15:44:12,217000,11.468
2026/04/29 15:44:12,218000,11.471
2026/04/29 15:44:12,219000,11.465
2026/04/29 15:44:12,220000,11.471
2026/04/29 15:44:12,221000,11.462
2026/04/29 15:44:12,222000,11.471
2026/04/29 15:44:12,223000,11.471
2026/04/29 15:44:12,224000,11.471
2026/04/29 15:44:12,225000,11.471
2026/04/29 15:44:12,226000,11.462
2026/04/29 15:44:12,227000,11.471
2026/04/29 15:44:12,228000,11.465
2026/04/29 15:44:12,229000,11.468
2026/04/29 15:44:12,230000,11.462
2026/04/29 15:44:12,231000,11.471
2026/04/29 15:44:12,232000,11.468
2026/04/29 15:44:12,233000,11.471
2026/04/29 15:44:12,234000,11.471
2026/04/29 15:44:12,235000,11.462
2026/04/29 15:44:12,236000,11.473
2026/04/29 15:44:12,237000,11.462
2026/04/29 15:44:12,238000,11.471
2026/04/29 15:44:12,239000,11.471
2026/04/29 15:44:12,240000,11.468
2026/04/29 15:44:12,241000,11.465
2026/04/29 15:44:12,242000,11.473
2026/04/29 15:44:12,243000,11.471
2026/04/29 15:44:12,244000,11.471
2026/04/29 15:44:12,245000,11.457
2026/04/29 15:44:12,246000,11.468
2026/04/29 15:44:12,247000,11.476
2026/04/29 15:44:12,248000,11.473
2026/04/29 15:44:12,249000,11.468
2026/04/29 15:44:12,250000,11.465
2026/04/29 15:44:12,251000,11.468
2026/04/29 15:44:12,252000,11.471
2026/04/29 15:44:12,253000,11.471
2026/04/29 15:44:12,254000,11.471
2026/04/29 15:44:12,255000,11.471
2026/04/29 15:44:12,256000,11.465
2026/04/29 15:44:12,257000,11.468
2026/04/29 15:44:12,258000,11.471
2026/04/29 15:44:12,259000,11.465
2026/04/29 15:44:12,260000,11.468
2026/04/29 15:44:12,261000,11.471
2026/04/29 15:44:12,262000,11.476
2026/04/29 15:44:12,263000,11.468
2026/04/29 15:44:12,264000,11.465
2026/04/29 15:44:12,265000,11.471
2026/04/29 15:44:12,266000,11.471
2026/04/29 15:44:12,267000,11.471
2026/04/29 15:44:12,268000,11.471
2026/04/29 15:44:12,269000,11.459
2026/04/29 15:44:12,270000,11.465
2026/04/29 15:44:12,271000,11.468
2026/04/29 15:44:12,272000,11.468
2026/04/29 15:44:12,273000,11.471
2026/04/29 15:44:12,274000,11.468
2026/04/29 15:44:12,275000,11.462
2026/04/29 15:44:12,276000,11.476
2026/04/29 15:44:12,277000,11.465
2026/04/29 15:44:12,278000,11.468
2026/04/29 15:44:12,279000,11.471
2026/04/29 15:44:12,280000,11.465
2026/04/29 15:44:12,281000,11.473
2026/04/29 15:44:12,282000,11.471
2026/04/29 15:44:12,283000,11.462
2026/04/29 15:44:12,284000,11.462
2026/04/29 15:44:12,285000,11.471
2026/04/29 15:44:12,286000,11.465
2026/04/29 15:44:12,287000,11.471
2026/04/29 15:44:12,288000,11.473
2026/04/29 15:44:12,289000,11.465
2026/04/29 15:44:12,290000,11.471
2026/04/29 15:44:12,291000,11.471
2026/04/29 15:44:12,292000,11.471
2026/04/29 15:44:12,293000,11.479
2026/04/29 15:44:12,294000,11.471
2026/04/29 15:44:12,295000,11.471
2026/04/29 15:44:12,296000,11.473
2026/04/29 15:44:12,297000,11.468
2026/04/29 15:44:12,298000,11.465
2026/04/29 15:44:12,299000,11.468
2026/04/29 15:44:12,300000,11.471
2026/04/29 15:44:12,301000,11.473
2026/04/29 15:44:12,302000,11.462
2026/04/29 15:44:12,303000,11.471
2026/04/29 15:44:12,304000,11.471
2026/04/29 15:44:12,305000,11.468
2026/04/29 15:44:12,306000,11.465
2026/04/29 15:44:12,307000,11.471
2026/04/29 15:44:12,308000,11.465
2026/04/29 15:44:12,309000,11.471
2026/04/29 15:44:12,310000,11.468
2026/04/29 15:44:12,311000,11.468
2026/04/29 15:44:12,312000,11.471
2026/04/29 15:44:12,313000,11.465
2026/04/29 15:44:12,314000,11.459
2026/04/29 15:44:12,315000,11.468
2026/04/29 15:44:12,316000,11.471
2026/04/29 15:44:12,317000,11.471
2026/04/29 15:44:12,318000,11.468
2026/04/29 15:44:12,319000,11.468
2026/04/29 15:44:12,320000,11.468
2026/04/29 15:44:12,321000,11.473
2026/04/29 15:44:12,322000,11.471
2026/04/29 15:44:12,323000,11.468
2026/04/29 15:44:12,324000,11.468
2026/04/29 15:44:12,325000,11.471
2026/04/29 15:44:12,326000,11.471
2026/04/29 15:44:12,327000,11.471
2026/04/29 15:44:12,328000,11.468
2026/04/29 15:44:12,329000,11.473
2026/04/29 15:44:12,330000,11.471
2026/04/29 15:44:12,331000,11.471
2026/04/29 15:44:12,332000,11.476
2026/04/29 15:44:12,333000,11.468
2026/04/29 15:44:12,334000,11.471
2026/04/29 15:44:12,335000,11.471
2026/04/29 15:44:12,336000,11.471
2026/04/29 15:44:12,337000,11.471
2026/04/29 15:44:12,338000,11.471
2026/04/29 15:44:12,339000,11.468
2026/04/29 15:44:12,340000,11.465
2026/04/29 15:44:12,341000,11.471
2026/04/29 15:44:12,342000,11.471
2026/04/29 15:44:12,343000,11.479
2026/04/29 15:44:12,344000,11.471
2026/04/29 15:44:12,345000,11.471
2026/04/29 15:44:12,346000,11.476
2026/04/29 15:44:12,347000,11.468
2026/04/29 15:44:12,348000,11.468
2026/04/29 15:44:12,349000,11.468
2026/04/29 15:44:12,350000,11.465
2026/04/29 15:44:12,351000,11.465
2026/04/29 15:44:12,352000,11.465
2026/04/29 15:44:12,353000,11.471
2026/04/29 15:44:12,354000,11.468
2026/04/29 15:44:12,355000,11.468
2026/04/29 15:44:12,356000,11.471
2026/04/29 15:44:12,357000,11.465
2026/04/29 15:44:12,358000,11.471
2026/04/29 15:44:12,359000,11.473
2026/04/29 15:44:12,360000,11.471
2026/04/29 15:44:12,361000,11.471
2026/04/29 15:44:12,362000,11.468
2026/04/29 15:44:12,363000,11.471
2026/04/29 15:44:12,364000,11.468
2026/04/29 15:44:12,365000,11.471
2026/04/29 15:44:12,366000,11.471
2026/04/29 15:44:12,367000,11.471
2026/04/29 15:44:12,368000,11.471
2026/04/29 15:44:12,369000,11.471
2026/04/29 15:44:12,370000,11.459
2026/04/29 15:44:12,371000,11.468
2026/04/29 15:44:12,372000,11.468
2026/04/29 15:44:12,373000,11.473
2026/04/29 15:44:12,374000,11.471
2026/04/29 15:44:12,375000,11.465
2026/04/29 15:44:12,376000,11.471
2026/04/29 15:44:12,377000,11.471
2026/04/29 15:44:12,378000,11.468
2026/04/29 15:44:12,379000,11.471
2026/04/29 15:44:12,380000,11.465
2026/04/29 15:44:12,381000,11.468
2026/04/29 15:44:12,382000,11.468
2026/04/29 15:44:12,383000,11.465
2026/04/29 15:44:12,384000,11.468
2026/04/29 15:44:12,385000,11.471
2026/04/29 15:44:12,386000,11.465
2026/04/29 15:44:12,387000,11.471
2026/04/29 15:44:12,388000,11.471
2026/04/29 15:44:12,389000,11.471
2026/04/29 15:44:12,390000,11.471
2026/04/29 15:44:12,391000,11.465
2026/04/29 15:44:12,392000,11.471
2026/04/29 15:44:12,393000,11.468
2026/04/29 15:44:12,394000,11.471
2026/04/29 15:44:12,395000,11.471
2026/04/29 15:44:12,396000,11.471
2026/04/29 15:44:12,397000,11.471
2026/04/29 15:44:12,398000,11.462
2026/04/29 15:44:12,399000,11.479
2026/04/29 15:44:12,400000,11.471
2026/04/29 15:44:12,401000,11.471
2026/04/29 15:44:12,402000,11.471
2026/04/29 15:44:12,403000,11.468
2026/04/29 15:44:12,404000,11.471
2026/04/29 15:44:12,405000,11.471
2026/04/29 15:44:12,406000,11.465
2026/04/29 15:44:12,407000,11.465
2026/04/29 15:44:12,408000,11.468
2026/04/29 15:44:12,409000,11.476
2026/04/29 15:44:12,410000,11.462
2026/04/29 15:44:12,411000,11.465
2026/04/29 15:44:12,412000,11.462
2026/04/29 15:44:12,413000,11.471
2026/04/29 15:44:12,414000,11.471
2026/04/29 15:44:12,415000,11.471
2026/04/29 15:44:12,416000,11.462
2026/04/29 15:44:12,417000,11.471
2026/04/29 15:44:12,418000,11.471
2026/04/29 15:44:12,419000,11.471
2026/04/29 15:44:12,420000,11.468
2026/04/29 15:44:12,421000,11.471
2026/04/29 15:44:12,422000,11.471
2026/04/29 15:44:12,423000,11.465
2026/04/29 15:44:12,424000,11.465
2026/04/29 15:44:12,425000,11.471
2026/04/29 15:44:12,426000,11.471
2026/04/29 15:44:12,427000,11.471
2026/04/29 15:44:12,428000,11.468
2026/04/29 15:44:12,429000,11.471
2026/04/29 15:44:12,430000,11.468
2026/04/29 15:44:12,431000,11.471
2026/04/29 15:44:12,432000,11.465
2026/04/29 15:44:12,433000,11.471
2026/04/29 15:44:12,434000,11.468
2026/04/29 15:44:12,435000,11.468
2026/04/29 15:44:12,436000,11.471
2026/04/29 15:44:12,437000,11.468
2026/04/29 15:44:12,438000,11.471
2026/04/29 15:44:12,439000,11.471
2026/04/29 15:44:12,440000,11.476
2026/04/29 15:44:12,441000,11.468
2026/04/29 15:44:12,442000,11.468
2026/04/29 15:44:12,443000,11.468
2026/04/29 15:44:12,444000,11.468
2026/04/29 15:44:12,445000,11.471
2026/04/29 15:44:12,446000,11.468
2026/04/29 15:44:12,447000,11.465
2026/04/29 15:44:12,448000,11.471
2026/04/29 15:44:12,449000,11.471
2026/04/29 15:44:12,450000,11.468
2026/04/29 15:44:12,451000,11.476
2026/04/29 15:44:12,452000,11.468
2026/04/29 15:44:12,453000,11.471
2026/04/29 15:44:12,454000,11.471
2026/04/29 15:44:12,455000,11.468
2026/04/29 15:44:12,456000,11.471
2026/04/29 15:44:12,457000,11.468
2026/04/29 15:44:12,458000,11.471
2026/04/29 15:44:12,459000,11.471
2026/04/29 15:44:12,460000,11.473
2026/04/29 15:44:12,461000,11.471
2026/04/29 15:44:12,462000,11.468
2026/04/29 15:44:12,463000,11.471
2026/04/29 15:44:12,464000,11.465
2026/04/29 15:44:12,465000,11.471
2026/04/29 15:44:12,466000,11.465
2026/04/29 15:44:12,467000,11.476
2026/04/29 15:44:12,468000,11.471
2026/04/29 15:44:12,469000,11.468
2026/04/29 15:44:12,470000,11.471
2026/04/29 15:44:12,471000,11.468
2026/04/29 15:44:12,472000,11.468
2026/04/29 15:44:12,473000,11.471
2026/04/29 15:44:12,474000,11.465
2026/04/29 15:44:12,475000,11.462
2026/04/29 15:44:12,476000,11.465
2026/04/29 15:44:12,477000,11.473
2026/04/29 15:44:12,478000,11.465
2026/04/29 15:44:12,479000,11.462
2026/04/29 15:44:12,480000,11.465
2026/04/29 15:44:12,481000,11.471
2026/04/29 15:44:12,482000,11.471
2026/04/29 15:44:12,483000,11.471
2026/04/29 15:44:12,484000,11.468
2026/04/29 15:44:12,485000,11.471
2026/04/29 15:44:12,486000,11.471
2026/04/29 15:44:12,487000,11.465
2026/04/29 15:44:12,488000,11.471
2026/04/29 15:44:12,489000,11.468
2026/04/29 15:44:12,490000,11.465
2026/04/29 15:44:12,491000,11.471
2026/04/29 15:44:12,492000,11.465
2026/04/29 15:44:12,493000,11.471
2026/04/29 15:44:12,494000,11.471
2026/04/29 15:44:12,495000,11.468
2026/04/29 15:44:12,496000,11.471
2026/04/29 15:44:12,497000,11.462
2026/04/29 15:44:12,498000,11.468
2026/04/29 15:44:12,499000,11.471
2026/04/29 15:44:12,500000,11.471
2026/04/29 15:44:12,501000,11.468
2026/04/29 15:44:12,502000,11.468
2026/04/29 15:44:12,503000,11.468
2026/04/29 15:44:12,504000,11.471
2026/04/29 15:44:12,505000,11.471
2026/04/29 15:44:12,506000,11.471
2026/04/29 15:44:12,507000,11.465
2026/04/29 15:44:12,508000,11.471
2026/04/29 15:44:12,509000,11.465
2026/04/29 15:44:12,510000,11.468
2026/04/29 15:44:12,511000,11.465
2026/04/29 15:44:12,512000,11.471
2026/04/29 15:44:12,513000,11.471
2026/04/29 15:44:12,514000,11.465
2026/04/29 15:44:12,515000,11.471
2026/04/29 15:44:12,516000,11.471
2026/04/29 15:44:12,517000,11.473
2026/04/29 15:44:12,518000,11.465
2026/04/29 15:44:12,519000,11.471
2026/04/29 15:44:12,520000,11.471
2026/04/29 15:44:12,521000,11.468
2026/04/29 15:44:12,522000,11.468
2026/04/29 15:44:12,523000,11.471
2026/04/29 15:44:12,524000,11.479
2026/04/29 15:44:12,525000,11.471
2026/04/29 15:44:12,526000,11.468
2026/04/29 15:44:12,527000,11.471
2026/04/29 15:44:12,528000,11.479
2026/04/29 15:44:12,529000,11.471
2026/04/29 15:44:12,530000,11.471
2026/04/29 15:44:12,531000,11.462
2026/04/29 15:44:12,532000,11.471
2026/04/29 15:44:12,533000,11.471
2026/04/29 15:44:12,534000,11.471
2026/04/29 15:44:12,535000,11.471
2026/04/29 15:44:12,536000,11.471
2026/04/29 15:44:12,537000,11.476
2026/04/29 15:44:12,538000,11.471
2026/04/29 15:44:12,539000,11.468
2026/04/29 15:44:12,540000,11.465
2026/04/29 15:44:12,541000,11.468
2026/04/29 15:44:12,542000,11.468
2026/04/29 15:44:12,543000,11.471
2026/04/29 15:44:12,544000,11.462
2026/04/29 15:44:12,545000,11.471
2026/04/29 15:44:12,546000,11.468
2026/04/29 15:44:12,547000,11.468
2026/04/29 15:44:12,548000,11.468
2026/04/29 15:44:12,549000,11.468
2026/04/29 15:44:12,550000,11.471
2026/04/29 15:44:12,551000,11.468
2026/04/29 15:44:12,552000,11.471
2026/04/29 15:44:12,553000,11.471
2026/04/29 15:44:12,554000,11.471
2026/04/29 15:44:12,555000,11.471
2026/04/29 15:44:12,556000,11.471
2026/04/29 15:44:12,557000,11.468
2026/04/29 15:44:12,558000,11.468
2026/04/29 15:44:12,559000,11.471
2026/04/29 15:44:12,560000,11.471
2026/04/29 15:44:12,561000,11.471
2026/04/29 15:44:12,562000,11.468
2026/04/29 15:44:12,563000,11.465
2026/04/29 15:44:12,564000,11.468
2026/04/29 15:44:12,565000,11.471
2026/04/29 15:44:12,566000,11.471
2026/04/29 15:44:12,567000,11.471
2026/04/29 15:44:12,568000,11.471
2026/04/29 15:44:12,569000,11.465
2026/04/29 15:44:12,570000,11.471
2026/04/29 15:44:12,571000,11.471
2026/04/29 15:44:12,572000,11.468
2026/04/29 15:44:12,573000,11.468
2026/04/29 15:44:12,574000,11.476
2026/04/29 15:44:12,575000,11.471
2026/04/29 15:44:12,576000,11.465
2026/04/29 15:44:12,577000,11.471
2026/04/29 15:44:12,578000,11.471
2026/04/29 15:44:12,579000,11.468
2026/04/29 15:44:12,580000,11.471
2026/04/29 15:44:12,581000,11.471
2026/04/29 15:44:12,582000,11.471
2026/04/29 15:44:12,583000,11.468
2026/04/29 15:44:12,584000,11.471
2026/04/29 15:44:12,585000,11.476
2026/04/29 15:44:12,586000,11.465
2026/04/29 15:44:12,587000,11.468
2026/04/29 15:44:12,588000,11.468
2026/04/29 15:44:12,589000,11.459
2026/04/29 15:44:12,590000,11.471
2026/04/29 15:44:12,591000,11.468
2026/04/29 15:44:12,592000,11.468
2026/04/29 15:44:12,593000,11.471
2026/04/29 15:44:12,594000,11.462
2026/04/29 15:44:12,595000,11.471
2026/04/29 15:44:12,596000,11.471
2026/04/29 15:44:12,597000,11.468
2026/04/29 15:44:12,598000,11.471
2026/04/29 15:44:12,599000,11.471
2026/04/29 15:44:12,600000,11.468
2026/04/29 15:44:12,601000,11.471
2026/04/29 15:44:12,602000,11.471
2026/04/29 15:44:12,603000,11.465
2026/04/29 15:44:12,604000,11.471
2026/04/29 15:44:12,605000,11.465
2026/04/29 15:44:12,606000,11.471
2026/04/29 15:44:12,607000,11.471
2026/04/29 15:44:12,608000,11.471
2026/04/29 15:44:12,609000,11.471
2026/04/29 15:44:12,610000,11.471
2026/04/29 15:44:12,611000,11.468
2026/04/29 15:44:12,612000,11.471
2026/04/29 15:44:12,613000,11.465
2026/04/29 15:44:12,614000,11.471
2026/04/29 15:44:12,615000,11.465
2026/04/29 15:44:12,616000,11.468
2026/04/29 15:44:12,617000,11.468
2026/04/29 15:44:12,618000,11.468
2026/04/29 15:44:12,619000,11.471
2026/04/29 15:44:12,620000,11.471
2026/04/29 15:44:12,621000,11.465
2026/04/29 15:44:12,622000,11.465
2026/04/29 15:44:12,623000,11.471
2026/04/29 15:44:12,624000,11.473
2026/04/29 15:44:12,625000,11.471
2026/04/29 15:44:12,626000,11.471
2026/04/29 15:44:12,627000,11.468
2026/04/29 15:44:12,628000,11.471
2026/04/29 15:44:12,629000,11.468
2026/04/29 15:44:12,630000,11.465
2026/04/29 15:44:12,631000,11.468
2026/04/29 15:44:12,632000,11.468
2026/04/29 15:44:12,633000,11.468
2026/04/29 15:44:12,634000,11.471
2026/04/29 15:44:12,635000,11.468
2026/04/29 15:44:12,636000,11.465
2026/04/29 15:44:12,637000,11.468
2026/04/29 15:44:12,638000,11.471
2026/04/29 15:44:12,639000,11.471
2026/04/29 15:44:12,640000,11.471
2026/04/29 15:44:12,641000,11.468
2026/04/29 15:44:12,642000,11.468
2026/04/29 15:44:12,643000,11.471
2026/04/29 15:44:12,644000,11.468
2026/04/29 15:44:12,645000,11.468
2026/04/29 15:44:12,646000,11.468
2026/04/29 15:44:12,647000,11.471
2026/04/29 15:44:12,648000,11.468
2026/04/29 15:44:12,649000,11.468
2026/04/29 15:44:12,650000,11.471
2026/04/29 15:44:12,651000,11.462
2026/04/29 15:44:12,652000,11.471
2026/04/29 15:44:12,653000,11.471
2026/04/29 15:44:12,654000,11.468
2026/04/29 15:44:12,655000,11.468
2026/04/29 15:44:12,656000,11.471
2026/04/29 15:44:12,657000,11.471
2026/04/29 15:44:12,658000,11.468
2026/04/29 15:44:12,659000,11.471
2026/04/29 15:44:12,660000,11.476
2026/04/29 15:44:12,661000,11.468
2026/04/29 15:44:12,662000,11.471
2026/04/29 15:44:12,663000,11.465
2026/04/29 15:44:12,664000,11.471
2026/04/29 15:44:12,665000,11.471
2026/04/29 15:44:12,666000,11.468
2026/04/29 15:44:12,667000,11.468
2026/04/29 15:44:12,668000,11.462
2026/04/29 15:44:12,669000,11.471
2026/04/29 15:44:12,670000,11.468
2026/04/29 15:44:12,671000,11.468
2026/04/29 15:44:12,672000,11.471
2026/04/29 15:44:12,673000,11.471
2026/04/29 15:44:12,674000,11.473
2026/04/29 15:44:12,675000,11.468
2026/04/29 15:44:12,676000,11.476
2026/04/29 15:44:12,677000,11.471
2026/04/29 15:44:12,678000,11.468
2026/04/29 15:44:12,679000,11.465
2026/04/29 15:44:12,680000,11.471
2026/04/29 15:44:12,681000,11.471
2026/04/29 15:44:12,682000,11.468
2026/04/29 15:44:12,683000,11.471
2026/04/29 15:44:12,684000,11.471
2026/04/29 15:44:12,685000,11.471
2026/04/29 15:44:12,686000,11.471
2026/04/29 15:44:12,687000,11.471
2026/04/29 15:44:12,688000,11.471
2026/04/29 15:44:12,689000,11.468
2026/04/29 15:44:12,690000,11.471
2026/04/29 15:44:12,691000,11.471
2026/04/29 15:44:12,692000,11.465
2026/04/29 15:44:12,693000,11.468
2026/04/29 15:44:12,694000,11.473
2026/04/29 15:44:12,695000,11.471
2026/04/29 15:44:12,696000,11.471
2026/04/29 15:44:12,697000,11.465
2026/04/29 15:44:12,698000,11.471
2026/04/29 15:44:12,699000,11.465
2026/04/29 15:44:12,700000,11.471
2026/04/29 15:44:12,701000,11.471
2026/04/29 15:44:12,702000,11.465
2026/04/29 15:44:12,703000,11.468
2026/04/29 15:44:12,704000,11.471
2026/04/29 15:44:12,705000,11.468
2026/04/29 15:44:12,706000,11.468
2026/04/29 15:44:12,707000,11.471
2026/04/29 15:44:12,708000,11.465
2026/04/29 15:44:12,709000,11.468
2026/04/29 15:44:12,710000,11.479
2026/04/29 15:44:12,711000,11.468
2026/04/29 15:44:12,712000,11.468
2026/04/29 15:44:12,713000,11.465
2026/04/29 15:44:12,714000,11.479
2026/04/29 15:44:12,715000,11.459
2026/04/29 15:44:12,716000,11.476
2026/04/29 15:44:12,717000,11.462
2026/04/29 15:44:12,718000,11.465
2026/04/29 15:44:12,719000,11.471
2026/04/29 15:44:12,720000,11.471
2026/04/29 15:44:12,721000,11.471
2026/04/29 15:44:12,722000,11.471
2026/04/29 15:44:12,723000,11.471
2026/04/29 15:44:12,724000,11.468
2026/04/29 15:44:12,725000,11.471
2026/04/29 15:44:12,726000,11.471
2026/04/29 15:44:12,727000,11.471
2026/04/29 15:44:12,728000,11.459
2026/04/29 15:44:12,729000,11.471
2026/04/29 15:44:12,730000,11.473
2026/04/29 15:44:12,731000,11.468
2026/04/29 15:44:12,732000,11.468
2026/04/29 15:44:12,733000,11.468
2026/04/29 15:44:12,734000,11.468
2026/04/29 15:44:12,735000,11.471
2026/04/29 15:44:12,736000,11.471
2026/04/29 15:44:12,737000,11.471
2026/04/29 15:44:12,738000,11.465
2026/04/29 15:44:12,739000,11.468
2026/04/29 15:44:12,740000,11.471
2026/04/29 15:44:12,741000,11.465
2026/04/29 15:44:12,742000,11.471
2026/04/29 15:44:12,743000,11.465
2026/04/29 15:44:12,744000,11.479
2026/04/29 15:44:12,745000,11.462
2026/04/29 15:44:12,746000,11.468
2026/04/29 15:44:12,747000,11.471
2026/04/29 15:44:12,748000,11.471
2026/04/29 15:44:12,749000,11.465
2026/04/29 15:44:12,750000,11.468
2026/04/29 15:44:12,751000,11.468
2026/04/29 15:44:12,752000,11.471
2026/04/29 15:44:12,753000,11.471
2026/04/29 15:44:12,754000,11.471
2026/04/29 15:44:12,755000,11.468
2026/04/29 15:44:12,756000,11.471
2026/04/29 15:44:12,757000,11.471
2026/04/29 15:44:12,758000,11.468
2026/04/29 15:44:12,759000,11.471
2026/04/29 15:44:12,760000,11.471
2026/04/29 15:44:12,761000,11.468
2026/04/29 15:44:12,762000,11.471
2026/04/29 15:44:12,763000,11.468
2026/04/29 15:44:12,764000,11.476
2026/04/29 15:44:12,765000,11.468
2026/04/29 15:44:12,766000,11.471
2026/04/29 15:44:12,767000,11.468
2026/04/29 15:44:12,768000,11.471
2026/04/29 15:44:12,769000,11.468
2026/04/29 15:44:12,770000,11.471
2026/04/29 15:44:12,771000,11.473
2026/04/29 15:44:12,772000,11.473
2026/04/29 15:44:12,773000,11.468
2026/04/29 15:44:12,774000,11.468
2026/04/29 15:44:12,775000,11.471
2026/04/29 15:44:12,776000,11.471
2026/04/29 15:44:12,777000,11.468
2026/04/29 15:44:12,778000,11.473
2026/04/29 15:44:12,779000,11.468
2026/04/29 15:44:12,780000,11.473
2026/04/29 15:44:12,781000,11.471
2026/04/29 15:44:12,782000,11.465
2026/04/29 15:44:12,783000,11.471
2026/04/29 15:44:12,784000,11.471
2026/04/29 15:44:12,785000,11.462
2026/04/29 15:44:12,786000,11.471
2026/04/29 15:44:12,787000,11.473
2026/04/29 15:44:12,788000,11.471
2026/04/29 15:44:12,789000,11.465
2026/04/29 15:44:12,790000,11.468
2026/04/29 15:44:12,791000,11.471
2026/04/29 15:44:12,792000,11.471
2026/04/29 15:44:12,793000,11.471
2026/04/29 15:44:12,794000,11.471
2026/04/29 15:44:12,795000,11.465
2026/04/29 15:44:12,796000,11.465
2026/04/29 15:44:12,797000,11.471
2026/04/29 15:44:12,798000,11.465
2026/04/29 15:44:12,799000,11.471
2026/04/29 15:44:12,800000,11.471
2026/04/29 15:44:12,801000,11.471
2026/04/29 15:44:12,802000,11.468
2026/04/29 15:44:12,803000,11.468
2026/04/29 15:44:12,804000,11.471
2026/04/29 15:44:12,805000,11.471
2026/04/29 15:44:12,806000,11.465
2026/04/29 15:44:12,807000,11.473
2026/04/29 15:44:12,808000,11.471
2026/04/29 15:44:12,809000,11.471
2026/04/29 15:44:12,810000,11.468
2026/04/29 15:44:12,811000,11.468
2026/04/29 15:44:12,812000,11.471
2026/04/29 15:44:12,813000,11.471
2026/04/29 15:44:12,814000,11.471
2026/04/29 15:44:12,815000,11.471
2026/04/29 15:44:12,816000,11.476
2026/04/29 15:44:12,817000,11.471
2026/04/29 15:44:12,818000,11.465
2026/04/29 15:44:12,819000,11.476
2026/04/29 15:44:12,820000,11.465
2026/04/29 15:44:12,821000,11.471
2026/04/29 15:44:12,822000,11.471
2026/04/29 15:44:12,823000,11.468
2026/04/29 15:44:12,824000,11.471
2026/04/29 15:44:12,825000,11.476
2026/04/29 15:44:12,826000,11.468
2026/04/29 15:44:12,827000,11.468
2026/04/29 15:44:12,828000,11.471
2026/04/29 15:44:12,829000,11.465
2026/04/29 15:44:12,830000,11.468
2026/04/29 15:44:12,831000,11.465
2026/04/29 15:44:12,832000,11.471
2026/04/29 15:44:12,833000,11.471
2026/04/29 15:44:12,834000,11.471
2026/04/29 15:44:12,835000,11.465
2026/04/29 15:44:12,836000,11.471
2026/04/29 15:44:12,837000,11.471
2026/04/29 15:44:12,838000,11.471
2026/04/29 15:44:12,839000,11.468
2026/04/29 15:44:12,840000,11.471
2026/04/29 15:44:12,841000,11.471
2026/04/29 15:44:12,842000,11.471
2026/04/29 15:44:12,843000,11.473
2026/04/29 15:44:12,844000,11.471
2026/04/29 15:44:12,845000,11.471
2026/04/29 15:44:12,846000,11.468
2026/04/29 15:44:12,847000,11.471
2026/04/29 15:44:12,848000,11.471
2026/04/29 15:44:12,849000,11.471
2026/04/29 15:44:12,850000,11.471
2026/04/29 15:44:12,851000,11.471
2026/04/29 15:44:12,852000,11.471
2026/04/29 15:44:12,853000,11.468
2026/04/29 15:44:12,854000,11.465
2026/04/29 15:44:12,855000,11.465
2026/04/29 15:44:12,856000,11.465
2026/04/29 15:44:12,857000,11.468
2026/04/29 15:44:12,858000,11.471
2026/04/29 15:44:12,859000,11.465
2026/04/29 15:44:12,860000,11.471
2026/04/29 15:44:12,861000,11.471
2026/04/29 15:44:12,862000,11.471
2026/04/29 15:44:12,863000,11.468
2026/04/29 15:44:12,864000,11.468
2026/04/29 15:44:12,865000,11.468
2026/04/29 15:44:12,866000,11.471
2026/04/29 15:44:12,867000,11.471
2026/04/29 15:44:12,868000,11.468
2026/04/29 15:44:12,869000,11.471
2026/04/29 15:44:12,870000,11.471
2026/04/29 15:44:12,871000,11.471
2026/04/29 15:44:12,872000,11.471
2026/04/29 15:44:12,873000,11.468
2026/04/29 15:44:12,874000,11.471
2026/04/29 15:44:12,875000,11.471
2026/04/29 15:44:12,876000,11.465
2026/04/29 15:44:12,877000,11.468
2026/04/29 15:44:12,878000,11.468
2026/04/29 15:44:12,879000,11.471
2026/04/29 15:44:12,880000,11.471
2026/04/29 15:44:12,881000,11.471
2026/04/29 15:44:12,882000,11.468
2026/04/29 15:44:12,883000,11.476
2026/04/29 15:44:12,884000,11.471
2026/04/29 15:44:12,885000,11.471
2026/04/29 15:44:12,886000,11.471
2026/04/29 15:44:12,887000,11.468
2026/04/29 15:44:12,888000,11.468
2026/04/29 15:44:12,889000,11.471
2026/04/29 15:44:12,890000,11.471
2026/04/29 15:44:12,891000,11.476
2026/04/29 15:44:12,892000,11.468
2026/04/29 15:44:12,893000,11.476
2026/04/29 15:44:12,894000,11.468
2026/04/29 15:44:12,895000,11.471
2026/04/29 15:44:12,896000,11.468
2026/04/29 15:44:12,897000,11.465
2026/04/29 15:44:12,898000,11.471
2026/04/29 15:44:12,899000,11.459
2026/04/29 15:44:12,900000,11.471
2026/04/29 15:44:12,901000,11.465
2026/04/29 15:44:12,902000,11.468
2026/04/29 15:44:12,903000,11.468
2026/04/29 15:44:12,904000,11.479
2026/04/29 15:44:12,905000,11.468
2026/04/29 15:44:12,906000,11.471
2026/04/29 15:44:12,907000,11.468
2026/04/29 15:44:12,908000,11.468
2026/04/29 15:44:12,909000,11.471
2026/04/29 15:44:12,910000,11.468
2026/04/29 15:44:12,911000,11.471
2026/04/29 15:44:12,912000,11.471
2026/04/29 15:44:12,913000,11.468
2026/04/29 15:44:12,914000,11.468
2026/04/29 15:44:12,915000,11.473
2026/04/29 15:44:12,916000,11.468
2026/04/29 15:44:12,917000,11.471
2026/04/29 15:44:12,918000,11.473
2026/04/29 15:44:12,919000,11.465
2026/04/29 15:44:12,920000,11.465
2026/04/29 15:44:12,921000,11.468
2026/04/29 15:44:12,922000,11.462
2026/04/29 15:44:12,923000,11.468
2026/04/29 15:44:12,924000,11.471
2026/04/29 15:44:12,925000,11.476
2026/04/29 15:44:12,926000,11.471
2026/04/29 15:44:12,927000,11.468
2026/04/29 15:44:12,928000,11.471
2026/04/29 15:44:12,929000,11.479
2026/04/29 15:44:12,930000,11.471
2026/04/29 15:44:12,931000,11.468
2026/04/29 15:44:12,932000,11.471
2026/04/29 15:44:12,933000,11.471
2026/04/29 15:44:12,934000,11.468
2026/04/29 15:44:12,935000,11.471
2026/04/29 15:44:12,936000,11.468
2026/04/29 15:44:12,937000,11.471
2026/04/29 15:44:12,938000,11.465
2026/04/29 15:44:12,939000,11.471
2026/04/29 15:44:12,940000,11.471
2026/04/29 15:44:12,941000,11.476
2026/04/29 15:44:12,942000,11.468
2026/04/29 15:44:12,943000,11.476
2026/04/29 15:44:12,944000,11.471
2026/04/29 15:44:12,945000,11.465
2026/04/29 15:44:12,946000,11.468
2026/04/29 15:44:12,947000,11.471
2026/04/29 15:44:12,948000,11.468
2026/04/29 15:44:12,949000,11.468
2026/04/29 15:44:12,950000,11.471
2026/04/29 15:44:12,951000,11.468
2026/04/29 15:44:12,952000,11.468
2026/04/29 15:44:12,953000,11.468
2026/04/29 15:44:12,954000,11.468
2026/04/29 15:44:12,955000,11.465
2026/04/29 15:44:12,956000,11.465
2026/04/29 15:44:12,957000,11.471
2026/04/29 15:44:12,958000,11.473
2026/04/29 15:44:12,959000,11.471
2026/04/29 15:44:12,960000,11.468
2026/04/29 15:44:12,961000,11.471
2026/04/29 15:44:12,962000,11.468
2026/04/29 15:44:12,963000,11.471
2026/04/29 15:44:12,964000,11.473
2026/04/29 15:44:12,965000,11.468
2026/04/29 15:44:12,966000,11.476
2026/04/29 15:44:12,967000,11.468
2026/04/29 15:44:12,968000,11.471
2026/04/29 15:44:12,969000,11.471
2026/04/29 15:44:12,970000,11.476
2026/04/29 15:44:12,971000,11.462
2026/04/29 15:44:12,972000,11.462
2026/04/29 15:44:12,973000,11.471
2026/04/29 15:44:12,974000,11.471
2026/04/29 15:44:12,975000,11.476
2026/04/29 15:44:12,976000,11.471
2026/04/29 15:44:12,977000,11.471
2026/04/29 15:44:12,978000,11.468
2026/04/29 15:44:12,979000,11.471
2026/04/29 15:44:12,980000,11.468
2026/04/29 15:44:12,981000,11.471
2026/04/29 15:44:12,982000,11.471
2026/04/29 15:44:12,983000,11.462
2026/04/29 15:44:12,984000,11.471
2026/04/29 15:44:12,985000,11.468
2026/04/29 15:44:12,986000,11.471
2026/04/29 15:44:12,987000,11.468
2026/04/29 15:44:12,988000,11.471
2026/04/29 15:44:12,989000,11.465
2026/04/29 15:44:12,990000,11.471
2026/04/29 15:44:12,991000,11.465
2026/04/29 15:44:12,992000,11.471
2026/04/29 15:44:12,993000,11.471
2026/04/29 15:44:12,994000,11.468
2026/04/29 15:44:12,995000,11.468
2026/04/29 15:44:12,996000,11.468
2026/04/29 15:44:12,997000,11.471
2026/04/29 15:44:12,998000,11.471
2026/04/29 15:44:12,999000,11.471
2026/04/29 15:44:13,000000,11.476
2026/04/29 15:44:13,001000,11.468
2026/04/29 15:44:13,002000,11.471
2026/04/29 15:44:13,003000,11.465
2026/04/29 15:44:13,004000,11.471
2026/04/29 15:44:13,005000,11.468
2026/04/29 15:44:13,006000,11.471
2026/04/29 15:44:13,007000,11.465
2026/04/29 15:44:13,008000,11.471
2026/04/29 15:44:13,009000,11.468
2026/04/29 15:44:13,010000,11.473
2026/04/29 15:44:13,011000,11.468
2026/04/29 15:44:13,012000,11.473
2026/04/29 15:44:13,013000,11.473
2026/04/29 15:44:13,014000,11.471
2026/04/29 15:44:13,015000,11.471
2026/04/29 15:44:13,016000,11.471
2026/04/29 15:44:13,017000,11.468
2026/04/29 15:44:13,018000,11.471
2026/04/29 15:44:13,019000,11.471
2026/04/29 15:44:13,020000,11.471
2026/04/29 15:44:13,021000,11.468
2026/04/29 15:44:13,022000,11.479
2026/04/29 15:44:13,023000,11.471
2026/04/29 15:44:13,024000,11.468
2026/04/29 15:44:13,025000,11.476
2026/04/29 15:44:13,026000,11.468
2026/04/29 15:44:13,027000,11.476
2026/04/29 15:44:13,028000,11.471
2026/04/29 15:44:13,029000,11.473
2026/04/29 15:44:13,030000,11.471
2026/04/29 15:44:13,031000,11.476
2026/04/29 15:44:13,032000,11.465
2026/04/29 15:44:13,033000,11.465
2026/04/29 15:44:13,034000,11.471
2026/04/29 15:44:13,035000,11.465
2026/04/29 15:44:13,036000,11.476
2026/04/29 15:44:13,037000,11.471
2026/04/29 15:44:13,038000,11.476
2026/04/29 15:44:13,039000,11.468
2026/04/29 15:44:13,040000,11.465
2026/04/29 15:44:13,041000,11.471
2026/04/29 15:44:13,042000,11.471
2026/04/29 15:44:13,043000,11.476
2026/04/29 15:44:13,044000,11.471
2026/04/29 15:44:13,045000,11.468
2026/04/29 15:44:13,046000,11.473
2026/04/29 15:44:13,047000,11.468
2026/04/29 15:44:13,048000,11.476
2026/04/29 15:44:13,049000,11.476
2026/04/29 15:44:13,050000,11.476
2026/04/29 15:44:13,051000,11.465
2026/04/29 15:44:13,052000,11.471
2026/04/29 15:44:13,053000,11.468
2026/04/29 15:44:13,054000,11.471
2026/04/29 15:44:13,055000,11.471
2026/04/29 15:44:13,056000,11.471
2026/04/29 15:44:13,057000,11.468
2026/04/29 15:44:13,058000,11.468
2026/04/29 15:44:13,059000,11.465
2026/04/29 15:44:13,060000,11.468
2026/04/29 15:44:13,061000,11.473
2026/04/29 15:44:13,062000,11.468
2026/04/29 15:44:13,063000,11.468
2026/04/29 15:44:13,064000,11.468
2026/04/29 15:44:13,065000,11.471
2026/04/29 15:44:13,066000,11.468
2026/04/29 15:44:13,067000,11.471
2026/04/29 15:44:13,068000,11.471
2026/04/29 15:44:13,069000,11.473
2026/04/29 15:44:13,070000,11.471
2026/04/29 15:44:13,071000,11.471
2026/04/29 15:44:13,072000,11.471
2026/04/29 15:44:13,073000,11.471
2026/04/29 15:44:13,074000,11.476
2026/04/29 15:44:13,075000,11.476
2026/04/29 15:44:13,076000,11.468
2026/04/29 15:44:13,077000,11.471
2026/04/29 15:44:13,078000,11.473
2026/04/29 15:44:13,079000,11.471
2026/04/29 15:44:13,080000,11.471
2026/04/29 15:44:13,081000,11.476
2026/04/29 15:44:13,082000,11.473
2026/04/29 15:44:13,083000,11.473
2026/04/29 15:44:13,084000,11.468
2026/04/29 15:44:13,085000,11.468
2026/04/29 15:44:13,086000,11.471
2026/04/29 15:44:13,087000,11.471
2026/04/29 15:44:13,088000,11.471
2026/04/29 15:44:13,089000,11.471
2026/04/29 15:44:13,090000,11.471
2026/04/29 15:44:13,091000,11.476
2026/04/29 15:44:13,092000,11.468
2026/04/29 15:44:13,093000,11.471
2026/04/29 15:44:13,094000,11.468
2026/04/29 15:44:13,095000,11.465
2026/04/29 15:44:13,096000,11.465
2026/04/29 15:44:13,097000,11.468
2026/04/29 15:44:13,098000,11.471
2026/04/29 15:44:13,099000,11.471
2026/04/29 15:44:13,100000,11.471
2026/04/29 15:44:13,101000,11.462
2026/04/29 15:44:13,102000,11.468
2026/04/29 15:44:13,103000,11.471
2026/04/29 15:44:13,104000,11.468
2026/04/29 15:44:13,105000,11.471
2026/04/29 15:44:13,106000,11.479
2026/04/29 15:44:13,107000,11.468
2026/04/29 15:44:13,108000,11.471
2026/04/29 15:44:13,109000,11.476
2026/04/29 15:44:13,110000,11.471
2026/04/29 15:44:13,111000,11.471
2026/04/29 15:44:13,112000,11.471
2026/04/29 15:44:13,113000,11.471
2026/04/29 15:44:13,114000,11.468
2026/04/29 15:44:13,115000,11.471
2026/04/29 15:44:13,116000,11.471
2026/04/29 15:44:13,117000,11.471
2026/04/29 15:44:13,118000,11.468
2026/04/29 15:44:13,119000,11.468
2026/04/29 15:44:13,120000,11.471
2026/04/29 15:44:13,121000,11.473
2026/04/29 15:44:13,122000,11.468
2026/04/29 15:44:13,123000,11.476
2026/04/29 15:44:13,124000,11.468
2026/04/29 15:44:13,125000,11.471
2026/04/29 15:44:13,126000,11.471
2026/04/29 15:44:13,127000,11.468
2026/04/29 15:44:13,128000,11.471
2026/04/29 15:44:13,129000,11.471
2026/04/29 15:44:13,130000,11.468
2026/04/29 15:44:13,131000,11.465
2026/04/29 15:44:13,132000,11.471
2026/04/29 15:44:13,133000,11.471
2026/04/29 15:44:13,134000,11.471
2026/04/29 15:44:13,135000,11.471
2026/04/29 15:44:13,136000,11.476
2026/04/29 15:44:13,137000,11.471
2026/04/29 15:44:13,138000,11.471
2026/04/29 15:44:13,139000,11.476
2026/04/29 15:44:13,140000,11.471
2026/04/29 15:44:13,141000,11.471
2026/04/29 15:44:13,142000,11.471
2026/04/29 15:44:13,143000,11.468
2026/04/29 15:44:13,144000,11.471
2026/04/29 15:44:13,145000,11.473
2026/04/29 15:44:13,146000,11.471
2026/04/29 15:44:13,147000,11.473
2026/04/29 15:44:13,148000,11.468
2026/04/29 15:44:13,149000,11.465
2026/04/29 15:44:13,150000,11.468
2026/04/29 15:44:13,151000,11.465
2026/04/29 15:44:13,152000,11.473
2026/04/29 15:44:13,153000,11.459
2026/04/29 15:44:13,154000,11.471
2026/04/29 15:44:13,155000,11.471
2026/04/29 15:44:13,156000,11.468
2026/04/29 15:44:13,157000,11.471
2026/04/29 15:44:13,158000,11.471
2026/04/29 15:44:13,159000,11.471
2026/04/29 15:44:13,160000,11.468
2026/04/29 15:44:13,161000,11.471
2026/04/29 15:44:13,162000,11.471
2026/04/29 15:44:13,163000,11.471
2026/04/29 15:44:13,164000,11.465
2026/04/29 15:44:13,165000,11.468
2026/04/29 15:44:13,166000,11.471
2026/04/29 15:44:13,167000,11.468
2026/04/29 15:44:13,168000,11.473
2026/04/29 15:44:13,169000,11.471
2026/04/29 15:44:13,170000,11.468
2026/04/29 15:44:13,171000,11.473
2026/04/29 15:44:13,172000,11.468
2026/04/29 15:44:13,173000,11.468
2026/04/29 15:44:13,174000,11.476
2026/04/29 15:44:13,175000,11.471
2026/04/29 15:44:13,176000,11.468
2026/04/29 15:44:13,177000,11.462
2026/04/29 15:44:13,178000,11.468
2026/04/29 15:44:13,179000,11.473
2026/04/29 15:44:13,180000,11.471
2026/04/29 15:44:13,181000,11.468
2026/04/29 15:44:13,182000,11.468
2026/04/29 15:44:13,183000,11.471
2026/04/29 15:44:13,184000,11.471
2026/04/29 15:44:13,185000,11.465
2026/04/29 15:44:13,186000,11.471
2026/04/29 15:44:13,187000,11.473
2026/04/29 15:44:13,188000,11.468
2026/04/29 15:44:13,189000,11.468
2026/04/29 15:44:13,190000,11.476
2026/04/29 15:44:13,191000,11.471
2026/04/29 15:44:13,192000,11.471
2026/04/29 15:44:13,193000,11.468
2026/04/29 15:44:13,194000,11.468
2026/04/29 15:44:13,195000,11.468
2026/04/29 15:44:13,196000,11.471
2026/04/29 15:44:13,197000,11.468
2026/04/29 15:44:13,198000,11.468
2026/04/29 15:44:13,199000,11.471
2026/04/29 15:44:13,200000,11.471
2026/04/29 15:44:13,201000,11.471
2026/04/29 15:44:13,202000,11.465
2026/04/29 15:44:13,203000,11.468
2026/04/29 15:44:13,204000,11.468
2026/04/29 15:44:13,205000,11.468
2026/04/29 15:44:13,206000,11.468
2026/04/29 15:44:13,207000,11.471
2026/04/29 15:44:13,208000,11.468
2026/04/29 15:44:13,209000,11.471
2026/04/29 15:44:13,210000,11.473
2026/04/29 15:44:13,211000,11.471
2026/04/29 15:44:13,212000,11.471
2026/04/29 15:44:13,213000,11.473
2026/04/29 15:44:13,214000,11.465
2026/04/29 15:44:13,215000,11.473
2026/04/29 15:44:13,216000,11.471
2026/04/29 15:44:13,217000,11.471
2026/04/29 15:44:13,218000,11.468
2026/04/29 15:44:13,219000,11.473
2026/04/29 15:44:13,220000,11.468
2026/04/29 15:44:13,221000,11.468
2026/04/29 15:44:13,222000,11.468
2026/04/29 15:44:13,223000,11.471
2026/04/29 15:44:13,224000,11.468
2026/04/29 15:44:13,225000,11.476
2026/04/29 15:44:13,226000,11.471
2026/04/29 15:44:13,227000,11.468
2026/04/29 15:44:13,228000,11.465
2026/04/29 15:44:13,229000,11.471
2026/04/29 15:44:13,230000,11.482
2026/04/29 15:44:13,231000,11.479
2026/04/29 15:44:13,232000,11.465
2026/04/29 15:44:13,233000,11.471
2026/04/29 15:44:13,234000,11.479
2026/04/29 15:44:13,235000,11.471
2026/04/29 15:44:13,236000,11.471
2026/04/29 15:44:13,237000,11.471
2026/04/29 15:44:13,238000,11.471
2026/04/29 15:44:13,239000,11.468
2026/04/29 15:44:13,240000,11.471
2026/04/29 15:44:13,241000,11.471
2026/04/29 15:44:13,242000,11.476
2026/04/29 15:44:13,243000,11.471
2026/04/29 15:44:13,244000,11.471
2026/04/29 15:44:13,245000,11.471
2026/04/29 15:44:13,246000,11.468
2026/04/29 15:44:13,247000,11.468
2026/04/29 15:44:13,248000,11.471
2026/04/29 15:44:13,249000,11.468
2026/04/29 15:44:13,250000,11.465
2026/04/29 15:44:13,251000,11.471
2026/04/29 15:44:13,252000,11.476
2026/04/29 15:44:13,253000,11.471
2026/04/29 15:44:13,254000,11.476
2026/04/29 15:44:13,255000,11.473
2026/04/29 15:44:13,256000,11.468
2026/04/29 15:44:13,257000,11.465
2026/04/29 15:44:13,258000,11.468
2026/04/29 15:44:13,259000,11.468
2026/04/29 15:44:13,260000,11.471
2026/04/29 15:44:13,261000,11.465
2026/04/29 15:44:13,262000,11.471
2026/04/29 15:44:13,263000,11.476
2026/04/29 15:44:13,264000,11.468
2026/04/29 15:44:13,265000,11.468
2026/04/29 15:44:13,266000,11.468
2026/04/29 15:44:13,267000,11.471
2026/04/29 15:44:13,268000,11.465
2026/04/29 15:44:13,269000,11.468
2026/04/29 15:44:13,270000,11.471
2026/04/29 15:44:13,271000,11.471
2026/04/29 15:44:13,272000,11.473
2026/04/29 15:44:13,273000,11.462
2026/04/29 15:44:13,274000,11.471
2026/04/29 15:44:13,275000,11.468
2026/04/29 15:44:13,276000,11.468
2026/04/29 15:44:13,277000,11.465
2026/04/29 15:44:13,278000,11.468
2026/04/29 15:44:13,279000,11.468
2026/04/29 15:44:13,280000,11.468
2026/04/29 15:44:13,281000,11.471
2026/04/29 15:44:13,282000,11.471
2026/04/29 15:44:13,283000,11.465
2026/04/29 15:44:13,284000,11.476
2026/04/29 15:44:13,285000,11.471
2026/04/29 15:44:13,286000,11.471
2026/04/29 15:44:13,287000,11.465
2026/04/29 15:44:13,288000,11.471
2026/04/29 15:44:13,289000,11.471
2026/04/29 15:44:13,290000,11.465
2026/04/29 15:44:13,291000,11.471
2026/04/29 15:44:13,292000,11.468
2026/04/29 15:44:13,293000,11.471
2026/04/29 15:44:13,294000,11.471
2026/04/29 15:44:13,295000,11.471
2026/04/29 15:44:13,296000,11.471
2026/04/29 15:44:13,297000,11.471
2026/04/29 15:44:13,298000,11.473
2026/04/29 15:44:13,299000,11.471
2026/04/29 15:44:13,300000,11.465
2026/04/29 15:44:13,301000,11.471
2026/04/29 15:44:13,302000,11.468
2026/04/29 15:44:13,303000,11.471
2026/04/29 15:44:13,304000,11.468
2026/04/29 15:44:13,305000,11.471
2026/04/29 15:44:13,306000,11.468
2026/04/29 15:44:13,307000,11.465
2026/04/29 15:44:13,308000,11.471
2026/04/29 15:44:13,309000,11.471
2026/04/29 15:44:13,310000,11.465
2026/04/29 15:44:13,311000,11.462
2026/04/29 15:44:13,312000,11.465
2026/04/29 15:44:13,313000,11.471
2026/04/29 15:44:13,314000,11.471
2026/04/29 15:44:13,315000,11.471
2026/04/29 15:44:13,316000,11.471
2026/04/29 15:44:13,317000,11.471
2026/04/29 15:44:13,318000,11.468
2026/04/29 15:44:13,319000,11.465
2026/04/29 15:44:13,320000,11.471
2026/04/29 15:44:13,321000,11.471
2026/04/29 15:44:13,322000,11.468
2026/04/29 15:44:13,323000,11.468
2026/04/29 15:44:13,324000,11.468
2026/04/29 15:44:13,325000,11.471
2026/04/29 15:44:13,326000,11.468
2026/04/29 15:44:13,327000,11.471
2026/04/29 15:44:13,328000,11.468
2026/04/29 15:44:13,329000,11.471
2026/04/29 15:44:13,330000,11.468
2026/04/29 15:44:13,331000,11.468
2026/04/29 15:44:13,332000,11.471
2026/04/29 15:44:13,333000,11.471
2026/04/29 15:44:13,334000,11.468
2026/04/29 15:44:13,335000,11.468
2026/04/29 15:44:13,336000,11.468
2026/04/29 15:44:13,337000,11.468
2026/04/29 15:44:13,338000,11.476
2026/04/29 15:44:13,339000,11.465
2026/04/29 15:44:13,340000,11.471
2026/04/29 15:44:13,341000,11.468
2026/04/29 15:44:13,342000,11.468
2026/04/29 15:44:13,343000,11.465
2026/04/29 15:44:13,344000,11.471
2026/04/29 15:44:13,345000,11.471
2026/04/29 15:44:13,346000,11.473
2026/04/29 15:44:13,347000,11.468
2026/04/29 15:44:13,348000,11.465
2026/04/29 15:44:13,349000,11.476
2026/04/29 15:44:13,350000,11.468
2026/04/29 15:44:13,351000,11.471
2026/04/29 15:44:13,352000,11.471
2026/04/29 15:44:13,353000,11.468
2026/04/29 15:44:13,354000,11.471
2026/04/29 15:44:13,355000,11.465
2026/04/29 15:44:13,356000,11.471
2026/04/29 15:44:13,357000,11.471
2026/04/29 15:44:13,358000,11.471
2026/04/29 15:44:13,359000,11.462
2026/04/29 15:44:13,360000,11.471
2026/04/29 15:44:13,361000,11.465
2026/04/29 15:44:13,362000,11.471
2026/04/29 15:44:13,363000,11.465
2026/04/29 15:44:13,364000,11.471
2026/04/29 15:44:13,365000,11.471
2026/04/29 15:44:13,366000,11.468
2026/04/29 15:44:13,367000,11.468
2026/04/29 15:44:13,368000,11.471
2026/04/29 15:44:13,369000,11.471
2026/04/29 15:44:13,370000,11.465
2026/04/29 15:44:13,371000,11.476
2026/04/29 15:44:13,372000,11.468
2026/04/29 15:44:13,373000,11.473
2026/04/29 15:44:13,374000,11.471
2026/04/29 15:44:13,375000,11.468
2026/04/29 15:44:13,376000,11.468
2026/04/29 15:44:13,377000,11.471
2026/04/29 15:44:13,378000,11.468
2026/04/29 15:44:13,379000,11.471
2026/04/29 15:44:13,380000,11.468
2026/04/29 15:44:13,381000,11.465
2026/04/29 15:44:13,382000,11.471
2026/04/29 15:44:13,383000,11.471
2026/04/29 15:44:13,384000,11.465
2026/04/29 15:44:13,385000,11.471
2026/04/29 15:44:13,386000,11.476
2026/04/29 15:44:13,387000,11.473
2026/04/29 15:44:13,388000,11.468
2026/04/29 15:44:13,389000,11.468
2026/04/29 15:44:13,390000,11.468
2026/04/29 15:44:13,391000,11.471
2026/04/29 15:44:13,392000,11.471
2026/04/29 15:44:13,393000,11.471
2026/04/29 15:44:13,394000,11.471
2026/04/29 15:44:13,395000,11.471
2026/04/29 15:44:13,396000,11.471
2026/04/29 15:44:13,397000,11.471
2026/04/29 15:44:13,398000,11.465
2026/04/29 15:44:13,399000,11.471
2026/04/29 15:44:13,400000,11.468
2026/04/29 15:44:13,401000,11.471
2026/04/29 15:44:13,402000,11.471
2026/04/29 15:44:13,403000,11.465
2026/04/29 15:44:13,404000,11.468
2026/04/29 15:44:13,405000,11.471
2026/04/29 15:44:13,406000,11.465
2026/04/29 15:44:13,407000,11.471
2026/04/29 15:44:13,408000,11.462
2026/04/29 15:44:13,409000,11.468
2026/04/29 15:44:13,410000,11.476
2026/04/29 15:44:13,411000,11.471
2026/04/29 15:44:13,412000,11.468
2026/04/29 15:44:13,413000,11.468
2026/04/29 15:44:13,414000,11.471
2026/04/29 15:44:13,415000,11.468
2026/04/29 15:44:13,416000,11.468
2026/04/29 15:44:13,417000,11.465
2026/04/29 15:44:13,418000,11.468
2026/04/29 15:44:13,419000,11.471
2026/04/29 15:44:13,420000,11.473
2026/04/29 15:44:13,421000,11.468
2026/04/29 15:44:13,422000,11.468
2026/04/29 15:44:13,423000,11.471
2026/04/29 15:44:13,424000,11.468
2026/04/29 15:44:13,425000,11.468
2026/04/29 15:44:13,426000,11.476
2026/04/29 15:44:13,427000,11.471
2026/04/29 15:44:13,428000,11.468
2026/04/29 15:44:13,429000,11.468
2026/04/29 15:44:13,430000,11.473
2026/04/29 15:44:13,431000,11.476
2026/04/29 15:44:13,432000,11.465
2026/04/29 15:44:13,433000,11.465
2026/04/29 15:44:13,434000,11.468
2026/04/29 15:44:13,435000,11.471
2026/04/29 15:44:13,436000,11.468
2026/04/29 15:44:13,437000,11.468
2026/04/29 15:44:13,438000,11.471
2026/04/29 15:44:13,439000,11.465
2026/04/29 15:44:13,440000,11.471
2026/04/29 15:44:13,441000,11.468
2026/04/29 15:44:13,442000,11.468
2026/04/29 15:44:13,443000,11.465
2026/04/29 15:44:13,444000,11.471
2026/04/29 15:44:13,445000,11.471
2026/04/29 15:44:13,446000,11.471
2026/04/29 15:44:13,447000,11.465
2026/04/29 15:44:13,448000,11.468
2026/04/29 15:44:13,449000,11.471
2026/04/29 15:44:13,450000,11.471
2026/04/29 15:44:13,451000,11.468
2026/04/29 15:44:13,452000,11.468
2026/04/29 15:44:13,453000,11.468
2026/04/29 15:44:13,454000,11.465
2026/04/29 15:44:13,455000,11.462
2026/04/29 15:44:13,456000,11.471
2026/04/29 15:44:13,457000,11.471
2026/04/29 15:44:13,458000,11.468
2026/04/29 15:44:13,459000,11.468
2026/04/29 15:44:13,460000,11.471
2026/04/29 15:44:13,461000,11.462
2026/04/29 15:44:13,462000,11.465
2026/04/29 15:44:13,463000,11.471
2026/04/29 15:44:13,464000,11.471
2026/04/29 15:44:13,465000,11.473
2026/04/29 15:44:13,466000,11.471
2026/04/29 15:44:13,467000,11.471
2026/04/29 15:44:13,468000,11.471
2026/04/29 15:44:13,469000,11.465
2026/04/29 15:44:13,470000,11.471
2026/04/29 15:44:13,471000,11.471
2026/04/29 15:44:13,472000,11.471
2026/04/29 15:44:13,473000,11.468
2026/04/29 15:44:13,474000,11.471
2026/04/29 15:44:13,475000,11.471
2026/04/29 15:44:13,476000,11.471
2026/04/29 15:44:13,477000,11.476
2026/04/29 15:44:13,478000,11.468
2026/04/29 15:44:13,479000,11.471
2026/04/29 15:44:13,480000,11.471
2026/04/29 15:44:13,481000,11.471
2026/04/29 15:44:13,482000,11.465
2026/04/29 15:44:13,483000,11.468
2026/04/29 15:44:13,484000,11.471
2026/04/29 15:44:13,485000,11.471
2026/04/29 15:44:13,486000,11.476
2026/04/29 15:44:13,487000,11.471
2026/04/29 15:44:13,488000,11.471
2026/04/29 15:44:13,489000,11.471
2026/04/29 15:44:13,490000,11.471
2026/04/29 15:44:13,491000,11.471
2026/04/29 15:44:13,492000,11.471
2026/04/29 15:44:13,493000,11.471
2026/04/29 15:44:13,494000,11.471
2026/04/29 15:44:13,495000,11.471
2026/04/29 15:44:13,496000,11.471
2026/04/29 15:44:13,497000,11.471
2026/04/29 15:44:13,498000,11.471
2026/04/29 15:44:13,499000,11.479
2026/04/29 15:44:13,500000,11.468
2026/04/29 15:44:13,501000,11.473
2026/04/29 15:44:13,502000,11.471
2026/04/29 15:44:13,503000,11.462
2026/04/29 15:44:13,504000,11.476
2026/04/29 15:44:13,505000,11.465
2026/04/29 15:44:13,506000,11.468
2026/04/29 15:44:13,507000,11.471
2026/04/29 15:44:13,508000,11.468
2026/04/29 15:44:13,509000,11.468
2026/04/29 15:44:13,510000,11.468
2026/04/29 15:44:13,511000,11.465
2026/04/29 15:44:13,512000,11.471
2026/04/29 15:44:13,513000,11.468
2026/04/29 15:44:13,514000,11.476
2026/04/29 15:44:13,515000,11.471
2026/04/29 15:44:13,516000,11.471
2026/04/29 15:44:13,517000,11.471
2026/04/29 15:44:13,518000,11.471
2026/04/29 15:44:13,519000,11.468
2026/04/29 15:44:13,520000,11.468
2026/04/29 15:44:13,521000,11.468
2026/04/29 15:44:13,522000,11.471
2026/04/29 15:44:13,523000,11.471
2026/04/29 15:44:13,524000,11.471
2026/04/29 15:44:13,525000,11.465
2026/04/29 15:44:13,526000,11.471
2026/04/29 15:44:13,527000,11.476
2026/04/29 15:44:13,528000,11.471
2026/04/29 15:44:13,529000,11.471
2026/04/29 15:44:13,530000,11.465
2026/04/29 15:44:13,531000,11.468
2026/04/29 15:44:13,532000,11.468
2026/04/29 15:44:13,533000,11.476
2026/04/29 15:44:13,534000,11.471
2026/04/29 15:44:13,535000,11.473
2026/04/29 15:44:13,536000,11.468
2026/04/29 15:44:13,537000,11.473
2026/04/29 15:44:13,538000,11.471
2026/04/29 15:44:13,539000,11.471
2026/04/29 15:44:13,540000,11.473
2026/04/29 15:44:13,541000,11.471
2026/04/29 15:44:13,542000,11.471
2026/04/29 15:44:13,543000,11.471
2026/04/29 15:44:13,544000,11.471
2026/04/29 15:44:13,545000,11.468
2026/04/29 15:44:13,546000,11.471
2026/04/29 15:44:13,547000,11.471
2026/04/29 15:44:13,548000,11.473
2026/04/29 15:44:13,549000,11.476
2026/04/29 15:44:13,550000,11.471
2026/04/29 15:44:13,551000,11.476
2026/04/29 15:44:13,552000,11.471
2026/04/29 15:44:13,553000,11.471
2026/04/29 15:44:13,554000,11.468
2026/04/29 15:44:13,555000,11.471
2026/04/29 15:44:13,556000,11.471
2026/04/29 15:44:13,557000,11.471
2026/04/29 15:44:13,558000,11.476
2026/04/29 15:44:13,559000,11.473
2026/04/29 15:44:13,560000,11.471
2026/04/29 15:44:13,561000,11.471
2026/04/29 15:44:13,562000,11.471
2026/04/29 15:44:13,563000,11.471
2026/04/29 15:44:13,564000,11.471
2026/04/29 15:44:13,565000,11.471
2026/04/29 15:44:13,566000,11.471
2026/04/29 15:44:13,567000,11.471
2026/04/29 15:44:13,568000,11.471
2026/04/29 15:44:13,569000,11.471
2026/04/29 15:44:13,570000,11.468
2026/04/29 15:44:13,571000,11.476
2026/04/29 15:44:13,572000,11.471
2026/04/29 15:44:13,573000,11.476
2026/04/29 15:44:13,574000,11.468
2026/04/29 15:44:13,575000,11.468
2026/04/29 15:44:13,576000,11.473
2026/04/29 15:44:13,577000,11.471
2026/04/29 15:44:13,578000,11.471
2026/04/29 15:44:13,579000,11.476
2026/04/29 15:44:13,580000,11.471
2026/04/29 15:44:13,581000,11.473
2026/04/29 15:44:13,582000,11.471
2026/04/29 15:44:13,583000,11.468
2026/04/29 15:44:13,584000,11.468
2026/04/29 15:44:13,585000,11.471
2026/04/29 15:44:13,586000,11.465
2026/04/29 15:44:13,587000,11.471
2026/04/29 15:44:13,588000,11.468
2026/04/29 15:44:13,589000,11.471
2026/04/29 15:44:13,590000,11.471
2026/04/29 15:44:13,591000,11.471
2026/04/29 15:44:13,592000,11.471
2026/04/29 15:44:13,593000,11.471
2026/04/29 15:44:13,594000,11.471
2026/04/29 15:44:13,595000,11.471
2026/04/29 15:44:13,596000,11.471
2026/04/29 15:44:13,597000,11.471
2026/04/29 15:44:13,598000,11.468
2026/04/29 15:44:13,599000,11.471
2026/04/29 15:44:13,600000,11.471
2026/04/29 15:44:13,601000,11.471
2026/04/29 15:44:13,602000,11.479
2026/04/29 15:44:13,603000,11.471
2026/04/29 15:44:13,604000,11.471
2026/04/29 15:44:13,605000,11.479
2026/04/29 15:44:13,606000,11.465
2026/04/29 15:44:13,607000,11.468
2026/04/29 15:44:13,608000,11.471
2026/04/29 15:44:13,609000,11.471
2026/04/29 15:44:13,610000,11.471
2026/04/29 15:44:13,611000,11.471
2026/04/29 15:44:13,612000,11.476
2026/04/29 15:44:13,613000,11.471
2026/04/29 15:44:13,614000,11.465
2026/04/29 15:44:13,615000,11.476
2026/04/29 15:44:13,616000,11.473
2026/04/29 15:44:13,617000,11.473
2026/04/29 15:44:13,618000,11.471
2026/04/29 15:44:13,619000,11.476
2026/04/29 15:44:13,620000,11.471
2026/04/29 15:44:13,621000,11.476
2026/04/29 15:44:13,622000,11.468
2026/04/29 15:44:13,623000,11.476
2026/04/29 15:44:13,624000,11.471
2026/04/29 15:44:13,625000,11.465
2026/04/29 15:44:13,626000,11.468
2026/04/29 15:44:13,627000,11.471
2026/04/29 15:44:13,628000,11.471
2026/04/29 15:44:13,629000,11.462
2026/04/29 15:44:13,630000,11.471
2026/04/29 15:44:13,631000,11.471
2026/04/29 15:44:13,632000,11.471
2026/04/29 15:44:13,633000,11.471
2026/04/29 15:44:13,634000,11.471
2026/04/29 15:44:13,635000,11.471
2026/04/29 15:44:13,636000,11.471
2026/04/29 15:44:13,637000,11.471
2026/04/29 15:44:13,638000,11.471
2026/04/29 15:44:13,639000,11.471
2026/04/29 15:44:13,640000,11.476
2026/04/29 15:44:13,641000,11.471
2026/04/29 15:44:13,642000,11.471
2026/04/29 15:44:13,643000,11.473
2026/04/29 15:44:13,644000,11.468
2026/04/29 15:44:13,645000,11.471
2026/04/29 15:44:13,646000,11.471
2026/04/29 15:44:13,647000,11.468
2026/04/29 15:44:13,648000,11.476
2026/04/29 15:44:13,649000,11.468
2026/04/29 15:44:13,650000,11.468
2026/04/29 15:44:13,651000,11.476
2026/04/29 15:44:13,652000,11.468
2026/04/29 15:44:13,653000,11.471
2026/04/29 15:44:13,654000,11.468
2026/04/29 15:44:13,655000,11.471
2026/04/29 15:44:13,656000,11.468
2026/04/29 15:44:13,657000,11.476
2026/04/29 15:44:13,658000,11.471
2026/04/29 15:44:13,659000,11.468
2026/04/29 15:44:13,660000,11.471
2026/04/29 15:44:13,661000,11.473
2026/04/29 15:44:13,662000,11.471
2026/04/29 15:44:13,663000,11.473
2026/04/29 15:44:13,664000,11.468
2026/04/29 15:44:13,665000,11.471
2026/04/29 15:44:13,666000,11.471
2026/04/29 15:44:13,667000,11.465
2026/04/29 15:44:13,668000,11.471
2026/04/29 15:44:13,669000,11.471
2026/04/29 15:44:13,670000,11.468
2026/04/29 15:44:13,671000,11.471
2026/04/29 15:44:13,672000,11.468
2026/04/29 15:44:13,673000,11.473
2026/04/29 15:44:13,674000,11.468
2026/04/29 15:44:13,675000,11.479
2026/04/29 15:44:13,676000,11.465
2026/04/29 15:44:13,677000,11.471
2026/04/29 15:44:13,678000,11.471
2026/04/29 15:44:13,679000,11.471
2026/04/29 15:44:13,680000,11.471
2026/04/29 15:44:13,681000,11.471
2026/04/29 15:44:13,682000,11.471
2026/04/29 15:44:13,683000,11.473
2026/04/29 15:44:13,684000,11.471
2026/04/29 15:44:13,685000,11.471
2026/04/29 15:44:13,686000,11.471
2026/04/29 15:44:13,687000,11.473
2026/04/29 15:44:13,688000,11.468
2026/04/29 15:44:13,689000,11.476
2026/04/29 15:44:13,690000,11.471
2026/04/29 15:44:13,691000,11.471
2026/04/29 15:44:13,692000,11.468
2026/04/29 15:44:13,693000,11.468
2026/04/29 15:44:13,694000,11.468
2026/04/29 15:44:13,695000,11.476
2026/04/29 15:44:13,696000,11.468
2026/04/29 15:44:13,697000,11.471
2026/04/29 15:44:13,698000,11.471
2026/04/29 15:44:13,699000,11.471
2026/04/29 15:44:13,700000,11.471
2026/04/29 15:44:13,701000,11.468
2026/04/29 15:44:13,702000,11.471
2026/04/29 15:44:13,703000,11.457
2026/04/29 15:44:13,704000,11.471
2026/04/29 15:44:13,705000,11.471
2026/04/29 15:44:13,706000,11.471
2026/04/29 15:44:13,707000,11.468
2026/04/29 15:44:13,708000,11.468
2026/04/29 15:44:13,709000,11.471
2026/04/29 15:44:13,710000,11.471
2026/04/29 15:44:13,711000,11.473
2026/04/29 15:44:13,712000,11.471
2026/04/29 15:44:13,713000,11.471
2026/04/29 15:44:13,714000,11.471
2026/04/29 15:44:13,715000,11.471
2026/04/29 15:44:13,716000,11.471
2026/04/29 15:44:13,717000,11.471
2026/04/29 15:44:13,718000,11.471
2026/04/29 15:44:13,719000,11.465
2026/04/29 15:44:13,720000,11.471
2026/04/29 15:44:13,721000,11.465
2026/04/29 15:44:13,722000,11.471
2026/04/29 15:44:13,723000,11.468
2026/04/29 15:44:13,724000,11.468
2026/04/29 15:44:13,725000,11.465
2026/04/29 15:44:13,726000,11.468
2026/04/29 15:44:13,727000,11.471
2026/04/29 15:44:13,728000,11.468
2026/04/29 15:44:13,729000,11.462
2026/04/29 15:44:13,730000,11.468
2026/04/29 15:44:13,731000,11.476
2026/04/29 15:44:13,732000,11.468
2026/04/29 15:44:13,733000,11.468
2026/04/29 15:44:13,734000,11.479
2026/04/29 15:44:13,735000,11.468
2026/04/29 15:44:13,736000,11.471
2026/04/29 15:44:13,737000,11.468
2026/04/29 15:44:13,738000,11.471
2026/04/29 15:44:13,739000,11.471
2026/04/29 15:44:13,740000,11.468
2026/04/29 15:44:13,741000,11.471
2026/04/29 15:44:13,742000,11.465
2026/04/29 15:44:13,743000,11.473
2026/04/29 15:44:13,744000,11.471
2026/04/29 15:44:13,745000,11.468
2026/04/29 15:44:13,746000,11.471
2026/04/29 15:44:13,747000,11.468
2026/04/29 15:44:13,748000,11.471
2026/04/29 15:44:13,749000,11.473
2026/04/29 15:44:13,750000,11.468
2026/04/29 15:44:13,751000,11.476
2026/04/29 15:44:13,752000,11.468
2026/04/29 15:44:13,753000,11.471
2026/04/29 15:44:13,754000,11.471
2026/04/29 15:44:13,755000,11.465
2026/04/29 15:44:13,756000,11.471
2026/04/29 15:44:13,757000,11.471
2026/04/29 15:44:13,758000,11.471
2026/04/29 15:44:13,759000,11.468
2026/04/29 15:44:13,760000,11.471
2026/04/29 15:44:13,761000,11.465
2026/04/29 15:44:13,762000,11.471
2026/04/29 15:44:13,763000,11.473
2026/04/29 15:44:13,764000,11.471
2026/04/29 15:44:13,765000,11.473
2026/04/29 15:44:13,766000,11.465
2026/04/29 15:44:13,767000,11.468
2026/04/29 15:44:13,768000,11.471
2026/04/29 15:44:13,769000,11.471
2026/04/29 15:44:13,770000,11.468
2026/04/29 15:44:13,771000,11.471
2026/04/29 15:44:13,772000,11.465
2026/04/29 15:44:13,773000,11.465
2026/04/29 15:44:13,774000,11.465
2026/04/29 15:44:13,775000,11.471
2026/04/29 15:44:13,776000,11.471
2026/04/29 15:44:13,777000,11.471
2026/04/29 15:44:13,778000,11.471
2026/04/29 15:44:13,779000,11.468
2026/04/29 15:44:13,780000,11.471
2026/04/29 15:44:13,781000,11.465
2026/04/29 15:44:13,782000,11.468
2026/04/29 15:44:13,783000,11.468
2026/04/29 15:44:13,784000,11.465
2026/04/29 15:44:13,785000,11.471
2026/04/29 15:44:13,786000,11.465
2026/04/29 15:44:13,787000,11.465
2026/04/29 15:44:13,788000,11.471
2026/04/29 15:44:13,789000,11.462
2026/04/29 15:44:13,790000,11.468
2026/04/29 15:44:13,791000,11.471
2026/04/29 15:44:13,792000,11.471
2026/04/29 15:44:13,793000,11.465
2026/04/29 15:44:13,794000,11.468
2026/04/29 15:44:13,795000,11.468
2026/04/29 15:44:13,796000,11.468
2026/04/29 15:44:13,797000,11.471
2026/04/29 15:44:13,798000,11.471
2026/04/29 15:44:13,799000,11.468
2026/04/29 15:44:13,800000,11.471
2026/04/29 15:44:13,801000,11.471
2026/04/29 15:44:13,802000,11.462
2026/04/29 15:44:13,803000,11.462
2026/04/29 15:44:13,804000,11.462
2026/04/29 15:44:13,805000,11.468
2026/04/29 15:44:13,806000,11.468
2026/04/29 15:44:13,807000,11.468
2026/04/29 15:44:13,808000,11.471
2026/04/29 15:44:13,809000,11.471
2026/04/29 15:44:13,810000,11.471
2026/04/29 15:44:13,811000,11.468
2026/04/29 15:44:13,812000,11.473
2026/04/29 15:44:13,813000,11.471
2026/04/29 15:44:13,814000,11.468
2026/04/29 15:44:13,815000,11.471
2026/04/29 15:44:13,816000,11.465
2026/04/29 15:44:13,817000,11.468
2026/04/29 15:44:13,818000,11.471
2026/04/29 15:44:13,819000,11.468
2026/04/29 15:44:13,820000,11.471
2026/04/29 15:44:13,821000,11.471
2026/04/29 15:44:13,822000,11.468
2026/04/29 15:44:13,823000,11.471
2026/04/29 15:44:13,824000,11.468
2026/04/29 15:44:13,825000,11.468
2026/04/29 15:44:13,826000,11.471
2026/04/29 15:44:13,827000,11.465
2026/04/29 15:44:13,828000,11.468
2026/04/29 15:44:13,829000,11.468
2026/04/29 15:44:13,830000,11.471
2026/04/29 15:44:13,831000,11.468
2026/04/29 15:44:13,832000,11.471
2026/04/29 15:44:13,833000,11.471
2026/04/29 15:44:13,834000,11.468
2026/04/29 15:44:13,835000,11.468
2026/04/29 15:44:13,836000,11.471
2026/04/29 15:44:13,837000,11.465
2026/04/29 15:44:13,838000,11.471
2026/04/29 15:44:13,839000,11.471
2026/04/29 15:44:13,840000,11.476
2026/04/29 15:44:13,841000,11.473
2026/04/29 15:44:13,842000,11.476
2026/04/29 15:44:13,843000,11.473
2026/04/29 15:44:13,844000,11.471
2026/04/29 15:44:13,845000,11.468
2026/04/29 15:44:13,846000,11.473
2026/04/29 15:44:13,847000,11.471
2026/04/29 15:44:13,848000,11.471
2026/04/29 15:44:13,849000,11.471
2026/04/29 15:44:13,850000,11.468
2026/04/29 15:44:13,851000,11.471
2026/04/29 15:44:13,852000,11.468
2026/04/29 15:44:13,853000,11.468
2026/04/29 15:44:13,854000,11.468
2026/04/29 15:44:13,855000,11.471
2026/04/29 15:44:13,856000,11.468
2026/04/29 15:44:13,857000,11.468
2026/04/29 15:44:13,858000,11.471
2026/04/29 15:44:13,859000,11.471
2026/04/29 15:44:13,860000,11.476
2026/04/29 15:44:13,861000,11.465
2026/04/29 15:44:13,862000,11.468
2026/04/29 15:44:13,863000,11.473
2026/04/29 15:44:13,864000,11.471
2026/04/29 15:44:13,865000,11.471
2026/04/29 15:44:13,866000,11.471
2026/04/29 15:44:13,867000,11.468
2026/04/29 15:44:13,868000,11.468
2026/04/29 15:44:13,869000,11.468
2026/04/29 15:44:13,870000,11.465
2026/04/29 15:44:13,871000,11.462
2026/04/29 15:44:13,872000,11.471
2026/04/29 15:44:13,873000,11.468
2026/04/29 15:44:13,874000,11.468
2026/04/29 15:44:13,875000,11.471
2026/04/29 15:44:13,876000,11.468
2026/04/29 15:44:13,877000,11.465
2026/04/29 15:44:13,878000,11.468
2026/04/29 15:44:13,879000,11.471
2026/04/29 15:44:13,880000,11.471
2026/04/29 15:44:13,881000,11.471
2026/04/29 15:44:13,882000,11.471
2026/04/29 15:44:13,883000,11.471
2026/04/29 15:44:13,884000,11.468
2026/04/29 15:44:13,885000,11.465
2026/04/29 15:44:13,886000,11.471
2026/04/29 15:44:13,887000,11.468
2026/04/29 15:44:13,888000,11.473
2026/04/29 15:44:13,889000,11.465
2026/04/29 15:44:13,890000,11.471
2026/04/29 15:44:13,891000,11.468
2026/04/29 15:44:13,892000,11.471
2026/04/29 15:44:13,893000,11.465
2026/04/29 15:44:13,894000,11.471
2026/04/29 15:44:13,895000,11.471
2026/04/29 15:44:13,896000,11.459
2026/04/29 15:44:13,897000,11.468
2026/04/29 15:44:13,898000,11.462
2026/04/29 15:44:13,899000,11.468
2026/04/29 15:44:13,900000,11.471
2026/04/29 15:44:13,901000,11.471
2026/04/29 15:44:13,902000,11.468
2026/04/29 15:44:13,903000,11.471
2026/04/29 15:44:13,904000,11.468
2026/04/29 15:44:13,905000,11.468
2026/04/29 15:44:13,906000,11.468
2026/04/29 15:44:13,907000,11.465
2026/04/29 15:44:13,908000,11.471
2026/04/29 15:44:13,909000,11.471
2026/04/29 15:44:13,910000,11.471
2026/04/29 15:44:13,911000,11.471
2026/04/29 15:44:13,912000,11.476
2026/04/29 15:44:13,913000,11.468
2026/04/29 15:44:13,914000,11.471
2026/04/29 15:44:13,915000,11.468
2026/04/29 15:44:13,916000,11.468
2026/04/29 15:44:13,917000,11.471
2026/04/29 15:44:13,918000,11.471
2026/04/29 15:44:13,919000,11.465
2026/04/29 15:44:13,920000,11.468
2026/04/29 15:44:13,921000,11.471
2026/04/29 15:44:13,922000,11.468
2026/04/29 15:44:13,923000,11.465
2026/04/29 15:44:13,924000,11.465
2026/04/29 15:44:13,925000,11.471
2026/04/29 15:44:13,926000,11.465
2026/04/29 15:44:13,927000,11.471
2026/04/29 15:44:13,928000,11.471
2026/04/29 15:44:13,929000,11.476
2026/04/29 15:44:13,930000,11.471
2026/04/29 15:44:13,931000,11.471
2026/04/29 15:44:13,932000,11.471
2026/04/29 15:44:13,933000,11.476
2026/04/29 15:44:13,934000,11.471
2026/04/29 15:44:13,935000,11.468
2026/04/29 15:44:13,936000,11.465
2026/04/29 15:44:13,937000,11.468
2026/04/29 15:44:13,938000,11.471
2026/04/29 15:44:13,939000,11.471
2026/04/29 15:44:13,940000,11.471
2026/04/29 15:44:13,941000,11.471
2026/04/29 15:44:13,942000,11.468
2026/04/29 15:44:13,943000,11.468
2026/04/29 15:44:13,944000,11.476
2026/04/29 15:44:13,945000,11.468
2026/04/29 15:44:13,946000,11.471
2026/04/29 15:44:13,947000,11.471
2026/04/29 15:44:13,948000,11.468
2026/04/29 15:44:13,949000,11.471
2026/04/29 15:44:13,950000,11.468
2026/04/29 15:44:13,951000,11.471
2026/04/29 15:44:13,952000,11.471
2026/04/29 15:44:13,953000,11.468
2026/04/29 15:44:13,954000,11.468
2026/04/29 15:44:13,955000,11.476
2026/04/29 15:44:13,956000,11.471
2026/04/29 15:44:13,957000,11.471
2026/04/29 15:44:13,958000,11.465
2026/04/29 15:44:13,959000,11.471
2026/04/29 15:44:13,960000,11.471
2026/04/29 15:44:13,961000,11.471
2026/04/29 15:44:13,962000,11.468
2026/04/29 15:44:13,963000,11.476
2026/04/29 15:44:13,964000,11.465
2026/04/29 15:44:13,965000,11.471
2026/04/29 15:44:13,966000,11.471
2026/04/29 15:44:13,967000,11.471
2026/04/29 15:44:13,968000,11.465
2026/04/29 15:44:13,969000,11.471
2026/04/29 15:44:13,970000,11.462
2026/04/29 15:44:13,971000,11.471
2026/04/29 15:44:13,972000,11.468
2026/04/29 15:44:13,973000,11.468
2026/04/29 15:44:13,974000,11.471
2026/04/29 15:44:13,975000,11.468
2026/04/29 15:44:13,976000,11.476
2026/04/29 15:44:13,977000,11.471
2026/04/29 15:44:13,978000,11.471
2026/04/29 15:44:13,979000,11.471
2026/04/29 15:44:13,980000,11.476
2026/04/29 15:44:13,981000,11.468
2026/04/29 15:44:13,982000,11.471
2026/04/29 15:44:13,983000,11.476
2026/04/29 15:44:13,984000,11.465
2026/04/29 15:44:13,985000,11.468
2026/04/29 15:44:13,986000,11.471
2026/04/29 15:44:13,987000,11.471
2026/04/29 15:44:13,988000,11.468
2026/04/29 15:44:13,989000,11.471
2026/04/29 15:44:13,990000,11.471
2026/04/29 15:44:13,991000,11.471
2026/04/29 15:44:13,992000,11.471
2026/04/29 15:44:13,993000,11.468
2026/04/29 15:44:13,994000,11.471
2026/04/29 15:44:13,995000,11.468
2026/04/29 15:44:13,996000,11.465
2026/04/29 15:44:13,997000,11.473
2026/04/29 15:44:13,998000,11.462
2026/04/29 15:44:13,999000,11.471
2026/04/29 15:44:14,000000,11.471
2026/04/29 15:44:14,001000,11.468
2026/04/29 15:44:14,002000,11.468
2026/04/29 15:44:14,003000,11.471
2026/04/29 15:44:14,004000,11.471
2026/04/29 15:44:14,005000,11.471
2026/04/29 15:44:14,006000,11.468
2026/04/29 15:44:14,007000,11.471
2026/04/29 15:44:14,008000,11.471
2026/04/29 15:44:14,009000,11.471
2026/04/29 15:44:14,010000,11.465
2026/04/29 15:44:14,011000,11.471
2026/04/29 15:44:14,012000,11.468
2026/04/29 15:44:14,013000,11.468
2026/04/29 15:44:14,014000,11.471
2026/04/29 15:44:14,015000,11.476
2026/04/29 15:44:14,016000,11.473
2026/04/29 15:44:14,017000,11.465
2026/04/29 15:44:14,018000,11.471
2026/04/29 15:44:14,019000,11.471
2026/04/29 15:44:14,020000,11.471
2026/04/29 15:44:14,021000,11.473
2026/04/29 15:44:14,022000,11.471
2026/04/29 15:44:14,023000,11.468
2026/04/29 15:44:14,024000,11.471
2026/04/29 15:44:14,025000,11.468
2026/04/29 15:44:14,026000,11.468
2026/04/29 15:44:14,027000,11.468
2026/04/29 15:44:14,028000,11.468
2026/04/29 15:44:14,029000,11.471
2026/04/29 15:44:14,030000,11.471
2026/04/29 15:44:14,031000,11.471
2026/04/29 15:44:14,032000,11.465
2026/04/29 15:44:14,033000,11.471
2026/04/29 15:44:14,034000,11.471
2026/04/29 15:44:14,035000,11.471
2026/04/29 15:44:14,036000,11.476
2026/04/29 15:44:14,037000,11.471
2026/04/29 15:44:14,038000,11.476
2026/04/29 15:44:14,039000,11.471
2026/04/29 15:44:14,040000,11.468
2026/04/29 15:44:14,041000,11.471
2026/04/29 15:44:14,042000,11.471
2026/04/29 15:44:14,043000,11.473
2026/04/29 15:44:14,044000,11.468
2026/04/29 15:44:14,045000,11.468
2026/04/29 15:44:14,046000,11.468
2026/04/29 15:44:14,047000,11.471
2026/04/29 15:44:14,048000,11.471
2026/04/29 15:44:14,049000,11.471
2026/04/29 15:44:14,050000,11.471
2026/04/29 15:44:14,051000,11.476
2026/04/29 15:44:14,052000,11.468
2026/04/29 15:44:14,053000,11.471
2026/04/29 15:44:14,054000,11.471
2026/04/29 15:44:14,055000,11.471
2026/04/29 15:44:14,056000,11.471
2026/04/29 15:44:14,057000,11.471
2026/04/29 15:44:14,058000,11.471
2026/04/29 15:44:14,059000,11.476
2026/04/29 15:44:14,060000,11.471
2026/04/29 15:44:14,061000,11.471
2026/04/29 15:44:14,062000,11.479
2026/04/29 15:44:14,063000,11.471
2026/04/29 15:44:14,064000,11.468
2026/04/29 15:44:14,065000,11.471
2026/04/29 15:44:14,066000,11.473
2026/04/29 15:44:14,067000,11.471
2026/04/29 15:44:14,068000,11.471
2026/04/29 15:44:14,069000,11.471
2026/04/29 15:44:14,070000,11.454
2026/04/29 15:44:14,071000,11.476
2026/04/29 15:44:14,072000,11.471
2026/04/29 15:44:14,073000,11.471
2026/04/29 15:44:14,074000,11.468
2026/04/29 15:44:14,075000,11.471
2026/04/29 15:44:14,076000,11.471
2026/04/29 15:44:14,077000,11.471
2026/04/29 15:44:14,078000,11.471
2026/04/29 15:44:14,079000,11.471
2026/04/29 15:44:14,080000,11.476
2026/04/29 15:44:14,081000,11.471
2026/04/29 15:44:14,082000,11.471
2026/04/29 15:44:14,083000,11.479
2026/04/29 15:44:14,084000,11.471
2026/04/29 15:44:14,085000,11.471
2026/04/29 15:44:14,086000,11.471
2026/04/29 15:44:14,087000,11.479
2026/04/29 15:44:14,088000,11.476
2026/04/29 15:44:14,089000,11.471
2026/04/29 15:44:14,090000,11.471
2026/04/29 15:44:14,091000,11.471
2026/04/29 15:44:14,092000,11.471
2026/04/29 15:44:14,093000,11.476
2026/04/29 15:44:14,094000,11.476
2026/04/29 15:44:14,095000,11.471
2026/04/29 15:44:14,096000,11.476
2026/04/29 15:44:14,097000,11.473
2026/04/29 15:44:14,098000,11.471
2026/04/29 15:44:14,099000,11.476
2026/04/29 15:44:14,100000,11.471
2026/04/29 15:44:14,101000,11.471
2026/04/29 15:44:14,102000,11.471
2026/04/29 15:44:14,103000,11.476
2026/04/29 15:44:14,104000,11.471
2026/04/29 15:44:14,105000,11.471
2026/04/29 15:44:14,106000,11.465
2026/04/29 15:44:14,107000,11.471
2026/04/29 15:44:14,108000,11.476
2026/04/29 15:44:14,109000,11.479
2026/04/29 15:44:14,110000,11.471
2026/04/29 15:44:14,111000,11.476
2026/04/29 15:44:14,112000,11.468
2026/04/29 15:44:14,113000,11.468
2026/04/29 15:44:14,114000,11.476
2026/04/29 15:44:14,115000,11.471
2026/04/29 15:44:14,116000,11.471
2026/04/29 15:44:14,117000,11.471
2026/04/29 15:44:14,118000,11.476
2026/04/29 15:44:14,119000,11.471
2026/04/29 15:44:14,120000,11.471
2026/04/29 15:44:14,121000,11.471
2026/04/29 15:44:14,122000,11.471
2026/04/29 15:44:14,123000,11.468
2026/04/29 15:44:14,124000,11.471
2026/04/29 15:44:14,125000,11.468
2026/04/29 15:44:14,126000,11.471
2026/04/29 15:44:14,127000,11.476
2026/04/29 15:44:14,128000,11.471
2026/04/29 15:44:14,129000,11.471
2026/04/29 15:44:14,130000,11.479
2026/04/29 15:44:14,131000,11.468
2026/04/29 15:44:14,132000,11.468
2026/04/29 15:44:14,133000,11.468
2026/04/29 15:44:14,134000,11.471
2026/04/29 15:44:14,135000,11.471
2026/04/29 15:44:14,136000,11.471
2026/04/29 15:44:14,137000,11.471
2026/04/29 15:44:14,138000,11.471
2026/04/29 15:44:14,139000,11.471
2026/04/29 15:44:14,140000,11.471
2026/04/29 15:44:14,141000,11.465
2026/04/29 15:44:14,142000,11.471
2026/04/29 15:44:14,143000,11.471
2026/04/29 15:44:14,144000,11.471
2026/04/29 15:44:14,145000,11.471
2026/04/29 15:44:14,146000,11.476
2026/04/29 15:44:14,147000,11.476
2026/04/29 15:44:14,148000,11.471
2026/04/29 15:44:14,149000,11.471
2026/04/29 15:44:14,150000,11.468
2026/04/29 15:44:14,151000,11.471
2026/04/29 15:44:14,152000,11.476
2026/04/29 15:44:14,153000,11.476
2026/04/29 15:44:14,154000,11.479
2026/04/29 15:44:14,155000,11.479
2026/04/29 15:44:14,156000,11.471
2026/04/29 15:44:14,157000,11.476
2026/04/29 15:44:14,158000,11.471
2026/04/29 15:44:14,159000,11.471
2026/04/29 15:44:14,160000,11.476
2026/04/29 15:44:14,161000,11.476
2026/04/29 15:44:14,162000,11.471
2026/04/29 15:44:14,163000,11.473
2026/04/29 15:44:14,164000,11.471
2026/04/29 15:44:14,165000,11.471
2026/04/29 15:44:14,166000,11.471
2026/04/29 15:44:14,167000,11.471
2026/04/29 15:44:14,168000,11.468
2026/04/29 15:44:14,169000,11.471
2026/04/29 15:44:14,170000,11.473
2026/04/29 15:44:14,171000,11.471
2026/04/29 15:44:14,172000,11.476
2026/04/29 15:44:14,173000,11.476
2026/04/29 15:44:14,174000,11.473
2026/04/29 15:44:14,175000,11.468
2026/04/29 15:44:14,176000,11.471
2026/04/29 15:44:14,177000,11.468
2026/04/29 15:44:14,178000,11.468
2026/04/29 15:44:14,179000,11.471
2026/04/29 15:44:14,180000,11.471
2026/04/29 15:44:14,181000,11.473
2026/04/29 15:44:14,182000,11.468
2026/04/29 15:44:14,183000,11.479
2026/04/29 15:44:14,184000,11.471
2026/04/29 15:44:14,185000,11.471
2026/04/29 15:44:14,186000,11.473
2026/04/29 15:44:14,187000,11.471
2026/04/29 15:44:14,188000,11.471
2026/04/29 15:44:14,189000,11.471
2026/04/29 15:44:14,190000,11.479
2026/04/29 15:44:14,191000,11.473
2026/04/29 15:44:14,192000,11.471
2026/04/29 15:44:14,193000,11.471
2026/04/29 15:44:14,194000,11.471
2026/04/29 15:44:14,195000,11.471
2026/04/29 15:44:14,196000,11.468
2026/04/29 15:44:14,197000,11.473
2026/04/29 15:44:14,198000,11.468
2026/04/29 15:44:14,199000,11.471
2026/04/29 15:44:14,200000,11.471
2026/04/29 15:44:14,201000,11.471
2026/04/29 15:44:14,202000,11.471
2026/04/29 15:44:14,203000,11.471
2026/04/29 15:44:14,204000,11.476
2026/04/29 15:44:14,205000,11.468
2026/04/29 15:44:14,206000,11.473
2026/04/29 15:44:14,207000,11.473
2026/04/29 15:44:14,208000,11.468
2026/04/29 15:44:14,209000,11.473
2026/04/29 15:44:14,210000,11.471
2026/04/29 15:44:14,211000,11.468
2026/04/29 15:44:14,212000,11.471
2026/04/29 15:44:14,213000,11.471
2026/04/29 15:44:14,214000,11.476
2026/04/29 15:44:14,215000,11.482
2026/04/29 15:44:14,216000,11.465
2026/04/29 15:44:14,217000,11.476
2026/04/29 15:44:14,218000,11.468
2026/04/29 15:44:14,219000,11.471
2026/04/29 15:44:14,220000,11.471
2026/04/29 15:44:14,221000,11.471
2026/04/29 15:44:14,222000,11.471
2026/04/29 15:44:14,223000,11.471
2026/04/29 15:44:14,224000,11.468
2026/04/29 15:44:14,225000,11.471
2026/04/29 15:44:14,226000,11.471
2026/04/29 15:44:14,227000,11.471
2026/04/29 15:44:14,228000,11.471
2026/04/29 15:44:14,229000,11.468
2026/04/29 15:44:14,230000,11.471
2026/04/29 15:44:14,231000,11.471
2026/04/29 15:44:14,232000,11.465
2026/04/29 15:44:14,233000,11.471
2026/04/29 15:44:14,234000,11.471
2026/04/29 15:44:14,235000,11.468
2026/04/29 15:44:14,236000,11.473
2026/04/29 15:44:14,237000,11.473
2026/04/29 15:44:14,238000,11.471
2026/04/29 15:44:14,239000,11.468
2026/04/29 15:44:14,240000,11.471
2026/04/29 15:44:14,241000,11.471
2026/04/29 15:44:14,242000,11.471
2026/04/29 15:44:14,243000,11.468
2026/04/29 15:44:14,244000,11.471
2026/04/29 15:44:14,245000,11.476
2026/04/29 15:44:14,246000,11.471
2026/04/29 15:44:14,247000,11.465
2026/04/29 15:44:14,248000,11.468
2026/04/29 15:44:14,249000,11.473
2026/04/29 15:44:14,250000,11.471
2026/04/29 15:44:14,251000,11.473
2026/04/29 15:44:14,252000,11.468
2026/04/29 15:44:14,253000,11.465
2026/04/29 15:44:14,254000,11.471
2026/04/29 15:44:14,255000,11.471
2026/04/29 15:44:14,256000,11.468
2026/04/29 15:44:14,257000,11.468
2026/04/29 15:44:14,258000,11.471
2026/04/29 15:44:14,259000,11.471
2026/04/29 15:44:14,260000,11.479
2026/04/29 15:44:14,261000,11.471
2026/04/29 15:44:14,262000,11.476
2026/04/29 15:44:14,263000,11.471
2026/04/29 15:44:14,264000,11.468
2026/04/29 15:44:14,265000,11.468
2026/04/29 15:44:14,266000,11.468
2026/04/29 15:44:14,267000,11.471
2026/04/29 15:44:14,268000,11.476
2026/04/29 15:44:14,269000,11.471
2026/04/29 15:44:14,270000,11.468
2026/04/29 15:44:14,271000,11.471
2026/04/29 15:44:14,272000,11.459
2026/04/29 15:44:14,273000,11.471
2026/04/29 15:44:14,274000,11.471
2026/04/29 15:44:14,275000,11.471
2026/04/29 15:44:14,276000,11.473
2026/04/29 15:44:14,277000,11.473
2026/04/29 15:44:14,278000,11.462
2026/04/29 15:44:14,279000,11.471
2026/04/29 15:44:14,280000,11.471
2026/04/29 15:44:14,281000,11.468
2026/04/29 15:44:14,282000,11.468
2026/04/29 15:44:14,283000,11.473
2026/04/29 15:44:14,284000,11.468
2026/04/29 15:44:14,285000,11.471
2026/04/29 15:44:14,286000,11.468
2026/04/29 15:44:14,287000,11.471
2026/04/29 15:44:14,288000,11.476
2026/04/29 15:44:14,289000,11.471
2026/04/29 15:44:14,290000,11.476
2026/04/29 15:44:14,291000,11.473
2026/04/29 15:44:14,292000,11.471
2026/04/29 15:44:14,293000,11.462
2026/04/29 15:44:14,294000,11.471
2026/04/29 15:44:14,295000,11.473
2026/04/29 15:44:14,296000,11.473
2026/04/29 15:44:14,297000,11.471
2026/04/29 15:44:14,298000,11.468
2026/04/29 15:44:14,299000,11.468
2026/04/29 15:44:14,300000,11.479
2026/04/29 15:44:14,301000,11.468
2026/04/29 15:44:14,302000,11.465
2026/04/29 15:44:14,303000,11.468
2026/04/29 15:44:14,304000,11.471
2026/04/29 15:44:14,305000,11.471
2026/04/29 15:44:14,306000,11.468
2026/04/29 15:44:14,307000,11.471
2026/04/29 15:44:14,308000,11.471
2026/04/29 15:44:14,309000,11.465
2026/04/29 15:44:14,310000,11.465
2026/04/29 15:44:14,311000,11.468
2026/04/29 15:44:14,312000,11.471
2026/04/29 15:44:14,313000,11.468
2026/04/29 15:44:14,314000,11.465
2026/04/29 15:44:14,315000,11.473
2026/04/29 15:44:14,316000,11.471
2026/04/29 15:44:14,317000,11.468
2026/04/29 15:44:14,318000,11.471
2026/04/29 15:44:14,319000,11.471
2026/04/29 15:44:14,320000,11.471
2026/04/29 15:44:14,321000,11.471
2026/04/29 15:44:14,322000,11.471
2026/04/29 15:44:14,323000,11.471
2026/04/29 15:44:14,324000,11.468
2026/04/29 15:44:14,325000,11.468
2026/04/29 15:44:14,326000,11.476
2026/04/29 15:44:14,327000,11.471
2026/04/29 15:44:14,328000,11.465
2026/04/29 15:44:14,329000,11.471
2026/04/29 15:44:14,330000,11.476
2026/04/29 15:44:14,331000,11.468
2026/04/29 15:44:14,332000,11.465
2026/04/29 15:44:14,333000,11.468
2026/04/29 15:44:14,334000,11.471
2026/04/29 15:44:14,335000,11.468
2026/04/29 15:44:14,336000,11.468
2026/04/29 15:44:14,337000,11.471
2026/04/29 15:44:14,338000,11.476
2026/04/29 15:44:14,339000,11.468
2026/04/29 15:44:14,340000,11.462
2026/04/29 15:44:14,341000,11.471
2026/04/29 15:44:14,342000,11.471
2026/04/29 15:44:14,343000,11.471
2026/04/29 15:44:14,344000,11.471
2026/04/29 15:44:14,345000,11.468
2026/04/29 15:44:14,346000,11.471
2026/04/29 15:44:14,347000,11.465
2026/04/29 15:44:14,348000,11.468
2026/04/29 15:44:14,349000,11.471
2026/04/29 15:44:14,350000,11.468
2026/04/29 15:44:14,351000,11.468
2026/04/29 15:44:14,352000,11.468
2026/04/29 15:44:14,353000,11.465
2026/04/29 15:44:14,354000,11.471
2026/04/29 15:44:14,355000,11.471
2026/04/29 15:44:14,356000,11.462
2026/04/29 15:44:14,357000,11.471
2026/04/29 15:44:14,358000,11.473
2026/04/29 15:44:14,359000,11.471
2026/04/29 15:44:14,360000,11.468
2026/04/29 15:44:14,361000,11.476
2026/04/29 15:44:14,362000,11.468
2026/04/29 15:44:14,363000,11.468
2026/04/29 15:44:14,364000,11.471
2026/04/29 15:44:14,365000,11.473
2026/04/29 15:44:14,366000,11.468
2026/04/29 15:44:14,367000,11.465
2026/04/29 15:44:14,368000,11.468
2026/04/29 15:44:14,369000,11.471
2026/04/29 15:44:14,370000,11.471
2026/04/29 15:44:14,371000,11.471
2026/04/29 15:44:14,372000,11.471
2026/04/29 15:44:14,373000,11.468
2026/04/29 15:44:14,374000,11.471
2026/04/29 15:44:14,375000,11.471
2026/04/29 15:44:14,376000,11.471
2026/04/29 15:44:14,377000,11.468
2026/04/29 15:44:14,378000,11.471
2026/04/29 15:44:14,379000,11.468
2026/04/29 15:44:14,380000,11.465
2026/04/29 15:44:14,381000,11.471
2026/04/29 15:44:14,382000,11.473
2026/04/29 15:44:14,383000,11.462
2026/04/29 15:44:14,384000,11.468
2026/04/29 15:44:14,385000,11.468
2026/04/29 15:44:14,386000,11.471
2026/04/29 15:44:14,387000,11.471
2026/04/29 15:44:14,388000,11.471
2026/04/29 15:44:14,389000,11.468
2026/04/29 15:44:14,390000,11.471
2026/04/29 15:44:14,391000,11.468
2026/04/29 15:44:14,392000,11.468
2026/04/29 15:44:14,393000,11.471
2026/04/29 15:44:14,394000,11.471
2026/04/29 15:44:14,395000,11.471
2026/04/29 15:44:14,396000,11.465
2026/04/29 15:44:14,397000,11.471
2026/04/29 15:44:14,398000,11.468
2026/04/29 15:44:14,399000,11.471
2026/04/29 15:44:14,400000,11.465
2026/04/29 15:44:14,401000,11.471
2026/04/29 15:44:14,402000,11.468
2026/04/29 15:44:14,403000,11.473
2026/04/29 15:44:14,404000,11.471
2026/04/29 15:44:14,405000,11.465
2026/04/29 15:44:14,406000,11.471
2026/04/29 15:44:14,407000,11.471
2026/04/29 15:44:14,408000,11.468
2026/04/29 15:44:14,409000,11.468
2026/04/29 15:44:14,410000,11.468
2026/04/29 15:44:14,411000,11.468
2026/04/29 15:44:14,412000,11.471
2026/04/29 15:44:14,413000,11.468
2026/04/29 15:44:14,414000,11.471
2026/04/29 15:44:14,415000,11.465
2026/04/29 15:44:14,416000,11.462
2026/04/29 15:44:14,417000,11.471
2026/04/29 15:44:14,418000,11.465
2026/04/29 15:44:14,419000,11.476
2026/04/29 15:44:14,420000,11.471
2026/04/29 15:44:14,421000,11.465
2026/04/29 15:44:14,422000,11.471
2026/04/29 15:44:14,423000,11.468
2026/04/29 15:44:14,424000,11.468
2026/04/29 15:44:14,425000,11.471
2026/04/29 15:44:14,426000,11.476
2026/04/29 15:44:14,427000,11.471
2026/04/29 15:44:14,428000,11.465
2026/04/29 15:44:14,429000,11.465
2026/04/29 15:44:14,430000,11.471
2026/04/29 15:44:14,431000,11.471
2026/04/29 15:44:14,432000,11.468
2026/04/29 15:44:14,433000,11.468
2026/04/29 15:44:14,434000,11.471
2026/04/29 15:44:14,435000,11.471
2026/04/29 15:44:14,436000,11.471
2026/04/29 15:44:14,437000,11.465
2026/04/29 15:44:14,438000,11.468
2026/04/29 15:44:14,439000,11.465
2026/04/29 15:44:14,440000,11.473
2026/04/29 15:44:14,441000,11.465
2026/04/29 15:44:14,442000,11.471
2026/04/29 15:44:14,443000,11.471
2026/04/29 15:44:14,444000,11.471
2026/04/29 15:44:14,445000,11.468
2026/04/29 15:44:14,446000,11.468
2026/04/29 15:44:14,447000,11.465
2026/04/29 15:44:14,448000,11.476
2026/04/29 15:44:14,449000,11.471
2026/04/29 15:44:14,450000,11.465
2026/04/29 15:44:14,451000,11.465
2026/04/29 15:44:14,452000,11.471
2026/04/29 15:44:14,453000,11.476
2026/04/29 15:44:14,454000,11.462
2026/04/29 15:44:14,455000,11.471
2026/04/29 15:44:14,456000,11.471
2026/04/29 15:44:14,457000,11.476
2026/04/29 15:44:14,458000,11.468
2026/04/29 15:44:14,459000,11.471
2026/04/29 15:44:14,460000,11.471
2026/04/29 15:44:14,461000,11.468
2026/04/29 15:44:14,462000,11.468
2026/04/29 15:44:14,463000,11.473
2026/04/29 15:44:14,464000,11.468
2026/04/29 15:44:14,465000,11.471
2026/04/29 15:44:14,466000,11.465
2026/04/29 15:44:14,467000,11.473
2026/04/29 15:44:14,468000,11.468
2026/04/29 15:44:14,469000,11.476
2026/04/29 15:44:14,470000,11.471
2026/04/29 15:44:14,471000,11.468
2026/04/29 15:44:14,472000,11.468
2026/04/29 15:44:14,473000,11.468
2026/04/29 15:44:14,474000,11.479
2026/04/29 15:44:14,475000,11.476
2026/04/29 15:44:14,476000,11.476
2026/04/29 15:44:14,477000,11.468
2026/04/29 15:44:14,478000,11.468
2026/04/29 15:44:14,479000,11.471
2026/04/29 15:44:14,480000,11.471
2026/04/29 15:44:14,481000,11.468
2026/04/29 15:44:14,482000,11.468
2026/04/29 15:44:14,483000,11.471
2026/04/29 15:44:14,484000,11.471
2026/04/29 15:44:14,485000,11.471
2026/04/29 15:44:14,486000,11.476
2026/04/29 15:44:14,487000,11.471
2026/04/29 15:44:14,488000,11.468
2026/04/29 15:44:14,489000,11.471
2026/04/29 15:44:14,490000,11.471
2026/04/29 15:44:14,491000,11.471
2026/04/29 15:44:14,492000,11.471
2026/04/29 15:44:14,493000,11.476
2026/04/29 15:44:14,494000,11.471
2026/04/29 15:44:14,495000,11.468
2026/04/29 15:44:14,496000,11.471
2026/04/29 15:44:14,497000,11.471
2026/04/29 15:44:14,498000,11.465
2026/04/29 15:44:14,499000,11.471
2026/04/29 15:44:14,500000,11.476
2026/04/29 15:44:14,501000,11.471
2026/04/29 15:44:14,502000,11.471
2026/04/29 15:44:14,503000,11.471
2026/04/29 15:44:14,504000,11.468
2026/04/29 15:44:14,505000,11.471
2026/04/29 15:44:14,506000,11.479
2026/04/29 15:44:14,507000,11.471
2026/04/29 15:44:14,508000,11.471
2026/04/29 15:44:14,509000,11.471
2026/04/29 15:44:14,510000,11.471
2026/04/29 15:44:14,511000,11.471
2026/04/29 15:44:14,512000,11.471
2026/04/29 15:44:14,513000,11.468
2026/04/29 15:44:14,514000,11.471
2026/04/29 15:44:14,515000,11.471
2026/04/29 15:44:14,516000,11.471
2026/04/29 15:44:14,517000,11.468
2026/04/29 15:44:14,518000,11.471
2026/04/29 15:44:14,519000,11.471
2026/04/29 15:44:14,520000,11.468
2026/04/29 15:44:14,521000,11.471
2026/04/29 15:44:14,522000,11.471
2026/04/29 15:44:14,523000,11.468
2026/04/29 15:44:14,524000,11.471
2026/04/29 15:44:14,525000,11.468
2026/04/29 15:44:14,526000,11.471
2026/04/29 15:44:14,527000,11.473
2026/04/29 15:44:14,528000,11.471
2026/04/29 15:44:14,529000,11.471
2026/04/29 15:44:14,530000,11.476
2026/04/29 15:44:14,531000,11.473
2026/04/29 15:44:14,532000,11.471
2026/04/29 15:44:14,533000,11.476
2026/04/29 15:44:14,534000,11.471
2026/04/29 15:44:14,535000,11.468
2026/04/29 15:44:14,536000,11.476
2026/04/29 15:44:14,537000,11.473
2026/04/29 15:44:14,538000,11.465
2026/04/29 15:44:14,539000,11.471
2026/04/29 15:44:14,540000,11.471
2026/04/29 15:44:14,541000,11.473
2026/04/29 15:44:14,542000,11.468
2026/04/29 15:44:14,543000,11.471
2026/04/29 15:44:14,544000,11.468
2026/04/29 15:44:14,545000,11.471
2026/04/29 15:44:14,546000,11.471
2026/04/29 15:44:14,547000,11.476
2026/04/29 15:44:14,548000,11.471
2026/04/29 15:44:14,549000,11.471
2026/04/29 15:44:14,550000,11.473
2026/04/29 15:44:14,551000,11.471
2026/04/29 15:44:14,552000,11.468
2026/04/29 15:44:14,553000,11.468
2026/04/29 15:44:14,554000,11.471
2026/04/29 15:44:14,555000,11.471
2026/04/29 15:44:14,556000,11.471
2026/04/29 15:44:14,557000,11.468
2026/04/29 15:44:14,558000,11.471
2026/04/29 15:44:14,559000,11.468
2026/04/29 15:44:14,560000,11.471
2026/04/29 15:44:14,561000,11.468
2026/04/29 15:44:14,562000,11.471
2026/04/29 15:44:14,563000,11.468
2026/04/29 15:44:14,564000,11.465
2026/04/29 15:44:14,565000,11.476
2026/04/29 15:44:14,566000,11.468
2026/04/29 15:44:14,567000,11.471
2026/04/29 15:44:14,568000,11.468
2026/04/29 15:44:14,569000,11.476
2026/04/29 15:44:14,570000,11.471
2026/04/29 15:44:14,571000,11.471
2026/04/29 15:44:14,572000,11.468
2026/04/29 15:44:14,573000,11.471
2026/04/29 15:44:14,574000,11.476
2026/04/29 15:44:14,575000,11.473
2026/04/29 15:44:14,576000,11.471
2026/04/29 15:44:14,577000,11.471
2026/04/29 15:44:14,578000,11.471
2026/04/29 15:44:14,579000,11.476
2026/04/29 15:44:14,580000,11.476
2026/04/29 15:44:14,581000,11.471
2026/04/29 15:44:14,582000,11.465
2026/04/29 15:44:14,583000,11.471
2026/04/29 15:44:14,584000,11.476
2026/04/29 15:44:14,585000,11.479
2026/04/29 15:44:14,586000,11.468
2026/04/29 15:44:14,587000,11.471
2026/04/29 15:44:14,588000,11.471
2026/04/29 15:44:14,589000,11.471
2026/04/29 15:44:14,590000,11.471
2026/04/29 15:44:14,591000,11.476
2026/04/29 15:44:14,592000,11.471
2026/04/29 15:44:14,593000,11.468
2026/04/29 15:44:14,594000,11.473
2026/04/29 15:44:14,595000,11.471
2026/04/29 15:44:14,596000,11.468
2026/04/29 15:44:14,597000,11.473
2026/04/29 15:44:14,598000,11.482
2026/04/29 15:44:14,599000,11.473
2026/04/29 15:44:14,600000,11.471
2026/04/29 15:44:14,601000,11.468
2026/04/29 15:44:14,602000,11.471
2026/04/29 15:44:14,603000,11.471
2026/04/29 15:44:14,604000,11.471
2026/04/29 15:44:14,605000,11.471
2026/04/29 15:44:14,606000,11.471
2026/04/29 15:44:14,607000,11.479
2026/04/29 15:44:14,608000,11.473
2026/04/29 15:44:14,609000,11.476
2026/04/29 15:44:14,610000,11.473
2026/04/29 15:44:14,611000,11.476
2026/04/29 15:44:14,612000,11.476
2026/04/29 15:44:14,613000,11.465
2026/04/29 15:44:14,614000,11.471
2026/04/29 15:44:14,615000,11.476
2026/04/29 15:44:14,616000,11.471
2026/04/29 15:44:14,617000,11.468
2026/04/29 15:44:14,618000,11.468
2026/04/29 15:44:14,619000,11.476
2026/04/29 15:44:14,620000,11.471
2026/04/29 15:44:14,621000,11.471
2026/04/29 15:44:14,622000,11.471
2026/04/29 15:44:14,623000,11.471
2026/04/29 15:44:14,624000,11.471
2026/04/29 15:44:14,625000,11.471
2026/04/29 15:44:14,626000,11.471
2026/04/29 15:44:14,627000,11.468
2026/04/29 15:44:14,628000,11.471
2026/04/29 15:44:14,629000,11.476
2026/04/29 15:44:14,630000,11.471
2026/04/29 15:44:14,631000,11.471
2026/04/29 15:44:14,632000,11.471
2026/04/29 15:44:14,633000,11.473
2026/04/29 15:44:14,634000,11.471
2026/04/29 15:44:14,635000,11.471
2026/04/29 15:44:14,636000,11.476
2026/04/29 15:44:14,637000,11.465
2026/04/29 15:44:14,638000,11.473
2026/04/29 15:44:14,639000,11.473
2026/04/29 15:44:14,640000,11.468
2026/04/29 15:44:14,641000,11.471
2026/04/29 15:44:14,642000,11.471
2026/04/29 15:44:14,643000,11.482
2026/04/29 15:44:14,644000,11.471
2026/04/29 15:44:14,645000,11.468
2026/04/29 15:44:14,646000,11.473
2026/04/29 15:44:14,647000,11.471
2026/04/29 15:44:14,648000,11.471
2026/04/29 15:44:14,649000,11.468
2026/04/29 15:44:14,650000,11.471
2026/04/29 15:44:14,651000,11.471
2026/04/29 15:44:14,652000,11.471
2026/04/29 15:44:14,653000,11.468
2026/04/29 15:44:14,654000,11.471
2026/04/29 15:44:14,655000,11.479
2026/04/29 15:44:14,656000,11.465
2026/04/29 15:44:14,657000,11.471
2026/04/29 15:44:14,658000,11.471
2026/04/29 15:44:14,659000,11.471
2026/04/29 15:44:14,660000,11.473
2026/04/29 15:44:14,661000,11.471
2026/04/29 15:44:14,662000,11.473
2026/04/29 15:44:14,663000,11.471
2026/04/29 15:44:14,664000,11.471
2026/04/29 15:44:14,665000,11.468
2026/04/29 15:44:14,666000,11.476
2026/04/29 15:44:14,667000,11.471
2026/04/29 15:44:14,668000,11.471
2026/04/29 15:44:14,669000,11.471
2026/04/29 15:44:14,670000,11.468
2026/04/29 15:44:14,671000,11.476
2026/04/29 15:44:14,672000,11.468
2026/04/29 15:44:14,673000,11.471
2026/04/29 15:44:14,674000,11.471
2026/04/29 15:44:14,675000,11.468
2026/04/29 15:44:14,676000,11.468
2026/04/29 15:44:14,677000,11.473
2026/04/29 15:44:14,678000,11.471
2026/04/29 15:44:14,679000,11.471
2026/04/29 15:44:14,680000,11.473
2026/04/29 15:44:14,681000,11.462
2026/04/29 15:44:14,682000,11.465
2026/04/29 15:44:14,683000,11.468
2026/04/29 15:44:14,684000,11.471
2026/04/29 15:44:14,685000,11.471
2026/04/29 15:44:14,686000,11.471
2026/04/29 15:44:14,687000,11.473
2026/04/29 15:44:14,688000,11.468
2026/04/29 15:44:14,689000,11.473
2026/04/29 15:44:14,690000,11.471
2026/04/29 15:44:14,691000,11.476
2026/04/29 15:44:14,692000,11.471
2026/04/29 15:44:14,693000,11.471
2026/04/29 15:44:14,694000,11.471
2026/04/29 15:44:14,695000,11.471
2026/04/29 15:44:14,696000,11.471
2026/04/29 15:44:14,697000,11.471
2026/04/29 15:44:14,698000,11.468
2026/04/29 15:44:14,699000,11.473
2026/04/29 15:44:14,700000,11.471
2026/04/29 15:44:14,701000,11.468
2026/04/29 15:44:14,702000,11.471
2026/04/29 15:44:14,703000,11.479
2026/04/29 15:44:14,704000,11.471
2026/04/29 15:44:14,705000,11.471
2026/04/29 15:44:14,706000,11.468
2026/04/29 15:44:14,707000,11.465
2026/04/29 15:44:14,708000,11.468
2026/04/29 15:44:14,709000,11.471
2026/04/29 15:44:14,710000,11.471
2026/04/29 15:44:14,711000,11.471
2026/04/29 15:44:14,712000,11.471
2026/04/29 15:44:14,713000,11.471
2026/04/29 15:44:14,714000,11.473
2026/04/29 15:44:14,715000,11.473
2026/04/29 15:44:14,716000,11.471
2026/04/29 15:44:14,717000,11.476
2026/04/29 15:44:14,718000,11.471
2026/04/29 15:44:14,719000,11.471
2026/04/29 15:44:14,720000,11.471
2026/04/29 15:44:14,721000,11.471
2026/04/29 15:44:14,722000,11.468
2026/04/29 15:44:14,723000,11.471
2026/04/29 15:44:14,724000,11.471
2026/04/29 15:44:14,725000,11.471
2026/04/29 15:44:14,726000,11.473
2026/04/29 15:44:14,727000,11.479
2026/04/29 15:44:14,728000,11.471
2026/04/29 15:44:14,729000,11.476
2026/04/29 15:44:14,730000,11.471
2026/04/29 15:44:14,731000,11.471
2026/04/29 15:44:14,732000,11.476
2026/04/29 15:44:14,733000,11.471
2026/04/29 15:44:14,734000,11.473
2026/04/29 15:44:14,735000,11.479
2026/04/29 15:44:14,736000,11.471
2026/04/29 15:44:14,737000,11.471
2026/04/29 15:44:14,738000,11.471
2026/04/29 15:44:14,739000,11.476
2026/04/29 15:44:14,740000,11.473
2026/04/29 15:44:14,741000,11.471
2026/04/29 15:44:14,742000,11.468
2026/04/29 15:44:14,743000,11.471
2026/04/29 15:44:14,744000,11.471
2026/04/29 15:44:14,745000,11.476
2026/04/29 15:44:14,746000,11.471
2026/04/29 15:44:14,747000,11.471
2026/04/29 15:44:14,748000,11.468
2026/04/29 15:44:14,749000,11.473
2026/04/29 15:44:14,750000,11.471
2026/04/29 15:44:14,751000,11.473
2026/04/29 15:44:14,752000,11.471
2026/04/29 15:44:14,753000,11.473
2026/04/29 15:44:14,754000,11.468
2026/04/29 15:44:14,755000,11.471
2026/04/29 15:44:14,756000,11.471
2026/04/29 15:44:14,757000,11.473
2026/04/29 15:44:14,758000,11.468
2026/04/29 15:44:14,759000,11.465
2026/04/29 15:44:14,760000,11.471
2026/04/29 15:44:14,761000,11.479
2026/04/29 15:44:14,762000,11.471
2026/04/29 15:44:14,763000,11.471
2026/04/29 15:44:14,764000,11.471
2026/04/29 15:44:14,765000,11.462
2026/04/29 15:44:14,766000,11.471
2026/04/29 15:44:14,767000,11.473
2026/04/29 15:44:14,768000,11.468
2026/04/29 15:44:14,769000,11.471
2026/04/29 15:44:14,770000,11.471
2026/04/29 15:44:14,771000,11.473
2026/04/29 15:44:14,772000,11.471
2026/04/29 15:44:14,773000,11.468
2026/04/29 15:44:14,774000,11.476
2026/04/29 15:44:14,775000,11.473
2026/04/29 15:44:14,776000,11.471
2026/04/29 15:44:14,777000,11.473
2026/04/29 15:44:14,778000,11.468
2026/04/29 15:44:14,779000,11.473
2026/04/29 15:44:14,780000,11.473
2026/04/29 15:44:14,781000,11.476
2026/04/29 15:44:14,782000,11.479
2026/04/29 15:44:14,783000,11.465
2026/04/29 15:44:14,784000,11.476
2026/04/29 15:44:14,785000,11.468
2026/04/29 15:44:14,786000,11.476
2026/04/29 15:44:14,787000,11.476
2026/04/29 15:44:14,788000,11.471
2026/04/29 15:44:14,789000,11.473
2026/04/29 15:44:14,790000,11.471
2026/04/29 15:44:14,791000,11.471
2026/04/29 15:44:14,792000,11.471
2026/04/29 15:44:14,793000,11.471
2026/04/29 15:44:14,794000,11.473
2026/04/29 15:44:14,795000,11.471
2026/04/29 15:44:14,796000,11.468
2026/04/29 15:44:14,797000,11.468
2026/04/29 15:44:14,798000,11.471
2026/04/29 15:44:14,799000,11.471
2026/04/29 15:44:14,800000,11.473
2026/04/29 15:44:14,801000,11.471
2026/04/29 15:44:14,802000,11.473
2026/04/29 15:44:14,803000,11.471
2026/04/29 15:44:14,804000,11.465
2026/04/29 15:44:14,805000,11.476
2026/04/29 15:44:14,806000,11.473
2026/04/29 15:44:14,807000,11.476
2026/04/29 15:44:14,808000,11.471
2026/04/29 15:44:14,809000,11.476
2026/04/29 15:44:14,810000,11.468
2026/04/29 15:44:14,811000,11.471
2026/04/29 15:44:14,812000,11.471
2026/04/29 15:44:14,813000,11.476
2026/04/29 15:44:14,814000,11.479
2026/04/29 15:44:14,815000,11.476
2026/04/29 15:44:14,816000,11.479
2026/04/29 15:44:14,817000,11.465
2026/04/29 15:44:14,818000,11.468
2026/04/29 15:44:14,819000,11.476
2026/04/29 15:44:14,820000,11.471
2026/04/29 15:44:14,821000,11.473
2026/04/29 15:44:14,822000,11.471
2026/04/29 15:44:14,823000,11.479
2026/04/29 15:44:14,824000,11.471
2026/04/29 15:44:14,825000,11.471
2026/04/29 15:44:14,826000,11.476
2026/04/29 15:44:14,827000,11.471
2026/04/29 15:44:14,828000,11.471
2026/04/29 15:44:14,829000,11.479
2026/04/29 15:44:14,830000,11.468
2026/04/29 15:44:14,831000,11.462
2026/04/29 15:44:14,832000,11.471
2026/04/29 15:44:14,833000,11.476
2026/04/29 15:44:14,834000,11.471
2026/04/29 15:44:14,835000,11.471
2026/04/29 15:44:14,836000,11.468
2026/04/29 15:44:14,837000,11.471
2026/04/29 15:44:14,838000,11.471
2026/04/29 15:44:14,839000,11.471
2026/04/29 15:44:14,840000,11.476
2026/04/29 15:44:14,841000,11.473
2026/04/29 15:44:14,842000,11.479
2026/04/29 15:44:14,843000,11.468
2026/04/29 15:44:14,844000,11.471
2026/04/29 15:44:14,845000,11.468
2026/04/29 15:44:14,846000,11.471
2026/04/29 15:44:14,847000,11.465
2026/04/29 15:44:14,848000,11.468
2026/04/29 15:44:14,849000,11.476
2026/04/29 15:44:14,850000,11.473
2026/04/29 15:44:14,851000,11.471
2026/04/29 15:44:14,852000,11.471
2026/04/29 15:44:14,853000,11.468
2026/04/29 15:44:14,854000,11.473
2026/04/29 15:44:14,855000,11.476
2026/04/29 15:44:14,856000,11.471
2026/04/29 15:44:14,857000,11.471
2026/04/29 15:44:14,858000,11.476
2026/04/29 15:44:14,859000,11.465
2026/04/29 15:44:14,860000,11.471
2026/04/29 15:44:14,861000,11.471
2026/04/29 15:44:14,862000,11.476
2026/04/29 15:44:14,863000,11.471
2026/04/29 15:44:14,864000,11.471
2026/04/29 15:44:14,865000,11.465
2026/04/29 15:44:14,866000,11.471
2026/04/29 15:44:14,867000,11.473
2026/04/29 15:44:14,868000,11.471
2026/04/29 15:44:14,869000,11.471
2026/04/29 15:44:14,870000,11.473
2026/04/29 15:44:14,871000,11.471
2026/04/29 15:44:14,872000,11.471
2026/04/29 15:44:14,873000,11.471
2026/04/29 15:44:14,874000,11.471
2026/04/29 15:44:14,875000,11.473
2026/04/29 15:44:14,876000,11.476
2026/04/29 15:44:14,877000,11.471
2026/04/29 15:44:14,878000,11.468
2026/04/29 15:44:14,879000,11.471
2026/04/29 15:44:14,880000,11.471
2026/04/29 15:44:14,881000,11.471
2026/04/29 15:44:14,882000,11.471
2026/04/29 15:44:14,883000,11.468
2026/04/29 15:44:14,884000,11.471
2026/04/29 15:44:14,885000,11.473
2026/04/29 15:44:14,886000,11.468
2026/04/29 15:44:14,887000,11.471
2026/04/29 15:44:14,888000,11.471
2026/04/29 15:44:14,889000,11.479
2026/04/29 15:44:14,890000,11.471
2026/04/29 15:44:14,891000,11.476
2026/04/29 15:44:14,892000,11.473
2026/04/29 15:44:14,893000,11.471
2026/04/29 15:44:14,894000,11.473
2026/04/29 15:44:14,895000,11.476
2026/04/29 15:44:14,896000,11.476
2026/04/29 15:44:14,897000,11.471
2026/04/29 15:44:14,898000,11.471
2026/04/29 15:44:14,899000,11.471
2026/04/29 15:44:14,900000,11.471
2026/04/29 15:44:14,901000,11.471
2026/04/29 15:44:14,902000,11.471
2026/04/29 15:44:14,903000,11.471
2026/04/29 15:44:14,904000,11.471
2026/04/29 15:44:14,905000,11.471
2026/04/29 15:44:14,906000,11.471
2026/04/29 15:44:14,907000,11.468
2026/04/29 15:44:14,908000,11.471
2026/04/29 15:44:14,909000,11.471
2026/04/29 15:44:14,910000,11.473
2026/04/29 15:44:14,911000,11.473
2026/04/29 15:44:14,912000,11.476
2026/04/29 15:44:14,913000,11.471
2026/04/29 15:44:14,914000,11.471
2026/04/29 15:44:14,915000,11.471
2026/04/29 15:44:14,916000,11.468
2026/04/29 15:44:14,917000,11.473
2026/04/29 15:44:14,918000,11.471
2026/04/29 15:44:14,919000,11.471
2026/04/29 15:44:14,920000,11.476
2026/04/29 15:44:14,921000,11.465
2026/04/29 15:44:14,922000,11.468
2026/04/29 15:44:14,923000,11.471
2026/04/29 15:44:14,924000,11.471
2026/04/29 15:44:14,925000,11.471
2026/04/29 15:44:14,926000,11.471
2026/04/29 15:44:14,927000,11.471
2026/04/29 15:44:14,928000,11.473
2026/04/29 15:44:14,929000,11.471
2026/04/29 15:44:14,930000,11.471
2026/04/29 15:44:14,931000,11.465
2026/04/29 15:44:14,932000,11.476
2026/04/29 15:44:14,933000,11.476
2026/04/29 15:44:14,934000,11.476
2026/04/29 15:44:14,935000,11.471
2026/04/29 15:44:14,936000,11.468
2026/04/29 15:44:14,937000,11.476
2026/04/29 15:44:14,938000,11.471
2026/04/29 15:44:14,939000,11.476
2026/04/29 15:44:14,940000,11.473
2026/04/29 15:44:14,941000,11.471
2026/04/29 15:44:14,942000,11.473
2026/04/29 15:44:14,943000,11.471
2026/04/29 15:44:14,944000,11.468
2026/04/29 15:44:14,945000,11.471
2026/04/29 15:44:14,946000,11.476
2026/04/29 15:44:14,947000,11.468
2026/04/29 15:44:14,948000,11.476
2026/04/29 15:44:14,949000,11.479
2026/04/29 15:44:14,950000,11.471
2026/04/29 15:44:14,951000,11.471
2026/04/29 15:44:14,952000,11.479
2026/04/29 15:44:14,953000,11.479
2026/04/29 15:44:14,954000,11.476
2026/04/29 15:44:14,955000,11.471
2026/04/29 15:44:14,956000,11.471
2026/04/29 15:44:14,957000,11.479
2026/04/29 15:44:14,958000,11.471
2026/04/29 15:44:14,959000,11.476
2026/04/29 15:44:14,960000,11.473
2026/04/29 15:44:14,961000,11.476
2026/04/29 15:44:14,962000,11.473
2026/04/29 15:44:14,963000,11.468
2026/04/29 15:44:14,964000,11.471
2026/04/29 15:44:14,965000,11.471
2026/04/29 15:44:14,966000,11.473
2026/04/29 15:44:14,967000,11.471
2026/04/29 15:44:14,968000,11.465
2026/04/29 15:44:14,969000,11.471
2026/04/29 15:44:14,970000,11.465
2026/04/29 15:44:14,971000,11.471
2026/04/29 15:44:14,972000,11.476
2026/04/29 15:44:14,973000,11.471
2026/04/29 15:44:14,974000,11.471
2026/04/29 15:44:14,975000,11.468
2026/04/29 15:44:14,976000,11.471
2026/04/29 15:44:14,977000,11.471
2026/04/29 15:44:14,978000,11.473
2026/04/29 15:44:14,979000,11.471
2026/04/29 15:44:14,980000,11.468
2026/04/29 15:44:14,981000,11.468
2026/04/29 15:44:14,982000,11.471
2026/04/29 15:44:14,983000,11.471
2026/04/29 15:44:14,984000,11.473
2026/04/29 15:44:14,985000,11.471
2026/04/29 15:44:14,986000,11.471
2026/04/29 15:44:14,987000,11.471
2026/04/29 15:44:14,988000,11.465
2026/04/29 15:44:14,989000,11.468
2026/04/29 15:44:14,990000,11.471
2026/04/29 15:44:14,991000,11.479
2026/04/29 15:44:14,992000,11.471
2026/04/29 15:44:14,993000,11.473
2026/04/29 15:44:14,994000,11.468
2026/04/29 15:44:14,995000,11.471
2026/04/29 15:44:14,996000,11.471
2026/04/29 15:44:14,997000,11.471
2026/04/29 15:44:14,998000,11.471
2026/04/29 15:44:14,999000,11.471
2026/04/29 15:44:15,000000,11.476
2026/04/29 15:44:15,001000,11.471
2026/04/29 15:44:15,002000,11.468
2026/04/29 15:44:15,003000,11.471
2026/04/29 15:44:15,004000,11.468
2026/04/29 15:44:15,005000,11.471
2026/04/29 15:44:15,006000,11.476
2026/04/29 15:44:15,007000,11.471
2026/04/29 15:44:15,008000,11.471
2026/04/29 15:44:15,009000,11.471
2026/04/29 15:44:15,010000,11.473
2026/04/29 15:44:15,011000,11.471
2026/04/29 15:44:15,012000,11.471
2026/04/29 15:44:15,013000,11.468
2026/04/29 15:44:15,014000,11.482
2026/04/29 15:44:15,015000,11.471
2026/04/29 15:44:15,016000,11.471
2026/04/29 15:44:15,017000,11.471
2026/04/29 15:44:15,018000,11.471
2026/04/29 15:44:15,019000,11.471
2026/04/29 15:44:15,020000,11.471
2026/04/29 15:44:15,021000,11.468
2026/04/29 15:44:15,022000,11.468
2026/04/29 15:44:15,023000,11.473
2026/04/29 15:44:15,024000,11.468
2026/04/29 15:44:15,025000,11.471
2026/04/29 15:44:15,026000,11.468
2026/04/29 15:44:15,027000,11.468
2026/04/29 15:44:15,028000,11.479
2026/04/29 15:44:15,029000,11.471
2026/04/29 15:44:15,030000,11.473
2026/04/29 15:44:15,031000,11.476
2026/04/29 15:44:15,032000,11.476
2026/04/29 15:44:15,033000,11.471
2026/04/29 15:44:15,034000,11.471
2026/04/29 15:44:15,035000,11.468
2026/04/29 15:44:15,036000,11.471
2026/04/29 15:44:15,037000,11.468
2026/04/29 15:44:15,038000,11.468
2026/04/29 15:44:15,039000,11.471
2026/04/29 15:44:15,040000,11.471
2026/04/29 15:44:15,041000,11.468
2026/04/29 15:44:15,042000,11.479
2026/04/29 15:44:15,043000,11.471
2026/04/29 15:44:15,044000,11.468
2026/04/29 15:44:15,045000,11.465
2026/04/29 15:44:15,046000,11.471
2026/04/29 15:44:15,047000,11.471
2026/04/29 15:44:15,048000,11.471
2026/04/29 15:44:15,049000,11.471
2026/04/29 15:44:15,050000,11.465
2026/04/29 15:44:15,051000,11.471
2026/04/29 15:44:15,052000,11.465
2026/04/29 15:44:15,053000,11.476
2026/04/29 15:44:15,054000,11.468
2026/04/29 15:44:15,055000,11.471
2026/04/29 15:44:15,056000,11.471
2026/04/29 15:44:15,057000,11.471
2026/04/29 15:44:15,058000,11.468
2026/04/29 15:44:15,059000,11.471
2026/04/29 15:44:15,060000,11.471
2026/04/29 15:44:15,061000,11.473
2026/04/29 15:44:15,062000,11.468
2026/04/29 15:44:15,063000,11.465
2026/04/29 15:44:15,064000,11.473
2026/04/29 15:44:15,065000,11.471
2026/04/29 15:44:15,066000,11.471
2026/04/29 15:44:15,067000,11.476
2026/04/29 15:44:15,068000,11.476
2026/04/29 15:44:15,069000,11.471
2026/04/29 15:44:15,070000,11.471
2026/04/29 15:44:15,071000,11.473
2026/04/29 15:44:15,072000,11.471
2026/04/29 15:44:15,073000,11.465
2026/04/29 15:44:15,074000,11.468
2026/04/29 15:44:15,075000,11.465
2026/04/29 15:44:15,076000,11.471
2026/04/29 15:44:15,077000,11.471
2026/04/29 15:44:15,078000,11.473
2026/04/29 15:44:15,079000,11.471
2026/04/29 15:44:15,080000,11.468
2026/04/29 15:44:15,081000,11.476
2026/04/29 15:44:15,082000,11.468
2026/04/29 15:44:15,083000,11.471
2026/04/29 15:44:15,084000,11.468
2026/04/29 15:44:15,085000,11.468
2026/04/29 15:44:15,086000,11.476
2026/04/29 15:44:15,087000,11.468
2026/04/29 15:44:15,088000,11.473
2026/04/29 15:44:15,089000,11.473
2026/04/29 15:44:15,090000,11.471
2026/04/29 15:44:15,091000,11.471
2026/04/29 15:44:15,092000,11.471
2026/04/29 15:44:15,093000,11.457
2026/04/29 15:44:15,094000,11.471
2026/04/29 15:44:15,095000,11.473
2026/04/29 15:44:15,096000,11.473
2026/04/29 15:44:15,097000,11.476
2026/04/29 15:44:15,098000,11.471
2026/04/29 15:44:15,099000,11.468
2026/04/29 15:44:15,100000,11.471
2026/04/29 15:44:15,101000,11.471
2026/04/29 15:44:15,102000,11.479
2026/04/29 15:44:15,103000,11.471
2026/04/29 15:44:15,104000,11.468
2026/04/29 15:44:15,105000,11.471
2026/04/29 15:44:15,106000,11.473
2026/04/29 15:44:15,107000,11.471
2026/04/29 15:44:15,108000,11.471
2026/04/29 15:44:15,109000,11.462
2026/04/29 15:44:15,110000,11.471
2026/04/29 15:44:15,111000,11.468
2026/04/29 15:44:15,112000,11.471
2026/04/29 15:44:15,113000,11.471
2026/04/29 15:44:15,114000,11.471
2026/04/29 15:44:15,115000,11.471
2026/04/29 15:44:15,116000,11.471
2026/04/29 15:44:15,117000,11.468
2026/04/29 15:44:15,118000,11.471
2026/04/29 15:44:15,119000,11.476
2026/04/29 15:44:15,120000,11.476
2026/04/29 15:44:15,121000,11.471
2026/04/29 15:44:15,122000,11.473
2026/04/29 15:44:15,123000,11.471
2026/04/29 15:44:15,124000,11.471
2026/04/29 15:44:15,125000,11.471
2026/04/29 15:44:15,126000,11.471
2026/04/29 15:44:15,127000,11.465
2026/04/29 15:44:15,128000,11.468
2026/04/29 15:44:15,129000,11.471
2026/04/29 15:44:15,130000,11.468
2026/04/29 15:44:15,131000,11.476
2026/04/29 15:44:15,132000,11.468
2026/04/29 15:44:15,133000,11.471
2026/04/29 15:44:15,134000,11.473
2026/04/29 15:44:15,135000,11.476
2026/04/29 15:44:15,136000,11.468
2026/04/29 15:44:15,137000,11.471
2026/04/29 15:44:15,138000,11.468
2026/04/29 15:44:15,139000,11.471
2026/04/29 15:44:15,140000,11.476
2026/04/29 15:44:15,141000,11.473
2026/04/29 15:44:15,142000,11.479
2026/04/29 15:44:15,143000,11.471
2026/04/29 15:44:15,144000,11.471
2026/04/29 15:44:15,145000,11.476
2026/04/29 15:44:15,146000,11.468
2026/04/29 15:44:15,147000,11.468
2026/04/29 15:44:15,148000,11.471
2026/04/29 15:44:15,149000,11.471
2026/04/29 15:44:15,150000,11.476
2026/04/29 15:44:15,151000,11.471
2026/04/29 15:44:15,152000,11.465
2026/04/29 15:44:15,153000,11.476
2026/04/29 15:44:15,154000,11.473
2026/04/29 15:44:15,155000,11.471
2026/04/29 15:44:15,156000,11.471
2026/04/29 15:44:15,157000,11.465
2026/04/29 15:44:15,158000,11.471
2026/04/29 15:44:15,159000,11.471
2026/04/29 15:44:15,160000,11.476
2026/04/29 15:44:15,161000,11.471
2026/04/29 15:44:15,162000,11.476
2026/04/29 15:44:15,163000,11.471
2026/04/29 15:44:15,164000,11.468
2026/04/29 15:44:15,165000,11.468
2026/04/29 15:44:15,166000,11.471
2026/04/29 15:44:15,167000,11.471
2026/04/29 15:44:15,168000,11.476
2026/04/29 15:44:15,169000,11.471
2026/04/29 15:44:15,170000,11.473
2026/04/29 15:44:15,171000,11.471
2026/04/29 15:44:15,172000,11.468
2026/04/29 15:44:15,173000,11.471
2026/04/29 15:44:15,174000,11.471
2026/04/29 15:44:15,175000,11.471
2026/04/29 15:44:15,176000,11.468
2026/04/29 15:44:15,177000,11.471
2026/04/29 15:44:15,178000,11.471
2026/04/29 15:44:15,179000,11.465
2026/04/29 15:44:15,180000,11.471
2026/04/29 15:44:15,181000,11.471
2026/04/29 15:44:15,182000,11.473
2026/04/29 15:44:15,183000,11.473
2026/04/29 15:44:15,184000,11.471
2026/04/29 15:44:15,185000,11.476
2026/04/29 15:44:15,186000,11.471
2026/04/29 15:44:15,187000,11.468
2026/04/29 15:44:15,188000,11.471
2026/04/29 15:44:15,189000,11.476
2026/04/29 15:44:15,190000,11.471
2026/04/29 15:44:15,191000,11.473
2026/04/29 15:44:15,192000,11.468
2026/04/29 15:44:15,193000,11.471
2026/04/29 15:44:15,194000,11.468
2026/04/29 15:44:15,195000,11.471
2026/04/29 15:44:15,196000,11.471
2026/04/29 15:44:15,197000,11.465
2026/04/29 15:44:15,198000,11.471
2026/04/29 15:44:15,199000,11.468
2026/04/29 15:44:15,200000,11.471
2026/04/29 15:44:15,201000,11.465
2026/04/29 15:44:15,202000,11.471
2026/04/29 15:44:15,203000,11.468
2026/04/29 15:44:15,204000,11.468
2026/04/29 15:44:15,205000,11.468
2026/04/29 15:44:15,206000,11.476
2026/04/29 15:44:15,207000,11.471
2026/04/29 15:44:15,208000,11.471
2026/04/29 15:44:15,209000,11.471
2026/04/29 15:44:15,210000,11.471
2026/04/29 15:44:15,211000,11.476
2026/04/29 15:44:15,212000,11.471
2026/04/29 15:44:15,213000,11.471
2026/04/29 15:44:15,214000,11.468
2026/04/29 15:44:15,215000,11.468
2026/04/29 15:44:15,216000,11.457
2026/04/29 15:44:15,217000,11.471
2026/04/29 15:44:15,218000,11.473
2026/04/29 15:44:15,219000,11.471
2026/04/29 15:44:15,220000,11.471
2026/04/29 15:44:15,221000,11.471
2026/04/29 15:44:15,222000,11.468
2026/04/29 15:44:15,223000,11.476
2026/04/29 15:44:15,224000,11.468
2026/04/29 15:44:15,225000,11.471
2026/04/29 15:44:15,226000,11.471
2026/04/29 15:44:15,227000,11.471
2026/04/29 15:44:15,228000,11.479
2026/04/29 15:44:15,229000,11.471
2026/04/29 15:44:15,230000,11.471
2026/04/29 15:44:15,231000,11.471
2026/04/29 15:44:15,232000,11.468
2026/04/29 15:44:15,233000,11.471
2026/04/29 15:44:15,234000,11.471
2026/04/29 15:44:15,235000,11.473
2026/04/29 15:44:15,236000,11.471
2026/04/29 15:44:15,237000,11.471
2026/04/29 15:44:15,238000,11.465
2026/04/29 15:44:15,239000,11.471
2026/04/29 15:44:15,240000,11.473
2026/04/29 15:44:15,241000,11.468
2026/04/29 15:44:15,242000,11.473
2026/04/29 15:44:15,243000,11.471
2026/04/29 15:44:15,244000,11.471
2026/04/29 15:44:15,245000,11.471
2026/04/29 15:44:15,246000,11.471
2026/04/29 15:44:15,247000,11.476
2026/04/29 15:44:15,248000,11.476
2026/04/29 15:44:15,249000,11.476
2026/04/29 15:44:15,250000,11.471
2026/04/29 15:44:15,251000,11.471
2026/04/29 15:44:15,252000,11.471
2026/04/29 15:44:15,253000,11.473
2026/04/29 15:44:15,254000,11.471
2026/04/29 15:44:15,255000,11.471
2026/04/29 15:44:15,256000,11.468
2026/04/29 15:44:15,257000,11.479
2026/04/29 15:44:15,258000,11.471
2026/04/29 15:44:15,259000,11.476
2026/04/29 15:44:15,260000,11.473
2026/04/29 15:44:15,261000,11.471
2026/04/29 15:44:15,262000,11.471
2026/04/29 15:44:15,263000,11.471
2026/04/29 15:44:15,264000,11.471
2026/04/29 15:44:15,265000,11.471
2026/04/29 15:44:15,266000,11.471
2026/04/29 15:44:15,267000,11.473
2026/04/29 15:44:15,268000,11.471
2026/04/29 15:44:15,269000,11.476
2026/04/29 15:44:15,270000,11.473
2026/04/29 15:44:15,271000,11.476
2026/04/29 15:44:15,272000,11.473
2026/04/29 15:44:15,273000,11.476
2026/04/29 15:44:15,274000,11.468
2026/04/29 15:44:15,275000,11.468
2026/04/29 15:44:15,276000,11.468
2026/04/29 15:44:15,277000,11.471
2026/04/29 15:44:15,278000,11.471
2026/04/29 15:44:15,279000,11.471
2026/04/29 15:44:15,280000,11.476
2026/04/29 15:44:15,281000,11.476
2026/04/29 15:44:15,282000,11.471
2026/04/29 15:44:15,283000,11.468
2026/04/29 15:44:15,284000,11.471
2026/04/29 15:44:15,285000,11.471
2026/04/29 15:44:15,286000,11.468
2026/04/29 15:44:15,287000,11.471
2026/04/29 15:44:15,288000,11.471
2026/04/29 15:44:15,289000,11.473
2026/04/29 15:44:15,290000,11.473
2026/04/29 15:44:15,291000,11.468
2026/04/29 15:44:15,292000,11.471
2026/04/29 15:44:15,293000,11.476
2026/04/29 15:44:15,294000,11.471
2026/04/29 15:44:15,295000,11.471
2026/04/29 15:44:15,296000,11.471
2026/04/29 15:44:15,297000,11.465
2026/04/29 15:44:15,298000,11.471
2026/04/29 15:44:15,299000,11.471
2026/04/29 15:44:15,300000,11.468
2026/04/29 15:44:15,301000,11.471
2026/04/29 15:44:15,302000,11.473
2026/04/29 15:44:15,303000,11.471
2026/04/29 15:44:15,304000,11.471
2026/04/29 15:44:15,305000,11.471
2026/04/29 15:44:15,306000,11.468
2026/04/29 15:44:15,307000,11.473
2026/04/29 15:44:15,308000,11.471
2026/04/29 15:44:15,309000,11.471
2026/04/29 15:44:15,310000,11.468
2026/04/29 15:44:15,311000,11.476
2026/04/29 15:44:15,312000,11.471
2026/04/29 15:44:15,313000,11.471
2026/04/29 15:44:15,314000,11.471
2026/04/29 15:44:15,315000,11.465
2026/04/29 15:44:15,316000,11.471
2026/04/29 15:44:15,317000,11.473
2026/04/29 15:44:15,318000,11.473
2026/04/29 15:44:15,319000,11.473
2026/04/29 15:44:15,320000,11.468
2026/04/29 15:44:15,321000,11.471
2026/04/29 15:44:15,322000,11.468
2026/04/29 15:44:15,323000,11.471
2026/04/29 15:44:15,324000,11.471
2026/04/29 15:44:15,325000,11.471
2026/04/29 15:44:15,326000,11.468
2026/04/29 15:44:15,327000,11.471
2026/04/29 15:44:15,328000,11.471
2026/04/29 15:44:15,329000,11.471
2026/04/29 15:44:15,330000,11.473
2026/04/29 15:44:15,331000,11.471
2026/04/29 15:44:15,332000,11.471
2026/04/29 15:44:15,333000,11.468
2026/04/29 15:44:15,334000,11.471
2026/04/29 15:44:15,335000,11.471
2026/04/29 15:44:15,336000,11.471
2026/04/29 15:44:15,337000,11.468
2026/04/29 15:44:15,338000,11.468
2026/04/29 15:44:15,339000,11.476
2026/04/29 15:44:15,340000,11.471
2026/04/29 15:44:15,341000,11.471
2026/04/29 15:44:15,342000,11.468
2026/04/29 15:44:15,343000,11.471
2026/04/29 15:44:15,344000,11.471
2026/04/29 15:44:15,345000,11.473
2026/04/29 15:44:15,346000,11.471
2026/04/29 15:44:15,347000,11.471
2026/04/29 15:44:15,348000,11.476
2026/04/29 15:44:15,349000,11.471
2026/04/29 15:44:15,350000,11.465
2026/04/29 15:44:15,351000,11.471
2026/04/29 15:44:15,352000,11.468
2026/04/29 15:44:15,353000,11.468
2026/04/29 15:44:15,354000,11.471
2026/04/29 15:44:15,355000,11.471
2026/04/29 15:44:15,356000,11.471
2026/04/29 15:44:15,357000,11.471
2026/04/29 15:44:15,358000,11.471
2026/04/29 15:44:15,359000,11.476
2026/04/29 15:44:15,360000,11.471
2026/04/29 15:44:15,361000,11.471
2026/04/29 15:44:15,362000,11.471
2026/04/29 15:44:15,363000,11.476
2026/04/29 15:44:15,364000,11.462
2026/04/29 15:44:15,365000,11.471
2026/04/29 15:44:15,366000,11.471
2026/04/29 15:44:15,367000,11.476
2026/04/29 15:44:15,368000,11.471
2026/04/29 15:44:15,369000,11.471
2026/04/29 15:44:15,370000,11.465
2026/04/29 15:44:15,371000,11.468
2026/04/29 15:44:15,372000,11.471
2026/04/29 15:44:15,373000,11.471
2026/04/29 15:44:15,374000,11.471
2026/04/29 15:44:15,375000,11.471
2026/04/29 15:44:15,376000,11.471
2026/04/29 15:44:15,377000,11.468
2026/04/29 15:44:15,378000,11.468
2026/04/29 15:44:15,379000,11.471
2026/04/29 15:44:15,380000,11.468
2026/04/29 15:44:15,381000,11.471
2026/04/29 15:44:15,382000,11.471
2026/04/29 15:44:15,383000,11.471
2026/04/29 15:44:15,384000,11.471
2026/04/29 15:44:15,385000,11.471
2026/04/29 15:44:15,386000,11.471
2026/04/29 15:44:15,387000,11.465
2026/04/29 15:44:15,388000,11.473
2026/04/29 15:44:15,389000,11.471
2026/04/29 15:44:15,390000,11.471
2026/04/29 15:44:15,391000,11.479
2026/04/29 15:44:15,392000,11.468
2026/04/29 15:44:15,393000,11.468
2026/04/29 15:44:15,394000,11.471
2026/04/29 15:44:15,395000,11.476
2026/04/29 15:44:15,396000,11.468
2026/04/29 15:44:15,397000,11.471
2026/04/29 15:44:15,398000,11.468
2026/04/29 15:44:15,399000,11.476
2026/04/29 15:44:15,400000,11.471
2026/04/29 15:44:15,401000,11.471
2026/04/29 15:44:15,402000,11.468
2026/04/29 15:44:15,403000,11.468
2026/04/29 15:44:15,404000,11.471
2026/04/29 15:44:15,405000,11.476
2026/04/29 15:44:15,406000,11.473
2026/04/29 15:44:15,407000,11.471
2026/04/29 15:44:15,408000,11.468
2026/04/29 15:44:15,409000,11.471
2026/04/29 15:44:15,410000,11.471
2026/04/29 15:44:15,411000,11.462
2026/04/29 15:44:15,412000,11.471
2026/04/29 15:44:15,413000,11.476
2026/04/29 15:44:15,414000,11.471
2026/04/29 15:44:15,415000,11.471
2026/04/29 15:44:15,416000,11.476
2026/04/29 15:44:15,417000,11.471
2026/04/29 15:44:15,418000,11.471
2026/04/29 15:44:15,419000,11.473
2026/04/29 15:44:15,420000,11.471
2026/04/29 15:44:15,421000,11.471
2026/04/29 15:44:15,422000,11.471
2026/04/29 15:44:15,423000,11.476
2026/04/29 15:44:15,424000,11.468
2026/04/29 15:44:15,425000,11.468
2026/04/29 15:44:15,426000,11.468
2026/04/29 15:44:15,427000,11.471
2026/04/29 15:44:15,428000,11.476
2026/04/29 15:44:15,429000,11.479
2026/04/29 15:44:15,430000,11.476
2026/04/29 15:44:15,431000,11.468
2026/04/29 15:44:15,432000,11.465
2026/04/29 15:44:15,433000,11.471
2026/04/29 15:44:15,434000,11.468
2026/04/29 15:44:15,435000,11.471
2026/04/29 15:44:15,436000,11.471
2026/04/29 15:44:15,437000,11.476
2026/04/29 15:44:15,438000,11.468
2026/04/29 15:44:15,439000,11.471
2026/04/29 15:44:15,440000,11.471
2026/04/29 15:44:15,441000,11.471
2026/04/29 15:44:15,442000,11.471
2026/04/29 15:44:15,443000,11.476
2026/04/29 15:44:15,444000,11.471
2026/04/29 15:44:15,445000,11.468
2026/04/29 15:44:15,446000,11.471
2026/04/29 15:44:15,447000,11.471
2026/04/29 15:44:15,448000,11.471
2026/04/29 15:44:15,449000,11.471
2026/04/29 15:44:15,450000,11.465
2026/04/29 15:44:15,451000,11.471
2026/04/29 15:44:15,452000,11.471
2026/04/29 15:44:15,453000,11.471
2026/04/29 15:44:15,454000,11.479
2026/04/29 15:44:15,455000,11.476
2026/04/29 15:44:15,456000,11.465
2026/04/29 15:44:15,457000,11.471
2026/04/29 15:44:15,458000,11.471
2026/04/29 15:44:15,459000,11.468
2026/04/29 15:44:15,460000,11.473
2026/04/29 15:44:15,461000,11.471
2026/04/29 15:44:15,462000,11.476
2026/04/29 15:44:15,463000,11.476
2026/04/29 15:44:15,464000,11.471
2026/04/29 15:44:15,465000,11.471
2026/04/29 15:44:15,466000,11.471
2026/04/29 15:44:15,467000,11.471
2026/04/29 15:44:15,468000,11.471
2026/04/29 15:44:15,469000,11.471
2026/04/29 15:44:15,470000,11.471
2026/04/29 15:44:15,471000,11.471
2026/04/29 15:44:15,472000,11.471
2026/04/29 15:44:15,473000,11.468
2026/04/29 15:44:15,474000,11.473
2026/04/29 15:44:15,475000,11.468
2026/04/29 15:44:15,476000,11.479
2026/04/29 15:44:15,477000,11.473
2026/04/29 15:44:15,478000,11.471
2026/04/29 15:44:15,479000,11.468
2026/04/29 15:44:15,480000,11.468
2026/04/29 15:44:15,481000,11.468
2026/04/29 15:44:15,482000,11.465
2026/04/29 15:44:15,483000,11.465
2026/04/29 15:44:15,484000,11.473
2026/04/29 15:44:15,485000,11.471
2026/04/29 15:44:15,486000,11.471
2026/04/29 15:44:15,487000,11.471
2026/04/29 15:44:15,488000,11.462
2026/04/29 15:44:15,489000,11.468
2026/04/29 15:44:15,490000,11.471
2026/04/29 15:44:15,491000,11.471
2026/04/29 15:44:15,492000,11.471
2026/04/29 15:44:15,493000,11.468
2026/04/29 15:44:15,494000,11.471
2026/04/29 15:44:15,495000,11.471
2026/04/29 15:44:15,496000,11.465
2026/04/29 15:44:15,497000,11.468
2026/04/29 15:44:15,498000,11.471
2026/04/29 15:44:15,499000,11.471
2026/04/29 15:44:15,500000,11.471
2026/04/29 15:44:15,501000,11.465
2026/04/29 15:44:15,502000,11.471
2026/04/29 15:44:15,503000,11.471
2026/04/29 15:44:15,504000,11.471
2026/04/29 15:44:15,505000,11.462
2026/04/29 15:44:15,506000,11.471
2026/04/29 15:44:15,507000,11.468
2026/04/29 15:44:15,508000,11.473
2026/04/29 15:44:15,509000,11.471
2026/04/29 15:44:15,510000,11.471
2026/04/29 15:44:15,511000,11.471
2026/04/29 15:44:15,512000,11.465
2026/04/29 15:44:15,513000,11.468
2026/04/29 15:44:15,514000,11.471
2026/04/29 15:44:15,515000,11.471
2026/04/29 15:44:15,516000,11.471
2026/04/29 15:44:15,517000,11.471
2026/04/29 15:44:15,518000,11.465
2026/04/29 15:44:15,519000,11.468
2026/04/29 15:44:15,520000,11.465
2026/04/29 15:44:15,521000,11.471
2026/04/29 15:44:15,522000,11.471
2026/04/29 15:44:15,523000,11.471
2026/04/29 15:44:15,524000,11.473
2026/04/29 15:44:15,525000,11.471
2026/04/29 15:44:15,526000,11.471
2026/04/29 15:44:15,527000,11.471
2026/04/29 15:44:15,528000,11.473
2026/04/29 15:44:15,529000,11.471
2026/04/29 15:44:15,530000,11.471
2026/04/29 15:44:15,531000,11.471
2026/04/29 15:44:15,532000,11.468
2026/04/29 15:44:15,533000,11.471
2026/04/29 15:44:15,534000,11.471
2026/04/29 15:44:15,535000,11.471
2026/04/29 15:44:15,536000,11.476
2026/04/29 15:44:15,537000,11.471
2026/04/29 15:44:15,538000,11.471
2026/04/29 15:44:15,539000,11.473
2026/04/29 15:44:15,540000,11.468
2026/04/29 15:44:15,541000,11.471
2026/04/29 15:44:15,542000,11.468
2026/04/29 15:44:15,543000,11.471
2026/04/29 15:44:15,544000,11.471
2026/04/29 15:44:15,545000,11.471
2026/04/29 15:44:15,546000,11.471
2026/04/29 15:44:15,547000,11.471
2026/04/29 15:44:15,548000,11.471
2026/04/29 15:44:15,549000,11.462
2026/04/29 15:44:15,550000,11.471
2026/04/29 15:44:15,551000,11.468
2026/04/29 15:44:15,552000,11.471
2026/04/29 15:44:15,553000,11.471
2026/04/29 15:44:15,554000,11.471
2026/04/29 15:44:15,555000,11.471
2026/04/29 15:44:15,556000,11.471
2026/04/29 15:44:15,557000,11.471
2026/04/29 15:44:15,558000,11.471
2026/04/29 15:44:15,559000,11.468
2026/04/29 15:44:15,560000,11.468
2026/04/29 15:44:15,561000,11.471
2026/04/29 15:44:15,562000,11.476
2026/04/29 15:44:15,563000,11.471
2026/04/29 15:44:15,564000,11.462
2026/04/29 15:44:15,565000,11.468
2026/04/29 15:44:15,566000,11.471
2026/04/29 15:44:15,567000,11.468
2026/04/29 15:44:15,568000,11.473
2026/04/29 15:44:15,569000,11.471
2026/04/29 15:44:15,570000,11.465
2026/04/29 15:44:15,571000,11.465
2026/04/29 15:44:15,572000,11.471
2026/04/29 15:44:15,573000,11.471
2026/04/29 15:44:15,574000,11.471
2026/04/29 15:44:15,575000,11.471
2026/04/29 15:44:15,576000,11.471
2026/04/29 15:44:15,577000,11.473
2026/04/29 15:44:15,578000,11.471
2026/04/29 15:44:15,579000,11.471
2026/04/29 15:44:15,580000,11.471
2026/04/29 15:44:15,581000,11.465
2026/04/29 15:44:15,582000,11.471
2026/04/29 15:44:15,583000,11.473
2026/04/29 15:44:15,584000,11.471
2026/04/29 15:44:15,585000,11.476
2026/04/29 15:44:15,586000,11.468
2026/04/29 15:44:15,587000,11.468
2026/04/29 15:44:15,588000,11.471
2026/04/29 15:44:15,589000,11.471
2026/04/29 15:44:15,590000,11.471
2026/04/29 15:44:15,591000,11.468
2026/04/29 15:44:15,592000,11.468
2026/04/29 15:44:15,593000,11.468
2026/04/29 15:44:15,594000,11.471
2026/04/29 15:44:15,595000,11.473
2026/04/29 15:44:15,596000,11.471
2026/04/29 15:44:15,597000,11.468
2026/04/29 15:44:15,598000,11.468
2026/04/29 15:44:15,599000,11.471
2026/04/29 15:44:15,600000,11.471
2026/04/29 15:44:15,601000,11.468
2026/04/29 15:44:15,602000,11.471
2026/04/29 15:44:15,603000,11.468
2026/04/29 15:44:15,604000,11.468
2026/04/29 15:44:15,605000,11.471
2026/04/29 15:44:15,606000,11.476
2026/04/29 15:44:15,607000,11.471
2026/04/29 15:44:15,608000,11.473
2026/04/29 15:44:15,609000,11.468
2026/04/29 15:44:15,610000,11.468
2026/04/29 15:44:15,611000,11.468
2026/04/29 15:44:15,612000,11.471
2026/04/29 15:44:15,613000,11.471
2026/04/29 15:44:15,614000,11.471
2026/04/29 15:44:15,615000,11.471
2026/04/29 15:44:15,616000,11.471
2026/04/29 15:44:15,617000,11.468
2026/04/29 15:44:15,618000,11.482
2026/04/29 15:44:15,619000,11.471
2026/04/29 15:44:15,620000,11.471
2026/04/29 15:44:15,621000,11.476
2026/04/29 15:44:15,622000,11.471
2026/04/29 15:44:15,623000,11.473
2026/04/29 15:44:15,624000,11.471
2026/04/29 15:44:15,625000,11.471
2026/04/29 15:44:15,626000,11.473
2026/04/29 15:44:15,627000,11.471
2026/04/29 15:44:15,628000,11.476
2026/04/29 15:44:15,629000,11.468
2026/04/29 15:44:15,630000,11.471
2026/04/29 15:44:15,631000,11.471
2026/04/29 15:44:15,632000,11.471
2026/04/29 15:44:15,633000,11.471
2026/04/29 15:44:15,634000,11.473
2026/04/29 15:44:15,635000,11.468
2026/04/29 15:44:15,636000,11.471
2026/04/29 15:44:15,637000,11.471
2026/04/29 15:44:15,638000,11.471
2026/04/29 15:44:15,639000,11.471
2026/04/29 15:44:15,640000,11.473
2026/04/29 15:44:15,641000,11.471
2026/04/29 15:44:15,642000,11.459
2026/04/29 15:44:15,643000,11.471
2026/04/29 15:44:15,644000,11.468
2026/04/29 15:44:15,645000,11.471
2026/04/29 15:44:15,646000,11.471
2026/04/29 15:44:15,647000,11.465
2026/04/29 15:44:15,648000,11.468
2026/04/29 15:44:15,649000,11.471
2026/04/29 15:44:15,650000,11.468
2026/04/29 15:44:15,651000,11.471
2026/04/29 15:44:15,652000,11.468
2026/04/29 15:44:15,653000,11.473
2026/04/29 15:44:15,654000,11.468
2026/04/29 15:44:15,655000,11.471
2026/04/29 15:44:15,656000,11.471
2026/04/29 15:44:15,657000,11.471
2026/04/29 15:44:15,658000,11.471
2026/04/29 15:44:15,659000,11.471
2026/04/29 15:44:15,660000,11.473
2026/04/29 15:44:15,661000,11.476
2026/04/29 15:44:15,662000,11.473
2026/04/29 15:44:15,663000,11.468
2026/04/29 15:44:15,664000,11.465
2026/04/29 15:44:15,665000,11.471
2026/04/29 15:44:15,666000,11.482
2026/04/29 15:44:15,667000,11.468
2026/04/29 15:44:15,668000,11.462
2026/04/29 15:44:15,669000,11.471
2026/04/29 15:44:15,670000,11.471
2026/04/29 15:44:15,671000,11.465
2026/04/29 15:44:15,672000,11.476
2026/04/29 15:44:15,673000,11.476
2026/04/29 15:44:15,674000,11.465
2026/04/29 15:44:15,675000,11.468
2026/04/29 15:44:15,676000,11.468
2026/04/29 15:44:15,677000,11.471
2026/04/29 15:44:15,678000,11.471
2026/04/29 15:44:15,679000,11.471
2026/04/29 15:44:15,680000,11.468
2026/04/29 15:44:15,681000,11.465
2026/04/29 15:44:15,682000,11.468
2026/04/29 15:44:15,683000,11.471
2026/04/29 15:44:15,684000,11.471
2026/04/29 15:44:15,685000,11.471
2026/04/29 15:44:15,686000,11.471
2026/04/29 15:44:15,687000,11.465
2026/04/29 15:44:15,688000,11.465
2026/04/29 15:44:15,689000,11.471
2026/04/29 15:44:15,690000,11.468
2026/04/29 15:44:15,691000,11.465
2026/04/29 15:44:15,692000,11.462
2026/04/29 15:44:15,693000,11.468
2026/04/29 15:44:15,694000,11.471
2026/04/29 15:44:15,695000,11.473
2026/04/29 15:44:15,696000,11.471
2026/04/29 15:44:15,697000,11.459
2026/04/29 15:44:15,698000,11.468
2026/04/29 15:44:15,699000,11.471
2026/04/29 15:44:15,700000,11.465
2026/04/29 15:44:15,701000,11.471
2026/04/29 15:44:15,702000,11.471
2026/04/29 15:44:15,703000,11.468
2026/04/29 15:44:15,704000,11.471
2026/04/29 15:44:15,705000,11.473
2026/04/29 15:44:15,706000,11.471
2026/04/29 15:44:15,707000,11.468
2026/04/29 15:44:15,708000,11.476
2026/04/29 15:44:15,709000,11.476
2026/04/29 15:44:15,710000,11.471
2026/04/29 15:44:15,711000,11.471
2026/04/29 15:44:15,712000,11.468
2026/04/29 15:44:15,713000,11.471
2026/04/29 15:44:15,714000,11.471
2026/04/29 15:44:15,715000,11.471
2026/04/29 15:44:15,716000,11.471
2026/04/29 15:44:15,717000,11.468
2026/04/29 15:44:15,718000,11.468
2026/04/29 15:44:15,719000,11.468
2026/04/29 15:44:15,720000,11.471
2026/04/29 15:44:15,721000,11.465
2026/04/29 15:44:15,722000,11.468
2026/04/29 15:44:15,723000,11.471
2026/04/29 15:44:15,724000,11.468
2026/04/29 15:44:15,725000,11.471
2026/04/29 15:44:15,726000,11.471
2026/04/29 15:44:15,727000,11.471
2026/04/29 15:44:15,728000,11.476
2026/04/29 15:44:15,729000,11.473
2026/04/29 15:44:15,730000,11.471
2026/04/29 15:44:15,731000,11.471
2026/04/29 15:44:15,732000,11.471
2026/04/29 15:44:15,733000,11.471
2026/04/29 15:44:15,734000,11.473
2026/04/29 15:44:15,735000,11.468
2026/04/29 15:44:15,736000,11.476
2026/04/29 15:44:15,737000,11.473
2026/04/29 15:44:15,738000,11.471
2026/04/29 15:44:15,739000,11.471
2026/04/29 15:44:15,740000,11.473
2026/04/29 15:44:15,741000,11.471
2026/04/29 15:44:15,742000,11.471
2026/04/29 15:44:15,743000,11.471
2026/04/29 15:44:15,744000,11.471
2026/04/29 15:44:15,745000,11.471
2026/04/29 15:44:15,746000,11.471
2026/04/29 15:44:15,747000,11.471
2026/04/29 15:44:15,748000,11.471
2026/04/29 15:44:15,749000,11.468
2026/04/29 15:44:15,750000,11.465
2026/04/29 15:44:15,751000,11.471
2026/04/29 15:44:15,752000,11.462
2026/04/29 15:44:15,753000,11.471
2026/04/29 15:44:15,754000,11.471
2026/04/29 15:44:15,755000,11.468
2026/04/29 15:44:15,756000,11.471
2026/04/29 15:44:15,757000,11.465
2026/04/29 15:44:15,758000,11.468
2026/04/29 15:44:15,759000,11.471
2026/04/29 15:44:15,760000,11.468
2026/04/29 15:44:15,761000,11.476
2026/04/29 15:44:15,762000,11.471
2026/04/29 15:44:15,763000,11.473
2026/04/29 15:44:15,764000,11.471
2026/04/29 15:44:15,765000,11.468
2026/04/29 15:44:15,766000,11.473
2026/04/29 15:44:15,767000,11.482
2026/04/29 15:44:15,768000,11.468
2026/04/29 15:44:15,769000,11.471
2026/04/29 15:44:15,770000,11.471
2026/04/29 15:44:15,771000,11.471
2026/04/29 15:44:15,772000,11.476
2026/04/29 15:44:15,773000,11.471
2026/04/29 15:44:15,774000,11.471
2026/04/29 15:44:15,775000,11.468
2026/04/29 15:44:15,776000,11.465
2026/04/29 15:44:15,777000,11.471
2026/04/29 15:44:15,778000,11.468
2026/04/29 15:44:15,779000,11.476
2026/04/29 15:44:15,780000,11.471
2026/04/29 15:44:15,781000,11.471
2026/04/29 15:44:15,782000,11.471
2026/04/29 15:44:15,783000,11.468
2026/04/29 15:44:15,784000,11.471
2026/04/29 15:44:15,785000,11.471
2026/04/29 15:44:15,786000,11.471
2026/04/29 15:44:15,787000,11.476
2026/04/29 15:44:15,788000,11.468
2026/04/29 15:44:15,789000,11.471
2026/04/29 15:44:15,790000,11.476
2026/04/29 15:44:15,791000,11.471
2026/04/29 15:44:15,792000,11.471
2026/04/29 15:44:15,793000,11.471
2026/04/29 15:44:15,794000,11.471
2026/04/29 15:44:15,795000,11.476
2026/04/29 15:44:15,796000,11.471
2026/04/29 15:44:15,797000,11.471
2026/04/29 15:44:15,798000,11.471
2026/04/29 15:44:15,799000,11.473
2026/04/29 15:44:15,800000,11.476
2026/04/29 15:44:15,801000,11.471
2026/04/29 15:44:15,802000,11.468
2026/04/29 15:44:15,803000,11.471
2026/04/29 15:44:15,804000,11.471
2026/04/29 15:44:15,805000,11.465
2026/04/29 15:44:15,806000,11.471
2026/04/29 15:44:15,807000,11.482
2026/04/29 15:44:15,808000,11.468
2026/04/29 15:44:15,809000,11.471
2026/04/29 15:44:15,810000,11.471
2026/04/29 15:44:15,811000,11.471
2026/04/29 15:44:15,812000,11.471
2026/04/29 15:44:15,813000,11.468
2026/04/29 15:44:15,814000,11.473
2026/04/29 15:44:15,815000,11.471
2026/04/29 15:44:15,816000,11.473
2026/04/29 15:44:15,817000,11.473
2026/04/29 15:44:15,818000,11.471
2026/04/29 15:44:15,819000,11.471
2026/04/29 15:44:15,820000,11.476
2026/04/29 15:44:15,821000,11.471
2026/04/29 15:44:15,822000,11.468
2026/04/29 15:44:15,823000,11.468
2026/04/29 15:44:15,824000,11.471
2026/04/29 15:44:15,825000,11.476
2026/04/29 15:44:15,826000,11.465
2026/04/29 15:44:15,827000,11.476
2026/04/29 15:44:15,828000,11.471
2026/04/29 15:44:15,829000,11.476
2026/04/29 15:44:15,830000,11.468
2026/04/29 15:44:15,831000,11.465
2026/04/29 15:44:15,832000,11.465
2026/04/29 15:44:15,833000,11.468
2026/04/29 15:44:15,834000,11.471
2026/04/29 15:44:15,835000,11.471
2026/04/29 15:44:15,836000,11.471
2026/04/29 15:44:15,837000,11.471
2026/04/29 15:44:15,838000,11.471
2026/04/29 15:44:15,839000,11.473
2026/04/29 15:44:15,840000,11.471
2026/04/29 15:44:15,841000,11.473
2026/04/29 15:44:15,842000,11.471
2026/04/29 15:44:15,843000,11.471
2026/04/29 15:44:15,844000,11.471
2026/04/29 15:44:15,845000,11.471
2026/04/29 15:44:15,846000,11.471
2026/04/29 15:44:15,847000,11.471
2026/04/29 15:44:15,848000,11.476
2026/04/29 15:44:15,849000,11.471
2026/04/29 15:44:15,850000,11.471
2026/04/29 15:44:15,851000,11.471
2026/04/29 15:44:15,852000,11.468
2026/04/29 15:44:15,853000,11.476
2026/04/29 15:44:15,854000,11.471
2026/04/29 15:44:15,855000,11.462
2026/04/29 15:44:15,856000,11.471
2026/04/29 15:44:15,857000,11.473
2026/04/29 15:44:15,858000,11.479
2026/04/29 15:44:15,859000,11.476
2026/04/29 15:44:15,860000,11.471
2026/04/29 15:44:15,861000,11.471
2026/04/29 15:44:15,862000,11.471
2026/04/29 15:44:15,863000,11.479
2026/04/29 15:44:15,864000,11.473
2026/04/29 15:44:15,865000,11.471
2026/04/29 15:44:15,866000,11.471
2026/04/29 15:44:15,867000,11.465
2026/04/29 15:44:15,868000,11.471
2026/04/29 15:44:15,869000,11.479
2026/04/29 15:44:15,870000,11.471
2026/04/29 15:44:15,871000,11.471
2026/04/29 15:44:15,872000,11.468
2026/04/29 15:44:15,873000,11.468
2026/04/29 15:44:15,874000,11.471
2026/04/29 15:44:15,875000,11.471
2026/04/29 15:44:15,876000,11.471
2026/04/29 15:44:15,877000,11.471
2026/04/29 15:44:15,878000,11.471
2026/04/29 15:44:15,879000,11.473
2026/04/29 15:44:15,880000,11.471
2026/04/29 15:44:15,881000,11.471
2026/04/29 15:44:15,882000,11.471
2026/04/29 15:44:15,883000,11.473
2026/04/29 15:44:15,884000,11.471
2026/04/29 15:44:15,885000,11.471
2026/04/29 15:44:15,886000,11.471
2026/04/29 15:44:15,887000,11.468
2026/04/29 15:44:15,888000,11.471
2026/04/29 15:44:15,889000,11.473
2026/04/29 15:44:15,890000,11.471
2026/04/29 15:44:15,891000,11.476
2026/04/29 15:44:15,892000,11.479
2026/04/29 15:44:15,893000,11.476
2026/04/29 15:44:15,894000,11.471
2026/04/29 15:44:15,895000,11.471
2026/04/29 15:44:15,896000,11.476
2026/04/29 15:44:15,897000,11.468
2026/04/29 15:44:15,898000,11.476
2026/04/29 15:44:15,899000,11.473
2026/04/29 15:44:15,900000,11.476
2026/04/29 15:44:15,901000,11.471
2026/04/29 15:44:15,902000,11.471
2026/04/29 15:44:15,903000,11.465
2026/04/29 15:44:15,904000,11.471
2026/04/29 15:44:15,905000,11.471
2026/04/29 15:44:15,906000,11.471
2026/04/29 15:44:15,907000,11.471
2026/04/29 15:44:15,908000,11.471
2026/04/29 15:44:15,909000,11.471
2026/04/29 15:44:15,910000,11.468
2026/04/29 15:44:15,911000,11.471
2026/04/29 15:44:15,912000,11.465
2026/04/29 15:44:15,913000,11.471
2026/04/29 15:44:15,914000,11.471
2026/04/29 15:44:15,915000,11.468
2026/04/29 15:44:15,916000,11.471
2026/04/29 15:44:15,917000,11.476
2026/04/29 15:44:15,918000,11.476
2026/04/29 15:44:15,919000,11.479
2026/04/29 15:44:15,920000,11.471
2026/04/29 15:44:15,921000,11.471
2026/04/29 15:44:15,922000,11.476
2026/04/29 15:44:15,923000,11.476
2026/04/29 15:44:15,924000,11.471
2026/04/29 15:44:15,925000,11.471
2026/04/29 15:44:15,926000,11.471
2026/04/29 15:44:15,927000,11.471
2026/04/29 15:44:15,928000,11.468
2026/04/29 15:44:15,929000,11.471
2026/04/29 15:44:15,930000,11.476
2026/04/29 15:44:15,931000,11.471
2026/04/29 15:44:15,932000,11.471
2026/04/29 15:44:15,933000,11.471
2026/04/29 15:44:15,934000,11.465
2026/04/29 15:44:15,935000,11.471
2026/04/29 15:44:15,936000,11.479
2026/04/29 15:44:15,937000,11.476
2026/04/29 15:44:15,938000,11.476
2026/04/29 15:44:15,939000,11.473
2026/04/29 15:44:15,940000,11.471
2026/04/29 15:44:15,941000,11.471
2026/04/29 15:44:15,942000,11.471
2026/04/29 15:44:15,943000,11.471
2026/04/29 15:44:15,944000,11.471
2026/04/29 15:44:15,945000,11.471
2026/04/29 15:44:15,946000,11.471
2026/04/29 15:44:15,947000,11.476
2026/04/29 15:44:15,948000,11.468
2026/04/29 15:44:15,949000,11.476
2026/04/29 15:44:15,950000,11.468
2026/04/29 15:44:15,951000,11.473
2026/04/29 15:44:15,952000,11.471
2026/04/29 15:44:15,953000,11.471
2026/04/29 15:44:15,954000,11.473
2026/04/29 15:44:15,955000,11.471
2026/04/29 15:44:15,956000,11.471
2026/04/29 15:44:15,957000,11.471
2026/04/29 15:44:15,958000,11.471
2026/04/29 15:44:15,959000,11.471
2026/04/29 15:44:15,960000,11.468
2026/04/29 15:44:15,961000,11.476
2026/04/29 15:44:15,962000,11.465
2026/04/29 15:44:15,963000,11.471
2026/04/29 15:44:15,964000,11.471
2026/04/29 15:44:15,965000,11.465
2026/04/29 15:44:15,966000,11.471
2026/04/29 15:44:15,967000,11.468
2026/04/29 15:44:15,968000,11.468
2026/04/29 15:44:15,969000,11.471
2026/04/29 15:44:15,970000,11.471
2026/04/29 15:44:15,971000,11.468
2026/04/29 15:44:15,972000,11.471
2026/04/29 15:44:15,973000,11.471
2026/04/29 15:44:15,974000,11.473
2026/04/29 15:44:15,975000,11.476
2026/04/29 15:44:15,976000,11.468
2026/04/29 15:44:15,977000,11.471
2026/04/29 15:44:15,978000,11.471
2026/04/29 15:44:15,979000,11.476
2026/04/29 15:44:15,980000,11.476
2026/04/29 15:44:15,981000,11.465
2026/04/29 15:44:15,982000,11.471
2026/04/29 15:44:15,983000,11.476
2026/04/29 15:44:15,984000,11.471
2026/04/29 15:44:15,985000,11.468
2026/04/29 15:44:15,986000,11.471
2026/04/29 15:44:15,987000,11.468
2026/04/29 15:44:15,988000,11.473
2026/04/29 15:44:15,989000,11.473
2026/04/29 15:44:15,990000,11.471
2026/04/29 15:44:15,991000,11.468
2026/04/29 15:44:15,992000,11.471
2026/04/29 15:44:15,993000,11.471
2026/04/29 15:44:15,994000,11.468
2026/04/29 15:44:15,995000,11.471
2026/04/29 15:44:15,996000,11.471
2026/04/29 15:44:15,997000,11.471
2026/04/29 15:44:15,998000,11.471
2026/04/29 15:44:15,999000,11.471
2026/04/29 15:44:16,000000,11.471
2026/04/29 15:44:16,001000,11.473
2026/04/29 15:44:16,002000,11.473
2026/04/29 15:44:16,003000,11.473
2026/04/29 15:44:16,004000,11.476
2026/04/29 15:44:16,005000,11.476
2026/04/29 15:44:16,006000,11.468
2026/04/29 15:44:16,007000,11.476
2026/04/29 15:44:16,008000,11.471
2026/04/29 15:44:16,009000,11.468
2026/04/29 15:44:16,010000,11.468
2026/04/29 15:44:16,011000,11.479
2026/04/29 15:44:16,012000,11.468
2026/04/29 15:44:16,013000,11.468
2026/04/29 15:44:16,014000,11.471
2026/04/29 15:44:16,015000,11.476
2026/04/29 15:44:16,016000,11.471
2026/04/29 15:44:16,017000,11.468
2026/04/29 15:44:16,018000,11.476
2026/04/29 15:44:16,019000,11.465
2026/04/29 15:44:16,020000,11.473
2026/04/29 15:44:16,021000,11.471
2026/04/29 15:44:16,022000,11.471
2026/04/29 15:44:16,023000,11.471
2026/04/29 15:44:16,024000,11.471
2026/04/29 15:44:16,025000,11.468
2026/04/29 15:44:16,026000,11.471
2026/04/29 15:44:16,027000,11.471
2026/04/29 15:44:16,028000,11.468
2026/04/29 15:44:16,029000,11.471
2026/04/29 15:44:16,030000,11.465
2026/04/29 15:44:16,031000,11.471
2026/04/29 15:44:16,032000,11.471
2026/04/29 15:44:16,033000,11.471
2026/04/29 15:44:16,034000,11.471
2026/04/29 15:44:16,035000,11.471
2026/04/29 15:44:16,036000,11.471
2026/04/29 15:44:16,037000,11.471
2026/04/29 15:44:16,038000,11.476
2026/04/29 15:44:16,039000,11.476
2026/04/29 15:44:16,040000,11.471
2026/04/29 15:44:16,041000,11.471
2026/04/29 15:44:16,042000,11.471
2026/04/29 15:44:16,043000,11.471
2026/04/29 15:44:16,044000,11.471
2026/04/29 15:44:16,045000,11.476
2026/04/29 15:44:16,046000,11.471
2026/04/29 15:44:16,047000,11.476
2026/04/29 15:44:16,048000,11.471
2026/04/29 15:44:16,049000,11.471
2026/04/29 15:44:16,050000,11.471
2026/04/29 15:44:16,051000,11.476
2026/04/29 15:44:16,052000,11.468
2026/04/29 15:44:16,053000,11.476
2026/04/29 15:44:16,054000,11.471
2026/04/29 15:44:16,055000,11.471
2026/04/29 15:44:16,056000,11.468
2026/04/29 15:44:16,057000,11.471
2026/04/29 15:44:16,058000,11.471
2026/04/29 15:44:16,059000,11.471
2026/04/29 15:44:16,060000,11.468
2026/04/29 15:44:16,061000,11.468
2026/04/29 15:44:16,062000,11.471
2026/04/29 15:44:16,063000,11.465
2026/04/29 15:44:16,064000,11.471
2026/04/29 15:44:16,065000,11.471
2026/04/29 15:44:16,066000,11.471
2026/04/29 15:44:16,067000,11.476
2026/04/29 15:44:16,068000,11.471
2026/04/29 15:44:16,069000,11.476
2026/04/29 15:44:16,070000,11.462
2026/04/29 15:44:16,071000,11.471
2026/04/29 15:44:16,072000,11.473
2026/04/29 15:44:16,073000,11.479
2026/04/29 15:44:16,074000,11.471
2026/04/29 15:44:16,075000,11.479
2026/04/29 15:44:16,076000,11.471
2026/04/29 15:44:16,077000,11.471
2026/04/29 15:44:16,078000,11.476
2026/04/29 15:44:16,079000,11.465
2026/04/29 15:44:16,080000,11.471
2026/04/29 15:44:16,081000,11.479
2026/04/29 15:44:16,082000,11.471
2026/04/29 15:44:16,083000,11.473
2026/04/29 15:44:16,084000,11.471
2026/04/29 15:44:16,085000,11.471
2026/04/29 15:44:16,086000,11.471
2026/04/29 15:44:16,087000,11.471
2026/04/29 15:44:16,088000,11.471
2026/04/29 15:44:16,089000,11.471
2026/04/29 15:44:16,090000,11.471
2026/04/29 15:44:16,091000,11.476
2026/04/29 15:44:16,092000,11.479
2026/04/29 15:44:16,093000,11.465
2026/04/29 15:44:16,094000,11.471
2026/04/29 15:44:16,095000,11.473
2026/04/29 15:44:16,096000,11.476
2026/04/29 15:44:16,097000,11.479
2026/04/29 15:44:16,098000,11.471
2026/04/29 15:44:16,099000,11.471
2026/04/29 15:44:16,100000,11.471
2026/04/29 15:44:16,101000,11.471
2026/04/29 15:44:16,102000,11.471
2026/04/29 15:44:16,103000,11.476
2026/04/29 15:44:16,104000,11.471
2026/04/29 15:44:16,105000,11.465
2026/04/29 15:44:16,106000,11.473
2026/04/29 15:44:16,107000,11.471
2026/04/29 15:44:16,108000,11.468
2026/04/29 15:44:16,109000,11.479
2026/04/29 15:44:16,110000,11.476
2026/04/29 15:44:16,111000,11.471
2026/04/29 15:44:16,112000,11.476
2026/04/29 15:44:16,113000,11.471
2026/04/29 15:44:16,114000,11.473
2026/04/29 15:44:16,115000,11.471
2026/04/29 15:44:16,116000,11.476
2026/04/29 15:44:16,117000,11.473
2026/04/29 15:44:16,118000,11.476
2026/04/29 15:44:16,119000,11.471
2026/04/29 15:44:16,120000,11.471
2026/04/29 15:44:16,121000,11.471
2026/04/29 15:44:16,122000,11.479
2026/04/29 15:44:16,123000,11.471
2026/04/29 15:44:16,124000,11.471
2026/04/29 15:44:16,125000,11.479
2026/04/29 15:44:16,126000,11.471
2026/04/29 15:44:16,127000,11.471
2026/04/29 15:44:16,128000,11.471
2026/04/29 15:44:16,129000,11.471
2026/04/29 15:44:16,130000,11.479
2026/04/29 15:44:16,131000,11.471
2026/04/29 15:44:16,132000,11.473
2026/04/29 15:44:16,133000,11.468
2026/04/29 15:44:16,134000,11.476
2026/04/29 15:44:16,135000,11.471
2026/04/29 15:44:16,136000,11.471
2026/04/29 15:44:16,137000,11.473
2026/04/29 15:44:16,138000,11.471
2026/04/29 15:44:16,139000,11.476
2026/04/29 15:44:16,140000,11.471
2026/04/29 15:44:16,141000,11.471
2026/04/29 15:44:16,142000,11.468
2026/04/29 15:44:16,143000,11.471
2026/04/29 15:44:16,144000,11.471
2026/04/29 15:44:16,145000,11.468
2026/04/29 15:44:16,146000,11.476
2026/04/29 15:44:16,147000,11.471
2026/04/29 15:44:16,148000,11.482
2026/04/29 15:44:16,149000,11.468
2026/04/29 15:44:16,150000,11.473
2026/04/29 15:44:16,151000,11.473
2026/04/29 15:44:16,152000,11.473
2026/04/29 15:44:16,153000,11.468
2026/04/29 15:44:16,154000,11.476
2026/04/29 15:44:16,155000,11.471
2026/04/29 15:44:16,156000,11.471
2026/04/29 15:44:16,157000,11.473
2026/04/29 15:44:16,158000,11.471
2026/04/29 15:44:16,159000,11.471
2026/04/29 15:44:16,160000,11.468
2026/04/29 15:44:16,161000,11.476
2026/04/29 15:44:16,162000,11.479
2026/04/29 15:44:16,163000,11.471
2026/04/29 15:44:16,164000,11.471
2026/04/29 15:44:16,165000,11.471
2026/04/29 15:44:16,166000,11.471
2026/04/29 15:44:16,167000,11.471
2026/04/29 15:44:16,168000,11.471
2026/04/29 15:44:16,169000,11.468
2026/04/29 15:44:16,170000,11.476
2026/04/29 15:44:16,171000,11.476
2026/04/29 15:44:16,172000,11.473
2026/04/29 15:44:16,173000,11.471
2026/04/29 15:44:16,174000,11.479
2026/04/29 15:44:16,175000,11.476
2026/04/29 15:44:16,176000,11.468
2026/04/29 15:44:16,177000,11.471
2026/04/29 15:44:16,178000,11.471
2026/04/29 15:44:16,179000,11.471
2026/04/29 15:44:16,180000,11.471
2026/04/29 15:44:16,181000,11.476
2026/04/29 15:44:16,182000,11.476
2026/04/29 15:44:16,183000,11.479
2026/04/29 15:44:16,184000,11.471
2026/04/29 15:44:16,185000,11.471
2026/04/29 15:44:16,186000,11.471
2026/04/29 15:44:16,187000,11.476
2026/04/29 15:44:16,188000,11.473
2026/04/29 15:44:16,189000,11.479
2026/04/29 15:44:16,190000,11.479
2026/04/29 15:44:16,191000,11.476
2026/04/29 15:44:16,192000,11.471
2026/04/29 15:44:16,193000,11.479
2026/04/29 15:44:16,194000,11.471
2026/04/29 15:44:16,195000,11.468
2026/04/29 15:44:16,196000,11.479
2026/04/29 15:44:16,197000,11.471
2026/04/29 15:44:16,198000,11.471
2026/04/29 15:44:16,199000,11.471
2026/04/29 15:44:16,200000,11.471
2026/04/29 15:44:16,201000,11.471
2026/04/29 15:44:16,202000,11.479
2026/04/29 15:44:16,203000,11.473
2026/04/29 15:44:16,204000,11.476
2026/04/29 15:44:16,205000,11.471
2026/04/29 15:44:16,206000,11.471
2026/04/29 15:44:16,207000,11.479
2026/04/29 15:44:16,208000,11.471
2026/04/29 15:44:16,209000,11.473
2026/04/29 15:44:16,210000,11.479
2026/04/29 15:44:16,211000,11.476
2026/04/29 15:44:16,212000,11.473
2026/04/29 15:44:16,213000,11.471
2026/04/29 15:44:16,214000,11.471
2026/04/29 15:44:16,215000,11.479
2026/04/29 15:44:16,216000,11.471
2026/04/29 15:44:16,217000,11.471
2026/04/29 15:44:16,218000,11.468
2026/04/29 15:44:16,219000,11.471
2026/04/29 15:44:16,220000,11.471
2026/04/29 15:44:16,221000,11.473
2026/04/29 15:44:16,222000,11.476
2026/04/29 15:44:16,223000,11.471
2026/04/29 15:44:16,224000,11.476
2026/04/29 15:44:16,225000,11.476
2026/04/29 15:44:16,226000,11.473
2026/04/29 15:44:16,227000,11.465
2026/04/29 15:44:16,228000,11.476
2026/04/29 15:44:16,229000,11.476
2026/04/29 15:44:16,230000,11.473
2026/04/29 15:44:16,231000,11.471
2026/04/29 15:44:16,232000,11.468
2026/04/29 15:44:16,233000,11.468
2026/04/29 15:44:16,234000,11.465
2026/04/29 15:44:16,235000,11.473
2026/04/29 15:44:16,236000,11.471
2026/04/29 15:44:16,237000,11.471
2026/04/29 15:44:16,238000,11.471
2026/04/29 15:44:16,239000,11.471
2026/04/29 15:44:16,240000,11.479
2026/04/29 15:44:16,241000,11.476
2026/04/29 15:44:16,242000,11.471
2026/04/29 15:44:16,243000,11.471
2026/04/29 15:44:16,244000,11.473
2026/04/29 15:44:16,245000,11.479
2026/04/29 15:44:16,246000,11.471
2026/04/29 15:44:16,247000,11.479
2026/04/29 15:44:16,248000,11.471
2026/04/29 15:44:16,249000,11.476
2026/04/29 15:44:16,250000,11.485
2026/04/29 15:44:16,251000,11.471
2026/04/29 15:44:16,252000,11.471
2026/04/29 15:44:16,253000,11.471
2026/04/29 15:44:16,254000,11.471
2026/04/29 15:44:16,255000,11.471
2026/04/29 15:44:16,256000,11.471
2026/04/29 15:44:16,257000,11.471
2026/04/29 15:44:16,258000,11.479
2026/04/29 15:44:16,259000,11.471
2026/04/29 15:44:16,260000,11.468
2026/04/29 15:44:16,261000,11.468
2026/04/29 15:44:16,262000,11.473
2026/04/29 15:44:16,263000,11.476
2026/04/29 15:44:16,264000,11.476
2026/04/29 15:44:16,265000,11.476
2026/04/29 15:44:16,266000,11.473
2026/04/29 15:44:16,267000,11.479
2026/04/29 15:44:16,268000,11.476
2026/04/29 15:44:16,269000,11.471
2026/04/29 15:44:16,270000,11.471
2026/04/29 15:44:16,271000,11.468
2026/04/29 15:44:16,272000,11.473
2026/04/29 15:44:16,273000,11.471
2026/04/29 15:44:16,274000,11.471
2026/04/29 15:44:16,275000,11.471
2026/04/29 15:44:16,276000,11.471
2026/04/29 15:44:16,277000,11.471
2026/04/29 15:44:16,278000,11.471
2026/04/29 15:44:16,279000,11.471
2026/04/29 15:44:16,280000,11.471
2026/04/29 15:44:16,281000,11.479
2026/04/29 15:44:16,282000,11.471
2026/04/29 15:44:16,283000,11.471
2026/04/29 15:44:16,284000,11.468
2026/04/29 15:44:16,285000,11.471
2026/04/29 15:44:16,286000,11.479
2026/04/29 15:44:16,287000,11.471
2026/04/29 15:44:16,288000,11.471
2026/04/29 15:44:16,289000,11.473
2026/04/29 15:44:16,290000,11.471
2026/04/29 15:44:16,291000,11.471
2026/04/29 15:44:16,292000,11.471
2026/04/29 15:44:16,293000,11.479
2026/04/29 15:44:16,294000,11.468
2026/04/29 15:44:16,295000,11.465
2026/04/29 15:44:16,296000,11.471
2026/04/29 15:44:16,297000,11.471
2026/04/29 15:44:16,298000,11.471
2026/04/29 15:44:16,299000,11.471
2026/04/29 15:44:16,300000,11.476
2026/04/29 15:44:16,301000,11.471
2026/04/29 15:44:16,302000,11.468
2026/04/29 15:44:16,303000,11.471
2026/04/29 15:44:16,304000,11.473
2026/04/29 15:44:16,305000,11.471
2026/04/29 15:44:16,306000,11.471
2026/04/29 15:44:16,307000,11.471
2026/04/29 15:44:16,308000,11.471
2026/04/29 15:44:16,309000,11.476
2026/04/29 15:44:16,310000,11.471
2026/04/29 15:44:16,311000,11.468
2026/04/29 15:44:16,312000,11.471
2026/04/29 15:44:16,313000,11.471
2026/04/29 15:44:16,314000,11.473
2026/04/29 15:44:16,315000,11.473
2026/04/29 15:44:16,316000,11.479
2026/04/29 15:44:16,317000,11.476
2026/04/29 15:44:16,318000,11.471
2026/04/29 15:44:16,319000,11.476
2026/04/29 15:44:16,320000,11.471
2026/04/29 15:44:16,321000,11.465
2026/04/29 15:44:16,322000,11.471
2026/04/29 15:44:16,323000,11.476
2026/04/29 15:44:16,324000,11.468
2026/04/29 15:44:16,325000,11.479
2026/04/29 15:44:16,326000,11.471
2026/04/29 15:44:16,327000,11.468
2026/04/29 15:44:16,328000,11.471
2026/04/29 15:44:16,329000,11.479
2026/04/29 15:44:16,330000,11.476
2026/04/29 15:44:16,331000,11.471
2026/04/29 15:44:16,332000,11.476
2026/04/29 15:44:16,333000,11.476
2026/04/29 15:44:16,334000,11.476
2026/04/29 15:44:16,335000,11.468
2026/04/29 15:44:16,336000,11.471
2026/04/29 15:44:16,337000,11.468
2026/04/29 15:44:16,338000,11.473
2026/04/29 15:44:16,339000,11.479
2026/04/29 15:44:16,340000,11.468
2026/04/29 15:44:16,341000,11.476
2026/04/29 15:44:16,342000,11.471
2026/04/29 15:44:16,343000,11.471
2026/04/29 15:44:16,344000,11.479
2026/04/29 15:44:16,345000,11.468
2026/04/29 15:44:16,346000,11.471
2026/04/29 15:44:16,347000,11.473
2026/04/29 15:44:16,348000,11.473
2026/04/29 15:44:16,349000,11.471
2026/04/29 15:44:16,350000,11.471
2026/04/29 15:44:16,351000,11.471
2026/04/29 15:44:16,352000,11.471
2026/04/29 15:44:16,353000,11.473
2026/04/29 15:44:16,354000,11.468
2026/04/29 15:44:16,355000,11.471
2026/04/29 15:44:16,356000,11.476
2026/04/29 15:44:16,357000,11.471
2026/04/29 15:44:16,358000,11.471
2026/04/29 15:44:16,359000,11.471
2026/04/29 15:44:16,360000,11.476
2026/04/29 15:44:16,361000,11.471
2026/04/29 15:44:16,362000,11.471
2026/04/29 15:44:16,363000,11.471
2026/04/29 15:44:16,364000,11.476
2026/04/29 15:44:16,365000,11.471
2026/04/29 15:44:16,366000,11.471
2026/04/29 15:44:16,367000,11.471
2026/04/29 15:44:16,368000,11.471
2026/04/29 15:44:16,369000,11.471
2026/04/29 15:44:16,370000,11.471
2026/04/29 15:44:16,371000,11.471
2026/04/29 15:44:16,372000,11.473
2026/04/29 15:44:16,373000,11.471
2026/04/29 15:44:16,374000,11.471
2026/04/29 15:44:16,375000,11.471
2026/04/29 15:44:16,376000,11.465
2026/04/29 15:44:16,377000,11.471
2026/04/29 15:44:16,378000,11.473
2026/04/29 15:44:16,379000,11.473
2026/04/29 15:44:16,380000,11.468
2026/04/29 15:44:16,381000,11.473
2026/04/29 15:44:16,382000,11.476
2026/04/29 15:44:16,383000,11.473
2026/04/29 15:44:16,384000,11.471
2026/04/29 15:44:16,385000,11.465
2026/04/29 15:44:16,386000,11.471
2026/04/29 15:44:16,387000,11.465
2026/04/29 15:44:16,388000,11.468
2026/04/29 15:44:16,389000,11.479
2026/04/29 15:44:16,390000,11.471
2026/04/29 15:44:16,391000,11.473
2026/04/29 15:44:16,392000,11.471
2026/04/29 15:44:16,393000,11.471
2026/04/29 15:44:16,394000,11.468
2026/04/29 15:44:16,395000,11.476
2026/04/29 15:44:16,396000,11.471
2026/04/29 15:44:16,397000,11.468
2026/04/29 15:44:16,398000,11.471
2026/04/29 15:44:16,399000,11.476
2026/04/29 15:44:16,400000,11.468
2026/04/29 15:44:16,401000,11.473
2026/04/29 15:44:16,402000,11.471
2026/04/29 15:44:16,403000,11.471
2026/04/29 15:44:16,404000,11.471
2026/04/29 15:44:16,405000,11.471
2026/04/29 15:44:16,406000,11.471
2026/04/29 15:44:16,407000,11.471
2026/04/29 15:44:16,408000,11.473
2026/04/29 15:44:16,409000,11.465
2026/04/29 15:44:16,410000,11.473
2026/04/29 15:44:16,411000,11.476
2026/04/29 15:44:16,412000,11.476
2026/04/29 15:44:16,413000,11.471
2026/04/29 15:44:16,414000,11.476
2026/04/29 15:44:16,415000,11.476
2026/04/29 15:44:16,416000,11.471
2026/04/29 15:44:16,417000,11.468
2026/04/29 15:44:16,418000,11.473
2026/04/29 15:44:16,419000,11.465
2026/04/29 15:44:16,420000,11.476
2026/04/29 15:44:16,421000,11.468
2026/04/29 15:44:16,422000,11.479
2026/04/29 15:44:16,423000,11.471
2026/04/29 15:44:16,424000,11.471
2026/04/29 15:44:16,425000,11.473
2026/04/29 15:44:16,426000,11.471
2026/04/29 15:44:16,427000,11.468
2026/04/29 15:44:16,428000,11.468
2026/04/29 15:44:16,429000,11.473
2026/04/29 15:44:16,430000,11.471
2026/04/29 15:44:16,431000,11.471
2026/04/29 15:44:16,432000,11.471
2026/04/29 15:44:16,433000,11.471
2026/04/29 15:44:16,434000,11.482
2026/04/29 15:44:16,435000,11.473
2026/04/29 15:44:16,436000,11.471
2026/04/29 15:44:16,437000,11.471
2026/04/29 15:44:16,438000,11.471
2026/04/29 15:44:16,439000,11.471
2026/04/29 15:44:16,440000,11.473
2026/04/29 15:44:16,441000,11.471
2026/04/29 15:44:16,442000,11.471
2026/04/29 15:44:16,443000,11.471
2026/04/29 15:44:16,444000,11.471
2026/04/29 15:44:16,445000,11.473
2026/04/29 15:44:16,446000,11.471
2026/04/29 15:44:16,447000,11.476
2026/04/29 15:44:16,448000,11.468
2026/04/29 15:44:16,449000,11.479
2026/04/29 15:44:16,450000,11.471
2026/04/29 15:44:16,451000,11.476
2026/04/29 15:44:16,452000,11.471
2026/04/29 15:44:16,453000,11.471
2026/04/29 15:44:16,454000,11.479
2026/04/29 15:44:16,455000,11.465
2026/04/29 15:44:16,456000,11.471
2026/04/29 15:44:16,457000,11.471
2026/04/29 15:44:16,458000,11.471
2026/04/29 15:44:16,459000,11.471
2026/04/29 15:44:16,460000,11.468
2026/04/29 15:44:16,461000,11.473
2026/04/29 15:44:16,462000,11.471
2026/04/29 15:44:16,463000,11.471
2026/04/29 15:44:16,464000,11.471
2026/04/29 15:44:16,465000,11.476
2026/04/29 15:44:16,466000,11.468
2026/04/29 15:44:16,467000,11.468
2026/04/29 15:44:16,468000,11.471
2026/04/29 15:44:16,469000,11.479
2026/04/29 15:44:16,470000,11.471
2026/04/29 15:44:16,471000,11.471
2026/04/29 15:44:16,472000,11.468
2026/04/29 15:44:16,473000,11.471
2026/04/29 15:44:16,474000,11.476
2026/04/29 15:44:16,475000,11.471
2026/04/29 15:44:16,476000,11.468
2026/04/29 15:44:16,477000,11.465
2026/04/29 15:44:16,478000,11.471
2026/04/29 15:44:16,479000,11.471
2026/04/29 15:44:16,480000,11.471
2026/04/29 15:44:16,481000,11.476
2026/04/29 15:44:16,482000,11.471
2026/04/29 15:44:16,483000,11.471
2026/04/29 15:44:16,484000,11.465
2026/04/29 15:44:16,485000,11.476
2026/04/29 15:44:16,486000,11.471
2026/04/29 15:44:16,487000,11.468
2026/04/29 15:44:16,488000,11.468
2026/04/29 15:44:16,489000,11.468
2026/04/29 15:44:16,490000,11.465
2026/04/29 15:44:16,491000,11.468
2026/04/29 15:44:16,492000,11.471
2026/04/29 15:44:16,493000,11.473
2026/04/29 15:44:16,494000,11.476
2026/04/29 15:44:16,495000,11.471
2026/04/29 15:44:16,496000,11.471
2026/04/29 15:44:16,497000,11.471
2026/04/29 15:44:16,498000,11.471
2026/04/29 15:44:16,499000,11.471
2026/04/29 15:44:16,500000,11.473
2026/04/29 15:44:16,501000,11.476
2026/04/29 15:44:16,502000,11.471
2026/04/29 15:44:16,503000,11.471
2026/04/29 15:44:16,504000,11.471
2026/04/29 15:44:16,505000,11.471
2026/04/29 15:44:16,506000,11.473
2026/04/29 15:44:16,507000,11.471
2026/04/29 15:44:16,508000,11.471
2026/04/29 15:44:16,509000,11.473
2026/04/29 15:44:16,510000,11.476
2026/04/29 15:44:16,511000,11.471
2026/04/29 15:44:16,512000,11.476
2026/04/29 15:44:16,513000,11.473
2026/04/29 15:44:16,514000,11.473
2026/04/29 15:44:16,515000,11.473
2026/04/29 15:44:16,516000,11.476
2026/04/29 15:44:16,517000,11.476
2026/04/29 15:44:16,518000,11.471
2026/04/29 15:44:16,519000,11.471
2026/04/29 15:44:16,520000,11.471
2026/04/29 15:44:16,521000,11.473
2026/04/29 15:44:16,522000,11.471
2026/04/29 15:44:16,523000,11.471
2026/04/29 15:44:16,524000,11.471
2026/04/29 15:44:16,525000,11.476
2026/04/29 15:44:16,526000,11.476
2026/04/29 15:44:16,527000,11.468
2026/04/29 15:44:16,528000,11.479
2026/04/29 15:44:16,529000,11.471
2026/04/29 15:44:16,530000,11.476
2026/04/29 15:44:16,531000,11.473
2026/04/29 15:44:16,532000,11.471
2026/04/29 15:44:16,533000,11.479
2026/04/29 15:44:16,534000,11.468
2026/04/29 15:44:16,535000,11.468
2026/04/29 15:44:16,536000,11.471
2026/04/29 15:44:16,537000,11.471
2026/04/29 15:44:16,538000,11.465
2026/04/29 15:44:16,539000,11.476
2026/04/29 15:44:16,540000,11.471
2026/04/29 15:44:16,541000,11.471
2026/04/29 15:44:16,542000,11.471
2026/04/29 15:44:16,543000,11.471
2026/04/29 15:44:16,544000,11.471
2026/04/29 15:44:16,545000,11.471
2026/04/29 15:44:16,546000,11.471
2026/04/29 15:44:16,547000,11.471
2026/04/29 15:44:16,548000,11.468
2026/04/29 15:44:16,549000,11.471
2026/04/29 15:44:16,550000,11.471
2026/04/29 15:44:16,551000,11.471
2026/04/29 15:44:16,552000,11.473
2026/04/29 15:44:16,553000,11.473
2026/04/29 15:44:16,554000,11.473
2026/04/29 15:44:16,555000,11.476
2026/04/29 15:44:16,556000,11.468
2026/04/29 15:44:16,557000,11.471
2026/04/29 15:44:16,558000,11.468
2026/04/29 15:44:16,559000,11.471
2026/04/29 15:44:16,560000,11.468
2026/04/29 15:44:16,561000,11.468
2026/04/29 15:44:16,562000,11.471
2026/04/29 15:44:16,563000,11.473
2026/04/29 15:44:16,564000,11.471
2026/04/29 15:44:16,565000,11.473
2026/04/29 15:44:16,566000,11.471
2026/04/29 15:44:16,567000,11.476
2026/04/29 15:44:16,568000,11.471
2026/04/29 15:44:16,569000,11.471
2026/04/29 15:44:16,570000,11.471
2026/04/29 15:44:16,571000,11.471
2026/04/29 15:44:16,572000,11.487
2026/04/29 15:44:16,573000,11.471
2026/04/29 15:44:16,574000,11.473
2026/04/29 15:44:16,575000,11.476
2026/04/29 15:44:16,576000,11.471
2026/04/29 15:44:16,577000,11.476
2026/04/29 15:44:16,578000,11.473
2026/04/29 15:44:16,579000,11.471
2026/04/29 15:44:16,580000,11.471
2026/04/29 15:44:16,581000,11.471
2026/04/29 15:44:16,582000,11.471
2026/04/29 15:44:16,583000,11.471
2026/04/29 15:44:16,584000,11.471
2026/04/29 15:44:16,585000,11.471
2026/04/29 15:44:16,586000,11.471
2026/04/29 15:44:16,587000,11.473
2026/04/29 15:44:16,588000,11.471
2026/04/29 15:44:16,589000,11.468
2026/04/29 15:44:16,590000,11.471
2026/04/29 15:44:16,591000,11.479
2026/04/29 15:44:16,592000,11.471
2026/04/29 15:44:16,593000,11.473
2026/04/29 15:44:16,594000,11.471
2026/04/29 15:44:16,595000,11.473
2026/04/29 15:44:16,596000,11.471
2026/04/29 15:44:16,597000,11.471
2026/04/29 15:44:16,598000,11.476
2026/04/29 15:44:16,599000,11.471
2026/04/29 15:44:16,600000,11.468
2026/04/29 15:44:16,601000,11.468
2026/04/29 15:44:16,602000,11.476
2026/04/29 15:44:16,603000,11.473
2026/04/29 15:44:16,604000,11.468
2026/04/29 15:44:16,605000,11.471
2026/04/29 15:44:16,606000,11.471
2026/04/29 15:44:16,607000,11.471
2026/04/29 15:44:16,608000,11.471
2026/04/29 15:44:16,609000,11.476
2026/04/29 15:44:16,610000,11.476
2026/04/29 15:44:16,611000,11.476
2026/04/29 15:44:16,612000,11.471
2026/04/29 15:44:16,613000,11.471
2026/04/29 15:44:16,614000,11.476
2026/04/29 15:44:16,615000,11.468
2026/04/29 15:44:16,616000,11.471
2026/04/29 15:44:16,617000,11.479
2026/04/29 15:44:16,618000,11.471
2026/04/29 15:44:16,619000,11.471
2026/04/29 15:44:16,620000,11.468
2026/04/29 15:44:16,621000,11.476
2026/04/29 15:44:16,622000,11.468
2026/04/29 15:44:16,623000,11.476
2026/04/29 15:44:16,624000,11.465
2026/04/29 15:44:16,625000,11.471
2026/04/29 15:44:16,626000,11.471
2026/04/29 15:44:16,627000,11.476
2026/04/29 15:44:16,628000,11.471
2026/04/29 15:44:16,629000,11.485
2026/04/29 15:44:16,630000,11.471
2026/04/29 15:44:16,631000,11.476
2026/04/29 15:44:16,632000,11.468
2026/04/29 15:44:16,633000,11.471
2026/04/29 15:44:16,634000,11.471
2026/04/29 15:44:16,635000,11.473
2026/04/29 15:44:16,636000,11.471
2026/04/29 15:44:16,637000,11.471
2026/04/29 15:44:16,638000,11.471
2026/04/29 15:44:16,639000,11.479
2026/04/29 15:44:16,640000,11.468
2026/04/29 15:44:16,641000,11.471
2026/04/29 15:44:16,642000,11.471
2026/04/29 15:44:16,643000,11.471
2026/04/29 15:44:16,644000,11.476
2026/04/29 15:44:16,645000,11.471
2026/04/29 15:44:16,646000,11.471
2026/04/29 15:44:16,647000,11.468
2026/04/29 15:44:16,648000,11.468
2026/04/29 15:44:16,649000,11.473
2026/04/29 15:44:16,650000,11.476
2026/04/29 15:44:16,651000,11.471
2026/04/29 15:44:16,652000,11.471
2026/04/29 15:44:16,653000,11.479
2026/04/29 15:44:16,654000,11.476
2026/04/29 15:44:16,655000,11.471
2026/04/29 15:44:16,656000,11.471
2026/04/29 15:44:16,657000,11.476
2026/04/29 15:44:16,658000,11.471
2026/04/29 15:44:16,659000,11.479
2026/04/29 15:44:16,660000,11.473
2026/04/29 15:44:16,661000,11.476
2026/04/29 15:44:16,662000,11.471
2026/04/29 15:44:16,663000,11.473
2026/04/29 15:44:16,664000,11.471
2026/04/29 15:44:16,665000,11.468
2026/04/29 15:44:16,666000,11.471
2026/04/29 15:44:16,667000,11.471
2026/04/29 15:44:16,668000,11.462
2026/04/29 15:44:16,669000,11.476
2026/04/29 15:44:16,670000,11.471
2026/04/29 15:44:16,671000,11.473
2026/04/29 15:44:16,672000,11.468
2026/04/29 15:44:16,673000,11.479
2026/04/29 15:44:16,674000,11.468
2026/04/29 15:44:16,675000,11.471
2026/04/29 15:44:16,676000,11.476
2026/04/29 15:44:16,677000,11.473
2026/04/29 15:44:16,678000,11.471
2026/04/29 15:44:16,679000,11.471
2026/04/29 15:44:16,680000,11.476
2026/04/29 15:44:16,681000,11.471
2026/04/29 15:44:16,682000,11.476
2026/04/29 15:44:16,683000,11.476
2026/04/29 15:44:16,684000,11.479
2026/04/29 15:44:16,685000,11.479
2026/04/29 15:44:16,686000,11.468
2026/04/29 15:44:16,687000,11.473
2026/04/29 15:44:16,688000,11.471
2026/04/29 15:44:16,689000,11.476
2026/04/29 15:44:16,690000,11.471
2026/04/29 15:44:16,691000,11.471
2026/04/29 15:44:16,692000,11.471
2026/04/29 15:44:16,693000,11.476
2026/04/29 15:44:16,694000,11.471
2026/04/29 15:44:16,695000,11.471
2026/04/29 15:44:16,696000,11.471
2026/04/29 15:44:16,697000,11.471
2026/04/29 15:44:16,698000,11.476
2026/04/29 15:44:16,699000,11.468
2026/04/29 15:44:16,700000,11.479
2026/04/29 15:44:16,701000,11.473
2026/04/29 15:44:16,702000,11.471
2026/04/29 15:44:16,703000,11.476
2026/04/29 15:44:16,704000,11.473
2026/04/29 15:44:16,705000,11.476
2026/04/29 15:44:16,706000,11.476
2026/04/29 15:44:16,707000,11.476
2026/04/29 15:44:16,708000,11.476
2026/04/29 15:44:16,709000,11.468
2026/04/29 15:44:16,710000,11.473
2026/04/29 15:44:16,711000,11.476
2026/04/29 15:44:16,712000,11.471
2026/04/29 15:44:16,713000,11.471
2026/04/29 15:44:16,714000,11.476
2026/04/29 15:44:16,715000,11.471
2026/04/29 15:44:16,716000,11.471
2026/04/29 15:44:16,717000,11.471
2026/04/29 15:44:16,718000,11.479
2026/04/29 15:44:16,719000,11.468
2026/04/29 15:44:16,720000,11.468
2026/04/29 15:44:16,721000,11.471
2026/04/29 15:44:16,722000,11.471
2026/04/29 15:44:16,723000,11.476
2026/04/29 15:44:16,724000,11.462
2026/04/29 15:44:16,725000,11.468
2026/04/29 15:44:16,726000,11.476
2026/04/29 15:44:16,727000,11.471
2026/04/29 15:44:16,728000,11.473
2026/04/29 15:44:16,729000,11.471
2026/04/29 15:44:16,730000,11.471
2026/04/29 15:44:16,731000,11.479
2026/04/29 15:44:16,732000,11.468
2026/04/29 15:44:16,733000,11.476
2026/04/29 15:44:16,734000,11.471
2026/04/29 15:44:16,735000,11.476
2026/04/29 15:44:16,736000,11.468
2026/04/29 15:44:16,737000,11.473
2026/04/29 15:44:16,738000,11.471
2026/04/29 15:44:16,739000,11.468
2026/04/29 15:44:16,740000,11.471
2026/04/29 15:44:16,741000,11.476
2026/04/29 15:44:16,742000,11.471
2026/04/29 15:44:16,743000,11.473
2026/04/29 15:44:16,744000,11.476
2026/04/29 15:44:16,745000,11.468
2026/04/29 15:44:16,746000,11.476
2026/04/29 15:44:16,747000,11.479
2026/04/29 15:44:16,748000,11.482
2026/04/29 15:44:16,749000,11.476
2026/04/29 15:44:16,750000,11.473
2026/04/29 15:44:16,751000,11.465
2026/04/29 15:44:16,752000,11.471
2026/04/29 15:44:16,753000,11.465
2026/04/29 15:44:16,754000,11.471
2026/04/29 15:44:16,755000,11.476
2026/04/29 15:44:16,756000,11.476
2026/04/29 15:44:16,757000,11.473
2026/04/29 15:44:16,758000,11.476
2026/04/29 15:44:16,759000,11.471
2026/04/29 15:44:16,760000,11.471
2026/04/29 15:44:16,761000,11.471
2026/04/29 15:44:16,762000,11.476
2026/04/29 15:44:16,763000,11.476
2026/04/29 15:44:16,764000,11.471
2026/04/29 15:44:16,765000,11.479
2026/04/29 15:44:16,766000,11.462
2026/04/29 15:44:16,767000,11.471
2026/04/29 15:44:16,768000,11.476
2026/04/29 15:44:16,769000,11.471
2026/04/29 15:44:16,770000,11.471
2026/04/29 15:44:16,771000,11.476
2026/04/29 15:44:16,772000,11.476
2026/04/29 15:44:16,773000,11.476
2026/04/29 15:44:16,774000,11.471
2026/04/29 15:44:16,775000,11.471
2026/04/29 15:44:16,776000,11.471
2026/04/29 15:44:16,777000,11.473
2026/04/29 15:44:16,778000,11.473
2026/04/29 15:44:16,779000,11.468
2026/04/29 15:44:16,780000,11.473
2026/04/29 15:44:16,781000,11.476
2026/04/29 15:44:16,782000,11.471
2026/04/29 15:44:16,783000,11.482
2026/04/29 15:44:16,784000,11.476
2026/04/29 15:44:16,785000,11.471
2026/04/29 15:44:16,786000,11.471
2026/04/29 15:44:16,787000,11.482
2026/04/29 15:44:16,788000,11.471
2026/04/29 15:44:16,789000,11.476
2026/04/29 15:44:16,790000,11.468
2026/04/29 15:44:16,791000,11.476
2026/04/29 15:44:16,792000,11.471
2026/04/29 15:44:16,793000,11.462
2026/04/29 15:44:16,794000,11.471
2026/04/29 15:44:16,795000,11.471
2026/04/29 15:44:16,796000,11.476
2026/04/29 15:44:16,797000,11.471
2026/04/29 15:44:16,798000,11.476
2026/04/29 15:44:16,799000,11.471
2026/04/29 15:44:16,800000,11.468
2026/04/29 15:44:16,801000,11.471
2026/04/29 15:44:16,802000,11.471
2026/04/29 15:44:16,803000,11.476
2026/04/29 15:44:16,804000,11.471
2026/04/29 15:44:16,805000,11.468
2026/04/29 15:44:16,806000,11.476
2026/04/29 15:44:16,807000,11.471
2026/04/29 15:44:16,808000,11.468
2026/04/29 15:44:16,809000,11.471
2026/04/29 15:44:16,810000,11.476
2026/04/29 15:44:16,811000,11.471
2026/04/29 15:44:16,812000,11.471
2026/04/29 15:44:16,813000,11.476
2026/04/29 15:44:16,814000,11.468
2026/04/29 15:44:16,815000,11.471
2026/04/29 15:44:16,816000,11.468
2026/04/29 15:44:16,817000,11.471
2026/04/29 15:44:16,818000,11.476
2026/04/29 15:44:16,819000,11.479
2026/04/29 15:44:16,820000,11.471
2026/04/29 15:44:16,821000,11.476
2026/04/29 15:44:16,822000,11.471
2026/04/29 15:44:16,823000,11.479
2026/04/29 15:44:16,824000,11.468
2026/04/29 15:44:16,825000,11.479
2026/04/29 15:44:16,826000,11.468
2026/04/29 15:44:16,827000,11.476
2026/04/29 15:44:16,828000,11.476
2026/04/29 15:44:16,829000,11.473
2026/04/29 15:44:16,830000,11.471
2026/04/29 15:44:16,831000,11.468
2026/04/29 15:44:16,832000,11.471
2026/04/29 15:44:16,833000,11.471
2026/04/29 15:44:16,834000,11.471
2026/04/29 15:44:16,835000,11.473
2026/04/29 15:44:16,836000,11.471
2026/04/29 15:44:16,837000,11.471
2026/04/29 15:44:16,838000,11.471
2026/04/29 15:44:16,839000,11.468
2026/04/29 15:44:16,840000,11.476
2026/04/29 15:44:16,841000,11.471
2026/04/29 15:44:16,842000,11.479
2026/04/29 15:44:16,843000,11.471
2026/04/29 15:44:16,844000,11.473
2026/04/29 15:44:16,845000,11.468
2026/04/29 15:44:16,846000,11.471
2026/04/29 15:44:16,847000,11.476
2026/04/29 15:44:16,848000,11.476
2026/04/29 15:44:16,849000,11.471
2026/04/29 15:44:16,850000,11.471
2026/04/29 15:44:16,851000,11.471
2026/04/29 15:44:16,852000,11.479
2026/04/29 15:44:16,853000,11.473
2026/04/29 15:44:16,854000,11.476
2026/04/29 15:44:16,855000,11.471
2026/04/29 15:44:16,856000,11.479
2026/04/29 15:44:16,857000,11.471
2026/04/29 15:44:16,858000,11.471
2026/04/29 15:44:16,859000,11.468
2026/04/29 15:44:16,860000,11.479
2026/04/29 15:44:16,861000,11.471
2026/04/29 15:44:16,862000,11.476
2026/04/29 15:44:16,863000,11.471
2026/04/29 15:44:16,864000,11.471
2026/04/29 15:44:16,865000,11.479
2026/04/29 15:44:16,866000,11.471
2026/04/29 15:44:16,867000,11.471
2026/04/29 15:44:16,868000,11.476
2026/04/29 15:44:16,869000,11.468
2026/04/29 15:44:16,870000,11.471
2026/04/29 15:44:16,871000,11.471
2026/04/29 15:44:16,872000,11.473
2026/04/29 15:44:16,873000,11.471
2026/04/29 15:44:16,874000,11.473
2026/04/29 15:44:16,875000,11.471
2026/04/29 15:44:16,876000,11.473
2026/04/29 15:44:16,877000,11.471
2026/04/29 15:44:16,878000,11.471
2026/04/29 15:44:16,879000,11.471
2026/04/29 15:44:16,880000,11.471
2026/04/29 15:44:16,881000,11.476
2026/04/29 15:44:16,882000,11.476
2026/04/29 15:44:16,883000,11.465
2026/04/29 15:44:16,884000,11.479
2026/04/29 15:44:16,885000,11.471
2026/04/29 15:44:16,886000,11.476
2026/04/29 15:44:16,887000,11.471
2026/04/29 15:44:16,888000,11.471
2026/04/29 15:44:16,889000,11.476
2026/04/29 15:44:16,890000,11.476
2026/04/29 15:44:16,891000,11.465
2026/04/29 15:44:16,892000,11.471
2026/04/29 15:44:16,893000,11.468
2026/04/29 15:44:16,894000,11.471
2026/04/29 15:44:16,895000,11.468
2026/04/29 15:44:16,896000,11.476
2026/04/29 15:44:16,897000,11.471
2026/04/29 15:44:16,898000,11.471
2026/04/29 15:44:16,899000,11.471
2026/04/29 15:44:16,900000,11.476
2026/04/29 15:44:16,901000,11.471
2026/04/29 15:44:16,902000,11.473
2026/04/29 15:44:16,903000,11.473
2026/04/29 15:44:16,904000,11.471
2026/04/29 15:44:16,905000,11.471
2026/04/29 15:44:16,906000,11.476
2026/04/29 15:44:16,907000,11.471
2026/04/29 15:44:16,908000,11.468
2026/04/29 15:44:16,909000,11.465
2026/04/29 15:44:16,910000,11.476
2026/04/29 15:44:16,911000,11.473
2026/04/29 15:44:16,912000,11.468
2026/04/29 15:44:16,913000,11.482
2026/04/29 15:44:16,914000,11.471
2026/04/29 15:44:16,915000,11.476
2026/04/29 15:44:16,916000,11.462
2026/04/29 15:44:16,917000,11.471
2026/04/29 15:44:16,918000,11.468
2026/04/29 15:44:16,919000,11.471
2026/04/29 15:44:16,920000,11.476
2026/04/29 15:44:16,921000,11.476
2026/04/29 15:44:16,922000,11.471
2026/04/29 15:44:16,923000,11.471
2026/04/29 15:44:16,924000,11.468
2026/04/29 15:44:16,925000,11.471
2026/04/29 15:44:16,926000,11.468
2026/04/29 15:44:16,927000,11.471
2026/04/29 15:44:16,928000,11.471
2026/04/29 15:44:16,929000,11.471
2026/04/29 15:44:16,930000,11.479
2026/04/29 15:44:16,931000,11.471
2026/04/29 15:44:16,932000,11.471
2026/04/29 15:44:16,933000,11.471
2026/04/29 15:44:16,934000,11.468
2026/04/29 15:44:16,935000,11.473
2026/04/29 15:44:16,936000,11.468
2026/04/29 15:44:16,937000,11.471
2026/04/29 15:44:16,938000,11.476
2026/04/29 15:44:16,939000,11.476
2026/04/29 15:44:16,940000,11.468
2026/04/29 15:44:16,941000,11.476
2026/04/29 15:44:16,942000,11.476
2026/04/29 15:44:16,943000,11.471
2026/04/29 15:44:16,944000,11.471
2026/04/29 15:44:16,945000,11.476
2026/04/29 15:44:16,946000,11.471
2026/04/29 15:44:16,947000,11.468
2026/04/29 15:44:16,948000,11.465
2026/04/29 15:44:16,949000,11.471
2026/04/29 15:44:16,950000,11.479
2026/04/29 15:44:16,951000,11.476
2026/04/29 15:44:16,952000,11.471
2026/04/29 15:44:16,953000,11.471
2026/04/29 15:44:16,954000,11.465
2026/04/29 15:44:16,955000,11.471
2026/04/29 15:44:16,956000,11.468
2026/04/29 15:44:16,957000,11.471
2026/04/29 15:44:16,958000,11.471
2026/04/29 15:44:16,959000,11.471
2026/04/29 15:44:16,960000,11.471
2026/04/29 15:44:16,961000,11.476
2026/04/29 15:44:16,962000,11.479
2026/04/29 15:44:16,963000,11.471
2026/04/29 15:44:16,964000,11.471
2026/04/29 15:44:16,965000,11.471
2026/04/29 15:44:16,966000,11.468
2026/04/29 15:44:16,967000,11.471
2026/04/29 15:44:16,968000,11.476
2026/04/29 15:44:16,969000,11.473
2026/04/29 15:44:16,970000,11.471
2026/04/29 15:44:16,971000,11.473
2026/04/29 15:44:16,972000,11.479
2026/04/29 15:44:16,973000,11.468
2026/04/29 15:44:16,974000,11.471
2026/04/29 15:44:16,975000,11.471
2026/04/29 15:44:16,976000,11.471
2026/04/29 15:44:16,977000,11.468
2026/04/29 15:44:16,978000,11.471
2026/04/29 15:44:16,979000,11.473
2026/04/29 15:44:16,980000,11.471
2026/04/29 15:44:16,981000,11.473
2026/04/29 15:44:16,982000,11.468
2026/04/29 15:44:16,983000,11.471
2026/04/29 15:44:16,984000,11.471
2026/04/29 15:44:16,985000,11.462
2026/04/29 15:44:16,986000,11.471
2026/04/29 15:44:16,987000,11.473
2026/04/29 15:44:16,988000,11.471
2026/04/29 15:44:16,989000,11.471
2026/04/29 15:44:16,990000,11.471
2026/04/29 15:44:16,991000,11.479
2026/04/29 15:44:16,992000,11.471
2026/04/29 15:44:16,993000,11.471
2026/04/29 15:44:16,994000,11.476
2026/04/29 15:44:16,995000,11.471
2026/04/29 15:44:16,996000,11.476
2026/04/29 15:44:16,997000,11.468
2026/04/29 15:44:16,998000,11.476
2026/04/29 15:44:16,999000,11.479
2026/04/29 15:44:17,000000,11.468
2026/04/29 15:44:17,001000,11.471
2026/04/29 15:44:17,002000,11.468
2026/04/29 15:44:17,003000,11.476
2026/04/29 15:44:17,004000,11.471
2026/04/29 15:44:17,005000,11.476
2026/04/29 15:44:17,006000,11.471
2026/04/29 15:44:17,007000,11.473
2026/04/29 15:44:17,008000,11.471
2026/04/29 15:44:17,009000,11.471
2026/04/29 15:44:17,010000,11.471
2026/04/29 15:44:17,011000,11.471
2026/04/29 15:44:17,012000,11.471
2026/04/29 15:44:17,013000,11.471
2026/04/29 15:44:17,014000,11.471
2026/04/29 15:44:17,015000,11.471
2026/04/29 15:44:17,016000,11.473
2026/04/29 15:44:17,017000,11.468
2026/04/29 15:44:17,018000,11.473
2026/04/29 15:44:17,019000,11.473
2026/04/29 15:44:17,020000,11.471
2026/04/29 15:44:17,021000,11.476
2026/04/29 15:44:17,022000,11.471
2026/04/29 15:44:17,023000,11.473
2026/04/29 15:44:17,024000,11.471
2026/04/29 15:44:17,025000,11.465
2026/04/29 15:44:17,026000,11.471
2026/04/29 15:44:17,027000,11.476
2026/04/29 15:44:17,028000,11.471
2026/04/29 15:44:17,029000,11.471
2026/04/29 15:44:17,030000,11.468
2026/04/29 15:44:17,031000,11.476
2026/04/29 15:44:17,032000,11.468
2026/04/29 15:44:17,033000,11.471
2026/04/29 15:44:17,034000,11.471
2026/04/29 15:44:17,035000,11.476
2026/04/29 15:44:17,036000,11.471
2026/04/29 15:44:17,037000,11.471
2026/04/29 15:44:17,038000,11.468
2026/04/29 15:44:17,039000,11.468
2026/04/29 15:44:17,040000,11.468
2026/04/29 15:44:17,041000,11.476
2026/04/29 15:44:17,042000,11.471
2026/04/29 15:44:17,043000,11.479
2026/04/29 15:44:17,044000,11.476
2026/04/29 15:44:17,045000,11.465
2026/04/29 15:44:17,046000,11.471
2026/04/29 15:44:17,047000,11.471
2026/04/29 15:44:17,048000,11.471
2026/04/29 15:44:17,049000,11.468
2026/04/29 15:44:17,050000,11.476
2026/04/29 15:44:17,051000,11.476
2026/04/29 15:44:17,052000,11.479
2026/04/29 15:44:17,053000,11.476
2026/04/29 15:44:17,054000,11.468
2026/04/29 15:44:17,055000,11.476
2026/04/29 15:44:17,056000,11.476
2026/04/29 15:44:17,057000,11.473
2026/04/29 15:44:17,058000,11.473
2026/04/29 15:44:17,059000,11.479
2026/04/29 15:44:17,060000,11.482
2026/04/29 15:44:17,061000,11.473
2026/04/29 15:44:17,062000,11.476
2026/04/29 15:44:17,063000,11.471
2026/04/29 15:44:17,064000,11.471
2026/04/29 15:44:17,065000,11.473
2026/04/29 15:44:17,066000,11.468
2026/04/29 15:44:17,067000,11.471
2026/04/29 15:44:17,068000,11.471
2026/04/29 15:44:17,069000,11.468
2026/04/29 15:44:17,070000,11.476
2026/04/29 15:44:17,071000,11.479
2026/04/29 15:44:17,072000,11.476
2026/04/29 15:44:17,073000,11.476
2026/04/29 15:44:17,074000,11.473
2026/04/29 15:44:17,075000,11.471
2026/04/29 15:44:17,076000,11.471
2026/04/29 15:44:17,077000,11.476
2026/04/29 15:44:17,078000,11.471
2026/04/29 15:44:17,079000,11.471
2026/04/29 15:44:17,080000,11.476
2026/04/29 15:44:17,081000,11.476
2026/04/29 15:44:17,082000,11.471
2026/04/29 15:44:17,083000,11.476
2026/04/29 15:44:17,084000,11.471
2026/04/29 15:44:17,085000,11.471
2026/04/29 15:44:17,086000,11.471
2026/04/29 15:44:17,087000,11.471
2026/04/29 15:44:17,088000,11.476
2026/04/29 15:44:17,089000,11.468
2026/04/29 15:44:17,090000,11.471
2026/04/29 15:44:17,091000,11.468
2026/04/29 15:44:17,092000,11.468
2026/04/29 15:44:17,093000,11.471
2026/04/29 15:44:17,094000,11.471
2026/04/29 15:44:17,095000,11.471
2026/04/29 15:44:17,096000,11.476
2026/04/29 15:44:17,097000,11.476
2026/04/29 15:44:17,098000,11.479
2026/04/29 15:44:17,099000,11.471
2026/04/29 15:44:17,100000,11.476
2026/04/29 15:44:17,101000,11.473
2026/04/29 15:44:17,102000,11.471
2026/04/29 15:44:17,103000,11.476
2026/04/29 15:44:17,104000,11.468
2026/04/29 15:44:17,105000,11.468
2026/04/29 15:44:17,106000,11.476
2026/04/29 15:44:17,107000,11.476
2026/04/29 15:44:17,108000,11.476
2026/04/29 15:44:17,109000,11.476
2026/04/29 15:44:17,110000,11.468
2026/04/29 15:44:17,111000,11.471
2026/04/29 15:44:17,112000,11.471
2026/04/29 15:44:17,113000,11.471
2026/04/29 15:44:17,114000,11.471
2026/04/29 15:44:17,115000,11.479
2026/04/29 15:44:17,116000,11.471
2026/04/29 15:44:17,117000,11.471
2026/04/29 15:44:17,118000,11.471
2026/04/29 15:44:17,119000,11.468
2026/04/29 15:44:17,120000,11.473
2026/04/29 15:44:17,121000,11.476
2026/04/29 15:44:17,122000,11.471
2026/04/29 15:44:17,123000,11.468
2026/04/29 15:44:17,124000,11.471
2026/04/29 15:44:17,125000,11.468
2026/04/29 15:44:17,126000,11.471
2026/04/29 15:44:17,127000,11.471
2026/04/29 15:44:17,128000,11.482
2026/04/29 15:44:17,129000,11.473
2026/04/29 15:44:17,130000,11.471
2026/04/29 15:44:17,131000,11.471
2026/04/29 15:44:17,132000,11.465
2026/04/29 15:44:17,133000,11.476
2026/04/29 15:44:17,134000,11.473
2026/04/29 15:44:17,135000,11.471
2026/04/29 15:44:17,136000,11.468
2026/04/29 15:44:17,137000,11.468
2026/04/29 15:44:17,138000,11.465
2026/04/29 15:44:17,139000,11.471
2026/04/29 15:44:17,140000,11.468
2026/04/29 15:44:17,141000,11.471
2026/04/29 15:44:17,142000,11.468
2026/04/29 15:44:17,143000,11.476
2026/04/29 15:44:17,144000,11.476
2026/04/29 15:44:17,145000,11.479
2026/04/29 15:44:17,146000,11.471
2026/04/29 15:44:17,147000,11.468
2026/04/29 15:44:17,148000,11.471
2026/04/29 15:44:17,149000,11.471
2026/04/29 15:44:17,150000,11.479
2026/04/29 15:44:17,151000,11.471
2026/04/29 15:44:17,152000,11.476
2026/04/29 15:44:17,153000,11.479
2026/04/29 15:44:17,154000,11.471
2026/04/29 15:44:17,155000,11.471
2026/04/29 15:44:17,156000,11.459
2026/04/29 15:44:17,157000,11.471
2026/04/29 15:44:17,158000,11.471
2026/04/29 15:44:17,159000,11.468
2026/04/29 15:44:17,160000,11.473
2026/04/29 15:44:17,161000,11.471
2026/04/29 15:44:17,162000,11.471
2026/04/29 15:44:17,163000,11.471
2026/04/29 15:44:17,164000,11.471
2026/04/29 15:44:17,165000,11.473
2026/04/29 15:44:17,166000,11.473
2026/04/29 15:44:17,167000,11.476
2026/04/29 15:44:17,168000,11.471
2026/04/29 15:44:17,169000,11.471
2026/04/29 15:44:17,170000,11.471
2026/04/29 15:44:17,171000,11.471
2026/04/29 15:44:17,172000,11.471
2026/04/29 15:44:17,173000,11.476
2026/04/29 15:44:17,174000,11.471
2026/04/29 15:44:17,175000,11.471
2026/04/29 15:44:17,176000,11.471
2026/04/29 15:44:17,177000,11.473
2026/04/29 15:44:17,178000,11.476
2026/04/29 15:44:17,179000,11.471
2026/04/29 15:44:17,180000,11.476
2026/04/29 15:44:17,181000,11.471
2026/04/29 15:44:17,182000,11.471
2026/04/29 15:44:17,183000,11.471
2026/04/29 15:44:17,184000,11.468
2026/04/29 15:44:17,185000,11.471
2026/04/29 15:44:17,186000,11.468
2026/04/29 15:44:17,187000,11.471
2026/04/29 15:44:17,188000,11.473
2026/04/29 15:44:17,189000,11.471
2026/04/29 15:44:17,190000,11.471
2026/04/29 15:44:17,191000,11.471
2026/04/29 15:44:17,192000,11.476
2026/04/29 15:44:17,193000,11.473
2026/04/29 15:44:17,194000,11.471
2026/04/29 15:44:17,195000,11.468
2026/04/29 15:44:17,196000,11.476
2026/04/29 15:44:17,197000,11.471
2026/04/29 15:44:17,198000,11.471
2026/04/29 15:44:17,199000,11.473
2026/04/29 15:44:17,200000,11.473
2026/04/29 15:44:17,201000,11.476
2026/04/29 15:44:17,202000,11.476
2026/04/29 15:44:17,203000,11.471
2026/04/29 15:44:17,204000,11.471
2026/04/29 15:44:17,205000,11.471
2026/04/29 15:44:17,206000,11.471
2026/04/29 15:44:17,207000,11.471
2026/04/29 15:44:17,208000,11.471
2026/04/29 15:44:17,209000,11.471
2026/04/29 15:44:17,210000,11.476
2026/04/29 15:44:17,211000,11.471
2026/04/29 15:44:17,212000,11.471
2026/04/29 15:44:17,213000,11.471
2026/04/29 15:44:17,214000,11.471
2026/04/29 15:44:17,215000,11.471
2026/04/29 15:44:17,216000,11.468
2026/04/29 15:44:17,217000,11.482
2026/04/29 15:44:17,218000,11.471
2026/04/29 15:44:17,219000,11.476
2026/04/29 15:44:17,220000,11.479
2026/04/29 15:44:17,221000,11.468
2026/04/29 15:44:17,222000,11.471
2026/04/29 15:44:17,223000,11.468
2026/04/29 15:44:17,224000,11.471
2026/04/29 15:44:17,225000,11.471
2026/04/29 15:44:17,226000,11.471
2026/04/29 15:44:17,227000,11.471
2026/04/29 15:44:17,228000,11.479
2026/04/29 15:44:17,229000,11.476
2026/04/29 15:44:17,230000,11.471
2026/04/29 15:44:17,231000,11.471
2026/04/29 15:44:17,232000,11.479
2026/04/29 15:44:17,233000,11.471
2026/04/29 15:44:17,234000,11.471
2026/04/29 15:44:17,235000,11.479
2026/04/29 15:44:17,236000,11.471
2026/04/29 15:44:17,237000,11.471
2026/04/29 15:44:17,238000,11.471
2026/04/29 15:44:17,239000,11.468
2026/04/29 15:44:17,240000,11.471
2026/04/29 15:44:17,241000,11.471
2026/04/29 15:44:17,242000,11.479
2026/04/29 15:44:17,243000,11.471
2026/04/29 15:44:17,244000,11.479
2026/04/29 15:44:17,245000,11.471
2026/04/29 15:44:17,246000,11.476
2026/04/29 15:44:17,247000,11.471
2026/04/29 15:44:17,248000,11.482
2026/04/29 15:44:17,249000,11.476
2026/04/29 15:44:17,250000,11.471
2026/04/29 15:44:17,251000,11.471
2026/04/29 15:44:17,252000,11.476
2026/04/29 15:44:17,253000,11.471
2026/04/29 15:44:17,254000,11.476
2026/04/29 15:44:17,255000,11.471
2026/04/29 15:44:17,256000,11.473
2026/04/29 15:44:17,257000,11.473
2026/04/29 15:44:17,258000,11.473
2026/04/29 15:44:17,259000,11.471
2026/04/29 15:44:17,260000,11.473
2026/04/29 15:44:17,261000,11.468
2026/04/29 15:44:17,262000,11.473
2026/04/29 15:44:17,263000,11.471
2026/04/29 15:44:17,264000,11.476
2026/04/29 15:44:17,265000,11.468
2026/04/29 15:44:17,266000,11.473
2026/04/29 15:44:17,267000,11.471
2026/04/29 15:44:17,268000,11.471
2026/04/29 15:44:17,269000,11.471
2026/04/29 15:44:17,270000,11.479
2026/04/29 15:44:17,271000,11.471
2026/04/29 15:44:17,272000,11.471
2026/04/29 15:44:17,273000,11.471
2026/04/29 15:44:17,274000,11.473
2026/04/29 15:44:17,275000,11.471
2026/04/29 15:44:17,276000,11.473
2026/04/29 15:44:17,277000,11.471
2026/04/29 15:44:17,278000,11.476
2026/04/29 15:44:17,279000,11.471
2026/04/29 15:44:17,280000,11.476
2026/04/29 15:44:17,281000,11.476
2026/04/29 15:44:17,282000,11.476
2026/04/29 15:44:17,283000,11.471
2026/04/29 15:44:17,284000,11.468
2026/04/29 15:44:17,285000,11.471
2026/04/29 15:44:17,286000,11.471
2026/04/29 15:44:17,287000,11.471
2026/04/29 15:44:17,288000,11.476
2026/04/29 15:44:17,289000,11.473
2026/04/29 15:44:17,290000,11.476
2026/04/29 15:44:17,291000,11.471
2026/04/29 15:44:17,292000,11.471
2026/04/29 15:44:17,293000,11.479
2026/04/29 15:44:17,294000,11.479
2026/04/29 15:44:17,295000,11.465
2026/04/29 15:44:17,296000,11.476
2026/04/29 15:44:17,297000,11.471
2026/04/29 15:44:17,298000,11.479
2026/04/29 15:44:17,299000,11.471
2026/04/29 15:44:17,300000,11.468
2026/04/29 15:44:17,301000,11.473
2026/04/29 15:44:17,302000,11.473
2026/04/29 15:44:17,303000,11.471
2026/04/29 15:44:17,304000,11.471
2026/04/29 15:44:17,305000,11.482
2026/04/29 15:44:17,306000,11.485
2026/04/29 15:44:17,307000,11.471
2026/04/29 15:44:17,308000,11.468
2026/04/29 15:44:17,309000,11.479
2026/04/29 15:44:17,310000,11.476
2026/04/29 15:44:17,311000,11.473
2026/04/29 15:44:17,312000,11.468
2026/04/29 15:44:17,313000,11.479
2026/04/29 15:44:17,314000,11.471
2026/04/29 15:44:17,315000,11.471
2026/04/29 15:44:17,316000,11.473
2026/04/29 15:44:17,317000,11.471
2026/04/29 15:44:17,318000,11.471
2026/04/29 15:44:17,319000,11.471
2026/04/29 15:44:17,320000,11.471
2026/04/29 15:44:17,321000,11.471
2026/04/29 15:44:17,322000,11.468
2026/04/29 15:44:17,323000,11.471
2026/04/29 15:44:17,324000,11.468
2026/04/29 15:44:17,325000,11.471
2026/04/29 15:44:17,326000,11.471
2026/04/29 15:44:17,327000,11.471
2026/04/29 15:44:17,328000,11.476
2026/04/29 15:44:17,329000,11.476
2026/04/29 15:44:17,330000,11.468
2026/04/29 15:44:17,331000,11.468
2026/04/29 15:44:17,332000,11.471
2026/04/29 15:44:17,333000,11.471
2026/04/29 15:44:17,334000,11.471
2026/04/29 15:44:17,335000,11.473
2026/04/29 15:44:17,336000,11.471
2026/04/29 15:44:17,337000,11.471
2026/04/29 15:44:17,338000,11.476
2026/04/29 15:44:17,339000,11.479
2026/04/29 15:44:17,340000,11.468
2026/04/29 15:44:17,341000,11.476
2026/04/29 15:44:17,342000,11.471
2026/04/29 15:44:17,343000,11.473
2026/04/29 15:44:17,344000,11.476
2026/04/29 15:44:17,345000,11.471
2026/04/29 15:44:17,346000,11.476
2026/04/29 15:44:17,347000,11.476
2026/04/29 15:44:17,348000,11.471
2026/04/29 15:44:17,349000,11.471
2026/04/29 15:44:17,350000,11.471
2026/04/29 15:44:17,351000,11.468
2026/04/29 15:44:17,352000,11.476
2026/04/29 15:44:17,353000,11.471
2026/04/29 15:44:17,354000,11.471
2026/04/29 15:44:17,355000,11.476
2026/04/29 15:44:17,356000,11.471
2026/04/29 15:44:17,357000,11.473
2026/04/29 15:44:17,358000,11.471
2026/04/29 15:44:17,359000,11.476
2026/04/29 15:44:17,360000,11.471
2026/04/29 15:44:17,361000,11.476
2026/04/29 15:44:17,362000,11.476
2026/04/29 15:44:17,363000,11.471
2026/04/29 15:44:17,364000,11.476
2026/04/29 15:44:17,365000,11.471
2026/04/29 15:44:17,366000,11.479
2026/04/29 15:44:17,367000,11.462
2026/04/29 15:44:17,368000,11.471
2026/04/29 15:44:17,369000,11.471
2026/04/29 15:44:17,370000,11.473
2026/04/29 15:44:17,371000,11.471
2026/04/29 15:44:17,372000,11.473
2026/04/29 15:44:17,373000,11.479
2026/04/29 15:44:17,374000,11.473
2026/04/29 15:44:17,375000,11.471
2026/04/29 15:44:17,376000,11.476
2026/04/29 15:44:17,377000,11.473
2026/04/29 15:44:17,378000,11.473
2026/04/29 15:44:17,379000,11.471
2026/04/29 15:44:17,380000,11.471
2026/04/29 15:44:17,381000,11.471
2026/04/29 15:44:17,382000,11.471
2026/04/29 15:44:17,383000,11.479
2026/04/29 15:44:17,384000,11.471
2026/04/29 15:44:17,385000,11.471
2026/04/29 15:44:17,386000,11.471
2026/04/29 15:44:17,387000,11.471
2026/04/29 15:44:17,388000,11.473
2026/04/29 15:44:17,389000,11.468
2026/04/29 15:44:17,390000,11.471
2026/04/29 15:44:17,391000,11.471
2026/04/29 15:44:17,392000,11.476
2026/04/29 15:44:17,393000,11.465
2026/04/29 15:44:17,394000,11.471
2026/04/29 15:44:17,395000,11.468
2026/04/29 15:44:17,396000,11.471
2026/04/29 15:44:17,397000,11.468
2026/04/29 15:44:17,398000,11.476
2026/04/29 15:44:17,399000,11.476
2026/04/29 15:44:17,400000,11.479
2026/04/29 15:44:17,401000,11.473
2026/04/29 15:44:17,402000,11.468
2026/04/29 15:44:17,403000,11.468
2026/04/29 15:44:17,404000,11.471
2026/04/29 15:44:17,405000,11.468
2026/04/29 15:44:17,406000,11.471
2026/04/29 15:44:17,407000,11.471
2026/04/29 15:44:17,408000,11.479
2026/04/29 15:44:17,409000,11.471
2026/04/29 15:44:17,410000,11.471
2026/04/29 15:44:17,411000,11.471
2026/04/29 15:44:17,412000,11.468
2026/04/29 15:44:17,413000,11.471
2026/04/29 15:44:17,414000,11.471
2026/04/29 15:44:17,415000,11.476
2026/04/29 15:44:17,416000,11.468
2026/04/29 15:44:17,417000,11.471
2026/04/29 15:44:17,418000,11.473
2026/04/29 15:44:17,419000,11.468
2026/04/29 15:44:17,420000,11.465
2026/04/29 15:44:17,421000,11.468
2026/04/29 15:44:17,422000,11.471
2026/04/29 15:44:17,423000,11.476
2026/04/29 15:44:17,424000,11.471
2026/04/29 15:44:17,425000,11.471
2026/04/29 15:44:17,426000,11.471
2026/04/29 15:44:17,427000,11.471
2026/04/29 15:44:17,428000,11.482
2026/04/29 15:44:17,429000,11.471
2026/04/29 15:44:17,430000,11.476
2026/04/29 15:44:17,431000,11.476
2026/04/29 15:44:17,432000,11.471
2026/04/29 15:44:17,433000,11.471
2026/04/29 15:44:17,434000,11.468
2026/04/29 15:44:17,435000,11.471
2026/04/29 15:44:17,436000,11.476
2026/04/29 15:44:17,437000,11.471
2026/04/29 15:44:17,438000,11.471
2026/04/29 15:44:17,439000,11.468
2026/04/29 15:44:17,440000,11.476
2026/04/29 15:44:17,441000,11.473
2026/04/29 15:44:17,442000,11.473
2026/04/29 15:44:17,443000,11.471
2026/04/29 15:44:17,444000,11.476
2026/04/29 15:44:17,445000,11.471
2026/04/29 15:44:17,446000,11.476
2026/04/29 15:44:17,447000,11.473
2026/04/29 15:44:17,448000,11.471
2026/04/29 15:44:17,449000,11.471
2026/04/29 15:44:17,450000,11.471
2026/04/29 15:44:17,451000,11.473
2026/04/29 15:44:17,452000,11.482
2026/04/29 15:44:17,453000,11.471
2026/04/29 15:44:17,454000,11.471
2026/04/29 15:44:17,455000,11.471
2026/04/29 15:44:17,456000,11.468
2026/04/29 15:44:17,457000,11.473
2026/04/29 15:44:17,458000,11.465
2026/04/29 15:44:17,459000,11.471
2026/04/29 15:44:17,460000,11.471
2026/04/29 15:44:17,461000,11.471
2026/04/29 15:44:17,462000,11.473
2026/04/29 15:44:17,463000,11.471
2026/04/29 15:44:17,464000,11.473
2026/04/29 15:44:17,465000,11.465
2026/04/29 15:44:17,466000,11.471
2026/04/29 15:44:17,467000,11.471
2026/04/29 15:44:17,468000,11.476
2026/04/29 15:44:17,469000,11.473
2026/04/29 15:44:17,470000,11.476
2026/04/29 15:44:17,471000,11.471
2026/04/29 15:44:17,472000,11.473
2026/04/29 15:44:17,473000,11.479
2026/04/29 15:44:17,474000,11.471
2026/04/29 15:44:17,475000,11.471
2026/04/29 15:44:17,476000,11.479
2026/04/29 15:44:17,477000,11.471
2026/04/29 15:44:17,478000,11.471
2026/04/29 15:44:17,479000,11.471
2026/04/29 15:44:17,480000,11.473
2026/04/29 15:44:17,481000,11.471
2026/04/29 15:44:17,482000,11.471
2026/04/29 15:44:17,483000,11.468
2026/04/29 15:44:17,484000,11.471
2026/04/29 15:44:17,485000,11.471
2026/04/29 15:44:17,486000,11.473
2026/04/29 15:44:17,487000,11.471
2026/04/29 15:44:17,488000,11.468
2026/04/29 15:44:17,489000,11.468
2026/04/29 15:44:17,490000,11.479
2026/04/29 15:44:17,491000,11.468
2026/04/29 15:44:17,492000,11.471
2026/04/29 15:44:17,493000,11.471
2026/04/29 15:44:17,494000,11.471
2026/04/29 15:44:17,495000,11.471
2026/04/29 15:44:17,496000,11.479
2026/04/29 15:44:17,497000,11.473
2026/04/29 15:44:17,498000,11.471
2026/04/29 15:44:17,499000,11.471
2026/04/29 15:44:17,500000,11.476
2026/04/29 15:44:17,501000,11.468
2026/04/29 15:44:17,502000,11.468
2026/04/29 15:44:17,503000,11.471
2026/04/29 15:44:17,504000,11.476
2026/04/29 15:44:17,505000,11.471
2026/04/29 15:44:17,506000,11.476
2026/04/29 15:44:17,507000,11.465
2026/04/29 15:44:17,508000,11.468
2026/04/29 15:44:17,509000,11.468
2026/04/29 15:44:17,510000,11.471
2026/04/29 15:44:17,511000,11.468
2026/04/29 15:44:17,512000,11.476
2026/04/29 15:44:17,513000,11.476
2026/04/29 15:44:17,514000,11.471
2026/04/29 15:44:17,515000,11.471
2026/04/29 15:44:17,516000,11.471
2026/04/29 15:44:17,517000,11.471
2026/04/29 15:44:17,518000,11.476
2026/04/29 15:44:17,519000,11.479
2026/04/29 15:44:17,520000,11.473
2026/04/29 15:44:17,521000,11.471
2026/04/29 15:44:17,522000,11.468
2026/04/29 15:44:17,523000,11.476
2026/04/29 15:44:17,524000,11.471
2026/04/29 15:44:17,525000,11.471
2026/04/29 15:44:17,526000,11.462
2026/04/29 15:44:17,527000,11.479
2026/04/29 15:44:17,528000,11.468
2026/04/29 15:44:17,529000,11.476
2026/04/29 15:44:17,530000,11.471
2026/04/29 15:44:17,531000,11.476
2026/04/29 15:44:17,532000,11.471
2026/04/29 15:44:17,533000,11.476
2026/04/29 15:44:17,534000,11.471
2026/04/29 15:44:17,535000,11.476
2026/04/29 15:44:17,536000,11.471
2026/04/29 15:44:17,537000,11.465
2026/04/29 15:44:17,538000,11.468
2026/04/29 15:44:17,539000,11.471
2026/04/29 15:44:17,540000,11.468
2026/04/29 15:44:17,541000,11.471
2026/04/29 15:44:17,542000,11.471
2026/04/29 15:44:17,543000,11.471
2026/04/29 15:44:17,544000,11.465
2026/04/29 15:44:17,545000,11.468
2026/04/29 15:44:17,546000,11.465
2026/04/29 15:44:17,547000,11.473
2026/04/29 15:44:17,548000,11.471
2026/04/29 15:44:17,549000,11.471
2026/04/29 15:44:17,550000,11.471
2026/04/29 15:44:17,551000,11.471
2026/04/29 15:44:17,552000,11.471
2026/04/29 15:44:17,553000,11.471
2026/04/29 15:44:17,554000,11.471
2026/04/29 15:44:17,555000,11.471
2026/04/29 15:44:17,556000,11.473
2026/04/29 15:44:17,557000,11.471
2026/04/29 15:44:17,558000,11.465
2026/04/29 15:44:17,559000,11.471
2026/04/29 15:44:17,560000,11.471
2026/04/29 15:44:17,561000,11.465
2026/04/29 15:44:17,562000,11.471
2026/04/29 15:44:17,563000,11.468
2026/04/29 15:44:17,564000,11.471
2026/04/29 15:44:17,565000,11.468
2026/04/29 15:44:17,566000,11.479
2026/04/29 15:44:17,567000,11.471
2026/04/29 15:44:17,568000,11.471
2026/04/29 15:44:17,569000,11.471
2026/04/29 15:44:17,570000,11.476
2026/04/29 15:44:17,571000,11.471
2026/04/29 15:44:17,572000,11.471
2026/04/29 15:44:17,573000,11.471
2026/04/29 15:44:17,574000,11.471
2026/04/29 15:44:17,575000,11.471
2026/04/29 15:44:17,576000,11.471
2026/04/29 15:44:17,577000,11.473
2026/04/29 15:44:17,578000,11.471
2026/04/29 15:44:17,579000,11.471
2026/04/29 15:44:17,580000,11.473
2026/04/29 15:44:17,581000,11.471
2026/04/29 15:44:17,582000,11.471
2026/04/29 15:44:17,583000,11.473
2026/04/29 15:44:17,584000,11.471
2026/04/29 15:44:17,585000,11.471
2026/04/29 15:44:17,586000,11.471
2026/04/29 15:44:17,587000,11.471
2026/04/29 15:44:17,588000,11.476
2026/04/29 15:44:17,589000,11.479
2026/04/29 15:44:17,590000,11.471
2026/04/29 15:44:17,591000,11.471
2026/04/29 15:44:17,592000,11.471
2026/04/29 15:44:17,593000,11.471
2026/04/29 15:44:17,594000,11.471
2026/04/29 15:44:17,595000,11.476
2026/04/29 15:44:17,596000,11.468
2026/04/29 15:44:17,597000,11.473
2026/04/29 15:44:17,598000,11.471
2026/04/29 15:44:17,599000,11.471
2026/04/29 15:44:17,600000,11.471
2026/04/29 15:44:17,601000,11.471
2026/04/29 15:44:17,602000,11.476
2026/04/29 15:44:17,603000,11.471
2026/04/29 15:44:17,604000,11.476
2026/04/29 15:44:17,605000,11.471
2026/04/29 15:44:17,606000,11.476
2026/04/29 15:44:17,607000,11.468
2026/04/29 15:44:17,608000,11.473
2026/04/29 15:44:17,609000,11.471
2026/04/29 15:44:17,610000,11.471
2026/04/29 15:44:17,611000,11.471
2026/04/29 15:44:17,612000,11.476
2026/04/29 15:44:17,613000,11.471
2026/04/29 15:44:17,614000,11.476
2026/04/29 15:44:17,615000,11.476
2026/04/29 15:44:17,616000,11.479
2026/04/29 15:44:17,617000,11.473
2026/04/29 15:44:17,618000,11.471
2026/04/29 15:44:17,619000,11.471
2026/04/29 15:44:17,620000,11.468
2026/04/29 15:44:17,621000,11.471
2026/04/29 15:44:17,622000,11.471
2026/04/29 15:44:17,623000,11.468
2026/04/29 15:44:17,624000,11.468
2026/04/29 15:44:17,625000,11.465
2026/04/29 15:44:17,626000,11.476
2026/04/29 15:44:17,627000,11.471
2026/04/29 15:44:17,628000,11.471
2026/04/29 15:44:17,629000,11.471
2026/04/29 15:44:17,630000,11.471
2026/04/29 15:44:17,631000,11.471
2026/04/29 15:44:17,632000,11.471
2026/04/29 15:44:17,633000,11.479
2026/04/29 15:44:17,634000,11.468
2026/04/29 15:44:17,635000,11.471
2026/04/29 15:44:17,636000,11.468
2026/04/29 15:44:17,637000,11.476
2026/04/29 15:44:17,638000,11.471
2026/04/29 15:44:17,639000,11.468
2026/04/29 15:44:17,640000,11.468
2026/04/29 15:44:17,641000,11.471
2026/04/29 15:44:17,642000,11.471
2026/04/29 15:44:17,643000,11.471
2026/04/29 15:44:17,644000,11.471
2026/04/29 15:44:17,645000,11.473
2026/04/29 15:44:17,646000,11.473
2026/04/29 15:44:17,647000,11.471
2026/04/29 15:44:17,648000,11.473
2026/04/29 15:44:17,649000,11.471
2026/04/29 15:44:17,650000,11.476
2026/04/29 15:44:17,651000,11.476
2026/04/29 15:44:17,652000,11.473
2026/04/29 15:44:17,653000,11.471
2026/04/29 15:44:17,654000,11.471
2026/04/29 15:44:17,655000,11.476
2026/04/29 15:44:17,656000,11.471
2026/04/29 15:44:17,657000,11.471
2026/04/29 15:44:17,658000,11.468
2026/04/29 15:44:17,659000,11.468
2026/04/29 15:44:17,660000,11.476
2026/04/29 15:44:17,661000,11.468
2026/04/29 15:44:17,662000,11.471
2026/04/29 15:44:17,663000,11.471
2026/04/29 15:44:17,664000,11.471
2026/04/29 15:44:17,665000,11.471
2026/04/29 15:44:17,666000,11.471
2026/04/29 15:44:17,667000,11.471
2026/04/29 15:44:17,668000,11.473
2026/04/29 15:44:17,669000,11.473
2026/04/29 15:44:17,670000,11.471
2026/04/29 15:44:17,671000,11.471
2026/04/29 15:44:17,672000,11.471
2026/04/29 15:44:17,673000,11.473
2026/04/29 15:44:17,674000,11.471
2026/04/29 15:44:17,675000,11.471
2026/04/29 15:44:17,676000,11.471
2026/04/29 15:44:17,677000,11.471
2026/04/29 15:44:17,678000,11.471
2026/04/29 15:44:17,679000,11.479
2026/04/29 15:44:17,680000,11.471
2026/04/29 15:44:17,681000,11.468
2026/04/29 15:44:17,682000,11.468
2026/04/29 15:44:17,683000,11.476
2026/04/29 15:44:17,684000,11.476
2026/04/29 15:44:17,685000,11.465
2026/04/29 15:44:17,686000,11.473
2026/04/29 15:44:17,687000,11.468
2026/04/29 15:44:17,688000,11.471
2026/04/29 15:44:17,689000,11.468
2026/04/29 15:44:17,690000,11.471
2026/04/29 15:44:17,691000,11.473
2026/04/29 15:44:17,692000,11.473
2026/04/29 15:44:17,693000,11.476
2026/04/29 15:44:17,694000,11.471
2026/04/29 15:44:17,695000,11.471
2026/04/29 15:44:17,696000,11.471
2026/04/29 15:44:17,697000,11.473
2026/04/29 15:44:17,698000,11.471
2026/04/29 15:44:17,699000,11.471
2026/04/29 15:44:17,700000,11.471
2026/04/29 15:44:17,701000,11.476
2026/04/29 15:44:17,702000,11.468
2026/04/29 15:44:17,703000,11.471
2026/04/29 15:44:17,704000,11.473
2026/04/29 15:44:17,705000,11.487
2026/04/29 15:44:17,706000,11.471
2026/04/29 15:44:17,707000,11.476
2026/04/29 15:44:17,708000,11.471
2026/04/29 15:44:17,709000,11.473
2026/04/29 15:44:17,710000,11.471
2026/04/29 15:44:17,711000,11.476
2026/04/29 15:44:17,712000,11.473
2026/04/29 15:44:17,713000,11.476
2026/04/29 15:44:17,714000,11.471
2026/04/29 15:44:17,715000,11.473
2026/04/29 15:44:17,716000,11.471
2026/04/29 15:44:17,717000,11.471
2026/04/29 15:44:17,718000,11.479
2026/04/29 15:44:17,719000,11.471
2026/04/29 15:44:17,720000,11.476
2026/04/29 15:44:17,721000,11.473
2026/04/29 15:44:17,722000,11.468
2026/04/29 15:44:17,723000,11.476
2026/04/29 15:44:17,724000,11.471
2026/04/29 15:44:17,725000,11.471
2026/04/29 15:44:17,726000,11.471
2026/04/29 15:44:17,727000,11.468
2026/04/29 15:44:17,728000,11.471
2026/04/29 15:44:17,729000,11.468
2026/04/29 15:44:17,730000,11.471
2026/04/29 15:44:17,731000,11.471
2026/04/29 15:44:17,732000,11.468
2026/04/29 15:44:17,733000,11.471
2026/04/29 15:44:17,734000,11.468
2026/04/29 15:44:17,735000,11.471
2026/04/29 15:44:17,736000,11.471
2026/04/29 15:44:17,737000,11.471
2026/04/29 15:44:17,738000,11.473
2026/04/29 15:44:17,739000,11.471
2026/04/29 15:44:17,740000,11.479
2026/04/29 15:44:17,741000,11.479
2026/04/29 15:44:17,742000,11.476
2026/04/29 15:44:17,743000,11.471
2026/04/29 15:44:17,744000,11.473
2026/04/29 15:44:17,745000,11.473
2026/04/29 15:44:17,746000,11.465
2026/04/29 15:44:17,747000,11.468
2026/04/29 15:44:17,748000,11.471
2026/04/29 15:44:17,749000,11.471
2026/04/29 15:44:17,750000,11.476
2026/04/29 15:44:17,751000,11.476
2026/04/29 15:44:17,752000,11.471
2026/04/29 15:44:17,753000,11.471
2026/04/29 15:44:17,754000,11.473
2026/04/29 15:44:17,755000,11.471
2026/04/29 15:44:17,756000,11.471
2026/04/29 15:44:17,757000,11.471
2026/04/29 15:44:17,758000,11.473
2026/04/29 15:44:17,759000,11.471
2026/04/29 15:44:17,760000,11.479
2026/04/29 15:44:17,761000,11.471
2026/04/29 15:44:17,762000,11.471
2026/04/29 15:44:17,763000,11.476
2026/04/29 15:44:17,764000,11.471
2026/04/29 15:44:17,765000,11.471
2026/04/29 15:44:17,766000,11.473
2026/04/29 15:44:17,767000,11.471
2026/04/29 15:44:17,768000,11.471
2026/04/29 15:44:17,769000,11.473
2026/04/29 15:44:17,770000,11.473
2026/04/29 15:44:17,771000,11.476
2026/04/29 15:44:17,772000,11.471
2026/04/29 15:44:17,773000,11.476
2026/04/29 15:44:17,774000,11.471
2026/04/29 15:44:17,775000,11.468
2026/04/29 15:44:17,776000,11.471
2026/04/29 15:44:17,777000,11.479
2026/04/29 15:44:17,778000,11.479
2026/04/29 15:44:17,779000,11.468
2026/04/29 15:44:17,780000,11.476
2026/04/29 15:44:17,781000,11.471
2026/04/29 15:44:17,782000,11.479
2026/04/29 15:44:17,783000,11.468
2026/04/29 15:44:17,784000,11.468
2026/04/29 15:44:17,785000,11.471
2026/04/29 15:44:17,786000,11.471
2026/04/29 15:44:17,787000,11.473
2026/04/29 15:44:17,788000,11.473
2026/04/29 15:44:17,789000,11.471
2026/04/29 15:44:17,790000,11.471
2026/04/29 15:44:17,791000,11.476
2026/04/29 15:44:17,792000,11.471
2026/04/29 15:44:17,793000,11.471
2026/04/29 15:44:17,794000,11.482
2026/04/29 15:44:17,795000,11.479
2026/04/29 15:44:17,796000,11.471
2026/04/29 15:44:17,797000,11.473
2026/04/29 15:44:17,798000,11.476
2026/04/29 15:44:17,799000,11.476
2026/04/29 15:44:17,800000,11.471
2026/04/29 15:44:17,801000,11.476
2026/04/29 15:44:17,802000,11.471
2026/04/29 15:44:17,803000,11.482
2026/04/29 15:44:17,804000,11.471
2026/04/29 15:44:17,805000,11.473
2026/04/29 15:44:17,806000,11.473
2026/04/29 15:44:17,807000,11.476
2026/04/29 15:44:17,808000,11.471
2026/04/29 15:44:17,809000,11.468
2026/04/29 15:44:17,810000,11.468
2026/04/29 15:44:17,811000,11.476
2026/04/29 15:44:17,812000,11.471
2026/04/29 15:44:17,813000,11.471
2026/04/29 15:44:17,814000,11.471
2026/04/29 15:44:17,815000,11.471
2026/04/29 15:44:17,816000,11.473
2026/04/29 15:44:17,817000,11.471
2026/04/29 15:44:17,818000,11.479
2026/04/29 15:44:17,819000,11.473
2026/04/29 15:44:17,820000,11.476
2026/04/29 15:44:17,821000,11.471
2026/04/29 15:44:17,822000,11.476
2026/04/29 15:44:17,823000,11.468
2026/04/29 15:44:17,824000,11.482
2026/04/29 15:44:17,825000,11.473
2026/04/29 15:44:17,826000,11.471
2026/04/29 15:44:17,827000,11.468
2026/04/29 15:44:17,828000,11.476
2026/04/29 15:44:17,829000,11.479
2026/04/29 15:44:17,830000,11.476
2026/04/29 15:44:17,831000,11.465
2026/04/29 15:44:17,832000,11.479
2026/04/29 15:44:17,833000,11.471
2026/04/29 15:44:17,834000,11.471
2026/04/29 15:44:17,835000,11.471
2026/04/29 15:44:17,836000,11.471
2026/04/29 15:44:17,837000,11.471
2026/04/29 15:44:17,838000,11.476
2026/04/29 15:44:17,839000,11.471
2026/04/29 15:44:17,840000,11.471
2026/04/29 15:44:17,841000,11.468
2026/04/29 15:44:17,842000,11.471
2026/04/29 15:44:17,843000,11.471
2026/04/29 15:44:17,844000,11.476
2026/04/29 15:44:17,845000,11.476
2026/04/29 15:44:17,846000,11.479
2026/04/29 15:44:17,847000,11.471
2026/04/29 15:44:17,848000,11.476
2026/04/29 15:44:17,849000,11.468
2026/04/29 15:44:17,850000,11.476
2026/04/29 15:44:17,851000,11.476
2026/04/29 15:44:17,852000,11.471
2026/04/29 15:44:17,853000,11.471
2026/04/29 15:44:17,854000,11.476
2026/04/29 15:44:17,855000,11.476
2026/04/29 15:44:17,856000,11.471
2026/04/29 15:44:17,857000,11.473
2026/04/29 15:44:17,858000,11.473
2026/04/29 15:44:17,859000,11.476
2026/04/29 15:44:17,860000,11.473
2026/04/29 15:44:17,861000,11.476
2026/04/29 15:44:17,862000,11.473
2026/04/29 15:44:17,863000,11.476
2026/04/29 15:44:17,864000,11.473
2026/04/29 15:44:17,865000,11.479
2026/04/29 15:44:17,866000,11.468
2026/04/29 15:44:17,867000,11.471
2026/04/29 15:44:17,868000,11.476
2026/04/29 15:44:17,869000,11.471
2026/04/29 15:44:17,870000,11.476
2026/04/29 15:44:17,871000,11.476
2026/04/29 15:44:17,872000,11.476
2026/04/29 15:44:17,873000,11.471
2026/04/29 15:44:17,874000,11.473
2026/04/29 15:44:17,875000,11.473
2026/04/29 15:44:17,876000,11.471
2026/04/29 15:44:17,877000,11.468
2026/04/29 15:44:17,878000,11.471
2026/04/29 15:44:17,879000,11.471
2026/04/29 15:44:17,880000,11.471
2026/04/29 15:44:17,881000,11.479
2026/04/29 15:44:17,882000,11.471
2026/04/29 15:44:17,883000,11.468
2026/04/29 15:44:17,884000,11.471
2026/04/29 15:44:17,885000,11.471
2026/04/29 15:44:17,886000,11.471
2026/04/29 15:44:17,887000,11.476
2026/04/29 15:44:17,888000,11.471
2026/04/29 15:44:17,889000,11.468
2026/04/29 15:44:17,890000,11.473
2026/04/29 15:44:17,891000,11.473
2026/04/29 15:44:17,892000,11.471
2026/04/29 15:44:17,893000,11.471
2026/04/29 15:44:17,894000,11.471
2026/04/29 15:44:17,895000,11.471
2026/04/29 15:44:17,896000,11.468
2026/04/29 15:44:17,897000,11.468
2026/04/29 15:44:17,898000,11.476
2026/04/29 15:44:17,899000,11.468
2026/04/29 15:44:17,900000,11.473
2026/04/29 15:44:17,901000,11.471
2026/04/29 15:44:17,902000,11.471
2026/04/29 15:44:17,903000,11.471
2026/04/29 15:44:17,904000,11.471
2026/04/29 15:44:17,905000,11.473
2026/04/29 15:44:17,906000,11.473
2026/04/29 15:44:17,907000,11.465
2026/04/29 15:44:17,908000,11.471
2026/04/29 15:44:17,909000,11.471
2026/04/29 15:44:17,910000,11.471
2026/04/29 15:44:17,911000,11.471
2026/04/29 15:44:17,912000,11.468
2026/04/29 15:44:17,913000,11.476
2026/04/29 15:44:17,914000,11.471
2026/04/29 15:44:17,915000,11.471
2026/04/29 15:44:17,916000,11.471
2026/04/29 15:44:17,917000,11.471
2026/04/29 15:44:17,918000,11.465
2026/04/29 15:44:17,919000,11.471
2026/04/29 15:44:17,920000,11.471
2026/04/29 15:44:17,921000,11.468
2026/04/29 15:44:17,922000,11.468
2026/04/29 15:44:17,923000,11.468
2026/04/29 15:44:17,924000,11.471
2026/04/29 15:44:17,925000,11.471
2026/04/29 15:44:17,926000,11.471
2026/04/29 15:44:17,927000,11.471
2026/04/29 15:44:17,928000,11.476
2026/04/29 15:44:17,929000,11.479
2026/04/29 15:44:17,930000,11.471
2026/04/29 15:44:17,931000,11.473
2026/04/29 15:44:17,932000,11.471
2026/04/29 15:44:17,933000,11.471
2026/04/29 15:44:17,934000,11.471
2026/04/29 15:44:17,935000,11.465
2026/04/29 15:44:17,936000,11.471
2026/04/29 15:44:17,937000,11.471
2026/04/29 15:44:17,938000,11.476
2026/04/29 15:44:17,939000,11.471
2026/04/29 15:44:17,940000,11.471
2026/04/29 15:44:17,941000,11.476
2026/04/29 15:44:17,942000,11.482
2026/04/29 15:44:17,943000,11.476
2026/04/29 15:44:17,944000,11.476
2026/04/29 15:44:17,945000,11.473
2026/04/29 15:44:17,946000,11.471
2026/04/29 15:44:17,947000,11.471
2026/04/29 15:44:17,948000,11.479
2026/04/29 15:44:17,949000,11.471
2026/04/29 15:44:17,950000,11.471
2026/04/29 15:44:17,951000,11.471
2026/04/29 15:44:17,952000,11.468
2026/04/29 15:44:17,953000,11.471
2026/04/29 15:44:17,954000,11.471
2026/04/29 15:44:17,955000,11.479
2026/04/29 15:44:17,956000,11.471
2026/04/29 15:44:17,957000,11.471
2026/04/29 15:44:17,958000,11.471
2026/04/29 15:44:17,959000,11.471
2026/04/29 15:44:17,960000,11.473
2026/04/29 15:44:17,961000,11.471
2026/04/29 15:44:17,962000,11.471
2026/04/29 15:44:17,963000,11.468
2026/04/29 15:44:17,964000,11.479
2026/04/29 15:44:17,965000,11.476
2026/04/29 15:44:17,966000,11.471
2026/04/29 15:44:17,967000,11.479
2026/04/29 15:44:17,968000,11.479
2026/04/29 15:44:17,969000,11.468
2026/04/29 15:44:17,970000,11.468
2026/04/29 15:44:17,971000,11.471
2026/04/29 15:44:17,972000,11.471
2026/04/29 15:44:17,973000,11.479
2026/04/29 15:44:17,974000,11.476
2026/04/29 15:44:17,975000,11.468
2026/04/29 15:44:17,976000,11.468
2026/04/29 15:44:17,977000,11.471
2026/04/29 15:44:17,978000,11.471
2026/04/29 15:44:17,979000,11.476
2026/04/29 15:44:17,980000,11.473
2026/04/29 15:44:17,981000,11.479
2026/04/29 15:44:17,982000,11.473
2026/04/29 15:44:17,983000,11.471
2026/04/29 15:44:17,984000,11.471
2026/04/29 15:44:17,985000,11.471
2026/04/29 15:44:17,986000,11.471
2026/04/29 15:44:17,987000,11.479
2026/04/29 15:44:17,988000,11.471
2026/04/29 15:44:17,989000,11.468
2026/04/29 15:44:17,990000,11.471
2026/04/29 15:44:17,991000,11.471
2026/04/29 15:44:17,992000,11.476
2026/04/29 15:44:17,993000,11.476
2026/04/29 15:44:17,994000,11.471
2026/04/29 15:44:17,995000,11.476
2026/04/29 15:44:17,996000,11.471
2026/04/29 15:44:17,997000,11.471
2026/04/29 15:44:17,998000,11.471
2026/04/29 15:44:17,999000,11.476
2026/04/29 15:44:18,000000,11.471
2026/04/29 15:44:18,001000,11.476
2026/04/29 15:44:18,002000,11.471
2026/04/29 15:44:18,003000,11.471
2026/04/29 15:44:18,004000,11.465
2026/04/29 15:44:18,005000,11.471
2026/04/29 15:44:18,006000,11.471
2026/04/29 15:44:18,007000,11.471
2026/04/29 15:44:18,008000,11.468
2026/04/29 15:44:18,009000,11.471
2026/04/29 15:44:18,010000,11.468
2026/04/29 15:44:18,011000,11.482
2026/04/29 15:44:18,012000,11.462
2026/04/29 15:44:18,013000,11.471
2026/04/29 15:44:18,014000,11.468
2026/04/29 15:44:18,015000,11.471
2026/04/29 15:44:18,016000,11.471
2026/04/29 15:44:18,017000,11.471
2026/04/29 15:44:18,018000,11.471
2026/04/29 15:44:18,019000,11.471
2026/04/29 15:44:18,020000,11.471
2026/04/29 15:44:18,021000,11.471
2026/04/29 15:44:18,022000,11.465
2026/04/29 15:44:18,023000,11.471
2026/04/29 15:44:18,024000,11.471
2026/04/29 15:44:18,025000,11.471
2026/04/29 15:44:18,026000,11.471
2026/04/29 15:44:18,027000,11.471
2026/04/29 15:44:18,028000,11.471
2026/04/29 15:44:18,029000,11.471
2026/04/29 15:44:18,030000,11.471
2026/04/29 15:44:18,031000,11.471
2026/04/29 15:44:18,032000,11.471
2026/04/29 15:44:18,033000,11.471
2026/04/29 15:44:18,034000,11.471
2026/04/29 15:44:18,035000,11.471
2026/04/29 15:44:18,036000,11.471
2026/04/29 15:44:18,037000,11.471
2026/04/29 15:44:18,038000,11.471
2026/04/29 15:44:18,039000,11.471
2026/04/29 15:44:18,040000,11.471
2026/04/29 15:44:18,041000,11.471
2026/04/29 15:44:18,042000,11.471
2026/04/29 15:44:18,043000,11.471
2026/04/29 15:44:18,044000,11.471
2026/04/29 15:44:18,045000,11.476
2026/04/29 15:44:18,046000,11.468
2026/04/29 15:44:18,047000,11.471
2026/04/29 15:44:18,048000,11.471
2026/04/29 15:44:18,049000,11.471
2026/04/29 15:44:18,050000,11.473
2026/04/29 15:44:18,051000,11.471
2026/04/29 15:44:18,052000,11.465
2026/04/29 15:44:18,053000,11.476
2026/04/29 15:44:18,054000,11.476
2026/04/29 15:44:18,055000,11.471
2026/04/29 15:44:18,056000,11.471
2026/04/29 15:44:18,057000,11.473
2026/04/29 15:44:18,058000,11.476
2026/04/29 15:44:18,059000,11.485
2026/04/29 15:44:18,060000,11.471
2026/04/29 15:44:18,061000,11.471
2026/04/29 15:44:18,062000,11.471
2026/04/29 15:44:18,063000,11.471
2026/04/29 15:44:18,064000,11.471
2026/04/29 15:44:18,065000,11.471
2026/04/29 15:44:18,066000,11.471
2026/04/29 15:44:18,067000,11.471
2026/04/29 15:44:18,068000,11.476
2026/04/29 15:44:18,069000,11.473
2026/04/29 15:44:18,070000,11.471
2026/04/29 15:44:18,071000,11.468
2026/04/29 15:44:18,072000,11.471
2026/04/29 15:44:18,073000,11.471
2026/04/29 15:44:18,074000,11.473
2026/04/29 15:44:18,075000,11.471
2026/04/29 15:44:18,076000,11.462
2026/04/29 15:44:18,077000,11.471
2026/04/29 15:44:18,078000,11.468
2026/04/29 15:44:18,079000,11.471
2026/04/29 15:44:18,080000,11.471
2026/04/29 15:44:18,081000,11.471
2026/04/29 15:44:18,082000,11.471
2026/04/29 15:44:18,083000,11.476
2026/04/29 15:44:18,084000,11.471
2026/04/29 15:44:18,085000,11.468
2026/04/29 15:44:18,086000,11.471
2026/04/29 15:44:18,087000,11.471
2026/04/29 15:44:18,088000,11.471
2026/04/29 15:44:18,089000,11.471
2026/04/29 15:44:18,090000,11.476
2026/04/29 15:44:18,091000,11.476
2026/04/29 15:44:18,092000,11.471
2026/04/29 15:44:18,093000,11.476
2026/04/29 15:44:18,094000,11.471
2026/04/29 15:44:18,095000,11.471
2026/04/29 15:44:18,096000,11.471
2026/04/29 15:44:18,097000,11.476
2026/04/29 15:44:18,098000,11.476
2026/04/29 15:44:18,099000,11.471
2026/04/29 15:44:18,100000,11.471
2026/04/29 15:44:18,101000,11.471
2026/04/29 15:44:18,102000,11.471
2026/04/29 15:44:18,103000,11.471
2026/04/29 15:44:18,104000,11.468
2026/04/29 15:44:18,105000,11.468
2026/04/29 15:44:18,106000,11.471
2026/04/29 15:44:18,107000,11.479
2026/04/29 15:44:18,108000,11.471
2026/04/29 15:44:18,109000,11.471
2026/04/29 15:44:18,110000,11.471
2026/04/29 15:44:18,111000,11.471
2026/04/29 15:44:18,112000,11.471
2026/04/29 15:44:18,113000,11.471
2026/04/29 15:44:18,114000,11.471
2026/04/29 15:44:18,115000,11.471
2026/04/29 15:44:18,116000,11.468
2026/04/29 15:44:18,117000,11.471
2026/04/29 15:44:18,118000,11.471
2026/04/29 15:44:18,119000,11.471
2026/04/29 15:44:18,120000,11.471
2026/04/29 15:44:18,121000,11.471
2026/04/29 15:44:18,122000,11.468
2026/04/29 15:44:18,123000,11.471
2026/04/29 15:44:18,124000,11.468
2026/04/29 15:44:18,125000,11.471
2026/04/29 15:44:18,126000,11.471
2026/04/29 15:44:18,127000,11.482
2026/04/29 15:44:18,128000,11.473
2026/04/29 15:44:18,129000,11.468
2026/04/29 15:44:18,130000,11.468
2026/04/29 15:44:18,131000,11.471
2026/04/29 15:44:18,132000,11.468
2026/04/29 15:44:18,133000,11.471
2026/04/29 15:44:18,134000,11.471
2026/04/29 15:44:18,135000,11.471
2026/04/29 15:44:18,136000,11.471
2026/04/29 15:44:18,137000,11.468
2026/04/29 15:44:18,138000,11.479
2026/04/29 15:44:18,139000,11.471
2026/04/29 15:44:18,140000,11.471
2026/04/29 15:44:18,141000,11.468
2026/04/29 15:44:18,142000,11.476
2026/04/29 15:44:18,143000,11.471
2026/04/29 15:44:18,144000,11.471
2026/04/29 15:44:18,145000,11.479
2026/04/29 15:44:18,146000,11.471
2026/04/29 15:44:18,147000,11.476
2026/04/29 15:44:18,148000,11.471
2026/04/29 15:44:18,149000,11.482
2026/04/29 15:44:18,150000,11.468
2026/04/29 15:44:18,151000,11.479
2026/04/29 15:44:18,152000,11.476
2026/04/29 15:44:18,153000,11.471
2026/04/29 15:44:18,154000,11.471
2026/04/29 15:44:18,155000,11.468
2026/04/29 15:44:18,156000,11.479
2026/04/29 15:44:18,157000,11.471
2026/04/29 15:44:18,158000,11.476
2026/04/29 15:44:18,159000,11.468
2026/04/29 15:44:18,160000,11.471
2026/04/29 15:44:18,161000,11.468
2026/04/29 15:44:18,162000,11.473
2026/04/29 15:44:18,163000,11.473
2026/04/29 15:44:18,164000,11.473
2026/04/29 15:44:18,165000,11.471
2026/04/29 15:44:18,166000,11.471
2026/04/29 15:44:18,167000,11.471
2026/04/29 15:44:18,168000,11.471
2026/04/29 15:44:18,169000,11.476
2026/04/29 15:44:18,170000,11.471
2026/04/29 15:44:18,171000,11.471
2026/04/29 15:44:18,172000,11.471
2026/04/29 15:44:18,173000,11.473
2026/04/29 15:44:18,174000,11.473
2026/04/29 15:44:18,175000,11.479
2026/04/29 15:44:18,176000,11.468
2026/04/29 15:44:18,177000,11.468
2026/04/29 15:44:18,178000,11.476
2026/04/29 15:44:18,179000,11.471
2026/04/29 15:44:18,180000,11.476
2026/04/29 15:44:18,181000,11.471
2026/04/29 15:44:18,182000,11.476
2026/04/29 15:44:18,183000,11.476
2026/04/29 15:44:18,184000,11.471
2026/04/29 15:44:18,185000,11.471
2026/04/29 15:44:18,186000,11.476
2026/04/29 15:44:18,187000,11.476
2026/04/29 15:44:18,188000,11.471
2026/04/29 15:44:18,189000,11.471
2026/04/29 15:44:18,190000,11.471
2026/04/29 15:44:18,191000,11.479
2026/04/29 15:44:18,192000,11.476
2026/04/29 15:44:18,193000,11.476
2026/04/29 15:44:18,194000,11.473
2026/04/29 15:44:18,195000,11.476
2026/04/29 15:44:18,196000,11.476
2026/04/29 15:44:18,197000,11.479
2026/04/29 15:44:18,198000,11.476
2026/04/29 15:44:18,199000,11.482
2026/04/29 15:44:18,200000,11.479
2026/04/29 15:44:18,201000,11.471
2026/04/29 15:44:18,202000,11.482
2026/04/29 15:44:18,203000,11.471
2026/04/29 15:44:18,204000,11.471
2026/04/29 15:44:18,205000,11.471
2026/04/29 15:44:18,206000,11.468
2026/04/29 15:44:18,207000,11.476
2026/04/29 15:44:18,208000,11.471
2026/04/29 15:44:18,209000,11.471
2026/04/29 15:44:18,210000,11.471
2026/04/29 15:44:18,211000,11.473
2026/04/29 15:44:18,212000,11.471
2026/04/29 15:44:18,213000,11.479
2026/04/29 15:44:18,214000,11.471
2026/04/29 15:44:18,215000,11.471
2026/04/29 15:44:18,216000,11.479
2026/04/29 15:44:18,217000,11.479
2026/04/29 15:44:18,218000,11.476
2026/04/29 15:44:18,219000,11.476
2026/04/29 15:44:18,220000,11.471
2026/04/29 15:44:18,221000,11.482
2026/04/29 15:44:18,222000,11.476
2026/04/29 15:44:18,223000,11.479
2026/04/29 15:44:18,224000,11.471
2026/04/29 15:44:18,225000,11.465
2026/04/29 15:44:18,226000,11.473
2026/04/29 15:44:18,227000,11.471
2026/04/29 15:44:18,228000,11.471
2026/04/29 15:44:18,229000,11.479
2026/04/29 15:44:18,230000,11.471
2026/04/29 15:44:18,231000,11.471
2026/04/29 15:44:18,232000,11.471
2026/04/29 15:44:18,233000,11.471
2026/04/29 15:44:18,234000,11.476
2026/04/29 15:44:18,235000,11.473
2026/04/29 15:44:18,236000,11.479
2026/04/29 15:44:18,237000,11.473
2026/04/29 15:44:18,238000,11.476
2026/04/29 15:44:18,239000,11.473
2026/04/29 15:44:18,240000,11.473
2026/04/29 15:44:18,241000,11.471
2026/04/29 15:44:18,242000,11.473
2026/04/29 15:44:18,243000,11.468
2026/04/29 15:44:18,244000,11.468
2026/04/29 15:44:18,245000,11.471
2026/04/29 15:44:18,246000,11.476
2026/04/29 15:44:18,247000,11.473
2026/04/29 15:44:18,248000,11.468
2026/04/29 15:44:18,249000,11.471
2026/04/29 15:44:18,250000,11.473
2026/04/29 15:44:18,251000,11.471
2026/04/29 15:44:18,252000,11.471
2026/04/29 15:44:18,253000,11.471
2026/04/29 15:44:18,254000,11.471
2026/04/29 15:44:18,255000,11.471
2026/04/29 15:44:18,256000,11.476
2026/04/29 15:44:18,257000,11.468
2026/04/29 15:44:18,258000,11.471
2026/04/29 15:44:18,259000,11.476
2026/04/29 15:44:18,260000,11.471
2026/04/29 15:44:18,261000,11.476
2026/04/29 15:44:18,262000,11.479
2026/04/29 15:44:18,263000,11.473
2026/04/29 15:44:18,264000,11.471
2026/04/29 15:44:18,265000,11.471
2026/04/29 15:44:18,266000,11.471
2026/04/29 15:44:18,267000,11.473
2026/04/29 15:44:18,268000,11.476
2026/04/29 15:44:18,269000,11.473
2026/04/29 15:44:18,270000,11.490
2026/04/29 15:44:18,271000,11.471
2026/04/29 15:44:18,272000,11.471
2026/04/29 15:44:18,273000,11.473
2026/04/29 15:44:18,274000,11.476
2026/04/29 15:44:18,275000,11.471
2026/04/29 15:44:18,276000,11.471
2026/04/29 15:44:18,277000,11.476
2026/04/29 15:44:18,278000,11.471
2026/04/29 15:44:18,279000,11.468
2026/04/29 15:44:18,280000,11.479
2026/04/29 15:44:18,281000,11.485
2026/04/29 15:44:18,282000,11.482
2026/04/29 15:44:18,283000,11.471
2026/04/29 15:44:18,284000,11.476
2026/04/29 15:44:18,285000,11.476
2026/04/29 15:44:18,286000,11.471
2026/04/29 15:44:18,287000,11.471
2026/04/29 15:44:18,288000,11.476
2026/04/29 15:44:18,289000,11.476
2026/04/29 15:44:18,290000,11.479
2026/04/29 15:44:18,291000,11.468
2026/04/29 15:44:18,292000,11.471
2026/04/29 15:44:18,293000,11.471
2026/04/29 15:44:18,294000,11.476
2026/04/29 15:44:18,295000,11.479
2026/04/29 15:44:18,296000,11.476
2026/04/29 15:44:18,297000,11.473
2026/04/29 15:44:18,298000,11.479
2026/04/29 15:44:18,299000,11.471
2026/04/29 15:44:18,300000,11.479
2026/04/29 15:44:18,301000,11.473
2026/04/29 15:44:18,302000,11.473
2026/04/29 15:44:18,303000,11.471
2026/04/29 15:44:18,304000,11.471
2026/04/29 15:44:18,305000,11.479
2026/04/29 15:44:18,306000,11.476
2026/04/29 15:44:18,307000,11.473
2026/04/29 15:44:18,308000,11.473
2026/04/29 15:44:18,309000,11.471
2026/04/29 15:44:18,310000,11.471
2026/04/29 15:44:18,311000,11.471
2026/04/29 15:44:18,312000,11.471
2026/04/29 15:44:18,313000,11.468
2026/04/29 15:44:18,314000,11.479
2026/04/29 15:44:18,315000,11.471
2026/04/29 15:44:18,316000,11.485
2026/04/29 15:44:18,317000,11.471
2026/04/29 15:44:18,318000,11.476
2026/04/29 15:44:18,319000,11.473
2026/04/29 15:44:18,320000,11.479
2026/04/29 15:44:18,321000,11.479
2026/04/29 15:44:18,322000,11.473
2026/04/29 15:44:18,323000,11.471
2026/04/29 15:44:18,324000,11.471
2026/04/29 15:44:18,325000,11.476
2026/04/29 15:44:18,326000,11.476
2026/04/29 15:44:18,327000,11.476
2026/04/29 15:44:18,328000,11.476
2026/04/29 15:44:18,329000,11.471
2026/04/29 15:44:18,330000,11.473
2026/04/29 15:44:18,331000,11.471
2026/04/29 15:44:18,332000,11.479
2026/04/29 15:44:18,333000,11.471
2026/04/29 15:44:18,334000,11.471
2026/04/29 15:44:18,335000,11.473
2026/04/29 15:44:18,336000,11.479
2026/04/29 15:44:18,337000,11.473
2026/04/29 15:44:18,338000,11.473
2026/04/29 15:44:18,339000,11.476
2026/04/29 15:44:18,340000,11.476
2026/04/29 15:44:18,341000,11.471
2026/04/29 15:44:18,342000,11.471
2026/04/29 15:44:18,343000,11.479
2026/04/29 15:44:18,344000,11.468
2026/04/29 15:44:18,345000,11.471
2026/04/29 15:44:18,346000,11.476
2026/04/29 15:44:18,347000,11.479
2026/04/29 15:44:18,348000,11.471
2026/04/29 15:44:18,349000,11.473
2026/04/29 15:44:18,350000,11.476
2026/04/29 15:44:18,351000,11.471
2026/04/29 15:44:18,352000,11.468
2026/04/29 15:44:18,353000,11.471
2026/04/29 15:44:18,354000,11.473
2026/04/29 15:44:18,355000,11.473
2026/04/29 15:44:18,356000,11.471
2026/04/29 15:44:18,357000,11.476
2026/04/29 15:44:18,358000,11.471
2026/04/29 15:44:18,359000,11.473
2026/04/29 15:44:18,360000,11.471
2026/04/29 15:44:18,361000,11.471
2026/04/29 15:44:18,362000,11.485
2026/04/29 15:44:18,363000,11.476
2026/04/29 15:44:18,364000,11.473
2026/04/29 15:44:18,365000,11.471
2026/04/29 15:44:18,366000,11.476
2026/04/29 15:44:18,367000,11.479
2026/04/29 15:44:18,368000,11.473
2026/04/29 15:44:18,369000,11.476
2026/04/29 15:44:18,370000,11.471
2026/04/29 15:44:18,371000,11.471
2026/04/29 15:44:18,372000,11.479
2026/04/29 15:44:18,373000,11.471
2026/04/29 15:44:18,374000,11.468
2026/04/29 15:44:18,375000,11.471
2026/04/29 15:44:18,376000,11.476
2026/04/29 15:44:18,377000,11.479
2026/04/29 15:44:18,378000,11.471
2026/04/29 15:44:18,379000,11.471
2026/04/29 15:44:18,380000,11.476
2026/04/29 15:44:18,381000,11.479
2026/04/29 15:44:18,382000,11.471
2026/04/29 15:44:18,383000,11.473
2026/04/29 15:44:18,384000,11.479
2026/04/29 15:44:18,385000,11.471
2026/04/29 15:44:18,386000,11.471
2026/04/29 15:44:18,387000,11.471
2026/04/29 15:44:18,388000,11.471
2026/04/29 15:44:18,389000,11.479
2026/04/29 15:44:18,390000,11.476
2026/04/29 15:44:18,391000,11.471
2026/04/29 15:44:18,392000,11.476
2026/04/29 15:44:18,393000,11.479
2026/04/29 15:44:18,394000,11.476
2026/04/29 15:44:18,395000,11.476
2026/04/29 15:44:18,396000,11.476
2026/04/29 15:44:18,397000,11.476
2026/04/29 15:44:18,398000,11.471
2026/04/29 15:44:18,399000,11.471
2026/04/29 15:44:18,400000,11.473
2026/04/29 15:44:18,401000,11.473
2026/04/29 15:44:18,402000,11.471
2026/04/29 15:44:18,403000,11.476
2026/04/29 15:44:18,404000,11.468
2026/04/29 15:44:18,405000,11.473
2026/04/29 15:44:18,406000,11.479
2026/04/29 15:44:18,407000,11.482
2026/04/29 15:44:18,408000,11.479
2026/04/29 15:44:18,409000,11.471
2026/04/29 15:44:18,410000,11.476
2026/04/29 15:44:18,411000,11.471
2026/04/29 15:44:18,412000,11.476
2026/04/29 15:44:18,413000,11.479
2026/04/29 15:44:18,414000,11.476
2026/04/29 15:44:18,415000,11.476
2026/04/29 15:44:18,416000,11.471
2026/04/29 15:44:18,417000,11.473
2026/04/29 15:44:18,418000,11.482
2026/04/29 15:44:18,419000,11.473
2026/04/29 15:44:18,420000,11.471
2026/04/29 15:44:18,421000,11.479
2026/04/29 15:44:18,422000,11.476
2026/04/29 15:44:18,423000,11.476
2026/04/29 15:44:18,424000,11.479
2026/04/29 15:44:18,425000,11.479
2026/04/29 15:44:18,426000,11.471
2026/04/29 15:44:18,427000,11.471
2026/04/29 15:44:18,428000,11.471
2026/04/29 15:44:18,429000,11.471
2026/04/29 15:44:18,430000,11.476
2026/04/29 15:44:18,431000,11.476
2026/04/29 15:44:18,432000,11.479
2026/04/29 15:44:18,433000,11.479
2026/04/29 15:44:18,434000,11.476
2026/04/29 15:44:18,435000,11.473
2026/04/29 15:44:18,436000,11.476
2026/04/29 15:44:18,437000,11.479
2026/04/29 15:44:18,438000,11.476
2026/04/29 15:44:18,439000,11.479
2026/04/29 15:44:18,440000,11.473
2026/04/29 15:44:18,441000,11.471
2026/04/29 15:44:18,442000,11.471
2026/04/29 15:44:18,443000,11.482
2026/04/29 15:44:18,444000,11.471
2026/04/29 15:44:18,445000,11.473
2026/04/29 15:44:18,446000,11.479
2026/04/29 15:44:18,447000,11.471
2026/04/29 15:44:18,448000,11.468
2026/04/29 15:44:18,449000,11.479
2026/04/29 15:44:18,450000,11.471
2026/04/29 15:44:18,451000,11.479
2026/04/29 15:44:18,452000,11.471
2026/04/29 15:44:18,453000,11.471
2026/04/29 15:44:18,454000,11.473
2026/04/29 15:44:18,455000,11.479
2026/04/29 15:44:18,456000,11.476
2026/04/29 15:44:18,457000,11.471
2026/04/29 15:44:18,458000,11.476
2026/04/29 15:44:18,459000,11.473
2026/04/29 15:44:18,460000,11.473
2026/04/29 15:44:18,461000,11.482
2026/04/29 15:44:18,462000,11.471
2026/04/29 15:44:18,463000,11.476
2026/04/29 15:44:18,464000,11.471
2026/04/29 15:44:18,465000,11.479
2026/04/29 15:44:18,466000,11.479
2026/04/29 15:44:18,467000,11.471
2026/04/29 15:44:18,468000,11.473
2026/04/29 15:44:18,469000,11.465
2026/04/29 15:44:18,470000,11.479
2026/04/29 15:44:18,471000,11.471
2026/04/29 15:44:18,472000,11.471
2026/04/29 15:44:18,473000,11.476
2026/04/29 15:44:18,474000,11.471
2026/04/29 15:44:18,475000,11.476
2026/04/29 15:44:18,476000,11.471
2026/04/29 15:44:18,477000,11.471
2026/04/29 15:44:18,478000,11.479
2026/04/29 15:44:18,479000,11.468
2026/04/29 15:44:18,480000,11.471
2026/04/29 15:44:18,481000,11.471
2026/04/29 15:44:18,482000,11.471
2026/04/29 15:44:18,483000,11.476
2026/04/29 15:44:18,484000,11.471
2026/04/29 15:44:18,485000,11.473
2026/04/29 15:44:18,486000,11.476
2026/04/29 15:44:18,487000,11.476
2026/04/29 15:44:18,488000,11.476
2026/04/29 15:44:18,489000,11.471
2026/04/29 15:44:18,490000,11.471
2026/04/29 15:44:18,491000,11.476
2026/04/29 15:44:18,492000,11.473
2026/04/29 15:44:18,493000,11.479
2026/04/29 15:44:18,494000,11.471
2026/04/29 15:44:18,495000,11.479
2026/04/29 15:44:18,496000,11.479
2026/04/29 15:44:18,497000,11.479
2026/04/29 15:44:18,498000,11.473
2026/04/29 15:44:18,499000,11.471
2026/04/29 15:44:18,500000,11.471
2026/04/29 15:44:18,501000,11.471
2026/04/29 15:44:18,502000,11.471
2026/04/29 15:44:18,503000,11.471
2026/04/29 15:44:18,504000,11.471
2026/04/29 15:44:18,505000,11.471
2026/04/29 15:44:18,506000,11.471
2026/04/29 15:44:18,507000,11.482
2026/04/29 15:44:18,508000,11.471
2026/04/29 15:44:18,509000,11.479
2026/04/29 15:44:18,510000,11.471
2026/04/29 15:44:18,511000,11.473
2026/04/29 15:44:18,512000,11.471
2026/04/29 15:44:18,513000,11.471
2026/04/29 15:44:18,514000,11.471
2026/04/29 15:44:18,515000,11.476
2026/04/29 15:44:18,516000,11.471
2026/04/29 15:44:18,517000,11.473
2026/04/29 15:44:18,518000,11.479
2026/04/29 15:44:18,519000,11.476
2026/04/29 15:44:18,520000,11.471
2026/04/29 15:44:18,521000,11.482
2026/04/29 15:44:18,522000,11.471
2026/04/29 15:44:18,523000,11.476
2026/04/29 15:44:18,524000,11.476
2026/04/29 15:44:18,525000,11.471
2026/04/29 15:44:18,526000,11.471
2026/04/29 15:44:18,527000,11.479
2026/04/29 15:44:18,528000,11.471
2026/04/29 15:44:18,529000,11.479
2026/04/29 15:44:18,530000,11.471
2026/04/29 15:44:18,531000,11.485
2026/04/29 15:44:18,532000,11.471
2026/04/29 15:44:18,533000,11.471
2026/04/29 15:44:18,534000,11.471
2026/04/29 15:44:18,535000,11.471
2026/04/29 15:44:18,536000,11.471
2026/04/29 15:44:18,537000,11.471
2026/04/29 15:44:18,538000,11.473
2026/04/29 15:44:18,539000,11.471
2026/04/29 15:44:18,540000,11.473
2026/04/29 15:44:18,541000,11.471
2026/04/29 15:44:18,542000,11.482
2026/04/29 15:44:18,543000,11.476
2026/04/29 15:44:18,544000,11.468
2026/04/29 15:44:18,545000,11.471
2026/04/29 15:44:18,546000,11.471
2026/04/29 15:44:18,547000,11.471
2026/04/29 15:44:18,548000,11.471
2026/04/29 15:44:18,549000,11.471
2026/04/29 15:44:18,550000,11.465
2026/04/29 15:44:18,551000,11.471
2026/04/29 15:44:18,552000,11.476
2026/04/29 15:44:18,553000,11.473
2026/04/29 15:44:18,554000,11.471
2026/04/29 15:44:18,555000,11.476
2026/04/29 15:44:18,556000,11.471
2026/04/29 15:44:18,557000,11.471
2026/04/29 15:44:18,558000,11.471
2026/04/29 15:44:18,559000,11.471
2026/04/29 15:44:18,560000,11.471
2026/04/29 15:44:18,561000,11.476
2026/04/29 15:44:18,562000,11.471
2026/04/29 15:44:18,563000,11.471
2026/04/29 15:44:18,564000,11.471
2026/04/29 15:44:18,565000,11.471
2026/04/29 15:44:18,566000,11.476
2026/04/29 15:44:18,567000,11.471
2026/04/29 15:44:18,568000,11.479
2026/04/29 15:44:18,569000,11.468
2026/04/29 15:44:18,570000,11.476
2026/04/29 15:44:18,571000,11.473
2026/04/29 15:44:18,572000,11.471
2026/04/29 15:44:18,573000,11.471
2026/04/29 15:44:18,574000,11.479
2026/04/29 15:44:18,575000,11.479
2026/04/29 15:44:18,576000,11.471
2026/04/29 15:44:18,577000,11.462
2026/04/29 15:44:18,578000,11.471
2026/04/29 15:44:18,579000,11.482
2026/04/29 15:44:18,580000,11.468
2026/04/29 15:44:18,581000,11.479
2026/04/29 15:44:18,582000,11.476
2026/04/29 15:44:18,583000,11.476
2026/04/29 15:44:18,584000,11.471
2026/04/29 15:44:18,585000,11.479
2026/04/29 15:44:18,586000,11.476
2026/04/29 15:44:18,587000,11.471
2026/04/29 15:44:18,588000,11.471
2026/04/29 15:44:18,589000,11.471
2026/04/29 15:44:18,590000,11.476
2026/04/29 15:44:18,591000,11.471
2026/04/29 15:44:18,592000,11.471
2026/04/29 15:44:18,593000,11.471
2026/04/29 15:44:18,594000,11.471
2026/04/29 15:44:18,595000,11.476
2026/04/29 15:44:18,596000,11.471
2026/04/29 15:44:18,597000,11.479
2026/04/29 15:44:18,598000,11.476
2026/04/29 15:44:18,599000,11.471
2026/04/29 15:44:18,600000,11.471
2026/04/29 15:44:18,601000,11.471
2026/04/29 15:44:18,602000,11.479
2026/04/29 15:44:18,603000,11.471
2026/04/29 15:44:18,604000,11.476
2026/04/29 15:44:18,605000,11.462
2026/04/29 15:44:18,606000,11.471
2026/04/29 15:44:18,607000,11.471
2026/04/29 15:44:18,608000,11.468
2026/04/29 15:44:18,609000,11.471
2026/04/29 15:44:18,610000,11.471
2026/04/29 15:44:18,611000,11.471
2026/04/29 15:44:18,612000,11.468
2026/04/29 15:44:18,613000,11.473
2026/04/29 15:44:18,614000,11.476
2026/04/29 15:44:18,615000,11.471
2026/04/29 15:44:18,616000,11.476
2026/04/29 15:44:18,617000,11.471
2026/04/29 15:44:18,618000,11.476
2026/04/29 15:44:18,619000,11.479
2026/04/29 15:44:18,620000,11.471
2026/04/29 15:44:18,621000,11.476
2026/04/29 15:44:18,622000,11.468
2026/04/29 15:44:18,623000,11.473
2026/04/29 15:44:18,624000,11.476
2026/04/29 15:44:18,625000,11.473
2026/04/29 15:44:18,626000,11.479
2026/04/29 15:44:18,627000,11.471
2026/04/29 15:44:18,628000,11.471
2026/04/29 15:44:18,629000,11.471
2026/04/29 15:44:18,630000,11.476
2026/04/29 15:44:18,631000,11.476
2026/04/29 15:44:18,632000,11.479
2026/04/29 15:44:18,633000,11.471
2026/04/29 15:44:18,634000,11.471
2026/04/29 15:44:18,635000,11.468
2026/04/29 15:44:18,636000,11.479
2026/04/29 15:44:18,637000,11.479
2026/04/29 15:44:18,638000,11.473
2026/04/29 15:44:18,639000,11.476
2026/04/29 15:44:18,640000,11.465
2026/04/29 15:44:18,641000,11.471
2026/04/29 15:44:18,642000,11.471
2026/04/29 15:44:18,643000,11.471
2026/04/29 15:44:18,644000,11.479
2026/04/29 15:44:18,645000,11.471
2026/04/29 15:44:18,646000,11.476
2026/04/29 15:44:18,647000,11.471
2026/04/29 15:44:18,648000,11.468
2026/04/29 15:44:18,649000,11.471
2026/04/29 15:44:18,650000,11.476
2026/04/29 15:44:18,651000,11.471
2026/04/29 15:44:18,652000,11.471
2026/04/29 15:44:18,653000,11.468
2026/04/29 15:44:18,654000,11.479
2026/04/29 15:44:18,655000,11.473
2026/04/29 15:44:18,656000,11.482
2026/04/29 15:44:18,657000,11.471
2026/04/29 15:44:18,658000,11.476
2026/04/29 15:44:18,659000,11.471
2026/04/29 15:44:18,660000,11.471
2026/04/29 15:44:18,661000,11.473
2026/04/29 15:44:18,662000,11.476
2026/04/29 15:44:18,663000,11.479
2026/04/29 15:44:18,664000,11.471
2026/04/29 15:44:18,665000,11.476
2026/04/29 15:44:18,666000,11.471
2026/04/29 15:44:18,667000,11.471
2026/04/29 15:44:18,668000,11.482
2026/04/29 15:44:18,669000,11.476
2026/04/29 15:44:18,670000,11.465
2026/04/29 15:44:18,671000,11.471
2026/04/29 15:44:18,672000,11.471
2026/04/29 15:44:18,673000,11.476
2026/04/29 15:44:18,674000,11.473
2026/04/29 15:44:18,675000,11.479
2026/04/29 15:44:18,676000,11.471
2026/04/29 15:44:18,677000,11.468
2026/04/29 15:44:18,678000,11.471
2026/04/29 15:44:18,679000,11.471
2026/04/29 15:44:18,680000,11.473
2026/04/29 15:44:18,681000,11.471
2026/04/29 15:44:18,682000,11.482
2026/04/29 15:44:18,683000,11.473
2026/04/29 15:44:18,684000,11.476
2026/04/29 15:44:18,685000,11.476
2026/04/29 15:44:18,686000,11.476
2026/04/29 15:44:18,687000,11.471
2026/04/29 15:44:18,688000,11.471
2026/04/29 15:44:18,689000,11.476
2026/04/29 15:44:18,690000,11.468
2026/04/29 15:44:18,691000,11.471
2026/04/29 15:44:18,692000,11.476
2026/04/29 15:44:18,693000,11.471
2026/04/29 15:44:18,694000,11.473
2026/04/29 15:44:18,695000,11.476
2026/04/29 15:44:18,696000,11.479
2026/04/29 15:44:18,697000,11.471
2026/04/29 15:44:18,698000,11.476
2026/04/29 15:44:18,699000,11.482
2026/04/29 15:44:18,700000,11.471
2026/04/29 15:44:18,701000,11.473
2026/04/29 15:44:18,702000,11.476
2026/04/29 15:44:18,703000,11.471
2026/04/29 15:44:18,704000,11.471
2026/04/29 15:44:18,705000,11.468
2026/04/29 15:44:18,706000,11.471
2026/04/29 15:44:18,707000,11.471
2026/04/29 15:44:18,708000,11.476
2026/04/29 15:44:18,709000,11.479
2026/04/29 15:44:18,710000,11.479
2026/04/29 15:44:18,711000,11.479
2026/04/29 15:44:18,712000,11.473
2026/04/29 15:44:18,713000,11.479
2026/04/29 15:44:18,714000,11.476
2026/04/29 15:44:18,715000,11.471
2026/04/29 15:44:18,716000,11.473
2026/04/29 15:44:18,717000,11.473
2026/04/29 15:44:18,718000,11.473
2026/04/29 15:44:18,719000,11.471
2026/04/29 15:44:18,720000,11.479
2026/04/29 15:44:18,721000,11.476
2026/04/29 15:44:18,722000,11.479
2026/04/29 15:44:18,723000,11.471
2026/04/29 15:44:18,724000,11.471
2026/04/29 15:44:18,725000,11.473
2026/04/29 15:44:18,726000,11.482
2026/04/29 15:44:18,727000,11.479
2026/04/29 15:44:18,728000,11.476
2026/04/29 15:44:18,729000,11.479
2026/04/29 15:44:18,730000,11.471
2026/04/29 15:44:18,731000,11.471
2026/04/29 15:44:18,732000,11.468
2026/04/29 15:44:18,733000,11.476
2026/04/29 15:44:18,734000,11.476
2026/04/29 15:44:18,735000,11.482
2026/04/29 15:44:18,736000,11.476
2026/04/29 15:44:18,737000,11.471
2026/04/29 15:44:18,738000,11.471
2026/04/29 15:44:18,739000,11.471
2026/04/29 15:44:18,740000,11.473
2026/04/29 15:44:18,741000,11.471
2026/04/29 15:44:18,742000,11.468
2026/04/29 15:44:18,743000,11.471
2026/04/29 15:44:18,744000,11.476
2026/04/29 15:44:18,745000,11.476
2026/04/29 15:44:18,746000,11.471
2026/04/29 15:44:18,747000,11.471
2026/04/29 15:44:18,748000,11.471
2026/04/29 15:44:18,749000,11.479
2026/04/29 15:44:18,750000,11.476
2026/04/29 15:44:18,751000,11.476
2026/04/29 15:44:18,752000,11.479
2026/04/29 15:44:18,753000,11.471
2026/04/29 15:44:18,754000,11.471
2026/04/29 15:44:18,755000,11.471
2026/04/29 15:44:18,756000,11.471
2026/04/29 15:44:18,757000,11.471
2026/04/29 15:44:18,758000,11.471
2026/04/29 15:44:18,759000,11.473
2026/04/29 15:44:18,760000,11.476
2026/04/29 15:44:18,761000,11.476
2026/04/29 15:44:18,762000,11.476
2026/04/29 15:44:18,763000,11.471
2026/04/29 15:44:18,764000,11.471
2026/04/29 15:44:18,765000,11.471
2026/04/29 15:44:18,766000,11.471
2026/04/29 15:44:18,767000,11.473
2026/04/29 15:44:18,768000,11.471
2026/04/29 15:44:18,769000,11.479
2026/04/29 15:44:18,770000,11.482
2026/04/29 15:44:18,771000,11.471
2026/04/29 15:44:18,772000,11.471
2026/04/29 15:44:18,773000,11.471
2026/04/29 15:44:18,774000,11.471
2026/04/29 15:44:18,775000,11.473
2026/04/29 15:44:18,776000,11.468
2026/04/29 15:44:18,777000,11.476
2026/04/29 15:44:18,778000,11.476
2026/04/29 15:44:18,779000,11.476
2026/04/29 15:44:18,780000,11.476
2026/04/29 15:44:18,781000,11.471
2026/04/29 15:44:18,782000,11.471
2026/04/29 15:44:18,783000,11.471
2026/04/29 15:44:18,784000,11.471
2026/04/29 15:44:18,785000,11.476
2026/04/29 15:44:18,786000,11.471
2026/04/29 15:44:18,787000,11.471
2026/04/29 15:44:18,788000,11.473
2026/04/29 15:44:18,789000,11.471
2026/04/29 15:44:18,790000,11.476
2026/04/29 15:44:18,791000,11.473
2026/04/29 15:44:18,792000,11.473
2026/04/29 15:44:18,793000,11.468
2026/04/29 15:44:18,794000,11.471
2026/04/29 15:44:18,795000,11.473
2026/04/29 15:44:18,796000,11.479
2026/04/29 15:44:18,797000,11.471
2026/04/29 15:44:18,798000,11.476
2026/04/29 15:44:18,799000,11.471
2026/04/29 15:44:18,800000,11.473
2026/04/29 15:44:18,801000,11.476
2026/04/29 15:44:18,802000,11.468
2026/04/29 15:44:18,803000,11.479
2026/04/29 15:44:18,804000,11.476
2026/04/29 15:44:18,805000,11.471
2026/04/29 15:44:18,806000,11.471
2026/04/29 15:44:18,807000,11.468
2026/04/29 15:44:18,808000,11.476
2026/04/29 15:44:18,809000,11.473
2026/04/29 15:44:18,810000,11.468
2026/04/29 15:44:18,811000,11.468
2026/04/29 15:44:18,812000,11.476
2026/04/29 15:44:18,813000,11.476
2026/04/29 15:44:18,814000,11.476
2026/04/29 15:44:18,815000,11.476
2026/04/29 15:44:18,816000,11.471
2026/04/29 15:44:18,817000,11.476
2026/04/29 15:44:18,818000,11.471
2026/04/29 15:44:18,819000,11.473
2026/04/29 15:44:18,820000,11.471
2026/04/29 15:44:18,821000,11.473
2026/04/29 15:44:18,822000,11.471
2026/04/29 15:44:18,823000,11.476
2026/04/29 15:44:18,824000,11.471
2026/04/29 15:44:18,825000,11.476
2026/04/29 15:44:18,826000,11.471
2026/04/29 15:44:18,827000,11.471
2026/04/29 15:44:18,828000,11.476
2026/04/29 15:44:18,829000,11.471
2026/04/29 15:44:18,830000,11.471
2026/04/29 15:44:18,831000,11.465
2026/04/29 15:44:18,832000,11.471
2026/04/29 15:44:18,833000,11.471
2026/04/29 15:44:18,834000,11.468
2026/04/29 15:44:18,835000,11.473
2026/04/29 15:44:18,836000,11.471
2026/04/29 15:44:18,837000,11.476
2026/04/29 15:44:18,838000,11.471
2026/04/29 15:44:18,839000,11.471
2026/04/29 15:44:18,840000,11.471
2026/04/29 15:44:18,841000,11.471
2026/04/29 15:44:18,842000,11.473
2026/04/29 15:44:18,843000,11.479
2026/04/29 15:44:18,844000,11.479
2026/04/29 15:44:18,845000,11.471
2026/04/29 15:44:18,846000,11.471
2026/04/29 15:44:18,847000,11.471
2026/04/29 15:44:18,848000,11.473
2026/04/29 15:44:18,849000,11.471
2026/04/29 15:44:18,850000,11.473
2026/04/29 15:44:18,851000,11.468
2026/04/29 15:44:18,852000,11.471
2026/04/29 15:44:18,853000,11.471
2026/04/29 15:44:18,854000,11.476
2026/04/29 15:44:18,855000,11.479
2026/04/29 15:44:18,856000,11.476
2026/04/29 15:44:18,857000,11.471
2026/04/29 15:44:18,858000,11.468
2026/04/29 15:44:18,859000,11.476
2026/04/29 15:44:18,860000,11.479
2026/04/29 15:44:18,861000,11.468
2026/04/29 15:44:18,862000,11.479
2026/04/29 15:44:18,863000,11.471
2026/04/29 15:44:18,864000,11.476
2026/04/29 15:44:18,865000,11.465
2026/04/29 15:44:18,866000,11.476
2026/04/29 15:44:18,867000,11.479
2026/04/29 15:44:18,868000,11.476
2026/04/29 15:44:18,869000,11.476
2026/04/29 15:44:18,870000,11.476
2026/04/29 15:44:18,871000,11.476
2026/04/29 15:44:18,872000,11.473
2026/04/29 15:44:18,873000,11.479
2026/04/29 15:44:18,874000,11.468
2026/04/29 15:44:18,875000,11.471
2026/04/29 15:44:18,876000,11.471
2026/04/29 15:44:18,877000,11.473
2026/04/29 15:44:18,878000,11.476
2026/04/29 15:44:18,879000,11.471
2026/04/29 15:44:18,880000,11.473
2026/04/29 15:44:18,881000,11.471
2026/04/29 15:44:18,882000,11.471
2026/04/29 15:44:18,883000,11.479
2026/04/29 15:44:18,884000,11.473
2026/04/29 15:44:18,885000,11.468
2026/04/29 15:44:18,886000,11.476
2026/04/29 15:44:18,887000,11.473
2026/04/29 15:44:18,888000,11.471
2026/04/29 15:44:18,889000,11.471
2026/04/29 15:44:18,890000,11.476
2026/04/29 15:44:18,891000,11.476
2026/04/29 15:44:18,892000,11.471
2026/04/29 15:44:18,893000,11.468
2026/04/29 15:44:18,894000,11.479
2026/04/29 15:44:18,895000,11.471
2026/04/29 15:44:18,896000,11.471
2026/04/29 15:44:18,897000,11.476
2026/04/29 15:44:18,898000,11.471
2026/04/29 15:44:18,899000,11.471
2026/04/29 15:44:18,900000,11.473
2026/04/29 15:44:18,901000,11.479
2026/04/29 15:44:18,902000,11.476
2026/04/29 15:44:18,903000,11.482
2026/04/29 15:44:18,904000,11.471
2026/04/29 15:44:18,905000,11.482
2026/04/29 15:44:18,906000,11.471
2026/04/29 15:44:18,907000,11.476
2026/04/29 15:44:18,908000,11.476
2026/04/29 15:44:18,909000,11.471
2026/04/29 15:44:18,910000,11.476
2026/04/29 15:44:18,911000,11.471
2026/04/29 15:44:18,912000,11.473
2026/04/29 15:44:18,913000,11.476
2026/04/29 15:44:18,914000,11.471
2026/04/29 15:44:18,915000,11.471
2026/04/29 15:44:18,916000,11.473
2026/04/29 15:44:18,917000,11.473
2026/04/29 15:44:18,918000,11.471
2026/04/29 15:44:18,919000,11.479
2026/04/29 15:44:18,920000,11.471
2026/04/29 15:44:18,921000,11.482
2026/04/29 15:44:18,922000,11.476
2026/04/29 15:44:18,923000,11.476
2026/04/29 15:44:18,924000,11.490
2026/04/29 15:44:18,925000,11.473
2026/04/29 15:44:18,926000,11.471
2026/04/29 15:44:18,927000,11.471
2026/04/29 15:44:18,928000,11.471
2026/04/29 15:44:18,929000,11.471
2026/04/29 15:44:18,930000,11.465
2026/04/29 15:44:18,931000,11.476
2026/04/29 15:44:18,932000,11.471
2026/04/29 15:44:18,933000,11.476
2026/04/29 15:44:18,934000,11.468
2026/04/29 15:44:18,935000,11.476
2026/04/29 15:44:18,936000,11.479
2026/04/29 15:44:18,937000,11.476
2026/04/29 15:44:18,938000,11.476
2026/04/29 15:44:18,939000,11.476
2026/04/29 15:44:18,940000,11.468
2026/04/29 15:44:18,941000,11.473
2026/04/29 15:44:18,942000,11.476
2026/04/29 15:44:18,943000,11.471
2026/04/29 15:44:18,944000,11.471
2026/04/29 15:44:18,945000,11.471
2026/04/29 15:44:18,946000,11.479
2026/04/29 15:44:18,947000,11.476
2026/04/29 15:44:18,948000,11.482
2026/04/29 15:44:18,949000,11.476
2026/04/29 15:44:18,950000,11.471
2026/04/29 15:44:18,951000,11.471
2026/04/29 15:44:18,952000,11.476
2026/04/29 15:44:18,953000,11.465
2026/04/29 15:44:18,954000,11.471
2026/04/29 15:44:18,955000,11.471
2026/04/29 15:44:18,956000,11.471
2026/04/29 15:44:18,957000,11.471
2026/04/29 15:44:18,958000,11.471
2026/04/29 15:44:18,959000,11.473
2026/04/29 15:44:18,960000,11.471
2026/04/29 15:44:18,961000,11.476
2026/04/29 15:44:18,962000,11.471
2026/04/29 15:44:18,963000,11.471
2026/04/29 15:44:18,964000,11.476
2026/04/29 15:44:18,965000,11.473
2026/04/29 15:44:18,966000,11.465
2026/04/29 15:44:18,967000,11.471
2026/04/29 15:44:18,968000,11.479
2026/04/29 15:44:18,969000,11.471
2026/04/29 15:44:18,970000,11.471
2026/04/29 15:44:18,971000,11.476
2026/04/29 15:44:18,972000,11.476
2026/04/29 15:44:18,973000,11.468
2026/04/29 15:44:18,974000,11.468
2026/04/29 15:44:18,975000,11.471
2026/04/29 15:44:18,976000,11.476
2026/04/29 15:44:18,977000,11.471
2026/04/29 15:44:18,978000,11.471
2026/04/29 15:44:18,979000,11.471
2026/04/29 15:44:18,980000,11.476
2026/04/29 15:44:18,981000,11.473
2026/04/29 15:44:18,982000,11.471
2026/04/29 15:44:18,983000,11.471
2026/04/29 15:44:18,984000,11.471
2026/04/29 15:44:18,985000,11.473
2026/04/29 15:44:18,986000,11.471
2026/04/29 15:44:18,987000,11.471
2026/04/29 15:44:18,988000,11.476
2026/04/29 15:44:18,989000,11.473
2026/04/29 15:44:18,990000,11.471
2026/04/29 15:44:18,991000,11.473
2026/04/29 15:44:18,992000,11.476
2026/04/29 15:44:18,993000,11.471
2026/04/29 15:44:18,994000,11.471
2026/04/29 15:44:18,995000,11.471
2026/04/29 15:44:18,996000,11.471
2026/04/29 15:44:18,997000,11.468
2026/04/29 15:44:18,998000,11.468
2026/04/29 15:44:18,999000,11.482
2026/04/29 15:44:19,000000,11.471
2026/04/29 15:44:19,001000,11.471
2026/04/29 15:44:19,002000,11.473
2026/04/29 15:44:19,003000,11.471
2026/04/29 15:44:19,004000,11.473
2026/04/29 15:44:19,005000,11.471
2026/04/29 15:44:19,006000,11.476
2026/04/29 15:44:19,007000,11.471
2026/04/29 15:44:19,008000,11.471
2026/04/29 15:44:19,009000,11.476
2026/04/29 15:44:19,010000,11.476
2026/04/29 15:44:19,011000,11.471
2026/04/29 15:44:19,012000,11.471
2026/04/29 15:44:19,013000,11.465
2026/04/29 15:44:19,014000,11.471
2026/04/29 15:44:19,015000,11.471
2026/04/29 15:44:19,016000,11.468
2026/04/29 15:44:19,017000,11.468
2026/04/29 15:44:19,018000,11.471
2026/04/29 15:44:19,019000,11.476
2026/04/29 15:44:19,020000,11.479
2026/04/29 15:44:19,021000,11.471
2026/04/29 15:44:19,022000,11.471
2026/04/29 15:44:19,023000,11.482
2026/04/29 15:44:19,024000,11.471
2026/04/29 15:44:19,025000,11.471
2026/04/29 15:44:19,026000,11.476
2026/04/29 15:44:19,027000,11.476
2026/04/29 15:44:19,028000,11.468
2026/04/29 15:44:19,029000,11.471
2026/04/29 15:44:19,030000,11.471
2026/04/29 15:44:19,031000,11.471
2026/04/29 15:44:19,032000,11.476
2026/04/29 15:44:19,033000,11.479
2026/04/29 15:44:19,034000,11.476
2026/04/29 15:44:19,035000,11.471
2026/04/29 15:44:19,036000,11.476
2026/04/29 15:44:19,037000,11.473
2026/04/29 15:44:19,038000,11.473
2026/04/29 15:44:19,039000,11.468
2026/04/29 15:44:19,040000,11.471
2026/04/29 15:44:19,041000,11.468
2026/04/29 15:44:19,042000,11.479
2026/04/29 15:44:19,043000,11.471
2026/04/29 15:44:19,044000,11.476
2026/04/29 15:44:19,045000,11.468
2026/04/29 15:44:19,046000,11.468
2026/04/29 15:44:19,047000,11.473
2026/04/29 15:44:19,048000,11.476
2026/04/29 15:44:19,049000,11.476
2026/04/29 15:44:19,050000,11.476
2026/04/29 15:44:19,051000,11.471
2026/04/29 15:44:19,052000,11.471
2026/04/29 15:44:19,053000,11.471
2026/04/29 15:44:19,054000,11.471
2026/04/29 15:44:19,055000,11.471
2026/04/29 15:44:19,056000,11.476
2026/04/29 15:44:19,057000,11.471
2026/04/29 15:44:19,058000,11.471
2026/04/29 15:44:19,059000,11.476
2026/04/29 15:44:19,060000,11.473
2026/04/29 15:44:19,061000,11.468
2026/04/29 15:44:19,062000,11.476
2026/04/29 15:44:19,063000,11.471
2026/04/29 15:44:19,064000,11.471
2026/04/29 15:44:19,065000,11.485
2026/04/29 15:44:19,066000,11.476
2026/04/29 15:44:19,067000,11.476
2026/04/29 15:44:19,068000,11.471
2026/04/29 15:44:19,069000,11.476
2026/04/29 15:44:19,070000,11.473
2026/04/29 15:44:19,071000,11.479
2026/04/29 15:44:19,072000,11.476
2026/04/29 15:44:19,073000,11.471
2026/04/29 15:44:19,074000,11.476
2026/04/29 15:44:19,075000,11.471
2026/04/29 15:44:19,076000,11.476
2026/04/29 15:44:19,077000,11.476
2026/04/29 15:44:19,078000,11.468
2026/04/29 15:44:19,079000,11.471
2026/04/29 15:44:19,080000,11.471
2026/04/29 15:44:19,081000,11.471
2026/04/29 15:44:19,082000,11.471
2026/04/29 15:44:19,083000,11.471
2026/04/29 15:44:19,084000,11.471
2026/04/29 15:44:19,085000,11.471
2026/04/29 15:44:19,086000,11.471
2026/04/29 15:44:19,087000,11.482
2026/04/29 15:44:19,088000,11.471
2026/04/29 15:44:19,089000,11.479
2026/04/29 15:44:19,090000,11.468
2026/04/29 15:44:19,091000,11.471
2026/04/29 15:44:19,092000,11.471
2026/04/29 15:44:19,093000,11.476
2026/04/29 15:44:19,094000,11.471
2026/04/29 15:44:19,095000,11.476
2026/04/29 15:44:19,096000,11.476
2026/04/29 15:44:19,097000,11.476
2026/04/29 15:44:19,098000,11.476
2026/04/29 15:44:19,099000,11.476
2026/04/29 15:44:19,100000,11.476
2026/04/29 15:44:19,101000,11.471
2026/04/29 15:44:19,102000,11.476
2026/04/29 15:44:19,103000,11.479
2026/04/29 15:44:19,104000,11.476
2026/04/29 15:44:19,105000,11.482
2026/04/29 15:44:19,106000,11.476
2026/04/29 15:44:19,107000,11.476
2026/04/29 15:44:19,108000,11.471
2026/04/29 15:44:19,109000,11.473
2026/04/29 15:44:19,110000,11.473
2026/04/29 15:44:19,111000,11.476
2026/04/29 15:44:19,112000,11.471
2026/04/29 15:44:19,113000,11.471
2026/04/29 15:44:19,114000,11.468
2026/04/29 15:44:19,115000,11.476
2026/04/29 15:44:19,116000,11.479
2026/04/29 15:44:19,117000,11.473
2026/04/29 15:44:19,118000,11.471
2026/04/29 15:44:19,119000,11.471
2026/04/29 15:44:19,120000,11.468
2026/04/29 15:44:19,121000,11.476
2026/04/29 15:44:19,122000,11.473
2026/04/29 15:44:19,123000,11.476
2026/04/29 15:44:19,124000,11.471
2026/04/29 15:44:19,125000,11.473
2026/04/29 15:44:19,126000,11.465
2026/04/29 15:44:19,127000,11.482
2026/04/29 15:44:19,128000,11.471
2026/04/29 15:44:19,129000,11.471
2026/04/29 15:44:19,130000,11.471
2026/04/29 15:44:19,131000,11.468
2026/04/29 15:44:19,132000,11.476
2026/04/29 15:44:19,133000,11.465
2026/04/29 15:44:19,134000,11.471
2026/04/29 15:44:19,135000,11.468
2026/04/29 15:44:19,136000,11.482
2026/04/29 15:44:19,137000,11.471
2026/04/29 15:44:19,138000,11.473
2026/04/29 15:44:19,139000,11.476
2026/04/29 15:44:19,140000,11.471
2026/04/29 15:44:19,141000,11.471
2026/04/29 15:44:19,142000,11.476
2026/04/29 15:44:19,143000,11.468
2026/04/29 15:44:19,144000,11.471
2026/04/29 15:44:19,145000,11.471
2026/04/29 15:44:19,146000,11.476
2026/04/29 15:44:19,147000,11.471
2026/04/29 15:44:19,148000,11.471
2026/04/29 15:44:19,149000,11.468
2026/04/29 15:44:19,150000,11.476
2026/04/29 15:44:19,151000,11.471
2026/04/29 15:44:19,152000,11.471
2026/04/29 15:44:19,153000,11.471
2026/04/29 15:44:19,154000,11.482
2026/04/29 15:44:19,155000,11.473
2026/04/29 15:44:19,156000,11.476
2026/04/29 15:44:19,157000,11.476
2026/04/29 15:44:19,158000,11.471
2026/04/29 15:44:19,159000,11.471
2026/04/29 15:44:19,160000,11.479
2026/04/29 15:44:19,161000,11.476
2026/04/29 15:44:19,162000,11.471
2026/04/29 15:44:19,163000,11.471
2026/04/29 15:44:19,164000,11.482
2026/04/29 15:44:19,165000,11.468
2026/04/29 15:44:19,166000,11.482
2026/04/29 15:44:19,167000,11.479
2026/04/29 15:44:19,168000,11.476
2026/04/29 15:44:19,169000,11.471
2026/04/29 15:44:19,170000,11.479
2026/04/29 15:44:19,171000,11.476
2026/04/29 15:44:19,172000,11.479
2026/04/29 15:44:19,173000,11.473
2026/04/29 15:44:19,174000,11.476
2026/04/29 15:44:19,175000,11.471
2026/04/29 15:44:19,176000,11.471
2026/04/29 15:44:19,177000,11.471
2026/04/29 15:44:19,178000,11.476
2026/04/29 15:44:19,179000,11.465
2026/04/29 15:44:19,180000,11.476
2026/04/29 15:44:19,181000,11.471
2026/04/29 15:44:19,182000,11.471
2026/04/29 15:44:19,183000,11.476
2026/04/29 15:44:19,184000,11.476
2026/04/29 15:44:19,185000,11.479
2026/04/29 15:44:19,186000,11.473
2026/04/29 15:44:19,187000,11.476
2026/04/29 15:44:19,188000,11.476
2026/04/29 15:44:19,189000,11.468
2026/04/29 15:44:19,190000,11.468
2026/04/29 15:44:19,191000,11.471
2026/04/29 15:44:19,192000,11.471
2026/04/29 15:44:19,193000,11.471
2026/04/29 15:44:19,194000,11.471
2026/04/29 15:44:19,195000,11.471
2026/04/29 15:44:19,196000,11.471
2026/04/29 15:44:19,197000,11.471
2026/04/29 15:44:19,198000,11.471
2026/04/29 15:44:19,199000,11.471
2026/04/29 15:44:19,200000,11.468
2026/04/29 15:44:19,201000,11.473
2026/04/29 15:44:19,202000,11.471
2026/04/29 15:44:19,203000,11.473
2026/04/29 15:44:19,204000,11.479
2026/04/29 15:44:19,205000,11.476
2026/04/29 15:44:19,206000,11.471
2026/04/29 15:44:19,207000,11.473
2026/04/29 15:44:19,208000,11.471
2026/04/29 15:44:19,209000,11.479
2026/04/29 15:44:19,210000,11.476
2026/04/29 15:44:19,211000,11.473
2026/04/29 15:44:19,212000,11.471
2026/04/29 15:44:19,213000,11.471
2026/04/29 15:44:19,214000,11.473
2026/04/29 15:44:19,215000,11.471
2026/04/29 15:44:19,216000,11.471
2026/04/29 15:44:19,217000,11.471
2026/04/29 15:44:19,218000,11.476
2026/04/29 15:44:19,219000,11.471
2026/04/29 15:44:19,220000,11.471
2026/04/29 15:44:19,221000,11.479
2026/04/29 15:44:19,222000,11.471
2026/04/29 15:44:19,223000,11.476
2026/04/29 15:44:19,224000,11.476
2026/04/29 15:44:19,225000,11.476
2026/04/29 15:44:19,226000,11.479
2026/04/29 15:44:19,227000,11.476
2026/04/29 15:44:19,228000,11.482
2026/04/29 15:44:19,229000,11.479
2026/04/29 15:44:19,230000,11.479
2026/04/29 15:44:19,231000,11.471
2026/04/29 15:44:19,232000,11.471
2026/04/29 15:44:19,233000,11.468
2026/04/29 15:44:19,234000,11.479
2026/04/29 15:44:19,235000,11.471
2026/04/29 15:44:19,236000,11.471
2026/04/29 15:44:19,237000,11.473
2026/04/29 15:44:19,238000,11.476
2026/04/29 15:44:19,239000,11.473
2026/04/29 15:44:19,240000,11.468
2026/04/29 15:44:19,241000,11.479
2026/04/29 15:44:19,242000,11.471
2026/04/29 15:44:19,243000,11.473
2026/04/29 15:44:19,244000,11.468
2026/04/29 15:44:19,245000,11.468
2026/04/29 15:44:19,246000,11.473
2026/04/29 15:44:19,247000,11.473
2026/04/29 15:44:19,248000,11.479
2026/04/29 15:44:19,249000,11.473
2026/04/29 15:44:19,250000,11.471
2026/04/29 15:44:19,251000,11.471
2026/04/29 15:44:19,252000,11.471
2026/04/29 15:44:19,253000,11.471
2026/04/29 15:44:19,254000,11.471
2026/04/29 15:44:19,255000,11.479
2026/04/29 15:44:19,256000,11.471
2026/04/29 15:44:19,257000,11.471
2026/04/29 15:44:19,258000,11.471
2026/04/29 15:44:19,259000,11.471
2026/04/29 15:44:19,260000,11.473
2026/04/29 15:44:19,261000,11.476
2026/04/29 15:44:19,262000,11.471
2026/04/29 15:44:19,263000,11.471
2026/04/29 15:44:19,264000,11.473
2026/04/29 15:44:19,265000,11.473
2026/04/29 15:44:19,266000,11.479
2026/04/29 15:44:19,267000,11.471
2026/04/29 15:44:19,268000,11.471
2026/04/29 15:44:19,269000,11.471
2026/04/29 15:44:19,270000,11.473
2026/04/29 15:44:19,271000,11.482
2026/04/29 15:44:19,272000,11.473
2026/04/29 15:44:19,273000,11.476
2026/04/29 15:44:19,274000,11.468
2026/04/29 15:44:19,275000,11.476
2026/04/29 15:44:19,276000,11.476
2026/04/29 15:44:19,277000,11.468
2026/04/29 15:44:19,278000,11.471
2026/04/29 15:44:19,279000,11.471
2026/04/29 15:44:19,280000,11.479
2026/04/29 15:44:19,281000,11.476
2026/04/29 15:44:19,282000,11.476
2026/04/29 15:44:19,283000,11.479
2026/04/29 15:44:19,284000,11.468
2026/04/29 15:44:19,285000,11.471
2026/04/29 15:44:19,286000,11.471
2026/04/29 15:44:19,287000,11.479
2026/04/29 15:44:19,288000,11.476
2026/04/29 15:44:19,289000,11.473
2026/04/29 15:44:19,290000,11.479
2026/04/29 15:44:19,291000,11.468
2026/04/29 15:44:19,292000,11.471
2026/04/29 15:44:19,293000,11.476
2026/04/29 15:44:19,294000,11.479
2026/04/29 15:44:19,295000,11.476
2026/04/29 15:44:19,296000,11.468
2026/04/29 15:44:19,297000,11.471
2026/04/29 15:44:19,298000,11.471
2026/04/29 15:44:19,299000,11.471
2026/04/29 15:44:19,300000,11.471
2026/04/29 15:44:19,301000,11.471
2026/04/29 15:44:19,302000,11.471
2026/04/29 15:44:19,303000,11.479
2026/04/29 15:44:19,304000,11.476
2026/04/29 15:44:19,305000,11.473
2026/04/29 15:44:19,306000,11.473
2026/04/29 15:44:19,307000,11.471
2026/04/29 15:44:19,308000,11.473
2026/04/29 15:44:19,309000,11.471
2026/04/29 15:44:19,310000,11.471
2026/04/29 15:44:19,311000,11.479
2026/04/29 15:44:19,312000,11.479
2026/04/29 15:44:19,313000,11.471
2026/04/29 15:44:19,314000,11.473
2026/04/29 15:44:19,315000,11.471
2026/04/29 15:44:19,316000,11.476
2026/04/29 15:44:19,317000,11.473
2026/04/29 15:44:19,318000,11.471
2026/04/29 15:44:19,319000,11.479
2026/04/29 15:44:19,320000,11.479
2026/04/29 15:44:19,321000,11.471
2026/04/29 15:44:19,322000,11.471
2026/04/29 15:44:19,323000,11.479
2026/04/29 15:44:19,324000,11.471
2026/04/29 15:44:19,325000,11.471
2026/04/29 15:44:19,326000,11.476
2026/04/29 15:44:19,327000,11.479
2026/04/29 15:44:19,328000,11.471
2026/04/29 15:44:19,329000,11.471
2026/04/29 15:44:19,330000,11.471
2026/04/29 15:44:19,331000,11.476
2026/04/29 15:44:19,332000,11.471
2026/04/29 15:44:19,333000,11.471
2026/04/29 15:44:19,334000,11.473
2026/04/29 15:44:19,335000,11.476
2026/04/29 15:44:19,336000,11.471
2026/04/29 15:44:19,337000,11.471
2026/04/29 15:44:19,338000,11.471
2026/04/29 15:44:19,339000,11.471
2026/04/29 15:44:19,340000,11.476
2026/04/29 15:44:19,341000,11.479
2026/04/29 15:44:19,342000,11.468
2026/04/29 15:44:19,343000,11.473
2026/04/29 15:44:19,344000,11.468
2026/04/29 15:44:19,345000,11.479
2026/04/29 15:44:19,346000,11.476
2026/04/29 15:44:19,347000,11.473
2026/04/29 15:44:19,348000,11.479
2026/04/29 15:44:19,349000,11.468
2026/04/29 15:44:19,350000,11.476
2026/04/29 15:44:19,351000,11.473
2026/04/29 15:44:19,352000,11.479
2026/04/29 15:44:19,353000,11.468
2026/04/29 15:44:19,354000,11.476
2026/04/29 15:44:19,355000,11.476
2026/04/29 15:44:19,356000,11.476
2026/04/29 15:44:19,357000,11.473
2026/04/29 15:44:19,358000,11.476
2026/04/29 15:44:19,359000,11.479
2026/04/29 15:44:19,360000,11.471
2026/04/29 15:44:19,361000,11.471
2026/04/29 15:44:19,362000,11.473
2026/04/29 15:44:19,363000,11.476
2026/04/29 15:44:19,364000,11.471
2026/04/29 15:44:19,365000,11.473
2026/04/29 15:44:19,366000,11.471
2026/04/29 15:44:19,367000,11.471
2026/04/29 15:44:19,368000,11.473
2026/04/29 15:44:19,369000,11.471
2026/04/29 15:44:19,370000,11.465
2026/04/29 15:44:19,371000,11.471
2026/04/29 15:44:19,372000,11.468
2026/04/29 15:44:19,373000,11.476
2026/04/29 15:44:19,374000,11.471
2026/04/29 15:44:19,375000,11.476
2026/04/29 15:44:19,376000,11.473
2026/04/29 15:44:19,377000,11.471
2026/04/29 15:44:19,378000,11.479
2026/04/29 15:44:19,379000,11.471
2026/04/29 15:44:19,380000,11.471
2026/04/29 15:44:19,381000,11.471
2026/04/29 15:44:19,382000,11.473
2026/04/29 15:44:19,383000,11.473
2026/04/29 15:44:19,384000,11.476
2026/04/29 15:44:19,385000,11.471
2026/04/29 15:44:19,386000,11.476
2026/04/29 15:44:19,387000,11.471
2026/04/29 15:44:19,388000,11.471
2026/04/29 15:44:19,389000,11.471
2026/04/29 15:44:19,390000,11.479
2026/04/29 15:44:19,391000,11.473
2026/04/29 15:44:19,392000,11.473
2026/04/29 15:44:19,393000,11.468
2026/04/29 15:44:19,394000,11.471
2026/04/29 15:44:19,395000,11.476
2026/04/29 15:44:19,396000,11.473
2026/04/29 15:44:19,397000,11.468
2026/04/29 15:44:19,398000,11.476
2026/04/29 15:44:19,399000,11.468
2026/04/29 15:44:19,400000,11.471
2026/04/29 15:44:19,401000,11.473
2026/04/29 15:44:19,402000,11.476
2026/04/29 15:44:19,403000,11.471
2026/04/29 15:44:19,404000,11.482
2026/04/29 15:44:19,405000,11.471
2026/04/29 15:44:19,406000,11.476
2026/04/29 15:44:19,407000,11.471
2026/04/29 15:44:19,408000,11.471
2026/04/29 15:44:19,409000,11.479
2026/04/29 15:44:19,410000,11.473
2026/04/29 15:44:19,411000,11.471
2026/04/29 15:44:19,412000,11.479
2026/04/29 15:44:19,413000,11.471
2026/04/29 15:44:19,414000,11.471
2026/04/29 15:44:19,415000,11.471
2026/04/29 15:44:19,416000,11.468
2026/04/29 15:44:19,417000,11.476
2026/04/29 15:44:19,418000,11.476
2026/04/29 15:44:19,419000,11.471
2026/04/29 15:44:19,420000,11.476
2026/04/29 15:44:19,421000,11.471
2026/04/29 15:44:19,422000,11.479
2026/04/29 15:44:19,423000,11.473
2026/04/29 15:44:19,424000,11.476
2026/04/29 15:44:19,425000,11.471
2026/04/29 15:44:19,426000,11.471
2026/04/29 15:44:19,427000,11.479
2026/04/29 15:44:19,428000,11.471
2026/04/29 15:44:19,429000,11.468
2026/04/29 15:44:19,430000,11.471
2026/04/29 15:44:19,431000,11.471
2026/04/29 15:44:19,432000,11.473
2026/04/29 15:44:19,433000,11.471
2026/04/29 15:44:19,434000,11.476
2026/04/29 15:44:19,435000,11.471
2026/04/29 15:44:19,436000,11.479
2026/04/29 15:44:19,437000,11.468
2026/04/29 15:44:19,438000,11.471
2026/04/29 15:44:19,439000,11.473
2026/04/29 15:44:19,440000,11.471
2026/04/29 15:44:19,441000,11.471
2026/04/29 15:44:19,442000,11.471
2026/04/29 15:44:19,443000,11.476
2026/04/29 15:44:19,444000,11.473
2026/04/29 15:44:19,445000,11.471
2026/04/29 15:44:19,446000,11.476
2026/04/29 15:44:19,447000,11.471
2026/04/29 15:44:19,448000,11.471
2026/04/29 15:44:19,449000,11.476
2026/04/29 15:44:19,450000,11.471
2026/04/29 15:44:19,451000,11.471
2026/04/29 15:44:19,452000,11.476
2026/04/29 15:44:19,453000,11.479
2026/04/29 15:44:19,454000,11.479
2026/04/29 15:44:19,455000,11.471
2026/04/29 15:44:19,456000,11.473
2026/04/29 15:44:19,457000,11.479
2026/04/29 15:44:19,458000,11.468
2026/04/29 15:44:19,459000,11.471
2026/04/29 15:44:19,460000,11.482
2026/04/29 15:44:19,461000,11.471
2026/04/29 15:44:19,462000,11.476
2026/04/29 15:44:19,463000,11.471
2026/04/29 15:44:19,464000,11.471
2026/04/29 15:44:19,465000,11.476
2026/04/29 15:44:19,466000,11.479
2026/04/29 15:44:19,467000,11.471
2026/04/29 15:44:19,468000,11.471
2026/04/29 15:44:19,469000,11.476
2026/04/29 15:44:19,470000,11.473
2026/04/29 15:44:19,471000,11.471
2026/04/29 15:44:19,472000,11.473
2026/04/29 15:44:19,473000,11.482
2026/04/29 15:44:19,474000,11.476
2026/04/29 15:44:19,475000,11.471
2026/04/29 15:44:19,476000,11.471
2026/04/29 15:44:19,477000,11.471
2026/04/29 15:44:19,478000,11.476
2026/04/29 15:44:19,479000,11.471
2026/04/29 15:44:19,480000,11.473
2026/04/29 15:44:19,481000,11.468
2026/04/29 15:44:19,482000,11.476
2026/04/29 15:44:19,483000,11.471
2026/04/29 15:44:19,484000,11.476
2026/04/29 15:44:19,485000,11.468
2026/04/29 15:44:19,486000,11.479
2026/04/29 15:44:19,487000,11.479
2026/04/29 15:44:19,488000,11.476
2026/04/29 15:44:19,489000,11.471
2026/04/29 15:44:19,490000,11.476
2026/04/29 15:44:19,491000,11.473
2026/04/29 15:44:19,492000,11.482
2026/04/29 15:44:19,493000,11.471
2026/04/29 15:44:19,494000,11.471
2026/04/29 15:44:19,495000,11.471
2026/04/29 15:44:19,496000,11.465
2026/04/29 15:44:19,497000,11.471
2026/04/29 15:44:19,498000,11.471
2026/04/29 15:44:19,499000,11.476
2026/04/29 15:44:19,500000,11.476
2026/04/29 15:44:19,501000,11.476
2026/04/29 15:44:19,502000,11.479
2026/04/29 15:44:19,503000,11.479
2026/04/29 15:44:19,504000,11.473
2026/04/29 15:44:19,505000,11.479
2026/04/29 15:44:19,506000,11.471
2026/04/29 15:44:19,507000,11.476
2026/04/29 15:44:19,508000,11.476
2026/04/29 15:44:19,509000,11.476
2026/04/29 15:44:19,510000,11.468
2026/04/29 15:44:19,511000,11.479
2026/04/29 15:44:19,512000,11.465
2026/04/29 15:44:19,513000,11.476
2026/04/29 15:44:19,514000,11.471
2026/04/29 15:44:19,515000,11.476
2026/04/29 15:44:19,516000,11.476
2026/04/29 15:44:19,517000,11.468
2026/04/29 15:44:19,518000,11.479
2026/04/29 15:44:19,519000,11.473
2026/04/29 15:44:19,520000,11.476
2026/04/29 15:44:19,521000,11.471
2026/04/29 15:44:19,522000,11.476
2026/04/29 15:44:19,523000,11.471
2026/04/29 15:44:19,524000,11.471
2026/04/29 15:44:19,525000,11.476
2026/04/29 15:44:19,526000,11.476
2026/04/29 15:44:19,527000,11.473
2026/04/29 15:44:19,528000,11.462
2026/04/29 15:44:19,529000,11.468
2026/04/29 15:44:19,530000,11.479
2026/04/29 15:44:19,531000,11.471
2026/04/29 15:44:19,532000,11.471
2026/04/29 15:44:19,533000,11.476
2026/04/29 15:44:19,534000,11.473
2026/04/29 15:44:19,535000,11.468
2026/04/29 15:44:19,536000,11.476
2026/04/29 15:44:19,537000,11.471
2026/04/29 15:44:19,538000,11.476
2026/04/29 15:44:19,539000,11.471
2026/04/29 15:44:19,540000,11.471
2026/04/29 15:44:19,541000,11.479
2026/04/29 15:44:19,542000,11.471
2026/04/29 15:44:19,543000,11.471
2026/04/29 15:44:19,544000,11.471
2026/04/29 15:44:19,545000,11.471
2026/04/29 15:44:19,546000,11.471
2026/04/29 15:44:19,547000,11.476
2026/04/29 15:44:19,548000,11.476
2026/04/29 15:44:19,549000,11.476
2026/04/29 15:44:19,550000,11.468
2026/04/29 15:44:19,551000,11.471
2026/04/29 15:44:19,552000,11.476
2026/04/29 15:44:19,553000,11.471
2026/04/29 15:44:19,554000,11.471
2026/04/29 15:44:19,555000,11.471
2026/04/29 15:44:19,556000,11.482
2026/04/29 15:44:19,557000,11.476
2026/04/29 15:44:19,558000,11.479
2026/04/29 15:44:19,559000,11.479
2026/04/29 15:44:19,560000,11.471
2026/04/29 15:44:19,561000,11.471
2026/04/29 15:44:19,562000,11.471
2026/04/29 15:44:19,563000,11.471
2026/04/29 15:44:19,564000,11.471
2026/04/29 15:44:19,565000,11.468
2026/04/29 15:44:19,566000,11.471
2026/04/29 15:44:19,567000,11.471
2026/04/29 15:44:19,568000,11.471
2026/04/29 15:44:19,569000,11.479
2026/04/29 15:44:19,570000,11.471
2026/04/29 15:44:19,571000,11.473
2026/04/29 15:44:19,572000,11.468
2026/04/29 15:44:19,573000,11.471
2026/04/29 15:44:19,574000,11.476
2026/04/29 15:44:19,575000,11.476
2026/04/29 15:44:19,576000,11.471
2026/04/29 15:44:19,577000,11.473
2026/04/29 15:44:19,578000,11.468
2026/04/29 15:44:19,579000,11.476
2026/04/29 15:44:19,580000,11.479
2026/04/29 15:44:19,581000,11.471
2026/04/29 15:44:19,582000,11.476
2026/04/29 15:44:19,583000,11.471
2026/04/29 15:44:19,584000,11.476
2026/04/29 15:44:19,585000,11.482
2026/04/29 15:44:19,586000,11.479
2026/04/29 15:44:19,587000,11.476
2026/04/29 15:44:19,588000,11.473
2026/04/29 15:44:19,589000,11.471
2026/04/29 15:44:19,590000,11.471
2026/04/29 15:44:19,591000,11.476
2026/04/29 15:44:19,592000,11.476
2026/04/29 15:44:19,593000,11.476
2026/04/29 15:44:19,594000,11.476
2026/04/29 15:44:19,595000,11.476
2026/04/29 15:44:19,596000,11.471
2026/04/29 15:44:19,597000,11.476
2026/04/29 15:44:19,598000,11.471
2026/04/29 15:44:19,599000,11.473
2026/04/29 15:44:19,600000,11.471
2026/04/29 15:44:19,601000,11.476
2026/04/29 15:44:19,602000,11.476
2026/04/29 15:44:19,603000,11.468
2026/04/29 15:44:19,604000,11.482
2026/04/29 15:44:19,605000,11.482
2026/04/29 15:44:19,606000,11.479
2026/04/29 15:44:19,607000,11.479
2026/04/29 15:44:19,608000,11.476
2026/04/29 15:44:19,609000,11.476
2026/04/29 15:44:19,610000,11.479
2026/04/29 15:44:19,611000,11.476
2026/04/29 15:44:19,612000,11.482
2026/04/29 15:44:19,613000,11.476
2026/04/29 15:44:19,614000,11.476
2026/04/29 15:44:19,615000,11.471
2026/04/29 15:44:19,616000,11.479
2026/04/29 15:44:19,617000,11.471
2026/04/29 15:44:19,618000,11.471
2026/04/29 15:44:19,619000,11.471
2026/04/29 15:44:19,620000,11.471
2026/04/29 15:44:19,621000,11.471
2026/04/29 15:44:19,622000,11.476
2026/04/29 15:44:19,623000,11.476
2026/04/29 15:44:19,624000,11.476
2026/04/29 15:44:19,625000,11.473
2026/04/29 15:44:19,626000,11.476
2026/04/29 15:44:19,627000,11.471
2026/04/29 15:44:19,628000,11.476
2026/04/29 15:44:19,629000,11.479
2026/04/29 15:44:19,630000,11.479
2026/04/29 15:44:19,631000,11.479
2026/04/29 15:44:19,632000,11.479
2026/04/29 15:44:19,633000,11.473
2026/04/29 15:44:19,634000,11.471
2026/04/29 15:44:19,635000,11.471
2026/04/29 15:44:19,636000,11.473
2026/04/29 15:44:19,637000,11.476
2026/04/29 15:44:19,638000,11.476
2026/04/29 15:44:19,639000,11.471
2026/04/29 15:44:19,640000,11.479
2026/04/29 15:44:19,641000,11.479
2026/04/29 15:44:19,642000,11.473
2026/04/29 15:44:19,643000,11.476
2026/04/29 15:44:19,644000,11.471
2026/04/29 15:44:19,645000,11.485
2026/04/29 15:44:19,646000,11.476
2026/04/29 15:44:19,647000,11.471
2026/04/29 15:44:19,648000,11.471
2026/04/29 15:44:19,649000,11.476
2026/04/29 15:44:19,650000,11.476
2026/04/29 15:44:19,651000,11.471
2026/04/29 15:44:19,652000,11.471
2026/04/29 15:44:19,653000,11.468
2026/04/29 15:44:19,654000,11.476
2026/04/29 15:44:19,655000,11.468
2026/04/29 15:44:19,656000,11.476
2026/04/29 15:44:19,657000,11.479
2026/04/29 15:44:19,658000,11.476
2026/04/29 15:44:19,659000,11.471
2026/04/29 15:44:19,660000,11.476
2026/04/29 15:44:19,661000,11.479
2026/04/29 15:44:19,662000,11.471
2026/04/29 15:44:19,663000,11.476
2026/04/29 15:44:19,664000,11.476
2026/04/29 15:44:19,665000,11.476
2026/04/29 15:44:19,666000,11.473
2026/04/29 15:44:19,667000,11.473
2026/04/29 15:44:19,668000,11.476
2026/04/29 15:44:19,669000,11.476
2026/04/29 15:44:19,670000,11.476
2026/04/29 15:44:19,671000,11.482
2026/04/29 15:44:19,672000,11.479
2026/04/29 15:44:19,673000,11.482
2026/04/29 15:44:19,674000,11.482
2026/04/29 15:44:19,675000,11.471
2026/04/29 15:44:19,676000,11.476
2026/04/29 15:44:19,677000,11.473
2026/04/29 15:44:19,678000,11.479
2026/04/29 15:44:19,679000,11.471
2026/04/29 15:44:19,680000,11.473
2026/04/29 15:44:19,681000,11.473
2026/04/29 15:44:19,682000,11.468
2026/04/29 15:44:19,683000,11.471
2026/04/29 15:44:19,684000,11.482
2026/04/29 15:44:19,685000,11.473
2026/04/29 15:44:19,686000,11.471
2026/04/29 15:44:19,687000,11.473
2026/04/29 15:44:19,688000,11.471
2026/04/29 15:44:19,689000,11.476
2026/04/29 15:44:19,690000,11.476
2026/04/29 15:44:19,691000,11.471
2026/04/29 15:44:19,692000,11.476
2026/04/29 15:44:19,693000,11.479
2026/04/29 15:44:19,694000,11.471
2026/04/29 15:44:19,695000,11.473
2026/04/29 15:44:19,696000,11.479
2026/04/29 15:44:19,697000,11.479
2026/04/29 15:44:19,698000,11.482
2026/04/29 15:44:19,699000,11.476
2026/04/29 15:44:19,700000,11.476
2026/04/29 15:44:19,701000,11.471
2026/04/29 15:44:19,702000,11.471
2026/04/29 15:44:19,703000,11.471
2026/04/29 15:44:19,704000,11.479
2026/04/29 15:44:19,705000,11.476
2026/04/29 15:44:19,706000,11.473
2026/04/29 15:44:19,707000,11.479
2026/04/29 15:44:19,708000,11.471
2026/04/29 15:44:19,709000,11.471
2026/04/29 15:44:19,710000,11.476
2026/04/29 15:44:19,711000,11.476
2026/04/29 15:44:19,712000,11.476
2026/04/29 15:44:19,713000,11.479
2026/04/29 15:44:19,714000,11.476
2026/04/29 15:44:19,715000,11.479
2026/04/29 15:44:19,716000,11.476
2026/04/29 15:44:19,717000,11.482
2026/04/29 15:44:19,718000,11.473
2026/04/29 15:44:19,719000,11.473
2026/04/29 15:44:19,720000,11.482
2026/04/29 15:44:19,721000,11.476
2026/04/29 15:44:19,722000,11.471
2026/04/29 15:44:19,723000,11.476
2026/04/29 15:44:19,724000,11.482
2026/04/29 15:44:19,725000,11.479
2026/04/29 15:44:19,726000,11.476
2026/04/29 15:44:19,727000,11.479
2026/04/29 15:44:19,728000,11.479
2026/04/29 15:44:19,729000,11.479
2026/04/29 15:44:19,730000,11.479
2026/04/29 15:44:19,731000,11.479
2026/04/29 15:44:19,732000,11.479
2026/04/29 15:44:19,733000,11.476
2026/04/29 15:44:19,734000,11.471
2026/04/29 15:44:19,735000,11.479
2026/04/29 15:44:19,736000,11.471
2026/04/29 15:44:19,737000,11.476
2026/04/29 15:44:19,738000,11.482
2026/04/29 15:44:19,739000,11.471
2026/04/29 15:44:19,740000,11.473
2026/04/29 15:44:19,741000,11.476
2026/04/29 15:44:19,742000,11.476
2026/04/29 15:44:19,743000,11.471
2026/04/29 15:44:19,744000,11.479
2026/04/29 15:44:19,745000,11.476
2026/04/29 15:44:19,746000,11.476
2026/04/29 15:44:19,747000,11.479
2026/04/29 15:44:19,748000,11.482
2026/04/29 15:44:19,749000,11.479
2026/04/29 15:44:19,750000,11.482
2026/04/29 15:44:19,751000,11.476
2026/04/29 15:44:19,752000,11.476
2026/04/29 15:44:19,753000,11.479
2026/04/29 15:44:19,754000,11.479
2026/04/29 15:44:19,755000,11.471
2026/04/29 15:44:19,756000,11.476
2026/04/29 15:44:19,757000,11.479
2026/04/29 15:44:19,758000,11.479
2026/04/29 15:44:19,759000,11.479
2026/04/29 15:44:19,760000,11.479
2026/04/29 15:44:19,761000,11.471
2026/04/29 15:44:19,762000,11.471
2026/04/29 15:44:19,763000,11.476
2026/04/29 15:44:19,764000,11.471
2026/04/29 15:44:19,765000,11.476
2026/04/29 15:44:19,766000,11.476
2026/04/29 15:44:19,767000,11.476
2026/04/29 15:44:19,768000,11.471
2026/04/29 15:44:19,769000,11.479
2026/04/29 15:44:19,770000,11.471
2026/04/29 15:44:19,771000,11.476
2026/04/29 15:44:19,772000,11.473
2026/04/29 15:44:19,773000,11.473
2026/04/29 15:44:19,774000,11.479
2026/04/29 15:44:19,775000,11.471
2026/04/29 15:44:19,776000,11.471
2026/04/29 15:44:19,777000,11.485
2026/04/29 15:44:19,778000,11.471
2026/04/29 15:44:19,779000,11.471
2026/04/29 15:44:19,780000,11.471
2026/04/29 15:44:19,781000,11.479
2026/04/29 15:44:19,782000,11.476
2026/04/29 15:44:19,783000,11.471
2026/04/29 15:44:19,784000,11.476
2026/04/29 15:44:19,785000,11.476
2026/04/29 15:44:19,786000,11.473
2026/04/29 15:44:19,787000,11.485
2026/04/29 15:44:19,788000,11.471
2026/04/29 15:44:19,789000,11.482
2026/04/29 15:44:19,790000,11.471
2026/04/29 15:44:19,791000,11.476
2026/04/29 15:44:19,792000,11.476
2026/04/29 15:44:19,793000,11.473
2026/04/29 15:44:19,794000,11.479
2026/04/29 15:44:19,795000,11.471
2026/04/29 15:44:19,796000,11.473
2026/04/29 15:44:19,797000,11.476
2026/04/29 15:44:19,798000,11.468
2026/04/29 15:44:19,799000,11.479
2026/04/29 15:44:19,800000,11.476
2026/04/29 15:44:19,801000,11.476
2026/04/29 15:44:19,802000,11.479
2026/04/29 15:44:19,803000,11.476
2026/04/29 15:44:19,804000,11.479
2026/04/29 15:44:19,805000,11.482
2026/04/29 15:44:19,806000,11.485
2026/04/29 15:44:19,807000,11.476
2026/04/29 15:44:19,808000,11.473
2026/04/29 15:44:19,809000,11.482
2026/04/29 15:44:19,810000,11.473
2026/04/29 15:44:19,811000,11.476
2026/04/29 15:44:19,812000,11.473
2026/04/29 15:44:19,813000,11.476
2026/04/29 15:44:19,814000,11.479
2026/04/29 15:44:19,815000,11.471
2026/04/29 15:44:19,816000,11.476
2026/04/29 15:44:19,817000,11.471
2026/04/29 15:44:19,818000,11.479
2026/04/29 15:44:19,819000,11.476
2026/04/29 15:44:19,820000,11.471
2026/04/29 15:44:19,821000,11.471
2026/04/29 15:44:19,822000,11.476
2026/04/29 15:44:19,823000,11.476
2026/04/29 15:44:19,824000,11.479
2026/04/29 15:44:19,825000,11.479
2026/04/29 15:44:19,826000,11.476
2026/04/29 15:44:19,827000,11.476
2026/04/29 15:44:19,828000,11.473
2026/04/29 15:44:19,829000,11.471
2026/04/29 15:44:19,830000,11.479
2026/04/29 15:44:19,831000,11.471
2026/04/29 15:44:19,832000,11.476
2026/04/29 15:44:19,833000,11.471
2026/04/29 15:44:19,834000,11.471
2026/04/29 15:44:19,835000,11.476
2026/04/29 15:44:19,836000,11.482
2026/04/29 15:44:19,837000,11.471
2026/04/29 15:44:19,838000,11.473
2026/04/29 15:44:19,839000,11.471
2026/04/29 15:44:19,840000,11.476
2026/04/29 15:44:19,841000,11.479
2026/04/29 15:44:19,842000,11.476
2026/04/29 15:44:19,843000,11.479
2026/04/29 15:44:19,844000,11.471
2026/04/29 15:44:19,845000,11.476
2026/04/29 15:44:19,846000,11.479
2026/04/29 15:44:19,847000,11.476
2026/04/29 15:44:19,848000,11.476
2026/04/29 15:44:19,849000,11.482
2026/04/29 15:44:19,850000,11.471
2026/04/29 15:44:19,851000,11.471
2026/04/29 15:44:19,852000,11.479
2026/04/29 15:44:19,853000,11.476
2026/04/29 15:44:19,854000,11.476
2026/04/29 15:44:19,855000,11.471
2026/04/29 15:44:19,856000,11.473
2026/04/29 15:44:19,857000,11.476
2026/04/29 15:44:19,858000,11.479
2026/04/29 15:44:19,859000,11.471
2026/04/29 15:44:19,860000,11.479
2026/04/29 15:44:19,861000,11.476
2026/04/29 15:44:19,862000,11.479
2026/04/29 15:44:19,863000,11.471
2026/04/29 15:44:19,864000,11.471
2026/04/29 15:44:19,865000,11.476
2026/04/29 15:44:19,866000,11.471
2026/04/29 15:44:19,867000,11.471
2026/04/29 15:44:19,868000,11.479
2026/04/29 15:44:19,869000,11.471
2026/04/29 15:44:19,870000,11.476
2026/04/29 15:44:19,871000,11.471
2026/04/29 15:44:19,872000,11.471
2026/04/29 15:44:19,873000,11.473
2026/04/29 15:44:19,874000,11.471
2026/04/29 15:44:19,875000,11.471
2026/04/29 15:44:19,876000,11.471
2026/04/29 15:44:19,877000,11.476
2026/04/29 15:44:19,878000,11.473
2026/04/29 15:44:19,879000,11.471
2026/04/29 15:44:19,880000,11.471
2026/04/29 15:44:19,881000,11.471
2026/04/29 15:44:19,882000,11.476
2026/04/29 15:44:19,883000,11.471
2026/04/29 15:44:19,884000,11.482
2026/04/29 15:44:19,885000,11.471
2026/04/29 15:44:19,886000,11.479
2026/04/29 15:44:19,887000,11.476
2026/04/29 15:44:19,888000,11.479
2026/04/29 15:44:19,889000,11.476
2026/04/29 15:44:19,890000,11.471
2026/04/29 15:44:19,891000,11.476
2026/04/29 15:44:19,892000,11.476
2026/04/29 15:44:19,893000,11.473
2026/04/29 15:44:19,894000,11.479
2026/04/29 15:44:19,895000,11.473
2026/04/29 15:44:19,896000,11.473
2026/04/29 15:44:19,897000,11.479
2026/04/29 15:44:19,898000,11.479
2026/04/29 15:44:19,899000,11.476
2026/04/29 15:44:19,900000,11.471
2026/04/29 15:44:19,901000,11.476
2026/04/29 15:44:19,902000,11.471
2026/04/29 15:44:19,903000,11.476
2026/04/29 15:44:19,904000,11.482
2026/04/29 15:44:19,905000,11.473
2026/04/29 15:44:19,906000,11.476
2026/04/29 15:44:19,907000,11.482
2026/04/29 15:44:19,908000,11.479
2026/04/29 15:44:19,909000,11.476
2026/04/29 15:44:19,910000,11.479
2026/04/29 15:44:19,911000,11.473
2026/04/29 15:44:19,912000,11.476
2026/04/29 15:44:19,913000,11.476
2026/04/29 15:44:19,914000,11.471
2026/04/29 15:44:19,915000,11.479
2026/04/29 15:44:19,916000,11.476
2026/04/29 15:44:19,917000,11.471
2026/04/29 15:44:19,918000,11.479
2026/04/29 15:44:19,919000,11.471
2026/04/29 15:44:19,920000,11.473
2026/04/29 15:44:19,921000,11.471
2026/04/29 15:44:19,922000,11.476
2026/04/29 15:44:19,923000,11.476
2026/04/29 15:44:19,924000,11.471
2026/04/29 15:44:19,925000,11.471
2026/04/29 15:44:19,926000,11.471
2026/04/29 15:44:19,927000,11.473
2026/04/29 15:44:19,928000,11.471
2026/04/29 15:44:19,929000,11.476
2026/04/29 15:44:19,930000,11.479
2026/04/29 15:44:19,931000,11.471
2026/04/29 15:44:19,932000,11.476
2026/04/29 15:44:19,933000,11.471
2026/04/29 15:44:19,934000,11.471
2026/04/29 15:44:19,935000,11.476
2026/04/29 15:44:19,936000,11.476
2026/04/29 15:44:19,937000,11.476
2026/04/29 15:44:19,938000,11.479
2026/04/29 15:44:19,939000,11.471
2026/04/29 15:44:19,940000,11.471
2026/04/29 15:44:19,941000,11.479
2026/04/29 15:44:19,942000,11.476
2026/04/29 15:44:19,943000,11.476
2026/04/29 15:44:19,944000,11.471
2026/04/29 15:44:19,945000,11.465
2026/04/29 15:44:19,946000,11.479
2026/04/29 15:44:19,947000,11.473
2026/04/29 15:44:19,948000,11.471
2026/04/29 15:44:19,949000,11.471
2026/04/29 15:44:19,950000,11.476
2026/04/29 15:44:19,951000,11.479
2026/04/29 15:44:19,952000,11.471
2026/04/29 15:44:19,953000,11.476
2026/04/29 15:44:19,954000,11.479
2026/04/29 15:44:19,955000,11.476
2026/04/29 15:44:19,956000,11.476
2026/04/29 15:44:19,957000,11.476
2026/04/29 15:44:19,958000,11.479
2026/04/29 15:44:19,959000,11.479
2026/04/29 15:44:19,960000,11.476
2026/04/29 15:44:19,961000,11.476
2026/04/29 15:44:19,962000,11.473
2026/04/29 15:44:19,963000,11.479
2026/04/29 15:44:19,964000,11.482
2026/04/29 15:44:19,965000,11.471
2026/04/29 15:44:19,966000,11.471
2026/04/29 15:44:19,967000,11.479
2026/04/29 15:44:19,968000,11.476
2026/04/29 15:44:19,969000,11.476
2026/04/29 15:44:19,970000,11.471
2026/04/29 15:44:19,971000,11.465
2026/04/29 15:44:19,972000,11.476
2026/04/29 15:44:19,973000,11.476
2026/04/29 15:44:19,974000,11.479
2026/04/29 15:44:19,975000,11.479
2026/04/29 15:44:19,976000,11.479
2026/04/29 15:44:19,977000,11.471
2026/04/29 15:44:19,978000,11.476
2026/04/29 15:44:19,979000,11.476
2026/04/29 15:44:19,980000,11.471
2026/04/29 15:44:19,981000,11.479
2026/04/29 15:44:19,982000,11.471
2026/04/29 15:44:19,983000,11.476
2026/04/29 15:44:19,984000,11.476
2026/04/29 15:44:19,985000,11.479
2026/04/29 15:44:19,986000,11.476
2026/04/29 15:44:19,987000,11.471
2026/04/29 15:44:19,988000,11.471
2026/04/29 15:44:19,989000,11.476
2026/04/29 15:44:19,990000,11.468
2026/04/29 15:44:19,991000,11.479
2026/04/29 15:44:19,992000,11.471
2026/04/29 15:44:19,993000,11.476
2026/04/29 15:44:19,994000,11.471
2026/04/29 15:44:19,995000,11.468
2026/04/29 15:44:19,996000,11.479
2026/04/29 15:44:19,997000,11.476
2026/04/29 15:44:19,998000,11.479
2026/04/29 15:44:19,999000,11.471
2026/04/29 15:44:20,000000,11.476
2026/04/29 15:44:20,001000,11.476
2026/04/29 15:44:20,002000,11.479
2026/04/29 15:44:20,003000,11.471
2026/04/29 15:44:20,004000,11.479
2026/04/29 15:44:20,005000,11.479
2026/04/29 15:44:20,006000,11.468
2026/04/29 15:44:20,007000,11.476
2026/04/29 15:44:20,008000,11.473
2026/04/29 15:44:20,009000,11.476
2026/04/29 15:44:20,010000,11.471
2026/04/29 15:44:20,011000,11.468
2026/04/29 15:44:20,012000,11.479
2026/04/29 15:44:20,013000,11.482
2026/04/29 15:44:20,014000,11.479
2026/04/29 15:44:20,015000,11.471
2026/04/29 15:44:20,016000,11.471
2026/04/29 15:44:20,017000,11.476
2026/04/29 15:44:20,018000,11.479
2026/04/29 15:44:20,019000,11.473
2026/04/29 15:44:20,020000,11.473
2026/04/29 15:44:20,021000,11.471
2026/04/29 15:44:20,022000,11.482
2026/04/29 15:44:20,023000,11.473
2026/04/29 15:44:20,024000,11.473
2026/04/29 15:44:20,025000,11.473
2026/04/29 15:44:20,026000,11.479
2026/04/29 15:44:20,027000,11.476
2026/04/29 15:44:20,028000,11.471
2026/04/29 15:44:20,029000,11.479
2026/04/29 15:44:20,030000,11.471
2026/04/29 15:44:20,031000,11.476
2026/04/29 15:44:20,032000,11.476
2026/04/29 15:44:20,033000,11.471
2026/04/29 15:44:20,034000,11.471
2026/04/29 15:44:20,035000,11.465
2026/04/29 15:44:20,036000,11.476
2026/04/29 15:44:20,037000,11.471
2026/04/29 15:44:20,038000,11.471
2026/04/29 15:44:20,039000,11.476
2026/04/29 15:44:20,040000,11.476
2026/04/29 15:44:20,041000,11.473
2026/04/29 15:44:20,042000,11.471
2026/04/29 15:44:20,043000,11.473
2026/04/29 15:44:20,044000,11.471
2026/04/29 15:44:20,045000,11.471
2026/04/29 15:44:20,046000,11.465
2026/04/29 15:44:20,047000,11.473
2026/04/29 15:44:20,048000,11.471
2026/04/29 15:44:20,049000,11.479
2026/04/29 15:44:20,050000,11.471
2026/04/29 15:44:20,051000,11.471
2026/04/29 15:44:20,052000,11.482
2026/04/29 15:44:20,053000,11.476
2026/04/29 15:44:20,054000,11.468
2026/04/29 15:44:20,055000,11.471
2026/04/29 15:44:20,056000,11.471
2026/04/29 15:44:20,057000,11.479
2026/04/29 15:44:20,058000,11.473
2026/04/29 15:44:20,059000,11.476
2026/04/29 15:44:20,060000,11.471
2026/04/29 15:44:20,061000,11.476
2026/04/29 15:44:20,062000,11.471
2026/04/29 15:44:20,063000,11.473
2026/04/29 15:44:20,064000,11.476
2026/04/29 15:44:20,065000,11.471
2026/04/29 15:44:20,066000,11.476
2026/04/29 15:44:20,067000,11.479
2026/04/29 15:44:20,068000,11.471
2026/04/29 15:44:20,069000,11.471
2026/04/29 15:44:20,070000,11.476
2026/04/29 15:44:20,071000,11.471
2026/04/29 15:44:20,072000,11.476
2026/04/29 15:44:20,073000,11.473
2026/04/29 15:44:20,074000,11.468
2026/04/29 15:44:20,075000,11.476
2026/04/29 15:44:20,076000,11.476
2026/04/29 15:44:20,077000,11.479
2026/04/29 15:44:20,078000,11.482
2026/04/29 15:44:20,079000,11.482
2026/04/29 15:44:20,080000,11.471
2026/04/29 15:44:20,081000,11.473
2026/04/29 15:44:20,082000,11.471
2026/04/29 15:44:20,083000,11.468
2026/04/29 15:44:20,084000,11.476
2026/04/29 15:44:20,085000,11.468
2026/04/29 15:44:20,086000,11.479
2026/04/29 15:44:20,087000,11.476
2026/04/29 15:44:20,088000,11.471
2026/04/29 15:44:20,089000,11.471
2026/04/29 15:44:20,090000,11.479
2026/04/29 15:44:20,091000,11.471
2026/04/29 15:44:20,092000,11.471
2026/04/29 15:44:20,093000,11.476
2026/04/29 15:44:20,094000,11.471
2026/04/29 15:44:20,095000,11.473
2026/04/29 15:44:20,096000,11.471
2026/04/29 15:44:20,097000,11.476
2026/04/29 15:44:20,098000,11.476
2026/04/29 15:44:20,099000,11.473
2026/04/29 15:44:20,100000,11.482
2026/04/29 15:44:20,101000,11.479
2026/04/29 15:44:20,102000,11.476
2026/04/29 15:44:20,103000,11.476
2026/04/29 15:44:20,104000,11.479
2026/04/29 15:44:20,105000,11.471
2026/04/29 15:44:20,106000,11.471
2026/04/29 15:44:20,107000,11.476
2026/04/29 15:44:20,108000,11.476
2026/04/29 15:44:20,109000,11.473
2026/04/29 15:44:20,110000,11.476
2026/04/29 15:44:20,111000,11.476
2026/04/29 15:44:20,112000,11.476
2026/04/29 15:44:20,113000,11.476
2026/04/29 15:44:20,114000,11.479
2026/04/29 15:44:20,115000,11.471
2026/04/29 15:44:20,116000,11.471
2026/04/29 15:44:20,117000,11.468
2026/04/29 15:44:20,118000,11.471
2026/04/29 15:44:20,119000,11.471
2026/04/29 15:44:20,120000,11.476
2026/04/29 15:44:20,121000,11.471
2026/04/29 15:44:20,122000,11.473
2026/04/29 15:44:20,123000,11.482
2026/04/29 15:44:20,124000,11.476
2026/04/29 15:44:20,125000,11.479
2026/04/29 15:44:20,126000,11.471
2026/04/29 15:44:20,127000,11.471
2026/04/29 15:44:20,128000,11.479
2026/04/29 15:44:20,129000,11.471
2026/04/29 15:44:20,130000,11.476
2026/04/29 15:44:20,131000,11.476
2026/04/29 15:44:20,132000,11.479
2026/04/29 15:44:20,133000,11.476
2026/04/29 15:44:20,134000,11.476
2026/04/29 15:44:20,135000,11.473
2026/04/29 15:44:20,136000,11.479
2026/04/29 15:44:20,137000,11.473
2026/04/29 15:44:20,138000,11.471
2026/04/29 15:44:20,139000,11.479
2026/04/29 15:44:20,140000,11.471
2026/04/29 15:44:20,141000,11.471
2026/04/29 15:44:20,142000,11.476
2026/04/29 15:44:20,143000,11.473
2026/04/29 15:44:20,144000,11.479
2026/04/29 15:44:20,145000,11.479
2026/04/29 15:44:20,146000,11.485
2026/04/29 15:44:20,147000,11.476
2026/04/29 15:44:20,148000,11.471
2026/04/29 15:44:20,149000,11.473
2026/04/29 15:44:20,150000,11.476
2026/04/29 15:44:20,151000,11.479
2026/04/29 15:44:20,152000,11.471
2026/04/29 15:44:20,153000,11.471
2026/04/29 15:44:20,154000,11.471
2026/04/29 15:44:20,155000,11.476
2026/04/29 15:44:20,156000,11.479
2026/04/29 15:44:20,157000,11.471
2026/04/29 15:44:20,158000,11.476
2026/04/29 15:44:20,159000,11.473
2026/04/29 15:44:20,160000,11.471
2026/04/29 15:44:20,161000,11.471
2026/04/29 15:44:20,162000,11.476
2026/04/29 15:44:20,163000,11.479
2026/04/29 15:44:20,164000,11.471
2026/04/29 15:44:20,165000,11.476
2026/04/29 15:44:20,166000,11.471
2026/04/29 15:44:20,167000,11.482
2026/04/29 15:44:20,168000,11.476
2026/04/29 15:44:20,169000,11.471
2026/04/29 15:44:20,170000,11.479
2026/04/29 15:44:20,171000,11.476
2026/04/29 15:44:20,172000,11.468
2026/04/29 15:44:20,173000,11.479
2026/04/29 15:44:20,174000,11.471
2026/04/29 15:44:20,175000,11.479
2026/04/29 15:44:20,176000,11.471
2026/04/29 15:44:20,177000,11.471
2026/04/29 15:44:20,178000,11.479
2026/04/29 15:44:20,179000,11.471
2026/04/29 15:44:20,180000,11.468
2026/04/29 15:44:20,181000,11.479
2026/04/29 15:44:20,182000,11.482
2026/04/29 15:44:20,183000,11.476
2026/04/29 15:44:20,184000,11.471
2026/04/29 15:44:20,185000,11.473
2026/04/29 15:44:20,186000,11.479
2026/04/29 15:44:20,187000,11.471
2026/04/29 15:44:20,188000,11.476
2026/04/29 15:44:20,189000,11.479
2026/04/29 15:44:20,190000,11.476
2026/04/29 15:44:20,191000,11.471
2026/04/29 15:44:20,192000,11.471
2026/04/29 15:44:20,193000,11.479
2026/04/29 15:44:20,194000,11.471
2026/04/29 15:44:20,195000,11.473
2026/04/29 15:44:20,196000,11.479
2026/04/29 15:44:20,197000,11.471
2026/04/29 15:44:20,198000,11.479
2026/04/29 15:44:20,199000,11.482
2026/04/29 15:44:20,200000,11.471
2026/04/29 15:44:20,201000,11.482
2026/04/29 15:44:20,202000,11.471
2026/04/29 15:44:20,203000,11.476
2026/04/29 15:44:20,204000,11.471
2026/04/29 15:44:20,205000,11.473
2026/04/29 15:44:20,206000,11.479
2026/04/29 15:44:20,207000,11.471
2026/04/29 15:44:20,208000,11.476
2026/04/29 15:44:20,209000,11.479
2026/04/29 15:44:20,210000,11.471
2026/04/29 15:44:20,211000,11.482
2026/04/29 15:44:20,212000,11.479
2026/04/29 15:44:20,213000,11.473
2026/04/29 15:44:20,214000,11.479
2026/04/29 15:44:20,215000,11.476
2026/04/29 15:44:20,216000,11.476
2026/04/29 15:44:20,217000,11.476
2026/04/29 15:44:20,218000,11.479
2026/04/29 15:44:20,219000,11.471
2026/04/29 15:44:20,220000,11.476
2026/04/29 15:44:20,221000,11.471
2026/04/29 15:44:20,222000,11.479
2026/04/29 15:44:20,223000,11.479
2026/04/29 15:44:20,224000,11.468
2026/04/29 15:44:20,225000,11.471
2026/04/29 15:44:20,226000,11.479
2026/04/29 15:44:20,227000,11.471
2026/04/29 15:44:20,228000,11.476
2026/04/29 15:44:20,229000,11.482
2026/04/29 15:44:20,230000,11.476
2026/04/29 15:44:20,231000,11.473
2026/04/29 15:44:20,232000,11.482
2026/04/29 15:44:20,233000,11.476
2026/04/29 15:44:20,234000,11.471
2026/04/29 15:44:20,235000,11.473
2026/04/29 15:44:20,236000,11.476
2026/04/29 15:44:20,237000,11.476
2026/04/29 15:44:20,238000,11.476
2026/04/29 15:44:20,239000,11.479
2026/04/29 15:44:20,240000,11.487
2026/04/29 15:44:20,241000,11.476
2026/04/29 15:44:20,242000,11.476
2026/04/29 15:44:20,243000,11.471
2026/04/29 15:44:20,244000,11.479
2026/04/29 15:44:20,245000,11.473
2026/04/29 15:44:20,246000,11.473
2026/04/29 15:44:20,247000,11.482
2026/04/29 15:44:20,248000,11.476
2026/04/29 15:44:20,249000,11.471
2026/04/29 15:44:20,250000,11.479
2026/04/29 15:44:20,251000,11.476
2026/04/29 15:44:20,252000,11.479
2026/04/29 15:44:20,253000,11.471
2026/04/29 15:44:20,254000,11.473
2026/04/29 15:44:20,255000,11.471
2026/04/29 15:44:20,256000,11.471
2026/04/29 15:44:20,257000,11.482
2026/04/29 15:44:20,258000,11.476
2026/04/29 15:44:20,259000,11.476
2026/04/29 15:44:20,260000,11.465
2026/04/29 15:44:20,261000,11.473
2026/04/29 15:44:20,262000,11.476
2026/04/29 15:44:20,263000,11.482
2026/04/29 15:44:20,264000,11.473
2026/04/29 15:44:20,265000,11.476
2026/04/29 15:44:20,266000,11.479
2026/04/29 15:44:20,267000,11.473
2026/04/29 15:44:20,268000,11.476
2026/04/29 15:44:20,269000,11.476
2026/04/29 15:44:20,270000,11.476
2026/04/29 15:44:20,271000,11.471
2026/04/29 15:44:20,272000,11.476
2026/04/29 15:44:20,273000,11.476
2026/04/29 15:44:20,274000,11.473
2026/04/29 15:44:20,275000,11.482
2026/04/29 15:44:20,276000,11.471
2026/04/29 15:44:20,277000,11.479
2026/04/29 15:44:20,278000,11.479
2026/04/29 15:44:20,279000,11.471
2026/04/29 15:44:20,280000,11.476
2026/04/29 15:44:20,281000,11.473
2026/04/29 15:44:20,282000,11.471
2026/04/29 15:44:20,283000,11.479
2026/04/29 15:44:20,284000,11.476
2026/04/29 15:44:20,285000,11.471
2026/04/29 15:44:20,286000,11.473
2026/04/29 15:44:20,287000,11.485
2026/04/29 15:44:20,288000,11.471
2026/04/29 15:44:20,289000,11.479
2026/04/29 15:44:20,290000,11.471
2026/04/29 15:44:20,291000,11.476
2026/04/29 15:44:20,292000,11.482
2026/04/29 15:44:20,293000,11.479
2026/04/29 15:44:20,294000,11.476
2026/04/29 15:44:20,295000,11.476
2026/04/29 15:44:20,296000,11.476
2026/04/29 15:44:20,297000,11.471
2026/04/29 15:44:20,298000,11.479
2026/04/29 15:44:20,299000,11.479
2026/04/29 15:44:20,300000,11.476
2026/04/29 15:44:20,301000,11.482
2026/04/29 15:44:20,302000,11.473
2026/04/29 15:44:20,303000,11.476
2026/04/29 15:44:20,304000,11.482
2026/04/29 15:44:20,305000,11.482
2026/04/29 15:44:20,306000,11.476
2026/04/29 15:44:20,307000,11.473
2026/04/29 15:44:20,308000,11.476
2026/04/29 15:44:20,309000,11.476
2026/04/29 15:44:20,310000,11.465
2026/04/29 15:44:20,311000,11.471
2026/04/29 15:44:20,312000,11.482
2026/04/29 15:44:20,313000,11.479
2026/04/29 15:44:20,314000,11.476
2026/04/29 15:44:20,315000,11.476
2026/04/29 15:44:20,316000,11.473
2026/04/29 15:44:20,317000,11.482
2026/04/29 15:44:20,318000,11.479
2026/04/29 15:44:20,319000,11.471
2026/04/29 15:44:20,320000,11.476
2026/04/29 15:44:20,321000,11.471
2026/04/29 15:44:20,322000,11.482
2026/04/29 15:44:20,323000,11.482
2026/04/29 15:44:20,324000,11.471
2026/04/29 15:44:20,325000,11.476
2026/04/29 15:44:20,326000,11.479
2026/04/29 15:44:20,327000,11.471
2026/04/29 15:44:20,328000,11.471
2026/04/29 15:44:20,329000,11.479
2026/04/29 15:44:20,330000,11.471
2026/04/29 15:44:20,331000,11.471
2026/04/29 15:44:20,332000,11.473
2026/04/29 15:44:20,333000,11.476
2026/04/29 15:44:20,334000,11.479
2026/04/29 15:44:20,335000,11.471
2026/04/29 15:44:20,336000,11.471
2026/04/29 15:44:20,337000,11.479
2026/04/29 15:44:20,338000,11.476
2026/04/29 15:44:20,339000,11.476
2026/04/29 15:44:20,340000,11.479
2026/04/29 15:44:20,341000,11.482
2026/04/29 15:44:20,342000,11.473
2026/04/29 15:44:20,343000,11.471
2026/04/29 15:44:20,344000,11.482
2026/04/29 15:44:20,345000,11.482
2026/04/29 15:44:20,346000,11.476
2026/04/29 15:44:20,347000,11.471
2026/04/29 15:44:20,348000,11.479
2026/04/29 15:44:20,349000,11.473
2026/04/29 15:44:20,350000,11.471
2026/04/29 15:44:20,351000,11.471
2026/04/29 15:44:20,352000,11.473
2026/04/29 15:44:20,353000,11.476
2026/04/29 15:44:20,354000,11.476
2026/04/29 15:44:20,355000,11.476
2026/04/29 15:44:20,356000,11.476
2026/04/29 15:44:20,357000,11.476
2026/04/29 15:44:20,358000,11.479
2026/04/29 15:44:20,359000,11.471
2026/04/29 15:44:20,360000,11.479
2026/04/29 15:44:20,361000,11.473
2026/04/29 15:44:20,362000,11.476
2026/04/29 15:44:20,363000,11.476
2026/04/29 15:44:20,364000,11.473
2026/04/29 15:44:20,365000,11.471
2026/04/29 15:44:20,366000,11.476
2026/04/29 15:44:20,367000,11.479
2026/04/29 15:44:20,368000,11.473
2026/04/29 15:44:20,369000,11.479
2026/04/29 15:44:20,370000,11.476
2026/04/29 15:44:20,371000,11.479
2026/04/29 15:44:20,372000,11.482
2026/04/29 15:44:20,373000,11.479
2026/04/29 15:44:20,374000,11.476
2026/04/29 15:44:20,375000,11.476
2026/04/29 15:44:20,376000,11.479
2026/04/29 15:44:20,377000,11.476
2026/04/29 15:44:20,378000,11.476
2026/04/29 15:44:20,379000,11.479
2026/04/29 15:44:20,380000,11.471
2026/04/29 15:44:20,381000,11.471
2026/04/29 15:44:20,382000,11.476
2026/04/29 15:44:20,383000,11.471
2026/04/29 15:44:20,384000,11.479
2026/04/29 15:44:20,385000,11.476
2026/04/29 15:44:20,386000,11.476
2026/04/29 15:44:20,387000,11.476
2026/04/29 15:44:20,388000,11.476
2026/04/29 15:44:20,389000,11.479
2026/04/29 15:44:20,390000,11.471
2026/04/29 15:44:20,391000,11.482
2026/04/29 15:44:20,392000,11.473
2026/04/29 15:44:20,393000,11.476
2026/04/29 15:44:20,394000,11.482
2026/04/29 15:44:20,395000,11.479
2026/04/29 15:44:20,396000,11.482
2026/04/29 15:44:20,397000,11.471
2026/04/29 15:44:20,398000,11.471
2026/04/29 15:44:20,399000,11.476
2026/04/29 15:44:20,400000,11.479
2026/04/29 15:44:20,401000,11.471
2026/04/29 15:44:20,402000,11.476
2026/04/29 15:44:20,403000,11.476
2026/04/29 15:44:20,404000,11.473
2026/04/29 15:44:20,405000,11.473
2026/04/29 15:44:20,406000,11.471
2026/04/29 15:44:20,407000,11.482
2026/04/29 15:44:20,408000,11.476
2026/04/29 15:44:20,409000,11.476
2026/04/29 15:44:20,410000,11.479
2026/04/29 15:44:20,411000,11.479
2026/04/29 15:44:20,412000,11.476
2026/04/29 15:44:20,413000,11.479
2026/04/29 15:44:20,414000,11.479
2026/04/29 15:44:20,415000,11.479
2026/04/29 15:44:20,416000,11.485
2026/04/29 15:44:20,417000,11.476
2026/04/29 15:44:20,418000,11.471
2026/04/29 15:44:20,419000,11.479
2026/04/29 15:44:20,420000,11.471
2026/04/29 15:44:20,421000,11.471
2026/04/29 15:44:20,422000,11.471
2026/04/29 15:44:20,423000,11.479
2026/04/29 15:44:20,424000,11.476
2026/04/29 15:44:20,425000,11.471
2026/04/29 15:44:20,426000,11.479
2026/04/29 15:44:20,427000,11.471
2026/04/29 15:44:20,428000,11.476
2026/04/29 15:44:20,429000,11.479
2026/04/29 15:44:20,430000,11.473
2026/04/29 15:44:20,431000,11.476
2026/04/29 15:44:20,432000,11.476
2026/04/29 15:44:20,433000,11.482
2026/04/29 15:44:20,434000,11.473
2026/04/29 15:44:20,435000,11.476
2026/04/29 15:44:20,436000,11.479
2026/04/29 15:44:20,437000,11.471
2026/04/29 15:44:20,438000,11.479
2026/04/29 15:44:20,439000,11.476
2026/04/29 15:44:20,440000,11.479
2026/04/29 15:44:20,441000,11.479
2026/04/29 15:44:20,442000,11.476
2026/04/29 15:44:20,443000,11.476
2026/04/29 15:44:20,444000,11.479
2026/04/29 15:44:20,445000,11.471
2026/04/29 15:44:20,446000,11.479
2026/04/29 15:44:20,447000,11.476
2026/04/29 15:44:20,448000,11.471
2026/04/29 15:44:20,449000,11.476
2026/04/29 15:44:20,450000,11.476
2026/04/29 15:44:20,451000,11.476
2026/04/29 15:44:20,452000,11.471
2026/04/29 15:44:20,453000,11.471
2026/04/29 15:44:20,454000,11.479
2026/04/29 15:44:20,455000,11.479
2026/04/29 15:44:20,456000,11.471
2026/04/29 15:44:20,457000,11.471
2026/04/29 15:44:20,458000,11.471
2026/04/29 15:44:20,459000,11.476
2026/04/29 15:44:20,460000,11.485
2026/04/29 15:44:20,461000,11.471
2026/04/29 15:44:20,462000,11.471
2026/04/29 15:44:20,463000,11.479
2026/04/29 15:44:20,464000,11.476
2026/04/29 15:44:20,465000,11.471
2026/04/29 15:44:20,466000,11.471
2026/04/29 15:44:20,467000,11.476
2026/04/29 15:44:20,468000,11.479
2026/04/29 15:44:20,469000,11.476
2026/04/29 15:44:20,470000,11.473
2026/04/29 15:44:20,471000,11.482
2026/04/29 15:44:20,472000,11.479
2026/04/29 15:44:20,473000,11.479
2026/04/29 15:44:20,474000,11.473
2026/04/29 15:44:20,475000,11.473
2026/04/29 15:44:20,476000,11.479
2026/04/29 15:44:20,477000,11.468
2026/04/29 15:44:20,478000,11.476
2026/04/29 15:44:20,479000,11.471
2026/04/29 15:44:20,480000,11.476
2026/04/29 15:44:20,481000,11.471
2026/04/29 15:44:20,482000,11.479
2026/04/29 15:44:20,483000,11.471
2026/04/29 15:44:20,484000,11.471
2026/04/29 15:44:20,485000,11.479
2026/04/29 15:44:20,486000,11.479
2026/04/29 15:44:20,487000,11.476
2026/04/29 15:44:20,488000,11.479
2026/04/29 15:44:20,489000,11.476
2026/04/29 15:44:20,490000,11.471
2026/04/29 15:44:20,491000,11.476
2026/04/29 15:44:20,492000,11.476
2026/04/29 15:44:20,493000,11.476
2026/04/29 15:44:20,494000,11.476
2026/04/29 15:44:20,495000,11.471
2026/04/29 15:44:20,496000,11.479
2026/04/29 15:44:20,497000,11.471
2026/04/29 15:44:20,498000,11.473
2026/04/29 15:44:20,499000,11.471
2026/04/29 15:44:20,500000,11.479
2026/04/29 15:44:20,501000,11.479
2026/04/29 15:44:20,502000,11.479
2026/04/29 15:44:20,503000,11.471
2026/04/29 15:44:20,504000,11.468
2026/04/29 15:44:20,505000,11.471
2026/04/29 15:44:20,506000,11.471
2026/04/29 15:44:20,507000,11.471
2026/04/29 15:44:20,508000,11.473
2026/04/29 15:44:20,509000,11.476
2026/04/29 15:44:20,510000,11.476
2026/04/29 15:44:20,511000,11.471
2026/04/29 15:44:20,512000,11.476
2026/04/29 15:44:20,513000,11.479
2026/04/29 15:44:20,514000,11.471
2026/04/29 15:44:20,515000,11.476
2026/04/29 15:44:20,516000,11.471
2026/04/29 15:44:20,517000,11.468
2026/04/29 15:44:20,518000,11.471
2026/04/29 15:44:20,519000,11.471
2026/04/29 15:44:20,520000,11.468
2026/04/29 15:44:20,521000,11.476
2026/04/29 15:44:20,522000,11.471
2026/04/29 15:44:20,523000,11.476
2026/04/29 15:44:20,524000,11.479
2026/04/29 15:44:20,525000,11.476
2026/04/29 15:44:20,526000,11.468
2026/04/29 15:44:20,527000,11.473
2026/04/29 15:44:20,528000,11.476
2026/04/29 15:44:20,529000,11.468
2026/04/29 15:44:20,530000,11.471
2026/04/29 15:44:20,531000,11.479
2026/04/29 15:44:20,532000,11.468
2026/04/29 15:44:20,533000,11.476
2026/04/29 15:44:20,534000,11.471
2026/04/29 15:44:20,535000,11.471
2026/04/29 15:44:20,536000,11.468
2026/04/29 15:44:20,537000,11.471
2026/04/29 15:44:20,538000,11.476
2026/04/29 15:44:20,539000,11.471
2026/04/29 15:44:20,540000,11.476
2026/04/29 15:44:20,541000,11.479
2026/04/29 15:44:20,542000,11.473
2026/04/29 15:44:20,543000,11.476
2026/04/29 15:44:20,544000,11.473
2026/04/29 15:44:20,545000,11.471
2026/04/29 15:44:20,546000,11.471
2026/04/29 15:44:20,547000,11.476
2026/04/29 15:44:20,548000,11.476
2026/04/29 15:44:20,549000,11.476
2026/04/29 15:44:20,550000,11.476
2026/04/29 15:44:20,551000,11.473
2026/04/29 15:44:20,552000,11.476
2026/04/29 15:44:20,553000,11.468
2026/04/29 15:44:20,554000,11.476
2026/04/29 15:44:20,555000,11.471
2026/04/29 15:44:20,556000,11.479
2026/04/29 15:44:20,557000,11.471
2026/04/29 15:44:20,558000,11.471
2026/04/29 15:44:20,559000,11.471
2026/04/29 15:44:20,560000,11.476
2026/04/29 15:44:20,561000,11.471
2026/04/29 15:44:20,562000,11.482
2026/04/29 15:44:20,563000,11.471
2026/04/29 15:44:20,564000,11.471
2026/04/29 15:44:20,565000,11.476
2026/04/29 15:44:20,566000,11.476
2026/04/29 15:44:20,567000,11.473
2026/04/29 15:44:20,568000,11.476
2026/04/29 15:44:20,569000,11.473
2026/04/29 15:44:20,570000,11.471
2026/04/29 15:44:20,571000,11.479
2026/04/29 15:44:20,572000,11.479
2026/04/29 15:44:20,573000,11.471
2026/04/29 15:44:20,574000,11.471
2026/04/29 15:44:20,575000,11.479
2026/04/29 15:44:20,576000,11.471
2026/04/29 15:44:20,577000,11.471
2026/04/29 15:44:20,578000,11.468
2026/04/29 15:44:20,579000,11.471
2026/04/29 15:44:20,580000,11.476
2026/04/29 15:44:20,581000,11.476
2026/04/29 15:44:20,582000,11.476
2026/04/29 15:44:20,583000,11.476
2026/04/29 15:44:20,584000,11.471
2026/04/29 15:44:20,585000,11.476
2026/04/29 15:44:20,586000,11.471
2026/04/29 15:44:20,587000,11.471
2026/04/29 15:44:20,588000,11.471
2026/04/29 15:44:20,589000,11.476
2026/04/29 15:44:20,590000,11.479
2026/04/29 15:44:20,591000,11.471
2026/04/29 15:44:20,592000,11.476
2026/04/29 15:44:20,593000,11.479
2026/04/29 15:44:20,594000,11.468
2026/04/29 15:44:20,595000,11.473
2026/04/29 15:44:20,596000,11.471
2026/04/29 15:44:20,597000,11.476
2026/04/29 15:44:20,598000,11.471
2026/04/29 15:44:20,599000,11.476
2026/04/29 15:44:20,600000,11.471
2026/04/29 15:44:20,601000,11.479
2026/04/29 15:44:20,602000,11.471
2026/04/29 15:44:20,603000,11.471
2026/04/29 15:44:20,604000,11.471
2026/04/29 15:44:20,605000,11.476
2026/04/29 15:44:20,606000,11.482
2026/04/29 15:44:20,607000,11.471
2026/04/29 15:44:20,608000,11.471
2026/04/29 15:44:20,609000,11.471
2026/04/29 15:44:20,610000,11.476
2026/04/29 15:44:20,611000,11.479
2026/04/29 15:44:20,612000,11.476
2026/04/29 15:44:20,613000,11.473
2026/04/29 15:44:20,614000,11.471
2026/04/29 15:44:20,615000,11.471
2026/04/29 15:44:20,616000,11.471
2026/04/29 15:44:20,617000,11.471
2026/04/29 15:44:20,618000,11.479
2026/04/29 15:44:20,619000,11.471
2026/04/29 15:44:20,620000,11.476
2026/04/29 15:44:20,621000,11.479
2026/04/29 15:44:20,622000,11.471
2026/04/29 15:44:20,623000,11.476
2026/04/29 15:44:20,624000,11.473
2026/04/29 15:44:20,625000,11.479
2026/04/29 15:44:20,626000,11.476
2026/04/29 15:44:20,627000,11.479
2026/04/29 15:44:20,628000,11.482
2026/04/29 15:44:20,629000,11.476
2026/04/29 15:44:20,630000,11.471
2026/04/29 15:44:20,631000,11.482
2026/04/29 15:44:20,632000,11.473
2026/04/29 15:44:20,633000,11.479
2026/04/29 15:44:20,634000,11.471
2026/04/29 15:44:20,635000,11.476
2026/04/29 15:44:20,636000,11.476
2026/04/29 15:44:20,637000,11.482
2026/04/29 15:44:20,638000,11.476
2026/04/29 15:44:20,639000,11.471
2026/04/29 15:44:20,640000,11.476
2026/04/29 15:44:20,641000,11.471
2026/04/29 15:44:20,642000,11.468
2026/04/29 15:44:20,643000,11.471
2026/04/29 15:44:20,644000,11.468
2026/04/29 15:44:20,645000,11.476
2026/04/29 15:44:20,646000,11.479
2026/04/29 15:44:20,647000,11.471
2026/04/29 15:44:20,648000,11.476
2026/04/29 15:44:20,649000,11.473
2026/04/29 15:44:20,650000,11.471
2026/04/29 15:44:20,651000,11.471
2026/04/29 15:44:20,652000,11.479
2026/04/29 15:44:20,653000,11.476
2026/04/29 15:44:20,654000,11.471
2026/04/29 15:44:20,655000,11.482
2026/04/29 15:44:20,656000,11.476
2026/04/29 15:44:20,657000,11.471
2026/04/29 15:44:20,658000,11.471
2026/04/29 15:44:20,659000,11.476
2026/04/29 15:44:20,660000,11.471
2026/04/29 15:44:20,661000,11.476
2026/04/29 15:44:20,662000,11.471
2026/04/29 15:44:20,663000,11.471
2026/04/29 15:44:20,664000,11.479
2026/04/29 15:44:20,665000,11.479
2026/04/29 15:44:20,666000,11.476
2026/04/29 15:44:20,667000,11.476
2026/04/29 15:44:20,668000,11.476
2026/04/29 15:44:20,669000,11.476
2026/04/29 15:44:20,670000,11.471
2026/04/29 15:44:20,671000,11.482
2026/04/29 15:44:20,672000,11.471
2026/04/29 15:44:20,673000,11.476
2026/04/29 15:44:20,674000,11.476
2026/04/29 15:44:20,675000,11.471
2026/04/29 15:44:20,676000,11.473
2026/04/29 15:44:20,677000,11.479
2026/04/29 15:44:20,678000,11.473
2026/04/29 15:44:20,679000,11.476
2026/04/29 15:44:20,680000,11.468
2026/04/29 15:44:20,681000,11.479
2026/04/29 15:44:20,682000,11.473
2026/04/29 15:44:20,683000,11.476
2026/04/29 15:44:20,684000,11.468
2026/04/29 15:44:20,685000,11.473
2026/04/29 15:44:20,686000,11.471
2026/04/29 15:44:20,687000,11.476
2026/04/29 15:44:20,688000,11.471
2026/04/29 15:44:20,689000,11.476
2026/04/29 15:44:20,690000,11.473
2026/04/29 15:44:20,691000,11.471
2026/04/29 15:44:20,692000,11.473
2026/04/29 15:44:20,693000,11.468
2026/04/29 15:44:20,694000,11.476
2026/04/29 15:44:20,695000,11.471
2026/04/29 15:44:20,696000,11.471
2026/04/29 15:44:20,697000,11.476
2026/04/29 15:44:20,698000,11.479
2026/04/29 15:44:20,699000,11.471
2026/04/29 15:44:20,700000,11.471
2026/04/29 15:44:20,701000,11.476
2026/04/29 15:44:20,702000,11.476
2026/04/29 15:44:20,703000,11.476
2026/04/29 15:44:20,704000,11.476
2026/04/29 15:44:20,705000,11.471
2026/04/29 15:44:20,706000,11.476
2026/04/29 15:44:20,707000,11.473
2026/04/29 15:44:20,708000,11.471
2026/04/29 15:44:20,709000,11.482
2026/04/29 15:44:20,710000,11.479
2026/04/29 15:44:20,711000,11.471
2026/04/29 15:44:20,712000,11.479
2026/04/29 15:44:20,713000,11.473
2026/04/29 15:44:20,714000,11.471
2026/04/29 15:44:20,715000,11.468
2026/04/29 15:44:20,716000,11.479
2026/04/29 15:44:20,717000,11.471
2026/04/29 15:44:20,718000,11.471
2026/04/29 15:44:20,719000,11.471
2026/04/29 15:44:20,720000,11.476
2026/04/29 15:44:20,721000,11.476
2026/04/29 15:44:20,722000,11.476
2026/04/29 15:44:20,723000,11.479
2026/04/29 15:44:20,724000,11.479
2026/04/29 15:44:20,725000,11.473
2026/04/29 15:44:20,726000,11.473
2026/04/29 15:44:20,727000,11.476
2026/04/29 15:44:20,728000,11.471
2026/04/29 15:44:20,729000,11.471
2026/04/29 15:44:20,730000,11.471
2026/04/29 15:44:20,731000,11.476
2026/04/29 15:44:20,732000,11.479
2026/04/29 15:44:20,733000,11.473
2026/04/29 15:44:20,734000,11.479
2026/04/29 15:44:20,735000,11.468
2026/04/29 15:44:20,736000,11.482
2026/04/29 15:44:20,737000,11.479
2026/04/29 15:44:20,738000,11.471
2026/04/29 15:44:20,739000,11.479
2026/04/29 15:44:20,740000,11.471
2026/04/29 15:44:20,741000,11.471
2026/04/29 15:44:20,742000,11.473
2026/04/29 15:44:20,743000,11.476
2026/04/29 15:44:20,744000,11.479
2026/04/29 15:44:20,745000,11.476
2026/04/29 15:44:20,746000,11.482
2026/04/29 15:44:20,747000,11.471
2026/04/29 15:44:20,748000,11.476
2026/04/29 15:44:20,749000,11.479
2026/04/29 15:44:20,750000,11.476
2026/04/29 15:44:20,751000,11.471
2026/04/29 15:44:20,752000,11.479
2026/04/29 15:44:20,753000,11.471
2026/04/29 15:44:20,754000,11.476
2026/04/29 15:44:20,755000,11.473
2026/04/29 15:44:20,756000,11.476
2026/04/29 15:44:20,757000,11.471
2026/04/29 15:44:20,758000,11.476
2026/04/29 15:44:20,759000,11.471
2026/04/29 15:44:20,760000,11.476
2026/04/29 15:44:20,761000,11.471
2026/04/29 15:44:20,762000,11.482
2026/04/29 15:44:20,763000,11.479
2026/04/29 15:44:20,764000,11.473
2026/04/29 15:44:20,765000,11.473
2026/04/29 15:44:20,766000,11.476
2026/04/29 15:44:20,767000,11.471
2026/04/29 15:44:20,768000,11.468
2026/04/29 15:44:20,769000,11.471
2026/04/29 15:44:20,770000,11.476
2026/04/29 15:44:20,771000,11.479
2026/04/29 15:44:20,772000,11.471
2026/04/29 15:44:20,773000,11.471
2026/04/29 15:44:20,774000,11.471
2026/04/29 15:44:20,775000,11.482
2026/04/29 15:44:20,776000,11.476
2026/04/29 15:44:20,777000,11.471
2026/04/29 15:44:20,778000,11.479
2026/04/29 15:44:20,779000,11.476
2026/04/29 15:44:20,780000,11.471
2026/04/29 15:44:20,781000,11.476
2026/04/29 15:44:20,782000,11.476
2026/04/29 15:44:20,783000,11.479
2026/04/29 15:44:20,784000,11.473
2026/04/29 15:44:20,785000,11.482
2026/04/29 15:44:20,786000,11.471
2026/04/29 15:44:20,787000,11.482
2026/04/29 15:44:20,788000,11.482
2026/04/29 15:44:20,789000,11.471
2026/04/29 15:44:20,790000,11.482
2026/04/29 15:44:20,791000,11.479
2026/04/29 15:44:20,792000,11.479
2026/04/29 15:44:20,793000,11.479
2026/04/29 15:44:20,794000,11.473
2026/04/29 15:44:20,795000,11.471
2026/04/29 15:44:20,796000,11.479
2026/04/29 15:44:20,797000,11.482
2026/04/29 15:44:20,798000,11.473
2026/04/29 15:44:20,799000,11.476
2026/04/29 15:44:20,800000,11.476
2026/04/29 15:44:20,801000,11.471
2026/04/29 15:44:20,802000,11.471
2026/04/29 15:44:20,803000,11.471
2026/04/29 15:44:20,804000,11.476
2026/04/29 15:44:20,805000,11.482
2026/04/29 15:44:20,806000,11.476
2026/04/29 15:44:20,807000,11.479
2026/04/29 15:44:20,808000,11.476
2026/04/29 15:44:20,809000,11.476
2026/04/29 15:44:20,810000,11.476
2026/04/29 15:44:20,811000,11.482
2026/04/29 15:44:20,812000,11.476
2026/04/29 15:44:20,813000,11.476
2026/04/29 15:44:20,814000,11.482
2026/04/29 15:44:20,815000,11.476
2026/04/29 15:44:20,816000,11.479
2026/04/29 15:44:20,817000,11.476
2026/04/29 15:44:20,818000,11.471
2026/04/29 15:44:20,819000,11.476
2026/04/29 15:44:20,820000,11.482
2026/04/29 15:44:20,821000,11.476
2026/04/29 15:44:20,822000,11.476
2026/04/29 15:44:20,823000,11.476
2026/04/29 15:44:20,824000,11.471
2026/04/29 15:44:20,825000,11.476
2026/04/29 15:44:20,826000,11.476
2026/04/29 15:44:20,827000,11.479
2026/04/29 15:44:20,828000,11.471
2026/04/29 15:44:20,829000,11.479
2026/04/29 15:44:20,830000,11.476
2026/04/29 15:44:20,831000,11.476
2026/04/29 15:44:20,832000,11.479
2026/04/29 15:44:20,833000,11.476
2026/04/29 15:44:20,834000,11.476
2026/04/29 15:44:20,835000,11.479
2026/04/29 15:44:20,836000,11.479
2026/04/29 15:44:20,837000,11.476
2026/04/29 15:44:20,838000,11.479
2026/04/29 15:44:20,839000,11.471
2026/04/29 15:44:20,840000,11.479
2026/04/29 15:44:20,841000,11.479
2026/04/29 15:44:20,842000,11.471
2026/04/29 15:44:20,843000,11.479
2026/04/29 15:44:20,844000,11.471
2026/04/29 15:44:20,845000,11.471
2026/04/29 15:44:20,846000,11.473
2026/04/29 15:44:20,847000,11.476
2026/04/29 15:44:20,848000,11.476
2026/04/29 15:44:20,849000,11.476
2026/04/29 15:44:20,850000,11.468
2026/04/29 15:44:20,851000,11.479
2026/04/29 15:44:20,852000,11.479
2026/04/29 15:44:20,853000,11.479
2026/04/29 15:44:20,854000,11.482
2026/04/29 15:44:20,855000,11.471
2026/04/29 15:44:20,856000,11.471
2026/04/29 15:44:20,857000,11.476
2026/04/29 15:44:20,858000,11.479
2026/04/29 15:44:20,859000,11.471
2026/04/29 15:44:20,860000,11.476
2026/04/29 15:44:20,861000,11.482
2026/04/29 15:44:20,862000,11.479
2026/04/29 15:44:20,863000,11.476
2026/04/29 15:44:20,864000,11.471
2026/04/29 15:44:20,865000,11.471
2026/04/29 15:44:20,866000,11.471
2026/04/29 15:44:20,867000,11.468
2026/04/29 15:44:20,868000,11.473
2026/04/29 15:44:20,869000,11.479
2026/04/29 15:44:20,870000,11.479
2026/04/29 15:44:20,871000,11.471
2026/04/29 15:44:20,872000,11.476
2026/04/29 15:44:20,873000,11.476
2026/04/29 15:44:20,874000,11.479
2026/04/29 15:44:20,875000,11.479
2026/04/29 15:44:20,876000,11.482
2026/04/29 15:44:20,877000,11.479
2026/04/29 15:44:20,878000,11.476
2026/04/29 15:44:20,879000,11.476
2026/04/29 15:44:20,880000,11.476
2026/04/29 15:44:20,881000,11.471
2026/04/29 15:44:20,882000,11.476
2026/04/29 15:44:20,883000,11.471
2026/04/29 15:44:20,884000,11.476
2026/04/29 15:44:20,885000,11.482
2026/04/29 15:44:20,886000,11.476
2026/04/29 15:44:20,887000,11.473
2026/04/29 15:44:20,888000,11.476
2026/04/29 15:44:20,889000,11.479
2026/04/29 15:44:20,890000,11.476
2026/04/29 15:44:20,891000,11.471
2026/04/29 15:44:20,892000,11.476
2026/04/29 15:44:20,893000,11.476
2026/04/29 15:44:20,894000,11.473
2026/04/29 15:44:20,895000,11.476
2026/04/29 15:44:20,896000,11.476
2026/04/29 15:44:20,897000,11.479
2026/04/29 15:44:20,898000,11.471
2026/04/29 15:44:20,899000,11.471
2026/04/29 15:44:20,900000,11.476
2026/04/29 15:44:20,901000,11.476
2026/04/29 15:44:20,902000,11.482
2026/04/29 15:44:20,903000,11.476
2026/04/29 15:44:20,904000,11.476
2026/04/29 15:44:20,905000,11.471
2026/04/29 15:44:20,906000,11.476
2026/04/29 15:44:20,907000,11.476
2026/04/29 15:44:20,908000,11.476
2026/04/29 15:44:20,909000,11.471
2026/04/29 15:44:20,910000,11.476
2026/04/29 15:44:20,911000,11.476
2026/04/29 15:44:20,912000,11.479
2026/04/29 15:44:20,913000,11.471
2026/04/29 15:44:20,914000,11.473
2026/04/29 15:44:20,915000,11.479
2026/04/29 15:44:20,916000,11.476
2026/04/29 15:44:20,917000,11.479
2026/04/29 15:44:20,918000,11.471
2026/04/29 15:44:20,919000,11.479
2026/04/29 15:44:20,920000,11.476
2026/04/29 15:44:20,921000,11.473
2026/04/29 15:44:20,922000,11.471
2026/04/29 15:44:20,923000,11.479
2026/04/29 15:44:20,924000,11.471
2026/04/29 15:44:20,925000,11.479
2026/04/29 15:44:20,926000,11.471
2026/04/29 15:44:20,927000,11.476
2026/04/29 15:44:20,928000,11.471
2026/04/29 15:44:20,929000,11.476
2026/04/29 15:44:20,930000,11.471
2026/04/29 15:44:20,931000,11.479
2026/04/29 15:44:20,932000,11.476
2026/04/29 15:44:20,933000,11.487
2026/04/29 15:44:20,934000,11.479
2026/04/29 15:44:20,935000,11.479
2026/04/29 15:44:20,936000,11.471
2026/04/29 15:44:20,937000,11.476
2026/04/29 15:44:20,938000,11.476
2026/04/29 15:44:20,939000,11.479
2026/04/29 15:44:20,940000,11.479
2026/04/29 15:44:20,941000,11.471
2026/04/29 15:44:20,942000,11.473
2026/04/29 15:44:20,943000,11.476
2026/04/29 15:44:20,944000,11.471
2026/04/29 15:44:20,945000,11.476
2026/04/29 15:44:20,946000,11.471
2026/04/29 15:44:20,947000,11.476
2026/04/29 15:44:20,948000,11.471
2026/04/29 15:44:20,949000,11.471
2026/04/29 15:44:20,950000,11.476
2026/04/29 15:44:20,951000,11.476
2026/04/29 15:44:20,952000,11.473
2026/04/29 15:44:20,953000,11.476
2026/04/29 15:44:20,954000,11.471
2026/04/29 15:44:20,955000,11.476
2026/04/29 15:44:20,956000,11.471
2026/04/29 15:44:20,957000,11.476
2026/04/29 15:44:20,958000,11.482
2026/04/29 15:44:20,959000,11.471
2026/04/29 15:44:20,960000,11.473
2026/04/29 15:44:20,961000,11.473
2026/04/29 15:44:20,962000,11.482
2026/04/29 15:44:20,963000,11.471
2026/04/29 15:44:20,964000,11.482
2026/04/29 15:44:20,965000,11.476
2026/04/29 15:44:20,966000,11.473
2026/04/29 15:44:20,967000,11.482
2026/04/29 15:44:20,968000,11.479
2026/04/29 15:44:20,969000,11.476
2026/04/29 15:44:20,970000,11.476
2026/04/29 15:44:20,971000,11.482
2026/04/29 15:44:20,972000,11.473
2026/04/29 15:44:20,973000,11.476
2026/04/29 15:44:20,974000,11.476
2026/04/29 15:44:20,975000,11.471
2026/04/29 15:44:20,976000,11.471
2026/04/29 15:44:20,977000,11.471
2026/04/29 15:44:20,978000,11.479
2026/04/29 15:44:20,979000,11.476
2026/04/29 15:44:20,980000,11.476
2026/04/29 15:44:20,981000,11.479
2026/04/29 15:44:20,982000,11.471
2026/04/29 15:44:20,983000,11.473
2026/04/29 15:44:20,984000,11.476
2026/04/29 15:44:20,985000,11.471
2026/04/29 15:44:20,986000,11.471
2026/04/29 15:44:20,987000,11.471
2026/04/29 15:44:20,988000,11.471
2026/04/29 15:44:20,989000,11.482
2026/04/29 15:44:20,990000,11.471
2026/04/29 15:44:20,991000,11.479
2026/04/29 15:44:20,992000,11.471
2026/04/29 15:44:20,993000,11.471
2026/04/29 15:44:20,994000,11.471
2026/04/29 15:44:20,995000,11.473
2026/04/29 15:44:20,996000,11.479
2026/04/29 15:44:20,997000,11.479
2026/04/29 15:44:20,998000,11.471
2026/04/29 15:44:20,999000,11.473
2026/04/29 15:44:21,000000,11.471
2026/04/29 15:44:21,001000,11.476
2026/04/29 15:44:21,002000,11.479
2026/04/29 15:44:21,003000,11.476
2026/04/29 15:44:21,004000,11.473
2026/04/29 15:44:21,005000,11.476
2026/04/29 15:44:21,006000,11.479
2026/04/29 15:44:21,007000,11.476
2026/04/29 15:44:21,008000,11.471
2026/04/29 15:44:21,009000,11.476
2026/04/29 15:44:21,010000,11.471
2026/04/29 15:44:21,011000,11.471
2026/04/29 15:44:21,012000,11.476
2026/04/29 15:44:21,013000,11.468
2026/04/29 15:44:21,014000,11.485
2026/04/29 15:44:21,015000,11.471
2026/04/29 15:44:21,016000,11.476
2026/04/29 15:44:21,017000,11.471
2026/04/29 15:44:21,018000,11.479
2026/04/29 15:44:21,019000,11.471
2026/04/29 15:44:21,020000,11.479
2026/04/29 15:44:21,021000,11.476
2026/04/29 15:44:21,022000,11.476
2026/04/29 15:44:21,023000,11.471
2026/04/29 15:44:21,024000,11.471
2026/04/29 15:44:21,025000,11.471
2026/04/29 15:44:21,026000,11.471
2026/04/29 15:44:21,027000,11.473
2026/04/29 15:44:21,028000,11.471
2026/04/29 15:44:21,029000,11.476
2026/04/29 15:44:21,030000,11.468
2026/04/29 15:44:21,031000,11.479
2026/04/29 15:44:21,032000,11.471
2026/04/29 15:44:21,033000,11.476
2026/04/29 15:44:21,034000,11.476
2026/04/29 15:44:21,035000,11.471
2026/04/29 15:44:21,036000,11.473
2026/04/29 15:44:21,037000,11.471
2026/04/29 15:44:21,038000,11.471
2026/04/29 15:44:21,039000,11.473
2026/04/29 15:44:21,040000,11.479
2026/04/29 15:44:21,041000,11.476
2026/04/29 15:44:21,042000,11.471
2026/04/29 15:44:21,043000,11.471
2026/04/29 15:44:21,044000,11.479
2026/04/29 15:44:21,045000,11.476
2026/04/29 15:44:21,046000,11.476
2026/04/29 15:44:21,047000,11.468
2026/04/29 15:44:21,048000,11.476
2026/04/29 15:44:21,049000,11.471
2026/04/29 15:44:21,050000,11.471
2026/04/29 15:44:21,051000,11.479
2026/04/29 15:44:21,052000,11.468
2026/04/29 15:44:21,053000,11.476
2026/04/29 15:44:21,054000,11.476
2026/04/29 15:44:21,055000,11.471
2026/04/29 15:44:21,056000,11.479
2026/04/29 15:44:21,057000,11.479
2026/04/29 15:44:21,058000,11.471
2026/04/29 15:44:21,059000,11.476
2026/04/29 15:44:21,060000,11.471
2026/04/29 15:44:21,061000,11.468
2026/04/29 15:44:21,062000,11.476
2026/04/29 15:44:21,063000,11.473
2026/04/29 15:44:21,064000,11.471
2026/04/29 15:44:21,065000,11.468
2026/04/29 15:44:21,066000,11.476
2026/04/29 15:44:21,067000,11.471
2026/04/29 15:44:21,068000,11.479
2026/04/29 15:44:21,069000,11.482
2026/04/29 15:44:21,070000,11.471
2026/04/29 15:44:21,071000,11.471
2026/04/29 15:44:21,072000,11.471
2026/04/29 15:44:21,073000,11.479
2026/04/29 15:44:21,074000,11.471
2026/04/29 15:44:21,075000,11.476
2026/04/29 15:44:21,076000,11.476
2026/04/29 15:44:21,077000,11.471
2026/04/29 15:44:21,078000,11.476
2026/04/29 15:44:21,079000,11.471
2026/04/29 15:44:21,080000,11.487
2026/04/29 15:44:21,081000,11.471
2026/04/29 15:44:21,082000,11.476
2026/04/29 15:44:21,083000,11.476
2026/04/29 15:44:21,084000,11.471
2026/04/29 15:44:21,085000,11.471
2026/04/29 15:44:21,086000,11.465
2026/04/29 15:44:21,087000,11.476
2026/04/29 15:44:21,088000,11.471
2026/04/29 15:44:21,089000,11.479
2026/04/29 15:44:21,090000,11.476
2026/04/29 15:44:21,091000,11.476
2026/04/29 15:44:21,092000,11.476
2026/04/29 15:44:21,093000,11.471
2026/04/29 15:44:21,094000,11.471
2026/04/29 15:44:21,095000,11.471
2026/04/29 15:44:21,096000,11.468
2026/04/29 15:44:21,097000,11.471
2026/04/29 15:44:21,098000,11.476
2026/04/29 15:44:21,099000,11.473
2026/04/29 15:44:21,100000,11.476
2026/04/29 15:44:21,101000,11.471
2026/04/29 15:44:21,102000,11.476
2026/04/29 15:44:21,103000,11.473
2026/04/29 15:44:21,104000,11.476
2026/04/29 15:44:21,105000,11.471
2026/04/29 15:44:21,106000,11.473
2026/04/29 15:44:21,107000,11.471
2026/04/29 15:44:21,108000,11.479
2026/04/29 15:44:21,109000,11.471
2026/04/29 15:44:21,110000,11.476
2026/04/29 15:44:21,111000,11.468
2026/04/29 15:44:21,112000,11.479
2026/04/29 15:44:21,113000,11.471
2026/04/29 15:44:21,114000,11.476
2026/04/29 15:44:21,115000,11.476
2026/04/29 15:44:21,116000,11.471
2026/04/29 15:44:21,117000,11.476
2026/04/29 15:44:21,118000,11.476
2026/04/29 15:44:21,119000,11.476
2026/04/29 15:44:21,120000,11.471
2026/04/29 15:44:21,121000,11.471
2026/04/29 15:44:21,122000,11.473
2026/04/29 15:44:21,123000,11.476
2026/04/29 15:44:21,124000,11.476
2026/04/29 15:44:21,125000,11.476
2026/04/29 15:44:21,126000,11.471
2026/04/29 15:44:21,127000,11.471
2026/04/29 15:44:21,128000,11.479
2026/04/29 15:44:21,129000,11.482
2026/04/29 15:44:21,130000,11.473
2026/04/29 15:44:21,131000,11.476
2026/04/29 15:44:21,132000,11.471
2026/04/29 15:44:21,133000,11.471
2026/04/29 15:44:21,134000,11.476
2026/04/29 15:44:21,135000,11.479
2026/04/29 15:44:21,136000,11.479
2026/04/29 15:44:21,137000,11.473
2026/04/29 15:44:21,138000,11.473
2026/04/29 15:44:21,139000,11.479
2026/04/29 15:44:21,140000,11.471
2026/04/29 15:44:21,141000,11.471
2026/04/29 15:44:21,142000,11.476
2026/04/29 15:44:21,143000,11.476
2026/04/29 15:44:21,144000,11.471
2026/04/29 15:44:21,145000,11.471
2026/04/29 15:44:21,146000,11.471
2026/04/29 15:44:21,147000,11.468
2026/04/29 15:44:21,148000,11.479
2026/04/29 15:44:21,149000,11.479
2026/04/29 15:44:21,150000,11.476
2026/04/29 15:44:21,151000,11.471
2026/04/29 15:44:21,152000,11.479
2026/04/29 15:44:21,153000,11.471
2026/04/29 15:44:21,154000,11.482
2026/04/29 15:44:21,155000,11.476
2026/04/29 15:44:21,156000,11.471
2026/04/29 15:44:21,157000,11.476
2026/04/29 15:44:21,158000,11.476
2026/04/29 15:44:21,159000,11.476
2026/04/29 15:44:21,160000,11.476
2026/04/29 15:44:21,161000,11.471
2026/04/29 15:44:21,162000,11.476
2026/04/29 15:44:21,163000,11.471
2026/04/29 15:44:21,164000,11.468
2026/04/29 15:44:21,165000,11.471
2026/04/29 15:44:21,166000,11.473
2026/04/29 15:44:21,167000,11.471
2026/04/29 15:44:21,168000,11.471
2026/04/29 15:44:21,169000,11.485
2026/04/29 15:44:21,170000,11.471
2026/04/29 15:44:21,171000,11.473
2026/04/29 15:44:21,172000,11.473
2026/04/29 15:44:21,173000,11.479
2026/04/29 15:44:21,174000,11.471
2026/04/29 15:44:21,175000,11.479
2026/04/29 15:44:21,176000,11.479
2026/04/29 15:44:21,177000,11.479
2026/04/29 15:44:21,178000,11.471
2026/04/29 15:44:21,179000,11.473
2026/04/29 15:44:21,180000,11.473
2026/04/29 15:44:21,181000,11.479
2026/04/29 15:44:21,182000,11.479
2026/04/29 15:44:21,183000,11.476
2026/04/29 15:44:21,184000,11.471
2026/04/29 15:44:21,185000,11.471
2026/04/29 15:44:21,186000,11.479
2026/04/29 15:44:21,187000,11.476
2026/04/29 15:44:21,188000,11.479
2026/04/29 15:44:21,189000,11.476
2026/04/29 15:44:21,190000,11.479
2026/04/29 15:44:21,191000,11.471
2026/04/29 15:44:21,192000,11.476
2026/04/29 15:44:21,193000,11.471
2026/04/29 15:44:21,194000,11.471
2026/04/29 15:44:21,195000,11.473
2026/04/29 15:44:21,196000,11.471
2026/04/29 15:44:21,197000,11.471
2026/04/29 15:44:21,198000,11.476
2026/04/29 15:44:21,199000,11.476
2026/04/29 15:44:21,200000,11.473
2026/04/29 15:44:21,201000,11.476
2026/04/29 15:44:21,202000,11.482
2026/04/29 15:44:21,203000,11.476
2026/04/29 15:44:21,204000,11.473
2026/04/29 15:44:21,205000,11.473
2026/04/29 15:44:21,206000,11.476
2026/04/29 15:44:21,207000,11.479
2026/04/29 15:44:21,208000,11.482
2026/04/29 15:44:21,209000,11.471
2026/04/29 15:44:21,210000,11.476
2026/04/29 15:44:21,211000,11.473
2026/04/29 15:44:21,212000,11.471
2026/04/29 15:44:21,213000,11.473
2026/04/29 15:44:21,214000,11.473
2026/04/29 15:44:21,215000,11.471
2026/04/29 15:44:21,216000,11.471
2026/04/29 15:44:21,217000,11.476
2026/04/29 15:44:21,218000,11.473
2026/04/29 15:44:21,219000,11.476
2026/04/29 15:44:21,220000,11.476
2026/04/29 15:44:21,221000,11.473
2026/04/29 15:44:21,222000,11.471
2026/04/29 15:44:21,223000,11.471
2026/04/29 15:44:21,224000,11.473
2026/04/29 15:44:21,225000,11.471
2026/04/29 15:44:21,226000,11.482
2026/04/29 15:44:21,227000,11.479
2026/04/29 15:44:21,228000,11.476
2026/04/29 15:44:21,229000,11.471
2026/04/29 15:44:21,230000,11.471
2026/04/29 15:44:21,231000,11.476
2026/04/29 15:44:21,232000,11.468
2026/04/29 15:44:21,233000,11.471
2026/04/29 15:44:21,234000,11.479
2026/04/29 15:44:21,235000,11.471
2026/04/29 15:44:21,236000,11.476
2026/04/29 15:44:21,237000,11.471
2026/04/29 15:44:21,238000,11.479
2026/04/29 15:44:21,239000,11.479
2026/04/29 15:44:21,240000,11.476
2026/04/29 15:44:21,241000,11.476
2026/04/29 15:44:21,242000,11.479
2026/04/29 15:44:21,243000,11.479
2026/04/29 15:44:21,244000,11.476
2026/04/29 15:44:21,245000,11.473
2026/04/29 15:44:21,246000,11.479
2026/04/29 15:44:21,247000,11.476
2026/04/29 15:44:21,248000,11.479
2026/04/29 15:44:21,249000,11.479
2026/04/29 15:44:21,250000,11.471
2026/04/29 15:44:21,251000,11.482
2026/04/29 15:44:21,252000,11.479
2026/04/29 15:44:21,253000,11.476
2026/04/29 15:44:21,254000,11.471
2026/04/29 15:44:21,255000,11.473
2026/04/29 15:44:21,256000,11.479
2026/04/29 15:44:21,257000,11.476
2026/04/29 15:44:21,258000,11.473
2026/04/29 15:44:21,259000,11.473
2026/04/29 15:44:21,260000,11.471
2026/04/29 15:44:21,261000,11.476
2026/04/29 15:44:21,262000,11.476
2026/04/29 15:44:21,263000,11.479
2026/04/29 15:44:21,264000,11.468
2026/04/29 15:44:21,265000,11.471
2026/04/29 15:44:21,266000,11.473
2026/04/29 15:44:21,267000,11.476
2026/04/29 15:44:21,268000,11.471
2026/04/29 15:44:21,269000,11.473
2026/04/29 15:44:21,270000,11.482
2026/04/29 15:44:21,271000,11.476
2026/04/29 15:44:21,272000,11.479
2026/04/29 15:44:21,273000,11.479
2026/04/29 15:44:21,274000,11.473
2026/04/29 15:44:21,275000,11.471
2026/04/29 15:44:21,276000,11.471
2026/04/29 15:44:21,277000,11.473
2026/04/29 15:44:21,278000,11.468
2026/04/29 15:44:21,279000,11.479
2026/04/29 15:44:21,280000,11.471
2026/04/29 15:44:21,281000,11.473
2026/04/29 15:44:21,282000,11.476
2026/04/29 15:44:21,283000,11.476
2026/04/29 15:44:21,284000,11.476
2026/04/29 15:44:21,285000,11.471
2026/04/29 15:44:21,286000,11.471
2026/04/29 15:44:21,287000,11.473
2026/04/29 15:44:21,288000,11.476
2026/04/29 15:44:21,289000,11.482
2026/04/29 15:44:21,290000,11.471
2026/04/29 15:44:21,291000,11.471
2026/04/29 15:44:21,292000,11.476
2026/04/29 15:44:21,293000,11.471
2026/04/29 15:44:21,294000,11.476
2026/04/29 15:44:21,295000,11.473
2026/04/29 15:44:21,296000,11.482
2026/04/29 15:44:21,297000,11.471
2026/04/29 15:44:21,298000,11.482
2026/04/29 15:44:21,299000,11.476
2026/04/29 15:44:21,300000,11.473
2026/04/29 15:44:21,301000,11.476
2026/04/29 15:44:21,302000,11.473
2026/04/29 15:44:21,303000,11.476
2026/04/29 15:44:21,304000,11.476
2026/04/29 15:44:21,305000,11.476
2026/04/29 15:44:21,306000,11.473
2026/04/29 15:44:21,307000,11.482
2026/04/29 15:44:21,308000,11.479
2026/04/29 15:44:21,309000,11.471
2026/04/29 15:44:21,310000,11.476
2026/04/29 15:44:21,311000,11.476
2026/04/29 15:44:21,312000,11.471
2026/04/29 15:44:21,313000,11.479
2026/04/29 15:44:21,314000,11.476
2026/04/29 15:44:21,315000,11.471
2026/04/29 15:44:21,316000,11.476
2026/04/29 15:44:21,317000,11.476
2026/04/29 15:44:21,318000,11.479
2026/04/29 15:44:21,319000,11.476
2026/04/29 15:44:21,320000,11.476
2026/04/29 15:44:21,321000,11.476
2026/04/29 15:44:21,322000,11.473
2026/04/29 15:44:21,323000,11.476
2026/04/29 15:44:21,324000,11.479
2026/04/29 15:44:21,325000,11.473
2026/04/29 15:44:21,326000,11.479
2026/04/29 15:44:21,327000,11.476
2026/04/29 15:44:21,328000,11.473
2026/04/29 15:44:21,329000,11.471
2026/04/29 15:44:21,330000,11.479
2026/04/29 15:44:21,331000,11.482
2026/04/29 15:44:21,332000,11.471
2026/04/29 15:44:21,333000,11.482
2026/04/29 15:44:21,334000,11.473
2026/04/29 15:44:21,335000,11.479
2026/04/29 15:44:21,336000,11.471
2026/04/29 15:44:21,337000,11.482
2026/04/29 15:44:21,338000,11.476
2026/04/29 15:44:21,339000,11.476
2026/04/29 15:44:21,340000,11.476
2026/04/29 15:44:21,341000,11.476
2026/04/29 15:44:21,342000,11.471
2026/04/29 15:44:21,343000,11.468
2026/04/29 15:44:21,344000,11.473
2026/04/29 15:44:21,345000,11.476
2026/04/29 15:44:21,346000,11.479
2026/04/29 15:44:21,347000,11.468
2026/04/29 15:44:21,348000,11.479
2026/04/29 15:44:21,349000,11.476
2026/04/29 15:44:21,350000,11.476
2026/04/29 15:44:21,351000,11.476
2026/04/29 15:44:21,352000,11.476
2026/04/29 15:44:21,353000,11.476
2026/04/29 15:44:21,354000,11.476
2026/04/29 15:44:21,355000,11.471
2026/04/29 15:44:21,356000,11.476
2026/04/29 15:44:21,357000,11.471
2026/04/29 15:44:21,358000,11.476
2026/04/29 15:44:21,359000,11.476
2026/04/29 15:44:21,360000,11.476
2026/04/29 15:44:21,361000,11.482
2026/04/29 15:44:21,362000,11.476
2026/04/29 15:44:21,363000,11.476
2026/04/29 15:44:21,364000,11.479
2026/04/29 15:44:21,365000,11.479
2026/04/29 15:44:21,366000,11.471
2026/04/29 15:44:21,367000,11.479
2026/04/29 15:44:21,368000,11.482
2026/04/29 15:44:21,369000,11.476
2026/04/29 15:44:21,370000,11.468
2026/04/29 15:44:21,371000,11.476
2026/04/29 15:44:21,372000,11.479
2026/04/29 15:44:21,373000,11.476
2026/04/29 15:44:21,374000,11.479
2026/04/29 15:44:21,375000,11.471
2026/04/29 15:44:21,376000,11.482
2026/04/29 15:44:21,377000,11.482
2026/04/29 15:44:21,378000,11.471
2026/04/29 15:44:21,379000,11.476
2026/04/29 15:44:21,380000,11.482
2026/04/29 15:44:21,381000,11.476
2026/04/29 15:44:21,382000,11.476
2026/04/29 15:44:21,383000,11.476
2026/04/29 15:44:21,384000,11.482
2026/04/29 15:44:21,385000,11.471
2026/04/29 15:44:21,386000,11.471
2026/04/29 15:44:21,387000,11.482
2026/04/29 15:44:21,388000,11.479
2026/04/29 15:44:21,389000,11.482
2026/04/29 15:44:21,390000,11.471
2026/04/29 15:44:21,391000,11.473
2026/04/29 15:44:21,392000,11.471
2026/04/29 15:44:21,393000,11.471
2026/04/29 15:44:21,394000,11.476
2026/04/29 15:44:21,395000,11.471
2026/04/29 15:44:21,396000,11.471
2026/04/29 15:44:21,397000,11.476
2026/04/29 15:44:21,398000,11.476
2026/04/29 15:44:21,399000,11.471
2026/04/29 15:44:21,400000,11.476
2026/04/29 15:44:21,401000,11.473
2026/04/29 15:44:21,402000,11.473
2026/04/29 15:44:21,403000,11.473
2026/04/29 15:44:21,404000,11.476
2026/04/29 15:44:21,405000,11.473
2026/04/29 15:44:21,406000,11.476
2026/04/29 15:44:21,407000,11.482
2026/04/29 15:44:21,408000,11.476
2026/04/29 15:44:21,409000,11.471
2026/04/29 15:44:21,410000,11.476
2026/04/29 15:44:21,411000,11.482
2026/04/29 15:44:21,412000,11.476
2026/04/29 15:44:21,413000,11.482
2026/04/29 15:44:21,414000,11.471
2026/04/29 15:44:21,415000,11.479
2026/04/29 15:44:21,416000,11.476
2026/04/29 15:44:21,417000,11.479
2026/04/29 15:44:21,418000,11.479
2026/04/29 15:44:21,419000,11.471
2026/04/29 15:44:21,420000,11.471
2026/04/29 15:44:21,421000,11.473
2026/04/29 15:44:21,422000,11.473
2026/04/29 15:44:21,423000,11.476
2026/04/29 15:44:21,424000,11.479
2026/04/29 15:44:21,425000,11.476
2026/04/29 15:44:21,426000,11.479
2026/04/29 15:44:21,427000,11.476
2026/04/29 15:44:21,428000,11.476
2026/04/29 15:44:21,429000,11.473
2026/04/29 15:44:21,430000,11.476
2026/04/29 15:44:21,431000,11.471
2026/04/29 15:44:21,432000,11.473
2026/04/29 15:44:21,433000,11.473
2026/04/29 15:44:21,434000,11.476
2026/04/29 15:44:21,435000,11.471
2026/04/29 15:44:21,436000,11.468
2026/04/29 15:44:21,437000,11.479
2026/04/29 15:44:21,438000,11.479
2026/04/29 15:44:21,439000,11.471
2026/04/29 15:44:21,440000,11.479
2026/04/29 15:44:21,441000,11.476
2026/04/29 15:44:21,442000,11.482
2026/04/29 15:44:21,443000,11.479
2026/04/29 15:44:21,444000,11.482
2026/04/29 15:44:21,445000,11.471
2026/04/29 15:44:21,446000,11.476
2026/04/29 15:44:21,447000,11.476
2026/04/29 15:44:21,448000,11.476
2026/04/29 15:44:21,449000,11.471
2026/04/29 15:44:21,450000,11.476
2026/04/29 15:44:21,451000,11.471
2026/04/29 15:44:21,452000,11.479
2026/04/29 15:44:21,453000,11.471
2026/04/29 15:44:21,454000,11.471
2026/04/29 15:44:21,455000,11.476
2026/04/29 15:44:21,456000,11.471
2026/04/29 15:44:21,457000,11.471
2026/04/29 15:44:21,458000,11.471
2026/04/29 15:44:21,459000,11.487
2026/04/29 15:44:21,460000,11.479
2026/04/29 15:44:21,461000,11.473
2026/04/29 15:44:21,462000,11.476
2026/04/29 15:44:21,463000,11.476
2026/04/29 15:44:21,464000,11.476
2026/04/29 15:44:21,465000,11.471
2026/04/29 15:44:21,466000,11.476
2026/04/29 15:44:21,467000,11.471
2026/04/29 15:44:21,468000,11.471
2026/04/29 15:44:21,469000,11.476
2026/04/29 15:44:21,470000,11.476
2026/04/29 15:44:21,471000,11.473
2026/04/29 15:44:21,472000,11.471
2026/04/29 15:44:21,473000,11.476
2026/04/29 15:44:21,474000,11.479
2026/04/29 15:44:21,475000,11.479
2026/04/29 15:44:21,476000,11.471
2026/04/29 15:44:21,477000,11.479
2026/04/29 15:44:21,478000,11.471
2026/04/29 15:44:21,479000,11.476
2026/04/29 15:44:21,480000,11.479
2026/04/29 15:44:21,481000,11.471
2026/04/29 15:44:21,482000,11.476
2026/04/29 15:44:21,483000,11.479
2026/04/29 15:44:21,484000,11.482
2026/04/29 15:44:21,485000,11.473
2026/04/29 15:44:21,486000,11.471
2026/04/29 15:44:21,487000,11.468
2026/04/29 15:44:21,488000,11.479
2026/04/29 15:44:21,489000,11.471
2026/04/29 15:44:21,490000,11.473
2026/04/29 15:44:21,491000,11.473
2026/04/29 15:44:21,492000,11.462
2026/04/29 15:44:21,493000,11.476
2026/04/29 15:44:21,494000,11.476
2026/04/29 15:44:21,495000,11.473
2026/04/29 15:44:21,496000,11.479
2026/04/29 15:44:21,497000,11.471
2026/04/29 15:44:21,498000,11.476
2026/04/29 15:44:21,499000,11.471
2026/04/29 15:44:21,500000,11.473
2026/04/29 15:44:21,501000,11.471
2026/04/29 15:44:21,502000,11.476
2026/04/29 15:44:21,503000,11.471
2026/04/29 15:44:21,504000,11.473
2026/04/29 15:44:21,505000,11.471
2026/04/29 15:44:21,506000,11.482
2026/04/29 15:44:21,507000,11.482
2026/04/29 15:44:21,508000,11.482
2026/04/29 15:44:21,509000,11.476
2026/04/29 15:44:21,510000,11.476
2026/04/29 15:44:21,511000,11.479
2026/04/29 15:44:21,512000,11.473
2026/04/29 15:44:21,513000,11.471
2026/04/29 15:44:21,514000,11.482
2026/04/29 15:44:21,515000,11.476
2026/04/29 15:44:21,516000,11.471
2026/04/29 15:44:21,517000,11.476
2026/04/29 15:44:21,518000,11.476
2026/04/29 15:44:21,519000,11.473
2026/04/29 15:44:21,520000,11.479
2026/04/29 15:44:21,521000,11.471
2026/04/29 15:44:21,522000,11.471
2026/04/29 15:44:21,523000,11.476
2026/04/29 15:44:21,524000,11.476
2026/04/29 15:44:21,525000,11.479
2026/04/29 15:44:21,526000,11.471
2026/04/29 15:44:21,527000,11.482
2026/04/29 15:44:21,528000,11.476
2026/04/29 15:44:21,529000,11.479
2026/04/29 15:44:21,530000,11.471
2026/04/29 15:44:21,531000,11.479
2026/04/29 15:44:21,532000,11.476
2026/04/29 15:44:21,533000,11.465
2026/04/29 15:44:21,534000,11.476
2026/04/29 15:44:21,535000,11.476
2026/04/29 15:44:21,536000,11.476
2026/04/29 15:44:21,537000,11.476
2026/04/29 15:44:21,538000,11.471
2026/04/29 15:44:21,539000,11.476
2026/04/29 15:44:21,540000,11.476
2026/04/29 15:44:21,541000,11.485
2026/04/29 15:44:21,542000,11.476
2026/04/29 15:44:21,543000,11.471
2026/04/29 15:44:21,544000,11.476
2026/04/29 15:44:21,545000,11.476
2026/04/29 15:44:21,546000,11.471
2026/04/29 15:44:21,547000,11.476
2026/04/29 15:44:21,548000,11.476
2026/04/29 15:44:21,549000,11.471
2026/04/29 15:44:21,550000,11.479
2026/04/29 15:44:21,551000,11.473
2026/04/29 15:44:21,552000,11.473
2026/04/29 15:44:21,553000,11.479
2026/04/29 15:44:21,554000,11.473
2026/04/29 15:44:21,555000,11.476
2026/04/29 15:44:21,556000,11.471
2026/04/29 15:44:21,557000,11.471
2026/04/29 15:44:21,558000,11.479
2026/04/29 15:44:21,559000,11.473
2026/04/29 15:44:21,560000,11.471
2026/04/29 15:44:21,561000,11.471
2026/04/29 15:44:21,562000,11.476
2026/04/29 15:44:21,563000,11.471
2026/04/29 15:44:21,564000,11.471
2026/04/29 15:44:21,565000,11.471
2026/04/29 15:44:21,566000,11.471
2026/04/29 15:44:21,567000,11.471
2026/04/29 15:44:21,568000,11.465
2026/04/29 15:44:21,569000,11.471
2026/04/29 15:44:21,570000,11.479
2026/04/29 15:44:21,571000,11.479
2026/04/29 15:44:21,572000,11.476
2026/04/29 15:44:21,573000,11.473
2026/04/29 15:44:21,574000,11.476
2026/04/29 15:44:21,575000,11.476
2026/04/29 15:44:21,576000,11.479
2026/04/29 15:44:21,577000,11.471
2026/04/29 15:44:21,578000,11.476
2026/04/29 15:44:21,579000,11.471
2026/04/29 15:44:21,580000,11.476
2026/04/29 15:44:21,581000,11.468
2026/04/29 15:44:21,582000,11.479
2026/04/29 15:44:21,583000,11.476
2026/04/29 15:44:21,584000,11.471
2026/04/29 15:44:21,585000,11.479
2026/04/29 15:44:21,586000,11.465
2026/04/29 15:44:21,587000,11.471
2026/04/29 15:44:21,588000,11.476
2026/04/29 15:44:21,589000,11.479
2026/04/29 15:44:21,590000,11.471
2026/04/29 15:44:21,591000,11.471
2026/04/29 15:44:21,592000,11.473
2026/04/29 15:44:21,593000,11.479
2026/04/29 15:44:21,594000,11.473
2026/04/29 15:44:21,595000,11.476
2026/04/29 15:44:21,596000,11.471
2026/04/29 15:44:21,597000,11.471
2026/04/29 15:44:21,598000,11.476
2026/04/29 15:44:21,599000,11.479
2026/04/29 15:44:21,600000,11.471
2026/04/29 15:44:21,601000,11.468
2026/04/29 15:44:21,602000,11.479
2026/04/29 15:44:21,603000,11.468
2026/04/29 15:44:21,604000,11.476
2026/04/29 15:44:21,605000,11.479
2026/04/29 15:44:21,606000,11.473
2026/04/29 15:44:21,607000,11.476
2026/04/29 15:44:21,608000,11.476
2026/04/29 15:44:21,609000,11.471
2026/04/29 15:44:21,610000,11.476
2026/04/29 15:44:21,611000,11.476
2026/04/29 15:44:21,612000,11.476
2026/04/29 15:44:21,613000,11.471
2026/04/29 15:44:21,614000,11.473
2026/04/29 15:44:21,615000,11.471
2026/04/29 15:44:21,616000,11.471
2026/04/29 15:44:21,617000,11.471
2026/04/29 15:44:21,618000,11.468
2026/04/29 15:44:21,619000,11.473
2026/04/29 15:44:21,620000,11.476
2026/04/29 15:44:21,621000,11.471
2026/04/29 15:44:21,622000,11.476
2026/04/29 15:44:21,623000,11.471
2026/04/29 15:44:21,624000,11.471
2026/04/29 15:44:21,625000,11.471
2026/04/29 15:44:21,626000,11.471
2026/04/29 15:44:21,627000,11.471
2026/04/29 15:44:21,628000,11.468
2026/04/29 15:44:21,629000,11.468
2026/04/29 15:44:21,630000,11.471
2026/04/29 15:44:21,631000,11.482
2026/04/29 15:44:21,632000,11.468
2026/04/29 15:44:21,633000,11.471
2026/04/29 15:44:21,634000,11.479
2026/04/29 15:44:21,635000,11.471
2026/04/29 15:44:21,636000,11.471
2026/04/29 15:44:21,637000,11.476
2026/04/29 15:44:21,638000,11.476
2026/04/29 15:44:21,639000,11.473
2026/04/29 15:44:21,640000,11.479
2026/04/29 15:44:21,641000,11.468
2026/04/29 15:44:21,642000,11.476
2026/04/29 15:44:21,643000,11.471
2026/04/29 15:44:21,644000,11.479
2026/04/29 15:44:21,645000,11.473
2026/04/29 15:44:21,646000,11.471
2026/04/29 15:44:21,647000,11.471
2026/04/29 15:44:21,648000,11.473
2026/04/29 15:44:21,649000,11.471
2026/04/29 15:44:21,650000,11.479
2026/04/29 15:44:21,651000,11.476
2026/04/29 15:44:21,652000,11.471
2026/04/29 15:44:21,653000,11.471
2026/04/29 15:44:21,654000,11.471
2026/04/29 15:44:21,655000,11.482
2026/04/29 15:44:21,656000,11.476
2026/04/29 15:44:21,657000,11.471
2026/04/29 15:44:21,658000,11.476
2026/04/29 15:44:21,659000,11.473
2026/04/29 15:44:21,660000,11.471
2026/04/29 15:44:21,661000,11.473
2026/04/29 15:44:21,662000,11.476
2026/04/29 15:44:21,663000,11.476
2026/04/29 15:44:21,664000,11.471
2026/04/29 15:44:21,665000,11.471
2026/04/29 15:44:21,666000,11.471
2026/04/29 15:44:21,667000,11.468
2026/04/29 15:44:21,668000,11.479
2026/04/29 15:44:21,669000,11.476
2026/04/29 15:44:21,670000,11.476
2026/04/29 15:44:21,671000,11.479
2026/04/29 15:44:21,672000,11.476
2026/04/29 15:44:21,673000,11.476
2026/04/29 15:44:21,674000,11.476
2026/04/29 15:44:21,675000,11.471
2026/04/29 15:44:21,676000,11.471
2026/04/29 15:44:21,677000,11.473
2026/04/29 15:44:21,678000,11.473
2026/04/29 15:44:21,679000,11.471
2026/04/29 15:44:21,680000,11.471
2026/04/29 15:44:21,681000,11.479
2026/04/29 15:44:21,682000,11.471
2026/04/29 15:44:21,683000,11.471
2026/04/29 15:44:21,684000,11.471
2026/04/29 15:44:21,685000,11.473
2026/04/29 15:44:21,686000,11.471
2026/04/29 15:44:21,687000,11.476
2026/04/29 15:44:21,688000,11.468
2026/04/29 15:44:21,689000,11.471
2026/04/29 15:44:21,690000,11.468
2026/04/29 15:44:21,691000,11.479
2026/04/29 15:44:21,692000,11.473
2026/04/29 15:44:21,693000,11.479
2026/04/29 15:44:21,694000,11.476
2026/04/29 15:44:21,695000,11.471
2026/04/29 15:44:21,696000,11.485
2026/04/29 15:44:21,697000,11.471
2026/04/29 15:44:21,698000,11.476
2026/04/29 15:44:21,699000,11.468
2026/04/29 15:44:21,700000,11.471
2026/04/29 15:44:21,701000,11.471
2026/04/29 15:44:21,702000,11.473
2026/04/29 15:44:21,703000,11.479
2026/04/29 15:44:21,704000,11.471
2026/04/29 15:44:21,705000,11.479
2026/04/29 15:44:21,706000,11.468
2026/04/29 15:44:21,707000,11.471
2026/04/29 15:44:21,708000,11.471
2026/04/29 15:44:21,709000,11.471
2026/04/29 15:44:21,710000,11.479
2026/04/29 15:44:21,711000,11.482
2026/04/29 15:44:21,712000,11.476
2026/04/29 15:44:21,713000,11.471
2026/04/29 15:44:21,714000,11.471
2026/04/29 15:44:21,715000,11.476
2026/04/29 15:44:21,716000,11.471
2026/04/29 15:44:21,717000,11.471
2026/04/29 15:44:21,718000,11.471
2026/04/29 15:44:21,719000,11.471
2026/04/29 15:44:21,720000,11.476
2026/04/29 15:44:21,721000,11.473
2026/04/29 15:44:21,722000,11.473
2026/04/29 15:44:21,723000,11.479
2026/04/29 15:44:21,724000,11.471
2026/04/29 15:44:21,725000,11.473
2026/04/29 15:44:21,726000,11.471
2026/04/29 15:44:21,727000,11.471
2026/04/29 15:44:21,728000,11.479
2026/04/29 15:44:21,729000,11.471
2026/04/29 15:44:21,730000,11.479
2026/04/29 15:44:21,731000,11.473
2026/04/29 15:44:21,732000,11.468
2026/04/29 15:44:21,733000,11.471
2026/04/29 15:44:21,734000,11.471
2026/04/29 15:44:21,735000,11.482
2026/04/29 15:44:21,736000,11.473
2026/04/29 15:44:21,737000,11.471
2026/04/29 15:44:21,738000,11.476
2026/04/29 15:44:21,739000,11.473
2026/04/29 15:44:21,740000,11.471
2026/04/29 15:44:21,741000,11.476
2026/04/29 15:44:21,742000,11.473
2026/04/29 15:44:21,743000,11.476
2026/04/29 15:44:21,744000,11.471
2026/04/29 15:44:21,745000,11.476
2026/04/29 15:44:21,746000,11.479
2026/04/29 15:44:21,747000,11.476
2026/04/29 15:44:21,748000,11.479
2026/04/29 15:44:21,749000,11.473
2026/04/29 15:44:21,750000,11.473
2026/04/29 15:44:21,751000,11.479
2026/04/29 15:44:21,752000,11.473
2026/04/29 15:44:21,753000,11.471
2026/04/29 15:44:21,754000,11.471
2026/04/29 15:44:21,755000,11.476
2026/04/29 15:44:21,756000,11.471
2026/04/29 15:44:21,757000,11.476
2026/04/29 15:44:21,758000,11.482
2026/04/29 15:44:21,759000,11.479
2026/04/29 15:44:21,760000,11.476
2026/04/29 15:44:21,761000,11.476
2026/04/29 15:44:21,762000,11.471
2026/04/29 15:44:21,763000,11.479
2026/04/29 15:44:21,764000,11.471
2026/04/29 15:44:21,765000,11.476
2026/04/29 15:44:21,766000,11.471
2026/04/29 15:44:21,767000,11.476
2026/04/29 15:44:21,768000,11.479
2026/04/29 15:44:21,769000,11.476
2026/04/29 15:44:21,770000,11.471
2026/04/29 15:44:21,771000,11.471
2026/04/29 15:44:21,772000,11.482
2026/04/29 15:44:21,773000,11.471
2026/04/29 15:44:21,774000,11.473
2026/04/29 15:44:21,775000,11.471
2026/04/29 15:44:21,776000,11.471
2026/04/29 15:44:21,777000,11.479
2026/04/29 15:44:21,778000,11.465
2026/04/29 15:44:21,779000,11.471
2026/04/29 15:44:21,780000,11.482
2026/04/29 15:44:21,781000,11.479
2026/04/29 15:44:21,782000,11.471
2026/04/29 15:44:21,783000,11.476
2026/04/29 15:44:21,784000,11.471
2026/04/29 15:44:21,785000,11.471
2026/04/29 15:44:21,786000,11.476
2026/04/29 15:44:21,787000,11.471
2026/04/29 15:44:21,788000,11.476
2026/04/29 15:44:21,789000,11.485
2026/04/29 15:44:21,790000,11.473
2026/04/29 15:44:21,791000,11.473
2026/04/29 15:44:21,792000,11.487
2026/04/29 15:44:21,793000,11.476
2026/04/29 15:44:21,794000,11.476
2026/04/29 15:44:21,795000,11.476
2026/04/29 15:44:21,796000,11.476
2026/04/29 15:44:21,797000,11.471
2026/04/29 15:44:21,798000,11.471
2026/04/29 15:44:21,799000,11.471
2026/04/29 15:44:21,800000,11.479
2026/04/29 15:44:21,801000,11.476
2026/04/29 15:44:21,802000,11.471
2026/04/29 15:44:21,803000,11.476
2026/04/29 15:44:21,804000,11.473
2026/04/29 15:44:21,805000,11.471
2026/04/29 15:44:21,806000,11.479
2026/04/29 15:44:21,807000,11.476
2026/04/29 15:44:21,808000,11.473
2026/04/29 15:44:21,809000,11.476
2026/04/29 15:44:21,810000,11.479
2026/04/29 15:44:21,811000,11.479
2026/04/29 15:44:21,812000,11.479
2026/04/29 15:44:21,813000,11.476
2026/04/29 15:44:21,814000,11.473
2026/04/29 15:44:21,815000,11.476
2026/04/29 15:44:21,816000,11.476
2026/04/29 15:44:21,817000,11.471
2026/04/29 15:44:21,818000,11.473
2026/04/29 15:44:21,819000,11.471
2026/04/29 15:44:21,820000,11.471
2026/04/29 15:44:21,821000,11.473
2026/04/29 15:44:21,822000,11.471
2026/04/29 15:44:21,823000,11.479
2026/04/29 15:44:21,824000,11.476
2026/04/29 15:44:21,825000,11.476
2026/04/29 15:44:21,826000,11.482
2026/04/29 15:44:21,827000,11.482
2026/04/29 15:44:21,828000,11.473
2026/04/29 15:44:21,829000,11.479
2026/04/29 15:44:21,830000,11.473
2026/04/29 15:44:21,831000,11.479
2026/04/29 15:44:21,832000,11.476
2026/04/29 15:44:21,833000,11.482
2026/04/29 15:44:21,834000,11.476
2026/04/29 15:44:21,835000,11.476
2026/04/29 15:44:21,836000,11.476
2026/04/29 15:44:21,837000,11.485
2026/04/29 15:44:21,838000,11.476
2026/04/29 15:44:21,839000,11.476
2026/04/29 15:44:21,840000,11.476
2026/04/29 15:44:21,841000,11.482
2026/04/29 15:44:21,842000,11.476
2026/04/29 15:44:21,843000,11.468
2026/04/29 15:44:21,844000,11.476
2026/04/29 15:44:21,845000,11.482
2026/04/29 15:44:21,846000,11.476
2026/04/29 15:44:21,847000,11.479
2026/04/29 15:44:21,848000,11.476
2026/04/29 15:44:21,849000,11.471
2026/04/29 15:44:21,850000,11.471
2026/04/29 15:44:21,851000,11.471
2026/04/29 15:44:21,852000,11.471
2026/04/29 15:44:21,853000,11.479
2026/04/29 15:44:21,854000,11.476
2026/04/29 15:44:21,855000,11.479
2026/04/29 15:44:21,856000,11.476
2026/04/29 15:44:21,857000,11.479
2026/04/29 15:44:21,858000,11.476
2026/04/29 15:44:21,859000,11.479
2026/04/29 15:44:21,860000,11.473
2026/04/29 15:44:21,861000,11.476
2026/04/29 15:44:21,862000,11.476
2026/04/29 15:44:21,863000,11.473
2026/04/29 15:44:21,864000,11.479
2026/04/29 15:44:21,865000,11.479
2026/04/29 15:44:21,866000,11.479
2026/04/29 15:44:21,867000,11.479
2026/04/29 15:44:21,868000,11.479
2026/04/29 15:44:21,869000,11.479
2026/04/29 15:44:21,870000,11.471
2026/04/29 15:44:21,871000,11.471
2026/04/29 15:44:21,872000,11.476
2026/04/29 15:44:21,873000,11.473
2026/04/29 15:44:21,874000,11.471
2026/04/29 15:44:21,875000,11.471
2026/04/29 15:44:21,876000,11.473
2026/04/29 15:44:21,877000,11.476
2026/04/29 15:44:21,878000,11.476
2026/04/29 15:44:21,879000,11.473
2026/04/29 15:44:21,880000,11.476
2026/04/29 15:44:21,881000,11.479
2026/04/29 15:44:21,882000,11.473
2026/04/29 15:44:21,883000,11.471
2026/04/29 15:44:21,884000,11.476
2026/04/29 15:44:21,885000,11.479
2026/04/29 15:44:21,886000,11.479
2026/04/29 15:44:21,887000,11.473
2026/04/29 15:44:21,888000,11.476
2026/04/29 15:44:21,889000,11.476
2026/04/29 15:44:21,890000,11.479
2026/04/29 15:44:21,891000,11.471
2026/04/29 15:44:21,892000,11.479
2026/04/29 15:44:21,893000,11.476
2026/04/29 15:44:21,894000,11.476
2026/04/29 15:44:21,895000,11.471
2026/04/29 15:44:21,896000,11.482
2026/04/29 15:44:21,897000,11.476
2026/04/29 15:44:21,898000,11.479
2026/04/29 15:44:21,899000,11.476
2026/04/29 15:44:21,900000,11.485
2026/04/29 15:44:21,901000,11.479
2026/04/29 15:44:21,902000,11.476
2026/04/29 15:44:21,903000,11.479
2026/04/29 15:44:21,904000,11.482
2026/04/29 15:44:21,905000,11.479
2026/04/29 15:44:21,906000,11.471
2026/04/29 15:44:21,907000,11.473
2026/04/29 15:44:21,908000,11.476
2026/04/29 15:44:21,909000,11.471
2026/04/29 15:44:21,910000,11.476
2026/04/29 15:44:21,911000,11.476
2026/04/29 15:44:21,912000,11.471
2026/04/29 15:44:21,913000,11.473
2026/04/29 15:44:21,914000,11.479
2026/04/29 15:44:21,915000,11.471
2026/04/29 15:44:21,916000,11.471
2026/04/29 15:44:21,917000,11.479
2026/04/29 15:44:21,918000,11.482
2026/04/29 15:44:21,919000,11.476
2026/04/29 15:44:21,920000,11.479
2026/04/29 15:44:21,921000,11.479
2026/04/29 15:44:21,922000,11.473
2026/04/29 15:44:21,923000,11.476
2026/04/29 15:44:21,924000,11.479
2026/04/29 15:44:21,925000,11.479
2026/04/29 15:44:21,926000,11.471
2026/04/29 15:44:21,927000,11.479
2026/04/29 15:44:21,928000,11.476
2026/04/29 15:44:21,929000,11.476
2026/04/29 15:44:21,930000,11.476
2026/04/29 15:44:21,931000,11.471
2026/04/29 15:44:21,932000,11.476
2026/04/29 15:44:21,933000,11.482
2026/04/29 15:44:21,934000,11.479
2026/04/29 15:44:21,935000,11.476
2026/04/29 15:44:21,936000,11.482
2026/04/29 15:44:21,937000,11.476
2026/04/29 15:44:21,938000,11.482
2026/04/29 15:44:21,939000,11.476
2026/04/29 15:44:21,940000,11.473
2026/04/29 15:44:21,941000,11.471
2026/04/29 15:44:21,942000,11.476
2026/04/29 15:44:21,943000,11.479
2026/04/29 15:44:21,944000,11.471
2026/04/29 15:44:21,945000,11.471
2026/04/29 15:44:21,946000,11.471
2026/04/29 15:44:21,947000,11.476
2026/04/29 15:44:21,948000,11.476
2026/04/29 15:44:21,949000,11.471
2026/04/29 15:44:21,950000,11.479
2026/04/29 15:44:21,951000,11.471
2026/04/29 15:44:21,952000,11.479
2026/04/29 15:44:21,953000,11.479
2026/04/29 15:44:21,954000,11.476
2026/04/29 15:44:21,955000,11.476
2026/04/29 15:44:21,956000,11.476
2026/04/29 15:44:21,957000,11.471
2026/04/29 15:44:21,958000,11.468
2026/04/29 15:44:21,959000,11.479
2026/04/29 15:44:21,960000,11.479
2026/04/29 15:44:21,961000,11.476
2026/04/29 15:44:21,962000,11.471
2026/04/29 15:44:21,963000,11.482
2026/04/29 15:44:21,964000,11.476
2026/04/29 15:44:21,965000,11.482
2026/04/29 15:44:21,966000,11.476
2026/04/29 15:44:21,967000,11.479
2026/04/29 15:44:21,968000,11.471
2026/04/29 15:44:21,969000,11.482
2026/04/29 15:44:21,970000,11.473
2026/04/29 15:44:21,971000,11.479
2026/04/29 15:44:21,972000,11.479
2026/04/29 15:44:21,973000,11.476
2026/04/29 15:44:21,974000,11.471
2026/04/29 15:44:21,975000,11.479
2026/04/29 15:44:21,976000,11.479
2026/04/29 15:44:21,977000,11.476
2026/04/29 15:44:21,978000,11.473
2026/04/29 15:44:21,979000,11.476
2026/04/29 15:44:21,980000,11.476
2026/04/29 15:44:21,981000,11.473
2026/04/29 15:44:21,982000,11.476
2026/04/29 15:44:21,983000,11.471
2026/04/29 15:44:21,984000,11.473
2026/04/29 15:44:21,985000,11.479
2026/04/29 15:44:21,986000,11.479
2026/04/29 15:44:21,987000,11.482
2026/04/29 15:44:21,988000,11.482
2026/04/29 15:44:21,989000,11.479
2026/04/29 15:44:21,990000,11.476
2026/04/29 15:44:21,991000,11.468
2026/04/29 15:44:21,992000,11.479
2026/04/29 15:44:21,993000,11.479
2026/04/29 15:44:21,994000,11.479
2026/04/29 15:44:21,995000,11.479
2026/04/29 15:44:21,996000,11.479
2026/04/29 15:44:21,997000,11.479
2026/04/29 15:44:21,998000,11.479
2026/04/29 15:44:21,999000,11.471
2026/04/29 15:44:22,000000,11.476
2026/04/29 15:44:22,001000,11.479
2026/04/29 15:44:22,002000,11.476
2026/04/29 15:44:22,003000,11.476
2026/04/29 15:44:22,004000,11.482
2026/04/29 15:44:22,005000,11.482
2026/04/29 15:44:22,006000,11.473
2026/04/29 15:44:22,007000,11.471
2026/04/29 15:44:22,008000,11.476
2026/04/29 15:44:22,009000,11.471
2026/04/29 15:44:22,010000,11.479
2026/04/29 15:44:22,011000,11.482
2026/04/29 15:44:22,012000,11.471
2026/04/29 15:44:22,013000,11.476
2026/04/29 15:44:22,014000,11.471
2026/04/29 15:44:22,015000,11.476
2026/04/29 15:44:22,016000,11.471
2026/04/29 15:44:22,017000,11.471
2026/04/29 15:44:22,018000,11.476
2026/04/29 15:44:22,019000,11.479
2026/04/29 15:44:22,020000,11.479
2026/04/29 15:44:22,021000,11.479
2026/04/29 15:44:22,022000,11.479
2026/04/29 15:44:22,023000,11.471
2026/04/29 15:44:22,024000,11.473
2026/04/29 15:44:22,025000,11.476
2026/04/29 15:44:22,026000,11.479
2026/04/29 15:44:22,027000,11.471
2026/04/29 15:44:22,028000,11.482
2026/04/29 15:44:22,029000,11.473
2026/04/29 15:44:22,030000,11.476
2026/04/29 15:44:22,031000,11.479
2026/04/29 15:44:22,032000,11.471
2026/04/29 15:44:22,033000,11.471
2026/04/29 15:44:22,034000,11.479
2026/04/29 15:44:22,035000,11.473
2026/04/29 15:44:22,036000,11.476
2026/04/29 15:44:22,037000,11.471
2026/04/29 15:44:22,038000,11.476
2026/04/29 15:44:22,039000,11.476
2026/04/29 15:44:22,040000,11.476
2026/04/29 15:44:22,041000,11.476
2026/04/29 15:44:22,042000,11.471
2026/04/29 15:44:22,043000,11.479
2026/04/29 15:44:22,044000,11.476
2026/04/29 15:44:22,045000,11.476
2026/04/29 15:44:22,046000,11.471
2026/04/29 15:44:22,047000,11.471
2026/04/29 15:44:22,048000,11.479
2026/04/29 15:44:22,049000,11.476
2026/04/29 15:44:22,050000,11.476
2026/04/29 15:44:22,051000,11.479
2026/04/29 15:44:22,052000,11.471
2026/04/29 15:44:22,053000,11.471
2026/04/29 15:44:22,054000,11.479
2026/04/29 15:44:22,055000,11.482
2026/04/29 15:44:22,056000,11.476
2026/04/29 15:44:22,057000,11.471
2026/04/29 15:44:22,058000,11.473
2026/04/29 15:44:22,059000,11.473
2026/04/29 15:44:22,060000,11.471
2026/04/29 15:44:22,061000,11.479
2026/04/29 15:44:22,062000,11.476
2026/04/29 15:44:22,063000,11.471
2026/04/29 15:44:22,064000,11.471
2026/04/29 15:44:22,065000,11.471
2026/04/29 15:44:22,066000,11.471
2026/04/29 15:44:22,067000,11.471
2026/04/29 15:44:22,068000,11.473
2026/04/29 15:44:22,069000,11.476
2026/04/29 15:44:22,070000,11.479
2026/04/29 15:44:22,071000,11.471
2026/04/29 15:44:22,072000,11.476
2026/04/29 15:44:22,073000,11.476
2026/04/29 15:44:22,074000,11.479
2026/04/29 15:44:22,075000,11.479
2026/04/29 15:44:22,076000,11.482
2026/04/29 15:44:22,077000,11.479
2026/04/29 15:44:22,078000,11.476
2026/04/29 15:44:22,079000,11.476
2026/04/29 15:44:22,080000,11.476
2026/04/29 15:44:22,081000,11.476
2026/04/29 15:44:22,082000,11.479
2026/04/29 15:44:22,083000,11.473
2026/04/29 15:44:22,084000,11.479
2026/04/29 15:44:22,085000,11.476
2026/04/29 15:44:22,086000,11.471
2026/04/29 15:44:22,087000,11.482
2026/04/29 15:44:22,088000,11.473
2026/04/29 15:44:22,089000,11.471
2026/04/29 15:44:22,090000,11.479
2026/04/29 15:44:22,091000,11.482
2026/04/29 15:44:22,092000,11.479
2026/04/29 15:44:22,093000,11.476
2026/04/29 15:44:22,094000,11.476
2026/04/29 15:44:22,095000,11.479
2026/04/29 15:44:22,096000,11.479
2026/04/29 15:44:22,097000,11.476
2026/04/29 15:44:22,098000,11.471
2026/04/29 15:44:22,099000,11.473
2026/04/29 15:44:22,100000,11.479
2026/04/29 15:44:22,101000,11.476
2026/04/29 15:44:22,102000,11.473
2026/04/29 15:44:22,103000,11.479
2026/04/29 15:44:22,104000,11.479
2026/04/29 15:44:22,105000,11.476
2026/04/29 15:44:22,106000,11.471
2026/04/29 15:44:22,107000,11.471
2026/04/29 15:44:22,108000,11.479
2026/04/29 15:44:22,109000,11.476
2026/04/29 15:44:22,110000,11.476
2026/04/29 15:44:22,111000,11.471
2026/04/29 15:44:22,112000,11.479
2026/04/29 15:44:22,113000,11.482
2026/04/29 15:44:22,114000,11.479
2026/04/29 15:44:22,115000,11.473
2026/04/29 15:44:22,116000,11.471
2026/04/29 15:44:22,117000,11.471
2026/04/29 15:44:22,118000,11.471
2026/04/29 15:44:22,119000,11.473
2026/04/29 15:44:22,120000,11.479
2026/04/29 15:44:22,121000,11.476
2026/04/29 15:44:22,122000,11.476
2026/04/29 15:44:22,123000,11.479
2026/04/29 15:44:22,124000,11.482
2026/04/29 15:44:22,125000,11.479
2026/04/29 15:44:22,126000,11.476
2026/04/29 15:44:22,127000,11.479
2026/04/29 15:44:22,128000,11.473
2026/04/29 15:44:22,129000,11.476
2026/04/29 15:44:22,130000,11.471
2026/04/29 15:44:22,131000,11.479
2026/04/29 15:44:22,132000,11.476
2026/04/29 15:44:22,133000,11.482
2026/04/29 15:44:22,134000,11.473
2026/04/29 15:44:22,135000,11.476
2026/04/29 15:44:22,136000,11.482
2026/04/29 15:44:22,137000,11.476
2026/04/29 15:44:22,138000,11.482
2026/04/29 15:44:22,139000,11.476
2026/04/29 15:44:22,140000,11.476
2026/04/29 15:44:22,141000,11.471
2026/04/29 15:44:22,142000,11.479
2026/04/29 15:44:22,143000,11.471
2026/04/29 15:44:22,144000,11.479
2026/04/29 15:44:22,145000,11.476
2026/04/29 15:44:22,146000,11.471
2026/04/29 15:44:22,147000,11.471
2026/04/29 15:44:22,148000,11.471
2026/04/29 15:44:22,149000,11.471
2026/04/29 15:44:22,150000,11.476
2026/04/29 15:44:22,151000,11.482
2026/04/29 15:44:22,152000,11.471
2026/04/29 15:44:22,153000,11.473
2026/04/29 15:44:22,154000,11.473
2026/04/29 15:44:22,155000,11.476
2026/04/29 15:44:22,156000,11.471
2026/04/29 15:44:22,157000,11.476
2026/04/29 15:44:22,158000,11.471
2026/04/29 15:44:22,159000,11.479
2026/04/29 15:44:22,160000,11.471
2026/04/29 15:44:22,161000,11.476
2026/04/29 15:44:22,162000,11.471
2026/04/29 15:44:22,163000,11.479
2026/04/29 15:44:22,164000,11.479
2026/04/29 15:44:22,165000,11.471
2026/04/29 15:44:22,166000,11.471
2026/04/29 15:44:22,167000,11.482
2026/04/29 15:44:22,168000,11.471
2026/04/29 15:44:22,169000,11.476
2026/04/29 15:44:22,170000,11.476
2026/04/29 15:44:22,171000,11.473
2026/04/29 15:44:22,172000,11.479
2026/04/29 15:44:22,173000,11.473
2026/04/29 15:44:22,174000,11.468
2026/04/29 15:44:22,175000,11.471
2026/04/29 15:44:22,176000,11.476
2026/04/29 15:44:22,177000,11.482
2026/04/29 15:44:22,178000,11.473
2026/04/29 15:44:22,179000,11.476
2026/04/29 15:44:22,180000,11.479
2026/04/29 15:44:22,181000,11.476
2026/04/29 15:44:22,182000,11.473
2026/04/29 15:44:22,183000,11.482
2026/04/29 15:44:22,184000,11.476
2026/04/29 15:44:22,185000,11.479
2026/04/29 15:44:22,186000,11.473
2026/04/29 15:44:22,187000,11.479
2026/04/29 15:44:22,188000,11.479
2026/04/29 15:44:22,189000,11.479
2026/04/29 15:44:22,190000,11.482
2026/04/29 15:44:22,191000,11.471
2026/04/29 15:44:22,192000,11.476
2026/04/29 15:44:22,193000,11.476
2026/04/29 15:44:22,194000,11.487
2026/04/29 15:44:22,195000,11.473
2026/04/29 15:44:22,196000,11.473
2026/04/29 15:44:22,197000,11.476
2026/04/29 15:44:22,198000,11.479
2026/04/29 15:44:22,199000,11.476
2026/04/29 15:44:22,200000,11.479
2026/04/29 15:44:22,201000,11.479
2026/04/29 15:44:22,202000,11.476
2026/04/29 15:44:22,203000,11.482
2026/04/29 15:44:22,204000,11.476
2026/04/29 15:44:22,205000,11.479
2026/04/29 15:44:22,206000,11.482
2026/04/29 15:44:22,207000,11.476
2026/04/29 15:44:22,208000,11.479
2026/04/29 15:44:22,209000,11.479
2026/04/29 15:44:22,210000,11.485
2026/04/29 15:44:22,211000,11.471
2026/04/29 15:44:22,212000,11.482
2026/04/29 15:44:22,213000,11.479
2026/04/29 15:44:22,214000,11.473
2026/04/29 15:44:22,215000,11.476
2026/04/29 15:44:22,216000,11.473
2026/04/29 15:44:22,217000,11.476
2026/04/29 15:44:22,218000,11.473
2026/04/29 15:44:22,219000,11.479
2026/04/29 15:44:22,220000,11.476
2026/04/29 15:44:22,221000,11.471
2026/04/29 15:44:22,222000,11.479
2026/04/29 15:44:22,223000,11.471
2026/04/29 15:44:22,224000,11.476
2026/04/29 15:44:22,225000,11.471
2026/04/29 15:44:22,226000,11.471
2026/04/29 15:44:22,227000,11.479
2026/04/29 15:44:22,228000,11.473
2026/04/29 15:44:22,229000,11.479
2026/04/29 15:44:22,230000,11.479
2026/04/29 15:44:22,231000,11.476
2026/04/29 15:44:22,232000,11.473
2026/04/29 15:44:22,233000,11.476
2026/04/29 15:44:22,234000,11.476
2026/04/29 15:44:22,235000,11.479
2026/04/29 15:44:22,236000,11.482
2026/04/29 15:44:22,237000,11.482
2026/04/29 15:44:22,238000,11.473
2026/04/29 15:44:22,239000,11.473
2026/04/29 15:44:22,240000,11.479
2026/04/29 15:44:22,241000,11.479
2026/04/29 15:44:22,242000,11.471
2026/04/29 15:44:22,243000,11.476
2026/04/29 15:44:22,244000,11.476
2026/04/29 15:44:22,245000,11.479
2026/04/29 15:44:22,246000,11.471
2026/04/29 15:44:22,247000,11.479
2026/04/29 15:44:22,248000,11.476
2026/04/29 15:44:22,249000,11.473
2026/04/29 15:44:22,250000,11.482
2026/04/29 15:44:22,251000,11.476
2026/04/29 15:44:22,252000,11.476
2026/04/29 15:44:22,253000,11.476
2026/04/29 15:44:22,254000,11.482
2026/04/29 15:44:22,255000,11.476
2026/04/29 15:44:22,256000,11.479
2026/04/29 15:44:22,257000,11.479
2026/04/29 15:44:22,258000,11.485
2026/04/29 15:44:22,259000,11.479
2026/04/29 15:44:22,260000,11.471
2026/04/29 15:44:22,261000,11.476
2026/04/29 15:44:22,262000,11.471
2026/04/29 15:44:22,263000,11.471
2026/04/29 15:44:22,264000,11.473
2026/04/29 15:44:22,265000,11.476
2026/04/29 15:44:22,266000,11.479
2026/04/29 15:44:22,267000,11.479
2026/04/29 15:44:22,268000,11.490
2026/04/29 15:44:22,269000,11.473
2026/04/29 15:44:22,270000,11.471
2026/04/29 15:44:22,271000,11.482
2026/04/29 15:44:22,272000,11.479
2026/04/29 15:44:22,273000,11.479
2026/04/29 15:44:22,274000,11.471
2026/04/29 15:44:22,275000,11.476
2026/04/29 15:44:22,276000,11.473
2026/04/29 15:44:22,277000,11.471
2026/04/29 15:44:22,278000,11.476
2026/04/29 15:44:22,279000,11.476
2026/04/29 15:44:22,280000,11.479
2026/04/29 15:44:22,281000,11.476
2026/04/29 15:44:22,282000,11.479
2026/04/29 15:44:22,283000,11.471
2026/04/29 15:44:22,284000,11.479
2026/04/29 15:44:22,285000,11.476
2026/04/29 15:44:22,286000,11.473
2026/04/29 15:44:22,287000,11.479
2026/04/29 15:44:22,288000,11.479
2026/04/29 15:44:22,289000,11.479
2026/04/29 15:44:22,290000,11.479
2026/04/29 15:44:22,291000,11.476
2026/04/29 15:44:22,292000,11.479
2026/04/29 15:44:22,293000,11.471
2026/04/29 15:44:22,294000,11.479
2026/04/29 15:44:22,295000,11.479
2026/04/29 15:44:22,296000,11.476
2026/04/29 15:44:22,297000,11.476
2026/04/29 15:44:22,298000,11.473
2026/04/29 15:44:22,299000,11.471
2026/04/29 15:44:22,300000,11.476
2026/04/29 15:44:22,301000,11.471
2026/04/29 15:44:22,302000,11.473
2026/04/29 15:44:22,303000,11.476
2026/04/29 15:44:22,304000,11.476
2026/04/29 15:44:22,305000,11.479
2026/04/29 15:44:22,306000,11.476
2026/04/29 15:44:22,307000,11.476
2026/04/29 15:44:22,308000,11.482
2026/04/29 15:44:22,309000,11.468
2026/04/29 15:44:22,310000,11.482
2026/04/29 15:44:22,311000,11.471
2026/04/29 15:44:22,312000,11.473
2026/04/29 15:44:22,313000,11.479
2026/04/29 15:44:22,314000,11.476
2026/04/29 15:44:22,315000,11.471
2026/04/29 15:44:22,316000,11.473
2026/04/29 15:44:22,317000,11.482
2026/04/29 15:44:22,318000,11.479
2026/04/29 15:44:22,319000,11.479
2026/04/29 15:44:22,320000,11.473
2026/04/29 15:44:22,321000,11.476
2026/04/29 15:44:22,322000,11.482
2026/04/29 15:44:22,323000,11.482
2026/04/29 15:44:22,324000,11.482
2026/04/29 15:44:22,325000,11.479
2026/04/29 15:44:22,326000,11.471
2026/04/29 15:44:22,327000,11.479
2026/04/29 15:44:22,328000,11.471
2026/04/29 15:44:22,329000,11.482
2026/04/29 15:44:22,330000,11.479
2026/04/29 15:44:22,331000,11.476
2026/04/29 15:44:22,332000,11.476
2026/04/29 15:44:22,333000,11.471
2026/04/29 15:44:22,334000,11.479
2026/04/29 15:44:22,335000,11.479
2026/04/29 15:44:22,336000,11.482
2026/04/29 15:44:22,337000,11.476
2026/04/29 15:44:22,338000,11.479
2026/04/29 15:44:22,339000,11.476
2026/04/29 15:44:22,340000,11.479
2026/04/29 15:44:22,341000,11.479
2026/04/29 15:44:22,342000,11.476
2026/04/29 15:44:22,343000,11.482
2026/04/29 15:44:22,344000,11.479
2026/04/29 15:44:22,345000,11.476
2026/04/29 15:44:22,346000,11.479
2026/04/29 15:44:22,347000,11.482
2026/04/29 15:44:22,348000,11.471
2026/04/29 15:44:22,349000,11.479
2026/04/29 15:44:22,350000,11.479
2026/04/29 15:44:22,351000,11.476
2026/04/29 15:44:22,352000,11.476
2026/04/29 15:44:22,353000,11.479
2026/04/29 15:44:22,354000,11.479
2026/04/29 15:44:22,355000,11.471
2026/04/29 15:44:22,356000,11.468
2026/04/29 15:44:22,357000,11.473
2026/04/29 15:44:22,358000,11.482
2026/04/29 15:44:22,359000,11.479
2026/04/29 15:44:22,360000,11.479
2026/04/29 15:44:22,361000,11.476
2026/04/29 15:44:22,362000,11.479
2026/04/29 15:44:22,363000,11.479
2026/04/29 15:44:22,364000,11.479
2026/04/29 15:44:22,365000,11.479
2026/04/29 15:44:22,366000,11.479
2026/04/29 15:44:22,367000,11.479
2026/04/29 15:44:22,368000,11.476
2026/04/29 15:44:22,369000,11.479
2026/04/29 15:44:22,370000,11.482
2026/04/29 15:44:22,371000,11.471
2026/04/29 15:44:22,372000,11.476
2026/04/29 15:44:22,373000,11.473
2026/04/29 15:44:22,374000,11.479
2026/04/29 15:44:22,375000,11.476
2026/04/29 15:44:22,376000,11.471
2026/04/29 15:44:22,377000,11.479
2026/04/29 15:44:22,378000,11.479
2026/04/29 15:44:22,379000,11.471
2026/04/29 15:44:22,380000,11.471
2026/04/29 15:44:22,381000,11.479
2026/04/29 15:44:22,382000,11.476
2026/04/29 15:44:22,383000,11.471
2026/04/29 15:44:22,384000,11.482
2026/04/29 15:44:22,385000,11.479
2026/04/29 15:44:22,386000,11.471
2026/04/29 15:44:22,387000,11.479
2026/04/29 15:44:22,388000,11.476
2026/04/29 15:44:22,389000,11.479
2026/04/29 15:44:22,390000,11.473
2026/04/29 15:44:22,391000,11.471
2026/04/29 15:44:22,392000,11.473
2026/04/29 15:44:22,393000,11.476
2026/04/29 15:44:22,394000,11.479
2026/04/29 15:44:22,395000,11.476
2026/04/29 15:44:22,396000,11.473
2026/04/29 15:44:22,397000,11.479
2026/04/29 15:44:22,398000,11.482
2026/04/29 15:44:22,399000,11.476
2026/04/29 15:44:22,400000,11.482
2026/04/29 15:44:22,401000,11.485
2026/04/29 15:44:22,402000,11.476
2026/04/29 15:44:22,403000,11.479
2026/04/29 15:44:22,404000,11.482
2026/04/29 15:44:22,405000,11.471
2026/04/29 15:44:22,406000,11.479
2026/04/29 15:44:22,407000,11.471
2026/04/29 15:44:22,408000,11.476
2026/04/29 15:44:22,409000,11.479
2026/04/29 15:44:22,410000,11.476
2026/04/29 15:44:22,411000,11.479
2026/04/29 15:44:22,412000,11.482
2026/04/29 15:44:22,413000,11.473
2026/04/29 15:44:22,414000,11.479
2026/04/29 15:44:22,415000,11.476
2026/04/29 15:44:22,416000,11.479
2026/04/29 15:44:22,417000,11.476
2026/04/29 15:44:22,418000,11.473
2026/04/29 15:44:22,419000,11.482
2026/04/29 15:44:22,420000,11.476
2026/04/29 15:44:22,421000,11.476
2026/04/29 15:44:22,422000,11.473
2026/04/29 15:44:22,423000,11.476
2026/04/29 15:44:22,424000,11.482
2026/04/29 15:44:22,425000,11.479
2026/04/29 15:44:22,426000,11.479
2026/04/29 15:44:22,427000,11.476
2026/04/29 15:44:22,428000,11.479
2026/04/29 15:44:22,429000,11.476
2026/04/29 15:44:22,430000,11.476
2026/04/29 15:44:22,431000,11.473
2026/04/29 15:44:22,432000,11.479
2026/04/29 15:44:22,433000,11.479
2026/04/29 15:44:22,434000,11.476
2026/04/29 15:44:22,435000,11.471
2026/04/29 15:44:22,436000,11.482
2026/04/29 15:44:22,437000,11.479
2026/04/29 15:44:22,438000,11.479
2026/04/29 15:44:22,439000,11.471
2026/04/29 15:44:22,440000,11.479
2026/04/29 15:44:22,441000,11.473
2026/04/29 15:44:22,442000,11.479
2026/04/29 15:44:22,443000,11.482
2026/04/29 15:44:22,444000,11.479
2026/04/29 15:44:22,445000,11.476
2026/04/29 15:44:22,446000,11.476
2026/04/29 15:44:22,447000,11.471
2026/04/29 15:44:22,448000,11.479
2026/04/29 15:44:22,449000,11.473
2026/04/29 15:44:22,450000,11.476
2026/04/29 15:44:22,451000,11.471
2026/04/29 15:44:22,452000,11.479
2026/04/29 15:44:22,453000,11.482
2026/04/29 15:44:22,454000,11.476
2026/04/29 15:44:22,455000,11.479
2026/04/29 15:44:22,456000,11.473
2026/04/29 15:44:22,457000,11.479
2026/04/29 15:44:22,458000,11.479
2026/04/29 15:44:22,459000,11.476
2026/04/29 15:44:22,460000,11.476
2026/04/29 15:44:22,461000,11.479
2026/04/29 15:44:22,462000,11.471
2026/04/29 15:44:22,463000,11.471
2026/04/29 15:44:22,464000,11.476
2026/04/29 15:44:22,465000,11.479
2026/04/29 15:44:22,466000,11.479
2026/04/29 15:44:22,467000,11.482
2026/04/29 15:44:22,468000,11.476
2026/04/29 15:44:22,469000,11.476
2026/04/29 15:44:22,470000,11.476
2026/04/29 15:44:22,471000,11.471
2026/04/29 15:44:22,472000,11.482
2026/04/29 15:44:22,473000,11.479
2026/04/29 15:44:22,474000,11.479
2026/04/29 15:44:22,475000,11.482
2026/04/29 15:44:22,476000,11.479
2026/04/29 15:44:22,477000,11.479
2026/04/29 15:44:22,478000,11.479
2026/04/29 15:44:22,479000,11.479
2026/04/29 15:44:22,480000,11.485
2026/04/29 15:44:22,481000,11.479
2026/04/29 15:44:22,482000,11.479
2026/04/29 15:44:22,483000,11.471
2026/04/29 15:44:22,484000,11.473
2026/04/29 15:44:22,485000,11.476
2026/04/29 15:44:22,486000,11.473
2026/04/29 15:44:22,487000,11.479
2026/04/29 15:44:22,488000,11.476
2026/04/29 15:44:22,489000,11.479
2026/04/29 15:44:22,490000,11.479
2026/04/29 15:44:22,491000,11.476
2026/04/29 15:44:22,492000,11.479
2026/04/29 15:44:22,493000,11.479
2026/04/29 15:44:22,494000,11.471
2026/04/29 15:44:22,495000,11.479
2026/04/29 15:44:22,496000,11.476
2026/04/29 15:44:22,497000,11.479
2026/04/29 15:44:22,498000,11.471
2026/04/29 15:44:22,499000,11.482
2026/04/29 15:44:22,500000,11.473
2026/04/29 15:44:22,501000,11.479
2026/04/29 15:44:22,502000,11.479
2026/04/29 15:44:22,503000,11.479
2026/04/29 15:44:22,504000,11.473
2026/04/29 15:44:22,505000,11.482
2026/04/29 15:44:22,506000,11.479
2026/04/29 15:44:22,507000,11.479
2026/04/29 15:44:22,508000,11.476
2026/04/29 15:44:22,509000,11.482
2026/04/29 15:44:22,510000,11.482
2026/04/29 15:44:22,511000,11.476
2026/04/29 15:44:22,512000,11.482
2026/04/29 15:44:22,513000,11.482
2026/04/29 15:44:22,514000,11.479
2026/04/29 15:44:22,515000,11.482
2026/04/29 15:44:22,516000,11.476
2026/04/29 15:44:22,517000,11.468
2026/04/29 15:44:22,518000,11.479
2026/04/29 15:44:22,519000,11.479
2026/04/29 15:44:22,520000,11.476
2026/04/29 15:44:22,521000,11.479
2026/04/29 15:44:22,522000,11.476
2026/04/29 15:44:22,523000,11.476
2026/04/29 15:44:22,524000,11.471
2026/04/29 15:44:22,525000,11.476
2026/04/29 15:44:22,526000,11.479
2026/04/29 15:44:22,527000,11.479
2026/04/29 15:44:22,528000,11.471
2026/04/29 15:44:22,529000,11.473
2026/04/29 15:44:22,530000,11.476
2026/04/29 15:44:22,531000,11.471
2026/04/29 15:44:22,532000,11.479
2026/04/29 15:44:22,533000,11.473
2026/04/29 15:44:22,534000,11.471
2026/04/29 15:44:22,535000,11.479
2026/04/29 15:44:22,536000,11.482
2026/04/29 15:44:22,537000,11.471
2026/04/29 15:44:22,538000,11.482
2026/04/29 15:44:22,539000,11.479
2026/04/29 15:44:22,540000,11.479
2026/04/29 15:44:22,541000,11.476
2026/04/29 15:44:22,542000,11.479
2026/04/29 15:44:22,543000,11.471
2026/04/29 15:44:22,544000,11.479
2026/04/29 15:44:22,545000,11.473
2026/04/29 15:44:22,546000,11.476
2026/04/29 15:44:22,547000,11.479
2026/04/29 15:44:22,548000,11.479
2026/04/29 15:44:22,549000,11.476
2026/04/29 15:44:22,550000,11.473
2026/04/29 15:44:22,551000,11.482
2026/04/29 15:44:22,552000,11.482
2026/04/29 15:44:22,553000,11.476
2026/04/29 15:44:22,554000,11.471
2026/04/29 15:44:22,555000,11.476
2026/04/29 15:44:22,556000,11.479
2026/04/29 15:44:22,557000,11.471
2026/04/29 15:44:22,558000,11.471
2026/04/29 15:44:22,559000,11.479
2026/04/29 15:44:22,560000,11.476
2026/04/29 15:44:22,561000,11.479
2026/04/29 15:44:22,562000,11.479
2026/04/29 15:44:22,563000,11.471
2026/04/29 15:44:22,564000,11.473
2026/04/29 15:44:22,565000,11.476
2026/04/29 15:44:22,566000,11.479
2026/04/29 15:44:22,567000,11.471
2026/04/29 15:44:22,568000,11.476
2026/04/29 15:44:22,569000,11.482
2026/04/29 15:44:22,570000,11.471
2026/04/29 15:44:22,571000,11.476
2026/04/29 15:44:22,572000,11.479
2026/04/29 15:44:22,573000,11.476
2026/04/29 15:44:22,574000,11.468
2026/04/29 15:44:22,575000,11.479
2026/04/29 15:44:22,576000,11.485
2026/04/29 15:44:22,577000,11.479
2026/04/29 15:44:22,578000,11.471
2026/04/29 15:44:22,579000,11.473
2026/04/29 15:44:22,580000,11.476
2026/04/29 15:44:22,581000,11.473
2026/04/29 15:44:22,582000,11.473
2026/04/29 15:44:22,583000,11.479
2026/04/29 15:44:22,584000,11.479
2026/04/29 15:44:22,585000,11.482
2026/04/29 15:44:22,586000,11.471
2026/04/29 15:44:22,587000,11.479
2026/04/29 15:44:22,588000,11.482
2026/04/29 15:44:22,589000,11.476
2026/04/29 15:44:22,590000,11.479
2026/04/29 15:44:22,591000,11.471
2026/04/29 15:44:22,592000,11.471
2026/04/29 15:44:22,593000,11.473
2026/04/29 15:44:22,594000,11.471
2026/04/29 15:44:22,595000,11.471
2026/04/29 15:44:22,596000,11.476
2026/04/29 15:44:22,597000,11.482
2026/04/29 15:44:22,598000,11.476
2026/04/29 15:44:22,599000,11.471
2026/04/29 15:44:22,600000,11.479
2026/04/29 15:44:22,601000,11.476
2026/04/29 15:44:22,602000,11.476
2026/04/29 15:44:22,603000,11.476
2026/04/29 15:44:22,604000,11.471
2026/04/29 15:44:22,605000,11.479
2026/04/29 15:44:22,606000,11.482
2026/04/29 15:44:22,607000,11.476
2026/04/29 15:44:22,608000,11.471
2026/04/29 15:44:22,609000,11.476
2026/04/29 15:44:22,610000,11.479
2026/04/29 15:44:22,611000,11.476
2026/04/29 15:44:22,612000,11.476
2026/04/29 15:44:22,613000,11.479
2026/04/29 15:44:22,614000,11.476
2026/04/29 15:44:22,615000,11.476
2026/04/29 15:44:22,616000,11.476
2026/04/29 15:44:22,617000,11.482
2026/04/29 15:44:22,618000,11.476
2026/04/29 15:44:22,619000,11.473
2026/04/29 15:44:22,620000,11.482
2026/04/29 15:44:22,621000,11.479
2026/04/29 15:44:22,622000,11.476
2026/04/29 15:44:22,623000,11.479
2026/04/29 15:44:22,624000,11.485
2026/04/29 15:44:22,625000,11.479
2026/04/29 15:44:22,626000,11.476
2026/04/29 15:44:22,627000,11.473
2026/04/29 15:44:22,628000,11.471
2026/04/29 15:44:22,629000,11.479
2026/04/29 15:44:22,630000,11.482
2026/04/29 15:44:22,631000,11.479
2026/04/29 15:44:22,632000,11.471
2026/04/29 15:44:22,633000,11.471
2026/04/29 15:44:22,634000,11.471
2026/04/29 15:44:22,635000,11.473
2026/04/29 15:44:22,636000,11.479
2026/04/29 15:44:22,637000,11.471
2026/04/29 15:44:22,638000,11.479
2026/04/29 15:44:22,639000,11.476
2026/04/29 15:44:22,640000,11.471
2026/04/29 15:44:22,641000,11.476
2026/04/29 15:44:22,642000,11.482
2026/04/29 15:44:22,643000,11.468
2026/04/29 15:44:22,644000,11.473
2026/04/29 15:44:22,645000,11.479
2026/04/29 15:44:22,646000,11.471
2026/04/29 15:44:22,647000,11.476
2026/04/29 15:44:22,648000,11.471
2026/04/29 15:44:22,649000,11.479
2026/04/29 15:44:22,650000,11.479
2026/04/29 15:44:22,651000,11.476
2026/04/29 15:44:22,652000,11.471
2026/04/29 15:44:22,653000,11.471
2026/04/29 15:44:22,654000,11.473
2026/04/29 15:44:22,655000,11.476
2026/04/29 15:44:22,656000,11.476
2026/04/29 15:44:22,657000,11.479
2026/04/29 15:44:22,658000,11.473
2026/04/29 15:44:22,659000,11.476
2026/04/29 15:44:22,660000,11.479
2026/04/29 15:44:22,661000,11.482
2026/04/29 15:44:22,662000,11.479
2026/04/29 15:44:22,663000,11.476
2026/04/29 15:44:22,664000,11.476
2026/04/29 15:44:22,665000,11.479
2026/04/29 15:44:22,666000,11.476
2026/04/29 15:44:22,667000,11.468
2026/04/29 15:44:22,668000,11.473
2026/04/29 15:44:22,669000,11.482
2026/04/29 15:44:22,670000,11.482
2026/04/29 15:44:22,671000,11.476
2026/04/29 15:44:22,672000,11.476
2026/04/29 15:44:22,673000,11.479
2026/04/29 15:44:22,674000,11.482
2026/04/29 15:44:22,675000,11.473
2026/04/29 15:44:22,676000,11.471
2026/04/29 15:44:22,677000,11.479
2026/04/29 15:44:22,678000,11.471
2026/04/29 15:44:22,679000,11.476
2026/04/29 15:44:22,680000,11.471
2026/04/29 15:44:22,681000,11.479
2026/04/29 15:44:22,682000,11.476
2026/04/29 15:44:22,683000,11.471
2026/04/29 15:44:22,684000,11.479
2026/04/29 15:44:22,685000,11.476
2026/04/29 15:44:22,686000,11.479
2026/04/29 15:44:22,687000,11.479
2026/04/29 15:44:22,688000,11.476
2026/04/29 15:44:22,689000,11.482
2026/04/29 15:44:22,690000,11.476
2026/04/29 15:44:22,691000,11.476
2026/04/29 15:44:22,692000,11.479
2026/04/29 15:44:22,693000,11.479
2026/04/29 15:44:22,694000,11.479
2026/04/29 15:44:22,695000,11.482
2026/04/29 15:44:22,696000,11.471
2026/04/29 15:44:22,697000,11.471
2026/04/29 15:44:22,698000,11.471
2026/04/29 15:44:22,699000,11.476
2026/04/29 15:44:22,700000,11.471
2026/04/29 15:44:22,701000,11.476
2026/04/29 15:44:22,702000,11.476
2026/04/29 15:44:22,703000,11.479
2026/04/29 15:44:22,704000,11.479
2026/04/29 15:44:22,705000,11.479
2026/04/29 15:44:22,706000,11.471
2026/04/29 15:44:22,707000,11.473
2026/04/29 15:44:22,708000,11.476
2026/04/29 15:44:22,709000,11.473
2026/04/29 15:44:22,710000,11.473
2026/04/29 15:44:22,711000,11.473
2026/04/29 15:44:22,712000,11.485
2026/04/29 15:44:22,713000,11.473
2026/04/29 15:44:22,714000,11.485
2026/04/29 15:44:22,715000,11.471
2026/04/29 15:44:22,716000,11.476
2026/04/29 15:44:22,717000,11.476
2026/04/29 15:44:22,718000,11.479
2026/04/29 15:44:22,719000,11.476
2026/04/29 15:44:22,720000,11.476
2026/04/29 15:44:22,721000,11.476
2026/04/29 15:44:22,722000,11.476
2026/04/29 15:44:22,723000,11.482
2026/04/29 15:44:22,724000,11.476
2026/04/29 15:44:22,725000,11.465
2026/04/29 15:44:22,726000,11.476
2026/04/29 15:44:22,727000,11.473
2026/04/29 15:44:22,728000,11.476
2026/04/29 15:44:22,729000,11.485
2026/04/29 15:44:22,730000,11.473
2026/04/29 15:44:22,731000,11.476
2026/04/29 15:44:22,732000,11.479
2026/04/29 15:44:22,733000,11.471
2026/04/29 15:44:22,734000,11.471
2026/04/29 15:44:22,735000,11.476
2026/04/29 15:44:22,736000,11.479
2026/04/29 15:44:22,737000,11.473
2026/04/29 15:44:22,738000,11.476
2026/04/29 15:44:22,739000,11.479
2026/04/29 15:44:22,740000,11.476
2026/04/29 15:44:22,741000,11.468
2026/04/29 15:44:22,742000,11.471
2026/04/29 15:44:22,743000,11.476
2026/04/29 15:44:22,744000,11.476
2026/04/29 15:44:22,745000,11.482
2026/04/29 15:44:22,746000,11.479
2026/04/29 15:44:22,747000,11.471
2026/04/29 15:44:22,748000,11.482
2026/04/29 15:44:22,749000,11.476
2026/04/29 15:44:22,750000,11.473
2026/04/29 15:44:22,751000,11.476
2026/04/29 15:44:22,752000,11.482
2026/04/29 15:44:22,753000,11.476
2026/04/29 15:44:22,754000,11.473
2026/04/29 15:44:22,755000,11.476
2026/04/29 15:44:22,756000,11.476
2026/04/29 15:44:22,757000,11.473
2026/04/29 15:44:22,758000,11.479
2026/04/29 15:44:22,759000,11.468
2026/04/29 15:44:22,760000,11.479
2026/04/29 15:44:22,761000,11.476
2026/04/29 15:44:22,762000,11.476
2026/04/29 15:44:22,763000,11.482
2026/04/29 15:44:22,764000,11.482
2026/04/29 15:44:22,765000,11.479
2026/04/29 15:44:22,766000,11.479
2026/04/29 15:44:22,767000,11.476
2026/04/29 15:44:22,768000,11.476
2026/04/29 15:44:22,769000,11.476
2026/04/29 15:44:22,770000,11.473
2026/04/29 15:44:22,771000,11.473
2026/04/29 15:44:22,772000,11.487
2026/04/29 15:44:22,773000,11.471
2026/04/29 15:44:22,774000,11.479
2026/04/29 15:44:22,775000,11.471
2026/04/29 15:44:22,776000,11.471
2026/04/29 15:44:22,777000,11.471
2026/04/29 15:44:22,778000,11.471
2026/04/29 15:44:22,779000,11.476
2026/04/29 15:44:22,780000,11.476
2026/04/29 15:44:22,781000,11.479
2026/04/29 15:44:22,782000,11.479
2026/04/29 15:44:22,783000,11.476
2026/04/29 15:44:22,784000,11.473
2026/04/29 15:44:22,785000,11.479
2026/04/29 15:44:22,786000,11.476
2026/04/29 15:44:22,787000,11.471
2026/04/29 15:44:22,788000,11.479
2026/04/29 15:44:22,789000,11.476
2026/04/29 15:44:22,790000,11.476
2026/04/29 15:44:22,791000,11.476
2026/04/29 15:44:22,792000,11.479
2026/04/29 15:44:22,793000,11.471
2026/04/29 15:44:22,794000,11.479
2026/04/29 15:44:22,795000,11.482
2026/04/29 15:44:22,796000,11.471
2026/04/29 15:44:22,797000,11.476
2026/04/29 15:44:22,798000,11.473
2026/04/29 15:44:22,799000,11.482
2026/04/29 15:44:22,800000,11.479
2026/04/29 15:44:22,801000,11.476
2026/04/29 15:44:22,802000,11.476
2026/04/29 15:44:22,803000,11.479
2026/04/29 15:44:22,804000,11.476
2026/04/29 15:44:22,805000,11.476
2026/04/29 15:44:22,806000,11.476
2026/04/29 15:44:22,807000,11.465
2026/04/29 15:44:22,808000,11.473
2026/04/29 15:44:22,809000,11.473
2026/04/29 15:44:22,810000,11.482
2026/04/29 15:44:22,811000,11.471
2026/04/29 15:44:22,812000,11.471
2026/04/29 15:44:22,813000,11.473
2026/04/29 15:44:22,814000,11.476
2026/04/29 15:44:22,815000,11.476
2026/04/29 15:44:22,816000,11.471
2026/04/29 15:44:22,817000,11.476
2026/04/29 15:44:22,818000,11.476
2026/04/29 15:44:22,819000,11.476
2026/04/29 15:44:22,820000,11.476
2026/04/29 15:44:22,821000,11.471
2026/04/29 15:44:22,822000,11.473
2026/04/29 15:44:22,823000,11.476
2026/04/29 15:44:22,824000,11.471
2026/04/29 15:44:22,825000,11.482
2026/04/29 15:44:22,826000,11.476
2026/04/29 15:44:22,827000,11.476
2026/04/29 15:44:22,828000,11.473
2026/04/29 15:44:22,829000,11.479
2026/04/29 15:44:22,830000,11.473
2026/04/29 15:44:22,831000,11.473
2026/04/29 15:44:22,832000,11.479
2026/04/29 15:44:22,833000,11.476
2026/04/29 15:44:22,834000,11.479
2026/04/29 15:44:22,835000,11.471
2026/04/29 15:44:22,836000,11.471
2026/04/29 15:44:22,837000,11.476
2026/04/29 15:44:22,838000,11.471
2026/04/29 15:44:22,839000,11.471
2026/04/29 15:44:22,840000,11.471
2026/04/29 15:44:22,841000,11.471
2026/04/29 15:44:22,842000,11.482
2026/04/29 15:44:22,843000,11.476
2026/04/29 15:44:22,844000,11.471
2026/04/29 15:44:22,845000,11.471
2026/04/29 15:44:22,846000,11.473
2026/04/29 15:44:22,847000,11.479
2026/04/29 15:44:22,848000,11.479
2026/04/29 15:44:22,849000,11.476
2026/04/29 15:44:22,850000,11.473
2026/04/29 15:44:22,851000,11.471
2026/04/29 15:44:22,852000,11.471
2026/04/29 15:44:22,853000,11.479
2026/04/29 15:44:22,854000,11.479
2026/04/29 15:44:22,855000,11.471
2026/04/29 15:44:22,856000,11.471
2026/04/29 15:44:22,857000,11.476
2026/04/29 15:44:22,858000,11.471
2026/04/29 15:44:22,859000,11.479
2026/04/29 15:44:22,860000,11.473
2026/04/29 15:44:22,861000,11.479
2026/04/29 15:44:22,862000,11.476
2026/04/29 15:44:22,863000,11.476
2026/04/29 15:44:22,864000,11.479
2026/04/29 15:44:22,865000,11.476
2026/04/29 15:44:22,866000,11.476
2026/04/29 15:44:22,867000,11.476
2026/04/29 15:44:22,868000,11.479
2026/04/29 15:44:22,869000,11.471
2026/04/29 15:44:22,870000,11.476
2026/04/29 15:44:22,871000,11.476
2026/04/29 15:44:22,872000,11.479
2026/04/29 15:44:22,873000,11.485
2026/04/29 15:44:22,874000,11.479
2026/04/29 15:44:22,875000,11.476
2026/04/29 15:44:22,876000,11.476
2026/04/29 15:44:22,877000,11.479
2026/04/29 15:44:22,878000,11.479
2026/04/29 15:44:22,879000,11.476
2026/04/29 15:44:22,880000,11.471
2026/04/29 15:44:22,881000,11.473
2026/04/29 15:44:22,882000,11.476
2026/04/29 15:44:22,883000,11.471
2026/04/29 15:44:22,884000,11.471
2026/04/29 15:44:22,885000,11.482
2026/04/29 15:44:22,886000,11.473
2026/04/29 15:44:22,887000,11.473
2026/04/29 15:44:22,888000,11.476
2026/04/29 15:44:22,889000,11.476
2026/04/29 15:44:22,890000,11.471
2026/04/29 15:44:22,891000,11.479
2026/04/29 15:44:22,892000,11.473
2026/04/29 15:44:22,893000,11.479
2026/04/29 15:44:22,894000,11.471
2026/04/29 15:44:22,895000,11.476
2026/04/29 15:44:22,896000,11.476
2026/04/29 15:44:22,897000,11.479
2026/04/29 15:44:22,898000,11.471
2026/04/29 15:44:22,899000,11.479
2026/04/29 15:44:22,900000,11.479
2026/04/29 15:44:22,901000,11.471
2026/04/29 15:44:22,902000,11.471
2026/04/29 15:44:22,903000,11.476
2026/04/29 15:44:22,904000,11.476
2026/04/29 15:44:22,905000,11.473
2026/04/29 15:44:22,906000,11.479
2026/04/29 15:44:22,907000,11.471
2026/04/29 15:44:22,908000,11.479
2026/04/29 15:44:22,909000,11.479
2026/04/29 15:44:22,910000,11.476
2026/04/29 15:44:22,911000,11.476
2026/04/29 15:44:22,912000,11.476
2026/04/29 15:44:22,913000,11.479
2026/04/29 15:44:22,914000,11.476
2026/04/29 15:44:22,915000,11.476
2026/04/29 15:44:22,916000,11.482
2026/04/29 15:44:22,917000,11.476
2026/04/29 15:44:22,918000,11.476
2026/04/29 15:44:22,919000,11.468
2026/04/29 15:44:22,920000,11.482
2026/04/29 15:44:22,921000,11.479
2026/04/29 15:44:22,922000,11.471
2026/04/29 15:44:22,923000,11.476
2026/04/29 15:44:22,924000,11.476
2026/04/29 15:44:22,925000,11.479
2026/04/29 15:44:22,926000,11.473
2026/04/29 15:44:22,927000,11.479
2026/04/29 15:44:22,928000,11.476
2026/04/29 15:44:22,929000,11.479
2026/04/29 15:44:22,930000,11.479
2026/04/29 15:44:22,931000,11.476
2026/04/29 15:44:22,932000,11.471
2026/04/29 15:44:22,933000,11.471
2026/04/29 15:44:22,934000,11.476
2026/04/29 15:44:22,935000,11.476
2026/04/29 15:44:22,936000,11.473
2026/04/29 15:44:22,937000,11.471
2026/04/29 15:44:22,938000,11.473
2026/04/29 15:44:22,939000,11.471
2026/04/29 15:44:22,940000,11.482
2026/04/29 15:44:22,941000,11.471
2026/04/29 15:44:22,942000,11.473
2026/04/29 15:44:22,943000,11.482
2026/04/29 15:44:22,944000,11.471
2026/04/29 15:44:22,945000,11.471
2026/04/29 15:44:22,946000,11.473
2026/04/29 15:44:22,947000,11.479
2026/04/29 15:44:22,948000,11.482
2026/04/29 15:44:22,949000,11.473
2026/04/29 15:44:22,950000,11.482
2026/04/29 15:44:22,951000,11.482
2026/04/29 15:44:22,952000,11.476
2026/04/29 15:44:22,953000,11.482
2026/04/29 15:44:22,954000,11.471
2026/04/29 15:44:22,955000,11.479
2026/04/29 15:44:22,956000,11.476
2026/04/29 15:44:22,957000,11.479
2026/04/29 15:44:22,958000,11.471
2026/04/29 15:44:22,959000,11.476
2026/04/29 15:44:22,960000,11.482
2026/04/29 15:44:22,961000,11.471
2026/04/29 15:44:22,962000,11.473
2026/04/29 15:44:22,963000,11.479
2026/04/29 15:44:22,964000,11.476
2026/04/29 15:44:22,965000,11.473
2026/04/29 15:44:22,966000,11.482
2026/04/29 15:44:22,967000,11.476
2026/04/29 15:44:22,968000,11.482
2026/04/29 15:44:22,969000,11.479
2026/04/29 15:44:22,970000,11.479
2026/04/29 15:44:22,971000,11.476
2026/04/29 15:44:22,972000,11.476
2026/04/29 15:44:22,973000,11.482
2026/04/29 15:44:22,974000,11.479
2026/04/29 15:44:22,975000,11.476
2026/04/29 15:44:22,976000,11.473
2026/04/29 15:44:22,977000,11.479
2026/04/29 15:44:22,978000,11.482
2026/04/29 15:44:22,979000,11.476
2026/04/29 15:44:22,980000,11.479
2026/04/29 15:44:22,981000,11.471
2026/04/29 15:44:22,982000,11.471
2026/04/29 15:44:22,983000,11.476
2026/04/29 15:44:22,984000,11.471
2026/04/29 15:44:22,985000,11.476
2026/04/29 15:44:22,986000,11.476
2026/04/29 15:44:22,987000,11.462
2026/04/29 15:44:22,988000,11.476
2026/04/29 15:44:22,989000,11.476
2026/04/29 15:44:22,990000,11.473
2026/04/29 15:44:22,991000,11.476
2026/04/29 15:44:22,992000,11.479
2026/04/29 15:44:22,993000,11.479
2026/04/29 15:44:22,994000,11.471
2026/04/29 15:44:22,995000,11.479
2026/04/29 15:44:22,996000,11.479
2026/04/29 15:44:22,997000,11.476
2026/04/29 15:44:22,998000,11.476
2026/04/29 15:44:22,999000,11.479
2026/04/29 15:44:23,000000,11.471
2026/04/29 15:44:23,001000,11.482
2026/04/29 15:44:23,002000,11.479
2026/04/29 15:44:23,003000,11.471
2026/04/29 15:44:23,004000,11.476
2026/04/29 15:44:23,005000,11.479
2026/04/29 15:44:23,006000,11.476
2026/04/29 15:44:23,007000,11.482
2026/04/29 15:44:23,008000,11.482
2026/04/29 15:44:23,009000,11.476
2026/04/29 15:44:23,010000,11.476
2026/04/29 15:44:23,011000,11.471
2026/04/29 15:44:23,012000,11.471
2026/04/29 15:44:23,013000,11.476
2026/04/29 15:44:23,014000,11.476
2026/04/29 15:44:23,015000,11.471
2026/04/29 15:44:23,016000,11.471
2026/04/29 15:44:23,017000,11.479
2026/04/29 15:44:23,018000,11.482
2026/04/29 15:44:23,019000,11.479
2026/04/29 15:44:23,020000,11.476
2026/04/29 15:44:23,021000,11.476
2026/04/29 15:44:23,022000,11.476
2026/04/29 15:44:23,023000,11.476
2026/04/29 15:44:23,024000,11.476
2026/04/29 15:44:23,025000,11.471
2026/04/29 15:44:23,026000,11.471
2026/04/29 15:44:23,027000,11.473
2026/04/29 15:44:23,028000,11.473
2026/04/29 15:44:23,029000,11.473
2026/04/29 15:44:23,030000,11.476
2026/04/29 15:44:23,031000,11.479
2026/04/29 15:44:23,032000,11.476
2026/04/29 15:44:23,033000,11.479
2026/04/29 15:44:23,034000,11.476
2026/04/29 15:44:23,035000,11.471
2026/04/29 15:44:23,036000,11.479
2026/04/29 15:44:23,037000,11.473
2026/04/29 15:44:23,038000,11.476
2026/04/29 15:44:23,039000,11.471
2026/04/29 15:44:23,040000,11.476
2026/04/29 15:44:23,041000,11.473
2026/04/29 15:44:23,042000,11.473
2026/04/29 15:44:23,043000,11.479
2026/04/29 15:44:23,044000,11.476
2026/04/29 15:44:23,045000,11.476
2026/04/29 15:44:23,046000,11.476
2026/04/29 15:44:23,047000,11.476
2026/04/29 15:44:23,048000,11.479
2026/04/29 15:44:23,049000,11.476
2026/04/29 15:44:23,050000,11.471
2026/04/29 15:44:23,051000,11.482
2026/04/29 15:44:23,052000,11.471
2026/04/29 15:44:23,053000,11.479
2026/04/29 15:44:23,054000,11.471
2026/04/29 15:44:23,055000,11.476
2026/04/29 15:44:23,056000,11.476
2026/04/29 15:44:23,057000,11.471
2026/04/29 15:44:23,058000,11.482
2026/04/29 15:44:23,059000,11.473
2026/04/29 15:44:23,060000,11.471
2026/04/29 15:44:23,061000,11.476
2026/04/29 15:44:23,062000,11.479
2026/04/29 15:44:23,063000,11.476
2026/04/29 15:44:23,064000,11.471
2026/04/29 15:44:23,065000,11.476
2026/04/29 15:44:23,066000,11.476
2026/04/29 15:44:23,067000,11.479
2026/04/29 15:44:23,068000,11.471
2026/04/29 15:44:23,069000,11.476
2026/04/29 15:44:23,070000,11.471
2026/04/29 15:44:23,071000,11.476
2026/04/29 15:44:23,072000,11.479
2026/04/29 15:44:23,073000,11.473
2026/04/29 15:44:23,074000,11.479
2026/04/29 15:44:23,075000,11.479
2026/04/29 15:44:23,076000,11.482
2026/04/29 15:44:23,077000,11.473
2026/04/29 15:44:23,078000,11.473
2026/04/29 15:44:23,079000,11.479
2026/04/29 15:44:23,080000,11.471
2026/04/29 15:44:23,081000,11.476
2026/04/29 15:44:23,082000,11.471
2026/04/29 15:44:23,083000,11.473
2026/04/29 15:44:23,084000,11.471
2026/04/29 15:44:23,085000,11.471
2026/04/29 15:44:23,086000,11.476
2026/04/29 15:44:23,087000,11.473
2026/04/29 15:44:23,088000,11.476
2026/04/29 15:44:23,089000,11.471
2026/04/29 15:44:23,090000,11.471
2026/04/29 15:44:23,091000,11.471
2026/04/29 15:44:23,092000,11.476
2026/04/29 15:44:23,093000,11.473
2026/04/29 15:44:23,094000,11.476
2026/04/29 15:44:23,095000,11.476
2026/04/29 15:44:23,096000,11.482
2026/04/29 15:44:23,097000,11.471
2026/04/29 15:44:23,098000,11.479
2026/04/29 15:44:23,099000,11.471
2026/04/29 15:44:23,100000,11.479
2026/04/29 15:44:23,101000,11.479
2026/04/29 15:44:23,102000,11.471
2026/04/29 15:44:23,103000,11.476
2026/04/29 15:44:23,104000,11.479
2026/04/29 15:44:23,105000,11.479
2026/04/29 15:44:23,106000,11.476
2026/04/29 15:44:23,107000,11.476
2026/04/29 15:44:23,108000,11.471
2026/04/29 15:44:23,109000,11.471
2026/04/29 15:44:23,110000,11.479
2026/04/29 15:44:23,111000,11.471
2026/04/29 15:44:23,112000,11.476
2026/04/29 15:44:23,113000,11.471
2026/04/29 15:44:23,114000,11.476
2026/04/29 15:44:23,115000,11.479
2026/04/29 15:44:23,116000,11.471
2026/04/29 15:44:23,117000,11.471
2026/04/29 15:44:23,118000,11.476
2026/04/29 15:44:23,119000,11.473
2026/04/29 15:44:23,120000,11.482
2026/04/29 15:44:23,121000,11.476
2026/04/29 15:44:23,122000,11.479
2026/04/29 15:44:23,123000,11.476
2026/04/29 15:44:23,124000,11.471
2026/04/29 15:44:23,125000,11.485
2026/04/29 15:44:23,126000,11.471
2026/04/29 15:44:23,127000,11.473
2026/04/29 15:44:23,128000,11.479
2026/04/29 15:44:23,129000,11.476
2026/04/29 15:44:23,130000,11.476
2026/04/29 15:44:23,131000,11.479
2026/04/29 15:44:23,132000,11.479
2026/04/29 15:44:23,133000,11.479
2026/04/29 15:44:23,134000,11.482
2026/04/29 15:44:23,135000,11.476
2026/04/29 15:44:23,136000,11.476
2026/04/29 15:44:23,137000,11.471
2026/04/29 15:44:23,138000,11.476
2026/04/29 15:44:23,139000,11.479
2026/04/29 15:44:23,140000,11.471
2026/04/29 15:44:23,141000,11.471
2026/04/29 15:44:23,142000,11.476
2026/04/29 15:44:23,143000,11.482
2026/04/29 15:44:23,144000,11.476
2026/04/29 15:44:23,145000,11.468
2026/04/29 15:44:23,146000,11.473
2026/04/29 15:44:23,147000,11.473
2026/04/29 15:44:23,148000,11.476
2026/04/29 15:44:23,149000,11.479
2026/04/29 15:44:23,150000,11.479
2026/04/29 15:44:23,151000,11.476
2026/04/29 15:44:23,152000,11.476
2026/04/29 15:44:23,153000,11.476
2026/04/29 15:44:23,154000,11.476
2026/04/29 15:44:23,155000,11.473
2026/04/29 15:44:23,156000,11.485
2026/04/29 15:44:23,157000,11.471
2026/04/29 15:44:23,158000,11.479
2026/04/29 15:44:23,159000,11.476
2026/04/29 15:44:23,160000,11.471
2026/04/29 15:44:23,161000,11.476
2026/04/29 15:44:23,162000,11.479
2026/04/29 15:44:23,163000,11.476
2026/04/29 15:44:23,164000,11.476
2026/04/29 15:44:23,165000,11.479
2026/04/29 15:44:23,166000,11.476
2026/04/29 15:44:23,167000,11.485
2026/04/29 15:44:23,168000,11.471
2026/04/29 15:44:23,169000,11.476
2026/04/29 15:44:23,170000,11.471
2026/04/29 15:44:23,171000,11.476
2026/04/29 15:44:23,172000,11.476
2026/04/29 15:44:23,173000,11.476
2026/04/29 15:44:23,174000,11.471
2026/04/29 15:44:23,175000,11.485
2026/04/29 15:44:23,176000,11.476
2026/04/29 15:44:23,177000,11.476
2026/04/29 15:44:23,178000,11.468
2026/04/29 15:44:23,179000,11.473
2026/04/29 15:44:23,180000,11.476
2026/04/29 15:44:23,181000,11.471
2026/04/29 15:44:23,182000,11.479
2026/04/29 15:44:23,183000,11.479
2026/04/29 15:44:23,184000,11.471
2026/04/29 15:44:23,185000,11.482
2026/04/29 15:44:23,186000,11.471
2026/04/29 15:44:23,187000,11.476
2026/04/29 15:44:23,188000,11.471
2026/04/29 15:44:23,189000,11.476
2026/04/29 15:44:23,190000,11.479
2026/04/29 15:44:23,191000,11.471
2026/04/29 15:44:23,192000,11.479
2026/04/29 15:44:23,193000,11.479
2026/04/29 15:44:23,194000,11.471
2026/04/29 15:44:23,195000,11.482
2026/04/29 15:44:23,196000,11.476
2026/04/29 15:44:23,197000,11.471
2026/04/29 15:44:23,198000,11.468
2026/04/29 15:44:23,199000,11.476
2026/04/29 15:44:23,200000,11.476
2026/04/29 15:44:23,201000,11.476
2026/04/29 15:44:23,202000,11.471
2026/04/29 15:44:23,203000,11.471
2026/04/29 15:44:23,204000,11.476
2026/04/29 15:44:23,205000,11.476
2026/04/29 15:44:23,206000,11.479
2026/04/29 15:44:23,207000,11.479
2026/04/29 15:44:23,208000,11.476
2026/04/29 15:44:23,209000,11.476
2026/04/29 15:44:23,210000,11.482
2026/04/29 15:44:23,211000,11.476
2026/04/29 15:44:23,212000,11.479
2026/04/29 15:44:23,213000,11.476
2026/04/29 15:44:23,214000,11.471
2026/04/29 15:44:23,215000,11.473
2026/04/29 15:44:23,216000,11.476
2026/04/29 15:44:23,217000,11.479
2026/04/29 15:44:23,218000,11.476
2026/04/29 15:44:23,219000,11.476
2026/04/29 15:44:23,220000,11.482
2026/04/29 15:44:23,221000,11.476
2026/04/29 15:44:23,222000,11.476
2026/04/29 15:44:23,223000,11.476
2026/04/29 15:44:23,224000,11.473
2026/04/29 15:44:23,225000,11.476
2026/04/29 15:44:23,226000,11.473
2026/04/29 15:44:23,227000,11.476
2026/04/29 15:44:23,228000,11.476
2026/04/29 15:44:23,229000,11.471
2026/04/29 15:44:23,230000,11.476
2026/04/29 15:44:23,231000,11.482
2026/04/29 15:44:23,232000,11.473
2026/04/29 15:44:23,233000,11.471
2026/04/29 15:44:23,234000,11.482
2026/04/29 15:44:23,235000,11.479
2026/04/29 15:44:23,236000,11.471
2026/04/29 15:44:23,237000,11.479
2026/04/29 15:44:23,238000,11.482
2026/04/29 15:44:23,239000,11.482
2026/04/29 15:44:23,240000,11.482
2026/04/29 15:44:23,241000,11.482
2026/04/29 15:44:23,242000,11.476
2026/04/29 15:44:23,243000,11.482
2026/04/29 15:44:23,244000,11.476
2026/04/29 15:44:23,245000,11.479
2026/04/29 15:44:23,246000,11.471
2026/04/29 15:44:23,247000,11.476
2026/04/29 15:44:23,248000,11.473
2026/04/29 15:44:23,249000,11.479
2026/04/29 15:44:23,250000,11.476
2026/04/29 15:44:23,251000,11.476
2026/04/29 15:44:23,252000,11.476
2026/04/29 15:44:23,253000,11.479
2026/04/29 15:44:23,254000,11.471
2026/04/29 15:44:23,255000,11.476
2026/04/29 15:44:23,256000,11.476
2026/04/29 15:44:23,257000,11.479
2026/04/29 15:44:23,258000,11.476
2026/04/29 15:44:23,259000,11.471
2026/04/29 15:44:23,260000,11.476
2026/04/29 15:44:23,261000,11.476
2026/04/29 15:44:23,262000,11.471
2026/04/29 15:44:23,263000,11.476
2026/04/29 15:44:23,264000,11.482
2026/04/29 15:44:23,265000,11.479
2026/04/29 15:44:23,266000,11.479
2026/04/29 15:44:23,267000,11.479
2026/04/29 15:44:23,268000,11.473
2026/04/29 15:44:23,269000,11.476
2026/04/29 15:44:23,270000,11.476
2026/04/29 15:44:23,271000,11.471
2026/04/29 15:44:23,272000,11.471
2026/04/29 15:44:23,273000,11.471
2026/04/29 15:44:23,274000,11.482
2026/04/29 15:44:23,275000,11.476
2026/04/29 15:44:23,276000,11.473
2026/04/29 15:44:23,277000,11.482
2026/04/29 15:44:23,278000,11.476
2026/04/29 15:44:23,279000,11.476
2026/04/29 15:44:23,280000,11.479
2026/04/29 15:44:23,281000,11.476
2026/04/29 15:44:23,282000,11.473
2026/04/29 15:44:23,283000,11.471
2026/04/29 15:44:23,284000,11.471
2026/04/29 15:44:23,285000,11.471
2026/04/29 15:44:23,286000,11.476
2026/04/29 15:44:23,287000,11.485
2026/04/29 15:44:23,288000,11.479
2026/04/29 15:44:23,289000,11.476
2026/04/29 15:44:23,290000,11.479
2026/04/29 15:44:23,291000,11.479
2026/04/29 15:44:23,292000,11.479
2026/04/29 15:44:23,293000,11.471
2026/04/29 15:44:23,294000,11.476
2026/04/29 15:44:23,295000,11.473
2026/04/29 15:44:23,296000,11.471
2026/04/29 15:44:23,297000,11.471
2026/04/29 15:44:23,298000,11.476
2026/04/29 15:44:23,299000,11.471
2026/04/29 15:44:23,300000,11.468
2026/04/29 15:44:23,301000,11.473
2026/04/29 15:44:23,302000,11.482
2026/04/29 15:44:23,303000,11.473
2026/04/29 15:44:23,304000,11.482
2026/04/29 15:44:23,305000,11.479
2026/04/29 15:44:23,306000,11.479
2026/04/29 15:44:23,307000,11.471
2026/04/29 15:44:23,308000,11.482
2026/04/29 15:44:23,309000,11.479
2026/04/29 15:44:23,310000,11.476
2026/04/29 15:44:23,311000,11.471
2026/04/29 15:44:23,312000,11.476
2026/04/29 15:44:23,313000,11.482
2026/04/29 15:44:23,314000,11.476
2026/04/29 15:44:23,315000,11.471
2026/04/29 15:44:23,316000,11.476
2026/04/29 15:44:23,317000,11.471
2026/04/29 15:44:23,318000,11.476
2026/04/29 15:44:23,319000,11.473
2026/04/29 15:44:23,320000,11.476
2026/04/29 15:44:23,321000,11.471
2026/04/29 15:44:23,322000,11.473
2026/04/29 15:44:23,323000,11.479
2026/04/29 15:44:23,324000,11.476
2026/04/29 15:44:23,325000,11.471
2026/04/29 15:44:23,326000,11.473
2026/04/29 15:44:23,327000,11.476
2026/04/29 15:44:23,328000,11.479
2026/04/29 15:44:23,329000,11.476
2026/04/29 15:44:23,330000,11.479
2026/04/29 15:44:23,331000,11.471
2026/04/29 15:44:23,332000,11.471
2026/04/29 15:44:23,333000,11.476
2026/04/29 15:44:23,334000,11.471
2026/04/29 15:44:23,335000,11.476
2026/04/29 15:44:23,336000,11.471
2026/04/29 15:44:23,337000,11.479
2026/04/29 15:44:23,338000,11.479
2026/04/29 15:44:23,339000,11.476
2026/04/29 15:44:23,340000,11.471
2026/04/29 15:44:23,341000,11.479
2026/04/29 15:44:23,342000,11.479
2026/04/29 15:44:23,343000,11.471
2026/04/29 15:44:23,344000,11.471
2026/04/29 15:44:23,345000,11.476
2026/04/29 15:44:23,346000,11.476
2026/04/29 15:44:23,347000,11.471
2026/04/29 15:44:23,348000,11.476
2026/04/29 15:44:23,349000,11.476
2026/04/29 15:44:23,350000,11.476
2026/04/29 15:44:23,351000,11.476
2026/04/29 15:44:23,352000,11.471
2026/04/29 15:44:23,353000,11.476
2026/04/29 15:44:23,354000,11.471
2026/04/29 15:44:23,355000,11.479
2026/04/29 15:44:23,356000,11.479
2026/04/29 15:44:23,357000,11.476
2026/04/29 15:44:23,358000,11.471
2026/04/29 15:44:23,359000,11.476
2026/04/29 15:44:23,360000,11.473
2026/04/29 15:44:23,361000,11.482
2026/04/29 15:44:23,362000,11.479
2026/04/29 15:44:23,363000,11.476
2026/04/29 15:44:23,364000,11.485
2026/04/29 15:44:23,365000,11.471
2026/04/29 15:44:23,366000,11.471
2026/04/29 15:44:23,367000,11.479
2026/04/29 15:44:23,368000,11.471
2026/04/29 15:44:23,369000,11.471
2026/04/29 15:44:23,370000,11.473
2026/04/29 15:44:23,371000,11.479
2026/04/29 15:44:23,372000,11.479
2026/04/29 15:44:23,373000,11.479
2026/04/29 15:44:23,374000,11.479
2026/04/29 15:44:23,375000,11.473
2026/04/29 15:44:23,376000,11.482
2026/04/29 15:44:23,377000,11.476
2026/04/29 15:44:23,378000,11.471
2026/04/29 15:44:23,379000,11.476
2026/04/29 15:44:23,380000,11.471
2026/04/29 15:44:23,381000,11.473
2026/04/29 15:44:23,382000,11.471
2026/04/29 15:44:23,383000,11.476
2026/04/29 15:44:23,384000,11.471
2026/04/29 15:44:23,385000,11.479
2026/04/29 15:44:23,386000,11.473
2026/04/29 15:44:23,387000,11.476
2026/04/29 15:44:23,388000,11.479
2026/04/29 15:44:23,389000,11.471
2026/04/29 15:44:23,390000,11.468
2026/04/29 15:44:23,391000,11.482
2026/04/29 15:44:23,392000,11.479
2026/04/29 15:44:23,393000,11.476
2026/04/29 15:44:23,394000,11.479
2026/04/29 15:44:23,395000,11.479
2026/04/29 15:44:23,396000,11.476
2026/04/29 15:44:23,397000,11.471
2026/04/29 15:44:23,398000,11.473
2026/04/29 15:44:23,399000,11.476
2026/04/29 15:44:23,400000,11.482
2026/04/29 15:44:23,401000,11.476
2026/04/29 15:44:23,402000,11.482
2026/04/29 15:44:23,403000,11.473
2026/04/29 15:44:23,404000,11.479
2026/04/29 15:44:23,405000,11.471
2026/04/29 15:44:23,406000,11.471
2026/04/29 15:44:23,407000,11.479
2026/04/29 15:44:23,408000,11.482
2026/04/29 15:44:23,409000,11.476
2026/04/29 15:44:23,410000,11.476
2026/04/29 15:44:23,411000,11.471
2026/04/29 15:44:23,412000,11.476
2026/04/29 15:44:23,413000,11.471
2026/04/29 15:44:23,414000,11.479
2026/04/29 15:44:23,415000,11.473
2026/04/29 15:44:23,416000,11.471
2026/04/29 15:44:23,417000,11.482
2026/04/29 15:44:23,418000,11.479
2026/04/29 15:44:23,419000,11.476
2026/04/29 15:44:23,420000,11.482
2026/04/29 15:44:23,421000,11.476
2026/04/29 15:44:23,422000,11.476
2026/04/29 15:44:23,423000,11.471
2026/04/29 15:44:23,424000,11.476
2026/04/29 15:44:23,425000,11.479
2026/04/29 15:44:23,426000,11.473
2026/04/29 15:44:23,427000,11.479
2026/04/29 15:44:23,428000,11.473
2026/04/29 15:44:23,429000,11.476
2026/04/29 15:44:23,430000,11.476
2026/04/29 15:44:23,431000,11.479
2026/04/29 15:44:23,432000,11.473
2026/04/29 15:44:23,433000,11.473
2026/04/29 15:44:23,434000,11.476
2026/04/29 15:44:23,435000,11.479
2026/04/29 15:44:23,436000,11.479
2026/04/29 15:44:23,437000,11.476
2026/04/29 15:44:23,438000,11.476
2026/04/29 15:44:23,439000,11.476
2026/04/29 15:44:23,440000,11.479
2026/04/29 15:44:23,441000,11.476
2026/04/29 15:44:23,442000,11.473
2026/04/29 15:44:23,443000,11.471
2026/04/29 15:44:23,444000,11.476
2026/04/29 15:44:23,445000,11.482
2026/04/29 15:44:23,446000,11.479
2026/04/29 15:44:23,447000,11.479
2026/04/29 15:44:23,448000,11.471
2026/04/29 15:44:23,449000,11.471
2026/04/29 15:44:23,450000,11.479
2026/04/29 15:44:23,451000,11.476
2026/04/29 15:44:23,452000,11.476
2026/04/29 15:44:23,453000,11.476
2026/04/29 15:44:23,454000,11.476
2026/04/29 15:44:23,455000,11.473
2026/04/29 15:44:23,456000,11.471
2026/04/29 15:44:23,457000,11.473
2026/04/29 15:44:23,458000,11.482
2026/04/29 15:44:23,459000,11.473
2026/04/29 15:44:23,460000,11.479
2026/04/29 15:44:23,461000,11.476
2026/04/29 15:44:23,462000,11.476
2026/04/29 15:44:23,463000,11.473
2026/04/29 15:44:23,464000,11.482
2026/04/29 15:44:23,465000,11.479
2026/04/29 15:44:23,466000,11.476
2026/04/29 15:44:23,467000,11.476
2026/04/29 15:44:23,468000,11.479
2026/04/29 15:44:23,469000,11.476
2026/04/29 15:44:23,470000,11.476
2026/04/29 15:44:23,471000,11.476
2026/04/29 15:44:23,472000,11.471
2026/04/29 15:44:23,473000,11.473
2026/04/29 15:44:23,474000,11.482
2026/04/29 15:44:23,475000,11.471
2026/04/29 15:44:23,476000,11.471
2026/04/29 15:44:23,477000,11.476
2026/04/29 15:44:23,478000,11.471
2026/04/29 15:44:23,479000,11.479
2026/04/29 15:44:23,480000,11.479
2026/04/29 15:44:23,481000,11.479
2026/04/29 15:44:23,482000,11.482
2026/04/29 15:44:23,483000,11.476
2026/04/29 15:44:23,484000,11.476
2026/04/29 15:44:23,485000,11.476
2026/04/29 15:44:23,486000,11.473
2026/04/29 15:44:23,487000,11.471
2026/04/29 15:44:23,488000,11.476
2026/04/29 15:44:23,489000,11.476
2026/04/29 15:44:23,490000,11.473
2026/04/29 15:44:23,491000,11.479
2026/04/29 15:44:23,492000,11.476
2026/04/29 15:44:23,493000,11.476
2026/04/29 15:44:23,494000,11.476
2026/04/29 15:44:23,495000,11.476
2026/04/29 15:44:23,496000,11.479
2026/04/29 15:44:23,497000,11.476
2026/04/29 15:44:23,498000,11.485
2026/04/29 15:44:23,499000,11.479
2026/04/29 15:44:23,500000,11.471
2026/04/29 15:44:23,501000,11.476
2026/04/29 15:44:23,502000,11.471
2026/04/29 15:44:23,503000,11.471
2026/04/29 15:44:23,504000,11.476
2026/04/29 15:44:23,505000,11.476
2026/04/29 15:44:23,506000,11.479
2026/04/29 15:44:23,507000,11.471
2026/04/29 15:44:23,508000,11.476
2026/04/29 15:44:23,509000,11.479
2026/04/29 15:44:23,510000,11.468
2026/04/29 15:44:23,511000,11.476
2026/04/29 15:44:23,512000,11.479
2026/04/29 15:44:23,513000,11.476
2026/04/29 15:44:23,514000,11.473
2026/04/29 15:44:23,515000,11.479
2026/04/29 15:44:23,516000,11.476
2026/04/29 15:44:23,517000,11.468
2026/04/29 15:44:23,518000,11.482
2026/04/29 15:44:23,519000,11.476
2026/04/29 15:44:23,520000,11.471
2026/04/29 15:44:23,521000,11.479
2026/04/29 15:44:23,522000,11.479
2026/04/29 15:44:23,523000,11.471
2026/04/29 15:44:23,524000,11.471
2026/04/29 15:44:23,525000,11.482
2026/04/29 15:44:23,526000,11.471
2026/04/29 15:44:23,527000,11.476
2026/04/29 15:44:23,528000,11.473
2026/04/29 15:44:23,529000,11.479
2026/04/29 15:44:23,530000,11.485
2026/04/29 15:44:23,531000,11.476
2026/04/29 15:44:23,532000,11.476
2026/04/29 15:44:23,533000,11.471
2026/04/29 15:44:23,534000,11.473
2026/04/29 15:44:23,535000,11.476
2026/04/29 15:44:23,536000,11.482
2026/04/29 15:44:23,537000,11.471
2026/04/29 15:44:23,538000,11.479
2026/04/29 15:44:23,539000,11.476
2026/04/29 15:44:23,540000,11.476
2026/04/29 15:44:23,541000,11.473
2026/04/29 15:44:23,542000,11.479
2026/04/29 15:44:23,543000,11.479
2026/04/29 15:44:23,544000,11.476
2026/04/29 15:44:23,545000,11.482
2026/04/29 15:44:23,546000,11.479
2026/04/29 15:44:23,547000,11.476
2026/04/29 15:44:23,548000,11.479
2026/04/29 15:44:23,549000,11.468
2026/04/29 15:44:23,550000,11.482
2026/04/29 15:44:23,551000,11.465
2026/04/29 15:44:23,552000,11.479
2026/04/29 15:44:23,553000,11.473
2026/04/29 15:44:23,554000,11.471
2026/04/29 15:44:23,555000,11.476
2026/04/29 15:44:23,556000,11.465
2026/04/29 15:44:23,557000,11.471
2026/04/29 15:44:23,558000,11.476
2026/04/29 15:44:23,559000,11.479
2026/04/29 15:44:23,560000,11.471
2026/04/29 15:44:23,561000,11.476
2026/04/29 15:44:23,562000,11.468
2026/04/29 15:44:23,563000,11.485
2026/04/29 15:44:23,564000,11.473
2026/04/29 15:44:23,565000,11.471
2026/04/29 15:44:23,566000,11.476
2026/04/29 15:44:23,567000,11.471
2026/04/29 15:44:23,568000,11.471
2026/04/29 15:44:23,569000,11.476
2026/04/29 15:44:23,570000,11.476
2026/04/29 15:44:23,571000,11.476
2026/04/29 15:44:23,572000,11.476
2026/04/29 15:44:23,573000,11.479
2026/04/29 15:44:23,574000,11.476
2026/04/29 15:44:23,575000,11.476
2026/04/29 15:44:23,576000,11.471
2026/04/29 15:44:23,577000,11.476
2026/04/29 15:44:23,578000,11.471
2026/04/29 15:44:23,579000,11.485
2026/04/29 15:44:23,580000,11.476
2026/04/29 15:44:23,581000,11.487
2026/04/29 15:44:23,582000,11.476
2026/04/29 15:44:23,583000,11.473
2026/04/29 15:44:23,584000,11.471
2026/04/29 15:44:23,585000,11.476
2026/04/29 15:44:23,586000,11.476
2026/04/29 15:44:23,587000,11.473
2026/04/29 15:44:23,588000,11.471
2026/04/29 15:44:23,589000,11.476
2026/04/29 15:44:23,590000,11.479
2026/04/29 15:44:23,591000,11.476
2026/04/29 15:44:23,592000,11.476
2026/04/29 15:44:23,593000,11.471
2026/04/29 15:44:23,594000,11.471
2026/04/29 15:44:23,595000,11.482
2026/04/29 15:44:23,596000,11.479
2026/04/29 15:44:23,597000,11.476
2026/04/29 15:44:23,598000,11.473
2026/04/29 15:44:23,599000,11.476
2026/04/29 15:44:23,600000,11.471
2026/04/29 15:44:23,601000,11.482
2026/04/29 15:44:23,602000,11.473
2026/04/29 15:44:23,603000,11.476
2026/04/29 15:44:23,604000,11.471
2026/04/29 15:44:23,605000,11.490
2026/04/29 15:44:23,606000,11.476
2026/04/29 15:44:23,607000,11.476
2026/04/29 15:44:23,608000,11.476
2026/04/29 15:44:23,609000,11.473
2026/04/29 15:44:23,610000,11.479
2026/04/29 15:44:23,611000,11.482
2026/04/29 15:44:23,612000,11.471
2026/04/29 15:44:23,613000,11.471
2026/04/29 15:44:23,614000,11.482
2026/04/29 15:44:23,615000,11.473
2026/04/29 15:44:23,616000,11.476
2026/04/29 15:44:23,617000,11.479
2026/04/29 15:44:23,618000,11.479
2026/04/29 15:44:23,619000,11.479
2026/04/29 15:44:23,620000,11.479
2026/04/29 15:44:23,621000,11.476
2026/04/29 15:44:23,622000,11.476
2026/04/29 15:44:23,623000,11.476
2026/04/29 15:44:23,624000,11.476
2026/04/29 15:44:23,625000,11.473
2026/04/29 15:44:23,626000,11.471
2026/04/29 15:44:23,627000,11.482
2026/04/29 15:44:23,628000,11.473
2026/04/29 15:44:23,629000,11.471
2026/04/29 15:44:23,630000,11.471
2026/04/29 15:44:23,631000,11.482
2026/04/29 15:44:23,632000,11.482
2026/04/29 15:44:23,633000,11.471
2026/04/29 15:44:23,634000,11.479
2026/04/29 15:44:23,635000,11.476
2026/04/29 15:44:23,636000,11.485
2026/04/29 15:44:23,637000,11.476
2026/04/29 15:44:23,638000,11.471
2026/04/29 15:44:23,639000,11.479
2026/04/29 15:44:23,640000,11.479
2026/04/29 15:44:23,641000,11.471
2026/04/29 15:44:23,642000,11.482
2026/04/29 15:44:23,643000,11.479
2026/04/29 15:44:23,644000,11.479
2026/04/29 15:44:23,645000,11.479
2026/04/29 15:44:23,646000,11.479
2026/04/29 15:44:23,647000,11.479
2026/04/29 15:44:23,648000,11.473
2026/04/29 15:44:23,649000,11.471
2026/04/29 15:44:23,650000,11.482
2026/04/29 15:44:23,651000,11.471
2026/04/29 15:44:23,652000,11.476
2026/04/29 15:44:23,653000,11.476
2026/04/29 15:44:23,654000,11.479
2026/04/29 15:44:23,655000,11.479
2026/04/29 15:44:23,656000,11.471
2026/04/29 15:44:23,657000,11.479
2026/04/29 15:44:23,658000,11.476
2026/04/29 15:44:23,659000,11.482
2026/04/29 15:44:23,660000,11.471
2026/04/29 15:44:23,661000,11.471
2026/04/29 15:44:23,662000,11.468
2026/04/29 15:44:23,663000,11.476
2026/04/29 15:44:23,664000,11.471
2026/04/29 15:44:23,665000,11.476
2026/04/29 15:44:23,666000,11.479
2026/04/29 15:44:23,667000,11.473
2026/04/29 15:44:23,668000,11.479
2026/04/29 15:44:23,669000,11.479
2026/04/29 15:44:23,670000,11.482
2026/04/29 15:44:23,671000,11.471
2026/04/29 15:44:23,672000,11.479
2026/04/29 15:44:23,673000,11.482
2026/04/29 15:44:23,674000,11.479
2026/04/29 15:44:23,675000,11.476
2026/04/29 15:44:23,676000,11.479
2026/04/29 15:44:23,677000,11.482
2026/04/29 15:44:23,678000,11.471
2026/04/29 15:44:23,679000,11.479
2026/04/29 15:44:23,680000,11.476
2026/04/29 15:44:23,681000,11.473
2026/04/29 15:44:23,682000,11.479
2026/04/29 15:44:23,683000,11.476
2026/04/29 15:44:23,684000,11.471
2026/04/29 15:44:23,685000,11.479
2026/04/29 15:44:23,686000,11.471
2026/04/29 15:44:23,687000,11.479
2026/04/29 15:44:23,688000,11.476
2026/04/29 15:44:23,689000,11.482
2026/04/29 15:44:23,690000,11.479
2026/04/29 15:44:23,691000,11.482
2026/04/29 15:44:23,692000,11.476
2026/04/29 15:44:23,693000,11.476
2026/04/29 15:44:23,694000,11.482
2026/04/29 15:44:23,695000,11.482
2026/04/29 15:44:23,696000,11.479
2026/04/29 15:44:23,697000,11.479
2026/04/29 15:44:23,698000,11.476
2026/04/29 15:44:23,699000,11.473
2026/04/29 15:44:23,700000,11.479
2026/04/29 15:44:23,701000,11.471
2026/04/29 15:44:23,702000,11.479
2026/04/29 15:44:23,703000,11.479
2026/04/29 15:44:23,704000,11.473
2026/04/29 15:44:23,705000,11.476
2026/04/29 15:44:23,706000,11.476
2026/04/29 15:44:23,707000,11.471
2026/04/29 15:44:23,708000,11.482
2026/04/29 15:44:23,709000,11.482
2026/04/29 15:44:23,710000,11.479
2026/04/29 15:44:23,711000,11.479
2026/04/29 15:44:23,712000,11.479
2026/04/29 15:44:23,713000,11.476
2026/04/29 15:44:23,714000,11.479
2026/04/29 15:44:23,715000,11.479
2026/04/29 15:44:23,716000,11.476
2026/04/29 15:44:23,717000,11.479
2026/04/29 15:44:23,718000,11.471
2026/04/29 15:44:23,719000,11.476
2026/04/29 15:44:23,720000,11.476
2026/04/29 15:44:23,721000,11.471
2026/04/29 15:44:23,722000,11.479
2026/04/29 15:44:23,723000,11.471
2026/04/29 15:44:23,724000,11.471
2026/04/29 15:44:23,725000,11.479
2026/04/29 15:44:23,726000,11.471
2026/04/29 15:44:23,727000,11.471
2026/04/29 15:44:23,728000,11.476
2026/04/29 15:44:23,729000,11.476
2026/04/29 15:44:23,730000,11.476
2026/04/29 15:44:23,731000,11.479
2026/04/29 15:44:23,732000,11.473
2026/04/29 15:44:23,733000,11.473
2026/04/29 15:44:23,734000,11.473
2026/04/29 15:44:23,735000,11.476
2026/04/29 15:44:23,736000,11.471
2026/04/29 15:44:23,737000,11.476
2026/04/29 15:44:23,738000,11.479
2026/04/29 15:44:23,739000,11.479
2026/04/29 15:44:23,740000,11.476
2026/04/29 15:44:23,741000,11.471
2026/04/29 15:44:23,742000,11.476
2026/04/29 15:44:23,743000,11.476
2026/04/29 15:44:23,744000,11.471
2026/04/29 15:44:23,745000,11.473
2026/04/29 15:44:23,746000,11.479
2026/04/29 15:44:23,747000,11.479
2026/04/29 15:44:23,748000,11.476
2026/04/29 15:44:23,749000,11.479
2026/04/29 15:44:23,750000,11.479
2026/04/29 15:44:23,751000,11.476
2026/04/29 15:44:23,752000,11.476
2026/04/29 15:44:23,753000,11.482
2026/04/29 15:44:23,754000,11.479
2026/04/29 15:44:23,755000,11.473
2026/04/29 15:44:23,756000,11.476
2026/04/29 15:44:23,757000,11.479
2026/04/29 15:44:23,758000,11.476
2026/04/29 15:44:23,759000,11.482
2026/04/29 15:44:23,760000,11.479
2026/04/29 15:44:23,761000,11.471
2026/04/29 15:44:23,762000,11.482
2026/04/29 15:44:23,763000,11.476
2026/04/29 15:44:23,764000,11.471
2026/04/29 15:44:23,765000,11.479
2026/04/29 15:44:23,766000,11.471
2026/04/29 15:44:23,767000,11.479
2026/04/29 15:44:23,768000,11.482
2026/04/29 15:44:23,769000,11.473
2026/04/29 15:44:23,770000,11.476
2026/04/29 15:44:23,771000,11.471
2026/04/29 15:44:23,772000,11.476
2026/04/29 15:44:23,773000,11.476
2026/04/29 15:44:23,774000,11.471
2026/04/29 15:44:23,775000,11.471
2026/04/29 15:44:23,776000,11.479
2026/04/29 15:44:23,777000,11.476
2026/04/29 15:44:23,778000,11.476
2026/04/29 15:44:23,779000,11.471
2026/04/29 15:44:23,780000,11.471
2026/04/29 15:44:23,781000,11.482
2026/04/29 15:44:23,782000,11.471
2026/04/29 15:44:23,783000,11.476
2026/04/29 15:44:23,784000,11.476
2026/04/29 15:44:23,785000,11.482
2026/04/29 15:44:23,786000,11.482
2026/04/29 15:44:23,787000,11.476
2026/04/29 15:44:23,788000,11.482
2026/04/29 15:44:23,789000,11.471
2026/04/29 15:44:23,790000,11.485
2026/04/29 15:44:23,791000,11.476
2026/04/29 15:44:23,792000,11.471
2026/04/29 15:44:23,793000,11.476
2026/04/29 15:44:23,794000,11.476
2026/04/29 15:44:23,795000,11.471
2026/04/29 15:44:23,796000,11.476
2026/04/29 15:44:23,797000,11.479
2026/04/29 15:44:23,798000,11.476
2026/04/29 15:44:23,799000,11.476
2026/04/29 15:44:23,800000,11.485
2026/04/29 15:44:23,801000,11.471
2026/04/29 15:44:23,802000,11.479
2026/04/29 15:44:23,803000,11.473
2026/04/29 15:44:23,804000,11.482
2026/04/29 15:44:23,805000,11.476
2026/04/29 15:44:23,806000,11.476
2026/04/29 15:44:23,807000,11.476
2026/04/29 15:44:23,808000,11.479
2026/04/29 15:44:23,809000,11.485
2026/04/29 15:44:23,810000,11.471
2026/04/29 15:44:23,811000,11.482
2026/04/29 15:44:23,812000,11.473
2026/04/29 15:44:23,813000,11.476
2026/04/29 15:44:23,814000,11.479
2026/04/29 15:44:23,815000,11.476
2026/04/29 15:44:23,816000,11.473
2026/04/29 15:44:23,817000,11.476
2026/04/29 15:44:23,818000,11.471
2026/04/29 15:44:23,819000,11.482
2026/04/29 15:44:23,820000,11.476
2026/04/29 15:44:23,821000,11.471
2026/04/29 15:44:23,822000,11.479
2026/04/29 15:44:23,823000,11.479
2026/04/29 15:44:23,824000,11.482
2026/04/29 15:44:23,825000,11.479
2026/04/29 15:44:23,826000,11.476
2026/04/29 15:44:23,827000,11.476
2026/04/29 15:44:23,828000,11.476
2026/04/29 15:44:23,829000,11.473
2026/04/29 15:44:23,830000,11.482
2026/04/29 15:44:23,831000,11.479
2026/04/29 15:44:23,832000,11.479
2026/04/29 15:44:23,833000,11.473
2026/04/29 15:44:23,834000,11.471
2026/04/29 15:44:23,835000,11.471
2026/04/29 15:44:23,836000,11.476
2026/04/29 15:44:23,837000,11.479
2026/04/29 15:44:23,838000,11.482
2026/04/29 15:44:23,839000,11.473
2026/04/29 15:44:23,840000,11.468
2026/04/29 15:44:23,841000,11.476
2026/04/29 15:44:23,842000,11.479
2026/04/29 15:44:23,843000,11.473
2026/04/29 15:44:23,844000,11.479
2026/04/29 15:44:23,845000,11.471
2026/04/29 15:44:23,846000,11.476
2026/04/29 15:44:23,847000,11.476
2026/04/29 15:44:23,848000,11.471
2026/04/29 15:44:23,849000,11.473
2026/04/29 15:44:23,850000,11.479
2026/04/29 15:44:23,851000,11.471
2026/04/29 15:44:23,852000,11.482
2026/04/29 15:44:23,853000,11.479
2026/04/29 15:44:23,854000,11.482
2026/04/29 15:44:23,855000,11.479
2026/04/29 15:44:23,856000,11.479
2026/04/29 15:44:23,857000,11.471
2026/04/29 15:44:23,858000,11.476
2026/04/29 15:44:23,859000,11.482
2026/04/29 15:44:23,860000,11.471
2026/04/29 15:44:23,861000,11.476
2026/04/29 15:44:23,862000,11.482
2026/04/29 15:44:23,863000,11.479
2026/04/29 15:44:23,864000,11.476
2026/04/29 15:44:23,865000,11.476
2026/04/29 15:44:23,866000,11.479
2026/04/29 15:44:23,867000,11.479
2026/04/29 15:44:23,868000,11.479
2026/04/29 15:44:23,869000,11.476
2026/04/29 15:44:23,870000,11.479
2026/04/29 15:44:23,871000,11.479
2026/04/29 15:44:23,872000,11.482
2026/04/29 15:44:23,873000,11.479
2026/04/29 15:44:23,874000,11.476
2026/04/29 15:44:23,875000,11.476
2026/04/29 15:44:23,876000,11.476
2026/04/29 15:44:23,877000,11.479
2026/04/29 15:44:23,878000,11.471
2026/04/29 15:44:23,879000,11.479
2026/04/29 15:44:23,880000,11.479
2026/04/29 15:44:23,881000,11.479
2026/04/29 15:44:23,882000,11.476
2026/04/29 15:44:23,883000,11.476
2026/04/29 15:44:23,884000,11.479
2026/04/29 15:44:23,885000,11.476
2026/04/29 15:44:23,886000,11.473
2026/04/29 15:44:23,887000,11.479
2026/04/29 15:44:23,888000,11.482
2026/04/29 15:44:23,889000,11.473
2026/04/29 15:44:23,890000,11.479
2026/04/29 15:44:23,891000,11.479
2026/04/29 15:44:23,892000,11.479
2026/04/29 15:44:23,893000,11.476
2026/04/29 15:44:23,894000,11.479
2026/04/29 15:44:23,895000,11.479
2026/04/29 15:44:23,896000,11.479
2026/04/29 15:44:23,897000,11.479
2026/04/29 15:44:23,898000,11.471
2026/04/29 15:44:23,899000,11.485
2026/04/29 15:44:23,900000,11.473
2026/04/29 15:44:23,901000,11.479
2026/04/29 15:44:23,902000,11.476
2026/04/29 15:44:23,903000,11.482
2026/04/29 15:44:23,904000,11.482
2026/04/29 15:44:23,905000,11.482
2026/04/29 15:44:23,906000,11.482
2026/04/29 15:44:23,907000,11.476
2026/04/29 15:44:23,908000,11.476
2026/04/29 15:44:23,909000,11.476
2026/04/29 15:44:23,910000,11.476
2026/04/29 15:44:23,911000,11.473
2026/04/29 15:44:23,912000,11.471
2026/04/29 15:44:23,913000,11.476
2026/04/29 15:44:23,914000,11.479
2026/04/29 15:44:23,915000,11.479
2026/04/29 15:44:23,916000,11.485
2026/04/29 15:44:23,917000,11.482
2026/04/29 15:44:23,918000,11.479
2026/04/29 15:44:23,919000,11.482
2026/04/29 15:44:23,920000,11.476
2026/04/29 15:44:23,921000,11.476
2026/04/29 15:44:23,922000,11.482
2026/04/29 15:44:23,923000,11.482
2026/04/29 15:44:23,924000,11.479
2026/04/29 15:44:23,925000,11.482
2026/04/29 15:44:23,926000,11.482
2026/04/29 15:44:23,927000,11.482
2026/04/29 15:44:23,928000,11.471
2026/04/29 15:44:23,929000,11.482
2026/04/29 15:44:23,930000,11.482
2026/04/29 15:44:23,931000,11.482
2026/04/29 15:44:23,932000,11.476
2026/04/29 15:44:23,933000,11.482
2026/04/29 15:44:23,934000,11.485
2026/04/29 15:44:23,935000,11.482
2026/04/29 15:44:23,936000,11.476
2026/04/29 15:44:23,937000,11.482
2026/04/29 15:44:23,938000,11.473
2026/04/29 15:44:23,939000,11.476
2026/04/29 15:44:23,940000,11.482
2026/04/29 15:44:23,941000,11.476
2026/04/29 15:44:23,942000,11.482
2026/04/29 15:44:23,943000,11.482
2026/04/29 15:44:23,944000,11.482
2026/04/29 15:44:23,945000,11.476
2026/04/29 15:44:23,946000,11.476
2026/04/29 15:44:23,947000,11.482
2026/04/29 15:44:23,948000,11.482
2026/04/29 15:44:23,949000,11.482
2026/04/29 15:44:23,950000,11.471
2026/04/29 15:44:23,951000,11.479
2026/04/29 15:44:23,952000,11.482
2026/04/29 15:44:23,953000,11.471
2026/04/29 15:44:23,954000,11.482
2026/04/29 15:44:23,955000,11.485
2026/04/29 15:44:23,956000,11.479
2026/04/29 15:44:23,957000,11.485
2026/04/29 15:44:23,958000,11.482
2026/04/29 15:44:23,959000,11.476
2026/04/29 15:44:23,960000,11.476
2026/04/29 15:44:23,961000,11.479
2026/04/29 15:44:23,962000,11.479
2026/04/29 15:44:23,963000,11.482
2026/04/29 15:44:23,964000,11.479
2026/04/29 15:44:23,965000,11.476
2026/04/29 15:44:23,966000,11.476
2026/04/29 15:44:23,967000,11.482
2026/04/29 15:44:23,968000,11.482
2026/04/29 15:44:23,969000,11.479
2026/04/29 15:44:23,970000,11.473
2026/04/29 15:44:23,971000,11.479
2026/04/29 15:44:23,972000,11.482
2026/04/29 15:44:23,973000,11.473
2026/04/29 15:44:23,974000,11.482
2026/04/29 15:44:23,975000,11.476
2026/04/29 15:44:23,976000,11.479
2026/04/29 15:44:23,977000,11.471
2026/04/29 15:44:23,978000,11.476
2026/04/29 15:44:23,979000,11.482
2026/04/29 15:44:23,980000,11.471
2026/04/29 15:44:23,981000,11.473
2026/04/29 15:44:23,982000,11.476
2026/04/29 15:44:23,983000,11.471
2026/04/29 15:44:23,984000,11.476
2026/04/29 15:44:23,985000,11.479
2026/04/29 15:44:23,986000,11.482
2026/04/29 15:44:23,987000,11.473
2026/04/29 15:44:23,988000,11.479
2026/04/29 15:44:23,989000,11.476
2026/04/29 15:44:23,990000,11.479
2026/04/29 15:44:23,991000,11.468
2026/04/29 15:44:23,992000,11.476
2026/04/29 15:44:23,993000,11.479
2026/04/29 15:44:23,994000,11.479
2026/04/29 15:44:23,995000,11.482
2026/04/29 15:44:23,996000,11.476
2026/04/29 15:44:23,997000,11.479
2026/04/29 15:44:23,998000,11.479
2026/04/29 15:44:23,999000,11.482
2026/04/29 15:44:24,000000,11.476
2026/04/29 15:44:24,001000,11.473
2026/04/29 15:44:24,002000,11.493
2026/04/29 15:44:24,003000,11.479
2026/04/29 15:44:24,004000,11.482
2026/04/29 15:44:24,005000,11.479
2026/04/29 15:44:24,006000,11.479
2026/04/29 15:44:24,007000,11.471
2026/04/29 15:44:24,008000,11.479
2026/04/29 15:44:24,009000,11.473
2026/04/29 15:44:24,010000,11.482
2026/04/29 15:44:24,011000,11.482
2026/04/29 15:44:24,012000,11.482
2026/04/29 15:44:24,013000,11.473
2026/04/29 15:44:24,014000,11.476
2026/04/29 15:44:24,015000,11.476
2026/04/29 15:44:24,016000,11.485
2026/04/29 15:44:24,017000,11.476
2026/04/29 15:44:24,018000,11.479
2026/04/29 15:44:24,019000,11.482
2026/04/29 15:44:24,020000,11.482
2026/04/29 15:44:24,021000,11.482
2026/04/29 15:44:24,022000,11.479
2026/04/29 15:44:24,023000,11.482
2026/04/29 15:44:24,024000,11.479
2026/04/29 15:44:24,025000,11.476
2026/04/29 15:44:24,026000,11.482
2026/04/29 15:44:24,027000,11.479
2026/04/29 15:44:24,028000,11.482
2026/04/29 15:44:24,029000,11.476
2026/04/29 15:44:24,030000,11.479
2026/04/29 15:44:24,031000,11.473
2026/04/29 15:44:24,032000,11.479
2026/04/29 15:44:24,033000,11.476
2026/04/29 15:44:24,034000,11.476
2026/04/29 15:44:24,035000,11.476
2026/04/29 15:44:24,036000,11.476
2026/04/29 15:44:24,037000,11.482
2026/04/29 15:44:24,038000,11.473
2026/04/29 15:44:24,039000,11.482
2026/04/29 15:44:24,040000,11.482
2026/04/29 15:44:24,041000,11.476
2026/04/29 15:44:24,042000,11.471
2026/04/29 15:44:24,043000,11.479
2026/04/29 15:44:24,044000,11.482
2026/04/29 15:44:24,045000,11.479
2026/04/29 15:44:24,046000,11.479
2026/04/29 15:44:24,047000,11.476
2026/04/29 15:44:24,048000,11.479
2026/04/29 15:44:24,049000,11.482
2026/04/29 15:44:24,050000,11.479
2026/04/29 15:44:24,051000,11.476
2026/04/29 15:44:24,052000,11.482
2026/04/29 15:44:24,053000,11.485
2026/04/29 15:44:24,054000,11.473
2026/04/29 15:44:24,055000,11.482
2026/04/29 15:44:24,056000,11.479
2026/04/29 15:44:24,057000,11.479
2026/04/29 15:44:24,058000,11.476
2026/04/29 15:44:24,059000,11.476
2026/04/29 15:44:24,060000,11.479
2026/04/29 15:44:24,061000,11.482
2026/04/29 15:44:24,062000,11.479
2026/04/29 15:44:24,063000,11.476
2026/04/29 15:44:24,064000,11.476
2026/04/29 15:44:24,065000,11.482
2026/04/29 15:44:24,066000,11.479
2026/04/29 15:44:24,067000,11.482
2026/04/29 15:44:24,068000,11.479
2026/04/29 15:44:24,069000,11.482
2026/04/29 15:44:24,070000,11.473
2026/04/29 15:44:24,071000,11.479
2026/04/29 15:44:24,072000,11.476
2026/04/29 15:44:24,073000,11.482
2026/04/29 15:44:24,074000,11.473
2026/04/29 15:44:24,075000,11.479
2026/04/29 15:44:24,076000,11.482
2026/04/29 15:44:24,077000,11.468
2026/04/29 15:44:24,078000,11.479
2026/04/29 15:44:24,079000,11.473
2026/04/29 15:44:24,080000,11.476
2026/04/29 15:44:24,081000,11.482
2026/04/29 15:44:24,082000,11.482
2026/04/29 15:44:24,083000,11.473
2026/04/29 15:44:24,084000,11.479
2026/04/29 15:44:24,085000,11.473
2026/04/29 15:44:24,086000,11.482
2026/04/29 15:44:24,087000,11.476
2026/04/29 15:44:24,088000,11.471
2026/04/29 15:44:24,089000,11.482
2026/04/29 15:44:24,090000,11.473
2026/04/29 15:44:24,091000,11.476
2026/04/29 15:44:24,092000,11.471
2026/04/29 15:44:24,093000,11.479
2026/04/29 15:44:24,094000,11.479
2026/04/29 15:44:24,095000,11.479
2026/04/29 15:44:24,096000,11.476
2026/04/29 15:44:24,097000,11.476
2026/04/29 15:44:24,098000,11.479
2026/04/29 15:44:24,099000,11.476
2026/04/29 15:44:24,100000,11.479
2026/04/29 15:44:24,101000,11.479
2026/04/29 15:44:24,102000,11.473
2026/04/29 15:44:24,103000,11.479
2026/04/29 15:44:24,104000,11.476
2026/04/29 15:44:24,105000,11.479
2026/04/29 15:44:24,106000,11.482
2026/04/29 15:44:24,107000,11.471
2026/04/29 15:44:24,108000,11.476
2026/04/29 15:44:24,109000,11.482
2026/04/29 15:44:24,110000,11.479
2026/04/29 15:44:24,111000,11.471
2026/04/29 15:44:24,112000,11.485
2026/04/29 15:44:24,113000,11.476
2026/04/29 15:44:24,114000,11.471
2026/04/29 15:44:24,115000,11.476
2026/04/29 15:44:24,116000,11.476
2026/04/29 15:44:24,117000,11.482
2026/04/29 15:44:24,118000,11.476
2026/04/29 15:44:24,119000,11.479
2026/04/29 15:44:24,120000,11.479
2026/04/29 15:44:24,121000,11.476
2026/04/29 15:44:24,122000,11.476
2026/04/29 15:44:24,123000,11.479
2026/04/29 15:44:24,124000,11.476
2026/04/29 15:44:24,125000,11.476
2026/04/29 15:44:24,126000,11.479
2026/04/29 15:44:24,127000,11.476
2026/04/29 15:44:24,128000,11.476
2026/04/29 15:44:24,129000,11.479
2026/04/29 15:44:24,130000,11.476
2026/04/29 15:44:24,131000,11.476
2026/04/29 15:44:24,132000,11.473
2026/04/29 15:44:24,133000,11.482
2026/04/29 15:44:24,134000,11.476
2026/04/29 15:44:24,135000,11.471
2026/04/29 15:44:24,136000,11.479
2026/04/29 15:44:24,137000,11.476
2026/04/29 15:44:24,138000,11.479
2026/04/29 15:44:24,139000,11.482
2026/04/29 15:44:24,140000,11.479
2026/04/29 15:44:24,141000,11.479
2026/04/29 15:44:24,142000,11.473
2026/04/29 15:44:24,143000,11.471
2026/04/29 15:44:24,144000,11.476
2026/04/29 15:44:24,145000,11.476
2026/04/29 15:44:24,146000,11.476
2026/04/29 15:44:24,147000,11.479
2026/04/29 15:44:24,148000,11.476
2026/04/29 15:44:24,149000,11.476
2026/04/29 15:44:24,150000,11.479
2026/04/29 15:44:24,151000,11.471
2026/04/29 15:44:24,152000,11.482
2026/04/29 15:44:24,153000,11.476
2026/04/29 15:44:24,154000,11.476
2026/04/29 15:44:24,155000,11.482
2026/04/29 15:44:24,156000,11.476
2026/04/29 15:44:24,157000,11.473
2026/04/29 15:44:24,158000,11.476
2026/04/29 15:44:24,159000,11.479
2026/04/29 15:44:24,160000,11.476
2026/04/29 15:44:24,161000,11.476
2026/04/29 15:44:24,162000,11.482
2026/04/29 15:44:24,163000,11.471
2026/04/29 15:44:24,164000,11.476
2026/04/29 15:44:24,165000,11.479
2026/04/29 15:44:24,166000,11.473
2026/04/29 15:44:24,167000,11.482
2026/04/29 15:44:24,168000,11.479
2026/04/29 15:44:24,169000,11.476
2026/04/29 15:44:24,170000,11.482
2026/04/29 15:44:24,171000,11.476
2026/04/29 15:44:24,172000,11.476
2026/04/29 15:44:24,173000,11.476
2026/04/29 15:44:24,174000,11.482
2026/04/29 15:44:24,175000,11.471
2026/04/29 15:44:24,176000,11.479
2026/04/29 15:44:24,177000,11.471
2026/04/29 15:44:24,178000,11.471
2026/04/29 15:44:24,179000,11.476
2026/04/29 15:44:24,180000,11.479
2026/04/29 15:44:24,181000,11.482
2026/04/29 15:44:24,182000,11.471
2026/04/29 15:44:24,183000,11.476
2026/04/29 15:44:24,184000,11.476
2026/04/29 15:44:24,185000,11.473
2026/04/29 15:44:24,186000,11.476
2026/04/29 15:44:24,187000,11.476
2026/04/29 15:44:24,188000,11.479
2026/04/29 15:44:24,189000,11.482
2026/04/29 15:44:24,190000,11.479
2026/04/29 15:44:24,191000,11.479
2026/04/29 15:44:24,192000,11.485
2026/04/29 15:44:24,193000,11.479
2026/04/29 15:44:24,194000,11.476
2026/04/29 15:44:24,195000,11.482
2026/04/29 15:44:24,196000,11.471
2026/04/29 15:44:24,197000,11.476
2026/04/29 15:44:24,198000,11.476
2026/04/29 15:44:24,199000,11.482
2026/04/29 15:44:24,200000,11.479
2026/04/29 15:44:24,201000,11.471
2026/04/29 15:44:24,202000,11.476
2026/04/29 15:44:24,203000,11.471
2026/04/29 15:44:24,204000,11.479
2026/04/29 15:44:24,205000,11.471
2026/04/29 15:44:24,206000,11.471
2026/04/29 15:44:24,207000,11.473
2026/04/29 15:44:24,208000,11.471
2026/04/29 15:44:24,209000,11.471
2026/04/29 15:44:24,210000,11.482
2026/04/29 15:44:24,211000,11.476
2026/04/29 15:44:24,212000,11.479
2026/04/29 15:44:24,213000,11.482
2026/04/29 15:44:24,214000,11.476
2026/04/29 15:44:24,215000,11.471
2026/04/29 15:44:24,216000,11.476
2026/04/29 15:44:24,217000,11.476
2026/04/29 15:44:24,218000,11.479
2026/04/29 15:44:24,219000,11.476
2026/04/29 15:44:24,220000,11.476
2026/04/29 15:44:24,221000,11.476
2026/04/29 15:44:24,222000,11.479
2026/04/29 15:44:24,223000,11.476
2026/04/29 15:44:24,224000,11.476
2026/04/29 15:44:24,225000,11.476
2026/04/29 15:44:24,226000,11.476
2026/04/29 15:44:24,227000,11.471
2026/04/29 15:44:24,228000,11.476
2026/04/29 15:44:24,229000,11.479
2026/04/29 15:44:24,230000,11.482
2026/04/29 15:44:24,231000,11.479
2026/04/29 15:44:24,232000,11.479
2026/04/29 15:44:24,233000,11.471
2026/04/29 15:44:24,234000,11.476
2026/04/29 15:44:24,235000,11.476
2026/04/29 15:44:24,236000,11.476
2026/04/29 15:44:24,237000,11.476
2026/04/29 15:44:24,238000,11.479
2026/04/29 15:44:24,239000,11.487
2026/04/29 15:44:24,240000,11.471
2026/04/29 15:44:24,241000,11.476
2026/04/29 15:44:24,242000,11.482
2026/04/29 15:44:24,243000,11.476
2026/04/29 15:44:24,244000,11.476
2026/04/29 15:44:24,245000,11.473
2026/04/29 15:44:24,246000,11.476
2026/04/29 15:44:24,247000,11.479
2026/04/29 15:44:24,248000,11.471
2026/04/29 15:44:24,249000,11.473
2026/04/29 15:44:24,250000,11.476
2026/04/29 15:44:24,251000,11.471
2026/04/29 15:44:24,252000,11.487
2026/04/29 15:44:24,253000,11.479
2026/04/29 15:44:24,254000,11.476
2026/04/29 15:44:24,255000,11.479
2026/04/29 15:44:24,256000,11.476
2026/04/29 15:44:24,257000,11.476
2026/04/29 15:44:24,258000,11.476
2026/04/29 15:44:24,259000,11.476
2026/04/29 15:44:24,260000,11.479
2026/04/29 15:44:24,261000,11.473
2026/04/29 15:44:24,262000,11.479
2026/04/29 15:44:24,263000,11.485
2026/04/29 15:44:24,264000,11.476
2026/04/29 15:44:24,265000,11.471
2026/04/29 15:44:24,266000,11.482
2026/04/29 15:44:24,267000,11.471
2026/04/29 15:44:24,268000,11.471
2026/04/29 15:44:24,269000,11.476
2026/04/29 15:44:24,270000,11.471
2026/04/29 15:44:24,271000,11.471
2026/04/29 15:44:24,272000,11.476
2026/04/29 15:44:24,273000,11.476
2026/04/29 15:44:24,274000,11.476
2026/04/29 15:44:24,275000,11.471
2026/04/29 15:44:24,276000,11.479
2026/04/29 15:44:24,277000,11.479
2026/04/29 15:44:24,278000,11.476
2026/04/29 15:44:24,279000,11.479
2026/04/29 15:44:24,280000,11.479
2026/04/29 15:44:24,281000,11.482
2026/04/29 15:44:24,282000,11.479
2026/04/29 15:44:24,283000,11.476
2026/04/29 15:44:24,284000,11.482
2026/04/29 15:44:24,285000,11.479
2026/04/29 15:44:24,286000,11.476
2026/04/29 15:44:24,287000,11.482
2026/04/29 15:44:24,288000,11.479
2026/04/29 15:44:24,289000,11.471
2026/04/29 15:44:24,290000,11.482
2026/04/29 15:44:24,291000,11.479
2026/04/29 15:44:24,292000,11.473
2026/04/29 15:44:24,293000,11.479
2026/04/29 15:44:24,294000,11.473
2026/04/29 15:44:24,295000,11.479
2026/04/29 15:44:24,296000,11.471
2026/04/29 15:44:24,297000,11.476
2026/04/29 15:44:24,298000,11.476
2026/04/29 15:44:24,299000,11.473
2026/04/29 15:44:24,300000,11.471
2026/04/29 15:44:24,301000,11.473
2026/04/29 15:44:24,302000,11.482
2026/04/29 15:44:24,303000,11.473
2026/04/29 15:44:24,304000,11.479
2026/04/29 15:44:24,305000,11.479
2026/04/29 15:44:24,306000,11.476
2026/04/29 15:44:24,307000,11.476
2026/04/29 15:44:24,308000,11.476
2026/04/29 15:44:24,309000,11.476
2026/04/29 15:44:24,310000,11.479
2026/04/29 15:44:24,311000,11.476
2026/04/29 15:44:24,312000,11.482
2026/04/29 15:44:24,313000,11.482
2026/04/29 15:44:24,314000,11.479
2026/04/29 15:44:24,315000,11.476
2026/04/29 15:44:24,316000,11.471
2026/04/29 15:44:24,317000,11.476
2026/04/29 15:44:24,318000,11.479
2026/04/29 15:44:24,319000,11.476
2026/04/29 15:44:24,320000,11.471
2026/04/29 15:44:24,321000,11.482
2026/04/29 15:44:24,322000,11.479
2026/04/29 15:44:24,323000,11.479
2026/04/29 15:44:24,324000,11.471
2026/04/29 15:44:24,325000,11.473
2026/04/29 15:44:24,326000,11.476
2026/04/29 15:44:24,327000,11.479
2026/04/29 15:44:24,328000,11.482
2026/04/29 15:44:24,329000,11.482
2026/04/29 15:44:24,330000,11.473
2026/04/29 15:44:24,331000,11.471
2026/04/29 15:44:24,332000,11.473
2026/04/29 15:44:24,333000,11.479
2026/04/29 15:44:24,334000,11.479
2026/04/29 15:44:24,335000,11.476
2026/04/29 15:44:24,336000,11.476
2026/04/29 15:44:24,337000,11.471
2026/04/29 15:44:24,338000,11.471
2026/04/29 15:44:24,339000,11.473
2026/04/29 15:44:24,340000,11.493
2026/04/29 15:44:24,341000,11.471
2026/04/29 15:44:24,342000,11.479
2026/04/29 15:44:24,343000,11.479
2026/04/29 15:44:24,344000,11.476
2026/04/29 15:44:24,345000,11.471
2026/04/29 15:44:24,346000,11.476
2026/04/29 15:44:24,347000,11.476
2026/04/29 15:44:24,348000,11.479
2026/04/29 15:44:24,349000,11.473
2026/04/29 15:44:24,350000,11.471
2026/04/29 15:44:24,351000,11.479
2026/04/29 15:44:24,352000,11.479
2026/04/29 15:44:24,353000,11.479
2026/04/29 15:44:24,354000,11.479
2026/04/29 15:44:24,355000,11.479
2026/04/29 15:44:24,356000,11.471
2026/04/29 15:44:24,357000,11.476
2026/04/29 15:44:24,358000,11.482
2026/04/29 15:44:24,359000,11.479
2026/04/29 15:44:24,360000,11.479
2026/04/29 15:44:24,361000,11.471
2026/04/29 15:44:24,362000,11.485
2026/04/29 15:44:24,363000,11.476
2026/04/29 15:44:24,364000,11.468
2026/04/29 15:44:24,365000,11.479
2026/04/29 15:44:24,366000,11.479
2026/04/29 15:44:24,367000,11.485
2026/04/29 15:44:24,368000,11.479
2026/04/29 15:44:24,369000,11.471
2026/04/29 15:44:24,370000,11.479
2026/04/29 15:44:24,371000,11.476
2026/04/29 15:44:24,372000,11.479
2026/04/29 15:44:24,373000,11.471
2026/04/29 15:44:24,374000,11.476
2026/04/29 15:44:24,375000,11.479
2026/04/29 15:44:24,376000,11.479
2026/04/29 15:44:24,377000,11.479
2026/04/29 15:44:24,378000,11.471
2026/04/29 15:44:24,379000,11.482
2026/04/29 15:44:24,380000,11.476
2026/04/29 15:44:24,381000,11.476
2026/04/29 15:44:24,382000,11.476
2026/04/29 15:44:24,383000,11.476
2026/04/29 15:44:24,384000,11.473
2026/04/29 15:44:24,385000,11.482
2026/04/29 15:44:24,386000,11.479
2026/04/29 15:44:24,387000,11.482
2026/04/29 15:44:24,388000,11.476
2026/04/29 15:44:24,389000,11.471
2026/04/29 15:44:24,390000,11.482
2026/04/29 15:44:24,391000,11.471
2026/04/29 15:44:24,392000,11.479
2026/04/29 15:44:24,393000,11.471
2026/04/29 15:44:24,394000,11.479
2026/04/29 15:44:24,395000,11.476
2026/04/29 15:44:24,396000,11.482
2026/04/29 15:44:24,397000,11.473
2026/04/29 15:44:24,398000,11.471
2026/04/29 15:44:24,399000,11.471
2026/04/29 15:44:24,400000,11.471
2026/04/29 15:44:24,401000,11.471
2026/04/29 15:44:24,402000,11.476
2026/04/29 15:44:24,403000,11.471
2026/04/29 15:44:24,404000,11.473
2026/04/29 15:44:24,405000,11.479
2026/04/29 15:44:24,406000,11.476
2026/04/29 15:44:24,407000,11.476
2026/04/29 15:44:24,408000,11.476
2026/04/29 15:44:24,409000,11.482
2026/04/29 15:44:24,410000,11.479
2026/04/29 15:44:24,411000,11.482
2026/04/29 15:44:24,412000,11.482
2026/04/29 15:44:24,413000,11.485
2026/04/29 15:44:24,414000,11.482
2026/04/29 15:44:24,415000,11.479
2026/04/29 15:44:24,416000,11.476
2026/04/29 15:44:24,417000,11.471
2026/04/29 15:44:24,418000,11.482
2026/04/29 15:44:24,419000,11.485
2026/04/29 15:44:24,420000,11.473
2026/04/29 15:44:24,421000,11.479
2026/04/29 15:44:24,422000,11.473
2026/04/29 15:44:24,423000,11.482
2026/04/29 15:44:24,424000,11.476
2026/04/29 15:44:24,425000,11.479
2026/04/29 15:44:24,426000,11.473
2026/04/29 15:44:24,427000,11.479
2026/04/29 15:44:24,428000,11.479
2026/04/29 15:44:24,429000,11.479
2026/04/29 15:44:24,430000,11.476
2026/04/29 15:44:24,431000,11.485
2026/04/29 15:44:24,432000,11.479
2026/04/29 15:44:24,433000,11.476
2026/04/29 15:44:24,434000,11.479
2026/04/29 15:44:24,435000,11.482
2026/04/29 15:44:24,436000,11.482
2026/04/29 15:44:24,437000,11.482
2026/04/29 15:44:24,438000,11.479
2026/04/29 15:44:24,439000,11.479
2026/04/29 15:44:24,440000,11.482
2026/04/29 15:44:24,441000,11.476
2026/04/29 15:44:24,442000,11.479
2026/04/29 15:44:24,443000,11.476
2026/04/29 15:44:24,444000,11.482
2026/04/29 15:44:24,445000,11.479
2026/04/29 15:44:24,446000,11.482
2026/04/29 15:44:24,447000,11.482
2026/04/29 15:44:24,448000,11.471
2026/04/29 15:44:24,449000,11.479
2026/04/29 15:44:24,450000,11.479
2026/04/29 15:44:24,451000,11.476
2026/04/29 15:44:24,452000,11.471
2026/04/29 15:44:24,453000,11.482
2026/04/29 15:44:24,454000,11.482
2026/04/29 15:44:24,455000,11.479
2026/04/29 15:44:24,456000,11.482
2026/04/29 15:44:24,457000,11.485
2026/04/29 15:44:24,458000,11.482
2026/04/29 15:44:24,459000,11.479
2026/04/29 15:44:24,460000,11.476
2026/04/29 15:44:24,461000,11.482
2026/04/29 15:44:24,462000,11.482
2026/04/29 15:44:24,463000,11.476
2026/04/29 15:44:24,464000,11.482
2026/04/29 15:44:24,465000,11.482
2026/04/29 15:44:24,466000,11.476
2026/04/29 15:44:24,467000,11.482
2026/04/29 15:44:24,468000,11.482
2026/04/29 15:44:24,469000,11.485
2026/04/29 15:44:24,470000,11.479
2026/04/29 15:44:24,471000,11.482
2026/04/29 15:44:24,472000,11.479
2026/04/29 15:44:24,473000,11.476
2026/04/29 15:44:24,474000,11.479
2026/04/29 15:44:24,475000,11.482
2026/04/29 15:44:24,476000,11.479
2026/04/29 15:44:24,477000,11.479
2026/04/29 15:44:24,478000,11.482
2026/04/29 15:44:24,479000,11.476
2026/04/29 15:44:24,480000,11.473
2026/04/29 15:44:24,481000,11.471
2026/04/29 15:44:24,482000,11.471
2026/04/29 15:44:24,483000,11.479
2026/04/29 15:44:24,484000,11.471
2026/04/29 15:44:24,485000,11.482
2026/04/29 15:44:24,486000,11.482
2026/04/29 15:44:24,487000,11.476
2026/04/29 15:44:24,488000,11.471
2026/04/29 15:44:24,489000,11.479
2026/04/29 15:44:24,490000,11.479
2026/04/29 15:44:24,491000,11.476
2026/04/29 15:44:24,492000,11.479
2026/04/29 15:44:24,493000,11.482
2026/04/29 15:44:24,494000,11.479
2026/04/29 15:44:24,495000,11.471
2026/04/29 15:44:24,496000,11.482
2026/04/29 15:44:24,497000,11.476
2026/04/29 15:44:24,498000,11.482
2026/04/29 15:44:24,499000,11.479
2026/04/29 15:44:24,500000,11.482
2026/04/29 15:44:24,501000,11.479
2026/04/29 15:44:24,502000,11.479
2026/04/29 15:44:24,503000,11.482
2026/04/29 15:44:24,504000,11.476
2026/04/29 15:44:24,505000,11.476
2026/04/29 15:44:24,506000,11.482
2026/04/29 15:44:24,507000,11.476
2026/04/29 15:44:24,508000,11.476
2026/04/29 15:44:24,509000,11.471
2026/04/29 15:44:24,510000,11.476
2026/04/29 15:44:24,511000,11.482
2026/04/29 15:44:24,512000,11.473
2026/04/29 15:44:24,513000,11.471
2026/04/29 15:44:24,514000,11.482
2026/04/29 15:44:24,515000,11.479
2026/04/29 15:44:24,516000,11.476
2026/04/29 15:44:24,517000,11.479
2026/04/29 15:44:24,518000,11.479
2026/04/29 15:44:24,519000,11.476
2026/04/29 15:44:24,520000,11.471
2026/04/29 15:44:24,521000,11.476
2026/04/29 15:44:24,522000,11.479
2026/04/29 15:44:24,523000,11.476
2026/04/29 15:44:24,524000,11.476
2026/04/29 15:44:24,525000,11.485
2026/04/29 15:44:24,526000,11.479
2026/04/29 15:44:24,527000,11.476
2026/04/29 15:44:24,528000,11.482
2026/04/29 15:44:24,529000,11.482
2026/04/29 15:44:24,530000,11.479
2026/04/29 15:44:24,531000,11.479
2026/04/29 15:44:24,532000,11.479
2026/04/29 15:44:24,533000,11.479
2026/04/29 15:44:24,534000,11.479
2026/04/29 15:44:24,535000,11.476
2026/04/29 15:44:24,536000,11.482
2026/04/29 15:44:24,537000,11.476
2026/04/29 15:44:24,538000,11.476
2026/04/29 15:44:24,539000,11.476
2026/04/29 15:44:24,540000,11.476
2026/04/29 15:44:24,541000,11.476
2026/04/29 15:44:24,542000,11.476
2026/04/29 15:44:24,543000,11.471
2026/04/29 15:44:24,544000,11.476
2026/04/29 15:44:24,545000,11.482
2026/04/29 15:44:24,546000,11.479
2026/04/29 15:44:24,547000,11.482
2026/04/29 15:44:24,548000,11.476
2026/04/29 15:44:24,549000,11.476
2026/04/29 15:44:24,550000,11.476
2026/04/29 15:44:24,551000,11.471
2026/04/29 15:44:24,552000,11.476
2026/04/29 15:44:24,553000,11.482
2026/04/29 15:44:24,554000,11.479
2026/04/29 15:44:24,555000,11.479
2026/04/29 15:44:24,556000,11.476
2026/04/29 15:44:24,557000,11.479
2026/04/29 15:44:24,558000,11.471
2026/04/29 15:44:24,559000,11.476
2026/04/29 15:44:24,560000,11.473
2026/04/29 15:44:24,561000,11.476
2026/04/29 15:44:24,562000,11.476
2026/04/29 15:44:24,563000,11.471
2026/04/29 15:44:24,564000,11.471
2026/04/29 15:44:24,565000,11.479
2026/04/29 15:44:24,566000,11.476
2026/04/29 15:44:24,567000,11.482
2026/04/29 15:44:24,568000,11.479
2026/04/29 15:44:24,569000,11.482
2026/04/29 15:44:24,570000,11.473
2026/04/29 15:44:24,571000,11.476
2026/04/29 15:44:24,572000,11.479
2026/04/29 15:44:24,573000,11.479
2026/04/29 15:44:24,574000,11.485
2026/04/29 15:44:24,575000,11.482
2026/04/29 15:44:24,576000,11.479
2026/04/29 15:44:24,577000,11.482
2026/04/29 15:44:24,578000,11.479
2026/04/29 15:44:24,579000,11.482
2026/04/29 15:44:24,580000,11.476
2026/04/29 15:44:24,581000,11.476
2026/04/29 15:44:24,582000,11.471
2026/04/29 15:44:24,583000,11.476
2026/04/29 15:44:24,584000,11.473
2026/04/29 15:44:24,585000,11.473
2026/04/29 15:44:24,586000,11.471
2026/04/29 15:44:24,587000,11.482
2026/04/29 15:44:24,588000,11.479
2026/04/29 15:44:24,589000,11.468
2026/04/29 15:44:24,590000,11.479
2026/04/29 15:44:24,591000,11.473
2026/04/29 15:44:24,592000,11.476
2026/04/29 15:44:24,593000,11.471
2026/04/29 15:44:24,594000,11.471
2026/04/29 15:44:24,595000,11.485
2026/04/29 15:44:24,596000,11.479
2026/04/29 15:44:24,597000,11.476
2026/04/29 15:44:24,598000,11.476
2026/04/29 15:44:24,599000,11.479
2026/04/29 15:44:24,600000,11.471
2026/04/29 15:44:24,601000,11.479
2026/04/29 15:44:24,602000,11.476
2026/04/29 15:44:24,603000,11.479
2026/04/29 15:44:24,604000,11.476
2026/04/29 15:44:24,605000,11.479
2026/04/29 15:44:24,606000,11.482
2026/04/29 15:44:24,607000,11.476
2026/04/29 15:44:24,608000,11.479
2026/04/29 15:44:24,609000,11.479
2026/04/29 15:44:24,610000,11.468
2026/04/29 15:44:24,611000,11.476
2026/04/29 15:44:24,612000,11.471
2026/04/29 15:44:24,613000,11.482
2026/04/29 15:44:24,614000,11.476
2026/04/29 15:44:24,615000,11.471
2026/04/29 15:44:24,616000,11.476
2026/04/29 15:44:24,617000,11.482
2026/04/29 15:44:24,618000,11.471
2026/04/29 15:44:24,619000,11.476
2026/04/29 15:44:24,620000,11.482
2026/04/29 15:44:24,621000,11.476
2026/04/29 15:44:24,622000,11.476
2026/04/29 15:44:24,623000,11.479
2026/04/29 15:44:24,624000,11.476
2026/04/29 15:44:24,625000,11.476
2026/04/29 15:44:24,626000,11.479
2026/04/29 15:44:24,627000,11.476
2026/04/29 15:44:24,628000,11.476
2026/04/29 15:44:24,629000,11.471
2026/04/29 15:44:24,630000,11.476
2026/04/29 15:44:24,631000,11.473
2026/04/29 15:44:24,632000,11.476
2026/04/29 15:44:24,633000,11.476
2026/04/29 15:44:24,634000,11.479
2026/04/29 15:44:24,635000,11.471
2026/04/29 15:44:24,636000,11.473
2026/04/29 15:44:24,637000,11.471
2026/04/29 15:44:24,638000,11.471
2026/04/29 15:44:24,639000,11.471
2026/04/29 15:44:24,640000,11.476
2026/04/29 15:44:24,641000,11.476
2026/04/29 15:44:24,642000,11.471
2026/04/29 15:44:24,643000,11.476
2026/04/29 15:44:24,644000,11.473
2026/04/29 15:44:24,645000,11.476
2026/04/29 15:44:24,646000,11.476
2026/04/29 15:44:24,647000,11.482
2026/04/29 15:44:24,648000,11.479
2026/04/29 15:44:24,649000,11.476
2026/04/29 15:44:24,650000,11.476
2026/04/29 15:44:24,651000,11.471
2026/04/29 15:44:24,652000,11.473
2026/04/29 15:44:24,653000,11.476
2026/04/29 15:44:24,654000,11.479
2026/04/29 15:44:24,655000,11.476
2026/04/29 15:44:24,656000,11.471
2026/04/29 15:44:24,657000,11.471
2026/04/29 15:44:24,658000,11.476
2026/04/29 15:44:24,659000,11.479
2026/04/29 15:44:24,660000,11.482
2026/04/29 15:44:24,661000,11.479
2026/04/29 15:44:24,662000,11.479
2026/04/29 15:44:24,663000,11.471
2026/04/29 15:44:24,664000,11.479
2026/04/29 15:44:24,665000,11.476
2026/04/29 15:44:24,666000,11.476
2026/04/29 15:44:24,667000,11.479
2026/04/29 15:44:24,668000,11.476
2026/04/29 15:44:24,669000,11.482
2026/04/29 15:44:24,670000,11.479
2026/04/29 15:44:24,671000,11.473
2026/04/29 15:44:24,672000,11.476
2026/04/29 15:44:24,673000,11.471
2026/04/29 15:44:24,674000,11.476
2026/04/29 15:44:24,675000,11.473
2026/04/29 15:44:24,676000,11.476
2026/04/29 15:44:24,677000,11.479
2026/04/29 15:44:24,678000,11.479
2026/04/29 15:44:24,679000,11.471
2026/04/29 15:44:24,680000,11.471
2026/04/29 15:44:24,681000,11.479
2026/04/29 15:44:24,682000,11.476
2026/04/29 15:44:24,683000,11.473
2026/04/29 15:44:24,684000,11.476
2026/04/29 15:44:24,685000,11.479
2026/04/29 15:44:24,686000,11.473
2026/04/29 15:44:24,687000,11.471
2026/04/29 15:44:24,688000,11.482
2026/04/29 15:44:24,689000,11.482
2026/04/29 15:44:24,690000,11.485
2026/04/29 15:44:24,691000,11.485
2026/04/29 15:44:24,692000,11.473
2026/04/29 15:44:24,693000,11.471
2026/04/29 15:44:24,694000,11.471
2026/04/29 15:44:24,695000,11.476
2026/04/29 15:44:24,696000,11.482
2026/04/29 15:44:24,697000,11.479
2026/04/29 15:44:24,698000,11.471
2026/04/29 15:44:24,699000,11.479
2026/04/29 15:44:24,700000,11.482
2026/04/29 15:44:24,701000,11.479
2026/04/29 15:44:24,702000,11.476
2026/04/29 15:44:24,703000,11.479
2026/04/29 15:44:24,704000,11.479
2026/04/29 15:44:24,705000,11.476
2026/04/29 15:44:24,706000,11.479
2026/04/29 15:44:24,707000,11.482
2026/04/29 15:44:24,708000,11.473
2026/04/29 15:44:24,709000,11.482
2026/04/29 15:44:24,710000,11.479
2026/04/29 15:44:24,711000,11.479
2026/04/29 15:44:24,712000,11.479
2026/04/29 15:44:24,713000,11.471
2026/04/29 15:44:24,714000,11.476
2026/04/29 15:44:24,715000,11.482
2026/04/29 15:44:24,716000,11.485
2026/04/29 15:44:24,717000,11.471
2026/04/29 15:44:24,718000,11.476
2026/04/29 15:44:24,719000,11.473
2026/04/29 15:44:24,720000,11.479
2026/04/29 15:44:24,721000,11.476
2026/04/29 15:44:24,722000,11.476
2026/04/29 15:44:24,723000,11.471
2026/04/29 15:44:24,724000,11.479
2026/04/29 15:44:24,725000,11.476
2026/04/29 15:44:24,726000,11.473
2026/04/29 15:44:24,727000,11.476
2026/04/29 15:44:24,728000,11.482
2026/04/29 15:44:24,729000,11.479
2026/04/29 15:44:24,730000,11.471
2026/04/29 15:44:24,731000,11.476
2026/04/29 15:44:24,732000,11.476
2026/04/29 15:44:24,733000,11.476
2026/04/29 15:44:24,734000,11.476
2026/04/29 15:44:24,735000,11.476
2026/04/29 15:44:24,736000,11.476
2026/04/29 15:44:24,737000,11.476
2026/04/29 15:44:24,738000,11.476
2026/04/29 15:44:24,739000,11.476
2026/04/29 15:44:24,740000,11.476
2026/04/29 15:44:24,741000,11.476
2026/04/29 15:44:24,742000,11.482
2026/04/29 15:44:24,743000,11.482
2026/04/29 15:44:24,744000,11.479
2026/04/29 15:44:24,745000,11.476
2026/04/29 15:44:24,746000,11.471
2026/04/29 15:44:24,747000,11.476
2026/04/29 15:44:24,748000,11.471
2026/04/29 15:44:24,749000,11.471
2026/04/29 15:44:24,750000,11.465
2026/04/29 15:44:24,751000,11.479
2026/04/29 15:44:24,752000,11.476
2026/04/29 15:44:24,753000,11.482
2026/04/29 15:44:24,754000,11.485
2026/04/29 15:44:24,755000,11.471
2026/04/29 15:44:24,756000,11.476
2026/04/29 15:44:24,757000,11.473
2026/04/29 15:44:24,758000,11.476
2026/04/29 15:44:24,759000,11.476
2026/04/29 15:44:24,760000,11.479
2026/04/29 15:44:24,761000,11.476
2026/04/29 15:44:24,762000,11.476
2026/04/29 15:44:24,763000,11.479
2026/04/29 15:44:24,764000,11.479
2026/04/29 15:44:24,765000,11.473
2026/04/29 15:44:24,766000,11.482
2026/04/29 15:44:24,767000,11.479
2026/04/29 15:44:24,768000,11.476
2026/04/29 15:44:24,769000,11.482
2026/04/29 15:44:24,770000,11.476
2026/04/29 15:44:24,771000,11.476
2026/04/29 15:44:24,772000,11.482
2026/04/29 15:44:24,773000,11.479
2026/04/29 15:44:24,774000,11.482
2026/04/29 15:44:24,775000,11.476
2026/04/29 15:44:24,776000,11.482
2026/04/29 15:44:24,777000,11.482
2026/04/29 15:44:24,778000,11.473
2026/04/29 15:44:24,779000,11.479
2026/04/29 15:44:24,780000,11.479
2026/04/29 15:44:24,781000,11.471
2026/04/29 15:44:24,782000,11.476
2026/04/29 15:44:24,783000,11.471
2026/04/29 15:44:24,784000,11.476
2026/04/29 15:44:24,785000,11.471
2026/04/29 15:44:24,786000,11.471
2026/04/29 15:44:24,787000,11.473
2026/04/29 15:44:24,788000,11.482
2026/04/29 15:44:24,789000,11.479
2026/04/29 15:44:24,790000,11.482
2026/04/29 15:44:24,791000,11.471
2026/04/29 15:44:24,792000,11.479
2026/04/29 15:44:24,793000,11.476
2026/04/29 15:44:24,794000,11.479
2026/04/29 15:44:24,795000,11.482
2026/04/29 15:44:24,796000,11.473
2026/04/29 15:44:24,797000,11.482
2026/04/29 15:44:24,798000,11.479
2026/04/29 15:44:24,799000,11.479
2026/04/29 15:44:24,800000,11.476
2026/04/29 15:44:24,801000,11.479
2026/04/29 15:44:24,802000,11.479
2026/04/29 15:44:24,803000,11.476
2026/04/29 15:44:24,804000,11.482
2026/04/29 15:44:24,805000,11.479
2026/04/29 15:44:24,806000,11.482
2026/04/29 15:44:24,807000,11.476
2026/04/29 15:44:24,808000,11.471
2026/04/29 15:44:24,809000,11.479
2026/04/29 15:44:24,810000,11.482
2026/04/29 15:44:24,811000,11.479
2026/04/29 15:44:24,812000,11.479
2026/04/29 15:44:24,813000,11.471
2026/04/29 15:44:24,814000,11.471
2026/04/29 15:44:24,815000,11.479
2026/04/29 15:44:24,816000,11.479
2026/04/29 15:44:24,817000,11.479
2026/04/29 15:44:24,818000,11.479
2026/04/29 15:44:24,819000,11.479
2026/04/29 15:44:24,820000,11.479
2026/04/29 15:44:24,821000,11.476
2026/04/29 15:44:24,822000,11.479
2026/04/29 15:44:24,823000,11.476
2026/04/29 15:44:24,824000,11.473
2026/04/29 15:44:24,825000,11.479
2026/04/29 15:44:24,826000,11.479
2026/04/29 15:44:24,827000,11.485
2026/04/29 15:44:24,828000,11.476
2026/04/29 15:44:24,829000,11.473
2026/04/29 15:44:24,830000,11.482
2026/04/29 15:44:24,831000,11.482
2026/04/29 15:44:24,832000,11.479
2026/04/29 15:44:24,833000,11.485
2026/04/29 15:44:24,834000,11.482
2026/04/29 15:44:24,835000,11.482
2026/04/29 15:44:24,836000,11.476
2026/04/29 15:44:24,837000,11.471
2026/04/29 15:44:24,838000,11.479
2026/04/29 15:44:24,839000,11.479
2026/04/29 15:44:24,840000,11.479
2026/04/29 15:44:24,841000,11.476
2026/04/29 15:44:24,842000,11.476
2026/04/29 15:44:24,843000,11.482
2026/04/29 15:44:24,844000,11.479
2026/04/29 15:44:24,845000,11.479
2026/04/29 15:44:24,846000,11.479
2026/04/29 15:44:24,847000,11.476
2026/04/29 15:44:24,848000,11.482
2026/04/29 15:44:24,849000,11.479
2026/04/29 15:44:24,850000,11.476
2026/04/29 15:44:24,851000,11.476
2026/04/29 15:44:24,852000,11.479
2026/04/29 15:44:24,853000,11.473
2026/04/29 15:44:24,854000,11.482
2026/04/29 15:44:24,855000,11.476
2026/04/29 15:44:24,856000,11.479
2026/04/29 15:44:24,857000,11.476
2026/04/29 15:44:24,858000,11.476
2026/04/29 15:44:24,859000,11.476
2026/04/29 15:44:24,860000,11.479
2026/04/29 15:44:24,861000,11.476
2026/04/29 15:44:24,862000,11.479
2026/04/29 15:44:24,863000,11.479
2026/04/29 15:44:24,864000,11.471
2026/04/29 15:44:24,865000,11.476
2026/04/29 15:44:24,866000,11.476
2026/04/29 15:44:24,867000,11.479
2026/04/29 15:44:24,868000,11.471
2026/04/29 15:44:24,869000,11.482
2026/04/29 15:44:24,870000,11.479
2026/04/29 15:44:24,871000,11.476
2026/04/29 15:44:24,872000,11.479
2026/04/29 15:44:24,873000,11.476
2026/04/29 15:44:24,874000,11.473
2026/04/29 15:44:24,875000,11.482
2026/04/29 15:44:24,876000,11.485
2026/04/29 15:44:24,877000,11.479
2026/04/29 15:44:24,878000,11.476
2026/04/29 15:44:24,879000,11.479
2026/04/29 15:44:24,880000,11.476
2026/04/29 15:44:24,881000,11.479
2026/04/29 15:44:24,882000,11.476
2026/04/29 15:44:24,883000,11.479
2026/04/29 15:44:24,884000,11.476
2026/04/29 15:44:24,885000,11.468
2026/04/29 15:44:24,886000,11.479
2026/04/29 15:44:24,887000,11.476
2026/04/29 15:44:24,888000,11.479
2026/04/29 15:44:24,889000,11.479
2026/04/29 15:44:24,890000,11.476
2026/04/29 15:44:24,891000,11.479
2026/04/29 15:44:24,892000,11.479
2026/04/29 15:44:24,893000,11.482
2026/04/29 15:44:24,894000,11.482
2026/04/29 15:44:24,895000,11.479
2026/04/29 15:44:24,896000,11.482
2026/04/29 15:44:24,897000,11.479
2026/04/29 15:44:24,898000,11.482
2026/04/29 15:44:24,899000,11.479
2026/04/29 15:44:24,900000,11.479
2026/04/29 15:44:24,901000,11.476
2026/04/29 15:44:24,902000,11.482
2026/04/29 15:44:24,903000,11.479
2026/04/29 15:44:24,904000,11.479
2026/04/29 15:44:24,905000,11.479
2026/04/29 15:44:24,906000,11.476
2026/04/29 15:44:24,907000,11.485
2026/04/29 15:44:24,908000,11.479
2026/04/29 15:44:24,909000,11.479
2026/04/29 15:44:24,910000,11.479
2026/04/29 15:44:24,911000,11.479
2026/04/29 15:44:24,912000,11.482
2026/04/29 15:44:24,913000,11.476
2026/04/29 15:44:24,914000,11.476
2026/04/29 15:44:24,915000,11.482
2026/04/29 15:44:24,916000,11.485
2026/04/29 15:44:24,917000,11.485
2026/04/29 15:44:24,918000,11.479
2026/04/29 15:44:24,919000,11.476
2026/04/29 15:44:24,920000,11.479
2026/04/29 15:44:24,921000,11.479
2026/04/29 15:44:24,922000,11.476
2026/04/29 15:44:24,923000,11.482
2026/04/29 15:44:24,924000,11.482
2026/04/29 15:44:24,925000,11.485
2026/04/29 15:44:24,926000,11.482
2026/04/29 15:44:24,927000,11.479
2026/04/29 15:44:24,928000,11.485
2026/04/29 15:44:24,929000,11.479
2026/04/29 15:44:24,930000,11.471
2026/04/29 15:44:24,931000,11.482
2026/04/29 15:44:24,932000,11.482
2026/04/29 15:44:24,933000,11.482
2026/04/29 15:44:24,934000,11.482
2026/04/29 15:44:24,935000,11.479
2026/04/29 15:44:24,936000,11.479
2026/04/29 15:44:24,937000,11.471
2026/04/29 15:44:24,938000,11.479
2026/04/29 15:44:24,939000,11.479
2026/04/29 15:44:24,940000,11.482
2026/04/29 15:44:24,941000,11.476
2026/04/29 15:44:24,942000,11.471
2026/04/29 15:44:24,943000,11.490
2026/04/29 15:44:24,944000,11.479
2026/04/29 15:44:24,945000,11.482
2026/04/29 15:44:24,946000,11.476
2026/04/29 15:44:24,947000,11.482
2026/04/29 15:44:24,948000,11.479
2026/04/29 15:44:24,949000,11.482
2026/04/29 15:44:24,950000,11.476
2026/04/29 15:44:24,951000,11.479
2026/04/29 15:44:24,952000,11.485
2026/04/29 15:44:24,953000,11.482
2026/04/29 15:44:24,954000,11.482
2026/04/29 15:44:24,955000,11.471
2026/04/29 15:44:24,956000,11.482
2026/04/29 15:44:24,957000,11.482
2026/04/29 15:44:24,958000,11.482
2026/04/29 15:44:24,959000,11.476
2026/04/29 15:44:24,960000,11.479
2026/04/29 15:44:24,961000,11.479
2026/04/29 15:44:24,962000,11.471
2026/04/29 15:44:24,963000,11.479
2026/04/29 15:44:24,964000,11.471
2026/04/29 15:44:24,965000,11.476
2026/04/29 15:44:24,966000,11.479
2026/04/29 15:44:24,967000,11.479
2026/04/29 15:44:24,968000,11.476
2026/04/29 15:44:24,969000,11.485
2026/04/29 15:44:24,970000,11.482
2026/04/29 15:44:24,971000,11.473
2026/04/29 15:44:24,972000,11.482
2026/04/29 15:44:24,973000,11.476
2026/04/29 15:44:24,974000,11.482
2026/04/29 15:44:24,975000,11.479
2026/04/29 15:44:24,976000,11.485
2026/04/29 15:44:24,977000,11.485
2026/04/29 15:44:24,978000,11.476
2026/04/29 15:44:24,979000,11.476
2026/04/29 15:44:24,980000,11.485
2026/04/29 15:44:24,981000,11.482
2026/04/29 15:44:24,982000,11.479
2026/04/29 15:44:24,983000,11.482
2026/04/29 15:44:24,984000,11.479
2026/04/29 15:44:24,985000,11.482
2026/04/29 15:44:24,986000,11.476
2026/04/29 15:44:24,987000,11.479
2026/04/29 15:44:24,988000,11.479
2026/04/29 15:44:24,989000,11.476
2026/04/29 15:44:24,990000,11.479
2026/04/29 15:44:24,991000,11.482
2026/04/29 15:44:24,992000,11.479
2026/04/29 15:44:24,993000,11.476
2026/04/29 15:44:24,994000,11.485
2026/04/29 15:44:24,995000,11.485
2026/04/29 15:44:24,996000,11.479
2026/04/29 15:44:24,997000,11.476
2026/04/29 15:44:24,998000,11.479
2026/04/29 15:44:24,999000,11.482
2026/04/29 15:44:25,000000,11.479
2026/04/29 15:44:25,001000,11.476
2026/04/29 15:44:25,002000,11.482
2026/04/29 15:44:25,003000,11.482
2026/04/29 15:44:25,004000,11.482
2026/04/29 15:44:25,005000,11.482
2026/04/29 15:44:25,006000,11.482
2026/04/29 15:44:25,007000,11.479
2026/04/29 15:44:25,008000,11.485
2026/04/29 15:44:25,009000,11.476
2026/04/29 15:44:25,010000,11.479
2026/04/29 15:44:25,011000,11.479
2026/04/29 15:44:25,012000,11.482
2026/04/29 15:44:25,013000,11.479
2026/04/29 15:44:25,014000,11.476
2026/04/29 15:44:25,015000,11.479
2026/04/29 15:44:25,016000,11.468
2026/04/29 15:44:25,017000,11.482
2026/04/29 15:44:25,018000,11.482
2026/04/29 15:44:25,019000,11.479
2026/04/29 15:44:25,020000,11.479
2026/04/29 15:44:25,021000,11.482
2026/04/29 15:44:25,022000,11.473
2026/04/29 15:44:25,023000,11.479
2026/04/29 15:44:25,024000,11.479
2026/04/29 15:44:25,025000,11.479
2026/04/29 15:44:25,026000,11.479
2026/04/29 15:44:25,027000,11.485
2026/04/29 15:44:25,028000,11.476
2026/04/29 15:44:25,029000,11.479
2026/04/29 15:44:25,030000,11.479
2026/04/29 15:44:25,031000,11.473
2026/04/29 15:44:25,032000,11.479
2026/04/29 15:44:25,033000,11.476
2026/04/29 15:44:25,034000,11.476
2026/04/29 15:44:25,035000,11.479
2026/04/29 15:44:25,036000,11.482
2026/04/29 15:44:25,037000,11.476
2026/04/29 15:44:25,038000,11.479
2026/04/29 15:44:25,039000,11.482
2026/04/29 15:44:25,040000,11.479
2026/04/29 15:44:25,041000,11.473
2026/04/29 15:44:25,042000,11.479
2026/04/29 15:44:25,043000,11.479
2026/04/29 15:44:25,044000,11.476
2026/04/29 15:44:25,045000,11.479
2026/04/29 15:44:25,046000,11.479
2026/04/29 15:44:25,047000,11.482
2026/04/29 15:44:25,048000,11.476
2026/04/29 15:44:25,049000,11.482
2026/04/29 15:44:25,050000,11.482
2026/04/29 15:44:25,051000,11.482
2026/04/29 15:44:25,052000,11.482
2026/04/29 15:44:25,053000,11.479
2026/04/29 15:44:25,054000,11.479
2026/04/29 15:44:25,055000,11.479
2026/04/29 15:44:25,056000,11.476
2026/04/29 15:44:25,057000,11.479
2026/04/29 15:44:25,058000,11.482
2026/04/29 15:44:25,059000,11.479
2026/04/29 15:44:25,060000,11.479
2026/04/29 15:44:25,061000,11.482
2026/04/29 15:44:25,062000,11.482
2026/04/29 15:44:25,063000,11.479
2026/04/29 15:44:25,064000,11.471
2026/04/29 15:44:25,065000,11.487
2026/04/29 15:44:25,066000,11.479
2026/04/29 15:44:25,067000,11.479
2026/04/29 15:44:25,068000,11.479
2026/04/29 15:44:25,069000,11.471
2026/04/29 15:44:25,070000,11.482
2026/04/29 15:44:25,071000,11.482
2026/04/29 15:44:25,072000,11.479
2026/04/29 15:44:25,073000,11.479
2026/04/29 15:44:25,074000,11.479
2026/04/29 15:44:25,075000,11.476
2026/04/29 15:44:25,076000,11.479
2026/04/29 15:44:25,077000,11.479
2026/04/29 15:44:25,078000,11.482
2026/04/29 15:44:25,079000,11.476
2026/04/29 15:44:25,080000,11.482
2026/04/29 15:44:25,081000,11.485
2026/04/29 15:44:25,082000,11.476
2026/04/29 15:44:25,083000,11.476
2026/04/29 15:44:25,084000,11.476
2026/04/29 15:44:25,085000,11.476
2026/04/29 15:44:25,086000,11.479
2026/04/29 15:44:25,087000,11.485
2026/04/29 15:44:25,088000,11.471
2026/04/29 15:44:25,089000,11.471
2026/04/29 15:44:25,090000,11.485
2026/04/29 15:44:25,091000,11.479
2026/04/29 15:44:25,092000,11.476
2026/04/29 15:44:25,093000,11.476
2026/04/29 15:44:25,094000,11.482
2026/04/29 15:44:25,095000,11.482
2026/04/29 15:44:25,096000,11.482
2026/04/29 15:44:25,097000,11.471
2026/04/29 15:44:25,098000,11.476
2026/04/29 15:44:25,099000,11.482
2026/04/29 15:44:25,100000,11.482
2026/04/29 15:44:25,101000,11.479
2026/04/29 15:44:25,102000,11.476
2026/04/29 15:44:25,103000,11.479
2026/04/29 15:44:25,104000,11.476
2026/04/29 15:44:25,105000,11.476
2026/04/29 15:44:25,106000,11.476
2026/04/29 15:44:25,107000,11.482
2026/04/29 15:44:25,108000,11.479
2026/04/29 15:44:25,109000,11.482
2026/04/29 15:44:25,110000,11.471
2026/04/29 15:44:25,111000,11.471
2026/04/29 15:44:25,112000,11.479
2026/04/29 15:44:25,113000,11.482
2026/04/29 15:44:25,114000,11.476
2026/04/29 15:44:25,115000,11.473
2026/04/29 15:44:25,116000,11.479
2026/04/29 15:44:25,117000,11.476
2026/04/29 15:44:25,118000,11.485
2026/04/29 15:44:25,119000,11.479
2026/04/29 15:44:25,120000,11.479
2026/04/29 15:44:25,121000,11.476
2026/04/29 15:44:25,122000,11.473
2026/04/29 15:44:25,123000,11.473
2026/04/29 15:44:25,124000,11.482
2026/04/29 15:44:25,125000,11.476
2026/04/29 15:44:25,126000,11.476
2026/04/29 15:44:25,127000,11.471
2026/04/29 15:44:25,128000,11.476
2026/04/29 15:44:25,129000,11.479
2026/04/29 15:44:25,130000,11.476
2026/04/29 15:44:25,131000,11.476
2026/04/29 15:44:25,132000,11.476
2026/04/29 15:44:25,133000,11.476
2026/04/29 15:44:25,134000,11.476
2026/04/29 15:44:25,135000,11.482
2026/04/29 15:44:25,136000,11.482
2026/04/29 15:44:25,137000,11.479
2026/04/29 15:44:25,138000,11.471
2026/04/29 15:44:25,139000,11.473
2026/04/29 15:44:25,140000,11.476
2026/04/29 15:44:25,141000,11.473
2026/04/29 15:44:25,142000,11.476
2026/04/29 15:44:25,143000,11.485
2026/04/29 15:44:25,144000,11.473
2026/04/29 15:44:25,145000,11.482
2026/04/29 15:44:25,146000,11.476
2026/04/29 15:44:25,147000,11.476
2026/04/29 15:44:25,148000,11.476
2026/04/29 15:44:25,149000,11.473
2026/04/29 15:44:25,150000,11.479
2026/04/29 15:44:25,151000,11.479
2026/04/29 15:44:25,152000,11.479
2026/04/29 15:44:25,153000,11.479
2026/04/29 15:44:25,154000,11.479
2026/04/29 15:44:25,155000,11.479
2026/04/29 15:44:25,156000,11.471
2026/04/29 15:44:25,157000,11.476
2026/04/29 15:44:25,158000,11.471
2026/04/29 15:44:25,159000,11.476
2026/04/29 15:44:25,160000,11.482
2026/04/29 15:44:25,161000,11.473
2026/04/29 15:44:25,162000,11.471
2026/04/29 15:44:25,163000,11.479
2026/04/29 15:44:25,164000,11.482
2026/04/29 15:44:25,165000,11.476
2026/04/29 15:44:25,166000,11.476
2026/04/29 15:44:25,167000,11.479
2026/04/29 15:44:25,168000,11.471
2026/04/29 15:44:25,169000,11.476
2026/04/29 15:44:25,170000,11.473
2026/04/29 15:44:25,171000,11.482
2026/04/29 15:44:25,172000,11.468
2026/04/29 15:44:25,173000,11.476
2026/04/29 15:44:25,174000,11.476
2026/04/29 15:44:25,175000,11.476
2026/04/29 15:44:25,176000,11.473
2026/04/29 15:44:25,177000,11.471
2026/04/29 15:44:25,178000,11.471
2026/04/29 15:44:25,179000,11.476
2026/04/29 15:44:25,180000,11.479
2026/04/29 15:44:25,181000,11.476
2026/04/29 15:44:25,182000,11.476
2026/04/29 15:44:25,183000,11.471
2026/04/29 15:44:25,184000,11.482
2026/04/29 15:44:25,185000,11.476
2026/04/29 15:44:25,186000,11.476
2026/04/29 15:44:25,187000,11.482
2026/04/29 15:44:25,188000,11.476
2026/04/29 15:44:25,189000,11.476
2026/04/29 15:44:25,190000,11.471
2026/04/29 15:44:25,191000,11.476
2026/04/29 15:44:25,192000,11.471
2026/04/29 15:44:25,193000,11.482
2026/04/29 15:44:25,194000,11.479
2026/04/29 15:44:25,195000,11.479
2026/04/29 15:44:25,196000,11.482
2026/04/29 15:44:25,197000,11.479
2026/04/29 15:44:25,198000,11.476
2026/04/29 15:44:25,199000,11.479
2026/04/29 15:44:25,200000,11.471
2026/04/29 15:44:25,201000,11.473
2026/04/29 15:44:25,202000,11.473
2026/04/29 15:44:25,203000,11.476
2026/04/29 15:44:25,204000,11.468
2026/04/29 15:44:25,205000,11.471
2026/04/29 15:44:25,206000,11.473
2026/04/29 15:44:25,207000,11.468
2026/04/29 15:44:25,208000,11.476
2026/04/29 15:44:25,209000,11.479
2026/04/29 15:44:25,210000,11.479
2026/04/29 15:44:25,211000,11.479
2026/04/29 15:44:25,212000,11.471
2026/04/29 15:44:25,213000,11.487
2026/04/29 15:44:25,214000,11.476
2026/04/29 15:44:25,215000,11.479
2026/04/29 15:44:25,216000,11.476
2026/04/29 15:44:25,217000,11.471
2026/04/29 15:44:25,218000,11.476
2026/04/29 15:44:25,219000,11.471
2026/04/29 15:44:25,220000,11.479
2026/04/29 15:44:25,221000,11.479
2026/04/29 15:44:25,222000,11.471
2026/04/29 15:44:25,223000,11.471
2026/04/29 15:44:25,224000,11.476
2026/04/29 15:44:25,225000,11.479
2026/04/29 15:44:25,226000,11.471
2026/04/29 15:44:25,227000,11.476
2026/04/29 15:44:25,228000,11.471
2026/04/29 15:44:25,229000,11.479
2026/04/29 15:44:25,230000,11.482
2026/04/29 15:44:25,231000,11.471
2026/04/29 15:44:25,232000,11.476
2026/04/29 15:44:25,233000,11.473
2026/04/29 15:44:25,234000,11.471
2026/04/29 15:44:25,235000,11.476
2026/04/29 15:44:25,236000,11.476
2026/04/29 15:44:25,237000,11.476
2026/04/29 15:44:25,238000,11.473
2026/04/29 15:44:25,239000,11.485
2026/04/29 15:44:25,240000,11.479
2026/04/29 15:44:25,241000,11.471
2026/04/29 15:44:25,242000,11.471
2026/04/29 15:44:25,243000,11.473
2026/04/29 15:44:25,244000,11.479
2026/04/29 15:44:25,245000,11.468
2026/04/29 15:44:25,246000,11.476
2026/04/29 15:44:25,247000,11.476
2026/04/29 15:44:25,248000,11.476
2026/04/29 15:44:25,249000,11.471
2026/04/29 15:44:25,250000,11.476
2026/04/29 15:44:25,251000,11.476
2026/04/29 15:44:25,252000,11.476
2026/04/29 15:44:25,253000,11.479
2026/04/29 15:44:25,254000,11.479
2026/04/29 15:44:25,255000,11.479
2026/04/29 15:44:25,256000,11.473
2026/04/29 15:44:25,257000,11.479
2026/04/29 15:44:25,258000,11.479
2026/04/29 15:44:25,259000,11.476
2026/04/29 15:44:25,260000,11.479
2026/04/29 15:44:25,261000,11.471
2026/04/29 15:44:25,262000,11.482
2026/04/29 15:44:25,263000,11.471
2026/04/29 15:44:25,264000,11.482
2026/04/29 15:44:25,265000,11.476
2026/04/29 15:44:25,266000,11.476
2026/04/29 15:44:25,267000,11.471
2026/04/29 15:44:25,268000,11.471
2026/04/29 15:44:25,269000,11.473
2026/04/29 15:44:25,270000,11.479
2026/04/29 15:44:25,271000,11.476
2026/04/29 15:44:25,272000,11.473
2026/04/29 15:44:25,273000,11.479
2026/04/29 15:44:25,274000,11.479
2026/04/29 15:44:25,275000,11.476
2026/04/29 15:44:25,276000,11.479
2026/04/29 15:44:25,277000,11.476
2026/04/29 15:44:25,278000,11.471
2026/04/29 15:44:25,279000,11.471
2026/04/29 15:44:25,280000,11.471
2026/04/29 15:44:25,281000,11.471
2026/04/29 15:44:25,282000,11.479
2026/04/29 15:44:25,283000,11.479
2026/04/29 15:44:25,284000,11.476
2026/04/29 15:44:25,285000,11.476
2026/04/29 15:44:25,286000,11.479
2026/04/29 15:44:25,287000,11.471
2026/04/29 15:44:25,288000,11.473
2026/04/29 15:44:25,289000,11.479
2026/04/29 15:44:25,290000,11.476
2026/04/29 15:44:25,291000,11.471
2026/04/29 15:44:25,292000,11.476
2026/04/29 15:44:25,293000,11.473
2026/04/29 15:44:25,294000,11.485
2026/04/29 15:44:25,295000,11.471
2026/04/29 15:44:25,296000,11.473
2026/04/29 15:44:25,297000,11.473
2026/04/29 15:44:25,298000,11.471
2026/04/29 15:44:25,299000,11.479
2026/04/29 15:44:25,300000,11.476
2026/04/29 15:44:25,301000,11.479
2026/04/29 15:44:25,302000,11.479
2026/04/29 15:44:25,303000,11.471
2026/04/29 15:44:25,304000,11.485
2026/04/29 15:44:25,305000,11.479
2026/04/29 15:44:25,306000,11.476
2026/04/29 15:44:25,307000,11.482
2026/04/29 15:44:25,308000,11.476
2026/04/29 15:44:25,309000,11.479
2026/04/29 15:44:25,310000,11.479
2026/04/29 15:44:25,311000,11.482
2026/04/29 15:44:25,312000,11.479
2026/04/29 15:44:25,313000,11.476
2026/04/29 15:44:25,314000,11.482
2026/04/29 15:44:25,315000,11.479
2026/04/29 15:44:25,316000,11.476
2026/04/29 15:44:25,317000,11.471
2026/04/29 15:44:25,318000,11.471
2026/04/29 15:44:25,319000,11.476
2026/04/29 15:44:25,320000,11.476
2026/04/29 15:44:25,321000,11.476
2026/04/29 15:44:25,322000,11.476
2026/04/29 15:44:25,323000,11.479
2026/04/29 15:44:25,324000,11.482
2026/04/29 15:44:25,325000,11.473
2026/04/29 15:44:25,326000,11.473
2026/04/29 15:44:25,327000,11.471
2026/04/29 15:44:25,328000,11.471
2026/04/29 15:44:25,329000,11.479
2026/04/29 15:44:25,330000,11.476
2026/04/29 15:44:25,331000,11.476
2026/04/29 15:44:25,332000,11.471
2026/04/29 15:44:25,333000,11.479
2026/04/29 15:44:25,334000,11.476
2026/04/29 15:44:25,335000,11.479
2026/04/29 15:44:25,336000,11.473
2026/04/29 15:44:25,337000,11.479
2026/04/29 15:44:25,338000,11.471
2026/04/29 15:44:25,339000,11.476
2026/04/29 15:44:25,340000,11.485
2026/04/29 15:44:25,341000,11.476
2026/04/29 15:44:25,342000,11.476
2026/04/29 15:44:25,343000,11.471
2026/04/29 15:44:25,344000,11.468
2026/04/29 15:44:25,345000,11.465
2026/04/29 15:44:25,346000,11.471
2026/04/29 15:44:25,347000,11.482
2026/04/29 15:44:25,348000,11.471
2026/04/29 15:44:25,349000,11.471
2026/04/29 15:44:25,350000,11.476
2026/04/29 15:44:25,351000,11.479
2026/04/29 15:44:25,352000,11.473
2026/04/29 15:44:25,353000,11.473
2026/04/29 15:44:25,354000,11.479
2026/04/29 15:44:25,355000,11.473
2026/04/29 15:44:25,356000,11.482
2026/04/29 15:44:25,357000,11.476
2026/04/29 15:44:25,358000,11.471
2026/04/29 15:44:25,359000,11.479
2026/04/29 15:44:25,360000,11.476
2026/04/29 15:44:25,361000,11.482
2026/04/29 15:44:25,362000,11.479
2026/04/29 15:44:25,363000,11.479
2026/04/29 15:44:25,364000,11.485
2026/04/29 15:44:25,365000,11.479
2026/04/29 15:44:25,366000,11.476
2026/04/29 15:44:25,367000,11.479
2026/04/29 15:44:25,368000,11.479
2026/04/29 15:44:25,369000,11.476
2026/04/29 15:44:25,370000,11.476
2026/04/29 15:44:25,371000,11.476
2026/04/29 15:44:25,372000,11.479
2026/04/29 15:44:25,373000,11.479
2026/04/29 15:44:25,374000,11.471
2026/04/29 15:44:25,375000,11.485
2026/04/29 15:44:25,376000,11.482
2026/04/29 15:44:25,377000,11.471
2026/04/29 15:44:25,378000,11.479
2026/04/29 15:44:25,379000,11.479
2026/04/29 15:44:25,380000,11.485
2026/04/29 15:44:25,381000,11.482
2026/04/29 15:44:25,382000,11.476
2026/04/29 15:44:25,383000,11.476
2026/04/29 15:44:25,384000,11.471
2026/04/29 15:44:25,385000,11.479
2026/04/29 15:44:25,386000,11.476
2026/04/29 15:44:25,387000,11.476
2026/04/29 15:44:25,388000,11.482
2026/04/29 15:44:25,389000,11.482
2026/04/29 15:44:25,390000,11.476
2026/04/29 15:44:25,391000,11.471
2026/04/29 15:44:25,392000,11.476
2026/04/29 15:44:25,393000,11.476
2026/04/29 15:44:25,394000,11.476
2026/04/29 15:44:25,395000,11.471
2026/04/29 15:44:25,396000,11.471
2026/04/29 15:44:25,397000,11.482
2026/04/29 15:44:25,398000,11.479
2026/04/29 15:44:25,399000,11.479
2026/04/29 15:44:25,400000,11.471
2026/04/29 15:44:25,401000,11.473
2026/04/29 15:44:25,402000,11.479
2026/04/29 15:44:25,403000,11.485
2026/04/29 15:44:25,404000,11.468
2026/04/29 15:44:25,405000,11.476
2026/04/29 15:44:25,406000,11.479
2026/04/29 15:44:25,407000,11.482
2026/04/29 15:44:25,408000,11.473
2026/04/29 15:44:25,409000,11.479
2026/04/29 15:44:25,410000,11.487
2026/04/29 15:44:25,411000,11.479
2026/04/29 15:44:25,412000,11.476
2026/04/29 15:44:25,413000,11.473
2026/04/29 15:44:25,414000,11.479
2026/04/29 15:44:25,415000,11.479
2026/04/29 15:44:25,416000,11.471
2026/04/29 15:44:25,417000,11.482
2026/04/29 15:44:25,418000,11.476
2026/04/29 15:44:25,419000,11.479
2026/04/29 15:44:25,420000,11.482
2026/04/29 15:44:25,421000,11.476
2026/04/29 15:44:25,422000,11.471
2026/04/29 15:44:25,423000,11.476
2026/04/29 15:44:25,424000,11.479
2026/04/29 15:44:25,425000,11.476
2026/04/29 15:44:25,426000,11.479
2026/04/29 15:44:25,427000,11.479
2026/04/29 15:44:25,428000,11.479
2026/04/29 15:44:25,429000,11.479
2026/04/29 15:44:25,430000,11.471
2026/04/29 15:44:25,431000,11.485
2026/04/29 15:44:25,432000,11.476
2026/04/29 15:44:25,433000,11.482
2026/04/29 15:44:25,434000,11.479
2026/04/29 15:44:25,435000,11.482
2026/04/29 15:44:25,436000,11.476
2026/04/29 15:44:25,437000,11.479
2026/04/29 15:44:25,438000,11.476
2026/04/29 15:44:25,439000,11.476
2026/04/29 15:44:25,440000,11.471
2026/04/29 15:44:25,441000,11.482
2026/04/29 15:44:25,442000,11.479
2026/04/29 15:44:25,443000,11.476
2026/04/29 15:44:25,444000,11.471
2026/04/29 15:44:25,445000,11.485
2026/04/29 15:44:25,446000,11.479
2026/04/29 15:44:25,447000,11.476
2026/04/29 15:44:25,448000,11.479
2026/04/29 15:44:25,449000,11.479
2026/04/29 15:44:25,450000,11.482
2026/04/29 15:44:25,451000,11.482
2026/04/29 15:44:25,452000,11.482
2026/04/29 15:44:25,453000,11.476
2026/04/29 15:44:25,454000,11.482
2026/04/29 15:44:25,455000,11.476
2026/04/29 15:44:25,456000,11.479
2026/04/29 15:44:25,457000,11.476
2026/04/29 15:44:25,458000,11.476
2026/04/29 15:44:25,459000,11.479
2026/04/29 15:44:25,460000,11.479
2026/04/29 15:44:25,461000,11.476
2026/04/29 15:44:25,462000,11.482
2026/04/29 15:44:25,463000,11.476
2026/04/29 15:44:25,464000,11.479
2026/04/29 15:44:25,465000,11.482
2026/04/29 15:44:25,466000,11.479
2026/04/29 15:44:25,467000,11.471
2026/04/29 15:44:25,468000,11.479
2026/04/29 15:44:25,469000,11.476
2026/04/29 15:44:25,470000,11.476
2026/04/29 15:44:25,471000,11.479
2026/04/29 15:44:25,472000,11.485
2026/04/29 15:44:25,473000,11.476
2026/04/29 15:44:25,474000,11.479
2026/04/29 15:44:25,475000,11.485
2026/04/29 15:44:25,476000,11.473
2026/04/29 15:44:25,477000,11.482
2026/04/29 15:44:25,478000,11.482
2026/04/29 15:44:25,479000,11.479
2026/04/29 15:44:25,480000,11.476
2026/04/29 15:44:25,481000,11.479
2026/04/29 15:44:25,482000,11.471
2026/04/29 15:44:25,483000,11.479
2026/04/29 15:44:25,484000,11.476
2026/04/29 15:44:25,485000,11.479
2026/04/29 15:44:25,486000,11.476
2026/04/29 15:44:25,487000,11.473
2026/04/29 15:44:25,488000,11.482
2026/04/29 15:44:25,489000,11.482
2026/04/29 15:44:25,490000,11.476
2026/04/29 15:44:25,491000,11.476
2026/04/29 15:44:25,492000,11.476
2026/04/29 15:44:25,493000,11.476
2026/04/29 15:44:25,494000,11.479
2026/04/29 15:44:25,495000,11.479
2026/04/29 15:44:25,496000,11.476
2026/04/29 15:44:25,497000,11.476
2026/04/29 15:44:25,498000,11.482
2026/04/29 15:44:25,499000,11.476
2026/04/29 15:44:25,500000,11.479
2026/04/29 15:44:25,501000,11.479
2026/04/29 15:44:25,502000,11.479
2026/04/29 15:44:25,503000,11.476
2026/04/29 15:44:25,504000,11.476
2026/04/29 15:44:25,505000,11.482
2026/04/29 15:44:25,506000,11.471
2026/04/29 15:44:25,507000,11.482
2026/04/29 15:44:25,508000,11.473
2026/04/29 15:44:25,509000,11.479
2026/04/29 15:44:25,510000,11.479
2026/04/29 15:44:25,511000,11.482
2026/04/29 15:44:25,512000,11.485
2026/04/29 15:44:25,513000,11.479
2026/04/29 15:44:25,514000,11.482
2026/04/29 15:44:25,515000,11.471
2026/04/29 15:44:25,516000,11.479
2026/04/29 15:44:25,517000,11.479
2026/04/29 15:44:25,518000,11.482
2026/04/29 15:44:25,519000,11.471
2026/04/29 15:44:25,520000,11.471
2026/04/29 15:44:25,521000,11.479
2026/04/29 15:44:25,522000,11.473
2026/04/29 15:44:25,523000,11.482
2026/04/29 15:44:25,524000,11.479
2026/04/29 15:44:25,525000,11.476
2026/04/29 15:44:25,526000,11.482
2026/04/29 15:44:25,527000,11.476
2026/04/29 15:44:25,528000,11.482
2026/04/29 15:44:25,529000,11.482
2026/04/29 15:44:25,530000,11.471
2026/04/29 15:44:25,531000,11.471
2026/04/29 15:44:25,532000,11.482
2026/04/29 15:44:25,533000,11.479
2026/04/29 15:44:25,534000,11.479
2026/04/29 15:44:25,535000,11.479
2026/04/29 15:44:25,536000,11.479
2026/04/29 15:44:25,537000,11.482
2026/04/29 15:44:25,538000,11.479
2026/04/29 15:44:25,539000,11.476
2026/04/29 15:44:25,540000,11.471
2026/04/29 15:44:25,541000,11.476
2026/04/29 15:44:25,542000,11.479
2026/04/29 15:44:25,543000,11.476
2026/04/29 15:44:25,544000,11.473
2026/04/29 15:44:25,545000,11.479
2026/04/29 15:44:25,546000,11.473
2026/04/29 15:44:25,547000,11.482
2026/04/29 15:44:25,548000,11.485
2026/04/29 15:44:25,549000,11.471
2026/04/29 15:44:25,550000,11.468
2026/04/29 15:44:25,551000,11.476
2026/04/29 15:44:25,552000,11.482
2026/04/29 15:44:25,553000,11.485
2026/04/29 15:44:25,554000,11.476
2026/04/29 15:44:25,555000,11.476
2026/04/29 15:44:25,556000,11.479
2026/04/29 15:44:25,557000,11.479
2026/04/29 15:44:25,558000,11.479
2026/04/29 15:44:25,559000,11.482
2026/04/29 15:44:25,560000,11.476
2026/04/29 15:44:25,561000,11.485
2026/04/29 15:44:25,562000,11.479
2026/04/29 15:44:25,563000,11.476
2026/04/29 15:44:25,564000,11.476
2026/04/29 15:44:25,565000,11.482
2026/04/29 15:44:25,566000,11.479
2026/04/29 15:44:25,567000,11.476
2026/04/29 15:44:25,568000,11.482
2026/04/29 15:44:25,569000,11.473
2026/04/29 15:44:25,570000,11.479
2026/04/29 15:44:25,571000,11.482
2026/04/29 15:44:25,572000,11.476
2026/04/29 15:44:25,573000,11.473
2026/04/29 15:44:25,574000,11.479
2026/04/29 15:44:25,575000,11.476
2026/04/29 15:44:25,576000,11.479
2026/04/29 15:44:25,577000,11.479
2026/04/29 15:44:25,578000,11.479
2026/04/29 15:44:25,579000,11.476
2026/04/29 15:44:25,580000,11.471
2026/04/29 15:44:25,581000,11.479
2026/04/29 15:44:25,582000,11.479
2026/04/29 15:44:25,583000,11.479
2026/04/29 15:44:25,584000,11.479
2026/04/29 15:44:25,585000,11.479
2026/04/29 15:44:25,586000,11.479
2026/04/29 15:44:25,587000,11.476
2026/04/29 15:44:25,588000,11.487
2026/04/29 15:44:25,589000,11.485
2026/04/29 15:44:25,590000,11.482
2026/04/29 15:44:25,591000,11.479
2026/04/29 15:44:25,592000,11.482
2026/04/29 15:44:25,593000,11.476
2026/04/29 15:44:25,594000,11.479
2026/04/29 15:44:25,595000,11.482
2026/04/29 15:44:25,596000,11.479
2026/04/29 15:44:25,597000,11.479
2026/04/29 15:44:25,598000,11.479
2026/04/29 15:44:25,599000,11.476
2026/04/29 15:44:25,600000,11.482
2026/04/29 15:44:25,601000,11.482
2026/04/29 15:44:25,602000,11.479
2026/04/29 15:44:25,603000,11.473
2026/04/29 15:44:25,604000,11.485
2026/04/29 15:44:25,605000,11.487
2026/04/29 15:44:25,606000,11.476
2026/04/29 15:44:25,607000,11.476
2026/04/29 15:44:25,608000,11.479
2026/04/29 15:44:25,609000,11.471
2026/04/29 15:44:25,610000,11.471
2026/04/29 15:44:25,611000,11.482
2026/04/29 15:44:25,612000,11.482
2026/04/29 15:44:25,613000,11.476
2026/04/29 15:44:25,614000,11.476
2026/04/29 15:44:25,615000,11.479
2026/04/29 15:44:25,616000,11.482
2026/04/29 15:44:25,617000,11.476
2026/04/29 15:44:25,618000,11.479
2026/04/29 15:44:25,619000,11.476
2026/04/29 15:44:25,620000,11.479
2026/04/29 15:44:25,621000,11.471
2026/04/29 15:44:25,622000,11.476
2026/04/29 15:44:25,623000,11.479
2026/04/29 15:44:25,624000,11.479
2026/04/29 15:44:25,625000,11.476
2026/04/29 15:44:25,626000,11.473
2026/04/29 15:44:25,627000,11.476
2026/04/29 15:44:25,628000,11.482
2026/04/29 15:44:25,629000,11.476
2026/04/29 15:44:25,630000,11.482
2026/04/29 15:44:25,631000,11.473
2026/04/29 15:44:25,632000,11.471
2026/04/29 15:44:25,633000,11.479
2026/04/29 15:44:25,634000,11.471
2026/04/29 15:44:25,635000,11.476
2026/04/29 15:44:25,636000,11.473
2026/04/29 15:44:25,637000,11.476
2026/04/29 15:44:25,638000,11.471
2026/04/29 15:44:25,639000,11.473
2026/04/29 15:44:25,640000,11.473
2026/04/29 15:44:25,641000,11.471
2026/04/29 15:44:25,642000,11.479
2026/04/29 15:44:25,643000,11.479
2026/04/29 15:44:25,644000,11.471
2026/04/29 15:44:25,645000,11.482
2026/04/29 15:44:25,646000,11.471
2026/04/29 15:44:25,647000,11.473
2026/04/29 15:44:25,648000,11.473
2026/04/29 15:44:25,649000,11.471
2026/04/29 15:44:25,650000,11.476
2026/04/29 15:44:25,651000,11.476
2026/04/29 15:44:25,652000,11.482
2026/04/29 15:44:25,653000,11.479
2026/04/29 15:44:25,654000,11.479
2026/04/29 15:44:25,655000,11.471
2026/04/29 15:44:25,656000,11.479
2026/04/29 15:44:25,657000,11.479
2026/04/29 15:44:25,658000,11.476
2026/04/29 15:44:25,659000,11.471
2026/04/29 15:44:25,660000,11.476
2026/04/29 15:44:25,661000,11.479
2026/04/29 15:44:25,662000,11.471
2026/04/29 15:44:25,663000,11.479
2026/04/29 15:44:25,664000,11.473
2026/04/29 15:44:25,665000,11.479
2026/04/29 15:44:25,666000,11.479
2026/04/29 15:44:25,667000,11.479
2026/04/29 15:44:25,668000,11.479
2026/04/29 15:44:25,669000,11.471
2026/04/29 15:44:25,670000,11.479
2026/04/29 15:44:25,671000,11.476
2026/04/29 15:44:25,672000,11.476
2026/04/29 15:44:25,673000,11.471
2026/04/29 15:44:25,674000,11.473
2026/04/29 15:44:25,675000,11.476
2026/04/29 15:44:25,676000,11.471
2026/04/29 15:44:25,677000,11.473
2026/04/29 15:44:25,678000,11.471
2026/04/29 15:44:25,679000,11.476
2026/04/29 15:44:25,680000,11.479
2026/04/29 15:44:25,681000,11.479
2026/04/29 15:44:25,682000,11.479
2026/04/29 15:44:25,683000,11.479
2026/04/29 15:44:25,684000,11.476
2026/04/29 15:44:25,685000,11.476
2026/04/29 15:44:25,686000,11.476
2026/04/29 15:44:25,687000,11.462
2026/04/29 15:44:25,688000,11.479
2026/04/29 15:44:25,689000,11.476
2026/04/29 15:44:25,690000,11.479
2026/04/29 15:44:25,691000,11.476
2026/04/29 15:44:25,692000,11.479
2026/04/29 15:44:25,693000,11.479
2026/04/29 15:44:25,694000,11.479
2026/04/29 15:44:25,695000,11.479
2026/04/29 15:44:25,696000,11.471
2026/04/29 15:44:25,697000,11.479
2026/04/29 15:44:25,698000,11.479
2026/04/29 15:44:25,699000,11.476
2026/04/29 15:44:25,700000,11.476
2026/04/29 15:44:25,701000,11.476
2026/04/29 15:44:25,702000,11.476
2026/04/29 15:44:25,703000,11.476
2026/04/29 15:44:25,704000,11.471
2026/04/29 15:44:25,705000,11.476
2026/04/29 15:44:25,706000,11.479
2026/04/29 15:44:25,707000,11.479
2026/04/29 15:44:25,708000,11.476
2026/04/29 15:44:25,709000,11.471
2026/04/29 15:44:25,710000,11.482
2026/04/29 15:44:25,711000,11.479
2026/04/29 15:44:25,712000,11.479
2026/04/29 15:44:25,713000,11.479
2026/04/29 15:44:25,714000,11.471
2026/04/29 15:44:25,715000,11.468
2026/04/29 15:44:25,716000,11.476
2026/04/29 15:44:25,717000,11.473
2026/04/29 15:44:25,718000,11.471
2026/04/29 15:44:25,719000,11.476
2026/04/29 15:44:25,720000,11.471
2026/04/29 15:44:25,721000,11.479
2026/04/29 15:44:25,722000,11.471
2026/04/29 15:44:25,723000,11.476
2026/04/29 15:44:25,724000,11.471
2026/04/29 15:44:25,725000,11.476
2026/04/29 15:44:25,726000,11.476
2026/04/29 15:44:25,727000,11.482
2026/04/29 15:44:25,728000,11.479
2026/04/29 15:44:25,729000,11.471
2026/04/29 15:44:25,730000,11.471
2026/04/29 15:44:25,731000,11.487
2026/04/29 15:44:25,732000,11.468
2026/04/29 15:44:25,733000,11.479
2026/04/29 15:44:25,734000,11.479
2026/04/29 15:44:25,735000,11.482
2026/04/29 15:44:25,736000,11.476
2026/04/29 15:44:25,737000,11.479
2026/04/29 15:44:25,738000,11.482
2026/04/29 15:44:25,739000,11.479
2026/04/29 15:44:25,740000,11.473
2026/04/29 15:44:25,741000,11.471
2026/04/29 15:44:25,742000,11.471
2026/04/29 15:44:25,743000,11.476
2026/04/29 15:44:25,744000,11.476
2026/04/29 15:44:25,745000,11.476
2026/04/29 15:44:25,746000,11.476
2026/04/29 15:44:25,747000,11.476
2026/04/29 15:44:25,748000,11.485
2026/04/29 15:44:25,749000,11.473
2026/04/29 15:44:25,750000,11.471
2026/04/29 15:44:25,751000,11.471
2026/04/29 15:44:25,752000,11.471
2026/04/29 15:44:25,753000,11.471
2026/04/29 15:44:25,754000,11.479
2026/04/29 15:44:25,755000,11.471
2026/04/29 15:44:25,756000,11.479
2026/04/29 15:44:25,757000,11.479
2026/04/29 15:44:25,758000,11.476
2026/04/29 15:44:25,759000,11.479
2026/04/29 15:44:25,760000,11.476
2026/04/29 15:44:25,761000,11.479
2026/04/29 15:44:25,762000,11.479
2026/04/29 15:44:25,763000,11.468
2026/04/29 15:44:25,764000,11.471
2026/04/29 15:44:25,765000,11.476
2026/04/29 15:44:25,766000,11.476
2026/04/29 15:44:25,767000,11.479
2026/04/29 15:44:25,768000,11.479
2026/04/29 15:44:25,769000,11.482
2026/04/29 15:44:25,770000,11.479
2026/04/29 15:44:25,771000,11.471
2026/04/29 15:44:25,772000,11.479
2026/04/29 15:44:25,773000,11.485
2026/04/29 15:44:25,774000,11.471
2026/04/29 15:44:25,775000,11.471
2026/04/29 15:44:25,776000,11.473
2026/04/29 15:44:25,777000,11.479
2026/04/29 15:44:25,778000,11.476
2026/04/29 15:44:25,779000,11.479
2026/04/29 15:44:25,780000,11.476
2026/04/29 15:44:25,781000,11.471
2026/04/29 15:44:25,782000,11.476
2026/04/29 15:44:25,783000,11.482
2026/04/29 15:44:25,784000,11.471
2026/04/29 15:44:25,785000,11.471
2026/04/29 15:44:25,786000,11.476
2026/04/29 15:44:25,787000,11.479
2026/04/29 15:44:25,788000,11.471
2026/04/29 15:44:25,789000,11.476
2026/04/29 15:44:25,790000,11.476
2026/04/29 15:44:25,791000,11.471
2026/04/29 15:44:25,792000,11.471
2026/04/29 15:44:25,793000,11.476
2026/04/29 15:44:25,794000,11.476
2026/04/29 15:44:25,795000,11.471
2026/04/29 15:44:25,796000,11.476
2026/04/29 15:44:25,797000,11.479
2026/04/29 15:44:25,798000,11.476
2026/04/29 15:44:25,799000,11.471
2026/04/29 15:44:25,800000,11.482
2026/04/29 15:44:25,801000,11.476
2026/04/29 15:44:25,802000,11.471
2026/04/29 15:44:25,803000,11.476
2026/04/29 15:44:25,804000,11.473
2026/04/29 15:44:25,805000,11.479
2026/04/29 15:44:25,806000,11.479
2026/04/29 15:44:25,807000,11.471
2026/04/29 15:44:25,808000,11.476
2026/04/29 15:44:25,809000,11.476
2026/04/29 15:44:25,810000,11.479
2026/04/29 15:44:25,811000,11.479
2026/04/29 15:44:25,812000,11.479
2026/04/29 15:44:25,813000,11.479
2026/04/29 15:44:25,814000,11.479
2026/04/29 15:44:25,815000,11.471
2026/04/29 15:44:25,816000,11.479
2026/04/29 15:44:25,817000,11.476
2026/04/29 15:44:25,818000,11.476
2026/04/29 15:44:25,819000,11.479
2026/04/29 15:44:25,820000,11.476
2026/04/29 15:44:25,821000,11.482
2026/04/29 15:44:25,822000,11.482
2026/04/29 15:44:25,823000,11.471
2026/04/29 15:44:25,824000,11.471
2026/04/29 15:44:25,825000,11.476
2026/04/29 15:44:25,826000,11.476
2026/04/29 15:44:25,827000,11.479
2026/04/29 15:44:25,828000,11.476
2026/04/29 15:44:25,829000,11.479
2026/04/29 15:44:25,830000,11.479
2026/04/29 15:44:25,831000,11.476
2026/04/29 15:44:25,832000,11.471
2026/04/29 15:44:25,833000,11.476
2026/04/29 15:44:25,834000,11.471
2026/04/29 15:44:25,835000,11.476
2026/04/29 15:44:25,836000,11.479
2026/04/29 15:44:25,837000,11.471
2026/04/29 15:44:25,838000,11.479
2026/04/29 15:44:25,839000,11.473
2026/04/29 15:44:25,840000,11.471
2026/04/29 15:44:25,841000,11.482
2026/04/29 15:44:25,842000,11.476
2026/04/29 15:44:25,843000,11.476
2026/04/29 15:44:25,844000,11.471
2026/04/29 15:44:25,845000,11.476
2026/04/29 15:44:25,846000,11.476
2026/04/29 15:44:25,847000,11.473
2026/04/29 15:44:25,848000,11.479
2026/04/29 15:44:25,849000,11.476
2026/04/29 15:44:25,850000,11.471
2026/04/29 15:44:25,851000,11.473
2026/04/29 15:44:25,852000,11.473
2026/04/29 15:44:25,853000,11.485
2026/04/29 15:44:25,854000,11.471
2026/04/29 15:44:25,855000,11.479
2026/04/29 15:44:25,856000,11.476
2026/04/29 15:44:25,857000,11.479
2026/04/29 15:44:25,858000,11.479
2026/04/29 15:44:25,859000,11.482
2026/04/29 15:44:25,860000,11.479
2026/04/29 15:44:25,861000,11.476
2026/04/29 15:44:25,862000,11.476
2026/04/29 15:44:25,863000,11.479
2026/04/29 15:44:25,864000,11.476
2026/04/29 15:44:25,865000,11.476
2026/04/29 15:44:25,866000,11.476
2026/04/29 15:44:25,867000,11.473
2026/04/29 15:44:25,868000,11.476
2026/04/29 15:44:25,869000,11.479
2026/04/29 15:44:25,870000,11.482
2026/04/29 15:44:25,871000,11.479
2026/04/29 15:44:25,872000,11.479
2026/04/29 15:44:25,873000,11.479
2026/04/29 15:44:25,874000,11.471
2026/04/29 15:44:25,875000,11.479
2026/04/29 15:44:25,876000,11.471
2026/04/29 15:44:25,877000,11.471
2026/04/29 15:44:25,878000,11.482
2026/04/29 15:44:25,879000,11.476
2026/04/29 15:44:25,880000,11.471
2026/04/29 15:44:25,881000,11.479
2026/04/29 15:44:25,882000,11.471
2026/04/29 15:44:25,883000,11.479
2026/04/29 15:44:25,884000,11.479
2026/04/29 15:44:25,885000,11.479
2026/04/29 15:44:25,886000,11.476
2026/04/29 15:44:25,887000,11.476
2026/04/29 15:44:25,888000,11.482
2026/04/29 15:44:25,889000,11.471
2026/04/29 15:44:25,890000,11.476
2026/04/29 15:44:25,891000,11.471
2026/04/29 15:44:25,892000,11.493
2026/04/29 15:44:25,893000,11.471
2026/04/29 15:44:25,894000,11.473
2026/04/29 15:44:25,895000,11.476
2026/04/29 15:44:25,896000,11.476
2026/04/29 15:44:25,897000,11.476
2026/04/29 15:44:25,898000,11.473
2026/04/29 15:44:25,899000,11.482
2026/04/29 15:44:25,900000,11.476
2026/04/29 15:44:25,901000,11.471
2026/04/29 15:44:25,902000,11.471
2026/04/29 15:44:25,903000,11.471
2026/04/29 15:44:25,904000,11.476
2026/04/29 15:44:25,905000,11.471
2026/04/29 15:44:25,906000,11.479
2026/04/29 15:44:25,907000,11.468
2026/04/29 15:44:25,908000,11.482
2026/04/29 15:44:25,909000,11.485
2026/04/29 15:44:25,910000,11.471
2026/04/29 15:44:25,911000,11.482
2026/04/29 15:44:25,912000,11.471
2026/04/29 15:44:25,913000,11.476
2026/04/29 15:44:25,914000,11.479
2026/04/29 15:44:25,915000,11.479
2026/04/29 15:44:25,916000,11.476
2026/04/29 15:44:25,917000,11.479
2026/04/29 15:44:25,918000,11.476
2026/04/29 15:44:25,919000,11.471
2026/04/29 15:44:25,920000,11.476
2026/04/29 15:44:25,921000,11.476
2026/04/29 15:44:25,922000,11.479
2026/04/29 15:44:25,923000,11.482
2026/04/29 15:44:25,924000,11.479
2026/04/29 15:44:25,925000,11.479
2026/04/29 15:44:25,926000,11.471
2026/04/29 15:44:25,927000,11.468
2026/04/29 15:44:25,928000,11.471
2026/04/29 15:44:25,929000,11.479
2026/04/29 15:44:25,930000,11.471
2026/04/29 15:44:25,931000,11.473
2026/04/29 15:44:25,932000,11.471
2026/04/29 15:44:25,933000,11.482
2026/04/29 15:44:25,934000,11.476
2026/04/29 15:44:25,935000,11.471
2026/04/29 15:44:25,936000,11.482
2026/04/29 15:44:25,937000,11.482
2026/04/29 15:44:25,938000,11.471
2026/04/29 15:44:25,939000,11.476
2026/04/29 15:44:25,940000,11.476
2026/04/29 15:44:25,941000,11.479
2026/04/29 15:44:25,942000,11.476
2026/04/29 15:44:25,943000,11.471
2026/04/29 15:44:25,944000,11.476
2026/04/29 15:44:25,945000,11.479
2026/04/29 15:44:25,946000,11.479
2026/04/29 15:44:25,947000,11.479
2026/04/29 15:44:25,948000,11.482
2026/04/29 15:44:25,949000,11.473
2026/04/29 15:44:25,950000,11.479
2026/04/29 15:44:25,951000,11.479
2026/04/29 15:44:25,952000,11.471
2026/04/29 15:44:25,953000,11.482
2026/04/29 15:44:25,954000,11.482
2026/04/29 15:44:25,955000,11.479
2026/04/29 15:44:25,956000,11.485
2026/04/29 15:44:25,957000,11.471
2026/04/29 15:44:25,958000,11.479
2026/04/29 15:44:25,959000,11.479
2026/04/29 15:44:25,960000,11.476
2026/04/29 15:44:25,961000,11.479
2026/04/29 15:44:25,962000,11.476
2026/04/29 15:44:25,963000,11.476
2026/04/29 15:44:25,964000,11.485
2026/04/29 15:44:25,965000,11.479
2026/04/29 15:44:25,966000,11.471
2026/04/29 15:44:25,967000,11.476
2026/04/29 15:44:25,968000,11.476
2026/04/29 15:44:25,969000,11.476
2026/04/29 15:44:25,970000,11.471
2026/04/29 15:44:25,971000,11.479
2026/04/29 15:44:25,972000,11.471
2026/04/29 15:44:25,973000,11.476
2026/04/29 15:44:25,974000,11.479
2026/04/29 15:44:25,975000,11.471
2026/04/29 15:44:25,976000,11.476
2026/04/29 15:44:25,977000,11.471
2026/04/29 15:44:25,978000,11.476
2026/04/29 15:44:25,979000,11.479
2026/04/29 15:44:25,980000,11.482
2026/04/29 15:44:25,981000,11.479
2026/04/29 15:44:25,982000,11.473
2026/04/29 15:44:25,983000,11.473
2026/04/29 15:44:25,984000,11.476
2026/04/29 15:44:25,985000,11.479
2026/04/29 15:44:25,986000,11.485
2026/04/29 15:44:25,987000,11.476
2026/04/29 15:44:25,988000,11.485
2026/04/29 15:44:25,989000,11.473
2026/04/29 15:44:25,990000,11.479
2026/04/29 15:44:25,991000,11.482
2026/04/29 15:44:25,992000,11.476
2026/04/29 15:44:25,993000,11.479
2026/04/29 15:44:25,994000,11.479
2026/04/29 15:44:25,995000,11.482
2026/04/29 15:44:25,996000,11.473
2026/04/29 15:44:25,997000,11.482
2026/04/29 15:44:25,998000,11.476
2026/04/29 15:44:25,999000,11.476
2026/04/29 15:44:26,000000,11.476
2026/04/29 15:44:26,001000,11.471
2026/04/29 15:44:26,002000,11.468
2026/04/29 15:44:26,003000,11.479
2026/04/29 15:44:26,004000,11.479
2026/04/29 15:44:26,005000,11.476
2026/04/29 15:44:26,006000,11.482
2026/04/29 15:44:26,007000,11.476
2026/04/29 15:44:26,008000,11.479
2026/04/29 15:44:26,009000,11.479
2026/04/29 15:44:26,010000,11.479
2026/04/29 15:44:26,011000,11.479
2026/04/29 15:44:26,012000,11.476
2026/04/29 15:44:26,013000,11.482
2026/04/29 15:44:26,014000,11.476
2026/04/29 15:44:26,015000,11.479
2026/04/29 15:44:26,016000,11.476
2026/04/29 15:44:26,017000,11.476
2026/04/29 15:44:26,018000,11.485
2026/04/29 15:44:26,019000,11.479
2026/04/29 15:44:26,020000,11.482
2026/04/29 15:44:26,021000,11.482
2026/04/29 15:44:26,022000,11.476
2026/04/29 15:44:26,023000,11.482
2026/04/29 15:44:26,024000,11.473
2026/04/29 15:44:26,025000,11.482
2026/04/29 15:44:26,026000,11.482
2026/04/29 15:44:26,027000,11.473
2026/04/29 15:44:26,028000,11.476
2026/04/29 15:44:26,029000,11.485
2026/04/29 15:44:26,030000,11.479
2026/04/29 15:44:26,031000,11.471
2026/04/29 15:44:26,032000,11.476
2026/04/29 15:44:26,033000,11.482
2026/04/29 15:44:26,034000,11.482
2026/04/29 15:44:26,035000,11.482
2026/04/29 15:44:26,036000,11.476
2026/04/29 15:44:26,037000,11.471
2026/04/29 15:44:26,038000,11.485
2026/04/29 15:44:26,039000,11.476
2026/04/29 15:44:26,040000,11.479
2026/04/29 15:44:26,041000,11.471
2026/04/29 15:44:26,042000,11.476
2026/04/29 15:44:26,043000,11.468
2026/04/29 15:44:26,044000,11.479
2026/04/29 15:44:26,045000,11.476
2026/04/29 15:44:26,046000,11.479
2026/04/29 15:44:26,047000,11.473
2026/04/29 15:44:26,048000,11.473
2026/04/29 15:44:26,049000,11.482
2026/04/29 15:44:26,050000,11.485
2026/04/29 15:44:26,051000,11.482
2026/04/29 15:44:26,052000,11.479
2026/04/29 15:44:26,053000,11.476
2026/04/29 15:44:26,054000,11.479
2026/04/29 15:44:26,055000,11.473
2026/04/29 15:44:26,056000,11.482
2026/04/29 15:44:26,057000,11.471
2026/04/29 15:44:26,058000,11.471
2026/04/29 15:44:26,059000,11.482
2026/04/29 15:44:26,060000,11.479
2026/04/29 15:44:26,061000,11.482
2026/04/29 15:44:26,062000,11.479
2026/04/29 15:44:26,063000,11.471
2026/04/29 15:44:26,064000,11.479
2026/04/29 15:44:26,065000,11.473
2026/04/29 15:44:26,066000,11.476
2026/04/29 15:44:26,067000,11.476
2026/04/29 15:44:26,068000,11.476
2026/04/29 15:44:26,069000,11.482
2026/04/29 15:44:26,070000,11.476
2026/04/29 15:44:26,071000,11.476
2026/04/29 15:44:26,072000,11.482
2026/04/29 15:44:26,073000,11.479
2026/04/29 15:44:26,074000,11.476
2026/04/29 15:44:26,075000,11.471
2026/04/29 15:44:26,076000,11.482
2026/04/29 15:44:26,077000,11.476
2026/04/29 15:44:26,078000,11.482
2026/04/29 15:44:26,079000,11.482
2026/04/29 15:44:26,080000,11.471
2026/04/29 15:44:26,081000,11.476
2026/04/29 15:44:26,082000,11.479
2026/04/29 15:44:26,083000,11.485
2026/04/29 15:44:26,084000,11.479
2026/04/29 15:44:26,085000,11.476
2026/04/29 15:44:26,086000,11.482
2026/04/29 15:44:26,087000,11.482
2026/04/29 15:44:26,088000,11.482
2026/04/29 15:44:26,089000,11.479
2026/04/29 15:44:26,090000,11.482
2026/04/29 15:44:26,091000,11.476
2026/04/29 15:44:26,092000,11.471
2026/04/29 15:44:26,093000,11.479
2026/04/29 15:44:26,094000,11.479
2026/04/29 15:44:26,095000,11.482
2026/04/29 15:44:26,096000,11.482
2026/04/29 15:44:26,097000,11.482
2026/04/29 15:44:26,098000,11.482
2026/04/29 15:44:26,099000,11.471
2026/04/29 15:44:26,100000,11.476
2026/04/29 15:44:26,101000,11.479
2026/04/29 15:44:26,102000,11.482
2026/04/29 15:44:26,103000,11.479
2026/04/29 15:44:26,104000,11.479
2026/04/29 15:44:26,105000,11.479
2026/04/29 15:44:26,106000,11.473
2026/04/29 15:44:26,107000,11.482
2026/04/29 15:44:26,108000,11.471
2026/04/29 15:44:26,109000,11.482
2026/04/29 15:44:26,110000,11.476
2026/04/29 15:44:26,111000,11.482
2026/04/29 15:44:26,112000,11.479
2026/04/29 15:44:26,113000,11.482
2026/04/29 15:44:26,114000,11.479
2026/04/29 15:44:26,115000,11.485
2026/04/29 15:44:26,116000,11.476
2026/04/29 15:44:26,117000,11.479
2026/04/29 15:44:26,118000,11.479
2026/04/29 15:44:26,119000,11.476
2026/04/29 15:44:26,120000,11.479
2026/04/29 15:44:26,121000,11.473
2026/04/29 15:44:26,122000,11.479
2026/04/29 15:44:26,123000,11.471
2026/04/29 15:44:26,124000,11.476
2026/04/29 15:44:26,125000,11.479
2026/04/29 15:44:26,126000,11.476
2026/04/29 15:44:26,127000,11.479
2026/04/29 15:44:26,128000,11.479
2026/04/29 15:44:26,129000,11.482
2026/04/29 15:44:26,130000,11.476
2026/04/29 15:44:26,131000,11.479
2026/04/29 15:44:26,132000,11.482
2026/04/29 15:44:26,133000,11.476
2026/04/29 15:44:26,134000,11.482
2026/04/29 15:44:26,135000,11.479
2026/04/29 15:44:26,136000,11.485
2026/04/29 15:44:26,137000,11.479
2026/04/29 15:44:26,138000,11.476
2026/04/29 15:44:26,139000,11.479
2026/04/29 15:44:26,140000,11.479
2026/04/29 15:44:26,141000,11.471
2026/04/29 15:44:26,142000,11.479
2026/04/29 15:44:26,143000,11.482
2026/04/29 15:44:26,144000,11.479
2026/04/29 15:44:26,145000,11.479
2026/04/29 15:44:26,146000,11.479
2026/04/29 15:44:26,147000,11.476
2026/04/29 15:44:26,148000,11.476
2026/04/29 15:44:26,149000,11.476
2026/04/29 15:44:26,150000,11.482
2026/04/29 15:44:26,151000,11.471
2026/04/29 15:44:26,152000,11.479
2026/04/29 15:44:26,153000,11.476
2026/04/29 15:44:26,154000,11.479
2026/04/29 15:44:26,155000,11.479
2026/04/29 15:44:26,156000,11.479
2026/04/29 15:44:26,157000,11.482
2026/04/29 15:44:26,158000,11.479
2026/04/29 15:44:26,159000,11.479
2026/04/29 15:44:26,160000,11.479
2026/04/29 15:44:26,161000,11.479
2026/04/29 15:44:26,162000,11.476
2026/04/29 15:44:26,163000,11.476
2026/04/29 15:44:26,164000,11.471
2026/04/29 15:44:26,165000,11.476
2026/04/29 15:44:26,166000,11.471
2026/04/29 15:44:26,167000,11.473
2026/04/29 15:44:26,168000,11.479
2026/04/29 15:44:26,169000,11.473
2026/04/29 15:44:26,170000,11.479
2026/04/29 15:44:26,171000,11.471
2026/04/29 15:44:26,172000,11.471
2026/04/29 15:44:26,173000,11.485
2026/04/29 15:44:26,174000,11.471
2026/04/29 15:44:26,175000,11.476
2026/04/29 15:44:26,176000,11.473
2026/04/29 15:44:26,177000,11.479
2026/04/29 15:44:26,178000,11.479
2026/04/29 15:44:26,179000,11.471
2026/04/29 15:44:26,180000,11.479
2026/04/29 15:44:26,181000,11.476
2026/04/29 15:44:26,182000,11.471
2026/04/29 15:44:26,183000,11.479
2026/04/29 15:44:26,184000,11.479
2026/04/29 15:44:26,185000,11.479
2026/04/29 15:44:26,186000,11.479
2026/04/29 15:44:26,187000,11.482
2026/04/29 15:44:26,188000,11.479
2026/04/29 15:44:26,189000,11.473
2026/04/29 15:44:26,190000,11.471
2026/04/29 15:44:26,191000,11.471
2026/04/29 15:44:26,192000,11.479
2026/04/29 15:44:26,193000,11.479
2026/04/29 15:44:26,194000,11.476
2026/04/29 15:44:26,195000,11.476
2026/04/29 15:44:26,196000,11.468
2026/04/29 15:44:26,197000,11.482
2026/04/29 15:44:26,198000,11.476
2026/04/29 15:44:26,199000,11.473
2026/04/29 15:44:26,200000,11.479
2026/04/29 15:44:26,201000,11.471
2026/04/29 15:44:26,202000,11.476
2026/04/29 15:44:26,203000,11.476
2026/04/29 15:44:26,204000,11.479
2026/04/29 15:44:26,205000,11.476
2026/04/29 15:44:26,206000,11.476
2026/04/29 15:44:26,207000,11.473
2026/04/29 15:44:26,208000,11.476
2026/04/29 15:44:26,209000,11.476
2026/04/29 15:44:26,210000,11.482
2026/04/29 15:44:26,211000,11.479
2026/04/29 15:44:26,212000,11.479
2026/04/29 15:44:26,213000,11.479
2026/04/29 15:44:26,214000,11.479
2026/04/29 15:44:26,215000,11.476
2026/04/29 15:44:26,216000,11.476
2026/04/29 15:44:26,217000,11.479
2026/04/29 15:44:26,218000,11.479
2026/04/29 15:44:26,219000,11.473
2026/04/29 15:44:26,220000,11.476
2026/04/29 15:44:26,221000,11.479
2026/04/29 15:44:26,222000,11.476
2026/04/29 15:44:26,223000,11.479
2026/04/29 15:44:26,224000,11.479
2026/04/29 15:44:26,225000,11.479
2026/04/29 15:44:26,226000,11.471
2026/04/29 15:44:26,227000,11.479
2026/04/29 15:44:26,228000,11.471
2026/04/29 15:44:26,229000,11.473
2026/04/29 15:44:26,230000,11.471
2026/04/29 15:44:26,231000,11.479
2026/04/29 15:44:26,232000,11.468
2026/04/29 15:44:26,233000,11.471
2026/04/29 15:44:26,234000,11.471
2026/04/29 15:44:26,235000,11.471
2026/04/29 15:44:26,236000,11.471
2026/04/29 15:44:26,237000,11.471
2026/04/29 15:44:26,238000,11.473
2026/04/29 15:44:26,239000,11.471
2026/04/29 15:44:26,240000,11.471
2026/04/29 15:44:26,241000,11.476
2026/04/29 15:44:26,242000,11.479
2026/04/29 15:44:26,243000,11.479
2026/04/29 15:44:26,244000,11.465
2026/04/29 15:44:26,245000,11.471
2026/04/29 15:44:26,246000,11.479
2026/04/29 15:44:26,247000,11.473
2026/04/29 15:44:26,248000,11.471
2026/04/29 15:44:26,249000,11.471
2026/04/29 15:44:26,250000,11.479
2026/04/29 15:44:26,251000,11.473
2026/04/29 15:44:26,252000,11.479
2026/04/29 15:44:26,253000,11.471
2026/04/29 15:44:26,254000,11.473
2026/04/29 15:44:26,255000,11.479
2026/04/29 15:44:26,256000,11.473
2026/04/29 15:44:26,257000,11.476
2026/04/29 15:44:26,258000,11.473
2026/04/29 15:44:26,259000,11.479
2026/04/29 15:44:26,260000,11.476
2026/04/29 15:44:26,261000,11.479
2026/04/29 15:44:26,262000,11.476
2026/04/29 15:44:26,263000,11.479
2026/04/29 15:44:26,264000,11.476
2026/04/29 15:44:26,265000,11.471
2026/04/29 15:44:26,266000,11.479
2026/04/29 15:44:26,267000,11.476
2026/04/29 15:44:26,268000,11.479
2026/04/29 15:44:26,269000,11.476
2026/04/29 15:44:26,270000,11.479
2026/04/29 15:44:26,271000,11.473
2026/04/29 15:44:26,272000,11.471
2026/04/29 15:44:26,273000,11.473
2026/04/29 15:44:26,274000,11.471
2026/04/29 15:44:26,275000,11.476
2026/04/29 15:44:26,276000,11.471
2026/04/29 15:44:26,277000,11.476
2026/04/29 15:44:26,278000,11.471
2026/04/29 15:44:26,279000,11.471
2026/04/29 15:44:26,280000,11.479
2026/04/29 15:44:26,281000,11.479
2026/04/29 15:44:26,282000,11.479
2026/04/29 15:44:26,283000,11.479
2026/04/29 15:44:26,284000,11.479
2026/04/29 15:44:26,285000,11.471
2026/04/29 15:44:26,286000,11.473
2026/04/29 15:44:26,287000,11.471
2026/04/29 15:44:26,288000,11.479
2026/04/29 15:44:26,289000,11.476
2026/04/29 15:44:26,290000,11.465
2026/04/29 15:44:26,291000,11.471
2026/04/29 15:44:26,292000,11.473
2026/04/29 15:44:26,293000,11.482
2026/04/29 15:44:26,294000,11.476
2026/04/29 15:44:26,295000,11.479
2026/04/29 15:44:26,296000,11.468
2026/04/29 15:44:26,297000,11.473
2026/04/29 15:44:26,298000,11.476
2026/04/29 15:44:26,299000,11.479
2026/04/29 15:44:26,300000,11.476
2026/04/29 15:44:26,301000,11.471
2026/04/29 15:44:26,302000,11.476
2026/04/29 15:44:26,303000,11.476
2026/04/29 15:44:26,304000,11.473
2026/04/29 15:44:26,305000,11.476
2026/04/29 15:44:26,306000,11.476
2026/04/29 15:44:26,307000,11.476
2026/04/29 15:44:26,308000,11.479
2026/04/29 15:44:26,309000,11.476
2026/04/29 15:44:26,310000,11.473
2026/04/29 15:44:26,311000,11.476
2026/04/29 15:44:26,312000,11.476
2026/04/29 15:44:26,313000,11.471
2026/04/29 15:44:26,314000,11.476
2026/04/29 15:44:26,315000,11.471
2026/04/29 15:44:26,316000,11.476
2026/04/29 15:44:26,317000,11.476
2026/04/29 15:44:26,318000,11.482
2026/04/29 15:44:26,319000,11.479
2026/04/29 15:44:26,320000,11.473
2026/04/29 15:44:26,321000,11.471
2026/04/29 15:44:26,322000,11.471
2026/04/29 15:44:26,323000,11.476
2026/04/29 15:44:26,324000,11.476
2026/04/29 15:44:26,325000,11.473
2026/04/29 15:44:26,326000,11.479
2026/04/29 15:44:26,327000,11.471
2026/04/29 15:44:26,328000,11.471
2026/04/29 15:44:26,329000,11.479
2026/04/29 15:44:26,330000,11.479
2026/04/29 15:44:26,331000,11.479
2026/04/29 15:44:26,332000,11.473
2026/04/29 15:44:26,333000,11.479
2026/04/29 15:44:26,334000,11.471
2026/04/29 15:44:26,335000,11.471
2026/04/29 15:44:26,336000,11.479
2026/04/29 15:44:26,337000,11.471
2026/04/29 15:44:26,338000,11.482
2026/04/29 15:44:26,339000,11.479
2026/04/29 15:44:26,340000,11.479
2026/04/29 15:44:26,341000,11.479
2026/04/29 15:44:26,342000,11.479
2026/04/29 15:44:26,343000,11.479
2026/04/29 15:44:26,344000,11.471
2026/04/29 15:44:26,345000,11.471
2026/04/29 15:44:26,346000,11.473
2026/04/29 15:44:26,347000,11.479
2026/04/29 15:44:26,348000,11.471
2026/04/29 15:44:26,349000,11.473
2026/04/29 15:44:26,350000,11.471
2026/04/29 15:44:26,351000,11.473
2026/04/29 15:44:26,352000,11.485
2026/04/29 15:44:26,353000,11.471
2026/04/29 15:44:26,354000,11.479
2026/04/29 15:44:26,355000,11.476
2026/04/29 15:44:26,356000,11.473
2026/04/29 15:44:26,357000,11.482
2026/04/29 15:44:26,358000,11.479
2026/04/29 15:44:26,359000,11.476
2026/04/29 15:44:26,360000,11.482
2026/04/29 15:44:26,361000,11.471
2026/04/29 15:44:26,362000,11.479
2026/04/29 15:44:26,363000,11.473
2026/04/29 15:44:26,364000,11.473
2026/04/29 15:44:26,365000,11.479
2026/04/29 15:44:26,366000,11.479
2026/04/29 15:44:26,367000,11.479
2026/04/29 15:44:26,368000,11.476
2026/04/29 15:44:26,369000,11.485
2026/04/29 15:44:26,370000,11.471
2026/04/29 15:44:26,371000,11.482
2026/04/29 15:44:26,372000,11.479
2026/04/29 15:44:26,373000,11.479
2026/04/29 15:44:26,374000,11.476
2026/04/29 15:44:26,375000,11.482
2026/04/29 15:44:26,376000,11.476
2026/04/29 15:44:26,377000,11.482
2026/04/29 15:44:26,378000,11.471
2026/04/29 15:44:26,379000,11.471
2026/04/29 15:44:26,380000,11.471
2026/04/29 15:44:26,381000,11.476
2026/04/29 15:44:26,382000,11.471
2026/04/29 15:44:26,383000,11.471
2026/04/29 15:44:26,384000,11.479
2026/04/29 15:44:26,385000,11.471
2026/04/29 15:44:26,386000,11.476
2026/04/29 15:44:26,387000,11.471
2026/04/29 15:44:26,388000,11.485
2026/04/29 15:44:26,389000,11.471
2026/04/29 15:44:26,390000,11.485
2026/04/29 15:44:26,391000,11.476
2026/04/29 15:44:26,392000,11.482
2026/04/29 15:44:26,393000,11.476
2026/04/29 15:44:26,394000,11.479
2026/04/29 15:44:26,395000,11.476
2026/04/29 15:44:26,396000,11.476
2026/04/29 15:44:26,397000,11.479
2026/04/29 15:44:26,398000,11.473
2026/04/29 15:44:26,399000,11.482
2026/04/29 15:44:26,400000,11.479
2026/04/29 15:44:26,401000,11.471
2026/04/29 15:44:26,402000,11.473
2026/04/29 15:44:26,403000,11.479
2026/04/29 15:44:26,404000,11.479
2026/04/29 15:44:26,405000,11.471
2026/04/29 15:44:26,406000,11.476
2026/04/29 15:44:26,407000,11.471
2026/04/29 15:44:26,408000,11.482
2026/04/29 15:44:26,409000,11.479
2026/04/29 15:44:26,410000,11.482
2026/04/29 15:44:26,411000,11.473
2026/04/29 15:44:26,412000,11.482
2026/04/29 15:44:26,413000,11.473
2026/04/29 15:44:26,414000,11.479
2026/04/29 15:44:26,415000,11.479
2026/04/29 15:44:26,416000,11.479
2026/04/29 15:44:26,417000,11.479
2026/04/29 15:44:26,418000,11.479
2026/04/29 15:44:26,419000,11.471
2026/04/29 15:44:26,420000,11.479
2026/04/29 15:44:26,421000,11.476
2026/04/29 15:44:26,422000,11.471
2026/04/29 15:44:26,423000,11.473
2026/04/29 15:44:26,424000,11.479
2026/04/29 15:44:26,425000,11.471
2026/04/29 15:44:26,426000,11.479
2026/04/29 15:44:26,427000,11.476
2026/04/29 15:44:26,428000,11.473
2026/04/29 15:44:26,429000,11.476
2026/04/29 15:44:26,430000,11.476
2026/04/29 15:44:26,431000,11.479
2026/04/29 15:44:26,432000,11.479
2026/04/29 15:44:26,433000,11.476
2026/04/29 15:44:26,434000,11.471
2026/04/29 15:44:26,435000,11.476
2026/04/29 15:44:26,436000,11.471
2026/04/29 15:44:26,437000,11.471
2026/04/29 15:44:26,438000,11.482
2026/04/29 15:44:26,439000,11.476
2026/04/29 15:44:26,440000,11.476
2026/04/29 15:44:26,441000,11.471
2026/04/29 15:44:26,442000,11.476
2026/04/29 15:44:26,443000,11.482
2026/04/29 15:44:26,444000,11.473
2026/04/29 15:44:26,445000,11.482
2026/04/29 15:44:26,446000,11.482
2026/04/29 15:44:26,447000,11.482
2026/04/29 15:44:26,448000,11.471
2026/04/29 15:44:26,449000,11.479
2026/04/29 15:44:26,450000,11.482
2026/04/29 15:44:26,451000,11.482
2026/04/29 15:44:26,452000,11.473
2026/04/29 15:44:26,453000,11.482
2026/04/29 15:44:26,454000,11.482
2026/04/29 15:44:26,455000,11.485
2026/04/29 15:44:26,456000,11.476
2026/04/29 15:44:26,457000,11.482
2026/04/29 15:44:26,458000,11.479
2026/04/29 15:44:26,459000,11.479
2026/04/29 15:44:26,460000,11.476
2026/04/29 15:44:26,461000,11.479
2026/04/29 15:44:26,462000,11.479
2026/04/29 15:44:26,463000,11.485
2026/04/29 15:44:26,464000,11.476
2026/04/29 15:44:26,465000,11.482
2026/04/29 15:44:26,466000,11.476
2026/04/29 15:44:26,467000,11.476
2026/04/29 15:44:26,468000,11.476
2026/04/29 15:44:26,469000,11.479
2026/04/29 15:44:26,470000,11.479
2026/04/29 15:44:26,471000,11.471
2026/04/29 15:44:26,472000,11.473
2026/04/29 15:44:26,473000,11.476
2026/04/29 15:44:26,474000,11.476
2026/04/29 15:44:26,475000,11.476
2026/04/29 15:44:26,476000,11.479
2026/04/29 15:44:26,477000,11.473
2026/04/29 15:44:26,478000,11.482
2026/04/29 15:44:26,479000,11.479
2026/04/29 15:44:26,480000,11.476
2026/04/29 15:44:26,481000,11.479
2026/04/29 15:44:26,482000,11.473
2026/04/29 15:44:26,483000,11.485
2026/04/29 15:44:26,484000,11.476
2026/04/29 15:44:26,485000,11.479
2026/04/29 15:44:26,486000,11.476
2026/04/29 15:44:26,487000,11.479
2026/04/29 15:44:26,488000,11.482
2026/04/29 15:44:26,489000,11.473
2026/04/29 15:44:26,490000,11.487
2026/04/29 15:44:26,491000,11.476
2026/04/29 15:44:26,492000,11.476
2026/04/29 15:44:26,493000,11.476
2026/04/29 15:44:26,494000,11.479
2026/04/29 15:44:26,495000,11.479
2026/04/29 15:44:26,496000,11.479
2026/04/29 15:44:26,497000,11.482
2026/04/29 15:44:26,498000,11.482
2026/04/29 15:44:26,499000,11.482
2026/04/29 15:44:26,500000,11.482
2026/04/29 15:44:26,501000,11.482
2026/04/29 15:44:26,502000,11.471
2026/04/29 15:44:26,503000,11.473
2026/04/29 15:44:26,504000,11.479
2026/04/29 15:44:26,505000,11.482
2026/04/29 15:44:26,506000,11.476
2026/04/29 15:44:26,507000,11.485
2026/04/29 15:44:26,508000,11.476
2026/04/29 15:44:26,509000,11.479
2026/04/29 15:44:26,510000,11.471
2026/04/29 15:44:26,511000,11.476
2026/04/29 15:44:26,512000,11.479
2026/04/29 15:44:26,513000,11.482
2026/04/29 15:44:26,514000,11.479
2026/04/29 15:44:26,515000,11.476
2026/04/29 15:44:26,516000,11.479
2026/04/29 15:44:26,517000,11.473
2026/04/29 15:44:26,518000,11.476
2026/04/29 15:44:26,519000,11.471
2026/04/29 15:44:26,520000,11.471
2026/04/29 15:44:26,521000,11.479
2026/04/29 15:44:26,522000,11.479
2026/04/29 15:44:26,523000,11.485
2026/04/29 15:44:26,524000,11.479
2026/04/29 15:44:26,525000,11.482
2026/04/29 15:44:26,526000,11.485
2026/04/29 15:44:26,527000,11.479
2026/04/29 15:44:26,528000,11.482
2026/04/29 15:44:26,529000,11.476
2026/04/29 15:44:26,530000,11.482
2026/04/29 15:44:26,531000,11.473
2026/04/29 15:44:26,532000,11.473
2026/04/29 15:44:26,533000,11.485
2026/04/29 15:44:26,534000,11.471
2026/04/29 15:44:26,535000,11.479
2026/04/29 15:44:26,536000,11.482
2026/04/29 15:44:26,537000,11.476
2026/04/29 15:44:26,538000,11.479
2026/04/29 15:44:26,539000,11.479
2026/04/29 15:44:26,540000,11.471
2026/04/29 15:44:26,541000,11.473
2026/04/29 15:44:26,542000,11.482
2026/04/29 15:44:26,543000,11.471
2026/04/29 15:44:26,544000,11.479
2026/04/29 15:44:26,545000,11.482
2026/04/29 15:44:26,546000,11.479
2026/04/29 15:44:26,547000,11.476
2026/04/29 15:44:26,548000,11.476
2026/04/29 15:44:26,549000,11.482
2026/04/29 15:44:26,550000,11.479
2026/04/29 15:44:26,551000,11.476
2026/04/29 15:44:26,552000,11.479
2026/04/29 15:44:26,553000,11.479
2026/04/29 15:44:26,554000,11.482
2026/04/29 15:44:26,555000,11.479
2026/04/29 15:44:26,556000,11.473
2026/04/29 15:44:26,557000,11.485
2026/04/29 15:44:26,558000,11.479
2026/04/29 15:44:26,559000,11.482
2026/04/29 15:44:26,560000,11.476
2026/04/29 15:44:26,561000,11.479
2026/04/29 15:44:26,562000,11.482
2026/04/29 15:44:26,563000,11.471
2026/04/29 15:44:26,564000,11.473
2026/04/29 15:44:26,565000,11.479
2026/04/29 15:44:26,566000,11.482
2026/04/29 15:44:26,567000,11.479
2026/04/29 15:44:26,568000,11.476
2026/04/29 15:44:26,569000,11.482
2026/04/29 15:44:26,570000,11.482
2026/04/29 15:44:26,571000,11.476
2026/04/29 15:44:26,572000,11.482
2026/04/29 15:44:26,573000,11.482
2026/04/29 15:44:26,574000,11.479
2026/04/29 15:44:26,575000,11.482
2026/04/29 15:44:26,576000,11.479
2026/04/29 15:44:26,577000,11.479
2026/04/29 15:44:26,578000,11.476
2026/04/29 15:44:26,579000,11.482
2026/04/29 15:44:26,580000,11.479
2026/04/29 15:44:26,581000,11.476
2026/04/29 15:44:26,582000,11.476
2026/04/29 15:44:26,583000,11.479
2026/04/29 15:44:26,584000,11.482
2026/04/29 15:44:26,585000,11.482
2026/04/29 15:44:26,586000,11.479
2026/04/29 15:44:26,587000,11.479
2026/04/29 15:44:26,588000,11.479
2026/04/29 15:44:26,589000,11.471
2026/04/29 15:44:26,590000,11.476
2026/04/29 15:44:26,591000,11.485
2026/04/29 15:44:26,592000,11.482
2026/04/29 15:44:26,593000,11.479
2026/04/29 15:44:26,594000,11.482
2026/04/29 15:44:26,595000,11.482
2026/04/29 15:44:26,596000,11.479
2026/04/29 15:44:26,597000,11.479
2026/04/29 15:44:26,598000,11.476
2026/04/29 15:44:26,599000,11.482
2026/04/29 15:44:26,600000,11.476
2026/04/29 15:44:26,601000,11.476
2026/04/29 15:44:26,602000,11.482
2026/04/29 15:44:26,603000,11.482
2026/04/29 15:44:26,604000,11.476
2026/04/29 15:44:26,605000,11.476
2026/04/29 15:44:26,606000,11.479
2026/04/29 15:44:26,607000,11.479
2026/04/29 15:44:26,608000,11.482
2026/04/29 15:44:26,609000,11.476
2026/04/29 15:44:26,610000,11.471
2026/04/29 15:44:26,611000,11.479
2026/04/29 15:44:26,612000,11.482
2026/04/29 15:44:26,613000,11.482
2026/04/29 15:44:26,614000,11.482
2026/04/29 15:44:26,615000,11.479
2026/04/29 15:44:26,616000,11.485
2026/04/29 15:44:26,617000,11.476
2026/04/29 15:44:26,618000,11.479
2026/04/29 15:44:26,619000,11.485
2026/04/29 15:44:26,620000,11.473
2026/04/29 15:44:26,621000,11.482
2026/04/29 15:44:26,622000,11.476
2026/04/29 15:44:26,623000,11.479
2026/04/29 15:44:26,624000,11.479
2026/04/29 15:44:26,625000,11.479
2026/04/29 15:44:26,626000,11.482
2026/04/29 15:44:26,627000,11.485
2026/04/29 15:44:26,628000,11.482
2026/04/29 15:44:26,629000,11.476
2026/04/29 15:44:26,630000,11.476
2026/04/29 15:44:26,631000,11.479
2026/04/29 15:44:26,632000,11.479
2026/04/29 15:44:26,633000,11.471
2026/04/29 15:44:26,634000,11.482
2026/04/29 15:44:26,635000,11.479
2026/04/29 15:44:26,636000,11.479
2026/04/29 15:44:26,637000,11.479
2026/04/29 15:44:26,638000,11.479
2026/04/29 15:44:26,639000,11.471
2026/04/29 15:44:26,640000,11.482
2026/04/29 15:44:26,641000,11.479
2026/04/29 15:44:26,642000,11.476
2026/04/29 15:44:26,643000,11.479
2026/04/29 15:44:26,644000,11.485
2026/04/29 15:44:26,645000,11.476
2026/04/29 15:44:26,646000,11.479
2026/04/29 15:44:26,647000,11.479
2026/04/29 15:44:26,648000,11.487
2026/04/29 15:44:26,649000,11.482
2026/04/29 15:44:26,650000,11.476
2026/04/29 15:44:26,651000,11.482
2026/04/29 15:44:26,652000,11.482
2026/04/29 15:44:26,653000,11.479
2026/04/29 15:44:26,654000,11.479
2026/04/29 15:44:26,655000,11.479
2026/04/29 15:44:26,656000,11.482
2026/04/29 15:44:26,657000,11.479
2026/04/29 15:44:26,658000,11.476
2026/04/29 15:44:26,659000,11.479
2026/04/29 15:44:26,660000,11.487
2026/04/29 15:44:26,661000,11.476
2026/04/29 15:44:26,662000,11.479
2026/04/29 15:44:26,663000,11.482
2026/04/29 15:44:26,664000,11.485
2026/04/29 15:44:26,665000,11.476
2026/04/29 15:44:26,666000,11.479
2026/04/29 15:44:26,667000,11.485
2026/04/29 15:44:26,668000,11.482
2026/04/29 15:44:26,669000,11.476
2026/04/29 15:44:26,670000,11.487
2026/04/29 15:44:26,671000,11.482
2026/04/29 15:44:26,672000,11.482
2026/04/29 15:44:26,673000,11.476
2026/04/29 15:44:26,674000,11.471
2026/04/29 15:44:26,675000,11.476
2026/04/29 15:44:26,676000,11.482
2026/04/29 15:44:26,677000,11.485
2026/04/29 15:44:26,678000,11.473
2026/04/29 15:44:26,679000,11.476
2026/04/29 15:44:26,680000,11.473
2026/04/29 15:44:26,681000,11.479
2026/04/29 15:44:26,682000,11.482
2026/04/29 15:44:26,683000,11.482
2026/04/29 15:44:26,684000,11.485
2026/04/29 15:44:26,685000,11.482
2026/04/29 15:44:26,686000,11.482
2026/04/29 15:44:26,687000,11.479
2026/04/29 15:44:26,688000,11.476
2026/04/29 15:44:26,689000,11.479
2026/04/29 15:44:26,690000,11.482
2026/04/29 15:44:26,691000,11.485
2026/04/29 15:44:26,692000,11.482
2026/04/29 15:44:26,693000,11.479
2026/04/29 15:44:26,694000,11.476
2026/04/29 15:44:26,695000,11.471
2026/04/29 15:44:26,696000,11.482
2026/04/29 15:44:26,697000,11.482
2026/04/29 15:44:26,698000,11.485
2026/04/29 15:44:26,699000,11.479
2026/04/29 15:44:26,700000,11.471
2026/04/29 15:44:26,701000,11.485
2026/04/29 15:44:26,702000,11.471
2026/04/29 15:44:26,703000,11.479
2026/04/29 15:44:26,704000,11.479
2026/04/29 15:44:26,705000,11.479
2026/04/29 15:44:26,706000,11.485
2026/04/29 15:44:26,707000,11.476
2026/04/29 15:44:26,708000,11.479
2026/04/29 15:44:26,709000,11.479
2026/04/29 15:44:26,710000,11.476
2026/04/29 15:44:26,711000,11.482
2026/04/29 15:44:26,712000,11.476
2026/04/29 15:44:26,713000,11.468
2026/04/29 15:44:26,714000,11.482
2026/04/29 15:44:26,715000,11.479
2026/04/29 15:44:26,716000,11.479
2026/04/29 15:44:26,717000,11.482
2026/04/29 15:44:26,718000,11.482
2026/04/29 15:44:26,719000,11.476
2026/04/29 15:44:26,720000,11.479
2026/04/29 15:44:26,721000,11.482
2026/04/29 15:44:26,722000,11.479
2026/04/29 15:44:26,723000,11.479
2026/04/29 15:44:26,724000,11.473
2026/04/29 15:44:26,725000,11.479
2026/04/29 15:44:26,726000,11.479
2026/04/29 15:44:26,727000,11.476
2026/04/29 15:44:26,728000,11.479
2026/04/29 15:44:26,729000,11.471
2026/04/29 15:44:26,730000,11.479
2026/04/29 15:44:26,731000,11.473
2026/04/29 15:44:26,732000,11.479
2026/04/29 15:44:26,733000,11.482
2026/04/29 15:44:26,734000,11.479
2026/04/29 15:44:26,735000,11.479
2026/04/29 15:44:26,736000,11.476
2026/04/29 15:44:26,737000,11.473
2026/04/29 15:44:26,738000,11.471
2026/04/29 15:44:26,739000,11.479
2026/04/29 15:44:26,740000,11.482
2026/04/29 15:44:26,741000,11.476
2026/04/29 15:44:26,742000,11.479
2026/04/29 15:44:26,743000,11.479
2026/04/29 15:44:26,744000,11.482
2026/04/29 15:44:26,745000,11.479
2026/04/29 15:44:26,746000,11.479
2026/04/29 15:44:26,747000,11.476
2026/04/29 15:44:26,748000,11.482
2026/04/29 15:44:26,749000,11.471
2026/04/29 15:44:26,750000,11.476
2026/04/29 15:44:26,751000,11.473
2026/04/29 15:44:26,752000,11.479
2026/04/29 15:44:26,753000,11.479
2026/04/29 15:44:26,754000,11.479
2026/04/29 15:44:26,755000,11.473
2026/04/29 15:44:26,756000,11.476
2026/04/29 15:44:26,757000,11.482
2026/04/29 15:44:26,758000,11.479
2026/04/29 15:44:26,759000,11.479
2026/04/29 15:44:26,760000,11.482
2026/04/29 15:44:26,761000,11.473
2026/04/29 15:44:26,762000,11.476
2026/04/29 15:44:26,763000,11.479
2026/04/29 15:44:26,764000,11.473
2026/04/29 15:44:26,765000,11.479
2026/04/29 15:44:26,766000,11.473
2026/04/29 15:44:26,767000,11.479
2026/04/29 15:44:26,768000,11.471
2026/04/29 15:44:26,769000,11.476
2026/04/29 15:44:26,770000,11.476
2026/04/29 15:44:26,771000,11.485
2026/04/29 15:44:26,772000,11.473
2026/04/29 15:44:26,773000,11.479
2026/04/29 15:44:26,774000,11.471
2026/04/29 15:44:26,775000,11.479
2026/04/29 15:44:26,776000,11.482
2026/04/29 15:44:26,777000,11.485
2026/04/29 15:44:26,778000,11.482
2026/04/29 15:44:26,779000,11.476
2026/04/29 15:44:26,780000,11.476
2026/04/29 15:44:26,781000,11.471
2026/04/29 15:44:26,782000,11.479
2026/04/29 15:44:26,783000,11.496
2026/04/29 15:44:26,784000,11.485
2026/04/29 15:44:26,785000,11.479
2026/04/29 15:44:26,786000,11.479
2026/04/29 15:44:26,787000,11.479
2026/04/29 15:44:26,788000,11.482
2026/04/29 15:44:26,789000,11.476
2026/04/29 15:44:26,790000,11.471
2026/04/29 15:44:26,791000,11.482
2026/04/29 15:44:26,792000,11.485
2026/04/29 15:44:26,793000,11.476
2026/04/29 15:44:26,794000,11.476
2026/04/29 15:44:26,795000,11.482
2026/04/29 15:44:26,796000,11.479
2026/04/29 15:44:26,797000,11.485
2026/04/29 15:44:26,798000,11.473
2026/04/29 15:44:26,799000,11.476
2026/04/29 15:44:26,800000,11.471
2026/04/29 15:44:26,801000,11.476
2026/04/29 15:44:26,802000,11.485
2026/04/29 15:44:26,803000,11.482
2026/04/29 15:44:26,804000,11.471
2026/04/29 15:44:26,805000,11.476
2026/04/29 15:44:26,806000,11.476
2026/04/29 15:44:26,807000,11.479
2026/04/29 15:44:26,808000,11.476
2026/04/29 15:44:26,809000,11.482
2026/04/29 15:44:26,810000,11.482
2026/04/29 15:44:26,811000,11.482
2026/04/29 15:44:26,812000,11.479
2026/04/29 15:44:26,813000,11.482
2026/04/29 15:44:26,814000,11.479
2026/04/29 15:44:26,815000,11.479
2026/04/29 15:44:26,816000,11.482
2026/04/29 15:44:26,817000,11.479
2026/04/29 15:44:26,818000,11.476
2026/04/29 15:44:26,819000,11.479
2026/04/29 15:44:26,820000,11.479
2026/04/29 15:44:26,821000,11.479
2026/04/29 15:44:26,822000,11.485
2026/04/29 15:44:26,823000,11.476
2026/04/29 15:44:26,824000,11.471
2026/04/29 15:44:26,825000,11.473
2026/04/29 15:44:26,826000,11.482
2026/04/29 15:44:26,827000,11.476
2026/04/29 15:44:26,828000,11.479
2026/04/29 15:44:26,829000,11.476
2026/04/29 15:44:26,830000,11.479
2026/04/29 15:44:26,831000,11.471
2026/04/29 15:44:26,832000,11.479
2026/04/29 15:44:26,833000,11.476
2026/04/29 15:44:26,834000,11.479
2026/04/29 15:44:26,835000,11.473
2026/04/29 15:44:26,836000,11.482
2026/04/29 15:44:26,837000,11.479
2026/04/29 15:44:26,838000,11.482
2026/04/29 15:44:26,839000,11.476
2026/04/29 15:44:26,840000,11.482
2026/04/29 15:44:26,841000,11.476
2026/04/29 15:44:26,842000,11.482
2026/04/29 15:44:26,843000,11.482
2026/04/29 15:44:26,844000,11.476
2026/04/29 15:44:26,845000,11.476
2026/04/29 15:44:26,846000,11.479
2026/04/29 15:44:26,847000,11.476
2026/04/29 15:44:26,848000,11.471
2026/04/29 15:44:26,849000,11.479
2026/04/29 15:44:26,850000,11.485
2026/04/29 15:44:26,851000,11.485
2026/04/29 15:44:26,852000,11.482
2026/04/29 15:44:26,853000,11.476
2026/04/29 15:44:26,854000,11.482
2026/04/29 15:44:26,855000,11.476
2026/04/29 15:44:26,856000,11.482
2026/04/29 15:44:26,857000,11.482
2026/04/29 15:44:26,858000,11.482
2026/04/29 15:44:26,859000,11.482
2026/04/29 15:44:26,860000,11.473
2026/04/29 15:44:26,861000,11.479
2026/04/29 15:44:26,862000,11.482
2026/04/29 15:44:26,863000,11.479
2026/04/29 15:44:26,864000,11.479
2026/04/29 15:44:26,865000,11.476
2026/04/29 15:44:26,866000,11.482
2026/04/29 15:44:26,867000,11.479
2026/04/29 15:44:26,868000,11.485
2026/04/29 15:44:26,869000,11.485
2026/04/29 15:44:26,870000,11.482
2026/04/29 15:44:26,871000,11.476
2026/04/29 15:44:26,872000,11.482
2026/04/29 15:44:26,873000,11.482
2026/04/29 15:44:26,874000,11.476
2026/04/29 15:44:26,875000,11.482
2026/04/29 15:44:26,876000,11.476
2026/04/29 15:44:26,877000,11.479
2026/04/29 15:44:26,878000,11.479
2026/04/29 15:44:26,879000,11.479
2026/04/29 15:44:26,880000,11.479
2026/04/29 15:44:26,881000,11.471
2026/04/29 15:44:26,882000,11.476
2026/04/29 15:44:26,883000,11.482
2026/04/29 15:44:26,884000,11.479
2026/04/29 15:44:26,885000,11.482
2026/04/29 15:44:26,886000,11.476
2026/04/29 15:44:26,887000,11.479
2026/04/29 15:44:26,888000,11.482
2026/04/29 15:44:26,889000,11.476
2026/04/29 15:44:26,890000,11.482
2026/04/29 15:44:26,891000,11.473
2026/04/29 15:44:26,892000,11.479
2026/04/29 15:44:26,893000,11.479
2026/04/29 15:44:26,894000,11.482
2026/04/29 15:44:26,895000,11.473
2026/04/29 15:44:26,896000,11.471
2026/04/29 15:44:26,897000,11.479
2026/04/29 15:44:26,898000,11.482
2026/04/29 15:44:26,899000,11.487
2026/04/29 15:44:26,900000,11.476
2026/04/29 15:44:26,901000,11.471
2026/04/29 15:44:26,902000,11.482
2026/04/29 15:44:26,903000,11.482
2026/04/29 15:44:26,904000,11.485
2026/04/29 15:44:26,905000,11.482
2026/04/29 15:44:26,906000,11.479
2026/04/29 15:44:26,907000,11.482
2026/04/29 15:44:26,908000,11.479
2026/04/29 15:44:26,909000,11.485
2026/04/29 15:44:26,910000,11.479
2026/04/29 15:44:26,911000,11.473
2026/04/29 15:44:26,912000,11.476
2026/04/29 15:44:26,913000,11.476
2026/04/29 15:44:26,914000,11.476
2026/04/29 15:44:26,915000,11.479
2026/04/29 15:44:26,916000,11.479
2026/04/29 15:44:26,917000,11.485
2026/04/29 15:44:26,918000,11.476
2026/04/29 15:44:26,919000,11.476
2026/04/29 15:44:26,920000,11.482
2026/04/29 15:44:26,921000,11.479
2026/04/29 15:44:26,922000,11.479
2026/04/29 15:44:26,923000,11.482
2026/04/29 15:44:26,924000,11.479
2026/04/29 15:44:26,925000,11.479
2026/04/29 15:44:26,926000,11.487
2026/04/29 15:44:26,927000,11.482
2026/04/29 15:44:26,928000,11.479
2026/04/29 15:44:26,929000,11.476
2026/04/29 15:44:26,930000,11.473
2026/04/29 15:44:26,931000,11.482
2026/04/29 15:44:26,932000,11.476
2026/04/29 15:44:26,933000,11.479
2026/04/29 15:44:26,934000,11.476
2026/04/29 15:44:26,935000,11.479
2026/04/29 15:44:26,936000,11.479
2026/04/29 15:44:26,937000,11.479
2026/04/29 15:44:26,938000,11.471
2026/04/29 15:44:26,939000,11.479
2026/04/29 15:44:26,940000,11.479
2026/04/29 15:44:26,941000,11.479
2026/04/29 15:44:26,942000,11.476
2026/04/29 15:44:26,943000,11.482
2026/04/29 15:44:26,944000,11.482
2026/04/29 15:44:26,945000,11.482
2026/04/29 15:44:26,946000,11.485
2026/04/29 15:44:26,947000,11.482
2026/04/29 15:44:26,948000,11.482
2026/04/29 15:44:26,949000,11.479
2026/04/29 15:44:26,950000,11.473
2026/04/29 15:44:26,951000,11.485
2026/04/29 15:44:26,952000,11.476
2026/04/29 15:44:26,953000,11.485
2026/04/29 15:44:26,954000,11.476
2026/04/29 15:44:26,955000,11.493
2026/04/29 15:44:26,956000,11.476
2026/04/29 15:44:26,957000,11.479
2026/04/29 15:44:26,958000,11.473
2026/04/29 15:44:26,959000,11.482
2026/04/29 15:44:26,960000,11.476
2026/04/29 15:44:26,961000,11.471
2026/04/29 15:44:26,962000,11.479
2026/04/29 15:44:26,963000,11.473
2026/04/29 15:44:26,964000,11.479
2026/04/29 15:44:26,965000,11.479
2026/04/29 15:44:26,966000,11.471
2026/04/29 15:44:26,967000,11.476
2026/04/29 15:44:26,968000,11.479
2026/04/29 15:44:26,969000,11.476
2026/04/29 15:44:26,970000,11.476
2026/04/29 15:44:26,971000,11.482
2026/04/29 15:44:26,972000,11.479
2026/04/29 15:44:26,973000,11.482
2026/04/29 15:44:26,974000,11.479
2026/04/29 15:44:26,975000,11.479
2026/04/29 15:44:26,976000,11.479
2026/04/29 15:44:26,977000,11.482
2026/04/29 15:44:26,978000,11.476
2026/04/29 15:44:26,979000,11.476
2026/04/29 15:44:26,980000,11.479
2026/04/29 15:44:26,981000,11.479
2026/04/29 15:44:26,982000,11.482
2026/04/29 15:44:26,983000,11.479
2026/04/29 15:44:26,984000,11.485
2026/04/29 15:44:26,985000,11.479
2026/04/29 15:44:26,986000,11.482
2026/04/29 15:44:26,987000,11.482
2026/04/29 15:44:26,988000,11.479
2026/04/29 15:44:26,989000,11.471
2026/04/29 15:44:26,990000,11.479
2026/04/29 15:44:26,991000,11.476
2026/04/29 15:44:26,992000,11.479
2026/04/29 15:44:26,993000,11.479
2026/04/29 15:44:26,994000,11.479
2026/04/29 15:44:26,995000,11.479
2026/04/29 15:44:26,996000,11.485
2026/04/29 15:44:26,997000,11.482
2026/04/29 15:44:26,998000,11.473
2026/04/29 15:44:26,999000,11.471
2026/04/29 15:44:27,000000,11.476
2026/04/29 15:44:27,001000,11.473
2026/04/29 15:44:27,002000,11.479
2026/04/29 15:44:27,003000,11.476
2026/04/29 15:44:27,004000,11.471
2026/04/29 15:44:27,005000,11.482
2026/04/29 15:44:27,006000,11.485
2026/04/29 15:44:27,007000,11.479
2026/04/29 15:44:27,008000,11.476
2026/04/29 15:44:27,009000,11.485
2026/04/29 15:44:27,010000,11.476
2026/04/29 15:44:27,011000,11.479
2026/04/29 15:44:27,012000,11.479
2026/04/29 15:44:27,013000,11.479
2026/04/29 15:44:27,014000,11.479
2026/04/29 15:44:27,015000,11.476
2026/04/29 15:44:27,016000,11.479
2026/04/29 15:44:27,017000,11.476
2026/04/29 15:44:27,018000,11.476
2026/04/29 15:44:27,019000,11.479
2026/04/29 15:44:27,020000,11.471
2026/04/29 15:44:27,021000,11.482
2026/04/29 15:44:27,022000,11.482
2026/04/29 15:44:27,023000,11.479
2026/04/29 15:44:27,024000,11.482
2026/04/29 15:44:27,025000,11.479
2026/04/29 15:44:27,026000,11.476
2026/04/29 15:44:27,027000,11.476
2026/04/29 15:44:27,028000,11.473
2026/04/29 15:44:27,029000,11.476
2026/04/29 15:44:27,030000,11.490
2026/04/29 15:44:27,031000,11.482
2026/04/29 15:44:27,032000,11.476
2026/04/29 15:44:27,033000,11.479
2026/04/29 15:44:27,034000,11.479
2026/04/29 15:44:27,035000,11.471
2026/04/29 15:44:27,036000,11.482
2026/04/29 15:44:27,037000,11.482
2026/04/29 15:44:27,038000,11.479
2026/04/29 15:44:27,039000,11.473
2026/04/29 15:44:27,040000,11.482
2026/04/29 15:44:27,041000,11.479
2026/04/29 15:44:27,042000,11.479
2026/04/29 15:44:27,043000,11.482
2026/04/29 15:44:27,044000,11.479
2026/04/29 15:44:27,045000,11.482
2026/04/29 15:44:27,046000,11.476
2026/04/29 15:44:27,047000,11.479
2026/04/29 15:44:27,048000,11.479
2026/04/29 15:44:27,049000,11.485
2026/04/29 15:44:27,050000,11.479
2026/04/29 15:44:27,051000,11.473
2026/04/29 15:44:27,052000,11.479
2026/04/29 15:44:27,053000,11.476
2026/04/29 15:44:27,054000,11.479
2026/04/29 15:44:27,055000,11.476
2026/04/29 15:44:27,056000,11.473
2026/04/29 15:44:27,057000,11.479
2026/04/29 15:44:27,058000,11.479
2026/04/29 15:44:27,059000,11.479
2026/04/29 15:44:27,060000,11.479
2026/04/29 15:44:27,061000,11.485
2026/04/29 15:44:27,062000,11.476
2026/04/29 15:44:27,063000,11.476
2026/04/29 15:44:27,064000,11.476
2026/04/29 15:44:27,065000,11.479
2026/04/29 15:44:27,066000,11.482
2026/04/29 15:44:27,067000,11.479
2026/04/29 15:44:27,068000,11.482
2026/04/29 15:44:27,069000,11.479
2026/04/29 15:44:27,070000,11.482
2026/04/29 15:44:27,071000,11.473
2026/04/29 15:44:27,072000,11.482
2026/04/29 15:44:27,073000,11.476
2026/04/29 15:44:27,074000,11.476
2026/04/29 15:44:27,075000,11.479
2026/04/29 15:44:27,076000,11.479
2026/04/29 15:44:27,077000,11.479
2026/04/29 15:44:27,078000,11.476
2026/04/29 15:44:27,079000,11.473
2026/04/29 15:44:27,080000,11.479
2026/04/29 15:44:27,081000,11.485
2026/04/29 15:44:27,082000,11.479
2026/04/29 15:44:27,083000,11.473
2026/04/29 15:44:27,084000,11.476
2026/04/29 15:44:27,085000,11.482
2026/04/29 15:44:27,086000,11.479
2026/04/29 15:44:27,087000,11.479
2026/04/29 15:44:27,088000,11.479
2026/04/29 15:44:27,089000,11.482
2026/04/29 15:44:27,090000,11.479
2026/04/29 15:44:27,091000,11.485
2026/04/29 15:44:27,092000,11.479
2026/04/29 15:44:27,093000,11.479
2026/04/29 15:44:27,094000,11.487
2026/04/29 15:44:27,095000,11.490
2026/04/29 15:44:27,096000,11.485
2026/04/29 15:44:27,097000,11.479
2026/04/29 15:44:27,098000,11.479
2026/04/29 15:44:27,099000,11.479
2026/04/29 15:44:27,100000,11.479
2026/04/29 15:44:27,101000,11.476
2026/04/29 15:44:27,102000,11.476
2026/04/29 15:44:27,103000,11.482
2026/04/29 15:44:27,104000,11.479
2026/04/29 15:44:27,105000,11.482
2026/04/29 15:44:27,106000,11.482
2026/04/29 15:44:27,107000,11.479
2026/04/29 15:44:27,108000,11.473
2026/04/29 15:44:27,109000,11.479
2026/04/29 15:44:27,110000,11.479
2026/04/29 15:44:27,111000,11.479
2026/04/29 15:44:27,112000,11.471
2026/04/29 15:44:27,113000,11.482
2026/04/29 15:44:27,114000,11.487
2026/04/29 15:44:27,115000,11.476
2026/04/29 15:44:27,116000,11.476
2026/04/29 15:44:27,117000,11.479
2026/04/29 15:44:27,118000,11.479
2026/04/29 15:44:27,119000,11.476
2026/04/29 15:44:27,120000,11.479
2026/04/29 15:44:27,121000,11.479
2026/04/29 15:44:27,122000,11.482
2026/04/29 15:44:27,123000,11.482
2026/04/29 15:44:27,124000,11.482
2026/04/29 15:44:27,125000,11.482
2026/04/29 15:44:27,126000,11.479
2026/04/29 15:44:27,127000,11.479
2026/04/29 15:44:27,128000,11.476
2026/04/29 15:44:27,129000,11.479
2026/04/29 15:44:27,130000,11.482
2026/04/29 15:44:27,131000,11.471
2026/04/29 15:44:27,132000,11.479
2026/04/29 15:44:27,133000,11.479
2026/04/29 15:44:27,134000,11.482
2026/04/29 15:44:27,135000,11.485
2026/04/29 15:44:27,136000,11.479
2026/04/29 15:44:27,137000,11.476
2026/04/29 15:44:27,138000,11.476
2026/04/29 15:44:27,139000,11.482
2026/04/29 15:44:27,140000,11.476
2026/04/29 15:44:27,141000,11.485
2026/04/29 15:44:27,142000,11.482
2026/04/29 15:44:27,143000,11.485
2026/04/29 15:44:27,144000,11.476
2026/04/29 15:44:27,145000,11.485
2026/04/29 15:44:27,146000,11.476
2026/04/29 15:44:27,147000,11.482
2026/04/29 15:44:27,148000,11.482
2026/04/29 15:44:27,149000,11.476
2026/04/29 15:44:27,150000,11.476
2026/04/29 15:44:27,151000,11.482
2026/04/29 15:44:27,152000,11.485
2026/04/29 15:44:27,153000,11.479
2026/04/29 15:44:27,154000,11.476
2026/04/29 15:44:27,155000,11.476
2026/04/29 15:44:27,156000,11.471
2026/04/29 15:44:27,157000,11.479
2026/04/29 15:44:27,158000,11.482
2026/04/29 15:44:27,159000,11.485
2026/04/29 15:44:27,160000,11.482
2026/04/29 15:44:27,161000,11.482
2026/04/29 15:44:27,162000,11.482
2026/04/29 15:44:27,163000,11.482
2026/04/29 15:44:27,164000,11.482
2026/04/29 15:44:27,165000,11.482
2026/04/29 15:44:27,166000,11.476
2026/04/29 15:44:27,167000,11.482
2026/04/29 15:44:27,168000,11.479
2026/04/29 15:44:27,169000,11.479
2026/04/29 15:44:27,170000,11.479
2026/04/29 15:44:27,171000,11.479
2026/04/29 15:44:27,172000,11.482
2026/04/29 15:44:27,173000,11.482
2026/04/29 15:44:27,174000,11.476
2026/04/29 15:44:27,175000,11.482
2026/04/29 15:44:27,176000,11.479
2026/04/29 15:44:27,177000,11.479
2026/04/29 15:44:27,178000,11.482
2026/04/29 15:44:27,179000,11.479
2026/04/29 15:44:27,180000,11.479
2026/04/29 15:44:27,181000,11.476
2026/04/29 15:44:27,182000,11.482
2026/04/29 15:44:27,183000,11.473
2026/04/29 15:44:27,184000,11.479
2026/04/29 15:44:27,185000,11.473
2026/04/29 15:44:27,186000,11.476
2026/04/29 15:44:27,187000,11.482
2026/04/29 15:44:27,188000,11.479
2026/04/29 15:44:27,189000,11.482
2026/04/29 15:44:27,190000,11.479
2026/04/29 15:44:27,191000,11.482
2026/04/29 15:44:27,192000,11.479
2026/04/29 15:44:27,193000,11.476
2026/04/29 15:44:27,194000,11.479
2026/04/29 15:44:27,195000,11.482
2026/04/29 15:44:27,196000,11.479
2026/04/29 15:44:27,197000,11.482
2026/04/29 15:44:27,198000,11.482
2026/04/29 15:44:27,199000,11.476
2026/04/29 15:44:27,200000,11.476
2026/04/29 15:44:27,201000,11.482
2026/04/29 15:44:27,202000,11.479
2026/04/29 15:44:27,203000,11.479
2026/04/29 15:44:27,204000,11.476
2026/04/29 15:44:27,205000,11.479
2026/04/29 15:44:27,206000,11.479
2026/04/29 15:44:27,207000,11.487
2026/04/29 15:44:27,208000,11.479
2026/04/29 15:44:27,209000,11.479
2026/04/29 15:44:27,210000,11.479
2026/04/29 15:44:27,211000,11.482
2026/04/29 15:44:27,212000,11.471
2026/04/29 15:44:27,213000,11.482
2026/04/29 15:44:27,214000,11.487
2026/04/29 15:44:27,215000,11.476
2026/04/29 15:44:27,216000,11.479
2026/04/29 15:44:27,217000,11.473
2026/04/29 15:44:27,218000,11.479
2026/04/29 15:44:27,219000,11.479
2026/04/29 15:44:27,220000,11.471
2026/04/29 15:44:27,221000,11.485
2026/04/29 15:44:27,222000,11.479
2026/04/29 15:44:27,223000,11.473
2026/04/29 15:44:27,224000,11.473
2026/04/29 15:44:27,225000,11.482
2026/04/29 15:44:27,226000,11.479
2026/04/29 15:44:27,227000,11.479
2026/04/29 15:44:27,228000,11.479
2026/04/29 15:44:27,229000,11.476
2026/04/29 15:44:27,230000,11.479
2026/04/29 15:44:27,231000,11.479
2026/04/29 15:44:27,232000,11.482
2026/04/29 15:44:27,233000,11.479
2026/04/29 15:44:27,234000,11.482
2026/04/29 15:44:27,235000,11.476
2026/04/29 15:44:27,236000,11.485
2026/04/29 15:44:27,237000,11.479
2026/04/29 15:44:27,238000,11.482
2026/04/29 15:44:27,239000,11.476
2026/04/29 15:44:27,240000,11.479
2026/04/29 15:44:27,241000,11.471
2026/04/29 15:44:27,242000,11.479
2026/04/29 15:44:27,243000,11.479
2026/04/29 15:44:27,244000,11.479
2026/04/29 15:44:27,245000,11.476
2026/04/29 15:44:27,246000,11.476
2026/04/29 15:44:27,247000,11.476
2026/04/29 15:44:27,248000,11.482
2026/04/29 15:44:27,249000,11.482
2026/04/29 15:44:27,250000,11.473
2026/04/29 15:44:27,251000,11.479
2026/04/29 15:44:27,252000,11.471
2026/04/29 15:44:27,253000,11.479
2026/04/29 15:44:27,254000,11.482
2026/04/29 15:44:27,255000,11.482
2026/04/29 15:44:27,256000,11.476
2026/04/29 15:44:27,257000,11.476
2026/04/29 15:44:27,258000,11.479
2026/04/29 15:44:27,259000,11.485
2026/04/29 15:44:27,260000,11.482
2026/04/29 15:44:27,261000,11.479
2026/04/29 15:44:27,262000,11.476
2026/04/29 15:44:27,263000,11.479
2026/04/29 15:44:27,264000,11.479
2026/04/29 15:44:27,265000,11.485
2026/04/29 15:44:27,266000,11.482
2026/04/29 15:44:27,267000,11.471
2026/04/29 15:44:27,268000,11.471
2026/04/29 15:44:27,269000,11.476
2026/04/29 15:44:27,270000,11.476
2026/04/29 15:44:27,271000,11.479
2026/04/29 15:44:27,272000,11.482
2026/04/29 15:44:27,273000,11.479
2026/04/29 15:44:27,274000,11.479
2026/04/29 15:44:27,275000,11.471
2026/04/29 15:44:27,276000,11.482
2026/04/29 15:44:27,277000,11.479
2026/04/29 15:44:27,278000,11.482
2026/04/29 15:44:27,279000,11.479
2026/04/29 15:44:27,280000,11.479
2026/04/29 15:44:27,281000,11.479
2026/04/29 15:44:27,282000,11.476
2026/04/29 15:44:27,283000,11.482
2026/04/29 15:44:27,284000,11.471
2026/04/29 15:44:27,285000,11.482
2026/04/29 15:44:27,286000,11.476
2026/04/29 15:44:27,287000,11.479
2026/04/29 15:44:27,288000,11.482
2026/04/29 15:44:27,289000,11.479
2026/04/29 15:44:27,290000,11.479
2026/04/29 15:44:27,291000,11.473
2026/04/29 15:44:27,292000,11.482
2026/04/29 15:44:27,293000,11.485
2026/04/29 15:44:27,294000,11.482
2026/04/29 15:44:27,295000,11.479
2026/04/29 15:44:27,296000,11.476
2026/04/29 15:44:27,297000,11.482
2026/04/29 15:44:27,298000,11.479
2026/04/29 15:44:27,299000,11.479
2026/04/29 15:44:27,300000,11.479
2026/04/29 15:44:27,301000,11.482
2026/04/29 15:44:27,302000,11.479
2026/04/29 15:44:27,303000,11.479
2026/04/29 15:44:27,304000,11.476
2026/04/29 15:44:27,305000,11.479
2026/04/29 15:44:27,306000,11.479
2026/04/29 15:44:27,307000,11.479
2026/04/29 15:44:27,308000,11.482
2026/04/29 15:44:27,309000,11.482
2026/04/29 15:44:27,310000,11.479
2026/04/29 15:44:27,311000,11.479
2026/04/29 15:44:27,312000,11.479
2026/04/29 15:44:27,313000,11.482
2026/04/29 15:44:27,314000,11.479
2026/04/29 15:44:27,315000,11.482
2026/04/29 15:44:27,316000,11.479
2026/04/29 15:44:27,317000,11.487
2026/04/29 15:44:27,318000,11.482
2026/04/29 15:44:27,319000,11.476
2026/04/29 15:44:27,320000,11.485
2026/04/29 15:44:27,321000,11.479
2026/04/29 15:44:27,322000,11.487
2026/04/29 15:44:27,323000,11.482
2026/04/29 15:44:27,324000,11.479
2026/04/29 15:44:27,325000,11.479
2026/04/29 15:44:27,326000,11.479
2026/04/29 15:44:27,327000,11.476
2026/04/29 15:44:27,328000,11.479
2026/04/29 15:44:27,329000,11.479
2026/04/29 15:44:27,330000,11.482
2026/04/29 15:44:27,331000,11.476
2026/04/29 15:44:27,332000,11.482
2026/04/29 15:44:27,333000,11.482
2026/04/29 15:44:27,334000,11.482
2026/04/29 15:44:27,335000,11.485
2026/04/29 15:44:27,336000,11.482
2026/04/29 15:44:27,337000,11.479
2026/04/29 15:44:27,338000,11.482
2026/04/29 15:44:27,339000,11.479
2026/04/29 15:44:27,340000,11.476
2026/04/29 15:44:27,341000,11.479
2026/04/29 15:44:27,342000,11.476
2026/04/29 15:44:27,343000,11.476
2026/04/29 15:44:27,344000,11.479
2026/04/29 15:44:27,345000,11.482
2026/04/29 15:44:27,346000,11.479
2026/04/29 15:44:27,347000,11.482
2026/04/29 15:44:27,348000,11.479
2026/04/29 15:44:27,349000,11.476
2026/04/29 15:44:27,350000,11.482
2026/04/29 15:44:27,351000,11.482
2026/04/29 15:44:27,352000,11.476
2026/04/29 15:44:27,353000,11.479
2026/04/29 15:44:27,354000,11.482
2026/04/29 15:44:27,355000,11.482
2026/04/29 15:44:27,356000,11.479
2026/04/29 15:44:27,357000,11.476
2026/04/29 15:44:27,358000,11.476
2026/04/29 15:44:27,359000,11.479
2026/04/29 15:44:27,360000,11.490
2026/04/29 15:44:27,361000,11.482
2026/04/29 15:44:27,362000,11.482
2026/04/29 15:44:27,363000,11.476
2026/04/29 15:44:27,364000,11.482
2026/04/29 15:44:27,365000,11.476
2026/04/29 15:44:27,366000,11.479
2026/04/29 15:44:27,367000,11.479
2026/04/29 15:44:27,368000,11.476
2026/04/29 15:44:27,369000,11.479
2026/04/29 15:44:27,370000,11.482
2026/04/29 15:44:27,371000,11.482
2026/04/29 15:44:27,372000,11.482
2026/04/29 15:44:27,373000,11.476
2026/04/29 15:44:27,374000,11.479
2026/04/29 15:44:27,375000,11.485
2026/04/29 15:44:27,376000,11.485
2026/04/29 15:44:27,377000,11.479
2026/04/29 15:44:27,378000,11.479
2026/04/29 15:44:27,379000,11.479
2026/04/29 15:44:27,380000,11.476
2026/04/29 15:44:27,381000,11.476
2026/04/29 15:44:27,382000,11.473
2026/04/29 15:44:27,383000,11.482
2026/04/29 15:44:27,384000,11.479
2026/04/29 15:44:27,385000,11.476
2026/04/29 15:44:27,386000,11.479
2026/04/29 15:44:27,387000,11.479
2026/04/29 15:44:27,388000,11.476
2026/04/29 15:44:27,389000,11.482
2026/04/29 15:44:27,390000,11.476
2026/04/29 15:44:27,391000,11.482
2026/04/29 15:44:27,392000,11.479
2026/04/29 15:44:27,393000,11.482
2026/04/29 15:44:27,394000,11.479
2026/04/29 15:44:27,395000,11.479
2026/04/29 15:44:27,396000,11.476
2026/04/29 15:44:27,397000,11.479
2026/04/29 15:44:27,398000,11.479
2026/04/29 15:44:27,399000,11.482
2026/04/29 15:44:27,400000,11.479
2026/04/29 15:44:27,401000,11.482
2026/04/29 15:44:27,402000,11.476
2026/04/29 15:44:27,403000,11.485
2026/04/29 15:44:27,404000,11.476
2026/04/29 15:44:27,405000,11.479
2026/04/29 15:44:27,406000,11.485
2026/04/29 15:44:27,407000,11.476
2026/04/29 15:44:27,408000,11.479
2026/04/29 15:44:27,409000,11.479
2026/04/29 15:44:27,410000,11.479
2026/04/29 15:44:27,411000,11.479
2026/04/29 15:44:27,412000,11.485
2026/04/29 15:44:27,413000,11.482
2026/04/29 15:44:27,414000,11.482
2026/04/29 15:44:27,415000,11.473
2026/04/29 15:44:27,416000,11.485
2026/04/29 15:44:27,417000,11.479
2026/04/29 15:44:27,418000,11.476
2026/04/29 15:44:27,419000,11.482
2026/04/29 15:44:27,420000,11.487
2026/04/29 15:44:27,421000,11.485
2026/04/29 15:44:27,422000,11.482
2026/04/29 15:44:27,423000,11.476
2026/04/29 15:44:27,424000,11.476
2026/04/29 15:44:27,425000,11.471
2026/04/29 15:44:27,426000,11.485
2026/04/29 15:44:27,427000,11.479
2026/04/29 15:44:27,428000,11.476
2026/04/29 15:44:27,429000,11.473
2026/04/29 15:44:27,430000,11.479
2026/04/29 15:44:27,431000,11.482
2026/04/29 15:44:27,432000,11.476
2026/04/29 15:44:27,433000,11.479
2026/04/29 15:44:27,434000,11.479
2026/04/29 15:44:27,435000,11.479
2026/04/29 15:44:27,436000,11.485
2026/04/29 15:44:27,437000,11.479
2026/04/29 15:44:27,438000,11.476
2026/04/29 15:44:27,439000,11.482
2026/04/29 15:44:27,440000,11.479
2026/04/29 15:44:27,441000,11.476
2026/04/29 15:44:27,442000,11.479
2026/04/29 15:44:27,443000,11.476
2026/04/29 15:44:27,444000,11.476
2026/04/29 15:44:27,445000,11.479
2026/04/29 15:44:27,446000,11.479
2026/04/29 15:44:27,447000,11.479
2026/04/29 15:44:27,448000,11.482
2026/04/29 15:44:27,449000,11.479
2026/04/29 15:44:27,450000,11.476
2026/04/29 15:44:27,451000,11.482
2026/04/29 15:44:27,452000,11.471
2026/04/29 15:44:27,453000,11.479
2026/04/29 15:44:27,454000,11.471
2026/04/29 15:44:27,455000,11.485
2026/04/29 15:44:27,456000,11.479
2026/04/29 15:44:27,457000,11.482
2026/04/29 15:44:27,458000,11.485
2026/04/29 15:44:27,459000,11.476
2026/04/29 15:44:27,460000,11.479
2026/04/29 15:44:27,461000,11.479
2026/04/29 15:44:27,462000,11.476
2026/04/29 15:44:27,463000,11.482
2026/04/29 15:44:27,464000,11.482
2026/04/29 15:44:27,465000,11.479
2026/04/29 15:44:27,466000,11.482
2026/04/29 15:44:27,467000,11.482
2026/04/29 15:44:27,468000,11.482
2026/04/29 15:44:27,469000,11.476
2026/04/29 15:44:27,470000,11.479
2026/04/29 15:44:27,471000,11.479
2026/04/29 15:44:27,472000,11.479
2026/04/29 15:44:27,473000,11.479
2026/04/29 15:44:27,474000,11.482
2026/04/29 15:44:27,475000,11.476
2026/04/29 15:44:27,476000,11.482
2026/04/29 15:44:27,477000,11.476
2026/04/29 15:44:27,478000,11.471
2026/04/29 15:44:27,479000,11.482
2026/04/29 15:44:27,480000,11.471
2026/04/29 15:44:27,481000,11.482
2026/04/29 15:44:27,482000,11.485
2026/04/29 15:44:27,483000,11.471
2026/04/29 15:44:27,484000,11.479
2026/04/29 15:44:27,485000,11.479
2026/04/29 15:44:27,486000,11.485
2026/04/29 15:44:27,487000,11.482
2026/04/29 15:44:27,488000,11.479
2026/04/29 15:44:27,489000,11.479
2026/04/29 15:44:27,490000,11.479
2026/04/29 15:44:27,491000,11.482
2026/04/29 15:44:27,492000,11.482
2026/04/29 15:44:27,493000,11.482
2026/04/29 15:44:27,494000,11.482
2026/04/29 15:44:27,495000,11.471
2026/04/29 15:44:27,496000,11.476
2026/04/29 15:44:27,497000,11.479
2026/04/29 15:44:27,498000,11.471
2026/04/29 15:44:27,499000,11.479
2026/04/29 15:44:27,500000,11.476
2026/04/29 15:44:27,501000,11.471
2026/04/29 15:44:27,502000,11.487
2026/04/29 15:44:27,503000,11.487
2026/04/29 15:44:27,504000,11.476
2026/04/29 15:44:27,505000,11.476
2026/04/29 15:44:27,506000,11.482
2026/04/29 15:44:27,507000,11.479
2026/04/29 15:44:27,508000,11.479
2026/04/29 15:44:27,509000,11.485
2026/04/29 15:44:27,510000,11.473
2026/04/29 15:44:27,511000,11.479
2026/04/29 15:44:27,512000,11.482
2026/04/29 15:44:27,513000,11.482
2026/04/29 15:44:27,514000,11.482
2026/04/29 15:44:27,515000,11.476
2026/04/29 15:44:27,516000,11.473
2026/04/29 15:44:27,517000,11.479
2026/04/29 15:44:27,518000,11.476
2026/04/29 15:44:27,519000,11.479
2026/04/29 15:44:27,520000,11.482
2026/04/29 15:44:27,521000,11.479
2026/04/29 15:44:27,522000,11.479
2026/04/29 15:44:27,523000,11.482
2026/04/29 15:44:27,524000,11.482
2026/04/29 15:44:27,525000,11.482
2026/04/29 15:44:27,526000,11.476
2026/04/29 15:44:27,527000,11.485
2026/04/29 15:44:27,528000,11.479
2026/04/29 15:44:27,529000,11.479
2026/04/29 15:44:27,530000,11.482
2026/04/29 15:44:27,531000,11.479
2026/04/29 15:44:27,532000,11.482
2026/04/29 15:44:27,533000,11.476
2026/04/29 15:44:27,534000,11.476
2026/04/29 15:44:27,535000,11.479
2026/04/29 15:44:27,536000,11.476
2026/04/29 15:44:27,537000,11.473
2026/04/29 15:44:27,538000,11.479
2026/04/29 15:44:27,539000,11.479
2026/04/29 15:44:27,540000,11.479
2026/04/29 15:44:27,541000,11.479
2026/04/29 15:44:27,542000,11.476
2026/04/29 15:44:27,543000,11.476
2026/04/29 15:44:27,544000,11.479
2026/04/29 15:44:27,545000,11.479
2026/04/29 15:44:27,546000,11.471
2026/04/29 15:44:27,547000,11.476
2026/04/29 15:44:27,548000,11.476
2026/04/29 15:44:27,549000,11.479
2026/04/29 15:44:27,550000,11.479
2026/04/29 15:44:27,551000,11.476
2026/04/29 15:44:27,552000,11.479
2026/04/29 15:44:27,553000,11.471
2026/04/29 15:44:27,554000,11.482
2026/04/29 15:44:27,555000,11.479
2026/04/29 15:44:27,556000,11.487
2026/04/29 15:44:27,557000,11.479
2026/04/29 15:44:27,558000,11.479
2026/04/29 15:44:27,559000,11.482
2026/04/29 15:44:27,560000,11.479
2026/04/29 15:44:27,561000,11.479
2026/04/29 15:44:27,562000,11.476
2026/04/29 15:44:27,563000,11.485
2026/04/29 15:44:27,564000,11.471
2026/04/29 15:44:27,565000,11.476
2026/04/29 15:44:27,566000,11.479
2026/04/29 15:44:27,567000,11.479
2026/04/29 15:44:27,568000,11.479
2026/04/29 15:44:27,569000,11.479
2026/04/29 15:44:27,570000,11.476
2026/04/29 15:44:27,571000,11.479
2026/04/29 15:44:27,572000,11.482
2026/04/29 15:44:27,573000,11.476
2026/04/29 15:44:27,574000,11.479
2026/04/29 15:44:27,575000,11.479
2026/04/29 15:44:27,576000,11.479
2026/04/29 15:44:27,577000,11.476
2026/04/29 15:44:27,578000,11.479
2026/04/29 15:44:27,579000,11.479
2026/04/29 15:44:27,580000,11.482
2026/04/29 15:44:27,581000,11.476
2026/04/29 15:44:27,582000,11.479
2026/04/29 15:44:27,583000,11.479
2026/04/29 15:44:27,584000,11.476
2026/04/29 15:44:27,585000,11.479
2026/04/29 15:44:27,586000,11.479
2026/04/29 15:44:27,587000,11.471
2026/04/29 15:44:27,588000,11.473
2026/04/29 15:44:27,589000,11.476
2026/04/29 15:44:27,590000,11.482
2026/04/29 15:44:27,591000,11.476
2026/04/29 15:44:27,592000,11.482
2026/04/29 15:44:27,593000,11.479
2026/04/29 15:44:27,594000,11.473
2026/04/29 15:44:27,595000,11.482
2026/04/29 15:44:27,596000,11.485
2026/04/29 15:44:27,597000,11.482
2026/04/29 15:44:27,598000,11.482
2026/04/29 15:44:27,599000,11.485
2026/04/29 15:44:27,600000,11.479
2026/04/29 15:44:27,601000,11.479
2026/04/29 15:44:27,602000,11.479
2026/04/29 15:44:27,603000,11.479
2026/04/29 15:44:27,604000,11.482
2026/04/29 15:44:27,605000,11.482
2026/04/29 15:44:27,606000,11.471
2026/04/29 15:44:27,607000,11.479
2026/04/29 15:44:27,608000,11.479
2026/04/29 15:44:27,609000,11.482
2026/04/29 15:44:27,610000,11.482
2026/04/29 15:44:27,611000,11.482
2026/04/29 15:44:27,612000,11.476
2026/04/29 15:44:27,613000,11.482
2026/04/29 15:44:27,614000,11.482
2026/04/29 15:44:27,615000,11.479
2026/04/29 15:44:27,616000,11.485
2026/04/29 15:44:27,617000,11.471
2026/04/29 15:44:27,618000,11.482
2026/04/29 15:44:27,619000,11.476
2026/04/29 15:44:27,620000,11.482
2026/04/29 15:44:27,621000,11.479
2026/04/29 15:44:27,622000,11.479
2026/04/29 15:44:27,623000,11.473
2026/04/29 15:44:27,624000,11.485
2026/04/29 15:44:27,625000,11.479
2026/04/29 15:44:27,626000,11.476
2026/04/29 15:44:27,627000,11.482
2026/04/29 15:44:27,628000,11.479
2026/04/29 15:44:27,629000,11.485
2026/04/29 15:44:27,630000,11.482
2026/04/29 15:44:27,631000,11.482
2026/04/29 15:44:27,632000,11.471
2026/04/29 15:44:27,633000,11.473
2026/04/29 15:44:27,634000,11.473
2026/04/29 15:44:27,635000,11.476
2026/04/29 15:44:27,636000,11.482
2026/04/29 15:44:27,637000,11.482
2026/04/29 15:44:27,638000,11.482
2026/04/29 15:44:27,639000,11.479
2026/04/29 15:44:27,640000,11.482
2026/04/29 15:44:27,641000,11.479
2026/04/29 15:44:27,642000,11.482
2026/04/29 15:44:27,643000,11.479
2026/04/29 15:44:27,644000,11.479
2026/04/29 15:44:27,645000,11.479
2026/04/29 15:44:27,646000,11.482
2026/04/29 15:44:27,647000,11.485
2026/04/29 15:44:27,648000,11.471
2026/04/29 15:44:27,649000,11.487
2026/04/29 15:44:27,650000,11.482
2026/04/29 15:44:27,651000,11.487
2026/04/29 15:44:27,652000,11.479
2026/04/29 15:44:27,653000,11.476
2026/04/29 15:44:27,654000,11.476
2026/04/29 15:44:27,655000,11.479
2026/04/29 15:44:27,656000,11.471
2026/04/29 15:44:27,657000,11.479
2026/04/29 15:44:27,658000,11.476
2026/04/29 15:44:27,659000,11.476
2026/04/29 15:44:27,660000,11.479
2026/04/29 15:44:27,661000,11.479
2026/04/29 15:44:27,662000,11.482
2026/04/29 15:44:27,663000,11.476
2026/04/29 15:44:27,664000,11.479
2026/04/29 15:44:27,665000,11.485
2026/04/29 15:44:27,666000,11.482
2026/04/29 15:44:27,667000,11.479
2026/04/29 15:44:27,668000,11.479
2026/04/29 15:44:27,669000,11.485
2026/04/29 15:44:27,670000,11.482
2026/04/29 15:44:27,671000,11.482
2026/04/29 15:44:27,672000,11.482
2026/04/29 15:44:27,673000,11.482
2026/04/29 15:44:27,674000,11.473
2026/04/29 15:44:27,675000,11.479
2026/04/29 15:44:27,676000,11.476
2026/04/29 15:44:27,677000,11.476
2026/04/29 15:44:27,678000,11.487
2026/04/29 15:44:27,679000,11.479
2026/04/29 15:44:27,680000,11.479
2026/04/29 15:44:27,681000,11.476
2026/04/29 15:44:27,682000,11.471
2026/04/29 15:44:27,683000,11.476
2026/04/29 15:44:27,684000,11.476
2026/04/29 15:44:27,685000,11.482
2026/04/29 15:44:27,686000,11.479
2026/04/29 15:44:27,687000,11.479
2026/04/29 15:44:27,688000,11.479
2026/04/29 15:44:27,689000,11.482
2026/04/29 15:44:27,690000,11.482
2026/04/29 15:44:27,691000,11.479
2026/04/29 15:44:27,692000,11.476
2026/04/29 15:44:27,693000,11.476
2026/04/29 15:44:27,694000,11.482
2026/04/29 15:44:27,695000,11.479
2026/04/29 15:44:27,696000,11.476
2026/04/29 15:44:27,697000,11.479
2026/04/29 15:44:27,698000,11.476
2026/04/29 15:44:27,699000,11.476
2026/04/29 15:44:27,700000,11.479
2026/04/29 15:44:27,701000,11.479
2026/04/29 15:44:27,702000,11.479
2026/04/29 15:44:27,703000,11.476
2026/04/29 15:44:27,704000,11.476
2026/04/29 15:44:27,705000,11.479
2026/04/29 15:44:27,706000,11.479
2026/04/29 15:44:27,707000,11.479
2026/04/29 15:44:27,708000,11.479
2026/04/29 15:44:27,709000,11.479
2026/04/29 15:44:27,710000,11.473
2026/04/29 15:44:27,711000,11.482
2026/04/29 15:44:27,712000,11.482
2026/04/29 15:44:27,713000,11.479
2026/04/29 15:44:27,714000,11.476
2026/04/29 15:44:27,715000,11.485
2026/04/29 15:44:27,716000,11.476
2026/04/29 15:44:27,717000,11.485
2026/04/29 15:44:27,718000,11.482
2026/04/29 15:44:27,719000,11.482
2026/04/29 15:44:27,720000,11.485
2026/04/29 15:44:27,721000,11.476
2026/04/29 15:44:27,722000,11.482
2026/04/29 15:44:27,723000,11.482
2026/04/29 15:44:27,724000,11.482
2026/04/29 15:44:27,725000,11.482
2026/04/29 15:44:27,726000,11.482
2026/04/29 15:44:27,727000,11.479
2026/04/29 15:44:27,728000,11.479
2026/04/29 15:44:27,729000,11.479
2026/04/29 15:44:27,730000,11.485
2026/04/29 15:44:27,731000,11.471
2026/04/29 15:44:27,732000,11.479
2026/04/29 15:44:27,733000,11.471
2026/04/29 15:44:27,734000,11.482
2026/04/29 15:44:27,735000,11.479
2026/04/29 15:44:27,736000,11.479
2026/04/29 15:44:27,737000,11.485
2026/04/29 15:44:27,738000,11.479
2026/04/29 15:44:27,739000,11.476
2026/04/29 15:44:27,740000,11.479
2026/04/29 15:44:27,741000,11.471
2026/04/29 15:44:27,742000,11.482
2026/04/29 15:44:27,743000,11.479
2026/04/29 15:44:27,744000,11.485
2026/04/29 15:44:27,745000,11.476
2026/04/29 15:44:27,746000,11.485
2026/04/29 15:44:27,747000,11.479
2026/04/29 15:44:27,748000,11.473
2026/04/29 15:44:27,749000,11.476
2026/04/29 15:44:27,750000,11.476
2026/04/29 15:44:27,751000,11.476
2026/04/29 15:44:27,752000,11.479
2026/04/29 15:44:27,753000,11.485
2026/04/29 15:44:27,754000,11.476
2026/04/29 15:44:27,755000,11.476
2026/04/29 15:44:27,756000,11.479
2026/04/29 15:44:27,757000,11.482
2026/04/29 15:44:27,758000,11.479
2026/04/29 15:44:27,759000,11.485
2026/04/29 15:44:27,760000,11.479
2026/04/29 15:44:27,761000,11.473
2026/04/29 15:44:27,762000,11.476
2026/04/29 15:44:27,763000,11.485
2026/04/29 15:44:27,764000,11.476
2026/04/29 15:44:27,765000,11.482
2026/04/29 15:44:27,766000,11.476
2026/04/29 15:44:27,767000,11.485
2026/04/29 15:44:27,768000,11.476
2026/04/29 15:44:27,769000,11.479
2026/04/29 15:44:27,770000,11.479
2026/04/29 15:44:27,771000,11.479
2026/04/29 15:44:27,772000,11.476
2026/04/29 15:44:27,773000,11.473
2026/04/29 15:44:27,774000,11.479
2026/04/29 15:44:27,775000,11.482
2026/04/29 15:44:27,776000,11.479
2026/04/29 15:44:27,777000,11.476
2026/04/29 15:44:27,778000,11.479
2026/04/29 15:44:27,779000,11.482
2026/04/29 15:44:27,780000,11.476
2026/04/29 15:44:27,781000,11.476
2026/04/29 15:44:27,782000,11.482
2026/04/29 15:44:27,783000,11.476
2026/04/29 15:44:27,784000,11.476
2026/04/29 15:44:27,785000,11.476
2026/04/29 15:44:27,786000,11.482
2026/04/29 15:44:27,787000,11.479
2026/04/29 15:44:27,788000,11.485
2026/04/29 15:44:27,789000,11.479
2026/04/29 15:44:27,790000,11.479
2026/04/29 15:44:27,791000,11.476
2026/04/29 15:44:27,792000,11.482
2026/04/29 15:44:27,793000,11.485
2026/04/29 15:44:27,794000,11.479
2026/04/29 15:44:27,795000,11.485
2026/04/29 15:44:27,796000,11.482
2026/04/29 15:44:27,797000,11.479
2026/04/29 15:44:27,798000,11.482
2026/04/29 15:44:27,799000,11.479
2026/04/29 15:44:27,800000,11.473
2026/04/29 15:44:27,801000,11.476
2026/04/29 15:44:27,802000,11.471
2026/04/29 15:44:27,803000,11.479
2026/04/29 15:44:27,804000,11.476
2026/04/29 15:44:27,805000,11.476
2026/04/29 15:44:27,806000,11.482
2026/04/29 15:44:27,807000,11.482
2026/04/29 15:44:27,808000,11.476
2026/04/29 15:44:27,809000,11.482
2026/04/29 15:44:27,810000,11.482
2026/04/29 15:44:27,811000,11.476
2026/04/29 15:44:27,812000,11.482
2026/04/29 15:44:27,813000,11.487
2026/04/29 15:44:27,814000,11.476
2026/04/29 15:44:27,815000,11.482
2026/04/29 15:44:27,816000,11.482
2026/04/29 15:44:27,817000,11.482
2026/04/29 15:44:27,818000,11.479
2026/04/29 15:44:27,819000,11.476
2026/04/29 15:44:27,820000,11.479
2026/04/29 15:44:27,821000,11.476
2026/04/29 15:44:27,822000,11.482
2026/04/29 15:44:27,823000,11.482
2026/04/29 15:44:27,824000,11.476
2026/04/29 15:44:27,825000,11.479
2026/04/29 15:44:27,826000,11.476
2026/04/29 15:44:27,827000,11.479
2026/04/29 15:44:27,828000,11.479
2026/04/29 15:44:27,829000,11.479
2026/04/29 15:44:27,830000,11.482
2026/04/29 15:44:27,831000,11.479
2026/04/29 15:44:27,832000,11.482
2026/04/29 15:44:27,833000,11.476
2026/04/29 15:44:27,834000,11.482
2026/04/29 15:44:27,835000,11.482
2026/04/29 15:44:27,836000,11.482
2026/04/29 15:44:27,837000,11.487
2026/04/29 15:44:27,838000,11.479
2026/04/29 15:44:27,839000,11.479
2026/04/29 15:44:27,840000,11.479
2026/04/29 15:44:27,841000,11.479
2026/04/29 15:44:27,842000,11.482
2026/04/29 15:44:27,843000,11.482
2026/04/29 15:44:27,844000,11.476
2026/04/29 15:44:27,845000,11.479
2026/04/29 15:44:27,846000,11.485
2026/04/29 15:44:27,847000,11.482
2026/04/29 15:44:27,848000,11.476
2026/04/29 15:44:27,849000,11.479
2026/04/29 15:44:27,850000,11.476
2026/04/29 15:44:27,851000,11.479
2026/04/29 15:44:27,852000,11.476
2026/04/29 15:44:27,853000,11.479
2026/04/29 15:44:27,854000,11.471
2026/04/29 15:44:27,855000,11.479
2026/04/29 15:44:27,856000,11.485
2026/04/29 15:44:27,857000,11.482
2026/04/29 15:44:27,858000,11.479
2026/04/29 15:44:27,859000,11.482
2026/04/29 15:44:27,860000,11.471
2026/04/29 15:44:27,861000,11.479
2026/04/29 15:44:27,862000,11.473
2026/04/29 15:44:27,863000,11.485
2026/04/29 15:44:27,864000,11.482
2026/04/29 15:44:27,865000,11.479
2026/04/29 15:44:27,866000,11.485
2026/04/29 15:44:27,867000,11.471
2026/04/29 15:44:27,868000,11.485
2026/04/29 15:44:27,869000,11.476
2026/04/29 15:44:27,870000,11.482
2026/04/29 15:44:27,871000,11.476
2026/04/29 15:44:27,872000,11.482
2026/04/29 15:44:27,873000,11.482
2026/04/29 15:44:27,874000,11.482
2026/04/29 15:44:27,875000,11.476
2026/04/29 15:44:27,876000,11.479
2026/04/29 15:44:27,877000,11.479
2026/04/29 15:44:27,878000,11.479
2026/04/29 15:44:27,879000,11.487
2026/04/29 15:44:27,880000,11.479
2026/04/29 15:44:27,881000,11.482
2026/04/29 15:44:27,882000,11.479
2026/04/29 15:44:27,883000,11.482
2026/04/29 15:44:27,884000,11.471
2026/04/29 15:44:27,885000,11.476
2026/04/29 15:44:27,886000,11.476
2026/04/29 15:44:27,887000,11.476
2026/04/29 15:44:27,888000,11.485
2026/04/29 15:44:27,889000,11.479
2026/04/29 15:44:27,890000,11.485
2026/04/29 15:44:27,891000,11.471
2026/04/29 15:44:27,892000,11.487
2026/04/29 15:44:27,893000,11.476
2026/04/29 15:44:27,894000,11.482
2026/04/29 15:44:27,895000,11.479
2026/04/29 15:44:27,896000,11.479
2026/04/29 15:44:27,897000,11.485
2026/04/29 15:44:27,898000,11.479
2026/04/29 15:44:27,899000,11.482
2026/04/29 15:44:27,900000,11.487
2026/04/29 15:44:27,901000,11.482
2026/04/29 15:44:27,902000,11.471
2026/04/29 15:44:27,903000,11.479
2026/04/29 15:44:27,904000,11.482
2026/04/29 15:44:27,905000,11.473
2026/04/29 15:44:27,906000,11.482
2026/04/29 15:44:27,907000,11.479
2026/04/29 15:44:27,908000,11.479
2026/04/29 15:44:27,909000,11.479
2026/04/29 15:44:27,910000,11.476
2026/04/29 15:44:27,911000,11.479
2026/04/29 15:44:27,912000,11.482
2026/04/29 15:44:27,913000,11.476
2026/04/29 15:44:27,914000,11.476
2026/04/29 15:44:27,915000,11.485
2026/04/29 15:44:27,916000,11.465
2026/04/29 15:44:27,917000,11.476
2026/04/29 15:44:27,918000,11.482
2026/04/29 15:44:27,919000,11.479
2026/04/29 15:44:27,920000,11.482
2026/04/29 15:44:27,921000,11.482
2026/04/29 15:44:27,922000,11.471
2026/04/29 15:44:27,923000,11.476
2026/04/29 15:44:27,924000,11.482
2026/04/29 15:44:27,925000,11.479
2026/04/29 15:44:27,926000,11.482
2026/04/29 15:44:27,927000,11.482
2026/04/29 15:44:27,928000,11.485
2026/04/29 15:44:27,929000,11.476
2026/04/29 15:44:27,930000,11.485
2026/04/29 15:44:27,931000,11.479
2026/04/29 15:44:27,932000,11.479
2026/04/29 15:44:27,933000,11.485
2026/04/29 15:44:27,934000,11.482
2026/04/29 15:44:27,935000,11.476
2026/04/29 15:44:27,936000,11.482
2026/04/29 15:44:27,937000,11.479
2026/04/29 15:44:27,938000,11.482
2026/04/29 15:44:27,939000,11.482
2026/04/29 15:44:27,940000,11.479
2026/04/29 15:44:27,941000,11.482
2026/04/29 15:44:27,942000,11.476
2026/04/29 15:44:27,943000,11.479
2026/04/29 15:44:27,944000,11.473
2026/04/29 15:44:27,945000,11.479
2026/04/29 15:44:27,946000,11.482
2026/04/29 15:44:27,947000,11.493
2026/04/29 15:44:27,948000,11.479
2026/04/29 15:44:27,949000,11.482
2026/04/29 15:44:27,950000,11.482
2026/04/29 15:44:27,951000,11.482
2026/04/29 15:44:27,952000,11.479
2026/04/29 15:44:27,953000,11.476
2026/04/29 15:44:27,954000,11.482
2026/04/29 15:44:27,955000,11.471
2026/04/29 15:44:27,956000,11.485
2026/04/29 15:44:27,957000,11.487
2026/04/29 15:44:27,958000,11.476
2026/04/29 15:44:27,959000,11.471
2026/04/29 15:44:27,960000,11.476
2026/04/29 15:44:27,961000,11.479
2026/04/29 15:44:27,962000,11.479
2026/04/29 15:44:27,963000,11.485
2026/04/29 15:44:27,964000,11.479
2026/04/29 15:44:27,965000,11.479
2026/04/29 15:44:27,966000,11.482
2026/04/29 15:44:27,967000,11.479
2026/04/29 15:44:27,968000,11.479
2026/04/29 15:44:27,969000,11.476
2026/04/29 15:44:27,970000,11.482
2026/04/29 15:44:27,971000,11.479
2026/04/29 15:44:27,972000,11.482
2026/04/29 15:44:27,973000,11.476
2026/04/29 15:44:27,974000,11.482
2026/04/29 15:44:27,975000,11.479
2026/04/29 15:44:27,976000,11.482
2026/04/29 15:44:27,977000,11.479
2026/04/29 15:44:27,978000,11.471
2026/04/29 15:44:27,979000,11.479
2026/04/29 15:44:27,980000,11.479
2026/04/29 15:44:27,981000,11.476
2026/04/29 15:44:27,982000,11.479
2026/04/29 15:44:27,983000,11.482
2026/04/29 15:44:27,984000,11.479
2026/04/29 15:44:27,985000,11.482
2026/04/29 15:44:27,986000,11.479
2026/04/29 15:44:27,987000,11.476
2026/04/29 15:44:27,988000,11.485
2026/04/29 15:44:27,989000,11.485
2026/04/29 15:44:27,990000,11.487
2026/04/29 15:44:27,991000,11.482
2026/04/29 15:44:27,992000,11.479
2026/04/29 15:44:27,993000,11.471
2026/04/29 15:44:27,994000,11.476
2026/04/29 15:44:27,995000,11.482
2026/04/29 15:44:27,996000,11.479
2026/04/29 15:44:27,997000,11.476
2026/04/29 15:44:27,998000,11.479
2026/04/29 15:44:27,999000,11.471
2026/04/29 15:44:28,000000,11.482
2026/04/29 15:44:28,001000,11.482
2026/04/29 15:44:28,002000,11.485
2026/04/29 15:44:28,003000,11.485
2026/04/29 15:44:28,004000,11.476
2026/04/29 15:44:28,005000,11.482
2026/04/29 15:44:28,006000,11.479
2026/04/29 15:44:28,007000,11.476
2026/04/29 15:44:28,008000,11.476
2026/04/29 15:44:28,009000,11.479
2026/04/29 15:44:28,010000,11.476
2026/04/29 15:44:28,011000,11.482
2026/04/29 15:44:28,012000,11.482
2026/04/29 15:44:28,013000,11.479
2026/04/29 15:44:28,014000,11.482
2026/04/29 15:44:28,015000,11.471
2026/04/29 15:44:28,016000,11.482
2026/04/29 15:44:28,017000,11.482
2026/04/29 15:44:28,018000,11.479
2026/04/29 15:44:28,019000,11.476
2026/04/29 15:44:28,020000,11.482
2026/04/29 15:44:28,021000,11.479
2026/04/29 15:44:28,022000,11.482
2026/04/29 15:44:28,023000,11.476
2026/04/29 15:44:28,024000,11.482
2026/04/29 15:44:28,025000,11.473
2026/04/29 15:44:28,026000,11.482
2026/04/29 15:44:28,027000,11.479
2026/04/29 15:44:28,028000,11.476
2026/04/29 15:44:28,029000,11.471
2026/04/29 15:44:28,030000,11.487
2026/04/29 15:44:28,031000,11.479
2026/04/29 15:44:28,032000,11.482
2026/04/29 15:44:28,033000,11.476
2026/04/29 15:44:28,034000,11.479
2026/04/29 15:44:28,035000,11.476
2026/04/29 15:44:28,036000,11.476
2026/04/29 15:44:28,037000,11.485
2026/04/29 15:44:28,038000,11.482
2026/04/29 15:44:28,039000,11.471
2026/04/29 15:44:28,040000,11.482
2026/04/29 15:44:28,041000,11.476
2026/04/29 15:44:28,042000,11.479
2026/04/29 15:44:28,043000,11.482
2026/04/29 15:44:28,044000,11.479
2026/04/29 15:44:28,045000,11.473
2026/04/29 15:44:28,046000,11.479
2026/04/29 15:44:28,047000,11.479
2026/04/29 15:44:28,048000,11.479
2026/04/29 15:44:28,049000,11.479
2026/04/29 15:44:28,050000,11.473
2026/04/29 15:44:28,051000,11.473
2026/04/29 15:44:28,052000,11.482
2026/04/29 15:44:28,053000,11.479
2026/04/29 15:44:28,054000,11.476
2026/04/29 15:44:28,055000,11.476
2026/04/29 15:44:28,056000,11.485
2026/04/29 15:44:28,057000,11.476
2026/04/29 15:44:28,058000,11.479
2026/04/29 15:44:28,059000,11.473
2026/04/29 15:44:28,060000,11.476
2026/04/29 15:44:28,061000,11.476
2026/04/29 15:44:28,062000,11.479
2026/04/29 15:44:28,063000,11.482
2026/04/29 15:44:28,064000,11.482
2026/04/29 15:44:28,065000,11.487
2026/04/29 15:44:28,066000,11.485
2026/04/29 15:44:28,067000,11.476
2026/04/29 15:44:28,068000,11.482
2026/04/29 15:44:28,069000,11.476
2026/04/29 15:44:28,070000,11.479
2026/04/29 15:44:28,071000,11.476
2026/04/29 15:44:28,072000,11.482
2026/04/29 15:44:28,073000,11.476
2026/04/29 15:44:28,074000,11.482
2026/04/29 15:44:28,075000,11.479
2026/04/29 15:44:28,076000,11.479
2026/04/29 15:44:28,077000,11.479
2026/04/29 15:44:28,078000,11.485
2026/04/29 15:44:28,079000,11.473
2026/04/29 15:44:28,080000,11.482
2026/04/29 15:44:28,081000,11.479
2026/04/29 15:44:28,082000,11.482
2026/04/29 15:44:28,083000,11.482
2026/04/29 15:44:28,084000,11.479
2026/04/29 15:44:28,085000,11.482
2026/04/29 15:44:28,086000,11.476
2026/04/29 15:44:28,087000,11.476
2026/04/29 15:44:28,088000,11.476
2026/04/29 15:44:28,089000,11.482
2026/04/29 15:44:28,090000,11.479
2026/04/29 15:44:28,091000,11.482
2026/04/29 15:44:28,092000,11.471
2026/04/29 15:44:28,093000,11.479
2026/04/29 15:44:28,094000,11.479
2026/04/29 15:44:28,095000,11.482
2026/04/29 15:44:28,096000,11.482
2026/04/29 15:44:28,097000,11.476
2026/04/29 15:44:28,098000,11.482
2026/04/29 15:44:28,099000,11.473
2026/04/29 15:44:28,100000,11.485
2026/04/29 15:44:28,101000,11.471
2026/04/29 15:44:28,102000,11.479
2026/04/29 15:44:28,103000,11.479
2026/04/29 15:44:28,104000,11.479
2026/04/29 15:44:28,105000,11.476
2026/04/29 15:44:28,106000,11.482
2026/04/29 15:44:28,107000,11.479
2026/04/29 15:44:28,108000,11.482
2026/04/29 15:44:28,109000,11.476
2026/04/29 15:44:28,110000,11.476
2026/04/29 15:44:28,111000,11.471
2026/04/29 15:44:28,112000,11.482
2026/04/29 15:44:28,113000,11.485
2026/04/29 15:44:28,114000,11.479
2026/04/29 15:44:28,115000,11.482
2026/04/29 15:44:28,116000,11.476
2026/04/29 15:44:28,117000,11.482
2026/04/29 15:44:28,118000,11.473
2026/04/29 15:44:28,119000,11.476
2026/04/29 15:44:28,120000,11.476
2026/04/29 15:44:28,121000,11.476
2026/04/29 15:44:28,122000,11.476
2026/04/29 15:44:28,123000,11.476
2026/04/29 15:44:28,124000,11.482
2026/04/29 15:44:28,125000,11.479
2026/04/29 15:44:28,126000,11.479
2026/04/29 15:44:28,127000,11.482
2026/04/29 15:44:28,128000,11.482
2026/04/29 15:44:28,129000,11.476
2026/04/29 15:44:28,130000,11.479
2026/04/29 15:44:28,131000,11.479
2026/04/29 15:44:28,132000,11.476
2026/04/29 15:44:28,133000,11.471
2026/04/29 15:44:28,134000,11.482
2026/04/29 15:44:28,135000,11.476
2026/04/29 15:44:28,136000,11.479
2026/04/29 15:44:28,137000,11.479
2026/04/29 15:44:28,138000,11.476
2026/04/29 15:44:28,139000,11.479
2026/04/29 15:44:28,140000,11.479
2026/04/29 15:44:28,141000,11.479
2026/04/29 15:44:28,142000,11.476
2026/04/29 15:44:28,143000,11.485
2026/04/29 15:44:28,144000,11.479
2026/04/29 15:44:28,145000,11.479
2026/04/29 15:44:28,146000,11.479
2026/04/29 15:44:28,147000,11.482
2026/04/29 15:44:28,148000,11.487
2026/04/29 15:44:28,149000,11.476
2026/04/29 15:44:28,150000,11.482
2026/04/29 15:44:28,151000,11.485
2026/04/29 15:44:28,152000,11.479
2026/04/29 15:44:28,153000,11.479
2026/04/29 15:44:28,154000,11.479
2026/04/29 15:44:28,155000,11.479
2026/04/29 15:44:28,156000,11.479
2026/04/29 15:44:28,157000,11.479
2026/04/29 15:44:28,158000,11.476
2026/04/29 15:44:28,159000,11.471
2026/04/29 15:44:28,160000,11.485
2026/04/29 15:44:28,161000,11.482
2026/04/29 15:44:28,162000,11.476
2026/04/29 15:44:28,163000,11.482
2026/04/29 15:44:28,164000,11.482
2026/04/29 15:44:28,165000,11.482
2026/04/29 15:44:28,166000,11.476
2026/04/29 15:44:28,167000,11.485
2026/04/29 15:44:28,168000,11.482
2026/04/29 15:44:28,169000,11.479
2026/04/29 15:44:28,170000,11.479
2026/04/29 15:44:28,171000,11.473
2026/04/29 15:44:28,172000,11.482
2026/04/29 15:44:28,173000,11.476
2026/04/29 15:44:28,174000,11.479
2026/04/29 15:44:28,175000,11.479
2026/04/29 15:44:28,176000,11.479
2026/04/29 15:44:28,177000,11.485
2026/04/29 15:44:28,178000,11.482
2026/04/29 15:44:28,179000,11.485
2026/04/29 15:44:28,180000,11.479
2026/04/29 15:44:28,181000,11.476
2026/04/29 15:44:28,182000,11.479
2026/04/29 15:44:28,183000,11.485
2026/04/29 15:44:28,184000,11.479
2026/04/29 15:44:28,185000,11.479
2026/04/29 15:44:28,186000,11.482
2026/04/29 15:44:28,187000,11.485
2026/04/29 15:44:28,188000,11.482
2026/04/29 15:44:28,189000,11.482
2026/04/29 15:44:28,190000,11.482
2026/04/29 15:44:28,191000,11.473
2026/04/29 15:44:28,192000,11.476
2026/04/29 15:44:28,193000,11.482
2026/04/29 15:44:28,194000,11.482
2026/04/29 15:44:28,195000,11.482
2026/04/29 15:44:28,196000,11.485
2026/04/29 15:44:28,197000,11.479
2026/04/29 15:44:28,198000,11.482
2026/04/29 15:44:28,199000,11.485
2026/04/29 15:44:28,200000,11.479
2026/04/29 15:44:28,201000,11.479
2026/04/29 15:44:28,202000,11.479
2026/04/29 15:44:28,203000,11.479
2026/04/29 15:44:28,204000,11.482
2026/04/29 15:44:28,205000,11.476
2026/04/29 15:44:28,206000,11.479
2026/04/29 15:44:28,207000,11.479
2026/04/29 15:44:28,208000,11.479
2026/04/29 15:44:28,209000,11.471
2026/04/29 15:44:28,210000,11.482
2026/04/29 15:44:28,211000,11.476
2026/04/29 15:44:28,212000,11.473
2026/04/29 15:44:28,213000,11.485
2026/04/29 15:44:28,214000,11.482
2026/04/29 15:44:28,215000,11.482
2026/04/29 15:44:28,216000,11.479
2026/04/29 15:44:28,217000,11.479
2026/04/29 15:44:28,218000,11.482
2026/04/29 15:44:28,219000,11.482
2026/04/29 15:44:28,220000,11.485
2026/04/29 15:44:28,221000,11.476
2026/04/29 15:44:28,222000,11.479
2026/04/29 15:44:28,223000,11.482
2026/04/29 15:44:28,224000,11.482
2026/04/29 15:44:28,225000,11.482
2026/04/29 15:44:28,226000,11.482
2026/04/29 15:44:28,227000,11.476
2026/04/29 15:44:28,228000,11.479
2026/04/29 15:44:28,229000,11.479
2026/04/29 15:44:28,230000,11.476
2026/04/29 15:44:28,231000,11.479
2026/04/29 15:44:28,232000,11.485
2026/04/29 15:44:28,233000,11.485
2026/04/29 15:44:28,234000,11.482
2026/04/29 15:44:28,235000,11.482
2026/04/29 15:44:28,236000,11.471
2026/04/29 15:44:28,237000,11.485
2026/04/29 15:44:28,238000,11.482
2026/04/29 15:44:28,239000,11.482
2026/04/29 15:44:28,240000,11.482
2026/04/29 15:44:28,241000,11.476
2026/04/29 15:44:28,242000,11.476
2026/04/29 15:44:28,243000,11.482
2026/04/29 15:44:28,244000,11.476
2026/04/29 15:44:28,245000,11.479
2026/04/29 15:44:28,246000,11.476
2026/04/29 15:44:28,247000,11.479
2026/04/29 15:44:28,248000,11.479
2026/04/29 15:44:28,249000,11.476
2026/04/29 15:44:28,250000,11.479
2026/04/29 15:44:28,251000,11.482
2026/04/29 15:44:28,252000,11.473
2026/04/29 15:44:28,253000,11.479
2026/04/29 15:44:28,254000,11.482
2026/04/29 15:44:28,255000,11.485
2026/04/29 15:44:28,256000,11.482
2026/04/29 15:44:28,257000,11.482
2026/04/29 15:44:28,258000,11.479
2026/04/29 15:44:28,259000,11.476
2026/04/29 15:44:28,260000,11.482
2026/04/29 15:44:28,261000,11.479
2026/04/29 15:44:28,262000,11.479
2026/04/29 15:44:28,263000,11.479
2026/04/29 15:44:28,264000,11.485
2026/04/29 15:44:28,265000,11.473
2026/04/29 15:44:28,266000,11.482
2026/04/29 15:44:28,267000,11.482
2026/04/29 15:44:28,268000,11.479
2026/04/29 15:44:28,269000,11.471
2026/04/29 15:44:28,270000,11.482
2026/04/29 15:44:28,271000,11.479
2026/04/29 15:44:28,272000,11.476
2026/04/29 15:44:28,273000,11.482
2026/04/29 15:44:28,274000,11.496
2026/04/29 15:44:28,275000,11.482
2026/04/29 15:44:28,276000,11.476
2026/04/29 15:44:28,277000,11.487
2026/04/29 15:44:28,278000,11.485
2026/04/29 15:44:28,279000,11.482
2026/04/29 15:44:28,280000,11.482
2026/04/29 15:44:28,281000,11.485
2026/04/29 15:44:28,282000,11.482
2026/04/29 15:44:28,283000,11.487
2026/04/29 15:44:28,284000,11.476
2026/04/29 15:44:28,285000,11.476
2026/04/29 15:44:28,286000,11.487
2026/04/29 15:44:28,287000,11.485
2026/04/29 15:44:28,288000,11.479
2026/04/29 15:44:28,289000,11.482
2026/04/29 15:44:28,290000,11.482
2026/04/29 15:44:28,291000,11.479
2026/04/29 15:44:28,292000,11.482
2026/04/29 15:44:28,293000,11.482
2026/04/29 15:44:28,294000,11.482
2026/04/29 15:44:28,295000,11.485
2026/04/29 15:44:28,296000,11.485
2026/04/29 15:44:28,297000,11.476
2026/04/29 15:44:28,298000,11.485
2026/04/29 15:44:28,299000,11.476
2026/04/29 15:44:28,300000,11.482
2026/04/29 15:44:28,301000,11.479
2026/04/29 15:44:28,302000,11.482
2026/04/29 15:44:28,303000,11.476
2026/04/29 15:44:28,304000,11.482
2026/04/29 15:44:28,305000,11.482
2026/04/29 15:44:28,306000,11.471
2026/04/29 15:44:28,307000,11.485
2026/04/29 15:44:28,308000,11.485
2026/04/29 15:44:28,309000,11.479
2026/04/29 15:44:28,310000,11.485
2026/04/29 15:44:28,311000,11.471
2026/04/29 15:44:28,312000,11.476
2026/04/29 15:44:28,313000,11.482
2026/04/29 15:44:28,314000,11.479
2026/04/29 15:44:28,315000,11.479
2026/04/29 15:44:28,316000,11.482
2026/04/29 15:44:28,317000,11.482
2026/04/29 15:44:28,318000,11.479
2026/04/29 15:44:28,319000,11.485
2026/04/29 15:44:28,320000,11.487
2026/04/29 15:44:28,321000,11.479
2026/04/29 15:44:28,322000,11.482
2026/04/29 15:44:28,323000,11.476
2026/04/29 15:44:28,324000,11.482
2026/04/29 15:44:28,325000,11.482
2026/04/29 15:44:28,326000,11.482
2026/04/29 15:44:28,327000,11.482
2026/04/29 15:44:28,328000,11.479
2026/04/29 15:44:28,329000,11.485
2026/04/29 15:44:28,330000,11.485
2026/04/29 15:44:28,331000,11.487
2026/04/29 15:44:28,332000,11.482
2026/04/29 15:44:28,333000,11.482
2026/04/29 15:44:28,334000,11.479
2026/04/29 15:44:28,335000,11.479
2026/04/29 15:44:28,336000,11.487
2026/04/29 15:44:28,337000,11.482
2026/04/29 15:44:28,338000,11.485
2026/04/29 15:44:28,339000,11.479
2026/04/29 15:44:28,340000,11.485
2026/04/29 15:44:28,341000,11.482
2026/04/29 15:44:28,342000,11.482
2026/04/29 15:44:28,343000,11.479
2026/04/29 15:44:28,344000,11.479
2026/04/29 15:44:28,345000,11.471
2026/04/29 15:44:28,346000,11.482
2026/04/29 15:44:28,347000,11.482
2026/04/29 15:44:28,348000,11.473
2026/04/29 15:44:28,349000,11.476
2026/04/29 15:44:28,350000,11.479
2026/04/29 15:44:28,351000,11.482
2026/04/29 15:44:28,352000,11.473
2026/04/29 15:44:28,353000,11.485
2026/04/29 15:44:28,354000,11.487
2026/04/29 15:44:28,355000,11.479
2026/04/29 15:44:28,356000,11.482
2026/04/29 15:44:28,357000,11.479
2026/04/29 15:44:28,358000,11.482
2026/04/29 15:44:28,359000,11.482
2026/04/29 15:44:28,360000,11.487
2026/04/29 15:44:28,361000,11.479
2026/04/29 15:44:28,362000,11.485
2026/04/29 15:44:28,363000,11.482
2026/04/29 15:44:28,364000,11.479
2026/04/29 15:44:28,365000,11.482
2026/04/29 15:44:28,366000,11.476
2026/04/29 15:44:28,367000,11.493
2026/04/29 15:44:28,368000,11.479
2026/04/29 15:44:28,369000,11.476
2026/04/29 15:44:28,370000,11.479
2026/04/29 15:44:28,371000,11.487
2026/04/29 15:44:28,372000,11.476
2026/04/29 15:44:28,373000,11.479
2026/04/29 15:44:28,374000,11.479
2026/04/29 15:44:28,375000,11.479
2026/04/29 15:44:28,376000,11.485
2026/04/29 15:44:28,377000,11.482
2026/04/29 15:44:28,378000,11.479
2026/04/29 15:44:28,379000,11.479
2026/04/29 15:44:28,380000,11.485
2026/04/29 15:44:28,381000,11.482
2026/04/29 15:44:28,382000,11.482
2026/04/29 15:44:28,383000,11.482
2026/04/29 15:44:28,384000,11.479
2026/04/29 15:44:28,385000,11.476
2026/04/29 15:44:28,386000,11.479
2026/04/29 15:44:28,387000,11.479
2026/04/29 15:44:28,388000,11.479
2026/04/29 15:44:28,389000,11.487
2026/04/29 15:44:28,390000,11.476
2026/04/29 15:44:28,391000,11.479
2026/04/29 15:44:28,392000,11.482
2026/04/29 15:44:28,393000,11.482
2026/04/29 15:44:28,394000,11.476
2026/04/29 15:44:28,395000,11.485
2026/04/29 15:44:28,396000,11.485
2026/04/29 15:44:28,397000,11.490
2026/04/29 15:44:28,398000,11.476
2026/04/29 15:44:28,399000,11.482
2026/04/29 15:44:28,400000,11.482
2026/04/29 15:44:28,401000,11.479
2026/04/29 15:44:28,402000,11.485
2026/04/29 15:44:28,403000,11.482
2026/04/29 15:44:28,404000,11.479
2026/04/29 15:44:28,405000,11.479
2026/04/29 15:44:28,406000,11.482
2026/04/29 15:44:28,407000,11.485
2026/04/29 15:44:28,408000,11.471
2026/04/29 15:44:28,409000,11.476
2026/04/29 15:44:28,410000,11.476
2026/04/29 15:44:28,411000,11.479
2026/04/29 15:44:28,412000,11.479
2026/04/29 15:44:28,413000,11.479
2026/04/29 15:44:28,414000,11.479
2026/04/29 15:44:28,415000,11.482
2026/04/29 15:44:28,416000,11.482
2026/04/29 15:44:28,417000,11.479
2026/04/29 15:44:28,418000,11.487
2026/04/29 15:44:28,419000,11.482
2026/04/29 15:44:28,420000,11.482
2026/04/29 15:44:28,421000,11.482
2026/04/29 15:44:28,422000,11.482
2026/04/29 15:44:28,423000,11.482
2026/04/29 15:44:28,424000,11.479
2026/04/29 15:44:28,425000,11.479
2026/04/29 15:44:28,426000,11.485
2026/04/29 15:44:28,427000,11.479
2026/04/29 15:44:28,428000,11.485
2026/04/29 15:44:28,429000,11.482
2026/04/29 15:44:28,430000,11.485
2026/04/29 15:44:28,431000,11.485
2026/04/29 15:44:28,432000,11.482
2026/04/29 15:44:28,433000,11.479
2026/04/29 15:44:28,434000,11.479
2026/04/29 15:44:28,435000,11.479
2026/04/29 15:44:28,436000,11.479
2026/04/29 15:44:28,437000,11.482
2026/04/29 15:44:28,438000,11.479
2026/04/29 15:44:28,439000,11.482
2026/04/29 15:44:28,440000,11.479
2026/04/29 15:44:28,441000,11.476
2026/04/29 15:44:28,442000,11.482
2026/04/29 15:44:28,443000,11.482
2026/04/29 15:44:28,444000,11.485
2026/04/29 15:44:28,445000,11.476
2026/04/29 15:44:28,446000,11.482
2026/04/29 15:44:28,447000,11.482
2026/04/29 15:44:28,448000,11.479
2026/04/29 15:44:28,449000,11.476
2026/04/29 15:44:28,450000,11.482
2026/04/29 15:44:28,451000,11.479
2026/04/29 15:44:28,452000,11.479
2026/04/29 15:44:28,453000,11.479
2026/04/29 15:44:28,454000,11.479
2026/04/29 15:44:28,455000,11.479
2026/04/29 15:44:28,456000,11.476
2026/04/29 15:44:28,457000,11.482
2026/04/29 15:44:28,458000,11.476
2026/04/29 15:44:28,459000,11.479
2026/04/29 15:44:28,460000,11.482
2026/04/29 15:44:28,461000,11.485
2026/04/29 15:44:28,462000,11.482
2026/04/29 15:44:28,463000,11.482
2026/04/29 15:44:28,464000,11.482
2026/04/29 15:44:28,465000,11.482
2026/04/29 15:44:28,466000,11.485
2026/04/29 15:44:28,467000,11.482
2026/04/29 15:44:28,468000,11.482
2026/04/29 15:44:28,469000,11.471
2026/04/29 15:44:28,470000,11.485
2026/04/29 15:44:28,471000,11.482
2026/04/29 15:44:28,472000,11.479
2026/04/29 15:44:28,473000,11.485
2026/04/29 15:44:28,474000,11.479
2026/04/29 15:44:28,475000,11.476
2026/04/29 15:44:28,476000,11.482
2026/04/29 15:44:28,477000,11.476
2026/04/29 15:44:28,478000,11.482
2026/04/29 15:44:28,479000,11.482
2026/04/29 15:44:28,480000,11.482
2026/04/29 15:44:28,481000,11.482
2026/04/29 15:44:28,482000,11.482
2026/04/29 15:44:28,483000,11.476
2026/04/29 15:44:28,484000,11.482
2026/04/29 15:44:28,485000,11.479
2026/04/29 15:44:28,486000,11.485
2026/04/29 15:44:28,487000,11.479
2026/04/29 15:44:28,488000,11.482
2026/04/29 15:44:28,489000,11.479
2026/04/29 15:44:28,490000,11.482
2026/04/29 15:44:28,491000,11.479
2026/04/29 15:44:28,492000,11.479
2026/04/29 15:44:28,493000,11.485
2026/04/29 15:44:28,494000,11.482
2026/04/29 15:44:28,495000,11.482
2026/04/29 15:44:28,496000,11.476
2026/04/29 15:44:28,497000,11.485
2026/04/29 15:44:28,498000,11.471
2026/04/29 15:44:28,499000,11.473
2026/04/29 15:44:28,500000,11.482
2026/04/29 15:44:28,501000,11.476
2026/04/29 15:44:28,502000,11.479
2026/04/29 15:44:28,503000,11.476
2026/04/29 15:44:28,504000,11.479
2026/04/29 15:44:28,505000,11.479
2026/04/29 15:44:28,506000,11.479
2026/04/29 15:44:28,507000,11.476
2026/04/29 15:44:28,508000,11.471
2026/04/29 15:44:28,509000,11.485
2026/04/29 15:44:28,510000,11.473
2026/04/29 15:44:28,511000,11.482
2026/04/29 15:44:28,512000,11.479
2026/04/29 15:44:28,513000,11.487
2026/04/29 15:44:28,514000,11.476
2026/04/29 15:44:28,515000,11.485
2026/04/29 15:44:28,516000,11.482
2026/04/29 15:44:28,517000,11.479
2026/04/29 15:44:28,518000,11.479
2026/04/29 15:44:28,519000,11.479
2026/04/29 15:44:28,520000,11.479
2026/04/29 15:44:28,521000,11.479
2026/04/29 15:44:28,522000,11.479
2026/04/29 15:44:28,523000,11.476
2026/04/29 15:44:28,524000,11.479
2026/04/29 15:44:28,525000,11.482
2026/04/29 15:44:28,526000,11.485
2026/04/29 15:44:28,527000,11.479
2026/04/29 15:44:28,528000,11.479
2026/04/29 15:44:28,529000,11.479
2026/04/29 15:44:28,530000,11.482
2026/04/29 15:44:28,531000,11.476
2026/04/29 15:44:28,532000,11.479
2026/04/29 15:44:28,533000,11.487
2026/04/29 15:44:28,534000,11.476
2026/04/29 15:44:28,535000,11.482
2026/04/29 15:44:28,536000,11.476
2026/04/29 15:44:28,537000,11.479
2026/04/29 15:44:28,538000,11.482
2026/04/29 15:44:28,539000,11.479
2026/04/29 15:44:28,540000,11.479
2026/04/29 15:44:28,541000,11.479
2026/04/29 15:44:28,542000,11.479
2026/04/29 15:44:28,543000,11.479
2026/04/29 15:44:28,544000,11.479
2026/04/29 15:44:28,545000,11.479
2026/04/29 15:44:28,546000,11.476
2026/04/29 15:44:28,547000,11.482
2026/04/29 15:44:28,548000,11.485
2026/04/29 15:44:28,549000,11.479
2026/04/29 15:44:28,550000,11.482
2026/04/29 15:44:28,551000,11.482
2026/04/29 15:44:28,552000,11.479
2026/04/29 15:44:28,553000,11.479
2026/04/29 15:44:28,554000,11.485
2026/04/29 15:44:28,555000,11.479
2026/04/29 15:44:28,556000,11.479
2026/04/29 15:44:28,557000,11.482
2026/04/29 15:44:28,558000,11.482
2026/04/29 15:44:28,559000,11.476
2026/04/29 15:44:28,560000,11.476
2026/04/29 15:44:28,561000,11.473
2026/04/29 15:44:28,562000,11.479
2026/04/29 15:44:28,563000,11.476
2026/04/29 15:44:28,564000,11.471
2026/04/29 15:44:28,565000,11.482
2026/04/29 15:44:28,566000,11.476
2026/04/29 15:44:28,567000,11.476
2026/04/29 15:44:28,568000,11.479
2026/04/29 15:44:28,569000,11.482
2026/04/29 15:44:28,570000,11.482
2026/04/29 15:44:28,571000,11.479
2026/04/29 15:44:28,572000,11.482
2026/04/29 15:44:28,573000,11.479
2026/04/29 15:44:28,574000,11.482
2026/04/29 15:44:28,575000,11.479
2026/04/29 15:44:28,576000,11.476
2026/04/29 15:44:28,577000,11.479
2026/04/29 15:44:28,578000,11.479
2026/04/29 15:44:28,579000,11.476
2026/04/29 15:44:28,580000,11.490
2026/04/29 15:44:28,581000,11.479
2026/04/29 15:44:28,582000,11.476
2026/04/29 15:44:28,583000,11.482
2026/04/29 15:44:28,584000,11.479
2026/04/29 15:44:28,585000,11.476
2026/04/29 15:44:28,586000,11.471
2026/04/29 15:44:28,587000,11.482
2026/04/29 15:44:28,588000,11.479
2026/04/29 15:44:28,589000,11.476
2026/04/29 15:44:28,590000,11.476
2026/04/29 15:44:28,591000,11.476
2026/04/29 15:44:28,592000,11.476
2026/04/29 15:44:28,593000,11.479
2026/04/29 15:44:28,594000,11.476
2026/04/29 15:44:28,595000,11.479
2026/04/29 15:44:28,596000,11.476
2026/04/29 15:44:28,597000,11.476
2026/04/29 15:44:28,598000,11.479
2026/04/29 15:44:28,599000,11.479
2026/04/29 15:44:28,600000,11.471
2026/04/29 15:44:28,601000,11.479
2026/04/29 15:44:28,602000,11.482
2026/04/29 15:44:28,603000,11.479
2026/04/29 15:44:28,604000,11.476
2026/04/29 15:44:28,605000,11.479
2026/04/29 15:44:28,606000,11.476
2026/04/29 15:44:28,607000,11.471
2026/04/29 15:44:28,608000,11.479
2026/04/29 15:44:28,609000,11.479
2026/04/29 15:44:28,610000,11.479
2026/04/29 15:44:28,611000,11.479
2026/04/29 15:44:28,612000,11.476
2026/04/29 15:44:28,613000,11.479
2026/04/29 15:44:28,614000,11.479
2026/04/29 15:44:28,615000,11.479
2026/04/29 15:44:28,616000,11.476
2026/04/29 15:44:28,617000,11.476
2026/04/29 15:44:28,618000,11.479
2026/04/29 15:44:28,619000,11.479
2026/04/29 15:44:28,620000,11.479
2026/04/29 15:44:28,621000,11.482
2026/04/29 15:44:28,622000,11.479
2026/04/29 15:44:28,623000,11.473
2026/04/29 15:44:28,624000,11.476
2026/04/29 15:44:28,625000,11.473
2026/04/29 15:44:28,626000,11.482
2026/04/29 15:44:28,627000,11.479
2026/04/29 15:44:28,628000,11.479
2026/04/29 15:44:28,629000,11.476
2026/04/29 15:44:28,630000,11.473
2026/04/29 15:44:28,631000,11.476
2026/04/29 15:44:28,632000,11.479
2026/04/29 15:44:28,633000,11.479
2026/04/29 15:44:28,634000,11.479
2026/04/29 15:44:28,635000,11.482
2026/04/29 15:44:28,636000,11.476
2026/04/29 15:44:28,637000,11.479
2026/04/29 15:44:28,638000,11.479
2026/04/29 15:44:28,639000,11.482
2026/04/29 15:44:28,640000,11.476
2026/04/29 15:44:28,641000,11.479
2026/04/29 15:44:28,642000,11.471
2026/04/29 15:44:28,643000,11.479
2026/04/29 15:44:28,644000,11.476
2026/04/29 15:44:28,645000,11.482
2026/04/29 15:44:28,646000,11.482
2026/04/29 15:44:28,647000,11.479
2026/04/29 15:44:28,648000,11.479
2026/04/29 15:44:28,649000,11.479
2026/04/29 15:44:28,650000,11.476
2026/04/29 15:44:28,651000,11.473
2026/04/29 15:44:28,652000,11.468
2026/04/29 15:44:28,653000,11.479
2026/04/29 15:44:28,654000,11.482
2026/04/29 15:44:28,655000,11.476
2026/04/29 15:44:28,656000,11.471
2026/04/29 15:44:28,657000,11.479
2026/04/29 15:44:28,658000,11.479
2026/04/29 15:44:28,659000,11.479
2026/04/29 15:44:28,660000,11.476
2026/04/29 15:44:28,661000,11.482
2026/04/29 15:44:28,662000,11.482
2026/04/29 15:44:28,663000,11.476
2026/04/29 15:44:28,664000,11.476
2026/04/29 15:44:28,665000,11.482
2026/04/29 15:44:28,666000,11.476
2026/04/29 15:44:28,667000,11.479
2026/04/29 15:44:28,668000,11.485
2026/04/29 15:44:28,669000,11.471
2026/04/29 15:44:28,670000,11.476
2026/04/29 15:44:28,671000,11.476
2026/04/29 15:44:28,672000,11.479
2026/04/29 15:44:28,673000,11.468
2026/04/29 15:44:28,674000,11.479
2026/04/29 15:44:28,675000,11.479
2026/04/29 15:44:28,676000,11.479
2026/04/29 15:44:28,677000,11.482
2026/04/29 15:44:28,678000,11.476
2026/04/29 15:44:28,679000,11.479
2026/04/29 15:44:28,680000,11.479
2026/04/29 15:44:28,681000,11.479
2026/04/29 15:44:28,682000,11.479
2026/04/29 15:44:28,683000,11.471
2026/04/29 15:44:28,684000,11.476
2026/04/29 15:44:28,685000,11.479
2026/04/29 15:44:28,686000,11.476
2026/04/29 15:44:28,687000,11.479
2026/04/29 15:44:28,688000,11.479
2026/04/29 15:44:28,689000,11.482
2026/04/29 15:44:28,690000,11.479
2026/04/29 15:44:28,691000,11.471
2026/04/29 15:44:28,692000,11.485
2026/04/29 15:44:28,693000,11.476
2026/04/29 15:44:28,694000,11.476
2026/04/29 15:44:28,695000,11.479
2026/04/29 15:44:28,696000,11.476
2026/04/29 15:44:28,697000,11.471
2026/04/29 15:44:28,698000,11.479
2026/04/29 15:44:28,699000,11.476
2026/04/29 15:44:28,700000,11.482
2026/04/29 15:44:28,701000,11.482
2026/04/29 15:44:28,702000,11.482
2026/04/29 15:44:28,703000,11.485
2026/04/29 15:44:28,704000,11.479
2026/04/29 15:44:28,705000,11.479
2026/04/29 15:44:28,706000,11.479
2026/04/29 15:44:28,707000,11.476
2026/04/29 15:44:28,708000,11.476
2026/04/29 15:44:28,709000,11.476
2026/04/29 15:44:28,710000,11.476
2026/04/29 15:44:28,711000,11.471
2026/04/29 15:44:28,712000,11.482
2026/04/29 15:44:28,713000,11.476
2026/04/29 15:44:28,714000,11.482
2026/04/29 15:44:28,715000,11.482
2026/04/29 15:44:28,716000,11.482
2026/04/29 15:44:28,717000,11.476
2026/04/29 15:44:28,718000,11.471
2026/04/29 15:44:28,719000,11.476
2026/04/29 15:44:28,720000,11.471
2026/04/29 15:44:28,721000,11.482
2026/04/29 15:44:28,722000,11.479
2026/04/29 15:44:28,723000,11.471
2026/04/29 15:44:28,724000,11.482
2026/04/29 15:44:28,725000,11.471
2026/04/29 15:44:28,726000,11.479
2026/04/29 15:44:28,727000,11.479
2026/04/29 15:44:28,728000,11.479
2026/04/29 15:44:28,729000,11.482
2026/04/29 15:44:28,730000,11.479
2026/04/29 15:44:28,731000,11.476
2026/04/29 15:44:28,732000,11.482
2026/04/29 15:44:28,733000,11.473
2026/04/29 15:44:28,734000,11.479
2026/04/29 15:44:28,735000,11.479
2026/04/29 15:44:28,736000,11.473
2026/04/29 15:44:28,737000,11.479
2026/04/29 15:44:28,738000,11.476
2026/04/29 15:44:28,739000,11.476
2026/04/29 15:44:28,740000,11.482
2026/04/29 15:44:28,741000,11.479
2026/04/29 15:44:28,742000,11.482
2026/04/29 15:44:28,743000,11.485
2026/04/29 15:44:28,744000,11.479
2026/04/29 15:44:28,745000,11.476
2026/04/29 15:44:28,746000,11.476
2026/04/29 15:44:28,747000,11.482
2026/04/29 15:44:28,748000,11.482
2026/04/29 15:44:28,749000,11.479
2026/04/29 15:44:28,750000,11.479
2026/04/29 15:44:28,751000,11.485
2026/04/29 15:44:28,752000,11.479
2026/04/29 15:44:28,753000,11.479
2026/04/29 15:44:28,754000,11.479
2026/04/29 15:44:28,755000,11.479
2026/04/29 15:44:28,756000,11.476
2026/04/29 15:44:28,757000,11.479
2026/04/29 15:44:28,758000,11.479
2026/04/29 15:44:28,759000,11.482
2026/04/29 15:44:28,760000,11.482
2026/04/29 15:44:28,761000,11.476
2026/04/29 15:44:28,762000,11.479
2026/04/29 15:44:28,763000,11.485
2026/04/29 15:44:28,764000,11.482
2026/04/29 15:44:28,765000,11.479
2026/04/29 15:44:28,766000,11.479
2026/04/29 15:44:28,767000,11.471
2026/04/29 15:44:28,768000,11.479
2026/04/29 15:44:28,769000,11.476
2026/04/29 15:44:28,770000,11.479
2026/04/29 15:44:28,771000,11.482
2026/04/29 15:44:28,772000,11.482
2026/04/29 15:44:28,773000,11.479
2026/04/29 15:44:28,774000,11.479
2026/04/29 15:44:28,775000,11.482
2026/04/29 15:44:28,776000,11.482
2026/04/29 15:44:28,777000,11.482
2026/04/29 15:44:28,778000,11.482
2026/04/29 15:44:28,779000,11.476
2026/04/29 15:44:28,780000,11.479
2026/04/29 15:44:28,781000,11.479
2026/04/29 15:44:28,782000,11.476
2026/04/29 15:44:28,783000,11.479
2026/04/29 15:44:28,784000,11.482
2026/04/29 15:44:28,785000,11.479
2026/04/29 15:44:28,786000,11.479
2026/04/29 15:44:28,787000,11.476
2026/04/29 15:44:28,788000,11.482
2026/04/29 15:44:28,789000,11.476
2026/04/29 15:44:28,790000,11.482
2026/04/29 15:44:28,791000,11.482
2026/04/29 15:44:28,792000,11.485
2026/04/29 15:44:28,793000,11.487
2026/04/29 15:44:28,794000,11.482
2026/04/29 15:44:28,795000,11.479
2026/04/29 15:44:28,796000,11.479
2026/04/29 15:44:28,797000,11.476
2026/04/29 15:44:28,798000,11.476
2026/04/29 15:44:28,799000,11.482
2026/04/29 15:44:28,800000,11.482
2026/04/29 15:44:28,801000,11.482
2026/04/29 15:44:28,802000,11.476
2026/04/29 15:44:28,803000,11.479
2026/04/29 15:44:28,804000,11.479
2026/04/29 15:44:28,805000,11.482
2026/04/29 15:44:28,806000,11.473
2026/04/29 15:44:28,807000,11.479
2026/04/29 15:44:28,808000,11.471
2026/04/29 15:44:28,809000,11.476
2026/04/29 15:44:28,810000,11.485
2026/04/29 15:44:28,811000,11.482
2026/04/29 15:44:28,812000,11.479
2026/04/29 15:44:28,813000,11.485
2026/04/29 15:44:28,814000,11.476
2026/04/29 15:44:28,815000,11.482
2026/04/29 15:44:28,816000,11.476
2026/04/29 15:44:28,817000,11.479
2026/04/29 15:44:28,818000,11.476
2026/04/29 15:44:28,819000,11.482
2026/04/29 15:44:28,820000,11.479
2026/04/29 15:44:28,821000,11.476
2026/04/29 15:44:28,822000,11.476
2026/04/29 15:44:28,823000,11.482
2026/04/29 15:44:28,824000,11.482
2026/04/29 15:44:28,825000,11.487
2026/04/29 15:44:28,826000,11.482
2026/04/29 15:44:28,827000,11.479
2026/04/29 15:44:28,828000,11.482
2026/04/29 15:44:28,829000,11.482
2026/04/29 15:44:28,830000,11.485
2026/04/29 15:44:28,831000,11.485
2026/04/29 15:44:28,832000,11.482
2026/04/29 15:44:28,833000,11.479
2026/04/29 15:44:28,834000,11.485
2026/04/29 15:44:28,835000,11.476
2026/04/29 15:44:28,836000,11.485
2026/04/29 15:44:28,837000,11.476
2026/04/29 15:44:28,838000,11.482
2026/04/29 15:44:28,839000,11.479
2026/04/29 15:44:28,840000,11.479
2026/04/29 15:44:28,841000,11.482
2026/04/29 15:44:28,842000,11.482
2026/04/29 15:44:28,843000,11.479
2026/04/29 15:44:28,844000,11.479
2026/04/29 15:44:28,845000,11.479
2026/04/29 15:44:28,846000,11.479
2026/04/29 15:44:28,847000,11.482
2026/04/29 15:44:28,848000,11.476
2026/04/29 15:44:28,849000,11.482
2026/04/29 15:44:28,850000,11.485
2026/04/29 15:44:28,851000,11.485
2026/04/29 15:44:28,852000,11.479
2026/04/29 15:44:28,853000,11.479
2026/04/29 15:44:28,854000,11.476
2026/04/29 15:44:28,855000,11.476
2026/04/29 15:44:28,856000,11.487
2026/04/29 15:44:28,857000,11.476
2026/04/29 15:44:28,858000,11.473
2026/04/29 15:44:28,859000,11.476
2026/04/29 15:44:28,860000,11.476
2026/04/29 15:44:28,861000,11.482
2026/04/29 15:44:28,862000,11.471
2026/04/29 15:44:28,863000,11.482
2026/04/29 15:44:28,864000,11.479
2026/04/29 15:44:28,865000,11.499
2026/04/29 15:44:28,866000,11.479
2026/04/29 15:44:28,867000,11.485
2026/04/29 15:44:28,868000,11.476
2026/04/29 15:44:28,869000,11.482
2026/04/29 15:44:28,870000,11.482
2026/04/29 15:44:28,871000,11.485
2026/04/29 15:44:28,872000,11.482
2026/04/29 15:44:28,873000,11.482
2026/04/29 15:44:28,874000,11.476
2026/04/29 15:44:28,875000,11.476
2026/04/29 15:44:28,876000,11.482
2026/04/29 15:44:28,877000,11.476
2026/04/29 15:44:28,878000,11.485
2026/04/29 15:44:28,879000,11.485
2026/04/29 15:44:28,880000,11.485
2026/04/29 15:44:28,881000,11.479
2026/04/29 15:44:28,882000,11.482
2026/04/29 15:44:28,883000,11.479
2026/04/29 15:44:28,884000,11.487
2026/04/29 15:44:28,885000,11.485
2026/04/29 15:44:28,886000,11.479
2026/04/29 15:44:28,887000,11.476
2026/04/29 15:44:28,888000,11.487
2026/04/29 15:44:28,889000,11.482
2026/04/29 15:44:28,890000,11.482
2026/04/29 15:44:28,891000,11.482
2026/04/29 15:44:28,892000,11.485
2026/04/29 15:44:28,893000,11.479
2026/04/29 15:44:28,894000,11.476
2026/04/29 15:44:28,895000,11.476
2026/04/29 15:44:28,896000,11.487
2026/04/29 15:44:28,897000,11.482
2026/04/29 15:44:28,898000,11.487
2026/04/29 15:44:28,899000,11.479
2026/04/29 15:44:28,900000,11.482
2026/04/29 15:44:28,901000,11.482
2026/04/29 15:44:28,902000,11.479
2026/04/29 15:44:28,903000,11.482
2026/04/29 15:44:28,904000,11.482
2026/04/29 15:44:28,905000,11.479
2026/04/29 15:44:28,906000,11.482
2026/04/29 15:44:28,907000,11.482
2026/04/29 15:44:28,908000,11.479
2026/04/29 15:44:28,909000,11.485
2026/04/29 15:44:28,910000,11.485
2026/04/29 15:44:28,911000,11.482
2026/04/29 15:44:28,912000,11.479
2026/04/29 15:44:28,913000,11.479
2026/04/29 15:44:28,914000,11.487
2026/04/29 15:44:28,915000,11.479
2026/04/29 15:44:28,916000,11.490
2026/04/29 15:44:28,917000,11.479
2026/04/29 15:44:28,918000,11.487
2026/04/29 15:44:28,919000,11.476
2026/04/29 15:44:28,920000,11.476
2026/04/29 15:44:28,921000,11.482
2026/04/29 15:44:28,922000,11.485
2026/04/29 15:44:28,923000,11.485
2026/04/29 15:44:28,924000,11.479
2026/04/29 15:44:28,925000,11.476
2026/04/29 15:44:28,926000,11.479
2026/04/29 15:44:28,927000,11.482
2026/04/29 15:44:28,928000,11.487
2026/04/29 15:44:28,929000,11.479
2026/04/29 15:44:28,930000,11.479
2026/04/29 15:44:28,931000,11.482
2026/04/29 15:44:28,932000,11.471
2026/04/29 15:44:28,933000,11.485
2026/04/29 15:44:28,934000,11.482
2026/04/29 15:44:28,935000,11.479
2026/04/29 15:44:28,936000,11.479
2026/04/29 15:44:28,937000,11.482
2026/04/29 15:44:28,938000,11.482
2026/04/29 15:44:28,939000,11.476
2026/04/29 15:44:28,940000,11.482
2026/04/29 15:44:28,941000,11.476
2026/04/29 15:44:28,942000,11.482
2026/04/29 15:44:28,943000,11.482
2026/04/29 15:44:28,944000,11.485
2026/04/29 15:44:28,945000,11.479
2026/04/29 15:44:28,946000,11.485
2026/04/29 15:44:28,947000,11.482
2026/04/29 15:44:28,948000,11.485
2026/04/29 15:44:28,949000,11.482
2026/04/29 15:44:28,950000,11.482
2026/04/29 15:44:28,951000,11.476
2026/04/29 15:44:28,952000,11.485
2026/04/29 15:44:28,953000,11.479
2026/04/29 15:44:28,954000,11.476
2026/04/29 15:44:28,955000,11.490
2026/04/29 15:44:28,956000,11.479
2026/04/29 15:44:28,957000,11.476
2026/04/29 15:44:28,958000,11.476
2026/04/29 15:44:28,959000,11.482
2026/04/29 15:44:28,960000,11.485
2026/04/29 15:44:28,961000,11.485
2026/04/29 15:44:28,962000,11.479
2026/04/29 15:44:28,963000,11.479
2026/04/29 15:44:28,964000,11.482
2026/04/29 15:44:28,965000,11.490
2026/04/29 15:44:28,966000,11.479
2026/04/29 15:44:28,967000,11.482
2026/04/29 15:44:28,968000,11.482
2026/04/29 15:44:28,969000,11.485
2026/04/29 15:44:28,970000,11.479
2026/04/29 15:44:28,971000,11.485
2026/04/29 15:44:28,972000,11.476
2026/04/29 15:44:28,973000,11.479
2026/04/29 15:44:28,974000,11.476
2026/04/29 15:44:28,975000,11.482
2026/04/29 15:44:28,976000,11.479
2026/04/29 15:44:28,977000,11.482
2026/04/29 15:44:28,978000,11.482
2026/04/29 15:44:28,979000,11.482
2026/04/29 15:44:28,980000,11.476
2026/04/29 15:44:28,981000,11.482
2026/04/29 15:44:28,982000,11.476
2026/04/29 15:44:28,983000,11.479
2026/04/29 15:44:28,984000,11.479
2026/04/29 15:44:28,985000,11.471
2026/04/29 15:44:28,986000,11.471
2026/04/29 15:44:28,987000,11.479
2026/04/29 15:44:28,988000,11.482
2026/04/29 15:44:28,989000,11.482
2026/04/29 15:44:28,990000,11.479
2026/04/29 15:44:28,991000,11.487
2026/04/29 15:44:28,992000,11.482
2026/04/29 15:44:28,993000,11.476
2026/04/29 15:44:28,994000,11.482
2026/04/29 15:44:28,995000,11.482
2026/04/29 15:44:28,996000,11.482
2026/04/29 15:44:28,997000,11.476
2026/04/29 15:44:28,998000,11.479
2026/04/29 15:44:28,999000,11.476
2026/04/29 15:44:29,000000,11.479
2026/04/29 15:44:29,001000,11.485
2026/04/29 15:44:29,002000,11.479
2026/04/29 15:44:29,003000,11.479
2026/04/29 15:44:29,004000,11.482
2026/04/29 15:44:29,005000,11.482
2026/04/29 15:44:29,006000,11.479
2026/04/29 15:44:29,007000,11.476
2026/04/29 15:44:29,008000,11.479
2026/04/29 15:44:29,009000,11.482
2026/04/29 15:44:29,010000,11.473
2026/04/29 15:44:29,011000,11.479
2026/04/29 15:44:29,012000,11.476
2026/04/29 15:44:29,013000,11.487
2026/04/29 15:44:29,014000,11.476
2026/04/29 15:44:29,015000,11.476
2026/04/29 15:44:29,016000,11.479
2026/04/29 15:44:29,017000,11.482
2026/04/29 15:44:29,018000,11.482
2026/04/29 15:44:29,019000,11.482
2026/04/29 15:44:29,020000,11.476
2026/04/29 15:44:29,021000,11.482
2026/04/29 15:44:29,022000,11.476
2026/04/29 15:44:29,023000,11.476
2026/04/29 15:44:29,024000,11.479
2026/04/29 15:44:29,025000,11.479
2026/04/29 15:44:29,026000,11.471
2026/04/29 15:44:29,027000,11.471
2026/04/29 15:44:29,028000,11.487
2026/04/29 15:44:29,029000,11.479
2026/04/29 15:44:29,030000,11.482
2026/04/29 15:44:29,031000,11.479
2026/04/29 15:44:29,032000,11.476
2026/04/29 15:44:29,033000,11.479
2026/04/29 15:44:29,034000,11.482
2026/04/29 15:44:29,035000,11.482
2026/04/29 15:44:29,036000,11.473
2026/04/29 15:44:29,037000,11.479
2026/04/29 15:44:29,038000,11.485
2026/04/29 15:44:29,039000,11.479
2026/04/29 15:44:29,040000,11.473
2026/04/29 15:44:29,041000,11.482
2026/04/29 15:44:29,042000,11.476
2026/04/29 15:44:29,043000,11.482
2026/04/29 15:44:29,044000,11.482
2026/04/29 15:44:29,045000,11.482
2026/04/29 15:44:29,046000,11.479
2026/04/29 15:44:29,047000,11.479
2026/04/29 15:44:29,048000,11.479
2026/04/29 15:44:29,049000,11.485
2026/04/29 15:44:29,050000,11.479
2026/04/29 15:44:29,051000,11.471
2026/04/29 15:44:29,052000,11.471
2026/04/29 15:44:29,053000,11.479
2026/04/29 15:44:29,054000,11.485
2026/04/29 15:44:29,055000,11.482
2026/04/29 15:44:29,056000,11.482
2026/04/29 15:44:29,057000,11.485
2026/04/29 15:44:29,058000,11.482
2026/04/29 15:44:29,059000,11.479
2026/04/29 15:44:29,060000,11.485
2026/04/29 15:44:29,061000,11.479
2026/04/29 15:44:29,062000,11.485
2026/04/29 15:44:29,063000,11.482
2026/04/29 15:44:29,064000,11.482
2026/04/29 15:44:29,065000,11.479
2026/04/29 15:44:29,066000,11.482
2026/04/29 15:44:29,067000,11.479
2026/04/29 15:44:29,068000,11.487
2026/04/29 15:44:29,069000,11.482
2026/04/29 15:44:29,070000,11.485
2026/04/29 15:44:29,071000,11.485
2026/04/29 15:44:29,072000,11.479
2026/04/29 15:44:29,073000,11.479
2026/04/29 15:44:29,074000,11.479
2026/04/29 15:44:29,075000,11.476
2026/04/29 15:44:29,076000,11.476
2026/04/29 15:44:29,077000,11.479
2026/04/29 15:44:29,078000,11.476
2026/04/29 15:44:29,079000,11.482
2026/04/29 15:44:29,080000,11.482
2026/04/29 15:44:29,081000,11.479
2026/04/29 15:44:29,082000,11.479
2026/04/29 15:44:29,083000,11.476
2026/04/29 15:44:29,084000,11.487
2026/04/29 15:44:29,085000,11.482
2026/04/29 15:44:29,086000,11.482
2026/04/29 15:44:29,087000,11.479
2026/04/29 15:44:29,088000,11.479
2026/04/29 15:44:29,089000,11.490
2026/04/29 15:44:29,090000,11.479
2026/04/29 15:44:29,091000,11.473
2026/04/29 15:44:29,092000,11.479
2026/04/29 15:44:29,093000,11.482
2026/04/29 15:44:29,094000,11.482
2026/04/29 15:44:29,095000,11.476
2026/04/29 15:44:29,096000,11.476
2026/04/29 15:44:29,097000,11.479
2026/04/29 15:44:29,098000,11.476
2026/04/29 15:44:29,099000,11.479
2026/04/29 15:44:29,100000,11.479
2026/04/29 15:44:29,101000,11.479
2026/04/29 15:44:29,102000,11.485
2026/04/29 15:44:29,103000,11.485
2026/04/29 15:44:29,104000,11.476
2026/04/29 15:44:29,105000,11.479
2026/04/29 15:44:29,106000,11.482
2026/04/29 15:44:29,107000,11.476
2026/04/29 15:44:29,108000,11.471
2026/04/29 15:44:29,109000,11.482
2026/04/29 15:44:29,110000,11.476
2026/04/29 15:44:29,111000,11.476
2026/04/29 15:44:29,112000,11.476
2026/04/29 15:44:29,113000,11.476
2026/04/29 15:44:29,114000,11.487
2026/04/29 15:44:29,115000,11.479
2026/04/29 15:44:29,116000,11.482
2026/04/29 15:44:29,117000,11.479
2026/04/29 15:44:29,118000,11.479
2026/04/29 15:44:29,119000,11.476
2026/04/29 15:44:29,120000,11.490
2026/04/29 15:44:29,121000,11.482
2026/04/29 15:44:29,122000,11.476
2026/04/29 15:44:29,123000,11.479
2026/04/29 15:44:29,124000,11.479
2026/04/29 15:44:29,125000,11.482
2026/04/29 15:44:29,126000,11.476
2026/04/29 15:44:29,127000,11.479
2026/04/29 15:44:29,128000,11.479
2026/04/29 15:44:29,129000,11.476
2026/04/29 15:44:29,130000,11.482
2026/04/29 15:44:29,131000,11.482
2026/04/29 15:44:29,132000,11.485
2026/04/29 15:44:29,133000,11.476
2026/04/29 15:44:29,134000,11.479
2026/04/29 15:44:29,135000,11.476
2026/04/29 15:44:29,136000,11.476
2026/04/29 15:44:29,137000,11.471
2026/04/29 15:44:29,138000,11.485
2026/04/29 15:44:29,139000,11.479
2026/04/29 15:44:29,140000,11.479
2026/04/29 15:44:29,141000,11.485
2026/04/29 15:44:29,142000,11.479
2026/04/29 15:44:29,143000,11.479
2026/04/29 15:44:29,144000,11.473
2026/04/29 15:44:29,145000,11.479
2026/04/29 15:44:29,146000,11.476
2026/04/29 15:44:29,147000,11.479
2026/04/29 15:44:29,148000,11.476
2026/04/29 15:44:29,149000,11.471
2026/04/29 15:44:29,150000,11.476
2026/04/29 15:44:29,151000,11.476
2026/04/29 15:44:29,152000,11.485
2026/04/29 15:44:29,153000,11.482
2026/04/29 15:44:29,154000,11.482
2026/04/29 15:44:29,155000,11.487
2026/04/29 15:44:29,156000,11.473
2026/04/29 15:44:29,157000,11.471
2026/04/29 15:44:29,158000,11.479
2026/04/29 15:44:29,159000,11.479
2026/04/29 15:44:29,160000,11.487
2026/04/29 15:44:29,161000,11.476
2026/04/29 15:44:29,162000,11.485
2026/04/29 15:44:29,163000,11.471
2026/04/29 15:44:29,164000,11.479
2026/04/29 15:44:29,165000,11.473
2026/04/29 15:44:29,166000,11.482
2026/04/29 15:44:29,167000,11.476
2026/04/29 15:44:29,168000,11.479
2026/04/29 15:44:29,169000,11.479
2026/04/29 15:44:29,170000,11.482
2026/04/29 15:44:29,171000,11.473
2026/04/29 15:44:29,172000,11.479
2026/04/29 15:44:29,173000,11.479
2026/04/29 15:44:29,174000,11.476
2026/04/29 15:44:29,175000,11.482
2026/04/29 15:44:29,176000,11.476
2026/04/29 15:44:29,177000,11.473
2026/04/29 15:44:29,178000,11.482
2026/04/29 15:44:29,179000,11.482
2026/04/29 15:44:29,180000,11.476
2026/04/29 15:44:29,181000,11.473
2026/04/29 15:44:29,182000,11.476
2026/04/29 15:44:29,183000,11.471
2026/04/29 15:44:29,184000,11.479
2026/04/29 15:44:29,185000,11.473
2026/04/29 15:44:29,186000,11.482
2026/04/29 15:44:29,187000,11.473
2026/04/29 15:44:29,188000,11.482
2026/04/29 15:44:29,189000,11.482
2026/04/29 15:44:29,190000,11.482
2026/04/29 15:44:29,191000,11.479
2026/04/29 15:44:29,192000,11.482
2026/04/29 15:44:29,193000,11.476
2026/04/29 15:44:29,194000,11.479
2026/04/29 15:44:29,195000,11.479
2026/04/29 15:44:29,196000,11.479
2026/04/29 15:44:29,197000,11.479
2026/04/29 15:44:29,198000,11.482
2026/04/29 15:44:29,199000,11.471
2026/04/29 15:44:29,200000,11.476
2026/04/29 15:44:29,201000,11.482
2026/04/29 15:44:29,202000,11.476
2026/04/29 15:44:29,203000,11.476
2026/04/29 15:44:29,204000,11.479
2026/04/29 15:44:29,205000,11.482
2026/04/29 15:44:29,206000,11.485
2026/04/29 15:44:29,207000,11.485
2026/04/29 15:44:29,208000,11.479
2026/04/29 15:44:29,209000,11.485
2026/04/29 15:44:29,210000,11.479
2026/04/29 15:44:29,211000,11.482
2026/04/29 15:44:29,212000,11.479
2026/04/29 15:44:29,213000,11.479
2026/04/29 15:44:29,214000,11.476
2026/04/29 15:44:29,215000,11.482
2026/04/29 15:44:29,216000,11.476
2026/04/29 15:44:29,217000,11.476
2026/04/29 15:44:29,218000,11.485
2026/04/29 15:44:29,219000,11.485
2026/04/29 15:44:29,220000,11.485
2026/04/29 15:44:29,221000,11.479
2026/04/29 15:44:29,222000,11.479
2026/04/29 15:44:29,223000,11.482
2026/04/29 15:44:29,224000,11.482
2026/04/29 15:44:29,225000,11.473
2026/04/29 15:44:29,226000,11.479
2026/04/29 15:44:29,227000,11.485
2026/04/29 15:44:29,228000,11.479
2026/04/29 15:44:29,229000,11.476
2026/04/29 15:44:29,230000,11.479
2026/04/29 15:44:29,231000,11.476
2026/04/29 15:44:29,232000,11.471
2026/04/29 15:44:29,233000,11.482
2026/04/29 15:44:29,234000,11.471
2026/04/29 15:44:29,235000,11.479
2026/04/29 15:44:29,236000,11.479
2026/04/29 15:44:29,237000,11.479
2026/04/29 15:44:29,238000,11.482
2026/04/29 15:44:29,239000,11.479
2026/04/29 15:44:29,240000,11.482
2026/04/29 15:44:29,241000,11.479
2026/04/29 15:44:29,242000,11.485
2026/04/29 15:44:29,243000,11.471
2026/04/29 15:44:29,244000,11.476
2026/04/29 15:44:29,245000,11.479
2026/04/29 15:44:29,246000,11.482
2026/04/29 15:44:29,247000,11.482
2026/04/29 15:44:29,248000,11.482
2026/04/29 15:44:29,249000,11.482
2026/04/29 15:44:29,250000,11.482
2026/04/29 15:44:29,251000,11.479
2026/04/29 15:44:29,252000,11.482
2026/04/29 15:44:29,253000,11.476
2026/04/29 15:44:29,254000,11.476
2026/04/29 15:44:29,255000,11.482
2026/04/29 15:44:29,256000,11.482
2026/04/29 15:44:29,257000,11.482
2026/04/29 15:44:29,258000,11.493
2026/04/29 15:44:29,259000,11.482
2026/04/29 15:44:29,260000,11.476
2026/04/29 15:44:29,261000,11.471
2026/04/29 15:44:29,262000,11.482
2026/04/29 15:44:29,263000,11.482
2026/04/29 15:44:29,264000,11.479
2026/04/29 15:44:29,265000,11.473
2026/04/29 15:44:29,266000,11.482
2026/04/29 15:44:29,267000,11.487
2026/04/29 15:44:29,268000,11.482
2026/04/29 15:44:29,269000,11.479
2026/04/29 15:44:29,270000,11.479
2026/04/29 15:44:29,271000,11.476
2026/04/29 15:44:29,272000,11.479
2026/04/29 15:44:29,273000,11.482
2026/04/29 15:44:29,274000,11.479
2026/04/29 15:44:29,275000,11.482
2026/04/29 15:44:29,276000,11.476
2026/04/29 15:44:29,277000,11.482
2026/04/29 15:44:29,278000,11.476
2026/04/29 15:44:29,279000,11.476
2026/04/29 15:44:29,280000,11.479
2026/04/29 15:44:29,281000,11.479
2026/04/29 15:44:29,282000,11.485
2026/04/29 15:44:29,283000,11.487
2026/04/29 15:44:29,284000,11.473
2026/04/29 15:44:29,285000,11.476
2026/04/29 15:44:29,286000,11.476
2026/04/29 15:44:29,287000,11.479
2026/04/29 15:44:29,288000,11.476
2026/04/29 15:44:29,289000,11.479
2026/04/29 15:44:29,290000,11.479
2026/04/29 15:44:29,291000,11.485
2026/04/29 15:44:29,292000,11.479
2026/04/29 15:44:29,293000,11.482
2026/04/29 15:44:29,294000,11.482
2026/04/29 15:44:29,295000,11.479
2026/04/29 15:44:29,296000,11.479
2026/04/29 15:44:29,297000,11.476
2026/04/29 15:44:29,298000,11.479
2026/04/29 15:44:29,299000,11.468
2026/04/29 15:44:29,300000,11.487
2026/04/29 15:44:29,301000,11.482
2026/04/29 15:44:29,302000,11.485
2026/04/29 15:44:29,303000,11.485
2026/04/29 15:44:29,304000,11.476
2026/04/29 15:44:29,305000,11.479
2026/04/29 15:44:29,306000,11.482
2026/04/29 15:44:29,307000,11.476
2026/04/29 15:44:29,308000,11.482
2026/04/29 15:44:29,309000,11.485
2026/04/29 15:44:29,310000,11.487
2026/04/29 15:44:29,311000,11.479
2026/04/29 15:44:29,312000,11.485
2026/04/29 15:44:29,313000,11.476
2026/04/29 15:44:29,314000,11.482
2026/04/29 15:44:29,315000,11.476
2026/04/29 15:44:29,316000,11.479
2026/04/29 15:44:29,317000,11.482
2026/04/29 15:44:29,318000,11.473
2026/04/29 15:44:29,319000,11.482
2026/04/29 15:44:29,320000,11.471
2026/04/29 15:44:29,321000,11.485
2026/04/29 15:44:29,322000,11.482
2026/04/29 15:44:29,323000,11.482
2026/04/29 15:44:29,324000,11.479
2026/04/29 15:44:29,325000,11.479
2026/04/29 15:44:29,326000,11.485
2026/04/29 15:44:29,327000,11.476
2026/04/29 15:44:29,328000,11.479
2026/04/29 15:44:29,329000,11.482
2026/04/29 15:44:29,330000,11.482
2026/04/29 15:44:29,331000,11.482
2026/04/29 15:44:29,332000,11.479
2026/04/29 15:44:29,333000,11.479
2026/04/29 15:44:29,334000,11.482
2026/04/29 15:44:29,335000,11.476
2026/04/29 15:44:29,336000,11.482
2026/04/29 15:44:29,337000,11.476
2026/04/29 15:44:29,338000,11.473
2026/04/29 15:44:29,339000,11.479
2026/04/29 15:44:29,340000,11.479
2026/04/29 15:44:29,341000,11.482
2026/04/29 15:44:29,342000,11.479
2026/04/29 15:44:29,343000,11.485
2026/04/29 15:44:29,344000,11.479
2026/04/29 15:44:29,345000,11.479
2026/04/29 15:44:29,346000,11.482
2026/04/29 15:44:29,347000,11.479
2026/04/29 15:44:29,348000,11.482
2026/04/29 15:44:29,349000,11.482
2026/04/29 15:44:29,350000,11.479
2026/04/29 15:44:29,351000,11.479
2026/04/29 15:44:29,352000,11.476
2026/04/29 15:44:29,353000,11.482
2026/04/29 15:44:29,354000,11.482
2026/04/29 15:44:29,355000,11.476
2026/04/29 15:44:29,356000,11.482
2026/04/29 15:44:29,357000,11.482
2026/04/29 15:44:29,358000,11.482
2026/04/29 15:44:29,359000,11.476
2026/04/29 15:44:29,360000,11.473
2026/04/29 15:44:29,361000,11.479
2026/04/29 15:44:29,362000,11.482
2026/04/29 15:44:29,363000,11.482
2026/04/29 15:44:29,364000,11.479
2026/04/29 15:44:29,365000,11.482
2026/04/29 15:44:29,366000,11.482
2026/04/29 15:44:29,367000,11.485
2026/04/29 15:44:29,368000,11.482
2026/04/29 15:44:29,369000,11.482
2026/04/29 15:44:29,370000,11.482
2026/04/29 15:44:29,371000,11.487
2026/04/29 15:44:29,372000,11.479
2026/04/29 15:44:29,373000,11.479
2026/04/29 15:44:29,374000,11.476
2026/04/29 15:44:29,375000,11.479
2026/04/29 15:44:29,376000,11.482
2026/04/29 15:44:29,377000,11.476
2026/04/29 15:44:29,378000,11.482
2026/04/29 15:44:29,379000,11.476
2026/04/29 15:44:29,380000,11.479
2026/04/29 15:44:29,381000,11.482
2026/04/29 15:44:29,382000,11.479
2026/04/29 15:44:29,383000,11.482
2026/04/29 15:44:29,384000,11.479
2026/04/29 15:44:29,385000,11.482
2026/04/29 15:44:29,386000,11.479
2026/04/29 15:44:29,387000,11.485
2026/04/29 15:44:29,388000,11.479
2026/04/29 15:44:29,389000,11.482
2026/04/29 15:44:29,390000,11.479
2026/04/29 15:44:29,391000,11.482
2026/04/29 15:44:29,392000,11.482
2026/04/29 15:44:29,393000,11.479
2026/04/29 15:44:29,394000,11.482
2026/04/29 15:44:29,395000,11.482
2026/04/29 15:44:29,396000,11.482
2026/04/29 15:44:29,397000,11.482
2026/04/29 15:44:29,398000,11.479
2026/04/29 15:44:29,399000,11.479
2026/04/29 15:44:29,400000,11.482
2026/04/29 15:44:29,401000,11.476
2026/04/29 15:44:29,402000,11.479
2026/04/29 15:44:29,403000,11.482
2026/04/29 15:44:29,404000,11.485
2026/04/29 15:44:29,405000,11.479
2026/04/29 15:44:29,406000,11.482
2026/04/29 15:44:29,407000,11.479
2026/04/29 15:44:29,408000,11.479
2026/04/29 15:44:29,409000,11.479
2026/04/29 15:44:29,410000,11.476
2026/04/29 15:44:29,411000,11.479
2026/04/29 15:44:29,412000,11.482
2026/04/29 15:44:29,413000,11.476
2026/04/29 15:44:29,414000,11.479
2026/04/29 15:44:29,415000,11.485
2026/04/29 15:44:29,416000,11.473
2026/04/29 15:44:29,417000,11.482
2026/04/29 15:44:29,418000,11.476
2026/04/29 15:44:29,419000,11.482
2026/04/29 15:44:29,420000,11.485
2026/04/29 15:44:29,421000,11.479
2026/04/29 15:44:29,422000,11.482
2026/04/29 15:44:29,423000,11.479
2026/04/29 15:44:29,424000,11.482
2026/04/29 15:44:29,425000,11.482
2026/04/29 15:44:29,426000,11.479
2026/04/29 15:44:29,427000,11.482
2026/04/29 15:44:29,428000,11.479
2026/04/29 15:44:29,429000,11.482
2026/04/29 15:44:29,430000,11.471
2026/04/29 15:44:29,431000,11.479
2026/04/29 15:44:29,432000,11.471
2026/04/29 15:44:29,433000,11.482
2026/04/29 15:44:29,434000,11.485
2026/04/29 15:44:29,435000,11.476
2026/04/29 15:44:29,436000,11.479
2026/04/29 15:44:29,437000,11.479
2026/04/29 15:44:29,438000,11.482
2026/04/29 15:44:29,439000,11.476
2026/04/29 15:44:29,440000,11.482
2026/04/29 15:44:29,441000,11.479
2026/04/29 15:44:29,442000,11.485
2026/04/29 15:44:29,443000,11.485
2026/04/29 15:44:29,444000,11.482
2026/04/29 15:44:29,445000,11.476
2026/04/29 15:44:29,446000,11.479
2026/04/29 15:44:29,447000,11.471
2026/04/29 15:44:29,448000,11.482
2026/04/29 15:44:29,449000,11.479
2026/04/29 15:44:29,450000,11.476
2026/04/29 15:44:29,451000,11.476
2026/04/29 15:44:29,452000,11.479
2026/04/29 15:44:29,453000,11.482
2026/04/29 15:44:29,454000,11.479
2026/04/29 15:44:29,455000,11.482
2026/04/29 15:44:29,456000,11.482
2026/04/29 15:44:29,457000,11.482
2026/04/29 15:44:29,458000,11.485
2026/04/29 15:44:29,459000,11.482
2026/04/29 15:44:29,460000,11.482
2026/04/29 15:44:29,461000,11.482
2026/04/29 15:44:29,462000,11.482
2026/04/29 15:44:29,463000,11.479
2026/04/29 15:44:29,464000,11.482
2026/04/29 15:44:29,465000,11.479
2026/04/29 15:44:29,466000,11.482
2026/04/29 15:44:29,467000,11.479
2026/04/29 15:44:29,468000,11.476
2026/04/29 15:44:29,469000,11.471
2026/04/29 15:44:29,470000,11.485
2026/04/29 15:44:29,471000,11.479
2026/04/29 15:44:29,472000,11.479
2026/04/29 15:44:29,473000,11.482
2026/04/29 15:44:29,474000,11.482
2026/04/29 15:44:29,475000,11.479
2026/04/29 15:44:29,476000,11.482
2026/04/29 15:44:29,477000,11.482
2026/04/29 15:44:29,478000,11.471
2026/04/29 15:44:29,479000,11.485
2026/04/29 15:44:29,480000,11.479
2026/04/29 15:44:29,481000,11.482
2026/04/29 15:44:29,482000,11.482
2026/04/29 15:44:29,483000,11.479
2026/04/29 15:44:29,484000,11.479
2026/04/29 15:44:29,485000,11.479
2026/04/29 15:44:29,486000,11.479
2026/04/29 15:44:29,487000,11.479
2026/04/29 15:44:29,488000,11.482
2026/04/29 15:44:29,489000,11.482
2026/04/29 15:44:29,490000,11.476
2026/04/29 15:44:29,491000,11.482
2026/04/29 15:44:29,492000,11.479
2026/04/29 15:44:29,493000,11.482
2026/04/29 15:44:29,494000,11.479
2026/04/29 15:44:29,495000,11.482
2026/04/29 15:44:29,496000,11.482
2026/04/29 15:44:29,497000,11.482
2026/04/29 15:44:29,498000,11.479
2026/04/29 15:44:29,499000,11.479
2026/04/29 15:44:29,500000,11.482
2026/04/29 15:44:29,501000,11.482
2026/04/29 15:44:29,502000,11.479
2026/04/29 15:44:29,503000,11.479
2026/04/29 15:44:29,504000,11.479
2026/04/29 15:44:29,505000,11.482
2026/04/29 15:44:29,506000,11.482
2026/04/29 15:44:29,507000,11.479
2026/04/29 15:44:29,508000,11.485
2026/04/29 15:44:29,509000,11.482
2026/04/29 15:44:29,510000,11.482
2026/04/29 15:44:29,511000,11.482
2026/04/29 15:44:29,512000,11.485
2026/04/29 15:44:29,513000,11.476
2026/04/29 15:44:29,514000,11.490
2026/04/29 15:44:29,515000,11.473
2026/04/29 15:44:29,516000,11.473
2026/04/29 15:44:29,517000,11.482
2026/04/29 15:44:29,518000,11.479
2026/04/29 15:44:29,519000,11.485
2026/04/29 15:44:29,520000,11.476
2026/04/29 15:44:29,521000,11.471
2026/04/29 15:44:29,522000,11.482
2026/04/29 15:44:29,523000,11.479
2026/04/29 15:44:29,524000,11.479
2026/04/29 15:44:29,525000,11.479
2026/04/29 15:44:29,526000,11.479
2026/04/29 15:44:29,527000,11.482
2026/04/29 15:44:29,528000,11.479
2026/04/29 15:44:29,529000,11.479
2026/04/29 15:44:29,530000,11.476
2026/04/29 15:44:29,531000,11.479
2026/04/29 15:44:29,532000,11.485
2026/04/29 15:44:29,533000,11.482
2026/04/29 15:44:29,534000,11.476
2026/04/29 15:44:29,535000,11.493
2026/04/29 15:44:29,536000,11.479
2026/04/29 15:44:29,537000,11.479
2026/04/29 15:44:29,538000,11.479
2026/04/29 15:44:29,539000,11.479
2026/04/29 15:44:29,540000,11.482
2026/04/29 15:44:29,541000,11.479
2026/04/29 15:44:29,542000,11.485
2026/04/29 15:44:29,543000,11.485
2026/04/29 15:44:29,544000,11.476
2026/04/29 15:44:29,545000,11.476
2026/04/29 15:44:29,546000,11.476
2026/04/29 15:44:29,547000,11.479
2026/04/29 15:44:29,548000,11.482
2026/04/29 15:44:29,549000,11.482
2026/04/29 15:44:29,550000,11.482
2026/04/29 15:44:29,551000,11.482
2026/04/29 15:44:29,552000,11.479
2026/04/29 15:44:29,553000,11.479
2026/04/29 15:44:29,554000,11.487
2026/04/29 15:44:29,555000,11.482
2026/04/29 15:44:29,556000,11.473
2026/04/29 15:44:29,557000,11.482
2026/04/29 15:44:29,558000,11.476
2026/04/29 15:44:29,559000,11.485
2026/04/29 15:44:29,560000,11.482
2026/04/29 15:44:29,561000,11.479
2026/04/29 15:44:29,562000,11.482
2026/04/29 15:44:29,563000,11.471
2026/04/29 15:44:29,564000,11.476
2026/04/29 15:44:29,565000,11.473
2026/04/29 15:44:29,566000,11.482
2026/04/29 15:44:29,567000,11.476
2026/04/29 15:44:29,568000,11.471
2026/04/29 15:44:29,569000,11.479
2026/04/29 15:44:29,570000,11.479
2026/04/29 15:44:29,571000,11.482
2026/04/29 15:44:29,572000,11.487
2026/04/29 15:44:29,573000,11.476
2026/04/29 15:44:29,574000,11.479
2026/04/29 15:44:29,575000,11.482
2026/04/29 15:44:29,576000,11.482
2026/04/29 15:44:29,577000,11.471
2026/04/29 15:44:29,578000,11.485
2026/04/29 15:44:29,579000,11.482
2026/04/29 15:44:29,580000,11.482
2026/04/29 15:44:29,581000,11.476
2026/04/29 15:44:29,582000,11.482
2026/04/29 15:44:29,583000,11.487
2026/04/29 15:44:29,584000,11.476
2026/04/29 15:44:29,585000,11.482
2026/04/29 15:44:29,586000,11.482
2026/04/29 15:44:29,587000,11.479
2026/04/29 15:44:29,588000,11.482
2026/04/29 15:44:29,589000,11.479
2026/04/29 15:44:29,590000,11.479
2026/04/29 15:44:29,591000,11.479
2026/04/29 15:44:29,592000,11.476
2026/04/29 15:44:29,593000,11.476
2026/04/29 15:44:29,594000,11.479
2026/04/29 15:44:29,595000,11.479
2026/04/29 15:44:29,596000,11.473
2026/04/29 15:44:29,597000,11.471
2026/04/29 15:44:29,598000,11.479
2026/04/29 15:44:29,599000,11.476
2026/04/29 15:44:29,600000,11.482
2026/04/29 15:44:29,601000,11.473
2026/04/29 15:44:29,602000,11.482
2026/04/29 15:44:29,603000,11.468
2026/04/29 15:44:29,604000,11.479
2026/04/29 15:44:29,605000,11.482
2026/04/29 15:44:29,606000,11.482
2026/04/29 15:44:29,607000,11.485
2026/04/29 15:44:29,608000,11.479
2026/04/29 15:44:29,609000,11.476
2026/04/29 15:44:29,610000,11.479
2026/04/29 15:44:29,611000,11.471
2026/04/29 15:44:29,612000,11.479
2026/04/29 15:44:29,613000,11.479
2026/04/29 15:44:29,614000,11.479
2026/04/29 15:44:29,615000,11.479
2026/04/29 15:44:29,616000,11.476
2026/04/29 15:44:29,617000,11.482
2026/04/29 15:44:29,618000,11.479
2026/04/29 15:44:29,619000,11.479
2026/04/29 15:44:29,620000,11.485
2026/04/29 15:44:29,621000,11.473
2026/04/29 15:44:29,622000,11.479
2026/04/29 15:44:29,623000,11.476
2026/04/29 15:44:29,624000,11.476
2026/04/29 15:44:29,625000,11.471
2026/04/29 15:44:29,626000,11.482
2026/04/29 15:44:29,627000,11.473
2026/04/29 15:44:29,628000,11.471
2026/04/29 15:44:29,629000,11.479
2026/04/29 15:44:29,630000,11.471
2026/04/29 15:44:29,631000,11.482
2026/04/29 15:44:29,632000,11.471
2026/04/29 15:44:29,633000,11.476
2026/04/29 15:44:29,634000,11.487
2026/04/29 15:44:29,635000,11.482
2026/04/29 15:44:29,636000,11.482
2026/04/29 15:44:29,637000,11.479
2026/04/29 15:44:29,638000,11.485
2026/04/29 15:44:29,639000,11.479
2026/04/29 15:44:29,640000,11.479
2026/04/29 15:44:29,641000,11.476
2026/04/29 15:44:29,642000,11.482
2026/04/29 15:44:29,643000,11.479
2026/04/29 15:44:29,644000,11.476
2026/04/29 15:44:29,645000,11.471
2026/04/29 15:44:29,646000,11.479
2026/04/29 15:44:29,647000,11.471
2026/04/29 15:44:29,648000,11.476
2026/04/29 15:44:29,649000,11.482
2026/04/29 15:44:29,650000,11.479
2026/04/29 15:44:29,651000,11.479
2026/04/29 15:44:29,652000,11.479
2026/04/29 15:44:29,653000,11.482
2026/04/29 15:44:29,654000,11.476
2026/04/29 15:44:29,655000,11.479
2026/04/29 15:44:29,656000,11.479
2026/04/29 15:44:29,657000,11.479
2026/04/29 15:44:29,658000,11.473
2026/04/29 15:44:29,659000,11.476
2026/04/29 15:44:29,660000,11.479
2026/04/29 15:44:29,661000,11.476
2026/04/29 15:44:29,662000,11.476
2026/04/29 15:44:29,663000,11.485
2026/04/29 15:44:29,664000,11.479
2026/04/29 15:44:29,665000,11.476
2026/04/29 15:44:29,666000,11.487
2026/04/29 15:44:29,667000,11.473
2026/04/29 15:44:29,668000,11.471
2026/04/29 15:44:29,669000,11.485
2026/04/29 15:44:29,670000,11.479
2026/04/29 15:44:29,671000,11.479
2026/04/29 15:44:29,672000,11.476
2026/04/29 15:44:29,673000,11.482
2026/04/29 15:44:29,674000,11.479
2026/04/29 15:44:29,675000,11.479
2026/04/29 15:44:29,676000,11.479
2026/04/29 15:44:29,677000,11.482
2026/04/29 15:44:29,678000,11.471
2026/04/29 15:44:29,679000,11.485
2026/04/29 15:44:29,680000,11.476
2026/04/29 15:44:29,681000,11.479
2026/04/29 15:44:29,682000,11.479
2026/04/29 15:44:29,683000,11.476
2026/04/29 15:44:29,684000,11.479
2026/04/29 15:44:29,685000,11.471
2026/04/29 15:44:29,686000,11.479
2026/04/29 15:44:29,687000,11.476
2026/04/29 15:44:29,688000,11.482
2026/04/29 15:44:29,689000,11.476
2026/04/29 15:44:29,690000,11.479
2026/04/29 15:44:29,691000,11.479
2026/04/29 15:44:29,692000,11.479
2026/04/29 15:44:29,693000,11.482
2026/04/29 15:44:29,694000,11.482
2026/04/29 15:44:29,695000,11.479
2026/04/29 15:44:29,696000,11.490
2026/04/29 15:44:29,697000,11.471
2026/04/29 15:44:29,698000,11.482
2026/04/29 15:44:29,699000,11.482
2026/04/29 15:44:29,700000,11.482
2026/04/29 15:44:29,701000,11.482
2026/04/29 15:44:29,702000,11.479
2026/04/29 15:44:29,703000,11.479
2026/04/29 15:44:29,704000,11.479
2026/04/29 15:44:29,705000,11.482
2026/04/29 15:44:29,706000,11.485
2026/04/29 15:44:29,707000,11.482
2026/04/29 15:44:29,708000,11.479
2026/04/29 15:44:29,709000,11.476
2026/04/29 15:44:29,710000,11.479
2026/04/29 15:44:29,711000,11.482
2026/04/29 15:44:29,712000,11.476
2026/04/29 15:44:29,713000,11.479
2026/04/29 15:44:29,714000,11.485
2026/04/29 15:44:29,715000,11.476
2026/04/29 15:44:29,716000,11.482
2026/04/29 15:44:29,717000,11.473
2026/04/29 15:44:29,718000,11.479
2026/04/29 15:44:29,719000,11.479
2026/04/29 15:44:29,720000,11.476
2026/04/29 15:44:29,721000,11.482
2026/04/29 15:44:29,722000,11.479
2026/04/29 15:44:29,723000,11.476
2026/04/29 15:44:29,724000,11.476
2026/04/29 15:44:29,725000,11.479
2026/04/29 15:44:29,726000,11.476
2026/04/29 15:44:29,727000,11.479
2026/04/29 15:44:29,728000,11.473
2026/04/29 15:44:29,729000,11.479
2026/04/29 15:44:29,730000,11.482
2026/04/29 15:44:29,731000,11.482
2026/04/29 15:44:29,732000,11.482
2026/04/29 15:44:29,733000,11.479
2026/04/29 15:44:29,734000,11.485
2026/04/29 15:44:29,735000,11.476
2026/04/29 15:44:29,736000,11.479
2026/04/29 15:44:29,737000,11.476
2026/04/29 15:44:29,738000,11.479
2026/04/29 15:44:29,739000,11.471
2026/04/29 15:44:29,740000,11.479
2026/04/29 15:44:29,741000,11.479
2026/04/29 15:44:29,742000,11.482
2026/04/29 15:44:29,743000,11.482
2026/04/29 15:44:29,744000,11.476
2026/04/29 15:44:29,745000,11.479
2026/04/29 15:44:29,746000,11.476
2026/04/29 15:44:29,747000,11.482
2026/04/29 15:44:29,748000,11.479
2026/04/29 15:44:29,749000,11.482
2026/04/29 15:44:29,750000,11.482
2026/04/29 15:44:29,751000,11.473
2026/04/29 15:44:29,752000,11.482
2026/04/29 15:44:29,753000,11.479
2026/04/29 15:44:29,754000,11.482
2026/04/29 15:44:29,755000,11.471
2026/04/29 15:44:29,756000,11.485
2026/04/29 15:44:29,757000,11.485
2026/04/29 15:44:29,758000,11.479
2026/04/29 15:44:29,759000,11.479
2026/04/29 15:44:29,760000,11.473
2026/04/29 15:44:29,761000,11.476
2026/04/29 15:44:29,762000,11.476
2026/04/29 15:44:29,763000,11.479
2026/04/29 15:44:29,764000,11.479
2026/04/29 15:44:29,765000,11.479
2026/04/29 15:44:29,766000,11.476
2026/04/29 15:44:29,767000,11.479
2026/04/29 15:44:29,768000,11.473
2026/04/29 15:44:29,769000,11.485
2026/04/29 15:44:29,770000,11.482
2026/04/29 15:44:29,771000,11.482
2026/04/29 15:44:29,772000,11.482
2026/04/29 15:44:29,773000,11.482
2026/04/29 15:44:29,774000,11.482
2026/04/29 15:44:29,775000,11.476
2026/04/29 15:44:29,776000,11.479
2026/04/29 15:44:29,777000,11.479
2026/04/29 15:44:29,778000,11.482
2026/04/29 15:44:29,779000,11.479
2026/04/29 15:44:29,780000,11.468
2026/04/29 15:44:29,781000,11.482
2026/04/29 15:44:29,782000,11.482
2026/04/29 15:44:29,783000,11.476
2026/04/29 15:44:29,784000,11.476
2026/04/29 15:44:29,785000,11.476
2026/04/29 15:44:29,786000,11.479
2026/04/29 15:44:29,787000,11.479
2026/04/29 15:44:29,788000,11.482
2026/04/29 15:44:29,789000,11.476
2026/04/29 15:44:29,790000,11.479
2026/04/29 15:44:29,791000,11.471
2026/04/29 15:44:29,792000,11.479
2026/04/29 15:44:29,793000,11.476
2026/04/29 15:44:29,794000,11.476
2026/04/29 15:44:29,795000,11.479
2026/04/29 15:44:29,796000,11.479
2026/04/29 15:44:29,797000,11.476
2026/04/29 15:44:29,798000,11.476
2026/04/29 15:44:29,799000,11.473
2026/04/29 15:44:29,800000,11.482
2026/04/29 15:44:29,801000,11.476
2026/04/29 15:44:29,802000,11.479
2026/04/29 15:44:29,803000,11.482
2026/04/29 15:44:29,804000,11.482
2026/04/29 15:44:29,805000,11.468
2026/04/29 15:44:29,806000,11.479
2026/04/29 15:44:29,807000,11.485
2026/04/29 15:44:29,808000,11.476
2026/04/29 15:44:29,809000,11.485
2026/04/29 15:44:29,810000,11.482
2026/04/29 15:44:29,811000,11.471
2026/04/29 15:44:29,812000,11.479
2026/04/29 15:44:29,813000,11.482
2026/04/29 15:44:29,814000,11.482
2026/04/29 15:44:29,815000,11.482
2026/04/29 15:44:29,816000,11.479
2026/04/29 15:44:29,817000,11.479
2026/04/29 15:44:29,818000,11.482
2026/04/29 15:44:29,819000,11.479
2026/04/29 15:44:29,820000,11.479
2026/04/29 15:44:29,821000,11.482
2026/04/29 15:44:29,822000,11.476
2026/04/29 15:44:29,823000,11.479
2026/04/29 15:44:29,824000,11.482
2026/04/29 15:44:29,825000,11.482
2026/04/29 15:44:29,826000,11.485
2026/04/29 15:44:29,827000,11.482
2026/04/29 15:44:29,828000,11.476
2026/04/29 15:44:29,829000,11.482
2026/04/29 15:44:29,830000,11.485
2026/04/29 15:44:29,831000,11.476
2026/04/29 15:44:29,832000,11.479
2026/04/29 15:44:29,833000,11.476
2026/04/29 15:44:29,834000,11.485
2026/04/29 15:44:29,835000,11.479
2026/04/29 15:44:29,836000,11.482
2026/04/29 15:44:29,837000,11.479
2026/04/29 15:44:29,838000,11.482
2026/04/29 15:44:29,839000,11.479
2026/04/29 15:44:29,840000,11.482
2026/04/29 15:44:29,841000,11.482
2026/04/29 15:44:29,842000,11.482
2026/04/29 15:44:29,843000,11.482
2026/04/29 15:44:29,844000,11.471
2026/04/29 15:44:29,845000,11.487
2026/04/29 15:44:29,846000,11.476
2026/04/29 15:44:29,847000,11.482
2026/04/29 15:44:29,848000,11.476
2026/04/29 15:44:29,849000,11.471
2026/04/29 15:44:29,850000,11.482
2026/04/29 15:44:29,851000,11.482
2026/04/29 15:44:29,852000,11.479
2026/04/29 15:44:29,853000,11.476
2026/04/29 15:44:29,854000,11.479
2026/04/29 15:44:29,855000,11.471
2026/04/29 15:44:29,856000,11.482
2026/04/29 15:44:29,857000,11.479
2026/04/29 15:44:29,858000,11.482
2026/04/29 15:44:29,859000,11.482
2026/04/29 15:44:29,860000,11.485
2026/04/29 15:44:29,861000,11.479
2026/04/29 15:44:29,862000,11.476
2026/04/29 15:44:29,863000,11.487
2026/04/29 15:44:29,864000,11.476
2026/04/29 15:44:29,865000,11.487
2026/04/29 15:44:29,866000,11.476
2026/04/29 15:44:29,867000,11.479
2026/04/29 15:44:29,868000,11.482
2026/04/29 15:44:29,869000,11.479
2026/04/29 15:44:29,870000,11.482
2026/04/29 15:44:29,871000,11.476
2026/04/29 15:44:29,872000,11.482
2026/04/29 15:44:29,873000,11.482
2026/04/29 15:44:29,874000,11.479
2026/04/29 15:44:29,875000,11.479
2026/04/29 15:44:29,876000,11.471
2026/04/29 15:44:29,877000,11.473
2026/04/29 15:44:29,878000,11.479
2026/04/29 15:44:29,879000,11.487
2026/04/29 15:44:29,880000,11.482
2026/04/29 15:44:29,881000,11.482
2026/04/29 15:44:29,882000,11.476
2026/04/29 15:44:29,883000,11.482
2026/04/29 15:44:29,884000,11.482
2026/04/29 15:44:29,885000,11.485
2026/04/29 15:44:29,886000,11.482
2026/04/29 15:44:29,887000,11.485
2026/04/29 15:44:29,888000,11.476
2026/04/29 15:44:29,889000,11.479
2026/04/29 15:44:29,890000,11.482
2026/04/29 15:44:29,891000,11.482
2026/04/29 15:44:29,892000,11.485
2026/04/29 15:44:29,893000,11.482
2026/04/29 15:44:29,894000,11.479
2026/04/29 15:44:29,895000,11.479
2026/04/29 15:44:29,896000,11.482
2026/04/29 15:44:29,897000,11.482
2026/04/29 15:44:29,898000,11.482
2026/04/29 15:44:29,899000,11.485
2026/04/29 15:44:29,900000,11.487
2026/04/29 15:44:29,901000,11.479
2026/04/29 15:44:29,902000,11.482
2026/04/29 15:44:29,903000,11.479
2026/04/29 15:44:29,904000,11.476
2026/04/29 15:44:29,905000,11.482
2026/04/29 15:44:29,906000,11.476
2026/04/29 15:44:29,907000,11.473
2026/04/29 15:44:29,908000,11.479
2026/04/29 15:44:29,909000,11.482
2026/04/29 15:44:29,910000,11.482
2026/04/29 15:44:29,911000,11.482
2026/04/29 15:44:29,912000,11.479
2026/04/29 15:44:29,913000,11.482
2026/04/29 15:44:29,914000,11.479
2026/04/29 15:44:29,915000,11.479
2026/04/29 15:44:29,916000,11.485
2026/04/29 15:44:29,917000,11.485
2026/04/29 15:44:29,918000,11.471
2026/04/29 15:44:29,919000,11.479
2026/04/29 15:44:29,920000,11.479
2026/04/29 15:44:29,921000,11.476
2026/04/29 15:44:29,922000,11.482
2026/04/29 15:44:29,923000,11.487
2026/04/29 15:44:29,924000,11.482
2026/04/29 15:44:29,925000,11.479
2026/04/29 15:44:29,926000,11.482
2026/04/29 15:44:29,927000,11.482
2026/04/29 15:44:29,928000,11.476
2026/04/29 15:44:29,929000,11.479
2026/04/29 15:44:29,930000,11.479
2026/04/29 15:44:29,931000,11.479
2026/04/29 15:44:29,932000,11.479
2026/04/29 15:44:29,933000,11.487
2026/04/29 15:44:29,934000,11.479
2026/04/29 15:44:29,935000,11.476
2026/04/29 15:44:29,936000,11.482
2026/04/29 15:44:29,937000,11.471
2026/04/29 15:44:29,938000,11.473
2026/04/29 15:44:29,939000,11.479
2026/04/29 15:44:29,940000,11.482
2026/04/29 15:44:29,941000,11.482
2026/04/29 15:44:29,942000,11.485
2026/04/29 15:44:29,943000,11.479
2026/04/29 15:44:29,944000,11.482
2026/04/29 15:44:29,945000,11.485
2026/04/29 15:44:29,946000,11.479
2026/04/29 15:44:29,947000,11.479
2026/04/29 15:44:29,948000,11.479
2026/04/29 15:44:29,949000,11.485
2026/04/29 15:44:29,950000,11.479
2026/04/29 15:44:29,951000,11.485
2026/04/29 15:44:29,952000,11.482
2026/04/29 15:44:29,953000,11.482
2026/04/29 15:44:29,954000,11.479
2026/04/29 15:44:29,955000,11.479
2026/04/29 15:44:29,956000,11.479
2026/04/29 15:44:29,957000,11.482
2026/04/29 15:44:29,958000,11.479
2026/04/29 15:44:29,959000,11.482
2026/04/29 15:44:29,960000,11.482
2026/04/29 15:44:29,961000,11.485
2026/04/29 15:44:29,962000,11.482
2026/04/29 15:44:29,963000,11.476
2026/04/29 15:44:29,964000,11.473
2026/04/29 15:44:29,965000,11.482
2026/04/29 15:44:29,966000,11.482
2026/04/29 15:44:29,967000,11.479
2026/04/29 15:44:29,968000,11.482
2026/04/29 15:44:29,969000,11.479
2026/04/29 15:44:29,970000,11.485
2026/04/29 15:44:29,971000,11.482
2026/04/29 15:44:29,972000,11.473
2026/04/29 15:44:29,973000,11.485
2026/04/29 15:44:29,974000,11.487
2026/04/29 15:44:29,975000,11.479
2026/04/29 15:44:29,976000,11.482
2026/04/29 15:44:29,977000,11.482
2026/04/29 15:44:29,978000,11.482
2026/04/29 15:44:29,979000,11.479
2026/04/29 15:44:29,980000,11.471
2026/04/29 15:44:29,981000,11.479
2026/04/29 15:44:29,982000,11.482
2026/04/29 15:44:29,983000,11.476
2026/04/29 15:44:29,984000,11.479
2026/04/29 15:44:29,985000,11.482
2026/04/29 15:44:29,986000,11.482
2026/04/29 15:44:29,987000,11.482
2026/04/29 15:44:29,988000,11.476
2026/04/29 15:44:29,989000,11.479
2026/04/29 15:44:29,990000,11.479
2026/04/29 15:44:29,991000,11.482
2026/04/29 15:44:29,992000,11.482
2026/04/29 15:44:29,993000,11.482
2026/04/29 15:44:29,994000,11.482
2026/04/29 15:44:29,995000,11.479
2026/04/29 15:44:29,996000,11.485
2026/04/29 15:44:29,997000,11.482
2026/04/29 15:44:29,998000,11.479
2026/04/29 15:44:29,999000,11.479
2026/04/29 15:44:30,000000,11.482
2026/04/29 15:44:30,001000,11.479
2026/04/29 15:44:30,002000,11.482
2026/04/29 15:44:30,003000,11.482
2026/04/29 15:44:30,004000,11.482
2026/04/29 15:44:30,005000,11.476
2026/04/29 15:44:30,006000,11.476
2026/04/29 15:44:30,007000,11.479
2026/04/29 15:44:30,008000,11.479
2026/04/29 15:44:30,009000,11.476
2026/04/29 15:44:30,010000,11.479
2026/04/29 15:44:30,011000,11.482
2026/04/29 15:44:30,012000,11.479
2026/04/29 15:44:30,013000,11.479
2026/04/29 15:44:30,014000,11.479
2026/04/29 15:44:30,015000,11.482
2026/04/29 15:44:30,016000,11.476
2026/04/29 15:44:30,017000,11.476
2026/04/29 15:44:30,018000,11.482
2026/04/29 15:44:30,019000,11.482
2026/04/29 15:44:30,020000,11.485
2026/04/29 15:44:30,021000,11.485
2026/04/29 15:44:30,022000,11.482
2026/04/29 15:44:30,023000,11.487
2026/04/29 15:44:30,024000,11.482
2026/04/29 15:44:30,025000,11.482
2026/04/29 15:44:30,026000,11.482
2026/04/29 15:44:30,027000,11.482
2026/04/29 15:44:30,028000,11.482
2026/04/29 15:44:30,029000,11.479
2026/04/29 15:44:30,030000,11.476
2026/04/29 15:44:30,031000,11.482
2026/04/29 15:44:30,032000,11.482
2026/04/29 15:44:30,033000,11.482
2026/04/29 15:44:30,034000,11.482
2026/04/29 15:44:30,035000,11.482
2026/04/29 15:44:30,036000,11.476
2026/04/29 15:44:30,037000,11.482
2026/04/29 15:44:30,038000,11.479
2026/04/29 15:44:30,039000,11.479
2026/04/29 15:44:30,040000,11.479
2026/04/29 15:44:30,041000,11.479
2026/04/29 15:44:30,042000,11.479
2026/04/29 15:44:30,043000,11.476
2026/04/29 15:44:30,044000,11.479
2026/04/29 15:44:30,045000,11.482
2026/04/29 15:44:30,046000,11.476
2026/04/29 15:44:30,047000,11.487
2026/04/29 15:44:30,048000,11.482
2026/04/29 15:44:30,049000,11.482
2026/04/29 15:44:30,050000,11.482
2026/04/29 15:44:30,051000,11.479
2026/04/29 15:44:30,052000,11.479
2026/04/29 15:44:30,053000,11.479
2026/04/29 15:44:30,054000,11.479
2026/04/29 15:44:30,055000,11.482
2026/04/29 15:44:30,056000,11.485
2026/04/29 15:44:30,057000,11.479
2026/04/29 15:44:30,058000,11.473
2026/04/29 15:44:30,059000,11.482
2026/04/29 15:44:30,060000,11.482
2026/04/29 15:44:30,061000,11.476
2026/04/29 15:44:30,062000,11.479
2026/04/29 15:44:30,063000,11.476
2026/04/29 15:44:30,064000,11.487
2026/04/29 15:44:30,065000,11.487
2026/04/29 15:44:30,066000,11.479
2026/04/29 15:44:30,067000,11.479
2026/04/29 15:44:30,068000,11.476
2026/04/29 15:44:30,069000,11.482
2026/04/29 15:44:30,070000,11.482
2026/04/29 15:44:30,071000,11.476
2026/04/29 15:44:30,072000,11.487
2026/04/29 15:44:30,073000,11.482
2026/04/29 15:44:30,074000,11.476
2026/04/29 15:44:30,075000,11.482
2026/04/29 15:44:30,076000,11.476
2026/04/29 15:44:30,077000,11.479
2026/04/29 15:44:30,078000,11.482
2026/04/29 15:44:30,079000,11.471
2026/04/29 15:44:30,080000,11.482
2026/04/29 15:44:30,081000,11.476
2026/04/29 15:44:30,082000,11.479
2026/04/29 15:44:30,083000,11.479
2026/04/29 15:44:30,084000,11.476
2026/04/29 15:44:30,085000,11.482
2026/04/29 15:44:30,086000,11.479
2026/04/29 15:44:30,087000,11.479
2026/04/29 15:44:30,088000,11.476
2026/04/29 15:44:30,089000,11.485
2026/04/29 15:44:30,090000,11.479
2026/04/29 15:44:30,091000,11.482
2026/04/29 15:44:30,092000,11.482
2026/04/29 15:44:30,093000,11.479
2026/04/29 15:44:30,094000,11.476
2026/04/29 15:44:30,095000,11.482
2026/04/29 15:44:30,096000,11.482
2026/04/29 15:44:30,097000,11.479
2026/04/29 15:44:30,098000,11.479
2026/04/29 15:44:30,099000,11.479
2026/04/29 15:44:30,100000,11.482
2026/04/29 15:44:30,101000,11.476
2026/04/29 15:44:30,102000,11.476
2026/04/29 15:44:30,103000,11.482
2026/04/29 15:44:30,104000,11.482
2026/04/29 15:44:30,105000,11.479
2026/04/29 15:44:30,106000,11.479
2026/04/29 15:44:30,107000,11.476
2026/04/29 15:44:30,108000,11.471
2026/04/29 15:44:30,109000,11.485
2026/04/29 15:44:30,110000,11.479
2026/04/29 15:44:30,111000,11.476
2026/04/29 15:44:30,112000,11.482
2026/04/29 15:44:30,113000,11.473
2026/04/29 15:44:30,114000,11.487
2026/04/29 15:44:30,115000,11.476
2026/04/29 15:44:30,116000,11.479
2026/04/29 15:44:30,117000,11.476
2026/04/29 15:44:30,118000,11.482
2026/04/29 15:44:30,119000,11.479
2026/04/29 15:44:30,120000,11.479
2026/04/29 15:44:30,121000,11.476
2026/04/29 15:44:30,122000,11.479
2026/04/29 15:44:30,123000,11.485
2026/04/29 15:44:30,124000,11.479
2026/04/29 15:44:30,125000,11.482
2026/04/29 15:44:30,126000,11.485
2026/04/29 15:44:30,127000,11.479
2026/04/29 15:44:30,128000,11.479
2026/04/29 15:44:30,129000,11.476
2026/04/29 15:44:30,130000,11.479
2026/04/29 15:44:30,131000,11.482
2026/04/29 15:44:30,132000,11.482
2026/04/29 15:44:30,133000,11.476
2026/04/29 15:44:30,134000,11.479
2026/04/29 15:44:30,135000,11.479
2026/04/29 15:44:30,136000,11.482
2026/04/29 15:44:30,137000,11.471
2026/04/29 15:44:30,138000,11.482
2026/04/29 15:44:30,139000,11.473
2026/04/29 15:44:30,140000,11.476
2026/04/29 15:44:30,141000,11.479
2026/04/29 15:44:30,142000,11.471
2026/04/29 15:44:30,143000,11.485
2026/04/29 15:44:30,144000,11.476
2026/04/29 15:44:30,145000,11.476
2026/04/29 15:44:30,146000,11.476
2026/04/29 15:44:30,147000,11.476
2026/04/29 15:44:30,148000,11.476
2026/04/29 15:44:30,149000,11.479
2026/04/29 15:44:30,150000,11.482
2026/04/29 15:44:30,151000,11.471
2026/04/29 15:44:30,152000,11.482
2026/04/29 15:44:30,153000,11.482
2026/04/29 15:44:30,154000,11.479
2026/04/29 15:44:30,155000,11.482
2026/04/29 15:44:30,156000,11.482
2026/04/29 15:44:30,157000,11.485
2026/04/29 15:44:30,158000,11.479
2026/04/29 15:44:30,159000,11.482
2026/04/29 15:44:30,160000,11.476
2026/04/29 15:44:30,161000,11.479
2026/04/29 15:44:30,162000,11.476
2026/04/29 15:44:30,163000,11.479
2026/04/29 15:44:30,164000,11.482
2026/04/29 15:44:30,165000,11.479
2026/04/29 15:44:30,166000,11.482
2026/04/29 15:44:30,167000,11.476
2026/04/29 15:44:30,168000,11.479
2026/04/29 15:44:30,169000,11.479
2026/04/29 15:44:30,170000,11.476
2026/04/29 15:44:30,171000,11.479
2026/04/29 15:44:30,172000,11.479
2026/04/29 15:44:30,173000,11.473
2026/04/29 15:44:30,174000,11.482
2026/04/29 15:44:30,175000,11.476
2026/04/29 15:44:30,176000,11.485
2026/04/29 15:44:30,177000,11.476
2026/04/29 15:44:30,178000,11.479
2026/04/29 15:44:30,179000,11.482
2026/04/29 15:44:30,180000,11.482
2026/04/29 15:44:30,181000,11.471
2026/04/29 15:44:30,182000,11.482
2026/04/29 15:44:30,183000,11.479
2026/04/29 15:44:30,184000,11.479
2026/04/29 15:44:30,185000,11.482
2026/04/29 15:44:30,186000,11.473
2026/04/29 15:44:30,187000,11.479
2026/04/29 15:44:30,188000,11.479
2026/04/29 15:44:30,189000,11.479
2026/04/29 15:44:30,190000,11.479
2026/04/29 15:44:30,191000,11.476
2026/04/29 15:44:30,192000,11.473
2026/04/29 15:44:30,193000,11.476
2026/04/29 15:44:30,194000,11.476
2026/04/29 15:44:30,195000,11.479
2026/04/29 15:44:30,196000,11.485
2026/04/29 15:44:30,197000,11.476
2026/04/29 15:44:30,198000,11.482
2026/04/29 15:44:30,199000,11.476
2026/04/29 15:44:30,200000,11.479
2026/04/29 15:44:30,201000,11.479
2026/04/29 15:44:30,202000,11.476
2026/04/29 15:44:30,203000,11.479
2026/04/29 15:44:30,204000,11.479
2026/04/29 15:44:30,205000,11.473
2026/04/29 15:44:30,206000,11.476
2026/04/29 15:44:30,207000,11.479
2026/04/29 15:44:30,208000,11.482
2026/04/29 15:44:30,209000,11.476
2026/04/29 15:44:30,210000,11.479
2026/04/29 15:44:30,211000,11.476
2026/04/29 15:44:30,212000,11.479
2026/04/29 15:44:30,213000,11.479
2026/04/29 15:44:30,214000,11.482
2026/04/29 15:44:30,215000,11.473
2026/04/29 15:44:30,216000,11.482
2026/04/29 15:44:30,217000,11.479
2026/04/29 15:44:30,218000,11.479
2026/04/29 15:44:30,219000,11.476
2026/04/29 15:44:30,220000,11.485
2026/04/29 15:44:30,221000,11.479
2026/04/29 15:44:30,222000,11.479
2026/04/29 15:44:30,223000,11.476
2026/04/29 15:44:30,224000,11.476
2026/04/29 15:44:30,225000,11.479
2026/04/29 15:44:30,226000,11.476
2026/04/29 15:44:30,227000,11.479
2026/04/29 15:44:30,228000,11.482
2026/04/29 15:44:30,229000,11.482
2026/04/29 15:44:30,230000,11.482
2026/04/29 15:44:30,231000,11.482
2026/04/29 15:44:30,232000,11.479
2026/04/29 15:44:30,233000,11.471
2026/04/29 15:44:30,234000,11.471
2026/04/29 15:44:30,235000,11.471
2026/04/29 15:44:30,236000,11.482
2026/04/29 15:44:30,237000,11.479
2026/04/29 15:44:30,238000,11.479
2026/04/29 15:44:30,239000,11.473
2026/04/29 15:44:30,240000,11.479
2026/04/29 15:44:30,241000,11.479
2026/04/29 15:44:30,242000,11.479
2026/04/29 15:44:30,243000,11.476
2026/04/29 15:44:30,244000,11.479
2026/04/29 15:44:30,245000,11.479
2026/04/29 15:44:30,246000,11.482
2026/04/29 15:44:30,247000,11.482
2026/04/29 15:44:30,248000,11.479
2026/04/29 15:44:30,249000,11.485
2026/04/29 15:44:30,250000,11.479
2026/04/29 15:44:30,251000,11.476
2026/04/29 15:44:30,252000,11.482
2026/04/29 15:44:30,253000,11.482
2026/04/29 15:44:30,254000,11.482
2026/04/29 15:44:30,255000,11.476
2026/04/29 15:44:30,256000,11.479
2026/04/29 15:44:30,257000,11.479
2026/04/29 15:44:30,258000,11.476
2026/04/29 15:44:30,259000,11.482
2026/04/29 15:44:30,260000,11.479
2026/04/29 15:44:30,261000,11.482
2026/04/29 15:44:30,262000,11.479
2026/04/29 15:44:30,263000,11.482
2026/04/29 15:44:30,264000,11.476
2026/04/29 15:44:30,265000,11.468
2026/04/29 15:44:30,266000,11.479
2026/04/29 15:44:30,267000,11.479
2026/04/29 15:44:30,268000,11.479
2026/04/29 15:44:30,269000,11.482
2026/04/29 15:44:30,270000,11.479
2026/04/29 15:44:30,271000,11.482
2026/04/29 15:44:30,272000,11.479
2026/04/29 15:44:30,273000,11.479
2026/04/29 15:44:30,274000,11.479
2026/04/29 15:44:30,275000,11.479
2026/04/29 15:44:30,276000,11.479
2026/04/29 15:44:30,277000,11.479
2026/04/29 15:44:30,278000,11.479
2026/04/29 15:44:30,279000,11.479
2026/04/29 15:44:30,280000,11.482
2026/04/29 15:44:30,281000,11.482
2026/04/29 15:44:30,282000,11.482
2026/04/29 15:44:30,283000,11.487
2026/04/29 15:44:30,284000,11.479
2026/04/29 15:44:30,285000,11.487
2026/04/29 15:44:30,286000,11.479
2026/04/29 15:44:30,287000,11.487
2026/04/29 15:44:30,288000,11.485
2026/04/29 15:44:30,289000,11.479
2026/04/29 15:44:30,290000,11.479
2026/04/29 15:44:30,291000,11.479
2026/04/29 15:44:30,292000,11.485
2026/04/29 15:44:30,293000,11.479
2026/04/29 15:44:30,294000,11.479
2026/04/29 15:44:30,295000,11.476
2026/04/29 15:44:30,296000,11.479
2026/04/29 15:44:30,297000,11.479
2026/04/29 15:44:30,298000,11.476
2026/04/29 15:44:30,299000,11.487
2026/04/29 15:44:30,300000,11.482
2026/04/29 15:44:30,301000,11.482
2026/04/29 15:44:30,302000,11.479
2026/04/29 15:44:30,303000,11.476
2026/04/29 15:44:30,304000,11.482
2026/04/29 15:44:30,305000,11.479
2026/04/29 15:44:30,306000,11.479
2026/04/29 15:44:30,307000,11.479
2026/04/29 15:44:30,308000,11.479
2026/04/29 15:44:30,309000,11.485
2026/04/29 15:44:30,310000,11.479
2026/04/29 15:44:30,311000,11.476
2026/04/29 15:44:30,312000,11.476
2026/04/29 15:44:30,313000,11.485
2026/04/29 15:44:30,314000,11.479
2026/04/29 15:44:30,315000,11.479
2026/04/29 15:44:30,316000,11.479
2026/04/29 15:44:30,317000,11.479
2026/04/29 15:44:30,318000,11.479
2026/04/29 15:44:30,319000,11.479
2026/04/29 15:44:30,320000,11.485
2026/04/29 15:44:30,321000,11.482
2026/04/29 15:44:30,322000,11.479
2026/04/29 15:44:30,323000,11.482
2026/04/29 15:44:30,324000,11.482
2026/04/29 15:44:30,325000,11.482
2026/04/29 15:44:30,326000,11.479
2026/04/29 15:44:30,327000,11.479
2026/04/29 15:44:30,328000,11.485
2026/04/29 15:44:30,329000,11.482
2026/04/29 15:44:30,330000,11.485
2026/04/29 15:44:30,331000,11.482
2026/04/29 15:44:30,332000,11.479
2026/04/29 15:44:30,333000,11.482
2026/04/29 15:44:30,334000,11.479
2026/04/29 15:44:30,335000,11.482
2026/04/29 15:44:30,336000,11.485
2026/04/29 15:44:30,337000,11.479
2026/04/29 15:44:30,338000,11.476
2026/04/29 15:44:30,339000,11.476
2026/04/29 15:44:30,340000,11.476
2026/04/29 15:44:30,341000,11.479
2026/04/29 15:44:30,342000,11.479
2026/04/29 15:44:30,343000,11.476
2026/04/29 15:44:30,344000,11.485
2026/04/29 15:44:30,345000,11.476
2026/04/29 15:44:30,346000,11.476
2026/04/29 15:44:30,347000,11.482
2026/04/29 15:44:30,348000,11.485
2026/04/29 15:44:30,349000,11.482
2026/04/29 15:44:30,350000,11.482
2026/04/29 15:44:30,351000,11.485
2026/04/29 15:44:30,352000,11.476
2026/04/29 15:44:30,353000,11.482
2026/04/29 15:44:30,354000,11.487
2026/04/29 15:44:30,355000,11.487
2026/04/29 15:44:30,356000,11.485
2026/04/29 15:44:30,357000,11.476
2026/04/29 15:44:30,358000,11.482
2026/04/29 15:44:30,359000,11.479
2026/04/29 15:44:30,360000,11.479
2026/04/29 15:44:30,361000,11.482
2026/04/29 15:44:30,362000,11.485
2026/04/29 15:44:30,363000,11.479
2026/04/29 15:44:30,364000,11.479
2026/04/29 15:44:30,365000,11.479
2026/04/29 15:44:30,366000,11.482
2026/04/29 15:44:30,367000,11.482
2026/04/29 15:44:30,368000,11.482
2026/04/29 15:44:30,369000,11.482
2026/04/29 15:44:30,370000,11.485
2026/04/29 15:44:30,371000,11.485
2026/04/29 15:44:30,372000,11.482
2026/04/29 15:44:30,373000,11.482
2026/04/29 15:44:30,374000,11.482
2026/04/29 15:44:30,375000,11.479
2026/04/29 15:44:30,376000,11.482
2026/04/29 15:44:30,377000,11.485
2026/04/29 15:44:30,378000,11.476
2026/04/29 15:44:30,379000,11.482
2026/04/29 15:44:30,380000,11.471
2026/04/29 15:44:30,381000,11.485
2026/04/29 15:44:30,382000,11.490
2026/04/29 15:44:30,383000,11.479
2026/04/29 15:44:30,384000,11.482
2026/04/29 15:44:30,385000,11.490
2026/04/29 15:44:30,386000,11.476
2026/04/29 15:44:30,387000,11.482
2026/04/29 15:44:30,388000,11.479
2026/04/29 15:44:30,389000,11.485
2026/04/29 15:44:30,390000,11.487
2026/04/29 15:44:30,391000,11.479
2026/04/29 15:44:30,392000,11.485
2026/04/29 15:44:30,393000,11.473
2026/04/29 15:44:30,394000,11.476
2026/04/29 15:44:30,395000,11.479
2026/04/29 15:44:30,396000,11.485
2026/04/29 15:44:30,397000,11.479
2026/04/29 15:44:30,398000,11.473
2026/04/29 15:44:30,399000,11.479
2026/04/29 15:44:30,400000,11.485
2026/04/29 15:44:30,401000,11.487
2026/04/29 15:44:30,402000,11.476
2026/04/29 15:44:30,403000,11.479
2026/04/29 15:44:30,404000,11.482
2026/04/29 15:44:30,405000,11.482
2026/04/29 15:44:30,406000,11.482
2026/04/29 15:44:30,407000,11.479
2026/04/29 15:44:30,408000,11.482
2026/04/29 15:44:30,409000,11.479
2026/04/29 15:44:30,410000,11.479
2026/04/29 15:44:30,411000,11.479
2026/04/29 15:44:30,412000,11.482
2026/04/29 15:44:30,413000,11.485
2026/04/29 15:44:30,414000,11.476
2026/04/29 15:44:30,415000,11.471
2026/04/29 15:44:30,416000,11.490
2026/04/29 15:44:30,417000,11.476
2026/04/29 15:44:30,418000,11.485
2026/04/29 15:44:30,419000,11.479
2026/04/29 15:44:30,420000,11.482
2026/04/29 15:44:30,421000,11.471
2026/04/29 15:44:30,422000,11.479
2026/04/29 15:44:30,423000,11.482
2026/04/29 15:44:30,424000,11.479
2026/04/29 15:44:30,425000,11.476
2026/04/29 15:44:30,426000,11.487
2026/04/29 15:44:30,427000,11.485
2026/04/29 15:44:30,428000,11.487
2026/04/29 15:44:30,429000,11.482
2026/04/29 15:44:30,430000,11.479
2026/04/29 15:44:30,431000,11.482
2026/04/29 15:44:30,432000,11.482
2026/04/29 15:44:30,433000,11.482
2026/04/29 15:44:30,434000,11.482
2026/04/29 15:44:30,435000,11.482
2026/04/29 15:44:30,436000,11.476
2026/04/29 15:44:30,437000,11.482
2026/04/29 15:44:30,438000,11.485
2026/04/29 15:44:30,439000,11.485
2026/04/29 15:44:30,440000,11.479
2026/04/29 15:44:30,441000,11.476
2026/04/29 15:44:30,442000,11.490
2026/04/29 15:44:30,443000,11.485
2026/04/29 15:44:30,444000,11.482
2026/04/29 15:44:30,445000,11.479
2026/04/29 15:44:30,446000,11.482
2026/04/29 15:44:30,447000,11.482
2026/04/29 15:44:30,448000,11.476
2026/04/29 15:44:30,449000,11.485
2026/04/29 15:44:30,450000,11.482
2026/04/29 15:44:30,451000,11.482
2026/04/29 15:44:30,452000,11.482
2026/04/29 15:44:30,453000,11.479
2026/04/29 15:44:30,454000,11.482
2026/04/29 15:44:30,455000,11.485
2026/04/29 15:44:30,456000,11.482
2026/04/29 15:44:30,457000,11.479
2026/04/29 15:44:30,458000,11.479
2026/04/29 15:44:30,459000,11.482
2026/04/29 15:44:30,460000,11.482
2026/04/29 15:44:30,461000,11.485
2026/04/29 15:44:30,462000,11.479
2026/04/29 15:44:30,463000,11.476
2026/04/29 15:44:30,464000,11.479
2026/04/29 15:44:30,465000,11.479
2026/04/29 15:44:30,466000,11.485
2026/04/29 15:44:30,467000,11.487
2026/04/29 15:44:30,468000,11.476
2026/04/29 15:44:30,469000,11.479
2026/04/29 15:44:30,470000,11.479
2026/04/29 15:44:30,471000,11.479
2026/04/29 15:44:30,472000,11.476
2026/04/29 15:44:30,473000,11.479
2026/04/29 15:44:30,474000,11.487
2026/04/29 15:44:30,475000,11.482
2026/04/29 15:44:30,476000,11.479
2026/04/29 15:44:30,477000,11.487
2026/04/29 15:44:30,478000,11.482
2026/04/29 15:44:30,479000,11.482
2026/04/29 15:44:30,480000,11.479
2026/04/29 15:44:30,481000,11.479
2026/04/29 15:44:30,482000,11.482
2026/04/29 15:44:30,483000,11.476
2026/04/29 15:44:30,484000,11.476
2026/04/29 15:44:30,485000,11.479
2026/04/29 15:44:30,486000,11.476
2026/04/29 15:44:30,487000,11.482
2026/04/29 15:44:30,488000,11.479
2026/04/29 15:44:30,489000,11.482
2026/04/29 15:44:30,490000,11.482
2026/04/29 15:44:30,491000,11.479
2026/04/29 15:44:30,492000,11.482
2026/04/29 15:44:30,493000,11.482
2026/04/29 15:44:30,494000,11.476
2026/04/29 15:44:30,495000,11.482
2026/04/29 15:44:30,496000,11.482
2026/04/29 15:44:30,497000,11.479
2026/04/29 15:44:30,498000,11.482
2026/04/29 15:44:30,499000,11.476
2026/04/29 15:44:30,500000,11.482
2026/04/29 15:44:30,501000,11.482
2026/04/29 15:44:30,502000,11.482
2026/04/29 15:44:30,503000,11.482
2026/04/29 15:44:30,504000,11.482
2026/04/29 15:44:30,505000,11.473
2026/04/29 15:44:30,506000,11.476
2026/04/29 15:44:30,507000,11.482
2026/04/29 15:44:30,508000,11.482
2026/04/29 15:44:30,509000,11.482
2026/04/29 15:44:30,510000,11.482
2026/04/29 15:44:30,511000,11.482
2026/04/29 15:44:30,512000,11.482
2026/04/29 15:44:30,513000,11.476
2026/04/29 15:44:30,514000,11.482
2026/04/29 15:44:30,515000,11.471
2026/04/29 15:44:30,516000,11.476
2026/04/29 15:44:30,517000,11.479
2026/04/29 15:44:30,518000,11.482
2026/04/29 15:44:30,519000,11.479
2026/04/29 15:44:30,520000,11.482
2026/04/29 15:44:30,521000,11.487
2026/04/29 15:44:30,522000,11.485
2026/04/29 15:44:30,523000,11.479
2026/04/29 15:44:30,524000,11.471
2026/04/29 15:44:30,525000,11.479
2026/04/29 15:44:30,526000,11.476
2026/04/29 15:44:30,527000,11.476
2026/04/29 15:44:30,528000,11.487
2026/04/29 15:44:30,529000,11.479
2026/04/29 15:44:30,530000,11.476
2026/04/29 15:44:30,531000,11.487
2026/04/29 15:44:30,532000,11.476
2026/04/29 15:44:30,533000,11.479
2026/04/29 15:44:30,534000,11.479
2026/04/29 15:44:30,535000,11.476
2026/04/29 15:44:30,536000,11.482
2026/04/29 15:44:30,537000,11.482
2026/04/29 15:44:30,538000,11.482
2026/04/29 15:44:30,539000,11.476
2026/04/29 15:44:30,540000,11.479
2026/04/29 15:44:30,541000,11.482
2026/04/29 15:44:30,542000,11.485
2026/04/29 15:44:30,543000,11.482
2026/04/29 15:44:30,544000,11.479
2026/04/29 15:44:30,545000,11.479
2026/04/29 15:44:30,546000,11.482
2026/04/29 15:44:30,547000,11.476
2026/04/29 15:44:30,548000,11.476
2026/04/29 15:44:30,549000,11.485
2026/04/29 15:44:30,550000,11.479
2026/04/29 15:44:30,551000,11.476
2026/04/29 15:44:30,552000,11.482
2026/04/29 15:44:30,553000,11.476
2026/04/29 15:44:30,554000,11.482
2026/04/29 15:44:30,555000,11.482
2026/04/29 15:44:30,556000,11.471
2026/04/29 15:44:30,557000,11.479
2026/04/29 15:44:30,558000,11.482
2026/04/29 15:44:30,559000,11.476
2026/04/29 15:44:30,560000,11.485
2026/04/29 15:44:30,561000,11.482
2026/04/29 15:44:30,562000,11.482
2026/04/29 15:44:30,563000,11.482
2026/04/29 15:44:30,564000,11.482
2026/04/29 15:44:30,565000,11.479
2026/04/29 15:44:30,566000,11.476
2026/04/29 15:44:30,567000,11.485
2026/04/29 15:44:30,568000,11.476
2026/04/29 15:44:30,569000,11.485
2026/04/29 15:44:30,570000,11.476
2026/04/29 15:44:30,571000,11.479
2026/04/29 15:44:30,572000,11.482
2026/04/29 15:44:30,573000,11.471
2026/04/29 15:44:30,574000,11.482
2026/04/29 15:44:30,575000,11.476
2026/04/29 15:44:30,576000,11.479
2026/04/29 15:44:30,577000,11.473
2026/04/29 15:44:30,578000,11.476
2026/04/29 15:44:30,579000,11.482
2026/04/29 15:44:30,580000,11.482
2026/04/29 15:44:30,581000,11.479
2026/04/29 15:44:30,582000,11.482
2026/04/29 15:44:30,583000,11.482
2026/04/29 15:44:30,584000,11.485
2026/04/29 15:44:30,585000,11.482
2026/04/29 15:44:30,586000,11.479
2026/04/29 15:44:30,587000,11.479
2026/04/29 15:44:30,588000,11.482
2026/04/29 15:44:30,589000,11.476
2026/04/29 15:44:30,590000,11.482
2026/04/29 15:44:30,591000,11.476
2026/04/29 15:44:30,592000,11.479
2026/04/29 15:44:30,593000,11.476
2026/04/29 15:44:30,594000,11.482
2026/04/29 15:44:30,595000,11.482
2026/04/29 15:44:30,596000,11.479
2026/04/29 15:44:30,597000,11.482
2026/04/29 15:44:30,598000,11.482
2026/04/29 15:44:30,599000,11.476
2026/04/29 15:44:30,600000,11.476
2026/04/29 15:44:30,601000,11.471
2026/04/29 15:44:30,602000,11.482
2026/04/29 15:44:30,603000,11.482
2026/04/29 15:44:30,604000,11.476
2026/04/29 15:44:30,605000,11.479
2026/04/29 15:44:30,606000,11.482
2026/04/29 15:44:30,607000,11.482
2026/04/29 15:44:30,608000,11.476
2026/04/29 15:44:30,609000,11.482
2026/04/29 15:44:30,610000,11.476
2026/04/29 15:44:30,611000,11.476
2026/04/29 15:44:30,612000,11.479
2026/04/29 15:44:30,613000,11.482
2026/04/29 15:44:30,614000,11.482
2026/04/29 15:44:30,615000,11.482
2026/04/29 15:44:30,616000,11.479
2026/04/29 15:44:30,617000,11.479
2026/04/29 15:44:30,618000,11.479
2026/04/29 15:44:30,619000,11.476
2026/04/29 15:44:30,620000,11.476
2026/04/29 15:44:30,621000,11.482
2026/04/29 15:44:30,622000,11.476
2026/04/29 15:44:30,623000,11.482
2026/04/29 15:44:30,624000,11.482
2026/04/29 15:44:30,625000,11.479
2026/04/29 15:44:30,626000,11.485
2026/04/29 15:44:30,627000,11.476
2026/04/29 15:44:30,628000,11.473
2026/04/29 15:44:30,629000,11.471
2026/04/29 15:44:30,630000,11.482
2026/04/29 15:44:30,631000,11.476
2026/04/29 15:44:30,632000,11.471
2026/04/29 15:44:30,633000,11.479
2026/04/29 15:44:30,634000,11.476
2026/04/29 15:44:30,635000,11.476
2026/04/29 15:44:30,636000,11.476
2026/04/29 15:44:30,637000,11.476
2026/04/29 15:44:30,638000,11.482
2026/04/29 15:44:30,639000,11.476
2026/04/29 15:44:30,640000,11.479
2026/04/29 15:44:30,641000,11.482
2026/04/29 15:44:30,642000,11.482
2026/04/29 15:44:30,643000,11.479
2026/04/29 15:44:30,644000,11.471
2026/04/29 15:44:30,645000,11.476
2026/04/29 15:44:30,646000,11.479
2026/04/29 15:44:30,647000,11.476
2026/04/29 15:44:30,648000,11.487
2026/04/29 15:44:30,649000,11.482
2026/04/29 15:44:30,650000,11.485
2026/04/29 15:44:30,651000,11.476
2026/04/29 15:44:30,652000,11.479
2026/04/29 15:44:30,653000,11.479
2026/04/29 15:44:30,654000,11.487
2026/04/29 15:44:30,655000,11.476
2026/04/29 15:44:30,656000,11.482
2026/04/29 15:44:30,657000,11.482
2026/04/29 15:44:30,658000,11.485
2026/04/29 15:44:30,659000,11.479
2026/04/29 15:44:30,660000,11.476
2026/04/29 15:44:30,661000,11.482
2026/04/29 15:44:30,662000,11.473
2026/04/29 15:44:30,663000,11.482
2026/04/29 15:44:30,664000,11.479
2026/04/29 15:44:30,665000,11.476
2026/04/29 15:44:30,666000,11.479
2026/04/29 15:44:30,667000,11.479
2026/04/29 15:44:30,668000,11.479
2026/04/29 15:44:30,669000,11.479
2026/04/29 15:44:30,670000,11.479
2026/04/29 15:44:30,671000,11.479
2026/04/29 15:44:30,672000,11.482
2026/04/29 15:44:30,673000,11.479
2026/04/29 15:44:30,674000,11.479
2026/04/29 15:44:30,675000,11.479
2026/04/29 15:44:30,676000,11.479
2026/04/29 15:44:30,677000,11.485
2026/04/29 15:44:30,678000,11.485
2026/04/29 15:44:30,679000,11.479
2026/04/29 15:44:30,680000,11.485
2026/04/29 15:44:30,681000,11.476
2026/04/29 15:44:30,682000,11.476
2026/04/29 15:44:30,683000,11.476
2026/04/29 15:44:30,684000,11.482
2026/04/29 15:44:30,685000,11.476
2026/04/29 15:44:30,686000,11.479
2026/04/29 15:44:30,687000,11.476
2026/04/29 15:44:30,688000,11.479
2026/04/29 15:44:30,689000,11.482
2026/04/29 15:44:30,690000,11.479
2026/04/29 15:44:30,691000,11.482
2026/04/29 15:44:30,692000,11.479
2026/04/29 15:44:30,693000,11.476
2026/04/29 15:44:30,694000,11.479
2026/04/29 15:44:30,695000,11.482
2026/04/29 15:44:30,696000,11.473
2026/04/29 15:44:30,697000,11.471
2026/04/29 15:44:30,698000,11.479
2026/04/29 15:44:30,699000,11.479
2026/04/29 15:44:30,700000,11.476
2026/04/29 15:44:30,701000,11.476
2026/04/29 15:44:30,702000,11.487
2026/04/29 15:44:30,703000,11.479
2026/04/29 15:44:30,704000,11.479
2026/04/29 15:44:30,705000,11.479
2026/04/29 15:44:30,706000,11.482
2026/04/29 15:44:30,707000,11.471
2026/04/29 15:44:30,708000,11.473
2026/04/29 15:44:30,709000,11.476
2026/04/29 15:44:30,710000,11.479
2026/04/29 15:44:30,711000,11.479
2026/04/29 15:44:30,712000,11.479
2026/04/29 15:44:30,713000,11.482
2026/04/29 15:44:30,714000,11.482
2026/04/29 15:44:30,715000,11.482
2026/04/29 15:44:30,716000,11.479
2026/04/29 15:44:30,717000,11.479
2026/04/29 15:44:30,718000,11.479
2026/04/29 15:44:30,719000,11.471
2026/04/29 15:44:30,720000,11.479
2026/04/29 15:44:30,721000,11.482
2026/04/29 15:44:30,722000,11.485
2026/04/29 15:44:30,723000,11.482
2026/04/29 15:44:30,724000,11.476
2026/04/29 15:44:30,725000,11.476
2026/04/29 15:44:30,726000,11.471
2026/04/29 15:44:30,727000,11.476
2026/04/29 15:44:30,728000,11.479
2026/04/29 15:44:30,729000,11.479
2026/04/29 15:44:30,730000,11.479
2026/04/29 15:44:30,731000,11.485
2026/04/29 15:44:30,732000,11.482
2026/04/29 15:44:30,733000,11.479
2026/04/29 15:44:30,734000,11.479
2026/04/29 15:44:30,735000,11.479
2026/04/29 15:44:30,736000,11.476
2026/04/29 15:44:30,737000,11.485
2026/04/29 15:44:30,738000,11.485
2026/04/29 15:44:30,739000,11.485
2026/04/29 15:44:30,740000,11.471
2026/04/29 15:44:30,741000,11.482
2026/04/29 15:44:30,742000,11.476
2026/04/29 15:44:30,743000,11.479
2026/04/29 15:44:30,744000,11.476
2026/04/29 15:44:30,745000,11.479
2026/04/29 15:44:30,746000,11.485
2026/04/29 15:44:30,747000,11.476
2026/04/29 15:44:30,748000,11.479
2026/04/29 15:44:30,749000,11.476
2026/04/29 15:44:30,750000,11.476
2026/04/29 15:44:30,751000,11.482
2026/04/29 15:44:30,752000,11.482
2026/04/29 15:44:30,753000,11.487
2026/04/29 15:44:30,754000,11.479
2026/04/29 15:44:30,755000,11.479
2026/04/29 15:44:30,756000,11.482
2026/04/29 15:44:30,757000,11.471
2026/04/29 15:44:30,758000,11.482
2026/04/29 15:44:30,759000,11.473
2026/04/29 15:44:30,760000,11.479
2026/04/29 15:44:30,761000,11.476
2026/04/29 15:44:30,762000,11.479
2026/04/29 15:44:30,763000,11.479
2026/04/29 15:44:30,764000,11.479
2026/04/29 15:44:30,765000,11.476
2026/04/29 15:44:30,766000,11.479
2026/04/29 15:44:30,767000,11.476
2026/04/29 15:44:30,768000,11.476
2026/04/29 15:44:30,769000,11.482
2026/04/29 15:44:30,770000,11.482
2026/04/29 15:44:30,771000,11.479
2026/04/29 15:44:30,772000,11.482
2026/04/29 15:44:30,773000,11.482
2026/04/29 15:44:30,774000,11.471
2026/04/29 15:44:30,775000,11.476
2026/04/29 15:44:30,776000,11.476
2026/04/29 15:44:30,777000,11.479
2026/04/29 15:44:30,778000,11.485
2026/04/29 15:44:30,779000,11.476
2026/04/29 15:44:30,780000,11.479
2026/04/29 15:44:30,781000,11.485
2026/04/29 15:44:30,782000,11.479
2026/04/29 15:44:30,783000,11.487
2026/04/29 15:44:30,784000,11.476
2026/04/29 15:44:30,785000,11.479
2026/04/29 15:44:30,786000,11.485
2026/04/29 15:44:30,787000,11.490
2026/04/29 15:44:30,788000,11.471
2026/04/29 15:44:30,789000,11.482
2026/04/29 15:44:30,790000,11.479
2026/04/29 15:44:30,791000,11.476
2026/04/29 15:44:30,792000,11.473
2026/04/29 15:44:30,793000,11.476
2026/04/29 15:44:30,794000,11.487
2026/04/29 15:44:30,795000,11.485
2026/04/29 15:44:30,796000,11.479
2026/04/29 15:44:30,797000,11.476
2026/04/29 15:44:30,798000,11.482
2026/04/29 15:44:30,799000,11.479
2026/04/29 15:44:30,800000,11.482
2026/04/29 15:44:30,801000,11.471
2026/04/29 15:44:30,802000,11.479
2026/04/29 15:44:30,803000,11.482
2026/04/29 15:44:30,804000,11.476
2026/04/29 15:44:30,805000,11.485
2026/04/29 15:44:30,806000,11.479
2026/04/29 15:44:30,807000,11.482
2026/04/29 15:44:30,808000,11.482
2026/04/29 15:44:30,809000,11.479
2026/04/29 15:44:30,810000,11.479
2026/04/29 15:44:30,811000,11.482
2026/04/29 15:44:30,812000,11.482
2026/04/29 15:44:30,813000,11.482
2026/04/29 15:44:30,814000,11.465
2026/04/29 15:44:30,815000,11.479
2026/04/29 15:44:30,816000,11.479
2026/04/29 15:44:30,817000,11.482
2026/04/29 15:44:30,818000,11.476
2026/04/29 15:44:30,819000,11.482
2026/04/29 15:44:30,820000,11.479
2026/04/29 15:44:30,821000,11.479
2026/04/29 15:44:30,822000,11.479
2026/04/29 15:44:30,823000,11.482
2026/04/29 15:44:30,824000,11.482
2026/04/29 15:44:30,825000,11.482
2026/04/29 15:44:30,826000,11.479
2026/04/29 15:44:30,827000,11.479
2026/04/29 15:44:30,828000,11.482
2026/04/29 15:44:30,829000,11.482
2026/04/29 15:44:30,830000,11.479
2026/04/29 15:44:30,831000,11.482
2026/04/29 15:44:30,832000,11.485
2026/04/29 15:44:30,833000,11.482
2026/04/29 15:44:30,834000,11.479
2026/04/29 15:44:30,835000,11.479
2026/04/29 15:44:30,836000,11.482
2026/04/29 15:44:30,837000,11.485
2026/04/29 15:44:30,838000,11.471
2026/04/29 15:44:30,839000,11.485
2026/04/29 15:44:30,840000,11.479
2026/04/29 15:44:30,841000,11.485
2026/04/29 15:44:30,842000,11.476
2026/04/29 15:44:30,843000,11.479
2026/04/29 15:44:30,844000,11.471
2026/04/29 15:44:30,845000,11.485
2026/04/29 15:44:30,846000,11.476
2026/04/29 15:44:30,847000,11.479
2026/04/29 15:44:30,848000,11.476
2026/04/29 15:44:30,849000,11.479
2026/04/29 15:44:30,850000,11.479
2026/04/29 15:44:30,851000,11.479
2026/04/29 15:44:30,852000,11.482
2026/04/29 15:44:30,853000,11.487
2026/04/29 15:44:30,854000,11.473
2026/04/29 15:44:30,855000,11.482
2026/04/29 15:44:30,856000,11.482
2026/04/29 15:44:30,857000,11.479
2026/04/29 15:44:30,858000,11.482
2026/04/29 15:44:30,859000,11.479
2026/04/29 15:44:30,860000,11.476
2026/04/29 15:44:30,861000,11.476
2026/04/29 15:44:30,862000,11.482
2026/04/29 15:44:30,863000,11.479
2026/04/29 15:44:30,864000,11.473
2026/04/29 15:44:30,865000,11.479
2026/04/29 15:44:30,866000,11.482
2026/04/29 15:44:30,867000,11.485
2026/04/29 15:44:30,868000,11.476
2026/04/29 15:44:30,869000,11.476
2026/04/29 15:44:30,870000,11.471
2026/04/29 15:44:30,871000,11.479
2026/04/29 15:44:30,872000,11.479
2026/04/29 15:44:30,873000,11.479
2026/04/29 15:44:30,874000,11.476
2026/04/29 15:44:30,875000,11.479
2026/04/29 15:44:30,876000,11.482
2026/04/29 15:44:30,877000,11.479
2026/04/29 15:44:30,878000,11.482
2026/04/29 15:44:30,879000,11.479
2026/04/29 15:44:30,880000,11.485
2026/04/29 15:44:30,881000,11.482
2026/04/29 15:44:30,882000,11.485
2026/04/29 15:44:30,883000,11.482
2026/04/29 15:44:30,884000,11.479
2026/04/29 15:44:30,885000,11.479
2026/04/29 15:44:30,886000,11.479
2026/04/29 15:44:30,887000,11.476
2026/04/29 15:44:30,888000,11.479
2026/04/29 15:44:30,889000,11.479
2026/04/29 15:44:30,890000,11.479
2026/04/29 15:44:30,891000,11.476
2026/04/29 15:44:30,892000,11.482
2026/04/29 15:44:30,893000,11.482
2026/04/29 15:44:30,894000,11.482
2026/04/29 15:44:30,895000,11.476
2026/04/29 15:44:30,896000,11.482
2026/04/29 15:44:30,897000,11.476
2026/04/29 15:44:30,898000,11.482
2026/04/29 15:44:30,899000,11.476
2026/04/29 15:44:30,900000,11.482
2026/04/29 15:44:30,901000,11.485
2026/04/29 15:44:30,902000,11.482
2026/04/29 15:44:30,903000,11.479
2026/04/29 15:44:30,904000,11.476
2026/04/29 15:44:30,905000,11.485
2026/04/29 15:44:30,906000,11.476
2026/04/29 15:44:30,907000,11.482
2026/04/29 15:44:30,908000,11.476
2026/04/29 15:44:30,909000,11.485
2026/04/29 15:44:30,910000,11.487
2026/04/29 15:44:30,911000,11.479
2026/04/29 15:44:30,912000,11.479
2026/04/29 15:44:30,913000,11.496
2026/04/29 15:44:30,914000,11.479
2026/04/29 15:44:30,915000,11.479
2026/04/29 15:44:30,916000,11.479
2026/04/29 15:44:30,917000,11.479
2026/04/29 15:44:30,918000,11.479
2026/04/29 15:44:30,919000,11.479
2026/04/29 15:44:30,920000,11.479
2026/04/29 15:44:30,921000,11.482
2026/04/29 15:44:30,922000,11.482
2026/04/29 15:44:30,923000,11.479
2026/04/29 15:44:30,924000,11.482
2026/04/29 15:44:30,925000,11.471
2026/04/29 15:44:30,926000,11.482
2026/04/29 15:44:30,927000,11.482
2026/04/29 15:44:30,928000,11.485
2026/04/29 15:44:30,929000,11.479
2026/04/29 15:44:30,930000,11.482
2026/04/29 15:44:30,931000,11.482
2026/04/29 15:44:30,932000,11.482
2026/04/29 15:44:30,933000,11.476
2026/04/29 15:44:30,934000,11.485
2026/04/29 15:44:30,935000,11.485
2026/04/29 15:44:30,936000,11.476
2026/04/29 15:44:30,937000,11.479
2026/04/29 15:44:30,938000,11.476
2026/04/29 15:44:30,939000,11.485
2026/04/29 15:44:30,940000,11.482
2026/04/29 15:44:30,941000,11.482
2026/04/29 15:44:30,942000,11.482
2026/04/29 15:44:30,943000,11.482
2026/04/29 15:44:30,944000,11.482
2026/04/29 15:44:30,945000,11.476
2026/04/29 15:44:30,946000,11.482
2026/04/29 15:44:30,947000,11.471
2026/04/29 15:44:30,948000,11.485
2026/04/29 15:44:30,949000,11.485
2026/04/29 15:44:30,950000,11.485
2026/04/29 15:44:30,951000,11.482
2026/04/29 15:44:30,952000,11.482
2026/04/29 15:44:30,953000,11.479
2026/04/29 15:44:30,954000,11.485
2026/04/29 15:44:30,955000,11.479
2026/04/29 15:44:30,956000,11.482
2026/04/29 15:44:30,957000,11.482
2026/04/29 15:44:30,958000,11.479
2026/04/29 15:44:30,959000,11.485
2026/04/29 15:44:30,960000,11.485
2026/04/29 15:44:30,961000,11.476
2026/04/29 15:44:30,962000,11.485
2026/04/29 15:44:30,963000,11.482
2026/04/29 15:44:30,964000,11.476
2026/04/29 15:44:30,965000,11.476
2026/04/29 15:44:30,966000,11.487
2026/04/29 15:44:30,967000,11.476
2026/04/29 15:44:30,968000,11.482
2026/04/29 15:44:30,969000,11.476
2026/04/29 15:44:30,970000,11.479
2026/04/29 15:44:30,971000,11.479
2026/04/29 15:44:30,972000,11.482
2026/04/29 15:44:30,973000,11.482
2026/04/29 15:44:30,974000,11.479
2026/04/29 15:44:30,975000,11.482
2026/04/29 15:44:30,976000,11.479
2026/04/29 15:44:30,977000,11.476
2026/04/29 15:44:30,978000,11.479
2026/04/29 15:44:30,979000,11.485
2026/04/29 15:44:30,980000,11.482
2026/04/29 15:44:30,981000,11.482
2026/04/29 15:44:30,982000,11.476
2026/04/29 15:44:30,983000,11.479
2026/04/29 15:44:30,984000,11.476
2026/04/29 15:44:30,985000,11.485
2026/04/29 15:44:30,986000,11.482
2026/04/29 15:44:30,987000,11.482
2026/04/29 15:44:30,988000,11.485
2026/04/29 15:44:30,989000,11.479
2026/04/29 15:44:30,990000,11.479
2026/04/29 15:44:30,991000,11.482
2026/04/29 15:44:30,992000,11.482
2026/04/29 15:44:30,993000,11.482
2026/04/29 15:44:30,994000,11.479
2026/04/29 15:44:30,995000,11.479
2026/04/29 15:44:30,996000,11.476
2026/04/29 15:44:30,997000,11.479
2026/04/29 15:44:30,998000,11.479
2026/04/29 15:44:30,999000,11.482
2026/04/29 15:44:31,000000,11.482
2026/04/29 15:44:31,001000,11.479
2026/04/29 15:44:31,002000,11.487
2026/04/29 15:44:31,003000,11.476
2026/04/29 15:44:31,004000,11.471
2026/04/29 15:44:31,005000,11.473
2026/04/29 15:44:31,006000,11.479
2026/04/29 15:44:31,007000,11.476
2026/04/29 15:44:31,008000,11.485
2026/04/29 15:44:31,009000,11.479
2026/04/29 15:44:31,010000,11.485
2026/04/29 15:44:31,011000,11.479
2026/04/29 15:44:31,012000,11.479
2026/04/29 15:44:31,013000,11.473
2026/04/29 15:44:31,014000,11.479
2026/04/29 15:44:31,015000,11.482
2026/04/29 15:44:31,016000,11.482
2026/04/29 15:44:31,017000,11.471
2026/04/29 15:44:31,018000,11.476
2026/04/29 15:44:31,019000,11.482
2026/04/29 15:44:31,020000,11.479
2026/04/29 15:44:31,021000,11.471
2026/04/29 15:44:31,022000,11.482
2026/04/29 15:44:31,023000,11.479
2026/04/29 15:44:31,024000,11.482
2026/04/29 15:44:31,025000,11.482
2026/04/29 15:44:31,026000,11.482
2026/04/29 15:44:31,027000,11.485
2026/04/29 15:44:31,028000,11.485
2026/04/29 15:44:31,029000,11.479
2026/04/29 15:44:31,030000,11.479
2026/04/29 15:44:31,031000,11.482
2026/04/29 15:44:31,032000,11.482
2026/04/29 15:44:31,033000,11.476
2026/04/29 15:44:31,034000,11.482
2026/04/29 15:44:31,035000,11.482
2026/04/29 15:44:31,036000,11.479
2026/04/29 15:44:31,037000,11.482
2026/04/29 15:44:31,038000,11.485
2026/04/29 15:44:31,039000,11.485
2026/04/29 15:44:31,040000,11.473
2026/04/29 15:44:31,041000,11.479
2026/04/29 15:44:31,042000,11.482
2026/04/29 15:44:31,043000,11.476
2026/04/29 15:44:31,044000,11.485
2026/04/29 15:44:31,045000,11.479
2026/04/29 15:44:31,046000,11.476
2026/04/29 15:44:31,047000,11.482
2026/04/29 15:44:31,048000,11.482
2026/04/29 15:44:31,049000,11.482
2026/04/29 15:44:31,050000,11.485
2026/04/29 15:44:31,051000,11.479
2026/04/29 15:44:31,052000,11.479
2026/04/29 15:44:31,053000,11.487
2026/04/29 15:44:31,054000,11.479
2026/04/29 15:44:31,055000,11.479
2026/04/29 15:44:31,056000,11.479
2026/04/29 15:44:31,057000,11.476
2026/04/29 15:44:31,058000,11.487
2026/04/29 15:44:31,059000,11.479
2026/04/29 15:44:31,060000,11.479
2026/04/29 15:44:31,061000,11.482
2026/04/29 15:44:31,062000,11.479
2026/04/29 15:44:31,063000,11.485
2026/04/29 15:44:31,064000,11.476
2026/04/29 15:44:31,065000,11.485
2026/04/29 15:44:31,066000,11.476
2026/04/29 15:44:31,067000,11.479
2026/04/29 15:44:31,068000,11.476
2026/04/29 15:44:31,069000,11.476
2026/04/29 15:44:31,070000,11.485
2026/04/29 15:44:31,071000,11.476
2026/04/29 15:44:31,072000,11.482
2026/04/29 15:44:31,073000,11.482
2026/04/29 15:44:31,074000,11.482
2026/04/29 15:44:31,075000,11.482
2026/04/29 15:44:31,076000,11.476
2026/04/29 15:44:31,077000,11.485
2026/04/29 15:44:31,078000,11.471
2026/04/29 15:44:31,079000,11.473
2026/04/29 15:44:31,080000,11.473
2026/04/29 15:44:31,081000,11.482
2026/04/29 15:44:31,082000,11.476
2026/04/29 15:44:31,083000,11.485
2026/04/29 15:44:31,084000,11.479
2026/04/29 15:44:31,085000,11.482
2026/04/29 15:44:31,086000,11.476
2026/04/29 15:44:31,087000,11.482
2026/04/29 15:44:31,088000,11.482
2026/04/29 15:44:31,089000,11.479
2026/04/29 15:44:31,090000,11.476
2026/04/29 15:44:31,091000,11.479
2026/04/29 15:44:31,092000,11.476
2026/04/29 15:44:31,093000,11.473
2026/04/29 15:44:31,094000,11.479
2026/04/29 15:44:31,095000,11.476
2026/04/29 15:44:31,096000,11.482
2026/04/29 15:44:31,097000,11.482
2026/04/29 15:44:31,098000,11.487
2026/04/29 15:44:31,099000,11.487
2026/04/29 15:44:31,100000,11.482
2026/04/29 15:44:31,101000,11.476
2026/04/29 15:44:31,102000,11.482
2026/04/29 15:44:31,103000,11.479
2026/04/29 15:44:31,104000,11.479
2026/04/29 15:44:31,105000,11.471
2026/04/29 15:44:31,106000,11.479
2026/04/29 15:44:31,107000,11.482
2026/04/29 15:44:31,108000,11.482
2026/04/29 15:44:31,109000,11.471
2026/04/29 15:44:31,110000,11.482
2026/04/29 15:44:31,111000,11.482
2026/04/29 15:44:31,112000,11.482
2026/04/29 15:44:31,113000,11.476
2026/04/29 15:44:31,114000,11.482
2026/04/29 15:44:31,115000,11.482
2026/04/29 15:44:31,116000,11.476
2026/04/29 15:44:31,117000,11.479
2026/04/29 15:44:31,118000,11.479
2026/04/29 15:44:31,119000,11.473
2026/04/29 15:44:31,120000,11.479
2026/04/29 15:44:31,121000,11.482
2026/04/29 15:44:31,122000,11.479
2026/04/29 15:44:31,123000,11.476
2026/04/29 15:44:31,124000,11.479
2026/04/29 15:44:31,125000,11.479
2026/04/29 15:44:31,126000,11.479
2026/04/29 15:44:31,127000,11.479
2026/04/29 15:44:31,128000,11.479
2026/04/29 15:44:31,129000,11.476
2026/04/29 15:44:31,130000,11.482
2026/04/29 15:44:31,131000,11.476
2026/04/29 15:44:31,132000,11.479
2026/04/29 15:44:31,133000,11.479
2026/04/29 15:44:31,134000,11.476
2026/04/29 15:44:31,135000,11.482
2026/04/29 15:44:31,136000,11.482
2026/04/29 15:44:31,137000,11.479
2026/04/29 15:44:31,138000,11.479
2026/04/29 15:44:31,139000,11.485
2026/04/29 15:44:31,140000,11.485
2026/04/29 15:44:31,141000,11.479
2026/04/29 15:44:31,142000,11.476
2026/04/29 15:44:31,143000,11.482
2026/04/29 15:44:31,144000,11.482
2026/04/29 15:44:31,145000,11.476
2026/04/29 15:44:31,146000,11.479
2026/04/29 15:44:31,147000,11.479
2026/04/29 15:44:31,148000,11.482
2026/04/29 15:44:31,149000,11.476
2026/04/29 15:44:31,150000,11.482
2026/04/29 15:44:31,151000,11.479
2026/04/29 15:44:31,152000,11.479
2026/04/29 15:44:31,153000,11.479
2026/04/29 15:44:31,154000,11.479
2026/04/29 15:44:31,155000,11.479
2026/04/29 15:44:31,156000,11.479
2026/04/29 15:44:31,157000,11.485
2026/04/29 15:44:31,158000,11.479
2026/04/29 15:44:31,159000,11.476
2026/04/29 15:44:31,160000,11.479
2026/04/29 15:44:31,161000,11.485
2026/04/29 15:44:31,162000,11.479
2026/04/29 15:44:31,163000,11.479
2026/04/29 15:44:31,164000,11.479
2026/04/29 15:44:31,165000,11.471
2026/04/29 15:44:31,166000,11.476
2026/04/29 15:44:31,167000,11.482
2026/04/29 15:44:31,168000,11.482
2026/04/29 15:44:31,169000,11.479
2026/04/29 15:44:31,170000,11.479
2026/04/29 15:44:31,171000,11.482
2026/04/29 15:44:31,172000,11.487
2026/04/29 15:44:31,173000,11.473
2026/04/29 15:44:31,174000,11.479
2026/04/29 15:44:31,175000,11.479
2026/04/29 15:44:31,176000,11.471
2026/04/29 15:44:31,177000,11.479
2026/04/29 15:44:31,178000,11.482
2026/04/29 15:44:31,179000,11.482
2026/04/29 15:44:31,180000,11.482
2026/04/29 15:44:31,181000,11.479
2026/04/29 15:44:31,182000,11.476
2026/04/29 15:44:31,183000,11.479
2026/04/29 15:44:31,184000,11.471
2026/04/29 15:44:31,185000,11.482
2026/04/29 15:44:31,186000,11.479
2026/04/29 15:44:31,187000,11.479
2026/04/29 15:44:31,188000,11.485
2026/04/29 15:44:31,189000,11.479
2026/04/29 15:44:31,190000,11.479
2026/04/29 15:44:31,191000,11.471
2026/04/29 15:44:31,192000,11.476
2026/04/29 15:44:31,193000,11.471
2026/04/29 15:44:31,194000,11.479
2026/04/29 15:44:31,195000,11.476
2026/04/29 15:44:31,196000,11.479
2026/04/29 15:44:31,197000,11.482
2026/04/29 15:44:31,198000,11.476
2026/04/29 15:44:31,199000,11.479
2026/04/29 15:44:31,200000,11.476
2026/04/29 15:44:31,201000,11.479
2026/04/29 15:44:31,202000,11.482
2026/04/29 15:44:31,203000,11.476
2026/04/29 15:44:31,204000,11.479
2026/04/29 15:44:31,205000,11.479
2026/04/29 15:44:31,206000,11.479
2026/04/29 15:44:31,207000,11.479
2026/04/29 15:44:31,208000,11.471
2026/04/29 15:44:31,209000,11.479
2026/04/29 15:44:31,210000,11.471
2026/04/29 15:44:31,211000,11.473
2026/04/29 15:44:31,212000,11.476
2026/04/29 15:44:31,213000,11.476
2026/04/29 15:44:31,214000,11.482
2026/04/29 15:44:31,215000,11.479
2026/04/29 15:44:31,216000,11.482
2026/04/29 15:44:31,217000,11.476
2026/04/29 15:44:31,218000,11.479
2026/04/29 15:44:31,219000,11.490
2026/04/29 15:44:31,220000,11.479
2026/04/29 15:44:31,221000,11.476
2026/04/29 15:44:31,222000,11.476
2026/04/29 15:44:31,223000,11.476
2026/04/29 15:44:31,224000,11.479
2026/04/29 15:44:31,225000,11.473
2026/04/29 15:44:31,226000,11.479
2026/04/29 15:44:31,227000,11.476
2026/04/29 15:44:31,228000,11.479
2026/04/29 15:44:31,229000,11.476
2026/04/29 15:44:31,230000,11.479
2026/04/29 15:44:31,231000,11.482
2026/04/29 15:44:31,232000,11.482
2026/04/29 15:44:31,233000,11.482
2026/04/29 15:44:31,234000,11.476
2026/04/29 15:44:31,235000,11.476
2026/04/29 15:44:31,236000,11.476
2026/04/29 15:44:31,237000,11.479
2026/04/29 15:44:31,238000,11.473
2026/04/29 15:44:31,239000,11.476
2026/04/29 15:44:31,240000,11.476
2026/04/29 15:44:31,241000,11.485
2026/04/29 15:44:31,242000,11.476
2026/04/29 15:44:31,243000,11.479
2026/04/29 15:44:31,244000,11.479
2026/04/29 15:44:31,245000,11.471
2026/04/29 15:44:31,246000,11.479
2026/04/29 15:44:31,247000,11.473
2026/04/29 15:44:31,248000,11.479
2026/04/29 15:44:31,249000,11.482
2026/04/29 15:44:31,250000,11.476
2026/04/29 15:44:31,251000,11.482
2026/04/29 15:44:31,252000,11.479
2026/04/29 15:44:31,253000,11.476
2026/04/29 15:44:31,254000,11.471
2026/04/29 15:44:31,255000,11.473
2026/04/29 15:44:31,256000,11.476
2026/04/29 15:44:31,257000,11.485
2026/04/29 15:44:31,258000,11.476
2026/04/29 15:44:31,259000,11.482
2026/04/29 15:44:31,260000,11.490
2026/04/29 15:44:31,261000,11.479
2026/04/29 15:44:31,262000,11.482
2026/04/29 15:44:31,263000,11.476
2026/04/29 15:44:31,264000,11.482
2026/04/29 15:44:31,265000,11.482
2026/04/29 15:44:31,266000,11.479
2026/04/29 15:44:31,267000,11.482
2026/04/29 15:44:31,268000,11.479
2026/04/29 15:44:31,269000,11.476
2026/04/29 15:44:31,270000,11.476
2026/04/29 15:44:31,271000,11.482
2026/04/29 15:44:31,272000,11.482
2026/04/29 15:44:31,273000,11.473
2026/04/29 15:44:31,274000,11.485
2026/04/29 15:44:31,275000,11.479
2026/04/29 15:44:31,276000,11.482
2026/04/29 15:44:31,277000,11.482
2026/04/29 15:44:31,278000,11.479
2026/04/29 15:44:31,279000,11.479
2026/04/29 15:44:31,280000,11.476
2026/04/29 15:44:31,281000,11.479
2026/04/29 15:44:31,282000,11.482
2026/04/29 15:44:31,283000,11.479
2026/04/29 15:44:31,284000,11.476
2026/04/29 15:44:31,285000,11.471
2026/04/29 15:44:31,286000,11.485
2026/04/29 15:44:31,287000,11.476
2026/04/29 15:44:31,288000,11.476
2026/04/29 15:44:31,289000,11.476
2026/04/29 15:44:31,290000,11.482
2026/04/29 15:44:31,291000,11.482
2026/04/29 15:44:31,292000,11.482
2026/04/29 15:44:31,293000,11.473
2026/04/29 15:44:31,294000,11.482
2026/04/29 15:44:31,295000,11.482
2026/04/29 15:44:31,296000,11.471
2026/04/29 15:44:31,297000,11.473
2026/04/29 15:44:31,298000,11.476
2026/04/29 15:44:31,299000,11.479
2026/04/29 15:44:31,300000,11.479
2026/04/29 15:44:31,301000,11.471
2026/04/29 15:44:31,302000,11.479
2026/04/29 15:44:31,303000,11.479
2026/04/29 15:44:31,304000,11.487
2026/04/29 15:44:31,305000,11.485
2026/04/29 15:44:31,306000,11.476
2026/04/29 15:44:31,307000,11.479
2026/04/29 15:44:31,308000,11.479
2026/04/29 15:44:31,309000,11.479
2026/04/29 15:44:31,310000,11.479
2026/04/29 15:44:31,311000,11.479
2026/04/29 15:44:31,312000,11.482
2026/04/29 15:44:31,313000,11.485
2026/04/29 15:44:31,314000,11.476
2026/04/29 15:44:31,315000,11.471
2026/04/29 15:44:31,316000,11.487
2026/04/29 15:44:31,317000,11.479
2026/04/29 15:44:31,318000,11.479
2026/04/29 15:44:31,319000,11.482
2026/04/29 15:44:31,320000,11.476
2026/04/29 15:44:31,321000,11.476
2026/04/29 15:44:31,322000,11.485
2026/04/29 15:44:31,323000,11.479
2026/04/29 15:44:31,324000,11.482
2026/04/29 15:44:31,325000,11.482
2026/04/29 15:44:31,326000,11.479
2026/04/29 15:44:31,327000,11.476
2026/04/29 15:44:31,328000,11.476
2026/04/29 15:44:31,329000,11.479
2026/04/29 15:44:31,330000,11.487
2026/04/29 15:44:31,331000,11.476
2026/04/29 15:44:31,332000,11.482
2026/04/29 15:44:31,333000,11.476
2026/04/29 15:44:31,334000,11.482
2026/04/29 15:44:31,335000,11.485
2026/04/29 15:44:31,336000,11.479
2026/04/29 15:44:31,337000,11.479
2026/04/29 15:44:31,338000,11.482
2026/04/29 15:44:31,339000,11.479
2026/04/29 15:44:31,340000,11.482
2026/04/29 15:44:31,341000,11.479
2026/04/29 15:44:31,342000,11.479
2026/04/29 15:44:31,343000,11.479
2026/04/29 15:44:31,344000,11.479
2026/04/29 15:44:31,345000,11.479
2026/04/29 15:44:31,346000,11.485
2026/04/29 15:44:31,347000,11.482
2026/04/29 15:44:31,348000,11.479
2026/04/29 15:44:31,349000,11.476
2026/04/29 15:44:31,350000,11.482
2026/04/29 15:44:31,351000,11.476
2026/04/29 15:44:31,352000,11.482
2026/04/29 15:44:31,353000,11.479
2026/04/29 15:44:31,354000,11.482
2026/04/29 15:44:31,355000,11.485
2026/04/29 15:44:31,356000,11.476
2026/04/29 15:44:31,357000,11.482
2026/04/29 15:44:31,358000,11.482
2026/04/29 15:44:31,359000,11.482
2026/04/29 15:44:31,360000,11.485
2026/04/29 15:44:31,361000,11.476
2026/04/29 15:44:31,362000,11.476
2026/04/29 15:44:31,363000,11.479
2026/04/29 15:44:31,364000,11.479
2026/04/29 15:44:31,365000,11.482
2026/04/29 15:44:31,366000,11.473
2026/04/29 15:44:31,367000,11.479
2026/04/29 15:44:31,368000,11.482
2026/04/29 15:44:31,369000,11.471
2026/04/29 15:44:31,370000,11.476
2026/04/29 15:44:31,371000,11.479
2026/04/29 15:44:31,372000,11.473
2026/04/29 15:44:31,373000,11.482
2026/04/29 15:44:31,374000,11.479
2026/04/29 15:44:31,375000,11.471
2026/04/29 15:44:31,376000,11.479
2026/04/29 15:44:31,377000,11.476
2026/04/29 15:44:31,378000,11.485
2026/04/29 15:44:31,379000,11.482
2026/04/29 15:44:31,380000,11.485
2026/04/29 15:44:31,381000,11.476
2026/04/29 15:44:31,382000,11.476
2026/04/29 15:44:31,383000,11.476
2026/04/29 15:44:31,384000,11.482
2026/04/29 15:44:31,385000,11.482
2026/04/29 15:44:31,386000,11.471
2026/04/29 15:44:31,387000,11.487
2026/04/29 15:44:31,388000,11.482
2026/04/29 15:44:31,389000,11.479
2026/04/29 15:44:31,390000,11.482
2026/04/29 15:44:31,391000,11.482
2026/04/29 15:44:31,392000,11.485
2026/04/29 15:44:31,393000,11.485
2026/04/29 15:44:31,394000,11.482
2026/04/29 15:44:31,395000,11.479
2026/04/29 15:44:31,396000,11.485
2026/04/29 15:44:31,397000,11.485
2026/04/29 15:44:31,398000,11.473
2026/04/29 15:44:31,399000,11.482
2026/04/29 15:44:31,400000,11.468
2026/04/29 15:44:31,401000,11.482
2026/04/29 15:44:31,402000,11.485
2026/04/29 15:44:31,403000,11.482
2026/04/29 15:44:31,404000,11.476
2026/04/29 15:44:31,405000,11.482
2026/04/29 15:44:31,406000,11.485
2026/04/29 15:44:31,407000,11.487
2026/04/29 15:44:31,408000,11.482
2026/04/29 15:44:31,409000,11.485
2026/04/29 15:44:31,410000,11.476
2026/04/29 15:44:31,411000,11.479
2026/04/29 15:44:31,412000,11.485
2026/04/29 15:44:31,413000,11.485
2026/04/29 15:44:31,414000,11.482
2026/04/29 15:44:31,415000,11.479
2026/04/29 15:44:31,416000,11.479
2026/04/29 15:44:31,417000,11.482
2026/04/29 15:44:31,418000,11.479
2026/04/29 15:44:31,419000,11.471
2026/04/29 15:44:31,420000,11.479
2026/04/29 15:44:31,421000,11.487
2026/04/29 15:44:31,422000,11.476
2026/04/29 15:44:31,423000,11.482
2026/04/29 15:44:31,424000,11.476
2026/04/29 15:44:31,425000,11.482
2026/04/29 15:44:31,426000,11.479
2026/04/29 15:44:31,427000,11.482
2026/04/29 15:44:31,428000,11.482
2026/04/29 15:44:31,429000,11.479
2026/04/29 15:44:31,430000,11.482
2026/04/29 15:44:31,431000,11.482
2026/04/29 15:44:31,432000,11.479
2026/04/29 15:44:31,433000,11.482
2026/04/29 15:44:31,434000,11.482
2026/04/29 15:44:31,435000,11.487
2026/04/29 15:44:31,436000,11.473
2026/04/29 15:44:31,437000,11.482
2026/04/29 15:44:31,438000,11.482
2026/04/29 15:44:31,439000,11.479
2026/04/29 15:44:31,440000,11.479
2026/04/29 15:44:31,441000,11.485
2026/04/29 15:44:31,442000,11.482
2026/04/29 15:44:31,443000,11.479
2026/04/29 15:44:31,444000,11.487
2026/04/29 15:44:31,445000,11.479
2026/04/29 15:44:31,446000,11.482
2026/04/29 15:44:31,447000,11.482
2026/04/29 15:44:31,448000,11.482
2026/04/29 15:44:31,449000,11.479
2026/04/29 15:44:31,450000,11.482
2026/04/29 15:44:31,451000,11.482
2026/04/29 15:44:31,452000,11.485
2026/04/29 15:44:31,453000,11.482
2026/04/29 15:44:31,454000,11.479
2026/04/29 15:44:31,455000,11.482
2026/04/29 15:44:31,456000,11.482
2026/04/29 15:44:31,457000,11.485
2026/04/29 15:44:31,458000,11.479
2026/04/29 15:44:31,459000,11.485
2026/04/29 15:44:31,460000,11.490
2026/04/29 15:44:31,461000,11.485
2026/04/29 15:44:31,462000,11.482
2026/04/29 15:44:31,463000,11.479
2026/04/29 15:44:31,464000,11.479
2026/04/29 15:44:31,465000,11.485
2026/04/29 15:44:31,466000,11.482
2026/04/29 15:44:31,467000,11.485
2026/04/29 15:44:31,468000,11.479
2026/04/29 15:44:31,469000,11.482
2026/04/29 15:44:31,470000,11.485
2026/04/29 15:44:31,471000,11.482
2026/04/29 15:44:31,472000,11.479
2026/04/29 15:44:31,473000,11.479
2026/04/29 15:44:31,474000,11.473
2026/04/29 15:44:31,475000,11.487
2026/04/29 15:44:31,476000,11.479
2026/04/29 15:44:31,477000,11.482
2026/04/29 15:44:31,478000,11.479
2026/04/29 15:44:31,479000,11.485
2026/04/29 15:44:31,480000,11.479
2026/04/29 15:44:31,481000,11.479
2026/04/29 15:44:31,482000,11.482
2026/04/29 15:44:31,483000,11.482
2026/04/29 15:44:31,484000,11.476
2026/04/29 15:44:31,485000,11.476
2026/04/29 15:44:31,486000,11.479
2026/04/29 15:44:31,487000,11.485
2026/04/29 15:44:31,488000,11.479
2026/04/29 15:44:31,489000,11.482
2026/04/29 15:44:31,490000,11.482
2026/04/29 15:44:31,491000,11.479
2026/04/29 15:44:31,492000,11.476
2026/04/29 15:44:31,493000,11.479
2026/04/29 15:44:31,494000,11.487
2026/04/29 15:44:31,495000,11.476
2026/04/29 15:44:31,496000,11.479
2026/04/29 15:44:31,497000,11.482
2026/04/29 15:44:31,498000,11.482
2026/04/29 15:44:31,499000,11.482
2026/04/29 15:44:31,500000,11.487
2026/04/29 15:44:31,501000,11.479
2026/04/29 15:44:31,502000,11.485
2026/04/29 15:44:31,503000,11.487
2026/04/29 15:44:31,504000,11.482
2026/04/29 15:44:31,505000,11.482
2026/04/29 15:44:31,506000,11.482
2026/04/29 15:44:31,507000,11.482
2026/04/29 15:44:31,508000,11.482
2026/04/29 15:44:31,509000,11.473
2026/04/29 15:44:31,510000,11.482
2026/04/29 15:44:31,511000,11.482
2026/04/29 15:44:31,512000,11.479
2026/04/29 15:44:31,513000,11.482
2026/04/29 15:44:31,514000,11.485
2026/04/29 15:44:31,515000,11.482
2026/04/29 15:44:31,516000,11.482
2026/04/29 15:44:31,517000,11.487
2026/04/29 15:44:31,518000,11.485
2026/04/29 15:44:31,519000,11.485
2026/04/29 15:44:31,520000,11.479
2026/04/29 15:44:31,521000,11.479
2026/04/29 15:44:31,522000,11.482
2026/04/29 15:44:31,523000,11.476
2026/04/29 15:44:31,524000,11.482
2026/04/29 15:44:31,525000,11.479
2026/04/29 15:44:31,526000,11.485
2026/04/29 15:44:31,527000,11.487
2026/04/29 15:44:31,528000,11.482
2026/04/29 15:44:31,529000,11.482
2026/04/29 15:44:31,530000,11.487
2026/04/29 15:44:31,531000,11.473
2026/04/29 15:44:31,532000,11.482
2026/04/29 15:44:31,533000,11.490
2026/04/29 15:44:31,534000,11.482
2026/04/29 15:44:31,535000,11.482
2026/04/29 15:44:31,536000,11.479
2026/04/29 15:44:31,537000,11.482
2026/04/29 15:44:31,538000,11.482
2026/04/29 15:44:31,539000,11.482
2026/04/29 15:44:31,540000,11.479
2026/04/29 15:44:31,541000,11.482
2026/04/29 15:44:31,542000,11.482
2026/04/29 15:44:31,543000,11.482
2026/04/29 15:44:31,544000,11.487
2026/04/29 15:44:31,545000,11.479
2026/04/29 15:44:31,546000,11.482
2026/04/29 15:44:31,547000,11.476
2026/04/29 15:44:31,548000,11.479
2026/04/29 15:44:31,549000,11.482
2026/04/29 15:44:31,550000,11.479
2026/04/29 15:44:31,551000,11.479
2026/04/29 15:44:31,552000,11.482
2026/04/29 15:44:31,553000,11.482
2026/04/29 15:44:31,554000,11.485
2026/04/29 15:44:31,555000,11.476
2026/04/29 15:44:31,556000,11.482
2026/04/29 15:44:31,557000,11.479
2026/04/29 15:44:31,558000,11.482
2026/04/29 15:44:31,559000,11.479
2026/04/29 15:44:31,560000,11.482
2026/04/29 15:44:31,561000,11.479
2026/04/29 15:44:31,562000,11.476
2026/04/29 15:44:31,563000,11.482
2026/04/29 15:44:31,564000,11.482
2026/04/29 15:44:31,565000,11.479
2026/04/29 15:44:31,566000,11.482
2026/04/29 15:44:31,567000,11.476
2026/04/29 15:44:31,568000,11.479
2026/04/29 15:44:31,569000,11.479
2026/04/29 15:44:31,570000,11.482
2026/04/29 15:44:31,571000,11.479
2026/04/29 15:44:31,572000,11.476
2026/04/29 15:44:31,573000,11.479
2026/04/29 15:44:31,574000,11.482
2026/04/29 15:44:31,575000,11.476
2026/04/29 15:44:31,576000,11.482
2026/04/29 15:44:31,577000,11.487
2026/04/29 15:44:31,578000,11.485
2026/04/29 15:44:31,579000,11.485
2026/04/29 15:44:31,580000,11.485
2026/04/29 15:44:31,581000,11.482
2026/04/29 15:44:31,582000,11.482
2026/04/29 15:44:31,583000,11.485
2026/04/29 15:44:31,584000,11.482
2026/04/29 15:44:31,585000,11.485
2026/04/29 15:44:31,586000,11.482
2026/04/29 15:44:31,587000,11.485
2026/04/29 15:44:31,588000,11.485
2026/04/29 15:44:31,589000,11.482
2026/04/29 15:44:31,590000,11.482
2026/04/29 15:44:31,591000,11.482
2026/04/29 15:44:31,592000,11.485
2026/04/29 15:44:31,593000,11.482
2026/04/29 15:44:31,594000,11.482
2026/04/29 15:44:31,595000,11.473
2026/04/29 15:44:31,596000,11.482
2026/04/29 15:44:31,597000,11.479
2026/04/29 15:44:31,598000,11.479
2026/04/29 15:44:31,599000,11.482
2026/04/29 15:44:31,600000,11.482
2026/04/29 15:44:31,601000,11.476
2026/04/29 15:44:31,602000,11.485
2026/04/29 15:44:31,603000,11.482
2026/04/29 15:44:31,604000,11.476
2026/04/29 15:44:31,605000,11.485
2026/04/29 15:44:31,606000,11.485
2026/04/29 15:44:31,607000,11.479
2026/04/29 15:44:31,608000,11.485
2026/04/29 15:44:31,609000,11.487
2026/04/29 15:44:31,610000,11.479
2026/04/29 15:44:31,611000,11.482
2026/04/29 15:44:31,612000,11.482
2026/04/29 15:44:31,613000,11.482
2026/04/29 15:44:31,614000,11.479
2026/04/29 15:44:31,615000,11.479
2026/04/29 15:44:31,616000,11.482
2026/04/29 15:44:31,617000,11.482
2026/04/29 15:44:31,618000,11.482
2026/04/29 15:44:31,619000,11.482
2026/04/29 15:44:31,620000,11.485
2026/04/29 15:44:31,621000,11.476
2026/04/29 15:44:31,622000,11.487
2026/04/29 15:44:31,623000,11.485
2026/04/29 15:44:31,624000,11.479
2026/04/29 15:44:31,625000,11.479
2026/04/29 15:44:31,626000,11.482
2026/04/29 15:44:31,627000,11.487
2026/04/29 15:44:31,628000,11.476
2026/04/29 15:44:31,629000,11.479
2026/04/29 15:44:31,630000,11.482
2026/04/29 15:44:31,631000,11.485
2026/04/29 15:44:31,632000,11.485
2026/04/29 15:44:31,633000,11.482
2026/04/29 15:44:31,634000,11.482
2026/04/29 15:44:31,635000,11.479
2026/04/29 15:44:31,636000,11.482
2026/04/29 15:44:31,637000,11.476
2026/04/29 15:44:31,638000,11.487
2026/04/29 15:44:31,639000,11.485
2026/04/29 15:44:31,640000,11.476
2026/04/29 15:44:31,641000,11.482
2026/04/29 15:44:31,642000,11.485
2026/04/29 15:44:31,643000,11.482
2026/04/29 15:44:31,644000,11.485
2026/04/29 15:44:31,645000,11.487
2026/04/29 15:44:31,646000,11.487
2026/04/29 15:44:31,647000,11.479
2026/04/29 15:44:31,648000,11.476
2026/04/29 15:44:31,649000,11.479
2026/04/29 15:44:31,650000,11.479
2026/04/29 15:44:31,651000,11.485
2026/04/29 15:44:31,652000,11.485
2026/04/29 15:44:31,653000,11.476
2026/04/29 15:44:31,654000,11.482
2026/04/29 15:44:31,655000,11.479
2026/04/29 15:44:31,656000,11.479
2026/04/29 15:44:31,657000,11.471
2026/04/29 15:44:31,658000,11.482
2026/04/29 15:44:31,659000,11.482
2026/04/29 15:44:31,660000,11.487
2026/04/29 15:44:31,661000,11.485
2026/04/29 15:44:31,662000,11.482
2026/04/29 15:44:31,663000,11.479
2026/04/29 15:44:31,664000,11.482
2026/04/29 15:44:31,665000,11.479
2026/04/29 15:44:31,666000,11.482
2026/04/29 15:44:31,667000,11.482
2026/04/29 15:44:31,668000,11.482
2026/04/29 15:44:31,669000,11.487
2026/04/29 15:44:31,670000,11.482
2026/04/29 15:44:31,671000,11.482
2026/04/29 15:44:31,672000,11.482
2026/04/29 15:44:31,673000,11.479
2026/04/29 15:44:31,674000,11.482
2026/04/29 15:44:31,675000,11.479
2026/04/29 15:44:31,676000,11.482
2026/04/29 15:44:31,677000,11.485
2026/04/29 15:44:31,678000,11.479
2026/04/29 15:44:31,679000,11.476
2026/04/29 15:44:31,680000,11.479
2026/04/29 15:44:31,681000,11.482
2026/04/29 15:44:31,682000,11.482
2026/04/29 15:44:31,683000,11.476
2026/04/29 15:44:31,684000,11.476
2026/04/29 15:44:31,685000,11.482
2026/04/29 15:44:31,686000,11.485
2026/04/29 15:44:31,687000,11.482
2026/04/29 15:44:31,688000,11.482
2026/04/29 15:44:31,689000,11.482
2026/04/29 15:44:31,690000,11.482
2026/04/29 15:44:31,691000,11.482
2026/04/29 15:44:31,692000,11.487
2026/04/29 15:44:31,693000,11.482
2026/04/29 15:44:31,694000,11.473
2026/04/29 15:44:31,695000,11.482
2026/04/29 15:44:31,696000,11.482
2026/04/29 15:44:31,697000,11.485
2026/04/29 15:44:31,698000,11.485
2026/04/29 15:44:31,699000,11.485
2026/04/29 15:44:31,700000,11.476
2026/04/29 15:44:31,701000,11.487
2026/04/29 15:44:31,702000,11.482
2026/04/29 15:44:31,703000,11.482
2026/04/29 15:44:31,704000,11.482
2026/04/29 15:44:31,705000,11.479
2026/04/29 15:44:31,706000,11.479
2026/04/29 15:44:31,707000,11.485
2026/04/29 15:44:31,708000,11.482
2026/04/29 15:44:31,709000,11.479
2026/04/29 15:44:31,710000,11.479
2026/04/29 15:44:31,711000,11.482
2026/04/29 15:44:31,712000,11.482
2026/04/29 15:44:31,713000,11.479
2026/04/29 15:44:31,714000,11.482
2026/04/29 15:44:31,715000,11.482
2026/04/29 15:44:31,716000,11.482
2026/04/29 15:44:31,717000,11.482
2026/04/29 15:44:31,718000,11.479
2026/04/29 15:44:31,719000,11.485
2026/04/29 15:44:31,720000,11.482
2026/04/29 15:44:31,721000,11.479
2026/04/29 15:44:31,722000,11.482
2026/04/29 15:44:31,723000,11.479
2026/04/29 15:44:31,724000,11.479
2026/04/29 15:44:31,725000,11.473
2026/04/29 15:44:31,726000,11.479
2026/04/29 15:44:31,727000,11.479
2026/04/29 15:44:31,728000,11.482
2026/04/29 15:44:31,729000,11.482
2026/04/29 15:44:31,730000,11.482
2026/04/29 15:44:31,731000,11.479
2026/04/29 15:44:31,732000,11.485
2026/04/29 15:44:31,733000,11.482
2026/04/29 15:44:31,734000,11.476
2026/04/29 15:44:31,735000,11.476
2026/04/29 15:44:31,736000,11.482
2026/04/29 15:44:31,737000,11.479
2026/04/29 15:44:31,738000,11.485
2026/04/29 15:44:31,739000,11.479
2026/04/29 15:44:31,740000,11.479
2026/04/29 15:44:31,741000,11.479
2026/04/29 15:44:31,742000,11.479
2026/04/29 15:44:31,743000,11.482
2026/04/29 15:44:31,744000,11.482
2026/04/29 15:44:31,745000,11.479
2026/04/29 15:44:31,746000,11.479
2026/04/29 15:44:31,747000,11.482
2026/04/29 15:44:31,748000,11.476
2026/04/29 15:44:31,749000,11.479
2026/04/29 15:44:31,750000,11.482
2026/04/29 15:44:31,751000,11.482
2026/04/29 15:44:31,752000,11.482
2026/04/29 15:44:31,753000,11.490
2026/04/29 15:44:31,754000,11.479
2026/04/29 15:44:31,755000,11.479
2026/04/29 15:44:31,756000,11.479
2026/04/29 15:44:31,757000,11.476
2026/04/29 15:44:31,758000,11.482
2026/04/29 15:44:31,759000,11.482
2026/04/29 15:44:31,760000,11.485
2026/04/29 15:44:31,761000,11.485
2026/04/29 15:44:31,762000,11.482
2026/04/29 15:44:31,763000,11.482
2026/04/29 15:44:31,764000,11.476
2026/04/29 15:44:31,765000,11.485
2026/04/29 15:44:31,766000,11.485
2026/04/29 15:44:31,767000,11.479
2026/04/29 15:44:31,768000,11.482
2026/04/29 15:44:31,769000,11.479
2026/04/29 15:44:31,770000,11.482
2026/04/29 15:44:31,771000,11.482
2026/04/29 15:44:31,772000,11.482
2026/04/29 15:44:31,773000,11.476
2026/04/29 15:44:31,774000,11.482
2026/04/29 15:44:31,775000,11.482
2026/04/29 15:44:31,776000,11.490
2026/04/29 15:44:31,777000,11.485
2026/04/29 15:44:31,778000,11.479
2026/04/29 15:44:31,779000,11.487
2026/04/29 15:44:31,780000,11.482
2026/04/29 15:44:31,781000,11.482
2026/04/29 15:44:31,782000,11.482
2026/04/29 15:44:31,783000,11.482
2026/04/29 15:44:31,784000,11.487
2026/04/29 15:44:31,785000,11.479
2026/04/29 15:44:31,786000,11.482
2026/04/29 15:44:31,787000,11.485
2026/04/29 15:44:31,788000,11.482
2026/04/29 15:44:31,789000,11.485
2026/04/29 15:44:31,790000,11.479
2026/04/29 15:44:31,791000,11.487
2026/04/29 15:44:31,792000,11.479
2026/04/29 15:44:31,793000,11.485
2026/04/29 15:44:31,794000,11.482
2026/04/29 15:44:31,795000,11.482
2026/04/29 15:44:31,796000,11.482
2026/04/29 15:44:31,797000,11.482
2026/04/29 15:44:31,798000,11.482
2026/04/29 15:44:31,799000,11.471
2026/04/29 15:44:31,800000,11.485
2026/04/29 15:44:31,801000,11.482
2026/04/29 15:44:31,802000,11.485
2026/04/29 15:44:31,803000,11.471
2026/04/29 15:44:31,804000,11.482
2026/04/29 15:44:31,805000,11.482
2026/04/29 15:44:31,806000,11.482
2026/04/29 15:44:31,807000,11.482
2026/04/29 15:44:31,808000,11.482
2026/04/29 15:44:31,809000,11.482
2026/04/29 15:44:31,810000,11.482
2026/04/29 15:44:31,811000,11.482
2026/04/29 15:44:31,812000,11.482
2026/04/29 15:44:31,813000,11.479
2026/04/29 15:44:31,814000,11.479
2026/04/29 15:44:31,815000,11.482
2026/04/29 15:44:31,816000,11.476
2026/04/29 15:44:31,817000,11.482
2026/04/29 15:44:31,818000,11.482
2026/04/29 15:44:31,819000,11.482
2026/04/29 15:44:31,820000,11.479
2026/04/29 15:44:31,821000,11.476
2026/04/29 15:44:31,822000,11.482
2026/04/29 15:44:31,823000,11.487
2026/04/29 15:44:31,824000,11.482
2026/04/29 15:44:31,825000,11.479
2026/04/29 15:44:31,826000,11.485
2026/04/29 15:44:31,827000,11.482
2026/04/29 15:44:31,828000,11.482
2026/04/29 15:44:31,829000,11.485
2026/04/29 15:44:31,830000,11.487
2026/04/29 15:44:31,831000,11.482
2026/04/29 15:44:31,832000,11.482
2026/04/29 15:44:31,833000,11.485
2026/04/29 15:44:31,834000,11.479
2026/04/29 15:44:31,835000,11.482
2026/04/29 15:44:31,836000,11.482
2026/04/29 15:44:31,837000,11.479
2026/04/29 15:44:31,838000,11.473
2026/04/29 15:44:31,839000,11.479
2026/04/29 15:44:31,840000,11.482
2026/04/29 15:44:31,841000,11.479
2026/04/29 15:44:31,842000,11.482
2026/04/29 15:44:31,843000,11.482
2026/04/29 15:44:31,844000,11.479
2026/04/29 15:44:31,845000,11.482
2026/04/29 15:44:31,846000,11.479
2026/04/29 15:44:31,847000,11.482
2026/04/29 15:44:31,848000,11.476
2026/04/29 15:44:31,849000,11.482
2026/04/29 15:44:31,850000,11.476
2026/04/29 15:44:31,851000,11.476
2026/04/29 15:44:31,852000,11.482
2026/04/29 15:44:31,853000,11.482
2026/04/29 15:44:31,854000,11.482
2026/04/29 15:44:31,855000,11.476
2026/04/29 15:44:31,856000,11.482
2026/04/29 15:44:31,857000,11.482
2026/04/29 15:44:31,858000,11.485
2026/04/29 15:44:31,859000,11.485
2026/04/29 15:44:31,860000,11.479
2026/04/29 15:44:31,861000,11.482
2026/04/29 15:44:31,862000,11.479
2026/04/29 15:44:31,863000,11.482
2026/04/29 15:44:31,864000,11.487
2026/04/29 15:44:31,865000,11.482
2026/04/29 15:44:31,866000,11.482
2026/04/29 15:44:31,867000,11.479
2026/04/29 15:44:31,868000,11.482
2026/04/29 15:44:31,869000,11.479
2026/04/29 15:44:31,870000,11.482
2026/04/29 15:44:31,871000,11.482
2026/04/29 15:44:31,872000,11.473
2026/04/29 15:44:31,873000,11.479
2026/04/29 15:44:31,874000,11.476
2026/04/29 15:44:31,875000,11.482
2026/04/29 15:44:31,876000,11.479
2026/04/29 15:44:31,877000,11.479
2026/04/29 15:44:31,878000,11.479
2026/04/29 15:44:31,879000,11.482
2026/04/29 15:44:31,880000,11.482
2026/04/29 15:44:31,881000,11.479
2026/04/29 15:44:31,882000,11.471
2026/04/29 15:44:31,883000,11.482
2026/04/29 15:44:31,884000,11.482
2026/04/29 15:44:31,885000,11.479
2026/04/29 15:44:31,886000,11.479
2026/04/29 15:44:31,887000,11.482
2026/04/29 15:44:31,888000,11.482
2026/04/29 15:44:31,889000,11.482
2026/04/29 15:44:31,890000,11.482
2026/04/29 15:44:31,891000,11.479
2026/04/29 15:44:31,892000,11.482
2026/04/29 15:44:31,893000,11.482
2026/04/29 15:44:31,894000,11.490
2026/04/29 15:44:31,895000,11.468
2026/04/29 15:44:31,896000,11.482
2026/04/29 15:44:31,897000,11.476
2026/04/29 15:44:31,898000,11.482
2026/04/29 15:44:31,899000,11.485
2026/04/29 15:44:31,900000,11.479
2026/04/29 15:44:31,901000,11.485
2026/04/29 15:44:31,902000,11.482
2026/04/29 15:44:31,903000,11.485
2026/04/29 15:44:31,904000,11.476
2026/04/29 15:44:31,905000,11.482
2026/04/29 15:44:31,906000,11.471
2026/04/29 15:44:31,907000,11.482
2026/04/29 15:44:31,908000,11.479
2026/04/29 15:44:31,909000,11.482
2026/04/29 15:44:31,910000,11.476
2026/04/29 15:44:31,911000,11.479
2026/04/29 15:44:31,912000,11.485
2026/04/29 15:44:31,913000,11.482
2026/04/29 15:44:31,914000,11.485
2026/04/29 15:44:31,915000,11.482
2026/04/29 15:44:31,916000,11.479
2026/04/29 15:44:31,917000,11.482
2026/04/29 15:44:31,918000,11.485
2026/04/29 15:44:31,919000,11.482
2026/04/29 15:44:31,920000,11.479
2026/04/29 15:44:31,921000,11.485
2026/04/29 15:44:31,922000,11.479
2026/04/29 15:44:31,923000,11.482
2026/04/29 15:44:31,924000,11.482
2026/04/29 15:44:31,925000,11.479
2026/04/29 15:44:31,926000,11.479
2026/04/29 15:44:31,927000,11.473
2026/04/29 15:44:31,928000,11.482
2026/04/29 15:44:31,929000,11.476
2026/04/29 15:44:31,930000,11.487
2026/04/29 15:44:31,931000,11.479
2026/04/29 15:44:31,932000,11.482
2026/04/29 15:44:31,933000,11.479
2026/04/29 15:44:31,934000,11.479
2026/04/29 15:44:31,935000,11.476
2026/04/29 15:44:31,936000,11.482
2026/04/29 15:44:31,937000,11.485
2026/04/29 15:44:31,938000,11.482
2026/04/29 15:44:31,939000,11.479
2026/04/29 15:44:31,940000,11.476
2026/04/29 15:44:31,941000,11.479
2026/04/29 15:44:31,942000,11.485
2026/04/29 15:44:31,943000,11.471
2026/04/29 15:44:31,944000,11.485
2026/04/29 15:44:31,945000,11.482
2026/04/29 15:44:31,946000,11.473
2026/04/29 15:44:31,947000,11.482
2026/04/29 15:44:31,948000,11.482
2026/04/29 15:44:31,949000,11.482
2026/04/29 15:44:31,950000,11.479
2026/04/29 15:44:31,951000,11.479
2026/04/29 15:44:31,952000,11.476
2026/04/29 15:44:31,953000,11.485
2026/04/29 15:44:31,954000,11.482
2026/04/29 15:44:31,955000,11.476
2026/04/29 15:44:31,956000,11.487
2026/04/29 15:44:31,957000,11.476
2026/04/29 15:44:31,958000,11.482
2026/04/29 15:44:31,959000,11.476
2026/04/29 15:44:31,960000,11.482
2026/04/29 15:44:31,961000,11.482
2026/04/29 15:44:31,962000,11.482
2026/04/29 15:44:31,963000,11.479
2026/04/29 15:44:31,964000,11.479
2026/04/29 15:44:31,965000,11.482
2026/04/29 15:44:31,966000,11.482
2026/04/29 15:44:31,967000,11.485
2026/04/29 15:44:31,968000,11.482
2026/04/29 15:44:31,969000,11.471
2026/04/29 15:44:31,970000,11.479
2026/04/29 15:44:31,971000,11.482
2026/04/29 15:44:31,972000,11.487
2026/04/29 15:44:31,973000,11.479
2026/04/29 15:44:31,974000,11.479
2026/04/29 15:44:31,975000,11.487
2026/04/29 15:44:31,976000,11.476
2026/04/29 15:44:31,977000,11.487
2026/04/29 15:44:31,978000,11.482
2026/04/29 15:44:31,979000,11.479
2026/04/29 15:44:31,980000,11.482
2026/04/29 15:44:31,981000,11.482
2026/04/29 15:44:31,982000,11.482
2026/04/29 15:44:31,983000,11.479
2026/04/29 15:44:31,984000,11.487
2026/04/29 15:44:31,985000,11.485
2026/04/29 15:44:31,986000,11.482
2026/04/29 15:44:31,987000,11.479
2026/04/29 15:44:31,988000,11.479
2026/04/29 15:44:31,989000,11.476
2026/04/29 15:44:31,990000,11.485
2026/04/29 15:44:31,991000,11.482
2026/04/29 15:44:31,992000,11.482
2026/04/29 15:44:31,993000,11.482
2026/04/29 15:44:31,994000,11.482
2026/04/29 15:44:31,995000,11.482
2026/04/29 15:44:31,996000,11.473
2026/04/29 15:44:31,997000,11.476
2026/04/29 15:44:31,998000,11.479
2026/04/29 15:44:31,999000,11.485
2026/04/29 15:44:32,000000,11.479
2026/04/29 15:44:32,001000,11.482
2026/04/29 15:44:32,002000,11.479
2026/04/29 15:44:32,003000,11.485
2026/04/29 15:44:32,004000,11.476
2026/04/29 15:44:32,005000,11.485
2026/04/29 15:44:32,006000,11.485
2026/04/29 15:44:32,007000,11.485
2026/04/29 15:44:32,008000,11.471
2026/04/29 15:44:32,009000,11.471
2026/04/29 15:44:32,010000,11.479
2026/04/29 15:44:32,011000,11.479
2026/04/29 15:44:32,012000,11.479
2026/04/29 15:44:32,013000,11.476
2026/04/29 15:44:32,014000,11.479
2026/04/29 15:44:32,015000,11.487
2026/04/29 15:44:32,016000,11.476
2026/04/29 15:44:32,017000,11.482
2026/04/29 15:44:32,018000,11.476
2026/04/29 15:44:32,019000,11.482
2026/04/29 15:44:32,020000,11.482
2026/04/29 15:44:32,021000,11.482
2026/04/29 15:44:32,022000,11.482
2026/04/29 15:44:32,023000,11.485
2026/04/29 15:44:32,024000,11.482
2026/04/29 15:44:32,025000,11.487
2026/04/29 15:44:32,026000,11.479
2026/04/29 15:44:32,027000,11.482
2026/04/29 15:44:32,028000,11.482
2026/04/29 15:44:32,029000,11.482
2026/04/29 15:44:32,030000,11.485
2026/04/29 15:44:32,031000,11.485
2026/04/29 15:44:32,032000,11.485
2026/04/29 15:44:32,033000,11.482
2026/04/29 15:44:32,034000,11.482
2026/04/29 15:44:32,035000,11.468
2026/04/29 15:44:32,036000,11.479
2026/04/29 15:44:32,037000,11.485
2026/04/29 15:44:32,038000,11.476
2026/04/29 15:44:32,039000,11.476
2026/04/29 15:44:32,040000,11.487
2026/04/29 15:44:32,041000,11.476
2026/04/29 15:44:32,042000,11.473
2026/04/29 15:44:32,043000,11.485
2026/04/29 15:44:32,044000,11.482
2026/04/29 15:44:32,045000,11.485
2026/04/29 15:44:32,046000,11.482
2026/04/29 15:44:32,047000,11.482
2026/04/29 15:44:32,048000,11.479
2026/04/29 15:44:32,049000,11.485
2026/04/29 15:44:32,050000,11.482
2026/04/29 15:44:32,051000,11.479
2026/04/29 15:44:32,052000,11.479
2026/04/29 15:44:32,053000,11.479
2026/04/29 15:44:32,054000,11.479
2026/04/29 15:44:32,055000,11.482
2026/04/29 15:44:32,056000,11.479
2026/04/29 15:44:32,057000,11.479
2026/04/29 15:44:32,058000,11.476
2026/04/29 15:44:32,059000,11.487
2026/04/29 15:44:32,060000,11.482
2026/04/29 15:44:32,061000,11.482
2026/04/29 15:44:32,062000,11.485
2026/04/29 15:44:32,063000,11.473
2026/04/29 15:44:32,064000,11.482
2026/04/29 15:44:32,065000,11.482
2026/04/29 15:44:32,066000,11.485
2026/04/29 15:44:32,067000,11.479
2026/04/29 15:44:32,068000,11.482
2026/04/29 15:44:32,069000,11.482
2026/04/29 15:44:32,070000,11.485
2026/04/29 15:44:32,071000,11.482
2026/04/29 15:44:32,072000,11.482
2026/04/29 15:44:32,073000,11.482
2026/04/29 15:44:32,074000,11.482
2026/04/29 15:44:32,075000,11.479
2026/04/29 15:44:32,076000,11.482
2026/04/29 15:44:32,077000,11.476
2026/04/29 15:44:32,078000,11.479
2026/04/29 15:44:32,079000,11.479
2026/04/29 15:44:32,080000,11.482
2026/04/29 15:44:32,081000,11.485
2026/04/29 15:44:32,082000,11.479
2026/04/29 15:44:32,083000,11.482
2026/04/29 15:44:32,084000,11.482
2026/04/29 15:44:32,085000,11.485
2026/04/29 15:44:32,086000,11.479
2026/04/29 15:44:32,087000,11.479
2026/04/29 15:44:32,088000,11.482
2026/04/29 15:44:32,089000,11.476
2026/04/29 15:44:32,090000,11.479
2026/04/29 15:44:32,091000,11.482
2026/04/29 15:44:32,092000,11.482
2026/04/29 15:44:32,093000,11.482
2026/04/29 15:44:32,094000,11.479
2026/04/29 15:44:32,095000,11.482
2026/04/29 15:44:32,096000,11.471
2026/04/29 15:44:32,097000,11.479
2026/04/29 15:44:32,098000,11.482
2026/04/29 15:44:32,099000,11.485
2026/04/29 15:44:32,100000,11.487
2026/04/29 15:44:32,101000,11.479
2026/04/29 15:44:32,102000,11.479
2026/04/29 15:44:32,103000,11.487
2026/04/29 15:44:32,104000,11.479
2026/04/29 15:44:32,105000,11.479
2026/04/29 15:44:32,106000,11.479
2026/04/29 15:44:32,107000,11.482
2026/04/29 15:44:32,108000,11.479
2026/04/29 15:44:32,109000,11.476
2026/04/29 15:44:32,110000,11.482
2026/04/29 15:44:32,111000,11.482
2026/04/29 15:44:32,112000,11.485
2026/04/29 15:44:32,113000,11.479
2026/04/29 15:44:32,114000,11.482
2026/04/29 15:44:32,115000,11.479
2026/04/29 15:44:32,116000,11.482
2026/04/29 15:44:32,117000,11.479
2026/04/29 15:44:32,118000,11.479
2026/04/29 15:44:32,119000,11.479
2026/04/29 15:44:32,120000,11.485
2026/04/29 15:44:32,121000,11.479
2026/04/29 15:44:32,122000,11.476
2026/04/29 15:44:32,123000,11.479
2026/04/29 15:44:32,124000,11.479
2026/04/29 15:44:32,125000,11.487
2026/04/29 15:44:32,126000,11.479
2026/04/29 15:44:32,127000,11.487
2026/04/29 15:44:32,128000,11.485
2026/04/29 15:44:32,129000,11.479
2026/04/29 15:44:32,130000,11.479
2026/04/29 15:44:32,131000,11.482
2026/04/29 15:44:32,132000,11.482
2026/04/29 15:44:32,133000,11.479
2026/04/29 15:44:32,134000,11.490
2026/04/29 15:44:32,135000,11.482
2026/04/29 15:44:32,136000,11.485
2026/04/29 15:44:32,137000,11.482
2026/04/29 15:44:32,138000,11.471
2026/04/29 15:44:32,139000,11.487
2026/04/29 15:44:32,140000,11.485
2026/04/29 15:44:32,141000,11.476
2026/04/29 15:44:32,142000,11.482
2026/04/29 15:44:32,143000,11.482
2026/04/29 15:44:32,144000,11.485
2026/04/29 15:44:32,145000,11.482
2026/04/29 15:44:32,146000,11.485
2026/04/29 15:44:32,147000,11.479
2026/04/29 15:44:32,148000,11.490
2026/04/29 15:44:32,149000,11.479
2026/04/29 15:44:32,150000,11.479
2026/04/29 15:44:32,151000,11.482
2026/04/29 15:44:32,152000,11.482
2026/04/29 15:44:32,153000,11.482
2026/04/29 15:44:32,154000,11.482
2026/04/29 15:44:32,155000,11.485
2026/04/29 15:44:32,156000,11.479
2026/04/29 15:44:32,157000,11.479
2026/04/29 15:44:32,158000,11.476
2026/04/29 15:44:32,159000,11.490
2026/04/29 15:44:32,160000,11.479
2026/04/29 15:44:32,161000,11.482
2026/04/29 15:44:32,162000,11.485
2026/04/29 15:44:32,163000,11.482
2026/04/29 15:44:32,164000,11.479
2026/04/29 15:44:32,165000,11.482
2026/04/29 15:44:32,166000,11.479
2026/04/29 15:44:32,167000,11.485
2026/04/29 15:44:32,168000,11.479
2026/04/29 15:44:32,169000,11.479
2026/04/29 15:44:32,170000,11.479
2026/04/29 15:44:32,171000,11.479
2026/04/29 15:44:32,172000,11.485
2026/04/29 15:44:32,173000,11.487
2026/04/29 15:44:32,174000,11.482
2026/04/29 15:44:32,175000,11.482
2026/04/29 15:44:32,176000,11.482
2026/04/29 15:44:32,177000,11.479
2026/04/29 15:44:32,178000,11.479
2026/04/29 15:44:32,179000,11.476
2026/04/29 15:44:32,180000,11.485
2026/04/29 15:44:32,181000,11.482
2026/04/29 15:44:32,182000,11.487
2026/04/29 15:44:32,183000,11.479
2026/04/29 15:44:32,184000,11.479
2026/04/29 15:44:32,185000,11.479
2026/04/29 15:44:32,186000,11.482
2026/04/29 15:44:32,187000,11.487
2026/04/29 15:44:32,188000,11.479
2026/04/29 15:44:32,189000,11.482
2026/04/29 15:44:32,190000,11.476
2026/04/29 15:44:32,191000,11.490
2026/04/29 15:44:32,192000,11.485
2026/04/29 15:44:32,193000,11.485
2026/04/29 15:44:32,194000,11.479
2026/04/29 15:44:32,195000,11.479
2026/04/29 15:44:32,196000,11.479
2026/04/29 15:44:32,197000,11.485
2026/04/29 15:44:32,198000,11.487
2026/04/29 15:44:32,199000,11.482
2026/04/29 15:44:32,200000,11.476
2026/04/29 15:44:32,201000,11.482
2026/04/29 15:44:32,202000,11.482
2026/04/29 15:44:32,203000,11.482
2026/04/29 15:44:32,204000,11.482
2026/04/29 15:44:32,205000,11.482
2026/04/29 15:44:32,206000,11.482
2026/04/29 15:44:32,207000,11.487
2026/04/29 15:44:32,208000,11.487
2026/04/29 15:44:32,209000,11.485
2026/04/29 15:44:32,210000,11.485
2026/04/29 15:44:32,211000,11.479
2026/04/29 15:44:32,212000,11.479
2026/04/29 15:44:32,213000,11.471
2026/04/29 15:44:32,214000,11.479
2026/04/29 15:44:32,215000,11.479
2026/04/29 15:44:32,216000,11.482
2026/04/29 15:44:32,217000,11.482
2026/04/29 15:44:32,218000,11.479
2026/04/29 15:44:32,219000,11.476
2026/04/29 15:44:32,220000,11.479
2026/04/29 15:44:32,221000,11.485
2026/04/29 15:44:32,222000,11.482
2026/04/29 15:44:32,223000,11.482
2026/04/29 15:44:32,224000,11.482
2026/04/29 15:44:32,225000,11.485
2026/04/29 15:44:32,226000,11.479
2026/04/29 15:44:32,227000,11.487
2026/04/29 15:44:32,228000,11.485
2026/04/29 15:44:32,229000,11.482
2026/04/29 15:44:32,230000,11.482
2026/04/29 15:44:32,231000,11.485
2026/04/29 15:44:32,232000,11.482
2026/04/29 15:44:32,233000,11.479
2026/04/29 15:44:32,234000,11.482
2026/04/29 15:44:32,235000,11.485
2026/04/29 15:44:32,236000,11.482
2026/04/29 15:44:32,237000,11.485
2026/04/29 15:44:32,238000,11.479
2026/04/29 15:44:32,239000,11.482
2026/04/29 15:44:32,240000,11.485
2026/04/29 15:44:32,241000,11.482
2026/04/29 15:44:32,242000,11.485
2026/04/29 15:44:32,243000,11.479
2026/04/29 15:44:32,244000,11.482
2026/04/29 15:44:32,245000,11.482
2026/04/29 15:44:32,246000,11.485
2026/04/29 15:44:32,247000,11.485
2026/04/29 15:44:32,248000,11.485
2026/04/29 15:44:32,249000,11.479
2026/04/29 15:44:32,250000,11.487
2026/04/29 15:44:32,251000,11.490
2026/04/29 15:44:32,252000,11.482
2026/04/29 15:44:32,253000,11.479
2026/04/29 15:44:32,254000,11.482
2026/04/29 15:44:32,255000,11.485
2026/04/29 15:44:32,256000,11.490
2026/04/29 15:44:32,257000,11.479
2026/04/29 15:44:32,258000,11.485
2026/04/29 15:44:32,259000,11.482
2026/04/29 15:44:32,260000,11.485
2026/04/29 15:44:32,261000,11.482
2026/04/29 15:44:32,262000,11.479
2026/04/29 15:44:32,263000,11.485
2026/04/29 15:44:32,264000,11.482
2026/04/29 15:44:32,265000,11.479
2026/04/29 15:44:32,266000,11.479
2026/04/29 15:44:32,267000,11.485
2026/04/29 15:44:32,268000,11.482
2026/04/29 15:44:32,269000,11.479
2026/04/29 15:44:32,270000,11.482
2026/04/29 15:44:32,271000,11.479
2026/04/29 15:44:32,272000,11.473
2026/04/29 15:44:32,273000,11.482
2026/04/29 15:44:32,274000,11.487
2026/04/29 15:44:32,275000,11.482
2026/04/29 15:44:32,276000,11.482
2026/04/29 15:44:32,277000,11.479
2026/04/29 15:44:32,278000,11.482
2026/04/29 15:44:32,279000,11.482
2026/04/29 15:44:32,280000,11.476
2026/04/29 15:44:32,281000,11.482
2026/04/29 15:44:32,282000,11.485
2026/04/29 15:44:32,283000,11.482
2026/04/29 15:44:32,284000,11.479
2026/04/29 15:44:32,285000,11.482
2026/04/29 15:44:32,286000,11.473
2026/04/29 15:44:32,287000,11.482
2026/04/29 15:44:32,288000,11.482
2026/04/29 15:44:32,289000,11.479
2026/04/29 15:44:32,290000,11.482
2026/04/29 15:44:32,291000,11.479
2026/04/29 15:44:32,292000,11.479
2026/04/29 15:44:32,293000,11.482
2026/04/29 15:44:32,294000,11.482
2026/04/29 15:44:32,295000,11.485
2026/04/29 15:44:32,296000,11.476
2026/04/29 15:44:32,297000,11.482
2026/04/29 15:44:32,298000,11.479
2026/04/29 15:44:32,299000,11.485
2026/04/29 15:44:32,300000,11.482
2026/04/29 15:44:32,301000,11.487
2026/04/29 15:44:32,302000,11.479
2026/04/29 15:44:32,303000,11.487
2026/04/29 15:44:32,304000,11.482
2026/04/29 15:44:32,305000,11.485
2026/04/29 15:44:32,306000,11.485
2026/04/29 15:44:32,307000,11.482
2026/04/29 15:44:32,308000,11.482
2026/04/29 15:44:32,309000,11.476
2026/04/29 15:44:32,310000,11.482
2026/04/29 15:44:32,311000,11.476
2026/04/29 15:44:32,312000,11.479
2026/04/29 15:44:32,313000,11.485
2026/04/29 15:44:32,314000,11.482
2026/04/29 15:44:32,315000,11.479
2026/04/29 15:44:32,316000,11.479
2026/04/29 15:44:32,317000,11.487
2026/04/29 15:44:32,318000,11.482
2026/04/29 15:44:32,319000,11.482
2026/04/29 15:44:32,320000,11.482
2026/04/29 15:44:32,321000,11.479
2026/04/29 15:44:32,322000,11.479
2026/04/29 15:44:32,323000,11.479
2026/04/29 15:44:32,324000,11.482
2026/04/29 15:44:32,325000,11.485
2026/04/29 15:44:32,326000,11.479
2026/04/29 15:44:32,327000,11.485
2026/04/29 15:44:32,328000,11.487
2026/04/29 15:44:32,329000,11.482
2026/04/29 15:44:32,330000,11.482
2026/04/29 15:44:32,331000,11.482
2026/04/29 15:44:32,332000,11.479
2026/04/29 15:44:32,333000,11.485
2026/04/29 15:44:32,334000,11.485
2026/04/29 15:44:32,335000,11.482
2026/04/29 15:44:32,336000,11.482
2026/04/29 15:44:32,337000,11.482
2026/04/29 15:44:32,338000,11.487
2026/04/29 15:44:32,339000,11.479
2026/04/29 15:44:32,340000,11.479
2026/04/29 15:44:32,341000,11.485
2026/04/29 15:44:32,342000,11.490
2026/04/29 15:44:32,343000,11.479
2026/04/29 15:44:32,344000,11.482
2026/04/29 15:44:32,345000,11.482
2026/04/29 15:44:32,346000,11.482
2026/04/29 15:44:32,347000,11.485
2026/04/29 15:44:32,348000,11.482
2026/04/29 15:44:32,349000,11.485
2026/04/29 15:44:32,350000,11.479
2026/04/29 15:44:32,351000,11.479
2026/04/29 15:44:32,352000,11.476
2026/04/29 15:44:32,353000,11.479
2026/04/29 15:44:32,354000,11.479
2026/04/29 15:44:32,355000,11.479
2026/04/29 15:44:32,356000,11.485
2026/04/29 15:44:32,357000,11.482
2026/04/29 15:44:32,358000,11.476
2026/04/29 15:44:32,359000,11.476
2026/04/29 15:44:32,360000,11.482
2026/04/29 15:44:32,361000,11.482
2026/04/29 15:44:32,362000,11.482
2026/04/29 15:44:32,363000,11.479
2026/04/29 15:44:32,364000,11.487
2026/04/29 15:44:32,365000,11.482
2026/04/29 15:44:32,366000,11.482
2026/04/29 15:44:32,367000,11.482
2026/04/29 15:44:32,368000,11.485
2026/04/29 15:44:32,369000,11.479
2026/04/29 15:44:32,370000,11.482
2026/04/29 15:44:32,371000,11.479
2026/04/29 15:44:32,372000,11.482
2026/04/29 15:44:32,373000,11.482
2026/04/29 15:44:32,374000,11.482
2026/04/29 15:44:32,375000,11.487
2026/04/29 15:44:32,376000,11.482
2026/04/29 15:44:32,377000,11.482
2026/04/29 15:44:32,378000,11.485
2026/04/29 15:44:32,379000,11.482
2026/04/29 15:44:32,380000,11.482
2026/04/29 15:44:32,381000,11.485
2026/04/29 15:44:32,382000,11.490
2026/04/29 15:44:32,383000,11.482
2026/04/29 15:44:32,384000,11.476
2026/04/29 15:44:32,385000,11.485
2026/04/29 15:44:32,386000,11.487
2026/04/29 15:44:32,387000,11.482
2026/04/29 15:44:32,388000,11.479
2026/04/29 15:44:32,389000,11.482
2026/04/29 15:44:32,390000,11.482
2026/04/29 15:44:32,391000,11.482
2026/04/29 15:44:32,392000,11.479
2026/04/29 15:44:32,393000,11.476
2026/04/29 15:44:32,394000,11.482
2026/04/29 15:44:32,395000,11.482
2026/04/29 15:44:32,396000,11.485
2026/04/29 15:44:32,397000,11.476
2026/04/29 15:44:32,398000,11.476
2026/04/29 15:44:32,399000,11.487
2026/04/29 15:44:32,400000,11.476
2026/04/29 15:44:32,401000,11.482
2026/04/29 15:44:32,402000,11.482
2026/04/29 15:44:32,403000,11.485
2026/04/29 15:44:32,404000,11.485
2026/04/29 15:44:32,405000,11.482
2026/04/29 15:44:32,406000,11.482
2026/04/29 15:44:32,407000,11.482
2026/04/29 15:44:32,408000,11.479
2026/04/29 15:44:32,409000,11.479
2026/04/29 15:44:32,410000,11.479
2026/04/29 15:44:32,411000,11.485
2026/04/29 15:44:32,412000,11.485
2026/04/29 15:44:32,413000,11.485
2026/04/29 15:44:32,414000,11.476
2026/04/29 15:44:32,415000,11.482
2026/04/29 15:44:32,416000,11.471
2026/04/29 15:44:32,417000,11.479
2026/04/29 15:44:32,418000,11.485
2026/04/29 15:44:32,419000,11.482
2026/04/29 15:44:32,420000,11.476
2026/04/29 15:44:32,421000,11.482
2026/04/29 15:44:32,422000,11.485
2026/04/29 15:44:32,423000,11.482
2026/04/29 15:44:32,424000,11.482
2026/04/29 15:44:32,425000,11.487
2026/04/29 15:44:32,426000,11.476
2026/04/29 15:44:32,427000,11.482
2026/04/29 15:44:32,428000,11.482
2026/04/29 15:44:32,429000,11.482
2026/04/29 15:44:32,430000,11.482
2026/04/29 15:44:32,431000,11.479
2026/04/29 15:44:32,432000,11.473
2026/04/29 15:44:32,433000,11.479
2026/04/29 15:44:32,434000,11.479
2026/04/29 15:44:32,435000,11.487
2026/04/29 15:44:32,436000,11.476
2026/04/29 15:44:32,437000,11.482
2026/04/29 15:44:32,438000,11.485
2026/04/29 15:44:32,439000,11.482
2026/04/29 15:44:32,440000,11.487
2026/04/29 15:44:32,441000,11.482
2026/04/29 15:44:32,442000,11.482
2026/04/29 15:44:32,443000,11.479
2026/04/29 15:44:32,444000,11.482
2026/04/29 15:44:32,445000,11.485
2026/04/29 15:44:32,446000,11.482
2026/04/29 15:44:32,447000,11.485
2026/04/29 15:44:32,448000,11.479
2026/04/29 15:44:32,449000,11.485
2026/04/29 15:44:32,450000,11.482
2026/04/29 15:44:32,451000,11.479
2026/04/29 15:44:32,452000,11.479
2026/04/29 15:44:32,453000,11.479
2026/04/29 15:44:32,454000,11.482
2026/04/29 15:44:32,455000,11.482
2026/04/29 15:44:32,456000,11.482
2026/04/29 15:44:32,457000,11.476
2026/04/29 15:44:32,458000,11.482
2026/04/29 15:44:32,459000,11.485
2026/04/29 15:44:32,460000,11.487
2026/04/29 15:44:32,461000,11.485
2026/04/29 15:44:32,462000,11.482
2026/04/29 15:44:32,463000,11.485
2026/04/29 15:44:32,464000,11.479
2026/04/29 15:44:32,465000,11.485
2026/04/29 15:44:32,466000,11.476
2026/04/29 15:44:32,467000,11.479
2026/04/29 15:44:32,468000,11.482
2026/04/29 15:44:32,469000,11.482
2026/04/29 15:44:32,470000,11.487
2026/04/29 15:44:32,471000,11.482
2026/04/29 15:44:32,472000,11.482
2026/04/29 15:44:32,473000,11.482
2026/04/29 15:44:32,474000,11.482
2026/04/29 15:44:32,475000,11.482
2026/04/29 15:44:32,476000,11.487
2026/04/29 15:44:32,477000,11.485
2026/04/29 15:44:32,478000,11.485
2026/04/29 15:44:32,479000,11.485
2026/04/29 15:44:32,480000,11.479
2026/04/29 15:44:32,481000,11.487
2026/04/29 15:44:32,482000,11.482
2026/04/29 15:44:32,483000,11.479
2026/04/29 15:44:32,484000,11.487
2026/04/29 15:44:32,485000,11.485
2026/04/29 15:44:32,486000,11.482
2026/04/29 15:44:32,487000,11.485
2026/04/29 15:44:32,488000,11.476
2026/04/29 15:44:32,489000,11.482
2026/04/29 15:44:32,490000,11.482
2026/04/29 15:44:32,491000,11.485
2026/04/29 15:44:32,492000,11.485
2026/04/29 15:44:32,493000,11.482
2026/04/29 15:44:32,494000,11.479
2026/04/29 15:44:32,495000,11.479
2026/04/29 15:44:32,496000,11.482
2026/04/29 15:44:32,497000,11.485
2026/04/29 15:44:32,498000,11.487
2026/04/29 15:44:32,499000,11.482
2026/04/29 15:44:32,500000,11.482
2026/04/29 15:44:32,501000,11.482
2026/04/29 15:44:32,502000,11.485
2026/04/29 15:44:32,503000,11.482
2026/04/29 15:44:32,504000,11.485
2026/04/29 15:44:32,505000,11.485
2026/04/29 15:44:32,506000,11.482
2026/04/29 15:44:32,507000,11.485
2026/04/29 15:44:32,508000,11.482
2026/04/29 15:44:32,509000,11.487
2026/04/29 15:44:32,510000,11.479
2026/04/29 15:44:32,511000,11.485
2026/04/29 15:44:32,512000,11.482
2026/04/29 15:44:32,513000,11.479
2026/04/29 15:44:32,514000,11.485
2026/04/29 15:44:32,515000,11.485
2026/04/29 15:44:32,516000,11.485
2026/04/29 15:44:32,517000,11.479
2026/04/29 15:44:32,518000,11.479
2026/04/29 15:44:32,519000,11.487
2026/04/29 15:44:32,520000,11.485
2026/04/29 15:44:32,521000,11.482
2026/04/29 15:44:32,522000,11.482
2026/04/29 15:44:32,523000,11.482
2026/04/29 15:44:32,524000,11.482
2026/04/29 15:44:32,525000,11.482
2026/04/29 15:44:32,526000,11.482
2026/04/29 15:44:32,527000,11.482
2026/04/29 15:44:32,528000,11.482
2026/04/29 15:44:32,529000,11.479
2026/04/29 15:44:32,530000,11.479
2026/04/29 15:44:32,531000,11.482
2026/04/29 15:44:32,532000,11.479
2026/04/29 15:44:32,533000,11.482
2026/04/29 15:44:32,534000,11.482
2026/04/29 15:44:32,535000,11.482
2026/04/29 15:44:32,536000,11.479
2026/04/29 15:44:32,537000,11.476
2026/04/29 15:44:32,538000,11.479
2026/04/29 15:44:32,539000,11.479
2026/04/29 15:44:32,540000,11.476
2026/04/29 15:44:32,541000,11.482
2026/04/29 15:44:32,542000,11.482
2026/04/29 15:44:32,543000,11.479
2026/04/29 15:44:32,544000,11.485
2026/04/29 15:44:32,545000,11.479
2026/04/29 15:44:32,546000,11.485
2026/04/29 15:44:32,547000,11.476
2026/04/29 15:44:32,548000,11.479
2026/04/29 15:44:32,549000,11.482
2026/04/29 15:44:32,550000,11.479
2026/04/29 15:44:32,551000,11.476
2026/04/29 15:44:32,552000,11.479
2026/04/29 15:44:32,553000,11.482
2026/04/29 15:44:32,554000,11.482
2026/04/29 15:44:32,555000,11.479
2026/04/29 15:44:32,556000,11.482
2026/04/29 15:44:32,557000,11.473
2026/04/29 15:44:32,558000,11.485
2026/04/29 15:44:32,559000,11.485
2026/04/29 15:44:32,560000,11.476
2026/04/29 15:44:32,561000,11.482
2026/04/29 15:44:32,562000,11.479
2026/04/29 15:44:32,563000,11.479
2026/04/29 15:44:32,564000,11.479
2026/04/29 15:44:32,565000,11.485
2026/04/29 15:44:32,566000,11.485
2026/04/29 15:44:32,567000,11.482
2026/04/29 15:44:32,568000,11.482
2026/04/29 15:44:32,569000,11.476
2026/04/29 15:44:32,570000,11.482
2026/04/29 15:44:32,571000,11.490
2026/04/29 15:44:32,572000,11.479
2026/04/29 15:44:32,573000,11.482
2026/04/29 15:44:32,574000,11.476
2026/04/29 15:44:32,575000,11.482
2026/04/29 15:44:32,576000,11.482
2026/04/29 15:44:32,577000,11.482
2026/04/29 15:44:32,578000,11.479
2026/04/29 15:44:32,579000,11.482
2026/04/29 15:44:32,580000,11.485
2026/04/29 15:44:32,581000,11.482
2026/04/29 15:44:32,582000,11.485
2026/04/29 15:44:32,583000,11.479
2026/04/29 15:44:32,584000,11.479
2026/04/29 15:44:32,585000,11.482
2026/04/29 15:44:32,586000,11.482
2026/04/29 15:44:32,587000,11.482
2026/04/29 15:44:32,588000,11.485
2026/04/29 15:44:32,589000,11.479
2026/04/29 15:44:32,590000,11.482
2026/04/29 15:44:32,591000,11.482
2026/04/29 15:44:32,592000,11.476
2026/04/29 15:44:32,593000,11.482
2026/04/29 15:44:32,594000,11.479
2026/04/29 15:44:32,595000,11.479
2026/04/29 15:44:32,596000,11.479
2026/04/29 15:44:32,597000,11.496
2026/04/29 15:44:32,598000,11.490
2026/04/29 15:44:32,599000,11.476
2026/04/29 15:44:32,600000,11.479
2026/04/29 15:44:32,601000,11.476
2026/04/29 15:44:32,602000,11.476
2026/04/29 15:44:32,603000,11.482
2026/04/29 15:44:32,604000,11.485
2026/04/29 15:44:32,605000,11.485
2026/04/29 15:44:32,606000,11.479
2026/04/29 15:44:32,607000,11.479
2026/04/29 15:44:32,608000,11.482
2026/04/29 15:44:32,609000,11.482
2026/04/29 15:44:32,610000,11.482
2026/04/29 15:44:32,611000,11.479
2026/04/29 15:44:32,612000,11.482
2026/04/29 15:44:32,613000,11.479
2026/04/29 15:44:32,614000,11.479
2026/04/29 15:44:32,615000,11.479
2026/04/29 15:44:32,616000,11.482
2026/04/29 15:44:32,617000,11.479
2026/04/29 15:44:32,618000,11.482
2026/04/29 15:44:32,619000,11.482
2026/04/29 15:44:32,620000,11.485
2026/04/29 15:44:32,621000,11.482
2026/04/29 15:44:32,622000,11.479
2026/04/29 15:44:32,623000,11.479
2026/04/29 15:44:32,624000,11.471
2026/04/29 15:44:32,625000,11.482
2026/04/29 15:44:32,626000,11.476
2026/04/29 15:44:32,627000,11.485
2026/04/29 15:44:32,628000,11.482
2026/04/29 15:44:32,629000,11.482
2026/04/29 15:44:32,630000,11.476
2026/04/29 15:44:32,631000,11.482
2026/04/29 15:44:32,632000,11.482
2026/04/29 15:44:32,633000,11.479
2026/04/29 15:44:32,634000,11.485
2026/04/29 15:44:32,635000,11.479
2026/04/29 15:44:32,636000,11.482
2026/04/29 15:44:32,637000,11.485
2026/04/29 15:44:32,638000,11.476
2026/04/29 15:44:32,639000,11.479
2026/04/29 15:44:32,640000,11.479
2026/04/29 15:44:32,641000,11.482
2026/04/29 15:44:32,642000,11.479
2026/04/29 15:44:32,643000,11.482
2026/04/29 15:44:32,644000,11.476
2026/04/29 15:44:32,645000,11.476
2026/04/29 15:44:32,646000,11.482
2026/04/29 15:44:32,647000,11.485
2026/04/29 15:44:32,648000,11.476
2026/04/29 15:44:32,649000,11.479
2026/04/29 15:44:32,650000,11.482
2026/04/29 15:44:32,651000,11.476
2026/04/29 15:44:32,652000,11.479
2026/04/29 15:44:32,653000,11.479
2026/04/29 15:44:32,654000,11.479
2026/04/29 15:44:32,655000,11.479
2026/04/29 15:44:32,656000,11.485
2026/04/29 15:44:32,657000,11.482
2026/04/29 15:44:32,658000,11.482
2026/04/29 15:44:32,659000,11.482
2026/04/29 15:44:32,660000,11.476
2026/04/29 15:44:32,661000,11.485
2026/04/29 15:44:32,662000,11.479
2026/04/29 15:44:32,663000,11.476
2026/04/29 15:44:32,664000,11.485
2026/04/29 15:44:32,665000,11.482
2026/04/29 15:44:32,666000,11.476
2026/04/29 15:44:32,667000,11.476
2026/04/29 15:44:32,668000,11.482
2026/04/29 15:44:32,669000,11.479
2026/04/29 15:44:32,670000,11.482
2026/04/29 15:44:32,671000,11.479
2026/04/29 15:44:32,672000,11.479
2026/04/29 15:44:32,673000,11.479
2026/04/29 15:44:32,674000,11.482
2026/04/29 15:44:32,675000,11.479
2026/04/29 15:44:32,676000,11.482
2026/04/29 15:44:32,677000,11.479
2026/04/29 15:44:32,678000,11.482
2026/04/29 15:44:32,679000,11.479
2026/04/29 15:44:32,680000,11.485
2026/04/29 15:44:32,681000,11.479
2026/04/29 15:44:32,682000,11.479
2026/04/29 15:44:32,683000,11.479
2026/04/29 15:44:32,684000,11.476
2026/04/29 15:44:32,685000,11.482
2026/04/29 15:44:32,686000,11.482
2026/04/29 15:44:32,687000,11.479
2026/04/29 15:44:32,688000,11.476
2026/04/29 15:44:32,689000,11.482
2026/04/29 15:44:32,690000,11.482
2026/04/29 15:44:32,691000,11.482
2026/04/29 15:44:32,692000,11.482
2026/04/29 15:44:32,693000,11.482
2026/04/29 15:44:32,694000,11.476
2026/04/29 15:44:32,695000,11.479
2026/04/29 15:44:32,696000,11.482
2026/04/29 15:44:32,697000,11.479
2026/04/29 15:44:32,698000,11.485
2026/04/29 15:44:32,699000,11.482
2026/04/29 15:44:32,700000,11.479
2026/04/29 15:44:32,701000,11.485
2026/04/29 15:44:32,702000,11.482
2026/04/29 15:44:32,703000,11.479
2026/04/29 15:44:32,704000,11.479
2026/04/29 15:44:32,705000,11.482
2026/04/29 15:44:32,706000,11.485
2026/04/29 15:44:32,707000,11.476
2026/04/29 15:44:32,708000,11.485
2026/04/29 15:44:32,709000,11.476
2026/04/29 15:44:32,710000,11.476
2026/04/29 15:44:32,711000,11.482
2026/04/29 15:44:32,712000,11.482
2026/04/29 15:44:32,713000,11.482
2026/04/29 15:44:32,714000,11.479
2026/04/29 15:44:32,715000,11.487
2026/04/29 15:44:32,716000,11.482
2026/04/29 15:44:32,717000,11.476
2026/04/29 15:44:32,718000,11.482
2026/04/29 15:44:32,719000,11.482
2026/04/29 15:44:32,720000,11.487
2026/04/29 15:44:32,721000,11.482
2026/04/29 15:44:32,722000,11.485
2026/04/29 15:44:32,723000,11.487
2026/04/29 15:44:32,724000,11.482
2026/04/29 15:44:32,725000,11.482
2026/04/29 15:44:32,726000,11.482
2026/04/29 15:44:32,727000,11.479
2026/04/29 15:44:32,728000,11.479
2026/04/29 15:44:32,729000,11.479
2026/04/29 15:44:32,730000,11.482
2026/04/29 15:44:32,731000,11.473
2026/04/29 15:44:32,732000,11.476
2026/04/29 15:44:32,733000,11.476
2026/04/29 15:44:32,734000,11.479
2026/04/29 15:44:32,735000,11.479
2026/04/29 15:44:32,736000,11.485
2026/04/29 15:44:32,737000,11.476
2026/04/29 15:44:32,738000,11.482
2026/04/29 15:44:32,739000,11.485
2026/04/29 15:44:32,740000,11.479
2026/04/29 15:44:32,741000,11.476
2026/04/29 15:44:32,742000,11.479
2026/04/29 15:44:32,743000,11.482
2026/04/29 15:44:32,744000,11.485
2026/04/29 15:44:32,745000,11.479
2026/04/29 15:44:32,746000,11.482
2026/04/29 15:44:32,747000,11.479
2026/04/29 15:44:32,748000,11.482
2026/04/29 15:44:32,749000,11.479
2026/04/29 15:44:32,750000,11.479
2026/04/29 15:44:32,751000,11.479
2026/04/29 15:44:32,752000,11.473
2026/04/29 15:44:32,753000,11.476
2026/04/29 15:44:32,754000,11.485
2026/04/29 15:44:32,755000,11.482
2026/04/29 15:44:32,756000,11.471
2026/04/29 15:44:32,757000,11.485
2026/04/29 15:44:32,758000,11.479
2026/04/29 15:44:32,759000,11.485
2026/04/29 15:44:32,760000,11.482
2026/04/29 15:44:32,761000,11.479
2026/04/29 15:44:32,762000,11.479
2026/04/29 15:44:32,763000,11.485
2026/04/29 15:44:32,764000,11.479
2026/04/29 15:44:32,765000,11.485
2026/04/29 15:44:32,766000,11.482
2026/04/29 15:44:32,767000,11.482
2026/04/29 15:44:32,768000,11.482
2026/04/29 15:44:32,769000,11.482
2026/04/29 15:44:32,770000,11.482
2026/04/29 15:44:32,771000,11.476
2026/04/29 15:44:32,772000,11.485
2026/04/29 15:44:32,773000,11.485
2026/04/29 15:44:32,774000,11.482
2026/04/29 15:44:32,775000,11.471
2026/04/29 15:44:32,776000,11.485
2026/04/29 15:44:32,777000,11.482
2026/04/29 15:44:32,778000,11.482
2026/04/29 15:44:32,779000,11.479
2026/04/29 15:44:32,780000,11.479
2026/04/29 15:44:32,781000,11.482
2026/04/29 15:44:32,782000,11.482
2026/04/29 15:44:32,783000,11.482
2026/04/29 15:44:32,784000,11.479
2026/04/29 15:44:32,785000,11.482
2026/04/29 15:44:32,786000,11.482
2026/04/29 15:44:32,787000,11.473
2026/04/29 15:44:32,788000,11.482
2026/04/29 15:44:32,789000,11.487
2026/04/29 15:44:32,790000,11.485
2026/04/29 15:44:32,791000,11.479
2026/04/29 15:44:32,792000,11.471
2026/04/29 15:44:32,793000,11.487
2026/04/29 15:44:32,794000,11.479
2026/04/29 15:44:32,795000,11.482
2026/04/29 15:44:32,796000,11.485
2026/04/29 15:44:32,797000,11.485
2026/04/29 15:44:32,798000,11.479
2026/04/29 15:44:32,799000,11.479
2026/04/29 15:44:32,800000,11.479
2026/04/29 15:44:32,801000,11.482
2026/04/29 15:44:32,802000,11.482
2026/04/29 15:44:32,803000,11.482
2026/04/29 15:44:32,804000,11.479
2026/04/29 15:44:32,805000,11.482
2026/04/29 15:44:32,806000,11.479
2026/04/29 15:44:32,807000,11.490
2026/04/29 15:44:32,808000,11.487
2026/04/29 15:44:32,809000,11.482
2026/04/29 15:44:32,810000,11.485
2026/04/29 15:44:32,811000,11.482
2026/04/29 15:44:32,812000,11.476
2026/04/29 15:44:32,813000,11.479
2026/04/29 15:44:32,814000,11.485
2026/04/29 15:44:32,815000,11.482
2026/04/29 15:44:32,816000,11.479
2026/04/29 15:44:32,817000,11.485
2026/04/29 15:44:32,818000,11.479
2026/04/29 15:44:32,819000,11.482
2026/04/29 15:44:32,820000,11.490
2026/04/29 15:44:32,821000,11.479
2026/04/29 15:44:32,822000,11.479
2026/04/29 15:44:32,823000,11.479
2026/04/29 15:44:32,824000,11.482
2026/04/29 15:44:32,825000,11.479
2026/04/29 15:44:32,826000,11.479
2026/04/29 15:44:32,827000,11.485
2026/04/29 15:44:32,828000,11.479
2026/04/29 15:44:32,829000,11.482
2026/04/29 15:44:32,830000,11.485
2026/04/29 15:44:32,831000,11.476
2026/04/29 15:44:32,832000,11.482
2026/04/29 15:44:32,833000,11.479
2026/04/29 15:44:32,834000,11.485
2026/04/29 15:44:32,835000,11.482
2026/04/29 15:44:32,836000,11.482
2026/04/29 15:44:32,837000,11.482
2026/04/29 15:44:32,838000,11.485
2026/04/29 15:44:32,839000,11.487
2026/04/29 15:44:32,840000,11.485
2026/04/29 15:44:32,841000,11.490
2026/04/29 15:44:32,842000,11.482
2026/04/29 15:44:32,843000,11.482
2026/04/29 15:44:32,844000,11.485
2026/04/29 15:44:32,845000,11.479
2026/04/29 15:44:32,846000,11.487
2026/04/29 15:44:32,847000,11.482
2026/04/29 15:44:32,848000,11.476
2026/04/29 15:44:32,849000,11.487
2026/04/29 15:44:32,850000,11.479
2026/04/29 15:44:32,851000,11.485
2026/04/29 15:44:32,852000,11.482
2026/04/29 15:44:32,853000,11.479
2026/04/29 15:44:32,854000,11.482
2026/04/29 15:44:32,855000,11.482
2026/04/29 15:44:32,856000,11.479
2026/04/29 15:44:32,857000,11.479
2026/04/29 15:44:32,858000,11.485
2026/04/29 15:44:32,859000,11.482
2026/04/29 15:44:32,860000,11.485
2026/04/29 15:44:32,861000,11.482
2026/04/29 15:44:32,862000,11.482
2026/04/29 15:44:32,863000,11.479
2026/04/29 15:44:32,864000,11.482
2026/04/29 15:44:32,865000,11.485
2026/04/29 15:44:32,866000,11.479
2026/04/29 15:44:32,867000,11.479
2026/04/29 15:44:32,868000,11.487
2026/04/29 15:44:32,869000,11.482
2026/04/29 15:44:32,870000,11.479
2026/04/29 15:44:32,871000,11.487
2026/04/29 15:44:32,872000,11.482
2026/04/29 15:44:32,873000,11.482
2026/04/29 15:44:32,874000,11.485
2026/04/29 15:44:32,875000,11.487
2026/04/29 15:44:32,876000,11.482
2026/04/29 15:44:32,877000,11.482
2026/04/29 15:44:32,878000,11.485
2026/04/29 15:44:32,879000,11.482
2026/04/29 15:44:32,880000,11.471
2026/04/29 15:44:32,881000,11.485
2026/04/29 15:44:32,882000,11.482
2026/04/29 15:44:32,883000,11.482
2026/04/29 15:44:32,884000,11.482
2026/04/29 15:44:32,885000,11.482
2026/04/29 15:44:32,886000,11.482
2026/04/29 15:44:32,887000,11.482
2026/04/29 15:44:32,888000,11.482
2026/04/29 15:44:32,889000,11.482
2026/04/29 15:44:32,890000,11.476
2026/04/29 15:44:32,891000,11.479
2026/04/29 15:44:32,892000,11.479
2026/04/29 15:44:32,893000,11.485
2026/04/29 15:44:32,894000,11.485
2026/04/29 15:44:32,895000,11.487
2026/04/29 15:44:32,896000,11.485
2026/04/29 15:44:32,897000,11.482
2026/04/29 15:44:32,898000,11.479
2026/04/29 15:44:32,899000,11.479
2026/04/29 15:44:32,900000,11.479
2026/04/29 15:44:32,901000,11.482
2026/04/29 15:44:32,902000,11.482
2026/04/29 15:44:32,903000,11.485
2026/04/29 15:44:32,904000,11.485
2026/04/29 15:44:32,905000,11.479
2026/04/29 15:44:32,906000,11.482
2026/04/29 15:44:32,907000,11.482
2026/04/29 15:44:32,908000,11.485
2026/04/29 15:44:32,909000,11.482
2026/04/29 15:44:32,910000,11.482
2026/04/29 15:44:32,911000,11.482
2026/04/29 15:44:32,912000,11.482
2026/04/29 15:44:32,913000,11.485
2026/04/29 15:44:32,914000,11.485
2026/04/29 15:44:32,915000,11.479
2026/04/29 15:44:32,916000,11.482
2026/04/29 15:44:32,917000,11.479
2026/04/29 15:44:32,918000,11.485
2026/04/29 15:44:32,919000,11.482
2026/04/29 15:44:32,920000,11.476
2026/04/29 15:44:32,921000,11.482
2026/04/29 15:44:32,922000,11.482
2026/04/29 15:44:32,923000,11.479
2026/04/29 15:44:32,924000,11.479
2026/04/29 15:44:32,925000,11.485
2026/04/29 15:44:32,926000,11.479
2026/04/29 15:44:32,927000,11.485
2026/04/29 15:44:32,928000,11.476
2026/04/29 15:44:32,929000,11.482
2026/04/29 15:44:32,930000,11.485
2026/04/29 15:44:32,931000,11.482
2026/04/29 15:44:32,932000,11.487
2026/04/29 15:44:32,933000,11.476
2026/04/29 15:44:32,934000,11.485
2026/04/29 15:44:32,935000,11.479
2026/04/29 15:44:32,936000,11.476
2026/04/29 15:44:32,937000,11.479
2026/04/29 15:44:32,938000,11.476
2026/04/29 15:44:32,939000,11.482
2026/04/29 15:44:32,940000,11.476
2026/04/29 15:44:32,941000,11.482
2026/04/29 15:44:32,942000,11.482
2026/04/29 15:44:32,943000,11.482
2026/04/29 15:44:32,944000,11.485
2026/04/29 15:44:32,945000,11.482
2026/04/29 15:44:32,946000,11.482
2026/04/29 15:44:32,947000,11.485
2026/04/29 15:44:32,948000,11.482
2026/04/29 15:44:32,949000,11.479
2026/04/29 15:44:32,950000,11.485
2026/04/29 15:44:32,951000,11.482
2026/04/29 15:44:32,952000,11.485
2026/04/29 15:44:32,953000,11.485
2026/04/29 15:44:32,954000,11.476
2026/04/29 15:44:32,955000,11.482
2026/04/29 15:44:32,956000,11.485
2026/04/29 15:44:32,957000,11.490
2026/04/29 15:44:32,958000,11.476
2026/04/29 15:44:32,959000,11.482
2026/04/29 15:44:32,960000,11.479
2026/04/29 15:44:32,961000,11.476
2026/04/29 15:44:32,962000,11.473
2026/04/29 15:44:32,963000,11.487
2026/04/29 15:44:32,964000,11.482
2026/04/29 15:44:32,965000,11.479
2026/04/29 15:44:32,966000,11.485
2026/04/29 15:44:32,967000,11.482
2026/04/29 15:44:32,968000,11.485
2026/04/29 15:44:32,969000,11.485
2026/04/29 15:44:32,970000,11.487
2026/04/29 15:44:32,971000,11.476
2026/04/29 15:44:32,972000,11.479
2026/04/29 15:44:32,973000,11.476
2026/04/29 15:44:32,974000,11.487
2026/04/29 15:44:32,975000,11.485
2026/04/29 15:44:32,976000,11.479
2026/04/29 15:44:32,977000,11.479
2026/04/29 15:44:32,978000,11.473
2026/04/29 15:44:32,979000,11.485
2026/04/29 15:44:32,980000,11.490
2026/04/29 15:44:32,981000,11.479
2026/04/29 15:44:32,982000,11.482
2026/04/29 15:44:32,983000,11.479
2026/04/29 15:44:32,984000,11.479
2026/04/29 15:44:32,985000,11.482
2026/04/29 15:44:32,986000,11.487
2026/04/29 15:44:32,987000,11.471
2026/04/29 15:44:32,988000,11.482
2026/04/29 15:44:32,989000,11.485
2026/04/29 15:44:32,990000,11.476
2026/04/29 15:44:32,991000,11.482
2026/04/29 15:44:32,992000,11.487
2026/04/29 15:44:32,993000,11.482
2026/04/29 15:44:32,994000,11.482
2026/04/29 15:44:32,995000,11.487
2026/04/29 15:44:32,996000,11.479
2026/04/29 15:44:32,997000,11.476
2026/04/29 15:44:32,998000,11.473
2026/04/29 15:44:32,999000,11.479
2026/04/29 15:44:33,000000,11.482
2026/04/29 15:44:33,001000,11.479
2026/04/29 15:44:33,002000,11.479
2026/04/29 15:44:33,003000,11.476
2026/04/29 15:44:33,004000,11.485
2026/04/29 15:44:33,005000,11.476
2026/04/29 15:44:33,006000,11.482
2026/04/29 15:44:33,007000,11.479
2026/04/29 15:44:33,008000,11.485
2026/04/29 15:44:33,009000,11.482
2026/04/29 15:44:33,010000,11.479
2026/04/29 15:44:33,011000,11.476
2026/04/29 15:44:33,012000,11.479
2026/04/29 15:44:33,013000,11.482
2026/04/29 15:44:33,014000,11.485
2026/04/29 15:44:33,015000,11.482
2026/04/29 15:44:33,016000,11.482
2026/04/29 15:44:33,017000,11.487
2026/04/29 15:44:33,018000,11.487
2026/04/29 15:44:33,019000,11.487
2026/04/29 15:44:33,020000,11.479
2026/04/29 15:44:33,021000,11.479
2026/04/29 15:44:33,022000,11.485
2026/04/29 15:44:33,023000,11.485
2026/04/29 15:44:33,024000,11.482
2026/04/29 15:44:33,025000,11.479
2026/04/29 15:44:33,026000,11.482
2026/04/29 15:44:33,027000,11.485
2026/04/29 15:44:33,028000,11.482
2026/04/29 15:44:33,029000,11.485
2026/04/29 15:44:33,030000,11.476
2026/04/29 15:44:33,031000,11.476
2026/04/29 15:44:33,032000,11.479
2026/04/29 15:44:33,033000,11.482
2026/04/29 15:44:33,034000,11.482
2026/04/29 15:44:33,035000,11.479
2026/04/29 15:44:33,036000,11.482
2026/04/29 15:44:33,037000,11.482
2026/04/29 15:44:33,038000,11.479
2026/04/29 15:44:33,039000,11.482
2026/04/29 15:44:33,040000,11.487
2026/04/29 15:44:33,041000,11.482
2026/04/29 15:44:33,042000,11.482
2026/04/29 15:44:33,043000,11.482
2026/04/29 15:44:33,044000,11.482
2026/04/29 15:44:33,045000,11.482
2026/04/29 15:44:33,046000,11.479
2026/04/29 15:44:33,047000,11.482
2026/04/29 15:44:33,048000,11.482
2026/04/29 15:44:33,049000,11.482
2026/04/29 15:44:33,050000,11.479
2026/04/29 15:44:33,051000,11.473
2026/04/29 15:44:33,052000,11.482
2026/04/29 15:44:33,053000,11.479
2026/04/29 15:44:33,054000,11.485
2026/04/29 15:44:33,055000,11.490
2026/04/29 15:44:33,056000,11.482
2026/04/29 15:44:33,057000,11.482
2026/04/29 15:44:33,058000,11.479
2026/04/29 15:44:33,059000,11.482
2026/04/29 15:44:33,060000,11.482
2026/04/29 15:44:33,061000,11.479
2026/04/29 15:44:33,062000,11.482
2026/04/29 15:44:33,063000,11.482
2026/04/29 15:44:33,064000,11.482
2026/04/29 15:44:33,065000,11.479
2026/04/29 15:44:33,066000,11.482
2026/04/29 15:44:33,067000,11.493
2026/04/29 15:44:33,068000,11.485
2026/04/29 15:44:33,069000,11.479
2026/04/29 15:44:33,070000,11.482
2026/04/29 15:44:33,071000,11.485
2026/04/29 15:44:33,072000,11.482
2026/04/29 15:44:33,073000,11.482
2026/04/29 15:44:33,074000,11.485
2026/04/29 15:44:33,075000,11.482
2026/04/29 15:44:33,076000,11.487
2026/04/29 15:44:33,077000,11.479
2026/04/29 15:44:33,078000,11.482
2026/04/29 15:44:33,079000,11.482
2026/04/29 15:44:33,080000,11.482
2026/04/29 15:44:33,081000,11.482
2026/04/29 15:44:33,082000,11.482
2026/04/29 15:44:33,083000,11.479
2026/04/29 15:44:33,084000,11.482
2026/04/29 15:44:33,085000,11.482
2026/04/29 15:44:33,086000,11.485
2026/04/29 15:44:33,087000,11.479
2026/04/29 15:44:33,088000,11.482
2026/04/29 15:44:33,089000,11.482
2026/04/29 15:44:33,090000,11.482
2026/04/29 15:44:33,091000,11.485
2026/04/29 15:44:33,092000,11.482
2026/04/29 15:44:33,093000,11.476
2026/04/29 15:44:33,094000,11.485
2026/04/29 15:44:33,095000,11.471
2026/04/29 15:44:33,096000,11.482
2026/04/29 15:44:33,097000,11.479
2026/04/29 15:44:33,098000,11.487
2026/04/29 15:44:33,099000,11.479
2026/04/29 15:44:33,100000,11.482
2026/04/29 15:44:33,101000,11.476
2026/04/29 15:44:33,102000,11.482
2026/04/29 15:44:33,103000,11.479
2026/04/29 15:44:33,104000,11.485
2026/04/29 15:44:33,105000,11.479
2026/04/29 15:44:33,106000,11.482
2026/04/29 15:44:33,107000,11.482
2026/04/29 15:44:33,108000,11.479
2026/04/29 15:44:33,109000,11.485
2026/04/29 15:44:33,110000,11.473
2026/04/29 15:44:33,111000,11.482
2026/04/29 15:44:33,112000,11.482
2026/04/29 15:44:33,113000,11.479
2026/04/29 15:44:33,114000,11.482
2026/04/29 15:44:33,115000,11.482
2026/04/29 15:44:33,116000,11.482
2026/04/29 15:44:33,117000,11.479
2026/04/29 15:44:33,118000,11.485
2026/04/29 15:44:33,119000,11.482
2026/04/29 15:44:33,120000,11.482
2026/04/29 15:44:33,121000,11.479
2026/04/29 15:44:33,122000,11.479
2026/04/29 15:44:33,123000,11.485
2026/04/29 15:44:33,124000,11.479
2026/04/29 15:44:33,125000,11.479
2026/04/29 15:44:33,126000,11.485
2026/04/29 15:44:33,127000,11.485
2026/04/29 15:44:33,128000,11.482
2026/04/29 15:44:33,129000,11.479
2026/04/29 15:44:33,130000,11.482
2026/04/29 15:44:33,131000,11.479
2026/04/29 15:44:33,132000,11.476
2026/04/29 15:44:33,133000,11.479
2026/04/29 15:44:33,134000,11.482
2026/04/29 15:44:33,135000,11.485
2026/04/29 15:44:33,136000,11.487
2026/04/29 15:44:33,137000,11.487
2026/04/29 15:44:33,138000,11.485
2026/04/29 15:44:33,139000,11.479
2026/04/29 15:44:33,140000,11.485
2026/04/29 15:44:33,141000,11.482
2026/04/29 15:44:33,142000,11.485
2026/04/29 15:44:33,143000,11.482
2026/04/29 15:44:33,144000,11.485
2026/04/29 15:44:33,145000,11.482
2026/04/29 15:44:33,146000,11.487
2026/04/29 15:44:33,147000,11.479
2026/04/29 15:44:33,148000,11.479
2026/04/29 15:44:33,149000,11.476
2026/04/29 15:44:33,150000,11.479
2026/04/29 15:44:33,151000,11.479
2026/04/29 15:44:33,152000,11.471
2026/04/29 15:44:33,153000,11.479
2026/04/29 15:44:33,154000,11.482
2026/04/29 15:44:33,155000,11.485
2026/04/29 15:44:33,156000,11.479
2026/04/29 15:44:33,157000,11.479
2026/04/29 15:44:33,158000,11.487
2026/04/29 15:44:33,159000,11.479
2026/04/29 15:44:33,160000,11.479
2026/04/29 15:44:33,161000,11.487
2026/04/29 15:44:33,162000,11.479
2026/04/29 15:44:33,163000,11.485
2026/04/29 15:44:33,164000,11.476
2026/04/29 15:44:33,165000,11.482
2026/04/29 15:44:33,166000,11.487
2026/04/29 15:44:33,167000,11.482
2026/04/29 15:44:33,168000,11.479
2026/04/29 15:44:33,169000,11.479
2026/04/29 15:44:33,170000,11.482
2026/04/29 15:44:33,171000,11.473
2026/04/29 15:44:33,172000,11.479
2026/04/29 15:44:33,173000,11.479
2026/04/29 15:44:33,174000,11.482
2026/04/29 15:44:33,175000,11.485
2026/04/29 15:44:33,176000,11.479
2026/04/29 15:44:33,177000,11.485
2026/04/29 15:44:33,178000,11.482
2026/04/29 15:44:33,179000,11.479
2026/04/29 15:44:33,180000,11.479
2026/04/29 15:44:33,181000,11.485
2026/04/29 15:44:33,182000,11.485
2026/04/29 15:44:33,183000,11.482
2026/04/29 15:44:33,184000,11.485
2026/04/29 15:44:33,185000,11.479
2026/04/29 15:44:33,186000,11.485
2026/04/29 15:44:33,187000,11.482
2026/04/29 15:44:33,188000,11.490
2026/04/29 15:44:33,189000,11.482
2026/04/29 15:44:33,190000,11.479
2026/04/29 15:44:33,191000,11.485
2026/04/29 15:44:33,192000,11.482
2026/04/29 15:44:33,193000,11.482
2026/04/29 15:44:33,194000,11.482
2026/04/29 15:44:33,195000,11.487
2026/04/29 15:44:33,196000,11.485
2026/04/29 15:44:33,197000,11.479
2026/04/29 15:44:33,198000,11.479
2026/04/29 15:44:33,199000,11.487
2026/04/29 15:44:33,200000,11.482
2026/04/29 15:44:33,201000,11.482
2026/04/29 15:44:33,202000,11.485
2026/04/29 15:44:33,203000,11.479
2026/04/29 15:44:33,204000,11.485
2026/04/29 15:44:33,205000,11.482
2026/04/29 15:44:33,206000,11.482
2026/04/29 15:44:33,207000,11.485
2026/04/29 15:44:33,208000,11.482
2026/04/29 15:44:33,209000,11.479
2026/04/29 15:44:33,210000,11.482
2026/04/29 15:44:33,211000,11.485
2026/04/29 15:44:33,212000,11.482
2026/04/29 15:44:33,213000,11.482
2026/04/29 15:44:33,214000,11.482
2026/04/29 15:44:33,215000,11.482
2026/04/29 15:44:33,216000,11.479
2026/04/29 15:44:33,217000,11.473
2026/04/29 15:44:33,218000,11.479
2026/04/29 15:44:33,219000,11.479
2026/04/29 15:44:33,220000,11.482
2026/04/29 15:44:33,221000,11.482
2026/04/29 15:44:33,222000,11.482
2026/04/29 15:44:33,223000,11.485
2026/04/29 15:44:33,224000,11.485
2026/04/29 15:44:33,225000,11.476
2026/04/29 15:44:33,226000,11.485
2026/04/29 15:44:33,227000,11.479
2026/04/29 15:44:33,228000,11.479
2026/04/29 15:44:33,229000,11.485
2026/04/29 15:44:33,230000,11.482
2026/04/29 15:44:33,231000,11.487
2026/04/29 15:44:33,232000,11.482
2026/04/29 15:44:33,233000,11.479
2026/04/29 15:44:33,234000,11.485
2026/04/29 15:44:33,235000,11.482
2026/04/29 15:44:33,236000,11.479
2026/04/29 15:44:33,237000,11.485
2026/04/29 15:44:33,238000,11.485
2026/04/29 15:44:33,239000,11.479
2026/04/29 15:44:33,240000,11.485
2026/04/29 15:44:33,241000,11.485
2026/04/29 15:44:33,242000,11.490
2026/04/29 15:44:33,243000,11.482
2026/04/29 15:44:33,244000,11.485
2026/04/29 15:44:33,245000,11.482
2026/04/29 15:44:33,246000,11.482
2026/04/29 15:44:33,247000,11.482
2026/04/29 15:44:33,248000,11.487
2026/04/29 15:44:33,249000,11.487
2026/04/29 15:44:33,250000,11.482
2026/04/29 15:44:33,251000,11.479
2026/04/29 15:44:33,252000,11.482
2026/04/29 15:44:33,253000,11.479
2026/04/29 15:44:33,254000,11.473
2026/04/29 15:44:33,255000,11.487
2026/04/29 15:44:33,256000,11.487
2026/04/29 15:44:33,257000,11.479
2026/04/29 15:44:33,258000,11.485
2026/04/29 15:44:33,259000,11.482
2026/04/29 15:44:33,260000,11.482
2026/04/29 15:44:33,261000,11.479
2026/04/29 15:44:33,262000,11.479
2026/04/29 15:44:33,263000,11.493
2026/04/29 15:44:33,264000,11.482
2026/04/29 15:44:33,265000,11.473
2026/04/29 15:44:33,266000,11.482
2026/04/29 15:44:33,267000,11.479
2026/04/29 15:44:33,268000,11.482
2026/04/29 15:44:33,269000,11.479
2026/04/29 15:44:33,270000,11.485
2026/04/29 15:44:33,271000,11.471
2026/04/29 15:44:33,272000,11.485
2026/04/29 15:44:33,273000,11.482
2026/04/29 15:44:33,274000,11.482
2026/04/29 15:44:33,275000,11.487
2026/04/29 15:44:33,276000,11.482
2026/04/29 15:44:33,277000,11.482
2026/04/29 15:44:33,278000,11.479
2026/04/29 15:44:33,279000,11.482
2026/04/29 15:44:33,280000,11.485
2026/04/29 15:44:33,281000,11.482
2026/04/29 15:44:33,282000,11.485
2026/04/29 15:44:33,283000,11.482
2026/04/29 15:44:33,284000,11.485
2026/04/29 15:44:33,285000,11.482
2026/04/29 15:44:33,286000,11.490
2026/04/29 15:44:33,287000,11.479
2026/04/29 15:44:33,288000,11.485
2026/04/29 15:44:33,289000,11.487
2026/04/29 15:44:33,290000,11.482
2026/04/29 15:44:33,291000,11.479
2026/04/29 15:44:33,292000,11.479
2026/04/29 15:44:33,293000,11.479
2026/04/29 15:44:33,294000,11.482
2026/04/29 15:44:33,295000,11.479
2026/04/29 15:44:33,296000,11.479
2026/04/29 15:44:33,297000,11.482
2026/04/29 15:44:33,298000,11.485
2026/04/29 15:44:33,299000,11.482
2026/04/29 15:44:33,300000,11.482
2026/04/29 15:44:33,301000,11.482
2026/04/29 15:44:33,302000,11.482
2026/04/29 15:44:33,303000,11.485
2026/04/29 15:44:33,304000,11.485
2026/04/29 15:44:33,305000,11.482
2026/04/29 15:44:33,306000,11.485
2026/04/29 15:44:33,307000,11.479
2026/04/29 15:44:33,308000,11.482
2026/04/29 15:44:33,309000,11.485
2026/04/29 15:44:33,310000,11.482
2026/04/29 15:44:33,311000,11.482
2026/04/29 15:44:33,312000,11.479
2026/04/29 15:44:33,313000,11.485
2026/04/29 15:44:33,314000,11.482
2026/04/29 15:44:33,315000,11.482
2026/04/29 15:44:33,316000,11.479
2026/04/29 15:44:33,317000,11.482
2026/04/29 15:44:33,318000,11.479
2026/04/29 15:44:33,319000,11.479
2026/04/29 15:44:33,320000,11.482
2026/04/29 15:44:33,321000,11.482
2026/04/29 15:44:33,322000,11.482
2026/04/29 15:44:33,323000,11.485
2026/04/29 15:44:33,324000,11.479
2026/04/29 15:44:33,325000,11.482
2026/04/29 15:44:33,326000,11.479
2026/04/29 15:44:33,327000,11.482
2026/04/29 15:44:33,328000,11.479
2026/04/29 15:44:33,329000,11.476
2026/04/29 15:44:33,330000,11.479
2026/04/29 15:44:33,331000,11.487
2026/04/29 15:44:33,332000,11.482
2026/04/29 15:44:33,333000,11.479
2026/04/29 15:44:33,334000,11.490
2026/04/29 15:44:33,335000,11.482
2026/04/29 15:44:33,336000,11.482
2026/04/29 15:44:33,337000,11.487
2026/04/29 15:44:33,338000,11.479
2026/04/29 15:44:33,339000,11.479
2026/04/29 15:44:33,340000,11.482
2026/04/29 15:44:33,341000,11.487
2026/04/29 15:44:33,342000,11.485
2026/04/29 15:44:33,343000,11.482
2026/04/29 15:44:33,344000,11.487
2026/04/29 15:44:33,345000,11.479
2026/04/29 15:44:33,346000,11.482
2026/04/29 15:44:33,347000,11.476
2026/04/29 15:44:33,348000,11.482
2026/04/29 15:44:33,349000,11.479
2026/04/29 15:44:33,350000,11.482
2026/04/29 15:44:33,351000,11.479
2026/04/29 15:44:33,352000,11.479
2026/04/29 15:44:33,353000,11.485
2026/04/29 15:44:33,354000,11.479
2026/04/29 15:44:33,355000,11.482
2026/04/29 15:44:33,356000,11.485
2026/04/29 15:44:33,357000,11.485
2026/04/29 15:44:33,358000,11.485
2026/04/29 15:44:33,359000,11.482
2026/04/29 15:44:33,360000,11.482
2026/04/29 15:44:33,361000,11.487
2026/04/29 15:44:33,362000,11.487
2026/04/29 15:44:33,363000,11.487
2026/04/29 15:44:33,364000,11.482
2026/04/29 15:44:33,365000,11.479
2026/04/29 15:44:33,366000,11.482
2026/04/29 15:44:33,367000,11.485
2026/04/29 15:44:33,368000,11.482
2026/04/29 15:44:33,369000,11.479
2026/04/29 15:44:33,370000,11.482
2026/04/29 15:44:33,371000,11.487
2026/04/29 15:44:33,372000,11.482
2026/04/29 15:44:33,373000,11.479
2026/04/29 15:44:33,374000,11.485
2026/04/29 15:44:33,375000,11.482
2026/04/29 15:44:33,376000,11.482
2026/04/29 15:44:33,377000,11.479
2026/04/29 15:44:33,378000,11.482
2026/04/29 15:44:33,379000,11.479
2026/04/29 15:44:33,380000,11.487
2026/04/29 15:44:33,381000,11.479
2026/04/29 15:44:33,382000,11.479
2026/04/29 15:44:33,383000,11.479
2026/04/29 15:44:33,384000,11.485
2026/04/29 15:44:33,385000,11.485
2026/04/29 15:44:33,386000,11.482
2026/04/29 15:44:33,387000,11.482
2026/04/29 15:44:33,388000,11.482
2026/04/29 15:44:33,389000,11.482
2026/04/29 15:44:33,390000,11.479
2026/04/29 15:44:33,391000,11.476
2026/04/29 15:44:33,392000,11.479
2026/04/29 15:44:33,393000,11.482
2026/04/29 15:44:33,394000,11.479
2026/04/29 15:44:33,395000,11.479
2026/04/29 15:44:33,396000,11.476
2026/04/29 15:44:33,397000,11.482
2026/04/29 15:44:33,398000,11.476
2026/04/29 15:44:33,399000,11.487
2026/04/29 15:44:33,400000,11.485
2026/04/29 15:44:33,401000,11.487
2026/04/29 15:44:33,402000,11.482
2026/04/29 15:44:33,403000,11.479
2026/04/29 15:44:33,404000,11.487
2026/04/29 15:44:33,405000,11.485
2026/04/29 15:44:33,406000,11.476
2026/04/29 15:44:33,407000,11.482
2026/04/29 15:44:33,408000,11.482
2026/04/29 15:44:33,409000,11.485
2026/04/29 15:44:33,410000,11.482
2026/04/29 15:44:33,411000,11.482
2026/04/29 15:44:33,412000,11.485
2026/04/29 15:44:33,413000,11.485
2026/04/29 15:44:33,414000,11.482
2026/04/29 15:44:33,415000,11.479
2026/04/29 15:44:33,416000,11.479
2026/04/29 15:44:33,417000,11.479
2026/04/29 15:44:33,418000,11.479
2026/04/29 15:44:33,419000,11.482
2026/04/29 15:44:33,420000,11.490
2026/04/29 15:44:33,421000,11.482
2026/04/29 15:44:33,422000,11.479
2026/04/29 15:44:33,423000,11.485
2026/04/29 15:44:33,424000,11.485
2026/04/29 15:44:33,425000,11.479
2026/04/29 15:44:33,426000,11.482
2026/04/29 15:44:33,427000,11.482
2026/04/29 15:44:33,428000,11.482
2026/04/29 15:44:33,429000,11.479
2026/04/29 15:44:33,430000,11.479
2026/04/29 15:44:33,431000,11.479
2026/04/29 15:44:33,432000,11.479
2026/04/29 15:44:33,433000,11.482
2026/04/29 15:44:33,434000,11.482
2026/04/29 15:44:33,435000,11.482
2026/04/29 15:44:33,436000,11.479
2026/04/29 15:44:33,437000,11.482
2026/04/29 15:44:33,438000,11.476
2026/04/29 15:44:33,439000,11.482
2026/04/29 15:44:33,440000,11.487
2026/04/29 15:44:33,441000,11.485
2026/04/29 15:44:33,442000,11.482
2026/04/29 15:44:33,443000,11.476
2026/04/29 15:44:33,444000,11.479
2026/04/29 15:44:33,445000,11.485
2026/04/29 15:44:33,446000,11.476
2026/04/29 15:44:33,447000,11.485
2026/04/29 15:44:33,448000,11.485
2026/04/29 15:44:33,449000,11.482
2026/04/29 15:44:33,450000,11.479
2026/04/29 15:44:33,451000,11.476
2026/04/29 15:44:33,452000,11.473
2026/04/29 15:44:33,453000,11.479
2026/04/29 15:44:33,454000,11.482
2026/04/29 15:44:33,455000,11.485
2026/04/29 15:44:33,456000,11.479
2026/04/29 15:44:33,457000,11.487
2026/04/29 15:44:33,458000,11.482
2026/04/29 15:44:33,459000,11.479
2026/04/29 15:44:33,460000,11.479
2026/04/29 15:44:33,461000,11.479
2026/04/29 15:44:33,462000,11.482
2026/04/29 15:44:33,463000,11.487
2026/04/29 15:44:33,464000,11.479
2026/04/29 15:44:33,465000,11.482
2026/04/29 15:44:33,466000,11.482
2026/04/29 15:44:33,467000,11.479
2026/04/29 15:44:33,468000,11.482
2026/04/29 15:44:33,469000,11.479
2026/04/29 15:44:33,470000,11.476
2026/04/29 15:44:33,471000,11.479
2026/04/29 15:44:33,472000,11.482
2026/04/29 15:44:33,473000,11.485
2026/04/29 15:44:33,474000,11.482
2026/04/29 15:44:33,475000,11.479
2026/04/29 15:44:33,476000,11.482
2026/04/29 15:44:33,477000,11.479
2026/04/29 15:44:33,478000,11.482
2026/04/29 15:44:33,479000,11.482
2026/04/29 15:44:33,480000,11.482
2026/04/29 15:44:33,481000,11.482
2026/04/29 15:44:33,482000,11.479
2026/04/29 15:44:33,483000,11.476
2026/04/29 15:44:33,484000,11.487
2026/04/29 15:44:33,485000,11.485
2026/04/29 15:44:33,486000,11.476
2026/04/29 15:44:33,487000,11.482
2026/04/29 15:44:33,488000,11.476
2026/04/29 15:44:33,489000,11.479
2026/04/29 15:44:33,490000,11.471
2026/04/29 15:44:33,491000,11.482
2026/04/29 15:44:33,492000,11.490
2026/04/29 15:44:33,493000,11.482
2026/04/29 15:44:33,494000,11.482
2026/04/29 15:44:33,495000,11.479
2026/04/29 15:44:33,496000,11.482
2026/04/29 15:44:33,497000,11.479
2026/04/29 15:44:33,498000,11.476
2026/04/29 15:44:33,499000,11.487
2026/04/29 15:44:33,500000,11.479
2026/04/29 15:44:33,501000,11.482
2026/04/29 15:44:33,502000,11.479
2026/04/29 15:44:33,503000,11.479
2026/04/29 15:44:33,504000,11.482
2026/04/29 15:44:33,505000,11.482
2026/04/29 15:44:33,506000,11.482
2026/04/29 15:44:33,507000,11.479
2026/04/29 15:44:33,508000,11.482
2026/04/29 15:44:33,509000,11.482
2026/04/29 15:44:33,510000,11.482
2026/04/29 15:44:33,511000,11.479
2026/04/29 15:44:33,512000,11.482
2026/04/29 15:44:33,513000,11.490
2026/04/29 15:44:33,514000,11.482
2026/04/29 15:44:33,515000,11.479
2026/04/29 15:44:33,516000,11.482
2026/04/29 15:44:33,517000,11.476
2026/04/29 15:44:33,518000,11.479
2026/04/29 15:44:33,519000,11.479
2026/04/29 15:44:33,520000,11.479
2026/04/29 15:44:33,521000,11.482
2026/04/29 15:44:33,522000,11.479
2026/04/29 15:44:33,523000,11.485
2026/04/29 15:44:33,524000,11.485
2026/04/29 15:44:33,525000,11.485
2026/04/29 15:44:33,526000,11.479
2026/04/29 15:44:33,527000,11.479
2026/04/29 15:44:33,528000,11.482
2026/04/29 15:44:33,529000,11.479
2026/04/29 15:44:33,530000,11.485
2026/04/29 15:44:33,531000,11.479
2026/04/29 15:44:33,532000,11.471
2026/04/29 15:44:33,533000,11.482
2026/04/29 15:44:33,534000,11.476
2026/04/29 15:44:33,535000,11.482
2026/04/29 15:44:33,536000,11.479
2026/04/29 15:44:33,537000,11.482
2026/04/29 15:44:33,538000,11.482
2026/04/29 15:44:33,539000,11.485
2026/04/29 15:44:33,540000,11.479
2026/04/29 15:44:33,541000,11.485
2026/04/29 15:44:33,542000,11.485
2026/04/29 15:44:33,543000,11.482
2026/04/29 15:44:33,544000,11.485
2026/04/29 15:44:33,545000,11.482
2026/04/29 15:44:33,546000,11.482
2026/04/29 15:44:33,547000,11.485
2026/04/29 15:44:33,548000,11.479
2026/04/29 15:44:33,549000,11.487
2026/04/29 15:44:33,550000,11.482
2026/04/29 15:44:33,551000,11.482
2026/04/29 15:44:33,552000,11.479
2026/04/29 15:44:33,553000,11.485
2026/04/29 15:44:33,554000,11.479
2026/04/29 15:44:33,555000,11.476
2026/04/29 15:44:33,556000,11.485
2026/04/29 15:44:33,557000,11.482
2026/04/29 15:44:33,558000,11.479
2026/04/29 15:44:33,559000,11.482
2026/04/29 15:44:33,560000,11.476
2026/04/29 15:44:33,561000,11.476
2026/04/29 15:44:33,562000,11.487
2026/04/29 15:44:33,563000,11.482
2026/04/29 15:44:33,564000,11.485
2026/04/29 15:44:33,565000,11.482
2026/04/29 15:44:33,566000,11.482
2026/04/29 15:44:33,567000,11.476
2026/04/29 15:44:33,568000,11.476
2026/04/29 15:44:33,569000,11.482
2026/04/29 15:44:33,570000,11.473
2026/04/29 15:44:33,571000,11.479
2026/04/29 15:44:33,572000,11.479
2026/04/29 15:44:33,573000,11.479
2026/04/29 15:44:33,574000,11.482
2026/04/29 15:44:33,575000,11.479
2026/04/29 15:44:33,576000,11.479
2026/04/29 15:44:33,577000,11.479
2026/04/29 15:44:33,578000,11.482
2026/04/29 15:44:33,579000,11.482
2026/04/29 15:44:33,580000,11.479
2026/04/29 15:44:33,581000,11.479
2026/04/29 15:44:33,582000,11.482
2026/04/29 15:44:33,583000,11.482
2026/04/29 15:44:33,584000,11.485
2026/04/29 15:44:33,585000,11.482
2026/04/29 15:44:33,586000,11.482
2026/04/29 15:44:33,587000,11.479
2026/04/29 15:44:33,588000,11.485
2026/04/29 15:44:33,589000,11.482
2026/04/29 15:44:33,590000,11.482
2026/04/29 15:44:33,591000,11.482
2026/04/29 15:44:33,592000,11.482
2026/04/29 15:44:33,593000,11.482
2026/04/29 15:44:33,594000,11.482
2026/04/29 15:44:33,595000,11.487
2026/04/29 15:44:33,596000,11.482
2026/04/29 15:44:33,597000,11.482
2026/04/29 15:44:33,598000,11.493
2026/04/29 15:44:33,599000,11.482
2026/04/29 15:44:33,600000,11.482
2026/04/29 15:44:33,601000,11.485
2026/04/29 15:44:33,602000,11.482
2026/04/29 15:44:33,603000,11.479
2026/04/29 15:44:33,604000,11.479
2026/04/29 15:44:33,605000,11.485
2026/04/29 15:44:33,606000,11.482
2026/04/29 15:44:33,607000,11.482
2026/04/29 15:44:33,608000,11.482
2026/04/29 15:44:33,609000,11.482
2026/04/29 15:44:33,610000,11.482
2026/04/29 15:44:33,611000,11.482
2026/04/29 15:44:33,612000,11.479
2026/04/29 15:44:33,613000,11.479
2026/04/29 15:44:33,614000,11.476
2026/04/29 15:44:33,615000,11.487
2026/04/29 15:44:33,616000,11.482
2026/04/29 15:44:33,617000,11.479
2026/04/29 15:44:33,618000,11.485
2026/04/29 15:44:33,619000,11.482
2026/04/29 15:44:33,620000,11.487
2026/04/29 15:44:33,621000,11.479
2026/04/29 15:44:33,622000,11.479
2026/04/29 15:44:33,623000,11.485
2026/04/29 15:44:33,624000,11.482
2026/04/29 15:44:33,625000,11.479
2026/04/29 15:44:33,626000,11.482
2026/04/29 15:44:33,627000,11.485
2026/04/29 15:44:33,628000,11.482
2026/04/29 15:44:33,629000,11.485
2026/04/29 15:44:33,630000,11.482
2026/04/29 15:44:33,631000,11.479
2026/04/29 15:44:33,632000,11.487
2026/04/29 15:44:33,633000,11.482
2026/04/29 15:44:33,634000,11.485
2026/04/29 15:44:33,635000,11.482
2026/04/29 15:44:33,636000,11.487
2026/04/29 15:44:33,637000,11.479
2026/04/29 15:44:33,638000,11.476
2026/04/29 15:44:33,639000,11.485
2026/04/29 15:44:33,640000,11.479
2026/04/29 15:44:33,641000,11.485
2026/04/29 15:44:33,642000,11.485
2026/04/29 15:44:33,643000,11.487
2026/04/29 15:44:33,644000,11.482
2026/04/29 15:44:33,645000,11.485
2026/04/29 15:44:33,646000,11.487
2026/04/29 15:44:33,647000,11.479
2026/04/29 15:44:33,648000,11.485
2026/04/29 15:44:33,649000,11.479
2026/04/29 15:44:33,650000,11.482
2026/04/29 15:44:33,651000,11.479
2026/04/29 15:44:33,652000,11.479
2026/04/29 15:44:33,653000,11.487
2026/04/29 15:44:33,654000,11.482
2026/04/29 15:44:33,655000,11.482
2026/04/29 15:44:33,656000,11.482
2026/04/29 15:44:33,657000,11.485
2026/04/29 15:44:33,658000,11.479
2026/04/29 15:44:33,659000,11.487
2026/04/29 15:44:33,660000,11.479
2026/04/29 15:44:33,661000,11.485
2026/04/29 15:44:33,662000,11.482
2026/04/29 15:44:33,663000,11.479
2026/04/29 15:44:33,664000,11.476
2026/04/29 15:44:33,665000,11.482
2026/04/29 15:44:33,666000,11.482
2026/04/29 15:44:33,667000,11.490
2026/04/29 15:44:33,668000,11.487
2026/04/29 15:44:33,669000,11.482
2026/04/29 15:44:33,670000,11.482
2026/04/29 15:44:33,671000,11.485
2026/04/29 15:44:33,672000,11.485
2026/04/29 15:44:33,673000,11.485
2026/04/29 15:44:33,674000,11.485
2026/04/29 15:44:33,675000,11.490
2026/04/29 15:44:33,676000,11.485
2026/04/29 15:44:33,677000,11.479
2026/04/29 15:44:33,678000,11.490
2026/04/29 15:44:33,679000,11.482
2026/04/29 15:44:33,680000,11.479
2026/04/29 15:44:33,681000,11.482
2026/04/29 15:44:33,682000,11.485
2026/04/29 15:44:33,683000,11.482
2026/04/29 15:44:33,684000,11.482
2026/04/29 15:44:33,685000,11.482
2026/04/29 15:44:33,686000,11.490
2026/04/29 15:44:33,687000,11.482
2026/04/29 15:44:33,688000,11.487
2026/04/29 15:44:33,689000,11.485
2026/04/29 15:44:33,690000,11.479
2026/04/29 15:44:33,691000,11.485
2026/04/29 15:44:33,692000,11.482
2026/04/29 15:44:33,693000,11.482
2026/04/29 15:44:33,694000,11.485
2026/04/29 15:44:33,695000,11.485
2026/04/29 15:44:33,696000,11.490
2026/04/29 15:44:33,697000,11.485
2026/04/29 15:44:33,698000,11.485
2026/04/29 15:44:33,699000,11.487
2026/04/29 15:44:33,700000,11.487
2026/04/29 15:44:33,701000,11.476
2026/04/29 15:44:33,702000,11.487
2026/04/29 15:44:33,703000,11.479
2026/04/29 15:44:33,704000,11.482
2026/04/29 15:44:33,705000,11.487
2026/04/29 15:44:33,706000,11.485
2026/04/29 15:44:33,707000,11.485
2026/04/29 15:44:33,708000,11.490
2026/04/29 15:44:33,709000,11.485
2026/04/29 15:44:33,710000,11.482
2026/04/29 15:44:33,711000,11.487
2026/04/29 15:44:33,712000,11.485
2026/04/29 15:44:33,713000,11.479
2026/04/29 15:44:33,714000,11.487
2026/04/29 15:44:33,715000,11.482
2026/04/29 15:44:33,716000,11.485
2026/04/29 15:44:33,717000,11.487
2026/04/29 15:44:33,718000,11.482
2026/04/29 15:44:33,719000,11.485
2026/04/29 15:44:33,720000,11.485
2026/04/29 15:44:33,721000,11.485
2026/04/29 15:44:33,722000,11.487
2026/04/29 15:44:33,723000,11.479
2026/04/29 15:44:33,724000,11.479
2026/04/29 15:44:33,725000,11.485
2026/04/29 15:44:33,726000,11.485
2026/04/29 15:44:33,727000,11.490
2026/04/29 15:44:33,728000,11.482
2026/04/29 15:44:33,729000,11.482
2026/04/29 15:44:33,730000,11.487
2026/04/29 15:44:33,731000,11.482
2026/04/29 15:44:33,732000,11.485
2026/04/29 15:44:33,733000,11.482
2026/04/29 15:44:33,734000,11.487
2026/04/29 15:44:33,735000,11.479
2026/04/29 15:44:33,736000,11.490
2026/04/29 15:44:33,737000,11.476
2026/04/29 15:44:33,738000,11.487
2026/04/29 15:44:33,739000,11.487
2026/04/29 15:44:33,740000,11.485
2026/04/29 15:44:33,741000,11.482
2026/04/29 15:44:33,742000,11.482
2026/04/29 15:44:33,743000,11.482
2026/04/29 15:44:33,744000,11.485
2026/04/29 15:44:33,745000,11.482
2026/04/29 15:44:33,746000,11.482
2026/04/29 15:44:33,747000,11.482
2026/04/29 15:44:33,748000,11.485
2026/04/29 15:44:33,749000,11.485
2026/04/29 15:44:33,750000,11.482
2026/04/29 15:44:33,751000,11.482
2026/04/29 15:44:33,752000,11.482
2026/04/29 15:44:33,753000,11.479
2026/04/29 15:44:33,754000,11.485
2026/04/29 15:44:33,755000,11.487
2026/04/29 15:44:33,756000,11.485
2026/04/29 15:44:33,757000,11.487
2026/04/29 15:44:33,758000,11.490
2026/04/29 15:44:33,759000,11.479
2026/04/29 15:44:33,760000,11.485
2026/04/29 15:44:33,761000,11.485
2026/04/29 15:44:33,762000,11.485
2026/04/29 15:44:33,763000,11.485
2026/04/29 15:44:33,764000,11.485
2026/04/29 15:44:33,765000,11.482
2026/04/29 15:44:33,766000,11.487
2026/04/29 15:44:33,767000,11.485
2026/04/29 15:44:33,768000,11.482
2026/04/29 15:44:33,769000,11.482
2026/04/29 15:44:33,770000,11.487
2026/04/29 15:44:33,771000,11.479
2026/04/29 15:44:33,772000,11.485
2026/04/29 15:44:33,773000,11.485
2026/04/29 15:44:33,774000,11.482
2026/04/29 15:44:33,775000,11.485
2026/04/29 15:44:33,776000,11.482
2026/04/29 15:44:33,777000,11.482
2026/04/29 15:44:33,778000,11.482
2026/04/29 15:44:33,779000,11.482
2026/04/29 15:44:33,780000,11.482
2026/04/29 15:44:33,781000,11.487
2026/04/29 15:44:33,782000,11.482
2026/04/29 15:44:33,783000,11.490
2026/04/29 15:44:33,784000,11.479
2026/04/29 15:44:33,785000,11.476
2026/04/29 15:44:33,786000,11.487
2026/04/29 15:44:33,787000,11.485
2026/04/29 15:44:33,788000,11.482
2026/04/29 15:44:33,789000,11.487
2026/04/29 15:44:33,790000,11.482
2026/04/29 15:44:33,791000,11.479
2026/04/29 15:44:33,792000,11.485
2026/04/29 15:44:33,793000,11.485
2026/04/29 15:44:33,794000,11.487
2026/04/29 15:44:33,795000,11.479
2026/04/29 15:44:33,796000,11.485
2026/04/29 15:44:33,797000,11.487
2026/04/29 15:44:33,798000,11.485
2026/04/29 15:44:33,799000,11.487
2026/04/29 15:44:33,800000,11.485
2026/04/29 15:44:33,801000,11.479
2026/04/29 15:44:33,802000,11.485
2026/04/29 15:44:33,803000,11.487
2026/04/29 15:44:33,804000,11.482
2026/04/29 15:44:33,805000,11.482
2026/04/29 15:44:33,806000,11.482
2026/04/29 15:44:33,807000,11.485
2026/04/29 15:44:33,808000,11.485
2026/04/29 15:44:33,809000,11.482
2026/04/29 15:44:33,810000,11.485
2026/04/29 15:44:33,811000,11.485
2026/04/29 15:44:33,812000,11.485
2026/04/29 15:44:33,813000,11.490
2026/04/29 15:44:33,814000,11.487
2026/04/29 15:44:33,815000,11.482
2026/04/29 15:44:33,816000,11.482
2026/04/29 15:44:33,817000,11.482
2026/04/29 15:44:33,818000,11.482
2026/04/29 15:44:33,819000,11.482
2026/04/29 15:44:33,820000,11.487
2026/04/29 15:44:33,821000,11.482
2026/04/29 15:44:33,822000,11.482
2026/04/29 15:44:33,823000,11.485
2026/04/29 15:44:33,824000,11.479
2026/04/29 15:44:33,825000,11.485
2026/04/29 15:44:33,826000,11.490
2026/04/29 15:44:33,827000,11.482
2026/04/29 15:44:33,828000,11.479
2026/04/29 15:44:33,829000,11.487
2026/04/29 15:44:33,830000,11.485
2026/04/29 15:44:33,831000,11.485
2026/04/29 15:44:33,832000,11.485
2026/04/29 15:44:33,833000,11.485
2026/04/29 15:44:33,834000,11.482
2026/04/29 15:44:33,835000,11.485
2026/04/29 15:44:33,836000,11.479
2026/04/29 15:44:33,837000,11.482
2026/04/29 15:44:33,838000,11.487
2026/04/29 15:44:33,839000,11.485
2026/04/29 15:44:33,840000,11.487
2026/04/29 15:44:33,841000,11.479
2026/04/29 15:44:33,842000,11.482
2026/04/29 15:44:33,843000,11.482
2026/04/29 15:44:33,844000,11.482
2026/04/29 15:44:33,845000,11.482
2026/04/29 15:44:33,846000,11.482
2026/04/29 15:44:33,847000,11.485
2026/04/29 15:44:33,848000,11.485
2026/04/29 15:44:33,849000,11.482
2026/04/29 15:44:33,850000,11.482
2026/04/29 15:44:33,851000,11.487
2026/04/29 15:44:33,852000,11.482
2026/04/29 15:44:33,853000,11.482
2026/04/29 15:44:33,854000,11.482
2026/04/29 15:44:33,855000,11.482
2026/04/29 15:44:33,856000,11.485
2026/04/29 15:44:33,857000,11.476
2026/04/29 15:44:33,858000,11.485
2026/04/29 15:44:33,859000,11.482
2026/04/29 15:44:33,860000,11.482
2026/04/29 15:44:33,861000,11.476
2026/04/29 15:44:33,862000,11.487
2026/04/29 15:44:33,863000,11.482
2026/04/29 15:44:33,864000,11.485
2026/04/29 15:44:33,865000,11.482
2026/04/29 15:44:33,866000,11.485
2026/04/29 15:44:33,867000,11.487
2026/04/29 15:44:33,868000,11.487
2026/04/29 15:44:33,869000,11.482
2026/04/29 15:44:33,870000,11.482
2026/04/29 15:44:33,871000,11.479
2026/04/29 15:44:33,872000,11.479
2026/04/29 15:44:33,873000,11.485
2026/04/29 15:44:33,874000,11.487
2026/04/29 15:44:33,875000,11.482
2026/04/29 15:44:33,876000,11.479
2026/04/29 15:44:33,877000,11.476
2026/04/29 15:44:33,878000,11.485
2026/04/29 15:44:33,879000,11.479
2026/04/29 15:44:33,880000,11.485
2026/04/29 15:44:33,881000,11.485
2026/04/29 15:44:33,882000,11.485
2026/04/29 15:44:33,883000,11.485
2026/04/29 15:44:33,884000,11.479
2026/04/29 15:44:33,885000,11.479
2026/04/29 15:44:33,886000,11.471
2026/04/29 15:44:33,887000,11.485
2026/04/29 15:44:33,888000,11.485
2026/04/29 15:44:33,889000,11.479
2026/04/29 15:44:33,890000,11.482
2026/04/29 15:44:33,891000,11.479
2026/04/29 15:44:33,892000,11.479
2026/04/29 15:44:33,893000,11.479
2026/04/29 15:44:33,894000,11.482
2026/04/29 15:44:33,895000,11.482
2026/04/29 15:44:33,896000,11.485
2026/04/29 15:44:33,897000,11.485
2026/04/29 15:44:33,898000,11.482
2026/04/29 15:44:33,899000,11.482
2026/04/29 15:44:33,900000,11.487
2026/04/29 15:44:33,901000,11.485
2026/04/29 15:44:33,902000,11.476
2026/04/29 15:44:33,903000,11.482
2026/04/29 15:44:33,904000,11.482
2026/04/29 15:44:33,905000,11.482
2026/04/29 15:44:33,906000,11.479
2026/04/29 15:44:33,907000,11.479
2026/04/29 15:44:33,908000,11.482
2026/04/29 15:44:33,909000,11.482
2026/04/29 15:44:33,910000,11.482
2026/04/29 15:44:33,911000,11.482
2026/04/29 15:44:33,912000,11.485
2026/04/29 15:44:33,913000,11.482
2026/04/29 15:44:33,914000,11.482
2026/04/29 15:44:33,915000,11.482
2026/04/29 15:44:33,916000,11.482
2026/04/29 15:44:33,917000,11.473
2026/04/29 15:44:33,918000,11.482
2026/04/29 15:44:33,919000,11.482
2026/04/29 15:44:33,920000,11.482
2026/04/29 15:44:33,921000,11.479
2026/04/29 15:44:33,922000,11.479
2026/04/29 15:44:33,923000,11.476
2026/04/29 15:44:33,924000,11.485
2026/04/29 15:44:33,925000,11.485
2026/04/29 15:44:33,926000,11.479
2026/04/29 15:44:33,927000,11.482
2026/04/29 15:44:33,928000,11.479
2026/04/29 15:44:33,929000,11.482
2026/04/29 15:44:33,930000,11.490
2026/04/29 15:44:33,931000,11.473
2026/04/29 15:44:33,932000,11.482
2026/04/29 15:44:33,933000,11.476
2026/04/29 15:44:33,934000,11.485
2026/04/29 15:44:33,935000,11.482
2026/04/29 15:44:33,936000,11.485
2026/04/29 15:44:33,937000,11.476
2026/04/29 15:44:33,938000,11.479
2026/04/29 15:44:33,939000,11.482
2026/04/29 15:44:33,940000,11.479
2026/04/29 15:44:33,941000,11.482
2026/04/29 15:44:33,942000,11.471
2026/04/29 15:44:33,943000,11.482
2026/04/29 15:44:33,944000,11.479
2026/04/29 15:44:33,945000,11.479
2026/04/29 15:44:33,946000,11.482
2026/04/29 15:44:33,947000,11.485
2026/04/29 15:44:33,948000,11.479
2026/04/29 15:44:33,949000,11.487
2026/04/29 15:44:33,950000,11.482
2026/04/29 15:44:33,951000,11.482
2026/04/29 15:44:33,952000,11.487
2026/04/29 15:44:33,953000,11.482
2026/04/29 15:44:33,954000,11.485
2026/04/29 15:44:33,955000,11.485
2026/04/29 15:44:33,956000,11.482
2026/04/29 15:44:33,957000,11.485
2026/04/29 15:44:33,958000,11.482
2026/04/29 15:44:33,959000,11.482
2026/04/29 15:44:33,960000,11.482
2026/04/29 15:44:33,961000,11.485
2026/04/29 15:44:33,962000,11.479
2026/04/29 15:44:33,963000,11.482
2026/04/29 15:44:33,964000,11.479
2026/04/29 15:44:33,965000,11.482
2026/04/29 15:44:33,966000,11.482
2026/04/29 15:44:33,967000,11.482
2026/04/29 15:44:33,968000,11.476
2026/04/29 15:44:33,969000,11.485
2026/04/29 15:44:33,970000,11.482
2026/04/29 15:44:33,971000,11.482
2026/04/29 15:44:33,972000,11.487
2026/04/29 15:44:33,973000,11.479
2026/04/29 15:44:33,974000,11.476
2026/04/29 15:44:33,975000,11.482
2026/04/29 15:44:33,976000,11.479
2026/04/29 15:44:33,977000,11.476
2026/04/29 15:44:33,978000,11.476
2026/04/29 15:44:33,979000,11.479
2026/04/29 15:44:33,980000,11.482
2026/04/29 15:44:33,981000,11.479
2026/04/29 15:44:33,982000,11.482
2026/04/29 15:44:33,983000,11.482
2026/04/29 15:44:33,984000,11.485
2026/04/29 15:44:33,985000,11.487
2026/04/29 15:44:33,986000,11.479
2026/04/29 15:44:33,987000,11.482
2026/04/29 15:44:33,988000,11.482
2026/04/29 15:44:33,989000,11.476
2026/04/29 15:44:33,990000,11.479
2026/04/29 15:44:33,991000,11.487
2026/04/29 15:44:33,992000,11.482
2026/04/29 15:44:33,993000,11.476
2026/04/29 15:44:33,994000,11.476
2026/04/29 15:44:33,995000,11.482
2026/04/29 15:44:33,996000,11.482
2026/04/29 15:44:33,997000,11.476
2026/04/29 15:44:33,998000,11.482
2026/04/29 15:44:33,999000,11.479
2026/04/29 15:44:34,000000,11.476
2026/04/29 15:44:34,001000,11.482
2026/04/29 15:44:34,002000,11.479
2026/04/29 15:44:34,003000,11.482
2026/04/29 15:44:34,004000,11.490
2026/04/29 15:44:34,005000,11.485
2026/04/29 15:44:34,006000,11.476
2026/04/29 15:44:34,007000,11.485
2026/04/29 15:44:34,008000,11.482
2026/04/29 15:44:34,009000,11.476
2026/04/29 15:44:34,010000,11.479
2026/04/29 15:44:34,011000,11.485
2026/04/29 15:44:34,012000,11.485
2026/04/29 15:44:34,013000,11.482
2026/04/29 15:44:34,014000,11.485
2026/04/29 15:44:34,015000,11.482
2026/04/29 15:44:34,016000,11.476
2026/04/29 15:44:34,017000,11.482
2026/04/29 15:44:34,018000,11.479
2026/04/29 15:44:34,019000,11.485
2026/04/29 15:44:34,020000,11.482
2026/04/29 15:44:34,021000,11.485
2026/04/29 15:44:34,022000,11.487
2026/04/29 15:44:34,023000,11.479
2026/04/29 15:44:34,024000,11.485
2026/04/29 15:44:34,025000,11.482
2026/04/29 15:44:34,026000,11.479
2026/04/29 15:44:34,027000,11.487
2026/04/29 15:44:34,028000,11.476
2026/04/29 15:44:34,029000,11.482
2026/04/29 15:44:34,030000,11.482
2026/04/29 15:44:34,031000,11.487
2026/04/29 15:44:34,032000,11.482
2026/04/29 15:44:34,033000,11.482
2026/04/29 15:44:34,034000,11.485
2026/04/29 15:44:34,035000,11.487
2026/04/29 15:44:34,036000,11.487
2026/04/29 15:44:34,037000,11.485
2026/04/29 15:44:34,038000,11.482
2026/04/29 15:44:34,039000,11.490
2026/04/29 15:44:34,040000,11.482
2026/04/29 15:44:34,041000,11.490
2026/04/29 15:44:34,042000,11.485
2026/04/29 15:44:34,043000,11.482
2026/04/29 15:44:34,044000,11.479
2026/04/29 15:44:34,045000,11.485
2026/04/29 15:44:34,046000,11.485
2026/04/29 15:44:34,047000,11.482
2026/04/29 15:44:34,048000,11.485
2026/04/29 15:44:34,049000,11.479
2026/04/29 15:44:34,050000,11.479
2026/04/29 15:44:34,051000,11.479
2026/04/29 15:44:34,052000,11.485
2026/04/29 15:44:34,053000,11.485
2026/04/29 15:44:34,054000,11.479
2026/04/29 15:44:34,055000,11.485
2026/04/29 15:44:34,056000,11.487
2026/04/29 15:44:34,057000,11.485
2026/04/29 15:44:34,058000,11.482
2026/04/29 15:44:34,059000,11.482
2026/04/29 15:44:34,060000,11.487
2026/04/29 15:44:34,061000,11.485
2026/04/29 15:44:34,062000,11.487
2026/04/29 15:44:34,063000,11.479
2026/04/29 15:44:34,064000,11.485
2026/04/29 15:44:34,065000,11.479
2026/04/29 15:44:34,066000,11.479
2026/04/29 15:44:34,067000,11.482
2026/04/29 15:44:34,068000,11.476
2026/04/29 15:44:34,069000,11.482
2026/04/29 15:44:34,070000,11.479
2026/04/29 15:44:34,071000,11.482
2026/04/29 15:44:34,072000,11.479
2026/04/29 15:44:34,073000,11.485
2026/04/29 15:44:34,074000,11.482
2026/04/29 15:44:34,075000,11.490
2026/04/29 15:44:34,076000,11.487
2026/04/29 15:44:34,077000,11.476
2026/04/29 15:44:34,078000,11.476
2026/04/29 15:44:34,079000,11.471
2026/04/29 15:44:34,080000,11.485
2026/04/29 15:44:34,081000,11.479
2026/04/29 15:44:34,082000,11.487
2026/04/29 15:44:34,083000,11.479
2026/04/29 15:44:34,084000,11.476
2026/04/29 15:44:34,085000,11.482
2026/04/29 15:44:34,086000,11.487
2026/04/29 15:44:34,087000,11.482
2026/04/29 15:44:34,088000,11.479
2026/04/29 15:44:34,089000,11.479
2026/04/29 15:44:34,090000,11.476
2026/04/29 15:44:34,091000,11.487
2026/04/29 15:44:34,092000,11.485
2026/04/29 15:44:34,093000,11.479
2026/04/29 15:44:34,094000,11.479
2026/04/29 15:44:34,095000,11.485
2026/04/29 15:44:34,096000,11.485
2026/04/29 15:44:34,097000,11.482
2026/04/29 15:44:34,098000,11.482
2026/04/29 15:44:34,099000,11.482
2026/04/29 15:44:34,100000,11.482
2026/04/29 15:44:34,101000,11.479
2026/04/29 15:44:34,102000,11.476
2026/04/29 15:44:34,103000,11.482
2026/04/29 15:44:34,104000,11.482
2026/04/29 15:44:34,105000,11.479
2026/04/29 15:44:34,106000,11.482
2026/04/29 15:44:34,107000,11.476
2026/04/29 15:44:34,108000,11.482
2026/04/29 15:44:34,109000,11.482
2026/04/29 15:44:34,110000,11.482
2026/04/29 15:44:34,111000,11.479
2026/04/29 15:44:34,112000,11.485
2026/04/29 15:44:34,113000,11.482
2026/04/29 15:44:34,114000,11.490
2026/04/29 15:44:34,115000,11.485
2026/04/29 15:44:34,116000,11.479
2026/04/29 15:44:34,117000,11.479
2026/04/29 15:44:34,118000,11.482
2026/04/29 15:44:34,119000,11.482
2026/04/29 15:44:34,120000,11.479
2026/04/29 15:44:34,121000,11.482
2026/04/29 15:44:34,122000,11.485
2026/04/29 15:44:34,123000,11.479
2026/04/29 15:44:34,124000,11.485
2026/04/29 15:44:34,125000,11.482
2026/04/29 15:44:34,126000,11.482
2026/04/29 15:44:34,127000,11.485
2026/04/29 15:44:34,128000,11.479
2026/04/29 15:44:34,129000,11.485
2026/04/29 15:44:34,130000,11.482
2026/04/29 15:44:34,131000,11.479
2026/04/29 15:44:34,132000,11.482
2026/04/29 15:44:34,133000,11.482
2026/04/29 15:44:34,134000,11.487
2026/04/29 15:44:34,135000,11.487
2026/04/29 15:44:34,136000,11.479
2026/04/29 15:44:34,137000,11.487
2026/04/29 15:44:34,138000,11.485
2026/04/29 15:44:34,139000,11.482
2026/04/29 15:44:34,140000,11.479
2026/04/29 15:44:34,141000,11.482
2026/04/29 15:44:34,142000,11.479
2026/04/29 15:44:34,143000,11.482
2026/04/29 15:44:34,144000,11.482
2026/04/29 15:44:34,145000,11.482
2026/04/29 15:44:34,146000,11.482
2026/04/29 15:44:34,147000,11.473
2026/04/29 15:44:34,148000,11.485
2026/04/29 15:44:34,149000,11.482
2026/04/29 15:44:34,150000,11.490
2026/04/29 15:44:34,151000,11.485
2026/04/29 15:44:34,152000,11.482
2026/04/29 15:44:34,153000,11.482
2026/04/29 15:44:34,154000,11.482
2026/04/29 15:44:34,155000,11.485
2026/04/29 15:44:34,156000,11.482
2026/04/29 15:44:34,157000,11.482
2026/04/29 15:44:34,158000,11.482
2026/04/29 15:44:34,159000,11.482
2026/04/29 15:44:34,160000,11.482
2026/04/29 15:44:34,161000,11.479
2026/04/29 15:44:34,162000,11.487
2026/04/29 15:44:34,163000,11.485
2026/04/29 15:44:34,164000,11.482
2026/04/29 15:44:34,165000,11.479
2026/04/29 15:44:34,166000,11.482
2026/04/29 15:44:34,167000,11.482
2026/04/29 15:44:34,168000,11.479
2026/04/29 15:44:34,169000,11.482
2026/04/29 15:44:34,170000,11.485
2026/04/29 15:44:34,171000,11.482
2026/04/29 15:44:34,172000,11.479
2026/04/29 15:44:34,173000,11.479
2026/04/29 15:44:34,174000,11.482
2026/04/29 15:44:34,175000,11.471
2026/04/29 15:44:34,176000,11.482
2026/04/29 15:44:34,177000,11.487
2026/04/29 15:44:34,178000,11.482
2026/04/29 15:44:34,179000,11.482
2026/04/29 15:44:34,180000,11.482
2026/04/29 15:44:34,181000,11.476
2026/04/29 15:44:34,182000,11.485
2026/04/29 15:44:34,183000,11.482
2026/04/29 15:44:34,184000,11.485
2026/04/29 15:44:34,185000,11.476
2026/04/29 15:44:34,186000,11.476
2026/04/29 15:44:34,187000,11.482
2026/04/29 15:44:34,188000,11.487
2026/04/29 15:44:34,189000,11.487
2026/04/29 15:44:34,190000,11.485
2026/04/29 15:44:34,191000,11.485
2026/04/29 15:44:34,192000,11.485
2026/04/29 15:44:34,193000,11.482
2026/04/29 15:44:34,194000,11.482
2026/04/29 15:44:34,195000,11.482
2026/04/29 15:44:34,196000,11.479
2026/04/29 15:44:34,197000,11.485
2026/04/29 15:44:34,198000,11.482
2026/04/29 15:44:34,199000,11.487
2026/04/29 15:44:34,200000,11.476
2026/04/29 15:44:34,201000,11.482
2026/04/29 15:44:34,202000,11.485
2026/04/29 15:44:34,203000,11.479
2026/04/29 15:44:34,204000,11.485
2026/04/29 15:44:34,205000,11.490
2026/04/29 15:44:34,206000,11.476
2026/04/29 15:44:34,207000,11.482
2026/04/29 15:44:34,208000,11.479
2026/04/29 15:44:34,209000,11.482
2026/04/29 15:44:34,210000,11.482
2026/04/29 15:44:34,211000,11.487
2026/04/29 15:44:34,212000,11.485
2026/04/29 15:44:34,213000,11.482
2026/04/29 15:44:34,214000,11.482
2026/04/29 15:44:34,215000,11.485
2026/04/29 15:44:34,216000,11.485
2026/04/29 15:44:34,217000,11.479
2026/04/29 15:44:34,218000,11.485
2026/04/29 15:44:34,219000,11.487
2026/04/29 15:44:34,220000,11.482
2026/04/29 15:44:34,221000,11.485
2026/04/29 15:44:34,222000,11.485
2026/04/29 15:44:34,223000,11.479
2026/04/29 15:44:34,224000,11.485
2026/04/29 15:44:34,225000,11.485
2026/04/29 15:44:34,226000,11.485
2026/04/29 15:44:34,227000,11.482
2026/04/29 15:44:34,228000,11.479
2026/04/29 15:44:34,229000,11.485
2026/04/29 15:44:34,230000,11.476
2026/04/29 15:44:34,231000,11.482
2026/04/29 15:44:34,232000,11.479
2026/04/29 15:44:34,233000,11.482
2026/04/29 15:44:34,234000,11.482
2026/04/29 15:44:34,235000,11.482
2026/04/29 15:44:34,236000,11.479
2026/04/29 15:44:34,237000,11.485
2026/04/29 15:44:34,238000,11.485
2026/04/29 15:44:34,239000,11.485
2026/04/29 15:44:34,240000,11.482
2026/04/29 15:44:34,241000,11.485
2026/04/29 15:44:34,242000,11.485
2026/04/29 15:44:34,243000,11.482
2026/04/29 15:44:34,244000,11.487
2026/04/29 15:44:34,245000,11.487
2026/04/29 15:44:34,246000,11.479
2026/04/29 15:44:34,247000,11.482
2026/04/29 15:44:34,248000,11.476
2026/04/29 15:44:34,249000,11.485
2026/04/29 15:44:34,250000,11.482
2026/04/29 15:44:34,251000,11.485
2026/04/29 15:44:34,252000,11.485
2026/04/29 15:44:34,253000,11.490
2026/04/29 15:44:34,254000,11.482
2026/04/29 15:44:34,255000,11.482
2026/04/29 15:44:34,256000,11.485
2026/04/29 15:44:34,257000,11.490
2026/04/29 15:44:34,258000,11.487
2026/04/29 15:44:34,259000,11.485
2026/04/29 15:44:34,260000,11.487
2026/04/29 15:44:34,261000,11.487
2026/04/29 15:44:34,262000,11.487
2026/04/29 15:44:34,263000,11.485
2026/04/29 15:44:34,264000,11.482
2026/04/29 15:44:34,265000,11.482
2026/04/29 15:44:34,266000,11.490
2026/04/29 15:44:34,267000,11.485
2026/04/29 15:44:34,268000,11.485
2026/04/29 15:44:34,269000,11.490
2026/04/29 15:44:34,270000,11.485
2026/04/29 15:44:34,271000,11.485
2026/04/29 15:44:34,272000,11.482
2026/04/29 15:44:34,273000,11.485
2026/04/29 15:44:34,274000,11.482
2026/04/29 15:44:34,275000,11.487
2026/04/29 15:44:34,276000,11.487
2026/04/29 15:44:34,277000,11.487
2026/04/29 15:44:34,278000,11.482
2026/04/29 15:44:34,279000,11.482
2026/04/29 15:44:34,280000,11.482
2026/04/29 15:44:34,281000,11.490
2026/04/29 15:44:34,282000,11.485
2026/04/29 15:44:34,283000,11.482
2026/04/29 15:44:34,284000,11.479
2026/04/29 15:44:34,285000,11.482
2026/04/29 15:44:34,286000,11.485
2026/04/29 15:44:34,287000,11.487
2026/04/29 15:44:34,288000,11.487
2026/04/29 15:44:34,289000,11.482
2026/04/29 15:44:34,290000,11.485
2026/04/29 15:44:34,291000,11.482
2026/04/29 15:44:34,292000,11.485
2026/04/29 15:44:34,293000,11.479
2026/04/29 15:44:34,294000,11.485
2026/04/29 15:44:34,295000,11.482
2026/04/29 15:44:34,296000,11.482
2026/04/29 15:44:34,297000,11.490
2026/04/29 15:44:34,298000,11.487
2026/04/29 15:44:34,299000,11.485
2026/04/29 15:44:34,300000,11.485
2026/04/29 15:44:34,301000,11.485
2026/04/29 15:44:34,302000,11.485
2026/04/29 15:44:34,303000,11.479
2026/04/29 15:44:34,304000,11.482
2026/04/29 15:44:34,305000,11.485
2026/04/29 15:44:34,306000,11.479
2026/04/29 15:44:34,307000,11.487
2026/04/29 15:44:34,308000,11.479
2026/04/29 15:44:34,309000,11.482
2026/04/29 15:44:34,310000,11.479
2026/04/29 15:44:34,311000,11.487
2026/04/29 15:44:34,312000,11.485
2026/04/29 15:44:34,313000,11.482
2026/04/29 15:44:34,314000,11.485
2026/04/29 15:44:34,315000,11.490
2026/04/29 15:44:34,316000,11.485
2026/04/29 15:44:34,317000,11.482
2026/04/29 15:44:34,318000,11.487
2026/04/29 15:44:34,319000,11.482
2026/04/29 15:44:34,320000,11.487
2026/04/29 15:44:34,321000,11.485
2026/04/29 15:44:34,322000,11.479
2026/04/29 15:44:34,323000,11.487
2026/04/29 15:44:34,324000,11.482
2026/04/29 15:44:34,325000,11.482
2026/04/29 15:44:34,326000,11.482
2026/04/29 15:44:34,327000,11.485
2026/04/29 15:44:34,328000,11.485
2026/04/29 15:44:34,329000,11.482
2026/04/29 15:44:34,330000,11.490
2026/04/29 15:44:34,331000,11.487
2026/04/29 15:44:34,332000,11.487
2026/04/29 15:44:34,333000,11.476
2026/04/29 15:44:34,334000,11.479
2026/04/29 15:44:34,335000,11.487
2026/04/29 15:44:34,336000,11.482
2026/04/29 15:44:34,337000,11.479
2026/04/29 15:44:34,338000,11.482
2026/04/29 15:44:34,339000,11.479
2026/04/29 15:44:34,340000,11.485
2026/04/29 15:44:34,341000,11.487
2026/04/29 15:44:34,342000,11.479
2026/04/29 15:44:34,343000,11.479
2026/04/29 15:44:34,344000,11.490
2026/04/29 15:44:34,345000,11.479
2026/04/29 15:44:34,346000,11.479
2026/04/29 15:44:34,347000,11.482
2026/04/29 15:44:34,348000,11.487
2026/04/29 15:44:34,349000,11.479
2026/04/29 15:44:34,350000,11.482
2026/04/29 15:44:34,351000,11.479
2026/04/29 15:44:34,352000,11.482
2026/04/29 15:44:34,353000,11.485
2026/04/29 15:44:34,354000,11.482
2026/04/29 15:44:34,355000,11.482
2026/04/29 15:44:34,356000,11.482
2026/04/29 15:44:34,357000,11.487
2026/04/29 15:44:34,358000,11.485
2026/04/29 15:44:34,359000,11.490
2026/04/29 15:44:34,360000,11.485
2026/04/29 15:44:34,361000,11.487
2026/04/29 15:44:34,362000,11.479
2026/04/29 15:44:34,363000,11.482
2026/04/29 15:44:34,364000,11.485
2026/04/29 15:44:34,365000,11.485
2026/04/29 15:44:34,366000,11.482
2026/04/29 15:44:34,367000,11.482
2026/04/29 15:44:34,368000,11.482
2026/04/29 15:44:34,369000,11.482
2026/04/29 15:44:34,370000,11.482
2026/04/29 15:44:34,371000,11.482
2026/04/29 15:44:34,372000,11.485
2026/04/29 15:44:34,373000,11.479
2026/04/29 15:44:34,374000,11.479
2026/04/29 15:44:34,375000,11.476
2026/04/29 15:44:34,376000,11.476
2026/04/29 15:44:34,377000,11.485
2026/04/29 15:44:34,378000,11.482
2026/04/29 15:44:34,379000,11.490
2026/04/29 15:44:34,380000,11.482
2026/04/29 15:44:34,381000,11.485
2026/04/29 15:44:34,382000,11.485
2026/04/29 15:44:34,383000,11.482
2026/04/29 15:44:34,384000,11.479
2026/04/29 15:44:34,385000,11.482
2026/04/29 15:44:34,386000,11.479
2026/04/29 15:44:34,387000,11.482
2026/04/29 15:44:34,388000,11.485
2026/04/29 15:44:34,389000,11.479
2026/04/29 15:44:34,390000,11.482
2026/04/29 15:44:34,391000,11.479
2026/04/29 15:44:34,392000,11.479
2026/04/29 15:44:34,393000,11.485
2026/04/29 15:44:34,394000,11.479
2026/04/29 15:44:34,395000,11.485
2026/04/29 15:44:34,396000,11.493
2026/04/29 15:44:34,397000,11.479
2026/04/29 15:44:34,398000,11.487
2026/04/29 15:44:34,399000,11.482
2026/04/29 15:44:34,400000,11.485
2026/04/29 15:44:34,401000,11.482
2026/04/29 15:44:34,402000,11.479
2026/04/29 15:44:34,403000,11.479
2026/04/29 15:44:34,404000,11.482
2026/04/29 15:44:34,405000,11.482
2026/04/29 15:44:34,406000,11.487
2026/04/29 15:44:34,407000,11.485
2026/04/29 15:44:34,408000,11.482
2026/04/29 15:44:34,409000,11.479
2026/04/29 15:44:34,410000,11.479
2026/04/29 15:44:34,411000,11.482
2026/04/29 15:44:34,412000,11.482
2026/04/29 15:44:34,413000,11.476
2026/04/29 15:44:34,414000,11.482
2026/04/29 15:44:34,415000,11.479
2026/04/29 15:44:34,416000,11.482
2026/04/29 15:44:34,417000,11.479
2026/04/29 15:44:34,418000,11.479
2026/04/29 15:44:34,419000,11.485
2026/04/29 15:44:34,420000,11.482
2026/04/29 15:44:34,421000,11.479
2026/04/29 15:44:34,422000,11.479
2026/04/29 15:44:34,423000,11.482
2026/04/29 15:44:34,424000,11.479
2026/04/29 15:44:34,425000,11.479
2026/04/29 15:44:34,426000,11.487
2026/04/29 15:44:34,427000,11.485
2026/04/29 15:44:34,428000,11.482
2026/04/29 15:44:34,429000,11.482
2026/04/29 15:44:34,430000,11.479
2026/04/29 15:44:34,431000,11.490
2026/04/29 15:44:34,432000,11.482
2026/04/29 15:44:34,433000,11.482
2026/04/29 15:44:34,434000,11.485
2026/04/29 15:44:34,435000,11.482
2026/04/29 15:44:34,436000,11.479
2026/04/29 15:44:34,437000,11.482
2026/04/29 15:44:34,438000,11.476
2026/04/29 15:44:34,439000,11.482
2026/04/29 15:44:34,440000,11.482
2026/04/29 15:44:34,441000,11.485
2026/04/29 15:44:34,442000,11.487
2026/04/29 15:44:34,443000,11.482
2026/04/29 15:44:34,444000,11.485
2026/04/29 15:44:34,445000,11.482
2026/04/29 15:44:34,446000,11.479
2026/04/29 15:44:34,447000,11.487
2026/04/29 15:44:34,448000,11.485
2026/04/29 15:44:34,449000,11.487
2026/04/29 15:44:34,450000,11.479
2026/04/29 15:44:34,451000,11.482
2026/04/29 15:44:34,452000,11.485
2026/04/29 15:44:34,453000,11.482
2026/04/29 15:44:34,454000,11.485
2026/04/29 15:44:34,455000,11.479
2026/04/29 15:44:34,456000,11.476
2026/04/29 15:44:34,457000,11.476
2026/04/29 15:44:34,458000,11.487
2026/04/29 15:44:34,459000,11.485
2026/04/29 15:44:34,460000,11.476
2026/04/29 15:44:34,461000,11.482
2026/04/29 15:44:34,462000,11.485
2026/04/29 15:44:34,463000,11.482
2026/04/29 15:44:34,464000,11.479
2026/04/29 15:44:34,465000,11.479
2026/04/29 15:44:34,466000,11.487
2026/04/29 15:44:34,467000,11.482
2026/04/29 15:44:34,468000,11.485
2026/04/29 15:44:34,469000,11.479
2026/04/29 15:44:34,470000,11.482
2026/04/29 15:44:34,471000,11.485
2026/04/29 15:44:34,472000,11.487
2026/04/29 15:44:34,473000,11.479
2026/04/29 15:44:34,474000,11.485
2026/04/29 15:44:34,475000,11.482
2026/04/29 15:44:34,476000,11.479
2026/04/29 15:44:34,477000,11.479
2026/04/29 15:44:34,478000,11.482
2026/04/29 15:44:34,479000,11.482
2026/04/29 15:44:34,480000,11.487
2026/04/29 15:44:34,481000,11.476
2026/04/29 15:44:34,482000,11.479
2026/04/29 15:44:34,483000,11.479
2026/04/29 15:44:34,484000,11.482
2026/04/29 15:44:34,485000,11.485
2026/04/29 15:44:34,486000,11.482
2026/04/29 15:44:34,487000,11.487
2026/04/29 15:44:34,488000,11.479
2026/04/29 15:44:34,489000,11.471
2026/04/29 15:44:34,490000,11.476
2026/04/29 15:44:34,491000,11.482
2026/04/29 15:44:34,492000,11.479
2026/04/29 15:44:34,493000,11.479
2026/04/29 15:44:34,494000,11.482
2026/04/29 15:44:34,495000,11.479
2026/04/29 15:44:34,496000,11.485
2026/04/29 15:44:34,497000,11.487
2026/04/29 15:44:34,498000,11.479
2026/04/29 15:44:34,499000,11.482
2026/04/29 15:44:34,500000,11.485
2026/04/29 15:44:34,501000,11.482
2026/04/29 15:44:34,502000,11.482
2026/04/29 15:44:34,503000,11.482
2026/04/29 15:44:34,504000,11.482
2026/04/29 15:44:34,505000,11.482
2026/04/29 15:44:34,506000,11.482
2026/04/29 15:44:34,507000,11.476
2026/04/29 15:44:34,508000,11.482
2026/04/29 15:44:34,509000,11.476
2026/04/29 15:44:34,510000,11.482
2026/04/29 15:44:34,511000,11.479
2026/04/29 15:44:34,512000,11.482
2026/04/29 15:44:34,513000,11.479
2026/04/29 15:44:34,514000,11.479
2026/04/29 15:44:34,515000,11.471
2026/04/29 15:44:34,516000,11.479
2026/04/29 15:44:34,517000,11.479
2026/04/29 15:44:34,518000,11.479
2026/04/29 15:44:34,519000,11.482
2026/04/29 15:44:34,520000,11.482
2026/04/29 15:44:34,521000,11.476
2026/04/29 15:44:34,522000,11.476
2026/04/29 15:44:34,523000,11.479
2026/04/29 15:44:34,524000,11.479
2026/04/29 15:44:34,525000,11.479
2026/04/29 15:44:34,526000,11.471
2026/04/29 15:44:34,527000,11.482
2026/04/29 15:44:34,528000,11.485
2026/04/29 15:44:34,529000,11.485
2026/04/29 15:44:34,530000,11.482
2026/04/29 15:44:34,531000,11.476
2026/04/29 15:44:34,532000,11.482
2026/04/29 15:44:34,533000,11.482
2026/04/29 15:44:34,534000,11.479
2026/04/29 15:44:34,535000,11.485
2026/04/29 15:44:34,536000,11.479
2026/04/29 15:44:34,537000,11.482
2026/04/29 15:44:34,538000,11.479
2026/04/29 15:44:34,539000,11.482
2026/04/29 15:44:34,540000,11.479
2026/04/29 15:44:34,541000,11.482
2026/04/29 15:44:34,542000,11.485
2026/04/29 15:44:34,543000,11.482
2026/04/29 15:44:34,544000,11.482
2026/04/29 15:44:34,545000,11.490
2026/04/29 15:44:34,546000,11.482
2026/04/29 15:44:34,547000,11.485
2026/04/29 15:44:34,548000,11.487
2026/04/29 15:44:34,549000,11.482
2026/04/29 15:44:34,550000,11.482
2026/04/29 15:44:34,551000,11.482
2026/04/29 15:44:34,552000,11.485
2026/04/29 15:44:34,553000,11.479
2026/04/29 15:44:34,554000,11.479
2026/04/29 15:44:34,555000,11.482
2026/04/29 15:44:34,556000,11.485
2026/04/29 15:44:34,557000,11.487
2026/04/29 15:44:34,558000,11.479
2026/04/29 15:44:34,559000,11.476
2026/04/29 15:44:34,560000,11.479
2026/04/29 15:44:34,561000,11.482
2026/04/29 15:44:34,562000,11.479
2026/04/29 15:44:34,563000,11.476
2026/04/29 15:44:34,564000,11.476
2026/04/29 15:44:34,565000,11.479
2026/04/29 15:44:34,566000,11.479
2026/04/29 15:44:34,567000,11.479
2026/04/29 15:44:34,568000,11.482
2026/04/29 15:44:34,569000,11.479
2026/04/29 15:44:34,570000,11.485
2026/04/29 15:44:34,571000,11.487
2026/04/29 15:44:34,572000,11.479
2026/04/29 15:44:34,573000,11.485
2026/04/29 15:44:34,574000,11.479
2026/04/29 15:44:34,575000,11.479
2026/04/29 15:44:34,576000,11.482
2026/04/29 15:44:34,577000,11.482
2026/04/29 15:44:34,578000,11.482
2026/04/29 15:44:34,579000,11.482
2026/04/29 15:44:34,580000,11.482
2026/04/29 15:44:34,581000,11.479
2026/04/29 15:44:34,582000,11.479
2026/04/29 15:44:34,583000,11.471
2026/04/29 15:44:34,584000,11.482
2026/04/29 15:44:34,585000,11.479
2026/04/29 15:44:34,586000,11.479
2026/04/29 15:44:34,587000,11.479
2026/04/29 15:44:34,588000,11.485
2026/04/29 15:44:34,589000,11.479
2026/04/29 15:44:34,590000,11.485
2026/04/29 15:44:34,591000,11.482
2026/04/29 15:44:34,592000,11.479
2026/04/29 15:44:34,593000,11.482
2026/04/29 15:44:34,594000,11.485
2026/04/29 15:44:34,595000,11.485
2026/04/29 15:44:34,596000,11.482
2026/04/29 15:44:34,597000,11.490
2026/04/29 15:44:34,598000,11.479
2026/04/29 15:44:34,599000,11.482
2026/04/29 15:44:34,600000,11.482
2026/04/29 15:44:34,601000,11.490
2026/04/29 15:44:34,602000,11.485
2026/04/29 15:44:34,603000,11.476
2026/04/29 15:44:34,604000,11.482
2026/04/29 15:44:34,605000,11.482
2026/04/29 15:44:34,606000,11.479
2026/04/29 15:44:34,607000,11.482
2026/04/29 15:44:34,608000,11.482
2026/04/29 15:44:34,609000,11.482
2026/04/29 15:44:34,610000,11.482
2026/04/29 15:44:34,611000,11.485
2026/04/29 15:44:34,612000,11.485
2026/04/29 15:44:34,613000,11.485
2026/04/29 15:44:34,614000,11.473
2026/04/29 15:44:34,615000,11.479
2026/04/29 15:44:34,616000,11.476
2026/04/29 15:44:34,617000,11.485
2026/04/29 15:44:34,618000,11.482
2026/04/29 15:44:34,619000,11.479
2026/04/29 15:44:34,620000,11.479
2026/04/29 15:44:34,621000,11.482
2026/04/29 15:44:34,622000,11.482
2026/04/29 15:44:34,623000,11.476
2026/04/29 15:44:34,624000,11.479
2026/04/29 15:44:34,625000,11.482
2026/04/29 15:44:34,626000,11.482
2026/04/29 15:44:34,627000,11.482
2026/04/29 15:44:34,628000,11.485
2026/04/29 15:44:34,629000,11.487
2026/04/29 15:44:34,630000,11.479
2026/04/29 15:44:34,631000,11.482
2026/04/29 15:44:34,632000,11.473
2026/04/29 15:44:34,633000,11.485
2026/04/29 15:44:34,634000,11.482
2026/04/29 15:44:34,635000,11.476
2026/04/29 15:44:34,636000,11.482
2026/04/29 15:44:34,637000,11.479
2026/04/29 15:44:34,638000,11.476
2026/04/29 15:44:34,639000,11.482
2026/04/29 15:44:34,640000,11.482
2026/04/29 15:44:34,641000,11.479
2026/04/29 15:44:34,642000,11.482
2026/04/29 15:44:34,643000,11.482
2026/04/29 15:44:34,644000,11.479
2026/04/29 15:44:34,645000,11.479
2026/04/29 15:44:34,646000,11.476
2026/04/29 15:44:34,647000,11.482
2026/04/29 15:44:34,648000,11.479
2026/04/29 15:44:34,649000,11.482
2026/04/29 15:44:34,650000,11.479
2026/04/29 15:44:34,651000,11.482
2026/04/29 15:44:34,652000,11.482
2026/04/29 15:44:34,653000,11.482
2026/04/29 15:44:34,654000,11.485
2026/04/29 15:44:34,655000,11.479
2026/04/29 15:44:34,656000,11.485
2026/04/29 15:44:34,657000,11.485
2026/04/29 15:44:34,658000,11.482
2026/04/29 15:44:34,659000,11.482
2026/04/29 15:44:34,660000,11.482
2026/04/29 15:44:34,661000,11.482
2026/04/29 15:44:34,662000,11.482
2026/04/29 15:44:34,663000,11.485
2026/04/29 15:44:34,664000,11.479
2026/04/29 15:44:34,665000,11.482
2026/04/29 15:44:34,666000,11.482
2026/04/29 15:44:34,667000,11.482
2026/04/29 15:44:34,668000,11.485
2026/04/29 15:44:34,669000,11.479
2026/04/29 15:44:34,670000,11.476
2026/04/29 15:44:34,671000,11.482
2026/04/29 15:44:34,672000,11.482
2026/04/29 15:44:34,673000,11.479
2026/04/29 15:44:34,674000,11.479
2026/04/29 15:44:34,675000,11.482
2026/04/29 15:44:34,676000,11.487
2026/04/29 15:44:34,677000,11.482
2026/04/29 15:44:34,678000,11.482
2026/04/29 15:44:34,679000,11.476
2026/04/29 15:44:34,680000,11.485
2026/04/29 15:44:34,681000,11.487
2026/04/29 15:44:34,682000,11.479
2026/04/29 15:44:34,683000,11.482
2026/04/29 15:44:34,684000,11.482
2026/04/29 15:44:34,685000,11.482
2026/04/29 15:44:34,686000,11.479
2026/04/29 15:44:34,687000,11.485
2026/04/29 15:44:34,688000,11.482
2026/04/29 15:44:34,689000,11.476
2026/04/29 15:44:34,690000,11.485
2026/04/29 15:44:34,691000,11.482
2026/04/29 15:44:34,692000,11.485
2026/04/29 15:44:34,693000,11.482
2026/04/29 15:44:34,694000,11.485
2026/04/29 15:44:34,695000,11.482
2026/04/29 15:44:34,696000,11.482
2026/04/29 15:44:34,697000,11.485
2026/04/29 15:44:34,698000,11.479
2026/04/29 15:44:34,699000,11.479
2026/04/29 15:44:34,700000,11.485
2026/04/29 15:44:34,701000,11.479
2026/04/29 15:44:34,702000,11.479
2026/04/29 15:44:34,703000,11.482
2026/04/29 15:44:34,704000,11.485
2026/04/29 15:44:34,705000,11.476
2026/04/29 15:44:34,706000,11.479
2026/04/29 15:44:34,707000,11.487
2026/04/29 15:44:34,708000,11.479
2026/04/29 15:44:34,709000,11.479
2026/04/29 15:44:34,710000,11.490
2026/04/29 15:44:34,711000,11.482
2026/04/29 15:44:34,712000,11.482
2026/04/29 15:44:34,713000,11.479
2026/04/29 15:44:34,714000,11.485
2026/04/29 15:44:34,715000,11.482
2026/04/29 15:44:34,716000,11.479
2026/04/29 15:44:34,717000,11.485
2026/04/29 15:44:34,718000,11.490
2026/04/29 15:44:34,719000,11.482
2026/04/29 15:44:34,720000,11.485
2026/04/29 15:44:34,721000,11.493
2026/04/29 15:44:34,722000,11.482
2026/04/29 15:44:34,723000,11.487
2026/04/29 15:44:34,724000,11.482
2026/04/29 15:44:34,725000,11.487
2026/04/29 15:44:34,726000,11.476
2026/04/29 15:44:34,727000,11.482
2026/04/29 15:44:34,728000,11.479
2026/04/29 15:44:34,729000,11.485
2026/04/29 15:44:34,730000,11.485
2026/04/29 15:44:34,731000,11.479
2026/04/29 15:44:34,732000,11.482
2026/04/29 15:44:34,733000,11.482
2026/04/29 15:44:34,734000,11.482
2026/04/29 15:44:34,735000,11.482
2026/04/29 15:44:34,736000,11.482
2026/04/29 15:44:34,737000,11.485
2026/04/29 15:44:34,738000,11.490
2026/04/29 15:44:34,739000,11.487
2026/04/29 15:44:34,740000,11.485
2026/04/29 15:44:34,741000,11.479
2026/04/29 15:44:34,742000,11.487
2026/04/29 15:44:34,743000,11.482
2026/04/29 15:44:34,744000,11.479
2026/04/29 15:44:34,745000,11.482
2026/04/29 15:44:34,746000,11.482
2026/04/29 15:44:34,747000,11.479
2026/04/29 15:44:34,748000,11.485
2026/04/29 15:44:34,749000,11.487
2026/04/29 15:44:34,750000,11.482
2026/04/29 15:44:34,751000,11.487
2026/04/29 15:44:34,752000,11.479
2026/04/29 15:44:34,753000,11.479
2026/04/29 15:44:34,754000,11.482
2026/04/29 15:44:34,755000,11.493
2026/04/29 15:44:34,756000,11.493
2026/04/29 15:44:34,757000,11.485
2026/04/29 15:44:34,758000,11.482
2026/04/29 15:44:34,759000,11.482
2026/04/29 15:44:34,760000,11.479
2026/04/29 15:44:34,761000,11.479
2026/04/29 15:44:34,762000,11.490
2026/04/29 15:44:34,763000,11.487
2026/04/29 15:44:34,764000,11.482
2026/04/29 15:44:34,765000,11.482
2026/04/29 15:44:34,766000,11.479
2026/04/29 15:44:34,767000,11.485
2026/04/29 15:44:34,768000,11.485
2026/04/29 15:44:34,769000,11.485
2026/04/29 15:44:34,770000,11.485
2026/04/29 15:44:34,771000,11.485
2026/04/29 15:44:34,772000,11.485
2026/04/29 15:44:34,773000,11.479
2026/04/29 15:44:34,774000,11.485
2026/04/29 15:44:34,775000,11.482
2026/04/29 15:44:34,776000,11.482
2026/04/29 15:44:34,777000,11.482
2026/04/29 15:44:34,778000,11.482
2026/04/29 15:44:34,779000,11.485
2026/04/29 15:44:34,780000,11.479
2026/04/29 15:44:34,781000,11.482
2026/04/29 15:44:34,782000,11.485
2026/04/29 15:44:34,783000,11.485
2026/04/29 15:44:34,784000,11.487
2026/04/29 15:44:34,785000,11.490
2026/04/29 15:44:34,786000,11.482
2026/04/29 15:44:34,787000,11.487
2026/04/29 15:44:34,788000,11.479
2026/04/29 15:44:34,789000,11.482
2026/04/29 15:44:34,790000,11.485
2026/04/29 15:44:34,791000,11.490
2026/04/29 15:44:34,792000,11.487
2026/04/29 15:44:34,793000,11.482
2026/04/29 15:44:34,794000,11.476
2026/04/29 15:44:34,795000,11.482
2026/04/29 15:44:34,796000,11.479
2026/04/29 15:44:34,797000,11.482
2026/04/29 15:44:34,798000,11.479
2026/04/29 15:44:34,799000,11.482
2026/04/29 15:44:34,800000,11.485
2026/04/29 15:44:34,801000,11.479
2026/04/29 15:44:34,802000,11.482
2026/04/29 15:44:34,803000,11.482
2026/04/29 15:44:34,804000,11.482
2026/04/29 15:44:34,805000,11.487
2026/04/29 15:44:34,806000,11.485
2026/04/29 15:44:34,807000,11.482
2026/04/29 15:44:34,808000,11.482
2026/04/29 15:44:34,809000,11.482
2026/04/29 15:44:34,810000,11.479
2026/04/29 15:44:34,811000,11.482
2026/04/29 15:44:34,812000,11.490
2026/04/29 15:44:34,813000,11.487
2026/04/29 15:44:34,814000,11.482
2026/04/29 15:44:34,815000,11.482
2026/04/29 15:44:34,816000,11.482
2026/04/29 15:44:34,817000,11.482
2026/04/29 15:44:34,818000,11.482
2026/04/29 15:44:34,819000,11.487
2026/04/29 15:44:34,820000,11.490
2026/04/29 15:44:34,821000,11.485
2026/04/29 15:44:34,822000,11.482
2026/04/29 15:44:34,823000,11.482
2026/04/29 15:44:34,824000,11.482
2026/04/29 15:44:34,825000,11.482
2026/04/29 15:44:34,826000,11.485
2026/04/29 15:44:34,827000,11.482
2026/04/29 15:44:34,828000,11.485
2026/04/29 15:44:34,829000,11.482
2026/04/29 15:44:34,830000,11.485
2026/04/29 15:44:34,831000,11.487
2026/04/29 15:44:34,832000,11.482
2026/04/29 15:44:34,833000,11.485
2026/04/29 15:44:34,834000,11.487
2026/04/29 15:44:34,835000,11.482
2026/04/29 15:44:34,836000,11.482
2026/04/29 15:44:34,837000,11.482
2026/04/29 15:44:34,838000,11.482
2026/04/29 15:44:34,839000,11.485
2026/04/29 15:44:34,840000,11.482
2026/04/29 15:44:34,841000,11.479
2026/04/29 15:44:34,842000,11.479
2026/04/29 15:44:34,843000,11.482
2026/04/29 15:44:34,844000,11.482
2026/04/29 15:44:34,845000,11.479
2026/04/29 15:44:34,846000,11.485
2026/04/29 15:44:34,847000,11.482
2026/04/29 15:44:34,848000,11.482
2026/04/29 15:44:34,849000,11.485
2026/04/29 15:44:34,850000,11.487
2026/04/29 15:44:34,851000,11.487
2026/04/29 15:44:34,852000,11.479
2026/04/29 15:44:34,853000,11.485
2026/04/29 15:44:34,854000,11.487
2026/04/29 15:44:34,855000,11.482
2026/04/29 15:44:34,856000,11.479
2026/04/29 15:44:34,857000,11.485
2026/04/29 15:44:34,858000,11.482
2026/04/29 15:44:34,859000,11.482
2026/04/29 15:44:34,860000,11.482
2026/04/29 15:44:34,861000,11.487
2026/04/29 15:44:34,862000,11.487
2026/04/29 15:44:34,863000,11.482
2026/04/29 15:44:34,864000,11.490
2026/04/29 15:44:34,865000,11.482
2026/04/29 15:44:34,866000,11.482
2026/04/29 15:44:34,867000,11.479
2026/04/29 15:44:34,868000,11.485
2026/04/29 15:44:34,869000,11.485
2026/04/29 15:44:34,870000,11.485
2026/04/29 15:44:34,871000,11.485
2026/04/29 15:44:34,872000,11.482
2026/04/29 15:44:34,873000,11.473
2026/04/29 15:44:34,874000,11.485
2026/04/29 15:44:34,875000,11.479
2026/04/29 15:44:34,876000,11.485
2026/04/29 15:44:34,877000,11.482
2026/04/29 15:44:34,878000,11.482
2026/04/29 15:44:34,879000,11.482
2026/04/29 15:44:34,880000,11.487
2026/04/29 15:44:34,881000,11.485
2026/04/29 15:44:34,882000,11.485
2026/04/29 15:44:34,883000,11.487
2026/04/29 15:44:34,884000,11.482
2026/04/29 15:44:34,885000,11.485
2026/04/29 15:44:34,886000,11.482
2026/04/29 15:44:34,887000,11.482
2026/04/29 15:44:34,888000,11.482
2026/04/29 15:44:34,889000,11.487
2026/04/29 15:44:34,890000,11.482
2026/04/29 15:44:34,891000,11.485
2026/04/29 15:44:34,892000,11.487
2026/04/29 15:44:34,893000,11.485
2026/04/29 15:44:34,894000,11.479
2026/04/29 15:44:34,895000,11.485
2026/04/29 15:44:34,896000,11.485
2026/04/29 15:44:34,897000,11.479
2026/04/29 15:44:34,898000,11.479
2026/04/29 15:44:34,899000,11.482
2026/04/29 15:44:34,900000,11.479
2026/04/29 15:44:34,901000,11.482
2026/04/29 15:44:34,902000,11.487
2026/04/29 15:44:34,903000,11.482
2026/04/29 15:44:34,904000,11.479
2026/04/29 15:44:34,905000,11.485
2026/04/29 15:44:34,906000,11.479
2026/04/29 15:44:34,907000,11.493
2026/04/29 15:44:34,908000,11.479
2026/04/29 15:44:34,909000,11.473
2026/04/29 15:44:34,910000,11.490
2026/04/29 15:44:34,911000,11.479
2026/04/29 15:44:34,912000,11.482
2026/04/29 15:44:34,913000,11.479
2026/04/29 15:44:34,914000,11.485
2026/04/29 15:44:34,915000,11.479
2026/04/29 15:44:34,916000,11.482
2026/04/29 15:44:34,917000,11.482
2026/04/29 15:44:34,918000,11.482
2026/04/29 15:44:34,919000,11.485
2026/04/29 15:44:34,920000,11.485
2026/04/29 15:44:34,921000,11.487
2026/04/29 15:44:34,922000,11.482
2026/04/29 15:44:34,923000,11.482
2026/04/29 15:44:34,924000,11.476
2026/04/29 15:44:34,925000,11.490
2026/04/29 15:44:34,926000,11.482
2026/04/29 15:44:34,927000,11.485
2026/04/29 15:44:34,928000,11.485
2026/04/29 15:44:34,929000,11.482
2026/04/29 15:44:34,930000,11.479
2026/04/29 15:44:34,931000,11.479
2026/04/29 15:44:34,932000,11.482
2026/04/29 15:44:34,933000,11.479
2026/04/29 15:44:34,934000,11.487
2026/04/29 15:44:34,935000,11.482
2026/04/29 15:44:34,936000,11.482
2026/04/29 15:44:34,937000,11.490
2026/04/29 15:44:34,938000,11.482
2026/04/29 15:44:34,939000,11.479
2026/04/29 15:44:34,940000,11.482
2026/04/29 15:44:34,941000,11.490
2026/04/29 15:44:34,942000,11.490
2026/04/29 15:44:34,943000,11.479
2026/04/29 15:44:34,944000,11.482
2026/04/29 15:44:34,945000,11.479
2026/04/29 15:44:34,946000,11.482
2026/04/29 15:44:34,947000,11.482
2026/04/29 15:44:34,948000,11.479
2026/04/29 15:44:34,949000,11.479
2026/04/29 15:44:34,950000,11.482
2026/04/29 15:44:34,951000,11.485
2026/04/29 15:44:34,952000,11.482
2026/04/29 15:44:34,953000,11.485
2026/04/29 15:44:34,954000,11.479
2026/04/29 15:44:34,955000,11.479
2026/04/29 15:44:34,956000,11.479
2026/04/29 15:44:34,957000,11.482
2026/04/29 15:44:34,958000,11.485
2026/04/29 15:44:34,959000,11.490
2026/04/29 15:44:34,960000,11.479
2026/04/29 15:44:34,961000,11.476
2026/04/29 15:44:34,962000,11.482
2026/04/29 15:44:34,963000,11.485
2026/04/29 15:44:34,964000,11.476
2026/04/29 15:44:34,965000,11.485
2026/04/29 15:44:34,966000,11.485
2026/04/29 15:44:34,967000,11.485
2026/04/29 15:44:34,968000,11.485
2026/04/29 15:44:34,969000,11.482
2026/04/29 15:44:34,970000,11.485
2026/04/29 15:44:34,971000,11.485
2026/04/29 15:44:34,972000,11.479
2026/04/29 15:44:34,973000,11.476
2026/04/29 15:44:34,974000,11.482
2026/04/29 15:44:34,975000,11.482
2026/04/29 15:44:34,976000,11.485
2026/04/29 15:44:34,977000,11.479
2026/04/29 15:44:34,978000,11.482
2026/04/29 15:44:34,979000,11.485
2026/04/29 15:44:34,980000,11.482
2026/04/29 15:44:34,981000,11.482
2026/04/29 15:44:34,982000,11.487
2026/04/29 15:44:34,983000,11.479
2026/04/29 15:44:34,984000,11.479
2026/04/29 15:44:34,985000,11.476
2026/04/29 15:44:34,986000,11.485
2026/04/29 15:44:34,987000,11.482
2026/04/29 15:44:34,988000,11.479
2026/04/29 15:44:34,989000,11.482
2026/04/29 15:44:34,990000,11.485
2026/04/29 15:44:34,991000,11.487
2026/04/29 15:44:34,992000,11.479
2026/04/29 15:44:34,993000,11.479
2026/04/29 15:44:34,994000,11.485
2026/04/29 15:44:34,995000,11.479
2026/04/29 15:44:34,996000,11.482
2026/04/29 15:44:34,997000,11.482
2026/04/29 15:44:34,998000,11.482
2026/04/29 15:44:34,999000,11.471
2026/04/29 15:44:35,000000,11.482
2026/04/29 15:44:35,001000,11.485
2026/04/29 15:44:35,002000,11.482
2026/04/29 15:44:35,003000,11.485
2026/04/29 15:44:35,004000,11.476
2026/04/29 15:44:35,005000,11.485
2026/04/29 15:44:35,006000,11.479
2026/04/29 15:44:35,007000,11.479
2026/04/29 15:44:35,008000,11.487
2026/04/29 15:44:35,009000,11.487
2026/04/29 15:44:35,010000,11.482
2026/04/29 15:44:35,011000,11.479
2026/04/29 15:44:35,012000,11.485
2026/04/29 15:44:35,013000,11.479
2026/04/29 15:44:35,014000,11.479
2026/04/29 15:44:35,015000,11.485
2026/04/29 15:44:35,016000,11.479
2026/04/29 15:44:35,017000,11.476
2026/04/29 15:44:35,018000,11.487
2026/04/29 15:44:35,019000,11.482
2026/04/29 15:44:35,020000,11.479
2026/04/29 15:44:35,021000,11.485
2026/04/29 15:44:35,022000,11.482
2026/04/29 15:44:35,023000,11.479
2026/04/29 15:44:35,024000,11.476
2026/04/29 15:44:35,025000,11.482
2026/04/29 15:44:35,026000,11.479
2026/04/29 15:44:35,027000,11.485
2026/04/29 15:44:35,028000,11.487
2026/04/29 15:44:35,029000,11.473
2026/04/29 15:44:35,030000,11.471
2026/04/29 15:44:35,031000,11.490
2026/04/29 15:44:35,032000,11.482
2026/04/29 15:44:35,033000,11.482
2026/04/29 15:44:35,034000,11.482
2026/04/29 15:44:35,035000,11.490
2026/04/29 15:44:35,036000,11.482
2026/04/29 15:44:35,037000,11.476
2026/04/29 15:44:35,038000,11.485
2026/04/29 15:44:35,039000,11.487
2026/04/29 15:44:35,040000,11.476
2026/04/29 15:44:35,041000,11.482
2026/04/29 15:44:35,042000,11.482
2026/04/29 15:44:35,043000,11.482
2026/04/29 15:44:35,044000,11.485
2026/04/29 15:44:35,045000,11.482
2026/04/29 15:44:35,046000,11.482
2026/04/29 15:44:35,047000,11.476
2026/04/29 15:44:35,048000,11.482
2026/04/29 15:44:35,049000,11.482
2026/04/29 15:44:35,050000,11.482
2026/04/29 15:44:35,051000,11.485
2026/04/29 15:44:35,052000,11.482
2026/04/29 15:44:35,053000,11.476
2026/04/29 15:44:35,054000,11.479
2026/04/29 15:44:35,055000,11.485
2026/04/29 15:44:35,056000,11.479
2026/04/29 15:44:35,057000,11.482
2026/04/29 15:44:35,058000,11.479
2026/04/29 15:44:35,059000,11.487
2026/04/29 15:44:35,060000,11.482
2026/04/29 15:44:35,061000,11.479
2026/04/29 15:44:35,062000,11.482
2026/04/29 15:44:35,063000,11.482
2026/04/29 15:44:35,064000,11.479
2026/04/29 15:44:35,065000,11.476
2026/04/29 15:44:35,066000,11.482
2026/04/29 15:44:35,067000,11.482
2026/04/29 15:44:35,068000,11.490
2026/04/29 15:44:35,069000,11.487
2026/04/29 15:44:35,070000,11.487
2026/04/29 15:44:35,071000,11.479
2026/04/29 15:44:35,072000,11.482
2026/04/29 15:44:35,073000,11.487
2026/04/29 15:44:35,074000,11.482
2026/04/29 15:44:35,075000,11.479
2026/04/29 15:44:35,076000,11.476
2026/04/29 15:44:35,077000,11.485
2026/04/29 15:44:35,078000,11.479
2026/04/29 15:44:35,079000,11.476
2026/04/29 15:44:35,080000,11.482
2026/04/29 15:44:35,081000,11.479
2026/04/29 15:44:35,082000,11.485
2026/04/29 15:44:35,083000,11.487
2026/04/29 15:44:35,084000,11.487
2026/04/29 15:44:35,085000,11.479
2026/04/29 15:44:35,086000,11.482
2026/04/29 15:44:35,087000,11.482
2026/04/29 15:44:35,088000,11.482
2026/04/29 15:44:35,089000,11.482
2026/04/29 15:44:35,090000,11.482
2026/04/29 15:44:35,091000,11.485
2026/04/29 15:44:35,092000,11.471
2026/04/29 15:44:35,093000,11.485
2026/04/29 15:44:35,094000,11.479
2026/04/29 15:44:35,095000,11.476
2026/04/29 15:44:35,096000,11.479
2026/04/29 15:44:35,097000,11.485
2026/04/29 15:44:35,098000,11.482
2026/04/29 15:44:35,099000,11.482
2026/04/29 15:44:35,100000,11.482
2026/04/29 15:44:35,101000,11.479
2026/04/29 15:44:35,102000,11.487
2026/04/29 15:44:35,103000,11.479
2026/04/29 15:44:35,104000,11.476
2026/04/29 15:44:35,105000,11.487
2026/04/29 15:44:35,106000,11.485
2026/04/29 15:44:35,107000,11.479
2026/04/29 15:44:35,108000,11.485
2026/04/29 15:44:35,109000,11.479
2026/04/29 15:44:35,110000,11.485
2026/04/29 15:44:35,111000,11.482
2026/04/29 15:44:35,112000,11.471
2026/04/29 15:44:35,113000,11.482
2026/04/29 15:44:35,114000,11.482
2026/04/29 15:44:35,115000,11.482
2026/04/29 15:44:35,116000,11.479
2026/04/29 15:44:35,117000,11.485
2026/04/29 15:44:35,118000,11.487
2026/04/29 15:44:35,119000,11.482
2026/04/29 15:44:35,120000,11.487
2026/04/29 15:44:35,121000,11.482
2026/04/29 15:44:35,122000,11.482
2026/04/29 15:44:35,123000,11.468
2026/04/29 15:44:35,124000,11.479
2026/04/29 15:44:35,125000,11.479
2026/04/29 15:44:35,126000,11.479
2026/04/29 15:44:35,127000,11.485
2026/04/29 15:44:35,128000,11.485
2026/04/29 15:44:35,129000,11.479
2026/04/29 15:44:35,130000,11.485
2026/04/29 15:44:35,131000,11.476
2026/04/29 15:44:35,132000,11.482
2026/04/29 15:44:35,133000,11.476
2026/04/29 15:44:35,134000,11.482
2026/04/29 15:44:35,135000,11.479
2026/04/29 15:44:35,136000,11.485
2026/04/29 15:44:35,137000,11.476
2026/04/29 15:44:35,138000,11.482
2026/04/29 15:44:35,139000,11.479
2026/04/29 15:44:35,140000,11.490
2026/04/29 15:44:35,141000,11.479
2026/04/29 15:44:35,142000,11.487
2026/04/29 15:44:35,143000,11.485
2026/04/29 15:44:35,144000,11.487
2026/04/29 15:44:35,145000,11.482
2026/04/29 15:44:35,146000,11.485
2026/04/29 15:44:35,147000,11.479
2026/04/29 15:44:35,148000,11.482
2026/04/29 15:44:35,149000,11.482
2026/04/29 15:44:35,150000,11.485
2026/04/29 15:44:35,151000,11.487
2026/04/29 15:44:35,152000,11.482
2026/04/29 15:44:35,153000,11.482
2026/04/29 15:44:35,154000,11.473
2026/04/29 15:44:35,155000,11.485
2026/04/29 15:44:35,156000,11.487
2026/04/29 15:44:35,157000,11.482
2026/04/29 15:44:35,158000,11.479
2026/04/29 15:44:35,159000,11.482
2026/04/29 15:44:35,160000,11.473
2026/04/29 15:44:35,161000,11.482
2026/04/29 15:44:35,162000,11.485
2026/04/29 15:44:35,163000,11.487
2026/04/29 15:44:35,164000,11.482
2026/04/29 15:44:35,165000,11.482
2026/04/29 15:44:35,166000,11.479
2026/04/29 15:44:35,167000,11.482
2026/04/29 15:44:35,168000,11.485
2026/04/29 15:44:35,169000,11.482
2026/04/29 15:44:35,170000,11.485
2026/04/29 15:44:35,171000,11.479
2026/04/29 15:44:35,172000,11.482
2026/04/29 15:44:35,173000,11.479
2026/04/29 15:44:35,174000,11.482
2026/04/29 15:44:35,175000,11.473
2026/04/29 15:44:35,176000,11.482
2026/04/29 15:44:35,177000,11.490
2026/04/29 15:44:35,178000,11.482
2026/04/29 15:44:35,179000,11.482
2026/04/29 15:44:35,180000,11.485
2026/04/29 15:44:35,181000,11.493
2026/04/29 15:44:35,182000,11.479
2026/04/29 15:44:35,183000,11.487
2026/04/29 15:44:35,184000,11.482
2026/04/29 15:44:35,185000,11.482
2026/04/29 15:44:35,186000,11.482
2026/04/29 15:44:35,187000,11.482
2026/04/29 15:44:35,188000,11.482
2026/04/29 15:44:35,189000,11.482
2026/04/29 15:44:35,190000,11.479
2026/04/29 15:44:35,191000,11.482
2026/04/29 15:44:35,192000,11.482
2026/04/29 15:44:35,193000,11.479
2026/04/29 15:44:35,194000,11.482
2026/04/29 15:44:35,195000,11.482
2026/04/29 15:44:35,196000,11.485
2026/04/29 15:44:35,197000,11.482
2026/04/29 15:44:35,198000,11.482
2026/04/29 15:44:35,199000,11.482
2026/04/29 15:44:35,200000,11.485
2026/04/29 15:44:35,201000,11.479
2026/04/29 15:44:35,202000,11.479
2026/04/29 15:44:35,203000,11.479
2026/04/29 15:44:35,204000,11.482
2026/04/29 15:44:35,205000,11.482
2026/04/29 15:44:35,206000,11.476
2026/04/29 15:44:35,207000,11.485
2026/04/29 15:44:35,208000,11.482
2026/04/29 15:44:35,209000,11.479
2026/04/29 15:44:35,210000,11.485
2026/04/29 15:44:35,211000,11.482
2026/04/29 15:44:35,212000,11.487
2026/04/29 15:44:35,213000,11.482
2026/04/29 15:44:35,214000,11.485
2026/04/29 15:44:35,215000,11.485
2026/04/29 15:44:35,216000,11.479
2026/04/29 15:44:35,217000,11.482
2026/04/29 15:44:35,218000,11.479
2026/04/29 15:44:35,219000,11.485
2026/04/29 15:44:35,220000,11.482
2026/04/29 15:44:35,221000,11.493
2026/04/29 15:44:35,222000,11.479
2026/04/29 15:44:35,223000,11.479
2026/04/29 15:44:35,224000,11.482
2026/04/29 15:44:35,225000,11.482
2026/04/29 15:44:35,226000,11.476
2026/04/29 15:44:35,227000,11.482
2026/04/29 15:44:35,228000,11.490
2026/04/29 15:44:35,229000,11.485
2026/04/29 15:44:35,230000,11.479
2026/04/29 15:44:35,231000,11.482
2026/04/29 15:44:35,232000,11.482
2026/04/29 15:44:35,233000,11.482
2026/04/29 15:44:35,234000,11.482
2026/04/29 15:44:35,235000,11.485
2026/04/29 15:44:35,236000,11.487
2026/04/29 15:44:35,237000,11.485
2026/04/29 15:44:35,238000,11.479
2026/04/29 15:44:35,239000,11.482
2026/04/29 15:44:35,240000,11.490
2026/04/29 15:44:35,241000,11.482
2026/04/29 15:44:35,242000,11.485
2026/04/29 15:44:35,243000,11.482
2026/04/29 15:44:35,244000,11.485
2026/04/29 15:44:35,245000,11.482
2026/04/29 15:44:35,246000,11.485
2026/04/29 15:44:35,247000,11.485
2026/04/29 15:44:35,248000,11.487
2026/04/29 15:44:35,249000,11.476
2026/04/29 15:44:35,250000,11.485
2026/04/29 15:44:35,251000,11.482
2026/04/29 15:44:35,252000,11.479
2026/04/29 15:44:35,253000,11.487
2026/04/29 15:44:35,254000,11.479
2026/04/29 15:44:35,255000,11.479
2026/04/29 15:44:35,256000,11.485
2026/04/29 15:44:35,257000,11.482
2026/04/29 15:44:35,258000,11.485
2026/04/29 15:44:35,259000,11.487
2026/04/29 15:44:35,260000,11.482
2026/04/29 15:44:35,261000,11.482
2026/04/29 15:44:35,262000,11.482
2026/04/29 15:44:35,263000,11.479
2026/04/29 15:44:35,264000,11.482
2026/04/29 15:44:35,265000,11.479
2026/04/29 15:44:35,266000,11.482
2026/04/29 15:44:35,267000,11.490
2026/04/29 15:44:35,268000,11.482
2026/04/29 15:44:35,269000,11.485
2026/04/29 15:44:35,270000,11.493
2026/04/29 15:44:35,271000,11.493
2026/04/29 15:44:35,272000,11.485
2026/04/29 15:44:35,273000,11.479
2026/04/29 15:44:35,274000,11.482
2026/04/29 15:44:35,275000,11.490
2026/04/29 15:44:35,276000,11.487
2026/04/29 15:44:35,277000,11.487
2026/04/29 15:44:35,278000,11.487
2026/04/29 15:44:35,279000,11.485
2026/04/29 15:44:35,280000,11.482
2026/04/29 15:44:35,281000,11.485
2026/04/29 15:44:35,282000,11.485
2026/04/29 15:44:35,283000,11.482
2026/04/29 15:44:35,284000,11.482
2026/04/29 15:44:35,285000,11.485
2026/04/29 15:44:35,286000,11.487
2026/04/29 15:44:35,287000,11.476
2026/04/29 15:44:35,288000,11.487
2026/04/29 15:44:35,289000,11.485
2026/04/29 15:44:35,290000,11.493
2026/04/29 15:44:35,291000,11.487
2026/04/29 15:44:35,292000,11.487
2026/04/29 15:44:35,293000,11.487
2026/04/29 15:44:35,294000,11.482
2026/04/29 15:44:35,295000,11.487
2026/04/29 15:44:35,296000,11.490
2026/04/29 15:44:35,297000,11.485
2026/04/29 15:44:35,298000,11.482
2026/04/29 15:44:35,299000,11.482
2026/04/29 15:44:35,300000,11.487
2026/04/29 15:44:35,301000,11.482
2026/04/29 15:44:35,302000,11.482
2026/04/29 15:44:35,303000,11.487
2026/04/29 15:44:35,304000,11.479
2026/04/29 15:44:35,305000,11.485
2026/04/29 15:44:35,306000,11.487
2026/04/29 15:44:35,307000,11.482
2026/04/29 15:44:35,308000,11.482
2026/04/29 15:44:35,309000,11.482
2026/04/29 15:44:35,310000,11.485
2026/04/29 15:44:35,311000,11.482
2026/04/29 15:44:35,312000,11.482
2026/04/29 15:44:35,313000,11.487
2026/04/29 15:44:35,314000,11.479
2026/04/29 15:44:35,315000,11.482
2026/04/29 15:44:35,316000,11.479
2026/04/29 15:44:35,317000,11.482
2026/04/29 15:44:35,318000,11.485
2026/04/29 15:44:35,319000,11.487
2026/04/29 15:44:35,320000,11.487
2026/04/29 15:44:35,321000,11.487
2026/04/29 15:44:35,322000,11.485
2026/04/29 15:44:35,323000,11.482
2026/04/29 15:44:35,324000,11.471
2026/04/29 15:44:35,325000,11.487
2026/04/29 15:44:35,326000,11.485
2026/04/29 15:44:35,327000,11.485
2026/04/29 15:44:35,328000,11.482
2026/04/29 15:44:35,329000,11.487
2026/04/29 15:44:35,330000,11.476
2026/04/29 15:44:35,331000,11.482
2026/04/29 15:44:35,332000,11.485
2026/04/29 15:44:35,333000,11.479
2026/04/29 15:44:35,334000,11.485
2026/04/29 15:44:35,335000,11.487
2026/04/29 15:44:35,336000,11.482
2026/04/29 15:44:35,337000,11.490
2026/04/29 15:44:35,338000,11.479
2026/04/29 15:44:35,339000,11.487
2026/04/29 15:44:35,340000,11.485
2026/04/29 15:44:35,341000,11.487
2026/04/29 15:44:35,342000,11.485
2026/04/29 15:44:35,343000,11.482
2026/04/29 15:44:35,344000,11.485
2026/04/29 15:44:35,345000,11.487
2026/04/29 15:44:35,346000,11.482
2026/04/29 15:44:35,347000,11.487
2026/04/29 15:44:35,348000,11.479
2026/04/29 15:44:35,349000,11.482
2026/04/29 15:44:35,350000,11.482
2026/04/29 15:44:35,351000,11.482
2026/04/29 15:44:35,352000,11.482
2026/04/29 15:44:35,353000,11.487
2026/04/29 15:44:35,354000,11.476
2026/04/29 15:44:35,355000,11.476
2026/04/29 15:44:35,356000,11.485
2026/04/29 15:44:35,357000,11.479
2026/04/29 15:44:35,358000,11.482
2026/04/29 15:44:35,359000,11.482
2026/04/29 15:44:35,360000,11.485
2026/04/29 15:44:35,361000,11.479
2026/04/29 15:44:35,362000,11.479
2026/04/29 15:44:35,363000,11.485
2026/04/29 15:44:35,364000,11.482
2026/04/29 15:44:35,365000,11.476
2026/04/29 15:44:35,366000,11.479
2026/04/29 15:44:35,367000,11.490
2026/04/29 15:44:35,368000,11.490
2026/04/29 15:44:35,369000,11.485
2026/04/29 15:44:35,370000,11.485
2026/04/29 15:44:35,371000,11.490
2026/04/29 15:44:35,372000,11.482
2026/04/29 15:44:35,373000,11.485
2026/04/29 15:44:35,374000,11.482
2026/04/29 15:44:35,375000,11.482
2026/04/29 15:44:35,376000,11.482
2026/04/29 15:44:35,377000,11.485
2026/04/29 15:44:35,378000,11.482
2026/04/29 15:44:35,379000,11.482
2026/04/29 15:44:35,380000,11.485
2026/04/29 15:44:35,381000,11.487
2026/04/29 15:44:35,382000,11.476
2026/04/29 15:44:35,383000,11.482
2026/04/29 15:44:35,384000,11.485
2026/04/29 15:44:35,385000,11.485
2026/04/29 15:44:35,386000,11.482
2026/04/29 15:44:35,387000,11.487
2026/04/29 15:44:35,388000,11.487
2026/04/29 15:44:35,389000,11.479
2026/04/29 15:44:35,390000,11.485
2026/04/29 15:44:35,391000,11.479
2026/04/29 15:44:35,392000,11.482
2026/04/29 15:44:35,393000,11.482
2026/04/29 15:44:35,394000,11.485
2026/04/29 15:44:35,395000,11.482
2026/04/29 15:44:35,396000,11.479
2026/04/29 15:44:35,397000,11.485
2026/04/29 15:44:35,398000,11.479
2026/04/29 15:44:35,399000,11.490
2026/04/29 15:44:35,400000,11.485
2026/04/29 15:44:35,401000,11.485
2026/04/29 15:44:35,402000,11.487
2026/04/29 15:44:35,403000,11.485
2026/04/29 15:44:35,404000,11.482
2026/04/29 15:44:35,405000,11.485
2026/04/29 15:44:35,406000,11.485
2026/04/29 15:44:35,407000,11.482
2026/04/29 15:44:35,408000,11.485
2026/04/29 15:44:35,409000,11.482
2026/04/29 15:44:35,410000,11.482
2026/04/29 15:44:35,411000,11.482
2026/04/29 15:44:35,412000,11.487
2026/04/29 15:44:35,413000,11.479
2026/04/29 15:44:35,414000,11.485
2026/04/29 15:44:35,415000,11.485
2026/04/29 15:44:35,416000,11.490
2026/04/29 15:44:35,417000,11.479
2026/04/29 15:44:35,418000,11.485
2026/04/29 15:44:35,419000,11.485
2026/04/29 15:44:35,420000,11.479
2026/04/29 15:44:35,421000,11.479
2026/04/29 15:44:35,422000,11.482
2026/04/29 15:44:35,423000,11.482
2026/04/29 15:44:35,424000,11.482
2026/04/29 15:44:35,425000,11.485
2026/04/29 15:44:35,426000,11.485
2026/04/29 15:44:35,427000,11.482
2026/04/29 15:44:35,428000,11.485
2026/04/29 15:44:35,429000,11.485
2026/04/29 15:44:35,430000,11.482
2026/04/29 15:44:35,431000,11.473
2026/04/29 15:44:35,432000,11.482
2026/04/29 15:44:35,433000,11.482
2026/04/29 15:44:35,434000,11.487
2026/04/29 15:44:35,435000,11.485
2026/04/29 15:44:35,436000,11.473
2026/04/29 15:44:35,437000,11.479
2026/04/29 15:44:35,438000,11.485
2026/04/29 15:44:35,439000,11.479
2026/04/29 15:44:35,440000,11.487
2026/04/29 15:44:35,441000,11.482
2026/04/29 15:44:35,442000,11.482
2026/04/29 15:44:35,443000,11.482
2026/04/29 15:44:35,444000,11.485
2026/04/29 15:44:35,445000,11.485
2026/04/29 15:44:35,446000,11.479
2026/04/29 15:44:35,447000,11.482
2026/04/29 15:44:35,448000,11.482
2026/04/29 15:44:35,449000,11.479
2026/04/29 15:44:35,450000,11.471
2026/04/29 15:44:35,451000,11.485
2026/04/29 15:44:35,452000,11.479
2026/04/29 15:44:35,453000,11.485
2026/04/29 15:44:35,454000,11.482
2026/04/29 15:44:35,455000,11.482
2026/04/29 15:44:35,456000,11.482
2026/04/29 15:44:35,457000,11.479
2026/04/29 15:44:35,458000,11.476
2026/04/29 15:44:35,459000,11.482
2026/04/29 15:44:35,460000,11.471
2026/04/29 15:44:35,461000,11.485
2026/04/29 15:44:35,462000,11.476
2026/04/29 15:44:35,463000,11.485
2026/04/29 15:44:35,464000,11.490
2026/04/29 15:44:35,465000,11.485
2026/04/29 15:44:35,466000,11.485
2026/04/29 15:44:35,467000,11.490
2026/04/29 15:44:35,468000,11.479
2026/04/29 15:44:35,469000,11.485
2026/04/29 15:44:35,470000,11.487
2026/04/29 15:44:35,471000,11.490
2026/04/29 15:44:35,472000,11.473
2026/04/29 15:44:35,473000,11.482
2026/04/29 15:44:35,474000,11.482
2026/04/29 15:44:35,475000,11.482
2026/04/29 15:44:35,476000,11.482
2026/04/29 15:44:35,477000,11.468
2026/04/29 15:44:35,478000,11.482
2026/04/29 15:44:35,479000,11.479
2026/04/29 15:44:35,480000,11.479
2026/04/29 15:44:35,481000,11.479
2026/04/29 15:44:35,482000,11.482
2026/04/29 15:44:35,483000,11.479
2026/04/29 15:44:35,484000,11.482
2026/04/29 15:44:35,485000,11.482
2026/04/29 15:44:35,486000,11.479
2026/04/29 15:44:35,487000,11.479
2026/04/29 15:44:35,488000,11.490
2026/04/29 15:44:35,489000,11.479
2026/04/29 15:44:35,490000,11.485
2026/04/29 15:44:35,491000,11.485
2026/04/29 15:44:35,492000,11.479
2026/04/29 15:44:35,493000,11.482
2026/04/29 15:44:35,494000,11.482
2026/04/29 15:44:35,495000,11.482
2026/04/29 15:44:35,496000,11.482
2026/04/29 15:44:35,497000,11.476
2026/04/29 15:44:35,498000,11.479
2026/04/29 15:44:35,499000,11.479
2026/04/29 15:44:35,500000,11.479
2026/04/29 15:44:35,501000,11.482
2026/04/29 15:44:35,502000,11.479
2026/04/29 15:44:35,503000,11.487
2026/04/29 15:44:35,504000,11.479
2026/04/29 15:44:35,505000,11.482
2026/04/29 15:44:35,506000,11.482
2026/04/29 15:44:35,507000,11.473
2026/04/29 15:44:35,508000,11.482
2026/04/29 15:44:35,509000,11.485
2026/04/29 15:44:35,510000,11.476
2026/04/29 15:44:35,511000,11.482
2026/04/29 15:44:35,512000,11.482
2026/04/29 15:44:35,513000,11.479
2026/04/29 15:44:35,514000,11.479
2026/04/29 15:44:35,515000,11.479
2026/04/29 15:44:35,516000,11.479
2026/04/29 15:44:35,517000,11.479
2026/04/29 15:44:35,518000,11.482
2026/04/29 15:44:35,519000,11.479
2026/04/29 15:44:35,520000,11.482
2026/04/29 15:44:35,521000,11.479
2026/04/29 15:44:35,522000,11.487
2026/04/29 15:44:35,523000,11.482
2026/04/29 15:44:35,524000,11.479
2026/04/29 15:44:35,525000,11.485
2026/04/29 15:44:35,526000,11.487
2026/04/29 15:44:35,527000,11.482
2026/04/29 15:44:35,528000,11.482
2026/04/29 15:44:35,529000,11.490
2026/04/29 15:44:35,530000,11.479
2026/04/29 15:44:35,531000,11.479
2026/04/29 15:44:35,532000,11.479
2026/04/29 15:44:35,533000,11.476
2026/04/29 15:44:35,534000,11.479
2026/04/29 15:44:35,535000,11.482
2026/04/29 15:44:35,536000,11.479
2026/04/29 15:44:35,537000,11.479
2026/04/29 15:44:35,538000,11.482
2026/04/29 15:44:35,539000,11.471
2026/04/29 15:44:35,540000,11.479
2026/04/29 15:44:35,541000,11.485
2026/04/29 15:44:35,542000,11.485
2026/04/29 15:44:35,543000,11.479
2026/04/29 15:44:35,544000,11.479
2026/04/29 15:44:35,545000,11.482
2026/04/29 15:44:35,546000,11.476
2026/04/29 15:44:35,547000,11.482
2026/04/29 15:44:35,548000,11.482
2026/04/29 15:44:35,549000,11.485
2026/04/29 15:44:35,550000,11.479
2026/04/29 15:44:35,551000,11.482
2026/04/29 15:44:35,552000,11.490
2026/04/29 15:44:35,553000,11.476
2026/04/29 15:44:35,554000,11.476
2026/04/29 15:44:35,555000,11.479
2026/04/29 15:44:35,556000,11.487
2026/04/29 15:44:35,557000,11.471
2026/04/29 15:44:35,558000,11.482
2026/04/29 15:44:35,559000,11.476
2026/04/29 15:44:35,560000,11.485
2026/04/29 15:44:35,561000,11.482
2026/04/29 15:44:35,562000,11.487
2026/04/29 15:44:35,563000,11.482
2026/04/29 15:44:35,564000,11.473
2026/04/29 15:44:35,565000,11.485
2026/04/29 15:44:35,566000,11.479
2026/04/29 15:44:35,567000,11.479
2026/04/29 15:44:35,568000,11.479
2026/04/29 15:44:35,569000,11.476
2026/04/29 15:44:35,570000,11.490
2026/04/29 15:44:35,571000,11.476
2026/04/29 15:44:35,572000,11.485
2026/04/29 15:44:35,573000,11.485
2026/04/29 15:44:35,574000,11.479
2026/04/29 15:44:35,575000,11.482
2026/04/29 15:44:35,576000,11.482
2026/04/29 15:44:35,577000,11.485
2026/04/29 15:44:35,578000,11.479
2026/04/29 15:44:35,579000,11.482
2026/04/29 15:44:35,580000,11.471
2026/04/29 15:44:35,581000,11.479
2026/04/29 15:44:35,582000,11.482
2026/04/29 15:44:35,583000,11.479
2026/04/29 15:44:35,584000,11.482
2026/04/29 15:44:35,585000,11.482
2026/04/29 15:44:35,586000,11.482
2026/04/29 15:44:35,587000,11.487
2026/04/29 15:44:35,588000,11.479
2026/04/29 15:44:35,589000,11.482
2026/04/29 15:44:35,590000,11.482
2026/04/29 15:44:35,591000,11.482
2026/04/29 15:44:35,592000,11.479
2026/04/29 15:44:35,593000,11.487
2026/04/29 15:44:35,594000,11.482
2026/04/29 15:44:35,595000,11.485
2026/04/29 15:44:35,596000,11.485
2026/04/29 15:44:35,597000,11.485
2026/04/29 15:44:35,598000,11.485
2026/04/29 15:44:35,599000,11.479
2026/04/29 15:44:35,600000,11.485
2026/04/29 15:44:35,601000,11.482
2026/04/29 15:44:35,602000,11.482
2026/04/29 15:44:35,603000,11.479
2026/04/29 15:44:35,604000,11.482
2026/04/29 15:44:35,605000,11.482
2026/04/29 15:44:35,606000,11.476
2026/04/29 15:44:35,607000,11.487
2026/04/29 15:44:35,608000,11.485
2026/04/29 15:44:35,609000,11.479
2026/04/29 15:44:35,610000,11.482
2026/04/29 15:44:35,611000,11.479
2026/04/29 15:44:35,612000,11.479
2026/04/29 15:44:35,613000,11.482
2026/04/29 15:44:35,614000,11.485
2026/04/29 15:44:35,615000,11.490
2026/04/29 15:44:35,616000,11.485
2026/04/29 15:44:35,617000,11.476
2026/04/29 15:44:35,618000,11.479
2026/04/29 15:44:35,619000,11.485
2026/04/29 15:44:35,620000,11.482
2026/04/29 15:44:35,621000,11.485
2026/04/29 15:44:35,622000,11.482
2026/04/29 15:44:35,623000,11.482
2026/04/29 15:44:35,624000,11.487
2026/04/29 15:44:35,625000,11.482
2026/04/29 15:44:35,626000,11.487
2026/04/29 15:44:35,627000,11.482
2026/04/29 15:44:35,628000,11.485
2026/04/29 15:44:35,629000,11.479
2026/04/29 15:44:35,630000,11.476
2026/04/29 15:44:35,631000,11.482
2026/04/29 15:44:35,632000,11.479
2026/04/29 15:44:35,633000,11.479
2026/04/29 15:44:35,634000,11.485
2026/04/29 15:44:35,635000,11.487
2026/04/29 15:44:35,636000,11.479
2026/04/29 15:44:35,637000,11.485
2026/04/29 15:44:35,638000,11.487
2026/04/29 15:44:35,639000,11.482
2026/04/29 15:44:35,640000,11.487
2026/04/29 15:44:35,641000,11.479
2026/04/29 15:44:35,642000,11.485
2026/04/29 15:44:35,643000,11.485
2026/04/29 15:44:35,644000,11.482
2026/04/29 15:44:35,645000,11.487
2026/04/29 15:44:35,646000,11.482
2026/04/29 15:44:35,647000,11.479
2026/04/29 15:44:35,648000,11.487
2026/04/29 15:44:35,649000,11.482
2026/04/29 15:44:35,650000,11.485
2026/04/29 15:44:35,651000,11.476
2026/04/29 15:44:35,652000,11.482
2026/04/29 15:44:35,653000,11.482
2026/04/29 15:44:35,654000,11.485
2026/04/29 15:44:35,655000,11.476
2026/04/29 15:44:35,656000,11.482
2026/04/29 15:44:35,657000,11.476
2026/04/29 15:44:35,658000,11.485
2026/04/29 15:44:35,659000,11.482
2026/04/29 15:44:35,660000,11.485
2026/04/29 15:44:35,661000,11.487
2026/04/29 15:44:35,662000,11.482
2026/04/29 15:44:35,663000,11.482
2026/04/29 15:44:35,664000,11.482
2026/04/29 15:44:35,665000,11.482
2026/04/29 15:44:35,666000,11.479
2026/04/29 15:44:35,667000,11.482
2026/04/29 15:44:35,668000,11.479
2026/04/29 15:44:35,669000,11.485
2026/04/29 15:44:35,670000,11.479
2026/04/29 15:44:35,671000,11.482
2026/04/29 15:44:35,672000,11.476
2026/04/29 15:44:35,673000,11.482
2026/04/29 15:44:35,674000,11.482
2026/04/29 15:44:35,675000,11.485
2026/04/29 15:44:35,676000,11.482
2026/04/29 15:44:35,677000,11.482
2026/04/29 15:44:35,678000,11.485
2026/04/29 15:44:35,679000,11.476
2026/04/29 15:44:35,680000,11.485
2026/04/29 15:44:35,681000,11.487
2026/04/29 15:44:35,682000,11.482
2026/04/29 15:44:35,683000,11.482
2026/04/29 15:44:35,684000,11.485
2026/04/29 15:44:35,685000,11.487
2026/04/29 15:44:35,686000,11.482
2026/04/29 15:44:35,687000,11.479
2026/04/29 15:44:35,688000,11.471
2026/04/29 15:44:35,689000,11.479
2026/04/29 15:44:35,690000,11.479
2026/04/29 15:44:35,691000,11.482
2026/04/29 15:44:35,692000,11.479
2026/04/29 15:44:35,693000,11.482
2026/04/29 15:44:35,694000,11.482
2026/04/29 15:44:35,695000,11.482
2026/04/29 15:44:35,696000,11.485
2026/04/29 15:44:35,697000,11.479
2026/04/29 15:44:35,698000,11.482
2026/04/29 15:44:35,699000,11.485
2026/04/29 15:44:35,700000,11.482
2026/04/29 15:44:35,701000,11.485
2026/04/29 15:44:35,702000,11.479
2026/04/29 15:44:35,703000,11.490
2026/04/29 15:44:35,704000,11.476
2026/04/29 15:44:35,705000,11.479
2026/04/29 15:44:35,706000,11.482
2026/04/29 15:44:35,707000,11.479
2026/04/29 15:44:35,708000,11.482
2026/04/29 15:44:35,709000,11.487
2026/04/29 15:44:35,710000,11.479
2026/04/29 15:44:35,711000,11.476
2026/04/29 15:44:35,712000,11.482
2026/04/29 15:44:35,713000,11.471
2026/04/29 15:44:35,714000,11.476
2026/04/29 15:44:35,715000,11.482
2026/04/29 15:44:35,716000,11.482
2026/04/29 15:44:35,717000,11.482
2026/04/29 15:44:35,718000,11.482
2026/04/29 15:44:35,719000,11.479
2026/04/29 15:44:35,720000,11.482
2026/04/29 15:44:35,721000,11.485
2026/04/29 15:44:35,722000,11.476
2026/04/29 15:44:35,723000,11.479
2026/04/29 15:44:35,724000,11.485
2026/04/29 15:44:35,725000,11.482
2026/04/29 15:44:35,726000,11.482
2026/04/29 15:44:35,727000,11.485
2026/04/29 15:44:35,728000,11.485
2026/04/29 15:44:35,729000,11.482
2026/04/29 15:44:35,730000,11.485
2026/04/29 15:44:35,731000,11.485
2026/04/29 15:44:35,732000,11.479
2026/04/29 15:44:35,733000,11.482
2026/04/29 15:44:35,734000,11.479
2026/04/29 15:44:35,735000,11.476
2026/04/29 15:44:35,736000,11.479
2026/04/29 15:44:35,737000,11.479
2026/04/29 15:44:35,738000,11.482
2026/04/29 15:44:35,739000,11.487
2026/04/29 15:44:35,740000,11.482
2026/04/29 15:44:35,741000,11.479
2026/04/29 15:44:35,742000,11.485
2026/04/29 15:44:35,743000,11.479
2026/04/29 15:44:35,744000,11.482
2026/04/29 15:44:35,745000,11.479
2026/04/29 15:44:35,746000,11.479
2026/04/29 15:44:35,747000,11.482
2026/04/29 15:44:35,748000,11.479
2026/04/29 15:44:35,749000,11.487
2026/04/29 15:44:35,750000,11.485
2026/04/29 15:44:35,751000,11.482
2026/04/29 15:44:35,752000,11.487
2026/04/29 15:44:35,753000,11.482
2026/04/29 15:44:35,754000,11.482
2026/04/29 15:44:35,755000,11.485
2026/04/29 15:44:35,756000,11.482
2026/04/29 15:44:35,757000,11.487
2026/04/29 15:44:35,758000,11.487
2026/04/29 15:44:35,759000,11.479
2026/04/29 15:44:35,760000,11.482
2026/04/29 15:44:35,761000,11.485
2026/04/29 15:44:35,762000,11.482
2026/04/29 15:44:35,763000,11.482
2026/04/29 15:44:35,764000,11.482
2026/04/29 15:44:35,765000,11.482
2026/04/29 15:44:35,766000,11.482
2026/04/29 15:44:35,767000,11.482
2026/04/29 15:44:35,768000,11.482
2026/04/29 15:44:35,769000,11.490
2026/04/29 15:44:35,770000,11.479
2026/04/29 15:44:35,771000,11.479
2026/04/29 15:44:35,772000,11.487
2026/04/29 15:44:35,773000,11.482
2026/04/29 15:44:35,774000,11.485
2026/04/29 15:44:35,775000,11.487
2026/04/29 15:44:35,776000,11.476
2026/04/29 15:44:35,777000,11.482
2026/04/29 15:44:35,778000,11.482
2026/04/29 15:44:35,779000,11.479
2026/04/29 15:44:35,780000,11.482
2026/04/29 15:44:35,781000,11.485
2026/04/29 15:44:35,782000,11.476
2026/04/29 15:44:35,783000,11.490
2026/04/29 15:44:35,784000,11.479
2026/04/29 15:44:35,785000,11.482
2026/04/29 15:44:35,786000,11.482
2026/04/29 15:44:35,787000,11.479
2026/04/29 15:44:35,788000,11.487
2026/04/29 15:44:35,789000,11.487
2026/04/29 15:44:35,790000,11.479
2026/04/29 15:44:35,791000,11.482
2026/04/29 15:44:35,792000,11.485
2026/04/29 15:44:35,793000,11.487
2026/04/29 15:44:35,794000,11.482
2026/04/29 15:44:35,795000,11.487
2026/04/29 15:44:35,796000,11.482
2026/04/29 15:44:35,797000,11.485
2026/04/29 15:44:35,798000,11.482
2026/04/29 15:44:35,799000,11.482
2026/04/29 15:44:35,800000,11.485
2026/04/29 15:44:35,801000,11.479
2026/04/29 15:44:35,802000,11.485
2026/04/29 15:44:35,803000,11.487
2026/04/29 15:44:35,804000,11.487
2026/04/29 15:44:35,805000,11.485
2026/04/29 15:44:35,806000,11.485
2026/04/29 15:44:35,807000,11.487
2026/04/29 15:44:35,808000,11.482
2026/04/29 15:44:35,809000,11.487
2026/04/29 15:44:35,810000,11.482
2026/04/29 15:44:35,811000,11.490
2026/04/29 15:44:35,812000,11.482
2026/04/29 15:44:35,813000,11.479
2026/04/29 15:44:35,814000,11.476
2026/04/29 15:44:35,815000,11.485
2026/04/29 15:44:35,816000,11.485
2026/04/29 15:44:35,817000,11.493
2026/04/29 15:44:35,818000,11.482
2026/04/29 15:44:35,819000,11.485
2026/04/29 15:44:35,820000,11.485
2026/04/29 15:44:35,821000,11.482
2026/04/29 15:44:35,822000,11.485
2026/04/29 15:44:35,823000,11.479
2026/04/29 15:44:35,824000,11.485
2026/04/29 15:44:35,825000,11.485
2026/04/29 15:44:35,826000,11.485
2026/04/29 15:44:35,827000,11.482
2026/04/29 15:44:35,828000,11.490
2026/04/29 15:44:35,829000,11.479
2026/04/29 15:44:35,830000,11.479
2026/04/29 15:44:35,831000,11.487
2026/04/29 15:44:35,832000,11.485
2026/04/29 15:44:35,833000,11.482
2026/04/29 15:44:35,834000,11.482
2026/04/29 15:44:35,835000,11.485
2026/04/29 15:44:35,836000,11.479
2026/04/29 15:44:35,837000,11.482
2026/04/29 15:44:35,838000,11.490
2026/04/29 15:44:35,839000,11.487
2026/04/29 15:44:35,840000,11.485
2026/04/29 15:44:35,841000,11.476
2026/04/29 15:44:35,842000,11.485
2026/04/29 15:44:35,843000,11.482
2026/04/29 15:44:35,844000,11.487
2026/04/29 15:44:35,845000,11.482
2026/04/29 15:44:35,846000,11.487
2026/04/29 15:44:35,847000,11.482
2026/04/29 15:44:35,848000,11.487
2026/04/29 15:44:35,849000,11.482
2026/04/29 15:44:35,850000,11.479
2026/04/29 15:44:35,851000,11.479
2026/04/29 15:44:35,852000,11.482
2026/04/29 15:44:35,853000,11.485
2026/04/29 15:44:35,854000,11.487
2026/04/29 15:44:35,855000,11.485
2026/04/29 15:44:35,856000,11.485
2026/04/29 15:44:35,857000,11.482
2026/04/29 15:44:35,858000,11.482
2026/04/29 15:44:35,859000,11.485
2026/04/29 15:44:35,860000,11.485
2026/04/29 15:44:35,861000,11.482
2026/04/29 15:44:35,862000,11.485
2026/04/29 15:44:35,863000,11.485
2026/04/29 15:44:35,864000,11.482
2026/04/29 15:44:35,865000,11.482
2026/04/29 15:44:35,866000,11.482
2026/04/29 15:44:35,867000,11.482
2026/04/29 15:44:35,868000,11.482
2026/04/29 15:44:35,869000,11.479
2026/04/29 15:44:35,870000,11.479
2026/04/29 15:44:35,871000,11.479
2026/04/29 15:44:35,872000,11.482
2026/04/29 15:44:35,873000,11.482
2026/04/29 15:44:35,874000,11.485
2026/04/29 15:44:35,875000,11.479
2026/04/29 15:44:35,876000,11.485
2026/04/29 15:44:35,877000,11.482
2026/04/29 15:44:35,878000,11.485
2026/04/29 15:44:35,879000,11.476
2026/04/29 15:44:35,880000,11.485
2026/04/29 15:44:35,881000,11.485
2026/04/29 15:44:35,882000,11.485
2026/04/29 15:44:35,883000,11.479
2026/04/29 15:44:35,884000,11.487
2026/04/29 15:44:35,885000,11.485
2026/04/29 15:44:35,886000,11.482
2026/04/29 15:44:35,887000,11.487
2026/04/29 15:44:35,888000,11.487
2026/04/29 15:44:35,889000,11.476
2026/04/29 15:44:35,890000,11.485
2026/04/29 15:44:35,891000,11.485
2026/04/29 15:44:35,892000,11.485
2026/04/29 15:44:35,893000,11.485
2026/04/29 15:44:35,894000,11.482
2026/04/29 15:44:35,895000,11.482
2026/04/29 15:44:35,896000,11.482
2026/04/29 15:44:35,897000,11.485
2026/04/29 15:44:35,898000,11.479
2026/04/29 15:44:35,899000,11.482
2026/04/29 15:44:35,900000,11.482
2026/04/29 15:44:35,901000,11.479
2026/04/29 15:44:35,902000,11.485
2026/04/29 15:44:35,903000,11.482
2026/04/29 15:44:35,904000,11.490
2026/04/29 15:44:35,905000,11.487
2026/04/29 15:44:35,906000,11.482
2026/04/29 15:44:35,907000,11.487
2026/04/29 15:44:35,908000,11.490
2026/04/29 15:44:35,909000,11.487
2026/04/29 15:44:35,910000,11.482
2026/04/29 15:44:35,911000,11.479
2026/04/29 15:44:35,912000,11.482
2026/04/29 15:44:35,913000,11.479
2026/04/29 15:44:35,914000,11.485
2026/04/29 15:44:35,915000,11.487
2026/04/29 15:44:35,916000,11.487
2026/04/29 15:44:35,917000,11.487
2026/04/29 15:44:35,918000,11.482
2026/04/29 15:44:35,919000,11.487
2026/04/29 15:44:35,920000,11.487
2026/04/29 15:44:35,921000,11.479
2026/04/29 15:44:35,922000,11.485
2026/04/29 15:44:35,923000,11.482
2026/04/29 15:44:35,924000,11.482
2026/04/29 15:44:35,925000,11.485
2026/04/29 15:44:35,926000,11.479
2026/04/29 15:44:35,927000,11.479
2026/04/29 15:44:35,928000,11.479
2026/04/29 15:44:35,929000,11.485
2026/04/29 15:44:35,930000,11.485
2026/04/29 15:44:35,931000,11.485
2026/04/29 15:44:35,932000,11.482
2026/04/29 15:44:35,933000,11.482
2026/04/29 15:44:35,934000,11.476
2026/04/29 15:44:35,935000,11.479
2026/04/29 15:44:35,936000,11.479
2026/04/29 15:44:35,937000,11.482
2026/04/29 15:44:35,938000,11.485
2026/04/29 15:44:35,939000,11.487
2026/04/29 15:44:35,940000,11.485
2026/04/29 15:44:35,941000,11.482
2026/04/29 15:44:35,942000,11.485
2026/04/29 15:44:35,943000,11.476
2026/04/29 15:44:35,944000,11.485
2026/04/29 15:44:35,945000,11.476
2026/04/29 15:44:35,946000,11.479
2026/04/29 15:44:35,947000,11.476
2026/04/29 15:44:35,948000,11.476
2026/04/29 15:44:35,949000,11.485
2026/04/29 15:44:35,950000,11.487
2026/04/29 15:44:35,951000,11.485
2026/04/29 15:44:35,952000,11.482
2026/04/29 15:44:35,953000,11.485
2026/04/29 15:44:35,954000,11.482
2026/04/29 15:44:35,955000,11.482
2026/04/29 15:44:35,956000,11.485
2026/04/29 15:44:35,957000,11.479
2026/04/29 15:44:35,958000,11.482
2026/04/29 15:44:35,959000,11.482
2026/04/29 15:44:35,960000,11.482
2026/04/29 15:44:35,961000,11.485
2026/04/29 15:44:35,962000,11.482
2026/04/29 15:44:35,963000,11.482
2026/04/29 15:44:35,964000,11.479
2026/04/29 15:44:35,965000,11.476
2026/04/29 15:44:35,966000,11.485
2026/04/29 15:44:35,967000,11.479
2026/04/29 15:44:35,968000,11.482
2026/04/29 15:44:35,969000,11.482
2026/04/29 15:44:35,970000,11.482
2026/04/29 15:44:35,971000,11.482
2026/04/29 15:44:35,972000,11.482
2026/04/29 15:44:35,973000,11.476
2026/04/29 15:44:35,974000,11.485
2026/04/29 15:44:35,975000,11.476
2026/04/29 15:44:35,976000,11.485
2026/04/29 15:44:35,977000,11.485
2026/04/29 15:44:35,978000,11.485
2026/04/29 15:44:35,979000,11.485
2026/04/29 15:44:35,980000,11.485
2026/04/29 15:44:35,981000,11.487
2026/04/29 15:44:35,982000,11.487
2026/04/29 15:44:35,983000,11.485
2026/04/29 15:44:35,984000,11.485
2026/04/29 15:44:35,985000,11.482
2026/04/29 15:44:35,986000,11.479
2026/04/29 15:44:35,987000,11.482
2026/04/29 15:44:35,988000,11.485
2026/04/29 15:44:35,989000,11.482
2026/04/29 15:44:35,990000,11.485
2026/04/29 15:44:35,991000,11.487
2026/04/29 15:44:35,992000,11.482
2026/04/29 15:44:35,993000,11.479
2026/04/29 15:44:35,994000,11.487
2026/04/29 15:44:35,995000,11.482
2026/04/29 15:44:35,996000,11.479
2026/04/29 15:44:35,997000,11.482
2026/04/29 15:44:35,998000,11.476
2026/04/29 15:44:35,999000,11.485
2026/04/29 15:44:36,000000,11.485
2026/04/29 15:44:36,001000,11.482
2026/04/29 15:44:36,002000,11.479
2026/04/29 15:44:36,003000,11.487
2026/04/29 15:44:36,004000,11.479
2026/04/29 15:44:36,005000,11.482
2026/04/29 15:44:36,006000,11.487
2026/04/29 15:44:36,007000,11.482
2026/04/29 15:44:36,008000,11.485
2026/04/29 15:44:36,009000,11.485
2026/04/29 15:44:36,010000,11.485
2026/04/29 15:44:36,011000,11.482
2026/04/29 15:44:36,012000,11.479
2026/04/29 15:44:36,013000,11.485
2026/04/29 15:44:36,014000,11.476
2026/04/29 15:44:36,015000,11.487
2026/04/29 15:44:36,016000,11.482
2026/04/29 15:44:36,017000,11.479
2026/04/29 15:44:36,018000,11.479
2026/04/29 15:44:36,019000,11.479
2026/04/29 15:44:36,020000,11.479
2026/04/29 15:44:36,021000,11.482
2026/04/29 15:44:36,022000,11.482
2026/04/29 15:44:36,023000,11.485
2026/04/29 15:44:36,024000,11.482
2026/04/29 15:44:36,025000,11.479
2026/04/29 15:44:36,026000,11.482
2026/04/29 15:44:36,027000,11.482
2026/04/29 15:44:36,028000,11.482
2026/04/29 15:44:36,029000,11.479
2026/04/29 15:44:36,030000,11.485
2026/04/29 15:44:36,031000,11.485
2026/04/29 15:44:36,032000,11.482
2026/04/29 15:44:36,033000,11.479
2026/04/29 15:44:36,034000,11.487
2026/04/29 15:44:36,035000,11.485
2026/04/29 15:44:36,036000,11.485
2026/04/29 15:44:36,037000,11.476
2026/04/29 15:44:36,038000,11.482
2026/04/29 15:44:36,039000,11.482
2026/04/29 15:44:36,040000,11.487
2026/04/29 15:44:36,041000,11.479
2026/04/29 15:44:36,042000,11.485
2026/04/29 15:44:36,043000,11.479
2026/04/29 15:44:36,044000,11.476
2026/04/29 15:44:36,045000,11.479
2026/04/29 15:44:36,046000,11.482
2026/04/29 15:44:36,047000,11.479
2026/04/29 15:44:36,048000,11.482
2026/04/29 15:44:36,049000,11.476
2026/04/29 15:44:36,050000,11.482
2026/04/29 15:44:36,051000,11.482
2026/04/29 15:44:36,052000,11.479
2026/04/29 15:44:36,053000,11.479
2026/04/29 15:44:36,054000,11.482
2026/04/29 15:44:36,055000,11.479
2026/04/29 15:44:36,056000,11.479
2026/04/29 15:44:36,057000,11.479
2026/04/29 15:44:36,058000,11.482
2026/04/29 15:44:36,059000,11.485
2026/04/29 15:44:36,060000,11.485
2026/04/29 15:44:36,061000,11.479
2026/04/29 15:44:36,062000,11.479
2026/04/29 15:44:36,063000,11.476
2026/04/29 15:44:36,064000,11.479
2026/04/29 15:44:36,065000,11.485
2026/04/29 15:44:36,066000,11.487
2026/04/29 15:44:36,067000,11.487
2026/04/29 15:44:36,068000,11.485
2026/04/29 15:44:36,069000,11.482
2026/04/29 15:44:36,070000,11.485
2026/04/29 15:44:36,071000,11.476
2026/04/29 15:44:36,072000,11.482
2026/04/29 15:44:36,073000,11.485
2026/04/29 15:44:36,074000,11.482
2026/04/29 15:44:36,075000,11.487
2026/04/29 15:44:36,076000,11.479
2026/04/29 15:44:36,077000,11.485
2026/04/29 15:44:36,078000,11.482
2026/04/29 15:44:36,079000,11.479
2026/04/29 15:44:36,080000,11.482
2026/04/29 15:44:36,081000,11.482
2026/04/29 15:44:36,082000,11.479
2026/04/29 15:44:36,083000,11.487
2026/04/29 15:44:36,084000,11.476
2026/04/29 15:44:36,085000,11.485
2026/04/29 15:44:36,086000,11.479
2026/04/29 15:44:36,087000,11.476
2026/04/29 15:44:36,088000,11.473
2026/04/29 15:44:36,089000,11.479
2026/04/29 15:44:36,090000,11.482
2026/04/29 15:44:36,091000,11.479
2026/04/29 15:44:36,092000,11.485
2026/04/29 15:44:36,093000,11.482
2026/04/29 15:44:36,094000,11.485
2026/04/29 15:44:36,095000,11.479
2026/04/29 15:44:36,096000,11.479
2026/04/29 15:44:36,097000,11.482
2026/04/29 15:44:36,098000,11.479
2026/04/29 15:44:36,099000,11.476
2026/04/29 15:44:36,100000,11.485
2026/04/29 15:44:36,101000,11.482
2026/04/29 15:44:36,102000,11.482
2026/04/29 15:44:36,103000,11.471
2026/04/29 15:44:36,104000,11.482
2026/04/29 15:44:36,105000,11.479
2026/04/29 15:44:36,106000,11.482
2026/04/29 15:44:36,107000,11.479
2026/04/29 15:44:36,108000,11.482
2026/04/29 15:44:36,109000,11.485
2026/04/29 15:44:36,110000,11.485
2026/04/29 15:44:36,111000,11.485
2026/04/29 15:44:36,112000,11.485
2026/04/29 15:44:36,113000,11.485
2026/04/29 15:44:36,114000,11.482
2026/04/29 15:44:36,115000,11.479
2026/04/29 15:44:36,116000,11.482
2026/04/29 15:44:36,117000,11.479
2026/04/29 15:44:36,118000,11.485
2026/04/29 15:44:36,119000,11.482
2026/04/29 15:44:36,120000,11.482
2026/04/29 15:44:36,121000,11.487
2026/04/29 15:44:36,122000,11.482
2026/04/29 15:44:36,123000,11.482
2026/04/29 15:44:36,124000,11.476
2026/04/29 15:44:36,125000,11.487
2026/04/29 15:44:36,126000,11.482
2026/04/29 15:44:36,127000,11.485
2026/04/29 15:44:36,128000,11.479
2026/04/29 15:44:36,129000,11.482
2026/04/29 15:44:36,130000,11.479
2026/04/29 15:44:36,131000,11.476
2026/04/29 15:44:36,132000,11.482
2026/04/29 15:44:36,133000,11.482
2026/04/29 15:44:36,134000,11.487
2026/04/29 15:44:36,135000,11.485
2026/04/29 15:44:36,136000,11.485
2026/04/29 15:44:36,137000,11.482
2026/04/29 15:44:36,138000,11.479
2026/04/29 15:44:36,139000,11.476
2026/04/29 15:44:36,140000,11.482
2026/04/29 15:44:36,141000,11.482
2026/04/29 15:44:36,142000,11.482
2026/04/29 15:44:36,143000,11.479
2026/04/29 15:44:36,144000,11.479
2026/04/29 15:44:36,145000,11.479
2026/04/29 15:44:36,146000,11.479
2026/04/29 15:44:36,147000,11.476
2026/04/29 15:44:36,148000,11.479
2026/04/29 15:44:36,149000,11.485
2026/04/29 15:44:36,150000,11.485
2026/04/29 15:44:36,151000,11.482
2026/04/29 15:44:36,152000,11.479
2026/04/29 15:44:36,153000,11.479
2026/04/29 15:44:36,154000,11.482
2026/04/29 15:44:36,155000,11.479
2026/04/29 15:44:36,156000,11.476
2026/04/29 15:44:36,157000,11.479
2026/04/29 15:44:36,158000,11.482
2026/04/29 15:44:36,159000,11.479
2026/04/29 15:44:36,160000,11.482
2026/04/29 15:44:36,161000,11.473
2026/04/29 15:44:36,162000,11.482
2026/04/29 15:44:36,163000,11.482
2026/04/29 15:44:36,164000,11.479
2026/04/29 15:44:36,165000,11.487
2026/04/29 15:44:36,166000,11.482
2026/04/29 15:44:36,167000,11.479
2026/04/29 15:44:36,168000,11.482
2026/04/29 15:44:36,169000,11.482
2026/04/29 15:44:36,170000,11.476
2026/04/29 15:44:36,171000,11.482
2026/04/29 15:44:36,172000,11.476
2026/04/29 15:44:36,173000,11.485
2026/04/29 15:44:36,174000,11.482
2026/04/29 15:44:36,175000,11.471
2026/04/29 15:44:36,176000,11.485
2026/04/29 15:44:36,177000,11.485
2026/04/29 15:44:36,178000,11.485
2026/04/29 15:44:36,179000,11.479
2026/04/29 15:44:36,180000,11.482
2026/04/29 15:44:36,181000,11.482
2026/04/29 15:44:36,182000,11.485
2026/04/29 15:44:36,183000,11.482
2026/04/29 15:44:36,184000,11.479
2026/04/29 15:44:36,185000,11.482
2026/04/29 15:44:36,186000,11.471
2026/04/29 15:44:36,187000,11.487
2026/04/29 15:44:36,188000,11.479
2026/04/29 15:44:36,189000,11.485
2026/04/29 15:44:36,190000,11.482
2026/04/29 15:44:36,191000,11.485
2026/04/29 15:44:36,192000,11.482
2026/04/29 15:44:36,193000,11.482
2026/04/29 15:44:36,194000,11.482
2026/04/29 15:44:36,195000,11.482
2026/04/29 15:44:36,196000,11.479
2026/04/29 15:44:36,197000,11.482
2026/04/29 15:44:36,198000,11.485
2026/04/29 15:44:36,199000,11.482
2026/04/29 15:44:36,200000,11.487
2026/04/29 15:44:36,201000,11.476
2026/04/29 15:44:36,202000,11.476
2026/04/29 15:44:36,203000,11.482
2026/04/29 15:44:36,204000,11.479
2026/04/29 15:44:36,205000,11.482
2026/04/29 15:44:36,206000,11.482
2026/04/29 15:44:36,207000,11.482
2026/04/29 15:44:36,208000,11.476
2026/04/29 15:44:36,209000,11.482
2026/04/29 15:44:36,210000,11.485
2026/04/29 15:44:36,211000,11.482
2026/04/29 15:44:36,212000,11.485
2026/04/29 15:44:36,213000,11.479
2026/04/29 15:44:36,214000,11.485
2026/04/29 15:44:36,215000,11.485
2026/04/29 15:44:36,216000,11.482
2026/04/29 15:44:36,217000,11.476
2026/04/29 15:44:36,218000,11.490
2026/04/29 15:44:36,219000,11.485
2026/04/29 15:44:36,220000,11.482
2026/04/29 15:44:36,221000,11.482
2026/04/29 15:44:36,222000,11.479
2026/04/29 15:44:36,223000,11.479
2026/04/29 15:44:36,224000,11.485
2026/04/29 15:44:36,225000,11.471
2026/04/29 15:44:36,226000,11.482
2026/04/29 15:44:36,227000,11.487
2026/04/29 15:44:36,228000,11.485
2026/04/29 15:44:36,229000,11.482
2026/04/29 15:44:36,230000,11.487
2026/04/29 15:44:36,231000,11.479
2026/04/29 15:44:36,232000,11.485
2026/04/29 15:44:36,233000,11.479
2026/04/29 15:44:36,234000,11.485
2026/04/29 15:44:36,235000,11.482
2026/04/29 15:44:36,236000,11.487
2026/04/29 15:44:36,237000,11.485
2026/04/29 15:44:36,238000,11.479
2026/04/29 15:44:36,239000,11.487
2026/04/29 15:44:36,240000,11.482
2026/04/29 15:44:36,241000,11.473
2026/04/29 15:44:36,242000,11.485
2026/04/29 15:44:36,243000,11.482
2026/04/29 15:44:36,244000,11.482
2026/04/29 15:44:36,245000,11.479
2026/04/29 15:44:36,246000,11.485
2026/04/29 15:44:36,247000,11.479
2026/04/29 15:44:36,248000,11.487
2026/04/29 15:44:36,249000,11.476
2026/04/29 15:44:36,250000,11.485
2026/04/29 15:44:36,251000,11.485
2026/04/29 15:44:36,252000,11.482
2026/04/29 15:44:36,253000,11.479
2026/04/29 15:44:36,254000,11.482
2026/04/29 15:44:36,255000,11.487
2026/04/29 15:44:36,256000,11.490
2026/04/29 15:44:36,257000,11.485
2026/04/29 15:44:36,258000,11.482
2026/04/29 15:44:36,259000,11.485
2026/04/29 15:44:36,260000,11.487
2026/04/29 15:44:36,261000,11.482
2026/04/29 15:44:36,262000,11.479
2026/04/29 15:44:36,263000,11.476
2026/04/29 15:44:36,264000,11.482
2026/04/29 15:44:36,265000,11.485
2026/04/29 15:44:36,266000,11.476
2026/04/29 15:44:36,267000,11.476
2026/04/29 15:44:36,268000,11.479
2026/04/29 15:44:36,269000,11.479
2026/04/29 15:44:36,270000,11.490
2026/04/29 15:44:36,271000,11.482
2026/04/29 15:44:36,272000,11.482
2026/04/29 15:44:36,273000,11.485
2026/04/29 15:44:36,274000,11.482
2026/04/29 15:44:36,275000,11.485
2026/04/29 15:44:36,276000,11.485
2026/04/29 15:44:36,277000,11.479
2026/04/29 15:44:36,278000,11.482
2026/04/29 15:44:36,279000,11.485
2026/04/29 15:44:36,280000,11.479
2026/04/29 15:44:36,281000,11.479
2026/04/29 15:44:36,282000,11.482
2026/04/29 15:44:36,283000,11.487
2026/04/29 15:44:36,284000,11.482
2026/04/29 15:44:36,285000,11.487
2026/04/29 15:44:36,286000,11.479
2026/04/29 15:44:36,287000,11.479
2026/04/29 15:44:36,288000,11.482
2026/04/29 15:44:36,289000,11.476
2026/04/29 15:44:36,290000,11.482
2026/04/29 15:44:36,291000,11.485
2026/04/29 15:44:36,292000,11.482
2026/04/29 15:44:36,293000,11.487
2026/04/29 15:44:36,294000,11.479
2026/04/29 15:44:36,295000,11.482
2026/04/29 15:44:36,296000,11.482
2026/04/29 15:44:36,297000,11.485
2026/04/29 15:44:36,298000,11.476
2026/04/29 15:44:36,299000,11.485
2026/04/29 15:44:36,300000,11.479
2026/04/29 15:44:36,301000,11.482
2026/04/29 15:44:36,302000,11.476
2026/04/29 15:44:36,303000,11.479
2026/04/29 15:44:36,304000,11.482
2026/04/29 15:44:36,305000,11.482
2026/04/29 15:44:36,306000,11.479
2026/04/29 15:44:36,307000,11.482
2026/04/29 15:44:36,308000,11.476
2026/04/29 15:44:36,309000,11.485
2026/04/29 15:44:36,310000,11.482
2026/04/29 15:44:36,311000,11.482
2026/04/29 15:44:36,312000,11.487
2026/04/29 15:44:36,313000,11.479
2026/04/29 15:44:36,314000,11.479
2026/04/29 15:44:36,315000,11.482
2026/04/29 15:44:36,316000,11.482
2026/04/29 15:44:36,317000,11.482
2026/04/29 15:44:36,318000,11.479
2026/04/29 15:44:36,319000,11.485
2026/04/29 15:44:36,320000,11.482
2026/04/29 15:44:36,321000,11.485
2026/04/29 15:44:36,322000,11.479
2026/04/29 15:44:36,323000,11.479
2026/04/29 15:44:36,324000,11.482
2026/04/29 15:44:36,325000,11.476
2026/04/29 15:44:36,326000,11.485
2026/04/29 15:44:36,327000,11.482
2026/04/29 15:44:36,328000,11.476
2026/04/29 15:44:36,329000,11.485
2026/04/29 15:44:36,330000,11.490
2026/04/29 15:44:36,331000,11.485
2026/04/29 15:44:36,332000,11.479
2026/04/29 15:44:36,333000,11.493
2026/04/29 15:44:36,334000,11.485
2026/04/29 15:44:36,335000,11.482
2026/04/29 15:44:36,336000,11.485
2026/04/29 15:44:36,337000,11.482
2026/04/29 15:44:36,338000,11.485
2026/04/29 15:44:36,339000,11.482
2026/04/29 15:44:36,340000,11.482
2026/04/29 15:44:36,341000,11.490
2026/04/29 15:44:36,342000,11.487
2026/04/29 15:44:36,343000,11.482
2026/04/29 15:44:36,344000,11.487
2026/04/29 15:44:36,345000,11.476
2026/04/29 15:44:36,346000,11.479
2026/04/29 15:44:36,347000,11.479
2026/04/29 15:44:36,348000,11.485
2026/04/29 15:44:36,349000,11.482
2026/04/29 15:44:36,350000,11.479
2026/04/29 15:44:36,351000,11.485
2026/04/29 15:44:36,352000,11.482
2026/04/29 15:44:36,353000,11.487
2026/04/29 15:44:36,354000,11.482
2026/04/29 15:44:36,355000,11.479
2026/04/29 15:44:36,356000,11.479
2026/04/29 15:44:36,357000,11.482
2026/04/29 15:44:36,358000,11.485
2026/04/29 15:44:36,359000,11.479
2026/04/29 15:44:36,360000,11.487
2026/04/29 15:44:36,361000,11.482
2026/04/29 15:44:36,362000,11.482
2026/04/29 15:44:36,363000,11.485
2026/04/29 15:44:36,364000,11.476
2026/04/29 15:44:36,365000,11.476
2026/04/29 15:44:36,366000,11.487
2026/04/29 15:44:36,367000,11.482
2026/04/29 15:44:36,368000,11.485
2026/04/29 15:44:36,369000,11.490
2026/04/29 15:44:36,370000,11.482
2026/04/29 15:44:36,371000,11.487
2026/04/29 15:44:36,372000,11.482
2026/04/29 15:44:36,373000,11.487
2026/04/29 15:44:36,374000,11.485
2026/04/29 15:44:36,375000,11.487
2026/04/29 15:44:36,376000,11.485
2026/04/29 15:44:36,377000,11.482
2026/04/29 15:44:36,378000,11.482
2026/04/29 15:44:36,379000,11.487
2026/04/29 15:44:36,380000,11.482
2026/04/29 15:44:36,381000,11.487
2026/04/29 15:44:36,382000,11.482
2026/04/29 15:44:36,383000,11.487
2026/04/29 15:44:36,384000,11.487
2026/04/29 15:44:36,385000,11.485
2026/04/29 15:44:36,386000,11.482
2026/04/29 15:44:36,387000,11.479
2026/04/29 15:44:36,388000,11.482
2026/04/29 15:44:36,389000,11.482
2026/04/29 15:44:36,390000,11.487
2026/04/29 15:44:36,391000,11.482
2026/04/29 15:44:36,392000,11.485
2026/04/29 15:44:36,393000,11.490
2026/04/29 15:44:36,394000,11.482
2026/04/29 15:44:36,395000,11.490
2026/04/29 15:44:36,396000,11.482
2026/04/29 15:44:36,397000,11.485
2026/04/29 15:44:36,398000,11.487
2026/04/29 15:44:36,399000,11.479
2026/04/29 15:44:36,400000,11.485
2026/04/29 15:44:36,401000,11.487
2026/04/29 15:44:36,402000,11.487
2026/04/29 15:44:36,403000,11.485
2026/04/29 15:44:36,404000,11.485
2026/04/29 15:44:36,405000,11.476
2026/04/29 15:44:36,406000,11.487
2026/04/29 15:44:36,407000,11.485
2026/04/29 15:44:36,408000,11.487
2026/04/29 15:44:36,409000,11.487
2026/04/29 15:44:36,410000,11.485
2026/04/29 15:44:36,411000,11.485
2026/04/29 15:44:36,412000,11.482
2026/04/29 15:44:36,413000,11.485
2026/04/29 15:44:36,414000,11.485
2026/04/29 15:44:36,415000,11.482
2026/04/29 15:44:36,416000,11.490
2026/04/29 15:44:36,417000,11.476
2026/04/29 15:44:36,418000,11.485
2026/04/29 15:44:36,419000,11.485
2026/04/29 15:44:36,420000,11.490
2026/04/29 15:44:36,421000,11.473
2026/04/29 15:44:36,422000,11.482
2026/04/29 15:44:36,423000,11.485
2026/04/29 15:44:36,424000,11.485
2026/04/29 15:44:36,425000,11.485
2026/04/29 15:44:36,426000,11.490
2026/04/29 15:44:36,427000,11.485
2026/04/29 15:44:36,428000,11.487
2026/04/29 15:44:36,429000,11.487
2026/04/29 15:44:36,430000,11.482
2026/04/29 15:44:36,431000,11.482
2026/04/29 15:44:36,432000,11.482
2026/04/29 15:44:36,433000,11.485
2026/04/29 15:44:36,434000,11.479
2026/04/29 15:44:36,435000,11.479
2026/04/29 15:44:36,436000,11.479
2026/04/29 15:44:36,437000,11.482
2026/04/29 15:44:36,438000,11.482
2026/04/29 15:44:36,439000,11.485
2026/04/29 15:44:36,440000,11.479
2026/04/29 15:44:36,441000,11.482
2026/04/29 15:44:36,442000,11.490
2026/04/29 15:44:36,443000,11.482
2026/04/29 15:44:36,444000,11.487
2026/04/29 15:44:36,445000,11.487
2026/04/29 15:44:36,446000,11.476
2026/04/29 15:44:36,447000,11.487
2026/04/29 15:44:36,448000,11.485
2026/04/29 15:44:36,449000,11.487
2026/04/29 15:44:36,450000,11.487
2026/04/29 15:44:36,451000,11.485
2026/04/29 15:44:36,452000,11.485
2026/04/29 15:44:36,453000,11.485
2026/04/29 15:44:36,454000,11.482
2026/04/29 15:44:36,455000,11.482
2026/04/29 15:44:36,456000,11.485
2026/04/29 15:44:36,457000,11.487
2026/04/29 15:44:36,458000,11.482
2026/04/29 15:44:36,459000,11.485
2026/04/29 15:44:36,460000,11.482
2026/04/29 15:44:36,461000,11.479
2026/04/29 15:44:36,462000,11.482
2026/04/29 15:44:36,463000,11.482
2026/04/29 15:44:36,464000,11.485
2026/04/29 15:44:36,465000,11.482
2026/04/29 15:44:36,466000,11.482
2026/04/29 15:44:36,467000,11.482
2026/04/29 15:44:36,468000,11.482
2026/04/29 15:44:36,469000,11.485
2026/04/29 15:44:36,470000,11.482
2026/04/29 15:44:36,471000,11.482
2026/04/29 15:44:36,472000,11.485
2026/04/29 15:44:36,473000,11.487
2026/04/29 15:44:36,474000,11.471
2026/04/29 15:44:36,475000,11.482
2026/04/29 15:44:36,476000,11.482
2026/04/29 15:44:36,477000,11.482
2026/04/29 15:44:36,478000,11.485
2026/04/29 15:44:36,479000,11.482
2026/04/29 15:44:36,480000,11.485
2026/04/29 15:44:36,481000,11.482
2026/04/29 15:44:36,482000,11.485
2026/04/29 15:44:36,483000,11.479
2026/04/29 15:44:36,484000,11.476
2026/04/29 15:44:36,485000,11.485
2026/04/29 15:44:36,486000,11.485
2026/04/29 15:44:36,487000,11.482
2026/04/29 15:44:36,488000,11.482
2026/04/29 15:44:36,489000,11.482
2026/04/29 15:44:36,490000,11.479
2026/04/29 15:44:36,491000,11.482
2026/04/29 15:44:36,492000,11.482
2026/04/29 15:44:36,493000,11.485
2026/04/29 15:44:36,494000,11.482
2026/04/29 15:44:36,495000,11.482
2026/04/29 15:44:36,496000,11.482
2026/04/29 15:44:36,497000,11.485
2026/04/29 15:44:36,498000,11.485
2026/04/29 15:44:36,499000,11.479
2026/04/29 15:44:36,500000,11.482
2026/04/29 15:44:36,501000,11.485
2026/04/29 15:44:36,502000,11.482
2026/04/29 15:44:36,503000,11.482
2026/04/29 15:44:36,504000,11.482
2026/04/29 15:44:36,505000,11.473
2026/04/29 15:44:36,506000,11.482
2026/04/29 15:44:36,507000,11.482
2026/04/29 15:44:36,508000,11.482
2026/04/29 15:44:36,509000,11.485
2026/04/29 15:44:36,510000,11.485
2026/04/29 15:44:36,511000,11.487
2026/04/29 15:44:36,512000,11.476
2026/04/29 15:44:36,513000,11.479
2026/04/29 15:44:36,514000,11.479
2026/04/29 15:44:36,515000,11.482
2026/04/29 15:44:36,516000,11.482
2026/04/29 15:44:36,517000,11.476
2026/04/29 15:44:36,518000,11.485
2026/04/29 15:44:36,519000,11.479
2026/04/29 15:44:36,520000,11.482
2026/04/29 15:44:36,521000,11.479
2026/04/29 15:44:36,522000,11.493
2026/04/29 15:44:36,523000,11.482
2026/04/29 15:44:36,524000,11.482
2026/04/29 15:44:36,525000,11.487
2026/04/29 15:44:36,526000,11.479
2026/04/29 15:44:36,527000,11.485
2026/04/29 15:44:36,528000,11.482
2026/04/29 15:44:36,529000,11.482
2026/04/29 15:44:36,530000,11.476
2026/04/29 15:44:36,531000,11.485
2026/04/29 15:44:36,532000,11.482
2026/04/29 15:44:36,533000,11.482
2026/04/29 15:44:36,534000,11.479
2026/04/29 15:44:36,535000,11.482
2026/04/29 15:44:36,536000,11.485
2026/04/29 15:44:36,537000,11.479
2026/04/29 15:44:36,538000,11.485
2026/04/29 15:44:36,539000,11.487
2026/04/29 15:44:36,540000,11.482
2026/04/29 15:44:36,541000,11.487
2026/04/29 15:44:36,542000,11.485
2026/04/29 15:44:36,543000,11.479
2026/04/29 15:44:36,544000,11.479
2026/04/29 15:44:36,545000,11.487
2026/04/29 15:44:36,546000,11.490
2026/04/29 15:44:36,547000,11.479
2026/04/29 15:44:36,548000,11.482
2026/04/29 15:44:36,549000,11.485
2026/04/29 15:44:36,550000,11.479
2026/04/29 15:44:36,551000,11.482
2026/04/29 15:44:36,552000,11.482
2026/04/29 15:44:36,553000,11.487
2026/04/29 15:44:36,554000,11.479
2026/04/29 15:44:36,555000,11.479
2026/04/29 15:44:36,556000,11.479
2026/04/29 15:44:36,557000,11.479
2026/04/29 15:44:36,558000,11.479
2026/04/29 15:44:36,559000,11.482
2026/04/29 15:44:36,560000,11.485
2026/04/29 15:44:36,561000,11.476
2026/04/29 15:44:36,562000,11.482
2026/04/29 15:44:36,563000,11.479
2026/04/29 15:44:36,564000,11.476
2026/04/29 15:44:36,565000,11.482
2026/04/29 15:44:36,566000,11.482
2026/04/29 15:44:36,567000,11.482
2026/04/29 15:44:36,568000,11.482
2026/04/29 15:44:36,569000,11.479
2026/04/29 15:44:36,570000,11.482
2026/04/29 15:44:36,571000,11.476
2026/04/29 15:44:36,572000,11.479
2026/04/29 15:44:36,573000,11.487
2026/04/29 15:44:36,574000,11.482
2026/04/29 15:44:36,575000,11.485
2026/04/29 15:44:36,576000,11.482
2026/04/29 15:44:36,577000,11.485
2026/04/29 15:44:36,578000,11.482
2026/04/29 15:44:36,579000,11.487
2026/04/29 15:44:36,580000,11.482
2026/04/29 15:44:36,581000,11.482
2026/04/29 15:44:36,582000,11.479
2026/04/29 15:44:36,583000,11.471
2026/04/29 15:44:36,584000,11.482
2026/04/29 15:44:36,585000,11.485
2026/04/29 15:44:36,586000,11.476
2026/04/29 15:44:36,587000,11.482
2026/04/29 15:44:36,588000,11.482
2026/04/29 15:44:36,589000,11.487
2026/04/29 15:44:36,590000,11.479
2026/04/29 15:44:36,591000,11.482
2026/04/29 15:44:36,592000,11.479
2026/04/29 15:44:36,593000,11.485
2026/04/29 15:44:36,594000,11.479
2026/04/29 15:44:36,595000,11.482
2026/04/29 15:44:36,596000,11.482
2026/04/29 15:44:36,597000,11.485
2026/04/29 15:44:36,598000,11.482
2026/04/29 15:44:36,599000,11.485
2026/04/29 15:44:36,600000,11.482
2026/04/29 15:44:36,601000,11.485
2026/04/29 15:44:36,602000,11.482
2026/04/29 15:44:36,603000,11.490
2026/04/29 15:44:36,604000,11.479
2026/04/29 15:44:36,605000,11.485
2026/04/29 15:44:36,606000,11.479
2026/04/29 15:44:36,607000,11.485
2026/04/29 15:44:36,608000,11.482
2026/04/29 15:44:36,609000,11.476
2026/04/29 15:44:36,610000,11.476
2026/04/29 15:44:36,611000,11.482
2026/04/29 15:44:36,612000,11.476
2026/04/29 15:44:36,613000,11.485
2026/04/29 15:44:36,614000,11.479
2026/04/29 15:44:36,615000,11.487
2026/04/29 15:44:36,616000,11.482
2026/04/29 15:44:36,617000,11.482
2026/04/29 15:44:36,618000,11.485
2026/04/29 15:44:36,619000,11.485
2026/04/29 15:44:36,620000,11.479
2026/04/29 15:44:36,621000,11.479
2026/04/29 15:44:36,622000,11.479
2026/04/29 15:44:36,623000,11.482
2026/04/29 15:44:36,624000,11.482
2026/04/29 15:44:36,625000,11.485
2026/04/29 15:44:36,626000,11.473
2026/04/29 15:44:36,627000,11.476
2026/04/29 15:44:36,628000,11.482
2026/04/29 15:44:36,629000,11.479
2026/04/29 15:44:36,630000,11.476
2026/04/29 15:44:36,631000,11.479
2026/04/29 15:44:36,632000,11.490
2026/04/29 15:44:36,633000,11.485
2026/04/29 15:44:36,634000,11.479
2026/04/29 15:44:36,635000,11.476
2026/04/29 15:44:36,636000,11.479
2026/04/29 15:44:36,637000,11.476
2026/04/29 15:44:36,638000,11.479
2026/04/29 15:44:36,639000,11.482
2026/04/29 15:44:36,640000,11.479
2026/04/29 15:44:36,641000,11.479
2026/04/29 15:44:36,642000,11.482
2026/04/29 15:44:36,643000,11.479
2026/04/29 15:44:36,644000,11.487
2026/04/29 15:44:36,645000,11.479
2026/04/29 15:44:36,646000,11.482
2026/04/29 15:44:36,647000,11.479
2026/04/29 15:44:36,648000,11.482
2026/04/29 15:44:36,649000,11.476
2026/04/29 15:44:36,650000,11.479
2026/04/29 15:44:36,651000,11.479
2026/04/29 15:44:36,652000,11.476
2026/04/29 15:44:36,653000,11.482
2026/04/29 15:44:36,654000,11.482
2026/04/29 15:44:36,655000,11.482
2026/04/29 15:44:36,656000,11.482
2026/04/29 15:44:36,657000,11.482
2026/04/29 15:44:36,658000,11.482
2026/04/29 15:44:36,659000,11.479
2026/04/29 15:44:36,660000,11.482
2026/04/29 15:44:36,661000,11.485
2026/04/29 15:44:36,662000,11.482
2026/04/29 15:44:36,663000,11.479
2026/04/29 15:44:36,664000,11.479
2026/04/29 15:44:36,665000,11.479
2026/04/29 15:44:36,666000,11.485
2026/04/29 15:44:36,667000,11.476
2026/04/29 15:44:36,668000,11.476
2026/04/29 15:44:36,669000,11.482
2026/04/29 15:44:36,670000,11.482
2026/04/29 15:44:36,671000,11.482
2026/04/29 15:44:36,672000,11.482
2026/04/29 15:44:36,673000,11.485
2026/04/29 15:44:36,674000,11.482
2026/04/29 15:44:36,675000,11.482
2026/04/29 15:44:36,676000,11.482
2026/04/29 15:44:36,677000,11.471
2026/04/29 15:44:36,678000,11.479
2026/04/29 15:44:36,679000,11.482
2026/04/29 15:44:36,680000,11.485
2026/04/29 15:44:36,681000,11.479
2026/04/29 15:44:36,682000,11.479
2026/04/29 15:44:36,683000,11.479
2026/04/29 15:44:36,684000,11.479
2026/04/29 15:44:36,685000,11.482
2026/04/29 15:44:36,686000,11.482
2026/04/29 15:44:36,687000,11.479
2026/04/29 15:44:36,688000,11.482
2026/04/29 15:44:36,689000,11.482
2026/04/29 15:44:36,690000,11.482
2026/04/29 15:44:36,691000,11.482
2026/04/29 15:44:36,692000,11.479
2026/04/29 15:44:36,693000,11.479
2026/04/29 15:44:36,694000,11.490
2026/04/29 15:44:36,695000,11.482
2026/04/29 15:44:36,696000,11.482
2026/04/29 15:44:36,697000,11.482
2026/04/29 15:44:36,698000,11.482
2026/04/29 15:44:36,699000,11.485
2026/04/29 15:44:36,700000,11.482
2026/04/29 15:44:36,701000,11.473
2026/04/29 15:44:36,702000,11.473
2026/04/29 15:44:36,703000,11.479
2026/04/29 15:44:36,704000,11.485
2026/04/29 15:44:36,705000,11.482
2026/04/29 15:44:36,706000,11.485
2026/04/29 15:44:36,707000,11.479
2026/04/29 15:44:36,708000,11.482
2026/04/29 15:44:36,709000,11.473
2026/04/29 15:44:36,710000,11.482
2026/04/29 15:44:36,711000,11.476
2026/04/29 15:44:36,712000,11.482
2026/04/29 15:44:36,713000,11.482
2026/04/29 15:44:36,714000,11.482
2026/04/29 15:44:36,715000,11.479
2026/04/29 15:44:36,716000,11.479
2026/04/29 15:44:36,717000,11.487
2026/04/29 15:44:36,718000,11.482
2026/04/29 15:44:36,719000,11.479
2026/04/29 15:44:36,720000,11.479
2026/04/29 15:44:36,721000,11.493
2026/04/29 15:44:36,722000,11.479
2026/04/29 15:44:36,723000,11.482
2026/04/29 15:44:36,724000,11.479
2026/04/29 15:44:36,725000,11.482
2026/04/29 15:44:36,726000,11.485
2026/04/29 15:44:36,727000,11.482
2026/04/29 15:44:36,728000,11.479
2026/04/29 15:44:36,729000,11.482
2026/04/29 15:44:36,730000,11.482
2026/04/29 15:44:36,731000,11.487
2026/04/29 15:44:36,732000,11.487
2026/04/29 15:44:36,733000,11.476
2026/04/29 15:44:36,734000,11.485
2026/04/29 15:44:36,735000,11.485
2026/04/29 15:44:36,736000,11.487
2026/04/29 15:44:36,737000,11.482
2026/04/29 15:44:36,738000,11.476
2026/04/29 15:44:36,739000,11.479
2026/04/29 15:44:36,740000,11.479
2026/04/29 15:44:36,741000,11.482
2026/04/29 15:44:36,742000,11.485
2026/04/29 15:44:36,743000,11.479
2026/04/29 15:44:36,744000,11.482
2026/04/29 15:44:36,745000,11.479
2026/04/29 15:44:36,746000,11.485
2026/04/29 15:44:36,747000,11.487
2026/04/29 15:44:36,748000,11.487
2026/04/29 15:44:36,749000,11.482
2026/04/29 15:44:36,750000,11.476
2026/04/29 15:44:36,751000,11.485
2026/04/29 15:44:36,752000,11.487
2026/04/29 15:44:36,753000,11.476
2026/04/29 15:44:36,754000,11.482
2026/04/29 15:44:36,755000,11.479
2026/04/29 15:44:36,756000,11.485
2026/04/29 15:44:36,757000,11.487
2026/04/29 15:44:36,758000,11.482
2026/04/29 15:44:36,759000,11.482
2026/04/29 15:44:36,760000,11.479
2026/04/29 15:44:36,761000,11.485
2026/04/29 15:44:36,762000,11.482
2026/04/29 15:44:36,763000,11.482
2026/04/29 15:44:36,764000,11.479
2026/04/29 15:44:36,765000,11.482
2026/04/29 15:44:36,766000,11.485
2026/04/29 15:44:36,767000,11.482
2026/04/29 15:44:36,768000,11.485
2026/04/29 15:44:36,769000,11.482
2026/04/29 15:44:36,770000,11.482
2026/04/29 15:44:36,771000,11.482
2026/04/29 15:44:36,772000,11.479
2026/04/29 15:44:36,773000,11.479
2026/04/29 15:44:36,774000,11.479
2026/04/29 15:44:36,775000,11.485
2026/04/29 15:44:36,776000,11.485
2026/04/29 15:44:36,777000,11.482
2026/04/29 15:44:36,778000,11.479
2026/04/29 15:44:36,779000,11.487
2026/04/29 15:44:36,780000,11.487
2026/04/29 15:44:36,781000,11.482
2026/04/29 15:44:36,782000,11.485
2026/04/29 15:44:36,783000,11.482
2026/04/29 15:44:36,784000,11.482
2026/04/29 15:44:36,785000,11.482
2026/04/29 15:44:36,786000,11.485
2026/04/29 15:44:36,787000,11.479
2026/04/29 15:44:36,788000,11.482
2026/04/29 15:44:36,789000,11.479
2026/04/29 15:44:36,790000,11.487
2026/04/29 15:44:36,791000,11.485
2026/04/29 15:44:36,792000,11.482
2026/04/29 15:44:36,793000,11.479
2026/04/29 15:44:36,794000,11.487
2026/04/29 15:44:36,795000,11.482
2026/04/29 15:44:36,796000,11.479
2026/04/29 15:44:36,797000,11.482
2026/04/29 15:44:36,798000,11.487
2026/04/29 15:44:36,799000,11.487
2026/04/29 15:44:36,800000,11.479
2026/04/29 15:44:36,801000,11.485
2026/04/29 15:44:36,802000,11.482
2026/04/29 15:44:36,803000,11.482
2026/04/29 15:44:36,804000,11.482
2026/04/29 15:44:36,805000,11.482
2026/04/29 15:44:36,806000,11.482
2026/04/29 15:44:36,807000,11.485
2026/04/29 15:44:36,808000,11.487
2026/04/29 15:44:36,809000,11.482
2026/04/29 15:44:36,810000,11.479
2026/04/29 15:44:36,811000,11.485
2026/04/29 15:44:36,812000,11.487
2026/04/29 15:44:36,813000,11.482
2026/04/29 15:44:36,814000,11.482
2026/04/29 15:44:36,815000,11.487
2026/04/29 15:44:36,816000,11.482
2026/04/29 15:44:36,817000,11.485
2026/04/29 15:44:36,818000,11.485
2026/04/29 15:44:36,819000,11.482
2026/04/29 15:44:36,820000,11.479
2026/04/29 15:44:36,821000,11.482
2026/04/29 15:44:36,822000,11.479
2026/04/29 15:44:36,823000,11.482
2026/04/29 15:44:36,824000,11.479
2026/04/29 15:44:36,825000,11.479
2026/04/29 15:44:36,826000,11.482
2026/04/29 15:44:36,827000,11.482
2026/04/29 15:44:36,828000,11.485
2026/04/29 15:44:36,829000,11.482
2026/04/29 15:44:36,830000,11.487
2026/04/29 15:44:36,831000,11.479
2026/04/29 15:44:36,832000,11.487
2026/04/29 15:44:36,833000,11.485
2026/04/29 15:44:36,834000,11.482
2026/04/29 15:44:36,835000,11.482
2026/04/29 15:44:36,836000,11.482
2026/04/29 15:44:36,837000,11.482
2026/04/29 15:44:36,838000,11.482
2026/04/29 15:44:36,839000,11.482
2026/04/29 15:44:36,840000,11.485
2026/04/29 15:44:36,841000,11.487
2026/04/29 15:44:36,842000,11.487
2026/04/29 15:44:36,843000,11.487
2026/04/29 15:44:36,844000,11.482
2026/04/29 15:44:36,845000,11.485
2026/04/29 15:44:36,846000,11.482
2026/04/29 15:44:36,847000,11.479
2026/04/29 15:44:36,848000,11.485
2026/04/29 15:44:36,849000,11.487
2026/04/29 15:44:36,850000,11.482
2026/04/29 15:44:36,851000,11.485
2026/04/29 15:44:36,852000,11.482
2026/04/29 15:44:36,853000,11.487
2026/04/29 15:44:36,854000,11.479
2026/04/29 15:44:36,855000,11.485
2026/04/29 15:44:36,856000,11.485
2026/04/29 15:44:36,857000,11.490
2026/04/29 15:44:36,858000,11.479
2026/04/29 15:44:36,859000,11.485
2026/04/29 15:44:36,860000,11.482
2026/04/29 15:44:36,861000,11.485
2026/04/29 15:44:36,862000,11.487
2026/04/29 15:44:36,863000,11.479
2026/04/29 15:44:36,864000,11.479
2026/04/29 15:44:36,865000,11.479
2026/04/29 15:44:36,866000,11.482
2026/04/29 15:44:36,867000,11.482
2026/04/29 15:44:36,868000,11.482
2026/04/29 15:44:36,869000,11.487
2026/04/29 15:44:36,870000,11.482
2026/04/29 15:44:36,871000,11.482
2026/04/29 15:44:36,872000,11.482
2026/04/29 15:44:36,873000,11.485
2026/04/29 15:44:36,874000,11.490
2026/04/29 15:44:36,875000,11.476
2026/04/29 15:44:36,876000,11.479
2026/04/29 15:44:36,877000,11.482
2026/04/29 15:44:36,878000,11.482
2026/04/29 15:44:36,879000,11.482
2026/04/29 15:44:36,880000,11.485
2026/04/29 15:44:36,881000,11.482
2026/04/29 15:44:36,882000,11.482
2026/04/29 15:44:36,883000,11.485
2026/04/29 15:44:36,884000,11.479
2026/04/29 15:44:36,885000,11.482
2026/04/29 15:44:36,886000,11.479
2026/04/29 15:44:36,887000,11.487
2026/04/29 15:44:36,888000,11.487
2026/04/29 15:44:36,889000,11.482
2026/04/29 15:44:36,890000,11.490
2026/04/29 15:44:36,891000,11.479
2026/04/29 15:44:36,892000,11.482
2026/04/29 15:44:36,893000,11.485
2026/04/29 15:44:36,894000,11.482
2026/04/29 15:44:36,895000,11.482
2026/04/29 15:44:36,896000,11.482
2026/04/29 15:44:36,897000,11.479
2026/04/29 15:44:36,898000,11.487
2026/04/29 15:44:36,899000,11.485
2026/04/29 15:44:36,900000,11.482
2026/04/29 15:44:36,901000,11.487
2026/04/29 15:44:36,902000,11.485
2026/04/29 15:44:36,903000,11.479
2026/04/29 15:44:36,904000,11.485
2026/04/29 15:44:36,905000,11.487
2026/04/29 15:44:36,906000,11.485
2026/04/29 15:44:36,907000,11.482
2026/04/29 15:44:36,908000,11.482
2026/04/29 15:44:36,909000,11.482
2026/04/29 15:44:36,910000,11.487
2026/04/29 15:44:36,911000,11.482
2026/04/29 15:44:36,912000,11.490
2026/04/29 15:44:36,913000,11.487
2026/04/29 15:44:36,914000,11.482
2026/04/29 15:44:36,915000,11.482
2026/04/29 15:44:36,916000,11.490
2026/04/29 15:44:36,917000,11.482
2026/04/29 15:44:36,918000,11.482
2026/04/29 15:44:36,919000,11.476
2026/04/29 15:44:36,920000,11.485
2026/04/29 15:44:36,921000,11.482
2026/04/29 15:44:36,922000,11.482
2026/04/29 15:44:36,923000,11.487
2026/04/29 15:44:36,924000,11.487
2026/04/29 15:44:36,925000,11.479
2026/04/29 15:44:36,926000,11.482
2026/04/29 15:44:36,927000,11.482
2026/04/29 15:44:36,928000,11.482
2026/04/29 15:44:36,929000,11.485
2026/04/29 15:44:36,930000,11.490
2026/04/29 15:44:36,931000,11.479
2026/04/29 15:44:36,932000,11.487
2026/04/29 15:44:36,933000,11.485
2026/04/29 15:44:36,934000,11.479
2026/04/29 15:44:36,935000,11.485
2026/04/29 15:44:36,936000,11.476
2026/04/29 15:44:36,937000,11.482
2026/04/29 15:44:36,938000,11.485
2026/04/29 15:44:36,939000,11.487
2026/04/29 15:44:36,940000,11.485
2026/04/29 15:44:36,941000,11.482
2026/04/29 15:44:36,942000,11.479
2026/04/29 15:44:36,943000,11.482
2026/04/29 15:44:36,944000,11.485
2026/04/29 15:44:36,945000,11.490
2026/04/29 15:44:36,946000,11.487
2026/04/29 15:44:36,947000,11.485
2026/04/29 15:44:36,948000,11.482
2026/04/29 15:44:36,949000,11.482
2026/04/29 15:44:36,950000,11.482
2026/04/29 15:44:36,951000,11.485
2026/04/29 15:44:36,952000,11.482
2026/04/29 15:44:36,953000,11.485
2026/04/29 15:44:36,954000,11.485
2026/04/29 15:44:36,955000,11.482
2026/04/29 15:44:36,956000,11.487
2026/04/29 15:44:36,957000,11.485
2026/04/29 15:44:36,958000,11.487
2026/04/29 15:44:36,959000,11.479
2026/04/29 15:44:36,960000,11.476
2026/04/29 15:44:36,961000,11.479
2026/04/29 15:44:36,962000,11.482
2026/04/29 15:44:36,963000,11.479
2026/04/29 15:44:36,964000,11.482
2026/04/29 15:44:36,965000,11.485
2026/04/29 15:44:36,966000,11.485
2026/04/29 15:44:36,967000,11.482
2026/04/29 15:44:36,968000,11.485
2026/04/29 15:44:36,969000,11.479
2026/04/29 15:44:36,970000,11.482
2026/04/29 15:44:36,971000,11.485
2026/04/29 15:44:36,972000,11.479
2026/04/29 15:44:36,973000,11.482
2026/04/29 15:44:36,974000,11.479
2026/04/29 15:44:36,975000,11.485
2026/04/29 15:44:36,976000,11.487
2026/04/29 15:44:36,977000,11.485
2026/04/29 15:44:36,978000,11.487
2026/04/29 15:44:36,979000,11.485
2026/04/29 15:44:36,980000,11.487
2026/04/29 15:44:36,981000,11.490
2026/04/29 15:44:36,982000,11.485
2026/04/29 15:44:36,983000,11.487
2026/04/29 15:44:36,984000,11.482
2026/04/29 15:44:36,985000,11.487
2026/04/29 15:44:36,986000,11.482
2026/04/29 15:44:36,987000,11.487
2026/04/29 15:44:36,988000,11.487
2026/04/29 15:44:36,989000,11.487
2026/04/29 15:44:36,990000,11.479
2026/04/29 15:44:36,991000,11.485
2026/04/29 15:44:36,992000,11.485
2026/04/29 15:44:36,993000,11.485
2026/04/29 15:44:36,994000,11.482
2026/04/29 15:44:36,995000,11.485
2026/04/29 15:44:36,996000,11.482
2026/04/29 15:44:36,997000,11.479
2026/04/29 15:44:36,998000,11.490
2026/04/29 15:44:36,999000,11.482
2026/04/29 15:44:37,000000,11.482
2026/04/29 15:44:37,001000,11.487
2026/04/29 15:44:37,002000,11.479
2026/04/29 15:44:37,003000,11.485
2026/04/29 15:44:37,004000,11.485
2026/04/29 15:44:37,005000,11.490
2026/04/29 15:44:37,006000,11.482
2026/04/29 15:44:37,007000,11.485
2026/04/29 15:44:37,008000,11.485
2026/04/29 15:44:37,009000,11.485
2026/04/29 15:44:37,010000,11.490
2026/04/29 15:44:37,011000,11.487
2026/04/29 15:44:37,012000,11.485
2026/04/29 15:44:37,013000,11.485
2026/04/29 15:44:37,014000,11.482
2026/04/29 15:44:37,015000,11.476
2026/04/29 15:44:37,016000,11.482
2026/04/29 15:44:37,017000,11.482
2026/04/29 15:44:37,018000,11.482
2026/04/29 15:44:37,019000,11.476
2026/04/29 15:44:37,020000,11.487
2026/04/29 15:44:37,021000,11.485
2026/04/29 15:44:37,022000,11.487
2026/04/29 15:44:37,023000,11.485
2026/04/29 15:44:37,024000,11.479
2026/04/29 15:44:37,025000,11.487
2026/04/29 15:44:37,026000,11.482
2026/04/29 15:44:37,027000,11.479
2026/04/29 15:44:37,028000,11.479
2026/04/29 15:44:37,029000,11.482
2026/04/29 15:44:37,030000,11.487
2026/04/29 15:44:37,031000,11.485
2026/04/29 15:44:37,032000,11.485
2026/04/29 15:44:37,033000,11.482
2026/04/29 15:44:37,034000,11.485
2026/04/29 15:44:37,035000,11.482
2026/04/29 15:44:37,036000,11.487
2026/04/29 15:44:37,037000,11.479
2026/04/29 15:44:37,038000,11.482
2026/04/29 15:44:37,039000,11.490
2026/04/29 15:44:37,040000,11.479
2026/04/29 15:44:37,041000,11.487
2026/04/29 15:44:37,042000,11.485
2026/04/29 15:44:37,043000,11.487
2026/04/29 15:44:37,044000,11.482
2026/04/29 15:44:37,045000,11.485
2026/04/29 15:44:37,046000,11.487
2026/04/29 15:44:37,047000,11.485
2026/04/29 15:44:37,048000,11.487
2026/04/29 15:44:37,049000,11.487
2026/04/29 15:44:37,050000,11.485
2026/04/29 15:44:37,051000,11.485
2026/04/29 15:44:37,052000,11.485
2026/04/29 15:44:37,053000,11.482
2026/04/29 15:44:37,054000,11.487
2026/04/29 15:44:37,055000,11.490
2026/04/29 15:44:37,056000,11.482
2026/04/29 15:44:37,057000,11.485
2026/04/29 15:44:37,058000,11.485
2026/04/29 15:44:37,059000,11.485
2026/04/29 15:44:37,060000,11.482
2026/04/29 15:44:37,061000,11.479
2026/04/29 15:44:37,062000,11.487
2026/04/29 15:44:37,063000,11.485
2026/04/29 15:44:37,064000,11.490
2026/04/29 15:44:37,065000,11.487
2026/04/29 15:44:37,066000,11.485
2026/04/29 15:44:37,067000,11.482
2026/04/29 15:44:37,068000,11.485
2026/04/29 15:44:37,069000,11.485
2026/04/29 15:44:37,070000,11.487
2026/04/29 15:44:37,071000,11.479
2026/04/29 15:44:37,072000,11.487
2026/04/29 15:44:37,073000,11.485
2026/04/29 15:44:37,074000,11.487
2026/04/29 15:44:37,075000,11.482
2026/04/29 15:44:37,076000,11.482
2026/04/29 15:44:37,077000,11.479
2026/04/29 15:44:37,078000,11.485
2026/04/29 15:44:37,079000,11.485
2026/04/29 15:44:37,080000,11.482
2026/04/29 15:44:37,081000,11.485
2026/04/29 15:44:37,082000,11.485
2026/04/29 15:44:37,083000,11.476
2026/04/29 15:44:37,084000,11.487
2026/04/29 15:44:37,085000,11.482
2026/04/29 15:44:37,086000,11.482
2026/04/29 15:44:37,087000,11.482
2026/04/29 15:44:37,088000,11.485
2026/04/29 15:44:37,089000,11.487
2026/04/29 15:44:37,090000,11.485
2026/04/29 15:44:37,091000,11.485
2026/04/29 15:44:37,092000,11.482
2026/04/29 15:44:37,093000,11.482
2026/04/29 15:44:37,094000,11.482
2026/04/29 15:44:37,095000,11.485
2026/04/29 15:44:37,096000,11.487
2026/04/29 15:44:37,097000,11.487
2026/04/29 15:44:37,098000,11.485
2026/04/29 15:44:37,099000,11.485
2026/04/29 15:44:37,100000,11.485
2026/04/29 15:44:37,101000,11.490
2026/04/29 15:44:37,102000,11.482
2026/04/29 15:44:37,103000,11.482
2026/04/29 15:44:37,104000,11.485
2026/04/29 15:44:37,105000,11.479
2026/04/29 15:44:37,106000,11.487
2026/04/29 15:44:37,107000,11.479
2026/04/29 15:44:37,108000,11.476
2026/04/29 15:44:37,109000,11.485
2026/04/29 15:44:37,110000,11.482
2026/04/29 15:44:37,111000,11.485
2026/04/29 15:44:37,112000,11.485
2026/04/29 15:44:37,113000,11.485
2026/04/29 15:44:37,114000,11.487
2026/04/29 15:44:37,115000,11.476
2026/04/29 15:44:37,116000,11.482
2026/04/29 15:44:37,117000,11.485
2026/04/29 15:44:37,118000,11.482
2026/04/29 15:44:37,119000,11.479
2026/04/29 15:44:37,120000,11.485
2026/04/29 15:44:37,121000,11.482
2026/04/29 15:44:37,122000,11.485
2026/04/29 15:44:37,123000,11.482
2026/04/29 15:44:37,124000,11.482
2026/04/29 15:44:37,125000,11.479
2026/04/29 15:44:37,126000,11.485
2026/04/29 15:44:37,127000,11.487
2026/04/29 15:44:37,128000,11.482
2026/04/29 15:44:37,129000,11.482
2026/04/29 15:44:37,130000,11.479
2026/04/29 15:44:37,131000,11.485
2026/04/29 15:44:37,132000,11.487
2026/04/29 15:44:37,133000,11.485
2026/04/29 15:44:37,134000,11.485
2026/04/29 15:44:37,135000,11.485
2026/04/29 15:44:37,136000,11.482
2026/04/29 15:44:37,137000,11.482
2026/04/29 15:44:37,138000,11.479
2026/04/29 15:44:37,139000,11.485
2026/04/29 15:44:37,140000,11.482
2026/04/29 15:44:37,141000,11.479
2026/04/29 15:44:37,142000,11.482
2026/04/29 15:44:37,143000,11.485
2026/04/29 15:44:37,144000,11.479
2026/04/29 15:44:37,145000,11.485
2026/04/29 15:44:37,146000,11.493
2026/04/29 15:44:37,147000,11.487
2026/04/29 15:44:37,148000,11.482
2026/04/29 15:44:37,149000,11.487
2026/04/29 15:44:37,150000,11.487
2026/04/29 15:44:37,151000,11.485
2026/04/29 15:44:37,152000,11.479
2026/04/29 15:44:37,153000,11.482
2026/04/29 15:44:37,154000,11.485
2026/04/29 15:44:37,155000,11.485
2026/04/29 15:44:37,156000,11.485
2026/04/29 15:44:37,157000,11.482
2026/04/29 15:44:37,158000,11.487
2026/04/29 15:44:37,159000,11.479
2026/04/29 15:44:37,160000,11.479
2026/04/29 15:44:37,161000,11.485
2026/04/29 15:44:37,162000,11.485
2026/04/29 15:44:37,163000,11.485
2026/04/29 15:44:37,164000,11.485
2026/04/29 15:44:37,165000,11.485
2026/04/29 15:44:37,166000,11.485
2026/04/29 15:44:37,167000,11.485
2026/04/29 15:44:37,168000,11.485
2026/04/29 15:44:37,169000,11.485
2026/04/29 15:44:37,170000,11.473
2026/04/29 15:44:37,171000,11.487
2026/04/29 15:44:37,172000,11.479
2026/04/29 15:44:37,173000,11.485
2026/04/29 15:44:37,174000,11.479
2026/04/29 15:44:37,175000,11.485
2026/04/29 15:44:37,176000,11.482
2026/04/29 15:44:37,177000,11.487
2026/04/29 15:44:37,178000,11.482
2026/04/29 15:44:37,179000,11.490
2026/04/29 15:44:37,180000,11.482
2026/04/29 15:44:37,181000,11.482
2026/04/29 15:44:37,182000,11.482
2026/04/29 15:44:37,183000,11.482
2026/04/29 15:44:37,184000,11.487
2026/04/29 15:44:37,185000,11.479
2026/04/29 15:44:37,186000,11.482
2026/04/29 15:44:37,187000,11.490
2026/04/29 15:44:37,188000,11.482
2026/04/29 15:44:37,189000,11.485
2026/04/29 15:44:37,190000,11.496
2026/04/29 15:44:37,191000,11.485
2026/04/29 15:44:37,192000,11.485
2026/04/29 15:44:37,193000,11.487
2026/04/29 15:44:37,194000,11.482
2026/04/29 15:44:37,195000,11.487
2026/04/29 15:44:37,196000,11.479
2026/04/29 15:44:37,197000,11.482
2026/04/29 15:44:37,198000,11.482
2026/04/29 15:44:37,199000,11.482
2026/04/29 15:44:37,200000,11.485
2026/04/29 15:44:37,201000,11.487
2026/04/29 15:44:37,202000,11.487
2026/04/29 15:44:37,203000,11.485
2026/04/29 15:44:37,204000,11.482
2026/04/29 15:44:37,205000,11.485
2026/04/29 15:44:37,206000,11.482
2026/04/29 15:44:37,207000,11.482
2026/04/29 15:44:37,208000,11.479
2026/04/29 15:44:37,209000,11.479
2026/04/29 15:44:37,210000,11.485
2026/04/29 15:44:37,211000,11.485
2026/04/29 15:44:37,212000,11.490
2026/04/29 15:44:37,213000,11.482
2026/04/29 15:44:37,214000,11.479
2026/04/29 15:44:37,215000,11.485
2026/04/29 15:44:37,216000,11.482
2026/04/29 15:44:37,217000,11.487
2026/04/29 15:44:37,218000,11.485
2026/04/29 15:44:37,219000,11.482
2026/04/29 15:44:37,220000,11.485
2026/04/29 15:44:37,221000,11.490
2026/04/29 15:44:37,222000,11.487
2026/04/29 15:44:37,223000,11.485
2026/04/29 15:44:37,224000,11.482
2026/04/29 15:44:37,225000,11.482
2026/04/29 15:44:37,226000,11.482
2026/04/29 15:44:37,227000,11.482
2026/04/29 15:44:37,228000,11.485
2026/04/29 15:44:37,229000,11.485
2026/04/29 15:44:37,230000,11.482
2026/04/29 15:44:37,231000,11.482
2026/04/29 15:44:37,232000,11.482
2026/04/29 15:44:37,233000,11.487
2026/04/29 15:44:37,234000,11.487
2026/04/29 15:44:37,235000,11.479
2026/04/29 15:44:37,236000,11.482
2026/04/29 15:44:37,237000,11.482
2026/04/29 15:44:37,238000,11.485
2026/04/29 15:44:37,239000,11.482
2026/04/29 15:44:37,240000,11.485
2026/04/29 15:44:37,241000,11.482
2026/04/29 15:44:37,242000,11.485
2026/04/29 15:44:37,243000,11.487
2026/04/29 15:44:37,244000,11.485
2026/04/29 15:44:37,245000,11.487
2026/04/29 15:44:37,246000,11.490
2026/04/29 15:44:37,247000,11.482
2026/04/29 15:44:37,248000,11.482
2026/04/29 15:44:37,249000,11.490
2026/04/29 15:44:37,250000,11.482
2026/04/29 15:44:37,251000,11.479
2026/04/29 15:44:37,252000,11.482
2026/04/29 15:44:37,253000,11.490
2026/04/29 15:44:37,254000,11.482
2026/04/29 15:44:37,255000,11.487
2026/04/29 15:44:37,256000,11.479
2026/04/29 15:44:37,257000,11.485
2026/04/29 15:44:37,258000,11.482
2026/04/29 15:44:37,259000,11.482
2026/04/29 15:44:37,260000,11.479
2026/04/29 15:44:37,261000,11.485
2026/04/29 15:44:37,262000,11.482
2026/04/29 15:44:37,263000,11.487
2026/04/29 15:44:37,264000,11.487
2026/04/29 15:44:37,265000,11.487
2026/04/29 15:44:37,266000,11.485
2026/04/29 15:44:37,267000,11.487
2026/04/29 15:44:37,268000,11.482
2026/04/29 15:44:37,269000,11.487
2026/04/29 15:44:37,270000,11.487
2026/04/29 15:44:37,271000,11.476
2026/04/29 15:44:37,272000,11.482
2026/04/29 15:44:37,273000,11.485
2026/04/29 15:44:37,274000,11.482
2026/04/29 15:44:37,275000,11.476
2026/04/29 15:44:37,276000,11.482
2026/04/29 15:44:37,277000,11.485
2026/04/29 15:44:37,278000,11.487
2026/04/29 15:44:37,279000,11.487
2026/04/29 15:44:37,280000,11.487
2026/04/29 15:44:37,281000,11.485
2026/04/29 15:44:37,282000,11.487
2026/04/29 15:44:37,283000,11.479
2026/04/29 15:44:37,284000,11.482
2026/04/29 15:44:37,285000,11.485
2026/04/29 15:44:37,286000,11.482
2026/04/29 15:44:37,287000,11.482
2026/04/29 15:44:37,288000,11.485
2026/04/29 15:44:37,289000,11.479
2026/04/29 15:44:37,290000,11.479
2026/04/29 15:44:37,291000,11.487
2026/04/29 15:44:37,292000,11.485
2026/04/29 15:44:37,293000,11.490
2026/04/29 15:44:37,294000,11.487
2026/04/29 15:44:37,295000,11.482
2026/04/29 15:44:37,296000,11.482
2026/04/29 15:44:37,297000,11.485
2026/04/29 15:44:37,298000,11.487
2026/04/29 15:44:37,299000,11.482
2026/04/29 15:44:37,300000,11.482
2026/04/29 15:44:37,301000,11.482
2026/04/29 15:44:37,302000,11.482
2026/04/29 15:44:37,303000,11.485
2026/04/29 15:44:37,304000,11.485
2026/04/29 15:44:37,305000,11.485
2026/04/29 15:44:37,306000,11.487
2026/04/29 15:44:37,307000,11.482
2026/04/29 15:44:37,308000,11.487
2026/04/29 15:44:37,309000,11.487
2026/04/29 15:44:37,310000,11.487
2026/04/29 15:44:37,311000,11.482
2026/04/29 15:44:37,312000,11.482
2026/04/29 15:44:37,313000,11.487
2026/04/29 15:44:37,314000,11.479
2026/04/29 15:44:37,315000,11.482
2026/04/29 15:44:37,316000,11.479
2026/04/29 15:44:37,317000,11.482
2026/04/29 15:44:37,318000,11.482
2026/04/29 15:44:37,319000,11.479
2026/04/29 15:44:37,320000,11.479
2026/04/29 15:44:37,321000,11.479
2026/04/29 15:44:37,322000,11.482
2026/04/29 15:44:37,323000,11.485
2026/04/29 15:44:37,324000,11.482
2026/04/29 15:44:37,325000,11.485
2026/04/29 15:44:37,326000,11.479
2026/04/29 15:44:37,327000,11.485
2026/04/29 15:44:37,328000,11.490
2026/04/29 15:44:37,329000,11.479
2026/04/29 15:44:37,330000,11.482
2026/04/29 15:44:37,331000,11.487
2026/04/29 15:44:37,332000,11.482
2026/04/29 15:44:37,333000,11.485
2026/04/29 15:44:37,334000,11.485
2026/04/29 15:44:37,335000,11.482
2026/04/29 15:44:37,336000,11.485
2026/04/29 15:44:37,337000,11.479
2026/04/29 15:44:37,338000,11.482
2026/04/29 15:44:37,339000,11.485
2026/04/29 15:44:37,340000,11.485
2026/04/29 15:44:37,341000,11.479
2026/04/29 15:44:37,342000,11.487
2026/04/29 15:44:37,343000,11.490
2026/04/29 15:44:37,344000,11.479
2026/04/29 15:44:37,345000,11.479
2026/04/29 15:44:37,346000,11.479
2026/04/29 15:44:37,347000,11.487
2026/04/29 15:44:37,348000,11.482
2026/04/29 15:44:37,349000,11.482
2026/04/29 15:44:37,350000,11.482
2026/04/29 15:44:37,351000,11.479
2026/04/29 15:44:37,352000,11.490
2026/04/29 15:44:37,353000,11.485
2026/04/29 15:44:37,354000,11.482
2026/04/29 15:44:37,355000,11.482
2026/04/29 15:44:37,356000,11.482
2026/04/29 15:44:37,357000,11.485
2026/04/29 15:44:37,358000,11.479
2026/04/29 15:44:37,359000,11.482
2026/04/29 15:44:37,360000,11.485
2026/04/29 15:44:37,361000,11.482
2026/04/29 15:44:37,362000,11.482
2026/04/29 15:44:37,363000,11.482
2026/04/29 15:44:37,364000,11.485
2026/04/29 15:44:37,365000,11.482
2026/04/29 15:44:37,366000,11.485
2026/04/29 15:44:37,367000,11.485
2026/04/29 15:44:37,368000,11.490
2026/04/29 15:44:37,369000,11.485
2026/04/29 15:44:37,370000,11.482
2026/04/29 15:44:37,371000,11.485
2026/04/29 15:44:37,372000,11.479
2026/04/29 15:44:37,373000,11.482
2026/04/29 15:44:37,374000,11.482
2026/04/29 15:44:37,375000,11.482
2026/04/29 15:44:37,376000,11.482
2026/04/29 15:44:37,377000,11.479
2026/04/29 15:44:37,378000,11.482
2026/04/29 15:44:37,379000,11.487
2026/04/29 15:44:37,380000,11.485
2026/04/29 15:44:37,381000,11.485
2026/04/29 15:44:37,382000,11.487
2026/04/29 15:44:37,383000,11.485
2026/04/29 15:44:37,384000,11.482
2026/04/29 15:44:37,385000,11.485
2026/04/29 15:44:37,386000,11.479
2026/04/29 15:44:37,387000,11.485
2026/04/29 15:44:37,388000,11.482
2026/04/29 15:44:37,389000,11.487
2026/04/29 15:44:37,390000,11.485
2026/04/29 15:44:37,391000,11.479
2026/04/29 15:44:37,392000,11.482
2026/04/29 15:44:37,393000,11.482
2026/04/29 15:44:37,394000,11.482
2026/04/29 15:44:37,395000,11.485
2026/04/29 15:44:37,396000,11.479
2026/04/29 15:44:37,397000,11.487
2026/04/29 15:44:37,398000,11.485
2026/04/29 15:44:37,399000,11.487
2026/04/29 15:44:37,400000,11.479
2026/04/29 15:44:37,401000,11.479
2026/04/29 15:44:37,402000,11.482
2026/04/29 15:44:37,403000,11.482
2026/04/29 15:44:37,404000,11.485
2026/04/29 15:44:37,405000,11.482
2026/04/29 15:44:37,406000,11.493
2026/04/29 15:44:37,407000,11.487
2026/04/29 15:44:37,408000,11.482
2026/04/29 15:44:37,409000,11.485
2026/04/29 15:44:37,410000,11.485
2026/04/29 15:44:37,411000,11.485
2026/04/29 15:44:37,412000,11.479
2026/04/29 15:44:37,413000,11.482
2026/04/29 15:44:37,414000,11.487
2026/04/29 15:44:37,415000,11.482
2026/04/29 15:44:37,416000,11.479
2026/04/29 15:44:37,417000,11.479
2026/04/29 15:44:37,418000,11.482
2026/04/29 15:44:37,419000,11.485
2026/04/29 15:44:37,420000,11.487
2026/04/29 15:44:37,421000,11.482
2026/04/29 15:44:37,422000,11.482
2026/04/29 15:44:37,423000,11.482
2026/04/29 15:44:37,424000,11.485
2026/04/29 15:44:37,425000,11.485
2026/04/29 15:44:37,426000,11.482
2026/04/29 15:44:37,427000,11.482
2026/04/29 15:44:37,428000,11.485
2026/04/29 15:44:37,429000,11.479
2026/04/29 15:44:37,430000,11.479
2026/04/29 15:44:37,431000,11.485
2026/04/29 15:44:37,432000,11.482
2026/04/29 15:44:37,433000,11.487
2026/04/29 15:44:37,434000,11.487
2026/04/29 15:44:37,435000,11.485
2026/04/29 15:44:37,436000,11.482
2026/04/29 15:44:37,437000,11.485
2026/04/29 15:44:37,438000,11.482
2026/04/29 15:44:37,439000,11.485
2026/04/29 15:44:37,440000,11.479
2026/04/29 15:44:37,441000,11.476
2026/04/29 15:44:37,442000,11.487
2026/04/29 15:44:37,443000,11.487
2026/04/29 15:44:37,444000,11.482
2026/04/29 15:44:37,445000,11.485
2026/04/29 15:44:37,446000,11.482
2026/04/29 15:44:37,447000,11.485
2026/04/29 15:44:37,448000,11.482
2026/04/29 15:44:37,449000,11.479
2026/04/29 15:44:37,450000,11.482
2026/04/29 15:44:37,451000,11.485
2026/04/29 15:44:37,452000,11.485
2026/04/29 15:44:37,453000,11.485
2026/04/29 15:44:37,454000,11.485
2026/04/29 15:44:37,455000,11.485
2026/04/29 15:44:37,456000,11.479
2026/04/29 15:44:37,457000,11.490
2026/04/29 15:44:37,458000,11.490
2026/04/29 15:44:37,459000,11.482
2026/04/29 15:44:37,460000,11.485
2026/04/29 15:44:37,461000,11.487
2026/04/29 15:44:37,462000,11.482
2026/04/29 15:44:37,463000,11.485
2026/04/29 15:44:37,464000,11.479
2026/04/29 15:44:37,465000,11.482
2026/04/29 15:44:37,466000,11.485
2026/04/29 15:44:37,467000,11.485
2026/04/29 15:44:37,468000,11.482
2026/04/29 15:44:37,469000,11.490
2026/04/29 15:44:37,470000,11.490
2026/04/29 15:44:37,471000,11.482
2026/04/29 15:44:37,472000,11.479
2026/04/29 15:44:37,473000,11.482
2026/04/29 15:44:37,474000,11.487
2026/04/29 15:44:37,475000,11.476
2026/04/29 15:44:37,476000,11.487
2026/04/29 15:44:37,477000,11.482
2026/04/29 15:44:37,478000,11.482
2026/04/29 15:44:37,479000,11.487
2026/04/29 15:44:37,480000,11.482
2026/04/29 15:44:37,481000,11.499
2026/04/29 15:44:37,482000,11.485
2026/04/29 15:44:37,483000,11.482
2026/04/29 15:44:37,484000,11.479
2026/04/29 15:44:37,485000,11.490
2026/04/29 15:44:37,486000,11.482
2026/04/29 15:44:37,487000,11.485
2026/04/29 15:44:37,488000,11.485
2026/04/29 15:44:37,489000,11.485
2026/04/29 15:44:37,490000,11.487
2026/04/29 15:44:37,491000,11.485
2026/04/29 15:44:37,492000,11.482
2026/04/29 15:44:37,493000,11.485
2026/04/29 15:44:37,494000,11.485
2026/04/29 15:44:37,495000,11.485
2026/04/29 15:44:37,496000,11.485
2026/04/29 15:44:37,497000,11.482
2026/04/29 15:44:37,498000,11.493
2026/04/29 15:44:37,499000,11.482
2026/04/29 15:44:37,500000,11.485
2026/04/29 15:44:37,501000,11.482
2026/04/29 15:44:37,502000,11.479
2026/04/29 15:44:37,503000,11.485
2026/04/29 15:44:37,504000,11.476
2026/04/29 15:44:37,505000,11.485
2026/04/29 15:44:37,506000,11.479
2026/04/29 15:44:37,507000,11.482
2026/04/29 15:44:37,508000,11.482
2026/04/29 15:44:37,509000,11.479
2026/04/29 15:44:37,510000,11.482
2026/04/29 15:44:37,511000,11.487
2026/04/29 15:44:37,512000,11.487
2026/04/29 15:44:37,513000,11.479
2026/04/29 15:44:37,514000,11.485
2026/04/29 15:44:37,515000,11.485
2026/04/29 15:44:37,516000,11.485
2026/04/29 15:44:37,517000,11.490
2026/04/29 15:44:37,518000,11.482
2026/04/29 15:44:37,519000,11.479
2026/04/29 15:44:37,520000,11.485
2026/04/29 15:44:37,521000,11.482
2026/04/29 15:44:37,522000,11.490
2026/04/29 15:44:37,523000,11.479
2026/04/29 15:44:37,524000,11.482
2026/04/29 15:44:37,525000,11.487
2026/04/29 15:44:37,526000,11.479
2026/04/29 15:44:37,527000,11.485
2026/04/29 15:44:37,528000,11.485
2026/04/29 15:44:37,529000,11.485
2026/04/29 15:44:37,530000,11.482
2026/04/29 15:44:37,531000,11.485
2026/04/29 15:44:37,532000,11.482
2026/04/29 15:44:37,533000,11.490
2026/04/29 15:44:37,534000,11.487
2026/04/29 15:44:37,535000,11.479
2026/04/29 15:44:37,536000,11.479
2026/04/29 15:44:37,537000,11.482
2026/04/29 15:44:37,538000,11.482
2026/04/29 15:44:37,539000,11.485
2026/04/29 15:44:37,540000,11.485
2026/04/29 15:44:37,541000,11.487
2026/04/29 15:44:37,542000,11.490
2026/04/29 15:44:37,543000,11.485
2026/04/29 15:44:37,544000,11.479
2026/04/29 15:44:37,545000,11.485
2026/04/29 15:44:37,546000,11.479
2026/04/29 15:44:37,547000,11.482
2026/04/29 15:44:37,548000,11.482
2026/04/29 15:44:37,549000,11.490
2026/04/29 15:44:37,550000,11.485
2026/04/29 15:44:37,551000,11.482
2026/04/29 15:44:37,552000,11.485
2026/04/29 15:44:37,553000,11.487
2026/04/29 15:44:37,554000,11.479
2026/04/29 15:44:37,555000,11.485
2026/04/29 15:44:37,556000,11.482
2026/04/29 15:44:37,557000,11.479
2026/04/29 15:44:37,558000,11.482
2026/04/29 15:44:37,559000,11.485
2026/04/29 15:44:37,560000,11.482
2026/04/29 15:44:37,561000,11.479
2026/04/29 15:44:37,562000,11.485
2026/04/29 15:44:37,563000,11.482
2026/04/29 15:44:37,564000,11.487
2026/04/29 15:44:37,565000,11.482
2026/04/29 15:44:37,566000,11.471
2026/04/29 15:44:37,567000,11.487
2026/04/29 15:44:37,568000,11.485
2026/04/29 15:44:37,569000,11.482
2026/04/29 15:44:37,570000,11.487
2026/04/29 15:44:37,571000,11.479
2026/04/29 15:44:37,572000,11.482
2026/04/29 15:44:37,573000,11.482
2026/04/29 15:44:37,574000,11.482
2026/04/29 15:44:37,575000,11.485
2026/04/29 15:44:37,576000,11.482
2026/04/29 15:44:37,577000,11.482
2026/04/29 15:44:37,578000,11.485
2026/04/29 15:44:37,579000,11.479
2026/04/29 15:44:37,580000,11.493
2026/04/29 15:44:37,581000,11.482
2026/04/29 15:44:37,582000,11.487
2026/04/29 15:44:37,583000,11.482
2026/04/29 15:44:37,584000,11.487
2026/04/29 15:44:37,585000,11.485
2026/04/29 15:44:37,586000,11.482
2026/04/29 15:44:37,587000,11.482
2026/04/29 15:44:37,588000,11.482
2026/04/29 15:44:37,589000,11.482
2026/04/29 15:44:37,590000,11.490
2026/04/29 15:44:37,591000,11.482
2026/04/29 15:44:37,592000,11.485
2026/04/29 15:44:37,593000,11.482
2026/04/29 15:44:37,594000,11.485
2026/04/29 15:44:37,595000,11.482
2026/04/29 15:44:37,596000,11.490
2026/04/29 15:44:37,597000,11.482
2026/04/29 15:44:37,598000,11.485
2026/04/29 15:44:37,599000,11.485
2026/04/29 15:44:37,600000,11.485
2026/04/29 15:44:37,601000,11.485
2026/04/29 15:44:37,602000,11.485
2026/04/29 15:44:37,603000,11.493
2026/04/29 15:44:37,604000,11.479
2026/04/29 15:44:37,605000,11.479
2026/04/29 15:44:37,606000,11.487
2026/04/29 15:44:37,607000,11.487
2026/04/29 15:44:37,608000,11.479
2026/04/29 15:44:37,609000,11.479
2026/04/29 15:44:37,610000,11.485
2026/04/29 15:44:37,611000,11.485
2026/04/29 15:44:37,612000,11.479
2026/04/29 15:44:37,613000,11.487
2026/04/29 15:44:37,614000,11.482
2026/04/29 15:44:37,615000,11.482
2026/04/29 15:44:37,616000,11.487
2026/04/29 15:44:37,617000,11.485
2026/04/29 15:44:37,618000,11.485
2026/04/29 15:44:37,619000,11.479
2026/04/29 15:44:37,620000,11.482
2026/04/29 15:44:37,621000,11.485
2026/04/29 15:44:37,622000,11.485
2026/04/29 15:44:37,623000,11.482
2026/04/29 15:44:37,624000,11.482
2026/04/29 15:44:37,625000,11.479
2026/04/29 15:44:37,626000,11.482
2026/04/29 15:44:37,627000,11.482
2026/04/29 15:44:37,628000,11.493
2026/04/29 15:44:37,629000,11.482
2026/04/29 15:44:37,630000,11.479
2026/04/29 15:44:37,631000,11.482
2026/04/29 15:44:37,632000,11.479
2026/04/29 15:44:37,633000,11.485
2026/04/29 15:44:37,634000,11.479
2026/04/29 15:44:37,635000,11.485
2026/04/29 15:44:37,636000,11.479
2026/04/29 15:44:37,637000,11.482
2026/04/29 15:44:37,638000,11.487
2026/04/29 15:44:37,639000,11.479
2026/04/29 15:44:37,640000,11.482
2026/04/29 15:44:37,641000,11.482
2026/04/29 15:44:37,642000,11.493
2026/04/29 15:44:37,643000,11.485
2026/04/29 15:44:37,644000,11.485
2026/04/29 15:44:37,645000,11.487
2026/04/29 15:44:37,646000,11.482
2026/04/29 15:44:37,647000,11.479
2026/04/29 15:44:37,648000,11.485
2026/04/29 15:44:37,649000,11.485
2026/04/29 15:44:37,650000,11.485
2026/04/29 15:44:37,651000,11.482
2026/04/29 15:44:37,652000,11.487
2026/04/29 15:44:37,653000,11.490
2026/04/29 15:44:37,654000,11.482
2026/04/29 15:44:37,655000,11.479
2026/04/29 15:44:37,656000,11.479
2026/04/29 15:44:37,657000,11.490
2026/04/29 15:44:37,658000,11.487
2026/04/29 15:44:37,659000,11.482
2026/04/29 15:44:37,660000,11.482
2026/04/29 15:44:37,661000,11.490
2026/04/29 15:44:37,662000,11.487
2026/04/29 15:44:37,663000,11.482
2026/04/29 15:44:37,664000,11.482
2026/04/29 15:44:37,665000,11.482
2026/04/29 15:44:37,666000,11.493
2026/04/29 15:44:37,667000,11.482
2026/04/29 15:44:37,668000,11.479
2026/04/29 15:44:37,669000,11.479
2026/04/29 15:44:37,670000,11.482
2026/04/29 15:44:37,671000,11.487
2026/04/29 15:44:37,672000,11.490
2026/04/29 15:44:37,673000,11.479
2026/04/29 15:44:37,674000,11.485
2026/04/29 15:44:37,675000,11.485
2026/04/29 15:44:37,676000,11.487
2026/04/29 15:44:37,677000,11.487
2026/04/29 15:44:37,678000,11.482
2026/04/29 15:44:37,679000,11.485
2026/04/29 15:44:37,680000,11.487
2026/04/29 15:44:37,681000,11.482
2026/04/29 15:44:37,682000,11.485
2026/04/29 15:44:37,683000,11.482
2026/04/29 15:44:37,684000,11.485
2026/04/29 15:44:37,685000,11.485
2026/04/29 15:44:37,686000,11.485
2026/04/29 15:44:37,687000,11.485
2026/04/29 15:44:37,688000,11.485
2026/04/29 15:44:37,689000,11.490
2026/04/29 15:44:37,690000,11.490
2026/04/29 15:44:37,691000,11.487
2026/04/29 15:44:37,692000,11.476
2026/04/29 15:44:37,693000,11.485
2026/04/29 15:44:37,694000,11.482
2026/04/29 15:44:37,695000,11.482
2026/04/29 15:44:37,696000,11.479
2026/04/29 15:44:37,697000,11.482
2026/04/29 15:44:37,698000,11.485
2026/04/29 15:44:37,699000,11.485
2026/04/29 15:44:37,700000,11.485
2026/04/29 15:44:37,701000,11.485
2026/04/29 15:44:37,702000,11.479
2026/04/29 15:44:37,703000,11.485
2026/04/29 15:44:37,704000,11.490
2026/04/29 15:44:37,705000,11.487
2026/04/29 15:44:37,706000,11.482
2026/04/29 15:44:37,707000,11.476
2026/04/29 15:44:37,708000,11.485
2026/04/29 15:44:37,709000,11.479
2026/04/29 15:44:37,710000,11.487
2026/04/29 15:44:37,711000,11.485
2026/04/29 15:44:37,712000,11.482
2026/04/29 15:44:37,713000,11.490
2026/04/29 15:44:37,714000,11.485
2026/04/29 15:44:37,715000,11.482
2026/04/29 15:44:37,716000,11.485
2026/04/29 15:44:37,717000,11.482
2026/04/29 15:44:37,718000,11.482
2026/04/29 15:44:37,719000,11.482
2026/04/29 15:44:37,720000,11.485
2026/04/29 15:44:37,721000,11.482
2026/04/29 15:44:37,722000,11.482
2026/04/29 15:44:37,723000,11.487
2026/04/29 15:44:37,724000,11.476
2026/04/29 15:44:37,725000,11.473
2026/04/29 15:44:37,726000,11.485
2026/04/29 15:44:37,727000,11.485
2026/04/29 15:44:37,728000,11.482
2026/04/29 15:44:37,729000,11.487
2026/04/29 15:44:37,730000,11.476
2026/04/29 15:44:37,731000,11.487
2026/04/29 15:44:37,732000,11.482
2026/04/29 15:44:37,733000,11.482
2026/04/29 15:44:37,734000,11.482
2026/04/29 15:44:37,735000,11.482
2026/04/29 15:44:37,736000,11.485
2026/04/29 15:44:37,737000,11.485
2026/04/29 15:44:37,738000,11.487
2026/04/29 15:44:37,739000,11.485
2026/04/29 15:44:37,740000,11.482
2026/04/29 15:44:37,741000,11.476
2026/04/29 15:44:37,742000,11.482
2026/04/29 15:44:37,743000,11.482
2026/04/29 15:44:37,744000,11.487
2026/04/29 15:44:37,745000,11.487
2026/04/29 15:44:37,746000,11.479
2026/04/29 15:44:37,747000,11.482
2026/04/29 15:44:37,748000,11.482
2026/04/29 15:44:37,749000,11.482
2026/04/29 15:44:37,750000,11.485
2026/04/29 15:44:37,751000,11.485
2026/04/29 15:44:37,752000,11.490
2026/04/29 15:44:37,753000,11.482
2026/04/29 15:44:37,754000,11.476
2026/04/29 15:44:37,755000,11.482
2026/04/29 15:44:37,756000,11.485
2026/04/29 15:44:37,757000,11.479
2026/04/29 15:44:37,758000,11.482
2026/04/29 15:44:37,759000,11.487
2026/04/29 15:44:37,760000,11.485
2026/04/29 15:44:37,761000,11.479
2026/04/29 15:44:37,762000,11.490
2026/04/29 15:44:37,763000,11.490
2026/04/29 15:44:37,764000,11.479
2026/04/29 15:44:37,765000,11.479
2026/04/29 15:44:37,766000,11.487
2026/04/29 15:44:37,767000,11.490
2026/04/29 15:44:37,768000,11.482
2026/04/29 15:44:37,769000,11.487
2026/04/29 15:44:37,770000,11.485
2026/04/29 15:44:37,771000,11.479
2026/04/29 15:44:37,772000,11.485
2026/04/29 15:44:37,773000,11.479
2026/04/29 15:44:37,774000,11.485
2026/04/29 15:44:37,775000,11.482
2026/04/29 15:44:37,776000,11.482
2026/04/29 15:44:37,777000,11.482
2026/04/29 15:44:37,778000,11.485
2026/04/29 15:44:37,779000,11.485
2026/04/29 15:44:37,780000,11.487
2026/04/29 15:44:37,781000,11.485
2026/04/29 15:44:37,782000,11.487
2026/04/29 15:44:37,783000,11.482
2026/04/29 15:44:37,784000,11.485
2026/04/29 15:44:37,785000,11.479
2026/04/29 15:44:37,786000,11.482
2026/04/29 15:44:37,787000,11.479
2026/04/29 15:44:37,788000,11.482
2026/04/29 15:44:37,789000,11.482
2026/04/29 15:44:37,790000,11.487
2026/04/29 15:44:37,791000,11.482
2026/04/29 15:44:37,792000,11.479
2026/04/29 15:44:37,793000,11.487
2026/04/29 15:44:37,794000,11.485
2026/04/29 15:44:37,795000,11.485
2026/04/29 15:44:37,796000,11.482
2026/04/29 15:44:37,797000,11.490
2026/04/29 15:44:37,798000,11.482
2026/04/29 15:44:37,799000,11.485
2026/04/29 15:44:37,800000,11.482
2026/04/29 15:44:37,801000,11.482
2026/04/29 15:44:37,802000,11.479
2026/04/29 15:44:37,803000,11.485
2026/04/29 15:44:37,804000,11.485
2026/04/29 15:44:37,805000,11.485
2026/04/29 15:44:37,806000,11.487
2026/04/29 15:44:37,807000,11.482
2026/04/29 15:44:37,808000,11.485
2026/04/29 15:44:37,809000,11.490
2026/04/29 15:44:37,810000,11.485
2026/04/29 15:44:37,811000,11.482
2026/04/29 15:44:37,812000,11.485
2026/04/29 15:44:37,813000,11.482
2026/04/29 15:44:37,814000,11.482
2026/04/29 15:44:37,815000,11.482
2026/04/29 15:44:37,816000,11.482
2026/04/29 15:44:37,817000,11.485
2026/04/29 15:44:37,818000,11.485
2026/04/29 15:44:37,819000,11.482
2026/04/29 15:44:37,820000,11.482
2026/04/29 15:44:37,821000,11.485
2026/04/29 15:44:37,822000,11.485
2026/04/29 15:44:37,823000,11.482
2026/04/29 15:44:37,824000,11.482
2026/04/29 15:44:37,825000,11.485
2026/04/29 15:44:37,826000,11.482
2026/04/29 15:44:37,827000,11.485
2026/04/29 15:44:37,828000,11.482
2026/04/29 15:44:37,829000,11.487
2026/04/29 15:44:37,830000,11.485
2026/04/29 15:44:37,831000,11.482
2026/04/29 15:44:37,832000,11.479
2026/04/29 15:44:37,833000,11.482
2026/04/29 15:44:37,834000,11.479
2026/04/29 15:44:37,835000,11.490
2026/04/29 15:44:37,836000,11.485
2026/04/29 15:44:37,837000,11.485
2026/04/29 15:44:37,838000,11.479
2026/04/29 15:44:37,839000,11.487
2026/04/29 15:44:37,840000,11.487
2026/04/29 15:44:37,841000,11.485
2026/04/29 15:44:37,842000,11.482
2026/04/29 15:44:37,843000,11.479
2026/04/29 15:44:37,844000,11.482
2026/04/29 15:44:37,845000,11.479
2026/04/29 15:44:37,846000,11.479
2026/04/29 15:44:37,847000,11.482
2026/04/29 15:44:37,848000,11.482
2026/04/29 15:44:37,849000,11.476
2026/04/29 15:44:37,850000,11.482
2026/04/29 15:44:37,851000,11.487
2026/04/29 15:44:37,852000,11.482
2026/04/29 15:44:37,853000,11.490
2026/04/29 15:44:37,854000,11.482
2026/04/29 15:44:37,855000,11.485
2026/04/29 15:44:37,856000,11.487
2026/04/29 15:44:37,857000,11.479
2026/04/29 15:44:37,858000,11.479
2026/04/29 15:44:37,859000,11.482
2026/04/29 15:44:37,860000,11.485
2026/04/29 15:44:37,861000,11.485
2026/04/29 15:44:37,862000,11.485
2026/04/29 15:44:37,863000,11.479
2026/04/29 15:44:37,864000,11.485
2026/04/29 15:44:37,865000,11.490
2026/04/29 15:44:37,866000,11.490
2026/04/29 15:44:37,867000,11.487
2026/04/29 15:44:37,868000,11.485
2026/04/29 15:44:37,869000,11.487
2026/04/29 15:44:37,870000,11.490
2026/04/29 15:44:37,871000,11.490
2026/04/29 15:44:37,872000,11.482
2026/04/29 15:44:37,873000,11.485
2026/04/29 15:44:37,874000,11.482
2026/04/29 15:44:37,875000,11.482
2026/04/29 15:44:37,876000,11.485
2026/04/29 15:44:37,877000,11.485
2026/04/29 15:44:37,878000,11.482
2026/04/29 15:44:37,879000,11.479
2026/04/29 15:44:37,880000,11.479
2026/04/29 15:44:37,881000,11.482
2026/04/29 15:44:37,882000,11.485
2026/04/29 15:44:37,883000,11.482
2026/04/29 15:44:37,884000,11.482
2026/04/29 15:44:37,885000,11.485
2026/04/29 15:44:37,886000,11.485
2026/04/29 15:44:37,887000,11.485
2026/04/29 15:44:37,888000,11.479
2026/04/29 15:44:37,889000,11.482
2026/04/29 15:44:37,890000,11.482
2026/04/29 15:44:37,891000,11.482
2026/04/29 15:44:37,892000,11.485
2026/04/29 15:44:37,893000,11.485
2026/04/29 15:44:37,894000,11.479
2026/04/29 15:44:37,895000,11.490
2026/04/29 15:44:37,896000,11.482
2026/04/29 15:44:37,897000,11.482
2026/04/29 15:44:37,898000,11.487
2026/04/29 15:44:37,899000,11.482
2026/04/29 15:44:37,900000,11.485
2026/04/29 15:44:37,901000,11.487
2026/04/29 15:44:37,902000,11.487
2026/04/29 15:44:37,903000,11.482
2026/04/29 15:44:37,904000,11.485
2026/04/29 15:44:37,905000,11.487
2026/04/29 15:44:37,906000,11.487
2026/04/29 15:44:37,907000,11.482
2026/04/29 15:44:37,908000,11.482
2026/04/29 15:44:37,909000,11.482
2026/04/29 15:44:37,910000,11.482
2026/04/29 15:44:37,911000,11.482
2026/04/29 15:44:37,912000,11.482
2026/04/29 15:44:37,913000,11.482
2026/04/29 15:44:37,914000,11.487
2026/04/29 15:44:37,915000,11.487
2026/04/29 15:44:37,916000,11.485
2026/04/29 15:44:37,917000,11.482
2026/04/29 15:44:37,918000,11.490
2026/04/29 15:44:37,919000,11.487
2026/04/29 15:44:37,920000,11.485
2026/04/29 15:44:37,921000,11.487
2026/04/29 15:44:37,922000,11.476
2026/04/29 15:44:37,923000,11.487
2026/04/29 15:44:37,924000,11.487
2026/04/29 15:44:37,925000,11.485
2026/04/29 15:44:37,926000,11.482
2026/04/29 15:44:37,927000,11.485
2026/04/29 15:44:37,928000,11.485
2026/04/29 15:44:37,929000,11.482
2026/04/29 15:44:37,930000,11.487
2026/04/29 15:44:37,931000,11.485
2026/04/29 15:44:37,932000,11.479
2026/04/29 15:44:37,933000,11.482
2026/04/29 15:44:37,934000,11.482
2026/04/29 15:44:37,935000,11.482
2026/04/29 15:44:37,936000,11.485
2026/04/29 15:44:37,937000,11.485
2026/04/29 15:44:37,938000,11.487
2026/04/29 15:44:37,939000,11.485
2026/04/29 15:44:37,940000,11.493
2026/04/29 15:44:37,941000,11.479
2026/04/29 15:44:37,942000,11.493
2026/04/29 15:44:37,943000,11.482
2026/04/29 15:44:37,944000,11.485
2026/04/29 15:44:37,945000,11.482
2026/04/29 15:44:37,946000,11.479
2026/04/29 15:44:37,947000,11.482
2026/04/29 15:44:37,948000,11.485
2026/04/29 15:44:37,949000,11.485
2026/04/29 15:44:37,950000,11.482
2026/04/29 15:44:37,951000,11.487
2026/04/29 15:44:37,952000,11.485
2026/04/29 15:44:37,953000,11.487
2026/04/29 15:44:37,954000,11.487
2026/04/29 15:44:37,955000,11.482
2026/04/29 15:44:37,956000,11.482
2026/04/29 15:44:37,957000,11.485
2026/04/29 15:44:37,958000,11.485
2026/04/29 15:44:37,959000,11.482
2026/04/29 15:44:37,960000,11.482
2026/04/29 15:44:37,961000,11.482
2026/04/29 15:44:37,962000,11.487
2026/04/29 15:44:37,963000,11.482
2026/04/29 15:44:37,964000,11.482
2026/04/29 15:44:37,965000,11.487
2026/04/29 15:44:37,966000,11.482
2026/04/29 15:44:37,967000,11.482
2026/04/29 15:44:37,968000,11.482
2026/04/29 15:44:37,969000,11.485
2026/04/29 15:44:37,970000,11.485
2026/04/29 15:44:37,971000,11.487
2026/04/29 15:44:37,972000,11.482
2026/04/29 15:44:37,973000,11.482
2026/04/29 15:44:37,974000,11.482
2026/04/29 15:44:37,975000,11.487
2026/04/29 15:44:37,976000,11.490
2026/04/29 15:44:37,977000,11.485
2026/04/29 15:44:37,978000,11.487
2026/04/29 15:44:37,979000,11.487
2026/04/29 15:44:37,980000,11.485
2026/04/29 15:44:37,981000,11.487
2026/04/29 15:44:37,982000,11.487
2026/04/29 15:44:37,983000,11.479
2026/04/29 15:44:37,984000,11.482
2026/04/29 15:44:37,985000,11.482
2026/04/29 15:44:37,986000,11.482
2026/04/29 15:44:37,987000,11.490
2026/04/29 15:44:37,988000,11.482
2026/04/29 15:44:37,989000,11.485
2026/04/29 15:44:37,990000,11.482
2026/04/29 15:44:37,991000,11.485
2026/04/29 15:44:37,992000,11.485
2026/04/29 15:44:37,993000,11.479
2026/04/29 15:44:37,994000,11.485
2026/04/29 15:44:37,995000,11.485
2026/04/29 15:44:37,996000,11.482
2026/04/29 15:44:37,997000,11.487
2026/04/29 15:44:37,998000,11.482
2026/04/29 15:44:37,999000,11.487
2026/04/29 15:44:38,000000,11.482
2026/04/29 15:44:38,001000,11.485
2026/04/29 15:44:38,002000,11.493
2026/04/29 15:44:38,003000,11.482
2026/04/29 15:44:38,004000,11.479
2026/04/29 15:44:38,005000,11.490
2026/04/29 15:44:38,006000,11.487
2026/04/29 15:44:38,007000,11.487
2026/04/29 15:44:38,008000,11.482
2026/04/29 15:44:38,009000,11.479
2026/04/29 15:44:38,010000,11.479
2026/04/29 15:44:38,011000,11.487
2026/04/29 15:44:38,012000,11.476
2026/04/29 15:44:38,013000,11.482
2026/04/29 15:44:38,014000,11.482
2026/04/29 15:44:38,015000,11.485
2026/04/29 15:44:38,016000,11.482
2026/04/29 15:44:38,017000,11.485
2026/04/29 15:44:38,018000,11.490
2026/04/29 15:44:38,019000,11.490
2026/04/29 15:44:38,020000,11.485
2026/04/29 15:44:38,021000,11.482
2026/04/29 15:44:38,022000,11.485
2026/04/29 15:44:38,023000,11.490
2026/04/29 15:44:38,024000,11.479
2026/04/29 15:44:38,025000,11.487
2026/04/29 15:44:38,026000,11.479
2026/04/29 15:44:38,027000,11.485
2026/04/29 15:44:38,028000,11.482
2026/04/29 15:44:38,029000,11.476
2026/04/29 15:44:38,030000,11.485
2026/04/29 15:44:38,031000,11.482
2026/04/29 15:44:38,032000,11.487
2026/04/29 15:44:38,033000,11.487
2026/04/29 15:44:38,034000,11.482
2026/04/29 15:44:38,035000,11.482
2026/04/29 15:44:38,036000,11.485
2026/04/29 15:44:38,037000,11.487
2026/04/29 15:44:38,038000,11.487
2026/04/29 15:44:38,039000,11.479
2026/04/29 15:44:38,040000,11.485
2026/04/29 15:44:38,041000,11.485
2026/04/29 15:44:38,042000,11.482
2026/04/29 15:44:38,043000,11.485
2026/04/29 15:44:38,044000,11.490
2026/04/29 15:44:38,045000,11.479
2026/04/29 15:44:38,046000,11.482
2026/04/29 15:44:38,047000,11.485
2026/04/29 15:44:38,048000,11.487
2026/04/29 15:44:38,049000,11.482
2026/04/29 15:44:38,050000,11.485
2026/04/29 15:44:38,051000,11.482
2026/04/29 15:44:38,052000,11.485
2026/04/29 15:44:38,053000,11.479
2026/04/29 15:44:38,054000,11.482
2026/04/29 15:44:38,055000,11.487
2026/04/29 15:44:38,056000,11.487
2026/04/29 15:44:38,057000,11.490
2026/04/29 15:44:38,058000,11.487
2026/04/29 15:44:38,059000,11.487
2026/04/29 15:44:38,060000,11.485
2026/04/29 15:44:38,061000,11.487
2026/04/29 15:44:38,062000,11.482
2026/04/29 15:44:38,063000,11.482
2026/04/29 15:44:38,064000,11.487
2026/04/29 15:44:38,065000,11.487
2026/04/29 15:44:38,066000,11.476
2026/04/29 15:44:38,067000,11.482
2026/04/29 15:44:38,068000,11.482
2026/04/29 15:44:38,069000,11.482
2026/04/29 15:44:38,070000,11.485
2026/04/29 15:44:38,071000,11.479
2026/04/29 15:44:38,072000,11.485
2026/04/29 15:44:38,073000,11.485
2026/04/29 15:44:38,074000,11.482
2026/04/29 15:44:38,075000,11.485
2026/04/29 15:44:38,076000,11.479
2026/04/29 15:44:38,077000,11.482
2026/04/29 15:44:38,078000,11.487
2026/04/29 15:44:38,079000,11.479
2026/04/29 15:44:38,080000,11.487
2026/04/29 15:44:38,081000,11.482
2026/04/29 15:44:38,082000,11.473
2026/04/29 15:44:38,083000,11.482
2026/04/29 15:44:38,084000,11.482
2026/04/29 15:44:38,085000,11.482
2026/04/29 15:44:38,086000,11.485
2026/04/29 15:44:38,087000,11.482
2026/04/29 15:44:38,088000,11.482
2026/04/29 15:44:38,089000,11.487
2026/04/29 15:44:38,090000,11.490
2026/04/29 15:44:38,091000,11.485
2026/04/29 15:44:38,092000,11.485
2026/04/29 15:44:38,093000,11.482
2026/04/29 15:44:38,094000,11.482
2026/04/29 15:44:38,095000,11.473
2026/04/29 15:44:38,096000,11.482
2026/04/29 15:44:38,097000,11.482
2026/04/29 15:44:38,098000,11.493
2026/04/29 15:44:38,099000,11.487
2026/04/29 15:44:38,100000,11.485
2026/04/29 15:44:38,101000,11.490
2026/04/29 15:44:38,102000,11.482
2026/04/29 15:44:38,103000,11.479
2026/04/29 15:44:38,104000,11.482
2026/04/29 15:44:38,105000,11.482
2026/04/29 15:44:38,106000,11.479
2026/04/29 15:44:38,107000,11.479
2026/04/29 15:44:38,108000,11.485
2026/04/29 15:44:38,109000,11.479
2026/04/29 15:44:38,110000,11.487
2026/04/29 15:44:38,111000,11.482
2026/04/29 15:44:38,112000,11.479
2026/04/29 15:44:38,113000,11.479
2026/04/29 15:44:38,114000,11.479
2026/04/29 15:44:38,115000,11.482
2026/04/29 15:44:38,116000,11.485
2026/04/29 15:44:38,117000,11.479
2026/04/29 15:44:38,118000,11.485
2026/04/29 15:44:38,119000,11.485
2026/04/29 15:44:38,120000,11.485
2026/04/29 15:44:38,121000,11.487
2026/04/29 15:44:38,122000,11.485
2026/04/29 15:44:38,123000,11.487
2026/04/29 15:44:38,124000,11.482
2026/04/29 15:44:38,125000,11.487
2026/04/29 15:44:38,126000,11.485
2026/04/29 15:44:38,127000,11.485
2026/04/29 15:44:38,128000,11.482
2026/04/29 15:44:38,129000,11.482
2026/04/29 15:44:38,130000,11.485
2026/04/29 15:44:38,131000,11.482
2026/04/29 15:44:38,132000,11.482
2026/04/29 15:44:38,133000,11.487
2026/04/29 15:44:38,134000,11.490
2026/04/29 15:44:38,135000,11.487
2026/04/29 15:44:38,136000,11.485
2026/04/29 15:44:38,137000,11.485
2026/04/29 15:44:38,138000,11.482
2026/04/29 15:44:38,139000,11.487
2026/04/29 15:44:38,140000,11.473
2026/04/29 15:44:38,141000,11.482
2026/04/29 15:44:38,142000,11.487
2026/04/29 15:44:38,143000,11.487
2026/04/29 15:44:38,144000,11.487
2026/04/29 15:44:38,145000,11.482
2026/04/29 15:44:38,146000,11.485
2026/04/29 15:44:38,147000,11.485
2026/04/29 15:44:38,148000,11.487
2026/04/29 15:44:38,149000,11.482
2026/04/29 15:44:38,150000,11.487
2026/04/29 15:44:38,151000,11.485
2026/04/29 15:44:38,152000,11.482
2026/04/29 15:44:38,153000,11.482
2026/04/29 15:44:38,154000,11.485
2026/04/29 15:44:38,155000,11.485
2026/04/29 15:44:38,156000,11.487
2026/04/29 15:44:38,157000,11.485
2026/04/29 15:44:38,158000,11.487
2026/04/29 15:44:38,159000,11.485
2026/04/29 15:44:38,160000,11.482
2026/04/29 15:44:38,161000,11.482
2026/04/29 15:44:38,162000,11.482
2026/04/29 15:44:38,163000,11.487
2026/04/29 15:44:38,164000,11.482
2026/04/29 15:44:38,165000,11.485
2026/04/29 15:44:38,166000,11.485
2026/04/29 15:44:38,167000,11.482
2026/04/29 15:44:38,168000,11.487
2026/04/29 15:44:38,169000,11.482
2026/04/29 15:44:38,170000,11.482
2026/04/29 15:44:38,171000,11.479
2026/04/29 15:44:38,172000,11.485
2026/04/29 15:44:38,173000,11.479
2026/04/29 15:44:38,174000,11.487
2026/04/29 15:44:38,175000,11.482
2026/04/29 15:44:38,176000,11.485
2026/04/29 15:44:38,177000,11.482
2026/04/29 15:44:38,178000,11.487
2026/04/29 15:44:38,179000,11.482
2026/04/29 15:44:38,180000,11.487
2026/04/29 15:44:38,181000,11.482
2026/04/29 15:44:38,182000,11.490
2026/04/29 15:44:38,183000,11.482
2026/04/29 15:44:38,184000,11.485
2026/04/29 15:44:38,185000,11.479
2026/04/29 15:44:38,186000,11.487
2026/04/29 15:44:38,187000,11.482
2026/04/29 15:44:38,188000,11.485
2026/04/29 15:44:38,189000,11.479
2026/04/29 15:44:38,190000,11.482
2026/04/29 15:44:38,191000,11.490
2026/04/29 15:44:38,192000,11.487
2026/04/29 15:44:38,193000,11.482
2026/04/29 15:44:38,194000,11.487
2026/04/29 15:44:38,195000,11.482
2026/04/29 15:44:38,196000,11.490
2026/04/29 15:44:38,197000,11.482
2026/04/29 15:44:38,198000,11.482
2026/04/29 15:44:38,199000,11.482
2026/04/29 15:44:38,200000,11.479
2026/04/29 15:44:38,201000,11.482
2026/04/29 15:44:38,202000,11.482
2026/04/29 15:44:38,203000,11.487
2026/04/29 15:44:38,204000,11.485
2026/04/29 15:44:38,205000,11.482
2026/04/29 15:44:38,206000,11.485
2026/04/29 15:44:38,207000,11.482
2026/04/29 15:44:38,208000,11.485
2026/04/29 15:44:38,209000,11.479
2026/04/29 15:44:38,210000,11.479
2026/04/29 15:44:38,211000,11.485
2026/04/29 15:44:38,212000,11.485
2026/04/29 15:44:38,213000,11.485
2026/04/29 15:44:38,214000,11.482
2026/04/29 15:44:38,215000,11.479
2026/04/29 15:44:38,216000,11.485
2026/04/29 15:44:38,217000,11.479
2026/04/29 15:44:38,218000,11.487
2026/04/29 15:44:38,219000,11.482
2026/04/29 15:44:38,220000,11.482
2026/04/29 15:44:38,221000,11.482
2026/04/29 15:44:38,222000,11.479
2026/04/29 15:44:38,223000,11.482
2026/04/29 15:44:38,224000,11.487
2026/04/29 15:44:38,225000,11.501
2026/04/29 15:44:38,226000,11.482
2026/04/29 15:44:38,227000,11.482
2026/04/29 15:44:38,228000,11.490
2026/04/29 15:44:38,229000,11.479
2026/04/29 15:44:38,230000,11.485
2026/04/29 15:44:38,231000,11.479
2026/04/29 15:44:38,232000,11.485
2026/04/29 15:44:38,233000,11.482
2026/04/29 15:44:38,234000,11.482
2026/04/29 15:44:38,235000,11.482
2026/04/29 15:44:38,236000,11.482
2026/04/29 15:44:38,237000,11.487
2026/04/29 15:44:38,238000,11.479
2026/04/29 15:44:38,239000,11.485
2026/04/29 15:44:38,240000,11.487
2026/04/29 15:44:38,241000,11.479
2026/04/29 15:44:38,242000,11.487
2026/04/29 15:44:38,243000,11.482
2026/04/29 15:44:38,244000,11.482
2026/04/29 15:44:38,245000,11.485
2026/04/29 15:44:38,246000,11.482
2026/04/29 15:44:38,247000,11.485
2026/04/29 15:44:38,248000,11.482
2026/04/29 15:44:38,249000,11.485
2026/04/29 15:44:38,250000,11.482
2026/04/29 15:44:38,251000,11.476
2026/04/29 15:44:38,252000,11.485
2026/04/29 15:44:38,253000,11.482
2026/04/29 15:44:38,254000,11.490
2026/04/29 15:44:38,255000,11.490
2026/04/29 15:44:38,256000,11.485
2026/04/29 15:44:38,257000,11.482
2026/04/29 15:44:38,258000,11.482
2026/04/29 15:44:38,259000,11.485
2026/04/29 15:44:38,260000,11.485
2026/04/29 15:44:38,261000,11.482
2026/04/29 15:44:38,262000,11.487
2026/04/29 15:44:38,263000,11.485
2026/04/29 15:44:38,264000,11.485
2026/04/29 15:44:38,265000,11.479
2026/04/29 15:44:38,266000,11.482
2026/04/29 15:44:38,267000,11.482
2026/04/29 15:44:38,268000,11.482
2026/04/29 15:44:38,269000,11.487
2026/04/29 15:44:38,270000,11.485
2026/04/29 15:44:38,271000,11.485
2026/04/29 15:44:38,272000,11.487
2026/04/29 15:44:38,273000,11.482
2026/04/29 15:44:38,274000,11.487
2026/04/29 15:44:38,275000,11.482
2026/04/29 15:44:38,276000,11.485
2026/04/29 15:44:38,277000,11.482
2026/04/29 15:44:38,278000,11.493
2026/04/29 15:44:38,279000,11.479
2026/04/29 15:44:38,280000,11.482
2026/04/29 15:44:38,281000,11.482
2026/04/29 15:44:38,282000,11.485
2026/04/29 15:44:38,283000,11.482
2026/04/29 15:44:38,284000,11.487
2026/04/29 15:44:38,285000,11.487
2026/04/29 15:44:38,286000,11.485
2026/04/29 15:44:38,287000,11.485
2026/04/29 15:44:38,288000,11.485
2026/04/29 15:44:38,289000,11.479
2026/04/29 15:44:38,290000,11.487
2026/04/29 15:44:38,291000,11.485
2026/04/29 15:44:38,292000,11.490
2026/04/29 15:44:38,293000,11.485
2026/04/29 15:44:38,294000,11.487
2026/04/29 15:44:38,295000,11.479
2026/04/29 15:44:38,296000,11.487
2026/04/29 15:44:38,297000,11.482
2026/04/29 15:44:38,298000,11.485
2026/04/29 15:44:38,299000,11.482
2026/04/29 15:44:38,300000,11.485
2026/04/29 15:44:38,301000,11.485
2026/04/29 15:44:38,302000,11.479
2026/04/29 15:44:38,303000,11.479
2026/04/29 15:44:38,304000,11.482
2026/04/29 15:44:38,305000,11.482
2026/04/29 15:44:38,306000,11.482
2026/04/29 15:44:38,307000,11.485
2026/04/29 15:44:38,308000,11.485
2026/04/29 15:44:38,309000,11.487
2026/04/29 15:44:38,310000,11.487
2026/04/29 15:44:38,311000,11.485
2026/04/29 15:44:38,312000,11.490
2026/04/29 15:44:38,313000,11.490
2026/04/29 15:44:38,314000,11.493
2026/04/29 15:44:38,315000,11.485
2026/04/29 15:44:38,316000,11.487
2026/04/29 15:44:38,317000,11.482
2026/04/29 15:44:38,318000,11.482
2026/04/29 15:44:38,319000,11.482
2026/04/29 15:44:38,320000,11.482
2026/04/29 15:44:38,321000,11.482
2026/04/29 15:44:38,322000,11.482
2026/04/29 15:44:38,323000,11.482
2026/04/29 15:44:38,324000,11.479
2026/04/29 15:44:38,325000,11.482
2026/04/29 15:44:38,326000,11.479
2026/04/29 15:44:38,327000,11.485
2026/04/29 15:44:38,328000,11.490
2026/04/29 15:44:38,329000,11.490
2026/04/29 15:44:38,330000,11.479
2026/04/29 15:44:38,331000,11.482
2026/04/29 15:44:38,332000,11.485
2026/04/29 15:44:38,333000,11.485
2026/04/29 15:44:38,334000,11.482
2026/04/29 15:44:38,335000,11.482
2026/04/29 15:44:38,336000,11.485
2026/04/29 15:44:38,337000,11.479
2026/04/29 15:44:38,338000,11.476
2026/04/29 15:44:38,339000,11.485
2026/04/29 15:44:38,340000,11.487
2026/04/29 15:44:38,341000,11.485
2026/04/29 15:44:38,342000,11.485
2026/04/29 15:44:38,343000,11.485
2026/04/29 15:44:38,344000,11.485
2026/04/29 15:44:38,345000,11.473
2026/04/29 15:44:38,346000,11.485
2026/04/29 15:44:38,347000,11.485
2026/04/29 15:44:38,348000,11.482
2026/04/29 15:44:38,349000,11.479
2026/04/29 15:44:38,350000,11.482
2026/04/29 15:44:38,351000,11.471
2026/04/29 15:44:38,352000,11.485
2026/04/29 15:44:38,353000,11.487
2026/04/29 15:44:38,354000,11.490
2026/04/29 15:44:38,355000,11.487
2026/04/29 15:44:38,356000,11.490
2026/04/29 15:44:38,357000,11.482
2026/04/29 15:44:38,358000,11.482
2026/04/29 15:44:38,359000,11.490
2026/04/29 15:44:38,360000,11.487
2026/04/29 15:44:38,361000,11.482
2026/04/29 15:44:38,362000,11.473
2026/04/29 15:44:38,363000,11.485
2026/04/29 15:44:38,364000,11.482
2026/04/29 15:44:38,365000,11.482
2026/04/29 15:44:38,366000,11.482
2026/04/29 15:44:38,367000,11.482
2026/04/29 15:44:38,368000,11.485
2026/04/29 15:44:38,369000,11.487
2026/04/29 15:44:38,370000,11.485
2026/04/29 15:44:38,371000,11.482
2026/04/29 15:44:38,372000,11.479
2026/04/29 15:44:38,373000,11.482
2026/04/29 15:44:38,374000,11.487
2026/04/29 15:44:38,375000,11.482
2026/04/29 15:44:38,376000,11.485
2026/04/29 15:44:38,377000,11.485
2026/04/29 15:44:38,378000,11.485
2026/04/29 15:44:38,379000,11.482
2026/04/29 15:44:38,380000,11.487
2026/04/29 15:44:38,381000,11.482
2026/04/29 15:44:38,382000,11.482
2026/04/29 15:44:38,383000,11.482
2026/04/29 15:44:38,384000,11.490
2026/04/29 15:44:38,385000,11.485
2026/04/29 15:44:38,386000,11.485
2026/04/29 15:44:38,387000,11.487
2026/04/29 15:44:38,388000,11.485
2026/04/29 15:44:38,389000,11.487
2026/04/29 15:44:38,390000,11.487
2026/04/29 15:44:38,391000,11.487
2026/04/29 15:44:38,392000,11.487
2026/04/29 15:44:38,393000,11.482
2026/04/29 15:44:38,394000,11.482
2026/04/29 15:44:38,395000,11.482
2026/04/29 15:44:38,396000,11.479
2026/04/29 15:44:38,397000,11.487
2026/04/29 15:44:38,398000,11.487
2026/04/29 15:44:38,399000,11.479
2026/04/29 15:44:38,400000,11.479
2026/04/29 15:44:38,401000,11.482
2026/04/29 15:44:38,402000,11.487
2026/04/29 15:44:38,403000,11.490
2026/04/29 15:44:38,404000,11.485
2026/04/29 15:44:38,405000,11.485
2026/04/29 15:44:38,406000,11.485
2026/04/29 15:44:38,407000,11.487
2026/04/29 15:44:38,408000,11.482
2026/04/29 15:44:38,409000,11.482
2026/04/29 15:44:38,410000,11.490
2026/04/29 15:44:38,411000,11.482
2026/04/29 15:44:38,412000,11.485
2026/04/29 15:44:38,413000,11.487
2026/04/29 15:44:38,414000,11.485
2026/04/29 15:44:38,415000,11.482
2026/04/29 15:44:38,416000,11.485
2026/04/29 15:44:38,417000,11.479
2026/04/29 15:44:38,418000,11.485
2026/04/29 15:44:38,419000,11.482
2026/04/29 15:44:38,420000,11.490
2026/04/29 15:44:38,421000,11.487
2026/04/29 15:44:38,422000,11.479
2026/04/29 15:44:38,423000,11.482
2026/04/29 15:44:38,424000,11.482
2026/04/29 15:44:38,425000,11.479
2026/04/29 15:44:38,426000,11.487
2026/04/29 15:44:38,427000,11.479
2026/04/29 15:44:38,428000,11.479
2026/04/29 15:44:38,429000,11.485
2026/04/29 15:44:38,430000,11.479
2026/04/29 15:44:38,431000,11.482
2026/04/29 15:44:38,432000,11.490
2026/04/29 15:44:38,433000,11.482
2026/04/29 15:44:38,434000,11.482
2026/04/29 15:44:38,435000,11.487
2026/04/29 15:44:38,436000,11.482
2026/04/29 15:44:38,437000,11.485
2026/04/29 15:44:38,438000,11.485
2026/04/29 15:44:38,439000,11.482
2026/04/29 15:44:38,440000,11.487
2026/04/29 15:44:38,441000,11.485
2026/04/29 15:44:38,442000,11.490
2026/04/29 15:44:38,443000,11.482
2026/04/29 15:44:38,444000,11.482
2026/04/29 15:44:38,445000,11.485
2026/04/29 15:44:38,446000,11.490
2026/04/29 15:44:38,447000,11.479
2026/04/29 15:44:38,448000,11.487
2026/04/29 15:44:38,449000,11.485
2026/04/29 15:44:38,450000,11.485
2026/04/29 15:44:38,451000,11.487
2026/04/29 15:44:38,452000,11.485
2026/04/29 15:44:38,453000,11.482
2026/04/29 15:44:38,454000,11.479
2026/04/29 15:44:38,455000,11.485
2026/04/29 15:44:38,456000,11.482
2026/04/29 15:44:38,457000,11.487
2026/04/29 15:44:38,458000,11.490
2026/04/29 15:44:38,459000,11.487
2026/04/29 15:44:38,460000,11.482
2026/04/29 15:44:38,461000,11.487
2026/04/29 15:44:38,462000,11.485
2026/04/29 15:44:38,463000,11.487
2026/04/29 15:44:38,464000,11.485
2026/04/29 15:44:38,465000,11.482
2026/04/29 15:44:38,466000,11.487
2026/04/29 15:44:38,467000,11.482
2026/04/29 15:44:38,468000,11.482
2026/04/29 15:44:38,469000,11.485
2026/04/29 15:44:38,470000,11.487
2026/04/29 15:44:38,471000,11.487
2026/04/29 15:44:38,472000,11.479
2026/04/29 15:44:38,473000,11.482
2026/04/29 15:44:38,474000,11.479
2026/04/29 15:44:38,475000,11.485
2026/04/29 15:44:38,476000,11.485
2026/04/29 15:44:38,477000,11.485
2026/04/29 15:44:38,478000,11.493
2026/04/29 15:44:38,479000,11.482
2026/04/29 15:44:38,480000,11.479
2026/04/29 15:44:38,481000,11.479
2026/04/29 15:44:38,482000,11.482
2026/04/29 15:44:38,483000,11.490
2026/04/29 15:44:38,484000,11.479
2026/04/29 15:44:38,485000,11.485
2026/04/29 15:44:38,486000,11.485
2026/04/29 15:44:38,487000,11.487
2026/04/29 15:44:38,488000,11.482
2026/04/29 15:44:38,489000,11.485
2026/04/29 15:44:38,490000,11.482
2026/04/29 15:44:38,491000,11.490
2026/04/29 15:44:38,492000,11.482
2026/04/29 15:44:38,493000,11.485
2026/04/29 15:44:38,494000,11.485
2026/04/29 15:44:38,495000,11.482
2026/04/29 15:44:38,496000,11.485
2026/04/29 15:44:38,497000,11.485
2026/04/29 15:44:38,498000,11.482
2026/04/29 15:44:38,499000,11.485
2026/04/29 15:44:38,500000,11.490
2026/04/29 15:44:38,501000,11.482
2026/04/29 15:44:38,502000,11.485
2026/04/29 15:44:38,503000,11.485
2026/04/29 15:44:38,504000,11.487
2026/04/29 15:44:38,505000,11.487
2026/04/29 15:44:38,506000,11.482
2026/04/29 15:44:38,507000,11.479
2026/04/29 15:44:38,508000,11.482
2026/04/29 15:44:38,509000,11.487
2026/04/29 15:44:38,510000,11.485
2026/04/29 15:44:38,511000,11.485
2026/04/29 15:44:38,512000,11.479
2026/04/29 15:44:38,513000,11.482
2026/04/29 15:44:38,514000,11.485
2026/04/29 15:44:38,515000,11.487
2026/04/29 15:44:38,516000,11.487
2026/04/29 15:44:38,517000,11.482
2026/04/29 15:44:38,518000,11.482
2026/04/29 15:44:38,519000,11.487
2026/04/29 15:44:38,520000,11.479
2026/04/29 15:44:38,521000,11.487
2026/04/29 15:44:38,522000,11.485
2026/04/29 15:44:38,523000,11.485
2026/04/29 15:44:38,524000,11.490
2026/04/29 15:44:38,525000,11.482
2026/04/29 15:44:38,526000,11.479
2026/04/29 15:44:38,527000,11.482
2026/04/29 15:44:38,528000,11.482
2026/04/29 15:44:38,529000,11.487
2026/04/29 15:44:38,530000,11.479
2026/04/29 15:44:38,531000,11.482
2026/04/29 15:44:38,532000,11.487
2026/04/29 15:44:38,533000,11.485
2026/04/29 15:44:38,534000,11.476
2026/04/29 15:44:38,535000,11.479
2026/04/29 15:44:38,536000,11.485
2026/04/29 15:44:38,537000,11.482
2026/04/29 15:44:38,538000,11.485
2026/04/29 15:44:38,539000,11.490
2026/04/29 15:44:38,540000,11.487
2026/04/29 15:44:38,541000,11.482
2026/04/29 15:44:38,542000,11.482
2026/04/29 15:44:38,543000,11.482
2026/04/29 15:44:38,544000,11.482
2026/04/29 15:44:38,545000,11.482
2026/04/29 15:44:38,546000,11.482
2026/04/29 15:44:38,547000,11.487
2026/04/29 15:44:38,548000,11.485
2026/04/29 15:44:38,549000,11.482
2026/04/29 15:44:38,550000,11.485
2026/04/29 15:44:38,551000,11.485
2026/04/29 15:44:38,552000,11.487
2026/04/29 15:44:38,553000,11.485
2026/04/29 15:44:38,554000,11.482
2026/04/29 15:44:38,555000,11.482
2026/04/29 15:44:38,556000,11.482
2026/04/29 15:44:38,557000,11.487
2026/04/29 15:44:38,558000,11.487
2026/04/29 15:44:38,559000,11.487
2026/04/29 15:44:38,560000,11.482
2026/04/29 15:44:38,561000,11.485
2026/04/29 15:44:38,562000,11.485
2026/04/29 15:44:38,563000,11.496
2026/04/29 15:44:38,564000,11.485
2026/04/29 15:44:38,565000,11.471
2026/04/29 15:44:38,566000,11.485
2026/04/29 15:44:38,567000,11.490
2026/04/29 15:44:38,568000,11.485
2026/04/29 15:44:38,569000,11.485
2026/04/29 15:44:38,570000,11.490
2026/04/29 15:44:38,571000,11.485
2026/04/29 15:44:38,572000,11.482
2026/04/29 15:44:38,573000,11.487
2026/04/29 15:44:38,574000,11.493
2026/04/29 15:44:38,575000,11.479
2026/04/29 15:44:38,576000,11.485
2026/04/29 15:44:38,577000,11.485
2026/04/29 15:44:38,578000,11.485
2026/04/29 15:44:38,579000,11.490
2026/04/29 15:44:38,580000,11.490
2026/04/29 15:44:38,581000,11.482
2026/04/29 15:44:38,582000,11.487
2026/04/29 15:44:38,583000,11.485
2026/04/29 15:44:38,584000,11.479
2026/04/29 15:44:38,585000,11.487
2026/04/29 15:44:38,586000,11.485
2026/04/29 15:44:38,587000,11.485
2026/04/29 15:44:38,588000,11.490
2026/04/29 15:44:38,589000,11.485
2026/04/29 15:44:38,590000,11.487
2026/04/29 15:44:38,591000,11.482
2026/04/29 15:44:38,592000,11.490
2026/04/29 15:44:38,593000,11.490
2026/04/29 15:44:38,594000,11.499
2026/04/29 15:44:38,595000,11.482
2026/04/29 15:44:38,596000,11.487
2026/04/29 15:44:38,597000,11.479
2026/04/29 15:44:38,598000,11.479
2026/04/29 15:44:38,599000,11.490
2026/04/29 15:44:38,600000,11.485
2026/04/29 15:44:38,601000,11.485
2026/04/29 15:44:38,602000,11.487
2026/04/29 15:44:38,603000,11.490
2026/04/29 15:44:38,604000,11.482
2026/04/29 15:44:38,605000,11.485
2026/04/29 15:44:38,606000,11.479
2026/04/29 15:44:38,607000,11.487
2026/04/29 15:44:38,608000,11.490
2026/04/29 15:44:38,609000,11.485
2026/04/29 15:44:38,610000,11.485
2026/04/29 15:44:38,611000,11.482
2026/04/29 15:44:38,612000,11.485
2026/04/29 15:44:38,613000,11.476
2026/04/29 15:44:38,614000,11.485
2026/04/29 15:44:38,615000,11.485
2026/04/29 15:44:38,616000,11.490
2026/04/29 15:44:38,617000,11.482
2026/04/29 15:44:38,618000,11.482
2026/04/29 15:44:38,619000,11.482
2026/04/29 15:44:38,620000,11.482
2026/04/29 15:44:38,621000,11.485
2026/04/29 15:44:38,622000,11.482
2026/04/29 15:44:38,623000,11.485
2026/04/29 15:44:38,624000,11.485
2026/04/29 15:44:38,625000,11.482
2026/04/29 15:44:38,626000,11.482
2026/04/29 15:44:38,627000,11.482
2026/04/29 15:44:38,628000,11.487
2026/04/29 15:44:38,629000,11.485
2026/04/29 15:44:38,630000,11.482
2026/04/29 15:44:38,631000,11.485
2026/04/29 15:44:38,632000,11.485
2026/04/29 15:44:38,633000,11.490
2026/04/29 15:44:38,634000,11.487
2026/04/29 15:44:38,635000,11.485
2026/04/29 15:44:38,636000,11.485
2026/04/29 15:44:38,637000,11.485
2026/04/29 15:44:38,638000,11.482
2026/04/29 15:44:38,639000,11.485
2026/04/29 15:44:38,640000,11.485
2026/04/29 15:44:38,641000,11.485
2026/04/29 15:44:38,642000,11.485
2026/04/29 15:44:38,643000,11.485
2026/04/29 15:44:38,644000,11.485
2026/04/29 15:44:38,645000,11.473
2026/04/29 15:44:38,646000,11.485
2026/04/29 15:44:38,647000,11.485
2026/04/29 15:44:38,648000,11.485
2026/04/29 15:44:38,649000,11.487
2026/04/29 15:44:38,650000,11.482
2026/04/29 15:44:38,651000,11.485
2026/04/29 15:44:38,652000,11.485
2026/04/29 15:44:38,653000,11.487
2026/04/29 15:44:38,654000,11.479
2026/04/29 15:44:38,655000,11.487
2026/04/29 15:44:38,656000,11.487
2026/04/29 15:44:38,657000,11.485
2026/04/29 15:44:38,658000,11.482
2026/04/29 15:44:38,659000,11.485
2026/04/29 15:44:38,660000,11.479
2026/04/29 15:44:38,661000,11.479
2026/04/29 15:44:38,662000,11.482
2026/04/29 15:44:38,663000,11.482
2026/04/29 15:44:38,664000,11.482
2026/04/29 15:44:38,665000,11.479
2026/04/29 15:44:38,666000,11.479
2026/04/29 15:44:38,667000,11.485
2026/04/29 15:44:38,668000,11.487
2026/04/29 15:44:38,669000,11.487
2026/04/29 15:44:38,670000,11.482
2026/04/29 15:44:38,671000,11.482
2026/04/29 15:44:38,672000,11.485
2026/04/29 15:44:38,673000,11.479
2026/04/29 15:44:38,674000,11.482
2026/04/29 15:44:38,675000,11.487
2026/04/29 15:44:38,676000,11.487
2026/04/29 15:44:38,677000,11.482
2026/04/29 15:44:38,678000,11.487
2026/04/29 15:44:38,679000,11.482
2026/04/29 15:44:38,680000,11.485
2026/04/29 15:44:38,681000,11.485
2026/04/29 15:44:38,682000,11.485
2026/04/29 15:44:38,683000,11.490
2026/04/29 15:44:38,684000,11.487
2026/04/29 15:44:38,685000,11.479
2026/04/29 15:44:38,686000,11.482
2026/04/29 15:44:38,687000,11.485
2026/04/29 15:44:38,688000,11.485
2026/04/29 15:44:38,689000,11.485
2026/04/29 15:44:38,690000,11.490
2026/04/29 15:44:38,691000,11.476
2026/04/29 15:44:38,692000,11.482
2026/04/29 15:44:38,693000,11.473
2026/04/29 15:44:38,694000,11.490
2026/04/29 15:44:38,695000,11.479
2026/04/29 15:44:38,696000,11.479
2026/04/29 15:44:38,697000,11.485
2026/04/29 15:44:38,698000,11.479
2026/04/29 15:44:38,699000,11.490
2026/04/29 15:44:38,700000,11.482
2026/04/29 15:44:38,701000,11.482
2026/04/29 15:44:38,702000,11.487
2026/04/29 15:44:38,703000,11.487
2026/04/29 15:44:38,704000,11.487
2026/04/29 15:44:38,705000,11.479
2026/04/29 15:44:38,706000,11.485
2026/04/29 15:44:38,707000,11.487
2026/04/29 15:44:38,708000,11.479
2026/04/29 15:44:38,709000,11.482
2026/04/29 15:44:38,710000,11.482
2026/04/29 15:44:38,711000,11.482
2026/04/29 15:44:38,712000,11.485
2026/04/29 15:44:38,713000,11.482
2026/04/29 15:44:38,714000,11.482
2026/04/29 15:44:38,715000,11.482
2026/04/29 15:44:38,716000,11.482
2026/04/29 15:44:38,717000,11.487
2026/04/29 15:44:38,718000,11.479
2026/04/29 15:44:38,719000,11.487
2026/04/29 15:44:38,720000,11.482
2026/04/29 15:44:38,721000,11.485
2026/04/29 15:44:38,722000,11.482
2026/04/29 15:44:38,723000,11.482
2026/04/29 15:44:38,724000,11.485
2026/04/29 15:44:38,725000,11.479
2026/04/29 15:44:38,726000,11.485
2026/04/29 15:44:38,727000,11.487
2026/04/29 15:44:38,728000,11.485
2026/04/29 15:44:38,729000,11.485
2026/04/29 15:44:38,730000,11.485
2026/04/29 15:44:38,731000,11.482
2026/04/29 15:44:38,732000,11.485
2026/04/29 15:44:38,733000,11.485
2026/04/29 15:44:38,734000,11.487
2026/04/29 15:44:38,735000,11.479
2026/04/29 15:44:38,736000,11.482
2026/04/29 15:44:38,737000,11.485
2026/04/29 15:44:38,738000,11.482
2026/04/29 15:44:38,739000,11.482
2026/04/29 15:44:38,740000,11.479
2026/04/29 15:44:38,741000,11.482
2026/04/29 15:44:38,742000,11.482
2026/04/29 15:44:38,743000,11.482
2026/04/29 15:44:38,744000,11.479
2026/04/29 15:44:38,745000,11.482
2026/04/29 15:44:38,746000,11.487
2026/04/29 15:44:38,747000,11.482
2026/04/29 15:44:38,748000,11.487
2026/04/29 15:44:38,749000,11.482
2026/04/29 15:44:38,750000,11.476
2026/04/29 15:44:38,751000,11.485
2026/04/29 15:44:38,752000,11.482
2026/04/29 15:44:38,753000,11.485
2026/04/29 15:44:38,754000,11.487
2026/04/29 15:44:38,755000,11.482
2026/04/29 15:44:38,756000,11.493
2026/04/29 15:44:38,757000,11.479
2026/04/29 15:44:38,758000,11.482
2026/04/29 15:44:38,759000,11.485
2026/04/29 15:44:38,760000,11.482
2026/04/29 15:44:38,761000,11.482
2026/04/29 15:44:38,762000,11.482
2026/04/29 15:44:38,763000,11.485
2026/04/29 15:44:38,764000,11.479
2026/04/29 15:44:38,765000,11.487
2026/04/29 15:44:38,766000,11.485
2026/04/29 15:44:38,767000,11.479
2026/04/29 15:44:38,768000,11.479
2026/04/29 15:44:38,769000,11.476
2026/04/29 15:44:38,770000,11.485
2026/04/29 15:44:38,771000,11.487
2026/04/29 15:44:38,772000,11.485
2026/04/29 15:44:38,773000,11.482
2026/04/29 15:44:38,774000,11.485
2026/04/29 15:44:38,775000,11.479
2026/04/29 15:44:38,776000,11.482
2026/04/29 15:44:38,777000,11.479
2026/04/29 15:44:38,778000,11.485
2026/04/29 15:44:38,779000,11.482
2026/04/29 15:44:38,780000,11.485
2026/04/29 15:44:38,781000,11.485
2026/04/29 15:44:38,782000,11.487
2026/04/29 15:44:38,783000,11.482
2026/04/29 15:44:38,784000,11.485
2026/04/29 15:44:38,785000,11.479
2026/04/29 15:44:38,786000,11.482
2026/04/29 15:44:38,787000,11.479
2026/04/29 15:44:38,788000,11.482
2026/04/29 15:44:38,789000,11.485
2026/04/29 15:44:38,790000,11.482
2026/04/29 15:44:38,791000,11.476
2026/04/29 15:44:38,792000,11.485
2026/04/29 15:44:38,793000,11.485
2026/04/29 15:44:38,794000,11.482
2026/04/29 15:44:38,795000,11.482
2026/04/29 15:44:38,796000,11.485
2026/04/29 15:44:38,797000,11.485
2026/04/29 15:44:38,798000,11.487
2026/04/29 15:44:38,799000,11.485
2026/04/29 15:44:38,800000,11.479
2026/04/29 15:44:38,801000,11.485
2026/04/29 15:44:38,802000,11.485
2026/04/29 15:44:38,803000,11.482
2026/04/29 15:44:38,804000,11.485
2026/04/29 15:44:38,805000,11.487
2026/04/29 15:44:38,806000,11.485
2026/04/29 15:44:38,807000,11.490
2026/04/29 15:44:38,808000,11.487
2026/04/29 15:44:38,809000,11.482
2026/04/29 15:44:38,810000,11.479
2026/04/29 15:44:38,811000,11.490
2026/04/29 15:44:38,812000,11.485
2026/04/29 15:44:38,813000,11.485
2026/04/29 15:44:38,814000,11.485
2026/04/29 15:44:38,815000,11.479
2026/04/29 15:44:38,816000,11.487
2026/04/29 15:44:38,817000,11.476
2026/04/29 15:44:38,818000,11.496
2026/04/29 15:44:38,819000,11.482
2026/04/29 15:44:38,820000,11.487
2026/04/29 15:44:38,821000,11.487
2026/04/29 15:44:38,822000,11.485
2026/04/29 15:44:38,823000,11.479
2026/04/29 15:44:38,824000,11.482
2026/04/29 15:44:38,825000,11.479
2026/04/29 15:44:38,826000,11.490
2026/04/29 15:44:38,827000,11.485
2026/04/29 15:44:38,828000,11.487
2026/04/29 15:44:38,829000,11.482
2026/04/29 15:44:38,830000,11.482
2026/04/29 15:44:38,831000,11.485
2026/04/29 15:44:38,832000,11.485
2026/04/29 15:44:38,833000,11.487
2026/04/29 15:44:38,834000,11.482
2026/04/29 15:44:38,835000,11.490
2026/04/29 15:44:38,836000,11.485
2026/04/29 15:44:38,837000,11.490
2026/04/29 15:44:38,838000,11.493
2026/04/29 15:44:38,839000,11.482
2026/04/29 15:44:38,840000,11.485
2026/04/29 15:44:38,841000,11.490
2026/04/29 15:44:38,842000,11.479
2026/04/29 15:44:38,843000,11.485
2026/04/29 15:44:38,844000,11.487
2026/04/29 15:44:38,845000,11.479
2026/04/29 15:44:38,846000,11.490
2026/04/29 15:44:38,847000,11.482
2026/04/29 15:44:38,848000,11.485
2026/04/29 15:44:38,849000,11.485
2026/04/29 15:44:38,850000,11.487
2026/04/29 15:44:38,851000,11.490
2026/04/29 15:44:38,852000,11.485
2026/04/29 15:44:38,853000,11.479
2026/04/29 15:44:38,854000,11.485
2026/04/29 15:44:38,855000,11.482
2026/04/29 15:44:38,856000,11.485
2026/04/29 15:44:38,857000,11.487
2026/04/29 15:44:38,858000,11.482
2026/04/29 15:44:38,859000,11.482
2026/04/29 15:44:38,860000,11.485
2026/04/29 15:44:38,861000,11.482
2026/04/29 15:44:38,862000,11.485
2026/04/29 15:44:38,863000,11.482
2026/04/29 15:44:38,864000,11.487
2026/04/29 15:44:38,865000,11.479
2026/04/29 15:44:38,866000,11.487
2026/04/29 15:44:38,867000,11.485
2026/04/29 15:44:38,868000,11.487
2026/04/29 15:44:38,869000,11.482
2026/04/29 15:44:38,870000,11.482
2026/04/29 15:44:38,871000,11.482
2026/04/29 15:44:38,872000,11.482
2026/04/29 15:44:38,873000,11.490
2026/04/29 15:44:38,874000,11.479
2026/04/29 15:44:38,875000,11.490
2026/04/29 15:44:38,876000,11.487
2026/04/29 15:44:38,877000,11.487
2026/04/29 15:44:38,878000,11.485
2026/04/29 15:44:38,879000,11.485
2026/04/29 15:44:38,880000,11.487
2026/04/29 15:44:38,881000,11.487
2026/04/29 15:44:38,882000,11.482
2026/04/29 15:44:38,883000,11.485
2026/04/29 15:44:38,884000,11.476
2026/04/29 15:44:38,885000,11.479
2026/04/29 15:44:38,886000,11.482
2026/04/29 15:44:38,887000,11.485
2026/04/29 15:44:38,888000,11.487
2026/04/29 15:44:38,889000,11.487
2026/04/29 15:44:38,890000,11.482
2026/04/29 15:44:38,891000,11.487
2026/04/29 15:44:38,892000,11.479
2026/04/29 15:44:38,893000,11.485
2026/04/29 15:44:38,894000,11.490
2026/04/29 15:44:38,895000,11.485
2026/04/29 15:44:38,896000,11.487
2026/04/29 15:44:38,897000,11.482
2026/04/29 15:44:38,898000,11.485
2026/04/29 15:44:38,899000,11.482
2026/04/29 15:44:38,900000,11.490
2026/04/29 15:44:38,901000,11.485
2026/04/29 15:44:38,902000,11.482
2026/04/29 15:44:38,903000,11.487
2026/04/29 15:44:38,904000,11.479
2026/04/29 15:44:38,905000,11.485
2026/04/29 15:44:38,906000,11.487
2026/04/29 15:44:38,907000,11.485
2026/04/29 15:44:38,908000,11.485
2026/04/29 15:44:38,909000,11.482
2026/04/29 15:44:38,910000,11.487
2026/04/29 15:44:38,911000,11.482
2026/04/29 15:44:38,912000,11.485
2026/04/29 15:44:38,913000,11.487
2026/04/29 15:44:38,914000,11.493
2026/04/29 15:44:38,915000,11.487
2026/04/29 15:44:38,916000,11.485
2026/04/29 15:44:38,917000,11.482
2026/04/29 15:44:38,918000,11.482
2026/04/29 15:44:38,919000,11.490
2026/04/29 15:44:38,920000,11.487
2026/04/29 15:44:38,921000,11.485
2026/04/29 15:44:38,922000,11.482
2026/04/29 15:44:38,923000,11.487
2026/04/29 15:44:38,924000,11.482
2026/04/29 15:44:38,925000,11.485
2026/04/29 15:44:38,926000,11.482
2026/04/29 15:44:38,927000,11.485
2026/04/29 15:44:38,928000,11.490
2026/04/29 15:44:38,929000,11.493
2026/04/29 15:44:38,930000,11.485
2026/04/29 15:44:38,931000,11.490
2026/04/29 15:44:38,932000,11.482
2026/04/29 15:44:38,933000,11.487
2026/04/29 15:44:38,934000,11.485
2026/04/29 15:44:38,935000,11.479
2026/04/29 15:44:38,936000,11.485
2026/04/29 15:44:38,937000,11.476
2026/04/29 15:44:38,938000,11.482
2026/04/29 15:44:38,939000,11.482
2026/04/29 15:44:38,940000,11.482
2026/04/29 15:44:38,941000,11.487
2026/04/29 15:44:38,942000,11.487
2026/04/29 15:44:38,943000,11.485
2026/04/29 15:44:38,944000,11.487
2026/04/29 15:44:38,945000,11.487
2026/04/29 15:44:38,946000,11.485
2026/04/29 15:44:38,947000,11.490
2026/04/29 15:44:38,948000,11.482
2026/04/29 15:44:38,949000,11.485
2026/04/29 15:44:38,950000,11.482
2026/04/29 15:44:38,951000,11.485
2026/04/29 15:44:38,952000,11.490
2026/04/29 15:44:38,953000,11.485
2026/04/29 15:44:38,954000,11.487
2026/04/29 15:44:38,955000,11.490
2026/04/29 15:44:38,956000,11.487
2026/04/29 15:44:38,957000,11.487
2026/04/29 15:44:38,958000,11.485
2026/04/29 15:44:38,959000,11.485
2026/04/29 15:44:38,960000,11.487
2026/04/29 15:44:38,961000,11.487
2026/04/29 15:44:38,962000,11.485
2026/04/29 15:44:38,963000,11.479
2026/04/29 15:44:38,964000,11.487
2026/04/29 15:44:38,965000,11.485
2026/04/29 15:44:38,966000,11.482
2026/04/29 15:44:38,967000,11.482
2026/04/29 15:44:38,968000,11.493
2026/04/29 15:44:38,969000,11.487
2026/04/29 15:44:38,970000,11.482
2026/04/29 15:44:38,971000,11.493
2026/04/29 15:44:38,972000,11.485
2026/04/29 15:44:38,973000,11.482
2026/04/29 15:44:38,974000,11.485
2026/04/29 15:44:38,975000,11.482
2026/04/29 15:44:38,976000,11.487
2026/04/29 15:44:38,977000,11.482
2026/04/29 15:44:38,978000,11.487
2026/04/29 15:44:38,979000,11.482
2026/04/29 15:44:38,980000,11.482
2026/04/29 15:44:38,981000,11.479
2026/04/29 15:44:38,982000,11.482
2026/04/29 15:44:38,983000,11.485
2026/04/29 15:44:38,984000,11.487
2026/04/29 15:44:38,985000,11.485
2026/04/29 15:44:38,986000,11.482
2026/04/29 15:44:38,987000,11.485
2026/04/29 15:44:38,988000,11.479
2026/04/29 15:44:38,989000,11.487
2026/04/29 15:44:38,990000,11.487
2026/04/29 15:44:38,991000,11.479
2026/04/29 15:44:38,992000,11.487
2026/04/29 15:44:38,993000,11.487
2026/04/29 15:44:38,994000,11.479
2026/04/29 15:44:38,995000,11.487
2026/04/29 15:44:38,996000,11.485
2026/04/29 15:44:38,997000,11.482
2026/04/29 15:44:38,998000,11.482
2026/04/29 15:44:38,999000,11.482
2026/04/29 15:44:39,000000,11.485
2026/04/29 15:44:39,001000,11.487
2026/04/29 15:44:39,002000,11.485
2026/04/29 15:44:39,003000,11.482
2026/04/29 15:44:39,004000,11.482
2026/04/29 15:44:39,005000,11.482
2026/04/29 15:44:39,006000,11.479
2026/04/29 15:44:39,007000,11.485
2026/04/29 15:44:39,008000,11.485
2026/04/29 15:44:39,009000,11.487
2026/04/29 15:44:39,010000,11.485
2026/04/29 15:44:39,011000,11.485
2026/04/29 15:44:39,012000,11.485
2026/04/29 15:44:39,013000,11.485
2026/04/29 15:44:39,014000,11.482
2026/04/29 15:44:39,015000,11.482
2026/04/29 15:44:39,016000,11.485
2026/04/29 15:44:39,017000,11.482
2026/04/29 15:44:39,018000,11.490
2026/04/29 15:44:39,019000,11.479
2026/04/29 15:44:39,020000,11.485
2026/04/29 15:44:39,021000,11.490
2026/04/29 15:44:39,022000,11.482
2026/04/29 15:44:39,023000,11.482
2026/04/29 15:44:39,024000,11.487
2026/04/29 15:44:39,025000,11.485
2026/04/29 15:44:39,026000,11.485
2026/04/29 15:44:39,027000,11.487
2026/04/29 15:44:39,028000,11.485
2026/04/29 15:44:39,029000,11.485
2026/04/29 15:44:39,030000,11.473
2026/04/29 15:44:39,031000,11.487
2026/04/29 15:44:39,032000,11.482
2026/04/29 15:44:39,033000,11.487
2026/04/29 15:44:39,034000,11.482
2026/04/29 15:44:39,035000,11.482
2026/04/29 15:44:39,036000,11.485
2026/04/29 15:44:39,037000,11.485
2026/04/29 15:44:39,038000,11.485
2026/04/29 15:44:39,039000,11.487
2026/04/29 15:44:39,040000,11.490
2026/04/29 15:44:39,041000,11.490
2026/04/29 15:44:39,042000,11.482
2026/04/29 15:44:39,043000,11.482
2026/04/29 15:44:39,044000,11.490
2026/04/29 15:44:39,045000,11.485
2026/04/29 15:44:39,046000,11.490
2026/04/29 15:44:39,047000,11.482
2026/04/29 15:44:39,048000,11.476
2026/04/29 15:44:39,049000,11.485
2026/04/29 15:44:39,050000,11.487
2026/04/29 15:44:39,051000,11.482
2026/04/29 15:44:39,052000,11.482
2026/04/29 15:44:39,053000,11.487
2026/04/29 15:44:39,054000,11.482
2026/04/29 15:44:39,055000,11.482
2026/04/29 15:44:39,056000,11.487
2026/04/29 15:44:39,057000,11.487
2026/04/29 15:44:39,058000,11.487
2026/04/29 15:44:39,059000,11.485
2026/04/29 15:44:39,060000,11.487
2026/04/29 15:44:39,061000,11.482
2026/04/29 15:44:39,062000,11.487
2026/04/29 15:44:39,063000,11.485
2026/04/29 15:44:39,064000,11.485
2026/04/29 15:44:39,065000,11.479
2026/04/29 15:44:39,066000,11.485
2026/04/29 15:44:39,067000,11.482
2026/04/29 15:44:39,068000,11.485
2026/04/29 15:44:39,069000,11.482
2026/04/29 15:44:39,070000,11.482
2026/04/29 15:44:39,071000,11.482
2026/04/29 15:44:39,072000,11.482
2026/04/29 15:44:39,073000,11.490
2026/04/29 15:44:39,074000,11.479
2026/04/29 15:44:39,075000,11.487
2026/04/29 15:44:39,076000,11.490
2026/04/29 15:44:39,077000,11.487
2026/04/29 15:44:39,078000,11.482
2026/04/29 15:44:39,079000,11.485
2026/04/29 15:44:39,080000,11.482
2026/04/29 15:44:39,081000,11.485
2026/04/29 15:44:39,082000,11.482
2026/04/29 15:44:39,083000,11.482
2026/04/29 15:44:39,084000,11.487
2026/04/29 15:44:39,085000,11.485
2026/04/29 15:44:39,086000,11.482
2026/04/29 15:44:39,087000,11.487
2026/04/29 15:44:39,088000,11.485
2026/04/29 15:44:39,089000,11.485
2026/04/29 15:44:39,090000,11.479
2026/04/29 15:44:39,091000,11.487
2026/04/29 15:44:39,092000,11.487
2026/04/29 15:44:39,093000,11.485
2026/04/29 15:44:39,094000,11.485
2026/04/29 15:44:39,095000,11.485
2026/04/29 15:44:39,096000,11.485
2026/04/29 15:44:39,097000,11.482
2026/04/29 15:44:39,098000,11.482
2026/04/29 15:44:39,099000,11.485
2026/04/29 15:44:39,100000,11.482
2026/04/29 15:44:39,101000,11.482
2026/04/29 15:44:39,102000,11.487
2026/04/29 15:44:39,103000,11.482
2026/04/29 15:44:39,104000,11.487
2026/04/29 15:44:39,105000,11.485
2026/04/29 15:44:39,106000,11.482
2026/04/29 15:44:39,107000,11.487
2026/04/29 15:44:39,108000,11.485
2026/04/29 15:44:39,109000,11.485
2026/04/29 15:44:39,110000,11.482
2026/04/29 15:44:39,111000,11.482
2026/04/29 15:44:39,112000,11.490
2026/04/29 15:44:39,113000,11.479
2026/04/29 15:44:39,114000,11.476
2026/04/29 15:44:39,115000,11.485
2026/04/29 15:44:39,116000,11.485
2026/04/29 15:44:39,117000,11.493
2026/04/29 15:44:39,118000,11.482
2026/04/29 15:44:39,119000,11.485
2026/04/29 15:44:39,120000,11.482
2026/04/29 15:44:39,121000,11.482
2026/04/29 15:44:39,122000,11.487
2026/04/29 15:44:39,123000,11.487
2026/04/29 15:44:39,124000,11.485
2026/04/29 15:44:39,125000,11.487
2026/04/29 15:44:39,126000,11.493
2026/04/29 15:44:39,127000,11.482
2026/04/29 15:44:39,128000,11.482
2026/04/29 15:44:39,129000,11.487
2026/04/29 15:44:39,130000,11.487
2026/04/29 15:44:39,131000,11.490
2026/04/29 15:44:39,132000,11.485
2026/04/29 15:44:39,133000,11.487
2026/04/29 15:44:39,134000,11.485
2026/04/29 15:44:39,135000,11.476
2026/04/29 15:44:39,136000,11.482
2026/04/29 15:44:39,137000,11.482
2026/04/29 15:44:39,138000,11.485
2026/04/29 15:44:39,139000,11.490
2026/04/29 15:44:39,140000,11.490
2026/04/29 15:44:39,141000,11.482
2026/04/29 15:44:39,142000,11.482
2026/04/29 15:44:39,143000,11.479
2026/04/29 15:44:39,144000,11.485
2026/04/29 15:44:39,145000,11.487
2026/04/29 15:44:39,146000,11.482
2026/04/29 15:44:39,147000,11.482
2026/04/29 15:44:39,148000,11.482
2026/04/29 15:44:39,149000,11.479
2026/04/29 15:44:39,150000,11.490
2026/04/29 15:44:39,151000,11.490
2026/04/29 15:44:39,152000,11.485
2026/04/29 15:44:39,153000,11.487
2026/04/29 15:44:39,154000,11.485
2026/04/29 15:44:39,155000,11.487
2026/04/29 15:44:39,156000,11.487
2026/04/29 15:44:39,157000,11.485
2026/04/29 15:44:39,158000,11.487
2026/04/29 15:44:39,159000,11.485
2026/04/29 15:44:39,160000,11.476
2026/04/29 15:44:39,161000,11.485
2026/04/29 15:44:39,162000,11.485
2026/04/29 15:44:39,163000,11.487
2026/04/29 15:44:39,164000,11.485
2026/04/29 15:44:39,165000,11.482
2026/04/29 15:44:39,166000,11.482
2026/04/29 15:44:39,167000,11.485
2026/04/29 15:44:39,168000,11.479
2026/04/29 15:44:39,169000,11.482
2026/04/29 15:44:39,170000,11.485
2026/04/29 15:44:39,171000,11.482
2026/04/29 15:44:39,172000,11.490
2026/04/29 15:44:39,173000,11.482
2026/04/29 15:44:39,174000,11.485
2026/04/29 15:44:39,175000,11.487
2026/04/29 15:44:39,176000,11.479
2026/04/29 15:44:39,177000,11.476
2026/04/29 15:44:39,178000,11.487
2026/04/29 15:44:39,179000,11.485
2026/04/29 15:44:39,180000,11.485
2026/04/29 15:44:39,181000,11.482
2026/04/29 15:44:39,182000,11.485
2026/04/29 15:44:39,183000,11.487
2026/04/29 15:44:39,184000,11.485
2026/04/29 15:44:39,185000,11.485
2026/04/29 15:44:39,186000,11.482
2026/04/29 15:44:39,187000,11.479
2026/04/29 15:44:39,188000,11.485
2026/04/29 15:44:39,189000,11.482
2026/04/29 15:44:39,190000,11.487
2026/04/29 15:44:39,191000,11.490
2026/04/29 15:44:39,192000,11.482
2026/04/29 15:44:39,193000,11.479
2026/04/29 15:44:39,194000,11.482
2026/04/29 15:44:39,195000,11.479
2026/04/29 15:44:39,196000,11.485
2026/04/29 15:44:39,197000,11.482
2026/04/29 15:44:39,198000,11.487
2026/04/29 15:44:39,199000,11.487
2026/04/29 15:44:39,200000,11.485
2026/04/29 15:44:39,201000,11.482
2026/04/29 15:44:39,202000,11.482
2026/04/29 15:44:39,203000,11.485
2026/04/29 15:44:39,204000,11.485
2026/04/29 15:44:39,205000,11.485
2026/04/29 15:44:39,206000,11.479
2026/04/29 15:44:39,207000,11.485
2026/04/29 15:44:39,208000,11.487
2026/04/29 15:44:39,209000,11.479
2026/04/29 15:44:39,210000,11.490
2026/04/29 15:44:39,211000,11.479
2026/04/29 15:44:39,212000,11.490
2026/04/29 15:44:39,213000,11.482
2026/04/29 15:44:39,214000,11.487
2026/04/29 15:44:39,215000,11.482
2026/04/29 15:44:39,216000,11.487
2026/04/29 15:44:39,217000,11.482
2026/04/29 15:44:39,218000,11.485
2026/04/29 15:44:39,219000,11.485
2026/04/29 15:44:39,220000,11.479
2026/04/29 15:44:39,221000,11.482
2026/04/29 15:44:39,222000,11.487
2026/04/29 15:44:39,223000,11.487
2026/04/29 15:44:39,224000,11.479
2026/04/29 15:44:39,225000,11.482
2026/04/29 15:44:39,226000,11.490
2026/04/29 15:44:39,227000,11.482
2026/04/29 15:44:39,228000,11.479
2026/04/29 15:44:39,229000,11.485
2026/04/29 15:44:39,230000,11.485
2026/04/29 15:44:39,231000,11.482
2026/04/29 15:44:39,232000,11.487
2026/04/29 15:44:39,233000,11.485
2026/04/29 15:44:39,234000,11.487
2026/04/29 15:44:39,235000,11.485
2026/04/29 15:44:39,236000,11.482
2026/04/29 15:44:39,237000,11.487
2026/04/29 15:44:39,238000,11.485
2026/04/29 15:44:39,239000,11.479
2026/04/29 15:44:39,240000,11.487
2026/04/29 15:44:39,241000,11.485
2026/04/29 15:44:39,242000,11.482
2026/04/29 15:44:39,243000,11.482
2026/04/29 15:44:39,244000,11.487
2026/04/29 15:44:39,245000,11.485
2026/04/29 15:44:39,246000,11.485
2026/04/29 15:44:39,247000,11.485
2026/04/29 15:44:39,248000,11.487
2026/04/29 15:44:39,249000,11.482
2026/04/29 15:44:39,250000,11.490
2026/04/29 15:44:39,251000,11.487
2026/04/29 15:44:39,252000,11.482
2026/04/29 15:44:39,253000,11.487
2026/04/29 15:44:39,254000,11.487
2026/04/29 15:44:39,255000,11.487
2026/04/29 15:44:39,256000,11.487
2026/04/29 15:44:39,257000,11.485
2026/04/29 15:44:39,258000,11.490
2026/04/29 15:44:39,259000,11.485
2026/04/29 15:44:39,260000,11.487
2026/04/29 15:44:39,261000,11.482
2026/04/29 15:44:39,262000,11.493
2026/04/29 15:44:39,263000,11.485
2026/04/29 15:44:39,264000,11.476
2026/04/29 15:44:39,265000,11.479
2026/04/29 15:44:39,266000,11.485
2026/04/29 15:44:39,267000,11.487
2026/04/29 15:44:39,268000,11.479
2026/04/29 15:44:39,269000,11.487
2026/04/29 15:44:39,270000,11.485
2026/04/29 15:44:39,271000,11.482
2026/04/29 15:44:39,272000,11.482
2026/04/29 15:44:39,273000,11.479
2026/04/29 15:44:39,274000,11.482
2026/04/29 15:44:39,275000,11.482
2026/04/29 15:44:39,276000,11.487
2026/04/29 15:44:39,277000,11.485
2026/04/29 15:44:39,278000,11.485
2026/04/29 15:44:39,279000,11.485
2026/04/29 15:44:39,280000,11.482
2026/04/29 15:44:39,281000,11.485
2026/04/29 15:44:39,282000,11.485
2026/04/29 15:44:39,283000,11.479
2026/04/29 15:44:39,284000,11.485
2026/04/29 15:44:39,285000,11.485
2026/04/29 15:44:39,286000,11.487
2026/04/29 15:44:39,287000,11.476
2026/04/29 15:44:39,288000,11.485
2026/04/29 15:44:39,289000,11.487
2026/04/29 15:44:39,290000,11.490
2026/04/29 15:44:39,291000,11.490
2026/04/29 15:44:39,292000,11.485
2026/04/29 15:44:39,293000,11.482
2026/04/29 15:44:39,294000,11.482
2026/04/29 15:44:39,295000,11.482
2026/04/29 15:44:39,296000,11.482
2026/04/29 15:44:39,297000,11.482
2026/04/29 15:44:39,298000,11.485
2026/04/29 15:44:39,299000,11.485
2026/04/29 15:44:39,300000,11.482
2026/04/29 15:44:39,301000,11.479
2026/04/29 15:44:39,302000,11.485
2026/04/29 15:44:39,303000,11.485
2026/04/29 15:44:39,304000,11.487
2026/04/29 15:44:39,305000,11.487
2026/04/29 15:44:39,306000,11.482
2026/04/29 15:44:39,307000,11.485
2026/04/29 15:44:39,308000,11.482
2026/04/29 15:44:39,309000,11.487
2026/04/29 15:44:39,310000,11.479
2026/04/29 15:44:39,311000,11.485
2026/04/29 15:44:39,312000,11.485
2026/04/29 15:44:39,313000,11.485
2026/04/29 15:44:39,314000,11.482
2026/04/29 15:44:39,315000,11.485
2026/04/29 15:44:39,316000,11.482
2026/04/29 15:44:39,317000,11.482
2026/04/29 15:44:39,318000,11.487
2026/04/29 15:44:39,319000,11.482
2026/04/29 15:44:39,320000,11.487
2026/04/29 15:44:39,321000,11.487
2026/04/29 15:44:39,322000,11.482
2026/04/29 15:44:39,323000,11.482
2026/04/29 15:44:39,324000,11.485
2026/04/29 15:44:39,325000,11.490
2026/04/29 15:44:39,326000,11.485
2026/04/29 15:44:39,327000,11.487
2026/04/29 15:44:39,328000,11.485
2026/04/29 15:44:39,329000,11.482
2026/04/29 15:44:39,330000,11.485
2026/04/29 15:44:39,331000,11.479
2026/04/29 15:44:39,332000,11.487
2026/04/29 15:44:39,333000,11.479
2026/04/29 15:44:39,334000,11.479
2026/04/29 15:44:39,335000,11.485
2026/04/29 15:44:39,336000,11.482
2026/04/29 15:44:39,337000,11.482
2026/04/29 15:44:39,338000,11.482
2026/04/29 15:44:39,339000,11.482
2026/04/29 15:44:39,340000,11.485
2026/04/29 15:44:39,341000,11.482
2026/04/29 15:44:39,342000,11.479
2026/04/29 15:44:39,343000,11.482
2026/04/29 15:44:39,344000,11.487
2026/04/29 15:44:39,345000,11.490
2026/04/29 15:44:39,346000,11.479
2026/04/29 15:44:39,347000,11.479
2026/04/29 15:44:39,348000,11.482
2026/04/29 15:44:39,349000,11.479
2026/04/29 15:44:39,350000,11.487
2026/04/29 15:44:39,351000,11.482
2026/04/29 15:44:39,352000,11.482
2026/04/29 15:44:39,353000,11.482
2026/04/29 15:44:39,354000,11.482
2026/04/29 15:44:39,355000,11.485
2026/04/29 15:44:39,356000,11.482
2026/04/29 15:44:39,357000,11.482
2026/04/29 15:44:39,358000,11.479
2026/04/29 15:44:39,359000,11.482
2026/04/29 15:44:39,360000,11.490
2026/04/29 15:44:39,361000,11.482
2026/04/29 15:44:39,362000,11.485
2026/04/29 15:44:39,363000,11.482
2026/04/29 15:44:39,364000,11.485
2026/04/29 15:44:39,365000,11.482
2026/04/29 15:44:39,366000,11.482
2026/04/29 15:44:39,367000,11.482
2026/04/29 15:44:39,368000,11.482
2026/04/29 15:44:39,369000,11.487
2026/04/29 15:44:39,370000,11.485
2026/04/29 15:44:39,371000,11.487
2026/04/29 15:44:39,372000,11.490
2026/04/29 15:44:39,373000,11.479
2026/04/29 15:44:39,374000,11.476
2026/04/29 15:44:39,375000,11.485
2026/04/29 15:44:39,376000,11.485
2026/04/29 15:44:39,377000,11.487
2026/04/29 15:44:39,378000,11.485
2026/04/29 15:44:39,379000,11.487
2026/04/29 15:44:39,380000,11.482
2026/04/29 15:44:39,381000,11.487
2026/04/29 15:44:39,382000,11.482
2026/04/29 15:44:39,383000,11.487
2026/04/29 15:44:39,384000,11.485
2026/04/29 15:44:39,385000,11.487
2026/04/29 15:44:39,386000,11.482
2026/04/29 15:44:39,387000,11.482
2026/04/29 15:44:39,388000,11.482
2026/04/29 15:44:39,389000,11.479
2026/04/29 15:44:39,390000,11.485
2026/04/29 15:44:39,391000,11.476
2026/04/29 15:44:39,392000,11.482
2026/04/29 15:44:39,393000,11.479
2026/04/29 15:44:39,394000,11.482
2026/04/29 15:44:39,395000,11.487
2026/04/29 15:44:39,396000,11.487
2026/04/29 15:44:39,397000,11.485
2026/04/29 15:44:39,398000,11.482
2026/04/29 15:44:39,399000,11.482
2026/04/29 15:44:39,400000,11.482
2026/04/29 15:44:39,401000,11.485
2026/04/29 15:44:39,402000,11.485
2026/04/29 15:44:39,403000,11.485
2026/04/29 15:44:39,404000,11.482
2026/04/29 15:44:39,405000,11.482
2026/04/29 15:44:39,406000,11.479
2026/04/29 15:44:39,407000,11.485
2026/04/29 15:44:39,408000,11.490
2026/04/29 15:44:39,409000,11.482
2026/04/29 15:44:39,410000,11.482
2026/04/29 15:44:39,411000,11.479
2026/04/29 15:44:39,412000,11.490
2026/04/29 15:44:39,413000,11.485
2026/04/29 15:44:39,414000,11.487
2026/04/29 15:44:39,415000,11.482
2026/04/29 15:44:39,416000,11.487
2026/04/29 15:44:39,417000,11.487
2026/04/29 15:44:39,418000,11.485
2026/04/29 15:44:39,419000,11.485
2026/04/29 15:44:39,420000,11.479
2026/04/29 15:44:39,421000,11.485
2026/04/29 15:44:39,422000,11.479
2026/04/29 15:44:39,423000,11.482
2026/04/29 15:44:39,424000,11.487
2026/04/29 15:44:39,425000,11.482
2026/04/29 15:44:39,426000,11.487
2026/04/29 15:44:39,427000,11.482
2026/04/29 15:44:39,428000,11.476
2026/04/29 15:44:39,429000,11.485
2026/04/29 15:44:39,430000,11.485
2026/04/29 15:44:39,431000,11.485
2026/04/29 15:44:39,432000,11.487
2026/04/29 15:44:39,433000,11.482
2026/04/29 15:44:39,434000,11.482
2026/04/29 15:44:39,435000,11.476
2026/04/29 15:44:39,436000,11.487
2026/04/29 15:44:39,437000,11.482
2026/04/29 15:44:39,438000,11.479
2026/04/29 15:44:39,439000,11.482
2026/04/29 15:44:39,440000,11.482
2026/04/29 15:44:39,441000,11.485
2026/04/29 15:44:39,442000,11.479
2026/04/29 15:44:39,443000,11.485
2026/04/29 15:44:39,444000,11.482
2026/04/29 15:44:39,445000,11.485
2026/04/29 15:44:39,446000,11.485
2026/04/29 15:44:39,447000,11.485
2026/04/29 15:44:39,448000,11.476
2026/04/29 15:44:39,449000,11.479
2026/04/29 15:44:39,450000,11.485
2026/04/29 15:44:39,451000,11.485
2026/04/29 15:44:39,452000,11.487
2026/04/29 15:44:39,453000,11.479
2026/04/29 15:44:39,454000,11.482
2026/04/29 15:44:39,455000,11.485
2026/04/29 15:44:39,456000,11.482
2026/04/29 15:44:39,457000,11.485
2026/04/29 15:44:39,458000,11.487
2026/04/29 15:44:39,459000,11.479
2026/04/29 15:44:39,460000,11.482
2026/04/29 15:44:39,461000,11.485
2026/04/29 15:44:39,462000,11.482
2026/04/29 15:44:39,463000,11.476
2026/04/29 15:44:39,464000,11.482
2026/04/29 15:44:39,465000,11.482
2026/04/29 15:44:39,466000,11.479
2026/04/29 15:44:39,467000,11.482
2026/04/29 15:44:39,468000,11.482
2026/04/29 15:44:39,469000,11.487
2026/04/29 15:44:39,470000,11.479
2026/04/29 15:44:39,471000,11.482
2026/04/29 15:44:39,472000,11.485
2026/04/29 15:44:39,473000,11.482
2026/04/29 15:44:39,474000,11.485
2026/04/29 15:44:39,475000,11.482
2026/04/29 15:44:39,476000,11.485
2026/04/29 15:44:39,477000,11.479
2026/04/29 15:44:39,478000,11.482
2026/04/29 15:44:39,479000,11.487
2026/04/29 15:44:39,480000,11.493
2026/04/29 15:44:39,481000,11.485
2026/04/29 15:44:39,482000,11.476
2026/04/29 15:44:39,483000,11.479
2026/04/29 15:44:39,484000,11.487
2026/04/29 15:44:39,485000,11.482
2026/04/29 15:44:39,486000,11.479
2026/04/29 15:44:39,487000,11.482
2026/04/29 15:44:39,488000,11.482
2026/04/29 15:44:39,489000,11.482
2026/04/29 15:44:39,490000,11.476
2026/04/29 15:44:39,491000,11.476
2026/04/29 15:44:39,492000,11.485
2026/04/29 15:44:39,493000,11.482
2026/04/29 15:44:39,494000,11.482
2026/04/29 15:44:39,495000,11.485
2026/04/29 15:44:39,496000,11.487
2026/04/29 15:44:39,497000,11.487
2026/04/29 15:44:39,498000,11.482
2026/04/29 15:44:39,499000,11.482
2026/04/29 15:44:39,500000,11.485
2026/04/29 15:44:39,501000,11.482
2026/04/29 15:44:39,502000,11.482
2026/04/29 15:44:39,503000,11.479
2026/04/29 15:44:39,504000,11.487
2026/04/29 15:44:39,505000,11.485
2026/04/29 15:44:39,506000,11.485
2026/04/29 15:44:39,507000,11.490
2026/04/29 15:44:39,508000,11.482
2026/04/29 15:44:39,509000,11.487
2026/04/29 15:44:39,510000,11.485
2026/04/29 15:44:39,511000,11.482
2026/04/29 15:44:39,512000,11.482
2026/04/29 15:44:39,513000,11.487
2026/04/29 15:44:39,514000,11.479
2026/04/29 15:44:39,515000,11.482
2026/04/29 15:44:39,516000,11.485
2026/04/29 15:44:39,517000,11.485
2026/04/29 15:44:39,518000,11.479
2026/04/29 15:44:39,519000,11.482
2026/04/29 15:44:39,520000,11.479
2026/04/29 15:44:39,521000,11.482
2026/04/29 15:44:39,522000,11.490
2026/04/29 15:44:39,523000,11.482
2026/04/29 15:44:39,524000,11.485
2026/04/29 15:44:39,525000,11.487
2026/04/29 15:44:39,526000,11.487
2026/04/29 15:44:39,527000,11.485
2026/04/29 15:44:39,528000,11.482
2026/04/29 15:44:39,529000,11.482
2026/04/29 15:44:39,530000,11.485
2026/04/29 15:44:39,531000,11.482
2026/04/29 15:44:39,532000,11.482
2026/04/29 15:44:39,533000,11.487
2026/04/29 15:44:39,534000,11.482
2026/04/29 15:44:39,535000,11.479
2026/04/29 15:44:39,536000,11.482
2026/04/29 15:44:39,537000,11.482
2026/04/29 15:44:39,538000,11.479
2026/04/29 15:44:39,539000,11.482
2026/04/29 15:44:39,540000,11.482
2026/04/29 15:44:39,541000,11.482
2026/04/29 15:44:39,542000,11.482
2026/04/29 15:44:39,543000,11.482
2026/04/29 15:44:39,544000,11.479
2026/04/29 15:44:39,545000,11.485
2026/04/29 15:44:39,546000,11.479
2026/04/29 15:44:39,547000,11.487
2026/04/29 15:44:39,548000,11.493
2026/04/29 15:44:39,549000,11.482
2026/04/29 15:44:39,550000,11.485
2026/04/29 15:44:39,551000,11.485
2026/04/29 15:44:39,552000,11.490
2026/04/29 15:44:39,553000,11.485
2026/04/29 15:44:39,554000,11.485
2026/04/29 15:44:39,555000,11.482
2026/04/29 15:44:39,556000,11.485
2026/04/29 15:44:39,557000,11.479
2026/04/29 15:44:39,558000,11.485
2026/04/29 15:44:39,559000,11.482
2026/04/29 15:44:39,560000,11.490
2026/04/29 15:44:39,561000,11.482
2026/04/29 15:44:39,562000,11.487
2026/04/29 15:44:39,563000,11.485
2026/04/29 15:44:39,564000,11.479
2026/04/29 15:44:39,565000,11.476
2026/04/29 15:44:39,566000,11.485
2026/04/29 15:44:39,567000,11.485
2026/04/29 15:44:39,568000,11.485
2026/04/29 15:44:39,569000,11.487
2026/04/29 15:44:39,570000,11.485
2026/04/29 15:44:39,571000,11.482
2026/04/29 15:44:39,572000,11.482
2026/04/29 15:44:39,573000,11.487
2026/04/29 15:44:39,574000,11.476
2026/04/29 15:44:39,575000,11.487
2026/04/29 15:44:39,576000,11.482
2026/04/29 15:44:39,577000,11.479
2026/04/29 15:44:39,578000,11.482
2026/04/29 15:44:39,579000,11.485
2026/04/29 15:44:39,580000,11.487
2026/04/29 15:44:39,581000,11.482
2026/04/29 15:44:39,582000,11.479
2026/04/29 15:44:39,583000,11.490
2026/04/29 15:44:39,584000,11.485
2026/04/29 15:44:39,585000,11.485
2026/04/29 15:44:39,586000,11.485
2026/04/29 15:44:39,587000,11.487
2026/04/29 15:44:39,588000,11.482
2026/04/29 15:44:39,589000,11.493
2026/04/29 15:44:39,590000,11.482
2026/04/29 15:44:39,591000,11.482
2026/04/29 15:44:39,592000,11.485
2026/04/29 15:44:39,593000,11.490
2026/04/29 15:44:39,594000,11.487
2026/04/29 15:44:39,595000,11.479
2026/04/29 15:44:39,596000,11.487
2026/04/29 15:44:39,597000,11.485
2026/04/29 15:44:39,598000,11.487
2026/04/29 15:44:39,599000,11.479
2026/04/29 15:44:39,600000,11.485
2026/04/29 15:44:39,601000,11.487
2026/04/29 15:44:39,602000,11.487
2026/04/29 15:44:39,603000,11.482
2026/04/29 15:44:39,604000,11.482
2026/04/29 15:44:39,605000,11.487
2026/04/29 15:44:39,606000,11.482
2026/04/29 15:44:39,607000,11.487
2026/04/29 15:44:39,608000,11.482
2026/04/29 15:44:39,609000,11.485
2026/04/29 15:44:39,610000,11.496
2026/04/29 15:44:39,611000,11.485
2026/04/29 15:44:39,612000,11.482
2026/04/29 15:44:39,613000,11.485
2026/04/29 15:44:39,614000,11.482
2026/04/29 15:44:39,615000,11.482
2026/04/29 15:44:39,616000,11.490
2026/04/29 15:44:39,617000,11.485
2026/04/29 15:44:39,618000,11.487
2026/04/29 15:44:39,619000,11.487
2026/04/29 15:44:39,620000,11.482
2026/04/29 15:44:39,621000,11.485
2026/04/29 15:44:39,622000,11.487
2026/04/29 15:44:39,623000,11.490
2026/04/29 15:44:39,624000,11.485
2026/04/29 15:44:39,625000,11.485
2026/04/29 15:44:39,626000,11.479
2026/04/29 15:44:39,627000,11.485
2026/04/29 15:44:39,628000,11.485
2026/04/29 15:44:39,629000,11.479
2026/04/29 15:44:39,630000,11.485
2026/04/29 15:44:39,631000,11.487
2026/04/29 15:44:39,632000,11.485
2026/04/29 15:44:39,633000,11.482
2026/04/29 15:44:39,634000,11.490
2026/04/29 15:44:39,635000,11.490
2026/04/29 15:44:39,636000,11.482
2026/04/29 15:44:39,637000,11.485
2026/04/29 15:44:39,638000,11.490
2026/04/29 15:44:39,639000,11.485
2026/04/29 15:44:39,640000,11.490
2026/04/29 15:44:39,641000,11.485
2026/04/29 15:44:39,642000,11.487
2026/04/29 15:44:39,643000,11.479
2026/04/29 15:44:39,644000,11.487
2026/04/29 15:44:39,645000,11.482
2026/04/29 15:44:39,646000,11.485
2026/04/29 15:44:39,647000,11.485
2026/04/29 15:44:39,648000,11.479
2026/04/29 15:44:39,649000,11.482
2026/04/29 15:44:39,650000,11.487
2026/04/29 15:44:39,651000,11.485
2026/04/29 15:44:39,652000,11.482
2026/04/29 15:44:39,653000,11.482
2026/04/29 15:44:39,654000,11.482
2026/04/29 15:44:39,655000,11.485
2026/04/29 15:44:39,656000,11.485
2026/04/29 15:44:39,657000,11.487
2026/04/29 15:44:39,658000,11.482
2026/04/29 15:44:39,659000,11.485
2026/04/29 15:44:39,660000,11.490
2026/04/29 15:44:39,661000,11.485
2026/04/29 15:44:39,662000,11.490
2026/04/29 15:44:39,663000,11.482
2026/04/29 15:44:39,664000,11.485
2026/04/29 15:44:39,665000,11.487
2026/04/29 15:44:39,666000,11.485
2026/04/29 15:44:39,667000,11.487
2026/04/29 15:44:39,668000,11.490
2026/04/29 15:44:39,669000,11.485
2026/04/29 15:44:39,670000,11.485
2026/04/29 15:44:39,671000,11.479
2026/04/29 15:44:39,672000,11.485
2026/04/29 15:44:39,673000,11.487
2026/04/29 15:44:39,674000,11.479
2026/04/29 15:44:39,675000,11.485
2026/04/29 15:44:39,676000,11.487
2026/04/29 15:44:39,677000,11.493
2026/04/29 15:44:39,678000,11.482
2026/04/29 15:44:39,679000,11.485
2026/04/29 15:44:39,680000,11.485
2026/04/29 15:44:39,681000,11.487
2026/04/29 15:44:39,682000,11.482
2026/04/29 15:44:39,683000,11.485
2026/04/29 15:44:39,684000,11.482
2026/04/29 15:44:39,685000,11.485
2026/04/29 15:44:39,686000,11.482
2026/04/29 15:44:39,687000,11.485
2026/04/29 15:44:39,688000,11.485
2026/04/29 15:44:39,689000,11.485
2026/04/29 15:44:39,690000,11.490
2026/04/29 15:44:39,691000,11.487
2026/04/29 15:44:39,692000,11.485
2026/04/29 15:44:39,693000,11.485
2026/04/29 15:44:39,694000,11.487
2026/04/29 15:44:39,695000,11.487
2026/04/29 15:44:39,696000,11.485
2026/04/29 15:44:39,697000,11.482
2026/04/29 15:44:39,698000,11.490
2026/04/29 15:44:39,699000,11.490
2026/04/29 15:44:39,700000,11.485
2026/04/29 15:44:39,701000,11.485
2026/04/29 15:44:39,702000,11.485
2026/04/29 15:44:39,703000,11.493
2026/04/29 15:44:39,704000,11.487
2026/04/29 15:44:39,705000,11.482
2026/04/29 15:44:39,706000,11.482
2026/04/29 15:44:39,707000,11.482
2026/04/29 15:44:39,708000,11.487
2026/04/29 15:44:39,709000,11.487
2026/04/29 15:44:39,710000,11.485
2026/04/29 15:44:39,711000,11.493
2026/04/29 15:44:39,712000,11.487
2026/04/29 15:44:39,713000,11.487
2026/04/29 15:44:39,714000,11.487
2026/04/29 15:44:39,715000,11.487
2026/04/29 15:44:39,716000,11.482
2026/04/29 15:44:39,717000,11.485
2026/04/29 15:44:39,718000,11.487
2026/04/29 15:44:39,719000,11.487
2026/04/29 15:44:39,720000,11.479
2026/04/29 15:44:39,721000,11.485
2026/04/29 15:44:39,722000,11.482
2026/04/29 15:44:39,723000,11.485
2026/04/29 15:44:39,724000,11.479
2026/04/29 15:44:39,725000,11.487
2026/04/29 15:44:39,726000,11.485
2026/04/29 15:44:39,727000,11.487
2026/04/29 15:44:39,728000,11.485
2026/04/29 15:44:39,729000,11.490
2026/04/29 15:44:39,730000,11.485
2026/04/29 15:44:39,731000,11.482
2026/04/29 15:44:39,732000,11.482
2026/04/29 15:44:39,733000,11.487
2026/04/29 15:44:39,734000,11.485
2026/04/29 15:44:39,735000,11.485
2026/04/29 15:44:39,736000,11.487
2026/04/29 15:44:39,737000,11.485
2026/04/29 15:44:39,738000,11.479
2026/04/29 15:44:39,739000,11.487
2026/04/29 15:44:39,740000,11.487
2026/04/29 15:44:39,741000,11.485
2026/04/29 15:44:39,742000,11.485
2026/04/29 15:44:39,743000,11.482
2026/04/29 15:44:39,744000,11.482
2026/04/29 15:44:39,745000,11.485
2026/04/29 15:44:39,746000,11.479
2026/04/29 15:44:39,747000,11.485
2026/04/29 15:44:39,748000,11.487
2026/04/29 15:44:39,749000,11.482
2026/04/29 15:44:39,750000,11.485
2026/04/29 15:44:39,751000,11.482
2026/04/29 15:44:39,752000,11.485
2026/04/29 15:44:39,753000,11.482
2026/04/29 15:44:39,754000,11.485
2026/04/29 15:44:39,755000,11.485
2026/04/29 15:44:39,756000,11.485
2026/04/29 15:44:39,757000,11.482
2026/04/29 15:44:39,758000,11.487
2026/04/29 15:44:39,759000,11.487
2026/04/29 15:44:39,760000,11.490
2026/04/29 15:44:39,761000,11.482
2026/04/29 15:44:39,762000,11.487
2026/04/29 15:44:39,763000,11.490
2026/04/29 15:44:39,764000,11.487
2026/04/29 15:44:39,765000,11.482
2026/04/29 15:44:39,766000,11.490
2026/04/29 15:44:39,767000,11.473
2026/04/29 15:44:39,768000,11.487
2026/04/29 15:44:39,769000,11.487
2026/04/29 15:44:39,770000,11.493
2026/04/29 15:44:39,771000,11.482
2026/04/29 15:44:39,772000,11.487
2026/04/29 15:44:39,773000,11.482
2026/04/29 15:44:39,774000,11.487
2026/04/29 15:44:39,775000,11.482
2026/04/29 15:44:39,776000,11.487
2026/04/29 15:44:39,777000,11.485
2026/04/29 15:44:39,778000,11.487
2026/04/29 15:44:39,779000,11.485
2026/04/29 15:44:39,780000,11.479
2026/04/29 15:44:39,781000,11.482
2026/04/29 15:44:39,782000,11.482
2026/04/29 15:44:39,783000,11.493
2026/04/29 15:44:39,784000,11.485
2026/04/29 15:44:39,785000,11.482
2026/04/29 15:44:39,786000,11.487
2026/04/29 15:44:39,787000,11.482
2026/04/29 15:44:39,788000,11.485
2026/04/29 15:44:39,789000,11.487
2026/04/29 15:44:39,790000,11.493
2026/04/29 15:44:39,791000,11.487
2026/04/29 15:44:39,792000,11.482
2026/04/29 15:44:39,793000,11.493
2026/04/29 15:44:39,794000,11.485
2026/04/29 15:44:39,795000,11.487
2026/04/29 15:44:39,796000,11.482
2026/04/29 15:44:39,797000,11.485
2026/04/29 15:44:39,798000,11.485
2026/04/29 15:44:39,799000,11.482
2026/04/29 15:44:39,800000,11.485
2026/04/29 15:44:39,801000,11.487
2026/04/29 15:44:39,802000,11.487
2026/04/29 15:44:39,803000,11.482
2026/04/29 15:44:39,804000,11.487
2026/04/29 15:44:39,805000,11.482
2026/04/29 15:44:39,806000,11.482
2026/04/29 15:44:39,807000,11.485
2026/04/29 15:44:39,808000,11.479
2026/04/29 15:44:39,809000,11.485
2026/04/29 15:44:39,810000,11.482
2026/04/29 15:44:39,811000,11.482
2026/04/29 15:44:39,812000,11.485
2026/04/29 15:44:39,813000,11.490
2026/04/29 15:44:39,814000,11.485
2026/04/29 15:44:39,815000,11.482
2026/04/29 15:44:39,816000,11.482
2026/04/29 15:44:39,817000,11.496
2026/04/29 15:44:39,818000,11.479
2026/04/29 15:44:39,819000,11.485
2026/04/29 15:44:39,820000,11.485
2026/04/29 15:44:39,821000,11.482
2026/04/29 15:44:39,822000,11.485
2026/04/29 15:44:39,823000,11.479
2026/04/29 15:44:39,824000,11.482
2026/04/29 15:44:39,825000,11.485
2026/04/29 15:44:39,826000,11.487
2026/04/29 15:44:39,827000,11.479
2026/04/29 15:44:39,828000,11.485
2026/04/29 15:44:39,829000,11.485
2026/04/29 15:44:39,830000,11.482
2026/04/29 15:44:39,831000,11.482
2026/04/29 15:44:39,832000,11.482
2026/04/29 15:44:39,833000,11.490
2026/04/29 15:44:39,834000,11.485
2026/04/29 15:44:39,835000,11.487
2026/04/29 15:44:39,836000,11.485
2026/04/29 15:44:39,837000,11.479
2026/04/29 15:44:39,838000,11.479
2026/04/29 15:44:39,839000,11.479
2026/04/29 15:44:39,840000,11.485
2026/04/29 15:44:39,841000,11.490
2026/04/29 15:44:39,842000,11.485
2026/04/29 15:44:39,843000,11.482
2026/04/29 15:44:39,844000,11.487
2026/04/29 15:44:39,845000,11.485
2026/04/29 15:44:39,846000,11.485
2026/04/29 15:44:39,847000,11.485
2026/04/29 15:44:39,848000,11.482
2026/04/29 15:44:39,849000,11.496
2026/04/29 15:44:39,850000,11.482
2026/04/29 15:44:39,851000,11.482
2026/04/29 15:44:39,852000,11.482
2026/04/29 15:44:39,853000,11.487
2026/04/29 15:44:39,854000,11.482
2026/04/29 15:44:39,855000,11.482
2026/04/29 15:44:39,856000,11.476
2026/04/29 15:44:39,857000,11.485
2026/04/29 15:44:39,858000,11.485
2026/04/29 15:44:39,859000,11.482
2026/04/29 15:44:39,860000,11.482
2026/04/29 15:44:39,861000,11.482
2026/04/29 15:44:39,862000,11.487
2026/04/29 15:44:39,863000,11.479
2026/04/29 15:44:39,864000,11.482
2026/04/29 15:44:39,865000,11.479
2026/04/29 15:44:39,866000,11.482
2026/04/29 15:44:39,867000,11.487
2026/04/29 15:44:39,868000,11.485
2026/04/29 15:44:39,869000,11.482
2026/04/29 15:44:39,870000,11.485
2026/04/29 15:44:39,871000,11.487
2026/04/29 15:44:39,872000,11.482
2026/04/29 15:44:39,873000,11.485
2026/04/29 15:44:39,874000,11.482
2026/04/29 15:44:39,875000,11.482
2026/04/29 15:44:39,876000,11.485
2026/04/29 15:44:39,877000,11.487
2026/04/29 15:44:39,878000,11.482
2026/04/29 15:44:39,879000,11.482
2026/04/29 15:44:39,880000,11.485
2026/04/29 15:44:39,881000,11.490
2026/04/29 15:44:39,882000,11.490
2026/04/29 15:44:39,883000,11.482
2026/04/29 15:44:39,884000,11.479
2026/04/29 15:44:39,885000,11.476
2026/04/29 15:44:39,886000,11.482
2026/04/29 15:44:39,887000,11.485
2026/04/29 15:44:39,888000,11.482
2026/04/29 15:44:39,889000,11.487
2026/04/29 15:44:39,890000,11.482
2026/04/29 15:44:39,891000,11.482
2026/04/29 15:44:39,892000,11.479
2026/04/29 15:44:39,893000,11.482
2026/04/29 15:44:39,894000,11.490
2026/04/29 15:44:39,895000,11.485
2026/04/29 15:44:39,896000,11.487
2026/04/29 15:44:39,897000,11.482
2026/04/29 15:44:39,898000,11.487
2026/04/29 15:44:39,899000,11.485
2026/04/29 15:44:39,900000,11.479
2026/04/29 15:44:39,901000,11.482
2026/04/29 15:44:39,902000,11.482
2026/04/29 15:44:39,903000,11.476
2026/04/29 15:44:39,904000,11.479
2026/04/29 15:44:39,905000,11.482
2026/04/29 15:44:39,906000,11.482
2026/04/29 15:44:39,907000,11.490
2026/04/29 15:44:39,908000,11.482
2026/04/29 15:44:39,909000,11.487
2026/04/29 15:44:39,910000,11.482
2026/04/29 15:44:39,911000,11.487
2026/04/29 15:44:39,912000,11.482
2026/04/29 15:44:39,913000,11.485
2026/04/29 15:44:39,914000,11.487
2026/04/29 15:44:39,915000,11.487
2026/04/29 15:44:39,916000,11.490
2026/04/29 15:44:39,917000,11.487
2026/04/29 15:44:39,918000,11.476
2026/04/29 15:44:39,919000,11.479
2026/04/29 15:44:39,920000,11.487
2026/04/29 15:44:39,921000,11.487
2026/04/29 15:44:39,922000,11.482
2026/04/29 15:44:39,923000,11.479
2026/04/29 15:44:39,924000,11.485
2026/04/29 15:44:39,925000,11.479
2026/04/29 15:44:39,926000,11.482
2026/04/29 15:44:39,927000,11.487
2026/04/29 15:44:39,928000,11.471
2026/04/29 15:44:39,929000,11.476
2026/04/29 15:44:39,930000,11.479
2026/04/29 15:44:39,931000,11.482
2026/04/29 15:44:39,932000,11.479
2026/04/29 15:44:39,933000,11.482
2026/04/29 15:44:39,934000,11.482
2026/04/29 15:44:39,935000,11.485
2026/04/29 15:44:39,936000,11.485
2026/04/29 15:44:39,937000,11.482
2026/04/29 15:44:39,938000,11.482
2026/04/29 15:44:39,939000,11.485
2026/04/29 15:44:39,940000,11.485
2026/04/29 15:44:39,941000,11.487
2026/04/29 15:44:39,942000,11.482
2026/04/29 15:44:39,943000,11.482
2026/04/29 15:44:39,944000,11.485
2026/04/29 15:44:39,945000,11.482
2026/04/29 15:44:39,946000,11.479
2026/04/29 15:44:39,947000,11.482
2026/04/29 15:44:39,948000,11.487
2026/04/29 15:44:39,949000,11.476
2026/04/29 15:44:39,950000,11.487
2026/04/29 15:44:39,951000,11.485
2026/04/29 15:44:39,952000,11.479
2026/04/29 15:44:39,953000,11.479
2026/04/29 15:44:39,954000,11.482
2026/04/29 15:44:39,955000,11.485
2026/04/29 15:44:39,956000,11.479
2026/04/29 15:44:39,957000,11.482
2026/04/29 15:44:39,958000,11.485
2026/04/29 15:44:39,959000,11.487
2026/04/29 15:44:39,960000,11.482
2026/04/29 15:44:39,961000,11.485
2026/04/29 15:44:39,962000,11.482
2026/04/29 15:44:39,963000,11.479
2026/04/29 15:44:39,964000,11.482
2026/04/29 15:44:39,965000,11.490
2026/04/29 15:44:39,966000,11.487
2026/04/29 15:44:39,967000,11.485
2026/04/29 15:44:39,968000,11.482
2026/04/29 15:44:39,969000,11.482
2026/04/29 15:44:39,970000,11.490
2026/04/29 15:44:39,971000,11.485
2026/04/29 15:44:39,972000,11.482
2026/04/29 15:44:39,973000,11.485
2026/04/29 15:44:39,974000,11.487
2026/04/29 15:44:39,975000,11.487
2026/04/29 15:44:39,976000,11.490
2026/04/29 15:44:39,977000,11.485
2026/04/29 15:44:39,978000,11.473
2026/04/29 15:44:39,979000,11.485
2026/04/29 15:44:39,980000,11.490
2026/04/29 15:44:39,981000,11.482
2026/04/29 15:44:39,982000,11.482
2026/04/29 15:44:39,983000,11.487
2026/04/29 15:44:39,984000,11.485
2026/04/29 15:44:39,985000,11.479
2026/04/29 15:44:39,986000,11.487
2026/04/29 15:44:39,987000,11.493
2026/04/29 15:44:39,988000,11.487
2026/04/29 15:44:39,989000,11.485
2026/04/29 15:44:39,990000,11.487
2026/04/29 15:44:39,991000,11.485
2026/04/29 15:44:39,992000,11.479
2026/04/29 15:44:39,993000,11.487
2026/04/29 15:44:39,994000,11.482
2026/04/29 15:44:39,995000,11.487
2026/04/29 15:44:39,996000,11.485
2026/04/29 15:44:39,997000,11.482
2026/04/29 15:44:39,998000,11.487
2026/04/29 15:44:39,999000,11.487
2026/04/29 15:44:40,000000,11.487
2026/04/29 15:44:40,001000,11.485
2026/04/29 15:44:40,002000,11.490
2026/04/29 15:44:40,003000,11.487
2026/04/29 15:44:40,004000,11.485
2026/04/29 15:44:40,005000,11.479
2026/04/29 15:44:40,006000,11.485
2026/04/29 15:44:40,007000,11.482
2026/04/29 15:44:40,008000,11.482
2026/04/29 15:44:40,009000,11.487
2026/04/29 15:44:40,010000,11.479
2026/04/29 15:44:40,011000,11.490
2026/04/29 15:44:40,012000,11.485
2026/04/29 15:44:40,013000,11.482
2026/04/29 15:44:40,014000,11.487
2026/04/29 15:44:40,015000,11.482
2026/04/29 15:44:40,016000,11.482
2026/04/29 15:44:40,017000,11.482
2026/04/29 15:44:40,018000,11.490
2026/04/29 15:44:40,019000,11.482
2026/04/29 15:44:40,020000,11.485
2026/04/29 15:44:40,021000,11.487
2026/04/29 15:44:40,022000,11.493
2026/04/29 15:44:40,023000,11.487
2026/04/29 15:44:40,024000,11.487
2026/04/29 15:44:40,025000,11.485
2026/04/29 15:44:40,026000,11.487
2026/04/29 15:44:40,027000,11.487
2026/04/29 15:44:40,028000,11.485
2026/04/29 15:44:40,029000,11.487
2026/04/29 15:44:40,030000,11.479
2026/04/29 15:44:40,031000,11.487
2026/04/29 15:44:40,032000,11.482
2026/04/29 15:44:40,033000,11.479
2026/04/29 15:44:40,034000,11.493
2026/04/29 15:44:40,035000,11.493
2026/04/29 15:44:40,036000,11.485
2026/04/29 15:44:40,037000,11.482
2026/04/29 15:44:40,038000,11.490
2026/04/29 15:44:40,039000,11.487
2026/04/29 15:44:40,040000,11.482
2026/04/29 15:44:40,041000,11.487
2026/04/29 15:44:40,042000,11.490
2026/04/29 15:44:40,043000,11.487
2026/04/29 15:44:40,044000,11.487
2026/04/29 15:44:40,045000,11.482
2026/04/29 15:44:40,046000,11.487
2026/04/29 15:44:40,047000,11.485
2026/04/29 15:44:40,048000,11.482
2026/04/29 15:44:40,049000,11.487
2026/04/29 15:44:40,050000,11.476
2026/04/29 15:44:40,051000,11.485
2026/04/29 15:44:40,052000,11.487
2026/04/29 15:44:40,053000,11.485
2026/04/29 15:44:40,054000,11.482
2026/04/29 15:44:40,055000,11.485
2026/04/29 15:44:40,056000,11.482
2026/04/29 15:44:40,057000,11.490
2026/04/29 15:44:40,058000,11.490
2026/04/29 15:44:40,059000,11.479
2026/04/29 15:44:40,060000,11.490
2026/04/29 15:44:40,061000,11.471
2026/04/29 15:44:40,062000,11.487
2026/04/29 15:44:40,063000,11.479
2026/04/29 15:44:40,064000,11.490
2026/04/29 15:44:40,065000,11.487
2026/04/29 15:44:40,066000,11.485
2026/04/29 15:44:40,067000,11.493
2026/04/29 15:44:40,068000,11.482
2026/04/29 15:44:40,069000,11.487
2026/04/29 15:44:40,070000,11.487
2026/04/29 15:44:40,071000,11.487
2026/04/29 15:44:40,072000,11.485
2026/04/29 15:44:40,073000,11.479
2026/04/29 15:44:40,074000,11.479
2026/04/29 15:44:40,075000,11.482
2026/04/29 15:44:40,076000,11.485
2026/04/29 15:44:40,077000,11.482
2026/04/29 15:44:40,078000,11.485
2026/04/29 15:44:40,079000,11.485
2026/04/29 15:44:40,080000,11.493
2026/04/29 15:44:40,081000,11.490
2026/04/29 15:44:40,082000,11.482
2026/04/29 15:44:40,083000,11.485
2026/04/29 15:44:40,084000,11.487
2026/04/29 15:44:40,085000,11.479
2026/04/29 15:44:40,086000,11.485
2026/04/29 15:44:40,087000,11.482
2026/04/29 15:44:40,088000,11.487
2026/04/29 15:44:40,089000,11.487
2026/04/29 15:44:40,090000,11.493
2026/04/29 15:44:40,091000,11.485
2026/04/29 15:44:40,092000,11.487
2026/04/29 15:44:40,093000,11.482
2026/04/29 15:44:40,094000,11.485
2026/04/29 15:44:40,095000,11.487
2026/04/29 15:44:40,096000,11.487
2026/04/29 15:44:40,097000,11.482
2026/04/29 15:44:40,098000,11.487
2026/04/29 15:44:40,099000,11.490
2026/04/29 15:44:40,100000,11.479
2026/04/29 15:44:40,101000,11.490
2026/04/29 15:44:40,102000,11.487
2026/04/29 15:44:40,103000,11.485
2026/04/29 15:44:40,104000,11.487
2026/04/29 15:44:40,105000,11.487
2026/04/29 15:44:40,106000,11.487
2026/04/29 15:44:40,107000,11.487
2026/04/29 15:44:40,108000,11.487
2026/04/29 15:44:40,109000,11.487
2026/04/29 15:44:40,110000,11.487
2026/04/29 15:44:40,111000,11.487
2026/04/29 15:44:40,112000,11.485
2026/04/29 15:44:40,113000,11.485
2026/04/29 15:44:40,114000,11.485
2026/04/29 15:44:40,115000,11.479
2026/04/29 15:44:40,116000,11.482
2026/04/29 15:44:40,117000,11.490
2026/04/29 15:44:40,118000,11.487
2026/04/29 15:44:40,119000,11.487
2026/04/29 15:44:40,120000,11.482
2026/04/29 15:44:40,121000,11.482
2026/04/29 15:44:40,122000,11.482
2026/04/29 15:44:40,123000,11.482
2026/04/29 15:44:40,124000,11.482
2026/04/29 15:44:40,125000,11.482
2026/04/29 15:44:40,126000,11.485
2026/04/29 15:44:40,127000,11.490
2026/04/29 15:44:40,128000,11.487
2026/04/29 15:44:40,129000,11.487
2026/04/29 15:44:40,130000,11.482
2026/04/29 15:44:40,131000,11.487
2026/04/29 15:44:40,132000,11.487
2026/04/29 15:44:40,133000,11.490
2026/04/29 15:44:40,134000,11.485
2026/04/29 15:44:40,135000,11.482
2026/04/29 15:44:40,136000,11.482
2026/04/29 15:44:40,137000,11.485
2026/04/29 15:44:40,138000,11.487
2026/04/29 15:44:40,139000,11.487
2026/04/29 15:44:40,140000,11.482
2026/04/29 15:44:40,141000,11.482
2026/04/29 15:44:40,142000,11.482
2026/04/29 15:44:40,143000,11.493
2026/04/29 15:44:40,144000,11.485
2026/04/29 15:44:40,145000,11.490
2026/04/29 15:44:40,146000,11.490
2026/04/29 15:44:40,147000,11.487
2026/04/29 15:44:40,148000,11.487
2026/04/29 15:44:40,149000,11.485
2026/04/29 15:44:40,150000,11.482
2026/04/29 15:44:40,151000,11.482
2026/04/29 15:44:40,152000,11.490
2026/04/29 15:44:40,153000,11.487
2026/04/29 15:44:40,154000,11.482
2026/04/29 15:44:40,155000,11.485
2026/04/29 15:44:40,156000,11.490
2026/04/29 15:44:40,157000,11.485
2026/04/29 15:44:40,158000,11.482
2026/04/29 15:44:40,159000,11.490
2026/04/29 15:44:40,160000,11.487
2026/04/29 15:44:40,161000,11.487
2026/04/29 15:44:40,162000,11.482
2026/04/29 15:44:40,163000,11.485
2026/04/29 15:44:40,164000,11.485
2026/04/29 15:44:40,165000,11.487
2026/04/29 15:44:40,166000,11.487
2026/04/29 15:44:40,167000,11.487
2026/04/29 15:44:40,168000,11.485
2026/04/29 15:44:40,169000,11.487
2026/04/29 15:44:40,170000,11.490
2026/04/29 15:44:40,171000,11.485
2026/04/29 15:44:40,172000,11.487
2026/04/29 15:44:40,173000,11.487
2026/04/29 15:44:40,174000,11.487
2026/04/29 15:44:40,175000,11.476
2026/04/29 15:44:40,176000,11.490
2026/04/29 15:44:40,177000,11.487
2026/04/29 15:44:40,178000,11.485
2026/04/29 15:44:40,179000,11.487
2026/04/29 15:44:40,180000,11.482
2026/04/29 15:44:40,181000,11.487
2026/04/29 15:44:40,182000,11.485
2026/04/29 15:44:40,183000,11.485
2026/04/29 15:44:40,184000,11.485
2026/04/29 15:44:40,185000,11.482
2026/04/29 15:44:40,186000,11.485
2026/04/29 15:44:40,187000,11.487
2026/04/29 15:44:40,188000,11.487
2026/04/29 15:44:40,189000,11.487
2026/04/29 15:44:40,190000,11.482
2026/04/29 15:44:40,191000,11.485
2026/04/29 15:44:40,192000,11.487
2026/04/29 15:44:40,193000,11.487
2026/04/29 15:44:40,194000,11.490
2026/04/29 15:44:40,195000,11.485
2026/04/29 15:44:40,196000,11.487
2026/04/29 15:44:40,197000,11.482
2026/04/29 15:44:40,198000,11.485
2026/04/29 15:44:40,199000,11.487
2026/04/29 15:44:40,200000,11.487
2026/04/29 15:44:40,201000,11.482
2026/04/29 15:44:40,202000,11.485
2026/04/29 15:44:40,203000,11.482
2026/04/29 15:44:40,204000,11.482
2026/04/29 15:44:40,205000,11.487
2026/04/29 15:44:40,206000,11.487
2026/04/29 15:44:40,207000,11.485
2026/04/29 15:44:40,208000,11.487
2026/04/29 15:44:40,209000,11.490
2026/04/29 15:44:40,210000,11.490
2026/04/29 15:44:40,211000,11.485
2026/04/29 15:44:40,212000,11.490
2026/04/29 15:44:40,213000,11.479
2026/04/29 15:44:40,214000,11.485
2026/04/29 15:44:40,215000,11.490
2026/04/29 15:44:40,216000,11.482
2026/04/29 15:44:40,217000,11.482
2026/04/29 15:44:40,218000,11.479
2026/04/29 15:44:40,219000,11.490
2026/04/29 15:44:40,220000,11.485
2026/04/29 15:44:40,221000,11.485
2026/04/29 15:44:40,222000,11.490
2026/04/29 15:44:40,223000,11.485
2026/04/29 15:44:40,224000,11.487
2026/04/29 15:44:40,225000,11.485
2026/04/29 15:44:40,226000,11.485
2026/04/29 15:44:40,227000,11.485
2026/04/29 15:44:40,228000,11.485
2026/04/29 15:44:40,229000,11.482
2026/04/29 15:44:40,230000,11.482
2026/04/29 15:44:40,231000,11.485
2026/04/29 15:44:40,232000,11.482
2026/04/29 15:44:40,233000,11.487
2026/04/29 15:44:40,234000,11.485
2026/04/29 15:44:40,235000,11.482
2026/04/29 15:44:40,236000,11.482
2026/04/29 15:44:40,237000,11.485
2026/04/29 15:44:40,238000,11.487
2026/04/29 15:44:40,239000,11.482
2026/04/29 15:44:40,240000,11.485
2026/04/29 15:44:40,241000,11.485
2026/04/29 15:44:40,242000,11.485
2026/04/29 15:44:40,243000,11.479
2026/04/29 15:44:40,244000,11.485
2026/04/29 15:44:40,245000,11.485
2026/04/29 15:44:40,246000,11.482
2026/04/29 15:44:40,247000,11.485
2026/04/29 15:44:40,248000,11.482
2026/04/29 15:44:40,249000,11.487
2026/04/29 15:44:40,250000,11.485
2026/04/29 15:44:40,251000,11.485
2026/04/29 15:44:40,252000,11.485
2026/04/29 15:44:40,253000,11.482
2026/04/29 15:44:40,254000,11.482
2026/04/29 15:44:40,255000,11.485
2026/04/29 15:44:40,256000,11.485
2026/04/29 15:44:40,257000,11.485
2026/04/29 15:44:40,258000,11.490
2026/04/29 15:44:40,259000,11.487
2026/04/29 15:44:40,260000,11.490
2026/04/29 15:44:40,261000,11.485
2026/04/29 15:44:40,262000,11.485
2026/04/29 15:44:40,263000,11.485
2026/04/29 15:44:40,264000,11.485
2026/04/29 15:44:40,265000,11.487
2026/04/29 15:44:40,266000,11.485
2026/04/29 15:44:40,267000,11.487
2026/04/29 15:44:40,268000,11.485
2026/04/29 15:44:40,269000,11.482
2026/04/29 15:44:40,270000,11.487
2026/04/29 15:44:40,271000,11.485
2026/04/29 15:44:40,272000,11.482
2026/04/29 15:44:40,273000,11.482
2026/04/29 15:44:40,274000,11.485
2026/04/29 15:44:40,275000,11.487
2026/04/29 15:44:40,276000,11.485
2026/04/29 15:44:40,277000,11.485
2026/04/29 15:44:40,278000,11.485
2026/04/29 15:44:40,279000,11.482
2026/04/29 15:44:40,280000,11.485
2026/04/29 15:44:40,281000,11.485
2026/04/29 15:44:40,282000,11.485
2026/04/29 15:44:40,283000,11.485
2026/04/29 15:44:40,284000,11.476
2026/04/29 15:44:40,285000,11.487
2026/04/29 15:44:40,286000,11.482
2026/04/29 15:44:40,287000,11.493
2026/04/29 15:44:40,288000,11.485
2026/04/29 15:44:40,289000,11.482
2026/04/29 15:44:40,290000,11.485
2026/04/29 15:44:40,291000,11.487
2026/04/29 15:44:40,292000,11.485
2026/04/29 15:44:40,293000,11.482
2026/04/29 15:44:40,294000,11.485
2026/04/29 15:44:40,295000,11.487
2026/04/29 15:44:40,296000,11.479
2026/04/29 15:44:40,297000,11.482
2026/04/29 15:44:40,298000,11.485
2026/04/29 15:44:40,299000,11.485
2026/04/29 15:44:40,300000,11.487
2026/04/29 15:44:40,301000,11.487
2026/04/29 15:44:40,302000,11.487
2026/04/29 15:44:40,303000,11.485
2026/04/29 15:44:40,304000,11.490
2026/04/29 15:44:40,305000,11.485
2026/04/29 15:44:40,306000,11.482
2026/04/29 15:44:40,307000,11.485
2026/04/29 15:44:40,308000,11.485
2026/04/29 15:44:40,309000,11.485
2026/04/29 15:44:40,310000,11.485
2026/04/29 15:44:40,311000,11.485
2026/04/29 15:44:40,312000,11.485
2026/04/29 15:44:40,313000,11.482
2026/04/29 15:44:40,314000,11.485
2026/04/29 15:44:40,315000,11.487
2026/04/29 15:44:40,316000,11.482
2026/04/29 15:44:40,317000,11.485
2026/04/29 15:44:40,318000,11.490
2026/04/29 15:44:40,319000,11.485
2026/04/29 15:44:40,320000,11.479
2026/04/29 15:44:40,321000,11.482
2026/04/29 15:44:40,322000,11.482
2026/04/29 15:44:40,323000,11.485
2026/04/29 15:44:40,324000,11.485
2026/04/29 15:44:40,325000,11.482
2026/04/29 15:44:40,326000,11.482
2026/04/29 15:44:40,327000,11.482
2026/04/29 15:44:40,328000,11.479
2026/04/29 15:44:40,329000,11.479
2026/04/29 15:44:40,330000,11.479
2026/04/29 15:44:40,331000,11.482
2026/04/29 15:44:40,332000,11.487
2026/04/29 15:44:40,333000,11.482
2026/04/29 15:44:40,334000,11.485
2026/04/29 15:44:40,335000,11.485
2026/04/29 15:44:40,336000,11.487
2026/04/29 15:44:40,337000,11.479
2026/04/29 15:44:40,338000,11.485
2026/04/29 15:44:40,339000,11.490
2026/04/29 15:44:40,340000,11.482
2026/04/29 15:44:40,341000,11.482
2026/04/29 15:44:40,342000,11.485
2026/04/29 15:44:40,343000,11.485
2026/04/29 15:44:40,344000,11.487
2026/04/29 15:44:40,345000,11.479
2026/04/29 15:44:40,346000,11.482
2026/04/29 15:44:40,347000,11.482
2026/04/29 15:44:40,348000,11.487
2026/04/29 15:44:40,349000,11.479
2026/04/29 15:44:40,350000,11.485
2026/04/29 15:44:40,351000,11.485
2026/04/29 15:44:40,352000,11.485
2026/04/29 15:44:40,353000,11.479
2026/04/29 15:44:40,354000,11.482
2026/04/29 15:44:40,355000,11.482
2026/04/29 15:44:40,356000,11.485
2026/04/29 15:44:40,357000,11.485
2026/04/29 15:44:40,358000,11.482
2026/04/29 15:44:40,359000,11.482
2026/04/29 15:44:40,360000,11.482
2026/04/29 15:44:40,361000,11.479
2026/04/29 15:44:40,362000,11.482
2026/04/29 15:44:40,363000,11.487
2026/04/29 15:44:40,364000,11.485
2026/04/29 15:44:40,365000,11.487
2026/04/29 15:44:40,366000,11.485
2026/04/29 15:44:40,367000,11.487
2026/04/29 15:44:40,368000,11.485
2026/04/29 15:44:40,369000,11.479
2026/04/29 15:44:40,370000,11.482
2026/04/29 15:44:40,371000,11.485
2026/04/29 15:44:40,372000,11.485
2026/04/29 15:44:40,373000,11.487
2026/04/29 15:44:40,374000,11.476
2026/04/29 15:44:40,375000,11.476
2026/04/29 15:44:40,376000,11.487
2026/04/29 15:44:40,377000,11.482
2026/04/29 15:44:40,378000,11.485
2026/04/29 15:44:40,379000,11.487
2026/04/29 15:44:40,380000,11.479
2026/04/29 15:44:40,381000,11.479
2026/04/29 15:44:40,382000,11.490
2026/04/29 15:44:40,383000,11.479
2026/04/29 15:44:40,384000,11.485
2026/04/29 15:44:40,385000,11.485
2026/04/29 15:44:40,386000,11.482
2026/04/29 15:44:40,387000,11.479
2026/04/29 15:44:40,388000,11.479
2026/04/29 15:44:40,389000,11.487
2026/04/29 15:44:40,390000,11.485
2026/04/29 15:44:40,391000,11.476
2026/04/29 15:44:40,392000,11.479
2026/04/29 15:44:40,393000,11.479
2026/04/29 15:44:40,394000,11.493
2026/04/29 15:44:40,395000,11.482
2026/04/29 15:44:40,396000,11.482
2026/04/29 15:44:40,397000,11.479
2026/04/29 15:44:40,398000,11.482
2026/04/29 15:44:40,399000,11.476
2026/04/29 15:44:40,400000,11.482
2026/04/29 15:44:40,401000,11.487
2026/04/29 15:44:40,402000,11.476
2026/04/29 15:44:40,403000,11.482
2026/04/29 15:44:40,404000,11.487
2026/04/29 15:44:40,405000,11.479
2026/04/29 15:44:40,406000,11.479
2026/04/29 15:44:40,407000,11.479
2026/04/29 15:44:40,408000,11.485
2026/04/29 15:44:40,409000,11.482
2026/04/29 15:44:40,410000,11.479
2026/04/29 15:44:40,411000,11.482
2026/04/29 15:44:40,412000,11.485
2026/04/29 15:44:40,413000,11.485
2026/04/29 15:44:40,414000,11.485
2026/04/29 15:44:40,415000,11.482
2026/04/29 15:44:40,416000,11.487
2026/04/29 15:44:40,417000,11.487
2026/04/29 15:44:40,418000,11.482
2026/04/29 15:44:40,419000,11.482
2026/04/29 15:44:40,420000,11.487
2026/04/29 15:44:40,421000,11.482
2026/04/29 15:44:40,422000,11.485
2026/04/29 15:44:40,423000,11.482
2026/04/29 15:44:40,424000,11.485
2026/04/29 15:44:40,425000,11.479
2026/04/29 15:44:40,426000,11.482
2026/04/29 15:44:40,427000,11.487
2026/04/29 15:44:40,428000,11.482
2026/04/29 15:44:40,429000,11.482
2026/04/29 15:44:40,430000,11.479
2026/04/29 15:44:40,431000,11.482
2026/04/29 15:44:40,432000,11.487
2026/04/29 15:44:40,433000,11.485
2026/04/29 15:44:40,434000,11.482
2026/04/29 15:44:40,435000,11.482
2026/04/29 15:44:40,436000,11.479
2026/04/29 15:44:40,437000,11.485
2026/04/29 15:44:40,438000,11.490
2026/04/29 15:44:40,439000,11.485
2026/04/29 15:44:40,440000,11.482
2026/04/29 15:44:40,441000,11.482
2026/04/29 15:44:40,442000,11.485
2026/04/29 15:44:40,443000,11.482
2026/04/29 15:44:40,444000,11.479
2026/04/29 15:44:40,445000,11.482
2026/04/29 15:44:40,446000,11.479
2026/04/29 15:44:40,447000,11.485
2026/04/29 15:44:40,448000,11.479
2026/04/29 15:44:40,449000,11.485
2026/04/29 15:44:40,450000,11.490
2026/04/29 15:44:40,451000,11.487
2026/04/29 15:44:40,452000,11.482
2026/04/29 15:44:40,453000,11.482
2026/04/29 15:44:40,454000,11.482
2026/04/29 15:44:40,455000,11.487
2026/04/29 15:44:40,456000,11.487
2026/04/29 15:44:40,457000,11.485
2026/04/29 15:44:40,458000,11.485
2026/04/29 15:44:40,459000,11.482
2026/04/29 15:44:40,460000,11.482
2026/04/29 15:44:40,461000,11.485
2026/04/29 15:44:40,462000,11.482
2026/04/29 15:44:40,463000,11.485
2026/04/29 15:44:40,464000,11.487
2026/04/29 15:44:40,465000,11.482
2026/04/29 15:44:40,466000,11.487
2026/04/29 15:44:40,467000,11.482
2026/04/29 15:44:40,468000,11.482
2026/04/29 15:44:40,469000,11.485
2026/04/29 15:44:40,470000,11.487
2026/04/29 15:44:40,471000,11.482
2026/04/29 15:44:40,472000,11.485
2026/04/29 15:44:40,473000,11.482
2026/04/29 15:44:40,474000,11.485
2026/04/29 15:44:40,475000,11.485
2026/04/29 15:44:40,476000,11.485
2026/04/29 15:44:40,477000,11.479
2026/04/29 15:44:40,478000,11.479
2026/04/29 15:44:40,479000,11.482
2026/04/29 15:44:40,480000,11.482
2026/04/29 15:44:40,481000,11.487
2026/04/29 15:44:40,482000,11.482
2026/04/29 15:44:40,483000,11.490
2026/04/29 15:44:40,484000,11.479
2026/04/29 15:44:40,485000,11.482
2026/04/29 15:44:40,486000,11.485
2026/04/29 15:44:40,487000,11.485
2026/04/29 15:44:40,488000,11.485
2026/04/29 15:44:40,489000,11.485
2026/04/29 15:44:40,490000,11.485
2026/04/29 15:44:40,491000,11.485
2026/04/29 15:44:40,492000,11.490
2026/04/29 15:44:40,493000,11.485
2026/04/29 15:44:40,494000,11.485
2026/04/29 15:44:40,495000,11.482
2026/04/29 15:44:40,496000,11.487
2026/04/29 15:44:40,497000,11.487
2026/04/29 15:44:40,498000,11.476
2026/04/29 15:44:40,499000,11.482
2026/04/29 15:44:40,500000,11.476
2026/04/29 15:44:40,501000,11.485
2026/04/29 15:44:40,502000,11.487
2026/04/29 15:44:40,503000,11.485
2026/04/29 15:44:40,504000,11.482
2026/04/29 15:44:40,505000,11.482
2026/04/29 15:44:40,506000,11.482
2026/04/29 15:44:40,507000,11.482
2026/04/29 15:44:40,508000,11.479
2026/04/29 15:44:40,509000,11.482
2026/04/29 15:44:40,510000,11.493
2026/04/29 15:44:40,511000,11.482
2026/04/29 15:44:40,512000,11.487
2026/04/29 15:44:40,513000,11.482
2026/04/29 15:44:40,514000,11.485
2026/04/29 15:44:40,515000,11.482
2026/04/29 15:44:40,516000,11.487
2026/04/29 15:44:40,517000,11.482
2026/04/29 15:44:40,518000,11.476
2026/04/29 15:44:40,519000,11.487
2026/04/29 15:44:40,520000,11.482
2026/04/29 15:44:40,521000,11.476
2026/04/29 15:44:40,522000,11.482
2026/04/29 15:44:40,523000,11.487
2026/04/29 15:44:40,524000,11.485
2026/04/29 15:44:40,525000,11.479
2026/04/29 15:44:40,526000,11.490
2026/04/29 15:44:40,527000,11.482
2026/04/29 15:44:40,528000,11.487
2026/04/29 15:44:40,529000,11.485
2026/04/29 15:44:40,530000,11.485
2026/04/29 15:44:40,531000,11.487
2026/04/29 15:44:40,532000,11.490
2026/04/29 15:44:40,533000,11.482
2026/04/29 15:44:40,534000,11.479
2026/04/29 15:44:40,535000,11.482
2026/04/29 15:44:40,536000,11.485
2026/04/29 15:44:40,537000,11.487
2026/04/29 15:44:40,538000,11.485
2026/04/29 15:44:40,539000,11.485
2026/04/29 15:44:40,540000,11.482
2026/04/29 15:44:40,541000,11.487
2026/04/29 15:44:40,542000,11.479
2026/04/29 15:44:40,543000,11.490
2026/04/29 15:44:40,544000,11.482
2026/04/29 15:44:40,545000,11.485
2026/04/29 15:44:40,546000,11.485
2026/04/29 15:44:40,547000,11.479
2026/04/29 15:44:40,548000,11.487
2026/04/29 15:44:40,549000,11.487
2026/04/29 15:44:40,550000,11.485
2026/04/29 15:44:40,551000,11.482
2026/04/29 15:44:40,552000,11.485
2026/04/29 15:44:40,553000,11.482
2026/04/29 15:44:40,554000,11.479
2026/04/29 15:44:40,555000,11.485
2026/04/29 15:44:40,556000,11.485
2026/04/29 15:44:40,557000,11.482
2026/04/29 15:44:40,558000,11.482
2026/04/29 15:44:40,559000,11.487
2026/04/29 15:44:40,560000,11.490
2026/04/29 15:44:40,561000,11.482
2026/04/29 15:44:40,562000,11.482
2026/04/29 15:44:40,563000,11.485
2026/04/29 15:44:40,564000,11.485
2026/04/29 15:44:40,565000,11.482
2026/04/29 15:44:40,566000,11.487
2026/04/29 15:44:40,567000,11.485
2026/04/29 15:44:40,568000,11.487
2026/04/29 15:44:40,569000,11.482
2026/04/29 15:44:40,570000,11.482
2026/04/29 15:44:40,571000,11.487
2026/04/29 15:44:40,572000,11.487
2026/04/29 15:44:40,573000,11.482
2026/04/29 15:44:40,574000,11.482
2026/04/29 15:44:40,575000,11.482
2026/04/29 15:44:40,576000,11.482
2026/04/29 15:44:40,577000,11.490
2026/04/29 15:44:40,578000,11.482
2026/04/29 15:44:40,579000,11.485
2026/04/29 15:44:40,580000,11.490
2026/04/29 15:44:40,581000,11.485
2026/04/29 15:44:40,582000,11.487
2026/04/29 15:44:40,583000,11.490
2026/04/29 15:44:40,584000,11.482
2026/04/29 15:44:40,585000,11.485
2026/04/29 15:44:40,586000,11.482
2026/04/29 15:44:40,587000,11.490
2026/04/29 15:44:40,588000,11.490
2026/04/29 15:44:40,589000,11.490
2026/04/29 15:44:40,590000,11.487
2026/04/29 15:44:40,591000,11.482
2026/04/29 15:44:40,592000,11.485
2026/04/29 15:44:40,593000,11.487
2026/04/29 15:44:40,594000,11.487
2026/04/29 15:44:40,595000,11.487
2026/04/29 15:44:40,596000,11.482
2026/04/29 15:44:40,597000,11.487
2026/04/29 15:44:40,598000,11.485
2026/04/29 15:44:40,599000,11.482
2026/04/29 15:44:40,600000,11.487
2026/04/29 15:44:40,601000,11.493
2026/04/29 15:44:40,602000,11.490
2026/04/29 15:44:40,603000,11.471
2026/04/29 15:44:40,604000,11.490
2026/04/29 15:44:40,605000,11.490
2026/04/29 15:44:40,606000,11.490
2026/04/29 15:44:40,607000,11.482
2026/04/29 15:44:40,608000,11.485
2026/04/29 15:44:40,609000,11.490
2026/04/29 15:44:40,610000,11.487
2026/04/29 15:44:40,611000,11.485
2026/04/29 15:44:40,612000,11.485
2026/04/29 15:44:40,613000,11.485
2026/04/29 15:44:40,614000,11.482
2026/04/29 15:44:40,615000,11.487
2026/04/29 15:44:40,616000,11.485
2026/04/29 15:44:40,617000,11.482
2026/04/29 15:44:40,618000,11.482
2026/04/29 15:44:40,619000,11.482
2026/04/29 15:44:40,620000,11.490
2026/04/29 15:44:40,621000,11.487
2026/04/29 15:44:40,622000,11.487
2026/04/29 15:44:40,623000,11.485
2026/04/29 15:44:40,624000,11.487
2026/04/29 15:44:40,625000,11.482
2026/04/29 15:44:40,626000,11.490
2026/04/29 15:44:40,627000,11.485
2026/04/29 15:44:40,628000,11.487
2026/04/29 15:44:40,629000,11.485
2026/04/29 15:44:40,630000,11.490
2026/04/29 15:44:40,631000,11.490
2026/04/29 15:44:40,632000,11.485
2026/04/29 15:44:40,633000,11.482
2026/04/29 15:44:40,634000,11.482
2026/04/29 15:44:40,635000,11.487
2026/04/29 15:44:40,636000,11.485
2026/04/29 15:44:40,637000,11.485
2026/04/29 15:44:40,638000,11.490
2026/04/29 15:44:40,639000,11.485
2026/04/29 15:44:40,640000,11.485
2026/04/29 15:44:40,641000,11.487
2026/04/29 15:44:40,642000,11.490
2026/04/29 15:44:40,643000,11.485
2026/04/29 15:44:40,644000,11.485
2026/04/29 15:44:40,645000,11.485
2026/04/29 15:44:40,646000,11.487
2026/04/29 15:44:40,647000,11.487
2026/04/29 15:44:40,648000,11.487
2026/04/29 15:44:40,649000,11.487
2026/04/29 15:44:40,650000,11.479
2026/04/29 15:44:40,651000,11.487
2026/04/29 15:44:40,652000,11.487
2026/04/29 15:44:40,653000,11.490
2026/04/29 15:44:40,654000,11.482
2026/04/29 15:44:40,655000,11.485
2026/04/29 15:44:40,656000,11.482
2026/04/29 15:44:40,657000,11.487
2026/04/29 15:44:40,658000,11.490
2026/04/29 15:44:40,659000,11.482
2026/04/29 15:44:40,660000,11.490
2026/04/29 15:44:40,661000,11.490
2026/04/29 15:44:40,662000,11.482
2026/04/29 15:44:40,663000,11.485
2026/04/29 15:44:40,664000,11.487
2026/04/29 15:44:40,665000,11.479
2026/04/29 15:44:40,666000,11.482
2026/04/29 15:44:40,667000,11.479
2026/04/29 15:44:40,668000,11.493
2026/04/29 15:44:40,669000,11.487
2026/04/29 15:44:40,670000,11.487
2026/04/29 15:44:40,671000,11.482
2026/04/29 15:44:40,672000,11.490
2026/04/29 15:44:40,673000,11.482
2026/04/29 15:44:40,674000,11.487
2026/04/29 15:44:40,675000,11.490
2026/04/29 15:44:40,676000,11.487
2026/04/29 15:44:40,677000,11.490
2026/04/29 15:44:40,678000,11.485
2026/04/29 15:44:40,679000,11.499
2026/04/29 15:44:40,680000,11.487
2026/04/29 15:44:40,681000,11.482
2026/04/29 15:44:40,682000,11.487
2026/04/29 15:44:40,683000,11.482
2026/04/29 15:44:40,684000,11.490
2026/04/29 15:44:40,685000,11.487
2026/04/29 15:44:40,686000,11.485
2026/04/29 15:44:40,687000,11.479
2026/04/29 15:44:40,688000,11.485
2026/04/29 15:44:40,689000,11.487
2026/04/29 15:44:40,690000,11.482
2026/04/29 15:44:40,691000,11.485
2026/04/29 15:44:40,692000,11.482
2026/04/29 15:44:40,693000,11.490
2026/04/29 15:44:40,694000,11.487
2026/04/29 15:44:40,695000,11.485
2026/04/29 15:44:40,696000,11.485
2026/04/29 15:44:40,697000,11.490
2026/04/29 15:44:40,698000,11.485
2026/04/29 15:44:40,699000,11.487
2026/04/29 15:44:40,700000,11.487
2026/04/29 15:44:40,701000,11.487
2026/04/29 15:44:40,702000,11.479
2026/04/29 15:44:40,703000,11.482
2026/04/29 15:44:40,704000,11.485
2026/04/29 15:44:40,705000,11.482
2026/04/29 15:44:40,706000,11.487
2026/04/29 15:44:40,707000,11.485
2026/04/29 15:44:40,708000,11.487
2026/04/29 15:44:40,709000,11.482
2026/04/29 15:44:40,710000,11.482
2026/04/29 15:44:40,711000,11.485
2026/04/29 15:44:40,712000,11.482
2026/04/29 15:44:40,713000,11.490
2026/04/29 15:44:40,714000,11.482
2026/04/29 15:44:40,715000,11.485
2026/04/29 15:44:40,716000,11.487
2026/04/29 15:44:40,717000,11.485
2026/04/29 15:44:40,718000,11.490
2026/04/29 15:44:40,719000,11.485
2026/04/29 15:44:40,720000,11.487
2026/04/29 15:44:40,721000,11.493
2026/04/29 15:44:40,722000,11.485
2026/04/29 15:44:40,723000,11.482
2026/04/29 15:44:40,724000,11.487
2026/04/29 15:44:40,725000,11.485
2026/04/29 15:44:40,726000,11.479
2026/04/29 15:44:40,727000,11.482
2026/04/29 15:44:40,728000,11.479
2026/04/29 15:44:40,729000,11.485
2026/04/29 15:44:40,730000,11.487
2026/04/29 15:44:40,731000,11.485
2026/04/29 15:44:40,732000,11.482
2026/04/29 15:44:40,733000,11.485
2026/04/29 15:44:40,734000,11.482
2026/04/29 15:44:40,735000,11.482
2026/04/29 15:44:40,736000,11.485
2026/04/29 15:44:40,737000,11.479
2026/04/29 15:44:40,738000,11.482
2026/04/29 15:44:40,739000,11.485
2026/04/29 15:44:40,740000,11.485
2026/04/29 15:44:40,741000,11.487
2026/04/29 15:44:40,742000,11.485
2026/04/29 15:44:40,743000,11.479
2026/04/29 15:44:40,744000,11.482
2026/04/29 15:44:40,745000,11.490
2026/04/29 15:44:40,746000,11.487
2026/04/29 15:44:40,747000,11.493
2026/04/29 15:44:40,748000,11.487
2026/04/29 15:44:40,749000,11.482
2026/04/29 15:44:40,750000,11.485
2026/04/29 15:44:40,751000,11.487
2026/04/29 15:44:40,752000,11.487
2026/04/29 15:44:40,753000,11.482
2026/04/29 15:44:40,754000,11.485
2026/04/29 15:44:40,755000,11.490
2026/04/29 15:44:40,756000,11.487
2026/04/29 15:44:40,757000,11.482
2026/04/29 15:44:40,758000,11.485
2026/04/29 15:44:40,759000,11.485
2026/04/29 15:44:40,760000,11.490
2026/04/29 15:44:40,761000,11.487
2026/04/29 15:44:40,762000,11.482
2026/04/29 15:44:40,763000,11.482
2026/04/29 15:44:40,764000,11.485
2026/04/29 15:44:40,765000,11.485
2026/04/29 15:44:40,766000,11.485
2026/04/29 15:44:40,767000,11.479
2026/04/29 15:44:40,768000,11.487
2026/04/29 15:44:40,769000,11.487
2026/04/29 15:44:40,770000,11.485
2026/04/29 15:44:40,771000,11.479
2026/04/29 15:44:40,772000,11.490
2026/04/29 15:44:40,773000,11.487
2026/04/29 15:44:40,774000,11.485
2026/04/29 15:44:40,775000,11.487
2026/04/29 15:44:40,776000,11.485
2026/04/29 15:44:40,777000,11.487
2026/04/29 15:44:40,778000,11.485
2026/04/29 15:44:40,779000,11.490
2026/04/29 15:44:40,780000,11.487
2026/04/29 15:44:40,781000,11.482
2026/04/29 15:44:40,782000,11.482
2026/04/29 15:44:40,783000,11.485
2026/04/29 15:44:40,784000,11.490
2026/04/29 15:44:40,785000,11.485
2026/04/29 15:44:40,786000,11.485
2026/04/29 15:44:40,787000,11.485
2026/04/29 15:44:40,788000,11.482
2026/04/29 15:44:40,789000,11.485
2026/04/29 15:44:40,790000,11.482
2026/04/29 15:44:40,791000,11.485
2026/04/29 15:44:40,792000,11.487
2026/04/29 15:44:40,793000,11.487
2026/04/29 15:44:40,794000,11.487
2026/04/29 15:44:40,795000,11.487
2026/04/29 15:44:40,796000,11.482
2026/04/29 15:44:40,797000,11.485
2026/04/29 15:44:40,798000,11.485
2026/04/29 15:44:40,799000,11.485
2026/04/29 15:44:40,800000,11.485
2026/04/29 15:44:40,801000,11.482
2026/04/29 15:44:40,802000,11.482
2026/04/29 15:44:40,803000,11.485
2026/04/29 15:44:40,804000,11.485
2026/04/29 15:44:40,805000,11.487
2026/04/29 15:44:40,806000,11.479
2026/04/29 15:44:40,807000,11.485
2026/04/29 15:44:40,808000,11.485
2026/04/29 15:44:40,809000,11.479
2026/04/29 15:44:40,810000,11.485
2026/04/29 15:44:40,811000,11.490
2026/04/29 15:44:40,812000,11.485
2026/04/29 15:44:40,813000,11.490
2026/04/29 15:44:40,814000,11.487
2026/04/29 15:44:40,815000,11.490
2026/04/29 15:44:40,816000,11.482
2026/04/29 15:44:40,817000,11.487
2026/04/29 15:44:40,818000,11.490
2026/04/29 15:44:40,819000,11.482
2026/04/29 15:44:40,820000,11.479
2026/04/29 15:44:40,821000,11.482
2026/04/29 15:44:40,822000,11.482
2026/04/29 15:44:40,823000,11.487
2026/04/29 15:44:40,824000,11.485
2026/04/29 15:44:40,825000,11.482
2026/04/29 15:44:40,826000,11.485
2026/04/29 15:44:40,827000,11.487
2026/04/29 15:44:40,828000,11.482
2026/04/29 15:44:40,829000,11.487
2026/04/29 15:44:40,830000,11.487
2026/04/29 15:44:40,831000,11.485
2026/04/29 15:44:40,832000,11.485
2026/04/29 15:44:40,833000,11.487
2026/04/29 15:44:40,834000,11.479
2026/04/29 15:44:40,835000,11.482
2026/04/29 15:44:40,836000,11.485
2026/04/29 15:44:40,837000,11.487
2026/04/29 15:44:40,838000,11.487
2026/04/29 15:44:40,839000,11.487
2026/04/29 15:44:40,840000,11.485
2026/04/29 15:44:40,841000,11.487
2026/04/29 15:44:40,842000,11.482
2026/04/29 15:44:40,843000,11.482
2026/04/29 15:44:40,844000,11.479
2026/04/29 15:44:40,845000,11.487
2026/04/29 15:44:40,846000,11.482
2026/04/29 15:44:40,847000,11.487
2026/04/29 15:44:40,848000,11.490
2026/04/29 15:44:40,849000,11.482
2026/04/29 15:44:40,850000,11.479
2026/04/29 15:44:40,851000,11.487
2026/04/29 15:44:40,852000,11.485
2026/04/29 15:44:40,853000,11.482
2026/04/29 15:44:40,854000,11.485
2026/04/29 15:44:40,855000,11.487
2026/04/29 15:44:40,856000,11.487
2026/04/29 15:44:40,857000,11.487
2026/04/29 15:44:40,858000,11.487
2026/04/29 15:44:40,859000,11.490
2026/04/29 15:44:40,860000,11.490
2026/04/29 15:44:40,861000,11.482
2026/04/29 15:44:40,862000,11.487
2026/04/29 15:44:40,863000,11.482
2026/04/29 15:44:40,864000,11.485
2026/04/29 15:44:40,865000,11.482
2026/04/29 15:44:40,866000,11.485
2026/04/29 15:44:40,867000,11.485
2026/04/29 15:44:40,868000,11.485
2026/04/29 15:44:40,869000,11.482
2026/04/29 15:44:40,870000,11.485
2026/04/29 15:44:40,871000,11.482
2026/04/29 15:44:40,872000,11.482
2026/04/29 15:44:40,873000,11.482
2026/04/29 15:44:40,874000,11.487
2026/04/29 15:44:40,875000,11.479
2026/04/29 15:44:40,876000,11.485
2026/04/29 15:44:40,877000,11.482
2026/04/29 15:44:40,878000,11.482
2026/04/29 15:44:40,879000,11.482
2026/04/29 15:44:40,880000,11.485
2026/04/29 15:44:40,881000,11.482
2026/04/29 15:44:40,882000,11.487
2026/04/29 15:44:40,883000,11.482
2026/04/29 15:44:40,884000,11.479
2026/04/29 15:44:40,885000,11.485
2026/04/29 15:44:40,886000,11.482
2026/04/29 15:44:40,887000,11.485
2026/04/29 15:44:40,888000,11.482
2026/04/29 15:44:40,889000,11.479
2026/04/29 15:44:40,890000,11.482
2026/04/29 15:44:40,891000,11.485
2026/04/29 15:44:40,892000,11.482
2026/04/29 15:44:40,893000,11.473
2026/04/29 15:44:40,894000,11.482
2026/04/29 15:44:40,895000,11.487
2026/04/29 15:44:40,896000,11.482
2026/04/29 15:44:40,897000,11.487
2026/04/29 15:44:40,898000,11.485
2026/04/29 15:44:40,899000,11.485
2026/04/29 15:44:40,900000,11.487
2026/04/29 15:44:40,901000,11.487
2026/04/29 15:44:40,902000,11.482
2026/04/29 15:44:40,903000,11.485
2026/04/29 15:44:40,904000,11.479
2026/04/29 15:44:40,905000,11.485
2026/04/29 15:44:40,906000,11.482
2026/04/29 15:44:40,907000,11.487
2026/04/29 15:44:40,908000,11.485
2026/04/29 15:44:40,909000,11.482
2026/04/29 15:44:40,910000,11.482
2026/04/29 15:44:40,911000,11.485
2026/04/29 15:44:40,912000,11.485
2026/04/29 15:44:40,913000,11.485
2026/04/29 15:44:40,914000,11.482
2026/04/29 15:44:40,915000,11.482
2026/04/29 15:44:40,916000,11.485
2026/04/29 15:44:40,917000,11.487
2026/04/29 15:44:40,918000,11.485
2026/04/29 15:44:40,919000,11.485
2026/04/29 15:44:40,920000,11.482
2026/04/29 15:44:40,921000,11.487
2026/04/29 15:44:40,922000,11.482
2026/04/29 15:44:40,923000,11.485
2026/04/29 15:44:40,924000,11.485
2026/04/29 15:44:40,925000,11.476
2026/04/29 15:44:40,926000,11.476
2026/04/29 15:44:40,927000,11.479
2026/04/29 15:44:40,928000,11.482
2026/04/29 15:44:40,929000,11.482
2026/04/29 15:44:40,930000,11.479
2026/04/29 15:44:40,931000,11.485
2026/04/29 15:44:40,932000,11.482
2026/04/29 15:44:40,933000,11.485
2026/04/29 15:44:40,934000,11.482
2026/04/29 15:44:40,935000,11.482
2026/04/29 15:44:40,936000,11.479
2026/04/29 15:44:40,937000,11.482
2026/04/29 15:44:40,938000,11.487
2026/04/29 15:44:40,939000,11.485
2026/04/29 15:44:40,940000,11.482
2026/04/29 15:44:40,941000,11.482
2026/04/29 15:44:40,942000,11.482
2026/04/29 15:44:40,943000,11.487
2026/04/29 15:44:40,944000,11.485
2026/04/29 15:44:40,945000,11.487
2026/04/29 15:44:40,946000,11.490
2026/04/29 15:44:40,947000,11.476
2026/04/29 15:44:40,948000,11.482
2026/04/29 15:44:40,949000,11.479
2026/04/29 15:44:40,950000,11.482
2026/04/29 15:44:40,951000,11.487
2026/04/29 15:44:40,952000,11.487
2026/04/29 15:44:40,953000,11.482
2026/04/29 15:44:40,954000,11.485
2026/04/29 15:44:40,955000,11.485
2026/04/29 15:44:40,956000,11.482
2026/04/29 15:44:40,957000,11.485
2026/04/29 15:44:40,958000,11.485
2026/04/29 15:44:40,959000,11.482
2026/04/29 15:44:40,960000,11.487
2026/04/29 15:44:40,961000,11.485
2026/04/29 15:44:40,962000,11.482
2026/04/29 15:44:40,963000,11.479
2026/04/29 15:44:40,964000,11.487
2026/04/29 15:44:40,965000,11.490
2026/04/29 15:44:40,966000,11.487
2026/04/29 15:44:40,967000,11.482
2026/04/29 15:44:40,968000,11.487
2026/04/29 15:44:40,969000,11.487
2026/04/29 15:44:40,970000,11.487
2026/04/29 15:44:40,971000,11.482
2026/04/29 15:44:40,972000,11.479
2026/04/29 15:44:40,973000,11.490
2026/04/29 15:44:40,974000,11.479
2026/04/29 15:44:40,975000,11.485
2026/04/29 15:44:40,976000,11.487
2026/04/29 15:44:40,977000,11.482
2026/04/29 15:44:40,978000,11.482
2026/04/29 15:44:40,979000,11.485
2026/04/29 15:44:40,980000,11.482
2026/04/29 15:44:40,981000,11.482
2026/04/29 15:44:40,982000,11.487
2026/04/29 15:44:40,983000,11.482
2026/04/29 15:44:40,984000,11.485
2026/04/29 15:44:40,985000,11.485
2026/04/29 15:44:40,986000,11.479
2026/04/29 15:44:40,987000,11.487
2026/04/29 15:44:40,988000,11.482
2026/04/29 15:44:40,989000,11.485
2026/04/29 15:44:40,990000,11.482
2026/04/29 15:44:40,991000,11.501
2026/04/29 15:44:40,992000,11.485
2026/04/29 15:44:40,993000,11.485
2026/04/29 15:44:40,994000,11.482
2026/04/29 15:44:40,995000,11.482
2026/04/29 15:44:40,996000,11.479
2026/04/29 15:44:40,997000,11.479
2026/04/29 15:44:40,998000,11.479
2026/04/29 15:44:40,999000,11.482
2026/04/29 15:44:41,000000,11.482
2026/04/29 15:44:41,001000,11.485
2026/04/29 15:44:41,002000,11.487
2026/04/29 15:44:41,003000,11.482
2026/04/29 15:44:41,004000,11.482
2026/04/29 15:44:41,005000,11.487
2026/04/29 15:44:41,006000,11.487
2026/04/29 15:44:41,007000,11.487
2026/04/29 15:44:41,008000,11.482
2026/04/29 15:44:41,009000,11.479
2026/04/29 15:44:41,010000,11.487
2026/04/29 15:44:41,011000,11.482
2026/04/29 15:44:41,012000,11.485
2026/04/29 15:44:41,013000,11.479
2026/04/29 15:44:41,014000,11.482
2026/04/29 15:44:41,015000,11.482
2026/04/29 15:44:41,016000,11.487
2026/04/29 15:44:41,017000,11.490
2026/04/29 15:44:41,018000,11.487
2026/04/29 15:44:41,019000,11.487
2026/04/29 15:44:41,020000,11.490
2026/04/29 15:44:41,021000,11.479
2026/04/29 15:44:41,022000,11.482
2026/04/29 15:44:41,023000,11.487
2026/04/29 15:44:41,024000,11.485
2026/04/29 15:44:41,025000,11.485
2026/04/29 15:44:41,026000,11.487
2026/04/29 15:44:41,027000,11.482
2026/04/29 15:44:41,028000,11.482
2026/04/29 15:44:41,029000,11.482
2026/04/29 15:44:41,030000,11.479
2026/04/29 15:44:41,031000,11.487
2026/04/29 15:44:41,032000,11.485
2026/04/29 15:44:41,033000,11.482
2026/04/29 15:44:41,034000,11.479
2026/04/29 15:44:41,035000,11.485
2026/04/29 15:44:41,036000,11.490
2026/04/29 15:44:41,037000,11.487
2026/04/29 15:44:41,038000,11.479
2026/04/29 15:44:41,039000,11.487
2026/04/29 15:44:41,040000,11.490
2026/04/29 15:44:41,041000,11.485
2026/04/29 15:44:41,042000,11.482
2026/04/29 15:44:41,043000,11.482
2026/04/29 15:44:41,044000,11.485
2026/04/29 15:44:41,045000,11.490
2026/04/29 15:44:41,046000,11.487
2026/04/29 15:44:41,047000,11.482
2026/04/29 15:44:41,048000,11.482
2026/04/29 15:44:41,049000,11.482
2026/04/29 15:44:41,050000,11.485
2026/04/29 15:44:41,051000,11.482
2026/04/29 15:44:41,052000,11.479
2026/04/29 15:44:41,053000,11.482
2026/04/29 15:44:41,054000,11.482
2026/04/29 15:44:41,055000,11.487
2026/04/29 15:44:41,056000,11.490
2026/04/29 15:44:41,057000,11.482
2026/04/29 15:44:41,058000,11.485
2026/04/29 15:44:41,059000,11.482
2026/04/29 15:44:41,060000,11.482
2026/04/29 15:44:41,061000,11.487
2026/04/29 15:44:41,062000,11.482
2026/04/29 15:44:41,063000,11.490
2026/04/29 15:44:41,064000,11.487
2026/04/29 15:44:41,065000,11.485
2026/04/29 15:44:41,066000,11.485
2026/04/29 15:44:41,067000,11.482
2026/04/29 15:44:41,068000,11.490
2026/04/29 15:44:41,069000,11.479
2026/04/29 15:44:41,070000,11.482
2026/04/29 15:44:41,071000,11.487
2026/04/29 15:44:41,072000,11.485
2026/04/29 15:44:41,073000,11.485
2026/04/29 15:44:41,074000,11.493
2026/04/29 15:44:41,075000,11.482
2026/04/29 15:44:41,076000,11.485
2026/04/29 15:44:41,077000,11.490
2026/04/29 15:44:41,078000,11.482
2026/04/29 15:44:41,079000,11.487
2026/04/29 15:44:41,080000,11.487
2026/04/29 15:44:41,081000,11.482
2026/04/29 15:44:41,082000,11.487
2026/04/29 15:44:41,083000,11.487
2026/04/29 15:44:41,084000,11.485
2026/04/29 15:44:41,085000,11.482
2026/04/29 15:44:41,086000,11.485
2026/04/29 15:44:41,087000,11.490
2026/04/29 15:44:41,088000,11.485
2026/04/29 15:44:41,089000,11.482
2026/04/29 15:44:41,090000,11.485
2026/04/29 15:44:41,091000,11.487
2026/04/29 15:44:41,092000,11.482
2026/04/29 15:44:41,093000,11.485
2026/04/29 15:44:41,094000,11.499
2026/04/29 15:44:41,095000,11.479
2026/04/29 15:44:41,096000,11.485
2026/04/29 15:44:41,097000,11.485
2026/04/29 15:44:41,098000,11.490
2026/04/29 15:44:41,099000,11.487
2026/04/29 15:44:41,100000,11.479
2026/04/29 15:44:41,101000,11.487
2026/04/29 15:44:41,102000,11.485
2026/04/29 15:44:41,103000,11.479
2026/04/29 15:44:41,104000,11.487
2026/04/29 15:44:41,105000,11.479
2026/04/29 15:44:41,106000,11.485
2026/04/29 15:44:41,107000,11.485
2026/04/29 15:44:41,108000,11.487
2026/04/29 15:44:41,109000,11.485
2026/04/29 15:44:41,110000,11.482
2026/04/29 15:44:41,111000,11.487
2026/04/29 15:44:41,112000,11.485
2026/04/29 15:44:41,113000,11.487
2026/04/29 15:44:41,114000,11.479
2026/04/29 15:44:41,115000,11.485
2026/04/29 15:44:41,116000,11.485
2026/04/29 15:44:41,117000,11.482
2026/04/29 15:44:41,118000,11.482
2026/04/29 15:44:41,119000,11.482
2026/04/29 15:44:41,120000,11.485
2026/04/29 15:44:41,121000,11.482
2026/04/29 15:44:41,122000,11.487
2026/04/29 15:44:41,123000,11.490
2026/04/29 15:44:41,124000,11.490
2026/04/29 15:44:41,125000,11.479
2026/04/29 15:44:41,126000,11.482
2026/04/29 15:44:41,127000,11.490
2026/04/29 15:44:41,128000,11.485
2026/04/29 15:44:41,129000,11.487
2026/04/29 15:44:41,130000,11.482
2026/04/29 15:44:41,131000,11.482
2026/04/29 15:44:41,132000,11.471
2026/04/29 15:44:41,133000,11.487
2026/04/29 15:44:41,134000,11.487
2026/04/29 15:44:41,135000,11.485
2026/04/29 15:44:41,136000,11.482
2026/04/29 15:44:41,137000,11.485
2026/04/29 15:44:41,138000,11.487
2026/04/29 15:44:41,139000,11.482
2026/04/29 15:44:41,140000,11.487
2026/04/29 15:44:41,141000,11.490
2026/04/29 15:44:41,142000,11.487
2026/04/29 15:44:41,143000,11.485
2026/04/29 15:44:41,144000,11.473
2026/04/29 15:44:41,145000,11.485
2026/04/29 15:44:41,146000,11.485
2026/04/29 15:44:41,147000,11.487
2026/04/29 15:44:41,148000,11.485
2026/04/29 15:44:41,149000,11.485
2026/04/29 15:44:41,150000,11.485
2026/04/29 15:44:41,151000,11.482
2026/04/29 15:44:41,152000,11.487
2026/04/29 15:44:41,153000,11.482
2026/04/29 15:44:41,154000,11.485
2026/04/29 15:44:41,155000,11.482
2026/04/29 15:44:41,156000,11.482
2026/04/29 15:44:41,157000,11.487
2026/04/29 15:44:41,158000,11.485
2026/04/29 15:44:41,159000,11.487
2026/04/29 15:44:41,160000,11.482
2026/04/29 15:44:41,161000,11.487
2026/04/29 15:44:41,162000,11.493
2026/04/29 15:44:41,163000,11.485
2026/04/29 15:44:41,164000,11.485
2026/04/29 15:44:41,165000,11.482
2026/04/29 15:44:41,166000,11.487
2026/04/29 15:44:41,167000,11.479
2026/04/29 15:44:41,168000,11.485
2026/04/29 15:44:41,169000,11.487
2026/04/29 15:44:41,170000,11.487
2026/04/29 15:44:41,171000,11.490
2026/04/29 15:44:41,172000,11.485
2026/04/29 15:44:41,173000,11.485
2026/04/29 15:44:41,174000,11.485
2026/04/29 15:44:41,175000,11.490
2026/04/29 15:44:41,176000,11.482
2026/04/29 15:44:41,177000,11.490
2026/04/29 15:44:41,178000,11.485
2026/04/29 15:44:41,179000,11.487
2026/04/29 15:44:41,180000,11.487
2026/04/29 15:44:41,181000,11.485
2026/04/29 15:44:41,182000,11.487
2026/04/29 15:44:41,183000,11.482
2026/04/29 15:44:41,184000,11.487
2026/04/29 15:44:41,185000,11.487
2026/04/29 15:44:41,186000,11.487
2026/04/29 15:44:41,187000,11.487
2026/04/29 15:44:41,188000,11.490
2026/04/29 15:44:41,189000,11.487
2026/04/29 15:44:41,190000,11.479
2026/04/29 15:44:41,191000,11.482
2026/04/29 15:44:41,192000,11.482
2026/04/29 15:44:41,193000,11.485
2026/04/29 15:44:41,194000,11.482
2026/04/29 15:44:41,195000,11.485
2026/04/29 15:44:41,196000,11.487
2026/04/29 15:44:41,197000,11.487
2026/04/29 15:44:41,198000,11.487
2026/04/29 15:44:41,199000,11.485
2026/04/29 15:44:41,200000,11.487
2026/04/29 15:44:41,201000,11.487
2026/04/29 15:44:41,202000,11.487
2026/04/29 15:44:41,203000,11.485
2026/04/29 15:44:41,204000,11.487
2026/04/29 15:44:41,205000,11.482
2026/04/29 15:44:41,206000,11.485
2026/04/29 15:44:41,207000,11.487
2026/04/29 15:44:41,208000,11.482
2026/04/29 15:44:41,209000,11.482
2026/04/29 15:44:41,210000,11.485
2026/04/29 15:44:41,211000,11.482
2026/04/29 15:44:41,212000,11.487
2026/04/29 15:44:41,213000,11.482
2026/04/29 15:44:41,214000,11.482
2026/04/29 15:44:41,215000,11.485
2026/04/29 15:44:41,216000,11.487
2026/04/29 15:44:41,217000,11.485
2026/04/29 15:44:41,218000,11.487
2026/04/29 15:44:41,219000,11.485
2026/04/29 15:44:41,220000,11.485
2026/04/29 15:44:41,221000,11.479
2026/04/29 15:44:41,222000,11.485
2026/04/29 15:44:41,223000,11.490
2026/04/29 15:44:41,224000,11.490
2026/04/29 15:44:41,225000,11.487
2026/04/29 15:44:41,226000,11.487
2026/04/29 15:44:41,227000,11.490
2026/04/29 15:44:41,228000,11.479
2026/04/29 15:44:41,229000,11.487
2026/04/29 15:44:41,230000,11.485
2026/04/29 15:44:41,231000,11.485
2026/04/29 15:44:41,232000,11.482
2026/04/29 15:44:41,233000,11.485
2026/04/29 15:44:41,234000,11.482
2026/04/29 15:44:41,235000,11.487
2026/04/29 15:44:41,236000,11.487
2026/04/29 15:44:41,237000,11.482
2026/04/29 15:44:41,238000,11.485
2026/04/29 15:44:41,239000,11.493
2026/04/29 15:44:41,240000,11.485
2026/04/29 15:44:41,241000,11.487
2026/04/29 15:44:41,242000,11.493
2026/04/29 15:44:41,243000,11.487
2026/04/29 15:44:41,244000,11.490
2026/04/29 15:44:41,245000,11.485
2026/04/29 15:44:41,246000,11.485
2026/04/29 15:44:41,247000,11.487
2026/04/29 15:44:41,248000,11.485
2026/04/29 15:44:41,249000,11.490
2026/04/29 15:44:41,250000,11.485
2026/04/29 15:44:41,251000,11.485
2026/04/29 15:44:41,252000,11.482
2026/04/29 15:44:41,253000,11.490
2026/04/29 15:44:41,254000,11.490
2026/04/29 15:44:41,255000,11.490
2026/04/29 15:44:41,256000,11.493
2026/04/29 15:44:41,257000,11.490
2026/04/29 15:44:41,258000,11.485
2026/04/29 15:44:41,259000,11.479
2026/04/29 15:44:41,260000,11.485
2026/04/29 15:44:41,261000,11.485
2026/04/29 15:44:41,262000,11.490
2026/04/29 15:44:41,263000,11.490
2026/04/29 15:44:41,264000,11.482
2026/04/29 15:44:41,265000,11.479
2026/04/29 15:44:41,266000,11.490
2026/04/29 15:44:41,267000,11.485
2026/04/29 15:44:41,268000,11.485
2026/04/29 15:44:41,269000,11.490
2026/04/29 15:44:41,270000,11.482
2026/04/29 15:44:41,271000,11.485
2026/04/29 15:44:41,272000,11.487
2026/04/29 15:44:41,273000,11.485
2026/04/29 15:44:41,274000,11.490
2026/04/29 15:44:41,275000,11.482
2026/04/29 15:44:41,276000,11.485
2026/04/29 15:44:41,277000,11.485
2026/04/29 15:44:41,278000,11.490
2026/04/29 15:44:41,279000,11.490
2026/04/29 15:44:41,280000,11.482
2026/04/29 15:44:41,281000,11.487
2026/04/29 15:44:41,282000,11.487
2026/04/29 15:44:41,283000,11.485
2026/04/29 15:44:41,284000,11.482
2026/04/29 15:44:41,285000,11.487
2026/04/29 15:44:41,286000,11.490
2026/04/29 15:44:41,287000,11.487
2026/04/29 15:44:41,288000,11.485
2026/04/29 15:44:41,289000,11.487
2026/04/29 15:44:41,290000,11.485
2026/04/29 15:44:41,291000,11.485
2026/04/29 15:44:41,292000,11.487
2026/04/29 15:44:41,293000,11.485
2026/04/29 15:44:41,294000,11.482
2026/04/29 15:44:41,295000,11.487
2026/04/29 15:44:41,296000,11.485
2026/04/29 15:44:41,297000,11.487
2026/04/29 15:44:41,298000,11.487
2026/04/29 15:44:41,299000,11.485
2026/04/29 15:44:41,300000,11.490
2026/04/29 15:44:41,301000,11.485
2026/04/29 15:44:41,302000,11.482
2026/04/29 15:44:41,303000,11.485
2026/04/29 15:44:41,304000,11.485
2026/04/29 15:44:41,305000,11.485
2026/04/29 15:44:41,306000,11.482
2026/04/29 15:44:41,307000,11.482
2026/04/29 15:44:41,308000,11.490
2026/04/29 15:44:41,309000,11.487
2026/04/29 15:44:41,310000,11.482
2026/04/29 15:44:41,311000,11.487
2026/04/29 15:44:41,312000,11.485
2026/04/29 15:44:41,313000,11.493
2026/04/29 15:44:41,314000,11.487
2026/04/29 15:44:41,315000,11.487
2026/04/29 15:44:41,316000,11.487
2026/04/29 15:44:41,317000,11.487
2026/04/29 15:44:41,318000,11.487
2026/04/29 15:44:41,319000,11.490
2026/04/29 15:44:41,320000,11.479
2026/04/29 15:44:41,321000,11.487
2026/04/29 15:44:41,322000,11.482
2026/04/29 15:44:41,323000,11.487
2026/04/29 15:44:41,324000,11.482
2026/04/29 15:44:41,325000,11.487
2026/04/29 15:44:41,326000,11.482
2026/04/29 15:44:41,327000,11.482
2026/04/29 15:44:41,328000,11.485
2026/04/29 15:44:41,329000,11.487
2026/04/29 15:44:41,330000,11.485
2026/04/29 15:44:41,331000,11.493
2026/04/29 15:44:41,332000,11.487
2026/04/29 15:44:41,333000,11.487
2026/04/29 15:44:41,334000,11.482
2026/04/29 15:44:41,335000,11.485
2026/04/29 15:44:41,336000,11.487
2026/04/29 15:44:41,337000,11.482
2026/04/29 15:44:41,338000,11.485
2026/04/29 15:44:41,339000,11.485
2026/04/29 15:44:41,340000,11.487
2026/04/29 15:44:41,341000,11.487
2026/04/29 15:44:41,342000,11.487
2026/04/29 15:44:41,343000,11.485
2026/04/29 15:44:41,344000,11.487
2026/04/29 15:44:41,345000,11.485
2026/04/29 15:44:41,346000,11.482
2026/04/29 15:44:41,347000,11.482
2026/04/29 15:44:41,348000,11.487
2026/04/29 15:44:41,349000,11.485
2026/04/29 15:44:41,350000,11.485
2026/04/29 15:44:41,351000,11.487
2026/04/29 15:44:41,352000,11.487
2026/04/29 15:44:41,353000,11.485
2026/04/29 15:44:41,354000,11.485
2026/04/29 15:44:41,355000,11.482
2026/04/29 15:44:41,356000,11.482
2026/04/29 15:44:41,357000,11.485
2026/04/29 15:44:41,358000,11.479
2026/04/29 15:44:41,359000,11.487
2026/04/29 15:44:41,360000,11.487
2026/04/29 15:44:41,361000,11.487
2026/04/29 15:44:41,362000,11.482
2026/04/29 15:44:41,363000,11.479
2026/04/29 15:44:41,364000,11.487
2026/04/29 15:44:41,365000,11.482
2026/04/29 15:44:41,366000,11.485
2026/04/29 15:44:41,367000,11.487
2026/04/29 15:44:41,368000,11.479
2026/04/29 15:44:41,369000,11.487
2026/04/29 15:44:41,370000,11.482
2026/04/29 15:44:41,371000,11.485
2026/04/29 15:44:41,372000,11.482
2026/04/29 15:44:41,373000,11.482
2026/04/29 15:44:41,374000,11.482
2026/04/29 15:44:41,375000,11.485
2026/04/29 15:44:41,376000,11.487
2026/04/29 15:44:41,377000,11.485
2026/04/29 15:44:41,378000,11.487
2026/04/29 15:44:41,379000,11.482
2026/04/29 15:44:41,380000,11.487
2026/04/29 15:44:41,381000,11.479
2026/04/29 15:44:41,382000,11.476
2026/04/29 15:44:41,383000,11.485
2026/04/29 15:44:41,384000,11.482
2026/04/29 15:44:41,385000,11.482
2026/04/29 15:44:41,386000,11.485
2026/04/29 15:44:41,387000,11.482
2026/04/29 15:44:41,388000,11.485
2026/04/29 15:44:41,389000,11.487
2026/04/29 15:44:41,390000,11.482
2026/04/29 15:44:41,391000,11.485
2026/04/29 15:44:41,392000,11.485
2026/04/29 15:44:41,393000,11.501
2026/04/29 15:44:41,394000,11.482
2026/04/29 15:44:41,395000,11.485
2026/04/29 15:44:41,396000,11.482
2026/04/29 15:44:41,397000,11.485
2026/04/29 15:44:41,398000,11.485
2026/04/29 15:44:41,399000,11.479
2026/04/29 15:44:41,400000,11.482
2026/04/29 15:44:41,401000,11.482
2026/04/29 15:44:41,402000,11.487
2026/04/29 15:44:41,403000,11.485
2026/04/29 15:44:41,404000,11.482
2026/04/29 15:44:41,405000,11.479
2026/04/29 15:44:41,406000,11.485
2026/04/29 15:44:41,407000,11.482
2026/04/29 15:44:41,408000,11.485
2026/04/29 15:44:41,409000,11.482
2026/04/29 15:44:41,410000,11.485
2026/04/29 15:44:41,411000,11.485
2026/04/29 15:44:41,412000,11.482
2026/04/29 15:44:41,413000,11.490
2026/04/29 15:44:41,414000,11.487
2026/04/29 15:44:41,415000,11.487
2026/04/29 15:44:41,416000,11.482
2026/04/29 15:44:41,417000,11.485
2026/04/29 15:44:41,418000,11.487
2026/04/29 15:44:41,419000,11.485
2026/04/29 15:44:41,420000,11.485
2026/04/29 15:44:41,421000,11.485
2026/04/29 15:44:41,422000,11.485
2026/04/29 15:44:41,423000,11.485
2026/04/29 15:44:41,424000,11.485
2026/04/29 15:44:41,425000,11.482
2026/04/29 15:44:41,426000,11.487
2026/04/29 15:44:41,427000,11.485
2026/04/29 15:44:41,428000,11.476
2026/04/29 15:44:41,429000,11.482
2026/04/29 15:44:41,430000,11.490
2026/04/29 15:44:41,431000,11.479
2026/04/29 15:44:41,432000,11.487
2026/04/29 15:44:41,433000,11.482
2026/04/29 15:44:41,434000,11.482
2026/04/29 15:44:41,435000,11.485
2026/04/29 15:44:41,436000,11.487
2026/04/29 15:44:41,437000,11.485
2026/04/29 15:44:41,438000,11.482
2026/04/29 15:44:41,439000,11.485
2026/04/29 15:44:41,440000,11.487
2026/04/29 15:44:41,441000,11.493
2026/04/29 15:44:41,442000,11.485
2026/04/29 15:44:41,443000,11.482
2026/04/29 15:44:41,444000,11.482
2026/04/29 15:44:41,445000,11.487
2026/04/29 15:44:41,446000,11.479
2026/04/29 15:44:41,447000,11.482
2026/04/29 15:44:41,448000,11.485
2026/04/29 15:44:41,449000,11.482
2026/04/29 15:44:41,450000,11.482
2026/04/29 15:44:41,451000,11.479
2026/04/29 15:44:41,452000,11.482
2026/04/29 15:44:41,453000,11.485
2026/04/29 15:44:41,454000,11.479
2026/04/29 15:44:41,455000,11.482
2026/04/29 15:44:41,456000,11.482
2026/04/29 15:44:41,457000,11.485
2026/04/29 15:44:41,458000,11.487
2026/04/29 15:44:41,459000,11.490
2026/04/29 15:44:41,460000,11.482
2026/04/29 15:44:41,461000,11.485
2026/04/29 15:44:41,462000,11.479
2026/04/29 15:44:41,463000,11.482
2026/04/29 15:44:41,464000,11.485
2026/04/29 15:44:41,465000,11.485
2026/04/29 15:44:41,466000,11.487
2026/04/29 15:44:41,467000,11.485
2026/04/29 15:44:41,468000,11.485
2026/04/29 15:44:41,469000,11.479
2026/04/29 15:44:41,470000,11.479
2026/04/29 15:44:41,471000,11.485
2026/04/29 15:44:41,472000,11.485
2026/04/29 15:44:41,473000,11.482
2026/04/29 15:44:41,474000,11.482
2026/04/29 15:44:41,475000,11.490
2026/04/29 15:44:41,476000,11.482
2026/04/29 15:44:41,477000,11.482
2026/04/29 15:44:41,478000,11.487
2026/04/29 15:44:41,479000,11.479
2026/04/29 15:44:41,480000,11.487
2026/04/29 15:44:41,481000,11.485
2026/04/29 15:44:41,482000,11.487
2026/04/29 15:44:41,483000,11.482
2026/04/29 15:44:41,484000,11.487
2026/04/29 15:44:41,485000,11.479
2026/04/29 15:44:41,486000,11.485
2026/04/29 15:44:41,487000,11.485
2026/04/29 15:44:41,488000,11.487
2026/04/29 15:44:41,489000,11.485
2026/04/29 15:44:41,490000,11.485
2026/04/29 15:44:41,491000,11.487
2026/04/29 15:44:41,492000,11.493
2026/04/29 15:44:41,493000,11.485
2026/04/29 15:44:41,494000,11.487
2026/04/29 15:44:41,495000,11.482
2026/04/29 15:44:41,496000,11.482
2026/04/29 15:44:41,497000,11.487
2026/04/29 15:44:41,498000,11.485
2026/04/29 15:44:41,499000,11.487
2026/04/29 15:44:41,500000,11.487
2026/04/29 15:44:41,501000,11.490
2026/04/29 15:44:41,502000,11.487
2026/04/29 15:44:41,503000,11.487
2026/04/29 15:44:41,504000,11.487
2026/04/29 15:44:41,505000,11.487
2026/04/29 15:44:41,506000,11.479
2026/04/29 15:44:41,507000,11.482
2026/04/29 15:44:41,508000,11.485
2026/04/29 15:44:41,509000,11.482
2026/04/29 15:44:41,510000,11.487
2026/04/29 15:44:41,511000,11.485
2026/04/29 15:44:41,512000,11.482
2026/04/29 15:44:41,513000,11.490
2026/04/29 15:44:41,514000,11.485
2026/04/29 15:44:41,515000,11.485
2026/04/29 15:44:41,516000,11.485
2026/04/29 15:44:41,517000,11.485
2026/04/29 15:44:41,518000,11.485
2026/04/29 15:44:41,519000,11.487
2026/04/29 15:44:41,520000,11.487
2026/04/29 15:44:41,521000,11.485
2026/04/29 15:44:41,522000,11.490
2026/04/29 15:44:41,523000,11.485
2026/04/29 15:44:41,524000,11.482
2026/04/29 15:44:41,525000,11.485
2026/04/29 15:44:41,526000,11.485
2026/04/29 15:44:41,527000,11.493
2026/04/29 15:44:41,528000,11.479
2026/04/29 15:44:41,529000,11.487
2026/04/29 15:44:41,530000,11.487
2026/04/29 15:44:41,531000,11.490
2026/04/29 15:44:41,532000,11.487
2026/04/29 15:44:41,533000,11.482
2026/04/29 15:44:41,534000,11.487
2026/04/29 15:44:41,535000,11.487
2026/04/29 15:44:41,536000,11.482
2026/04/29 15:44:41,537000,11.485
2026/04/29 15:44:41,538000,11.487
2026/04/29 15:44:41,539000,11.482
2026/04/29 15:44:41,540000,11.487
2026/04/29 15:44:41,541000,11.487
2026/04/29 15:44:41,542000,11.485
2026/04/29 15:44:41,543000,11.482
2026/04/29 15:44:41,544000,11.485
2026/04/29 15:44:41,545000,11.482
2026/04/29 15:44:41,546000,11.482
2026/04/29 15:44:41,547000,11.487
2026/04/29 15:44:41,548000,11.485
2026/04/29 15:44:41,549000,11.482
2026/04/29 15:44:41,550000,11.490
2026/04/29 15:44:41,551000,11.485
2026/04/29 15:44:41,552000,11.482
2026/04/29 15:44:41,553000,11.485
2026/04/29 15:44:41,554000,11.487
2026/04/29 15:44:41,555000,11.482
2026/04/29 15:44:41,556000,11.487
2026/04/29 15:44:41,557000,11.482
2026/04/29 15:44:41,558000,11.485
2026/04/29 15:44:41,559000,11.487
2026/04/29 15:44:41,560000,11.487
2026/04/29 15:44:41,561000,11.479
2026/04/29 15:44:41,562000,11.482
2026/04/29 15:44:41,563000,11.487
2026/04/29 15:44:41,564000,11.490
2026/04/29 15:44:41,565000,11.487
2026/04/29 15:44:41,566000,11.487
2026/04/29 15:44:41,567000,11.485
2026/04/29 15:44:41,568000,11.493
2026/04/29 15:44:41,569000,11.485
2026/04/29 15:44:41,570000,11.487
2026/04/29 15:44:41,571000,11.490
2026/04/29 15:44:41,572000,11.482
2026/04/29 15:44:41,573000,11.485
2026/04/29 15:44:41,574000,11.482
2026/04/29 15:44:41,575000,11.487
2026/04/29 15:44:41,576000,11.487
2026/04/29 15:44:41,577000,11.479
2026/04/29 15:44:41,578000,11.485
2026/04/29 15:44:41,579000,11.485
2026/04/29 15:44:41,580000,11.490
2026/04/29 15:44:41,581000,11.487
2026/04/29 15:44:41,582000,11.485
2026/04/29 15:44:41,583000,11.482
2026/04/29 15:44:41,584000,11.482
2026/04/29 15:44:41,585000,11.490
2026/04/29 15:44:41,586000,11.485
2026/04/29 15:44:41,587000,11.482
2026/04/29 15:44:41,588000,11.482
2026/04/29 15:44:41,589000,11.482
2026/04/29 15:44:41,590000,11.485
2026/04/29 15:44:41,591000,11.487
2026/04/29 15:44:41,592000,11.482
2026/04/29 15:44:41,593000,11.482
2026/04/29 15:44:41,594000,11.487
2026/04/29 15:44:41,595000,11.487
2026/04/29 15:44:41,596000,11.485
2026/04/29 15:44:41,597000,11.493
2026/04/29 15:44:41,598000,11.482
2026/04/29 15:44:41,599000,11.485
2026/04/29 15:44:41,600000,11.482
2026/04/29 15:44:41,601000,11.490
2026/04/29 15:44:41,602000,11.490
2026/04/29 15:44:41,603000,11.485
2026/04/29 15:44:41,604000,11.490
2026/04/29 15:44:41,605000,11.490
2026/04/29 15:44:41,606000,11.482
2026/04/29 15:44:41,607000,11.485
2026/04/29 15:44:41,608000,11.482
2026/04/29 15:44:41,609000,11.490
2026/04/29 15:44:41,610000,11.490
2026/04/29 15:44:41,611000,11.482
2026/04/29 15:44:41,612000,11.479
2026/04/29 15:44:41,613000,11.482
2026/04/29 15:44:41,614000,11.487
2026/04/29 15:44:41,615000,11.487
2026/04/29 15:44:41,616000,11.485
2026/04/29 15:44:41,617000,11.490
2026/04/29 15:44:41,618000,11.485
2026/04/29 15:44:41,619000,11.487
2026/04/29 15:44:41,620000,11.487
2026/04/29 15:44:41,621000,11.490
2026/04/29 15:44:41,622000,11.487
2026/04/29 15:44:41,623000,11.482
2026/04/29 15:44:41,624000,11.482
2026/04/29 15:44:41,625000,11.487
2026/04/29 15:44:41,626000,11.482
2026/04/29 15:44:41,627000,11.485
2026/04/29 15:44:41,628000,11.490
2026/04/29 15:44:41,629000,11.482
2026/04/29 15:44:41,630000,11.487
2026/04/29 15:44:41,631000,11.485
2026/04/29 15:44:41,632000,11.485
2026/04/29 15:44:41,633000,11.479
2026/04/29 15:44:41,634000,11.490
2026/04/29 15:44:41,635000,11.485
2026/04/29 15:44:41,636000,11.490
2026/04/29 15:44:41,637000,11.487
2026/04/29 15:44:41,638000,11.482
2026/04/29 15:44:41,639000,11.485
2026/04/29 15:44:41,640000,11.487
2026/04/29 15:44:41,641000,11.487
2026/04/29 15:44:41,642000,11.479
2026/04/29 15:44:41,643000,11.485
2026/04/29 15:44:41,644000,11.485
2026/04/29 15:44:41,645000,11.485
2026/04/29 15:44:41,646000,11.487
2026/04/29 15:44:41,647000,11.490
2026/04/29 15:44:41,648000,11.482
2026/04/29 15:44:41,649000,11.487
2026/04/29 15:44:41,650000,11.493
2026/04/29 15:44:41,651000,11.493
2026/04/29 15:44:41,652000,11.482
2026/04/29 15:44:41,653000,11.482
2026/04/29 15:44:41,654000,11.487
2026/04/29 15:44:41,655000,11.485
2026/04/29 15:44:41,656000,11.485
2026/04/29 15:44:41,657000,11.490
2026/04/29 15:44:41,658000,11.485
2026/04/29 15:44:41,659000,11.487
2026/04/29 15:44:41,660000,11.487
2026/04/29 15:44:41,661000,11.485
2026/04/29 15:44:41,662000,11.485
2026/04/29 15:44:41,663000,11.487
2026/04/29 15:44:41,664000,11.485
2026/04/29 15:44:41,665000,11.482
2026/04/29 15:44:41,666000,11.487
2026/04/29 15:44:41,667000,11.485
2026/04/29 15:44:41,668000,11.485
2026/04/29 15:44:41,669000,11.485
2026/04/29 15:44:41,670000,11.485
2026/04/29 15:44:41,671000,11.485
2026/04/29 15:44:41,672000,11.487
2026/04/29 15:44:41,673000,11.482
2026/04/29 15:44:41,674000,11.485
2026/04/29 15:44:41,675000,11.493
2026/04/29 15:44:41,676000,11.485
2026/04/29 15:44:41,677000,11.487
2026/04/29 15:44:41,678000,11.479
2026/04/29 15:44:41,679000,11.490
2026/04/29 15:44:41,680000,11.490
2026/04/29 15:44:41,681000,11.490
2026/04/29 15:44:41,682000,11.490
2026/04/29 15:44:41,683000,11.485
2026/04/29 15:44:41,684000,11.487
2026/04/29 15:44:41,685000,11.485
2026/04/29 15:44:41,686000,11.485
2026/04/29 15:44:41,687000,11.485
2026/04/29 15:44:41,688000,11.485
2026/04/29 15:44:41,689000,11.487
2026/04/29 15:44:41,690000,11.482
2026/04/29 15:44:41,691000,11.487
2026/04/29 15:44:41,692000,11.482
2026/04/29 15:44:41,693000,11.493
2026/04/29 15:44:41,694000,11.493
2026/04/29 15:44:41,695000,11.487
2026/04/29 15:44:41,696000,11.485
2026/04/29 15:44:41,697000,11.493
2026/04/29 15:44:41,698000,11.487
2026/04/29 15:44:41,699000,11.485
2026/04/29 15:44:41,700000,11.485
2026/04/29 15:44:41,701000,11.493
2026/04/29 15:44:41,702000,11.482
2026/04/29 15:44:41,703000,11.487
2026/04/29 15:44:41,704000,11.490
2026/04/29 15:44:41,705000,11.485
2026/04/29 15:44:41,706000,11.487
2026/04/29 15:44:41,707000,11.482
2026/04/29 15:44:41,708000,11.485
2026/04/29 15:44:41,709000,11.487
2026/04/29 15:44:41,710000,11.487
2026/04/29 15:44:41,711000,11.490
2026/04/29 15:44:41,712000,11.487
2026/04/29 15:44:41,713000,11.485
2026/04/29 15:44:41,714000,11.482
2026/04/29 15:44:41,715000,11.482
2026/04/29 15:44:41,716000,11.485
2026/04/29 15:44:41,717000,11.485
2026/04/29 15:44:41,718000,11.485
2026/04/29 15:44:41,719000,11.482
2026/04/29 15:44:41,720000,11.482
2026/04/29 15:44:41,721000,11.490
2026/04/29 15:44:41,722000,11.482
2026/04/29 15:44:41,723000,11.479
2026/04/29 15:44:41,724000,11.485
2026/04/29 15:44:41,725000,11.482
2026/04/29 15:44:41,726000,11.482
2026/04/29 15:44:41,727000,11.485
2026/04/29 15:44:41,728000,11.490
2026/04/29 15:44:41,729000,11.485
2026/04/29 15:44:41,730000,11.487
2026/04/29 15:44:41,731000,11.490
2026/04/29 15:44:41,732000,11.487
2026/04/29 15:44:41,733000,11.482
2026/04/29 15:44:41,734000,11.490
2026/04/29 15:44:41,735000,11.485
2026/04/29 15:44:41,736000,11.485
2026/04/29 15:44:41,737000,11.482
2026/04/29 15:44:41,738000,11.482
2026/04/29 15:44:41,739000,11.490
2026/04/29 15:44:41,740000,11.485
2026/04/29 15:44:41,741000,11.485
2026/04/29 15:44:41,742000,11.482
2026/04/29 15:44:41,743000,11.485
2026/04/29 15:44:41,744000,11.485
2026/04/29 15:44:41,745000,11.487
2026/04/29 15:44:41,746000,11.485
2026/04/29 15:44:41,747000,11.487
2026/04/29 15:44:41,748000,11.490
2026/04/29 15:44:41,749000,11.485
2026/04/29 15:44:41,750000,11.487
2026/04/29 15:44:41,751000,11.487
2026/04/29 15:44:41,752000,11.485
2026/04/29 15:44:41,753000,11.482
2026/04/29 15:44:41,754000,11.485
2026/04/29 15:44:41,755000,11.485
2026/04/29 15:44:41,756000,11.490
2026/04/29 15:44:41,757000,11.487
2026/04/29 15:44:41,758000,11.493
2026/04/29 15:44:41,759000,11.487
2026/04/29 15:44:41,760000,11.485
2026/04/29 15:44:41,761000,11.487
2026/04/29 15:44:41,762000,11.485
2026/04/29 15:44:41,763000,11.490
2026/04/29 15:44:41,764000,11.487
2026/04/29 15:44:41,765000,11.479
2026/04/29 15:44:41,766000,11.479
2026/04/29 15:44:41,767000,11.482
2026/04/29 15:44:41,768000,11.485
2026/04/29 15:44:41,769000,11.476
2026/04/29 15:44:41,770000,11.487
2026/04/29 15:44:41,771000,11.479
2026/04/29 15:44:41,772000,11.485
2026/04/29 15:44:41,773000,11.487
2026/04/29 15:44:41,774000,11.487
2026/04/29 15:44:41,775000,11.485
2026/04/29 15:44:41,776000,11.493
2026/04/29 15:44:41,777000,11.485
2026/04/29 15:44:41,778000,11.482
2026/04/29 15:44:41,779000,11.490
2026/04/29 15:44:41,780000,11.485
2026/04/29 15:44:41,781000,11.490
2026/04/29 15:44:41,782000,11.485
2026/04/29 15:44:41,783000,11.482
2026/04/29 15:44:41,784000,11.487
2026/04/29 15:44:41,785000,11.485
2026/04/29 15:44:41,786000,11.482
2026/04/29 15:44:41,787000,11.485
2026/04/29 15:44:41,788000,11.485
2026/04/29 15:44:41,789000,11.487
2026/04/29 15:44:41,790000,11.482
2026/04/29 15:44:41,791000,11.482
2026/04/29 15:44:41,792000,11.490
2026/04/29 15:44:41,793000,11.487
2026/04/29 15:44:41,794000,11.490
2026/04/29 15:44:41,795000,11.490
2026/04/29 15:44:41,796000,11.490
2026/04/29 15:44:41,797000,11.487
2026/04/29 15:44:41,798000,11.476
2026/04/29 15:44:41,799000,11.485
2026/04/29 15:44:41,800000,11.482
2026/04/29 15:44:41,801000,11.485
2026/04/29 15:44:41,802000,11.490
2026/04/29 15:44:41,803000,11.487
2026/04/29 15:44:41,804000,11.482
2026/04/29 15:44:41,805000,11.485
2026/04/29 15:44:41,806000,11.482
2026/04/29 15:44:41,807000,11.485
2026/04/29 15:44:41,808000,11.479
2026/04/29 15:44:41,809000,11.485
2026/04/29 15:44:41,810000,11.479
2026/04/29 15:44:41,811000,11.485
2026/04/29 15:44:41,812000,11.485
2026/04/29 15:44:41,813000,11.487
2026/04/29 15:44:41,814000,11.482
2026/04/29 15:44:41,815000,11.487
2026/04/29 15:44:41,816000,11.479
2026/04/29 15:44:41,817000,11.485
2026/04/29 15:44:41,818000,11.485
2026/04/29 15:44:41,819000,11.487
2026/04/29 15:44:41,820000,11.487
2026/04/29 15:44:41,821000,11.482
2026/04/29 15:44:41,822000,11.482
2026/04/29 15:44:41,823000,11.479
2026/04/29 15:44:41,824000,11.482
2026/04/29 15:44:41,825000,11.485
2026/04/29 15:44:41,826000,11.482
2026/04/29 15:44:41,827000,11.485
2026/04/29 15:44:41,828000,11.490
2026/04/29 15:44:41,829000,11.487
2026/04/29 15:44:41,830000,11.482
2026/04/29 15:44:41,831000,11.485
2026/04/29 15:44:41,832000,11.487
2026/04/29 15:44:41,833000,11.487
2026/04/29 15:44:41,834000,11.487
2026/04/29 15:44:41,835000,11.485
2026/04/29 15:44:41,836000,11.476
2026/04/29 15:44:41,837000,11.482
2026/04/29 15:44:41,838000,11.479
2026/04/29 15:44:41,839000,11.487
2026/04/29 15:44:41,840000,11.482
2026/04/29 15:44:41,841000,11.487
2026/04/29 15:44:41,842000,11.485
2026/04/29 15:44:41,843000,11.485
2026/04/29 15:44:41,844000,11.487
2026/04/29 15:44:41,845000,11.487
2026/04/29 15:44:41,846000,11.482
2026/04/29 15:44:41,847000,11.487
2026/04/29 15:44:41,848000,11.485
2026/04/29 15:44:41,849000,11.485
2026/04/29 15:44:41,850000,11.482
2026/04/29 15:44:41,851000,11.485
2026/04/29 15:44:41,852000,11.482
2026/04/29 15:44:41,853000,11.482
2026/04/29 15:44:41,854000,11.482
2026/04/29 15:44:41,855000,11.487
2026/04/29 15:44:41,856000,11.479
2026/04/29 15:44:41,857000,11.479
2026/04/29 15:44:41,858000,11.476
2026/04/29 15:44:41,859000,11.485
2026/04/29 15:44:41,860000,11.482
2026/04/29 15:44:41,861000,11.485
2026/04/29 15:44:41,862000,11.482
2026/04/29 15:44:41,863000,11.479
2026/04/29 15:44:41,864000,11.485
2026/04/29 15:44:41,865000,11.482
2026/04/29 15:44:41,866000,11.482
2026/04/29 15:44:41,867000,11.490
2026/04/29 15:44:41,868000,11.479
2026/04/29 15:44:41,869000,11.485
2026/04/29 15:44:41,870000,11.485
2026/04/29 15:44:41,871000,11.479
2026/04/29 15:44:41,872000,11.482
2026/04/29 15:44:41,873000,11.482
2026/04/29 15:44:41,874000,11.482
2026/04/29 15:44:41,875000,11.479
2026/04/29 15:44:41,876000,11.479
2026/04/29 15:44:41,877000,11.485
2026/04/29 15:44:41,878000,11.490
2026/04/29 15:44:41,879000,11.485
2026/04/29 15:44:41,880000,11.485
2026/04/29 15:44:41,881000,11.485
2026/04/29 15:44:41,882000,11.490
2026/04/29 15:44:41,883000,11.485
2026/04/29 15:44:41,884000,11.482
2026/04/29 15:44:41,885000,11.485
2026/04/29 15:44:41,886000,11.485
2026/04/29 15:44:41,887000,11.485
2026/04/29 15:44:41,888000,11.476
2026/04/29 15:44:41,889000,11.482
2026/04/29 15:44:41,890000,11.482
2026/04/29 15:44:41,891000,11.482
2026/04/29 15:44:41,892000,11.482
2026/04/29 15:44:41,893000,11.482
2026/04/29 15:44:41,894000,11.482
2026/04/29 15:44:41,895000,11.476
2026/04/29 15:44:41,896000,11.482
2026/04/29 15:44:41,897000,11.482
2026/04/29 15:44:41,898000,11.479
2026/04/29 15:44:41,899000,11.485
2026/04/29 15:44:41,900000,11.493
2026/04/29 15:44:41,901000,11.490
2026/04/29 15:44:41,902000,11.482
2026/04/29 15:44:41,903000,11.490
2026/04/29 15:44:41,904000,11.487
2026/04/29 15:44:41,905000,11.482
2026/04/29 15:44:41,906000,11.482
2026/04/29 15:44:41,907000,11.479
2026/04/29 15:44:41,908000,11.485
2026/04/29 15:44:41,909000,11.479
2026/04/29 15:44:41,910000,11.487
2026/04/29 15:44:41,911000,11.479
2026/04/29 15:44:41,912000,11.485
2026/04/29 15:44:41,913000,11.493
2026/04/29 15:44:41,914000,11.482
2026/04/29 15:44:41,915000,11.479
2026/04/29 15:44:41,916000,11.482
2026/04/29 15:44:41,917000,11.482
2026/04/29 15:44:41,918000,11.485
2026/04/29 15:44:41,919000,11.487
2026/04/29 15:44:41,920000,11.482
2026/04/29 15:44:41,921000,11.487
2026/04/29 15:44:41,922000,11.482
2026/04/29 15:44:41,923000,11.485
2026/04/29 15:44:41,924000,11.487
2026/04/29 15:44:41,925000,11.479
2026/04/29 15:44:41,926000,11.479
2026/04/29 15:44:41,927000,11.479
2026/04/29 15:44:41,928000,11.482
2026/04/29 15:44:41,929000,11.482
2026/04/29 15:44:41,930000,11.487
2026/04/29 15:44:41,931000,11.479
2026/04/29 15:44:41,932000,11.479
2026/04/29 15:44:41,933000,11.485
2026/04/29 15:44:41,934000,11.485
2026/04/29 15:44:41,935000,11.485
2026/04/29 15:44:41,936000,11.479
2026/04/29 15:44:41,937000,11.485
2026/04/29 15:44:41,938000,11.482
2026/04/29 15:44:41,939000,11.482
2026/04/29 15:44:41,940000,11.485
2026/04/29 15:44:41,941000,11.487
2026/04/29 15:44:41,942000,11.479
2026/04/29 15:44:41,943000,11.479
2026/04/29 15:44:41,944000,11.487
2026/04/29 15:44:41,945000,11.479
2026/04/29 15:44:41,946000,11.485
2026/04/29 15:44:41,947000,11.490
2026/04/29 15:44:41,948000,11.485
2026/04/29 15:44:41,949000,11.482
2026/04/29 15:44:41,950000,11.487
2026/04/29 15:44:41,951000,11.485
2026/04/29 15:44:41,952000,11.482
2026/04/29 15:44:41,953000,11.485
2026/04/29 15:44:41,954000,11.482
2026/04/29 15:44:41,955000,11.479
2026/04/29 15:44:41,956000,11.482
2026/04/29 15:44:41,957000,11.482
2026/04/29 15:44:41,958000,11.487
2026/04/29 15:44:41,959000,11.473
2026/04/29 15:44:41,960000,11.485
2026/04/29 15:44:41,961000,11.499
2026/04/29 15:44:41,962000,11.485
2026/04/29 15:44:41,963000,11.482
2026/04/29 15:44:41,964000,11.487
2026/04/29 15:44:41,965000,11.485
2026/04/29 15:44:41,966000,11.479
2026/04/29 15:44:41,967000,11.479
2026/04/29 15:44:41,968000,11.482
2026/04/29 15:44:41,969000,11.479
2026/04/29 15:44:41,970000,11.487
2026/04/29 15:44:41,971000,11.479
2026/04/29 15:44:41,972000,11.485
2026/04/29 15:44:41,973000,11.487
2026/04/29 15:44:41,974000,11.487
2026/04/29 15:44:41,975000,11.479
2026/04/29 15:44:41,976000,11.482
2026/04/29 15:44:41,977000,11.482
2026/04/29 15:44:41,978000,11.487
2026/04/29 15:44:41,979000,11.487
2026/04/29 15:44:41,980000,11.485
2026/04/29 15:44:41,981000,11.487
2026/04/29 15:44:41,982000,11.485
2026/04/29 15:44:41,983000,11.485
2026/04/29 15:44:41,984000,11.476
2026/04/29 15:44:41,985000,11.479
2026/04/29 15:44:41,986000,11.485
2026/04/29 15:44:41,987000,11.485
2026/04/29 15:44:41,988000,11.482
2026/04/29 15:44:41,989000,11.482
2026/04/29 15:44:41,990000,11.487
2026/04/29 15:44:41,991000,11.482
2026/04/29 15:44:41,992000,11.487
2026/04/29 15:44:41,993000,11.487
2026/04/29 15:44:41,994000,11.485
2026/04/29 15:44:41,995000,11.487
2026/04/29 15:44:41,996000,11.487
2026/04/29 15:44:41,997000,11.482
2026/04/29 15:44:41,998000,11.479
2026/04/29 15:44:41,999000,11.482
2026/04/29 15:44:42,000000,11.487
2026/04/29 15:44:42,001000,11.485
2026/04/29 15:44:42,002000,11.482
2026/04/29 15:44:42,003000,11.487
2026/04/29 15:44:42,004000,11.485
2026/04/29 15:44:42,005000,11.485
2026/04/29 15:44:42,006000,11.485
2026/04/29 15:44:42,007000,11.482
2026/04/29 15:44:42,008000,11.482
2026/04/29 15:44:42,009000,11.490
2026/04/29 15:44:42,010000,11.482
2026/04/29 15:44:42,011000,11.479
2026/04/29 15:44:42,012000,11.482
2026/04/29 15:44:42,013000,11.485
2026/04/29 15:44:42,014000,11.482
2026/04/29 15:44:42,015000,11.482
2026/04/29 15:44:42,016000,11.482
2026/04/29 15:44:42,017000,11.482
2026/04/29 15:44:42,018000,11.485
2026/04/29 15:44:42,019000,11.485
2026/04/29 15:44:42,020000,11.482
2026/04/29 15:44:42,021000,11.476
2026/04/29 15:44:42,022000,11.482
2026/04/29 15:44:42,023000,11.482
2026/04/29 15:44:42,024000,11.482
2026/04/29 15:44:42,025000,11.482
2026/04/29 15:44:42,026000,11.482
2026/04/29 15:44:42,027000,11.487
2026/04/29 15:44:42,028000,11.487
2026/04/29 15:44:42,029000,11.482
2026/04/29 15:44:42,030000,11.485
2026/04/29 15:44:42,031000,11.479
2026/04/29 15:44:42,032000,11.485
2026/04/29 15:44:42,033000,11.490
2026/04/29 15:44:42,034000,11.482
2026/04/29 15:44:42,035000,11.479
2026/04/29 15:44:42,036000,11.487
2026/04/29 15:44:42,037000,11.482
2026/04/29 15:44:42,038000,11.482
2026/04/29 15:44:42,039000,11.471
2026/04/29 15:44:42,040000,11.482
2026/04/29 15:44:42,041000,11.482
2026/04/29 15:44:42,042000,11.479
2026/04/29 15:44:42,043000,11.482
2026/04/29 15:44:42,044000,11.482
2026/04/29 15:44:42,045000,11.485
2026/04/29 15:44:42,046000,11.485
2026/04/29 15:44:42,047000,11.482
2026/04/29 15:44:42,048000,11.482
2026/04/29 15:44:42,049000,11.485
2026/04/29 15:44:42,050000,11.479
2026/04/29 15:44:42,051000,11.482
2026/04/29 15:44:42,052000,11.479
2026/04/29 15:44:42,053000,11.485
2026/04/29 15:44:42,054000,11.490
2026/04/29 15:44:42,055000,11.487
2026/04/29 15:44:42,056000,11.487
2026/04/29 15:44:42,057000,11.482
2026/04/29 15:44:42,058000,11.482
2026/04/29 15:44:42,059000,11.485
2026/04/29 15:44:42,060000,11.490
2026/04/29 15:44:42,061000,11.482
2026/04/29 15:44:42,062000,11.485
2026/04/29 15:44:42,063000,11.482
2026/04/29 15:44:42,064000,11.479
2026/04/29 15:44:42,065000,11.487
2026/04/29 15:44:42,066000,11.482
2026/04/29 15:44:42,067000,11.485
2026/04/29 15:44:42,068000,11.485
2026/04/29 15:44:42,069000,11.487
2026/04/29 15:44:42,070000,11.493
2026/04/29 15:44:42,071000,11.485
2026/04/29 15:44:42,072000,11.485
2026/04/29 15:44:42,073000,11.487
2026/04/29 15:44:42,074000,11.490
2026/04/29 15:44:42,075000,11.487
2026/04/29 15:44:42,076000,11.485
2026/04/29 15:44:42,077000,11.490
2026/04/29 15:44:42,078000,11.485
2026/04/29 15:44:42,079000,11.485
2026/04/29 15:44:42,080000,11.482
2026/04/29 15:44:42,081000,11.482
2026/04/29 15:44:42,082000,11.485
2026/04/29 15:44:42,083000,11.487
2026/04/29 15:44:42,084000,11.487
2026/04/29 15:44:42,085000,11.487
2026/04/29 15:44:42,086000,11.487
2026/04/29 15:44:42,087000,11.485
2026/04/29 15:44:42,088000,11.485
2026/04/29 15:44:42,089000,11.487
2026/04/29 15:44:42,090000,11.487
2026/04/29 15:44:42,091000,11.479
2026/04/29 15:44:42,092000,11.482
2026/04/29 15:44:42,093000,11.485
2026/04/29 15:44:42,094000,11.485
2026/04/29 15:44:42,095000,11.485
2026/04/29 15:44:42,096000,11.487
2026/04/29 15:44:42,097000,11.482
2026/04/29 15:44:42,098000,11.485
2026/04/29 15:44:42,099000,11.482
2026/04/29 15:44:42,100000,11.485
2026/04/29 15:44:42,101000,11.487
2026/04/29 15:44:42,102000,11.487
2026/04/29 15:44:42,103000,11.482
2026/04/29 15:44:42,104000,11.485
2026/04/29 15:44:42,105000,11.493
2026/04/29 15:44:42,106000,11.482
2026/04/29 15:44:42,107000,11.487
2026/04/29 15:44:42,108000,11.482
2026/04/29 15:44:42,109000,11.485
2026/04/29 15:44:42,110000,11.485
2026/04/29 15:44:42,111000,11.487
2026/04/29 15:44:42,112000,11.485
2026/04/29 15:44:42,113000,11.487
2026/04/29 15:44:42,114000,11.485
2026/04/29 15:44:42,115000,11.482
2026/04/29 15:44:42,116000,11.485
2026/04/29 15:44:42,117000,11.490
2026/04/29 15:44:42,118000,11.482
2026/04/29 15:44:42,119000,11.485
2026/04/29 15:44:42,120000,11.485
2026/04/29 15:44:42,121000,11.487
2026/04/29 15:44:42,122000,11.482
2026/04/29 15:44:42,123000,11.482
2026/04/29 15:44:42,124000,11.482
2026/04/29 15:44:42,125000,11.482
2026/04/29 15:44:42,126000,11.490
2026/04/29 15:44:42,127000,11.479
2026/04/29 15:44:42,128000,11.485
2026/04/29 15:44:42,129000,11.487
2026/04/29 15:44:42,130000,11.482
2026/04/29 15:44:42,131000,11.485
2026/04/29 15:44:42,132000,11.479
2026/04/29 15:44:42,133000,11.487
2026/04/29 15:44:42,134000,11.487
2026/04/29 15:44:42,135000,11.485
2026/04/29 15:44:42,136000,11.487
2026/04/29 15:44:42,137000,11.482
2026/04/29 15:44:42,138000,11.490
2026/04/29 15:44:42,139000,11.479
2026/04/29 15:44:42,140000,11.482
2026/04/29 15:44:42,141000,11.482
2026/04/29 15:44:42,142000,11.485
2026/04/29 15:44:42,143000,11.482
2026/04/29 15:44:42,144000,11.487
2026/04/29 15:44:42,145000,11.482
2026/04/29 15:44:42,146000,11.485
2026/04/29 15:44:42,147000,11.487
2026/04/29 15:44:42,148000,11.487
2026/04/29 15:44:42,149000,11.487
2026/04/29 15:44:42,150000,11.479
2026/04/29 15:44:42,151000,11.487
2026/04/29 15:44:42,152000,11.482
2026/04/29 15:44:42,153000,11.490
2026/04/29 15:44:42,154000,11.490
2026/04/29 15:44:42,155000,11.485
2026/04/29 15:44:42,156000,11.487
2026/04/29 15:44:42,157000,11.479
2026/04/29 15:44:42,158000,11.482
2026/04/29 15:44:42,159000,11.487
2026/04/29 15:44:42,160000,11.479
2026/04/29 15:44:42,161000,11.482
2026/04/29 15:44:42,162000,11.485
2026/04/29 15:44:42,163000,11.490
2026/04/29 15:44:42,164000,11.487
2026/04/29 15:44:42,165000,11.482
2026/04/29 15:44:42,166000,11.487
2026/04/29 15:44:42,167000,11.487
2026/04/29 15:44:42,168000,11.482
2026/04/29 15:44:42,169000,11.490
2026/04/29 15:44:42,170000,11.482
2026/04/29 15:44:42,171000,11.482
2026/04/29 15:44:42,172000,11.479
2026/04/29 15:44:42,173000,11.485
2026/04/29 15:44:42,174000,11.487
2026/04/29 15:44:42,175000,11.485
2026/04/29 15:44:42,176000,11.490
2026/04/29 15:44:42,177000,11.493
2026/04/29 15:44:42,178000,11.485
2026/04/29 15:44:42,179000,11.476
2026/04/29 15:44:42,180000,11.482
2026/04/29 15:44:42,181000,11.485
2026/04/29 15:44:42,182000,11.485
2026/04/29 15:44:42,183000,11.482
2026/04/29 15:44:42,184000,11.490
2026/04/29 15:44:42,185000,11.479
2026/04/29 15:44:42,186000,11.482
2026/04/29 15:44:42,187000,11.485
2026/04/29 15:44:42,188000,11.487
2026/04/29 15:44:42,189000,11.493
2026/04/29 15:44:42,190000,11.487
2026/04/29 15:44:42,191000,11.482
2026/04/29 15:44:42,192000,11.482
2026/04/29 15:44:42,193000,11.479
2026/04/29 15:44:42,194000,11.487
2026/04/29 15:44:42,195000,11.487
2026/04/29 15:44:42,196000,11.482
2026/04/29 15:44:42,197000,11.490
2026/04/29 15:44:42,198000,11.487
2026/04/29 15:44:42,199000,11.490
2026/04/29 15:44:42,200000,11.490
2026/04/29 15:44:42,201000,11.476
2026/04/29 15:44:42,202000,11.485
2026/04/29 15:44:42,203000,11.485
2026/04/29 15:44:42,204000,11.485
2026/04/29 15:44:42,205000,11.490
2026/04/29 15:44:42,206000,11.485
2026/04/29 15:44:42,207000,11.482
2026/04/29 15:44:42,208000,11.485
2026/04/29 15:44:42,209000,11.485
2026/04/29 15:44:42,210000,11.485
2026/04/29 15:44:42,211000,11.487
2026/04/29 15:44:42,212000,11.485
2026/04/29 15:44:42,213000,11.482
2026/04/29 15:44:42,214000,11.487
2026/04/29 15:44:42,215000,11.487
2026/04/29 15:44:42,216000,11.485
2026/04/29 15:44:42,217000,11.487
2026/04/29 15:44:42,218000,11.490
2026/04/29 15:44:42,219000,11.490
2026/04/29 15:44:42,220000,11.485
2026/04/29 15:44:42,221000,11.490
2026/04/29 15:44:42,222000,11.485
2026/04/29 15:44:42,223000,11.485
2026/04/29 15:44:42,224000,11.482
2026/04/29 15:44:42,225000,11.490
2026/04/29 15:44:42,226000,11.487
2026/04/29 15:44:42,227000,11.487
2026/04/29 15:44:42,228000,11.490
2026/04/29 15:44:42,229000,11.482
2026/04/29 15:44:42,230000,11.485
2026/04/29 15:44:42,231000,11.487
2026/04/29 15:44:42,232000,11.490
2026/04/29 15:44:42,233000,11.487
2026/04/29 15:44:42,234000,11.482
2026/04/29 15:44:42,235000,11.490
2026/04/29 15:44:42,236000,11.487
2026/04/29 15:44:42,237000,11.482
2026/04/29 15:44:42,238000,11.482
2026/04/29 15:44:42,239000,11.485
2026/04/29 15:44:42,240000,11.487
2026/04/29 15:44:42,241000,11.487
2026/04/29 15:44:42,242000,11.490
2026/04/29 15:44:42,243000,11.482
2026/04/29 15:44:42,244000,11.482
2026/04/29 15:44:42,245000,11.485
2026/04/29 15:44:42,246000,11.485
2026/04/29 15:44:42,247000,11.487
2026/04/29 15:44:42,248000,11.490
2026/04/29 15:44:42,249000,11.490
2026/04/29 15:44:42,250000,11.482
2026/04/29 15:44:42,251000,11.485
2026/04/29 15:44:42,252000,11.487
2026/04/29 15:44:42,253000,11.490
2026/04/29 15:44:42,254000,11.487
2026/04/29 15:44:42,255000,11.482
2026/04/29 15:44:42,256000,11.482
2026/04/29 15:44:42,257000,11.487
2026/04/29 15:44:42,258000,11.487
2026/04/29 15:44:42,259000,11.482
2026/04/29 15:44:42,260000,11.487
2026/04/29 15:44:42,261000,11.487
2026/04/29 15:44:42,262000,11.493
2026/04/29 15:44:42,263000,11.485
2026/04/29 15:44:42,264000,11.482
2026/04/29 15:44:42,265000,11.485
2026/04/29 15:44:42,266000,11.487
2026/04/29 15:44:42,267000,11.485
2026/04/29 15:44:42,268000,11.487
2026/04/29 15:44:42,269000,11.493
2026/04/29 15:44:42,270000,11.490
2026/04/29 15:44:42,271000,11.482
2026/04/29 15:44:42,272000,11.487
2026/04/29 15:44:42,273000,11.485
2026/04/29 15:44:42,274000,11.482
2026/04/29 15:44:42,275000,11.485
2026/04/29 15:44:42,276000,11.485
2026/04/29 15:44:42,277000,11.487
2026/04/29 15:44:42,278000,11.485
2026/04/29 15:44:42,279000,11.490
2026/04/29 15:44:42,280000,11.493
2026/04/29 15:44:42,281000,11.485
2026/04/29 15:44:42,282000,11.487
2026/04/29 15:44:42,283000,11.487
2026/04/29 15:44:42,284000,11.490
2026/04/29 15:44:42,285000,11.487
2026/04/29 15:44:42,286000,11.482
2026/04/29 15:44:42,287000,11.485
2026/04/29 15:44:42,288000,11.485
2026/04/29 15:44:42,289000,11.490
2026/04/29 15:44:42,290000,11.485
2026/04/29 15:44:42,291000,11.487
2026/04/29 15:44:42,292000,11.485
2026/04/29 15:44:42,293000,11.482
2026/04/29 15:44:42,294000,11.487
2026/04/29 15:44:42,295000,11.485
2026/04/29 15:44:42,296000,11.485
2026/04/29 15:44:42,297000,11.482
2026/04/29 15:44:42,298000,11.487
2026/04/29 15:44:42,299000,11.485
2026/04/29 15:44:42,300000,11.485
2026/04/29 15:44:42,301000,11.487
2026/04/29 15:44:42,302000,11.487
2026/04/29 15:44:42,303000,11.482
2026/04/29 15:44:42,304000,11.482
2026/04/29 15:44:42,305000,11.485
2026/04/29 15:44:42,306000,11.485
2026/04/29 15:44:42,307000,11.487
2026/04/29 15:44:42,308000,11.487
2026/04/29 15:44:42,309000,11.482
2026/04/29 15:44:42,310000,11.485
2026/04/29 15:44:42,311000,11.482
2026/04/29 15:44:42,312000,11.490
2026/04/29 15:44:42,313000,11.490
2026/04/29 15:44:42,314000,11.487
2026/04/29 15:44:42,315000,11.485
2026/04/29 15:44:42,316000,11.487
2026/04/29 15:44:42,317000,11.485
2026/04/29 15:44:42,318000,11.487
2026/04/29 15:44:42,319000,11.485
2026/04/29 15:44:42,320000,11.485
2026/04/29 15:44:42,321000,11.482
2026/04/29 15:44:42,322000,11.490
2026/04/29 15:44:42,323000,11.479
2026/04/29 15:44:42,324000,11.485
2026/04/29 15:44:42,325000,11.482
2026/04/29 15:44:42,326000,11.487
2026/04/29 15:44:42,327000,11.487
2026/04/29 15:44:42,328000,11.482
2026/04/29 15:44:42,329000,11.482
2026/04/29 15:44:42,330000,11.485
2026/04/29 15:44:42,331000,11.482
2026/04/29 15:44:42,332000,11.490
2026/04/29 15:44:42,333000,11.482
2026/04/29 15:44:42,334000,11.482
2026/04/29 15:44:42,335000,11.482
2026/04/29 15:44:42,336000,11.482
2026/04/29 15:44:42,337000,11.485
2026/04/29 15:44:42,338000,11.487
2026/04/29 15:44:42,339000,11.490
2026/04/29 15:44:42,340000,11.490
2026/04/29 15:44:42,341000,11.487
2026/04/29 15:44:42,342000,11.482
2026/04/29 15:44:42,343000,11.482
2026/04/29 15:44:42,344000,11.487
2026/04/29 15:44:42,345000,11.493
2026/04/29 15:44:42,346000,11.487
2026/04/29 15:44:42,347000,11.482
2026/04/29 15:44:42,348000,11.482
2026/04/29 15:44:42,349000,11.485
2026/04/29 15:44:42,350000,11.482
2026/04/29 15:44:42,351000,11.485
2026/04/29 15:44:42,352000,11.485
2026/04/29 15:44:42,353000,11.490
2026/04/29 15:44:42,354000,11.476
2026/04/29 15:44:42,355000,11.485
2026/04/29 15:44:42,356000,11.487
2026/04/29 15:44:42,357000,11.485
2026/04/29 15:44:42,358000,11.482
2026/04/29 15:44:42,359000,11.487
2026/04/29 15:44:42,360000,11.482
2026/04/29 15:44:42,361000,11.487
2026/04/29 15:44:42,362000,11.487
2026/04/29 15:44:42,363000,11.485
2026/04/29 15:44:42,364000,11.487
2026/04/29 15:44:42,365000,11.487
2026/04/29 15:44:42,366000,11.485
2026/04/29 15:44:42,367000,11.485
2026/04/29 15:44:42,368000,11.487
2026/04/29 15:44:42,369000,11.482
2026/04/29 15:44:42,370000,11.482
2026/04/29 15:44:42,371000,11.485
2026/04/29 15:44:42,372000,11.485
2026/04/29 15:44:42,373000,11.482
2026/04/29 15:44:42,374000,11.485
2026/04/29 15:44:42,375000,11.482
2026/04/29 15:44:42,376000,11.485
2026/04/29 15:44:42,377000,11.485
2026/04/29 15:44:42,378000,11.485
2026/04/29 15:44:42,379000,11.485
2026/04/29 15:44:42,380000,11.487
2026/04/29 15:44:42,381000,11.471
2026/04/29 15:44:42,382000,11.490
2026/04/29 15:44:42,383000,11.487
2026/04/29 15:44:42,384000,11.482
2026/04/29 15:44:42,385000,11.482
2026/04/29 15:44:42,386000,11.485
2026/04/29 15:44:42,387000,11.493
2026/04/29 15:44:42,388000,11.479
2026/04/29 15:44:42,389000,11.479
2026/04/29 15:44:42,390000,11.490
2026/04/29 15:44:42,391000,11.485
2026/04/29 15:44:42,392000,11.485
2026/04/29 15:44:42,393000,11.485
2026/04/29 15:44:42,394000,11.487
2026/04/29 15:44:42,395000,11.482
2026/04/29 15:44:42,396000,11.490
2026/04/29 15:44:42,397000,11.487
2026/04/29 15:44:42,398000,11.482
2026/04/29 15:44:42,399000,11.487
2026/04/29 15:44:42,400000,11.485
2026/04/29 15:44:42,401000,11.485
2026/04/29 15:44:42,402000,11.485
2026/04/29 15:44:42,403000,11.479
2026/04/29 15:44:42,404000,11.479
2026/04/29 15:44:42,405000,11.490
2026/04/29 15:44:42,406000,11.482
2026/04/29 15:44:42,407000,11.485
2026/04/29 15:44:42,408000,11.485
2026/04/29 15:44:42,409000,11.485
2026/04/29 15:44:42,410000,11.487
2026/04/29 15:44:42,411000,11.485
2026/04/29 15:44:42,412000,11.487
2026/04/29 15:44:42,413000,11.485
2026/04/29 15:44:42,414000,11.482
2026/04/29 15:44:42,415000,11.482
2026/04/29 15:44:42,416000,11.487
2026/04/29 15:44:42,417000,11.485
2026/04/29 15:44:42,418000,11.479
2026/04/29 15:44:42,419000,11.482
2026/04/29 15:44:42,420000,11.485
2026/04/29 15:44:42,421000,11.479
2026/04/29 15:44:42,422000,11.490
2026/04/29 15:44:42,423000,11.490
2026/04/29 15:44:42,424000,11.487
2026/04/29 15:44:42,425000,11.487
2026/04/29 15:44:42,426000,11.482
2026/04/29 15:44:42,427000,11.490
2026/04/29 15:44:42,428000,11.485
2026/04/29 15:44:42,429000,11.482
2026/04/29 15:44:42,430000,11.487
2026/04/29 15:44:42,431000,11.479
2026/04/29 15:44:42,432000,11.482
2026/04/29 15:44:42,433000,11.487
2026/04/29 15:44:42,434000,11.482
2026/04/29 15:44:42,435000,11.485
2026/04/29 15:44:42,436000,11.487
2026/04/29 15:44:42,437000,11.490
2026/04/29 15:44:42,438000,11.485
2026/04/29 15:44:42,439000,11.487
2026/04/29 15:44:42,440000,11.485
2026/04/29 15:44:42,441000,11.487
2026/04/29 15:44:42,442000,11.490
2026/04/29 15:44:42,443000,11.482
2026/04/29 15:44:42,444000,11.487
2026/04/29 15:44:42,445000,11.482
2026/04/29 15:44:42,446000,11.487
2026/04/29 15:44:42,447000,11.482
2026/04/29 15:44:42,448000,11.493
2026/04/29 15:44:42,449000,11.476
2026/04/29 15:44:42,450000,11.482
2026/04/29 15:44:42,451000,11.490
2026/04/29 15:44:42,452000,11.487
2026/04/29 15:44:42,453000,11.485
2026/04/29 15:44:42,454000,11.479
2026/04/29 15:44:42,455000,11.485
2026/04/29 15:44:42,456000,11.479
2026/04/29 15:44:42,457000,11.487
2026/04/29 15:44:42,458000,11.490
2026/04/29 15:44:42,459000,11.482
2026/04/29 15:44:42,460000,11.482
2026/04/29 15:44:42,461000,11.487
2026/04/29 15:44:42,462000,11.482
2026/04/29 15:44:42,463000,11.482
2026/04/29 15:44:42,464000,11.485
2026/04/29 15:44:42,465000,11.487
2026/04/29 15:44:42,466000,11.482
2026/04/29 15:44:42,467000,11.482
2026/04/29 15:44:42,468000,11.485
2026/04/29 15:44:42,469000,11.482
2026/04/29 15:44:42,470000,11.487
2026/04/29 15:44:42,471000,11.482
2026/04/29 15:44:42,472000,11.482
2026/04/29 15:44:42,473000,11.482
2026/04/29 15:44:42,474000,11.487
2026/04/29 15:44:42,475000,11.490
2026/04/29 15:44:42,476000,11.487
2026/04/29 15:44:42,477000,11.487
2026/04/29 15:44:42,478000,11.487
2026/04/29 15:44:42,479000,11.485
2026/04/29 15:44:42,480000,11.482
2026/04/29 15:44:42,481000,11.479
2026/04/29 15:44:42,482000,11.490
2026/04/29 15:44:42,483000,11.485
2026/04/29 15:44:42,484000,11.487
2026/04/29 15:44:42,485000,11.487
2026/04/29 15:44:42,486000,11.490
2026/04/29 15:44:42,487000,11.482
2026/04/29 15:44:42,488000,11.482
2026/04/29 15:44:42,489000,11.485
2026/04/29 15:44:42,490000,11.490
2026/04/29 15:44:42,491000,11.482
2026/04/29 15:44:42,492000,11.487
2026/04/29 15:44:42,493000,11.485
2026/04/29 15:44:42,494000,11.487
2026/04/29 15:44:42,495000,11.487
2026/04/29 15:44:42,496000,11.482
2026/04/29 15:44:42,497000,11.482
2026/04/29 15:44:42,498000,11.476
2026/04/29 15:44:42,499000,11.482
2026/04/29 15:44:42,500000,11.479
2026/04/29 15:44:42,501000,11.482
2026/04/29 15:44:42,502000,11.482
2026/04/29 15:44:42,503000,11.479
2026/04/29 15:44:42,504000,11.485
2026/04/29 15:44:42,505000,11.487
2026/04/29 15:44:42,506000,11.485
2026/04/29 15:44:42,507000,11.482
2026/04/29 15:44:42,508000,11.490
2026/04/29 15:44:42,509000,11.485
2026/04/29 15:44:42,510000,11.487
2026/04/29 15:44:42,511000,11.487
2026/04/29 15:44:42,512000,11.485
2026/04/29 15:44:42,513000,11.487
2026/04/29 15:44:42,514000,11.487
2026/04/29 15:44:42,515000,11.485
2026/04/29 15:44:42,516000,11.482
2026/04/29 15:44:42,517000,11.482
2026/04/29 15:44:42,518000,11.482
2026/04/29 15:44:42,519000,11.485
2026/04/29 15:44:42,520000,11.479
2026/04/29 15:44:42,521000,11.485
2026/04/29 15:44:42,522000,11.482
2026/04/29 15:44:42,523000,11.485
2026/04/29 15:44:42,524000,11.490
2026/04/29 15:44:42,525000,11.476
2026/04/29 15:44:42,526000,11.485
2026/04/29 15:44:42,527000,11.482
2026/04/29 15:44:42,528000,11.490
2026/04/29 15:44:42,529000,11.487
2026/04/29 15:44:42,530000,11.487
2026/04/29 15:44:42,531000,11.479
2026/04/29 15:44:42,532000,11.485
2026/04/29 15:44:42,533000,11.487
2026/04/29 15:44:42,534000,11.487
2026/04/29 15:44:42,535000,11.482
2026/04/29 15:44:42,536000,11.476
2026/04/29 15:44:42,537000,11.487
2026/04/29 15:44:42,538000,11.485
2026/04/29 15:44:42,539000,11.487
2026/04/29 15:44:42,540000,11.479
2026/04/29 15:44:42,541000,11.487
2026/04/29 15:44:42,542000,11.485
2026/04/29 15:44:42,543000,11.487
2026/04/29 15:44:42,544000,11.485
2026/04/29 15:44:42,545000,11.485
2026/04/29 15:44:42,546000,11.476
2026/04/29 15:44:42,547000,11.487
2026/04/29 15:44:42,548000,11.487
2026/04/29 15:44:42,549000,11.482
2026/04/29 15:44:42,550000,11.476
2026/04/29 15:44:42,551000,11.485
2026/04/29 15:44:42,552000,11.482
2026/04/29 15:44:42,553000,11.490
2026/04/29 15:44:42,554000,11.482
2026/04/29 15:44:42,555000,11.485
2026/04/29 15:44:42,556000,11.476
2026/04/29 15:44:42,557000,11.487
2026/04/29 15:44:42,558000,11.485
2026/04/29 15:44:42,559000,11.487
2026/04/29 15:44:42,560000,11.485
2026/04/29 15:44:42,561000,11.479
2026/04/29 15:44:42,562000,11.485
2026/04/29 15:44:42,563000,11.485
2026/04/29 15:44:42,564000,11.485
2026/04/29 15:44:42,565000,11.487
2026/04/29 15:44:42,566000,11.482
2026/04/29 15:44:42,567000,11.490
2026/04/29 15:44:42,568000,11.482
2026/04/29 15:44:42,569000,11.485
2026/04/29 15:44:42,570000,11.482
2026/04/29 15:44:42,571000,11.487
2026/04/29 15:44:42,572000,11.487
2026/04/29 15:44:42,573000,11.487
2026/04/29 15:44:42,574000,11.485
2026/04/29 15:44:42,575000,11.482
2026/04/29 15:44:42,576000,11.485
2026/04/29 15:44:42,577000,11.487
2026/04/29 15:44:42,578000,11.482
2026/04/29 15:44:42,579000,11.485
2026/04/29 15:44:42,580000,11.485
2026/04/29 15:44:42,581000,11.493
2026/04/29 15:44:42,582000,11.485
2026/04/29 15:44:42,583000,11.490
2026/04/29 15:44:42,584000,11.482
2026/04/29 15:44:42,585000,11.487
2026/04/29 15:44:42,586000,11.485
2026/04/29 15:44:42,587000,11.479
2026/04/29 15:44:42,588000,11.479
2026/04/29 15:44:42,589000,11.487
2026/04/29 15:44:42,590000,11.482
2026/04/29 15:44:42,591000,11.485
2026/04/29 15:44:42,592000,11.490
2026/04/29 15:44:42,593000,11.487
2026/04/29 15:44:42,594000,11.485
2026/04/29 15:44:42,595000,11.485
2026/04/29 15:44:42,596000,11.479
2026/04/29 15:44:42,597000,11.493
2026/04/29 15:44:42,598000,11.482
2026/04/29 15:44:42,599000,11.479
2026/04/29 15:44:42,600000,11.482
2026/04/29 15:44:42,601000,11.482
2026/04/29 15:44:42,602000,11.482
2026/04/29 15:44:42,603000,11.487
2026/04/29 15:44:42,604000,11.485
2026/04/29 15:44:42,605000,11.485
2026/04/29 15:44:42,606000,11.479
2026/04/29 15:44:42,607000,11.485
2026/04/29 15:44:42,608000,11.482
2026/04/29 15:44:42,609000,11.479
2026/04/29 15:44:42,610000,11.482
2026/04/29 15:44:42,611000,11.485
2026/04/29 15:44:42,612000,11.482
2026/04/29 15:44:42,613000,11.485
2026/04/29 15:44:42,614000,11.482
2026/04/29 15:44:42,615000,11.487
2026/04/29 15:44:42,616000,11.485
2026/04/29 15:44:42,617000,11.485
2026/04/29 15:44:42,618000,11.487
2026/04/29 15:44:42,619000,11.487
2026/04/29 15:44:42,620000,11.487
2026/04/29 15:44:42,621000,11.485
2026/04/29 15:44:42,622000,11.482
2026/04/29 15:44:42,623000,11.490
2026/04/29 15:44:42,624000,11.485
2026/04/29 15:44:42,625000,11.485
2026/04/29 15:44:42,626000,11.485
2026/04/29 15:44:42,627000,11.485
2026/04/29 15:44:42,628000,11.479
2026/04/29 15:44:42,629000,11.487
2026/04/29 15:44:42,630000,11.485
2026/04/29 15:44:42,631000,11.490
2026/04/29 15:44:42,632000,11.487
2026/04/29 15:44:42,633000,11.482
2026/04/29 15:44:42,634000,11.479
2026/04/29 15:44:42,635000,11.487
2026/04/29 15:44:42,636000,11.485
2026/04/29 15:44:42,637000,11.487
2026/04/29 15:44:42,638000,11.487
2026/04/29 15:44:42,639000,11.487
2026/04/29 15:44:42,640000,11.487
2026/04/29 15:44:42,641000,11.482
2026/04/29 15:44:42,642000,11.482
2026/04/29 15:44:42,643000,11.479
2026/04/29 15:44:42,644000,11.487
2026/04/29 15:44:42,645000,11.482
2026/04/29 15:44:42,646000,11.485
2026/04/29 15:44:42,647000,11.485
2026/04/29 15:44:42,648000,11.485
2026/04/29 15:44:42,649000,11.485
2026/04/29 15:44:42,650000,11.493
2026/04/29 15:44:42,651000,11.482
2026/04/29 15:44:42,652000,11.487
2026/04/29 15:44:42,653000,11.487
2026/04/29 15:44:42,654000,11.482
2026/04/29 15:44:42,655000,11.485
2026/04/29 15:44:42,656000,11.487
2026/04/29 15:44:42,657000,11.487
2026/04/29 15:44:42,658000,11.482
2026/04/29 15:44:42,659000,11.482
2026/04/29 15:44:42,660000,11.482
2026/04/29 15:44:42,661000,11.485
2026/04/29 15:44:42,662000,11.487
2026/04/29 15:44:42,663000,11.479
2026/04/29 15:44:42,664000,11.482
2026/04/29 15:44:42,665000,11.487
2026/04/29 15:44:42,666000,11.490
2026/04/29 15:44:42,667000,11.482
2026/04/29 15:44:42,668000,11.487
2026/04/29 15:44:42,669000,11.479
2026/04/29 15:44:42,670000,11.485
2026/04/29 15:44:42,671000,11.482
2026/04/29 15:44:42,672000,11.485
2026/04/29 15:44:42,673000,11.485
2026/04/29 15:44:42,674000,11.485
2026/04/29 15:44:42,675000,11.482
2026/04/29 15:44:42,676000,11.482
2026/04/29 15:44:42,677000,11.479
2026/04/29 15:44:42,678000,11.485
2026/04/29 15:44:42,679000,11.487
2026/04/29 15:44:42,680000,11.487
2026/04/29 15:44:42,681000,11.485
2026/04/29 15:44:42,682000,11.482
2026/04/29 15:44:42,683000,11.479
2026/04/29 15:44:42,684000,11.482
2026/04/29 15:44:42,685000,11.482
2026/04/29 15:44:42,686000,11.485
2026/04/29 15:44:42,687000,11.485
2026/04/29 15:44:42,688000,11.487
2026/04/29 15:44:42,689000,11.485
2026/04/29 15:44:42,690000,11.487
2026/04/29 15:44:42,691000,11.482
2026/04/29 15:44:42,692000,11.487
2026/04/29 15:44:42,693000,11.487
2026/04/29 15:44:42,694000,11.479
2026/04/29 15:44:42,695000,11.482
2026/04/29 15:44:42,696000,11.487
2026/04/29 15:44:42,697000,11.487
2026/04/29 15:44:42,698000,11.485
2026/04/29 15:44:42,699000,11.487
2026/04/29 15:44:42,700000,11.485
2026/04/29 15:44:42,701000,11.482
2026/04/29 15:44:42,702000,11.482
2026/04/29 15:44:42,703000,11.493
2026/04/29 15:44:42,704000,11.485
2026/04/29 15:44:42,705000,11.482
2026/04/29 15:44:42,706000,11.482
2026/04/29 15:44:42,707000,11.482
2026/04/29 15:44:42,708000,11.485
2026/04/29 15:44:42,709000,11.479
2026/04/29 15:44:42,710000,11.479
2026/04/29 15:44:42,711000,11.487
2026/04/29 15:44:42,712000,11.487
2026/04/29 15:44:42,713000,11.487
2026/04/29 15:44:42,714000,11.487
2026/04/29 15:44:42,715000,11.482
2026/04/29 15:44:42,716000,11.482
2026/04/29 15:44:42,717000,11.487
2026/04/29 15:44:42,718000,11.487
2026/04/29 15:44:42,719000,11.482
2026/04/29 15:44:42,720000,11.485
2026/04/29 15:44:42,721000,11.482
2026/04/29 15:44:42,722000,11.482
2026/04/29 15:44:42,723000,11.485
2026/04/29 15:44:42,724000,11.482
2026/04/29 15:44:42,725000,11.479
2026/04/29 15:44:42,726000,11.485
2026/04/29 15:44:42,727000,11.487
2026/04/29 15:44:42,728000,11.487
2026/04/29 15:44:42,729000,11.482
2026/04/29 15:44:42,730000,11.490
2026/04/29 15:44:42,731000,11.485
2026/04/29 15:44:42,732000,11.485
2026/04/29 15:44:42,733000,11.485
2026/04/29 15:44:42,734000,11.487
2026/04/29 15:44:42,735000,11.487
2026/04/29 15:44:42,736000,11.487
2026/04/29 15:44:42,737000,11.482
2026/04/29 15:44:42,738000,11.485
2026/04/29 15:44:42,739000,11.485
2026/04/29 15:44:42,740000,11.485
2026/04/29 15:44:42,741000,11.490
2026/04/29 15:44:42,742000,11.485
2026/04/29 15:44:42,743000,11.485
2026/04/29 15:44:42,744000,11.482
2026/04/29 15:44:42,745000,11.479
2026/04/29 15:44:42,746000,11.485
2026/04/29 15:44:42,747000,11.487
2026/04/29 15:44:42,748000,11.487
2026/04/29 15:44:42,749000,11.493
2026/04/29 15:44:42,750000,11.482
2026/04/29 15:44:42,751000,11.487
2026/04/29 15:44:42,752000,11.487
2026/04/29 15:44:42,753000,11.482
2026/04/29 15:44:42,754000,11.485
2026/04/29 15:44:42,755000,11.487
2026/04/29 15:44:42,756000,11.485
2026/04/29 15:44:42,757000,11.490
2026/04/29 15:44:42,758000,11.476
2026/04/29 15:44:42,759000,11.490
2026/04/29 15:44:42,760000,11.487
2026/04/29 15:44:42,761000,11.487
2026/04/29 15:44:42,762000,11.487
2026/04/29 15:44:42,763000,11.490
2026/04/29 15:44:42,764000,11.485
2026/04/29 15:44:42,765000,11.485
2026/04/29 15:44:42,766000,11.485
2026/04/29 15:44:42,767000,11.482
2026/04/29 15:44:42,768000,11.485
2026/04/29 15:44:42,769000,11.482
2026/04/29 15:44:42,770000,11.490
2026/04/29 15:44:42,771000,11.485
2026/04/29 15:44:42,772000,11.487
2026/04/29 15:44:42,773000,11.482
2026/04/29 15:44:42,774000,11.485
2026/04/29 15:44:42,775000,11.485
2026/04/29 15:44:42,776000,11.482
2026/04/29 15:44:42,777000,11.487
2026/04/29 15:44:42,778000,11.482
2026/04/29 15:44:42,779000,11.487
2026/04/29 15:44:42,780000,11.485
2026/04/29 15:44:42,781000,11.487
2026/04/29 15:44:42,782000,11.485
2026/04/29 15:44:42,783000,11.493
2026/04/29 15:44:42,784000,11.485
2026/04/29 15:44:42,785000,11.485
2026/04/29 15:44:42,786000,11.482
2026/04/29 15:44:42,787000,11.493
2026/04/29 15:44:42,788000,11.485
2026/04/29 15:44:42,789000,11.485
2026/04/29 15:44:42,790000,11.485
2026/04/29 15:44:42,791000,11.485
2026/04/29 15:44:42,792000,11.482
2026/04/29 15:44:42,793000,11.487
2026/04/29 15:44:42,794000,11.490
2026/04/29 15:44:42,795000,11.487
2026/04/29 15:44:42,796000,11.490
2026/04/29 15:44:42,797000,11.485
2026/04/29 15:44:42,798000,11.487
2026/04/29 15:44:42,799000,11.485
2026/04/29 15:44:42,800000,11.485
2026/04/29 15:44:42,801000,11.479
2026/04/29 15:44:42,802000,11.487
2026/04/29 15:44:42,803000,11.482
2026/04/29 15:44:42,804000,11.482
2026/04/29 15:44:42,805000,11.485
2026/04/29 15:44:42,806000,11.482
2026/04/29 15:44:42,807000,11.479
2026/04/29 15:44:42,808000,11.487
2026/04/29 15:44:42,809000,11.479
2026/04/29 15:44:42,810000,11.487
2026/04/29 15:44:42,811000,11.487
2026/04/29 15:44:42,812000,11.490
2026/04/29 15:44:42,813000,11.487
2026/04/29 15:44:42,814000,11.485
2026/04/29 15:44:42,815000,11.487
2026/04/29 15:44:42,816000,11.490
2026/04/29 15:44:42,817000,11.490
2026/04/29 15:44:42,818000,11.485
2026/04/29 15:44:42,819000,11.482
2026/04/29 15:44:42,820000,11.490
2026/04/29 15:44:42,821000,11.479
2026/04/29 15:44:42,822000,11.485
2026/04/29 15:44:42,823000,11.482
2026/04/29 15:44:42,824000,11.485
2026/04/29 15:44:42,825000,11.487
2026/04/29 15:44:42,826000,11.487
2026/04/29 15:44:42,827000,11.485
2026/04/29 15:44:42,828000,11.485
2026/04/29 15:44:42,829000,11.485
2026/04/29 15:44:42,830000,11.485
2026/04/29 15:44:42,831000,11.485
2026/04/29 15:44:42,832000,11.487
2026/04/29 15:44:42,833000,11.482
2026/04/29 15:44:42,834000,11.482
2026/04/29 15:44:42,835000,11.490
2026/04/29 15:44:42,836000,11.490
2026/04/29 15:44:42,837000,11.482
2026/04/29 15:44:42,838000,11.485
2026/04/29 15:44:42,839000,11.487
2026/04/29 15:44:42,840000,11.487
2026/04/29 15:44:42,841000,11.482
2026/04/29 15:44:42,842000,11.485
2026/04/29 15:44:42,843000,11.485
2026/04/29 15:44:42,844000,11.487
2026/04/29 15:44:42,845000,11.487
2026/04/29 15:44:42,846000,11.482
2026/04/29 15:44:42,847000,11.490
2026/04/29 15:44:42,848000,11.485
2026/04/29 15:44:42,849000,11.479
2026/04/29 15:44:42,850000,11.482
2026/04/29 15:44:42,851000,11.482
2026/04/29 15:44:42,852000,11.485
2026/04/29 15:44:42,853000,11.490
2026/04/29 15:44:42,854000,11.485
2026/04/29 15:44:42,855000,11.482
2026/04/29 15:44:42,856000,11.485
2026/04/29 15:44:42,857000,11.482
2026/04/29 15:44:42,858000,11.487
2026/04/29 15:44:42,859000,11.487
2026/04/29 15:44:42,860000,11.485
2026/04/29 15:44:42,861000,11.482
2026/04/29 15:44:42,862000,11.487
2026/04/29 15:44:42,863000,11.487
2026/04/29 15:44:42,864000,11.482
2026/04/29 15:44:42,865000,11.485
2026/04/29 15:44:42,866000,11.487
2026/04/29 15:44:42,867000,11.485
2026/04/29 15:44:42,868000,11.479
2026/04/29 15:44:42,869000,11.487
2026/04/29 15:44:42,870000,11.482
2026/04/29 15:44:42,871000,11.476
2026/04/29 15:44:42,872000,11.487
2026/04/29 15:44:42,873000,11.485
2026/04/29 15:44:42,874000,11.485
2026/04/29 15:44:42,875000,11.485
2026/04/29 15:44:42,876000,11.485
2026/04/29 15:44:42,877000,11.479
2026/04/29 15:44:42,878000,11.479
2026/04/29 15:44:42,879000,11.487
2026/04/29 15:44:42,880000,11.485
2026/04/29 15:44:42,881000,11.487
2026/04/29 15:44:42,882000,11.487
2026/04/29 15:44:42,883000,11.485
2026/04/29 15:44:42,884000,11.487
2026/04/29 15:44:42,885000,11.487
2026/04/29 15:44:42,886000,11.487
2026/04/29 15:44:42,887000,11.487
2026/04/29 15:44:42,888000,11.487
2026/04/29 15:44:42,889000,11.487
2026/04/29 15:44:42,890000,11.487
2026/04/29 15:44:42,891000,11.476
2026/04/29 15:44:42,892000,11.482
2026/04/29 15:44:42,893000,11.482
2026/04/29 15:44:42,894000,11.487
2026/04/29 15:44:42,895000,11.482
2026/04/29 15:44:42,896000,11.479
2026/04/29 15:44:42,897000,11.479
2026/04/29 15:44:42,898000,11.482
2026/04/29 15:44:42,899000,11.482
2026/04/29 15:44:42,900000,11.485
2026/04/29 15:44:42,901000,11.485
2026/04/29 15:44:42,902000,11.482
2026/04/29 15:44:42,903000,11.482
2026/04/29 15:44:42,904000,11.487
2026/04/29 15:44:42,905000,11.487
2026/04/29 15:44:42,906000,11.487
2026/04/29 15:44:42,907000,11.485
2026/04/29 15:44:42,908000,11.499
2026/04/29 15:44:42,909000,11.485
2026/04/29 15:44:42,910000,11.487
2026/04/29 15:44:42,911000,11.487
2026/04/29 15:44:42,912000,11.479
2026/04/29 15:44:42,913000,11.482
2026/04/29 15:44:42,914000,11.482
2026/04/29 15:44:42,915000,11.487
2026/04/29 15:44:42,916000,11.482
2026/04/29 15:44:42,917000,11.485
2026/04/29 15:44:42,918000,11.482
2026/04/29 15:44:42,919000,11.490
2026/04/29 15:44:42,920000,11.487
2026/04/29 15:44:42,921000,11.487
2026/04/29 15:44:42,922000,11.485
2026/04/29 15:44:42,923000,11.482
2026/04/29 15:44:42,924000,11.485
2026/04/29 15:44:42,925000,11.482
2026/04/29 15:44:42,926000,11.479
2026/04/29 15:44:42,927000,11.479
2026/04/29 15:44:42,928000,11.479
2026/04/29 15:44:42,929000,11.479
2026/04/29 15:44:42,930000,11.485
2026/04/29 15:44:42,931000,11.490
2026/04/29 15:44:42,932000,11.482
2026/04/29 15:44:42,933000,11.479
2026/04/29 15:44:42,934000,11.485
2026/04/29 15:44:42,935000,11.485
2026/04/29 15:44:42,936000,11.482
2026/04/29 15:44:42,937000,11.482
2026/04/29 15:44:42,938000,11.471
2026/04/29 15:44:42,939000,11.479
2026/04/29 15:44:42,940000,11.482
2026/04/29 15:44:42,941000,11.487
2026/04/29 15:44:42,942000,11.482
2026/04/29 15:44:42,943000,11.479
2026/04/29 15:44:42,944000,11.482
2026/04/29 15:44:42,945000,11.471
2026/04/29 15:44:42,946000,11.485
2026/04/29 15:44:42,947000,11.485
2026/04/29 15:44:42,948000,11.485
2026/04/29 15:44:42,949000,11.485
2026/04/29 15:44:42,950000,11.485
2026/04/29 15:44:42,951000,11.479
2026/04/29 15:44:42,952000,11.487
2026/04/29 15:44:42,953000,11.490
2026/04/29 15:44:42,954000,11.487
2026/04/29 15:44:42,955000,11.482
2026/04/29 15:44:42,956000,11.482
2026/04/29 15:44:42,957000,11.482
2026/04/29 15:44:42,958000,11.479
2026/04/29 15:44:42,959000,11.487
2026/04/29 15:44:42,960000,11.482
2026/04/29 15:44:42,961000,11.487
2026/04/29 15:44:42,962000,11.482
2026/04/29 15:44:42,963000,11.476
2026/04/29 15:44:42,964000,11.482
2026/04/29 15:44:42,965000,11.482
2026/04/29 15:44:42,966000,11.479
2026/04/29 15:44:42,967000,11.482
2026/04/29 15:44:42,968000,11.482
2026/04/29 15:44:42,969000,11.482
2026/04/29 15:44:42,970000,11.473
2026/04/29 15:44:42,971000,11.482
2026/04/29 15:44:42,972000,11.487
2026/04/29 15:44:42,973000,11.482
2026/04/29 15:44:42,974000,11.482
2026/04/29 15:44:42,975000,11.490
2026/04/29 15:44:42,976000,11.479
2026/04/29 15:44:42,977000,11.485
2026/04/29 15:44:42,978000,11.482
2026/04/29 15:44:42,979000,11.479
2026/04/29 15:44:42,980000,11.479
2026/04/29 15:44:42,981000,11.482
2026/04/29 15:44:42,982000,11.482
2026/04/29 15:44:42,983000,11.479
2026/04/29 15:44:42,984000,11.487
2026/04/29 15:44:42,985000,11.485
2026/04/29 15:44:42,986000,11.487
2026/04/29 15:44:42,987000,11.482
2026/04/29 15:44:42,988000,11.485
2026/04/29 15:44:42,989000,11.485
2026/04/29 15:44:42,990000,11.482
2026/04/29 15:44:42,991000,11.482
2026/04/29 15:44:42,992000,11.479
2026/04/29 15:44:42,993000,11.485
2026/04/29 15:44:42,994000,11.482
2026/04/29 15:44:42,995000,11.485
2026/04/29 15:44:42,996000,11.485
2026/04/29 15:44:42,997000,11.482
2026/04/29 15:44:42,998000,11.485
2026/04/29 15:44:42,999000,11.479
2026/04/29 15:44:43,000000,11.482
2026/04/29 15:44:43,001000,11.490
2026/04/29 15:44:43,002000,11.482
2026/04/29 15:44:43,003000,11.482
2026/04/29 15:44:43,004000,11.479
2026/04/29 15:44:43,005000,11.485
2026/04/29 15:44:43,006000,11.487
2026/04/29 15:44:43,007000,11.482
2026/04/29 15:44:43,008000,11.485
2026/04/29 15:44:43,009000,11.485
2026/04/29 15:44:43,010000,11.482
2026/04/29 15:44:43,011000,11.482
2026/04/29 15:44:43,012000,11.479
2026/04/29 15:44:43,013000,11.485
2026/04/29 15:44:43,014000,11.482
2026/04/29 15:44:43,015000,11.479
2026/04/29 15:44:43,016000,11.476
2026/04/29 15:44:43,017000,11.485
2026/04/29 15:44:43,018000,11.485
2026/04/29 15:44:43,019000,11.485
2026/04/29 15:44:43,020000,11.482
2026/04/29 15:44:43,021000,11.487
2026/04/29 15:44:43,022000,11.487
2026/04/29 15:44:43,023000,11.482
2026/04/29 15:44:43,024000,11.485
2026/04/29 15:44:43,025000,11.485
2026/04/29 15:44:43,026000,11.482
2026/04/29 15:44:43,027000,11.479
2026/04/29 15:44:43,028000,11.482
2026/04/29 15:44:43,029000,11.482
2026/04/29 15:44:43,030000,11.482
2026/04/29 15:44:43,031000,11.482
2026/04/29 15:44:43,032000,11.485
2026/04/29 15:44:43,033000,11.485
2026/04/29 15:44:43,034000,11.482
2026/04/29 15:44:43,035000,11.482
2026/04/29 15:44:43,036000,11.482
2026/04/29 15:44:43,037000,11.479
2026/04/29 15:44:43,038000,11.482
2026/04/29 15:44:43,039000,11.482
2026/04/29 15:44:43,040000,11.482
2026/04/29 15:44:43,041000,11.476
2026/04/29 15:44:43,042000,11.476
2026/04/29 15:44:43,043000,11.479
2026/04/29 15:44:43,044000,11.490
2026/04/29 15:44:43,045000,11.482
2026/04/29 15:44:43,046000,11.479
2026/04/29 15:44:43,047000,11.479
2026/04/29 15:44:43,048000,11.482
2026/04/29 15:44:43,049000,11.487
2026/04/29 15:44:43,050000,11.482
2026/04/29 15:44:43,051000,11.479
2026/04/29 15:44:43,052000,11.476
2026/04/29 15:44:43,053000,11.479
2026/04/29 15:44:43,054000,11.487
2026/04/29 15:44:43,055000,11.485
2026/04/29 15:44:43,056000,11.482
2026/04/29 15:44:43,057000,11.479
2026/04/29 15:44:43,058000,11.485
2026/04/29 15:44:43,059000,11.479
2026/04/29 15:44:43,060000,11.485
2026/04/29 15:44:43,061000,11.482
2026/04/29 15:44:43,062000,11.490
2026/04/29 15:44:43,063000,11.479
2026/04/29 15:44:43,064000,11.487
2026/04/29 15:44:43,065000,11.476
2026/04/29 15:44:43,066000,11.487
2026/04/29 15:44:43,067000,11.476
2026/04/29 15:44:43,068000,11.487
2026/04/29 15:44:43,069000,11.479
2026/04/29 15:44:43,070000,11.482
2026/04/29 15:44:43,071000,11.485
2026/04/29 15:44:43,072000,11.487
2026/04/29 15:44:43,073000,11.482
2026/04/29 15:44:43,074000,11.485
2026/04/29 15:44:43,075000,11.482
2026/04/29 15:44:43,076000,11.496
2026/04/29 15:44:43,077000,11.479
2026/04/29 15:44:43,078000,11.479
2026/04/29 15:44:43,079000,11.482
2026/04/29 15:44:43,080000,11.485
2026/04/29 15:44:43,081000,11.487
2026/04/29 15:44:43,082000,11.490
2026/04/29 15:44:43,083000,11.482
2026/04/29 15:44:43,084000,11.487
2026/04/29 15:44:43,085000,11.482
2026/04/29 15:44:43,086000,11.485
2026/04/29 15:44:43,087000,11.490
2026/04/29 15:44:43,088000,11.487
2026/04/29 15:44:43,089000,11.485
2026/04/29 15:44:43,090000,11.487
2026/04/29 15:44:43,091000,11.482
2026/04/29 15:44:43,092000,11.485
2026/04/29 15:44:43,093000,11.479
2026/04/29 15:44:43,094000,11.479
2026/04/29 15:44:43,095000,11.482
2026/04/29 15:44:43,096000,11.482
2026/04/29 15:44:43,097000,11.490
2026/04/29 15:44:43,098000,11.476
2026/04/29 15:44:43,099000,11.485
2026/04/29 15:44:43,100000,11.487
2026/04/29 15:44:43,101000,11.482
2026/04/29 15:44:43,102000,11.482
2026/04/29 15:44:43,103000,11.487
2026/04/29 15:44:43,104000,11.482
2026/04/29 15:44:43,105000,11.479
2026/04/29 15:44:43,106000,11.487
2026/04/29 15:44:43,107000,11.482
2026/04/29 15:44:43,108000,11.482
2026/04/29 15:44:43,109000,11.487
2026/04/29 15:44:43,110000,11.482
2026/04/29 15:44:43,111000,11.487
2026/04/29 15:44:43,112000,11.482
2026/04/29 15:44:43,113000,11.485
2026/04/29 15:44:43,114000,11.482
2026/04/29 15:44:43,115000,11.482
2026/04/29 15:44:43,116000,11.479
2026/04/29 15:44:43,117000,11.476
2026/04/29 15:44:43,118000,11.487
2026/04/29 15:44:43,119000,11.479
2026/04/29 15:44:43,120000,11.487
2026/04/29 15:44:43,121000,11.482
2026/04/29 15:44:43,122000,11.479
2026/04/29 15:44:43,123000,11.482
2026/04/29 15:44:43,124000,11.479
2026/04/29 15:44:43,125000,11.487
2026/04/29 15:44:43,126000,11.482
2026/04/29 15:44:43,127000,11.490
2026/04/29 15:44:43,128000,11.482
2026/04/29 15:44:43,129000,11.487
2026/04/29 15:44:43,130000,11.487
2026/04/29 15:44:43,131000,11.493
2026/04/29 15:44:43,132000,11.479
2026/04/29 15:44:43,133000,11.487
2026/04/29 15:44:43,134000,11.485
2026/04/29 15:44:43,135000,11.482
2026/04/29 15:44:43,136000,11.487
2026/04/29 15:44:43,137000,11.482
2026/04/29 15:44:43,138000,11.485
2026/04/29 15:44:43,139000,11.479
2026/04/29 15:44:43,140000,11.485
2026/04/29 15:44:43,141000,11.479
2026/04/29 15:44:43,142000,11.482
2026/04/29 15:44:43,143000,11.487
2026/04/29 15:44:43,144000,11.485
2026/04/29 15:44:43,145000,11.485
2026/04/29 15:44:43,146000,11.485
2026/04/29 15:44:43,147000,11.487
2026/04/29 15:44:43,148000,11.485
2026/04/29 15:44:43,149000,11.487
2026/04/29 15:44:43,150000,11.485
2026/04/29 15:44:43,151000,11.485
2026/04/29 15:44:43,152000,11.482
2026/04/29 15:44:43,153000,11.485
2026/04/29 15:44:43,154000,11.482
2026/04/29 15:44:43,155000,11.479
2026/04/29 15:44:43,156000,11.490
2026/04/29 15:44:43,157000,11.482
2026/04/29 15:44:43,158000,11.485
2026/04/29 15:44:43,159000,11.482
2026/04/29 15:44:43,160000,11.482
2026/04/29 15:44:43,161000,11.485
2026/04/29 15:44:43,162000,11.487
2026/04/29 15:44:43,163000,11.493
2026/04/29 15:44:43,164000,11.490
2026/04/29 15:44:43,165000,11.476
2026/04/29 15:44:43,166000,11.485
2026/04/29 15:44:43,167000,11.482
2026/04/29 15:44:43,168000,11.482
2026/04/29 15:44:43,169000,11.485
2026/04/29 15:44:43,170000,11.485
2026/04/29 15:44:43,171000,11.479
2026/04/29 15:44:43,172000,11.487
2026/04/29 15:44:43,173000,11.482
2026/04/29 15:44:43,174000,11.479
2026/04/29 15:44:43,175000,11.487
2026/04/29 15:44:43,176000,11.482
2026/04/29 15:44:43,177000,11.482
2026/04/29 15:44:43,178000,11.485
2026/04/29 15:44:43,179000,11.487
2026/04/29 15:44:43,180000,11.485
2026/04/29 15:44:43,181000,11.485
2026/04/29 15:44:43,182000,11.487
2026/04/29 15:44:43,183000,11.487
2026/04/29 15:44:43,184000,11.485
2026/04/29 15:44:43,185000,11.479
2026/04/29 15:44:43,186000,11.485
2026/04/29 15:44:43,187000,11.482
2026/04/29 15:44:43,188000,11.482
2026/04/29 15:44:43,189000,11.482
2026/04/29 15:44:43,190000,11.487
2026/04/29 15:44:43,191000,11.485
2026/04/29 15:44:43,192000,11.485
2026/04/29 15:44:43,193000,11.493
2026/04/29 15:44:43,194000,11.482
2026/04/29 15:44:43,195000,11.490
2026/04/29 15:44:43,196000,11.485
2026/04/29 15:44:43,197000,11.482
2026/04/29 15:44:43,198000,11.485
2026/04/29 15:44:43,199000,11.485
2026/04/29 15:44:43,200000,11.482
2026/04/29 15:44:43,201000,11.487
2026/04/29 15:44:43,202000,11.482
2026/04/29 15:44:43,203000,11.487
2026/04/29 15:44:43,204000,11.479
2026/04/29 15:44:43,205000,11.485
2026/04/29 15:44:43,206000,11.485
2026/04/29 15:44:43,207000,11.487
2026/04/29 15:44:43,208000,11.479
2026/04/29 15:44:43,209000,11.485
2026/04/29 15:44:43,210000,11.479
2026/04/29 15:44:43,211000,11.479
2026/04/29 15:44:43,212000,11.485
2026/04/29 15:44:43,213000,11.490
2026/04/29 15:44:43,214000,11.482
2026/04/29 15:44:43,215000,11.485
2026/04/29 15:44:43,216000,11.487
2026/04/29 15:44:43,217000,11.482
2026/04/29 15:44:43,218000,11.485
2026/04/29 15:44:43,219000,11.482
2026/04/29 15:44:43,220000,11.485
2026/04/29 15:44:43,221000,11.482
2026/04/29 15:44:43,222000,11.493
2026/04/29 15:44:43,223000,11.485
2026/04/29 15:44:43,224000,11.482
2026/04/29 15:44:43,225000,11.485
2026/04/29 15:44:43,226000,11.490
2026/04/29 15:44:43,227000,11.485
2026/04/29 15:44:43,228000,11.487
2026/04/29 15:44:43,229000,11.479
2026/04/29 15:44:43,230000,11.487
2026/04/29 15:44:43,231000,11.485
2026/04/29 15:44:43,232000,11.487
2026/04/29 15:44:43,233000,11.487
2026/04/29 15:44:43,234000,11.485
2026/04/29 15:44:43,235000,11.487
2026/04/29 15:44:43,236000,11.482
2026/04/29 15:44:43,237000,11.482
2026/04/29 15:44:43,238000,11.482
2026/04/29 15:44:43,239000,11.485
2026/04/29 15:44:43,240000,11.487
2026/04/29 15:44:43,241000,11.487
2026/04/29 15:44:43,242000,11.487
2026/04/29 15:44:43,243000,11.485
2026/04/29 15:44:43,244000,11.482
2026/04/29 15:44:43,245000,11.490
2026/04/29 15:44:43,246000,11.485
2026/04/29 15:44:43,247000,11.482
2026/04/29 15:44:43,248000,11.485
2026/04/29 15:44:43,249000,11.487
2026/04/29 15:44:43,250000,11.485
2026/04/29 15:44:43,251000,11.487
2026/04/29 15:44:43,252000,11.482
2026/04/29 15:44:43,253000,11.482
2026/04/29 15:44:43,254000,11.487
2026/04/29 15:44:43,255000,11.482
2026/04/29 15:44:43,256000,11.485
2026/04/29 15:44:43,257000,11.482
2026/04/29 15:44:43,258000,11.487
2026/04/29 15:44:43,259000,11.487
2026/04/29 15:44:43,260000,11.487
2026/04/29 15:44:43,261000,11.487
2026/04/29 15:44:43,262000,11.485
2026/04/29 15:44:43,263000,11.485
2026/04/29 15:44:43,264000,11.485
2026/04/29 15:44:43,265000,11.485
2026/04/29 15:44:43,266000,11.476
2026/04/29 15:44:43,267000,11.482
2026/04/29 15:44:43,268000,11.482
2026/04/29 15:44:43,269000,11.485
2026/04/29 15:44:43,270000,11.490
2026/04/29 15:44:43,271000,11.487
2026/04/29 15:44:43,272000,11.482
2026/04/29 15:44:43,273000,11.487
2026/04/29 15:44:43,274000,11.482
2026/04/29 15:44:43,275000,11.490
2026/04/29 15:44:43,276000,11.487
2026/04/29 15:44:43,277000,11.482
2026/04/29 15:44:43,278000,11.487
2026/04/29 15:44:43,279000,11.482
2026/04/29 15:44:43,280000,11.485
2026/04/29 15:44:43,281000,11.487
2026/04/29 15:44:43,282000,11.490
2026/04/29 15:44:43,283000,11.482
2026/04/29 15:44:43,284000,11.490
2026/04/29 15:44:43,285000,11.476
2026/04/29 15:44:43,286000,11.490
2026/04/29 15:44:43,287000,11.487
2026/04/29 15:44:43,288000,11.487
2026/04/29 15:44:43,289000,11.485
2026/04/29 15:44:43,290000,11.485
2026/04/29 15:44:43,291000,11.482
2026/04/29 15:44:43,292000,11.487
2026/04/29 15:44:43,293000,11.485
2026/04/29 15:44:43,294000,11.487
2026/04/29 15:44:43,295000,11.487
2026/04/29 15:44:43,296000,11.490
2026/04/29 15:44:43,297000,11.482
2026/04/29 15:44:43,298000,11.485
2026/04/29 15:44:43,299000,11.485
2026/04/29 15:44:43,300000,11.485
2026/04/29 15:44:43,301000,11.490
2026/04/29 15:44:43,302000,11.490
2026/04/29 15:44:43,303000,11.482
2026/04/29 15:44:43,304000,11.485
2026/04/29 15:44:43,305000,11.482
2026/04/29 15:44:43,306000,11.482
2026/04/29 15:44:43,307000,11.485
2026/04/29 15:44:43,308000,11.482
2026/04/29 15:44:43,309000,11.490
2026/04/29 15:44:43,310000,11.485
2026/04/29 15:44:43,311000,11.493
2026/04/29 15:44:43,312000,11.479
2026/04/29 15:44:43,313000,11.485
2026/04/29 15:44:43,314000,11.485
2026/04/29 15:44:43,315000,11.479
2026/04/29 15:44:43,316000,11.482
2026/04/29 15:44:43,317000,11.482
2026/04/29 15:44:43,318000,11.485
2026/04/29 15:44:43,319000,11.485
2026/04/29 15:44:43,320000,11.485
2026/04/29 15:44:43,321000,11.487
2026/04/29 15:44:43,322000,11.485
2026/04/29 15:44:43,323000,11.487
2026/04/29 15:44:43,324000,11.482
2026/04/29 15:44:43,325000,11.487
2026/04/29 15:44:43,326000,11.482
2026/04/29 15:44:43,327000,11.482
2026/04/29 15:44:43,328000,11.487
2026/04/29 15:44:43,329000,11.485
2026/04/29 15:44:43,330000,11.490
2026/04/29 15:44:43,331000,11.487
2026/04/29 15:44:43,332000,11.490
2026/04/29 15:44:43,333000,11.485
2026/04/29 15:44:43,334000,11.485
2026/04/29 15:44:43,335000,11.487
2026/04/29 15:44:43,336000,11.504
2026/04/29 15:44:43,337000,11.479
2026/04/29 15:44:43,338000,11.485
2026/04/29 15:44:43,339000,11.490
2026/04/29 15:44:43,340000,11.487
2026/04/29 15:44:43,341000,11.482
2026/04/29 15:44:43,342000,11.487
2026/04/29 15:44:43,343000,11.487
2026/04/29 15:44:43,344000,11.485
2026/04/29 15:44:43,345000,11.482
2026/04/29 15:44:43,346000,11.485
2026/04/29 15:44:43,347000,11.482
2026/04/29 15:44:43,348000,11.487
2026/04/29 15:44:43,349000,11.485
2026/04/29 15:44:43,350000,11.485
2026/04/29 15:44:43,351000,11.482
2026/04/29 15:44:43,352000,11.482
2026/04/29 15:44:43,353000,11.485
2026/04/29 15:44:43,354000,11.490
2026/04/29 15:44:43,355000,11.490
2026/04/29 15:44:43,356000,11.482
2026/04/29 15:44:43,357000,11.479
2026/04/29 15:44:43,358000,11.485
2026/04/29 15:44:43,359000,11.485
2026/04/29 15:44:43,360000,11.479
2026/04/29 15:44:43,361000,11.482
2026/04/29 15:44:43,362000,11.479
2026/04/29 15:44:43,363000,11.487
2026/04/29 15:44:43,364000,11.479
2026/04/29 15:44:43,365000,11.479
2026/04/29 15:44:43,366000,11.487
2026/04/29 15:44:43,367000,11.485
2026/04/29 15:44:43,368000,11.482
2026/04/29 15:44:43,369000,11.482
2026/04/29 15:44:43,370000,11.485
2026/04/29 15:44:43,371000,11.490
2026/04/29 15:44:43,372000,11.485
2026/04/29 15:44:43,373000,11.482
2026/04/29 15:44:43,374000,11.479
2026/04/29 15:44:43,375000,11.482
2026/04/29 15:44:43,376000,11.487
2026/04/29 15:44:43,377000,11.487
2026/04/29 15:44:43,378000,11.485
2026/04/29 15:44:43,379000,11.482
2026/04/29 15:44:43,380000,11.487
2026/04/29 15:44:43,381000,11.490
2026/04/29 15:44:43,382000,11.482
2026/04/29 15:44:43,383000,11.490
2026/04/29 15:44:43,384000,11.487
2026/04/29 15:44:43,385000,11.485
2026/04/29 15:44:43,386000,11.487
2026/04/29 15:44:43,387000,11.487
2026/04/29 15:44:43,388000,11.490
2026/04/29 15:44:43,389000,11.482
2026/04/29 15:44:43,390000,11.479
2026/04/29 15:44:43,391000,11.485
2026/04/29 15:44:43,392000,11.487
2026/04/29 15:44:43,393000,11.482
2026/04/29 15:44:43,394000,11.485
2026/04/29 15:44:43,395000,11.487
2026/04/29 15:44:43,396000,11.485
2026/04/29 15:44:43,397000,11.490
2026/04/29 15:44:43,398000,11.487
2026/04/29 15:44:43,399000,11.482
2026/04/29 15:44:43,400000,11.482
2026/04/29 15:44:43,401000,11.487
2026/04/29 15:44:43,402000,11.482
2026/04/29 15:44:43,403000,11.490
2026/04/29 15:44:43,404000,11.482
2026/04/29 15:44:43,405000,11.487
2026/04/29 15:44:43,406000,11.487
2026/04/29 15:44:43,407000,11.490
2026/04/29 15:44:43,408000,11.485
2026/04/29 15:44:43,409000,11.490
2026/04/29 15:44:43,410000,11.487
2026/04/29 15:44:43,411000,11.487
2026/04/29 15:44:43,412000,11.487
2026/04/29 15:44:43,413000,11.493
2026/04/29 15:44:43,414000,11.490
2026/04/29 15:44:43,415000,11.482
2026/04/29 15:44:43,416000,11.482
2026/04/29 15:44:43,417000,11.485
2026/04/29 15:44:43,418000,11.482
2026/04/29 15:44:43,419000,11.485
2026/04/29 15:44:43,420000,11.485
2026/04/29 15:44:43,421000,11.493
2026/04/29 15:44:43,422000,11.487
2026/04/29 15:44:43,423000,11.490
2026/04/29 15:44:43,424000,11.487
2026/04/29 15:44:43,425000,11.490
2026/04/29 15:44:43,426000,11.487
2026/04/29 15:44:43,427000,11.471
2026/04/29 15:44:43,428000,11.485
2026/04/29 15:44:43,429000,11.482
2026/04/29 15:44:43,430000,11.487
2026/04/29 15:44:43,431000,11.490
2026/04/29 15:44:43,432000,11.485
2026/04/29 15:44:43,433000,11.485
2026/04/29 15:44:43,434000,11.485
2026/04/29 15:44:43,435000,11.482
2026/04/29 15:44:43,436000,11.487
2026/04/29 15:44:43,437000,11.485
2026/04/29 15:44:43,438000,11.490
2026/04/29 15:44:43,439000,11.487
2026/04/29 15:44:43,440000,11.485
2026/04/29 15:44:43,441000,11.485
2026/04/29 15:44:43,442000,11.490
2026/04/29 15:44:43,443000,11.485
2026/04/29 15:44:43,444000,11.482
2026/04/29 15:44:43,445000,11.485
2026/04/29 15:44:43,446000,11.482
2026/04/29 15:44:43,447000,11.482
2026/04/29 15:44:43,448000,11.485
2026/04/29 15:44:43,449000,11.479
2026/04/29 15:44:43,450000,11.490
2026/04/29 15:44:43,451000,11.490
2026/04/29 15:44:43,452000,11.490
2026/04/29 15:44:43,453000,11.485
2026/04/29 15:44:43,454000,11.482
2026/04/29 15:44:43,455000,11.490
2026/04/29 15:44:43,456000,11.485
2026/04/29 15:44:43,457000,11.485
2026/04/29 15:44:43,458000,11.487
2026/04/29 15:44:43,459000,11.485
2026/04/29 15:44:43,460000,11.493
2026/04/29 15:44:43,461000,11.487
2026/04/29 15:44:43,462000,11.490
2026/04/29 15:44:43,463000,11.487
2026/04/29 15:44:43,464000,11.487
2026/04/29 15:44:43,465000,11.485
2026/04/29 15:44:43,466000,11.485
2026/04/29 15:44:43,467000,11.485
2026/04/29 15:44:43,468000,11.485
2026/04/29 15:44:43,469000,11.493
2026/04/29 15:44:43,470000,11.485
2026/04/29 15:44:43,471000,11.490
2026/04/29 15:44:43,472000,11.485
2026/04/29 15:44:43,473000,11.493
2026/04/29 15:44:43,474000,11.485
2026/04/29 15:44:43,475000,11.493
2026/04/29 15:44:43,476000,11.501
2026/04/29 15:44:43,477000,11.479
2026/04/29 15:44:43,478000,11.482
2026/04/29 15:44:43,479000,11.482
2026/04/29 15:44:43,480000,11.485
2026/04/29 15:44:43,481000,11.485
2026/04/29 15:44:43,482000,11.490
2026/04/29 15:44:43,483000,11.482
2026/04/29 15:44:43,484000,11.490
2026/04/29 15:44:43,485000,11.487
2026/04/29 15:44:43,486000,11.490
2026/04/29 15:44:43,487000,11.485
2026/04/29 15:44:43,488000,11.485
2026/04/29 15:44:43,489000,11.485
2026/04/29 15:44:43,490000,11.487
2026/04/29 15:44:43,491000,11.487
2026/04/29 15:44:43,492000,11.487
2026/04/29 15:44:43,493000,11.490
2026/04/29 15:44:43,494000,11.485
2026/04/29 15:44:43,495000,11.490
2026/04/29 15:44:43,496000,11.487
2026/04/29 15:44:43,497000,11.487
2026/04/29 15:44:43,498000,11.487
2026/04/29 15:44:43,499000,11.485
2026/04/29 15:44:43,500000,11.485
2026/04/29 15:44:43,501000,11.493
2026/04/29 15:44:43,502000,11.487
2026/04/29 15:44:43,503000,11.487
2026/04/29 15:44:43,504000,11.485
2026/04/29 15:44:43,505000,11.487
2026/04/29 15:44:43,506000,11.485
2026/04/29 15:44:43,507000,11.485
2026/04/29 15:44:43,508000,11.490
2026/04/29 15:44:43,509000,11.482
2026/04/29 15:44:43,510000,11.485
2026/04/29 15:44:43,511000,11.487
2026/04/29 15:44:43,512000,11.490
2026/04/29 15:44:43,513000,11.490
2026/04/29 15:44:43,514000,11.485
2026/04/29 15:44:43,515000,11.485
2026/04/29 15:44:43,516000,11.482
2026/04/29 15:44:43,517000,11.479
2026/04/29 15:44:43,518000,11.485
2026/04/29 15:44:43,519000,11.482
2026/04/29 15:44:43,520000,11.487
2026/04/29 15:44:43,521000,11.487
2026/04/29 15:44:43,522000,11.487
2026/04/29 15:44:43,523000,11.485
2026/04/29 15:44:43,524000,11.487
2026/04/29 15:44:43,525000,11.482
2026/04/29 15:44:43,526000,11.482
2026/04/29 15:44:43,527000,11.482
2026/04/29 15:44:43,528000,11.482
2026/04/29 15:44:43,529000,11.487
2026/04/29 15:44:43,530000,11.487
2026/04/29 15:44:43,531000,11.485
2026/04/29 15:44:43,532000,11.490
2026/04/29 15:44:43,533000,11.490
2026/04/29 15:44:43,534000,11.485
2026/04/29 15:44:43,535000,11.487
2026/04/29 15:44:43,536000,11.490
2026/04/29 15:44:43,537000,11.482
2026/04/29 15:44:43,538000,11.485
2026/04/29 15:44:43,539000,11.487
2026/04/29 15:44:43,540000,11.490
2026/04/29 15:44:43,541000,11.485
2026/04/29 15:44:43,542000,11.490
2026/04/29 15:44:43,543000,11.493
2026/04/29 15:44:43,544000,11.490
2026/04/29 15:44:43,545000,11.487
2026/04/29 15:44:43,546000,11.485
2026/04/29 15:44:43,547000,11.490
2026/04/29 15:44:43,548000,11.482
2026/04/29 15:44:43,549000,11.487
2026/04/29 15:44:43,550000,11.482
2026/04/29 15:44:43,551000,11.485
2026/04/29 15:44:43,552000,11.485
2026/04/29 15:44:43,553000,11.482
2026/04/29 15:44:43,554000,11.490
2026/04/29 15:44:43,555000,11.490
2026/04/29 15:44:43,556000,11.487
2026/04/29 15:44:43,557000,11.487
2026/04/29 15:44:43,558000,11.482
2026/04/29 15:44:43,559000,11.482
2026/04/29 15:44:43,560000,11.487
2026/04/29 15:44:43,561000,11.482
2026/04/29 15:44:43,562000,11.487
2026/04/29 15:44:43,563000,11.490
2026/04/29 15:44:43,564000,11.493
2026/04/29 15:44:43,565000,11.485
2026/04/29 15:44:43,566000,11.487
2026/04/29 15:44:43,567000,11.482
2026/04/29 15:44:43,568000,11.485
2026/04/29 15:44:43,569000,11.487
2026/04/29 15:44:43,570000,11.482
2026/04/29 15:44:43,571000,11.479
2026/04/29 15:44:43,572000,11.487
2026/04/29 15:44:43,573000,11.482
2026/04/29 15:44:43,574000,11.482
2026/04/29 15:44:43,575000,11.487
2026/04/29 15:44:43,576000,11.485
2026/04/29 15:44:43,577000,11.485
2026/04/29 15:44:43,578000,11.490
2026/04/29 15:44:43,579000,11.482
2026/04/29 15:44:43,580000,11.482
2026/04/29 15:44:43,581000,11.485
2026/04/29 15:44:43,582000,11.485
2026/04/29 15:44:43,583000,11.496
2026/04/29 15:44:43,584000,11.487
2026/04/29 15:44:43,585000,11.482
2026/04/29 15:44:43,586000,11.487
2026/04/29 15:44:43,587000,11.485
2026/04/29 15:44:43,588000,11.487
2026/04/29 15:44:43,589000,11.490
2026/04/29 15:44:43,590000,11.485
2026/04/29 15:44:43,591000,11.487
2026/04/29 15:44:43,592000,11.485
2026/04/29 15:44:43,593000,11.482
2026/04/29 15:44:43,594000,11.490
2026/04/29 15:44:43,595000,11.487
2026/04/29 15:44:43,596000,11.490
2026/04/29 15:44:43,597000,11.485
2026/04/29 15:44:43,598000,11.482
2026/04/29 15:44:43,599000,11.493
2026/04/29 15:44:43,600000,11.482
2026/04/29 15:44:43,601000,11.485
2026/04/29 15:44:43,602000,11.487
2026/04/29 15:44:43,603000,11.487
2026/04/29 15:44:43,604000,11.479
2026/04/29 15:44:43,605000,11.485
2026/04/29 15:44:43,606000,11.485
2026/04/29 15:44:43,607000,11.490
2026/04/29 15:44:43,608000,11.487
2026/04/29 15:44:43,609000,11.490
2026/04/29 15:44:43,610000,11.485
2026/04/29 15:44:43,611000,11.487
2026/04/29 15:44:43,612000,11.485
2026/04/29 15:44:43,613000,11.485
2026/04/29 15:44:43,614000,11.485
2026/04/29 15:44:43,615000,11.487
2026/04/29 15:44:43,616000,11.485
2026/04/29 15:44:43,617000,11.487
2026/04/29 15:44:43,618000,11.485
2026/04/29 15:44:43,619000,11.482
2026/04/29 15:44:43,620000,11.487
2026/04/29 15:44:43,621000,11.485
2026/04/29 15:44:43,622000,11.485
2026/04/29 15:44:43,623000,11.485
2026/04/29 15:44:43,624000,11.482
2026/04/29 15:44:43,625000,11.485
2026/04/29 15:44:43,626000,11.490
2026/04/29 15:44:43,627000,11.485
2026/04/29 15:44:43,628000,11.476
2026/04/29 15:44:43,629000,11.487
2026/04/29 15:44:43,630000,11.490
2026/04/29 15:44:43,631000,11.487
2026/04/29 15:44:43,632000,11.487
2026/04/29 15:44:43,633000,11.490
2026/04/29 15:44:43,634000,11.487
2026/04/29 15:44:43,635000,11.482
2026/04/29 15:44:43,636000,11.485
2026/04/29 15:44:43,637000,11.490
2026/04/29 15:44:43,638000,11.482
2026/04/29 15:44:43,639000,11.485
2026/04/29 15:44:43,640000,11.493
2026/04/29 15:44:43,641000,11.487
2026/04/29 15:44:43,642000,11.482
2026/04/29 15:44:43,643000,11.479
2026/04/29 15:44:43,644000,11.485
2026/04/29 15:44:43,645000,11.490
2026/04/29 15:44:43,646000,11.485
2026/04/29 15:44:43,647000,11.490
2026/04/29 15:44:43,648000,11.485
2026/04/29 15:44:43,649000,11.485
2026/04/29 15:44:43,650000,11.482
2026/04/29 15:44:43,651000,11.482
2026/04/29 15:44:43,652000,11.487
2026/04/29 15:44:43,653000,11.487
2026/04/29 15:44:43,654000,11.482
2026/04/29 15:44:43,655000,11.487
2026/04/29 15:44:43,656000,11.490
2026/04/29 15:44:43,657000,11.485
2026/04/29 15:44:43,658000,11.479
2026/04/29 15:44:43,659000,11.493
2026/04/29 15:44:43,660000,11.482
2026/04/29 15:44:43,661000,11.490
2026/04/29 15:44:43,662000,11.485
2026/04/29 15:44:43,663000,11.485
2026/04/29 15:44:43,664000,11.485
2026/04/29 15:44:43,665000,11.487
2026/04/29 15:44:43,666000,11.485
2026/04/29 15:44:43,667000,11.479
2026/04/29 15:44:43,668000,11.482
2026/04/29 15:44:43,669000,11.485
2026/04/29 15:44:43,670000,11.482
2026/04/29 15:44:43,671000,11.485
2026/04/29 15:44:43,672000,11.479
2026/04/29 15:44:43,673000,11.487
2026/04/29 15:44:43,674000,11.485
2026/04/29 15:44:43,675000,11.485
2026/04/29 15:44:43,676000,11.490
2026/04/29 15:44:43,677000,11.493
2026/04/29 15:44:43,678000,11.487
2026/04/29 15:44:43,679000,11.490
2026/04/29 15:44:43,680000,11.487
2026/04/29 15:44:43,681000,11.482
2026/04/29 15:44:43,682000,11.485
2026/04/29 15:44:43,683000,11.490
2026/04/29 15:44:43,684000,11.485
2026/04/29 15:44:43,685000,11.487
2026/04/29 15:44:43,686000,11.482
2026/04/29 15:44:43,687000,11.490
2026/04/29 15:44:43,688000,11.487
2026/04/29 15:44:43,689000,11.493
2026/04/29 15:44:43,690000,11.485
2026/04/29 15:44:43,691000,11.487
2026/04/29 15:44:43,692000,11.485
2026/04/29 15:44:43,693000,11.487
2026/04/29 15:44:43,694000,11.485
2026/04/29 15:44:43,695000,11.487
2026/04/29 15:44:43,696000,11.493
2026/04/29 15:44:43,697000,11.485
2026/04/29 15:44:43,698000,11.482
2026/04/29 15:44:43,699000,11.487
2026/04/29 15:44:43,700000,11.485
2026/04/29 15:44:43,701000,11.482
2026/04/29 15:44:43,702000,11.485
2026/04/29 15:44:43,703000,11.482
2026/04/29 15:44:43,704000,11.485
2026/04/29 15:44:43,705000,11.485
2026/04/29 15:44:43,706000,11.485
2026/04/29 15:44:43,707000,11.485
2026/04/29 15:44:43,708000,11.485
2026/04/29 15:44:43,709000,11.485
2026/04/29 15:44:43,710000,11.487
2026/04/29 15:44:43,711000,11.487
2026/04/29 15:44:43,712000,11.490
2026/04/29 15:44:43,713000,11.485
2026/04/29 15:44:43,714000,11.485
2026/04/29 15:44:43,715000,11.485
2026/04/29 15:44:43,716000,11.482
2026/04/29 15:44:43,717000,11.487
2026/04/29 15:44:43,718000,11.485
2026/04/29 15:44:43,719000,11.485
2026/04/29 15:44:43,720000,11.485
2026/04/29 15:44:43,721000,11.490
2026/04/29 15:44:43,722000,11.487
2026/04/29 15:44:43,723000,11.485
2026/04/29 15:44:43,724000,11.482
2026/04/29 15:44:43,725000,11.479
2026/04/29 15:44:43,726000,11.487
2026/04/29 15:44:43,727000,11.479
2026/04/29 15:44:43,728000,11.485
2026/04/29 15:44:43,729000,11.485
2026/04/29 15:44:43,730000,11.490
2026/04/29 15:44:43,731000,11.490
2026/04/29 15:44:43,732000,11.485
2026/04/29 15:44:43,733000,11.490
2026/04/29 15:44:43,734000,11.487
2026/04/29 15:44:43,735000,11.482
2026/04/29 15:44:43,736000,11.490
2026/04/29 15:44:43,737000,11.487
2026/04/29 15:44:43,738000,11.482
2026/04/29 15:44:43,739000,11.490
2026/04/29 15:44:43,740000,11.490
2026/04/29 15:44:43,741000,11.482
2026/04/29 15:44:43,742000,11.482
2026/04/29 15:44:43,743000,11.490
2026/04/29 15:44:43,744000,11.485
2026/04/29 15:44:43,745000,11.487
2026/04/29 15:44:43,746000,11.485
2026/04/29 15:44:43,747000,11.482
2026/04/29 15:44:43,748000,11.487
2026/04/29 15:44:43,749000,11.482
2026/04/29 15:44:43,750000,11.487
2026/04/29 15:44:43,751000,11.487
2026/04/29 15:44:43,752000,11.487
2026/04/29 15:44:43,753000,11.487
2026/04/29 15:44:43,754000,11.490
2026/04/29 15:44:43,755000,11.482
2026/04/29 15:44:43,756000,11.482
2026/04/29 15:44:43,757000,11.487
2026/04/29 15:44:43,758000,11.479
2026/04/29 15:44:43,759000,11.487
2026/04/29 15:44:43,760000,11.482
2026/04/29 15:44:43,761000,11.487
2026/04/29 15:44:43,762000,11.476
2026/04/29 15:44:43,763000,11.482
2026/04/29 15:44:43,764000,11.487
2026/04/29 15:44:43,765000,11.479
2026/04/29 15:44:43,766000,11.482
2026/04/29 15:44:43,767000,11.487
2026/04/29 15:44:43,768000,11.485
2026/04/29 15:44:43,769000,11.479
2026/04/29 15:44:43,770000,11.485
2026/04/29 15:44:43,771000,11.482
2026/04/29 15:44:43,772000,11.490
2026/04/29 15:44:43,773000,11.485
2026/04/29 15:44:43,774000,11.487
2026/04/29 15:44:43,775000,11.485
2026/04/29 15:44:43,776000,11.482
2026/04/29 15:44:43,777000,11.485
2026/04/29 15:44:43,778000,11.487
2026/04/29 15:44:43,779000,11.479
2026/04/29 15:44:43,780000,11.487
2026/04/29 15:44:43,781000,11.487
2026/04/29 15:44:43,782000,11.487
2026/04/29 15:44:43,783000,11.490
2026/04/29 15:44:43,784000,11.487
2026/04/29 15:44:43,785000,11.487
2026/04/29 15:44:43,786000,11.485
2026/04/29 15:44:43,787000,11.487
2026/04/29 15:44:43,788000,11.485
2026/04/29 15:44:43,789000,11.485
2026/04/29 15:44:43,790000,11.487
2026/04/29 15:44:43,791000,11.485
2026/04/29 15:44:43,792000,11.487
2026/04/29 15:44:43,793000,11.485
2026/04/29 15:44:43,794000,11.479
2026/04/29 15:44:43,795000,11.482
2026/04/29 15:44:43,796000,11.490
2026/04/29 15:44:43,797000,11.490
2026/04/29 15:44:43,798000,11.485
2026/04/29 15:44:43,799000,11.485
2026/04/29 15:44:43,800000,11.482
2026/04/29 15:44:43,801000,11.482
2026/04/29 15:44:43,802000,11.490
2026/04/29 15:44:43,803000,11.487
2026/04/29 15:44:43,804000,11.487
2026/04/29 15:44:43,805000,11.490
2026/04/29 15:44:43,806000,11.487
2026/04/29 15:44:43,807000,11.487
2026/04/29 15:44:43,808000,11.485
2026/04/29 15:44:43,809000,11.490
2026/04/29 15:44:43,810000,11.487
2026/04/29 15:44:43,811000,11.487
2026/04/29 15:44:43,812000,11.485
2026/04/29 15:44:43,813000,11.487
2026/04/29 15:44:43,814000,11.479
2026/04/29 15:44:43,815000,11.487
2026/04/29 15:44:43,816000,11.487
2026/04/29 15:44:43,817000,11.487
2026/04/29 15:44:43,818000,11.490
2026/04/29 15:44:43,819000,11.485
2026/04/29 15:44:43,820000,11.479
2026/04/29 15:44:43,821000,11.485
2026/04/29 15:44:43,822000,11.482
2026/04/29 15:44:43,823000,11.487
2026/04/29 15:44:43,824000,11.487
2026/04/29 15:44:43,825000,11.482
2026/04/29 15:44:43,826000,11.485
2026/04/29 15:44:43,827000,11.482
2026/04/29 15:44:43,828000,11.490
2026/04/29 15:44:43,829000,11.485
2026/04/29 15:44:43,830000,11.490
2026/04/29 15:44:43,831000,11.490
2026/04/29 15:44:43,832000,11.487
2026/04/29 15:44:43,833000,11.485
2026/04/29 15:44:43,834000,11.485
2026/04/29 15:44:43,835000,11.485
2026/04/29 15:44:43,836000,11.490
2026/04/29 15:44:43,837000,11.490
2026/04/29 15:44:43,838000,11.493
2026/04/29 15:44:43,839000,11.482
2026/04/29 15:44:43,840000,11.487
2026/04/29 15:44:43,841000,11.482
2026/04/29 15:44:43,842000,11.487
2026/04/29 15:44:43,843000,11.487
2026/04/29 15:44:43,844000,11.487
2026/04/29 15:44:43,845000,11.482
2026/04/29 15:44:43,846000,11.482
2026/04/29 15:44:43,847000,11.479
2026/04/29 15:44:43,848000,11.479
2026/04/29 15:44:43,849000,11.487
2026/04/29 15:44:43,850000,11.487
2026/04/29 15:44:43,851000,11.487
2026/04/29 15:44:43,852000,11.493
2026/04/29 15:44:43,853000,11.482
2026/04/29 15:44:43,854000,11.490
2026/04/29 15:44:43,855000,11.493
2026/04/29 15:44:43,856000,11.490
2026/04/29 15:44:43,857000,11.482
2026/04/29 15:44:43,858000,11.485
2026/04/29 15:44:43,859000,11.490
2026/04/29 15:44:43,860000,11.476
2026/04/29 15:44:43,861000,11.490
2026/04/29 15:44:43,862000,11.487
2026/04/29 15:44:43,863000,11.485
2026/04/29 15:44:43,864000,11.485
2026/04/29 15:44:43,865000,11.482
2026/04/29 15:44:43,866000,11.482
2026/04/29 15:44:43,867000,11.485
2026/04/29 15:44:43,868000,11.482
2026/04/29 15:44:43,869000,11.482
2026/04/29 15:44:43,870000,11.485
2026/04/29 15:44:43,871000,11.482
2026/04/29 15:44:43,872000,11.482
2026/04/29 15:44:43,873000,11.482
2026/04/29 15:44:43,874000,11.487
2026/04/29 15:44:43,875000,11.482
2026/04/29 15:44:43,876000,11.482
2026/04/29 15:44:43,877000,11.487
2026/04/29 15:44:43,878000,11.485
2026/04/29 15:44:43,879000,11.482
2026/04/29 15:44:43,880000,11.485
2026/04/29 15:44:43,881000,11.487
2026/04/29 15:44:43,882000,11.485
2026/04/29 15:44:43,883000,11.485
2026/04/29 15:44:43,884000,11.490
2026/04/29 15:44:43,885000,11.487
2026/04/29 15:44:43,886000,11.487
2026/04/29 15:44:43,887000,11.487
2026/04/29 15:44:43,888000,11.490
2026/04/29 15:44:43,889000,11.485
2026/04/29 15:44:43,890000,11.482
2026/04/29 15:44:43,891000,11.485
2026/04/29 15:44:43,892000,11.493
2026/04/29 15:44:43,893000,11.485
2026/04/29 15:44:43,894000,11.485
2026/04/29 15:44:43,895000,11.487
2026/04/29 15:44:43,896000,11.487
2026/04/29 15:44:43,897000,11.485
2026/04/29 15:44:43,898000,11.485
2026/04/29 15:44:43,899000,11.482
2026/04/29 15:44:43,900000,11.485
2026/04/29 15:44:43,901000,11.485
2026/04/29 15:44:43,902000,11.482
2026/04/29 15:44:43,903000,11.485
2026/04/29 15:44:43,904000,11.485
2026/04/29 15:44:43,905000,11.487
2026/04/29 15:44:43,906000,11.479
2026/04/29 15:44:43,907000,11.487
2026/04/29 15:44:43,908000,11.487
2026/04/29 15:44:43,909000,11.487
2026/04/29 15:44:43,910000,11.479
2026/04/29 15:44:43,911000,11.490
2026/04/29 15:44:43,912000,11.479
2026/04/29 15:44:43,913000,11.490
2026/04/29 15:44:43,914000,11.490
2026/04/29 15:44:43,915000,11.487
2026/04/29 15:44:43,916000,11.485
2026/04/29 15:44:43,917000,11.482
2026/04/29 15:44:43,918000,11.482
2026/04/29 15:44:43,919000,11.487
2026/04/29 15:44:43,920000,11.487
2026/04/29 15:44:43,921000,11.482
2026/04/29 15:44:43,922000,11.487
2026/04/29 15:44:43,923000,11.487
2026/04/29 15:44:43,924000,11.490
2026/04/29 15:44:43,925000,11.479
2026/04/29 15:44:43,926000,11.485
2026/04/29 15:44:43,927000,11.485
2026/04/29 15:44:43,928000,11.485
2026/04/29 15:44:43,929000,11.487
2026/04/29 15:44:43,930000,11.485
2026/04/29 15:44:43,931000,11.482
2026/04/29 15:44:43,932000,11.493
2026/04/29 15:44:43,933000,11.485
2026/04/29 15:44:43,934000,11.493
2026/04/29 15:44:43,935000,11.485
2026/04/29 15:44:43,936000,11.485
2026/04/29 15:44:43,937000,11.485
2026/04/29 15:44:43,938000,11.479
2026/04/29 15:44:43,939000,11.485
2026/04/29 15:44:43,940000,11.487
2026/04/29 15:44:43,941000,11.487
2026/04/29 15:44:43,942000,11.485
2026/04/29 15:44:43,943000,11.485
2026/04/29 15:44:43,944000,11.487
2026/04/29 15:44:43,945000,11.490
2026/04/29 15:44:43,946000,11.479
2026/04/29 15:44:43,947000,11.485
2026/04/29 15:44:43,948000,11.487
2026/04/29 15:44:43,949000,11.485
2026/04/29 15:44:43,950000,11.482
2026/04/29 15:44:43,951000,11.490
2026/04/29 15:44:43,952000,11.485
2026/04/29 15:44:43,953000,11.499
2026/04/29 15:44:43,954000,11.490
2026/04/29 15:44:43,955000,11.487
2026/04/29 15:44:43,956000,11.490
2026/04/29 15:44:43,957000,11.487
2026/04/29 15:44:43,958000,11.487
2026/04/29 15:44:43,959000,11.485
2026/04/29 15:44:43,960000,11.482
2026/04/29 15:44:43,961000,11.487
2026/04/29 15:44:43,962000,11.485
2026/04/29 15:44:43,963000,11.482
2026/04/29 15:44:43,964000,11.485
2026/04/29 15:44:43,965000,11.485
2026/04/29 15:44:43,966000,11.485
2026/04/29 15:44:43,967000,11.476
2026/04/29 15:44:43,968000,11.493
2026/04/29 15:44:43,969000,11.490
2026/04/29 15:44:43,970000,11.490
2026/04/29 15:44:43,971000,11.487
2026/04/29 15:44:43,972000,11.482
2026/04/29 15:44:43,973000,11.485
2026/04/29 15:44:43,974000,11.490
2026/04/29 15:44:43,975000,11.490
2026/04/29 15:44:43,976000,11.487
2026/04/29 15:44:43,977000,11.493
2026/04/29 15:44:43,978000,11.487
2026/04/29 15:44:43,979000,11.487
2026/04/29 15:44:43,980000,11.487
2026/04/29 15:44:43,981000,11.490
2026/04/29 15:44:43,982000,11.487
2026/04/29 15:44:43,983000,11.479
2026/04/29 15:44:43,984000,11.482
2026/04/29 15:44:43,985000,11.485
2026/04/29 15:44:43,986000,11.487
2026/04/29 15:44:43,987000,11.493
2026/04/29 15:44:43,988000,11.485
2026/04/29 15:44:43,989000,11.487
2026/04/29 15:44:43,990000,11.485
2026/04/29 15:44:43,991000,11.485
2026/04/29 15:44:43,992000,11.487
2026/04/29 15:44:43,993000,11.479
2026/04/29 15:44:43,994000,11.487
2026/04/29 15:44:43,995000,11.487
2026/04/29 15:44:43,996000,11.485
2026/04/29 15:44:43,997000,11.490
2026/04/29 15:44:43,998000,11.490
2026/04/29 15:44:43,999000,11.485
2026/04/29 15:44:44,000000,11.487
2026/04/29 15:44:44,001000,11.482
2026/04/29 15:44:44,002000,11.490
2026/04/29 15:44:44,003000,11.485
2026/04/29 15:44:44,004000,11.485
2026/04/29 15:44:44,005000,11.482
2026/04/29 15:44:44,006000,11.485
2026/04/29 15:44:44,007000,11.485
2026/04/29 15:44:44,008000,11.493
2026/04/29 15:44:44,009000,11.485
2026/04/29 15:44:44,010000,11.490
2026/04/29 15:44:44,011000,11.490
2026/04/29 15:44:44,012000,11.485
2026/04/29 15:44:44,013000,11.487
2026/04/29 15:44:44,014000,11.482
2026/04/29 15:44:44,015000,11.485
2026/04/29 15:44:44,016000,11.487
2026/04/29 15:44:44,017000,11.479
2026/04/29 15:44:44,018000,11.482
2026/04/29 15:44:44,019000,11.490
2026/04/29 15:44:44,020000,11.490
2026/04/29 15:44:44,021000,11.482
2026/04/29 15:44:44,022000,11.482
2026/04/29 15:44:44,023000,11.490
2026/04/29 15:44:44,024000,11.482
2026/04/29 15:44:44,025000,11.487
2026/04/29 15:44:44,026000,11.487
2026/04/29 15:44:44,027000,11.482
2026/04/29 15:44:44,028000,11.482
2026/04/29 15:44:44,029000,11.482
2026/04/29 15:44:44,030000,11.490
2026/04/29 15:44:44,031000,11.487
2026/04/29 15:44:44,032000,11.487
2026/04/29 15:44:44,033000,11.487
2026/04/29 15:44:44,034000,11.476
2026/04/29 15:44:44,035000,11.482
2026/04/29 15:44:44,036000,11.485
2026/04/29 15:44:44,037000,11.485
2026/04/29 15:44:44,038000,11.482
2026/04/29 15:44:44,039000,11.487
2026/04/29 15:44:44,040000,11.485
2026/04/29 15:44:44,041000,11.485
2026/04/29 15:44:44,042000,11.487
2026/04/29 15:44:44,043000,11.482
2026/04/29 15:44:44,044000,11.485
2026/04/29 15:44:44,045000,11.482
2026/04/29 15:44:44,046000,11.482
2026/04/29 15:44:44,047000,11.487
2026/04/29 15:44:44,048000,11.485
2026/04/29 15:44:44,049000,11.479
2026/04/29 15:44:44,050000,11.487
2026/04/29 15:44:44,051000,11.485
2026/04/29 15:44:44,052000,11.487
2026/04/29 15:44:44,053000,11.485
2026/04/29 15:44:44,054000,11.482
2026/04/29 15:44:44,055000,11.482
2026/04/29 15:44:44,056000,11.479
2026/04/29 15:44:44,057000,11.487
2026/04/29 15:44:44,058000,11.487
2026/04/29 15:44:44,059000,11.493
2026/04/29 15:44:44,060000,11.485
2026/04/29 15:44:44,061000,11.487
2026/04/29 15:44:44,062000,11.490
2026/04/29 15:44:44,063000,11.485
2026/04/29 15:44:44,064000,11.485
2026/04/29 15:44:44,065000,11.485
2026/04/29 15:44:44,066000,11.490
2026/04/29 15:44:44,067000,11.490
2026/04/29 15:44:44,068000,11.485
2026/04/29 15:44:44,069000,11.482
2026/04/29 15:44:44,070000,11.482
2026/04/29 15:44:44,071000,11.485
2026/04/29 15:44:44,072000,11.490
2026/04/29 15:44:44,073000,11.485
2026/04/29 15:44:44,074000,11.487
2026/04/29 15:44:44,075000,11.487
2026/04/29 15:44:44,076000,11.485
2026/04/29 15:44:44,077000,11.485
2026/04/29 15:44:44,078000,11.490
2026/04/29 15:44:44,079000,11.482
2026/04/29 15:44:44,080000,11.493
2026/04/29 15:44:44,081000,11.485
2026/04/29 15:44:44,082000,11.487
2026/04/29 15:44:44,083000,11.482
2026/04/29 15:44:44,084000,11.485
2026/04/29 15:44:44,085000,11.485
2026/04/29 15:44:44,086000,11.485
2026/04/29 15:44:44,087000,11.493
2026/04/29 15:44:44,088000,11.487
2026/04/29 15:44:44,089000,11.482
2026/04/29 15:44:44,090000,11.485
2026/04/29 15:44:44,091000,11.485
2026/04/29 15:44:44,092000,11.490
2026/04/29 15:44:44,093000,11.482
2026/04/29 15:44:44,094000,11.487
2026/04/29 15:44:44,095000,11.490
2026/04/29 15:44:44,096000,11.479
2026/04/29 15:44:44,097000,11.490
2026/04/29 15:44:44,098000,11.490
2026/04/29 15:44:44,099000,11.487
2026/04/29 15:44:44,100000,11.485
2026/04/29 15:44:44,101000,11.487
2026/04/29 15:44:44,102000,11.479
2026/04/29 15:44:44,103000,11.487
2026/04/29 15:44:44,104000,11.485
2026/04/29 15:44:44,105000,11.482
2026/04/29 15:44:44,106000,11.487
2026/04/29 15:44:44,107000,11.479
2026/04/29 15:44:44,108000,11.485
2026/04/29 15:44:44,109000,11.487
2026/04/29 15:44:44,110000,11.487
2026/04/29 15:44:44,111000,11.479
2026/04/29 15:44:44,112000,11.490
2026/04/29 15:44:44,113000,11.485
2026/04/29 15:44:44,114000,11.482
2026/04/29 15:44:44,115000,11.487
2026/04/29 15:44:44,116000,11.485
2026/04/29 15:44:44,117000,11.493
2026/04/29 15:44:44,118000,11.485
2026/04/29 15:44:44,119000,11.490
2026/04/29 15:44:44,120000,11.482
2026/04/29 15:44:44,121000,11.485
2026/04/29 15:44:44,122000,11.485
2026/04/29 15:44:44,123000,11.485
2026/04/29 15:44:44,124000,11.479
2026/04/29 15:44:44,125000,11.485
2026/04/29 15:44:44,126000,11.482
2026/04/29 15:44:44,127000,11.487
2026/04/29 15:44:44,128000,11.485
2026/04/29 15:44:44,129000,11.496
2026/04/29 15:44:44,130000,11.490
2026/04/29 15:44:44,131000,11.485
2026/04/29 15:44:44,132000,11.490
2026/04/29 15:44:44,133000,11.485
2026/04/29 15:44:44,134000,11.487
2026/04/29 15:44:44,135000,11.487
2026/04/29 15:44:44,136000,11.493
2026/04/29 15:44:44,137000,11.490
2026/04/29 15:44:44,138000,11.490
2026/04/29 15:44:44,139000,11.482
2026/04/29 15:44:44,140000,11.493
2026/04/29 15:44:44,141000,11.485
2026/04/29 15:44:44,142000,11.485
2026/04/29 15:44:44,143000,11.487
2026/04/29 15:44:44,144000,11.487
2026/04/29 15:44:44,145000,11.485
2026/04/29 15:44:44,146000,11.487
2026/04/29 15:44:44,147000,11.490
2026/04/29 15:44:44,148000,11.487
2026/04/29 15:44:44,149000,11.487
2026/04/29 15:44:44,150000,11.485
2026/04/29 15:44:44,151000,11.485
2026/04/29 15:44:44,152000,11.485
2026/04/29 15:44:44,153000,11.479
2026/04/29 15:44:44,154000,11.485
2026/04/29 15:44:44,155000,11.490
2026/04/29 15:44:44,156000,11.487
2026/04/29 15:44:44,157000,11.482
2026/04/29 15:44:44,158000,11.482
2026/04/29 15:44:44,159000,11.485
2026/04/29 15:44:44,160000,11.482
2026/04/29 15:44:44,161000,11.487
2026/04/29 15:44:44,162000,11.482
2026/04/29 15:44:44,163000,11.482
2026/04/29 15:44:44,164000,11.485
2026/04/29 15:44:44,165000,11.490
2026/04/29 15:44:44,166000,11.487
2026/04/29 15:44:44,167000,11.485
2026/04/29 15:44:44,168000,11.485
2026/04/29 15:44:44,169000,11.487
2026/04/29 15:44:44,170000,11.482
2026/04/29 15:44:44,171000,11.485
2026/04/29 15:44:44,172000,11.487
2026/04/29 15:44:44,173000,11.490
2026/04/29 15:44:44,174000,11.490
2026/04/29 15:44:44,175000,11.485
2026/04/29 15:44:44,176000,11.482
2026/04/29 15:44:44,177000,11.487
2026/04/29 15:44:44,178000,11.490
2026/04/29 15:44:44,179000,11.487
2026/04/29 15:44:44,180000,11.482
2026/04/29 15:44:44,181000,11.487
2026/04/29 15:44:44,182000,11.485
2026/04/29 15:44:44,183000,11.485
2026/04/29 15:44:44,184000,11.485
2026/04/29 15:44:44,185000,11.487
2026/04/29 15:44:44,186000,11.485
2026/04/29 15:44:44,187000,11.487
2026/04/29 15:44:44,188000,11.482
2026/04/29 15:44:44,189000,11.476
2026/04/29 15:44:44,190000,11.487
2026/04/29 15:44:44,191000,11.485
2026/04/29 15:44:44,192000,11.482
2026/04/29 15:44:44,193000,11.482
2026/04/29 15:44:44,194000,11.485
2026/04/29 15:44:44,195000,11.482
2026/04/29 15:44:44,196000,11.485
2026/04/29 15:44:44,197000,11.485
2026/04/29 15:44:44,198000,11.485
2026/04/29 15:44:44,199000,11.487
2026/04/29 15:44:44,200000,11.487
2026/04/29 15:44:44,201000,11.487
2026/04/29 15:44:44,202000,11.485
2026/04/29 15:44:44,203000,11.485
2026/04/29 15:44:44,204000,11.485
2026/04/29 15:44:44,205000,11.485
2026/04/29 15:44:44,206000,11.482
2026/04/29 15:44:44,207000,11.482
2026/04/29 15:44:44,208000,11.485
2026/04/29 15:44:44,209000,11.493
2026/04/29 15:44:44,210000,11.487
2026/04/29 15:44:44,211000,11.487
2026/04/29 15:44:44,212000,11.479
2026/04/29 15:44:44,213000,11.487
2026/04/29 15:44:44,214000,11.482
2026/04/29 15:44:44,215000,11.482
2026/04/29 15:44:44,216000,11.487
2026/04/29 15:44:44,217000,11.490
2026/04/29 15:44:44,218000,11.487
2026/04/29 15:44:44,219000,11.487
2026/04/29 15:44:44,220000,11.493
2026/04/29 15:44:44,221000,11.487
2026/04/29 15:44:44,222000,11.487
2026/04/29 15:44:44,223000,11.490
2026/04/29 15:44:44,224000,11.490
2026/04/29 15:44:44,225000,11.493
2026/04/29 15:44:44,226000,11.485
2026/04/29 15:44:44,227000,11.485
2026/04/29 15:44:44,228000,11.493
2026/04/29 15:44:44,229000,11.487
2026/04/29 15:44:44,230000,11.487
2026/04/29 15:44:44,231000,11.482
2026/04/29 15:44:44,232000,11.485
2026/04/29 15:44:44,233000,11.490
2026/04/29 15:44:44,234000,11.487
2026/04/29 15:44:44,235000,11.485
2026/04/29 15:44:44,236000,11.490
2026/04/29 15:44:44,237000,11.482
2026/04/29 15:44:44,238000,11.482
2026/04/29 15:44:44,239000,11.487
2026/04/29 15:44:44,240000,11.485
2026/04/29 15:44:44,241000,11.482
2026/04/29 15:44:44,242000,11.485
2026/04/29 15:44:44,243000,11.487
2026/04/29 15:44:44,244000,11.485
2026/04/29 15:44:44,245000,11.487
2026/04/29 15:44:44,246000,11.482
2026/04/29 15:44:44,247000,11.485
2026/04/29 15:44:44,248000,11.485
2026/04/29 15:44:44,249000,11.485
2026/04/29 15:44:44,250000,11.487
2026/04/29 15:44:44,251000,11.485
2026/04/29 15:44:44,252000,11.485
2026/04/29 15:44:44,253000,11.485
2026/04/29 15:44:44,254000,11.487
2026/04/29 15:44:44,255000,11.490
2026/04/29 15:44:44,256000,11.482
2026/04/29 15:44:44,257000,11.482
2026/04/29 15:44:44,258000,11.490
2026/04/29 15:44:44,259000,11.482
2026/04/29 15:44:44,260000,11.487
2026/04/29 15:44:44,261000,11.490
2026/04/29 15:44:44,262000,11.493
2026/04/29 15:44:44,263000,11.490
2026/04/29 15:44:44,264000,11.490
2026/04/29 15:44:44,265000,11.485
2026/04/29 15:44:44,266000,11.482
2026/04/29 15:44:44,267000,11.487
2026/04/29 15:44:44,268000,11.490
2026/04/29 15:44:44,269000,11.485
2026/04/29 15:44:44,270000,11.482
2026/04/29 15:44:44,271000,11.487
2026/04/29 15:44:44,272000,11.490
2026/04/29 15:44:44,273000,11.487
2026/04/29 15:44:44,274000,11.479
2026/04/29 15:44:44,275000,11.493
2026/04/29 15:44:44,276000,11.487
2026/04/29 15:44:44,277000,11.479
2026/04/29 15:44:44,278000,11.479
2026/04/29 15:44:44,279000,11.490
2026/04/29 15:44:44,280000,11.485
2026/04/29 15:44:44,281000,11.482
2026/04/29 15:44:44,282000,11.487
2026/04/29 15:44:44,283000,11.485
2026/04/29 15:44:44,284000,11.487
2026/04/29 15:44:44,285000,11.485
2026/04/29 15:44:44,286000,11.485
2026/04/29 15:44:44,287000,11.499
2026/04/29 15:44:44,288000,11.487
2026/04/29 15:44:44,289000,11.482
2026/04/29 15:44:44,290000,11.482
2026/04/29 15:44:44,291000,11.487
2026/04/29 15:44:44,292000,11.485
2026/04/29 15:44:44,293000,11.479
2026/04/29 15:44:44,294000,11.485
2026/04/29 15:44:44,295000,11.493
2026/04/29 15:44:44,296000,11.482
2026/04/29 15:44:44,297000,11.482
2026/04/29 15:44:44,298000,11.485
2026/04/29 15:44:44,299000,11.490
2026/04/29 15:44:44,300000,11.485
2026/04/29 15:44:44,301000,11.485
2026/04/29 15:44:44,302000,11.493
2026/04/29 15:44:44,303000,11.482
2026/04/29 15:44:44,304000,11.487
2026/04/29 15:44:44,305000,11.487
2026/04/29 15:44:44,306000,11.487
2026/04/29 15:44:44,307000,11.487
2026/04/29 15:44:44,308000,11.490
2026/04/29 15:44:44,309000,11.487
2026/04/29 15:44:44,310000,11.485
2026/04/29 15:44:44,311000,11.490
2026/04/29 15:44:44,312000,11.487
2026/04/29 15:44:44,313000,11.487
2026/04/29 15:44:44,314000,11.490
2026/04/29 15:44:44,315000,11.485
2026/04/29 15:44:44,316000,11.485
2026/04/29 15:44:44,317000,11.490
2026/04/29 15:44:44,318000,11.485
2026/04/29 15:44:44,319000,11.485
2026/04/29 15:44:44,320000,11.482
2026/04/29 15:44:44,321000,11.487
2026/04/29 15:44:44,322000,11.485
2026/04/29 15:44:44,323000,11.487
2026/04/29 15:44:44,324000,11.490
2026/04/29 15:44:44,325000,11.493
2026/04/29 15:44:44,326000,11.485
2026/04/29 15:44:44,327000,11.485
2026/04/29 15:44:44,328000,11.493
2026/04/29 15:44:44,329000,11.487
2026/04/29 15:44:44,330000,11.485
2026/04/29 15:44:44,331000,11.485
2026/04/29 15:44:44,332000,11.485
2026/04/29 15:44:44,333000,11.482
2026/04/29 15:44:44,334000,11.487
2026/04/29 15:44:44,335000,11.490
2026/04/29 15:44:44,336000,11.487
2026/04/29 15:44:44,337000,11.482
2026/04/29 15:44:44,338000,11.485
2026/04/29 15:44:44,339000,11.485
2026/04/29 15:44:44,340000,11.485
2026/04/29 15:44:44,341000,11.482
2026/04/29 15:44:44,342000,11.482
2026/04/29 15:44:44,343000,11.487
2026/04/29 15:44:44,344000,11.487
2026/04/29 15:44:44,345000,11.485
2026/04/29 15:44:44,346000,11.482
2026/04/29 15:44:44,347000,11.482
2026/04/29 15:44:44,348000,11.493
2026/04/29 15:44:44,349000,11.487
2026/04/29 15:44:44,350000,11.485
2026/04/29 15:44:44,351000,11.485
2026/04/29 15:44:44,352000,11.490
2026/04/29 15:44:44,353000,11.490
2026/04/29 15:44:44,354000,11.485
2026/04/29 15:44:44,355000,11.487
2026/04/29 15:44:44,356000,11.485
2026/04/29 15:44:44,357000,11.482
2026/04/29 15:44:44,358000,11.482
2026/04/29 15:44:44,359000,11.485
2026/04/29 15:44:44,360000,11.485
2026/04/29 15:44:44,361000,11.490
2026/04/29 15:44:44,362000,11.487
2026/04/29 15:44:44,363000,11.482
2026/04/29 15:44:44,364000,11.482
2026/04/29 15:44:44,365000,11.485
2026/04/29 15:44:44,366000,11.485
2026/04/29 15:44:44,367000,11.485
2026/04/29 15:44:44,368000,11.482
2026/04/29 15:44:44,369000,11.482
2026/04/29 15:44:44,370000,11.487
2026/04/29 15:44:44,371000,11.479
2026/04/29 15:44:44,372000,11.482
2026/04/29 15:44:44,373000,11.487
2026/04/29 15:44:44,374000,11.487
2026/04/29 15:44:44,375000,11.487
2026/04/29 15:44:44,376000,11.485
2026/04/29 15:44:44,377000,11.485
2026/04/29 15:44:44,378000,11.485
2026/04/29 15:44:44,379000,11.479
2026/04/29 15:44:44,380000,11.490
2026/04/29 15:44:44,381000,11.485
2026/04/29 15:44:44,382000,11.487
2026/04/29 15:44:44,383000,11.485
2026/04/29 15:44:44,384000,11.487
2026/04/29 15:44:44,385000,11.487
2026/04/29 15:44:44,386000,11.493
2026/04/29 15:44:44,387000,11.479
2026/04/29 15:44:44,388000,11.490
2026/04/29 15:44:44,389000,11.485
2026/04/29 15:44:44,390000,11.482
2026/04/29 15:44:44,391000,11.490
2026/04/29 15:44:44,392000,11.490
2026/04/29 15:44:44,393000,11.490
2026/04/29 15:44:44,394000,11.479
2026/04/29 15:44:44,395000,11.482
2026/04/29 15:44:44,396000,11.485
2026/04/29 15:44:44,397000,11.485
2026/04/29 15:44:44,398000,11.490
2026/04/29 15:44:44,399000,11.487
2026/04/29 15:44:44,400000,11.487
2026/04/29 15:44:44,401000,11.485
2026/04/29 15:44:44,402000,11.490
2026/04/29 15:44:44,403000,11.485
2026/04/29 15:44:44,404000,11.482
2026/04/29 15:44:44,405000,11.482
2026/04/29 15:44:44,406000,11.487
2026/04/29 15:44:44,407000,11.485
2026/04/29 15:44:44,408000,11.490
2026/04/29 15:44:44,409000,11.485
2026/04/29 15:44:44,410000,11.485
2026/04/29 15:44:44,411000,11.479
2026/04/29 15:44:44,412000,11.487
2026/04/29 15:44:44,413000,11.482
2026/04/29 15:44:44,414000,11.485
2026/04/29 15:44:44,415000,11.487
2026/04/29 15:44:44,416000,11.487
2026/04/29 15:44:44,417000,11.482
2026/04/29 15:44:44,418000,11.487
2026/04/29 15:44:44,419000,11.482
2026/04/29 15:44:44,420000,11.487
2026/04/29 15:44:44,421000,11.485
2026/04/29 15:44:44,422000,11.487
2026/04/29 15:44:44,423000,11.487
2026/04/29 15:44:44,424000,11.485
2026/04/29 15:44:44,425000,11.493
2026/04/29 15:44:44,426000,11.487
2026/04/29 15:44:44,427000,11.487
2026/04/29 15:44:44,428000,11.485
2026/04/29 15:44:44,429000,11.482
2026/04/29 15:44:44,430000,11.490
2026/04/29 15:44:44,431000,11.482
2026/04/29 15:44:44,432000,11.487
2026/04/29 15:44:44,433000,11.487
2026/04/29 15:44:44,434000,11.493
2026/04/29 15:44:44,435000,11.485
2026/04/29 15:44:44,436000,11.490
2026/04/29 15:44:44,437000,11.487
2026/04/29 15:44:44,438000,11.482
2026/04/29 15:44:44,439000,11.485
2026/04/29 15:44:44,440000,11.487
2026/04/29 15:44:44,441000,11.493
2026/04/29 15:44:44,442000,11.490
2026/04/29 15:44:44,443000,11.487
2026/04/29 15:44:44,444000,11.487
2026/04/29 15:44:44,445000,11.485
2026/04/29 15:44:44,446000,11.487
2026/04/29 15:44:44,447000,11.482
2026/04/29 15:44:44,448000,11.487
2026/04/29 15:44:44,449000,11.487
2026/04/29 15:44:44,450000,11.482
2026/04/29 15:44:44,451000,11.482
2026/04/29 15:44:44,452000,11.485
2026/04/29 15:44:44,453000,11.487
2026/04/29 15:44:44,454000,11.490
2026/04/29 15:44:44,455000,11.482
2026/04/29 15:44:44,456000,11.490
2026/04/29 15:44:44,457000,11.487
2026/04/29 15:44:44,458000,11.482
2026/04/29 15:44:44,459000,11.482
2026/04/29 15:44:44,460000,11.485
2026/04/29 15:44:44,461000,11.487
2026/04/29 15:44:44,462000,11.485
2026/04/29 15:44:44,463000,11.485
2026/04/29 15:44:44,464000,11.479
2026/04/29 15:44:44,465000,11.485
2026/04/29 15:44:44,466000,11.482
2026/04/29 15:44:44,467000,11.485
2026/04/29 15:44:44,468000,11.485
2026/04/29 15:44:44,469000,11.485
2026/04/29 15:44:44,470000,11.485
2026/04/29 15:44:44,471000,11.487
2026/04/29 15:44:44,472000,11.485
2026/04/29 15:44:44,473000,11.479
2026/04/29 15:44:44,474000,11.490
2026/04/29 15:44:44,475000,11.490
2026/04/29 15:44:44,476000,11.482
2026/04/29 15:44:44,477000,11.479
2026/04/29 15:44:44,478000,11.490
2026/04/29 15:44:44,479000,11.490
2026/04/29 15:44:44,480000,11.482
2026/04/29 15:44:44,481000,11.493
2026/04/29 15:44:44,482000,11.487
2026/04/29 15:44:44,483000,11.482
2026/04/29 15:44:44,484000,11.485
2026/04/29 15:44:44,485000,11.479
2026/04/29 15:44:44,486000,11.482
2026/04/29 15:44:44,487000,11.490
2026/04/29 15:44:44,488000,11.490
2026/04/29 15:44:44,489000,11.487
2026/04/29 15:44:44,490000,11.490
2026/04/29 15:44:44,491000,11.490
2026/04/29 15:44:44,492000,11.490
2026/04/29 15:44:44,493000,11.487
2026/04/29 15:44:44,494000,11.482
2026/04/29 15:44:44,495000,11.485
2026/04/29 15:44:44,496000,11.479
2026/04/29 15:44:44,497000,11.490
2026/04/29 15:44:44,498000,11.482
2026/04/29 15:44:44,499000,11.499
2026/04/29 15:44:44,500000,11.490
2026/04/29 15:44:44,501000,11.487
2026/04/29 15:44:44,502000,11.485
2026/04/29 15:44:44,503000,11.487
2026/04/29 15:44:44,504000,11.490
2026/04/29 15:44:44,505000,11.490
2026/04/29 15:44:44,506000,11.490
2026/04/29 15:44:44,507000,11.485
2026/04/29 15:44:44,508000,11.485
2026/04/29 15:44:44,509000,11.487
2026/04/29 15:44:44,510000,11.490
2026/04/29 15:44:44,511000,11.487
2026/04/29 15:44:44,512000,11.490
2026/04/29 15:44:44,513000,11.487
2026/04/29 15:44:44,514000,11.493
2026/04/29 15:44:44,515000,11.485
2026/04/29 15:44:44,516000,11.485
2026/04/29 15:44:44,517000,11.485
2026/04/29 15:44:44,518000,11.487
2026/04/29 15:44:44,519000,11.487
2026/04/29 15:44:44,520000,11.487
2026/04/29 15:44:44,521000,11.485
2026/04/29 15:44:44,522000,11.487
2026/04/29 15:44:44,523000,11.485
2026/04/29 15:44:44,524000,11.482
2026/04/29 15:44:44,525000,11.490
2026/04/29 15:44:44,526000,11.482
2026/04/29 15:44:44,527000,11.490
2026/04/29 15:44:44,528000,11.485
2026/04/29 15:44:44,529000,11.490
2026/04/29 15:44:44,530000,11.487
2026/04/29 15:44:44,531000,11.485
2026/04/29 15:44:44,532000,11.479
2026/04/29 15:44:44,533000,11.485
2026/04/29 15:44:44,534000,11.479
2026/04/29 15:44:44,535000,11.485
2026/04/29 15:44:44,536000,11.485
2026/04/29 15:44:44,537000,11.487
2026/04/29 15:44:44,538000,11.487
2026/04/29 15:44:44,539000,11.487
2026/04/29 15:44:44,540000,11.487
2026/04/29 15:44:44,541000,11.490
2026/04/29 15:44:44,542000,11.485
2026/04/29 15:44:44,543000,11.479
2026/04/29 15:44:44,544000,11.487
2026/04/29 15:44:44,545000,11.487
2026/04/29 15:44:44,546000,11.482
2026/04/29 15:44:44,547000,11.490
2026/04/29 15:44:44,548000,11.485
2026/04/29 15:44:44,549000,11.487
2026/04/29 15:44:44,550000,11.487
2026/04/29 15:44:44,551000,11.487
2026/04/29 15:44:44,552000,11.487
2026/04/29 15:44:44,553000,11.485
2026/04/29 15:44:44,554000,11.485
2026/04/29 15:44:44,555000,11.479
2026/04/29 15:44:44,556000,11.487
2026/04/29 15:44:44,557000,11.490
2026/04/29 15:44:44,558000,11.487
2026/04/29 15:44:44,559000,11.487
2026/04/29 15:44:44,560000,11.479
2026/04/29 15:44:44,561000,11.490
2026/04/29 15:44:44,562000,11.490
2026/04/29 15:44:44,563000,11.487
2026/04/29 15:44:44,564000,11.482
2026/04/29 15:44:44,565000,11.487
2026/04/29 15:44:44,566000,11.485
2026/04/29 15:44:44,567000,11.490
2026/04/29 15:44:44,568000,11.482
2026/04/29 15:44:44,569000,11.493
2026/04/29 15:44:44,570000,11.490
2026/04/29 15:44:44,571000,11.487
2026/04/29 15:44:44,572000,11.485
2026/04/29 15:44:44,573000,11.485
2026/04/29 15:44:44,574000,11.485
2026/04/29 15:44:44,575000,11.482
2026/04/29 15:44:44,576000,11.485
2026/04/29 15:44:44,577000,11.485
2026/04/29 15:44:44,578000,11.485
2026/04/29 15:44:44,579000,11.482
2026/04/29 15:44:44,580000,11.490
2026/04/29 15:44:44,581000,11.490
2026/04/29 15:44:44,582000,11.482
2026/04/29 15:44:44,583000,11.487
2026/04/29 15:44:44,584000,11.485
2026/04/29 15:44:44,585000,11.479
2026/04/29 15:44:44,586000,11.487
2026/04/29 15:44:44,587000,11.490
2026/04/29 15:44:44,588000,11.490
2026/04/29 15:44:44,589000,11.493
2026/04/29 15:44:44,590000,11.485
2026/04/29 15:44:44,591000,11.490
2026/04/29 15:44:44,592000,11.482
2026/04/29 15:44:44,593000,11.490
2026/04/29 15:44:44,594000,11.485
2026/04/29 15:44:44,595000,11.482
2026/04/29 15:44:44,596000,11.482
2026/04/29 15:44:44,597000,11.482
2026/04/29 15:44:44,598000,11.487
2026/04/29 15:44:44,599000,11.487
2026/04/29 15:44:44,600000,11.487
2026/04/29 15:44:44,601000,11.490
2026/04/29 15:44:44,602000,11.493
2026/04/29 15:44:44,603000,11.490
2026/04/29 15:44:44,604000,11.482
2026/04/29 15:44:44,605000,11.482
2026/04/29 15:44:44,606000,11.482
2026/04/29 15:44:44,607000,11.485
2026/04/29 15:44:44,608000,11.485
2026/04/29 15:44:44,609000,11.485
2026/04/29 15:44:44,610000,11.490
2026/04/29 15:44:44,611000,11.485
2026/04/29 15:44:44,612000,11.479
2026/04/29 15:44:44,613000,11.490
2026/04/29 15:44:44,614000,11.485
2026/04/29 15:44:44,615000,11.482
2026/04/29 15:44:44,616000,11.487
2026/04/29 15:44:44,617000,11.493
2026/04/29 15:44:44,618000,11.485
2026/04/29 15:44:44,619000,11.490
2026/04/29 15:44:44,620000,11.487
2026/04/29 15:44:44,621000,11.482
2026/04/29 15:44:44,622000,11.485
2026/04/29 15:44:44,623000,11.485
2026/04/29 15:44:44,624000,11.490
2026/04/29 15:44:44,625000,11.485
2026/04/29 15:44:44,626000,11.487
2026/04/29 15:44:44,627000,11.482
2026/04/29 15:44:44,628000,11.485
2026/04/29 15:44:44,629000,11.487
2026/04/29 15:44:44,630000,11.490
2026/04/29 15:44:44,631000,11.487
2026/04/29 15:44:44,632000,11.487
2026/04/29 15:44:44,633000,11.487
2026/04/29 15:44:44,634000,11.487
2026/04/29 15:44:44,635000,11.485
2026/04/29 15:44:44,636000,11.485
2026/04/29 15:44:44,637000,11.482
2026/04/29 15:44:44,638000,11.485
2026/04/29 15:44:44,639000,11.487
2026/04/29 15:44:44,640000,11.496
2026/04/29 15:44:44,641000,11.485
2026/04/29 15:44:44,642000,11.487
2026/04/29 15:44:44,643000,11.487
2026/04/29 15:44:44,644000,11.493
2026/04/29 15:44:44,645000,11.487
2026/04/29 15:44:44,646000,11.479
2026/04/29 15:44:44,647000,11.482
2026/04/29 15:44:44,648000,11.487
2026/04/29 15:44:44,649000,11.485
2026/04/29 15:44:44,650000,11.487
2026/04/29 15:44:44,651000,11.487
2026/04/29 15:44:44,652000,11.485
2026/04/29 15:44:44,653000,11.493
2026/04/29 15:44:44,654000,11.482
2026/04/29 15:44:44,655000,11.487
2026/04/29 15:44:44,656000,11.490
2026/04/29 15:44:44,657000,11.487
2026/04/29 15:44:44,658000,11.487
2026/04/29 15:44:44,659000,11.487
2026/04/29 15:44:44,660000,11.485
2026/04/29 15:44:44,661000,11.487
2026/04/29 15:44:44,662000,11.485
2026/04/29 15:44:44,663000,11.487
2026/04/29 15:44:44,664000,11.493
2026/04/29 15:44:44,665000,11.485
2026/04/29 15:44:44,666000,11.482
2026/04/29 15:44:44,667000,11.496
2026/04/29 15:44:44,668000,11.485
2026/04/29 15:44:44,669000,11.487
2026/04/29 15:44:44,670000,11.487
2026/04/29 15:44:44,671000,11.485
2026/04/29 15:44:44,672000,11.485
2026/04/29 15:44:44,673000,11.490
2026/04/29 15:44:44,674000,11.485
2026/04/29 15:44:44,675000,11.487
2026/04/29 15:44:44,676000,11.490
2026/04/29 15:44:44,677000,11.490
2026/04/29 15:44:44,678000,11.482
2026/04/29 15:44:44,679000,11.490
2026/04/29 15:44:44,680000,11.485
2026/04/29 15:44:44,681000,11.487
2026/04/29 15:44:44,682000,11.485
2026/04/29 15:44:44,683000,11.487
2026/04/29 15:44:44,684000,11.490
2026/04/29 15:44:44,685000,11.487
2026/04/29 15:44:44,686000,11.485
2026/04/29 15:44:44,687000,11.487
2026/04/29 15:44:44,688000,11.487
2026/04/29 15:44:44,689000,11.493
2026/04/29 15:44:44,690000,11.487
2026/04/29 15:44:44,691000,11.487
2026/04/29 15:44:44,692000,11.487
2026/04/29 15:44:44,693000,11.485
2026/04/29 15:44:44,694000,11.493
2026/04/29 15:44:44,695000,11.493
2026/04/29 15:44:44,696000,11.487
2026/04/29 15:44:44,697000,11.487
2026/04/29 15:44:44,698000,11.487
2026/04/29 15:44:44,699000,11.485
2026/04/29 15:44:44,700000,11.487
2026/04/29 15:44:44,701000,11.487
2026/04/29 15:44:44,702000,11.485
2026/04/29 15:44:44,703000,11.487
2026/04/29 15:44:44,704000,11.485
2026/04/29 15:44:44,705000,11.487
2026/04/29 15:44:44,706000,11.490
2026/04/29 15:44:44,707000,11.490
2026/04/29 15:44:44,708000,11.485
2026/04/29 15:44:44,709000,11.490
2026/04/29 15:44:44,710000,11.485
2026/04/29 15:44:44,711000,11.490
2026/04/29 15:44:44,712000,11.482
2026/04/29 15:44:44,713000,11.485
2026/04/29 15:44:44,714000,11.487
2026/04/29 15:44:44,715000,11.487
2026/04/29 15:44:44,716000,11.487
2026/04/29 15:44:44,717000,11.490
2026/04/29 15:44:44,718000,11.487
2026/04/29 15:44:44,719000,11.487
2026/04/29 15:44:44,720000,11.482
2026/04/29 15:44:44,721000,11.479
2026/04/29 15:44:44,722000,11.487
2026/04/29 15:44:44,723000,11.485
2026/04/29 15:44:44,724000,11.487
2026/04/29 15:44:44,725000,11.487
2026/04/29 15:44:44,726000,11.482
2026/04/29 15:44:44,727000,11.487
2026/04/29 15:44:44,728000,11.487
2026/04/29 15:44:44,729000,11.482
2026/04/29 15:44:44,730000,11.482
2026/04/29 15:44:44,731000,11.490
2026/04/29 15:44:44,732000,11.493
2026/04/29 15:44:44,733000,11.490
2026/04/29 15:44:44,734000,11.485
2026/04/29 15:44:44,735000,11.487
2026/04/29 15:44:44,736000,11.490
2026/04/29 15:44:44,737000,11.482
2026/04/29 15:44:44,738000,11.485
2026/04/29 15:44:44,739000,11.485
2026/04/29 15:44:44,740000,11.490
2026/04/29 15:44:44,741000,11.485
2026/04/29 15:44:44,742000,11.490
2026/04/29 15:44:44,743000,11.482
2026/04/29 15:44:44,744000,11.482
2026/04/29 15:44:44,745000,11.485
2026/04/29 15:44:44,746000,11.485
2026/04/29 15:44:44,747000,11.487
2026/04/29 15:44:44,748000,11.485
2026/04/29 15:44:44,749000,11.487
2026/04/29 15:44:44,750000,11.485
2026/04/29 15:44:44,751000,11.487
2026/04/29 15:44:44,752000,11.485
2026/04/29 15:44:44,753000,11.490
2026/04/29 15:44:44,754000,11.487
2026/04/29 15:44:44,755000,11.487
2026/04/29 15:44:44,756000,11.485
2026/04/29 15:44:44,757000,11.490
2026/04/29 15:44:44,758000,11.487
2026/04/29 15:44:44,759000,11.487
2026/04/29 15:44:44,760000,11.487
2026/04/29 15:44:44,761000,11.485
2026/04/29 15:44:44,762000,11.485
2026/04/29 15:44:44,763000,11.482
2026/04/29 15:44:44,764000,11.482
2026/04/29 15:44:44,765000,11.490
2026/04/29 15:44:44,766000,11.479
2026/04/29 15:44:44,767000,11.493
2026/04/29 15:44:44,768000,11.487
2026/04/29 15:44:44,769000,11.487
2026/04/29 15:44:44,770000,11.490
2026/04/29 15:44:44,771000,11.485
2026/04/29 15:44:44,772000,11.482
2026/04/29 15:44:44,773000,11.482
2026/04/29 15:44:44,774000,11.490
2026/04/29 15:44:44,775000,11.482
2026/04/29 15:44:44,776000,11.482
2026/04/29 15:44:44,777000,11.490
2026/04/29 15:44:44,778000,11.490
2026/04/29 15:44:44,779000,11.487
2026/04/29 15:44:44,780000,11.487
2026/04/29 15:44:44,781000,11.482
2026/04/29 15:44:44,782000,11.493
2026/04/29 15:44:44,783000,11.487
2026/04/29 15:44:44,784000,11.487
2026/04/29 15:44:44,785000,11.490
2026/04/29 15:44:44,786000,11.487
2026/04/29 15:44:44,787000,11.490
2026/04/29 15:44:44,788000,11.482
2026/04/29 15:44:44,789000,11.482
2026/04/29 15:44:44,790000,11.485
2026/04/29 15:44:44,791000,11.485
2026/04/29 15:44:44,792000,11.482
2026/04/29 15:44:44,793000,11.487
2026/04/29 15:44:44,794000,11.485
2026/04/29 15:44:44,795000,11.485
2026/04/29 15:44:44,796000,11.485
2026/04/29 15:44:44,797000,11.499
2026/04/29 15:44:44,798000,11.493
2026/04/29 15:44:44,799000,11.482
2026/04/29 15:44:44,800000,11.490
2026/04/29 15:44:44,801000,11.490
2026/04/29 15:44:44,802000,11.482
2026/04/29 15:44:44,803000,11.482
2026/04/29 15:44:44,804000,11.485
2026/04/29 15:44:44,805000,11.485
2026/04/29 15:44:44,806000,11.485
2026/04/29 15:44:44,807000,11.482
2026/04/29 15:44:44,808000,11.493
2026/04/29 15:44:44,809000,11.490
2026/04/29 15:44:44,810000,11.485
2026/04/29 15:44:44,811000,11.485
2026/04/29 15:44:44,812000,11.490
2026/04/29 15:44:44,813000,11.485
2026/04/29 15:44:44,814000,11.482
2026/04/29 15:44:44,815000,11.487
2026/04/29 15:44:44,816000,11.485
2026/04/29 15:44:44,817000,11.490
2026/04/29 15:44:44,818000,11.490
2026/04/29 15:44:44,819000,11.487
2026/04/29 15:44:44,820000,11.482
2026/04/29 15:44:44,821000,11.482
2026/04/29 15:44:44,822000,11.487
2026/04/29 15:44:44,823000,11.487
2026/04/29 15:44:44,824000,11.487
2026/04/29 15:44:44,825000,11.485
2026/04/29 15:44:44,826000,11.485
2026/04/29 15:44:44,827000,11.487
2026/04/29 15:44:44,828000,11.487
2026/04/29 15:44:44,829000,11.487
2026/04/29 15:44:44,830000,11.482
2026/04/29 15:44:44,831000,11.490
2026/04/29 15:44:44,832000,11.482
2026/04/29 15:44:44,833000,11.493
2026/04/29 15:44:44,834000,11.487
2026/04/29 15:44:44,835000,11.485
2026/04/29 15:44:44,836000,11.487
2026/04/29 15:44:44,837000,11.490
2026/04/29 15:44:44,838000,11.487
2026/04/29 15:44:44,839000,11.482
2026/04/29 15:44:44,840000,11.482
2026/04/29 15:44:44,841000,11.487
2026/04/29 15:44:44,842000,11.487
2026/04/29 15:44:44,843000,11.482
2026/04/29 15:44:44,844000,11.485
2026/04/29 15:44:44,845000,11.487
2026/04/29 15:44:44,846000,11.487
2026/04/29 15:44:44,847000,11.487
2026/04/29 15:44:44,848000,11.485
2026/04/29 15:44:44,849000,11.479
2026/04/29 15:44:44,850000,11.490
2026/04/29 15:44:44,851000,11.485
2026/04/29 15:44:44,852000,11.493
2026/04/29 15:44:44,853000,11.487
2026/04/29 15:44:44,854000,11.485
2026/04/29 15:44:44,855000,11.487
2026/04/29 15:44:44,856000,11.485
2026/04/29 15:44:44,857000,11.485
2026/04/29 15:44:44,858000,11.499
2026/04/29 15:44:44,859000,11.487
2026/04/29 15:44:44,860000,11.493
2026/04/29 15:44:44,861000,11.487
2026/04/29 15:44:44,862000,11.482
2026/04/29 15:44:44,863000,11.482
2026/04/29 15:44:44,864000,11.485
2026/04/29 15:44:44,865000,11.487
2026/04/29 15:44:44,866000,11.490
2026/04/29 15:44:44,867000,11.485
2026/04/29 15:44:44,868000,11.487
2026/04/29 15:44:44,869000,11.490
2026/04/29 15:44:44,870000,11.487
2026/04/29 15:44:44,871000,11.487
2026/04/29 15:44:44,872000,11.487
2026/04/29 15:44:44,873000,11.482
2026/04/29 15:44:44,874000,11.490
2026/04/29 15:44:44,875000,11.499
2026/04/29 15:44:44,876000,11.490
2026/04/29 15:44:44,877000,11.487
2026/04/29 15:44:44,878000,11.485
2026/04/29 15:44:44,879000,11.493
2026/04/29 15:44:44,880000,11.490
2026/04/29 15:44:44,881000,11.476
2026/04/29 15:44:44,882000,11.485
2026/04/29 15:44:44,883000,11.482
2026/04/29 15:44:44,884000,11.487
2026/04/29 15:44:44,885000,11.490
2026/04/29 15:44:44,886000,11.482
2026/04/29 15:44:44,887000,11.487
2026/04/29 15:44:44,888000,11.490
2026/04/29 15:44:44,889000,11.490
2026/04/29 15:44:44,890000,11.490
2026/04/29 15:44:44,891000,11.485
2026/04/29 15:44:44,892000,11.482
2026/04/29 15:44:44,893000,11.485
2026/04/29 15:44:44,894000,11.485
2026/04/29 15:44:44,895000,11.490
2026/04/29 15:44:44,896000,11.487
2026/04/29 15:44:44,897000,11.485
2026/04/29 15:44:44,898000,11.479
2026/04/29 15:44:44,899000,11.482
2026/04/29 15:44:44,900000,11.485
2026/04/29 15:44:44,901000,11.487
2026/04/29 15:44:44,902000,11.487
2026/04/29 15:44:44,903000,11.487
2026/04/29 15:44:44,904000,11.490
2026/04/29 15:44:44,905000,11.487
2026/04/29 15:44:44,906000,11.485
2026/04/29 15:44:44,907000,11.493
2026/04/29 15:44:44,908000,11.487
2026/04/29 15:44:44,909000,11.487
2026/04/29 15:44:44,910000,11.490
2026/04/29 15:44:44,911000,11.485
2026/04/29 15:44:44,912000,11.493
2026/04/29 15:44:44,913000,11.485
2026/04/29 15:44:44,914000,11.490
2026/04/29 15:44:44,915000,11.485
2026/04/29 15:44:44,916000,11.487
2026/04/29 15:44:44,917000,11.487
2026/04/29 15:44:44,918000,11.490
2026/04/29 15:44:44,919000,11.487
2026/04/29 15:44:44,920000,11.485
2026/04/29 15:44:44,921000,11.485
2026/04/29 15:44:44,922000,11.487
2026/04/29 15:44:44,923000,11.487
2026/04/29 15:44:44,924000,11.487
2026/04/29 15:44:44,925000,11.485
2026/04/29 15:44:44,926000,11.485
2026/04/29 15:44:44,927000,11.490
2026/04/29 15:44:44,928000,11.482
2026/04/29 15:44:44,929000,11.487
2026/04/29 15:44:44,930000,11.490
2026/04/29 15:44:44,931000,11.493
2026/04/29 15:44:44,932000,11.485
2026/04/29 15:44:44,933000,11.487
2026/04/29 15:44:44,934000,11.485
2026/04/29 15:44:44,935000,11.487
2026/04/29 15:44:44,936000,11.493
2026/04/29 15:44:44,937000,11.490
2026/04/29 15:44:44,938000,11.490
2026/04/29 15:44:44,939000,11.490
2026/04/29 15:44:44,940000,11.490
2026/04/29 15:44:44,941000,11.485
2026/04/29 15:44:44,942000,11.482
2026/04/29 15:44:44,943000,11.493
2026/04/29 15:44:44,944000,11.485
2026/04/29 15:44:44,945000,11.485
2026/04/29 15:44:44,946000,11.490
2026/04/29 15:44:44,947000,11.487
2026/04/29 15:44:44,948000,11.490
2026/04/29 15:44:44,949000,11.487
2026/04/29 15:44:44,950000,11.487
2026/04/29 15:44:44,951000,11.487
2026/04/29 15:44:44,952000,11.485
2026/04/29 15:44:44,953000,11.482
2026/04/29 15:44:44,954000,11.485
2026/04/29 15:44:44,955000,11.487
2026/04/29 15:44:44,956000,11.479
2026/04/29 15:44:44,957000,11.487
2026/04/29 15:44:44,958000,11.485
2026/04/29 15:44:44,959000,11.487
2026/04/29 15:44:44,960000,11.485
2026/04/29 15:44:44,961000,11.493
2026/04/29 15:44:44,962000,11.482
2026/04/29 15:44:44,963000,11.487
2026/04/29 15:44:44,964000,11.485
2026/04/29 15:44:44,965000,11.487
2026/04/29 15:44:44,966000,11.493
2026/04/29 15:44:44,967000,11.485
2026/04/29 15:44:44,968000,11.485
2026/04/29 15:44:44,969000,11.485
2026/04/29 15:44:44,970000,11.487
2026/04/29 15:44:44,971000,11.490
2026/04/29 15:44:44,972000,11.485
2026/04/29 15:44:44,973000,11.482
2026/04/29 15:44:44,974000,11.487
2026/04/29 15:44:44,975000,11.487
2026/04/29 15:44:44,976000,11.482
2026/04/29 15:44:44,977000,11.487
2026/04/29 15:44:44,978000,11.485
2026/04/29 15:44:44,979000,11.490
2026/04/29 15:44:44,980000,11.496
2026/04/29 15:44:44,981000,11.490
2026/04/29 15:44:44,982000,11.487
2026/04/29 15:44:44,983000,11.490
2026/04/29 15:44:44,984000,11.482
2026/04/29 15:44:44,985000,11.485
2026/04/29 15:44:44,986000,11.490
2026/04/29 15:44:44,987000,11.487
2026/04/29 15:44:44,988000,11.485
2026/04/29 15:44:44,989000,11.487
2026/04/29 15:44:44,990000,11.487
2026/04/29 15:44:44,991000,11.482
2026/04/29 15:44:44,992000,11.487
2026/04/29 15:44:44,993000,11.479
2026/04/29 15:44:44,994000,11.493
2026/04/29 15:44:44,995000,11.482
2026/04/29 15:44:44,996000,11.490
2026/04/29 15:44:44,997000,11.485
2026/04/29 15:44:44,998000,11.485
2026/04/29 15:44:44,999000,11.490
2026/04/29 15:44:45,000000,11.487
2026/04/29 15:44:45,001000,11.485
2026/04/29 15:44:45,002000,11.485
2026/04/29 15:44:45,003000,11.487
2026/04/29 15:44:45,004000,11.490
2026/04/29 15:44:45,005000,11.487
2026/04/29 15:44:45,006000,11.490
2026/04/29 15:44:45,007000,11.485
2026/04/29 15:44:45,008000,11.482
2026/04/29 15:44:45,009000,11.485
2026/04/29 15:44:45,010000,11.482
2026/04/29 15:44:45,011000,11.493
2026/04/29 15:44:45,012000,11.493
2026/04/29 15:44:45,013000,11.490
2026/04/29 15:44:45,014000,11.490
2026/04/29 15:44:45,015000,11.485
2026/04/29 15:44:45,016000,11.487
2026/04/29 15:44:45,017000,11.490
2026/04/29 15:44:45,018000,11.490
2026/04/29 15:44:45,019000,11.487
2026/04/29 15:44:45,020000,11.485
2026/04/29 15:44:45,021000,11.490
2026/04/29 15:44:45,022000,11.490
2026/04/29 15:44:45,023000,11.485
2026/04/29 15:44:45,024000,11.479
2026/04/29 15:44:45,025000,11.487
2026/04/29 15:44:45,026000,11.493
2026/04/29 15:44:45,027000,11.487
2026/04/29 15:44:45,028000,11.487
2026/04/29 15:44:45,029000,11.487
2026/04/29 15:44:45,030000,11.485
2026/04/29 15:44:45,031000,11.485
2026/04/29 15:44:45,032000,11.485
2026/04/29 15:44:45,033000,11.487
2026/04/29 15:44:45,034000,11.482
2026/04/29 15:44:45,035000,11.487
2026/04/29 15:44:45,036000,11.487
2026/04/29 15:44:45,037000,11.493
2026/04/29 15:44:45,038000,11.487
2026/04/29 15:44:45,039000,11.485
2026/04/29 15:44:45,040000,11.485
2026/04/29 15:44:45,041000,11.485
2026/04/29 15:44:45,042000,11.482
2026/04/29 15:44:45,043000,11.490
2026/04/29 15:44:45,044000,11.490
2026/04/29 15:44:45,045000,11.485
2026/04/29 15:44:45,046000,11.490
2026/04/29 15:44:45,047000,11.490
2026/04/29 15:44:45,048000,11.482
2026/04/29 15:44:45,049000,11.490
2026/04/29 15:44:45,050000,11.482
2026/04/29 15:44:45,051000,11.482
2026/04/29 15:44:45,052000,11.482
2026/04/29 15:44:45,053000,11.487
2026/04/29 15:44:45,054000,11.482
2026/04/29 15:44:45,055000,11.487
2026/04/29 15:44:45,056000,11.487
2026/04/29 15:44:45,057000,11.490
2026/04/29 15:44:45,058000,11.482
2026/04/29 15:44:45,059000,11.487
2026/04/29 15:44:45,060000,11.487
2026/04/29 15:44:45,061000,11.482
2026/04/29 15:44:45,062000,11.485
2026/04/29 15:44:45,063000,11.482
2026/04/29 15:44:45,064000,11.490
2026/04/29 15:44:45,065000,11.485
2026/04/29 15:44:45,066000,11.485
2026/04/29 15:44:45,067000,11.485
2026/04/29 15:44:45,068000,11.487
2026/04/29 15:44:45,069000,11.493
2026/04/29 15:44:45,070000,11.485
2026/04/29 15:44:45,071000,11.485
2026/04/29 15:44:45,072000,11.493
2026/04/29 15:44:45,073000,11.493
2026/04/29 15:44:45,074000,11.482
2026/04/29 15:44:45,075000,11.493
2026/04/29 15:44:45,076000,11.482
2026/04/29 15:44:45,077000,11.485
2026/04/29 15:44:45,078000,11.487
2026/04/29 15:44:45,079000,11.485
2026/04/29 15:44:45,080000,11.490
2026/04/29 15:44:45,081000,11.493
2026/04/29 15:44:45,082000,11.485
2026/04/29 15:44:45,083000,11.490
2026/04/29 15:44:45,084000,11.482
2026/04/29 15:44:45,085000,11.490
2026/04/29 15:44:45,086000,11.482
2026/04/29 15:44:45,087000,11.485
2026/04/29 15:44:45,088000,11.485
2026/04/29 15:44:45,089000,11.490
2026/04/29 15:44:45,090000,11.487
2026/04/29 15:44:45,091000,11.493
2026/04/29 15:44:45,092000,11.487
2026/04/29 15:44:45,093000,11.485
2026/04/29 15:44:45,094000,11.493
2026/04/29 15:44:45,095000,11.487
2026/04/29 15:44:45,096000,11.482
2026/04/29 15:44:45,097000,11.490
2026/04/29 15:44:45,098000,11.485
2026/04/29 15:44:45,099000,11.490
2026/04/29 15:44:45,100000,11.485
2026/04/29 15:44:45,101000,11.490
2026/04/29 15:44:45,102000,11.482
2026/04/29 15:44:45,103000,11.490
2026/04/29 15:44:45,104000,11.485
2026/04/29 15:44:45,105000,11.490
2026/04/29 15:44:45,106000,11.479
2026/04/29 15:44:45,107000,11.490
2026/04/29 15:44:45,108000,11.487
2026/04/29 15:44:45,109000,11.485
2026/04/29 15:44:45,110000,11.485
2026/04/29 15:44:45,111000,11.485
2026/04/29 15:44:45,112000,11.479
2026/04/29 15:44:45,113000,11.487
2026/04/29 15:44:45,114000,11.487
2026/04/29 15:44:45,115000,11.485
2026/04/29 15:44:45,116000,11.487
2026/04/29 15:44:45,117000,11.485
2026/04/29 15:44:45,118000,11.490
2026/04/29 15:44:45,119000,11.490
2026/04/29 15:44:45,120000,11.487
2026/04/29 15:44:45,121000,11.485
2026/04/29 15:44:45,122000,11.482
2026/04/29 15:44:45,123000,11.482
2026/04/29 15:44:45,124000,11.487
2026/04/29 15:44:45,125000,11.482
2026/04/29 15:44:45,126000,11.487
2026/04/29 15:44:45,127000,11.485
2026/04/29 15:44:45,128000,11.482
2026/04/29 15:44:45,129000,11.490
2026/04/29 15:44:45,130000,11.485
2026/04/29 15:44:45,131000,11.490
2026/04/29 15:44:45,132000,11.493
2026/04/29 15:44:45,133000,11.485
2026/04/29 15:44:45,134000,11.487
2026/04/29 15:44:45,135000,11.490
2026/04/29 15:44:45,136000,11.482
2026/04/29 15:44:45,137000,11.487
2026/04/29 15:44:45,138000,11.493
2026/04/29 15:44:45,139000,11.485
2026/04/29 15:44:45,140000,11.485
2026/04/29 15:44:45,141000,11.490
2026/04/29 15:44:45,142000,11.482
2026/04/29 15:44:45,143000,11.490
2026/04/29 15:44:45,144000,11.485
2026/04/29 15:44:45,145000,11.493
2026/04/29 15:44:45,146000,11.487
2026/04/29 15:44:45,147000,11.487
2026/04/29 15:44:45,148000,11.490
2026/04/29 15:44:45,149000,11.490
2026/04/29 15:44:45,150000,11.482
2026/04/29 15:44:45,151000,11.493
2026/04/29 15:44:45,152000,11.490
2026/04/29 15:44:45,153000,11.487
2026/04/29 15:44:45,154000,11.496
2026/04/29 15:44:45,155000,11.485
2026/04/29 15:44:45,156000,11.487
2026/04/29 15:44:45,157000,11.487
2026/04/29 15:44:45,158000,11.487
2026/04/29 15:44:45,159000,11.485
2026/04/29 15:44:45,160000,11.482
2026/04/29 15:44:45,161000,11.487
2026/04/29 15:44:45,162000,11.485
2026/04/29 15:44:45,163000,11.485
2026/04/29 15:44:45,164000,11.485
2026/04/29 15:44:45,165000,11.482
2026/04/29 15:44:45,166000,11.482
2026/04/29 15:44:45,167000,11.487
2026/04/29 15:44:45,168000,11.490
2026/04/29 15:44:45,169000,11.487
2026/04/29 15:44:45,170000,11.482
2026/04/29 15:44:45,171000,11.485
2026/04/29 15:44:45,172000,11.487
2026/04/29 15:44:45,173000,11.485
2026/04/29 15:44:45,174000,11.485
2026/04/29 15:44:45,175000,11.490
2026/04/29 15:44:45,176000,11.487
2026/04/29 15:44:45,177000,11.490
2026/04/29 15:44:45,178000,11.490
2026/04/29 15:44:45,179000,11.485
2026/04/29 15:44:45,180000,11.487
2026/04/29 15:44:45,181000,11.490
2026/04/29 15:44:45,182000,11.493
2026/04/29 15:44:45,183000,11.487
2026/04/29 15:44:45,184000,11.487
2026/04/29 15:44:45,185000,11.490
2026/04/29 15:44:45,186000,11.487
2026/04/29 15:44:45,187000,11.485
2026/04/29 15:44:45,188000,11.487
2026/04/29 15:44:45,189000,11.490
2026/04/29 15:44:45,190000,11.487
2026/04/29 15:44:45,191000,11.493
2026/04/29 15:44:45,192000,11.493
2026/04/29 15:44:45,193000,11.487
2026/04/29 15:44:45,194000,11.493
2026/04/29 15:44:45,195000,11.490
2026/04/29 15:44:45,196000,11.482
2026/04/29 15:44:45,197000,11.487
2026/04/29 15:44:45,198000,11.485
2026/04/29 15:44:45,199000,11.482
2026/04/29 15:44:45,200000,11.490
2026/04/29 15:44:45,201000,11.490
2026/04/29 15:44:45,202000,11.485
2026/04/29 15:44:45,203000,11.490
2026/04/29 15:44:45,204000,11.493
2026/04/29 15:44:45,205000,11.479
2026/04/29 15:44:45,206000,11.485
2026/04/29 15:44:45,207000,11.496
2026/04/29 15:44:45,208000,11.487
2026/04/29 15:44:45,209000,11.487
2026/04/29 15:44:45,210000,11.493
2026/04/29 15:44:45,211000,11.482
2026/04/29 15:44:45,212000,11.479
2026/04/29 15:44:45,213000,11.490
2026/04/29 15:44:45,214000,11.482
2026/04/29 15:44:45,215000,11.490
2026/04/29 15:44:45,216000,11.487
2026/04/29 15:44:45,217000,11.482
2026/04/29 15:44:45,218000,11.485
2026/04/29 15:44:45,219000,11.493
2026/04/29 15:44:45,220000,11.490
2026/04/29 15:44:45,221000,11.493
2026/04/29 15:44:45,222000,11.487
2026/04/29 15:44:45,223000,11.490
2026/04/29 15:44:45,224000,11.487
2026/04/29 15:44:45,225000,11.482
2026/04/29 15:44:45,226000,11.487
2026/04/29 15:44:45,227000,11.490
2026/04/29 15:44:45,228000,11.490
2026/04/29 15:44:45,229000,11.487
2026/04/29 15:44:45,230000,11.487
2026/04/29 15:44:45,231000,11.479
2026/04/29 15:44:45,232000,11.487
2026/04/29 15:44:45,233000,11.482
2026/04/29 15:44:45,234000,11.490
2026/04/29 15:44:45,235000,11.482
2026/04/29 15:44:45,236000,11.490
2026/04/29 15:44:45,237000,11.485
2026/04/29 15:44:45,238000,11.482
2026/04/29 15:44:45,239000,11.490
2026/04/29 15:44:45,240000,11.487
2026/04/29 15:44:45,241000,11.482
2026/04/29 15:44:45,242000,11.485
2026/04/29 15:44:45,243000,11.490
2026/04/29 15:44:45,244000,11.493
2026/04/29 15:44:45,245000,11.490
2026/04/29 15:44:45,246000,11.485
2026/04/29 15:44:45,247000,11.485
2026/04/29 15:44:45,248000,11.487
2026/04/29 15:44:45,249000,11.487
2026/04/29 15:44:45,250000,11.482
2026/04/29 15:44:45,251000,11.487
2026/04/29 15:44:45,252000,11.493
2026/04/29 15:44:45,253000,11.487
2026/04/29 15:44:45,254000,11.487
2026/04/29 15:44:45,255000,11.482
2026/04/29 15:44:45,256000,11.485
2026/04/29 15:44:45,257000,11.487
2026/04/29 15:44:45,258000,11.487
2026/04/29 15:44:45,259000,11.485
2026/04/29 15:44:45,260000,11.482
2026/04/29 15:44:45,261000,11.482
2026/04/29 15:44:45,262000,11.493
2026/04/29 15:44:45,263000,11.493
2026/04/29 15:44:45,264000,11.482
2026/04/29 15:44:45,265000,11.490
2026/04/29 15:44:45,266000,11.490
2026/04/29 15:44:45,267000,11.487
2026/04/29 15:44:45,268000,11.487
2026/04/29 15:44:45,269000,11.490
2026/04/29 15:44:45,270000,11.485
2026/04/29 15:44:45,271000,11.487
2026/04/29 15:44:45,272000,11.493
2026/04/29 15:44:45,273000,11.490
2026/04/29 15:44:45,274000,11.485
2026/04/29 15:44:45,275000,11.487
2026/04/29 15:44:45,276000,11.485
2026/04/29 15:44:45,277000,11.490
2026/04/29 15:44:45,278000,11.485
2026/04/29 15:44:45,279000,11.487
2026/04/29 15:44:45,280000,11.487
2026/04/29 15:44:45,281000,11.485
2026/04/29 15:44:45,282000,11.482
2026/04/29 15:44:45,283000,11.493
2026/04/29 15:44:45,284000,11.482
2026/04/29 15:44:45,285000,11.487
2026/04/29 15:44:45,286000,11.490
2026/04/29 15:44:45,287000,11.487
2026/04/29 15:44:45,288000,11.485
2026/04/29 15:44:45,289000,11.482
2026/04/29 15:44:45,290000,11.493
2026/04/29 15:44:45,291000,11.482
2026/04/29 15:44:45,292000,11.490
2026/04/29 15:44:45,293000,11.499
2026/04/29 15:44:45,294000,11.490
2026/04/29 15:44:45,295000,11.482
2026/04/29 15:44:45,296000,11.487
2026/04/29 15:44:45,297000,11.487
2026/04/29 15:44:45,298000,11.487
2026/04/29 15:44:45,299000,11.493
2026/04/29 15:44:45,300000,11.490
2026/04/29 15:44:45,301000,11.487
2026/04/29 15:44:45,302000,11.485
2026/04/29 15:44:45,303000,11.485
2026/04/29 15:44:45,304000,11.487
2026/04/29 15:44:45,305000,11.487
2026/04/29 15:44:45,306000,11.485
2026/04/29 15:44:45,307000,11.485
2026/04/29 15:44:45,308000,11.490
2026/04/29 15:44:45,309000,11.482
2026/04/29 15:44:45,310000,11.487
2026/04/29 15:44:45,311000,11.487
2026/04/29 15:44:45,312000,11.487
2026/04/29 15:44:45,313000,11.487
2026/04/29 15:44:45,314000,11.485
2026/04/29 15:44:45,315000,11.487
2026/04/29 15:44:45,316000,11.485
2026/04/29 15:44:45,317000,11.487
2026/04/29 15:44:45,318000,11.487
2026/04/29 15:44:45,319000,11.485
2026/04/29 15:44:45,320000,11.487
2026/04/29 15:44:45,321000,11.485
2026/04/29 15:44:45,322000,11.487
2026/04/29 15:44:45,323000,11.485
2026/04/29 15:44:45,324000,11.487
2026/04/29 15:44:45,325000,11.485
2026/04/29 15:44:45,326000,11.482
2026/04/29 15:44:45,327000,11.485
2026/04/29 15:44:45,328000,11.487
2026/04/29 15:44:45,329000,11.490
2026/04/29 15:44:45,330000,11.490
2026/04/29 15:44:45,331000,11.490
2026/04/29 15:44:45,332000,11.487
2026/04/29 15:44:45,333000,11.487
2026/04/29 15:44:45,334000,11.482
2026/04/29 15:44:45,335000,11.485
2026/04/29 15:44:45,336000,11.487
2026/04/29 15:44:45,337000,11.482
2026/04/29 15:44:45,338000,11.476
2026/04/29 15:44:45,339000,11.485
2026/04/29 15:44:45,340000,11.482
2026/04/29 15:44:45,341000,11.485
2026/04/29 15:44:45,342000,11.487
2026/04/29 15:44:45,343000,11.490
2026/04/29 15:44:45,344000,11.487
2026/04/29 15:44:45,345000,11.485
2026/04/29 15:44:45,346000,11.485
2026/04/29 15:44:45,347000,11.487
2026/04/29 15:44:45,348000,11.485
2026/04/29 15:44:45,349000,11.485
2026/04/29 15:44:45,350000,11.487
2026/04/29 15:44:45,351000,11.487
2026/04/29 15:44:45,352000,11.487
2026/04/29 15:44:45,353000,11.487
2026/04/29 15:44:45,354000,11.493
2026/04/29 15:44:45,355000,11.482
2026/04/29 15:44:45,356000,11.485
2026/04/29 15:44:45,357000,11.485
2026/04/29 15:44:45,358000,11.485
2026/04/29 15:44:45,359000,11.485
2026/04/29 15:44:45,360000,11.487
2026/04/29 15:44:45,361000,11.482
2026/04/29 15:44:45,362000,11.487
2026/04/29 15:44:45,363000,11.482
2026/04/29 15:44:45,364000,11.487
2026/04/29 15:44:45,365000,11.487
2026/04/29 15:44:45,366000,11.485
2026/04/29 15:44:45,367000,11.485
2026/04/29 15:44:45,368000,11.482
2026/04/29 15:44:45,369000,11.485
2026/04/29 15:44:45,370000,11.482
2026/04/29 15:44:45,371000,11.487
2026/04/29 15:44:45,372000,11.487
2026/04/29 15:44:45,373000,11.482
2026/04/29 15:44:45,374000,11.493
2026/04/29 15:44:45,375000,11.485
2026/04/29 15:44:45,376000,11.487
2026/04/29 15:44:45,377000,11.482
2026/04/29 15:44:45,378000,11.490
2026/04/29 15:44:45,379000,11.482
2026/04/29 15:44:45,380000,11.485
2026/04/29 15:44:45,381000,11.490
2026/04/29 15:44:45,382000,11.487
2026/04/29 15:44:45,383000,11.487
2026/04/29 15:44:45,384000,11.490
2026/04/29 15:44:45,385000,11.487
2026/04/29 15:44:45,386000,11.485
2026/04/29 15:44:45,387000,11.487
2026/04/29 15:44:45,388000,11.485
2026/04/29 15:44:45,389000,11.482
2026/04/29 15:44:45,390000,11.487
2026/04/29 15:44:45,391000,11.482
2026/04/29 15:44:45,392000,11.485
2026/04/29 15:44:45,393000,11.479
2026/04/29 15:44:45,394000,11.485
2026/04/29 15:44:45,395000,11.482
2026/04/29 15:44:45,396000,11.490
2026/04/29 15:44:45,397000,11.487
2026/04/29 15:44:45,398000,11.485
2026/04/29 15:44:45,399000,11.487
2026/04/29 15:44:45,400000,11.490
2026/04/29 15:44:45,401000,11.485
2026/04/29 15:44:45,402000,11.490
2026/04/29 15:44:45,403000,11.485
2026/04/29 15:44:45,404000,11.479
2026/04/29 15:44:45,405000,11.487
2026/04/29 15:44:45,406000,11.482
2026/04/29 15:44:45,407000,11.482
2026/04/29 15:44:45,408000,11.485
2026/04/29 15:44:45,409000,11.485
2026/04/29 15:44:45,410000,11.487
2026/04/29 15:44:45,411000,11.487
2026/04/29 15:44:45,412000,11.487
2026/04/29 15:44:45,413000,11.487
2026/04/29 15:44:45,414000,11.482
2026/04/29 15:44:45,415000,11.485
2026/04/29 15:44:45,416000,11.482
2026/04/29 15:44:45,417000,11.487
2026/04/29 15:44:45,418000,11.482
2026/04/29 15:44:45,419000,11.490
2026/04/29 15:44:45,420000,11.485
2026/04/29 15:44:45,421000,11.493
2026/04/29 15:44:45,422000,11.485
2026/04/29 15:44:45,423000,11.485
2026/04/29 15:44:45,424000,11.482
2026/04/29 15:44:45,425000,11.479
2026/04/29 15:44:45,426000,11.485
2026/04/29 15:44:45,427000,11.482
2026/04/29 15:44:45,428000,11.485
2026/04/29 15:44:45,429000,11.487
2026/04/29 15:44:45,430000,11.482
2026/04/29 15:44:45,431000,11.490
2026/04/29 15:44:45,432000,11.485
2026/04/29 15:44:45,433000,11.485
2026/04/29 15:44:45,434000,11.487
2026/04/29 15:44:45,435000,11.485
2026/04/29 15:44:45,436000,11.482
2026/04/29 15:44:45,437000,11.482
2026/04/29 15:44:45,438000,11.487
2026/04/29 15:44:45,439000,11.479
2026/04/29 15:44:45,440000,11.490
2026/04/29 15:44:45,441000,11.485
2026/04/29 15:44:45,442000,11.487
2026/04/29 15:44:45,443000,11.499
2026/04/29 15:44:45,444000,11.490
2026/04/29 15:44:45,445000,11.485
2026/04/29 15:44:45,446000,11.485
2026/04/29 15:44:45,447000,11.487
2026/04/29 15:44:45,448000,11.487
2026/04/29 15:44:45,449000,11.490
2026/04/29 15:44:45,450000,11.485
2026/04/29 15:44:45,451000,11.485
2026/04/29 15:44:45,452000,11.490
2026/04/29 15:44:45,453000,11.487
2026/04/29 15:44:45,454000,11.485
2026/04/29 15:44:45,455000,11.487
2026/04/29 15:44:45,456000,11.482
2026/04/29 15:44:45,457000,11.485
2026/04/29 15:44:45,458000,11.485
2026/04/29 15:44:45,459000,11.490
2026/04/29 15:44:45,460000,11.485
2026/04/29 15:44:45,461000,11.482
2026/04/29 15:44:45,462000,11.485
2026/04/29 15:44:45,463000,11.485
2026/04/29 15:44:45,464000,11.490
2026/04/29 15:44:45,465000,11.487
2026/04/29 15:44:45,466000,11.482
2026/04/29 15:44:45,467000,11.487
2026/04/29 15:44:45,468000,11.487
2026/04/29 15:44:45,469000,11.482
2026/04/29 15:44:45,470000,11.490
2026/04/29 15:44:45,471000,11.487
2026/04/29 15:44:45,472000,11.482
2026/04/29 15:44:45,473000,11.490
2026/04/29 15:44:45,474000,11.482
2026/04/29 15:44:45,475000,11.487
2026/04/29 15:44:45,476000,11.485
2026/04/29 15:44:45,477000,11.485
2026/04/29 15:44:45,478000,11.490
2026/04/29 15:44:45,479000,11.482
2026/04/29 15:44:45,480000,11.485
2026/04/29 15:44:45,481000,11.490
2026/04/29 15:44:45,482000,11.490
2026/04/29 15:44:45,483000,11.476
2026/04/29 15:44:45,484000,11.490
2026/04/29 15:44:45,485000,11.493
2026/04/29 15:44:45,486000,11.487
2026/04/29 15:44:45,487000,11.485
2026/04/29 15:44:45,488000,11.487
2026/04/29 15:44:45,489000,11.490
2026/04/29 15:44:45,490000,11.485
2026/04/29 15:44:45,491000,11.487
2026/04/29 15:44:45,492000,11.487
2026/04/29 15:44:45,493000,11.487
2026/04/29 15:44:45,494000,11.482
2026/04/29 15:44:45,495000,11.493
2026/04/29 15:44:45,496000,11.485
2026/04/29 15:44:45,497000,11.485
2026/04/29 15:44:45,498000,11.485
2026/04/29 15:44:45,499000,11.485
2026/04/29 15:44:45,500000,11.482
2026/04/29 15:44:45,501000,11.485
2026/04/29 15:44:45,502000,11.490
2026/04/29 15:44:45,503000,11.482
2026/04/29 15:44:45,504000,11.487
2026/04/29 15:44:45,505000,11.487
2026/04/29 15:44:45,506000,11.490
2026/04/29 15:44:45,507000,11.490
2026/04/29 15:44:45,508000,11.482
2026/04/29 15:44:45,509000,11.487
2026/04/29 15:44:45,510000,11.479
2026/04/29 15:44:45,511000,11.487
2026/04/29 15:44:45,512000,11.487
2026/04/29 15:44:45,513000,11.485
2026/04/29 15:44:45,514000,11.490
2026/04/29 15:44:45,515000,11.485
2026/04/29 15:44:45,516000,11.485
2026/04/29 15:44:45,517000,11.485
2026/04/29 15:44:45,518000,11.487
2026/04/29 15:44:45,519000,11.485
2026/04/29 15:44:45,520000,11.487
2026/04/29 15:44:45,521000,11.487
2026/04/29 15:44:45,522000,11.487
2026/04/29 15:44:45,523000,11.485
2026/04/29 15:44:45,524000,11.485
2026/04/29 15:44:45,525000,11.485
2026/04/29 15:44:45,526000,11.487
2026/04/29 15:44:45,527000,11.490
2026/04/29 15:44:45,528000,11.490
2026/04/29 15:44:45,529000,11.490
2026/04/29 15:44:45,530000,11.485
2026/04/29 15:44:45,531000,11.482
2026/04/29 15:44:45,532000,11.490
2026/04/29 15:44:45,533000,11.490
2026/04/29 15:44:45,534000,11.479
2026/04/29 15:44:45,535000,11.485
2026/04/29 15:44:45,536000,11.490
2026/04/29 15:44:45,537000,11.485
2026/04/29 15:44:45,538000,11.485
2026/04/29 15:44:45,539000,11.487
2026/04/29 15:44:45,540000,11.485
2026/04/29 15:44:45,541000,11.487
2026/04/29 15:44:45,542000,11.487
2026/04/29 15:44:45,543000,11.485
2026/04/29 15:44:45,544000,11.487
2026/04/29 15:44:45,545000,11.482
2026/04/29 15:44:45,546000,11.487
2026/04/29 15:44:45,547000,11.485
2026/04/29 15:44:45,548000,11.490
2026/04/29 15:44:45,549000,11.487
2026/04/29 15:44:45,550000,11.482
2026/04/29 15:44:45,551000,11.485
2026/04/29 15:44:45,552000,11.485
2026/04/29 15:44:45,553000,11.485
2026/04/29 15:44:45,554000,11.490
2026/04/29 15:44:45,555000,11.485
2026/04/29 15:44:45,556000,11.485
2026/04/29 15:44:45,557000,11.482
2026/04/29 15:44:45,558000,11.487
2026/04/29 15:44:45,559000,11.485
2026/04/29 15:44:45,560000,11.490
2026/04/29 15:44:45,561000,11.487
2026/04/29 15:44:45,562000,11.482
2026/04/29 15:44:45,563000,11.485
2026/04/29 15:44:45,564000,11.485
2026/04/29 15:44:45,565000,11.493
2026/04/29 15:44:45,566000,11.487
2026/04/29 15:44:45,567000,11.485
2026/04/29 15:44:45,568000,11.490
2026/04/29 15:44:45,569000,11.487
2026/04/29 15:44:45,570000,11.485
2026/04/29 15:44:45,571000,11.482
2026/04/29 15:44:45,572000,11.487
2026/04/29 15:44:45,573000,11.490
2026/04/29 15:44:45,574000,11.485
2026/04/29 15:44:45,575000,11.485
2026/04/29 15:44:45,576000,11.485
2026/04/29 15:44:45,577000,11.482
2026/04/29 15:44:45,578000,11.490
2026/04/29 15:44:45,579000,11.493
2026/04/29 15:44:45,580000,11.485
2026/04/29 15:44:45,581000,11.482
2026/04/29 15:44:45,582000,11.493
2026/04/29 15:44:45,583000,11.487
2026/04/29 15:44:45,584000,11.487
2026/04/29 15:44:45,585000,11.487
2026/04/29 15:44:45,586000,11.490
2026/04/29 15:44:45,587000,11.490
2026/04/29 15:44:45,588000,11.490
2026/04/29 15:44:45,589000,11.485
2026/04/29 15:44:45,590000,11.485
2026/04/29 15:44:45,591000,11.482
2026/04/29 15:44:45,592000,11.490
2026/04/29 15:44:45,593000,11.487
2026/04/29 15:44:45,594000,11.485
2026/04/29 15:44:45,595000,11.487
2026/04/29 15:44:45,596000,11.485
2026/04/29 15:44:45,597000,11.485
2026/04/29 15:44:45,598000,11.482
2026/04/29 15:44:45,599000,11.487
2026/04/29 15:44:45,600000,11.487
2026/04/29 15:44:45,601000,11.485
2026/04/29 15:44:45,602000,11.485
2026/04/29 15:44:45,603000,11.487
2026/04/29 15:44:45,604000,11.490
2026/04/29 15:44:45,605000,11.493
2026/04/29 15:44:45,606000,11.479
2026/04/29 15:44:45,607000,11.487
2026/04/29 15:44:45,608000,11.485
2026/04/29 15:44:45,609000,11.482
2026/04/29 15:44:45,610000,11.487
2026/04/29 15:44:45,611000,11.485
2026/04/29 15:44:45,612000,11.485
2026/04/29 15:44:45,613000,11.485
2026/04/29 15:44:45,614000,11.485
2026/04/29 15:44:45,615000,11.485
2026/04/29 15:44:45,616000,11.490
2026/04/29 15:44:45,617000,11.479
2026/04/29 15:44:45,618000,11.482
2026/04/29 15:44:45,619000,11.482
2026/04/29 15:44:45,620000,11.487
2026/04/29 15:44:45,621000,11.485
2026/04/29 15:44:45,622000,11.482
2026/04/29 15:44:45,623000,11.487
2026/04/29 15:44:45,624000,11.479
2026/04/29 15:44:45,625000,11.485
2026/04/29 15:44:45,626000,11.487
2026/04/29 15:44:45,627000,11.485
2026/04/29 15:44:45,628000,11.482
2026/04/29 15:44:45,629000,11.487
2026/04/29 15:44:45,630000,11.487
2026/04/29 15:44:45,631000,11.485
2026/04/29 15:44:45,632000,11.487
2026/04/29 15:44:45,633000,11.496
2026/04/29 15:44:45,634000,11.487
2026/04/29 15:44:45,635000,11.485
2026/04/29 15:44:45,636000,11.490
2026/04/29 15:44:45,637000,11.482
2026/04/29 15:44:45,638000,11.493
2026/04/29 15:44:45,639000,11.490
2026/04/29 15:44:45,640000,11.487
2026/04/29 15:44:45,641000,11.485
2026/04/29 15:44:45,642000,11.487
2026/04/29 15:44:45,643000,11.487
2026/04/29 15:44:45,644000,11.487
2026/04/29 15:44:45,645000,11.487
2026/04/29 15:44:45,646000,11.490
2026/04/29 15:44:45,647000,11.485
2026/04/29 15:44:45,648000,11.485
2026/04/29 15:44:45,649000,11.487
2026/04/29 15:44:45,650000,11.485
2026/04/29 15:44:45,651000,11.479
2026/04/29 15:44:45,652000,11.490
2026/04/29 15:44:45,653000,11.482
2026/04/29 15:44:45,654000,11.487
2026/04/29 15:44:45,655000,11.490
2026/04/29 15:44:45,656000,11.482
2026/04/29 15:44:45,657000,11.487
2026/04/29 15:44:45,658000,11.487
2026/04/29 15:44:45,659000,11.485
2026/04/29 15:44:45,660000,11.485
2026/04/29 15:44:45,661000,11.485
2026/04/29 15:44:45,662000,11.485
2026/04/29 15:44:45,663000,11.487
2026/04/29 15:44:45,664000,11.482
2026/04/29 15:44:45,665000,11.476
2026/04/29 15:44:45,666000,11.487
2026/04/29 15:44:45,667000,11.487
2026/04/29 15:44:45,668000,11.487
2026/04/29 15:44:45,669000,11.487
2026/04/29 15:44:45,670000,11.482
2026/04/29 15:44:45,671000,11.487
2026/04/29 15:44:45,672000,11.485
2026/04/29 15:44:45,673000,11.485
2026/04/29 15:44:45,674000,11.482
2026/04/29 15:44:45,675000,11.487
2026/04/29 15:44:45,676000,11.487
2026/04/29 15:44:45,677000,11.485
2026/04/29 15:44:45,678000,11.485
2026/04/29 15:44:45,679000,11.487
2026/04/29 15:44:45,680000,11.490
2026/04/29 15:44:45,681000,11.487
2026/04/29 15:44:45,682000,11.485
2026/04/29 15:44:45,683000,11.490
2026/04/29 15:44:45,684000,11.482
2026/04/29 15:44:45,685000,11.485
2026/04/29 15:44:45,686000,11.482
2026/04/29 15:44:45,687000,11.490
2026/04/29 15:44:45,688000,11.487
2026/04/29 15:44:45,689000,11.490
2026/04/29 15:44:45,690000,11.485
2026/04/29 15:44:45,691000,11.485
2026/04/29 15:44:45,692000,11.490
2026/04/29 15:44:45,693000,11.482
2026/04/29 15:44:45,694000,11.482
2026/04/29 15:44:45,695000,11.487
2026/04/29 15:44:45,696000,11.485
2026/04/29 15:44:45,697000,11.490
2026/04/29 15:44:45,698000,11.482
2026/04/29 15:44:45,699000,11.482
2026/04/29 15:44:45,700000,11.479
2026/04/29 15:44:45,701000,11.487
2026/04/29 15:44:45,702000,11.490
2026/04/29 15:44:45,703000,11.482
2026/04/29 15:44:45,704000,11.485
2026/04/29 15:44:45,705000,11.485
2026/04/29 15:44:45,706000,11.493
2026/04/29 15:44:45,707000,11.485
2026/04/29 15:44:45,708000,11.487
2026/04/29 15:44:45,709000,11.482
2026/04/29 15:44:45,710000,11.485
2026/04/29 15:44:45,711000,11.485
2026/04/29 15:44:45,712000,11.482
2026/04/29 15:44:45,713000,11.485
2026/04/29 15:44:45,714000,11.479
2026/04/29 15:44:45,715000,11.485
2026/04/29 15:44:45,716000,11.487
2026/04/29 15:44:45,717000,11.485
2026/04/29 15:44:45,718000,11.490
2026/04/29 15:44:45,719000,11.482
2026/04/29 15:44:45,720000,11.485
2026/04/29 15:44:45,721000,11.485
2026/04/29 15:44:45,722000,11.487
2026/04/29 15:44:45,723000,11.487
2026/04/29 15:44:45,724000,11.487
2026/04/29 15:44:45,725000,11.490
2026/04/29 15:44:45,726000,11.487
2026/04/29 15:44:45,727000,11.487
2026/04/29 15:44:45,728000,11.490
2026/04/29 15:44:45,729000,11.485
2026/04/29 15:44:45,730000,11.487
2026/04/29 15:44:45,731000,11.485
2026/04/29 15:44:45,732000,11.485
2026/04/29 15:44:45,733000,11.485
2026/04/29 15:44:45,734000,11.482
2026/04/29 15:44:45,735000,11.482
2026/04/29 15:44:45,736000,11.487
2026/04/29 15:44:45,737000,11.485
2026/04/29 15:44:45,738000,11.487
2026/04/29 15:44:45,739000,11.487
2026/04/29 15:44:45,740000,11.490
2026/04/29 15:44:45,741000,11.490
2026/04/29 15:44:45,742000,11.485
2026/04/29 15:44:45,743000,11.482
2026/04/29 15:44:45,744000,11.485
2026/04/29 15:44:45,745000,11.485
2026/04/29 15:44:45,746000,11.485
2026/04/29 15:44:45,747000,11.490
2026/04/29 15:44:45,748000,11.485
2026/04/29 15:44:45,749000,11.485
2026/04/29 15:44:45,750000,11.485
2026/04/29 15:44:45,751000,11.490
2026/04/29 15:44:45,752000,11.482
2026/04/29 15:44:45,753000,11.490
2026/04/29 15:44:45,754000,11.487
2026/04/29 15:44:45,755000,11.487
2026/04/29 15:44:45,756000,11.485
2026/04/29 15:44:45,757000,11.490
2026/04/29 15:44:45,758000,11.485
2026/04/29 15:44:45,759000,11.487
2026/04/29 15:44:45,760000,11.487
2026/04/29 15:44:45,761000,11.487
2026/04/29 15:44:45,762000,11.485
2026/04/29 15:44:45,763000,11.490
2026/04/29 15:44:45,764000,11.493
2026/04/29 15:44:45,765000,11.490
2026/04/29 15:44:45,766000,11.485
2026/04/29 15:44:45,767000,11.490
2026/04/29 15:44:45,768000,11.485
2026/04/29 15:44:45,769000,11.487
2026/04/29 15:44:45,770000,11.485
2026/04/29 15:44:45,771000,11.482
2026/04/29 15:44:45,772000,11.490
2026/04/29 15:44:45,773000,11.487
2026/04/29 15:44:45,774000,11.482
2026/04/29 15:44:45,775000,11.487
2026/04/29 15:44:45,776000,11.482
2026/04/29 15:44:45,777000,11.487
2026/04/29 15:44:45,778000,11.485
2026/04/29 15:44:45,779000,11.485
2026/04/29 15:44:45,780000,11.487
2026/04/29 15:44:45,781000,11.487
2026/04/29 15:44:45,782000,11.490
2026/04/29 15:44:45,783000,11.487
2026/04/29 15:44:45,784000,11.485
2026/04/29 15:44:45,785000,11.487
2026/04/29 15:44:45,786000,11.485
2026/04/29 15:44:45,787000,11.487
2026/04/29 15:44:45,788000,11.493
2026/04/29 15:44:45,789000,11.487
2026/04/29 15:44:45,790000,11.485
2026/04/29 15:44:45,791000,11.490
2026/04/29 15:44:45,792000,11.487
2026/04/29 15:44:45,793000,11.490
2026/04/29 15:44:45,794000,11.490
2026/04/29 15:44:45,795000,11.490
2026/04/29 15:44:45,796000,11.487
2026/04/29 15:44:45,797000,11.490
2026/04/29 15:44:45,798000,11.487
2026/04/29 15:44:45,799000,11.482
2026/04/29 15:44:45,800000,11.487
2026/04/29 15:44:45,801000,11.482
2026/04/29 15:44:45,802000,11.487
2026/04/29 15:44:45,803000,11.485
2026/04/29 15:44:45,804000,11.485
2026/04/29 15:44:45,805000,11.493
2026/04/29 15:44:45,806000,11.485
2026/04/29 15:44:45,807000,11.479
2026/04/29 15:44:45,808000,11.485
2026/04/29 15:44:45,809000,11.487
2026/04/29 15:44:45,810000,11.487
2026/04/29 15:44:45,811000,11.485
2026/04/29 15:44:45,812000,11.490
2026/04/29 15:44:45,813000,11.485
2026/04/29 15:44:45,814000,11.485
2026/04/29 15:44:45,815000,11.490
2026/04/29 15:44:45,816000,11.490
2026/04/29 15:44:45,817000,11.485
2026/04/29 15:44:45,818000,11.487
2026/04/29 15:44:45,819000,11.487
2026/04/29 15:44:45,820000,11.485
2026/04/29 15:44:45,821000,11.496
2026/04/29 15:44:45,822000,11.485
2026/04/29 15:44:45,823000,11.482
2026/04/29 15:44:45,824000,11.485
2026/04/29 15:44:45,825000,11.487
2026/04/29 15:44:45,826000,11.487
2026/04/29 15:44:45,827000,11.482
2026/04/29 15:44:45,828000,11.485
2026/04/29 15:44:45,829000,11.487
2026/04/29 15:44:45,830000,11.487
2026/04/29 15:44:45,831000,11.482
2026/04/29 15:44:45,832000,11.487
2026/04/29 15:44:45,833000,11.482
2026/04/29 15:44:45,834000,11.485
2026/04/29 15:44:45,835000,11.493
2026/04/29 15:44:45,836000,11.490
2026/04/29 15:44:45,837000,11.485
2026/04/29 15:44:45,838000,11.493
2026/04/29 15:44:45,839000,11.487
2026/04/29 15:44:45,840000,11.485
2026/04/29 15:44:45,841000,11.482
2026/04/29 15:44:45,842000,11.493
2026/04/29 15:44:45,843000,11.485
2026/04/29 15:44:45,844000,11.487
2026/04/29 15:44:45,845000,11.485
2026/04/29 15:44:45,846000,11.485
2026/04/29 15:44:45,847000,11.482
2026/04/29 15:44:45,848000,11.490
2026/04/29 15:44:45,849000,11.487
2026/04/29 15:44:45,850000,11.485
2026/04/29 15:44:45,851000,11.487
2026/04/29 15:44:45,852000,11.487
2026/04/29 15:44:45,853000,11.485
2026/04/29 15:44:45,854000,11.482
2026/04/29 15:44:45,855000,11.493
2026/04/29 15:44:45,856000,11.485
2026/04/29 15:44:45,857000,11.487
2026/04/29 15:44:45,858000,11.487
2026/04/29 15:44:45,859000,11.490
2026/04/29 15:44:45,860000,11.485
2026/04/29 15:44:45,861000,11.479
2026/04/29 15:44:45,862000,11.485
2026/04/29 15:44:45,863000,11.482
2026/04/29 15:44:45,864000,11.482
2026/04/29 15:44:45,865000,11.490
2026/04/29 15:44:45,866000,11.487
2026/04/29 15:44:45,867000,11.485
2026/04/29 15:44:45,868000,11.485
2026/04/29 15:44:45,869000,11.487
2026/04/29 15:44:45,870000,11.487
2026/04/29 15:44:45,871000,11.482
2026/04/29 15:44:45,872000,11.482
2026/04/29 15:44:45,873000,11.487
2026/04/29 15:44:45,874000,11.482
2026/04/29 15:44:45,875000,11.485
2026/04/29 15:44:45,876000,11.487
2026/04/29 15:44:45,877000,11.485
2026/04/29 15:44:45,878000,11.487
2026/04/29 15:44:45,879000,11.487
2026/04/29 15:44:45,880000,11.490
2026/04/29 15:44:45,881000,11.485
2026/04/29 15:44:45,882000,11.485
2026/04/29 15:44:45,883000,11.487
2026/04/29 15:44:45,884000,11.487
2026/04/29 15:44:45,885000,11.485
2026/04/29 15:44:45,886000,11.493
2026/04/29 15:44:45,887000,11.487
2026/04/29 15:44:45,888000,11.490
2026/04/29 15:44:45,889000,11.482
2026/04/29 15:44:45,890000,11.487
2026/04/29 15:44:45,891000,11.493
2026/04/29 15:44:45,892000,11.487
2026/04/29 15:44:45,893000,11.493
2026/04/29 15:44:45,894000,11.487
2026/04/29 15:44:45,895000,11.487
2026/04/29 15:44:45,896000,11.490
2026/04/29 15:44:45,897000,11.487
2026/04/29 15:44:45,898000,11.490
2026/04/29 15:44:45,899000,11.490
2026/04/29 15:44:45,900000,11.485
2026/04/29 15:44:45,901000,11.482
2026/04/29 15:44:45,902000,11.487
2026/04/29 15:44:45,903000,11.485
2026/04/29 15:44:45,904000,11.490
2026/04/29 15:44:45,905000,11.487
2026/04/29 15:44:45,906000,11.487
2026/04/29 15:44:45,907000,11.490
2026/04/29 15:44:45,908000,11.487
2026/04/29 15:44:45,909000,11.482
2026/04/29 15:44:45,910000,11.485
2026/04/29 15:44:45,911000,11.482
2026/04/29 15:44:45,912000,11.490
2026/04/29 15:44:45,913000,11.482
2026/04/29 15:44:45,914000,11.487
2026/04/29 15:44:45,915000,11.487
2026/04/29 15:44:45,916000,11.485
2026/04/29 15:44:45,917000,11.482
2026/04/29 15:44:45,918000,11.487
2026/04/29 15:44:45,919000,11.487
2026/04/29 15:44:45,920000,11.490
2026/04/29 15:44:45,921000,11.479
2026/04/29 15:44:45,922000,11.487
2026/04/29 15:44:45,923000,11.485
2026/04/29 15:44:45,924000,11.487
2026/04/29 15:44:45,925000,11.482
2026/04/29 15:44:45,926000,11.482
2026/04/29 15:44:45,927000,11.485
2026/04/29 15:44:45,928000,11.490
2026/04/29 15:44:45,929000,11.490
2026/04/29 15:44:45,930000,11.485
2026/04/29 15:44:45,931000,11.487
2026/04/29 15:44:45,932000,11.482
2026/04/29 15:44:45,933000,11.485
2026/04/29 15:44:45,934000,11.490
2026/04/29 15:44:45,935000,11.490
2026/04/29 15:44:45,936000,11.485
2026/04/29 15:44:45,937000,11.490
2026/04/29 15:44:45,938000,11.485
2026/04/29 15:44:45,939000,11.485
2026/04/29 15:44:45,940000,11.487
2026/04/29 15:44:45,941000,11.479
2026/04/29 15:44:45,942000,11.479
2026/04/29 15:44:45,943000,11.487
2026/04/29 15:44:45,944000,11.487
2026/04/29 15:44:45,945000,11.490
2026/04/29 15:44:45,946000,11.487
2026/04/29 15:44:45,947000,11.487
2026/04/29 15:44:45,948000,11.485
2026/04/29 15:44:45,949000,11.482
2026/04/29 15:44:45,950000,11.476
2026/04/29 15:44:45,951000,11.487
2026/04/29 15:44:45,952000,11.482
2026/04/29 15:44:45,953000,11.487
2026/04/29 15:44:45,954000,11.485
2026/04/29 15:44:45,955000,11.485
2026/04/29 15:44:45,956000,11.487
2026/04/29 15:44:45,957000,11.487
2026/04/29 15:44:45,958000,11.490
2026/04/29 15:44:45,959000,11.482
2026/04/29 15:44:45,960000,11.485
2026/04/29 15:44:45,961000,11.493
2026/04/29 15:44:45,962000,11.487
2026/04/29 15:44:45,963000,11.485
2026/04/29 15:44:45,964000,11.487
2026/04/29 15:44:45,965000,11.487
2026/04/29 15:44:45,966000,11.490
2026/04/29 15:44:45,967000,11.487
2026/04/29 15:44:45,968000,11.485
2026/04/29 15:44:45,969000,11.490
2026/04/29 15:44:45,970000,11.482
2026/04/29 15:44:45,971000,11.487
2026/04/29 15:44:45,972000,11.485
2026/04/29 15:44:45,973000,11.487
2026/04/29 15:44:45,974000,11.487
2026/04/29 15:44:45,975000,11.487
2026/04/29 15:44:45,976000,11.493
2026/04/29 15:44:45,977000,11.490
2026/04/29 15:44:45,978000,11.487
2026/04/29 15:44:45,979000,11.493
2026/04/29 15:44:45,980000,11.490
2026/04/29 15:44:45,981000,11.490
2026/04/29 15:44:45,982000,11.485
2026/04/29 15:44:45,983000,11.485
2026/04/29 15:44:45,984000,11.485
2026/04/29 15:44:45,985000,11.485
2026/04/29 15:44:45,986000,11.487
2026/04/29 15:44:45,987000,11.482
2026/04/29 15:44:45,988000,11.487
2026/04/29 15:44:45,989000,11.499
2026/04/29 15:44:45,990000,11.485
2026/04/29 15:44:45,991000,11.487
2026/04/29 15:44:45,992000,11.487
2026/04/29 15:44:45,993000,11.490
2026/04/29 15:44:45,994000,11.487
2026/04/29 15:44:45,995000,11.485
2026/04/29 15:44:45,996000,11.487
2026/04/29 15:44:45,997000,11.485
2026/04/29 15:44:45,998000,11.490
2026/04/29 15:44:45,999000,11.482
2026/04/29 15:44:46,000000,11.487
2026/04/29 15:44:46,001000,11.487
2026/04/29 15:44:46,002000,11.487
2026/04/29 15:44:46,003000,11.482
2026/04/29 15:44:46,004000,11.485
2026/04/29 15:44:46,005000,11.485
2026/04/29 15:44:46,006000,11.487
2026/04/29 15:44:46,007000,11.485
2026/04/29 15:44:46,008000,11.490
2026/04/29 15:44:46,009000,11.487
2026/04/29 15:44:46,010000,11.476
2026/04/29 15:44:46,011000,11.485
2026/04/29 15:44:46,012000,11.490
2026/04/29 15:44:46,013000,11.482
2026/04/29 15:44:46,014000,11.479
2026/04/29 15:44:46,015000,11.487
2026/04/29 15:44:46,016000,11.490
2026/04/29 15:44:46,017000,11.487
2026/04/29 15:44:46,018000,11.485
2026/04/29 15:44:46,019000,11.485
2026/04/29 15:44:46,020000,11.482
2026/04/29 15:44:46,021000,11.487
2026/04/29 15:44:46,022000,11.490
2026/04/29 15:44:46,023000,11.487
2026/04/29 15:44:46,024000,11.493
2026/04/29 15:44:46,025000,11.485
2026/04/29 15:44:46,026000,11.487
2026/04/29 15:44:46,027000,11.485
2026/04/29 15:44:46,028000,11.490
2026/04/29 15:44:46,029000,11.485
2026/04/29 15:44:46,030000,11.485
2026/04/29 15:44:46,031000,11.482
2026/04/29 15:44:46,032000,11.482
2026/04/29 15:44:46,033000,11.482
2026/04/29 15:44:46,034000,11.485
2026/04/29 15:44:46,035000,11.493
2026/04/29 15:44:46,036000,11.490
2026/04/29 15:44:46,037000,11.487
2026/04/29 15:44:46,038000,11.487
2026/04/29 15:44:46,039000,11.487
2026/04/29 15:44:46,040000,11.487
2026/04/29 15:44:46,041000,11.490
2026/04/29 15:44:46,042000,11.485
2026/04/29 15:44:46,043000,11.487
2026/04/29 15:44:46,044000,11.485
2026/04/29 15:44:46,045000,11.485
2026/04/29 15:44:46,046000,11.490
2026/04/29 15:44:46,047000,11.493
2026/04/29 15:44:46,048000,11.487
2026/04/29 15:44:46,049000,11.487
2026/04/29 15:44:46,050000,11.487
2026/04/29 15:44:46,051000,11.485
2026/04/29 15:44:46,052000,11.487
2026/04/29 15:44:46,053000,11.487
2026/04/29 15:44:46,054000,11.499
2026/04/29 15:44:46,055000,11.490
2026/04/29 15:44:46,056000,11.487
2026/04/29 15:44:46,057000,11.487
2026/04/29 15:44:46,058000,11.487
2026/04/29 15:44:46,059000,11.490
2026/04/29 15:44:46,060000,11.493
2026/04/29 15:44:46,061000,11.490
2026/04/29 15:44:46,062000,11.485
2026/04/29 15:44:46,063000,11.482
2026/04/29 15:44:46,064000,11.485
2026/04/29 15:44:46,065000,11.493
2026/04/29 15:44:46,066000,11.487
2026/04/29 15:44:46,067000,11.487
2026/04/29 15:44:46,068000,11.487
2026/04/29 15:44:46,069000,11.487
2026/04/29 15:44:46,070000,11.490
2026/04/29 15:44:46,071000,11.485
2026/04/29 15:44:46,072000,11.487
2026/04/29 15:44:46,073000,11.482
2026/04/29 15:44:46,074000,11.487
2026/04/29 15:44:46,075000,11.487
2026/04/29 15:44:46,076000,11.490
2026/04/29 15:44:46,077000,11.490
2026/04/29 15:44:46,078000,11.487
2026/04/29 15:44:46,079000,11.485
2026/04/29 15:44:46,080000,11.479
2026/04/29 15:44:46,081000,11.485
2026/04/29 15:44:46,082000,11.493
2026/04/29 15:44:46,083000,11.487
2026/04/29 15:44:46,084000,11.487
2026/04/29 15:44:46,085000,11.487
2026/04/29 15:44:46,086000,11.493
2026/04/29 15:44:46,087000,11.485
2026/04/29 15:44:46,088000,11.490
2026/04/29 15:44:46,089000,11.482
2026/04/29 15:44:46,090000,11.482
2026/04/29 15:44:46,091000,11.482
2026/04/29 15:44:46,092000,11.482
2026/04/29 15:44:46,093000,11.490
2026/04/29 15:44:46,094000,11.482
2026/04/29 15:44:46,095000,11.482
2026/04/29 15:44:46,096000,11.487
2026/04/29 15:44:46,097000,11.485
2026/04/29 15:44:46,098000,11.490
2026/04/29 15:44:46,099000,11.485
2026/04/29 15:44:46,100000,11.487
2026/04/29 15:44:46,101000,11.485
2026/04/29 15:44:46,102000,11.485
2026/04/29 15:44:46,103000,11.482
2026/04/29 15:44:46,104000,11.487
2026/04/29 15:44:46,105000,11.487
2026/04/29 15:44:46,106000,11.485
2026/04/29 15:44:46,107000,11.487
2026/04/29 15:44:46,108000,11.487
2026/04/29 15:44:46,109000,11.482
2026/04/29 15:44:46,110000,11.487
2026/04/29 15:44:46,111000,11.485
2026/04/29 15:44:46,112000,11.487
2026/04/29 15:44:46,113000,11.493
2026/04/29 15:44:46,114000,11.485
2026/04/29 15:44:46,115000,11.487
2026/04/29 15:44:46,116000,11.485
2026/04/29 15:44:46,117000,11.490
2026/04/29 15:44:46,118000,11.482
2026/04/29 15:44:46,119000,11.487
2026/04/29 15:44:46,120000,11.490
2026/04/29 15:44:46,121000,11.485
2026/04/29 15:44:46,122000,11.485
2026/04/29 15:44:46,123000,11.485
2026/04/29 15:44:46,124000,11.493
2026/04/29 15:44:46,125000,11.493
2026/04/29 15:44:46,126000,11.493
2026/04/29 15:44:46,127000,11.490
2026/04/29 15:44:46,128000,11.487
2026/04/29 15:44:46,129000,11.490
2026/04/29 15:44:46,130000,11.493
2026/04/29 15:44:46,131000,11.487
2026/04/29 15:44:46,132000,11.487
2026/04/29 15:44:46,133000,11.487
2026/04/29 15:44:46,134000,11.485
2026/04/29 15:44:46,135000,11.490
2026/04/29 15:44:46,136000,11.482
2026/04/29 15:44:46,137000,11.487
2026/04/29 15:44:46,138000,11.490
2026/04/29 15:44:46,139000,11.490
2026/04/29 15:44:46,140000,11.487
2026/04/29 15:44:46,141000,11.490
2026/04/29 15:44:46,142000,11.487
2026/04/29 15:44:46,143000,11.482
2026/04/29 15:44:46,144000,11.487
2026/04/29 15:44:46,145000,11.487
2026/04/29 15:44:46,146000,11.487
2026/04/29 15:44:46,147000,11.485
2026/04/29 15:44:46,148000,11.485
2026/04/29 15:44:46,149000,11.490
2026/04/29 15:44:46,150000,11.485
2026/04/29 15:44:46,151000,11.487
2026/04/29 15:44:46,152000,11.487
2026/04/29 15:44:46,153000,11.487
2026/04/29 15:44:46,154000,11.490
2026/04/29 15:44:46,155000,11.490
2026/04/29 15:44:46,156000,11.487
2026/04/29 15:44:46,157000,11.485
2026/04/29 15:44:46,158000,11.487
2026/04/29 15:44:46,159000,11.490
2026/04/29 15:44:46,160000,11.479
2026/04/29 15:44:46,161000,11.490
2026/04/29 15:44:46,162000,11.482
2026/04/29 15:44:46,163000,11.490
2026/04/29 15:44:46,164000,11.493
2026/04/29 15:44:46,165000,11.487
2026/04/29 15:44:46,166000,11.490
2026/04/29 15:44:46,167000,11.493
2026/04/29 15:44:46,168000,11.490
2026/04/29 15:44:46,169000,11.490
2026/04/29 15:44:46,170000,11.490
2026/04/29 15:44:46,171000,11.485
2026/04/29 15:44:46,172000,11.476
2026/04/29 15:44:46,173000,11.485
2026/04/29 15:44:46,174000,11.493
2026/04/29 15:44:46,175000,11.487
2026/04/29 15:44:46,176000,11.493
2026/04/29 15:44:46,177000,11.482
2026/04/29 15:44:46,178000,11.487
2026/04/29 15:44:46,179000,11.493
2026/04/29 15:44:46,180000,11.485
2026/04/29 15:44:46,181000,11.487
2026/04/29 15:44:46,182000,11.490
2026/04/29 15:44:46,183000,11.490
2026/04/29 15:44:46,184000,11.490
2026/04/29 15:44:46,185000,11.485
2026/04/29 15:44:46,186000,11.487
2026/04/29 15:44:46,187000,11.487
2026/04/29 15:44:46,188000,11.493
2026/04/29 15:44:46,189000,11.490
2026/04/29 15:44:46,190000,11.490
2026/04/29 15:44:46,191000,11.487
2026/04/29 15:44:46,192000,11.482
2026/04/29 15:44:46,193000,11.485
2026/04/29 15:44:46,194000,11.490
2026/04/29 15:44:46,195000,11.487
2026/04/29 15:44:46,196000,11.487
2026/04/29 15:44:46,197000,11.485
2026/04/29 15:44:46,198000,11.485
2026/04/29 15:44:46,199000,11.490
2026/04/29 15:44:46,200000,11.490
2026/04/29 15:44:46,201000,11.487
2026/04/29 15:44:46,202000,11.487
2026/04/29 15:44:46,203000,11.487
2026/04/29 15:44:46,204000,11.487
2026/04/29 15:44:46,205000,11.490
2026/04/29 15:44:46,206000,11.490
2026/04/29 15:44:46,207000,11.487
2026/04/29 15:44:46,208000,11.487
2026/04/29 15:44:46,209000,11.487
2026/04/29 15:44:46,210000,11.485
2026/04/29 15:44:46,211000,11.493
2026/04/29 15:44:46,212000,11.490
2026/04/29 15:44:46,213000,11.490
2026/04/29 15:44:46,214000,11.490
2026/04/29 15:44:46,215000,11.493
2026/04/29 15:44:46,216000,11.493
2026/04/29 15:44:46,217000,11.493
2026/04/29 15:44:46,218000,11.487
2026/04/29 15:44:46,219000,11.487
2026/04/29 15:44:46,220000,11.490
2026/04/29 15:44:46,221000,11.485
2026/04/29 15:44:46,222000,11.487
2026/04/29 15:44:46,223000,11.487
2026/04/29 15:44:46,224000,11.490
2026/04/29 15:44:46,225000,11.487
2026/04/29 15:44:46,226000,11.487
2026/04/29 15:44:46,227000,11.485
2026/04/29 15:44:46,228000,11.490
2026/04/29 15:44:46,229000,11.490
2026/04/29 15:44:46,230000,11.487
2026/04/29 15:44:46,231000,11.485
2026/04/29 15:44:46,232000,11.487
2026/04/29 15:44:46,233000,11.485
2026/04/29 15:44:46,234000,11.487
2026/04/29 15:44:46,235000,11.487
2026/04/29 15:44:46,236000,11.490
2026/04/29 15:44:46,237000,11.490
2026/04/29 15:44:46,238000,11.482
2026/04/29 15:44:46,239000,11.482
2026/04/29 15:44:46,240000,11.487
2026/04/29 15:44:46,241000,11.490
2026/04/29 15:44:46,242000,11.490
2026/04/29 15:44:46,243000,11.490
2026/04/29 15:44:46,244000,11.496
2026/04/29 15:44:46,245000,11.485
2026/04/29 15:44:46,246000,11.490
2026/04/29 15:44:46,247000,11.493
2026/04/29 15:44:46,248000,11.490
2026/04/29 15:44:46,249000,11.482
2026/04/29 15:44:46,250000,11.485
2026/04/29 15:44:46,251000,11.490
2026/04/29 15:44:46,252000,11.490
2026/04/29 15:44:46,253000,11.487
2026/04/29 15:44:46,254000,11.493
2026/04/29 15:44:46,255000,11.487
2026/04/29 15:44:46,256000,11.487
2026/04/29 15:44:46,257000,11.487
2026/04/29 15:44:46,258000,11.490
2026/04/29 15:44:46,259000,11.487
2026/04/29 15:44:46,260000,11.487
2026/04/29 15:44:46,261000,11.485
2026/04/29 15:44:46,262000,11.490
2026/04/29 15:44:46,263000,11.487
2026/04/29 15:44:46,264000,11.485
2026/04/29 15:44:46,265000,11.482
2026/04/29 15:44:46,266000,11.490
2026/04/29 15:44:46,267000,11.487
2026/04/29 15:44:46,268000,11.487
2026/04/29 15:44:46,269000,11.485
2026/04/29 15:44:46,270000,11.493
2026/04/29 15:44:46,271000,11.487
2026/04/29 15:44:46,272000,11.490
2026/04/29 15:44:46,273000,11.490
2026/04/29 15:44:46,274000,11.493
2026/04/29 15:44:46,275000,11.485
2026/04/29 15:44:46,276000,11.487
2026/04/29 15:44:46,277000,11.487
2026/04/29 15:44:46,278000,11.490
2026/04/29 15:44:46,279000,11.485
2026/04/29 15:44:46,280000,11.493
2026/04/29 15:44:46,281000,11.490
2026/04/29 15:44:46,282000,11.487
2026/04/29 15:44:46,283000,11.485
2026/04/29 15:44:46,284000,11.485
2026/04/29 15:44:46,285000,11.493
2026/04/29 15:44:46,286000,11.487
2026/04/29 15:44:46,287000,11.487
2026/04/29 15:44:46,288000,11.487
2026/04/29 15:44:46,289000,11.490
2026/04/29 15:44:46,290000,11.487
2026/04/29 15:44:46,291000,11.493
2026/04/29 15:44:46,292000,11.482
2026/04/29 15:44:46,293000,11.485
2026/04/29 15:44:46,294000,11.493
2026/04/29 15:44:46,295000,11.490
2026/04/29 15:44:46,296000,11.490
2026/04/29 15:44:46,297000,11.493
2026/04/29 15:44:46,298000,11.487
2026/04/29 15:44:46,299000,11.493
2026/04/29 15:44:46,300000,11.487
2026/04/29 15:44:46,301000,11.487
2026/04/29 15:44:46,302000,11.493
2026/04/29 15:44:46,303000,11.487
2026/04/29 15:44:46,304000,11.490
2026/04/29 15:44:46,305000,11.485
2026/04/29 15:44:46,306000,11.487
2026/04/29 15:44:46,307000,11.493
2026/04/29 15:44:46,308000,11.485
2026/04/29 15:44:46,309000,11.487
2026/04/29 15:44:46,310000,11.490
2026/04/29 15:44:46,311000,11.485
2026/04/29 15:44:46,312000,11.487
2026/04/29 15:44:46,313000,11.487
2026/04/29 15:44:46,314000,11.487
2026/04/29 15:44:46,315000,11.487
2026/04/29 15:44:46,316000,11.487
2026/04/29 15:44:46,317000,11.490
2026/04/29 15:44:46,318000,11.490
2026/04/29 15:44:46,319000,11.485
2026/04/29 15:44:46,320000,11.485
2026/04/29 15:44:46,321000,11.487
2026/04/29 15:44:46,322000,11.490
2026/04/29 15:44:46,323000,11.496
2026/04/29 15:44:46,324000,11.487
2026/04/29 15:44:46,325000,11.490
2026/04/29 15:44:46,326000,11.487
2026/04/29 15:44:46,327000,11.493
2026/04/29 15:44:46,328000,11.490
2026/04/29 15:44:46,329000,11.490
2026/04/29 15:44:46,330000,11.485
2026/04/29 15:44:46,331000,11.487
2026/04/29 15:44:46,332000,11.485
2026/04/29 15:44:46,333000,11.487
2026/04/29 15:44:46,334000,11.487
2026/04/29 15:44:46,335000,11.487
2026/04/29 15:44:46,336000,11.487
2026/04/29 15:44:46,337000,11.490
2026/04/29 15:44:46,338000,11.487
2026/04/29 15:44:46,339000,11.485
2026/04/29 15:44:46,340000,11.490
2026/04/29 15:44:46,341000,11.490
2026/04/29 15:44:46,342000,11.490
2026/04/29 15:44:46,343000,11.490
2026/04/29 15:44:46,344000,11.490
2026/04/29 15:44:46,345000,11.493
2026/04/29 15:44:46,346000,11.493
2026/04/29 15:44:46,347000,11.490
2026/04/29 15:44:46,348000,11.487
2026/04/29 15:44:46,349000,11.490
2026/04/29 15:44:46,350000,11.490
2026/04/29 15:44:46,351000,11.493
2026/04/29 15:44:46,352000,11.485
2026/04/29 15:44:46,353000,11.490
2026/04/29 15:44:46,354000,11.485
2026/04/29 15:44:46,355000,11.487
2026/04/29 15:44:46,356000,11.490
2026/04/29 15:44:46,357000,11.487
2026/04/29 15:44:46,358000,11.487
2026/04/29 15:44:46,359000,11.490
2026/04/29 15:44:46,360000,11.487
2026/04/29 15:44:46,361000,11.482
2026/04/29 15:44:46,362000,11.487
2026/04/29 15:44:46,363000,11.482
2026/04/29 15:44:46,364000,11.485
2026/04/29 15:44:46,365000,11.487
2026/04/29 15:44:46,366000,11.493
2026/04/29 15:44:46,367000,11.485
2026/04/29 15:44:46,368000,11.493
2026/04/29 15:44:46,369000,11.490
2026/04/29 15:44:46,370000,11.490
2026/04/29 15:44:46,371000,11.493
2026/04/29 15:44:46,372000,11.487
2026/04/29 15:44:46,373000,11.490
2026/04/29 15:44:46,374000,11.490
2026/04/29 15:44:46,375000,11.487
2026/04/29 15:44:46,376000,11.487
2026/04/29 15:44:46,377000,11.485
2026/04/29 15:44:46,378000,11.493
2026/04/29 15:44:46,379000,11.490
2026/04/29 15:44:46,380000,11.490
2026/04/29 15:44:46,381000,11.485
2026/04/29 15:44:46,382000,11.490
2026/04/29 15:44:46,383000,11.485
2026/04/29 15:44:46,384000,11.487
2026/04/29 15:44:46,385000,11.485
2026/04/29 15:44:46,386000,11.485
2026/04/29 15:44:46,387000,11.479
2026/04/29 15:44:46,388000,11.482
2026/04/29 15:44:46,389000,11.485
2026/04/29 15:44:46,390000,11.490
2026/04/29 15:44:46,391000,11.487
2026/04/29 15:44:46,392000,11.490
2026/04/29 15:44:46,393000,11.490
2026/04/29 15:44:46,394000,11.482
2026/04/29 15:44:46,395000,11.487
2026/04/29 15:44:46,396000,11.490
2026/04/29 15:44:46,397000,11.490
2026/04/29 15:44:46,398000,11.482
2026/04/29 15:44:46,399000,11.485
2026/04/29 15:44:46,400000,11.490
2026/04/29 15:44:46,401000,11.482
2026/04/29 15:44:46,402000,11.490
2026/04/29 15:44:46,403000,11.482
2026/04/29 15:44:46,404000,11.485
2026/04/29 15:44:46,405000,11.485
2026/04/29 15:44:46,406000,11.482
2026/04/29 15:44:46,407000,11.485
2026/04/29 15:44:46,408000,11.487
2026/04/29 15:44:46,409000,11.482
2026/04/29 15:44:46,410000,11.487
2026/04/29 15:44:46,411000,11.482
2026/04/29 15:44:46,412000,11.487
2026/04/29 15:44:46,413000,11.485
2026/04/29 15:44:46,414000,11.482
2026/04/29 15:44:46,415000,11.485
2026/04/29 15:44:46,416000,11.487
2026/04/29 15:44:46,417000,11.493
2026/04/29 15:44:46,418000,11.482
2026/04/29 15:44:46,419000,11.485
2026/04/29 15:44:46,420000,11.490
2026/04/29 15:44:46,421000,11.482
2026/04/29 15:44:46,422000,11.479
2026/04/29 15:44:46,423000,11.490
2026/04/29 15:44:46,424000,11.479
2026/04/29 15:44:46,425000,11.490
2026/04/29 15:44:46,426000,11.490
2026/04/29 15:44:46,427000,11.487
2026/04/29 15:44:46,428000,11.476
2026/04/29 15:44:46,429000,11.487
2026/04/29 15:44:46,430000,11.493
2026/04/29 15:44:46,431000,11.485
2026/04/29 15:44:46,432000,11.482
2026/04/29 15:44:46,433000,11.493
2026/04/29 15:44:46,434000,11.482
2026/04/29 15:44:46,435000,11.482
2026/04/29 15:44:46,436000,11.482
2026/04/29 15:44:46,437000,11.485
2026/04/29 15:44:46,438000,11.485
2026/04/29 15:44:46,439000,11.487
2026/04/29 15:44:46,440000,11.487
2026/04/29 15:44:46,441000,11.482
2026/04/29 15:44:46,442000,11.490
2026/04/29 15:44:46,443000,11.487
2026/04/29 15:44:46,444000,11.487
2026/04/29 15:44:46,445000,11.490
2026/04/29 15:44:46,446000,11.487
2026/04/29 15:44:46,447000,11.482
2026/04/29 15:44:46,448000,11.485
2026/04/29 15:44:46,449000,11.482
2026/04/29 15:44:46,450000,11.493
2026/04/29 15:44:46,451000,11.487
2026/04/29 15:44:46,452000,11.482
2026/04/29 15:44:46,453000,11.487
2026/04/29 15:44:46,454000,11.490
2026/04/29 15:44:46,455000,11.490
2026/04/29 15:44:46,456000,11.487
2026/04/29 15:44:46,457000,11.487
2026/04/29 15:44:46,458000,11.487
2026/04/29 15:44:46,459000,11.482
2026/04/29 15:44:46,460000,11.482
2026/04/29 15:44:46,461000,11.485
2026/04/29 15:44:46,462000,11.485
2026/04/29 15:44:46,463000,11.471
2026/04/29 15:44:46,464000,11.490
2026/04/29 15:44:46,465000,11.485
2026/04/29 15:44:46,466000,11.487
2026/04/29 15:44:46,467000,11.487
2026/04/29 15:44:46,468000,11.485
2026/04/29 15:44:46,469000,11.487
2026/04/29 15:44:46,470000,11.482
2026/04/29 15:44:46,471000,11.485
2026/04/29 15:44:46,472000,11.485
2026/04/29 15:44:46,473000,11.485
2026/04/29 15:44:46,474000,11.482
2026/04/29 15:44:46,475000,11.490
2026/04/29 15:44:46,476000,11.485
2026/04/29 15:44:46,477000,11.485
2026/04/29 15:44:46,478000,11.487
2026/04/29 15:44:46,479000,11.485
2026/04/29 15:44:46,480000,11.490
2026/04/29 15:44:46,481000,11.487
2026/04/29 15:44:46,482000,11.490
2026/04/29 15:44:46,483000,11.487
2026/04/29 15:44:46,484000,11.485
2026/04/29 15:44:46,485000,11.485
2026/04/29 15:44:46,486000,11.485
2026/04/29 15:44:46,487000,11.482
2026/04/29 15:44:46,488000,11.490
2026/04/29 15:44:46,489000,11.490
2026/04/29 15:44:46,490000,11.487
2026/04/29 15:44:46,491000,11.485
2026/04/29 15:44:46,492000,11.485
2026/04/29 15:44:46,493000,11.482
2026/04/29 15:44:46,494000,11.485
2026/04/29 15:44:46,495000,11.482
2026/04/29 15:44:46,496000,11.490
2026/04/29 15:44:46,497000,11.490
2026/04/29 15:44:46,498000,11.479
2026/04/29 15:44:46,499000,11.482
2026/04/29 15:44:46,500000,11.487
2026/04/29 15:44:46,501000,11.487
2026/04/29 15:44:46,502000,11.485
2026/04/29 15:44:46,503000,11.482
2026/04/29 15:44:46,504000,11.482
2026/04/29 15:44:46,505000,11.487
2026/04/29 15:44:46,506000,11.490
2026/04/29 15:44:46,507000,11.482
2026/04/29 15:44:46,508000,11.487
2026/04/29 15:44:46,509000,11.482
2026/04/29 15:44:46,510000,11.485
2026/04/29 15:44:46,511000,11.490
2026/04/29 15:44:46,512000,11.487
2026/04/29 15:44:46,513000,11.485
2026/04/29 15:44:46,514000,11.482
2026/04/29 15:44:46,515000,11.482
2026/04/29 15:44:46,516000,11.482
2026/04/29 15:44:46,517000,11.485
2026/04/29 15:44:46,518000,11.485
2026/04/29 15:44:46,519000,11.490
2026/04/29 15:44:46,520000,11.487
2026/04/29 15:44:46,521000,11.490
2026/04/29 15:44:46,522000,11.479
2026/04/29 15:44:46,523000,11.490
2026/04/29 15:44:46,524000,11.479
2026/04/29 15:44:46,525000,11.490
2026/04/29 15:44:46,526000,11.482
2026/04/29 15:44:46,527000,11.487
2026/04/29 15:44:46,528000,11.487
2026/04/29 15:44:46,529000,11.485
2026/04/29 15:44:46,530000,11.485
2026/04/29 15:44:46,531000,11.485
2026/04/29 15:44:46,532000,11.487
2026/04/29 15:44:46,533000,11.485
2026/04/29 15:44:46,534000,11.487
2026/04/29 15:44:46,535000,11.482
2026/04/29 15:44:46,536000,11.485
2026/04/29 15:44:46,537000,11.482
2026/04/29 15:44:46,538000,11.482
2026/04/29 15:44:46,539000,11.482
2026/04/29 15:44:46,540000,11.487
2026/04/29 15:44:46,541000,11.485
2026/04/29 15:44:46,542000,11.490
2026/04/29 15:44:46,543000,11.482
2026/04/29 15:44:46,544000,11.482
2026/04/29 15:44:46,545000,11.485
2026/04/29 15:44:46,546000,11.493
2026/04/29 15:44:46,547000,11.487
2026/04/29 15:44:46,548000,11.485
2026/04/29 15:44:46,549000,11.490
2026/04/29 15:44:46,550000,11.487
2026/04/29 15:44:46,551000,11.482
2026/04/29 15:44:46,552000,11.482
2026/04/29 15:44:46,553000,11.490
2026/04/29 15:44:46,554000,11.487
2026/04/29 15:44:46,555000,11.485
2026/04/29 15:44:46,556000,11.487
2026/04/29 15:44:46,557000,11.490
2026/04/29 15:44:46,558000,11.485
2026/04/29 15:44:46,559000,11.482
2026/04/29 15:44:46,560000,11.482
2026/04/29 15:44:46,561000,11.482
2026/04/29 15:44:46,562000,11.482
2026/04/29 15:44:46,563000,11.487
2026/04/29 15:44:46,564000,11.485
2026/04/29 15:44:46,565000,11.487
2026/04/29 15:44:46,566000,11.485
2026/04/29 15:44:46,567000,11.487
2026/04/29 15:44:46,568000,11.487
2026/04/29 15:44:46,569000,11.487
2026/04/29 15:44:46,570000,11.476
2026/04/29 15:44:46,571000,11.485
2026/04/29 15:44:46,572000,11.482
2026/04/29 15:44:46,573000,11.485
2026/04/29 15:44:46,574000,11.487
2026/04/29 15:44:46,575000,11.482
2026/04/29 15:44:46,576000,11.490
2026/04/29 15:44:46,577000,11.487
2026/04/29 15:44:46,578000,11.485
2026/04/29 15:44:46,579000,11.487
2026/04/29 15:44:46,580000,11.482
2026/04/29 15:44:46,581000,11.487
2026/04/29 15:44:46,582000,11.482
2026/04/29 15:44:46,583000,11.479
2026/04/29 15:44:46,584000,11.485
2026/04/29 15:44:46,585000,11.487
2026/04/29 15:44:46,586000,11.485
2026/04/29 15:44:46,587000,11.490
2026/04/29 15:44:46,588000,11.485
2026/04/29 15:44:46,589000,11.487
2026/04/29 15:44:46,590000,11.487
2026/04/29 15:44:46,591000,11.485
2026/04/29 15:44:46,592000,11.487
2026/04/29 15:44:46,593000,11.485
2026/04/29 15:44:46,594000,11.493
2026/04/29 15:44:46,595000,11.487
2026/04/29 15:44:46,596000,11.482
2026/04/29 15:44:46,597000,11.490
2026/04/29 15:44:46,598000,11.487
2026/04/29 15:44:46,599000,11.485
2026/04/29 15:44:46,600000,11.487
2026/04/29 15:44:46,601000,11.485
2026/04/29 15:44:46,602000,11.482
2026/04/29 15:44:46,603000,11.487
2026/04/29 15:44:46,604000,11.485
2026/04/29 15:44:46,605000,11.482
2026/04/29 15:44:46,606000,11.487
2026/04/29 15:44:46,607000,11.482
2026/04/29 15:44:46,608000,11.487
2026/04/29 15:44:46,609000,11.482
2026/04/29 15:44:46,610000,11.485
2026/04/29 15:44:46,611000,11.485
2026/04/29 15:44:46,612000,11.482
2026/04/29 15:44:46,613000,11.490
2026/04/29 15:44:46,614000,11.485
2026/04/29 15:44:46,615000,11.479
2026/04/29 15:44:46,616000,11.482
2026/04/29 15:44:46,617000,11.490
2026/04/29 15:44:46,618000,11.490
2026/04/29 15:44:46,619000,11.487
2026/04/29 15:44:46,620000,11.496
2026/04/29 15:44:46,621000,11.493
2026/04/29 15:44:46,622000,11.482
2026/04/29 15:44:46,623000,11.485
2026/04/29 15:44:46,624000,11.487
2026/04/29 15:44:46,625000,11.487
2026/04/29 15:44:46,626000,11.487
2026/04/29 15:44:46,627000,11.485
2026/04/29 15:44:46,628000,11.487
2026/04/29 15:44:46,629000,11.487
2026/04/29 15:44:46,630000,11.482
2026/04/29 15:44:46,631000,11.493
2026/04/29 15:44:46,632000,11.485
2026/04/29 15:44:46,633000,11.485
2026/04/29 15:44:46,634000,11.487
2026/04/29 15:44:46,635000,11.487
2026/04/29 15:44:46,636000,11.485
2026/04/29 15:44:46,637000,11.490
2026/04/29 15:44:46,638000,11.490
2026/04/29 15:44:46,639000,11.482
2026/04/29 15:44:46,640000,11.493
2026/04/29 15:44:46,641000,11.493
2026/04/29 15:44:46,642000,11.487
2026/04/29 15:44:46,643000,11.487
2026/04/29 15:44:46,644000,11.485
2026/04/29 15:44:46,645000,11.499
2026/04/29 15:44:46,646000,11.487
2026/04/29 15:44:46,647000,11.485
2026/04/29 15:44:46,648000,11.485
2026/04/29 15:44:46,649000,11.493
2026/04/29 15:44:46,650000,11.490
2026/04/29 15:44:46,651000,11.487
2026/04/29 15:44:46,652000,11.487
2026/04/29 15:44:46,653000,11.485
2026/04/29 15:44:46,654000,11.485
2026/04/29 15:44:46,655000,11.482
2026/04/29 15:44:46,656000,11.485
2026/04/29 15:44:46,657000,11.485
2026/04/29 15:44:46,658000,11.485
2026/04/29 15:44:46,659000,11.485
2026/04/29 15:44:46,660000,11.485
2026/04/29 15:44:46,661000,11.482
2026/04/29 15:44:46,662000,11.485
2026/04/29 15:44:46,663000,11.485
2026/04/29 15:44:46,664000,11.490
2026/04/29 15:44:46,665000,11.479
2026/04/29 15:44:46,666000,11.482
2026/04/29 15:44:46,667000,11.485
2026/04/29 15:44:46,668000,11.487
2026/04/29 15:44:46,669000,11.493
2026/04/29 15:44:46,670000,11.485
2026/04/29 15:44:46,671000,11.490
2026/04/29 15:44:46,672000,11.487
2026/04/29 15:44:46,673000,11.482
2026/04/29 15:44:46,674000,11.485
2026/04/29 15:44:46,675000,11.487
2026/04/29 15:44:46,676000,11.487
2026/04/29 15:44:46,677000,11.490
2026/04/29 15:44:46,678000,11.493
2026/04/29 15:44:46,679000,11.485
2026/04/29 15:44:46,680000,11.487
2026/04/29 15:44:46,681000,11.490
2026/04/29 15:44:46,682000,11.487
2026/04/29 15:44:46,683000,11.490
2026/04/29 15:44:46,684000,11.496
2026/04/29 15:44:46,685000,11.479
2026/04/29 15:44:46,686000,11.487
2026/04/29 15:44:46,687000,11.487
2026/04/29 15:44:46,688000,11.493
2026/04/29 15:44:46,689000,11.490
2026/04/29 15:44:46,690000,11.485
2026/04/29 15:44:46,691000,11.485
2026/04/29 15:44:46,692000,11.490
2026/04/29 15:44:46,693000,11.490
2026/04/29 15:44:46,694000,11.485
2026/04/29 15:44:46,695000,11.485
2026/04/29 15:44:46,696000,11.485
2026/04/29 15:44:46,697000,11.485
2026/04/29 15:44:46,698000,11.487
2026/04/29 15:44:46,699000,11.490
2026/04/29 15:44:46,700000,11.499
2026/04/29 15:44:46,701000,11.482
2026/04/29 15:44:46,702000,11.485
2026/04/29 15:44:46,703000,11.485
2026/04/29 15:44:46,704000,11.487
2026/04/29 15:44:46,705000,11.490
2026/04/29 15:44:46,706000,11.487
2026/04/29 15:44:46,707000,11.482
2026/04/29 15:44:46,708000,11.485
2026/04/29 15:44:46,709000,11.482
2026/04/29 15:44:46,710000,11.487
2026/04/29 15:44:46,711000,11.485
2026/04/29 15:44:46,712000,11.490
2026/04/29 15:44:46,713000,11.485
2026/04/29 15:44:46,714000,11.487
2026/04/29 15:44:46,715000,11.487
2026/04/29 15:44:46,716000,11.493
2026/04/29 15:44:46,717000,11.487
2026/04/29 15:44:46,718000,11.490
2026/04/29 15:44:46,719000,11.485
2026/04/29 15:44:46,720000,11.490
2026/04/29 15:44:46,721000,11.485
2026/04/29 15:44:46,722000,11.487
2026/04/29 15:44:46,723000,11.485
2026/04/29 15:44:46,724000,11.487
2026/04/29 15:44:46,725000,11.479
2026/04/29 15:44:46,726000,11.487
2026/04/29 15:44:46,727000,11.493
2026/04/29 15:44:46,728000,11.487
2026/04/29 15:44:46,729000,11.485
2026/04/29 15:44:46,730000,11.476
2026/04/29 15:44:46,731000,11.482
2026/04/29 15:44:46,732000,11.485
2026/04/29 15:44:46,733000,11.487
2026/04/29 15:44:46,734000,11.493
2026/04/29 15:44:46,735000,11.493
2026/04/29 15:44:46,736000,11.487
2026/04/29 15:44:46,737000,11.487
2026/04/29 15:44:46,738000,11.487
2026/04/29 15:44:46,739000,11.482
2026/04/29 15:44:46,740000,11.487
2026/04/29 15:44:46,741000,11.493
2026/04/29 15:44:46,742000,11.485
2026/04/29 15:44:46,743000,11.482
2026/04/29 15:44:46,744000,11.482
2026/04/29 15:44:46,745000,11.490
2026/04/29 15:44:46,746000,11.485
2026/04/29 15:44:46,747000,11.487
2026/04/29 15:44:46,748000,11.485
2026/04/29 15:44:46,749000,11.493
2026/04/29 15:44:46,750000,11.490
2026/04/29 15:44:46,751000,11.485
2026/04/29 15:44:46,752000,11.482
2026/04/29 15:44:46,753000,11.490
2026/04/29 15:44:46,754000,11.493
2026/04/29 15:44:46,755000,11.485
2026/04/29 15:44:46,756000,11.487
2026/04/29 15:44:46,757000,11.485
2026/04/29 15:44:46,758000,11.490
2026/04/29 15:44:46,759000,11.485
2026/04/29 15:44:46,760000,11.482
2026/04/29 15:44:46,761000,11.493
2026/04/29 15:44:46,762000,11.485
2026/04/29 15:44:46,763000,11.485
2026/04/29 15:44:46,764000,11.487
2026/04/29 15:44:46,765000,11.490
2026/04/29 15:44:46,766000,11.487
2026/04/29 15:44:46,767000,11.490
2026/04/29 15:44:46,768000,11.490
2026/04/29 15:44:46,769000,11.485
2026/04/29 15:44:46,770000,11.485
2026/04/29 15:44:46,771000,11.493
2026/04/29 15:44:46,772000,11.490
2026/04/29 15:44:46,773000,11.490
2026/04/29 15:44:46,774000,11.487
2026/04/29 15:44:46,775000,11.482
2026/04/29 15:44:46,776000,11.482
2026/04/29 15:44:46,777000,11.490
2026/04/29 15:44:46,778000,11.490
2026/04/29 15:44:46,779000,11.482
2026/04/29 15:44:46,780000,11.487
2026/04/29 15:44:46,781000,11.487
2026/04/29 15:44:46,782000,11.490
2026/04/29 15:44:46,783000,11.485
2026/04/29 15:44:46,784000,11.490
2026/04/29 15:44:46,785000,11.485
2026/04/29 15:44:46,786000,11.493
2026/04/29 15:44:46,787000,11.487
2026/04/29 15:44:46,788000,11.487
2026/04/29 15:44:46,789000,11.485
2026/04/29 15:44:46,790000,11.490
2026/04/29 15:44:46,791000,11.490
2026/04/29 15:44:46,792000,11.490
2026/04/29 15:44:46,793000,11.487
2026/04/29 15:44:46,794000,11.485
2026/04/29 15:44:46,795000,11.490
2026/04/29 15:44:46,796000,11.487
2026/04/29 15:44:46,797000,11.490
2026/04/29 15:44:46,798000,11.485
2026/04/29 15:44:46,799000,11.487
2026/04/29 15:44:46,800000,11.493
2026/04/29 15:44:46,801000,11.490
2026/04/29 15:44:46,802000,11.490
2026/04/29 15:44:46,803000,11.493
2026/04/29 15:44:46,804000,11.490
2026/04/29 15:44:46,805000,11.487
2026/04/29 15:44:46,806000,11.487
2026/04/29 15:44:46,807000,11.487
2026/04/29 15:44:46,808000,11.487
2026/04/29 15:44:46,809000,11.487
2026/04/29 15:44:46,810000,11.487
2026/04/29 15:44:46,811000,11.487
2026/04/29 15:44:46,812000,11.485
2026/04/29 15:44:46,813000,11.487
2026/04/29 15:44:46,814000,11.487
2026/04/29 15:44:46,815000,11.485
2026/04/29 15:44:46,816000,11.493
2026/04/29 15:44:46,817000,11.485
2026/04/29 15:44:46,818000,11.485
2026/04/29 15:44:46,819000,11.490
2026/04/29 15:44:46,820000,11.490
2026/04/29 15:44:46,821000,11.487
2026/04/29 15:44:46,822000,11.482
2026/04/29 15:44:46,823000,11.485
2026/04/29 15:44:46,824000,11.490
2026/04/29 15:44:46,825000,11.490
2026/04/29 15:44:46,826000,11.487
2026/04/29 15:44:46,827000,11.493
2026/04/29 15:44:46,828000,11.490
2026/04/29 15:44:46,829000,11.493
2026/04/29 15:44:46,830000,11.482
2026/04/29 15:44:46,831000,11.487
2026/04/29 15:44:46,832000,11.485
2026/04/29 15:44:46,833000,11.490
2026/04/29 15:44:46,834000,11.487
2026/04/29 15:44:46,835000,11.485
2026/04/29 15:44:46,836000,11.493
2026/04/29 15:44:46,837000,11.482
2026/04/29 15:44:46,838000,11.487
2026/04/29 15:44:46,839000,11.479
2026/04/29 15:44:46,840000,11.490
2026/04/29 15:44:46,841000,11.485
2026/04/29 15:44:46,842000,11.482
2026/04/29 15:44:46,843000,11.485
2026/04/29 15:44:46,844000,11.487
2026/04/29 15:44:46,845000,11.490
2026/04/29 15:44:46,846000,11.493
2026/04/29 15:44:46,847000,11.490
2026/04/29 15:44:46,848000,11.487
2026/04/29 15:44:46,849000,11.482
2026/04/29 15:44:46,850000,11.479
2026/04/29 15:44:46,851000,11.479
2026/04/29 15:44:46,852000,11.485
2026/04/29 15:44:46,853000,11.485
2026/04/29 15:44:46,854000,11.496
2026/04/29 15:44:46,855000,11.482
2026/04/29 15:44:46,856000,11.482
2026/04/29 15:44:46,857000,11.482
2026/04/29 15:44:46,858000,11.479
2026/04/29 15:44:46,859000,11.490
2026/04/29 15:44:46,860000,11.493
2026/04/29 15:44:46,861000,11.487
2026/04/29 15:44:46,862000,11.487
2026/04/29 15:44:46,863000,11.487
2026/04/29 15:44:46,864000,11.482
2026/04/29 15:44:46,865000,11.485
2026/04/29 15:44:46,866000,11.485
2026/04/29 15:44:46,867000,11.485
2026/04/29 15:44:46,868000,11.487
2026/04/29 15:44:46,869000,11.490
2026/04/29 15:44:46,870000,11.490
2026/04/29 15:44:46,871000,11.490
2026/04/29 15:44:46,872000,11.487
2026/04/29 15:44:46,873000,11.496
2026/04/29 15:44:46,874000,11.485
2026/04/29 15:44:46,875000,11.493
2026/04/29 15:44:46,876000,11.487
2026/04/29 15:44:46,877000,11.490
2026/04/29 15:44:46,878000,11.487
2026/04/29 15:44:46,879000,11.490
2026/04/29 15:44:46,880000,11.485
2026/04/29 15:44:46,881000,11.479
2026/04/29 15:44:46,882000,11.479
2026/04/29 15:44:46,883000,11.490
2026/04/29 15:44:46,884000,11.493
2026/04/29 15:44:46,885000,11.487
2026/04/29 15:44:46,886000,11.490
2026/04/29 15:44:46,887000,11.487
2026/04/29 15:44:46,888000,11.482
2026/04/29 15:44:46,889000,11.487
2026/04/29 15:44:46,890000,11.485
2026/04/29 15:44:46,891000,11.487
2026/04/29 15:44:46,892000,11.496
2026/04/29 15:44:46,893000,11.490
2026/04/29 15:44:46,894000,11.487
2026/04/29 15:44:46,895000,11.496
2026/04/29 15:44:46,896000,11.487
2026/04/29 15:44:46,897000,11.493
2026/04/29 15:44:46,898000,11.490
2026/04/29 15:44:46,899000,11.485
2026/04/29 15:44:46,900000,11.490
2026/04/29 15:44:46,901000,11.490
2026/04/29 15:44:46,902000,11.485
2026/04/29 15:44:46,903000,11.490
2026/04/29 15:44:46,904000,11.487
2026/04/29 15:44:46,905000,11.482
2026/04/29 15:44:46,906000,11.485
2026/04/29 15:44:46,907000,11.485
2026/04/29 15:44:46,908000,11.485
2026/04/29 15:44:46,909000,11.487
2026/04/29 15:44:46,910000,11.485
2026/04/29 15:44:46,911000,11.487
2026/04/29 15:44:46,912000,11.485
2026/04/29 15:44:46,913000,11.485
2026/04/29 15:44:46,914000,11.482
2026/04/29 15:44:46,915000,11.490
2026/04/29 15:44:46,916000,11.482
2026/04/29 15:44:46,917000,11.487
2026/04/29 15:44:46,918000,11.487
2026/04/29 15:44:46,919000,11.482
2026/04/29 15:44:46,920000,11.482
2026/04/29 15:44:46,921000,11.493
2026/04/29 15:44:46,922000,11.485
2026/04/29 15:44:46,923000,11.490
2026/04/29 15:44:46,924000,11.487
2026/04/29 15:44:46,925000,11.490
2026/04/29 15:44:46,926000,11.487
2026/04/29 15:44:46,927000,11.482
2026/04/29 15:44:46,928000,11.487
2026/04/29 15:44:46,929000,11.485
2026/04/29 15:44:46,930000,11.496
2026/04/29 15:44:46,931000,11.485
2026/04/29 15:44:46,932000,11.490
2026/04/29 15:44:46,933000,11.487
2026/04/29 15:44:46,934000,11.490
2026/04/29 15:44:46,935000,11.487
2026/04/29 15:44:46,936000,11.493
2026/04/29 15:44:46,937000,11.487
2026/04/29 15:44:46,938000,11.487
2026/04/29 15:44:46,939000,11.485
2026/04/29 15:44:46,940000,11.490
2026/04/29 15:44:46,941000,11.485
2026/04/29 15:44:46,942000,11.487
2026/04/29 15:44:46,943000,11.487
2026/04/29 15:44:46,944000,11.485
2026/04/29 15:44:46,945000,11.487
2026/04/29 15:44:46,946000,11.490
2026/04/29 15:44:46,947000,11.490
2026/04/29 15:44:46,948000,11.490
2026/04/29 15:44:46,949000,11.493
2026/04/29 15:44:46,950000,11.482
2026/04/29 15:44:46,951000,11.487
2026/04/29 15:44:46,952000,11.482
2026/04/29 15:44:46,953000,11.485
2026/04/29 15:44:46,954000,11.485
2026/04/29 15:44:46,955000,11.487
2026/04/29 15:44:46,956000,11.485
2026/04/29 15:44:46,957000,11.485
2026/04/29 15:44:46,958000,11.487
2026/04/29 15:44:46,959000,11.487
2026/04/29 15:44:46,960000,11.482
2026/04/29 15:44:46,961000,11.487
2026/04/29 15:44:46,962000,11.479
2026/04/29 15:44:46,963000,11.482
2026/04/29 15:44:46,964000,11.493
2026/04/29 15:44:46,965000,11.487
2026/04/29 15:44:46,966000,11.490
2026/04/29 15:44:46,967000,11.490
2026/04/29 15:44:46,968000,11.482
2026/04/29 15:44:46,969000,11.490
2026/04/29 15:44:46,970000,11.487
2026/04/29 15:44:46,971000,11.493
2026/04/29 15:44:46,972000,11.485
2026/04/29 15:44:46,973000,11.487
2026/04/29 15:44:46,974000,11.485
2026/04/29 15:44:46,975000,11.485
2026/04/29 15:44:46,976000,11.487
2026/04/29 15:44:46,977000,11.482
2026/04/29 15:44:46,978000,11.487
2026/04/29 15:44:46,979000,11.490
2026/04/29 15:44:46,980000,11.490
2026/04/29 15:44:46,981000,11.490
2026/04/29 15:44:46,982000,11.487
2026/04/29 15:44:46,983000,11.485
2026/04/29 15:44:46,984000,11.490
2026/04/29 15:44:46,985000,11.485
2026/04/29 15:44:46,986000,11.479
2026/04/29 15:44:46,987000,11.487
2026/04/29 15:44:46,988000,11.482
2026/04/29 15:44:46,989000,11.493
2026/04/29 15:44:46,990000,11.490
2026/04/29 15:44:46,991000,11.485
2026/04/29 15:44:46,992000,11.485
2026/04/29 15:44:46,993000,11.482
2026/04/29 15:44:46,994000,11.493
2026/04/29 15:44:46,995000,11.482
2026/04/29 15:44:46,996000,11.482
2026/04/29 15:44:46,997000,11.485
2026/04/29 15:44:46,998000,11.485
2026/04/29 15:44:46,999000,11.485
2026/04/29 15:44:47,000000,11.487
2026/04/29 15:44:47,001000,11.485
2026/04/29 15:44:47,002000,11.487
2026/04/29 15:44:47,003000,11.482
2026/04/29 15:44:47,004000,11.487
2026/04/29 15:44:47,005000,11.485
2026/04/29 15:44:47,006000,11.493
2026/04/29 15:44:47,007000,11.485
2026/04/29 15:44:47,008000,11.482
2026/04/29 15:44:47,009000,11.485
2026/04/29 15:44:47,010000,11.493
2026/04/29 15:44:47,011000,11.485
2026/04/29 15:44:47,012000,11.485
2026/04/29 15:44:47,013000,11.487
2026/04/29 15:44:47,014000,11.485
2026/04/29 15:44:47,015000,11.490
2026/04/29 15:44:47,016000,11.473
2026/04/29 15:44:47,017000,11.479
2026/04/29 15:44:47,018000,11.485
2026/04/29 15:44:47,019000,11.487
2026/04/29 15:44:47,020000,11.490
2026/04/29 15:44:47,021000,11.482
2026/04/29 15:44:47,022000,11.482
2026/04/29 15:44:47,023000,11.487
2026/04/29 15:44:47,024000,11.485
2026/04/29 15:44:47,025000,11.487
2026/04/29 15:44:47,026000,11.482
2026/04/29 15:44:47,027000,11.482
2026/04/29 15:44:47,028000,11.487
2026/04/29 15:44:47,029000,11.490
2026/04/29 15:44:47,030000,11.485
2026/04/29 15:44:47,031000,11.490
2026/04/29 15:44:47,032000,11.490
2026/04/29 15:44:47,033000,11.490
2026/04/29 15:44:47,034000,11.490
2026/04/29 15:44:47,035000,11.485
2026/04/29 15:44:47,036000,11.482
2026/04/29 15:44:47,037000,11.487
2026/04/29 15:44:47,038000,11.490
2026/04/29 15:44:47,039000,11.482
2026/04/29 15:44:47,040000,11.493
2026/04/29 15:44:47,041000,11.487
2026/04/29 15:44:47,042000,11.485
2026/04/29 15:44:47,043000,11.476
2026/04/29 15:44:47,044000,11.485
2026/04/29 15:44:47,045000,11.487
2026/04/29 15:44:47,046000,11.490
2026/04/29 15:44:47,047000,11.485
2026/04/29 15:44:47,048000,11.485
2026/04/29 15:44:47,049000,11.485
2026/04/29 15:44:47,050000,11.490
2026/04/29 15:44:47,051000,11.485
2026/04/29 15:44:47,052000,11.482
2026/04/29 15:44:47,053000,11.487
2026/04/29 15:44:47,054000,11.487
2026/04/29 15:44:47,055000,11.482
2026/04/29 15:44:47,056000,11.485
2026/04/29 15:44:47,057000,11.487
2026/04/29 15:44:47,058000,11.490
2026/04/29 15:44:47,059000,11.482
2026/04/29 15:44:47,060000,11.482
2026/04/29 15:44:47,061000,11.490
2026/04/29 15:44:47,062000,11.485
2026/04/29 15:44:47,063000,11.485
2026/04/29 15:44:47,064000,11.482
2026/04/29 15:44:47,065000,11.482
2026/04/29 15:44:47,066000,11.485
2026/04/29 15:44:47,067000,11.490
2026/04/29 15:44:47,068000,11.482
2026/04/29 15:44:47,069000,11.487
2026/04/29 15:44:47,070000,11.485
2026/04/29 15:44:47,071000,11.490
2026/04/29 15:44:47,072000,11.482
2026/04/29 15:44:47,073000,11.487
2026/04/29 15:44:47,074000,11.485
2026/04/29 15:44:47,075000,11.479
2026/04/29 15:44:47,076000,11.487
2026/04/29 15:44:47,077000,11.487
2026/04/29 15:44:47,078000,11.487
2026/04/29 15:44:47,079000,11.485
2026/04/29 15:44:47,080000,11.479
2026/04/29 15:44:47,081000,11.482
2026/04/29 15:44:47,082000,11.485
2026/04/29 15:44:47,083000,11.485
2026/04/29 15:44:47,084000,11.487
2026/04/29 15:44:47,085000,11.482
2026/04/29 15:44:47,086000,11.490
2026/04/29 15:44:47,087000,11.482
2026/04/29 15:44:47,088000,11.485
2026/04/29 15:44:47,089000,11.493
2026/04/29 15:44:47,090000,11.482
2026/04/29 15:44:47,091000,11.487
2026/04/29 15:44:47,092000,11.482
2026/04/29 15:44:47,093000,11.485
2026/04/29 15:44:47,094000,11.482
2026/04/29 15:44:47,095000,11.482
2026/04/29 15:44:47,096000,11.493
2026/04/29 15:44:47,097000,11.487
2026/04/29 15:44:47,098000,11.496
2026/04/29 15:44:47,099000,11.482
2026/04/29 15:44:47,100000,11.487
2026/04/29 15:44:47,101000,11.485
2026/04/29 15:44:47,102000,11.493
2026/04/29 15:44:47,103000,11.485
2026/04/29 15:44:47,104000,11.482
2026/04/29 15:44:47,105000,11.482
2026/04/29 15:44:47,106000,11.482
2026/04/29 15:44:47,107000,11.485
2026/04/29 15:44:47,108000,11.487
2026/04/29 15:44:47,109000,11.485
2026/04/29 15:44:47,110000,11.485
2026/04/29 15:44:47,111000,11.485
2026/04/29 15:44:47,112000,11.485
2026/04/29 15:44:47,113000,11.490
2026/04/29 15:44:47,114000,11.487
2026/04/29 15:44:47,115000,11.479
2026/04/29 15:44:47,116000,11.487
2026/04/29 15:44:47,117000,11.493
2026/04/29 15:44:47,118000,11.487
2026/04/29 15:44:47,119000,11.487
2026/04/29 15:44:47,120000,11.490
2026/04/29 15:44:47,121000,11.487
2026/04/29 15:44:47,122000,11.479
2026/04/29 15:44:47,123000,11.482
2026/04/29 15:44:47,124000,11.490
2026/04/29 15:44:47,125000,11.485
2026/04/29 15:44:47,126000,11.487
2026/04/29 15:44:47,127000,11.482
2026/04/29 15:44:47,128000,11.487
2026/04/29 15:44:47,129000,11.485
2026/04/29 15:44:47,130000,11.485
2026/04/29 15:44:47,131000,11.479
2026/04/29 15:44:47,132000,11.493
2026/04/29 15:44:47,133000,11.490
2026/04/29 15:44:47,134000,11.487
2026/04/29 15:44:47,135000,11.485
2026/04/29 15:44:47,136000,11.485
2026/04/29 15:44:47,137000,11.490
2026/04/29 15:44:47,138000,11.493
2026/04/29 15:44:47,139000,11.487
2026/04/29 15:44:47,140000,11.485
2026/04/29 15:44:47,141000,11.487
2026/04/29 15:44:47,142000,11.485
2026/04/29 15:44:47,143000,11.487
2026/04/29 15:44:47,144000,11.487
2026/04/29 15:44:47,145000,11.493
2026/04/29 15:44:47,146000,11.485
2026/04/29 15:44:47,147000,11.487
2026/04/29 15:44:47,148000,11.490
2026/04/29 15:44:47,149000,11.479
2026/04/29 15:44:47,150000,11.487
2026/04/29 15:44:47,151000,11.487
2026/04/29 15:44:47,152000,11.482
2026/04/29 15:44:47,153000,11.487
2026/04/29 15:44:47,154000,11.482
2026/04/29 15:44:47,155000,11.490
2026/04/29 15:44:47,156000,11.487
2026/04/29 15:44:47,157000,11.485
2026/04/29 15:44:47,158000,11.485
2026/04/29 15:44:47,159000,11.490
2026/04/29 15:44:47,160000,11.487
2026/04/29 15:44:47,161000,11.479
2026/04/29 15:44:47,162000,11.490
2026/04/29 15:44:47,163000,11.485
2026/04/29 15:44:47,164000,11.485
2026/04/29 15:44:47,165000,11.490
2026/04/29 15:44:47,166000,11.482
2026/04/29 15:44:47,167000,11.490
2026/04/29 15:44:47,168000,11.490
2026/04/29 15:44:47,169000,11.485
2026/04/29 15:44:47,170000,11.490
2026/04/29 15:44:47,171000,11.490
2026/04/29 15:44:47,172000,11.493
2026/04/29 15:44:47,173000,11.487
2026/04/29 15:44:47,174000,11.485
2026/04/29 15:44:47,175000,11.485
2026/04/29 15:44:47,176000,11.485
2026/04/29 15:44:47,177000,11.487
2026/04/29 15:44:47,178000,11.482
2026/04/29 15:44:47,179000,11.490
2026/04/29 15:44:47,180000,11.482
2026/04/29 15:44:47,181000,11.485
2026/04/29 15:44:47,182000,11.493
2026/04/29 15:44:47,183000,11.482
2026/04/29 15:44:47,184000,11.490
2026/04/29 15:44:47,185000,11.487
2026/04/29 15:44:47,186000,11.487
2026/04/29 15:44:47,187000,11.485
2026/04/29 15:44:47,188000,11.479
2026/04/29 15:44:47,189000,11.487
2026/04/29 15:44:47,190000,11.487
2026/04/29 15:44:47,191000,11.485
2026/04/29 15:44:47,192000,11.490
2026/04/29 15:44:47,193000,11.482
2026/04/29 15:44:47,194000,11.490
2026/04/29 15:44:47,195000,11.482
2026/04/29 15:44:47,196000,11.482
2026/04/29 15:44:47,197000,11.487
2026/04/29 15:44:47,198000,11.485
2026/04/29 15:44:47,199000,11.487
2026/04/29 15:44:47,200000,11.487
2026/04/29 15:44:47,201000,11.490
2026/04/29 15:44:47,202000,11.482
2026/04/29 15:44:47,203000,11.490
2026/04/29 15:44:47,204000,11.479
2026/04/29 15:44:47,205000,11.493
2026/04/29 15:44:47,206000,11.490
2026/04/29 15:44:47,207000,11.493
2026/04/29 15:44:47,208000,11.487
2026/04/29 15:44:47,209000,11.487
2026/04/29 15:44:47,210000,11.485
2026/04/29 15:44:47,211000,11.487
2026/04/29 15:44:47,212000,11.490
2026/04/29 15:44:47,213000,11.490
2026/04/29 15:44:47,214000,11.485
2026/04/29 15:44:47,215000,11.487
2026/04/29 15:44:47,216000,11.482
2026/04/29 15:44:47,217000,11.487
2026/04/29 15:44:47,218000,11.485
2026/04/29 15:44:47,219000,11.487
2026/04/29 15:44:47,220000,11.490
2026/04/29 15:44:47,221000,11.490
2026/04/29 15:44:47,222000,11.490
2026/04/29 15:44:47,223000,11.485
2026/04/29 15:44:47,224000,11.482
2026/04/29 15:44:47,225000,11.490
2026/04/29 15:44:47,226000,11.493
2026/04/29 15:44:47,227000,11.487
2026/04/29 15:44:47,228000,11.487
2026/04/29 15:44:47,229000,11.487
2026/04/29 15:44:47,230000,11.490
2026/04/29 15:44:47,231000,11.487
2026/04/29 15:44:47,232000,11.487
2026/04/29 15:44:47,233000,11.490
2026/04/29 15:44:47,234000,11.485
2026/04/29 15:44:47,235000,11.490
2026/04/29 15:44:47,236000,11.490
2026/04/29 15:44:47,237000,11.490
2026/04/29 15:44:47,238000,11.487
2026/04/29 15:44:47,239000,11.487
2026/04/29 15:44:47,240000,11.485
2026/04/29 15:44:47,241000,11.487
2026/04/29 15:44:47,242000,11.482
2026/04/29 15:44:47,243000,11.487
2026/04/29 15:44:47,244000,11.490
2026/04/29 15:44:47,245000,11.487
2026/04/29 15:44:47,246000,11.485
2026/04/29 15:44:47,247000,11.490
2026/04/29 15:44:47,248000,11.490
2026/04/29 15:44:47,249000,11.485
2026/04/29 15:44:47,250000,11.485
2026/04/29 15:44:47,251000,11.482
2026/04/29 15:44:47,252000,11.487
2026/04/29 15:44:47,253000,11.490
2026/04/29 15:44:47,254000,11.490
2026/04/29 15:44:47,255000,11.490
2026/04/29 15:44:47,256000,11.493
2026/04/29 15:44:47,257000,11.487
2026/04/29 15:44:47,258000,11.490
2026/04/29 15:44:47,259000,11.493
2026/04/29 15:44:47,260000,11.493
2026/04/29 15:44:47,261000,11.485
2026/04/29 15:44:47,262000,11.490
2026/04/29 15:44:47,263000,11.485
2026/04/29 15:44:47,264000,11.487
2026/04/29 15:44:47,265000,11.490
2026/04/29 15:44:47,266000,11.501
2026/04/29 15:44:47,267000,11.490
2026/04/29 15:44:47,268000,11.482
2026/04/29 15:44:47,269000,11.490
2026/04/29 15:44:47,270000,11.490
2026/04/29 15:44:47,271000,11.490
2026/04/29 15:44:47,272000,11.490
2026/04/29 15:44:47,273000,11.493
2026/04/29 15:44:47,274000,11.485
2026/04/29 15:44:47,275000,11.493
2026/04/29 15:44:47,276000,11.490
2026/04/29 15:44:47,277000,11.493
2026/04/29 15:44:47,278000,11.487
2026/04/29 15:44:47,279000,11.490
2026/04/29 15:44:47,280000,11.485
2026/04/29 15:44:47,281000,11.490
2026/04/29 15:44:47,282000,11.490
2026/04/29 15:44:47,283000,11.496
2026/04/29 15:44:47,284000,11.487
2026/04/29 15:44:47,285000,11.487
2026/04/29 15:44:47,286000,11.490
2026/04/29 15:44:47,287000,11.487
2026/04/29 15:44:47,288000,11.490
2026/04/29 15:44:47,289000,11.482
2026/04/29 15:44:47,290000,11.490
2026/04/29 15:44:47,291000,11.493
2026/04/29 15:44:47,292000,11.490
2026/04/29 15:44:47,293000,11.490
2026/04/29 15:44:47,294000,11.493
2026/04/29 15:44:47,295000,11.485
2026/04/29 15:44:47,296000,11.490
2026/04/29 15:44:47,297000,11.490
2026/04/29 15:44:47,298000,11.490
2026/04/29 15:44:47,299000,11.493
2026/04/29 15:44:47,300000,11.487
2026/04/29 15:44:47,301000,11.487
2026/04/29 15:44:47,302000,11.490
2026/04/29 15:44:47,303000,11.487
2026/04/29 15:44:47,304000,11.490
2026/04/29 15:44:47,305000,11.485
2026/04/29 15:44:47,306000,11.490
2026/04/29 15:44:47,307000,11.493
2026/04/29 15:44:47,308000,11.485
2026/04/29 15:44:47,309000,11.490
2026/04/29 15:44:47,310000,11.490
2026/04/29 15:44:47,311000,11.487
2026/04/29 15:44:47,312000,11.490
2026/04/29 15:44:47,313000,11.499
2026/04/29 15:44:47,314000,11.493
2026/04/29 15:44:47,315000,11.493
2026/04/29 15:44:47,316000,11.493
2026/04/29 15:44:47,317000,11.487
2026/04/29 15:44:47,318000,11.490
2026/04/29 15:44:47,319000,11.482
2026/04/29 15:44:47,320000,11.496
2026/04/29 15:44:47,321000,11.490
2026/04/29 15:44:47,322000,11.493
2026/04/29 15:44:47,323000,11.487
2026/04/29 15:44:47,324000,11.490
2026/04/29 15:44:47,325000,11.485
2026/04/29 15:44:47,326000,11.496
2026/04/29 15:44:47,327000,11.487
2026/04/29 15:44:47,328000,11.490
2026/04/29 15:44:47,329000,11.487
2026/04/29 15:44:47,330000,11.487
2026/04/29 15:44:47,331000,11.487
2026/04/29 15:44:47,332000,11.482
2026/04/29 15:44:47,333000,11.485
2026/04/29 15:44:47,334000,11.490
2026/04/29 15:44:47,335000,11.485
2026/04/29 15:44:47,336000,11.485
2026/04/29 15:44:47,337000,11.485
2026/04/29 15:44:47,338000,11.490
2026/04/29 15:44:47,339000,11.493
2026/04/29 15:44:47,340000,11.496
2026/04/29 15:44:47,341000,11.490
2026/04/29 15:44:47,342000,11.490
2026/04/29 15:44:47,343000,11.482
2026/04/29 15:44:47,344000,11.485
2026/04/29 15:44:47,345000,11.490
2026/04/29 15:44:47,346000,11.487
2026/04/29 15:44:47,347000,11.487
2026/04/29 15:44:47,348000,11.487
2026/04/29 15:44:47,349000,11.490
2026/04/29 15:44:47,350000,11.490
2026/04/29 15:44:47,351000,11.493
2026/04/29 15:44:47,352000,11.487
2026/04/29 15:44:47,353000,11.490
2026/04/29 15:44:47,354000,11.487
2026/04/29 15:44:47,355000,11.493
2026/04/29 15:44:47,356000,11.493
2026/04/29 15:44:47,357000,11.490
2026/04/29 15:44:47,358000,11.490
2026/04/29 15:44:47,359000,11.485
2026/04/29 15:44:47,360000,11.493
2026/04/29 15:44:47,361000,11.490
2026/04/29 15:44:47,362000,11.490
2026/04/29 15:44:47,363000,11.490
2026/04/29 15:44:47,364000,11.490
2026/04/29 15:44:47,365000,11.490
2026/04/29 15:44:47,366000,11.487
2026/04/29 15:44:47,367000,11.490
2026/04/29 15:44:47,368000,11.487
2026/04/29 15:44:47,369000,11.496
2026/04/29 15:44:47,370000,11.487
2026/04/29 15:44:47,371000,11.490
2026/04/29 15:44:47,372000,11.487
2026/04/29 15:44:47,373000,11.490
2026/04/29 15:44:47,374000,11.487
2026/04/29 15:44:47,375000,11.493
2026/04/29 15:44:47,376000,11.487
2026/04/29 15:44:47,377000,11.485
2026/04/29 15:44:47,378000,11.490
2026/04/29 15:44:47,379000,11.485
2026/04/29 15:44:47,380000,11.487
2026/04/29 15:44:47,381000,11.482
2026/04/29 15:44:47,382000,11.490
2026/04/29 15:44:47,383000,11.490
2026/04/29 15:44:47,384000,11.487
2026/04/29 15:44:47,385000,11.487
2026/04/29 15:44:47,386000,11.487
2026/04/29 15:44:47,387000,11.482
2026/04/29 15:44:47,388000,11.487
2026/04/29 15:44:47,389000,11.490
2026/04/29 15:44:47,390000,11.487
2026/04/29 15:44:47,391000,11.479
2026/04/29 15:44:47,392000,11.490
2026/04/29 15:44:47,393000,11.487
2026/04/29 15:44:47,394000,11.487
2026/04/29 15:44:47,395000,11.482
2026/04/29 15:44:47,396000,11.493
2026/04/29 15:44:47,397000,11.487
2026/04/29 15:44:47,398000,11.485
2026/04/29 15:44:47,399000,11.485
2026/04/29 15:44:47,400000,11.496
2026/04/29 15:44:47,401000,11.493
2026/04/29 15:44:47,402000,11.487
2026/04/29 15:44:47,403000,11.490
2026/04/29 15:44:47,404000,11.487
2026/04/29 15:44:47,405000,11.482
2026/04/29 15:44:47,406000,11.490
2026/04/29 15:44:47,407000,11.490
2026/04/29 15:44:47,408000,11.487
2026/04/29 15:44:47,409000,11.490
2026/04/29 15:44:47,410000,11.485
2026/04/29 15:44:47,411000,11.490
2026/04/29 15:44:47,412000,11.487
2026/04/29 15:44:47,413000,11.482
2026/04/29 15:44:47,414000,11.482
2026/04/29 15:44:47,415000,11.490
2026/04/29 15:44:47,416000,11.487
2026/04/29 15:44:47,417000,11.487
2026/04/29 15:44:47,418000,11.490
2026/04/29 15:44:47,419000,11.487
2026/04/29 15:44:47,420000,11.485
2026/04/29 15:44:47,421000,11.485
2026/04/29 15:44:47,422000,11.479
2026/04/29 15:44:47,423000,11.496
2026/04/29 15:44:47,424000,11.490
2026/04/29 15:44:47,425000,11.485
2026/04/29 15:44:47,426000,11.490
2026/04/29 15:44:47,427000,11.487
2026/04/29 15:44:47,428000,11.482
2026/04/29 15:44:47,429000,11.487
2026/04/29 15:44:47,430000,11.487
2026/04/29 15:44:47,431000,11.487
2026/04/29 15:44:47,432000,11.487
2026/04/29 15:44:47,433000,11.487
2026/04/29 15:44:47,434000,11.493
2026/04/29 15:44:47,435000,11.490
2026/04/29 15:44:47,436000,11.490
2026/04/29 15:44:47,437000,11.487
2026/04/29 15:44:47,438000,11.479
2026/04/29 15:44:47,439000,11.490
2026/04/29 15:44:47,440000,11.482
2026/04/29 15:44:47,441000,11.485
2026/04/29 15:44:47,442000,11.490
2026/04/29 15:44:47,443000,11.493
2026/04/29 15:44:47,444000,11.482
2026/04/29 15:44:47,445000,11.490
2026/04/29 15:44:47,446000,11.487
2026/04/29 15:44:47,447000,11.485
2026/04/29 15:44:47,448000,11.487
2026/04/29 15:44:47,449000,11.487
2026/04/29 15:44:47,450000,11.487
2026/04/29 15:44:47,451000,11.485
2026/04/29 15:44:47,452000,11.490
2026/04/29 15:44:47,453000,11.493
2026/04/29 15:44:47,454000,11.487
2026/04/29 15:44:47,455000,11.490
2026/04/29 15:44:47,456000,11.493
2026/04/29 15:44:47,457000,11.487
2026/04/29 15:44:47,458000,11.490
2026/04/29 15:44:47,459000,11.485
2026/04/29 15:44:47,460000,11.490
2026/04/29 15:44:47,461000,11.493
2026/04/29 15:44:47,462000,11.482
2026/04/29 15:44:47,463000,11.479
2026/04/29 15:44:47,464000,11.485
2026/04/29 15:44:47,465000,11.485
2026/04/29 15:44:47,466000,11.487
2026/04/29 15:44:47,467000,11.485
2026/04/29 15:44:47,468000,11.482
2026/04/29 15:44:47,469000,11.485
2026/04/29 15:44:47,470000,11.487
2026/04/29 15:44:47,471000,11.490
2026/04/29 15:44:47,472000,11.482
2026/04/29 15:44:47,473000,11.490
2026/04/29 15:44:47,474000,11.487
2026/04/29 15:44:47,475000,11.487
2026/04/29 15:44:47,476000,11.490
2026/04/29 15:44:47,477000,11.490
2026/04/29 15:44:47,478000,11.487
2026/04/29 15:44:47,479000,11.485
2026/04/29 15:44:47,480000,11.482
2026/04/29 15:44:47,481000,11.490
2026/04/29 15:44:47,482000,11.487
2026/04/29 15:44:47,483000,11.485
2026/04/29 15:44:47,484000,11.485
2026/04/29 15:44:47,485000,11.493
2026/04/29 15:44:47,486000,11.485
2026/04/29 15:44:47,487000,11.485
2026/04/29 15:44:47,488000,11.487
2026/04/29 15:44:47,489000,11.487
2026/04/29 15:44:47,490000,11.482
2026/04/29 15:44:47,491000,11.487
2026/04/29 15:44:47,492000,11.490
2026/04/29 15:44:47,493000,11.487
2026/04/29 15:44:47,494000,11.490
2026/04/29 15:44:47,495000,11.482
2026/04/29 15:44:47,496000,11.485
2026/04/29 15:44:47,497000,11.487
2026/04/29 15:44:47,498000,11.482
2026/04/29 15:44:47,499000,11.490
2026/04/29 15:44:47,500000,11.490
2026/04/29 15:44:47,501000,11.485
2026/04/29 15:44:47,502000,11.485
2026/04/29 15:44:47,503000,11.490
2026/04/29 15:44:47,504000,11.487
2026/04/29 15:44:47,505000,11.479
2026/04/29 15:44:47,506000,11.485
2026/04/29 15:44:47,507000,11.487
2026/04/29 15:44:47,508000,11.485
2026/04/29 15:44:47,509000,11.479
2026/04/29 15:44:47,510000,11.479
2026/04/29 15:44:47,511000,11.493
2026/04/29 15:44:47,512000,11.490
2026/04/29 15:44:47,513000,11.490
2026/04/29 15:44:47,514000,11.487
2026/04/29 15:44:47,515000,11.487
2026/04/29 15:44:47,516000,11.490
2026/04/29 15:44:47,517000,11.482
2026/04/29 15:44:47,518000,11.479
2026/04/29 15:44:47,519000,11.485
2026/04/29 15:44:47,520000,11.487
2026/04/29 15:44:47,521000,11.487
2026/04/29 15:44:47,522000,11.485
2026/04/29 15:44:47,523000,11.490
2026/04/29 15:44:47,524000,11.490
2026/04/29 15:44:47,525000,11.487
2026/04/29 15:44:47,526000,11.490
2026/04/29 15:44:47,527000,11.487
2026/04/29 15:44:47,528000,11.482
2026/04/29 15:44:47,529000,11.482
2026/04/29 15:44:47,530000,11.485
2026/04/29 15:44:47,531000,11.485
2026/04/29 15:44:47,532000,11.485
2026/04/29 15:44:47,533000,11.482
2026/04/29 15:44:47,534000,11.479
2026/04/29 15:44:47,535000,11.485
2026/04/29 15:44:47,536000,11.487
2026/04/29 15:44:47,537000,11.493
2026/04/29 15:44:47,538000,11.485
2026/04/29 15:44:47,539000,11.487
2026/04/29 15:44:47,540000,11.487
2026/04/29 15:44:47,541000,11.485
2026/04/29 15:44:47,542000,11.485
2026/04/29 15:44:47,543000,11.487
2026/04/29 15:44:47,544000,11.487
2026/04/29 15:44:47,545000,11.485
2026/04/29 15:44:47,546000,11.487
2026/04/29 15:44:47,547000,11.487
2026/04/29 15:44:47,548000,11.490
2026/04/29 15:44:47,549000,11.487
2026/04/29 15:44:47,550000,11.487
2026/04/29 15:44:47,551000,11.485
2026/04/29 15:44:47,552000,11.487
2026/04/29 15:44:47,553000,11.485
2026/04/29 15:44:47,554000,11.479
2026/04/29 15:44:47,555000,11.482
2026/04/29 15:44:47,556000,11.485
2026/04/29 15:44:47,557000,11.487
2026/04/29 15:44:47,558000,11.487
2026/04/29 15:44:47,559000,11.490
2026/04/29 15:44:47,560000,11.493
2026/04/29 15:44:47,561000,11.490
2026/04/29 15:44:47,562000,11.485
2026/04/29 15:44:47,563000,11.493
2026/04/29 15:44:47,564000,11.482
2026/04/29 15:44:47,565000,11.479
2026/04/29 15:44:47,566000,11.479
2026/04/29 15:44:47,567000,11.479
2026/04/29 15:44:47,568000,11.487
2026/04/29 15:44:47,569000,11.487
2026/04/29 15:44:47,570000,11.482
2026/04/29 15:44:47,571000,11.482
2026/04/29 15:44:47,572000,11.485
2026/04/29 15:44:47,573000,11.479
2026/04/29 15:44:47,574000,11.487
2026/04/29 15:44:47,575000,11.487
2026/04/29 15:44:47,576000,11.485
2026/04/29 15:44:47,577000,11.485
2026/04/29 15:44:47,578000,11.487
2026/04/29 15:44:47,579000,11.487
2026/04/29 15:44:47,580000,11.493
2026/04/29 15:44:47,581000,11.487
2026/04/29 15:44:47,582000,11.485
2026/04/29 15:44:47,583000,11.487
2026/04/29 15:44:47,584000,11.485
2026/04/29 15:44:47,585000,11.487
2026/04/29 15:44:47,586000,11.482
2026/04/29 15:44:47,587000,11.487
2026/04/29 15:44:47,588000,11.485
2026/04/29 15:44:47,589000,11.482
2026/04/29 15:44:47,590000,11.490
2026/04/29 15:44:47,591000,11.490
2026/04/29 15:44:47,592000,11.482
2026/04/29 15:44:47,593000,11.485
2026/04/29 15:44:47,594000,11.485
2026/04/29 15:44:47,595000,11.482
2026/04/29 15:44:47,596000,11.487
2026/04/29 15:44:47,597000,11.482
2026/04/29 15:44:47,598000,11.485
2026/04/29 15:44:47,599000,11.487
2026/04/29 15:44:47,600000,11.487
2026/04/29 15:44:47,601000,11.490
2026/04/29 15:44:47,602000,11.490
2026/04/29 15:44:47,603000,11.485
2026/04/29 15:44:47,604000,11.482
2026/04/29 15:44:47,605000,11.485
2026/04/29 15:44:47,606000,11.487
2026/04/29 15:44:47,607000,11.482
2026/04/29 15:44:47,608000,11.485
2026/04/29 15:44:47,609000,11.487
2026/04/29 15:44:47,610000,11.485
2026/04/29 15:44:47,611000,11.485
2026/04/29 15:44:47,612000,11.485
2026/04/29 15:44:47,613000,11.482
2026/04/29 15:44:47,614000,11.487
2026/04/29 15:44:47,615000,11.485
2026/04/29 15:44:47,616000,11.487
2026/04/29 15:44:47,617000,11.485
2026/04/29 15:44:47,618000,11.485
2026/04/29 15:44:47,619000,11.485
2026/04/29 15:44:47,620000,11.487
2026/04/29 15:44:47,621000,11.485
2026/04/29 15:44:47,622000,11.487
2026/04/29 15:44:47,623000,11.482
2026/04/29 15:44:47,624000,11.482
2026/04/29 15:44:47,625000,11.487
2026/04/29 15:44:47,626000,11.482
2026/04/29 15:44:47,627000,11.485
2026/04/29 15:44:47,628000,11.485
2026/04/29 15:44:47,629000,11.482
2026/04/29 15:44:47,630000,11.493
2026/04/29 15:44:47,631000,11.485
2026/04/29 15:44:47,632000,11.482
2026/04/29 15:44:47,633000,11.493
2026/04/29 15:44:47,634000,11.485
2026/04/29 15:44:47,635000,11.485
2026/04/29 15:44:47,636000,11.485
2026/04/29 15:44:47,637000,11.487
2026/04/29 15:44:47,638000,11.487
2026/04/29 15:44:47,639000,11.485
2026/04/29 15:44:47,640000,11.485
2026/04/29 15:44:47,641000,11.487
2026/04/29 15:44:47,642000,11.490
2026/04/29 15:44:47,643000,11.482
2026/04/29 15:44:47,644000,11.485
2026/04/29 15:44:47,645000,11.487
2026/04/29 15:44:47,646000,11.487
2026/04/29 15:44:47,647000,11.493
2026/04/29 15:44:47,648000,11.490
2026/04/29 15:44:47,649000,11.485
2026/04/29 15:44:47,650000,11.485
2026/04/29 15:44:47,651000,11.490
2026/04/29 15:44:47,652000,11.487
2026/04/29 15:44:47,653000,11.490
2026/04/29 15:44:47,654000,11.485
2026/04/29 15:44:47,655000,11.485
2026/04/29 15:44:47,656000,11.490
2026/04/29 15:44:47,657000,11.482
2026/04/29 15:44:47,658000,11.490
2026/04/29 15:44:47,659000,11.487
2026/04/29 15:44:47,660000,11.493
2026/04/29 15:44:47,661000,11.490
2026/04/29 15:44:47,662000,11.485
2026/04/29 15:44:47,663000,11.487
2026/04/29 15:44:47,664000,11.485
2026/04/29 15:44:47,665000,11.490
2026/04/29 15:44:47,666000,11.482
2026/04/29 15:44:47,667000,11.487
2026/04/29 15:44:47,668000,11.482
2026/04/29 15:44:47,669000,11.493
2026/04/29 15:44:47,670000,11.482
2026/04/29 15:44:47,671000,11.482
2026/04/29 15:44:47,672000,11.487
2026/04/29 15:44:47,673000,11.490
2026/04/29 15:44:47,674000,11.485
2026/04/29 15:44:47,675000,11.485
2026/04/29 15:44:47,676000,11.482
2026/04/29 15:44:47,677000,11.490
2026/04/29 15:44:47,678000,11.490
2026/04/29 15:44:47,679000,11.487
2026/04/29 15:44:47,680000,11.482
2026/04/29 15:44:47,681000,11.490
2026/04/29 15:44:47,682000,11.485
2026/04/29 15:44:47,683000,11.487
2026/04/29 15:44:47,684000,11.487
2026/04/29 15:44:47,685000,11.487
2026/04/29 15:44:47,686000,11.490
2026/04/29 15:44:47,687000,11.487
2026/04/29 15:44:47,688000,11.487
2026/04/29 15:44:47,689000,11.482
2026/04/29 15:44:47,690000,11.487
2026/04/29 15:44:47,691000,11.485
2026/04/29 15:44:47,692000,11.482
2026/04/29 15:44:47,693000,11.493
2026/04/29 15:44:47,694000,11.490
2026/04/29 15:44:47,695000,11.487
2026/04/29 15:44:47,696000,11.490
2026/04/29 15:44:47,697000,11.490
2026/04/29 15:44:47,698000,11.482
2026/04/29 15:44:47,699000,11.490
2026/04/29 15:44:47,700000,11.485
2026/04/29 15:44:47,701000,11.476
2026/04/29 15:44:47,702000,11.487
2026/04/29 15:44:47,703000,11.487
2026/04/29 15:44:47,704000,11.490
2026/04/29 15:44:47,705000,11.490
2026/04/29 15:44:47,706000,11.485
2026/04/29 15:44:47,707000,11.485
2026/04/29 15:44:47,708000,11.485
2026/04/29 15:44:47,709000,11.490
2026/04/29 15:44:47,710000,11.482
2026/04/29 15:44:47,711000,11.493
2026/04/29 15:44:47,712000,11.485
2026/04/29 15:44:47,713000,11.487
2026/04/29 15:44:47,714000,11.487
2026/04/29 15:44:47,715000,11.485
2026/04/29 15:44:47,716000,11.487
2026/04/29 15:44:47,717000,11.490
2026/04/29 15:44:47,718000,11.485
2026/04/29 15:44:47,719000,11.479
2026/04/29 15:44:47,720000,11.487
2026/04/29 15:44:47,721000,11.490
2026/04/29 15:44:47,722000,11.482
2026/04/29 15:44:47,723000,11.490
2026/04/29 15:44:47,724000,11.485
2026/04/29 15:44:47,725000,11.487
2026/04/29 15:44:47,726000,11.490
2026/04/29 15:44:47,727000,11.485
2026/04/29 15:44:47,728000,11.482
2026/04/29 15:44:47,729000,11.482
2026/04/29 15:44:47,730000,11.485
2026/04/29 15:44:47,731000,11.487
2026/04/29 15:44:47,732000,11.487
2026/04/29 15:44:47,733000,11.487
2026/04/29 15:44:47,734000,11.482
2026/04/29 15:44:47,735000,11.485
2026/04/29 15:44:47,736000,11.482
2026/04/29 15:44:47,737000,11.487
2026/04/29 15:44:47,738000,11.487
2026/04/29 15:44:47,739000,11.487
2026/04/29 15:44:47,740000,11.490
2026/04/29 15:44:47,741000,11.482
2026/04/29 15:44:47,742000,11.485
2026/04/29 15:44:47,743000,11.490
2026/04/29 15:44:47,744000,11.487
2026/04/29 15:44:47,745000,11.485
2026/04/29 15:44:47,746000,11.487
2026/04/29 15:44:47,747000,11.493
2026/04/29 15:44:47,748000,11.482
2026/04/29 15:44:47,749000,11.485
2026/04/29 15:44:47,750000,11.485
2026/04/29 15:44:47,751000,11.487
2026/04/29 15:44:47,752000,11.487
2026/04/29 15:44:47,753000,11.490
2026/04/29 15:44:47,754000,11.487
2026/04/29 15:44:47,755000,11.487
2026/04/29 15:44:47,756000,11.487
2026/04/29 15:44:47,757000,11.485
2026/04/29 15:44:47,758000,11.490
2026/04/29 15:44:47,759000,11.487
2026/04/29 15:44:47,760000,11.487
2026/04/29 15:44:47,761000,11.490
2026/04/29 15:44:47,762000,11.487
2026/04/29 15:44:47,763000,11.487
2026/04/29 15:44:47,764000,11.485
2026/04/29 15:44:47,765000,11.490
2026/04/29 15:44:47,766000,11.487
2026/04/29 15:44:47,767000,11.490
2026/04/29 15:44:47,768000,11.485
2026/04/29 15:44:47,769000,11.485
2026/04/29 15:44:47,770000,11.482
2026/04/29 15:44:47,771000,11.490
2026/04/29 15:44:47,772000,11.485
2026/04/29 15:44:47,773000,11.487
2026/04/29 15:44:47,774000,11.487
2026/04/29 15:44:47,775000,11.485
2026/04/29 15:44:47,776000,11.487
2026/04/29 15:44:47,777000,11.482
2026/04/29 15:44:47,778000,11.490
2026/04/29 15:44:47,779000,11.485
2026/04/29 15:44:47,780000,11.485
2026/04/29 15:44:47,781000,11.487
2026/04/29 15:44:47,782000,11.487
2026/04/29 15:44:47,783000,11.487
2026/04/29 15:44:47,784000,11.490
2026/04/29 15:44:47,785000,11.490
2026/04/29 15:44:47,786000,11.487
2026/04/29 15:44:47,787000,11.485
2026/04/29 15:44:47,788000,11.487
2026/04/29 15:44:47,789000,11.487
2026/04/29 15:44:47,790000,11.493
2026/04/29 15:44:47,791000,11.487
2026/04/29 15:44:47,792000,11.482
2026/04/29 15:44:47,793000,11.490
2026/04/29 15:44:47,794000,11.487
2026/04/29 15:44:47,795000,11.493
2026/04/29 15:44:47,796000,11.487
2026/04/29 15:44:47,797000,11.490
2026/04/29 15:44:47,798000,11.482
2026/04/29 15:44:47,799000,11.485
2026/04/29 15:44:47,800000,11.487
2026/04/29 15:44:47,801000,11.490
2026/04/29 15:44:47,802000,11.487
2026/04/29 15:44:47,803000,11.493
2026/04/29 15:44:47,804000,11.490
2026/04/29 15:44:47,805000,11.485
2026/04/29 15:44:47,806000,11.487
2026/04/29 15:44:47,807000,11.485
2026/04/29 15:44:47,808000,11.485
2026/04/29 15:44:47,809000,11.487
2026/04/29 15:44:47,810000,11.490
2026/04/29 15:44:47,811000,11.493
2026/04/29 15:44:47,812000,11.487
2026/04/29 15:44:47,813000,11.493
2026/04/29 15:44:47,814000,11.487
2026/04/29 15:44:47,815000,11.490
2026/04/29 15:44:47,816000,11.482
2026/04/29 15:44:47,817000,11.490
2026/04/29 15:44:47,818000,11.482
2026/04/29 15:44:47,819000,11.482
2026/04/29 15:44:47,820000,11.493
2026/04/29 15:44:47,821000,11.490
2026/04/29 15:44:47,822000,11.487
2026/04/29 15:44:47,823000,11.487
2026/04/29 15:44:47,824000,11.485
2026/04/29 15:44:47,825000,11.485
2026/04/29 15:44:47,826000,11.487
2026/04/29 15:44:47,827000,11.487
2026/04/29 15:44:47,828000,11.490
2026/04/29 15:44:47,829000,11.490
2026/04/29 15:44:47,830000,11.482
2026/04/29 15:44:47,831000,11.487
2026/04/29 15:44:47,832000,11.490
2026/04/29 15:44:47,833000,11.487
2026/04/29 15:44:47,834000,11.485
2026/04/29 15:44:47,835000,11.490
2026/04/29 15:44:47,836000,11.490
2026/04/29 15:44:47,837000,11.487
2026/04/29 15:44:47,838000,11.487
2026/04/29 15:44:47,839000,11.490
2026/04/29 15:44:47,840000,11.490
2026/04/29 15:44:47,841000,11.490
2026/04/29 15:44:47,842000,11.490
2026/04/29 15:44:47,843000,11.490
2026/04/29 15:44:47,844000,11.487
2026/04/29 15:44:47,845000,11.487
2026/04/29 15:44:47,846000,11.485
2026/04/29 15:44:47,847000,11.485
2026/04/29 15:44:47,848000,11.487
2026/04/29 15:44:47,849000,11.490
2026/04/29 15:44:47,850000,11.490
2026/04/29 15:44:47,851000,11.485
2026/04/29 15:44:47,852000,11.493
2026/04/29 15:44:47,853000,11.493
2026/04/29 15:44:47,854000,11.490
2026/04/29 15:44:47,855000,11.487
2026/04/29 15:44:47,856000,11.485
2026/04/29 15:44:47,857000,11.487
2026/04/29 15:44:47,858000,11.487
2026/04/29 15:44:47,859000,11.485
2026/04/29 15:44:47,860000,11.487
2026/04/29 15:44:47,861000,11.487
2026/04/29 15:44:47,862000,11.482
2026/04/29 15:44:47,863000,11.482
2026/04/29 15:44:47,864000,11.485
2026/04/29 15:44:47,865000,11.490
2026/04/29 15:44:47,866000,11.490
2026/04/29 15:44:47,867000,11.487
2026/04/29 15:44:47,868000,11.490
2026/04/29 15:44:47,869000,11.490
2026/04/29 15:44:47,870000,11.482
2026/04/29 15:44:47,871000,11.490
2026/04/29 15:44:47,872000,11.490
2026/04/29 15:44:47,873000,11.482
2026/04/29 15:44:47,874000,11.490
2026/04/29 15:44:47,875000,11.482
2026/04/29 15:44:47,876000,11.485
2026/04/29 15:44:47,877000,11.493
2026/04/29 15:44:47,878000,11.476
2026/04/29 15:44:47,879000,11.487
2026/04/29 15:44:47,880000,11.493
2026/04/29 15:44:47,881000,11.487
2026/04/29 15:44:47,882000,11.490
2026/04/29 15:44:47,883000,11.493
2026/04/29 15:44:47,884000,11.490
2026/04/29 15:44:47,885000,11.493
2026/04/29 15:44:47,886000,11.490
2026/04/29 15:44:47,887000,11.482
2026/04/29 15:44:47,888000,11.487
2026/04/29 15:44:47,889000,11.485
2026/04/29 15:44:47,890000,11.485
2026/04/29 15:44:47,891000,11.485
2026/04/29 15:44:47,892000,11.493
2026/04/29 15:44:47,893000,11.485
2026/04/29 15:44:47,894000,11.485
2026/04/29 15:44:47,895000,11.485
2026/04/29 15:44:47,896000,11.487
2026/04/29 15:44:47,897000,11.490
2026/04/29 15:44:47,898000,11.487
2026/04/29 15:44:47,899000,11.493
2026/04/29 15:44:47,900000,11.485
2026/04/29 15:44:47,901000,11.493
2026/04/29 15:44:47,902000,11.487
2026/04/29 15:44:47,903000,11.490
2026/04/29 15:44:47,904000,11.487
2026/04/29 15:44:47,905000,11.490
2026/04/29 15:44:47,906000,11.485
2026/04/29 15:44:47,907000,11.487
2026/04/29 15:44:47,908000,11.493
2026/04/29 15:44:47,909000,11.490
2026/04/29 15:44:47,910000,11.493
2026/04/29 15:44:47,911000,11.487
2026/04/29 15:44:47,912000,11.493
2026/04/29 15:44:47,913000,11.487
2026/04/29 15:44:47,914000,11.490
2026/04/29 15:44:47,915000,11.487
2026/04/29 15:44:47,916000,11.490
2026/04/29 15:44:47,917000,11.490
2026/04/29 15:44:47,918000,11.493
2026/04/29 15:44:47,919000,11.493
2026/04/29 15:44:47,920000,11.487
2026/04/29 15:44:47,921000,11.485
2026/04/29 15:44:47,922000,11.482
2026/04/29 15:44:47,923000,11.487
2026/04/29 15:44:47,924000,11.493
2026/04/29 15:44:47,925000,11.490
2026/04/29 15:44:47,926000,11.490
2026/04/29 15:44:47,927000,11.487
2026/04/29 15:44:47,928000,11.490
2026/04/29 15:44:47,929000,11.490
2026/04/29 15:44:47,930000,11.485
2026/04/29 15:44:47,931000,11.487
2026/04/29 15:44:47,932000,11.493
2026/04/29 15:44:47,933000,11.485
2026/04/29 15:44:47,934000,11.487
2026/04/29 15:44:47,935000,11.485
2026/04/29 15:44:47,936000,11.493
2026/04/29 15:44:47,937000,11.487
2026/04/29 15:44:47,938000,11.487
2026/04/29 15:44:47,939000,11.482
2026/04/29 15:44:47,940000,11.487
2026/04/29 15:44:47,941000,11.496
2026/04/29 15:44:47,942000,11.487
2026/04/29 15:44:47,943000,11.490
2026/04/29 15:44:47,944000,11.490
2026/04/29 15:44:47,945000,11.490
2026/04/29 15:44:47,946000,11.490
2026/04/29 15:44:47,947000,11.485
2026/04/29 15:44:47,948000,11.490
2026/04/29 15:44:47,949000,11.482
2026/04/29 15:44:47,950000,11.487
2026/04/29 15:44:47,951000,11.485
2026/04/29 15:44:47,952000,11.482
2026/04/29 15:44:47,953000,11.485
2026/04/29 15:44:47,954000,11.485
2026/04/29 15:44:47,955000,11.479
2026/04/29 15:44:47,956000,11.487
2026/04/29 15:44:47,957000,11.487
2026/04/29 15:44:47,958000,11.490
2026/04/29 15:44:47,959000,11.490
2026/04/29 15:44:47,960000,11.490
2026/04/29 15:44:47,961000,11.490
2026/04/29 15:44:47,962000,11.487
2026/04/29 15:44:47,963000,11.485
2026/04/29 15:44:47,964000,11.490
2026/04/29 15:44:47,965000,11.485
2026/04/29 15:44:47,966000,11.485
2026/04/29 15:44:47,967000,11.482
2026/04/29 15:44:47,968000,11.487
2026/04/29 15:44:47,969000,11.487
2026/04/29 15:44:47,970000,11.490
2026/04/29 15:44:47,971000,11.490
2026/04/29 15:44:47,972000,11.485
2026/04/29 15:44:47,973000,11.485
2026/04/29 15:44:47,974000,11.485
2026/04/29 15:44:47,975000,11.485
2026/04/29 15:44:47,976000,11.487
2026/04/29 15:44:47,977000,11.487
2026/04/29 15:44:47,978000,11.487
2026/04/29 15:44:47,979000,11.485
2026/04/29 15:44:47,980000,11.490
2026/04/29 15:44:47,981000,11.487
2026/04/29 15:44:47,982000,11.493
2026/04/29 15:44:47,983000,11.479
2026/04/29 15:44:47,984000,11.485
2026/04/29 15:44:47,985000,11.493
2026/04/29 15:44:47,986000,11.490
2026/04/29 15:44:47,987000,11.482
2026/04/29 15:44:47,988000,11.487
2026/04/29 15:44:47,989000,11.490
2026/04/29 15:44:47,990000,11.490
2026/04/29 15:44:47,991000,11.485
2026/04/29 15:44:47,992000,11.485
2026/04/29 15:44:47,993000,11.485
2026/04/29 15:44:47,994000,11.482
2026/04/29 15:44:47,995000,11.482
2026/04/29 15:44:47,996000,11.490
2026/04/29 15:44:47,997000,11.482
2026/04/29 15:44:47,998000,11.487
2026/04/29 15:44:47,999000,11.490
2026/04/29 15:44:48,000000,11.485
2026/04/29 15:44:48,001000,11.482
2026/04/29 15:44:48,002000,11.490
2026/04/29 15:44:48,003000,11.487
2026/04/29 15:44:48,004000,11.485
2026/04/29 15:44:48,005000,11.487
2026/04/29 15:44:48,006000,11.493
2026/04/29 15:44:48,007000,11.485
2026/04/29 15:44:48,008000,11.487
2026/04/29 15:44:48,009000,11.487
2026/04/29 15:44:48,010000,11.490
2026/04/29 15:44:48,011000,11.485
2026/04/29 15:44:48,012000,11.482
2026/04/29 15:44:48,013000,11.485
2026/04/29 15:44:48,014000,11.485
2026/04/29 15:44:48,015000,11.485
2026/04/29 15:44:48,016000,11.490
2026/04/29 15:44:48,017000,11.487
2026/04/29 15:44:48,018000,11.490
2026/04/29 15:44:48,019000,11.487
2026/04/29 15:44:48,020000,11.482
2026/04/29 15:44:48,021000,11.485
2026/04/29 15:44:48,022000,11.482
2026/04/29 15:44:48,023000,11.479
2026/04/29 15:44:48,024000,11.490
2026/04/29 15:44:48,025000,11.487
2026/04/29 15:44:48,026000,11.493
2026/04/29 15:44:48,027000,11.482
2026/04/29 15:44:48,028000,11.485
2026/04/29 15:44:48,029000,11.487
2026/04/29 15:44:48,030000,11.485
2026/04/29 15:44:48,031000,11.479
2026/04/29 15:44:48,032000,11.487
2026/04/29 15:44:48,033000,11.487
2026/04/29 15:44:48,034000,11.485
2026/04/29 15:44:48,035000,11.485
2026/04/29 15:44:48,036000,11.487
2026/04/29 15:44:48,037000,11.487
2026/04/29 15:44:48,038000,11.482
2026/04/29 15:44:48,039000,11.487
2026/04/29 15:44:48,040000,11.487
2026/04/29 15:44:48,041000,11.487
2026/04/29 15:44:48,042000,11.485
2026/04/29 15:44:48,043000,11.487
2026/04/29 15:44:48,044000,11.485
2026/04/29 15:44:48,045000,11.487
2026/04/29 15:44:48,046000,11.485
2026/04/29 15:44:48,047000,11.482
2026/04/29 15:44:48,048000,11.496
2026/04/29 15:44:48,049000,11.485
2026/04/29 15:44:48,050000,11.485
2026/04/29 15:44:48,051000,11.485
2026/04/29 15:44:48,052000,11.487
2026/04/29 15:44:48,053000,11.487
2026/04/29 15:44:48,054000,11.485
2026/04/29 15:44:48,055000,11.490
2026/04/29 15:44:48,056000,11.487
2026/04/29 15:44:48,057000,11.493
2026/04/29 15:44:48,058000,11.487
2026/04/29 15:44:48,059000,11.485
2026/04/29 15:44:48,060000,11.487
2026/04/29 15:44:48,061000,11.485
2026/04/29 15:44:48,062000,11.485
2026/04/29 15:44:48,063000,11.482
2026/04/29 15:44:48,064000,11.487
2026/04/29 15:44:48,065000,11.487
2026/04/29 15:44:48,066000,11.493
2026/04/29 15:44:48,067000,11.482
2026/04/29 15:44:48,068000,11.490
2026/04/29 15:44:48,069000,11.487
2026/04/29 15:44:48,070000,11.485
2026/04/29 15:44:48,071000,11.490
2026/04/29 15:44:48,072000,11.482
2026/04/29 15:44:48,073000,11.487
2026/04/29 15:44:48,074000,11.485
2026/04/29 15:44:48,075000,11.487
2026/04/29 15:44:48,076000,11.482
2026/04/29 15:44:48,077000,11.487
2026/04/29 15:44:48,078000,11.487
2026/04/29 15:44:48,079000,11.485
2026/04/29 15:44:48,080000,11.487
2026/04/29 15:44:48,081000,11.482
2026/04/29 15:44:48,082000,11.490
2026/04/29 15:44:48,083000,11.476
2026/04/29 15:44:48,084000,11.485
2026/04/29 15:44:48,085000,11.490
2026/04/29 15:44:48,086000,11.485
2026/04/29 15:44:48,087000,11.479
2026/04/29 15:44:48,088000,11.485
2026/04/29 15:44:48,089000,11.482
2026/04/29 15:44:48,090000,11.487
2026/04/29 15:44:48,091000,11.487
2026/04/29 15:44:48,092000,11.485
2026/04/29 15:44:48,093000,11.479
2026/04/29 15:44:48,094000,11.482
2026/04/29 15:44:48,095000,11.490
2026/04/29 15:44:48,096000,11.485
2026/04/29 15:44:48,097000,11.485
2026/04/29 15:44:48,098000,11.482
2026/04/29 15:44:48,099000,11.482
2026/04/29 15:44:48,100000,11.487
2026/04/29 15:44:48,101000,11.487
2026/04/29 15:44:48,102000,11.487
2026/04/29 15:44:48,103000,11.482
2026/04/29 15:44:48,104000,11.485
2026/04/29 15:44:48,105000,11.485
2026/04/29 15:44:48,106000,11.490
2026/04/29 15:44:48,107000,11.485
2026/04/29 15:44:48,108000,11.487
2026/04/29 15:44:48,109000,11.482
2026/04/29 15:44:48,110000,11.485
2026/04/29 15:44:48,111000,11.485
2026/04/29 15:44:48,112000,11.487
2026/04/29 15:44:48,113000,11.482
2026/04/29 15:44:48,114000,11.490
2026/04/29 15:44:48,115000,11.487
2026/04/29 15:44:48,116000,11.482
2026/04/29 15:44:48,117000,11.490
2026/04/29 15:44:48,118000,11.487
2026/04/29 15:44:48,119000,11.482
2026/04/29 15:44:48,120000,11.485
2026/04/29 15:44:48,121000,11.482
2026/04/29 15:44:48,122000,11.487
2026/04/29 15:44:48,123000,11.487
2026/04/29 15:44:48,124000,11.485
2026/04/29 15:44:48,125000,11.490
2026/04/29 15:44:48,126000,11.487
2026/04/29 15:44:48,127000,11.487
2026/04/29 15:44:48,128000,11.493
2026/04/29 15:44:48,129000,11.487
2026/04/29 15:44:48,130000,11.485
2026/04/29 15:44:48,131000,11.487
2026/04/29 15:44:48,132000,11.482
2026/04/29 15:44:48,133000,11.490
2026/04/29 15:44:48,134000,11.485
2026/04/29 15:44:48,135000,11.490
2026/04/29 15:44:48,136000,11.485
2026/04/29 15:44:48,137000,11.487
2026/04/29 15:44:48,138000,11.487
2026/04/29 15:44:48,139000,11.490
2026/04/29 15:44:48,140000,11.493
2026/04/29 15:44:48,141000,11.487
2026/04/29 15:44:48,142000,11.485
2026/04/29 15:44:48,143000,11.487
2026/04/29 15:44:48,144000,11.485
2026/04/29 15:44:48,145000,11.482
2026/04/29 15:44:48,146000,11.487
2026/04/29 15:44:48,147000,11.485
2026/04/29 15:44:48,148000,11.487
2026/04/29 15:44:48,149000,11.487
2026/04/29 15:44:48,150000,11.490
2026/04/29 15:44:48,151000,11.487
2026/04/29 15:44:48,152000,11.490
2026/04/29 15:44:48,153000,11.487
2026/04/29 15:44:48,154000,11.485
2026/04/29 15:44:48,155000,11.487
2026/04/29 15:44:48,156000,11.485
2026/04/29 15:44:48,157000,11.487
2026/04/29 15:44:48,158000,11.485
2026/04/29 15:44:48,159000,11.490
2026/04/29 15:44:48,160000,11.487
2026/04/29 15:44:48,161000,11.482
2026/04/29 15:44:48,162000,11.487
2026/04/29 15:44:48,163000,11.490
2026/04/29 15:44:48,164000,11.487
2026/04/29 15:44:48,165000,11.482
2026/04/29 15:44:48,166000,11.490
2026/04/29 15:44:48,167000,11.493
2026/04/29 15:44:48,168000,11.487
2026/04/29 15:44:48,169000,11.487
2026/04/29 15:44:48,170000,11.490
2026/04/29 15:44:48,171000,11.487
2026/04/29 15:44:48,172000,11.487
2026/04/29 15:44:48,173000,11.482
2026/04/29 15:44:48,174000,11.487
2026/04/29 15:44:48,175000,11.485
2026/04/29 15:44:48,176000,11.485
2026/04/29 15:44:48,177000,11.487
2026/04/29 15:44:48,178000,11.493
2026/04/29 15:44:48,179000,11.485
2026/04/29 15:44:48,180000,11.485
2026/04/29 15:44:48,181000,11.487
2026/04/29 15:44:48,182000,11.493
2026/04/29 15:44:48,183000,11.487
2026/04/29 15:44:48,184000,11.482
2026/04/29 15:44:48,185000,11.487
2026/04/29 15:44:48,186000,11.485
2026/04/29 15:44:48,187000,11.482
2026/04/29 15:44:48,188000,11.485
2026/04/29 15:44:48,189000,11.490
2026/04/29 15:44:48,190000,11.487
2026/04/29 15:44:48,191000,11.490
2026/04/29 15:44:48,192000,11.487
2026/04/29 15:44:48,193000,11.482
2026/04/29 15:44:48,194000,11.493
2026/04/29 15:44:48,195000,11.493
2026/04/29 15:44:48,196000,11.487
2026/04/29 15:44:48,197000,11.490
2026/04/29 15:44:48,198000,11.482
2026/04/29 15:44:48,199000,11.490
2026/04/29 15:44:48,200000,11.485
2026/04/29 15:44:48,201000,11.487
2026/04/29 15:44:48,202000,11.485
2026/04/29 15:44:48,203000,11.487
2026/04/29 15:44:48,204000,11.482
2026/04/29 15:44:48,205000,11.485
2026/04/29 15:44:48,206000,11.485
2026/04/29 15:44:48,207000,11.487
2026/04/29 15:44:48,208000,11.490
2026/04/29 15:44:48,209000,11.479
2026/04/29 15:44:48,210000,11.490
2026/04/29 15:44:48,211000,11.493
2026/04/29 15:44:48,212000,11.482
2026/04/29 15:44:48,213000,11.479
2026/04/29 15:44:48,214000,11.482
2026/04/29 15:44:48,215000,11.485
2026/04/29 15:44:48,216000,11.487
2026/04/29 15:44:48,217000,11.482
2026/04/29 15:44:48,218000,11.485
2026/04/29 15:44:48,219000,11.485
2026/04/29 15:44:48,220000,11.485
2026/04/29 15:44:48,221000,11.485
2026/04/29 15:44:48,222000,11.487
2026/04/29 15:44:48,223000,11.485
2026/04/29 15:44:48,224000,11.490
2026/04/29 15:44:48,225000,11.487
2026/04/29 15:44:48,226000,11.493
2026/04/29 15:44:48,227000,11.493
2026/04/29 15:44:48,228000,11.490
2026/04/29 15:44:48,229000,11.487
2026/04/29 15:44:48,230000,11.482
2026/04/29 15:44:48,231000,11.485
2026/04/29 15:44:48,232000,11.490
2026/04/29 15:44:48,233000,11.487
2026/04/29 15:44:48,234000,11.485
2026/04/29 15:44:48,235000,11.485
2026/04/29 15:44:48,236000,11.487
2026/04/29 15:44:48,237000,11.490
2026/04/29 15:44:48,238000,11.490
2026/04/29 15:44:48,239000,11.487
2026/04/29 15:44:48,240000,11.490
2026/04/29 15:44:48,241000,11.482
2026/04/29 15:44:48,242000,11.487
2026/04/29 15:44:48,243000,11.490
2026/04/29 15:44:48,244000,11.490
2026/04/29 15:44:48,245000,11.490
2026/04/29 15:44:48,246000,11.487
2026/04/29 15:44:48,247000,11.490
2026/04/29 15:44:48,248000,11.485
2026/04/29 15:44:48,249000,11.490
2026/04/29 15:44:48,250000,11.493
2026/04/29 15:44:48,251000,11.493
2026/04/29 15:44:48,252000,11.485
2026/04/29 15:44:48,253000,11.485
2026/04/29 15:44:48,254000,11.485
2026/04/29 15:44:48,255000,11.487
2026/04/29 15:44:48,256000,11.490
2026/04/29 15:44:48,257000,11.485
2026/04/29 15:44:48,258000,11.485
2026/04/29 15:44:48,259000,11.487
2026/04/29 15:44:48,260000,11.490
2026/04/29 15:44:48,261000,11.485
2026/04/29 15:44:48,262000,11.490
2026/04/29 15:44:48,263000,11.493
2026/04/29 15:44:48,264000,11.487
2026/04/29 15:44:48,265000,11.485
2026/04/29 15:44:48,266000,11.490
2026/04/29 15:44:48,267000,11.482
2026/04/29 15:44:48,268000,11.482
2026/04/29 15:44:48,269000,11.485
2026/04/29 15:44:48,270000,11.487
2026/04/29 15:44:48,271000,11.482
2026/04/29 15:44:48,272000,11.487
2026/04/29 15:44:48,273000,11.487
2026/04/29 15:44:48,274000,11.490
2026/04/29 15:44:48,275000,11.487
2026/04/29 15:44:48,276000,11.490
2026/04/29 15:44:48,277000,11.485
2026/04/29 15:44:48,278000,11.490
2026/04/29 15:44:48,279000,11.490
2026/04/29 15:44:48,280000,11.487
2026/04/29 15:44:48,281000,11.493
2026/04/29 15:44:48,282000,11.490
2026/04/29 15:44:48,283000,11.490
2026/04/29 15:44:48,284000,11.490
2026/04/29 15:44:48,285000,11.482
2026/04/29 15:44:48,286000,11.487
2026/04/29 15:44:48,287000,11.490
2026/04/29 15:44:48,288000,11.482
2026/04/29 15:44:48,289000,11.490
2026/04/29 15:44:48,290000,11.485
2026/04/29 15:44:48,291000,11.482
2026/04/29 15:44:48,292000,11.490
2026/04/29 15:44:48,293000,11.482
2026/04/29 15:44:48,294000,11.485
2026/04/29 15:44:48,295000,11.487
2026/04/29 15:44:48,296000,11.490
2026/04/29 15:44:48,297000,11.485
2026/04/29 15:44:48,298000,11.482
2026/04/29 15:44:48,299000,11.490
2026/04/29 15:44:48,300000,11.487
2026/04/29 15:44:48,301000,11.487
2026/04/29 15:44:48,302000,11.487
2026/04/29 15:44:48,303000,11.482
2026/04/29 15:44:48,304000,11.482
2026/04/29 15:44:48,305000,11.487
2026/04/29 15:44:48,306000,11.490
2026/04/29 15:44:48,307000,11.482
2026/04/29 15:44:48,308000,11.490
2026/04/29 15:44:48,309000,11.487
2026/04/29 15:44:48,310000,11.485
2026/04/29 15:44:48,311000,11.487
2026/04/29 15:44:48,312000,11.487
2026/04/29 15:44:48,313000,11.487
2026/04/29 15:44:48,314000,11.487
2026/04/29 15:44:48,315000,11.490
2026/04/29 15:44:48,316000,11.493
2026/04/29 15:44:48,317000,11.490
2026/04/29 15:44:48,318000,11.490
2026/04/29 15:44:48,319000,11.493
2026/04/29 15:44:48,320000,11.487
2026/04/29 15:44:48,321000,11.490
2026/04/29 15:44:48,322000,11.490
2026/04/29 15:44:48,323000,11.479
2026/04/29 15:44:48,324000,11.490
2026/04/29 15:44:48,325000,11.487
2026/04/29 15:44:48,326000,11.487
2026/04/29 15:44:48,327000,11.490
2026/04/29 15:44:48,328000,11.490
2026/04/29 15:44:48,329000,11.485
2026/04/29 15:44:48,330000,11.485
2026/04/29 15:44:48,331000,11.487
2026/04/29 15:44:48,332000,11.485
2026/04/29 15:44:48,333000,11.485
2026/04/29 15:44:48,334000,11.487
2026/04/29 15:44:48,335000,11.490
2026/04/29 15:44:48,336000,11.487
2026/04/29 15:44:48,337000,11.487
2026/04/29 15:44:48,338000,11.493
2026/04/29 15:44:48,339000,11.496
2026/04/29 15:44:48,340000,11.493
2026/04/29 15:44:48,341000,11.485
2026/04/29 15:44:48,342000,11.493
2026/04/29 15:44:48,343000,11.487
2026/04/29 15:44:48,344000,11.487
2026/04/29 15:44:48,345000,11.487
2026/04/29 15:44:48,346000,11.487
2026/04/29 15:44:48,347000,11.485
2026/04/29 15:44:48,348000,11.485
2026/04/29 15:44:48,349000,11.493
2026/04/29 15:44:48,350000,11.485
2026/04/29 15:44:48,351000,11.490
2026/04/29 15:44:48,352000,11.485
2026/04/29 15:44:48,353000,11.490
2026/04/29 15:44:48,354000,11.490
2026/04/29 15:44:48,355000,11.479
2026/04/29 15:44:48,356000,11.487
2026/04/29 15:44:48,357000,11.487
2026/04/29 15:44:48,358000,11.482
2026/04/29 15:44:48,359000,11.490
2026/04/29 15:44:48,360000,11.490
2026/04/29 15:44:48,361000,11.487
2026/04/29 15:44:48,362000,11.493
2026/04/29 15:44:48,363000,11.490
2026/04/29 15:44:48,364000,11.485
2026/04/29 15:44:48,365000,11.490
2026/04/29 15:44:48,366000,11.490
2026/04/29 15:44:48,367000,11.487
2026/04/29 15:44:48,368000,11.496
2026/04/29 15:44:48,369000,11.490
2026/04/29 15:44:48,370000,11.493
2026/04/29 15:44:48,371000,11.493
2026/04/29 15:44:48,372000,11.487
2026/04/29 15:44:48,373000,11.485
2026/04/29 15:44:48,374000,11.485
2026/04/29 15:44:48,375000,11.490
2026/04/29 15:44:48,376000,11.485
2026/04/29 15:44:48,377000,11.485
2026/04/29 15:44:48,378000,11.493
2026/04/29 15:44:48,379000,11.487
2026/04/29 15:44:48,380000,11.487
2026/04/29 15:44:48,381000,11.487
2026/04/29 15:44:48,382000,11.490
2026/04/29 15:44:48,383000,11.487
2026/04/29 15:44:48,384000,11.485
2026/04/29 15:44:48,385000,11.490
2026/04/29 15:44:48,386000,11.490
2026/04/29 15:44:48,387000,11.487
2026/04/29 15:44:48,388000,11.490
2026/04/29 15:44:48,389000,11.487
2026/04/29 15:44:48,390000,11.487
2026/04/29 15:44:48,391000,11.490
2026/04/29 15:44:48,392000,11.493
2026/04/29 15:44:48,393000,11.493
2026/04/29 15:44:48,394000,11.487
2026/04/29 15:44:48,395000,11.490
2026/04/29 15:44:48,396000,11.485
2026/04/29 15:44:48,397000,11.487
2026/04/29 15:44:48,398000,11.493
2026/04/29 15:44:48,399000,11.487
2026/04/29 15:44:48,400000,11.487
2026/04/29 15:44:48,401000,11.490
2026/04/29 15:44:48,402000,11.490
2026/04/29 15:44:48,403000,11.493
2026/04/29 15:44:48,404000,11.487
2026/04/29 15:44:48,405000,11.487
2026/04/29 15:44:48,406000,11.482
2026/04/29 15:44:48,407000,11.487
2026/04/29 15:44:48,408000,11.487
2026/04/29 15:44:48,409000,11.482
2026/04/29 15:44:48,410000,11.485
2026/04/29 15:44:48,411000,11.482
2026/04/29 15:44:48,412000,11.490
2026/04/29 15:44:48,413000,11.496
2026/04/29 15:44:48,414000,11.490
2026/04/29 15:44:48,415000,11.487
2026/04/29 15:44:48,416000,11.482
2026/04/29 15:44:48,417000,11.482
2026/04/29 15:44:48,418000,11.487
2026/04/29 15:44:48,419000,11.487
2026/04/29 15:44:48,420000,11.490
2026/04/29 15:44:48,421000,11.485
2026/04/29 15:44:48,422000,11.493
2026/04/29 15:44:48,423000,11.487
2026/04/29 15:44:48,424000,11.487
2026/04/29 15:44:48,425000,11.490
2026/04/29 15:44:48,426000,11.487
2026/04/29 15:44:48,427000,11.490
2026/04/29 15:44:48,428000,11.490
2026/04/29 15:44:48,429000,11.490
2026/04/29 15:44:48,430000,11.485
2026/04/29 15:44:48,431000,11.490
2026/04/29 15:44:48,432000,11.487
2026/04/29 15:44:48,433000,11.485
2026/04/29 15:44:48,434000,11.485
2026/04/29 15:44:48,435000,11.490
2026/04/29 15:44:48,436000,11.482
2026/04/29 15:44:48,437000,11.482
2026/04/29 15:44:48,438000,11.487
2026/04/29 15:44:48,439000,11.479
2026/04/29 15:44:48,440000,11.490
2026/04/29 15:44:48,441000,11.482
2026/04/29 15:44:48,442000,11.490
2026/04/29 15:44:48,443000,11.487
2026/04/29 15:44:48,444000,11.487
2026/04/29 15:44:48,445000,11.490
2026/04/29 15:44:48,446000,11.487
2026/04/29 15:44:48,447000,11.490
2026/04/29 15:44:48,448000,11.487
2026/04/29 15:44:48,449000,11.490
2026/04/29 15:44:48,450000,11.487
2026/04/29 15:44:48,451000,11.482
2026/04/29 15:44:48,452000,11.493
2026/04/29 15:44:48,453000,11.485
2026/04/29 15:44:48,454000,11.490
2026/04/29 15:44:48,455000,11.490
2026/04/29 15:44:48,456000,11.493
2026/04/29 15:44:48,457000,11.493
2026/04/29 15:44:48,458000,11.490
2026/04/29 15:44:48,459000,11.485
2026/04/29 15:44:48,460000,11.487
2026/04/29 15:44:48,461000,11.487
2026/04/29 15:44:48,462000,11.490
2026/04/29 15:44:48,463000,11.485
2026/04/29 15:44:48,464000,11.490
2026/04/29 15:44:48,465000,11.482
2026/04/29 15:44:48,466000,11.485
2026/04/29 15:44:48,467000,11.485
2026/04/29 15:44:48,468000,11.485
2026/04/29 15:44:48,469000,11.490
2026/04/29 15:44:48,470000,11.490
2026/04/29 15:44:48,471000,11.487
2026/04/29 15:44:48,472000,11.490
2026/04/29 15:44:48,473000,11.487
2026/04/29 15:44:48,474000,11.487
2026/04/29 15:44:48,475000,11.487
2026/04/29 15:44:48,476000,11.487
2026/04/29 15:44:48,477000,11.485
2026/04/29 15:44:48,478000,11.490
2026/04/29 15:44:48,479000,11.487
2026/04/29 15:44:48,480000,11.490
2026/04/29 15:44:48,481000,11.493
2026/04/29 15:44:48,482000,11.487
2026/04/29 15:44:48,483000,11.493
2026/04/29 15:44:48,484000,11.490
2026/04/29 15:44:48,485000,11.493
2026/04/29 15:44:48,486000,11.487
2026/04/29 15:44:48,487000,11.487
2026/04/29 15:44:48,488000,11.493
2026/04/29 15:44:48,489000,11.490
2026/04/29 15:44:48,490000,11.485
2026/04/29 15:44:48,491000,11.482
2026/04/29 15:44:48,492000,11.485
2026/04/29 15:44:48,493000,11.485
2026/04/29 15:44:48,494000,11.487
2026/04/29 15:44:48,495000,11.485
2026/04/29 15:44:48,496000,11.485
2026/04/29 15:44:48,497000,11.487
2026/04/29 15:44:48,498000,11.487
2026/04/29 15:44:48,499000,11.487
2026/04/29 15:44:48,500000,11.487
2026/04/29 15:44:48,501000,11.487
2026/04/29 15:44:48,502000,11.485
2026/04/29 15:44:48,503000,11.493
2026/04/29 15:44:48,504000,11.487
2026/04/29 15:44:48,505000,11.490
2026/04/29 15:44:48,506000,11.487
2026/04/29 15:44:48,507000,11.485
2026/04/29 15:44:48,508000,11.485
2026/04/29 15:44:48,509000,11.487
2026/04/29 15:44:48,510000,11.493
2026/04/29 15:44:48,511000,11.485
2026/04/29 15:44:48,512000,11.487
2026/04/29 15:44:48,513000,11.485
2026/04/29 15:44:48,514000,11.487
2026/04/29 15:44:48,515000,11.490
2026/04/29 15:44:48,516000,11.485
2026/04/29 15:44:48,517000,11.482
2026/04/29 15:44:48,518000,11.490
2026/04/29 15:44:48,519000,11.487
2026/04/29 15:44:48,520000,11.485
2026/04/29 15:44:48,521000,11.490
2026/04/29 15:44:48,522000,11.485
2026/04/29 15:44:48,523000,11.482
2026/04/29 15:44:48,524000,11.487
2026/04/29 15:44:48,525000,11.485
2026/04/29 15:44:48,526000,11.490
2026/04/29 15:44:48,527000,11.487
2026/04/29 15:44:48,528000,11.487
2026/04/29 15:44:48,529000,11.496
2026/04/29 15:44:48,530000,11.482
2026/04/29 15:44:48,531000,11.487
2026/04/29 15:44:48,532000,11.482
2026/04/29 15:44:48,533000,11.482
2026/04/29 15:44:48,534000,11.490
2026/04/29 15:44:48,535000,11.482
2026/04/29 15:44:48,536000,11.487
2026/04/29 15:44:48,537000,11.482
2026/04/29 15:44:48,538000,11.485
2026/04/29 15:44:48,539000,11.485
2026/04/29 15:44:48,540000,11.487
2026/04/29 15:44:48,541000,11.479
2026/04/29 15:44:48,542000,11.485
2026/04/29 15:44:48,543000,11.490
2026/04/29 15:44:48,544000,11.485
2026/04/29 15:44:48,545000,11.487
2026/04/29 15:44:48,546000,11.490
2026/04/29 15:44:48,547000,11.485
2026/04/29 15:44:48,548000,11.487
2026/04/29 15:44:48,549000,11.487
2026/04/29 15:44:48,550000,11.482
2026/04/29 15:44:48,551000,11.487
2026/04/29 15:44:48,552000,11.485
2026/04/29 15:44:48,553000,11.487
2026/04/29 15:44:48,554000,11.487
2026/04/29 15:44:48,555000,11.487
2026/04/29 15:44:48,556000,11.485
2026/04/29 15:44:48,557000,11.490
2026/04/29 15:44:48,558000,11.485
2026/04/29 15:44:48,559000,11.487
2026/04/29 15:44:48,560000,11.485
2026/04/29 15:44:48,561000,11.485
2026/04/29 15:44:48,562000,11.487
2026/04/29 15:44:48,563000,11.490
2026/04/29 15:44:48,564000,11.490
2026/04/29 15:44:48,565000,11.485
2026/04/29 15:44:48,566000,11.490
2026/04/29 15:44:48,567000,11.487
2026/04/29 15:44:48,568000,11.487
2026/04/29 15:44:48,569000,11.485
2026/04/29 15:44:48,570000,11.485
2026/04/29 15:44:48,571000,11.490
2026/04/29 15:44:48,572000,11.487
2026/04/29 15:44:48,573000,11.485
2026/04/29 15:44:48,574000,11.490
2026/04/29 15:44:48,575000,11.487
2026/04/29 15:44:48,576000,11.485
2026/04/29 15:44:48,577000,11.490
2026/04/29 15:44:48,578000,11.487
2026/04/29 15:44:48,579000,11.490
2026/04/29 15:44:48,580000,11.493
2026/04/29 15:44:48,581000,11.490
2026/04/29 15:44:48,582000,11.485
2026/04/29 15:44:48,583000,11.487
2026/04/29 15:44:48,584000,11.487
2026/04/29 15:44:48,585000,11.485
2026/04/29 15:44:48,586000,11.487
2026/04/29 15:44:48,587000,11.490
2026/04/29 15:44:48,588000,11.487
2026/04/29 15:44:48,589000,11.487
2026/04/29 15:44:48,590000,11.487
2026/04/29 15:44:48,591000,11.490
2026/04/29 15:44:48,592000,11.485
2026/04/29 15:44:48,593000,11.485
2026/04/29 15:44:48,594000,11.485
2026/04/29 15:44:48,595000,11.487
2026/04/29 15:44:48,596000,11.490
2026/04/29 15:44:48,597000,11.487
2026/04/29 15:44:48,598000,11.490
2026/04/29 15:44:48,599000,11.482
2026/04/29 15:44:48,600000,11.485
2026/04/29 15:44:48,601000,11.485
2026/04/29 15:44:48,602000,11.487
2026/04/29 15:44:48,603000,11.487
2026/04/29 15:44:48,604000,11.482
2026/04/29 15:44:48,605000,11.479
2026/04/29 15:44:48,606000,11.487
2026/04/29 15:44:48,607000,11.482
2026/04/29 15:44:48,608000,11.490
2026/04/29 15:44:48,609000,11.485
2026/04/29 15:44:48,610000,11.490
2026/04/29 15:44:48,611000,11.493
2026/04/29 15:44:48,612000,11.485
2026/04/29 15:44:48,613000,11.479
2026/04/29 15:44:48,614000,11.487
2026/04/29 15:44:48,615000,11.485
2026/04/29 15:44:48,616000,11.487
2026/04/29 15:44:48,617000,11.482
2026/04/29 15:44:48,618000,11.493
2026/04/29 15:44:48,619000,11.490
2026/04/29 15:44:48,620000,11.490
2026/04/29 15:44:48,621000,11.487
2026/04/29 15:44:48,622000,11.487
2026/04/29 15:44:48,623000,11.490
2026/04/29 15:44:48,624000,11.490
2026/04/29 15:44:48,625000,11.482
2026/04/29 15:44:48,626000,11.487
2026/04/29 15:44:48,627000,11.482
2026/04/29 15:44:48,628000,11.487
2026/04/29 15:44:48,629000,11.490
2026/04/29 15:44:48,630000,11.482
2026/04/29 15:44:48,631000,11.485
2026/04/29 15:44:48,632000,11.490
2026/04/29 15:44:48,633000,11.490
2026/04/29 15:44:48,634000,11.487
2026/04/29 15:44:48,635000,11.485
2026/04/29 15:44:48,636000,11.487
2026/04/29 15:44:48,637000,11.487
2026/04/29 15:44:48,638000,11.479
2026/04/29 15:44:48,639000,11.487
2026/04/29 15:44:48,640000,11.485
2026/04/29 15:44:48,641000,11.479
2026/04/29 15:44:48,642000,11.482
2026/04/29 15:44:48,643000,11.485
2026/04/29 15:44:48,644000,11.487
2026/04/29 15:44:48,645000,11.485
2026/04/29 15:44:48,646000,11.490
2026/04/29 15:44:48,647000,11.487
2026/04/29 15:44:48,648000,11.485
2026/04/29 15:44:48,649000,11.482
2026/04/29 15:44:48,650000,11.487
2026/04/29 15:44:48,651000,11.479
2026/04/29 15:44:48,652000,11.487
2026/04/29 15:44:48,653000,11.490
2026/04/29 15:44:48,654000,11.485
2026/04/29 15:44:48,655000,11.487
2026/04/29 15:44:48,656000,11.485
2026/04/29 15:44:48,657000,11.487
2026/04/29 15:44:48,658000,11.482
2026/04/29 15:44:48,659000,11.479
2026/04/29 15:44:48,660000,11.490
2026/04/29 15:44:48,661000,11.485
2026/04/29 15:44:48,662000,11.479
2026/04/29 15:44:48,663000,11.479
2026/04/29 15:44:48,664000,11.485
2026/04/29 15:44:48,665000,11.487
2026/04/29 15:44:48,666000,11.485
2026/04/29 15:44:48,667000,11.487
2026/04/29 15:44:48,668000,11.485
2026/04/29 15:44:48,669000,11.496
2026/04/29 15:44:48,670000,11.485
2026/04/29 15:44:48,671000,11.482
2026/04/29 15:44:48,672000,11.487
2026/04/29 15:44:48,673000,11.482
2026/04/29 15:44:48,674000,11.485
2026/04/29 15:44:48,675000,11.487
2026/04/29 15:44:48,676000,11.487
2026/04/29 15:44:48,677000,11.485
2026/04/29 15:44:48,678000,11.487
2026/04/29 15:44:48,679000,11.490
2026/04/29 15:44:48,680000,11.487
2026/04/29 15:44:48,681000,11.485
2026/04/29 15:44:48,682000,11.479
2026/04/29 15:44:48,683000,11.482
2026/04/29 15:44:48,684000,11.485
2026/04/29 15:44:48,685000,11.485
2026/04/29 15:44:48,686000,11.485
2026/04/29 15:44:48,687000,11.487
2026/04/29 15:44:48,688000,11.482
2026/04/29 15:44:48,689000,11.485
2026/04/29 15:44:48,690000,11.482
2026/04/29 15:44:48,691000,11.485
2026/04/29 15:44:48,692000,11.482
2026/04/29 15:44:48,693000,11.482
2026/04/29 15:44:48,694000,11.479
2026/04/29 15:44:48,695000,11.490
2026/04/29 15:44:48,696000,11.487
2026/04/29 15:44:48,697000,11.487
2026/04/29 15:44:48,698000,11.482
2026/04/29 15:44:48,699000,11.485
2026/04/29 15:44:48,700000,11.487
2026/04/29 15:44:48,701000,11.490
2026/04/29 15:44:48,702000,11.485
2026/04/29 15:44:48,703000,11.490
2026/04/29 15:44:48,704000,11.485
2026/04/29 15:44:48,705000,11.487
2026/04/29 15:44:48,706000,11.487
2026/04/29 15:44:48,707000,11.490
2026/04/29 15:44:48,708000,11.487
2026/04/29 15:44:48,709000,11.487
2026/04/29 15:44:48,710000,11.490
2026/04/29 15:44:48,711000,11.490
2026/04/29 15:44:48,712000,11.485
2026/04/29 15:44:48,713000,11.501
2026/04/29 15:44:48,714000,11.490
2026/04/29 15:44:48,715000,11.487
2026/04/29 15:44:48,716000,11.490
2026/04/29 15:44:48,717000,11.487
2026/04/29 15:44:48,718000,11.485
2026/04/29 15:44:48,719000,11.485
2026/04/29 15:44:48,720000,11.487
2026/04/29 15:44:48,721000,11.487
2026/04/29 15:44:48,722000,11.487
2026/04/29 15:44:48,723000,11.487
2026/04/29 15:44:48,724000,11.482
2026/04/29 15:44:48,725000,11.487
2026/04/29 15:44:48,726000,11.482
2026/04/29 15:44:48,727000,11.490
2026/04/29 15:44:48,728000,11.485
2026/04/29 15:44:48,729000,11.493
2026/04/29 15:44:48,730000,11.479
2026/04/29 15:44:48,731000,11.485
2026/04/29 15:44:48,732000,11.485
2026/04/29 15:44:48,733000,11.482
2026/04/29 15:44:48,734000,11.485
2026/04/29 15:44:48,735000,11.493
2026/04/29 15:44:48,736000,11.485
2026/04/29 15:44:48,737000,11.485
2026/04/29 15:44:48,738000,11.487
2026/04/29 15:44:48,739000,11.487
2026/04/29 15:44:48,740000,11.482
2026/04/29 15:44:48,741000,11.490
2026/04/29 15:44:48,742000,11.482
2026/04/29 15:44:48,743000,11.487
2026/04/29 15:44:48,744000,11.490
2026/04/29 15:44:48,745000,11.482
2026/04/29 15:44:48,746000,11.493
2026/04/29 15:44:48,747000,11.490
2026/04/29 15:44:48,748000,11.482
2026/04/29 15:44:48,749000,11.482
2026/04/29 15:44:48,750000,11.487
2026/04/29 15:44:48,751000,11.487
2026/04/29 15:44:48,752000,11.490
2026/04/29 15:44:48,753000,11.487
2026/04/29 15:44:48,754000,11.485
2026/04/29 15:44:48,755000,11.490
2026/04/29 15:44:48,756000,11.485
2026/04/29 15:44:48,757000,11.493
2026/04/29 15:44:48,758000,11.493
2026/04/29 15:44:48,759000,11.487
2026/04/29 15:44:48,760000,11.487
2026/04/29 15:44:48,761000,11.487
2026/04/29 15:44:48,762000,11.487
2026/04/29 15:44:48,763000,11.487
2026/04/29 15:44:48,764000,11.485
2026/04/29 15:44:48,765000,11.485
2026/04/29 15:44:48,766000,11.493
2026/04/29 15:44:48,767000,11.487
2026/04/29 15:44:48,768000,11.485
2026/04/29 15:44:48,769000,11.485
2026/04/29 15:44:48,770000,11.485
2026/04/29 15:44:48,771000,11.485
2026/04/29 15:44:48,772000,11.485
2026/04/29 15:44:48,773000,11.476
2026/04/29 15:44:48,774000,11.493
2026/04/29 15:44:48,775000,11.493
2026/04/29 15:44:48,776000,11.487
2026/04/29 15:44:48,777000,11.490
2026/04/29 15:44:48,778000,11.490
2026/04/29 15:44:48,779000,11.490
2026/04/29 15:44:48,780000,11.487
2026/04/29 15:44:48,781000,11.485
2026/04/29 15:44:48,782000,11.482
2026/04/29 15:44:48,783000,11.490
2026/04/29 15:44:48,784000,11.487
2026/04/29 15:44:48,785000,11.493
2026/04/29 15:44:48,786000,11.487
2026/04/29 15:44:48,787000,11.487
2026/04/29 15:44:48,788000,11.487
2026/04/29 15:44:48,789000,11.487
2026/04/29 15:44:48,790000,11.482
2026/04/29 15:44:48,791000,11.490
2026/04/29 15:44:48,792000,11.487
2026/04/29 15:44:48,793000,11.493
2026/04/29 15:44:48,794000,11.479
2026/04/29 15:44:48,795000,11.487
2026/04/29 15:44:48,796000,11.487
2026/04/29 15:44:48,797000,11.485
2026/04/29 15:44:48,798000,11.490
2026/04/29 15:44:48,799000,11.490
2026/04/29 15:44:48,800000,11.487
2026/04/29 15:44:48,801000,11.490
2026/04/29 15:44:48,802000,11.487
2026/04/29 15:44:48,803000,11.490
2026/04/29 15:44:48,804000,11.479
2026/04/29 15:44:48,805000,11.482
2026/04/29 15:44:48,806000,11.493
2026/04/29 15:44:48,807000,11.490
2026/04/29 15:44:48,808000,11.490
2026/04/29 15:44:48,809000,11.485
2026/04/29 15:44:48,810000,11.490
2026/04/29 15:44:48,811000,11.487
2026/04/29 15:44:48,812000,11.485
2026/04/29 15:44:48,813000,11.485
2026/04/29 15:44:48,814000,11.487
2026/04/29 15:44:48,815000,11.482
2026/04/29 15:44:48,816000,11.487
2026/04/29 15:44:48,817000,11.487
2026/04/29 15:44:48,818000,11.487
2026/04/29 15:44:48,819000,11.482
2026/04/29 15:44:48,820000,11.485
2026/04/29 15:44:48,821000,11.490
2026/04/29 15:44:48,822000,11.496
2026/04/29 15:44:48,823000,11.485
2026/04/29 15:44:48,824000,11.490
2026/04/29 15:44:48,825000,11.487
2026/04/29 15:44:48,826000,11.485
2026/04/29 15:44:48,827000,11.493
2026/04/29 15:44:48,828000,11.487
2026/04/29 15:44:48,829000,11.487
2026/04/29 15:44:48,830000,11.487
2026/04/29 15:44:48,831000,11.487
2026/04/29 15:44:48,832000,11.490
2026/04/29 15:44:48,833000,11.487
2026/04/29 15:44:48,834000,11.487
2026/04/29 15:44:48,835000,11.490
2026/04/29 15:44:48,836000,11.485
2026/04/29 15:44:48,837000,11.487
2026/04/29 15:44:48,838000,11.490
2026/04/29 15:44:48,839000,11.487
2026/04/29 15:44:48,840000,11.490
2026/04/29 15:44:48,841000,11.485
2026/04/29 15:44:48,842000,11.490
2026/04/29 15:44:48,843000,11.490
2026/04/29 15:44:48,844000,11.485
2026/04/29 15:44:48,845000,11.487
2026/04/29 15:44:48,846000,11.487
2026/04/29 15:44:48,847000,11.487
2026/04/29 15:44:48,848000,11.487
2026/04/29 15:44:48,849000,11.479
2026/04/29 15:44:48,850000,11.487
2026/04/29 15:44:48,851000,11.487
2026/04/29 15:44:48,852000,11.482
2026/04/29 15:44:48,853000,11.487
2026/04/29 15:44:48,854000,11.487
2026/04/29 15:44:48,855000,11.487
2026/04/29 15:44:48,856000,11.487
2026/04/29 15:44:48,857000,11.487
2026/04/29 15:44:48,858000,11.493
2026/04/29 15:44:48,859000,11.490
2026/04/29 15:44:48,860000,11.490
2026/04/29 15:44:48,861000,11.493
2026/04/29 15:44:48,862000,11.490
2026/04/29 15:44:48,863000,11.487
2026/04/29 15:44:48,864000,11.487
2026/04/29 15:44:48,865000,11.485
2026/04/29 15:44:48,866000,11.487
2026/04/29 15:44:48,867000,11.490
2026/04/29 15:44:48,868000,11.490
2026/04/29 15:44:48,869000,11.493
2026/04/29 15:44:48,870000,11.487
2026/04/29 15:44:48,871000,11.487
2026/04/29 15:44:48,872000,11.482
2026/04/29 15:44:48,873000,11.487
2026/04/29 15:44:48,874000,11.482
2026/04/29 15:44:48,875000,11.479
2026/04/29 15:44:48,876000,11.490
2026/04/29 15:44:48,877000,11.485
2026/04/29 15:44:48,878000,11.490
2026/04/29 15:44:48,879000,11.490
2026/04/29 15:44:48,880000,11.485
2026/04/29 15:44:48,881000,11.487
2026/04/29 15:44:48,882000,11.487
2026/04/29 15:44:48,883000,11.493
2026/04/29 15:44:48,884000,11.490
2026/04/29 15:44:48,885000,11.490
2026/04/29 15:44:48,886000,11.493
2026/04/29 15:44:48,887000,11.482
2026/04/29 15:44:48,888000,11.487
2026/04/29 15:44:48,889000,11.487
2026/04/29 15:44:48,890000,11.490
2026/04/29 15:44:48,891000,11.490
2026/04/29 15:44:48,892000,11.487
2026/04/29 15:44:48,893000,11.487
2026/04/29 15:44:48,894000,11.485
2026/04/29 15:44:48,895000,11.490
2026/04/29 15:44:48,896000,11.479
2026/04/29 15:44:48,897000,11.493
2026/04/29 15:44:48,898000,11.493
2026/04/29 15:44:48,899000,11.487
2026/04/29 15:44:48,900000,11.482
2026/04/29 15:44:48,901000,11.487
2026/04/29 15:44:48,902000,11.482
2026/04/29 15:44:48,903000,11.487
2026/04/29 15:44:48,904000,11.490
2026/04/29 15:44:48,905000,11.493
2026/04/29 15:44:48,906000,11.485
2026/04/29 15:44:48,907000,11.490
2026/04/29 15:44:48,908000,11.485
2026/04/29 15:44:48,909000,11.490
2026/04/29 15:44:48,910000,11.493
2026/04/29 15:44:48,911000,11.490
2026/04/29 15:44:48,912000,11.487
2026/04/29 15:44:48,913000,11.485
2026/04/29 15:44:48,914000,11.490
2026/04/29 15:44:48,915000,11.490
2026/04/29 15:44:48,916000,11.487
2026/04/29 15:44:48,917000,11.490
2026/04/29 15:44:48,918000,11.490
2026/04/29 15:44:48,919000,11.487
2026/04/29 15:44:48,920000,11.490
2026/04/29 15:44:48,921000,11.482
2026/04/29 15:44:48,922000,11.487
2026/04/29 15:44:48,923000,11.496
2026/04/29 15:44:48,924000,11.487
2026/04/29 15:44:48,925000,11.493
2026/04/29 15:44:48,926000,11.487
2026/04/29 15:44:48,927000,11.490
2026/04/29 15:44:48,928000,11.487
2026/04/29 15:44:48,929000,11.485
2026/04/29 15:44:48,930000,11.490
2026/04/29 15:44:48,931000,11.487
2026/04/29 15:44:48,932000,11.487
2026/04/29 15:44:48,933000,11.490
2026/04/29 15:44:48,934000,11.485
2026/04/29 15:44:48,935000,11.487
2026/04/29 15:44:48,936000,11.487
2026/04/29 15:44:48,937000,11.487
2026/04/29 15:44:48,938000,11.490
2026/04/29 15:44:48,939000,11.490
2026/04/29 15:44:48,940000,11.487
2026/04/29 15:44:48,941000,11.490
2026/04/29 15:44:48,942000,11.482
2026/04/29 15:44:48,943000,11.487
2026/04/29 15:44:48,944000,11.490
2026/04/29 15:44:48,945000,11.493
2026/04/29 15:44:48,946000,11.482
2026/04/29 15:44:48,947000,11.485
2026/04/29 15:44:48,948000,11.485
2026/04/29 15:44:48,949000,11.487
2026/04/29 15:44:48,950000,11.490
2026/04/29 15:44:48,951000,11.490
2026/04/29 15:44:48,952000,11.490
2026/04/29 15:44:48,953000,11.487
2026/04/29 15:44:48,954000,11.487
2026/04/29 15:44:48,955000,11.487
2026/04/29 15:44:48,956000,11.487
2026/04/29 15:44:48,957000,11.485
2026/04/29 15:44:48,958000,11.485
2026/04/29 15:44:48,959000,11.493
2026/04/29 15:44:48,960000,11.482
2026/04/29 15:44:48,961000,11.490
2026/04/29 15:44:48,962000,11.490
2026/04/29 15:44:48,963000,11.490
2026/04/29 15:44:48,964000,11.482
2026/04/29 15:44:48,965000,11.487
2026/04/29 15:44:48,966000,11.490
2026/04/29 15:44:48,967000,11.485
2026/04/29 15:44:48,968000,11.490
2026/04/29 15:44:48,969000,11.490
2026/04/29 15:44:48,970000,11.485
2026/04/29 15:44:48,971000,11.485
2026/04/29 15:44:48,972000,11.499
2026/04/29 15:44:48,973000,11.490
2026/04/29 15:44:48,974000,11.485
2026/04/29 15:44:48,975000,11.487
2026/04/29 15:44:48,976000,11.487
2026/04/29 15:44:48,977000,11.485
2026/04/29 15:44:48,978000,11.482
2026/04/29 15:44:48,979000,11.485
2026/04/29 15:44:48,980000,11.485
2026/04/29 15:44:48,981000,11.490
2026/04/29 15:44:48,982000,11.487
2026/04/29 15:44:48,983000,11.487
2026/04/29 15:44:48,984000,11.493
2026/04/29 15:44:48,985000,11.485
2026/04/29 15:44:48,986000,11.493
2026/04/29 15:44:48,987000,11.482
2026/04/29 15:44:48,988000,11.487
2026/04/29 15:44:48,989000,11.487
2026/04/29 15:44:48,990000,11.482
2026/04/29 15:44:48,991000,11.493
2026/04/29 15:44:48,992000,11.485
2026/04/29 15:44:48,993000,11.485
2026/04/29 15:44:48,994000,11.482
2026/04/29 15:44:48,995000,11.487
2026/04/29 15:44:48,996000,11.487
2026/04/29 15:44:48,997000,11.485
2026/04/29 15:44:48,998000,11.487
2026/04/29 15:44:48,999000,11.487
2026/04/29 15:44:49,000000,11.490
2026/04/29 15:44:49,001000,11.490
2026/04/29 15:44:49,002000,11.487
2026/04/29 15:44:49,003000,11.487
2026/04/29 15:44:49,004000,11.482
2026/04/29 15:44:49,005000,11.485
2026/04/29 15:44:49,006000,11.482
2026/04/29 15:44:49,007000,11.485
2026/04/29 15:44:49,008000,11.487
2026/04/29 15:44:49,009000,11.487
2026/04/29 15:44:49,010000,11.485
2026/04/29 15:44:49,011000,11.490
2026/04/29 15:44:49,012000,11.487
2026/04/29 15:44:49,013000,11.485
2026/04/29 15:44:49,014000,11.490
2026/04/29 15:44:49,015000,11.485
2026/04/29 15:44:49,016000,11.487
2026/04/29 15:44:49,017000,11.490
2026/04/29 15:44:49,018000,11.485
2026/04/29 15:44:49,019000,11.487
2026/04/29 15:44:49,020000,11.487
2026/04/29 15:44:49,021000,11.490
2026/04/29 15:44:49,022000,11.487
2026/04/29 15:44:49,023000,11.485
2026/04/29 15:44:49,024000,11.485
2026/04/29 15:44:49,025000,11.487
2026/04/29 15:44:49,026000,11.493
2026/04/29 15:44:49,027000,11.490
2026/04/29 15:44:49,028000,11.485
2026/04/29 15:44:49,029000,11.485
2026/04/29 15:44:49,030000,11.485
2026/04/29 15:44:49,031000,11.485
2026/04/29 15:44:49,032000,11.482
2026/04/29 15:44:49,033000,11.487
2026/04/29 15:44:49,034000,11.485
2026/04/29 15:44:49,035000,11.487
2026/04/29 15:44:49,036000,11.485
2026/04/29 15:44:49,037000,11.487
2026/04/29 15:44:49,038000,11.487
2026/04/29 15:44:49,039000,11.487
2026/04/29 15:44:49,040000,11.487
2026/04/29 15:44:49,041000,11.487
2026/04/29 15:44:49,042000,11.487
2026/04/29 15:44:49,043000,11.485
2026/04/29 15:44:49,044000,11.487
2026/04/29 15:44:49,045000,11.490
2026/04/29 15:44:49,046000,11.482
2026/04/29 15:44:49,047000,11.487
2026/04/29 15:44:49,048000,11.487
2026/04/29 15:44:49,049000,11.479
2026/04/29 15:44:49,050000,11.485
2026/04/29 15:44:49,051000,11.482
2026/04/29 15:44:49,052000,11.487
2026/04/29 15:44:49,053000,11.485
2026/04/29 15:44:49,054000,11.482
2026/04/29 15:44:49,055000,11.487
2026/04/29 15:44:49,056000,11.482
2026/04/29 15:44:49,057000,11.487
2026/04/29 15:44:49,058000,11.487
2026/04/29 15:44:49,059000,11.485
2026/04/29 15:44:49,060000,11.487
2026/04/29 15:44:49,061000,11.485
2026/04/29 15:44:49,062000,11.490
2026/04/29 15:44:49,063000,11.482
2026/04/29 15:44:49,064000,11.482
2026/04/29 15:44:49,065000,11.490
2026/04/29 15:44:49,066000,11.482
2026/04/29 15:44:49,067000,11.485
2026/04/29 15:44:49,068000,11.487
2026/04/29 15:44:49,069000,11.485
2026/04/29 15:44:49,070000,11.476
2026/04/29 15:44:49,071000,11.487
2026/04/29 15:44:49,072000,11.487
2026/04/29 15:44:49,073000,11.485
2026/04/29 15:44:49,074000,11.490
2026/04/29 15:44:49,075000,11.487
2026/04/29 15:44:49,076000,11.487
2026/04/29 15:44:49,077000,11.487
2026/04/29 15:44:49,078000,11.490
2026/04/29 15:44:49,079000,11.487
2026/04/29 15:44:49,080000,11.487
2026/04/29 15:44:49,081000,11.487
2026/04/29 15:44:49,082000,11.482
2026/04/29 15:44:49,083000,11.485
2026/04/29 15:44:49,084000,11.487
2026/04/29 15:44:49,085000,11.482
2026/04/29 15:44:49,086000,11.485
2026/04/29 15:44:49,087000,11.490
2026/04/29 15:44:49,088000,11.485
2026/04/29 15:44:49,089000,11.485
2026/04/29 15:44:49,090000,11.485
2026/04/29 15:44:49,091000,11.496
2026/04/29 15:44:49,092000,11.487
2026/04/29 15:44:49,093000,11.485
2026/04/29 15:44:49,094000,11.487
2026/04/29 15:44:49,095000,11.482
2026/04/29 15:44:49,096000,11.482
2026/04/29 15:44:49,097000,11.487
2026/04/29 15:44:49,098000,11.487
2026/04/29 15:44:49,099000,11.485
2026/04/29 15:44:49,100000,11.485
2026/04/29 15:44:49,101000,11.490
2026/04/29 15:44:49,102000,11.487
2026/04/29 15:44:49,103000,11.482
2026/04/29 15:44:49,104000,11.490
2026/04/29 15:44:49,105000,11.487
2026/04/29 15:44:49,106000,11.490
2026/04/29 15:44:49,107000,11.487
2026/04/29 15:44:49,108000,11.487
2026/04/29 15:44:49,109000,11.496
2026/04/29 15:44:49,110000,11.485
2026/04/29 15:44:49,111000,11.482
2026/04/29 15:44:49,112000,11.490
2026/04/29 15:44:49,113000,11.482
2026/04/29 15:44:49,114000,11.479
2026/04/29 15:44:49,115000,11.479
2026/04/29 15:44:49,116000,11.490
2026/04/29 15:44:49,117000,11.482
2026/04/29 15:44:49,118000,11.493
2026/04/29 15:44:49,119000,11.487
2026/04/29 15:44:49,120000,11.487
2026/04/29 15:44:49,121000,11.490
2026/04/29 15:44:49,122000,11.482
2026/04/29 15:44:49,123000,11.493
2026/04/29 15:44:49,124000,11.487
2026/04/29 15:44:49,125000,11.490
2026/04/29 15:44:49,126000,11.485
2026/04/29 15:44:49,127000,11.482
2026/04/29 15:44:49,128000,11.485
2026/04/29 15:44:49,129000,11.490
2026/04/29 15:44:49,130000,11.490
2026/04/29 15:44:49,131000,11.490
2026/04/29 15:44:49,132000,11.487
2026/04/29 15:44:49,133000,11.479
2026/04/29 15:44:49,134000,11.482
2026/04/29 15:44:49,135000,11.487
2026/04/29 15:44:49,136000,11.485
2026/04/29 15:44:49,137000,11.485
2026/04/29 15:44:49,138000,11.479
2026/04/29 15:44:49,139000,11.487
2026/04/29 15:44:49,140000,11.482
2026/04/29 15:44:49,141000,11.487
2026/04/29 15:44:49,142000,11.490
2026/04/29 15:44:49,143000,11.490
2026/04/29 15:44:49,144000,11.487
2026/04/29 15:44:49,145000,11.493
2026/04/29 15:44:49,146000,11.482
2026/04/29 15:44:49,147000,11.485
2026/04/29 15:44:49,148000,11.487
2026/04/29 15:44:49,149000,11.487
2026/04/29 15:44:49,150000,11.479
2026/04/29 15:44:49,151000,11.482
2026/04/29 15:44:49,152000,11.485
2026/04/29 15:44:49,153000,11.485
2026/04/29 15:44:49,154000,11.482
2026/04/29 15:44:49,155000,11.482
2026/04/29 15:44:49,156000,11.482
2026/04/29 15:44:49,157000,11.482
2026/04/29 15:44:49,158000,11.487
2026/04/29 15:44:49,159000,11.485
2026/04/29 15:44:49,160000,11.490
2026/04/29 15:44:49,161000,11.487
2026/04/29 15:44:49,162000,11.490
2026/04/29 15:44:49,163000,11.482
2026/04/29 15:44:49,164000,11.487
2026/04/29 15:44:49,165000,11.482
2026/04/29 15:44:49,166000,11.490
2026/04/29 15:44:49,167000,11.487
2026/04/29 15:44:49,168000,11.485
2026/04/29 15:44:49,169000,11.485
2026/04/29 15:44:49,170000,11.485
2026/04/29 15:44:49,171000,11.482
2026/04/29 15:44:49,172000,11.485
2026/04/29 15:44:49,173000,11.482
2026/04/29 15:44:49,174000,11.487
2026/04/29 15:44:49,175000,11.485
2026/04/29 15:44:49,176000,11.490
2026/04/29 15:44:49,177000,11.482
2026/04/29 15:44:49,178000,11.482
2026/04/29 15:44:49,179000,11.487
2026/04/29 15:44:49,180000,11.490
2026/04/29 15:44:49,181000,11.482
2026/04/29 15:44:49,182000,11.490
2026/04/29 15:44:49,183000,11.479
2026/04/29 15:44:49,184000,11.493
2026/04/29 15:44:49,185000,11.487
2026/04/29 15:44:49,186000,11.482
2026/04/29 15:44:49,187000,11.482
2026/04/29 15:44:49,188000,11.490
2026/04/29 15:44:49,189000,11.485
2026/04/29 15:44:49,190000,11.485
2026/04/29 15:44:49,191000,11.485
2026/04/29 15:44:49,192000,11.485
2026/04/29 15:44:49,193000,11.487
2026/04/29 15:44:49,194000,11.479
2026/04/29 15:44:49,195000,11.485
2026/04/29 15:44:49,196000,11.487
2026/04/29 15:44:49,197000,11.485
2026/04/29 15:44:49,198000,11.490
2026/04/29 15:44:49,199000,11.487
2026/04/29 15:44:49,200000,11.487
2026/04/29 15:44:49,201000,11.487
2026/04/29 15:44:49,202000,11.490
2026/04/29 15:44:49,203000,11.487
2026/04/29 15:44:49,204000,11.485
2026/04/29 15:44:49,205000,11.487
2026/04/29 15:44:49,206000,11.485
2026/04/29 15:44:49,207000,11.485
2026/04/29 15:44:49,208000,11.479
2026/04/29 15:44:49,209000,11.490
2026/04/29 15:44:49,210000,11.487
2026/04/29 15:44:49,211000,11.487
2026/04/29 15:44:49,212000,11.482
2026/04/29 15:44:49,213000,11.482
2026/04/29 15:44:49,214000,11.487
2026/04/29 15:44:49,215000,11.487
2026/04/29 15:44:49,216000,11.490
2026/04/29 15:44:49,217000,11.482
2026/04/29 15:44:49,218000,11.487
2026/04/29 15:44:49,219000,11.485
2026/04/29 15:44:49,220000,11.487
2026/04/29 15:44:49,221000,11.485
2026/04/29 15:44:49,222000,11.485
2026/04/29 15:44:49,223000,11.487
2026/04/29 15:44:49,224000,11.482
2026/04/29 15:44:49,225000,11.482
2026/04/29 15:44:49,226000,11.493
2026/04/29 15:44:49,227000,11.485
2026/04/29 15:44:49,228000,11.487
2026/04/29 15:44:49,229000,11.487
2026/04/29 15:44:49,230000,11.487
2026/04/29 15:44:49,231000,11.482
2026/04/29 15:44:49,232000,11.485
2026/04/29 15:44:49,233000,11.487
2026/04/29 15:44:49,234000,11.485
2026/04/29 15:44:49,235000,11.485
2026/04/29 15:44:49,236000,11.485
2026/04/29 15:44:49,237000,11.487
2026/04/29 15:44:49,238000,11.482
2026/04/29 15:44:49,239000,11.487
2026/04/29 15:44:49,240000,11.485
2026/04/29 15:44:49,241000,11.490
2026/04/29 15:44:49,242000,11.490
2026/04/29 15:44:49,243000,11.485
2026/04/29 15:44:49,244000,11.490
2026/04/29 15:44:49,245000,11.487
2026/04/29 15:44:49,246000,11.487
2026/04/29 15:44:49,247000,11.490
2026/04/29 15:44:49,248000,11.487
2026/04/29 15:44:49,249000,11.487
2026/04/29 15:44:49,250000,11.485
2026/04/29 15:44:49,251000,11.485
2026/04/29 15:44:49,252000,11.485
2026/04/29 15:44:49,253000,11.490
2026/04/29 15:44:49,254000,11.485
2026/04/29 15:44:49,255000,11.487
2026/04/29 15:44:49,256000,11.485
2026/04/29 15:44:49,257000,11.490
2026/04/29 15:44:49,258000,11.485
2026/04/29 15:44:49,259000,11.479
2026/04/29 15:44:49,260000,11.485
2026/04/29 15:44:49,261000,11.487
2026/04/29 15:44:49,262000,11.485
2026/04/29 15:44:49,263000,11.490
2026/04/29 15:44:49,264000,11.482
2026/04/29 15:44:49,265000,11.490
2026/04/29 15:44:49,266000,11.487
2026/04/29 15:44:49,267000,11.485
2026/04/29 15:44:49,268000,11.487
2026/04/29 15:44:49,269000,11.485
2026/04/29 15:44:49,270000,11.482
2026/04/29 15:44:49,271000,11.485
2026/04/29 15:44:49,272000,11.482
2026/04/29 15:44:49,273000,11.487
2026/04/29 15:44:49,274000,11.490
2026/04/29 15:44:49,275000,11.485
2026/04/29 15:44:49,276000,11.490
2026/04/29 15:44:49,277000,11.490
2026/04/29 15:44:49,278000,11.490
2026/04/29 15:44:49,279000,11.482
2026/04/29 15:44:49,280000,11.482
2026/04/29 15:44:49,281000,11.487
2026/04/29 15:44:49,282000,11.479
2026/04/29 15:44:49,283000,11.490
2026/04/29 15:44:49,284000,11.487
2026/04/29 15:44:49,285000,11.487
2026/04/29 15:44:49,286000,11.482
2026/04/29 15:44:49,287000,11.485
2026/04/29 15:44:49,288000,11.487
2026/04/29 15:44:49,289000,11.490
2026/04/29 15:44:49,290000,11.487
2026/04/29 15:44:49,291000,11.490
2026/04/29 15:44:49,292000,11.487
2026/04/29 15:44:49,293000,11.485
2026/04/29 15:44:49,294000,11.490
2026/04/29 15:44:49,295000,11.493
2026/04/29 15:44:49,296000,11.493
2026/04/29 15:44:49,297000,11.493
2026/04/29 15:44:49,298000,11.487
2026/04/29 15:44:49,299000,11.493
2026/04/29 15:44:49,300000,11.482
2026/04/29 15:44:49,301000,11.487
2026/04/29 15:44:49,302000,11.490
2026/04/29 15:44:49,303000,11.485
2026/04/29 15:44:49,304000,11.485
2026/04/29 15:44:49,305000,11.487
2026/04/29 15:44:49,306000,11.493
2026/04/29 15:44:49,307000,11.490
2026/04/29 15:44:49,308000,11.490
2026/04/29 15:44:49,309000,11.485
2026/04/29 15:44:49,310000,11.487
2026/04/29 15:44:49,311000,11.487
2026/04/29 15:44:49,312000,11.487
2026/04/29 15:44:49,313000,11.487
2026/04/29 15:44:49,314000,11.485
2026/04/29 15:44:49,315000,11.485
2026/04/29 15:44:49,316000,11.482
2026/04/29 15:44:49,317000,11.487
2026/04/29 15:44:49,318000,11.490
2026/04/29 15:44:49,319000,11.487
2026/04/29 15:44:49,320000,11.487
2026/04/29 15:44:49,321000,11.482
2026/04/29 15:44:49,322000,11.487
2026/04/29 15:44:49,323000,11.487
2026/04/29 15:44:49,324000,11.485
2026/04/29 15:44:49,325000,11.487
2026/04/29 15:44:49,326000,11.487
2026/04/29 15:44:49,327000,11.487
2026/04/29 15:44:49,328000,11.485
2026/04/29 15:44:49,329000,11.485
2026/04/29 15:44:49,330000,11.493
2026/04/29 15:44:49,331000,11.487
2026/04/29 15:44:49,332000,11.496
2026/04/29 15:44:49,333000,11.490
2026/04/29 15:44:49,334000,11.485
2026/04/29 15:44:49,335000,11.485
2026/04/29 15:44:49,336000,11.496
2026/04/29 15:44:49,337000,11.490
2026/04/29 15:44:49,338000,11.487
2026/04/29 15:44:49,339000,11.487
2026/04/29 15:44:49,340000,11.485
2026/04/29 15:44:49,341000,11.490
2026/04/29 15:44:49,342000,11.487
2026/04/29 15:44:49,343000,11.490
2026/04/29 15:44:49,344000,11.485
2026/04/29 15:44:49,345000,11.490
2026/04/29 15:44:49,346000,11.490
2026/04/29 15:44:49,347000,11.490
2026/04/29 15:44:49,348000,11.490
2026/04/29 15:44:49,349000,11.493
2026/04/29 15:44:49,350000,11.487
2026/04/29 15:44:49,351000,11.487
2026/04/29 15:44:49,352000,11.487
2026/04/29 15:44:49,353000,11.487
2026/04/29 15:44:49,354000,11.490
2026/04/29 15:44:49,355000,11.485
2026/04/29 15:44:49,356000,11.487
2026/04/29 15:44:49,357000,11.482
2026/04/29 15:44:49,358000,11.490
2026/04/29 15:44:49,359000,11.487
2026/04/29 15:44:49,360000,11.485
2026/04/29 15:44:49,361000,11.487
2026/04/29 15:44:49,362000,11.490
2026/04/29 15:44:49,363000,11.493
2026/04/29 15:44:49,364000,11.493
2026/04/29 15:44:49,365000,11.487
2026/04/29 15:44:49,366000,11.487
2026/04/29 15:44:49,367000,11.487
2026/04/29 15:44:49,368000,11.487
2026/04/29 15:44:49,369000,11.487
2026/04/29 15:44:49,370000,11.487
2026/04/29 15:44:49,371000,11.490
2026/04/29 15:44:49,372000,11.485
2026/04/29 15:44:49,373000,11.493
2026/04/29 15:44:49,374000,11.485
2026/04/29 15:44:49,375000,11.490
2026/04/29 15:44:49,376000,11.487
2026/04/29 15:44:49,377000,11.487
2026/04/29 15:44:49,378000,11.493
2026/04/29 15:44:49,379000,11.490
2026/04/29 15:44:49,380000,11.493
2026/04/29 15:44:49,381000,11.490
2026/04/29 15:44:49,382000,11.493
2026/04/29 15:44:49,383000,11.485
2026/04/29 15:44:49,384000,11.490
2026/04/29 15:44:49,385000,11.490
2026/04/29 15:44:49,386000,11.485
2026/04/29 15:44:49,387000,11.490
2026/04/29 15:44:49,388000,11.485
2026/04/29 15:44:49,389000,11.482
2026/04/29 15:44:49,390000,11.487
2026/04/29 15:44:49,391000,11.485
2026/04/29 15:44:49,392000,11.482
2026/04/29 15:44:49,393000,11.490
2026/04/29 15:44:49,394000,11.487
2026/04/29 15:44:49,395000,11.493
2026/04/29 15:44:49,396000,11.490
2026/04/29 15:44:49,397000,11.487
2026/04/29 15:44:49,398000,11.482
2026/04/29 15:44:49,399000,11.487
2026/04/29 15:44:49,400000,11.493
2026/04/29 15:44:49,401000,11.490
2026/04/29 15:44:49,402000,11.493
2026/04/29 15:44:49,403000,11.487
2026/04/29 15:44:49,404000,11.490
2026/04/29 15:44:49,405000,11.487
2026/04/29 15:44:49,406000,11.490
2026/04/29 15:44:49,407000,11.482
2026/04/29 15:44:49,408000,11.487
2026/04/29 15:44:49,409000,11.490
2026/04/29 15:44:49,410000,11.485
2026/04/29 15:44:49,411000,11.487
2026/04/29 15:44:49,412000,11.490
2026/04/29 15:44:49,413000,11.490
2026/04/29 15:44:49,414000,11.490
2026/04/29 15:44:49,415000,11.504
2026/04/29 15:44:49,416000,11.485
2026/04/29 15:44:49,417000,11.482
2026/04/29 15:44:49,418000,11.487
2026/04/29 15:44:49,419000,11.490
2026/04/29 15:44:49,420000,11.490
2026/04/29 15:44:49,421000,11.493
2026/04/29 15:44:49,422000,11.485
2026/04/29 15:44:49,423000,11.490
2026/04/29 15:44:49,424000,11.485
2026/04/29 15:44:49,425000,11.487
2026/04/29 15:44:49,426000,11.485
2026/04/29 15:44:49,427000,11.482
2026/04/29 15:44:49,428000,11.487
2026/04/29 15:44:49,429000,11.490
2026/04/29 15:44:49,430000,11.493
2026/04/29 15:44:49,431000,11.490
2026/04/29 15:44:49,432000,11.493
2026/04/29 15:44:49,433000,11.487
2026/04/29 15:44:49,434000,11.487
2026/04/29 15:44:49,435000,11.490
2026/04/29 15:44:49,436000,11.490
2026/04/29 15:44:49,437000,11.490
2026/04/29 15:44:49,438000,11.485
2026/04/29 15:44:49,439000,11.479
2026/04/29 15:44:49,440000,11.487
2026/04/29 15:44:49,441000,11.490
2026/04/29 15:44:49,442000,11.482
2026/04/29 15:44:49,443000,11.493
2026/04/29 15:44:49,444000,11.487
2026/04/29 15:44:49,445000,11.490
2026/04/29 15:44:49,446000,11.487
2026/04/29 15:44:49,447000,11.490
2026/04/29 15:44:49,448000,11.487
2026/04/29 15:44:49,449000,11.485
2026/04/29 15:44:49,450000,11.490
2026/04/29 15:44:49,451000,11.482
2026/04/29 15:44:49,452000,11.485
2026/04/29 15:44:49,453000,11.490
2026/04/29 15:44:49,454000,11.485
2026/04/29 15:44:49,455000,11.487
2026/04/29 15:44:49,456000,11.493
2026/04/29 15:44:49,457000,11.482
2026/04/29 15:44:49,458000,11.487
2026/04/29 15:44:49,459000,11.490
2026/04/29 15:44:49,460000,11.487
2026/04/29 15:44:49,461000,11.487
2026/04/29 15:44:49,462000,11.490
2026/04/29 15:44:49,463000,11.490
2026/04/29 15:44:49,464000,11.485
2026/04/29 15:44:49,465000,11.490
2026/04/29 15:44:49,466000,11.493
2026/04/29 15:44:49,467000,11.490
2026/04/29 15:44:49,468000,11.487
2026/04/29 15:44:49,469000,11.482
2026/04/29 15:44:49,470000,11.485
2026/04/29 15:44:49,471000,11.490
2026/04/29 15:44:49,472000,11.482
2026/04/29 15:44:49,473000,11.490
2026/04/29 15:44:49,474000,11.487
2026/04/29 15:44:49,475000,11.490
2026/04/29 15:44:49,476000,11.482
2026/04/29 15:44:49,477000,11.485
2026/04/29 15:44:49,478000,11.485
2026/04/29 15:44:49,479000,11.490
2026/04/29 15:44:49,480000,11.490
2026/04/29 15:44:49,481000,11.490
2026/04/29 15:44:49,482000,11.490
2026/04/29 15:44:49,483000,11.490
2026/04/29 15:44:49,484000,11.493
2026/04/29 15:44:49,485000,11.487
2026/04/29 15:44:49,486000,11.490
2026/04/29 15:44:49,487000,11.487
2026/04/29 15:44:49,488000,11.493
2026/04/29 15:44:49,489000,11.482
2026/04/29 15:44:49,490000,11.496
2026/04/29 15:44:49,491000,11.490
2026/04/29 15:44:49,492000,11.487
2026/04/29 15:44:49,493000,11.485
2026/04/29 15:44:49,494000,11.482
2026/04/29 15:44:49,495000,11.490
2026/04/29 15:44:49,496000,11.485
2026/04/29 15:44:49,497000,11.490
2026/04/29 15:44:49,498000,11.490
2026/04/29 15:44:49,499000,11.487
2026/04/29 15:44:49,500000,11.487
2026/04/29 15:44:49,501000,11.490
2026/04/29 15:44:49,502000,11.485
2026/04/29 15:44:49,503000,11.493
2026/04/29 15:44:49,504000,11.493
2026/04/29 15:44:49,505000,11.487
2026/04/29 15:44:49,506000,11.487
2026/04/29 15:44:49,507000,11.485
2026/04/29 15:44:49,508000,11.485
2026/04/29 15:44:49,509000,11.479
2026/04/29 15:44:49,510000,11.479
2026/04/29 15:44:49,511000,11.482
2026/04/29 15:44:49,512000,11.485
2026/04/29 15:44:49,513000,11.493
2026/04/29 15:44:49,514000,11.487
2026/04/29 15:44:49,515000,11.485
2026/04/29 15:44:49,516000,11.487
2026/04/29 15:44:49,517000,11.487
2026/04/29 15:44:49,518000,11.485
2026/04/29 15:44:49,519000,11.487
2026/04/29 15:44:49,520000,11.487
2026/04/29 15:44:49,521000,11.479
2026/04/29 15:44:49,522000,11.490
2026/04/29 15:44:49,523000,11.490
2026/04/29 15:44:49,524000,11.490
2026/04/29 15:44:49,525000,11.490
2026/04/29 15:44:49,526000,11.490
2026/04/29 15:44:49,527000,11.485
2026/04/29 15:44:49,528000,11.487
2026/04/29 15:44:49,529000,11.493
2026/04/29 15:44:49,530000,11.485
2026/04/29 15:44:49,531000,11.485
2026/04/29 15:44:49,532000,11.493
2026/04/29 15:44:49,533000,11.490
2026/04/29 15:44:49,534000,11.485
2026/04/29 15:44:49,535000,11.493
2026/04/29 15:44:49,536000,11.487
2026/04/29 15:44:49,537000,11.487
2026/04/29 15:44:49,538000,11.487
2026/04/29 15:44:49,539000,11.485
2026/04/29 15:44:49,540000,11.482
2026/04/29 15:44:49,541000,11.487
2026/04/29 15:44:49,542000,11.487
2026/04/29 15:44:49,543000,11.485
2026/04/29 15:44:49,544000,11.479
2026/04/29 15:44:49,545000,11.487
2026/04/29 15:44:49,546000,11.482
2026/04/29 15:44:49,547000,11.482
2026/04/29 15:44:49,548000,11.487
2026/04/29 15:44:49,549000,11.487
2026/04/29 15:44:49,550000,11.487
2026/04/29 15:44:49,551000,11.485
2026/04/29 15:44:49,552000,11.487
2026/04/29 15:44:49,553000,11.490
2026/04/29 15:44:49,554000,11.482
2026/04/29 15:44:49,555000,11.485
2026/04/29 15:44:49,556000,11.487
2026/04/29 15:44:49,557000,11.482
2026/04/29 15:44:49,558000,11.485
2026/04/29 15:44:49,559000,11.487
2026/04/29 15:44:49,560000,11.482
2026/04/29 15:44:49,561000,11.485
2026/04/29 15:44:49,562000,11.485
2026/04/29 15:44:49,563000,11.485
2026/04/29 15:44:49,564000,11.487
2026/04/29 15:44:49,565000,11.487
2026/04/29 15:44:49,566000,11.490
2026/04/29 15:44:49,567000,11.490
2026/04/29 15:44:49,568000,11.493
2026/04/29 15:44:49,569000,11.487
2026/04/29 15:44:49,570000,11.485
2026/04/29 15:44:49,571000,11.487
2026/04/29 15:44:49,572000,11.479
2026/04/29 15:44:49,573000,11.485
2026/04/29 15:44:49,574000,11.485
2026/04/29 15:44:49,575000,11.479
2026/04/29 15:44:49,576000,11.485
2026/04/29 15:44:49,577000,11.482
2026/04/29 15:44:49,578000,11.487
2026/04/29 15:44:49,579000,11.482
2026/04/29 15:44:49,580000,11.482
2026/04/29 15:44:49,581000,11.485
2026/04/29 15:44:49,582000,11.487
2026/04/29 15:44:49,583000,11.490
2026/04/29 15:44:49,584000,11.490
2026/04/29 15:44:49,585000,11.490
2026/04/29 15:44:49,586000,11.482
2026/04/29 15:44:49,587000,11.490
2026/04/29 15:44:49,588000,11.482
2026/04/29 15:44:49,589000,11.487
2026/04/29 15:44:49,590000,11.487
2026/04/29 15:44:49,591000,11.487
2026/04/29 15:44:49,592000,11.482
2026/04/29 15:44:49,593000,11.490
2026/04/29 15:44:49,594000,11.487
2026/04/29 15:44:49,595000,11.485
2026/04/29 15:44:49,596000,11.493
2026/04/29 15:44:49,597000,11.482
2026/04/29 15:44:49,598000,11.490
2026/04/29 15:44:49,599000,11.487
2026/04/29 15:44:49,600000,11.485
2026/04/29 15:44:49,601000,11.487
2026/04/29 15:44:49,602000,11.490
2026/04/29 15:44:49,603000,11.487
2026/04/29 15:44:49,604000,11.485
2026/04/29 15:44:49,605000,11.485
2026/04/29 15:44:49,606000,11.482
2026/04/29 15:44:49,607000,11.482
2026/04/29 15:44:49,608000,11.485
2026/04/29 15:44:49,609000,11.482
2026/04/29 15:44:49,610000,11.482
2026/04/29 15:44:49,611000,11.485
2026/04/29 15:44:49,612000,11.482
2026/04/29 15:44:49,613000,11.485
2026/04/29 15:44:49,614000,11.485
2026/04/29 15:44:49,615000,11.485
2026/04/29 15:44:49,616000,11.490
2026/04/29 15:44:49,617000,11.479
2026/04/29 15:44:49,618000,11.487
2026/04/29 15:44:49,619000,11.485
2026/04/29 15:44:49,620000,11.482
2026/04/29 15:44:49,621000,11.490
2026/04/29 15:44:49,622000,11.487
2026/04/29 15:44:49,623000,11.487
2026/04/29 15:44:49,624000,11.482
2026/04/29 15:44:49,625000,11.487
2026/04/29 15:44:49,626000,11.485
2026/04/29 15:44:49,627000,11.485
2026/04/29 15:44:49,628000,11.482
2026/04/29 15:44:49,629000,11.485
2026/04/29 15:44:49,630000,11.487
2026/04/29 15:44:49,631000,11.482
2026/04/29 15:44:49,632000,11.487
2026/04/29 15:44:49,633000,11.482
2026/04/29 15:44:49,634000,11.485
2026/04/29 15:44:49,635000,11.479
2026/04/29 15:44:49,636000,11.487
2026/04/29 15:44:49,637000,11.482
2026/04/29 15:44:49,638000,11.487
2026/04/29 15:44:49,639000,11.485
2026/04/29 15:44:49,640000,11.487
2026/04/29 15:44:49,641000,11.493
2026/04/29 15:44:49,642000,11.487
2026/04/29 15:44:49,643000,11.487
2026/04/29 15:44:49,644000,11.487
2026/04/29 15:44:49,645000,11.485
2026/04/29 15:44:49,646000,11.487
2026/04/29 15:44:49,647000,11.482
2026/04/29 15:44:49,648000,11.487
2026/04/29 15:44:49,649000,11.487
2026/04/29 15:44:49,650000,11.482
2026/04/29 15:44:49,651000,11.482
2026/04/29 15:44:49,652000,11.485
2026/04/29 15:44:49,653000,11.490
2026/04/29 15:44:49,654000,11.485
2026/04/29 15:44:49,655000,11.485
2026/04/29 15:44:49,656000,11.479
2026/04/29 15:44:49,657000,11.487
2026/04/29 15:44:49,658000,11.482
2026/04/29 15:44:49,659000,11.482
2026/04/29 15:44:49,660000,11.485
2026/04/29 15:44:49,661000,11.482
2026/04/29 15:44:49,662000,11.487
2026/04/29 15:44:49,663000,11.487
2026/04/29 15:44:49,664000,11.482
2026/04/29 15:44:49,665000,11.487
2026/04/29 15:44:49,666000,11.490
2026/04/29 15:44:49,667000,11.487
2026/04/29 15:44:49,668000,11.490
2026/04/29 15:44:49,669000,11.482
2026/04/29 15:44:49,670000,11.482
2026/04/29 15:44:49,671000,11.487
2026/04/29 15:44:49,672000,11.490
2026/04/29 15:44:49,673000,11.482
2026/04/29 15:44:49,674000,11.487
2026/04/29 15:44:49,675000,11.485
2026/04/29 15:44:49,676000,11.490
2026/04/29 15:44:49,677000,11.482
2026/04/29 15:44:49,678000,11.485
2026/04/29 15:44:49,679000,11.490
2026/04/29 15:44:49,680000,11.490
2026/04/29 15:44:49,681000,11.485
2026/04/29 15:44:49,682000,11.479
2026/04/29 15:44:49,683000,11.485
2026/04/29 15:44:49,684000,11.487
2026/04/29 15:44:49,685000,11.482
2026/04/29 15:44:49,686000,11.487
2026/04/29 15:44:49,687000,11.487
2026/04/29 15:44:49,688000,11.485
2026/04/29 15:44:49,689000,11.487
2026/04/29 15:44:49,690000,11.485
2026/04/29 15:44:49,691000,11.485
2026/04/29 15:44:49,692000,11.487
2026/04/29 15:44:49,693000,11.490
2026/04/29 15:44:49,694000,11.479
2026/04/29 15:44:49,695000,11.482
2026/04/29 15:44:49,696000,11.487
2026/04/29 15:44:49,697000,11.485
2026/04/29 15:44:49,698000,11.487
2026/04/29 15:44:49,699000,11.482
2026/04/29 15:44:49,700000,11.487
2026/04/29 15:44:49,701000,11.482
2026/04/29 15:44:49,702000,11.490
2026/04/29 15:44:49,703000,11.482
2026/04/29 15:44:49,704000,11.485
2026/04/29 15:44:49,705000,11.487
2026/04/29 15:44:49,706000,11.487
2026/04/29 15:44:49,707000,11.485
2026/04/29 15:44:49,708000,11.490
2026/04/29 15:44:49,709000,11.482
2026/04/29 15:44:49,710000,11.487
2026/04/29 15:44:49,711000,11.487
2026/04/29 15:44:49,712000,11.490
2026/04/29 15:44:49,713000,11.485
2026/04/29 15:44:49,714000,11.479
2026/04/29 15:44:49,715000,11.490
2026/04/29 15:44:49,716000,11.490
2026/04/29 15:44:49,717000,11.485
2026/04/29 15:44:49,718000,11.479
2026/04/29 15:44:49,719000,11.485
2026/04/29 15:44:49,720000,11.487
2026/04/29 15:44:49,721000,11.487
2026/04/29 15:44:49,722000,11.485
2026/04/29 15:44:49,723000,11.485
2026/04/29 15:44:49,724000,11.485
2026/04/29 15:44:49,725000,11.485
2026/04/29 15:44:49,726000,11.479
2026/04/29 15:44:49,727000,11.485
2026/04/29 15:44:49,728000,11.485
2026/04/29 15:44:49,729000,11.490
2026/04/29 15:44:49,730000,11.487
2026/04/29 15:44:49,731000,11.493
2026/04/29 15:44:49,732000,11.485
2026/04/29 15:44:49,733000,11.487
2026/04/29 15:44:49,734000,11.485
2026/04/29 15:44:49,735000,11.485
2026/04/29 15:44:49,736000,11.485
2026/04/29 15:44:49,737000,11.485
2026/04/29 15:44:49,738000,11.482
2026/04/29 15:44:49,739000,11.482
2026/04/29 15:44:49,740000,11.482
2026/04/29 15:44:49,741000,11.482
2026/04/29 15:44:49,742000,11.487
2026/04/29 15:44:49,743000,11.482
2026/04/29 15:44:49,744000,11.479
2026/04/29 15:44:49,745000,11.485
2026/04/29 15:44:49,746000,11.485
2026/04/29 15:44:49,747000,11.487
2026/04/29 15:44:49,748000,11.485
2026/04/29 15:44:49,749000,11.487
2026/04/29 15:44:49,750000,11.493
2026/04/29 15:44:49,751000,11.487
2026/04/29 15:44:49,752000,11.487
2026/04/29 15:44:49,753000,11.485
2026/04/29 15:44:49,754000,11.487
2026/04/29 15:44:49,755000,11.482
2026/04/29 15:44:49,756000,11.476
2026/04/29 15:44:49,757000,11.487
2026/04/29 15:44:49,758000,11.487
2026/04/29 15:44:49,759000,11.490
2026/04/29 15:44:49,760000,11.482
2026/04/29 15:44:49,761000,11.487
2026/04/29 15:44:49,762000,11.485
2026/04/29 15:44:49,763000,11.479
2026/04/29 15:44:49,764000,11.487
2026/04/29 15:44:49,765000,11.485
2026/04/29 15:44:49,766000,11.482
2026/04/29 15:44:49,767000,11.479
2026/04/29 15:44:49,768000,11.490
2026/04/29 15:44:49,769000,11.482
2026/04/29 15:44:49,770000,11.487
2026/04/29 15:44:49,771000,11.490
2026/04/29 15:44:49,772000,11.485
2026/04/29 15:44:49,773000,11.482
2026/04/29 15:44:49,774000,11.487
2026/04/29 15:44:49,775000,11.485
2026/04/29 15:44:49,776000,11.487
2026/04/29 15:44:49,777000,11.482
2026/04/29 15:44:49,778000,11.490
2026/04/29 15:44:49,779000,11.487
2026/04/29 15:44:49,780000,11.496
2026/04/29 15:44:49,781000,11.490
2026/04/29 15:44:49,782000,11.482
2026/04/29 15:44:49,783000,11.493
2026/04/29 15:44:49,784000,11.479
2026/04/29 15:44:49,785000,11.485
2026/04/29 15:44:49,786000,11.485
2026/04/29 15:44:49,787000,11.482
2026/04/29 15:44:49,788000,11.490
2026/04/29 15:44:49,789000,11.490
2026/04/29 15:44:49,790000,11.482
2026/04/29 15:44:49,791000,11.487
2026/04/29 15:44:49,792000,11.487
2026/04/29 15:44:49,793000,11.485
2026/04/29 15:44:49,794000,11.482
2026/04/29 15:44:49,795000,11.493
2026/04/29 15:44:49,796000,11.487
2026/04/29 15:44:49,797000,11.490
2026/04/29 15:44:49,798000,11.490
2026/04/29 15:44:49,799000,11.479
2026/04/29 15:44:49,800000,11.487
2026/04/29 15:44:49,801000,11.493
2026/04/29 15:44:49,802000,11.485
2026/04/29 15:44:49,803000,11.487
2026/04/29 15:44:49,804000,11.487
2026/04/29 15:44:49,805000,11.487
2026/04/29 15:44:49,806000,11.490
2026/04/29 15:44:49,807000,11.487
2026/04/29 15:44:49,808000,11.490
2026/04/29 15:44:49,809000,11.482
2026/04/29 15:44:49,810000,11.487
2026/04/29 15:44:49,811000,11.487
2026/04/29 15:44:49,812000,11.493
2026/04/29 15:44:49,813000,11.487
2026/04/29 15:44:49,814000,11.490
2026/04/29 15:44:49,815000,11.482
2026/04/29 15:44:49,816000,11.487
2026/04/29 15:44:49,817000,11.490
2026/04/29 15:44:49,818000,11.485
2026/04/29 15:44:49,819000,11.487
2026/04/29 15:44:49,820000,11.490
2026/04/29 15:44:49,821000,11.487
2026/04/29 15:44:49,822000,11.485
2026/04/29 15:44:49,823000,11.485
2026/04/29 15:44:49,824000,11.482
2026/04/29 15:44:49,825000,11.479
2026/04/29 15:44:49,826000,11.490
2026/04/29 15:44:49,827000,11.485
2026/04/29 15:44:49,828000,11.493
2026/04/29 15:44:49,829000,11.485
2026/04/29 15:44:49,830000,11.493
2026/04/29 15:44:49,831000,11.490
2026/04/29 15:44:49,832000,11.485
2026/04/29 15:44:49,833000,11.487
2026/04/29 15:44:49,834000,11.487
2026/04/29 15:44:49,835000,11.493
2026/04/29 15:44:49,836000,11.493
2026/04/29 15:44:49,837000,11.487
2026/04/29 15:44:49,838000,11.490
2026/04/29 15:44:49,839000,11.487
2026/04/29 15:44:49,840000,11.490
2026/04/29 15:44:49,841000,11.490
2026/04/29 15:44:49,842000,11.490
2026/04/29 15:44:49,843000,11.485
2026/04/29 15:44:49,844000,11.490
2026/04/29 15:44:49,845000,11.487
2026/04/29 15:44:49,846000,11.493
2026/04/29 15:44:49,847000,11.490
2026/04/29 15:44:49,848000,11.487
2026/04/29 15:44:49,849000,11.490
2026/04/29 15:44:49,850000,11.493
2026/04/29 15:44:49,851000,11.485
2026/04/29 15:44:49,852000,11.485
2026/04/29 15:44:49,853000,11.490
2026/04/29 15:44:49,854000,11.490
2026/04/29 15:44:49,855000,11.493
2026/04/29 15:44:49,856000,11.487
2026/04/29 15:44:49,857000,11.487
2026/04/29 15:44:49,858000,11.487
2026/04/29 15:44:49,859000,11.493
2026/04/29 15:44:49,860000,11.485
2026/04/29 15:44:49,861000,11.490
2026/04/29 15:44:49,862000,11.490
2026/04/29 15:44:49,863000,11.487
2026/04/29 15:44:49,864000,11.487
2026/04/29 15:44:49,865000,11.487
2026/04/29 15:44:49,866000,11.485
2026/04/29 15:44:49,867000,11.496
2026/04/29 15:44:49,868000,11.487
2026/04/29 15:44:49,869000,11.487
2026/04/29 15:44:49,870000,11.496
2026/04/29 15:44:49,871000,11.485
2026/04/29 15:44:49,872000,11.490
2026/04/29 15:44:49,873000,11.490
2026/04/29 15:44:49,874000,11.487
2026/04/29 15:44:49,875000,11.496
2026/04/29 15:44:49,876000,11.487
2026/04/29 15:44:49,877000,11.487
2026/04/29 15:44:49,878000,11.482
2026/04/29 15:44:49,879000,11.485
2026/04/29 15:44:49,880000,11.487
2026/04/29 15:44:49,881000,11.485
2026/04/29 15:44:49,882000,11.487
2026/04/29 15:44:49,883000,11.490
2026/04/29 15:44:49,884000,11.487
2026/04/29 15:44:49,885000,11.490
2026/04/29 15:44:49,886000,11.490
2026/04/29 15:44:49,887000,11.485
2026/04/29 15:44:49,888000,11.487
2026/04/29 15:44:49,889000,11.485
2026/04/29 15:44:49,890000,11.479
2026/04/29 15:44:49,891000,11.487
2026/04/29 15:44:49,892000,11.493
2026/04/29 15:44:49,893000,11.490
2026/04/29 15:44:49,894000,11.487
2026/04/29 15:44:49,895000,11.485
2026/04/29 15:44:49,896000,11.490
2026/04/29 15:44:49,897000,11.490
2026/04/29 15:44:49,898000,11.487
2026/04/29 15:44:49,899000,11.485
2026/04/29 15:44:49,900000,11.485
2026/04/29 15:44:49,901000,11.490
2026/04/29 15:44:49,902000,11.490
2026/04/29 15:44:49,903000,11.487
2026/04/29 15:44:49,904000,11.485
2026/04/29 15:44:49,905000,11.490
2026/04/29 15:44:49,906000,11.487
2026/04/29 15:44:49,907000,11.496
2026/04/29 15:44:49,908000,11.490
2026/04/29 15:44:49,909000,11.487
2026/04/29 15:44:49,910000,11.490
2026/04/29 15:44:49,911000,11.482
2026/04/29 15:44:49,912000,11.487
2026/04/29 15:44:49,913000,11.487
2026/04/29 15:44:49,914000,11.487
2026/04/29 15:44:49,915000,11.490
2026/04/29 15:44:49,916000,11.490
2026/04/29 15:44:49,917000,11.490
2026/04/29 15:44:49,918000,11.487
2026/04/29 15:44:49,919000,11.487
2026/04/29 15:44:49,920000,11.490
2026/04/29 15:44:49,921000,11.487
2026/04/29 15:44:49,922000,11.493
2026/04/29 15:44:49,923000,11.487
2026/04/29 15:44:49,924000,11.487
2026/04/29 15:44:49,925000,11.485
2026/04/29 15:44:49,926000,11.485
2026/04/29 15:44:49,927000,11.485
2026/04/29 15:44:49,928000,11.490
2026/04/29 15:44:49,929000,11.487
2026/04/29 15:44:49,930000,11.482
2026/04/29 15:44:49,931000,11.490
2026/04/29 15:44:49,932000,11.490
2026/04/29 15:44:49,933000,11.487
2026/04/29 15:44:49,934000,11.487
2026/04/29 15:44:49,935000,11.493
2026/04/29 15:44:49,936000,11.487
2026/04/29 15:44:49,937000,11.493
2026/04/29 15:44:49,938000,11.490
2026/04/29 15:44:49,939000,11.490
2026/04/29 15:44:49,940000,11.482
2026/04/29 15:44:49,941000,11.487
2026/04/29 15:44:49,942000,11.482
2026/04/29 15:44:49,943000,11.493
2026/04/29 15:44:49,944000,11.487
2026/04/29 15:44:49,945000,11.487
2026/04/29 15:44:49,946000,11.490
2026/04/29 15:44:49,947000,11.485
2026/04/29 15:44:49,948000,11.485
2026/04/29 15:44:49,949000,11.493
2026/04/29 15:44:49,950000,11.493
2026/04/29 15:44:49,951000,11.487
2026/04/29 15:44:49,952000,11.490
2026/04/29 15:44:49,953000,11.490
2026/04/29 15:44:49,954000,11.493
2026/04/29 15:44:49,955000,11.490
2026/04/29 15:44:49,956000,11.485
2026/04/29 15:44:49,957000,11.485
2026/04/29 15:44:49,958000,11.487
2026/04/29 15:44:49,959000,11.482
2026/04/29 15:44:49,960000,11.490
2026/04/29 15:44:49,961000,11.487
2026/04/29 15:44:49,962000,11.485
2026/04/29 15:44:49,963000,11.487
2026/04/29 15:44:49,964000,11.487
2026/04/29 15:44:49,965000,11.487
2026/04/29 15:44:49,966000,11.485
2026/04/29 15:44:49,967000,11.490
2026/04/29 15:44:49,968000,11.487
2026/04/29 15:44:49,969000,11.490
2026/04/29 15:44:49,970000,11.485
2026/04/29 15:44:49,971000,11.490
2026/04/29 15:44:49,972000,11.496
2026/04/29 15:44:49,973000,11.482
2026/04/29 15:44:49,974000,11.487
2026/04/29 15:44:49,975000,11.490
2026/04/29 15:44:49,976000,11.493
2026/04/29 15:44:49,977000,11.487
2026/04/29 15:44:49,978000,11.487
2026/04/29 15:44:49,979000,11.487
2026/04/29 15:44:49,980000,11.487
2026/04/29 15:44:49,981000,11.487
2026/04/29 15:44:49,982000,11.485
2026/04/29 15:44:49,983000,11.485
2026/04/29 15:44:49,984000,11.490
2026/04/29 15:44:49,985000,11.485
2026/04/29 15:44:49,986000,11.493
2026/04/29 15:44:49,987000,11.487
2026/04/29 15:44:49,988000,11.487
2026/04/29 15:44:49,989000,11.485
2026/04/29 15:44:49,990000,11.485
2026/04/29 15:44:49,991000,11.490
2026/04/29 15:44:49,992000,11.493
2026/04/29 15:44:49,993000,11.490
2026/04/29 15:44:49,994000,11.490
2026/04/29 15:44:49,995000,11.490
2026/04/29 15:44:49,996000,11.490
2026/04/29 15:44:49,997000,11.485
2026/04/29 15:44:49,998000,11.490
2026/04/29 15:44:49,999000,11.485
2026/04/29 15:44:50,000000,11.490
2026/04/29 15:44:50,001000,11.482
2026/04/29 15:44:50,002000,11.487
2026/04/29 15:44:50,003000,11.487
2026/04/29 15:44:50,004000,11.485
2026/04/29 15:44:50,005000,11.487
2026/04/29 15:44:50,006000,11.490
2026/04/29 15:44:50,007000,11.479
2026/04/29 15:44:50,008000,11.490
2026/04/29 15:44:50,009000,11.485
2026/04/29 15:44:50,010000,11.493
2026/04/29 15:44:50,011000,11.490
2026/04/29 15:44:50,012000,11.487
2026/04/29 15:44:50,013000,11.490
2026/04/29 15:44:50,014000,11.487
2026/04/29 15:44:50,015000,11.490
2026/04/29 15:44:50,016000,11.485
2026/04/29 15:44:50,017000,11.493
2026/04/29 15:44:50,018000,11.485
2026/04/29 15:44:50,019000,11.490
2026/04/29 15:44:50,020000,11.485
2026/04/29 15:44:50,021000,11.479
2026/04/29 15:44:50,022000,11.479
2026/04/29 15:44:50,023000,11.490
2026/04/29 15:44:50,024000,11.490
2026/04/29 15:44:50,025000,11.493
2026/04/29 15:44:50,026000,11.490
2026/04/29 15:44:50,027000,11.490
2026/04/29 15:44:50,028000,11.490
2026/04/29 15:44:50,029000,11.485
2026/04/29 15:44:50,030000,11.487
2026/04/29 15:44:50,031000,11.485
2026/04/29 15:44:50,032000,11.482
2026/04/29 15:44:50,033000,11.485
2026/04/29 15:44:50,034000,11.487
2026/04/29 15:44:50,035000,11.485
2026/04/29 15:44:50,036000,11.485
2026/04/29 15:44:50,037000,11.487
2026/04/29 15:44:50,038000,11.482
2026/04/29 15:44:50,039000,11.490
2026/04/29 15:44:50,040000,11.490
2026/04/29 15:44:50,041000,11.487
2026/04/29 15:44:50,042000,11.487
2026/04/29 15:44:50,043000,11.482
2026/04/29 15:44:50,044000,11.493
2026/04/29 15:44:50,045000,11.490
2026/04/29 15:44:50,046000,11.487
2026/04/29 15:44:50,047000,11.487
2026/04/29 15:44:50,048000,11.487
2026/04/29 15:44:50,049000,11.485
2026/04/29 15:44:50,050000,11.490
2026/04/29 15:44:50,051000,11.493
2026/04/29 15:44:50,052000,11.485
2026/04/29 15:44:50,053000,11.487
2026/04/29 15:44:50,054000,11.493
2026/04/29 15:44:50,055000,11.490
2026/04/29 15:44:50,056000,11.482
2026/04/29 15:44:50,057000,11.487
2026/04/29 15:44:50,058000,11.490
2026/04/29 15:44:50,059000,11.487
2026/04/29 15:44:50,060000,11.482
2026/04/29 15:44:50,061000,11.490
2026/04/29 15:44:50,062000,11.487
2026/04/29 15:44:50,063000,11.493
2026/04/29 15:44:50,064000,11.487
2026/04/29 15:44:50,065000,11.487
2026/04/29 15:44:50,066000,11.485
2026/04/29 15:44:50,067000,11.482
2026/04/29 15:44:50,068000,11.485
2026/04/29 15:44:50,069000,11.487
2026/04/29 15:44:50,070000,11.485
2026/04/29 15:44:50,071000,11.490
2026/04/29 15:44:50,072000,11.490
2026/04/29 15:44:50,073000,11.487
2026/04/29 15:44:50,074000,11.487
2026/04/29 15:44:50,075000,11.485
2026/04/29 15:44:50,076000,11.487
2026/04/29 15:44:50,077000,11.490
2026/04/29 15:44:50,078000,11.487
2026/04/29 15:44:50,079000,11.487
2026/04/29 15:44:50,080000,11.485
2026/04/29 15:44:50,081000,11.487
2026/04/29 15:44:50,082000,11.490
2026/04/29 15:44:50,083000,11.487
2026/04/29 15:44:50,084000,11.482
2026/04/29 15:44:50,085000,11.487
2026/04/29 15:44:50,086000,11.487
2026/04/29 15:44:50,087000,11.487
2026/04/29 15:44:50,088000,11.487
2026/04/29 15:44:50,089000,11.482
2026/04/29 15:44:50,090000,11.493
2026/04/29 15:44:50,091000,11.482
2026/04/29 15:44:50,092000,11.493
2026/04/29 15:44:50,093000,11.485
2026/04/29 15:44:50,094000,11.490
2026/04/29 15:44:50,095000,11.490
2026/04/29 15:44:50,096000,11.485
2026/04/29 15:44:50,097000,11.485
2026/04/29 15:44:50,098000,11.482
2026/04/29 15:44:50,099000,11.485
2026/04/29 15:44:50,100000,11.490
2026/04/29 15:44:50,101000,11.490
2026/04/29 15:44:50,102000,11.479
2026/04/29 15:44:50,103000,11.482
2026/04/29 15:44:50,104000,11.487
2026/04/29 15:44:50,105000,11.490
2026/04/29 15:44:50,106000,11.487
2026/04/29 15:44:50,107000,11.487
2026/04/29 15:44:50,108000,11.487
2026/04/29 15:44:50,109000,11.487
2026/04/29 15:44:50,110000,11.487
2026/04/29 15:44:50,111000,11.485
2026/04/29 15:44:50,112000,11.487
2026/04/29 15:44:50,113000,11.487
2026/04/29 15:44:50,114000,11.487
2026/04/29 15:44:50,115000,11.479
2026/04/29 15:44:50,116000,11.493
2026/04/29 15:44:50,117000,11.485
2026/04/29 15:44:50,118000,11.487
2026/04/29 15:44:50,119000,11.482
2026/04/29 15:44:50,120000,11.485
2026/04/29 15:44:50,121000,11.487
2026/04/29 15:44:50,122000,11.482
2026/04/29 15:44:50,123000,11.487
2026/04/29 15:44:50,124000,11.485
2026/04/29 15:44:50,125000,11.485
2026/04/29 15:44:50,126000,11.485
2026/04/29 15:44:50,127000,11.485
2026/04/29 15:44:50,128000,11.490
2026/04/29 15:44:50,129000,11.487
2026/04/29 15:44:50,130000,11.485
2026/04/29 15:44:50,131000,11.485
2026/04/29 15:44:50,132000,11.490
2026/04/29 15:44:50,133000,11.479
2026/04/29 15:44:50,134000,11.487
2026/04/29 15:44:50,135000,11.482
2026/04/29 15:44:50,136000,11.490
2026/04/29 15:44:50,137000,11.493
2026/04/29 15:44:50,138000,11.482
2026/04/29 15:44:50,139000,11.482
2026/04/29 15:44:50,140000,11.485
2026/04/29 15:44:50,141000,11.487
2026/04/29 15:44:50,142000,11.485
2026/04/29 15:44:50,143000,11.490
2026/04/29 15:44:50,144000,11.490
2026/04/29 15:44:50,145000,11.482
2026/04/29 15:44:50,146000,11.485
2026/04/29 15:44:50,147000,11.487
2026/04/29 15:44:50,148000,11.485
2026/04/29 15:44:50,149000,11.485
2026/04/29 15:44:50,150000,11.479
2026/04/29 15:44:50,151000,11.490
2026/04/29 15:44:50,152000,11.485
2026/04/29 15:44:50,153000,11.493
2026/04/29 15:44:50,154000,11.487
2026/04/29 15:44:50,155000,11.485
2026/04/29 15:44:50,156000,11.487
2026/04/29 15:44:50,157000,11.485
2026/04/29 15:44:50,158000,11.482
2026/04/29 15:44:50,159000,11.490
2026/04/29 15:44:50,160000,11.490
2026/04/29 15:44:50,161000,11.490
2026/04/29 15:44:50,162000,11.490
2026/04/29 15:44:50,163000,11.482
2026/04/29 15:44:50,164000,11.487
2026/04/29 15:44:50,165000,11.482
2026/04/29 15:44:50,166000,11.487
2026/04/29 15:44:50,167000,11.487
2026/04/29 15:44:50,168000,11.482
2026/04/29 15:44:50,169000,11.490
2026/04/29 15:44:50,170000,11.485
2026/04/29 15:44:50,171000,11.487
2026/04/29 15:44:50,172000,11.490
2026/04/29 15:44:50,173000,11.479
2026/04/29 15:44:50,174000,11.490
2026/04/29 15:44:50,175000,11.490
2026/04/29 15:44:50,176000,11.487
2026/04/29 15:44:50,177000,11.487
2026/04/29 15:44:50,178000,11.485
2026/04/29 15:44:50,179000,11.490
2026/04/29 15:44:50,180000,11.490
2026/04/29 15:44:50,181000,11.485
2026/04/29 15:44:50,182000,11.485
2026/04/29 15:44:50,183000,11.487
2026/04/29 15:44:50,184000,11.479
2026/04/29 15:44:50,185000,11.485
2026/04/29 15:44:50,186000,11.485
2026/04/29 15:44:50,187000,11.487
2026/04/29 15:44:50,188000,11.493
2026/04/29 15:44:50,189000,11.490
2026/04/29 15:44:50,190000,11.487
2026/04/29 15:44:50,191000,11.490
2026/04/29 15:44:50,192000,11.485
2026/04/29 15:44:50,193000,11.490
2026/04/29 15:44:50,194000,11.485
2026/04/29 15:44:50,195000,11.490
2026/04/29 15:44:50,196000,11.485
2026/04/29 15:44:50,197000,11.485
2026/04/29 15:44:50,198000,11.485
2026/04/29 15:44:50,199000,11.487
2026/04/29 15:44:50,200000,11.490
2026/04/29 15:44:50,201000,11.487
2026/04/29 15:44:50,202000,11.487
2026/04/29 15:44:50,203000,11.485
2026/04/29 15:44:50,204000,11.490
2026/04/29 15:44:50,205000,11.487
2026/04/29 15:44:50,206000,11.487
2026/04/29 15:44:50,207000,11.487
2026/04/29 15:44:50,208000,11.490
2026/04/29 15:44:50,209000,11.485
2026/04/29 15:44:50,210000,11.490
2026/04/29 15:44:50,211000,11.482
2026/04/29 15:44:50,212000,11.493
2026/04/29 15:44:50,213000,11.482
2026/04/29 15:44:50,214000,11.487
2026/04/29 15:44:50,215000,11.490
2026/04/29 15:44:50,216000,11.493
2026/04/29 15:44:50,217000,11.493
2026/04/29 15:44:50,218000,11.485
2026/04/29 15:44:50,219000,11.487
2026/04/29 15:44:50,220000,11.479
2026/04/29 15:44:50,221000,11.479
2026/04/29 15:44:50,222000,11.485
2026/04/29 15:44:50,223000,11.482
2026/04/29 15:44:50,224000,11.482
2026/04/29 15:44:50,225000,11.482
2026/04/29 15:44:50,226000,11.485
2026/04/29 15:44:50,227000,11.485
2026/04/29 15:44:50,228000,11.490
2026/04/29 15:44:50,229000,11.493
2026/04/29 15:44:50,230000,11.487
2026/04/29 15:44:50,231000,11.487
2026/04/29 15:44:50,232000,11.490
2026/04/29 15:44:50,233000,11.485
2026/04/29 15:44:50,234000,11.490
2026/04/29 15:44:50,235000,11.487
2026/04/29 15:44:50,236000,11.485
2026/04/29 15:44:50,237000,11.487
2026/04/29 15:44:50,238000,11.485
2026/04/29 15:44:50,239000,11.485
2026/04/29 15:44:50,240000,11.479
2026/04/29 15:44:50,241000,11.487
2026/04/29 15:44:50,242000,11.485
2026/04/29 15:44:50,243000,11.482
2026/04/29 15:44:50,244000,11.485
2026/04/29 15:44:50,245000,11.487
2026/04/29 15:44:50,246000,11.485
2026/04/29 15:44:50,247000,11.487
2026/04/29 15:44:50,248000,11.487
2026/04/29 15:44:50,249000,11.485
2026/04/29 15:44:50,250000,11.485
2026/04/29 15:44:50,251000,11.482
2026/04/29 15:44:50,252000,11.487
2026/04/29 15:44:50,253000,11.482
2026/04/29 15:44:50,254000,11.487
2026/04/29 15:44:50,255000,11.487
2026/04/29 15:44:50,256000,11.482
2026/04/29 15:44:50,257000,11.485
2026/04/29 15:44:50,258000,11.485
2026/04/29 15:44:50,259000,11.490
2026/04/29 15:44:50,260000,11.490
2026/04/29 15:44:50,261000,11.487
2026/04/29 15:44:50,262000,11.485
2026/04/29 15:44:50,263000,11.485
2026/04/29 15:44:50,264000,11.482
2026/04/29 15:44:50,265000,11.479
2026/04/29 15:44:50,266000,11.490
2026/04/29 15:44:50,267000,11.487
2026/04/29 15:44:50,268000,11.487
2026/04/29 15:44:50,269000,11.485
2026/04/29 15:44:50,270000,11.487
2026/04/29 15:44:50,271000,11.487
2026/04/29 15:44:50,272000,11.479
2026/04/29 15:44:50,273000,11.482
2026/04/29 15:44:50,274000,11.487
2026/04/29 15:44:50,275000,11.490
2026/04/29 15:44:50,276000,11.487
2026/04/29 15:44:50,277000,11.485
2026/04/29 15:44:50,278000,11.487
2026/04/29 15:44:50,279000,11.487
2026/04/29 15:44:50,280000,11.487
2026/04/29 15:44:50,281000,11.487
2026/04/29 15:44:50,282000,11.490
2026/04/29 15:44:50,283000,11.487
2026/04/29 15:44:50,284000,11.487
2026/04/29 15:44:50,285000,11.485
2026/04/29 15:44:50,286000,11.485
2026/04/29 15:44:50,287000,11.487
2026/04/29 15:44:50,288000,11.485
2026/04/29 15:44:50,289000,11.487
2026/04/29 15:44:50,290000,11.496
2026/04/29 15:44:50,291000,11.485
2026/04/29 15:44:50,292000,11.493
2026/04/29 15:44:50,293000,11.482
2026/04/29 15:44:50,294000,11.487
2026/04/29 15:44:50,295000,11.493
2026/04/29 15:44:50,296000,11.490
2026/04/29 15:44:50,297000,11.487
2026/04/29 15:44:50,298000,11.493
2026/04/29 15:44:50,299000,11.487
2026/04/29 15:44:50,300000,11.485
2026/04/29 15:44:50,301000,11.487
2026/04/29 15:44:50,302000,11.487
2026/04/29 15:44:50,303000,11.487
2026/04/29 15:44:50,304000,11.487
2026/04/29 15:44:50,305000,11.493
2026/04/29 15:44:50,306000,11.493
2026/04/29 15:44:50,307000,11.490
2026/04/29 15:44:50,308000,11.490
2026/04/29 15:44:50,309000,11.487
2026/04/29 15:44:50,310000,11.485
2026/04/29 15:44:50,311000,11.485
2026/04/29 15:44:50,312000,11.482
2026/04/29 15:44:50,313000,11.490
2026/04/29 15:44:50,314000,11.479
2026/04/29 15:44:50,315000,11.493
2026/04/29 15:44:50,316000,11.487
2026/04/29 15:44:50,317000,11.485
2026/04/29 15:44:50,318000,11.485
2026/04/29 15:44:50,319000,11.493
2026/04/29 15:44:50,320000,11.487
2026/04/29 15:44:50,321000,11.487
2026/04/29 15:44:50,322000,11.487
2026/04/29 15:44:50,323000,11.487
2026/04/29 15:44:50,324000,11.487
2026/04/29 15:44:50,325000,11.490
2026/04/29 15:44:50,326000,11.487
2026/04/29 15:44:50,327000,11.485
2026/04/29 15:44:50,328000,11.493
2026/04/29 15:44:50,329000,11.482
2026/04/29 15:44:50,330000,11.485
2026/04/29 15:44:50,331000,11.490
2026/04/29 15:44:50,332000,11.490
2026/04/29 15:44:50,333000,11.493
2026/04/29 15:44:50,334000,11.487
2026/04/29 15:44:50,335000,11.487
2026/04/29 15:44:50,336000,11.487
2026/04/29 15:44:50,337000,11.487
2026/04/29 15:44:50,338000,11.487
2026/04/29 15:44:50,339000,11.482
2026/04/29 15:44:50,340000,11.490
2026/04/29 15:44:50,341000,11.493
2026/04/29 15:44:50,342000,11.490
2026/04/29 15:44:50,343000,11.490
2026/04/29 15:44:50,344000,11.490
2026/04/29 15:44:50,345000,11.493
2026/04/29 15:44:50,346000,11.487
2026/04/29 15:44:50,347000,11.485
2026/04/29 15:44:50,348000,11.485
2026/04/29 15:44:50,349000,11.493
2026/04/29 15:44:50,350000,11.485
2026/04/29 15:44:50,351000,11.487
2026/04/29 15:44:50,352000,11.490
2026/04/29 15:44:50,353000,11.487
2026/04/29 15:44:50,354000,11.487
2026/04/29 15:44:50,355000,11.485
2026/04/29 15:44:50,356000,11.487
2026/04/29 15:44:50,357000,11.490
2026/04/29 15:44:50,358000,11.485
2026/04/29 15:44:50,359000,11.482
2026/04/29 15:44:50,360000,11.487
2026/04/29 15:44:50,361000,11.490
2026/04/29 15:44:50,362000,11.485
2026/04/29 15:44:50,363000,11.493
2026/04/29 15:44:50,364000,11.485
2026/04/29 15:44:50,365000,11.487
2026/04/29 15:44:50,366000,11.487
2026/04/29 15:44:50,367000,11.490
2026/04/29 15:44:50,368000,11.490
2026/04/29 15:44:50,369000,11.487
2026/04/29 15:44:50,370000,11.499
2026/04/29 15:44:50,371000,11.490
2026/04/29 15:44:50,372000,11.485
2026/04/29 15:44:50,373000,11.490
2026/04/29 15:44:50,374000,11.493
2026/04/29 15:44:50,375000,11.487
2026/04/29 15:44:50,376000,11.487
2026/04/29 15:44:50,377000,11.482
2026/04/29 15:44:50,378000,11.493
2026/04/29 15:44:50,379000,11.487
2026/04/29 15:44:50,380000,11.485
2026/04/29 15:44:50,381000,11.487
2026/04/29 15:44:50,382000,11.487
2026/04/29 15:44:50,383000,11.493
2026/04/29 15:44:50,384000,11.487
2026/04/29 15:44:50,385000,11.485
2026/04/29 15:44:50,386000,11.490
2026/04/29 15:44:50,387000,11.493
2026/04/29 15:44:50,388000,11.487
2026/04/29 15:44:50,389000,11.493
2026/04/29 15:44:50,390000,11.490
2026/04/29 15:44:50,391000,11.490
2026/04/29 15:44:50,392000,11.485
2026/04/29 15:44:50,393000,11.493
2026/04/29 15:44:50,394000,11.485
2026/04/29 15:44:50,395000,11.487
2026/04/29 15:44:50,396000,11.490
2026/04/29 15:44:50,397000,11.482
2026/04/29 15:44:50,398000,11.490
2026/04/29 15:44:50,399000,11.493
2026/04/29 15:44:50,400000,11.493
2026/04/29 15:44:50,401000,11.485
2026/04/29 15:44:50,402000,11.493
2026/04/29 15:44:50,403000,11.487
2026/04/29 15:44:50,404000,11.485
2026/04/29 15:44:50,405000,11.490
2026/04/29 15:44:50,406000,11.490
2026/04/29 15:44:50,407000,11.487
2026/04/29 15:44:50,408000,11.493
2026/04/29 15:44:50,409000,11.490
2026/04/29 15:44:50,410000,11.490
2026/04/29 15:44:50,411000,11.493
2026/04/29 15:44:50,412000,11.485
2026/04/29 15:44:50,413000,11.485
2026/04/29 15:44:50,414000,11.487
2026/04/29 15:44:50,415000,11.487
2026/04/29 15:44:50,416000,11.479
2026/04/29 15:44:50,417000,11.485
2026/04/29 15:44:50,418000,11.487
2026/04/29 15:44:50,419000,11.482
2026/04/29 15:44:50,420000,11.487
2026/04/29 15:44:50,421000,11.493
2026/04/29 15:44:50,422000,11.485
2026/04/29 15:44:50,423000,11.487
2026/04/29 15:44:50,424000,11.487
2026/04/29 15:44:50,425000,11.487
2026/04/29 15:44:50,426000,11.482
2026/04/29 15:44:50,427000,11.493
2026/04/29 15:44:50,428000,11.485
2026/04/29 15:44:50,429000,11.490
2026/04/29 15:44:50,430000,11.490
2026/04/29 15:44:50,431000,11.487
2026/04/29 15:44:50,432000,11.487
2026/04/29 15:44:50,433000,11.485
2026/04/29 15:44:50,434000,11.485
2026/04/29 15:44:50,435000,11.490
2026/04/29 15:44:50,436000,11.490
2026/04/29 15:44:50,437000,11.493
2026/04/29 15:44:50,438000,11.487
2026/04/29 15:44:50,439000,11.493
2026/04/29 15:44:50,440000,11.485
2026/04/29 15:44:50,441000,11.490
2026/04/29 15:44:50,442000,11.485
2026/04/29 15:44:50,443000,11.487
2026/04/29 15:44:50,444000,11.490
2026/04/29 15:44:50,445000,11.487
2026/04/29 15:44:50,446000,11.496
2026/04/29 15:44:50,447000,11.487
2026/04/29 15:44:50,448000,11.490
2026/04/29 15:44:50,449000,11.487
2026/04/29 15:44:50,450000,11.493
2026/04/29 15:44:50,451000,11.485
2026/04/29 15:44:50,452000,11.490
2026/04/29 15:44:50,453000,11.490
2026/04/29 15:44:50,454000,11.487
2026/04/29 15:44:50,455000,11.501
2026/04/29 15:44:50,456000,11.487
2026/04/29 15:44:50,457000,11.487
2026/04/29 15:44:50,458000,11.493
2026/04/29 15:44:50,459000,11.482
2026/04/29 15:44:50,460000,11.490
2026/04/29 15:44:50,461000,11.487
2026/04/29 15:44:50,462000,11.487
2026/04/29 15:44:50,463000,11.496
2026/04/29 15:44:50,464000,11.487
2026/04/29 15:44:50,465000,11.487
2026/04/29 15:44:50,466000,11.487
2026/04/29 15:44:50,467000,11.490
2026/04/29 15:44:50,468000,11.490
2026/04/29 15:44:50,469000,11.490
2026/04/29 15:44:50,470000,11.490
2026/04/29 15:44:50,471000,11.490
2026/04/29 15:44:50,472000,11.487
2026/04/29 15:44:50,473000,11.493
2026/04/29 15:44:50,474000,11.487
2026/04/29 15:44:50,475000,11.485
2026/04/29 15:44:50,476000,11.493
2026/04/29 15:44:50,477000,11.490
2026/04/29 15:44:50,478000,11.487
2026/04/29 15:44:50,479000,11.485
2026/04/29 15:44:50,480000,11.490
2026/04/29 15:44:50,481000,11.493
2026/04/29 15:44:50,482000,11.485
2026/04/29 15:44:50,483000,11.490
2026/04/29 15:44:50,484000,11.490
2026/04/29 15:44:50,485000,11.487
2026/04/29 15:44:50,486000,11.493
2026/04/29 15:44:50,487000,11.490
2026/04/29 15:44:50,488000,11.490
2026/04/29 15:44:50,489000,11.485
2026/04/29 15:44:50,490000,11.493
2026/04/29 15:44:50,491000,11.493
2026/04/29 15:44:50,492000,11.490
2026/04/29 15:44:50,493000,11.490
2026/04/29 15:44:50,494000,11.493
2026/04/29 15:44:50,495000,11.485
2026/04/29 15:44:50,496000,11.490
2026/04/29 15:44:50,497000,11.487
2026/04/29 15:44:50,498000,11.490
2026/04/29 15:44:50,499000,11.493
2026/04/29 15:44:50,500000,11.490
2026/04/29 15:44:50,501000,11.487
2026/04/29 15:44:50,502000,11.493
2026/04/29 15:44:50,503000,11.490
2026/04/29 15:44:50,504000,11.490
2026/04/29 15:44:50,505000,11.487
2026/04/29 15:44:50,506000,11.485
2026/04/29 15:44:50,507000,11.493
2026/04/29 15:44:50,508000,11.490
2026/04/29 15:44:50,509000,11.496
2026/04/29 15:44:50,510000,11.487
2026/04/29 15:44:50,511000,11.485
2026/04/29 15:44:50,512000,11.476
2026/04/29 15:44:50,513000,11.493
2026/04/29 15:44:50,514000,11.490
2026/04/29 15:44:50,515000,11.490
2026/04/29 15:44:50,516000,11.487
2026/04/29 15:44:50,517000,11.490
2026/04/29 15:44:50,518000,11.490
2026/04/29 15:44:50,519000,11.485
2026/04/29 15:44:50,520000,11.487
2026/04/29 15:44:50,521000,11.482
2026/04/29 15:44:50,522000,11.490
2026/04/29 15:44:50,523000,11.493
2026/04/29 15:44:50,524000,11.493
2026/04/29 15:44:50,525000,11.487
2026/04/29 15:44:50,526000,11.487
2026/04/29 15:44:50,527000,11.493
2026/04/29 15:44:50,528000,11.482
2026/04/29 15:44:50,529000,11.493
2026/04/29 15:44:50,530000,11.490
2026/04/29 15:44:50,531000,11.490
2026/04/29 15:44:50,532000,11.490
2026/04/29 15:44:50,533000,11.485
2026/04/29 15:44:50,534000,11.493
2026/04/29 15:44:50,535000,11.487
2026/04/29 15:44:50,536000,11.487
2026/04/29 15:44:50,537000,11.485
2026/04/29 15:44:50,538000,11.490
2026/04/29 15:44:50,539000,11.485
2026/04/29 15:44:50,540000,11.487
2026/04/29 15:44:50,541000,11.493
2026/04/29 15:44:50,542000,11.485
2026/04/29 15:44:50,543000,11.487
2026/04/29 15:44:50,544000,11.487
2026/04/29 15:44:50,545000,11.493
2026/04/29 15:44:50,546000,11.482
2026/04/29 15:44:50,547000,11.490
2026/04/29 15:44:50,548000,11.487
2026/04/29 15:44:50,549000,11.490
2026/04/29 15:44:50,550000,11.487
2026/04/29 15:44:50,551000,11.493
2026/04/29 15:44:50,552000,11.490
2026/04/29 15:44:50,553000,11.487
2026/04/29 15:44:50,554000,11.487
2026/04/29 15:44:50,555000,11.485
2026/04/29 15:44:50,556000,11.485
2026/04/29 15:44:50,557000,11.504
2026/04/29 15:44:50,558000,11.485
2026/04/29 15:44:50,559000,11.487
2026/04/29 15:44:50,560000,11.490
2026/04/29 15:44:50,561000,11.482
2026/04/29 15:44:50,562000,11.487
2026/04/29 15:44:50,563000,11.479
2026/04/29 15:44:50,564000,11.487
2026/04/29 15:44:50,565000,11.493
2026/04/29 15:44:50,566000,11.487
2026/04/29 15:44:50,567000,11.487
2026/04/29 15:44:50,568000,11.496
2026/04/29 15:44:50,569000,11.482
2026/04/29 15:44:50,570000,11.487
2026/04/29 15:44:50,571000,11.487
2026/04/29 15:44:50,572000,11.490
2026/04/29 15:44:50,573000,11.493
2026/04/29 15:44:50,574000,11.482
2026/04/29 15:44:50,575000,11.493
2026/04/29 15:44:50,576000,11.487
2026/04/29 15:44:50,577000,11.487
2026/04/29 15:44:50,578000,11.490
2026/04/29 15:44:50,579000,11.487
2026/04/29 15:44:50,580000,11.487
2026/04/29 15:44:50,581000,11.490
2026/04/29 15:44:50,582000,11.493
2026/04/29 15:44:50,583000,11.490
2026/04/29 15:44:50,584000,11.487
2026/04/29 15:44:50,585000,11.487
2026/04/29 15:44:50,586000,11.487
2026/04/29 15:44:50,587000,11.493
2026/04/29 15:44:50,588000,11.485
2026/04/29 15:44:50,589000,11.482
2026/04/29 15:44:50,590000,11.490
2026/04/29 15:44:50,591000,11.487
2026/04/29 15:44:50,592000,11.487
2026/04/29 15:44:50,593000,11.490
2026/04/29 15:44:50,594000,11.493
2026/04/29 15:44:50,595000,11.493
2026/04/29 15:44:50,596000,11.487
2026/04/29 15:44:50,597000,11.490
2026/04/29 15:44:50,598000,11.487
2026/04/29 15:44:50,599000,11.493
2026/04/29 15:44:50,600000,11.490
2026/04/29 15:44:50,601000,11.496
2026/04/29 15:44:50,602000,11.490
2026/04/29 15:44:50,603000,11.490
2026/04/29 15:44:50,604000,11.487
2026/04/29 15:44:50,605000,11.490
2026/04/29 15:44:50,606000,11.485
2026/04/29 15:44:50,607000,11.490
2026/04/29 15:44:50,608000,11.490
2026/04/29 15:44:50,609000,11.493
2026/04/29 15:44:50,610000,11.485
2026/04/29 15:44:50,611000,11.487
2026/04/29 15:44:50,612000,11.487
2026/04/29 15:44:50,613000,11.485
2026/04/29 15:44:50,614000,11.487
2026/04/29 15:44:50,615000,11.485
2026/04/29 15:44:50,616000,11.487
2026/04/29 15:44:50,617000,11.487
2026/04/29 15:44:50,618000,11.479
2026/04/29 15:44:50,619000,11.487
2026/04/29 15:44:50,620000,11.482
2026/04/29 15:44:50,621000,11.485
2026/04/29 15:44:50,622000,11.490
2026/04/29 15:44:50,623000,11.485
2026/04/29 15:44:50,624000,11.490
2026/04/29 15:44:50,625000,11.482
2026/04/29 15:44:50,626000,11.487
2026/04/29 15:44:50,627000,11.487
2026/04/29 15:44:50,628000,11.490
2026/04/29 15:44:50,629000,11.487
2026/04/29 15:44:50,630000,11.493
2026/04/29 15:44:50,631000,11.490
2026/04/29 15:44:50,632000,11.493
2026/04/29 15:44:50,633000,11.485
2026/04/29 15:44:50,634000,11.490
2026/04/29 15:44:50,635000,11.482
2026/04/29 15:44:50,636000,11.496
2026/04/29 15:44:50,637000,11.487
2026/04/29 15:44:50,638000,11.482
2026/04/29 15:44:50,639000,11.493
2026/04/29 15:44:50,640000,11.490
2026/04/29 15:44:50,641000,11.490
2026/04/29 15:44:50,642000,11.487
2026/04/29 15:44:50,643000,11.490
2026/04/29 15:44:50,644000,11.487
2026/04/29 15:44:50,645000,11.490
2026/04/29 15:44:50,646000,11.487
2026/04/29 15:44:50,647000,11.485
2026/04/29 15:44:50,648000,11.485
2026/04/29 15:44:50,649000,11.487
2026/04/29 15:44:50,650000,11.479
2026/04/29 15:44:50,651000,11.487
2026/04/29 15:44:50,652000,11.485
2026/04/29 15:44:50,653000,11.485
2026/04/29 15:44:50,654000,11.490
2026/04/29 15:44:50,655000,11.487
2026/04/29 15:44:50,656000,11.485
2026/04/29 15:44:50,657000,11.487
2026/04/29 15:44:50,658000,11.485
2026/04/29 15:44:50,659000,11.490
2026/04/29 15:44:50,660000,11.482
2026/04/29 15:44:50,661000,11.485
2026/04/29 15:44:50,662000,11.482
2026/04/29 15:44:50,663000,11.490
2026/04/29 15:44:50,664000,11.485
2026/04/29 15:44:50,665000,11.487
2026/04/29 15:44:50,666000,11.490
2026/04/29 15:44:50,667000,11.487
2026/04/29 15:44:50,668000,11.487
2026/04/29 15:44:50,669000,11.482
2026/04/29 15:44:50,670000,11.490
2026/04/29 15:44:50,671000,11.490
2026/04/29 15:44:50,672000,11.485
2026/04/29 15:44:50,673000,11.487
2026/04/29 15:44:50,674000,11.490
2026/04/29 15:44:50,675000,11.485
2026/04/29 15:44:50,676000,11.487
2026/04/29 15:44:50,677000,11.482
2026/04/29 15:44:50,678000,11.487
2026/04/29 15:44:50,679000,11.487
2026/04/29 15:44:50,680000,11.493
2026/04/29 15:44:50,681000,11.487
2026/04/29 15:44:50,682000,11.485
2026/04/29 15:44:50,683000,11.485
2026/04/29 15:44:50,684000,11.493
2026/04/29 15:44:50,685000,11.485
2026/04/29 15:44:50,686000,11.487
2026/04/29 15:44:50,687000,11.493
2026/04/29 15:44:50,688000,11.487
2026/04/29 15:44:50,689000,11.487
2026/04/29 15:44:50,690000,11.490
2026/04/29 15:44:50,691000,11.485
2026/04/29 15:44:50,692000,11.487
2026/04/29 15:44:50,693000,11.482
2026/04/29 15:44:50,694000,11.496
2026/04/29 15:44:50,695000,11.485
2026/04/29 15:44:50,696000,11.487
2026/04/29 15:44:50,697000,11.485
2026/04/29 15:44:50,698000,11.485
2026/04/29 15:44:50,699000,11.490
2026/04/29 15:44:50,700000,11.485
2026/04/29 15:44:50,701000,11.487
2026/04/29 15:44:50,702000,11.485
2026/04/29 15:44:50,703000,11.485
2026/04/29 15:44:50,704000,11.485
2026/04/29 15:44:50,705000,11.485
2026/04/29 15:44:50,706000,11.482
2026/04/29 15:44:50,707000,11.487
2026/04/29 15:44:50,708000,11.487
2026/04/29 15:44:50,709000,11.485
2026/04/29 15:44:50,710000,11.487
2026/04/29 15:44:50,711000,11.487
2026/04/29 15:44:50,712000,11.485
2026/04/29 15:44:50,713000,11.490
2026/04/29 15:44:50,714000,11.485
2026/04/29 15:44:50,715000,11.487
2026/04/29 15:44:50,716000,11.487
2026/04/29 15:44:50,717000,11.490
2026/04/29 15:44:50,718000,11.485
2026/04/29 15:44:50,719000,11.490
2026/04/29 15:44:50,720000,11.487
2026/04/29 15:44:50,721000,11.485
2026/04/29 15:44:50,722000,11.490
2026/04/29 15:44:50,723000,11.490
2026/04/29 15:44:50,724000,11.490
2026/04/29 15:44:50,725000,11.482
2026/04/29 15:44:50,726000,11.482
2026/04/29 15:44:50,727000,11.485
2026/04/29 15:44:50,728000,11.485
2026/04/29 15:44:50,729000,11.487
2026/04/29 15:44:50,730000,11.490
2026/04/29 15:44:50,731000,11.482
2026/04/29 15:44:50,732000,11.490
2026/04/29 15:44:50,733000,11.487
2026/04/29 15:44:50,734000,11.490
2026/04/29 15:44:50,735000,11.490
2026/04/29 15:44:50,736000,11.490
2026/04/29 15:44:50,737000,11.485
2026/04/29 15:44:50,738000,11.485
2026/04/29 15:44:50,739000,11.490
2026/04/29 15:44:50,740000,11.487
2026/04/29 15:44:50,741000,11.490
2026/04/29 15:44:50,742000,11.490
2026/04/29 15:44:50,743000,11.485
2026/04/29 15:44:50,744000,11.490
2026/04/29 15:44:50,745000,11.490
2026/04/29 15:44:50,746000,11.487
2026/04/29 15:44:50,747000,11.487
2026/04/29 15:44:50,748000,11.493
2026/04/29 15:44:50,749000,11.487
2026/04/29 15:44:50,750000,11.493
2026/04/29 15:44:50,751000,11.485
2026/04/29 15:44:50,752000,11.487
2026/04/29 15:44:50,753000,11.485
2026/04/29 15:44:50,754000,11.487
2026/04/29 15:44:50,755000,11.485
2026/04/29 15:44:50,756000,11.490
2026/04/29 15:44:50,757000,11.485
2026/04/29 15:44:50,758000,11.490
2026/04/29 15:44:50,759000,11.487
2026/04/29 15:44:50,760000,11.485
2026/04/29 15:44:50,761000,11.482
2026/04/29 15:44:50,762000,11.487
2026/04/29 15:44:50,763000,11.493
2026/04/29 15:44:50,764000,11.482
2026/04/29 15:44:50,765000,11.493
2026/04/29 15:44:50,766000,11.485
2026/04/29 15:44:50,767000,11.482
2026/04/29 15:44:50,768000,11.490
2026/04/29 15:44:50,769000,11.490
2026/04/29 15:44:50,770000,11.487
2026/04/29 15:44:50,771000,11.493
2026/04/29 15:44:50,772000,11.487
2026/04/29 15:44:50,773000,11.485
2026/04/29 15:44:50,774000,11.487
2026/04/29 15:44:50,775000,11.487
2026/04/29 15:44:50,776000,11.490
2026/04/29 15:44:50,777000,11.485
2026/04/29 15:44:50,778000,11.490
2026/04/29 15:44:50,779000,11.487
2026/04/29 15:44:50,780000,11.485
2026/04/29 15:44:50,781000,11.487
2026/04/29 15:44:50,782000,11.490
2026/04/29 15:44:50,783000,11.482
2026/04/29 15:44:50,784000,11.490
2026/04/29 15:44:50,785000,11.479
2026/04/29 15:44:50,786000,11.487
2026/04/29 15:44:50,787000,11.490
2026/04/29 15:44:50,788000,11.487
2026/04/29 15:44:50,789000,11.485
2026/04/29 15:44:50,790000,11.487
2026/04/29 15:44:50,791000,11.493
2026/04/29 15:44:50,792000,11.485
2026/04/29 15:44:50,793000,11.490
2026/04/29 15:44:50,794000,11.487
2026/04/29 15:44:50,795000,11.487
2026/04/29 15:44:50,796000,11.479
2026/04/29 15:44:50,797000,11.490
2026/04/29 15:44:50,798000,11.482
2026/04/29 15:44:50,799000,11.482
2026/04/29 15:44:50,800000,11.487
2026/04/29 15:44:50,801000,11.487
2026/04/29 15:44:50,802000,11.487
2026/04/29 15:44:50,803000,11.482
2026/04/29 15:44:50,804000,11.490
2026/04/29 15:44:50,805000,11.485
2026/04/29 15:44:50,806000,11.490
2026/04/29 15:44:50,807000,11.485
2026/04/29 15:44:50,808000,11.487
2026/04/29 15:44:50,809000,11.487
2026/04/29 15:44:50,810000,11.482
2026/04/29 15:44:50,811000,11.482
2026/04/29 15:44:50,812000,11.485
2026/04/29 15:44:50,813000,11.485
2026/04/29 15:44:50,814000,11.487
2026/04/29 15:44:50,815000,11.487
2026/04/29 15:44:50,816000,11.487
2026/04/29 15:44:50,817000,11.482
2026/04/29 15:44:50,818000,11.487
2026/04/29 15:44:50,819000,11.485
2026/04/29 15:44:50,820000,11.487
2026/04/29 15:44:50,821000,11.482
2026/04/29 15:44:50,822000,11.487
2026/04/29 15:44:50,823000,11.493
2026/04/29 15:44:50,824000,11.487
2026/04/29 15:44:50,825000,11.485
2026/04/29 15:44:50,826000,11.485
2026/04/29 15:44:50,827000,11.485
2026/04/29 15:44:50,828000,11.485
2026/04/29 15:44:50,829000,11.485
2026/04/29 15:44:50,830000,11.485
2026/04/29 15:44:50,831000,11.482
2026/04/29 15:44:50,832000,11.487
2026/04/29 15:44:50,833000,11.485
2026/04/29 15:44:50,834000,11.482
2026/04/29 15:44:50,835000,11.482
2026/04/29 15:44:50,836000,11.487
2026/04/29 15:44:50,837000,11.490
2026/04/29 15:44:50,838000,11.482
2026/04/29 15:44:50,839000,11.487
2026/04/29 15:44:50,840000,11.487
2026/04/29 15:44:50,841000,11.485
2026/04/29 15:44:50,842000,11.485
2026/04/29 15:44:50,843000,11.487
2026/04/29 15:44:50,844000,11.485
2026/04/29 15:44:50,845000,11.490
2026/04/29 15:44:50,846000,11.487
2026/04/29 15:44:50,847000,11.487
2026/04/29 15:44:50,848000,11.496
2026/04/29 15:44:50,849000,11.487
2026/04/29 15:44:50,850000,11.482
2026/04/29 15:44:50,851000,11.490
2026/04/29 15:44:50,852000,11.485
2026/04/29 15:44:50,853000,11.487
2026/04/29 15:44:50,854000,11.482
2026/04/29 15:44:50,855000,11.490
2026/04/29 15:44:50,856000,11.487
2026/04/29 15:44:50,857000,11.487
2026/04/29 15:44:50,858000,11.487
2026/04/29 15:44:50,859000,11.485
2026/04/29 15:44:50,860000,11.487
2026/04/29 15:44:50,861000,11.487
2026/04/29 15:44:50,862000,11.485
2026/04/29 15:44:50,863000,11.487
2026/04/29 15:44:50,864000,11.487
2026/04/29 15:44:50,865000,11.485
2026/04/29 15:44:50,866000,11.490
2026/04/29 15:44:50,867000,11.482
2026/04/29 15:44:50,868000,11.485
2026/04/29 15:44:50,869000,11.487
2026/04/29 15:44:50,870000,11.487
2026/04/29 15:44:50,871000,11.490
2026/04/29 15:44:50,872000,11.490
2026/04/29 15:44:50,873000,11.487
2026/04/29 15:44:50,874000,11.487
2026/04/29 15:44:50,875000,11.487
2026/04/29 15:44:50,876000,11.493
2026/04/29 15:44:50,877000,11.487
2026/04/29 15:44:50,878000,11.493
2026/04/29 15:44:50,879000,11.482
2026/04/29 15:44:50,880000,11.487
2026/04/29 15:44:50,881000,11.487
2026/04/29 15:44:50,882000,11.482
2026/04/29 15:44:50,883000,11.493
2026/04/29 15:44:50,884000,11.485
2026/04/29 15:44:50,885000,11.485
2026/04/29 15:44:50,886000,11.485
2026/04/29 15:44:50,887000,11.487
2026/04/29 15:44:50,888000,11.487
2026/04/29 15:44:50,889000,11.490
2026/04/29 15:44:50,890000,11.490
2026/04/29 15:44:50,891000,11.490
2026/04/29 15:44:50,892000,11.487
2026/04/29 15:44:50,893000,11.490
2026/04/29 15:44:50,894000,11.493
2026/04/29 15:44:50,895000,11.482
2026/04/29 15:44:50,896000,11.493
2026/04/29 15:44:50,897000,11.487
2026/04/29 15:44:50,898000,11.482
2026/04/29 15:44:50,899000,11.485
2026/04/29 15:44:50,900000,11.485
2026/04/29 15:44:50,901000,11.490
2026/04/29 15:44:50,902000,11.490
2026/04/29 15:44:50,903000,11.482
2026/04/29 15:44:50,904000,11.487
2026/04/29 15:44:50,905000,11.490
2026/04/29 15:44:50,906000,11.487
2026/04/29 15:44:50,907000,11.493
2026/04/29 15:44:50,908000,11.490
2026/04/29 15:44:50,909000,11.485
2026/04/29 15:44:50,910000,11.485
2026/04/29 15:44:50,911000,11.487
2026/04/29 15:44:50,912000,11.487
2026/04/29 15:44:50,913000,11.496
2026/04/29 15:44:50,914000,11.490
2026/04/29 15:44:50,915000,11.499
2026/04/29 15:44:50,916000,11.487
2026/04/29 15:44:50,917000,11.487
2026/04/29 15:44:50,918000,11.487
2026/04/29 15:44:50,919000,11.485
2026/04/29 15:44:50,920000,11.490
2026/04/29 15:44:50,921000,11.487
2026/04/29 15:44:50,922000,11.490
2026/04/29 15:44:50,923000,11.493
2026/04/29 15:44:50,924000,11.485
2026/04/29 15:44:50,925000,11.490
2026/04/29 15:44:50,926000,11.487
2026/04/29 15:44:50,927000,11.490
2026/04/29 15:44:50,928000,11.485
2026/04/29 15:44:50,929000,11.485
2026/04/29 15:44:50,930000,11.487
2026/04/29 15:44:50,931000,11.490
2026/04/29 15:44:50,932000,11.487
2026/04/29 15:44:50,933000,11.487
2026/04/29 15:44:50,934000,11.487
2026/04/29 15:44:50,935000,11.490
2026/04/29 15:44:50,936000,11.487
2026/04/29 15:44:50,937000,11.487
2026/04/29 15:44:50,938000,11.485
2026/04/29 15:44:50,939000,11.487
2026/04/29 15:44:50,940000,11.487
2026/04/29 15:44:50,941000,11.487
2026/04/29 15:44:50,942000,11.493
2026/04/29 15:44:50,943000,11.485
2026/04/29 15:44:50,944000,11.485
2026/04/29 15:44:50,945000,11.493
2026/04/29 15:44:50,946000,11.485
2026/04/29 15:44:50,947000,11.490
2026/04/29 15:44:50,948000,11.490
2026/04/29 15:44:50,949000,11.487
2026/04/29 15:44:50,950000,11.490
2026/04/29 15:44:50,951000,11.487
2026/04/29 15:44:50,952000,11.485
2026/04/29 15:44:50,953000,11.490
2026/04/29 15:44:50,954000,11.487
2026/04/29 15:44:50,955000,11.490
2026/04/29 15:44:50,956000,11.487
2026/04/29 15:44:50,957000,11.490
2026/04/29 15:44:50,958000,11.490
2026/04/29 15:44:50,959000,11.487
2026/04/29 15:44:50,960000,11.487
2026/04/29 15:44:50,961000,11.487
2026/04/29 15:44:50,962000,11.490
2026/04/29 15:44:50,963000,11.490
2026/04/29 15:44:50,964000,11.482
2026/04/29 15:44:50,965000,11.485
2026/04/29 15:44:50,966000,11.487
2026/04/29 15:44:50,967000,11.493
2026/04/29 15:44:50,968000,11.485
2026/04/29 15:44:50,969000,11.487
2026/04/29 15:44:50,970000,11.490
2026/04/29 15:44:50,971000,11.490
2026/04/29 15:44:50,972000,11.499
2026/04/29 15:44:50,973000,11.490
2026/04/29 15:44:50,974000,11.493
2026/04/29 15:44:50,975000,11.493
2026/04/29 15:44:50,976000,11.490
2026/04/29 15:44:50,977000,11.490
2026/04/29 15:44:50,978000,11.490
2026/04/29 15:44:50,979000,11.493
2026/04/29 15:44:50,980000,11.487
2026/04/29 15:44:50,981000,11.490
2026/04/29 15:44:50,982000,11.493
2026/04/29 15:44:50,983000,11.490
2026/04/29 15:44:50,984000,11.490
2026/04/29 15:44:50,985000,11.487
2026/04/29 15:44:50,986000,11.493
2026/04/29 15:44:50,987000,11.490
2026/04/29 15:44:50,988000,11.493
2026/04/29 15:44:50,989000,11.493
2026/04/29 15:44:50,990000,11.487
2026/04/29 15:44:50,991000,11.493
2026/04/29 15:44:50,992000,11.490
2026/04/29 15:44:50,993000,11.493
2026/04/29 15:44:50,994000,11.487
2026/04/29 15:44:50,995000,11.487
2026/04/29 15:44:50,996000,11.493
2026/04/29 15:44:50,997000,11.482
2026/04/29 15:44:50,998000,11.487
2026/04/29 15:44:50,999000,11.485
2026/04/29 15:44:51,000000,11.485
2026/04/29 15:44:51,001000,11.485
2026/04/29 15:44:51,002000,11.490
2026/04/29 15:44:51,003000,11.487
2026/04/29 15:44:51,004000,11.493
2026/04/29 15:44:51,005000,11.487
2026/04/29 15:44:51,006000,11.493
2026/04/29 15:44:51,007000,11.485
2026/04/29 15:44:51,008000,11.487
2026/04/29 15:44:51,009000,11.490
2026/04/29 15:44:51,010000,11.493
2026/04/29 15:44:51,011000,11.485
2026/04/29 15:44:51,012000,11.482
2026/04/29 15:44:51,013000,11.490
2026/04/29 15:44:51,014000,11.487
2026/04/29 15:44:51,015000,11.487
2026/04/29 15:44:51,016000,11.496
2026/04/29 15:44:51,017000,11.490
2026/04/29 15:44:51,018000,11.487
2026/04/29 15:44:51,019000,11.487
2026/04/29 15:44:51,020000,11.490
2026/04/29 15:44:51,021000,11.490
2026/04/29 15:44:51,022000,11.490
2026/04/29 15:44:51,023000,11.487
2026/04/29 15:44:51,024000,11.482
2026/04/29 15:44:51,025000,11.499
2026/04/29 15:44:51,026000,11.493
2026/04/29 15:44:51,027000,11.487
2026/04/29 15:44:51,028000,11.490
2026/04/29 15:44:51,029000,11.485
2026/04/29 15:44:51,030000,11.485
2026/04/29 15:44:51,031000,11.490
2026/04/29 15:44:51,032000,11.487
2026/04/29 15:44:51,033000,11.493
2026/04/29 15:44:51,034000,11.493
2026/04/29 15:44:51,035000,11.485
2026/04/29 15:44:51,036000,11.482
2026/04/29 15:44:51,037000,11.490
2026/04/29 15:44:51,038000,11.487
2026/04/29 15:44:51,039000,11.493
2026/04/29 15:44:51,040000,11.487
2026/04/29 15:44:51,041000,11.485
2026/04/29 15:44:51,042000,11.501
2026/04/29 15:44:51,043000,11.490
2026/04/29 15:44:51,044000,11.490
2026/04/29 15:44:51,045000,11.485
2026/04/29 15:44:51,046000,11.487
2026/04/29 15:44:51,047000,11.490
2026/04/29 15:44:51,048000,11.490
2026/04/29 15:44:51,049000,11.485
2026/04/29 15:44:51,050000,11.487
2026/04/29 15:44:51,051000,11.482
2026/04/29 15:44:51,052000,11.487
2026/04/29 15:44:51,053000,11.487
2026/04/29 15:44:51,054000,11.487
2026/04/29 15:44:51,055000,11.487
2026/04/29 15:44:51,056000,11.487
2026/04/29 15:44:51,057000,11.493
2026/04/29 15:44:51,058000,11.496
2026/04/29 15:44:51,059000,11.485
2026/04/29 15:44:51,060000,11.490
2026/04/29 15:44:51,061000,11.482
2026/04/29 15:44:51,062000,11.485
2026/04/29 15:44:51,063000,11.493
2026/04/29 15:44:51,064000,11.490
2026/04/29 15:44:51,065000,11.487
2026/04/29 15:44:51,066000,11.487
2026/04/29 15:44:51,067000,11.493
2026/04/29 15:44:51,068000,11.485
2026/04/29 15:44:51,069000,11.487
2026/04/29 15:44:51,070000,11.482
2026/04/29 15:44:51,071000,11.487
2026/04/29 15:44:51,072000,11.487
2026/04/29 15:44:51,073000,11.485
2026/04/29 15:44:51,074000,11.487
2026/04/29 15:44:51,075000,11.485
2026/04/29 15:44:51,076000,11.487
2026/04/29 15:44:51,077000,11.493
2026/04/29 15:44:51,078000,11.490
2026/04/29 15:44:51,079000,11.487
2026/04/29 15:44:51,080000,11.487
2026/04/29 15:44:51,081000,11.487
2026/04/29 15:44:51,082000,11.485
2026/04/29 15:44:51,083000,11.496
2026/04/29 15:44:51,084000,11.490
2026/04/29 15:44:51,085000,11.490
2026/04/29 15:44:51,086000,11.493
2026/04/29 15:44:51,087000,11.482
2026/04/29 15:44:51,088000,11.490
2026/04/29 15:44:51,089000,11.490
2026/04/29 15:44:51,090000,11.487
2026/04/29 15:44:51,091000,11.487
2026/04/29 15:44:51,092000,11.487
2026/04/29 15:44:51,093000,11.490
2026/04/29 15:44:51,094000,11.490
2026/04/29 15:44:51,095000,11.485
2026/04/29 15:44:51,096000,11.490
2026/04/29 15:44:51,097000,11.487
2026/04/29 15:44:51,098000,11.485
2026/04/29 15:44:51,099000,11.490
2026/04/29 15:44:51,100000,11.487
2026/04/29 15:44:51,101000,11.485
2026/04/29 15:44:51,102000,11.493
2026/04/29 15:44:51,103000,11.490
2026/04/29 15:44:51,104000,11.482
2026/04/29 15:44:51,105000,11.485
2026/04/29 15:44:51,106000,11.490
2026/04/29 15:44:51,107000,11.493
2026/04/29 15:44:51,108000,11.482
2026/04/29 15:44:51,109000,11.493
2026/04/29 15:44:51,110000,11.487
2026/04/29 15:44:51,111000,11.490
2026/04/29 15:44:51,112000,11.490
2026/04/29 15:44:51,113000,11.487
2026/04/29 15:44:51,114000,11.485
2026/04/29 15:44:51,115000,11.487
2026/04/29 15:44:51,116000,11.485
2026/04/29 15:44:51,117000,11.485
2026/04/29 15:44:51,118000,11.487
2026/04/29 15:44:51,119000,11.485
2026/04/29 15:44:51,120000,11.487
2026/04/29 15:44:51,121000,11.487
2026/04/29 15:44:51,122000,11.485
2026/04/29 15:44:51,123000,11.490
2026/04/29 15:44:51,124000,11.487
2026/04/29 15:44:51,125000,11.487
2026/04/29 15:44:51,126000,11.485
2026/04/29 15:44:51,127000,11.482
2026/04/29 15:44:51,128000,11.487
2026/04/29 15:44:51,129000,11.482
2026/04/29 15:44:51,130000,11.485
2026/04/29 15:44:51,131000,11.490
2026/04/29 15:44:51,132000,11.496
2026/04/29 15:44:51,133000,11.490
2026/04/29 15:44:51,134000,11.490
2026/04/29 15:44:51,135000,11.482
2026/04/29 15:44:51,136000,11.482
2026/04/29 15:44:51,137000,11.485
2026/04/29 15:44:51,138000,11.487
2026/04/29 15:44:51,139000,11.487
2026/04/29 15:44:51,140000,11.490
2026/04/29 15:44:51,141000,11.487
2026/04/29 15:44:51,142000,11.487
2026/04/29 15:44:51,143000,11.490
2026/04/29 15:44:51,144000,11.490
2026/04/29 15:44:51,145000,11.490
2026/04/29 15:44:51,146000,11.487
2026/04/29 15:44:51,147000,11.487
2026/04/29 15:44:51,148000,11.487
2026/04/29 15:44:51,149000,11.490
2026/04/29 15:44:51,150000,11.487
2026/04/29 15:44:51,151000,11.490
2026/04/29 15:44:51,152000,11.487
2026/04/29 15:44:51,153000,11.490
2026/04/29 15:44:51,154000,11.490
2026/04/29 15:44:51,155000,11.485
2026/04/29 15:44:51,156000,11.490
2026/04/29 15:44:51,157000,11.485
2026/04/29 15:44:51,158000,11.493
2026/04/29 15:44:51,159000,11.487
2026/04/29 15:44:51,160000,11.490
2026/04/29 15:44:51,161000,11.487
2026/04/29 15:44:51,162000,11.490
2026/04/29 15:44:51,163000,11.490
2026/04/29 15:44:51,164000,11.487
2026/04/29 15:44:51,165000,11.487
2026/04/29 15:44:51,166000,11.493
2026/04/29 15:44:51,167000,11.482
2026/04/29 15:44:51,168000,11.487
2026/04/29 15:44:51,169000,11.485
2026/04/29 15:44:51,170000,11.485
2026/04/29 15:44:51,171000,11.487
2026/04/29 15:44:51,172000,11.487
2026/04/29 15:44:51,173000,11.493
2026/04/29 15:44:51,174000,11.490
2026/04/29 15:44:51,175000,11.487
2026/04/29 15:44:51,176000,11.485
2026/04/29 15:44:51,177000,11.487
2026/04/29 15:44:51,178000,11.487
2026/04/29 15:44:51,179000,11.487
2026/04/29 15:44:51,180000,11.487
2026/04/29 15:44:51,181000,11.490
2026/04/29 15:44:51,182000,11.487
2026/04/29 15:44:51,183000,11.487
2026/04/29 15:44:51,184000,11.490
2026/04/29 15:44:51,185000,11.487
2026/04/29 15:44:51,186000,11.487
2026/04/29 15:44:51,187000,11.487
2026/04/29 15:44:51,188000,11.490
2026/04/29 15:44:51,189000,11.485
2026/04/29 15:44:51,190000,11.490
2026/04/29 15:44:51,191000,11.490
2026/04/29 15:44:51,192000,11.485
2026/04/29 15:44:51,193000,11.490
2026/04/29 15:44:51,194000,11.493
2026/04/29 15:44:51,195000,11.493
2026/04/29 15:44:51,196000,11.487
2026/04/29 15:44:51,197000,11.493
2026/04/29 15:44:51,198000,11.487
2026/04/29 15:44:51,199000,11.485
2026/04/29 15:44:51,200000,11.493
2026/04/29 15:44:51,201000,11.493
2026/04/29 15:44:51,202000,11.487
2026/04/29 15:44:51,203000,11.487
2026/04/29 15:44:51,204000,11.490
2026/04/29 15:44:51,205000,11.487
2026/04/29 15:44:51,206000,11.487
2026/04/29 15:44:51,207000,11.485
2026/04/29 15:44:51,208000,11.485
2026/04/29 15:44:51,209000,11.487
2026/04/29 15:44:51,210000,11.490
2026/04/29 15:44:51,211000,11.487
2026/04/29 15:44:51,212000,11.485
2026/04/29 15:44:51,213000,11.487
2026/04/29 15:44:51,214000,11.493
2026/04/29 15:44:51,215000,11.490
2026/04/29 15:44:51,216000,11.487
2026/04/29 15:44:51,217000,11.490
2026/04/29 15:44:51,218000,11.490
2026/04/29 15:44:51,219000,11.487
2026/04/29 15:44:51,220000,11.479
2026/04/29 15:44:51,221000,11.487
2026/04/29 15:44:51,222000,11.490
2026/04/29 15:44:51,223000,11.487
2026/04/29 15:44:51,224000,11.493
2026/04/29 15:44:51,225000,11.490
2026/04/29 15:44:51,226000,11.496
2026/04/29 15:44:51,227000,11.496
2026/04/29 15:44:51,228000,11.485
2026/04/29 15:44:51,229000,11.490
2026/04/29 15:44:51,230000,11.490
2026/04/29 15:44:51,231000,11.493
2026/04/29 15:44:51,232000,11.490
2026/04/29 15:44:51,233000,11.493
2026/04/29 15:44:51,234000,11.490
2026/04/29 15:44:51,235000,11.482
2026/04/29 15:44:51,236000,11.487
2026/04/29 15:44:51,237000,11.487
2026/04/29 15:44:51,238000,11.493
2026/04/29 15:44:51,239000,11.490
2026/04/29 15:44:51,240000,11.490
2026/04/29 15:44:51,241000,11.490
2026/04/29 15:44:51,242000,11.485
2026/04/29 15:44:51,243000,11.487
2026/04/29 15:44:51,244000,11.490
2026/04/29 15:44:51,245000,11.487
2026/04/29 15:44:51,246000,11.493
2026/04/29 15:44:51,247000,11.490
2026/04/29 15:44:51,248000,11.487
2026/04/29 15:44:51,249000,11.490
2026/04/29 15:44:51,250000,11.490
2026/04/29 15:44:51,251000,11.487
2026/04/29 15:44:51,252000,11.487
2026/04/29 15:44:51,253000,11.487
2026/04/29 15:44:51,254000,11.493
2026/04/29 15:44:51,255000,11.490
2026/04/29 15:44:51,256000,11.493
2026/04/29 15:44:51,257000,11.490
2026/04/29 15:44:51,258000,11.493
2026/04/29 15:44:51,259000,11.493
2026/04/29 15:44:51,260000,11.490
2026/04/29 15:44:51,261000,11.487
2026/04/29 15:44:51,262000,11.490
2026/04/29 15:44:51,263000,11.493
2026/04/29 15:44:51,264000,11.485
2026/04/29 15:44:51,265000,11.482
2026/04/29 15:44:51,266000,11.487
2026/04/29 15:44:51,267000,11.487
2026/04/29 15:44:51,268000,11.493
2026/04/29 15:44:51,269000,11.487
2026/04/29 15:44:51,270000,11.493
2026/04/29 15:44:51,271000,11.490
2026/04/29 15:44:51,272000,11.487
2026/04/29 15:44:51,273000,11.490
2026/04/29 15:44:51,274000,11.490
2026/04/29 15:44:51,275000,11.493
2026/04/29 15:44:51,276000,11.490
2026/04/29 15:44:51,277000,11.490
2026/04/29 15:44:51,278000,11.496
2026/04/29 15:44:51,279000,11.493
2026/04/29 15:44:51,280000,11.482
2026/04/29 15:44:51,281000,11.485
2026/04/29 15:44:51,282000,11.485
2026/04/29 15:44:51,283000,11.493
2026/04/29 15:44:51,284000,11.490
2026/04/29 15:44:51,285000,11.487
2026/04/29 15:44:51,286000,11.493
2026/04/29 15:44:51,287000,11.490
2026/04/29 15:44:51,288000,11.490
2026/04/29 15:44:51,289000,11.487
2026/04/29 15:44:51,290000,11.485
2026/04/29 15:44:51,291000,11.485
2026/04/29 15:44:51,292000,11.479
2026/04/29 15:44:51,293000,11.487
2026/04/29 15:44:51,294000,11.487
2026/04/29 15:44:51,295000,11.487
2026/04/29 15:44:51,296000,11.485
2026/04/29 15:44:51,297000,11.485
2026/04/29 15:44:51,298000,11.487
2026/04/29 15:44:51,299000,11.496
2026/04/29 15:44:51,300000,11.490
2026/04/29 15:44:51,301000,11.490
2026/04/29 15:44:51,302000,11.487
2026/04/29 15:44:51,303000,11.490
2026/04/29 15:44:51,304000,11.485
2026/04/29 15:44:51,305000,11.485
2026/04/29 15:44:51,306000,11.490
2026/04/29 15:44:51,307000,11.487
2026/04/29 15:44:51,308000,11.490
2026/04/29 15:44:51,309000,11.490
2026/04/29 15:44:51,310000,11.487
2026/04/29 15:44:51,311000,11.499
2026/04/29 15:44:51,312000,11.487
2026/04/29 15:44:51,313000,11.487
2026/04/29 15:44:51,314000,11.487
2026/04/29 15:44:51,315000,11.487
2026/04/29 15:44:51,316000,11.485
2026/04/29 15:44:51,317000,11.487
2026/04/29 15:44:51,318000,11.487
2026/04/29 15:44:51,319000,11.485
2026/04/29 15:44:51,320000,11.490
2026/04/29 15:44:51,321000,11.490
2026/04/29 15:44:51,322000,11.490
2026/04/29 15:44:51,323000,11.493
2026/04/29 15:44:51,324000,11.482
2026/04/29 15:44:51,325000,11.493
2026/04/29 15:44:51,326000,11.487
2026/04/29 15:44:51,327000,11.490
2026/04/29 15:44:51,328000,11.493
2026/04/29 15:44:51,329000,11.487
2026/04/29 15:44:51,330000,11.487
2026/04/29 15:44:51,331000,11.493
2026/04/29 15:44:51,332000,11.482
2026/04/29 15:44:51,333000,11.493
2026/04/29 15:44:51,334000,11.487
2026/04/29 15:44:51,335000,11.485
2026/04/29 15:44:51,336000,11.490
2026/04/29 15:44:51,337000,11.482
2026/04/29 15:44:51,338000,11.487
2026/04/29 15:44:51,339000,11.485
2026/04/29 15:44:51,340000,11.490
2026/04/29 15:44:51,341000,11.485
2026/04/29 15:44:51,342000,11.490
2026/04/29 15:44:51,343000,11.485
2026/04/29 15:44:51,344000,11.487
2026/04/29 15:44:51,345000,11.490
2026/04/29 15:44:51,346000,11.490
2026/04/29 15:44:51,347000,11.493
2026/04/29 15:44:51,348000,11.485
2026/04/29 15:44:51,349000,11.487
2026/04/29 15:44:51,350000,11.493
2026/04/29 15:44:51,351000,11.487
2026/04/29 15:44:51,352000,11.487
2026/04/29 15:44:51,353000,11.490
2026/04/29 15:44:51,354000,11.493
2026/04/29 15:44:51,355000,11.490
2026/04/29 15:44:51,356000,11.490
2026/04/29 15:44:51,357000,11.490
2026/04/29 15:44:51,358000,11.499
2026/04/29 15:44:51,359000,11.493
2026/04/29 15:44:51,360000,11.485
2026/04/29 15:44:51,361000,11.487
2026/04/29 15:44:51,362000,11.487
2026/04/29 15:44:51,363000,11.490
2026/04/29 15:44:51,364000,11.490
2026/04/29 15:44:51,365000,11.487
2026/04/29 15:44:51,366000,11.493
2026/04/29 15:44:51,367000,11.487
2026/04/29 15:44:51,368000,11.487
2026/04/29 15:44:51,369000,11.487
2026/04/29 15:44:51,370000,11.485
2026/04/29 15:44:51,371000,11.490
2026/04/29 15:44:51,372000,11.493
2026/04/29 15:44:51,373000,11.493
2026/04/29 15:44:51,374000,11.487
2026/04/29 15:44:51,375000,11.490
2026/04/29 15:44:51,376000,11.493
2026/04/29 15:44:51,377000,11.482
2026/04/29 15:44:51,378000,11.485
2026/04/29 15:44:51,379000,11.485
2026/04/29 15:44:51,380000,11.487
2026/04/29 15:44:51,381000,11.487
2026/04/29 15:44:51,382000,11.490
2026/04/29 15:44:51,383000,11.487
2026/04/29 15:44:51,384000,11.490
2026/04/29 15:44:51,385000,11.490
2026/04/29 15:44:51,386000,11.487
2026/04/29 15:44:51,387000,11.493
2026/04/29 15:44:51,388000,11.490
2026/04/29 15:44:51,389000,11.487
2026/04/29 15:44:51,390000,11.490
2026/04/29 15:44:51,391000,11.496
2026/04/29 15:44:51,392000,11.487
2026/04/29 15:44:51,393000,11.490
2026/04/29 15:44:51,394000,11.490
2026/04/29 15:44:51,395000,11.485
2026/04/29 15:44:51,396000,11.487
2026/04/29 15:44:51,397000,11.487
2026/04/29 15:44:51,398000,11.487
2026/04/29 15:44:51,399000,11.490
2026/04/29 15:44:51,400000,11.490
2026/04/29 15:44:51,401000,11.490
2026/04/29 15:44:51,402000,11.487
2026/04/29 15:44:51,403000,11.490
2026/04/29 15:44:51,404000,11.490
2026/04/29 15:44:51,405000,11.482
2026/04/29 15:44:51,406000,11.485
2026/04/29 15:44:51,407000,11.496
2026/04/29 15:44:51,408000,11.487
2026/04/29 15:44:51,409000,11.485
2026/04/29 15:44:51,410000,11.490
2026/04/29 15:44:51,411000,11.487
2026/04/29 15:44:51,412000,11.490
2026/04/29 15:44:51,413000,11.487
2026/04/29 15:44:51,414000,11.490
2026/04/29 15:44:51,415000,11.490
2026/04/29 15:44:51,416000,11.490
2026/04/29 15:44:51,417000,11.493
2026/04/29 15:44:51,418000,11.490
2026/04/29 15:44:51,419000,11.496
2026/04/29 15:44:51,420000,11.493
2026/04/29 15:44:51,421000,11.490
2026/04/29 15:44:51,422000,11.487
2026/04/29 15:44:51,423000,11.482
2026/04/29 15:44:51,424000,11.479
2026/04/29 15:44:51,425000,11.485
2026/04/29 15:44:51,426000,11.487
2026/04/29 15:44:51,427000,11.485
2026/04/29 15:44:51,428000,11.485
2026/04/29 15:44:51,429000,11.487
2026/04/29 15:44:51,430000,11.487
2026/04/29 15:44:51,431000,11.496
2026/04/29 15:44:51,432000,11.490
2026/04/29 15:44:51,433000,11.493
2026/04/29 15:44:51,434000,11.490
2026/04/29 15:44:51,435000,11.493
2026/04/29 15:44:51,436000,11.490
2026/04/29 15:44:51,437000,11.490
2026/04/29 15:44:51,438000,11.485
2026/04/29 15:44:51,439000,11.490
2026/04/29 15:44:51,440000,11.485
2026/04/29 15:44:51,441000,11.490
2026/04/29 15:44:51,442000,11.490
2026/04/29 15:44:51,443000,11.493
2026/04/29 15:44:51,444000,11.487
2026/04/29 15:44:51,445000,11.487
2026/04/29 15:44:51,446000,11.487
2026/04/29 15:44:51,447000,11.496
2026/04/29 15:44:51,448000,11.487
2026/04/29 15:44:51,449000,11.493
2026/04/29 15:44:51,450000,11.493
2026/04/29 15:44:51,451000,11.493
2026/04/29 15:44:51,452000,11.493
2026/04/29 15:44:51,453000,11.490
2026/04/29 15:44:51,454000,11.487
2026/04/29 15:44:51,455000,11.490
2026/04/29 15:44:51,456000,11.485
2026/04/29 15:44:51,457000,11.487
2026/04/29 15:44:51,458000,11.487
2026/04/29 15:44:51,459000,11.490
2026/04/29 15:44:51,460000,11.487
2026/04/29 15:44:51,461000,11.490
2026/04/29 15:44:51,462000,11.490
2026/04/29 15:44:51,463000,11.487
2026/04/29 15:44:51,464000,11.487
2026/04/29 15:44:51,465000,11.490
2026/04/29 15:44:51,466000,11.485
2026/04/29 15:44:51,467000,11.485
2026/04/29 15:44:51,468000,11.487
2026/04/29 15:44:51,469000,11.493
2026/04/29 15:44:51,470000,11.490
2026/04/29 15:44:51,471000,11.493
2026/04/29 15:44:51,472000,11.493
2026/04/29 15:44:51,473000,11.490
2026/04/29 15:44:51,474000,11.487
2026/04/29 15:44:51,475000,11.490
2026/04/29 15:44:51,476000,11.490
2026/04/29 15:44:51,477000,11.490
2026/04/29 15:44:51,478000,11.490
2026/04/29 15:44:51,479000,11.490
2026/04/29 15:44:51,480000,11.490
2026/04/29 15:44:51,481000,11.490
2026/04/29 15:44:51,482000,11.496
2026/04/29 15:44:51,483000,11.490
2026/04/29 15:44:51,484000,11.490
2026/04/29 15:44:51,485000,11.487
2026/04/29 15:44:51,486000,11.487
2026/04/29 15:44:51,487000,11.490
2026/04/29 15:44:51,488000,11.490
2026/04/29 15:44:51,489000,11.487
2026/04/29 15:44:51,490000,11.490
2026/04/29 15:44:51,491000,11.490
2026/04/29 15:44:51,492000,11.493
2026/04/29 15:44:51,493000,11.482
2026/04/29 15:44:51,494000,11.485
2026/04/29 15:44:51,495000,11.490
2026/04/29 15:44:51,496000,11.493
2026/04/29 15:44:51,497000,11.487
2026/04/29 15:44:51,498000,11.493
2026/04/29 15:44:51,499000,11.493
2026/04/29 15:44:51,500000,11.490
2026/04/29 15:44:51,501000,11.485
2026/04/29 15:44:51,502000,11.485
2026/04/29 15:44:51,503000,11.487
2026/04/29 15:44:51,504000,11.493
2026/04/29 15:44:51,505000,11.487
2026/04/29 15:44:51,506000,11.487
2026/04/29 15:44:51,507000,11.490
2026/04/29 15:44:51,508000,11.485
2026/04/29 15:44:51,509000,11.485
2026/04/29 15:44:51,510000,11.485
2026/04/29 15:44:51,511000,11.493
2026/04/29 15:44:51,512000,11.493
2026/04/29 15:44:51,513000,11.490
2026/04/29 15:44:51,514000,11.490
2026/04/29 15:44:51,515000,11.493
2026/04/29 15:44:51,516000,11.487
2026/04/29 15:44:51,517000,11.490
2026/04/29 15:44:51,518000,11.490
2026/04/29 15:44:51,519000,11.487
2026/04/29 15:44:51,520000,11.485
2026/04/29 15:44:51,521000,11.490
2026/04/29 15:44:51,522000,11.487
2026/04/29 15:44:51,523000,11.485
2026/04/29 15:44:51,524000,11.490
2026/04/29 15:44:51,525000,11.490
2026/04/29 15:44:51,526000,11.496
2026/04/29 15:44:51,527000,11.493
2026/04/29 15:44:51,528000,11.482
2026/04/29 15:44:51,529000,11.485
2026/04/29 15:44:51,530000,11.487
2026/04/29 15:44:51,531000,11.487
2026/04/29 15:44:51,532000,11.490
2026/04/29 15:44:51,533000,11.487
2026/04/29 15:44:51,534000,11.487
2026/04/29 15:44:51,535000,11.485
2026/04/29 15:44:51,536000,11.487
2026/04/29 15:44:51,537000,11.490
2026/04/29 15:44:51,538000,11.487
2026/04/29 15:44:51,539000,11.487
2026/04/29 15:44:51,540000,11.485
2026/04/29 15:44:51,541000,11.490
2026/04/29 15:44:51,542000,11.490
2026/04/29 15:44:51,543000,11.485
2026/04/29 15:44:51,544000,11.490
2026/04/29 15:44:51,545000,11.487
2026/04/29 15:44:51,546000,11.482
2026/04/29 15:44:51,547000,11.490
2026/04/29 15:44:51,548000,11.490
2026/04/29 15:44:51,549000,11.485
2026/04/29 15:44:51,550000,11.493
2026/04/29 15:44:51,551000,11.490
2026/04/29 15:44:51,552000,11.493
2026/04/29 15:44:51,553000,11.487
2026/04/29 15:44:51,554000,11.490
2026/04/29 15:44:51,555000,11.482
2026/04/29 15:44:51,556000,11.485
2026/04/29 15:44:51,557000,11.493
2026/04/29 15:44:51,558000,11.490
2026/04/29 15:44:51,559000,11.487
2026/04/29 15:44:51,560000,11.485
2026/04/29 15:44:51,561000,11.490
2026/04/29 15:44:51,562000,11.487
2026/04/29 15:44:51,563000,11.490
2026/04/29 15:44:51,564000,11.482
2026/04/29 15:44:51,565000,11.490
2026/04/29 15:44:51,566000,11.493
2026/04/29 15:44:51,567000,11.490
2026/04/29 15:44:51,568000,11.487
2026/04/29 15:44:51,569000,11.490
2026/04/29 15:44:51,570000,11.487
2026/04/29 15:44:51,571000,11.485
2026/04/29 15:44:51,572000,11.487
2026/04/29 15:44:51,573000,11.493
2026/04/29 15:44:51,574000,11.490
2026/04/29 15:44:51,575000,11.496
2026/04/29 15:44:51,576000,11.487
2026/04/29 15:44:51,577000,11.487
2026/04/29 15:44:51,578000,11.499
2026/04/29 15:44:51,579000,11.485
2026/04/29 15:44:51,580000,11.490
2026/04/29 15:44:51,581000,11.487
2026/04/29 15:44:51,582000,11.490
2026/04/29 15:44:51,583000,11.493
2026/04/29 15:44:51,584000,11.487
2026/04/29 15:44:51,585000,11.496
2026/04/29 15:44:51,586000,11.485
2026/04/29 15:44:51,587000,11.487
2026/04/29 15:44:51,588000,11.487
2026/04/29 15:44:51,589000,11.485
2026/04/29 15:44:51,590000,11.487
2026/04/29 15:44:51,591000,11.490
2026/04/29 15:44:51,592000,11.487
2026/04/29 15:44:51,593000,11.485
2026/04/29 15:44:51,594000,11.487
2026/04/29 15:44:51,595000,11.487
2026/04/29 15:44:51,596000,11.487
2026/04/29 15:44:51,597000,11.490
2026/04/29 15:44:51,598000,11.493
2026/04/29 15:44:51,599000,11.487
2026/04/29 15:44:51,600000,11.487
2026/04/29 15:44:51,601000,11.490
2026/04/29 15:44:51,602000,11.490
2026/04/29 15:44:51,603000,11.482
2026/04/29 15:44:51,604000,11.485
2026/04/29 15:44:51,605000,11.490
2026/04/29 15:44:51,606000,11.485
2026/04/29 15:44:51,607000,11.490
2026/04/29 15:44:51,608000,11.490
2026/04/29 15:44:51,609000,11.485
2026/04/29 15:44:51,610000,11.496
2026/04/29 15:44:51,611000,11.485
2026/04/29 15:44:51,612000,11.482
2026/04/29 15:44:51,613000,11.490
2026/04/29 15:44:51,614000,11.487
2026/04/29 15:44:51,615000,11.485
2026/04/29 15:44:51,616000,11.493
2026/04/29 15:44:51,617000,11.485
2026/04/29 15:44:51,618000,11.490
2026/04/29 15:44:51,619000,11.487
2026/04/29 15:44:51,620000,11.490
2026/04/29 15:44:51,621000,11.493
2026/04/29 15:44:51,622000,11.485
2026/04/29 15:44:51,623000,11.482
2026/04/29 15:44:51,624000,11.490
2026/04/29 15:44:51,625000,11.487
2026/04/29 15:44:51,626000,11.482
2026/04/29 15:44:51,627000,11.490
2026/04/29 15:44:51,628000,11.490
2026/04/29 15:44:51,629000,11.487
2026/04/29 15:44:51,630000,11.490
2026/04/29 15:44:51,631000,11.493
2026/04/29 15:44:51,632000,11.485
2026/04/29 15:44:51,633000,11.490
2026/04/29 15:44:51,634000,11.487
2026/04/29 15:44:51,635000,11.487
2026/04/29 15:44:51,636000,11.487
2026/04/29 15:44:51,637000,11.496
2026/04/29 15:44:51,638000,11.487
2026/04/29 15:44:51,639000,11.485
2026/04/29 15:44:51,640000,11.487
2026/04/29 15:44:51,641000,11.490
2026/04/29 15:44:51,642000,11.490
2026/04/29 15:44:51,643000,11.485
2026/04/29 15:44:51,644000,11.487
2026/04/29 15:44:51,645000,11.487
2026/04/29 15:44:51,646000,11.485
2026/04/29 15:44:51,647000,11.493
2026/04/29 15:44:51,648000,11.485
2026/04/29 15:44:51,649000,11.490
2026/04/29 15:44:51,650000,11.490
2026/04/29 15:44:51,651000,11.482
2026/04/29 15:44:51,652000,11.493
2026/04/29 15:44:51,653000,11.490
2026/04/29 15:44:51,654000,11.493
2026/04/29 15:44:51,655000,11.490
2026/04/29 15:44:51,656000,11.490
2026/04/29 15:44:51,657000,11.490
2026/04/29 15:44:51,658000,11.493
2026/04/29 15:44:51,659000,11.487
2026/04/29 15:44:51,660000,11.482
2026/04/29 15:44:51,661000,11.490
2026/04/29 15:44:51,662000,11.490
2026/04/29 15:44:51,663000,11.487
2026/04/29 15:44:51,664000,11.487
2026/04/29 15:44:51,665000,11.490
2026/04/29 15:44:51,666000,11.485
2026/04/29 15:44:51,667000,11.490
2026/04/29 15:44:51,668000,11.487
2026/04/29 15:44:51,669000,11.485
2026/04/29 15:44:51,670000,11.490
2026/04/29 15:44:51,671000,11.485
2026/04/29 15:44:51,672000,11.487
2026/04/29 15:44:51,673000,11.487
2026/04/29 15:44:51,674000,11.487
2026/04/29 15:44:51,675000,11.490
2026/04/29 15:44:51,676000,11.482
2026/04/29 15:44:51,677000,11.487
2026/04/29 15:44:51,678000,11.487
2026/04/29 15:44:51,679000,11.493
2026/04/29 15:44:51,680000,11.493
2026/04/29 15:44:51,681000,11.485
2026/04/29 15:44:51,682000,11.487
2026/04/29 15:44:51,683000,11.490
2026/04/29 15:44:51,684000,11.493
2026/04/29 15:44:51,685000,11.490
2026/04/29 15:44:51,686000,11.485
2026/04/29 15:44:51,687000,11.490
2026/04/29 15:44:51,688000,11.490
2026/04/29 15:44:51,689000,11.482
2026/04/29 15:44:51,690000,11.487
2026/04/29 15:44:51,691000,11.490
2026/04/29 15:44:51,692000,11.496
2026/04/29 15:44:51,693000,11.493
2026/04/29 15:44:51,694000,11.490
2026/04/29 15:44:51,695000,11.493
2026/04/29 15:44:51,696000,11.493
2026/04/29 15:44:51,697000,11.490
2026/04/29 15:44:51,698000,11.485
2026/04/29 15:44:51,699000,11.485
2026/04/29 15:44:51,700000,11.487
2026/04/29 15:44:51,701000,11.479
2026/04/29 15:44:51,702000,11.487
2026/04/29 15:44:51,703000,11.485
2026/04/29 15:44:51,704000,11.490
2026/04/29 15:44:51,705000,11.485
2026/04/29 15:44:51,706000,11.487
2026/04/29 15:44:51,707000,11.479
2026/04/29 15:44:51,708000,11.493
2026/04/29 15:44:51,709000,11.493
2026/04/29 15:44:51,710000,11.493
2026/04/29 15:44:51,711000,11.493
2026/04/29 15:44:51,712000,11.493
2026/04/29 15:44:51,713000,11.485
2026/04/29 15:44:51,714000,11.490
2026/04/29 15:44:51,715000,11.485
2026/04/29 15:44:51,716000,11.487
2026/04/29 15:44:51,717000,11.490
2026/04/29 15:44:51,718000,11.496
2026/04/29 15:44:51,719000,11.487
2026/04/29 15:44:51,720000,11.487
2026/04/29 15:44:51,721000,11.487
2026/04/29 15:44:51,722000,11.487
2026/04/29 15:44:51,723000,11.487
2026/04/29 15:44:51,724000,11.485
2026/04/29 15:44:51,725000,11.485
2026/04/29 15:44:51,726000,11.490
2026/04/29 15:44:51,727000,11.490
2026/04/29 15:44:51,728000,11.490
2026/04/29 15:44:51,729000,11.490
2026/04/29 15:44:51,730000,11.490
2026/04/29 15:44:51,731000,11.490
2026/04/29 15:44:51,732000,11.490
2026/04/29 15:44:51,733000,11.487
2026/04/29 15:44:51,734000,11.490
2026/04/29 15:44:51,735000,11.496
2026/04/29 15:44:51,736000,11.490
2026/04/29 15:44:51,737000,11.490
2026/04/29 15:44:51,738000,11.490
2026/04/29 15:44:51,739000,11.482
2026/04/29 15:44:51,740000,11.487
2026/04/29 15:44:51,741000,11.487
2026/04/29 15:44:51,742000,11.487
2026/04/29 15:44:51,743000,11.493
2026/04/29 15:44:51,744000,11.487
2026/04/29 15:44:51,745000,11.482
2026/04/29 15:44:51,746000,11.490
2026/04/29 15:44:51,747000,11.493
2026/04/29 15:44:51,748000,11.493
2026/04/29 15:44:51,749000,11.482
2026/04/29 15:44:51,750000,11.493
2026/04/29 15:44:51,751000,11.487
2026/04/29 15:44:51,752000,11.485
2026/04/29 15:44:51,753000,11.496
2026/04/29 15:44:51,754000,11.490
2026/04/29 15:44:51,755000,11.482
2026/04/29 15:44:51,756000,11.490
2026/04/29 15:44:51,757000,11.487
2026/04/29 15:44:51,758000,11.487
2026/04/29 15:44:51,759000,11.485
2026/04/29 15:44:51,760000,11.485
2026/04/29 15:44:51,761000,11.485
2026/04/29 15:44:51,762000,11.487
2026/04/29 15:44:51,763000,11.493
2026/04/29 15:44:51,764000,11.485
2026/04/29 15:44:51,765000,11.482
2026/04/29 15:44:51,766000,11.482
2026/04/29 15:44:51,767000,11.490
2026/04/29 15:44:51,768000,11.485
2026/04/29 15:44:51,769000,11.485
2026/04/29 15:44:51,770000,11.490
2026/04/29 15:44:51,771000,11.487
2026/04/29 15:44:51,772000,11.485
2026/04/29 15:44:51,773000,11.487
2026/04/29 15:44:51,774000,11.490
2026/04/29 15:44:51,775000,11.493
2026/04/29 15:44:51,776000,11.487
2026/04/29 15:44:51,777000,11.493
2026/04/29 15:44:51,778000,11.490
2026/04/29 15:44:51,779000,11.490
2026/04/29 15:44:51,780000,11.487
2026/04/29 15:44:51,781000,11.485
2026/04/29 15:44:51,782000,11.490
2026/04/29 15:44:51,783000,11.487
2026/04/29 15:44:51,784000,11.490
2026/04/29 15:44:51,785000,11.485
2026/04/29 15:44:51,786000,11.490
2026/04/29 15:44:51,787000,11.490
2026/04/29 15:44:51,788000,11.485
2026/04/29 15:44:51,789000,11.487
2026/04/29 15:44:51,790000,11.479
2026/04/29 15:44:51,791000,11.485
2026/04/29 15:44:51,792000,11.487
2026/04/29 15:44:51,793000,11.490
2026/04/29 15:44:51,794000,11.496
2026/04/29 15:44:51,795000,11.493
2026/04/29 15:44:51,796000,11.487
2026/04/29 15:44:51,797000,11.487
2026/04/29 15:44:51,798000,11.493
2026/04/29 15:44:51,799000,11.487
2026/04/29 15:44:51,800000,11.496
2026/04/29 15:44:51,801000,11.487
2026/04/29 15:44:51,802000,11.487
2026/04/29 15:44:51,803000,11.490
2026/04/29 15:44:51,804000,11.487
2026/04/29 15:44:51,805000,11.490
2026/04/29 15:44:51,806000,11.490
2026/04/29 15:44:51,807000,11.490
2026/04/29 15:44:51,808000,11.487
2026/04/29 15:44:51,809000,11.487
2026/04/29 15:44:51,810000,11.487
2026/04/29 15:44:51,811000,11.493
2026/04/29 15:44:51,812000,11.487
2026/04/29 15:44:51,813000,11.485
2026/04/29 15:44:51,814000,11.487
2026/04/29 15:44:51,815000,11.487
2026/04/29 15:44:51,816000,11.482
2026/04/29 15:44:51,817000,11.487
2026/04/29 15:44:51,818000,11.487
2026/04/29 15:44:51,819000,11.487
2026/04/29 15:44:51,820000,11.487
2026/04/29 15:44:51,821000,11.487
2026/04/29 15:44:51,822000,11.493
2026/04/29 15:44:51,823000,11.479
2026/04/29 15:44:51,824000,11.499
2026/04/29 15:44:51,825000,11.487
2026/04/29 15:44:51,826000,11.493
2026/04/29 15:44:51,827000,11.487
2026/04/29 15:44:51,828000,11.485
2026/04/29 15:44:51,829000,11.487
2026/04/29 15:44:51,830000,11.487
2026/04/29 15:44:51,831000,11.487
2026/04/29 15:44:51,832000,11.490
2026/04/29 15:44:51,833000,11.485
2026/04/29 15:44:51,834000,11.493
2026/04/29 15:44:51,835000,11.490
2026/04/29 15:44:51,836000,11.487
2026/04/29 15:44:51,837000,11.490
2026/04/29 15:44:51,838000,11.487
2026/04/29 15:44:51,839000,11.487
2026/04/29 15:44:51,840000,11.485
2026/04/29 15:44:51,841000,11.487
2026/04/29 15:44:51,842000,11.493
2026/04/29 15:44:51,843000,11.487
2026/04/29 15:44:51,844000,11.482
2026/04/29 15:44:51,845000,11.490
2026/04/29 15:44:51,846000,11.487
2026/04/29 15:44:51,847000,11.487
2026/04/29 15:44:51,848000,11.487
2026/04/29 15:44:51,849000,11.482
2026/04/29 15:44:51,850000,11.485
2026/04/29 15:44:51,851000,11.487
2026/04/29 15:44:51,852000,11.485
2026/04/29 15:44:51,853000,11.493
2026/04/29 15:44:51,854000,11.482
2026/04/29 15:44:51,855000,11.485
2026/04/29 15:44:51,856000,11.482
2026/04/29 15:44:51,857000,11.485
2026/04/29 15:44:51,858000,11.487
2026/04/29 15:44:51,859000,11.485
2026/04/29 15:44:51,860000,11.482
2026/04/29 15:44:51,861000,11.485
2026/04/29 15:44:51,862000,11.487
2026/04/29 15:44:51,863000,11.490
2026/04/29 15:44:51,864000,11.493
2026/04/29 15:44:51,865000,11.487
2026/04/29 15:44:51,866000,11.487
2026/04/29 15:44:51,867000,11.487
2026/04/29 15:44:51,868000,11.487
2026/04/29 15:44:51,869000,11.487
2026/04/29 15:44:51,870000,11.487
2026/04/29 15:44:51,871000,11.487
2026/04/29 15:44:51,872000,11.487
2026/04/29 15:44:51,873000,11.487
2026/04/29 15:44:51,874000,11.487
2026/04/29 15:44:51,875000,11.490
2026/04/29 15:44:51,876000,11.485
2026/04/29 15:44:51,877000,11.493
2026/04/29 15:44:51,878000,11.485
2026/04/29 15:44:51,879000,11.485
2026/04/29 15:44:51,880000,11.487
2026/04/29 15:44:51,881000,11.487
2026/04/29 15:44:51,882000,11.485
2026/04/29 15:44:51,883000,11.485
2026/04/29 15:44:51,884000,11.487
2026/04/29 15:44:51,885000,11.482
2026/04/29 15:44:51,886000,11.485
2026/04/29 15:44:51,887000,11.482
2026/04/29 15:44:51,888000,11.490
2026/04/29 15:44:51,889000,11.482
2026/04/29 15:44:51,890000,11.490
2026/04/29 15:44:51,891000,11.487
2026/04/29 15:44:51,892000,11.487
2026/04/29 15:44:51,893000,11.485
2026/04/29 15:44:51,894000,11.490
2026/04/29 15:44:51,895000,11.485
2026/04/29 15:44:51,896000,11.487
2026/04/29 15:44:51,897000,11.490
2026/04/29 15:44:51,898000,11.493
2026/04/29 15:44:51,899000,11.493
2026/04/29 15:44:51,900000,11.487
2026/04/29 15:44:51,901000,11.487
2026/04/29 15:44:51,902000,11.485
2026/04/29 15:44:51,903000,11.493
2026/04/29 15:44:51,904000,11.490
2026/04/29 15:44:51,905000,11.485
2026/04/29 15:44:51,906000,11.482
2026/04/29 15:44:51,907000,11.490
2026/04/29 15:44:51,908000,11.487
2026/04/29 15:44:51,909000,11.487
2026/04/29 15:44:51,910000,11.487
2026/04/29 15:44:51,911000,11.490
2026/04/29 15:44:51,912000,11.485
2026/04/29 15:44:51,913000,11.487
2026/04/29 15:44:51,914000,11.487
2026/04/29 15:44:51,915000,11.490
2026/04/29 15:44:51,916000,11.485
2026/04/29 15:44:51,917000,11.485
2026/04/29 15:44:51,918000,11.496
2026/04/29 15:44:51,919000,11.482
2026/04/29 15:44:51,920000,11.487
2026/04/29 15:44:51,921000,11.490
2026/04/29 15:44:51,922000,11.490
2026/04/29 15:44:51,923000,11.490
2026/04/29 15:44:51,924000,11.490
2026/04/29 15:44:51,925000,11.482
2026/04/29 15:44:51,926000,11.482
2026/04/29 15:44:51,927000,11.490
2026/04/29 15:44:51,928000,11.487
2026/04/29 15:44:51,929000,11.487
2026/04/29 15:44:51,930000,11.482
2026/04/29 15:44:51,931000,11.482
2026/04/29 15:44:51,932000,11.490
2026/04/29 15:44:51,933000,11.487
2026/04/29 15:44:51,934000,11.490
2026/04/29 15:44:51,935000,11.490
2026/04/29 15:44:51,936000,11.485
2026/04/29 15:44:51,937000,11.490
2026/04/29 15:44:51,938000,11.485
2026/04/29 15:44:51,939000,11.487
2026/04/29 15:44:51,940000,11.493
2026/04/29 15:44:51,941000,11.482
2026/04/29 15:44:51,942000,11.493
2026/04/29 15:44:51,943000,11.487
2026/04/29 15:44:51,944000,11.496
2026/04/29 15:44:51,945000,11.490
2026/04/29 15:44:51,946000,11.490
2026/04/29 15:44:51,947000,11.490
2026/04/29 15:44:51,948000,11.490
2026/04/29 15:44:51,949000,11.493
2026/04/29 15:44:51,950000,11.499
2026/04/29 15:44:51,951000,11.487
2026/04/29 15:44:51,952000,11.487
2026/04/29 15:44:51,953000,11.482
2026/04/29 15:44:51,954000,11.485
2026/04/29 15:44:51,955000,11.490
2026/04/29 15:44:51,956000,11.487
2026/04/29 15:44:51,957000,11.485
2026/04/29 15:44:51,958000,11.485
2026/04/29 15:44:51,959000,11.490
2026/04/29 15:44:51,960000,11.487
2026/04/29 15:44:51,961000,11.490
2026/04/29 15:44:51,962000,11.487
2026/04/29 15:44:51,963000,11.482
2026/04/29 15:44:51,964000,11.485
2026/04/29 15:44:51,965000,11.493
2026/04/29 15:44:51,966000,11.493
2026/04/29 15:44:51,967000,11.487
2026/04/29 15:44:51,968000,11.487
2026/04/29 15:44:51,969000,11.487
2026/04/29 15:44:51,970000,11.490
2026/04/29 15:44:51,971000,11.482
2026/04/29 15:44:51,972000,11.485
2026/04/29 15:44:51,973000,11.490
2026/04/29 15:44:51,974000,11.487
2026/04/29 15:44:51,975000,11.490
2026/04/29 15:44:51,976000,11.487
2026/04/29 15:44:51,977000,11.485
2026/04/29 15:44:51,978000,11.493
2026/04/29 15:44:51,979000,11.482
2026/04/29 15:44:51,980000,11.493
2026/04/29 15:44:51,981000,11.485
2026/04/29 15:44:51,982000,11.490
2026/04/29 15:44:51,983000,11.487
2026/04/29 15:44:51,984000,11.490
2026/04/29 15:44:51,985000,11.487
2026/04/29 15:44:51,986000,11.487
2026/04/29 15:44:51,987000,11.501
2026/04/29 15:44:51,988000,11.487
2026/04/29 15:44:51,989000,11.487
2026/04/29 15:44:51,990000,11.487
2026/04/29 15:44:51,991000,11.487
2026/04/29 15:44:51,992000,11.485
2026/04/29 15:44:51,993000,11.487
2026/04/29 15:44:51,994000,11.487
2026/04/29 15:44:51,995000,11.490
2026/04/29 15:44:51,996000,11.493
2026/04/29 15:44:51,997000,11.487
2026/04/29 15:44:51,998000,11.490
2026/04/29 15:44:51,999000,11.485
2026/04/29 15:44:52,000000,11.493
2026/04/29 15:44:52,001000,11.487
2026/04/29 15:44:52,002000,11.487
2026/04/29 15:44:52,003000,11.490
2026/04/29 15:44:52,004000,11.493
2026/04/29 15:44:52,005000,11.490
2026/04/29 15:44:52,006000,11.490
2026/04/29 15:44:52,007000,11.490
2026/04/29 15:44:52,008000,11.482
2026/04/29 15:44:52,009000,11.493
2026/04/29 15:44:52,010000,11.485
2026/04/29 15:44:52,011000,11.490
2026/04/29 15:44:52,012000,11.476
2026/04/29 15:44:52,013000,11.490
2026/04/29 15:44:52,014000,11.490
2026/04/29 15:44:52,015000,11.493
2026/04/29 15:44:52,016000,11.490
2026/04/29 15:44:52,017000,11.487
2026/04/29 15:44:52,018000,11.487
2026/04/29 15:44:52,019000,11.487
2026/04/29 15:44:52,020000,11.490
2026/04/29 15:44:52,021000,11.490
2026/04/29 15:44:52,022000,11.487
2026/04/29 15:44:52,023000,11.499
2026/04/29 15:44:52,024000,11.490
2026/04/29 15:44:52,025000,11.485
2026/04/29 15:44:52,026000,11.485
2026/04/29 15:44:52,027000,11.490
2026/04/29 15:44:52,028000,11.490
2026/04/29 15:44:52,029000,11.490
2026/04/29 15:44:52,030000,11.487
2026/04/29 15:44:52,031000,11.493
2026/04/29 15:44:52,032000,11.479
2026/04/29 15:44:52,033000,11.490
2026/04/29 15:44:52,034000,11.485
2026/04/29 15:44:52,035000,11.490
2026/04/29 15:44:52,036000,11.490
2026/04/29 15:44:52,037000,11.487
2026/04/29 15:44:52,038000,11.490
2026/04/29 15:44:52,039000,11.493
2026/04/29 15:44:52,040000,11.485
2026/04/29 15:44:52,041000,11.482
2026/04/29 15:44:52,042000,11.493
2026/04/29 15:44:52,043000,11.493
2026/04/29 15:44:52,044000,11.490
2026/04/29 15:44:52,045000,11.490
2026/04/29 15:44:52,046000,11.485
2026/04/29 15:44:52,047000,11.487
2026/04/29 15:44:52,048000,11.485
2026/04/29 15:44:52,049000,11.490
2026/04/29 15:44:52,050000,11.487
2026/04/29 15:44:52,051000,11.493
2026/04/29 15:44:52,052000,11.490
2026/04/29 15:44:52,053000,11.493
2026/04/29 15:44:52,054000,11.487
2026/04/29 15:44:52,055000,11.493
2026/04/29 15:44:52,056000,11.490
2026/04/29 15:44:52,057000,11.493
2026/04/29 15:44:52,058000,11.487
2026/04/29 15:44:52,059000,11.490
2026/04/29 15:44:52,060000,11.487
2026/04/29 15:44:52,061000,11.493
2026/04/29 15:44:52,062000,11.487
2026/04/29 15:44:52,063000,11.490
2026/04/29 15:44:52,064000,11.487
2026/04/29 15:44:52,065000,11.482
2026/04/29 15:44:52,066000,11.496
2026/04/29 15:44:52,067000,11.490
2026/04/29 15:44:52,068000,11.490
2026/04/29 15:44:52,069000,11.487
2026/04/29 15:44:52,070000,11.490
2026/04/29 15:44:52,071000,11.490
2026/04/29 15:44:52,072000,11.482
2026/04/29 15:44:52,073000,11.485
2026/04/29 15:44:52,074000,11.493
2026/04/29 15:44:52,075000,11.490
2026/04/29 15:44:52,076000,11.485
2026/04/29 15:44:52,077000,11.493
2026/04/29 15:44:52,078000,11.490
2026/04/29 15:44:52,079000,11.482
2026/04/29 15:44:52,080000,11.485
2026/04/29 15:44:52,081000,11.487
2026/04/29 15:44:52,082000,11.490
2026/04/29 15:44:52,083000,11.493
2026/04/29 15:44:52,084000,11.490
2026/04/29 15:44:52,085000,11.485
2026/04/29 15:44:52,086000,11.485
2026/04/29 15:44:52,087000,11.487
2026/04/29 15:44:52,088000,11.487
2026/04/29 15:44:52,089000,11.482
2026/04/29 15:44:52,090000,11.490
2026/04/29 15:44:52,091000,11.490
2026/04/29 15:44:52,092000,11.490
2026/04/29 15:44:52,093000,11.487
2026/04/29 15:44:52,094000,11.490
2026/04/29 15:44:52,095000,11.487
2026/04/29 15:44:52,096000,11.490
2026/04/29 15:44:52,097000,11.485
2026/04/29 15:44:52,098000,11.487
2026/04/29 15:44:52,099000,11.487
2026/04/29 15:44:52,100000,11.490
2026/04/29 15:44:52,101000,11.490
2026/04/29 15:44:52,102000,11.493
2026/04/29 15:44:52,103000,11.487
2026/04/29 15:44:52,104000,11.490
2026/04/29 15:44:52,105000,11.490
2026/04/29 15:44:52,106000,11.493
2026/04/29 15:44:52,107000,11.493
2026/04/29 15:44:52,108000,11.487
2026/04/29 15:44:52,109000,11.490
2026/04/29 15:44:52,110000,11.490
2026/04/29 15:44:52,111000,11.485
2026/04/29 15:44:52,112000,11.487
2026/04/29 15:44:52,113000,11.493
2026/04/29 15:44:52,114000,11.493
2026/04/29 15:44:52,115000,11.487
2026/04/29 15:44:52,116000,11.485
2026/04/29 15:44:52,117000,11.493
2026/04/29 15:44:52,118000,11.490
2026/04/29 15:44:52,119000,11.493
2026/04/29 15:44:52,120000,11.493
2026/04/29 15:44:52,121000,11.490
2026/04/29 15:44:52,122000,11.490
2026/04/29 15:44:52,123000,11.490
2026/04/29 15:44:52,124000,11.487
2026/04/29 15:44:52,125000,11.490
2026/04/29 15:44:52,126000,11.490
2026/04/29 15:44:52,127000,11.490
2026/04/29 15:44:52,128000,11.479
2026/04/29 15:44:52,129000,11.490
2026/04/29 15:44:52,130000,11.487
2026/04/29 15:44:52,131000,11.487
2026/04/29 15:44:52,132000,11.487
2026/04/29 15:44:52,133000,11.487
2026/04/29 15:44:52,134000,11.490
2026/04/29 15:44:52,135000,11.490
2026/04/29 15:44:52,136000,11.487
2026/04/29 15:44:52,137000,11.490
2026/04/29 15:44:52,138000,11.490
2026/04/29 15:44:52,139000,11.482
2026/04/29 15:44:52,140000,11.485
2026/04/29 15:44:52,141000,11.490
2026/04/29 15:44:52,142000,11.487
2026/04/29 15:44:52,143000,11.490
2026/04/29 15:44:52,144000,11.490
2026/04/29 15:44:52,145000,11.487
2026/04/29 15:44:52,146000,11.490
2026/04/29 15:44:52,147000,11.493
2026/04/29 15:44:52,148000,11.493
2026/04/29 15:44:52,149000,11.485
2026/04/29 15:44:52,150000,11.490
2026/04/29 15:44:52,151000,11.490
2026/04/29 15:44:52,152000,11.482
2026/04/29 15:44:52,153000,11.487
2026/04/29 15:44:52,154000,11.485
2026/04/29 15:44:52,155000,11.485
2026/04/29 15:44:52,156000,11.493
2026/04/29 15:44:52,157000,11.487
2026/04/29 15:44:52,158000,11.487
2026/04/29 15:44:52,159000,11.493
2026/04/29 15:44:52,160000,11.487
2026/04/29 15:44:52,161000,11.482
2026/04/29 15:44:52,162000,11.490
2026/04/29 15:44:52,163000,11.487
2026/04/29 15:44:52,164000,11.482
2026/04/29 15:44:52,165000,11.493
2026/04/29 15:44:52,166000,11.487
2026/04/29 15:44:52,167000,11.490
2026/04/29 15:44:52,168000,11.487
2026/04/29 15:44:52,169000,11.487
2026/04/29 15:44:52,170000,11.485
2026/04/29 15:44:52,171000,11.487
2026/04/29 15:44:52,172000,11.485
2026/04/29 15:44:52,173000,11.482
2026/04/29 15:44:52,174000,11.487
2026/04/29 15:44:52,175000,11.490
2026/04/29 15:44:52,176000,11.487
2026/04/29 15:44:52,177000,11.490
2026/04/29 15:44:52,178000,11.487
2026/04/29 15:44:52,179000,11.487
2026/04/29 15:44:52,180000,11.487
2026/04/29 15:44:52,181000,11.493
2026/04/29 15:44:52,182000,11.487
2026/04/29 15:44:52,183000,11.490
2026/04/29 15:44:52,184000,11.493
2026/04/29 15:44:52,185000,11.490
2026/04/29 15:44:52,186000,11.490
2026/04/29 15:44:52,187000,11.499
2026/04/29 15:44:52,188000,11.482
2026/04/29 15:44:52,189000,11.487
2026/04/29 15:44:52,190000,11.479
2026/04/29 15:44:52,191000,11.485
2026/04/29 15:44:52,192000,11.487
2026/04/29 15:44:52,193000,11.487
2026/04/29 15:44:52,194000,11.487
2026/04/29 15:44:52,195000,11.485
2026/04/29 15:44:52,196000,11.490
2026/04/29 15:44:52,197000,11.487
2026/04/29 15:44:52,198000,11.487
2026/04/29 15:44:52,199000,11.493
2026/04/29 15:44:52,200000,11.485
2026/04/29 15:44:52,201000,11.493
2026/04/29 15:44:52,202000,11.487
2026/04/29 15:44:52,203000,11.490
2026/04/29 15:44:52,204000,11.487
2026/04/29 15:44:52,205000,11.490
2026/04/29 15:44:52,206000,11.479
2026/04/29 15:44:52,207000,11.490
2026/04/29 15:44:52,208000,11.487
2026/04/29 15:44:52,209000,11.496
2026/04/29 15:44:52,210000,11.490
2026/04/29 15:44:52,211000,11.487
2026/04/29 15:44:52,212000,11.490
2026/04/29 15:44:52,213000,11.490
2026/04/29 15:44:52,214000,11.493
2026/04/29 15:44:52,215000,11.493
2026/04/29 15:44:52,216000,11.482
2026/04/29 15:44:52,217000,11.482
2026/04/29 15:44:52,218000,11.490
2026/04/29 15:44:52,219000,11.487
2026/04/29 15:44:52,220000,11.485
2026/04/29 15:44:52,221000,11.490
2026/04/29 15:44:52,222000,11.490
2026/04/29 15:44:52,223000,11.490
2026/04/29 15:44:52,224000,11.490
2026/04/29 15:44:52,225000,11.485
2026/04/29 15:44:52,226000,11.487
2026/04/29 15:44:52,227000,11.482
2026/04/29 15:44:52,228000,11.490
2026/04/29 15:44:52,229000,11.490
2026/04/29 15:44:52,230000,11.487
2026/04/29 15:44:52,231000,11.485
2026/04/29 15:44:52,232000,11.487
2026/04/29 15:44:52,233000,11.493
2026/04/29 15:44:52,234000,11.487
2026/04/29 15:44:52,235000,11.487
2026/04/29 15:44:52,236000,11.493
2026/04/29 15:44:52,237000,11.490
2026/04/29 15:44:52,238000,11.487
2026/04/29 15:44:52,239000,11.490
2026/04/29 15:44:52,240000,11.487
2026/04/29 15:44:52,241000,11.485
2026/04/29 15:44:52,242000,11.493
2026/04/29 15:44:52,243000,11.479
2026/04/29 15:44:52,244000,11.482
2026/04/29 15:44:52,245000,11.490
2026/04/29 15:44:52,246000,11.493
2026/04/29 15:44:52,247000,11.482
2026/04/29 15:44:52,248000,11.490
2026/04/29 15:44:52,249000,11.485
2026/04/29 15:44:52,250000,11.487
2026/04/29 15:44:52,251000,11.493
2026/04/29 15:44:52,252000,11.493
2026/04/29 15:44:52,253000,11.487
2026/04/29 15:44:52,254000,11.493
2026/04/29 15:44:52,255000,11.482
2026/04/29 15:44:52,256000,11.493
2026/04/29 15:44:52,257000,11.496
2026/04/29 15:44:52,258000,11.490
2026/04/29 15:44:52,259000,11.487
2026/04/29 15:44:52,260000,11.493
2026/04/29 15:44:52,261000,11.487
2026/04/29 15:44:52,262000,11.485
2026/04/29 15:44:52,263000,11.493
2026/04/29 15:44:52,264000,11.490
2026/04/29 15:44:52,265000,11.493
2026/04/29 15:44:52,266000,11.485
2026/04/29 15:44:52,267000,11.485
2026/04/29 15:44:52,268000,11.482
2026/04/29 15:44:52,269000,11.487
2026/04/29 15:44:52,270000,11.487
2026/04/29 15:44:52,271000,11.485
2026/04/29 15:44:52,272000,11.485
2026/04/29 15:44:52,273000,11.482
2026/04/29 15:44:52,274000,11.482
2026/04/29 15:44:52,275000,11.493
2026/04/29 15:44:52,276000,11.487
2026/04/29 15:44:52,277000,11.485
2026/04/29 15:44:52,278000,11.485
2026/04/29 15:44:52,279000,11.487
2026/04/29 15:44:52,280000,11.485
2026/04/29 15:44:52,281000,11.487
2026/04/29 15:44:52,282000,11.493
2026/04/29 15:44:52,283000,11.485
2026/04/29 15:44:52,284000,11.487
2026/04/29 15:44:52,285000,11.493
2026/04/29 15:44:52,286000,11.485
2026/04/29 15:44:52,287000,11.485
2026/04/29 15:44:52,288000,11.490
2026/04/29 15:44:52,289000,11.487
2026/04/29 15:44:52,290000,11.493
2026/04/29 15:44:52,291000,11.487
2026/04/29 15:44:52,292000,11.493
2026/04/29 15:44:52,293000,11.485
2026/04/29 15:44:52,294000,11.487
2026/04/29 15:44:52,295000,11.482
2026/04/29 15:44:52,296000,11.490
2026/04/29 15:44:52,297000,11.490
2026/04/29 15:44:52,298000,11.487
2026/04/29 15:44:52,299000,11.496
2026/04/29 15:44:52,300000,11.485
2026/04/29 15:44:52,301000,11.490
2026/04/29 15:44:52,302000,11.487
2026/04/29 15:44:52,303000,11.487
2026/04/29 15:44:52,304000,11.487
2026/04/29 15:44:52,305000,11.490
2026/04/29 15:44:52,306000,11.482
2026/04/29 15:44:52,307000,11.490
2026/04/29 15:44:52,308000,11.485
2026/04/29 15:44:52,309000,11.487
2026/04/29 15:44:52,310000,11.479
2026/04/29 15:44:52,311000,11.482
2026/04/29 15:44:52,312000,11.482
2026/04/29 15:44:52,313000,11.485
2026/04/29 15:44:52,314000,11.485
2026/04/29 15:44:52,315000,11.493
2026/04/29 15:44:52,316000,11.490
2026/04/29 15:44:52,317000,11.487
2026/04/29 15:44:52,318000,11.485
2026/04/29 15:44:52,319000,11.490
2026/04/29 15:44:52,320000,11.487
2026/04/29 15:44:52,321000,11.490
2026/04/29 15:44:52,322000,11.487
2026/04/29 15:44:52,323000,11.487
2026/04/29 15:44:52,324000,11.493
2026/04/29 15:44:52,325000,11.490
2026/04/29 15:44:52,326000,11.487
2026/04/29 15:44:52,327000,11.490
2026/04/29 15:44:52,328000,11.482
2026/04/29 15:44:52,329000,11.487
2026/04/29 15:44:52,330000,11.490
2026/04/29 15:44:52,331000,11.487
2026/04/29 15:44:52,332000,11.485
2026/04/29 15:44:52,333000,11.487
2026/04/29 15:44:52,334000,11.487
2026/04/29 15:44:52,335000,11.485
2026/04/29 15:44:52,336000,11.487
2026/04/29 15:44:52,337000,11.482
2026/04/29 15:44:52,338000,11.490
2026/04/29 15:44:52,339000,11.490
2026/04/29 15:44:52,340000,11.485
2026/04/29 15:44:52,341000,11.485
2026/04/29 15:44:52,342000,11.493
2026/04/29 15:44:52,343000,11.487
2026/04/29 15:44:52,344000,11.485
2026/04/29 15:44:52,345000,11.482
2026/04/29 15:44:52,346000,11.487
2026/04/29 15:44:52,347000,11.487
2026/04/29 15:44:52,348000,11.490
2026/04/29 15:44:52,349000,11.487
2026/04/29 15:44:52,350000,11.485
2026/04/29 15:44:52,351000,11.490
2026/04/29 15:44:52,352000,11.487
2026/04/29 15:44:52,353000,11.490
2026/04/29 15:44:52,354000,11.487
2026/04/29 15:44:52,355000,11.487
2026/04/29 15:44:52,356000,11.490
2026/04/29 15:44:52,357000,11.487
2026/04/29 15:44:52,358000,11.485
2026/04/29 15:44:52,359000,11.496
2026/04/29 15:44:52,360000,11.490
2026/04/29 15:44:52,361000,11.487
2026/04/29 15:44:52,362000,11.487
2026/04/29 15:44:52,363000,11.490
2026/04/29 15:44:52,364000,11.485
2026/04/29 15:44:52,365000,11.485
2026/04/29 15:44:52,366000,11.485
2026/04/29 15:44:52,367000,11.487
2026/04/29 15:44:52,368000,11.490
2026/04/29 15:44:52,369000,11.485
2026/04/29 15:44:52,370000,11.490
2026/04/29 15:44:52,371000,11.490
2026/04/29 15:44:52,372000,11.493
2026/04/29 15:44:52,373000,11.490
2026/04/29 15:44:52,374000,11.490
2026/04/29 15:44:52,375000,11.493
2026/04/29 15:44:52,376000,11.490
2026/04/29 15:44:52,377000,11.487
2026/04/29 15:44:52,378000,11.490
2026/04/29 15:44:52,379000,11.487
2026/04/29 15:44:52,380000,11.490
2026/04/29 15:44:52,381000,11.490
2026/04/29 15:44:52,382000,11.487
2026/04/29 15:44:52,383000,11.493
2026/04/29 15:44:52,384000,11.487
2026/04/29 15:44:52,385000,11.493
2026/04/29 15:44:52,386000,11.493
2026/04/29 15:44:52,387000,11.490
2026/04/29 15:44:52,388000,11.487
2026/04/29 15:44:52,389000,11.493
2026/04/29 15:44:52,390000,11.485
2026/04/29 15:44:52,391000,11.487
2026/04/29 15:44:52,392000,11.490
2026/04/29 15:44:52,393000,11.487
2026/04/29 15:44:52,394000,11.493
2026/04/29 15:44:52,395000,11.490
2026/04/29 15:44:52,396000,11.487
2026/04/29 15:44:52,397000,11.482
2026/04/29 15:44:52,398000,11.487
2026/04/29 15:44:52,399000,11.493
2026/04/29 15:44:52,400000,11.490
2026/04/29 15:44:52,401000,11.485
2026/04/29 15:44:52,402000,11.487
2026/04/29 15:44:52,403000,11.490
2026/04/29 15:44:52,404000,11.493
2026/04/29 15:44:52,405000,11.487
2026/04/29 15:44:52,406000,11.487
2026/04/29 15:44:52,407000,11.473
2026/04/29 15:44:52,408000,11.490
2026/04/29 15:44:52,409000,11.493
2026/04/29 15:44:52,410000,11.487
2026/04/29 15:44:52,411000,11.490
2026/04/29 15:44:52,412000,11.485
2026/04/29 15:44:52,413000,11.487
2026/04/29 15:44:52,414000,11.485
2026/04/29 15:44:52,415000,11.485
2026/04/29 15:44:52,416000,11.487
2026/04/29 15:44:52,417000,11.487
2026/04/29 15:44:52,418000,11.499
2026/04/29 15:44:52,419000,11.493
2026/04/29 15:44:52,420000,11.487
2026/04/29 15:44:52,421000,11.493
2026/04/29 15:44:52,422000,11.487
2026/04/29 15:44:52,423000,11.485
2026/04/29 15:44:52,424000,11.485
2026/04/29 15:44:52,425000,11.490
2026/04/29 15:44:52,426000,11.490
2026/04/29 15:44:52,427000,11.493
2026/04/29 15:44:52,428000,11.487
2026/04/29 15:44:52,429000,11.485
2026/04/29 15:44:52,430000,11.490
2026/04/29 15:44:52,431000,11.493
2026/04/29 15:44:52,432000,11.487
2026/04/29 15:44:52,433000,11.487
2026/04/29 15:44:52,434000,11.485
2026/04/29 15:44:52,435000,11.487
2026/04/29 15:44:52,436000,11.490
2026/04/29 15:44:52,437000,11.490
2026/04/29 15:44:52,438000,11.482
2026/04/29 15:44:52,439000,11.490
2026/04/29 15:44:52,440000,11.487
2026/04/29 15:44:52,441000,11.496
2026/04/29 15:44:52,442000,11.493
2026/04/29 15:44:52,443000,11.485
2026/04/29 15:44:52,444000,11.487
2026/04/29 15:44:52,445000,11.487
2026/04/29 15:44:52,446000,11.487
2026/04/29 15:44:52,447000,11.490
2026/04/29 15:44:52,448000,11.485
2026/04/29 15:44:52,449000,11.487
2026/04/29 15:44:52,450000,11.485
2026/04/29 15:44:52,451000,11.490
2026/04/29 15:44:52,452000,11.485
2026/04/29 15:44:52,453000,11.487
2026/04/29 15:44:52,454000,11.479
2026/04/29 15:44:52,455000,11.490
2026/04/29 15:44:52,456000,11.490
2026/04/29 15:44:52,457000,11.493
2026/04/29 15:44:52,458000,11.493
2026/04/29 15:44:52,459000,11.490
2026/04/29 15:44:52,460000,11.482
2026/04/29 15:44:52,461000,11.493
2026/04/29 15:44:52,462000,11.487
2026/04/29 15:44:52,463000,11.482
2026/04/29 15:44:52,464000,11.493
2026/04/29 15:44:52,465000,11.490
2026/04/29 15:44:52,466000,11.493
2026/04/29 15:44:52,467000,11.490
2026/04/29 15:44:52,468000,11.490
2026/04/29 15:44:52,469000,11.490
2026/04/29 15:44:52,470000,11.493
2026/04/29 15:44:52,471000,11.490
2026/04/29 15:44:52,472000,11.493
2026/04/29 15:44:52,473000,11.493
2026/04/29 15:44:52,474000,11.490
2026/04/29 15:44:52,475000,11.487
2026/04/29 15:44:52,476000,11.499
2026/04/29 15:44:52,477000,11.487
2026/04/29 15:44:52,478000,11.490
2026/04/29 15:44:52,479000,11.490
2026/04/29 15:44:52,480000,11.490
2026/04/29 15:44:52,481000,11.485
2026/04/29 15:44:52,482000,11.487
2026/04/29 15:44:52,483000,11.482
2026/04/29 15:44:52,484000,11.485
2026/04/29 15:44:52,485000,11.487
2026/04/29 15:44:52,486000,11.487
2026/04/29 15:44:52,487000,11.493
2026/04/29 15:44:52,488000,11.485
2026/04/29 15:44:52,489000,11.487
2026/04/29 15:44:52,490000,11.490
2026/04/29 15:44:52,491000,11.487
2026/04/29 15:44:52,492000,11.487
2026/04/29 15:44:52,493000,11.490
2026/04/29 15:44:52,494000,11.482
2026/04/29 15:44:52,495000,11.493
2026/04/29 15:44:52,496000,11.490
2026/04/29 15:44:52,497000,11.490
2026/04/29 15:44:52,498000,11.487
2026/04/29 15:44:52,499000,11.487
2026/04/29 15:44:52,500000,11.485
2026/04/29 15:44:52,501000,11.490
2026/04/29 15:44:52,502000,11.496
2026/04/29 15:44:52,503000,11.487
2026/04/29 15:44:52,504000,11.485
2026/04/29 15:44:52,505000,11.485
2026/04/29 15:44:52,506000,11.485
2026/04/29 15:44:52,507000,11.485
2026/04/29 15:44:52,508000,11.490
2026/04/29 15:44:52,509000,11.493
2026/04/29 15:44:52,510000,11.485
2026/04/29 15:44:52,511000,11.490
2026/04/29 15:44:52,512000,11.487
2026/04/29 15:44:52,513000,11.487
2026/04/29 15:44:52,514000,11.485
2026/04/29 15:44:52,515000,11.487
2026/04/29 15:44:52,516000,11.485
2026/04/29 15:44:52,517000,11.493
2026/04/29 15:44:52,518000,11.487
2026/04/29 15:44:52,519000,11.490
2026/04/29 15:44:52,520000,11.487
2026/04/29 15:44:52,521000,11.493
2026/04/29 15:44:52,522000,11.487
2026/04/29 15:44:52,523000,11.487
2026/04/29 15:44:52,524000,11.493
2026/04/29 15:44:52,525000,11.490
2026/04/29 15:44:52,526000,11.487
2026/04/29 15:44:52,527000,11.490
2026/04/29 15:44:52,528000,11.487
2026/04/29 15:44:52,529000,11.485
2026/04/29 15:44:52,530000,11.487
2026/04/29 15:44:52,531000,11.487
2026/04/29 15:44:52,532000,11.485
2026/04/29 15:44:52,533000,11.493
2026/04/29 15:44:52,534000,11.485
2026/04/29 15:44:52,535000,11.490
2026/04/29 15:44:52,536000,11.490
2026/04/29 15:44:52,537000,11.487
2026/04/29 15:44:52,538000,11.493
2026/04/29 15:44:52,539000,11.487
2026/04/29 15:44:52,540000,11.487
2026/04/29 15:44:52,541000,11.490
2026/04/29 15:44:52,542000,11.487
2026/04/29 15:44:52,543000,11.487
2026/04/29 15:44:52,544000,11.487
2026/04/29 15:44:52,545000,11.490
2026/04/29 15:44:52,546000,11.493
2026/04/29 15:44:52,547000,11.490
2026/04/29 15:44:52,548000,11.493
2026/04/29 15:44:52,549000,11.490
2026/04/29 15:44:52,550000,11.490
2026/04/29 15:44:52,551000,11.487
2026/04/29 15:44:52,552000,11.487
2026/04/29 15:44:52,553000,11.487
2026/04/29 15:44:52,554000,11.487
2026/04/29 15:44:52,555000,11.485
2026/04/29 15:44:52,556000,11.485
2026/04/29 15:44:52,557000,11.485
2026/04/29 15:44:52,558000,11.487
2026/04/29 15:44:52,559000,11.487
2026/04/29 15:44:52,560000,11.487
2026/04/29 15:44:52,561000,11.493
2026/04/29 15:44:52,562000,11.493
2026/04/29 15:44:52,563000,11.485
2026/04/29 15:44:52,564000,11.487
2026/04/29 15:44:52,565000,11.485
2026/04/29 15:44:52,566000,11.487
2026/04/29 15:44:52,567000,11.479
2026/04/29 15:44:52,568000,11.482
2026/04/29 15:44:52,569000,11.490
2026/04/29 15:44:52,570000,11.490
2026/04/29 15:44:52,571000,11.490
2026/04/29 15:44:52,572000,11.490
2026/04/29 15:44:52,573000,11.485
2026/04/29 15:44:52,574000,11.482
2026/04/29 15:44:52,575000,11.487
2026/04/29 15:44:52,576000,11.482
2026/04/29 15:44:52,577000,11.487
2026/04/29 15:44:52,578000,11.487
2026/04/29 15:44:52,579000,11.490
2026/04/29 15:44:52,580000,11.485
2026/04/29 15:44:52,581000,11.487
2026/04/29 15:44:52,582000,11.490
2026/04/29 15:44:52,583000,11.485
2026/04/29 15:44:52,584000,11.487
2026/04/29 15:44:52,585000,11.485
2026/04/29 15:44:52,586000,11.490
2026/04/29 15:44:52,587000,11.490
2026/04/29 15:44:52,588000,11.487
2026/04/29 15:44:52,589000,11.485
2026/04/29 15:44:52,590000,11.493
2026/04/29 15:44:52,591000,11.490
2026/04/29 15:44:52,592000,11.482
2026/04/29 15:44:52,593000,11.493
2026/04/29 15:44:52,594000,11.490
2026/04/29 15:44:52,595000,11.490
2026/04/29 15:44:52,596000,11.490
2026/04/29 15:44:52,597000,11.490
2026/04/29 15:44:52,598000,11.493
2026/04/29 15:44:52,599000,11.485
2026/04/29 15:44:52,600000,11.482
2026/04/29 15:44:52,601000,11.490
2026/04/29 15:44:52,602000,11.490
2026/04/29 15:44:52,603000,11.485
2026/04/29 15:44:52,604000,11.487
2026/04/29 15:44:52,605000,11.490
2026/04/29 15:44:52,606000,11.490
2026/04/29 15:44:52,607000,11.482
2026/04/29 15:44:52,608000,11.490
2026/04/29 15:44:52,609000,11.490
2026/04/29 15:44:52,610000,11.487
2026/04/29 15:44:52,611000,11.487
2026/04/29 15:44:52,612000,11.482
2026/04/29 15:44:52,613000,11.490
2026/04/29 15:44:52,614000,11.493
2026/04/29 15:44:52,615000,11.493
2026/04/29 15:44:52,616000,11.487
2026/04/29 15:44:52,617000,11.490
2026/04/29 15:44:52,618000,11.490
2026/04/29 15:44:52,619000,11.493
2026/04/29 15:44:52,620000,11.493
2026/04/29 15:44:52,621000,11.496
2026/04/29 15:44:52,622000,11.490
2026/04/29 15:44:52,623000,11.493
2026/04/29 15:44:52,624000,11.485
2026/04/29 15:44:52,625000,11.487
2026/04/29 15:44:52,626000,11.485
2026/04/29 15:44:52,627000,11.485
2026/04/29 15:44:52,628000,11.487
2026/04/29 15:44:52,629000,11.487
2026/04/29 15:44:52,630000,11.485
2026/04/29 15:44:52,631000,11.493
2026/04/29 15:44:52,632000,11.487
2026/04/29 15:44:52,633000,11.482
2026/04/29 15:44:52,634000,11.490
2026/04/29 15:44:52,635000,11.490
2026/04/29 15:44:52,636000,11.490
2026/04/29 15:44:52,637000,11.490
2026/04/29 15:44:52,638000,11.493
2026/04/29 15:44:52,639000,11.487
2026/04/29 15:44:52,640000,11.485
2026/04/29 15:44:52,641000,11.490
2026/04/29 15:44:52,642000,11.485
2026/04/29 15:44:52,643000,11.490
2026/04/29 15:44:52,644000,11.487
2026/04/29 15:44:52,645000,11.487
2026/04/29 15:44:52,646000,11.493
2026/04/29 15:44:52,647000,11.485
2026/04/29 15:44:52,648000,11.487
2026/04/29 15:44:52,649000,11.493
2026/04/29 15:44:52,650000,11.485
2026/04/29 15:44:52,651000,11.487
2026/04/29 15:44:52,652000,11.487
2026/04/29 15:44:52,653000,11.493
2026/04/29 15:44:52,654000,11.485
2026/04/29 15:44:52,655000,11.490
2026/04/29 15:44:52,656000,11.485
2026/04/29 15:44:52,657000,11.487
2026/04/29 15:44:52,658000,11.487
2026/04/29 15:44:52,659000,11.485
2026/04/29 15:44:52,660000,11.493
2026/04/29 15:44:52,661000,11.490
2026/04/29 15:44:52,662000,11.490
2026/04/29 15:44:52,663000,11.490
2026/04/29 15:44:52,664000,11.482
2026/04/29 15:44:52,665000,11.485
2026/04/29 15:44:52,666000,11.490
2026/04/29 15:44:52,667000,11.490
2026/04/29 15:44:52,668000,11.490
2026/04/29 15:44:52,669000,11.487
2026/04/29 15:44:52,670000,11.485
2026/04/29 15:44:52,671000,11.496
2026/04/29 15:44:52,672000,11.499
2026/04/29 15:44:52,673000,11.490
2026/04/29 15:44:52,674000,11.493
2026/04/29 15:44:52,675000,11.490
2026/04/29 15:44:52,676000,11.487
2026/04/29 15:44:52,677000,11.490
2026/04/29 15:44:52,678000,11.487
2026/04/29 15:44:52,679000,11.493
2026/04/29 15:44:52,680000,11.490
2026/04/29 15:44:52,681000,11.490
2026/04/29 15:44:52,682000,11.487
2026/04/29 15:44:52,683000,11.490
2026/04/29 15:44:52,684000,11.487
2026/04/29 15:44:52,685000,11.490
2026/04/29 15:44:52,686000,11.482
2026/04/29 15:44:52,687000,11.490
2026/04/29 15:44:52,688000,11.490
2026/04/29 15:44:52,689000,11.490
2026/04/29 15:44:52,690000,11.487
2026/04/29 15:44:52,691000,11.485
2026/04/29 15:44:52,692000,11.485
2026/04/29 15:44:52,693000,11.487
2026/04/29 15:44:52,694000,11.490
2026/04/29 15:44:52,695000,11.490
2026/04/29 15:44:52,696000,11.487
2026/04/29 15:44:52,697000,11.485
2026/04/29 15:44:52,698000,11.487
2026/04/29 15:44:52,699000,11.490
2026/04/29 15:44:52,700000,11.485
2026/04/29 15:44:52,701000,11.490
2026/04/29 15:44:52,702000,11.487
2026/04/29 15:44:52,703000,11.490
2026/04/29 15:44:52,704000,11.493
2026/04/29 15:44:52,705000,11.490
2026/04/29 15:44:52,706000,11.485
2026/04/29 15:44:52,707000,11.482
2026/04/29 15:44:52,708000,11.496
2026/04/29 15:44:52,709000,11.493
2026/04/29 15:44:52,710000,11.485
2026/04/29 15:44:52,711000,11.482
2026/04/29 15:44:52,712000,11.487
2026/04/29 15:44:52,713000,11.485
2026/04/29 15:44:52,714000,11.485
2026/04/29 15:44:52,715000,11.493
2026/04/29 15:44:52,716000,11.487
2026/04/29 15:44:52,717000,11.487
2026/04/29 15:44:52,718000,11.487
2026/04/29 15:44:52,719000,11.487
2026/04/29 15:44:52,720000,11.485
2026/04/29 15:44:52,721000,11.487
2026/04/29 15:44:52,722000,11.487
2026/04/29 15:44:52,723000,11.493
2026/04/29 15:44:52,724000,11.487
2026/04/29 15:44:52,725000,11.487
2026/04/29 15:44:52,726000,11.490
2026/04/29 15:44:52,727000,11.487
2026/04/29 15:44:52,728000,11.493
2026/04/29 15:44:52,729000,11.487
2026/04/29 15:44:52,730000,11.490
2026/04/29 15:44:52,731000,11.490
2026/04/29 15:44:52,732000,11.490
2026/04/29 15:44:52,733000,11.493
2026/04/29 15:44:52,734000,11.490
2026/04/29 15:44:52,735000,11.490
2026/04/29 15:44:52,736000,11.493
2026/04/29 15:44:52,737000,11.493
2026/04/29 15:44:52,738000,11.487
2026/04/29 15:44:52,739000,11.490
2026/04/29 15:44:52,740000,11.485
2026/04/29 15:44:52,741000,11.493
2026/04/29 15:44:52,742000,11.490
2026/04/29 15:44:52,743000,11.493
2026/04/29 15:44:52,744000,11.490
2026/04/29 15:44:52,745000,11.490
2026/04/29 15:44:52,746000,11.487
2026/04/29 15:44:52,747000,11.485
2026/04/29 15:44:52,748000,11.485
2026/04/29 15:44:52,749000,11.490
2026/04/29 15:44:52,750000,11.487
2026/04/29 15:44:52,751000,11.487
2026/04/29 15:44:52,752000,11.493
2026/04/29 15:44:52,753000,11.485
2026/04/29 15:44:52,754000,11.490
2026/04/29 15:44:52,755000,11.485
2026/04/29 15:44:52,756000,11.490
2026/04/29 15:44:52,757000,11.482
2026/04/29 15:44:52,758000,11.490
2026/04/29 15:44:52,759000,11.485
2026/04/29 15:44:52,760000,11.490
2026/04/29 15:44:52,761000,11.485
2026/04/29 15:44:52,762000,11.487
2026/04/29 15:44:52,763000,11.485
2026/04/29 15:44:52,764000,11.485
2026/04/29 15:44:52,765000,11.493
2026/04/29 15:44:52,766000,11.487
2026/04/29 15:44:52,767000,11.493
2026/04/29 15:44:52,768000,11.487
2026/04/29 15:44:52,769000,11.490
2026/04/29 15:44:52,770000,11.490
2026/04/29 15:44:52,771000,11.493
2026/04/29 15:44:52,772000,11.485
2026/04/29 15:44:52,773000,11.487
2026/04/29 15:44:52,774000,11.490
2026/04/29 15:44:52,775000,11.487
2026/04/29 15:44:52,776000,11.487
2026/04/29 15:44:52,777000,11.479
2026/04/29 15:44:52,778000,11.487
2026/04/29 15:44:52,779000,11.490
2026/04/29 15:44:52,780000,11.487
2026/04/29 15:44:52,781000,11.493
2026/04/29 15:44:52,782000,11.490
2026/04/29 15:44:52,783000,11.490
2026/04/29 15:44:52,784000,11.487
2026/04/29 15:44:52,785000,11.487
2026/04/29 15:44:52,786000,11.485
2026/04/29 15:44:52,787000,11.487
2026/04/29 15:44:52,788000,11.490
2026/04/29 15:44:52,789000,11.490
2026/04/29 15:44:52,790000,11.490
2026/04/29 15:44:52,791000,11.490
2026/04/29 15:44:52,792000,11.487
2026/04/29 15:44:52,793000,11.487
2026/04/29 15:44:52,794000,11.487
2026/04/29 15:44:52,795000,11.490
2026/04/29 15:44:52,796000,11.490
2026/04/29 15:44:52,797000,11.490
2026/04/29 15:44:52,798000,11.490
2026/04/29 15:44:52,799000,11.482
2026/04/29 15:44:52,800000,11.487
2026/04/29 15:44:52,801000,11.485
2026/04/29 15:44:52,802000,11.490
2026/04/29 15:44:52,803000,11.482
2026/04/29 15:44:52,804000,11.490
2026/04/29 15:44:52,805000,11.487
2026/04/29 15:44:52,806000,11.485
2026/04/29 15:44:52,807000,11.487
2026/04/29 15:44:52,808000,11.490
2026/04/29 15:44:52,809000,11.482
2026/04/29 15:44:52,810000,11.487
2026/04/29 15:44:52,811000,11.490
2026/04/29 15:44:52,812000,11.487
2026/04/29 15:44:52,813000,11.487
2026/04/29 15:44:52,814000,11.487
2026/04/29 15:44:52,815000,11.490
2026/04/29 15:44:52,816000,11.490
2026/04/29 15:44:52,817000,11.490
2026/04/29 15:44:52,818000,11.485
2026/04/29 15:44:52,819000,11.485
2026/04/29 15:44:52,820000,11.487
2026/04/29 15:44:52,821000,11.487
2026/04/29 15:44:52,822000,11.496
2026/04/29 15:44:52,823000,11.487
2026/04/29 15:44:52,824000,11.496
2026/04/29 15:44:52,825000,11.485
2026/04/29 15:44:52,826000,11.482
2026/04/29 15:44:52,827000,11.485
2026/04/29 15:44:52,828000,11.496
2026/04/29 15:44:52,829000,11.485
2026/04/29 15:44:52,830000,11.485
2026/04/29 15:44:52,831000,11.490
2026/04/29 15:44:52,832000,11.487
2026/04/29 15:44:52,833000,11.490
2026/04/29 15:44:52,834000,11.487
2026/04/29 15:44:52,835000,11.496
2026/04/29 15:44:52,836000,11.487
2026/04/29 15:44:52,837000,11.482
2026/04/29 15:44:52,838000,11.487
2026/04/29 15:44:52,839000,11.490
2026/04/29 15:44:52,840000,11.493
2026/04/29 15:44:52,841000,11.487
2026/04/29 15:44:52,842000,11.487
2026/04/29 15:44:52,843000,11.490
2026/04/29 15:44:52,844000,11.490
2026/04/29 15:44:52,845000,11.487
2026/04/29 15:44:52,846000,11.482
2026/04/29 15:44:52,847000,11.487
2026/04/29 15:44:52,848000,11.493
2026/04/29 15:44:52,849000,11.485
2026/04/29 15:44:52,850000,11.487
2026/04/29 15:44:52,851000,11.490
2026/04/29 15:44:52,852000,11.485
2026/04/29 15:44:52,853000,11.487
2026/04/29 15:44:52,854000,11.490
2026/04/29 15:44:52,855000,11.490
2026/04/29 15:44:52,856000,11.487
2026/04/29 15:44:52,857000,11.487
2026/04/29 15:44:52,858000,11.490
2026/04/29 15:44:52,859000,11.487
2026/04/29 15:44:52,860000,11.490
2026/04/29 15:44:52,861000,11.490
2026/04/29 15:44:52,862000,11.504
2026/04/29 15:44:52,863000,11.487
2026/04/29 15:44:52,864000,11.479
2026/04/29 15:44:52,865000,11.487
2026/04/29 15:44:52,866000,11.493
2026/04/29 15:44:52,867000,11.490
2026/04/29 15:44:52,868000,11.482
2026/04/29 15:44:52,869000,11.487
2026/04/29 15:44:52,870000,11.490
2026/04/29 15:44:52,871000,11.490
2026/04/29 15:44:52,872000,11.487
2026/04/29 15:44:52,873000,11.493
2026/04/29 15:44:52,874000,11.487
2026/04/29 15:44:52,875000,11.487
2026/04/29 15:44:52,876000,11.482
2026/04/29 15:44:52,877000,11.482
2026/04/29 15:44:52,878000,11.490
2026/04/29 15:44:52,879000,11.487
2026/04/29 15:44:52,880000,11.487
2026/04/29 15:44:52,881000,11.490
2026/04/29 15:44:52,882000,11.490
2026/04/29 15:44:52,883000,11.490
2026/04/29 15:44:52,884000,11.487
2026/04/29 15:44:52,885000,11.490
2026/04/29 15:44:52,886000,11.490
2026/04/29 15:44:52,887000,11.487
2026/04/29 15:44:52,888000,11.487
2026/04/29 15:44:52,889000,11.485
2026/04/29 15:44:52,890000,11.490
2026/04/29 15:44:52,891000,11.487
2026/04/29 15:44:52,892000,11.493
2026/04/29 15:44:52,893000,11.493
2026/04/29 15:44:52,894000,11.493
2026/04/29 15:44:52,895000,11.499
2026/04/29 15:44:52,896000,11.487
2026/04/29 15:44:52,897000,11.490
2026/04/29 15:44:52,898000,11.487
2026/04/29 15:44:52,899000,11.493
2026/04/29 15:44:52,900000,11.499
2026/04/29 15:44:52,901000,11.490
2026/04/29 15:44:52,902000,11.490
2026/04/29 15:44:52,903000,11.490
2026/04/29 15:44:52,904000,11.487
2026/04/29 15:44:52,905000,11.485
2026/04/29 15:44:52,906000,11.490
2026/04/29 15:44:52,907000,11.487
2026/04/29 15:44:52,908000,11.482
2026/04/29 15:44:52,909000,11.487
2026/04/29 15:44:52,910000,11.487
2026/04/29 15:44:52,911000,11.490
2026/04/29 15:44:52,912000,11.493
2026/04/29 15:44:52,913000,11.487
2026/04/29 15:44:52,914000,11.487
2026/04/29 15:44:52,915000,11.482
2026/04/29 15:44:52,916000,11.482
2026/04/29 15:44:52,917000,11.496
2026/04/29 15:44:52,918000,11.493
2026/04/29 15:44:52,919000,11.493
2026/04/29 15:44:52,920000,11.493
2026/04/29 15:44:52,921000,11.490
2026/04/29 15:44:52,922000,11.490
2026/04/29 15:44:52,923000,11.490
2026/04/29 15:44:52,924000,11.490
2026/04/29 15:44:52,925000,11.490
2026/04/29 15:44:52,926000,11.487
2026/04/29 15:44:52,927000,11.490
2026/04/29 15:44:52,928000,11.490
2026/04/29 15:44:52,929000,11.487
2026/04/29 15:44:52,930000,11.487
2026/04/29 15:44:52,931000,11.490
2026/04/29 15:44:52,932000,11.487
2026/04/29 15:44:52,933000,11.490
2026/04/29 15:44:52,934000,11.479
2026/04/29 15:44:52,935000,11.490
2026/04/29 15:44:52,936000,11.493
2026/04/29 15:44:52,937000,11.487
2026/04/29 15:44:52,938000,11.487
2026/04/29 15:44:52,939000,11.493
2026/04/29 15:44:52,940000,11.485
2026/04/29 15:44:52,941000,11.485
2026/04/29 15:44:52,942000,11.490
2026/04/29 15:44:52,943000,11.493
2026/04/29 15:44:52,944000,11.487
2026/04/29 15:44:52,945000,11.482
2026/04/29 15:44:52,946000,11.490
2026/04/29 15:44:52,947000,11.499
2026/04/29 15:44:52,948000,11.485
2026/04/29 15:44:52,949000,11.490
2026/04/29 15:44:52,950000,11.490
2026/04/29 15:44:52,951000,11.490
2026/04/29 15:44:52,952000,11.479
2026/04/29 15:44:52,953000,11.485
2026/04/29 15:44:52,954000,11.487
2026/04/29 15:44:52,955000,11.493
2026/04/29 15:44:52,956000,11.482
2026/04/29 15:44:52,957000,11.487
2026/04/29 15:44:52,958000,11.490
2026/04/29 15:44:52,959000,11.487
2026/04/29 15:44:52,960000,11.490
2026/04/29 15:44:52,961000,11.490
2026/04/29 15:44:52,962000,11.485
2026/04/29 15:44:52,963000,11.479
2026/04/29 15:44:52,964000,11.490
2026/04/29 15:44:52,965000,11.493
2026/04/29 15:44:52,966000,11.493
2026/04/29 15:44:52,967000,11.490
2026/04/29 15:44:52,968000,11.485
2026/04/29 15:44:52,969000,11.487
2026/04/29 15:44:52,970000,11.490
2026/04/29 15:44:52,971000,11.487
2026/04/29 15:44:52,972000,11.490
2026/04/29 15:44:52,973000,11.485
2026/04/29 15:44:52,974000,11.493
2026/04/29 15:44:52,975000,11.487
2026/04/29 15:44:52,976000,11.485
2026/04/29 15:44:52,977000,11.487
2026/04/29 15:44:52,978000,11.490
2026/04/29 15:44:52,979000,11.493
2026/04/29 15:44:52,980000,11.487
2026/04/29 15:44:52,981000,11.487
2026/04/29 15:44:52,982000,11.490
2026/04/29 15:44:52,983000,11.487
2026/04/29 15:44:52,984000,11.490
2026/04/29 15:44:52,985000,11.487
2026/04/29 15:44:52,986000,11.487
2026/04/29 15:44:52,987000,11.490
2026/04/29 15:44:52,988000,11.487
2026/04/29 15:44:52,989000,11.493
2026/04/29 15:44:52,990000,11.490
2026/04/29 15:44:52,991000,11.487
2026/04/29 15:44:52,992000,11.487
2026/04/29 15:44:52,993000,11.490
2026/04/29 15:44:52,994000,11.487
2026/04/29 15:44:52,995000,11.487
2026/04/29 15:44:52,996000,11.490
2026/04/29 15:44:52,997000,11.485
2026/04/29 15:44:52,998000,11.487
2026/04/29 15:44:52,999000,11.482
2026/04/29 15:44:53,000000,11.485
2026/04/29 15:44:53,001000,11.493
2026/04/29 15:44:53,002000,11.493
2026/04/29 15:44:53,003000,11.490
2026/04/29 15:44:53,004000,11.485
2026/04/29 15:44:53,005000,11.487
2026/04/29 15:44:53,006000,11.482
2026/04/29 15:44:53,007000,11.487
2026/04/29 15:44:53,008000,11.490
2026/04/29 15:44:53,009000,11.490
2026/04/29 15:44:53,010000,11.493
2026/04/29 15:44:53,011000,11.496
2026/04/29 15:44:53,012000,11.485
2026/04/29 15:44:53,013000,11.485
2026/04/29 15:44:53,014000,11.490
2026/04/29 15:44:53,015000,11.496
2026/04/29 15:44:53,016000,11.490
2026/04/29 15:44:53,017000,11.490
2026/04/29 15:44:53,018000,11.490
2026/04/29 15:44:53,019000,11.487
2026/04/29 15:44:53,020000,11.490
2026/04/29 15:44:53,021000,11.487
2026/04/29 15:44:53,022000,11.485
2026/04/29 15:44:53,023000,11.487
2026/04/29 15:44:53,024000,11.490
2026/04/29 15:44:53,025000,11.487
2026/04/29 15:44:53,026000,11.490
2026/04/29 15:44:53,027000,11.487
2026/04/29 15:44:53,028000,11.485
2026/04/29 15:44:53,029000,11.493
2026/04/29 15:44:53,030000,11.487
2026/04/29 15:44:53,031000,11.487
2026/04/29 15:44:53,032000,11.490
2026/04/29 15:44:53,033000,11.490
2026/04/29 15:44:53,034000,11.487
2026/04/29 15:44:53,035000,11.485
2026/04/29 15:44:53,036000,11.485
2026/04/29 15:44:53,037000,11.487
2026/04/29 15:44:53,038000,11.490
2026/04/29 15:44:53,039000,11.487
2026/04/29 15:44:53,040000,11.490
2026/04/29 15:44:53,041000,11.485
2026/04/29 15:44:53,042000,11.490
2026/04/29 15:44:53,043000,11.490
2026/04/29 15:44:53,044000,11.490
2026/04/29 15:44:53,045000,11.487
2026/04/29 15:44:53,046000,11.485
2026/04/29 15:44:53,047000,11.493
2026/04/29 15:44:53,048000,11.487
2026/04/29 15:44:53,049000,11.487
2026/04/29 15:44:53,050000,11.487
2026/04/29 15:44:53,051000,11.493
2026/04/29 15:44:53,052000,11.490
2026/04/29 15:44:53,053000,11.485
2026/04/29 15:44:53,054000,11.493
2026/04/29 15:44:53,055000,11.490
2026/04/29 15:44:53,056000,11.490
2026/04/29 15:44:53,057000,11.490
2026/04/29 15:44:53,058000,11.496
2026/04/29 15:44:53,059000,11.487
2026/04/29 15:44:53,060000,11.487
2026/04/29 15:44:53,061000,11.487
2026/04/29 15:44:53,062000,11.496
2026/04/29 15:44:53,063000,11.485
2026/04/29 15:44:53,064000,11.485
2026/04/29 15:44:53,065000,11.499
2026/04/29 15:44:53,066000,11.487
2026/04/29 15:44:53,067000,11.493
2026/04/29 15:44:53,068000,11.482
2026/04/29 15:44:53,069000,11.499
2026/04/29 15:44:53,070000,11.485
2026/04/29 15:44:53,071000,11.490
2026/04/29 15:44:53,072000,11.490
2026/04/29 15:44:53,073000,11.487
2026/04/29 15:44:53,074000,11.485
2026/04/29 15:44:53,075000,11.485
2026/04/29 15:44:53,076000,11.487
2026/04/29 15:44:53,077000,11.487
2026/04/29 15:44:53,078000,11.490
2026/04/29 15:44:53,079000,11.485
2026/04/29 15:44:53,080000,11.482
2026/04/29 15:44:53,081000,11.496
2026/04/29 15:44:53,082000,11.493
2026/04/29 15:44:53,083000,11.479
2026/04/29 15:44:53,084000,11.485
2026/04/29 15:44:53,085000,11.487
2026/04/29 15:44:53,086000,11.490
2026/04/29 15:44:53,087000,11.493
2026/04/29 15:44:53,088000,11.490
2026/04/29 15:44:53,089000,11.487
2026/04/29 15:44:53,090000,11.490
2026/04/29 15:44:53,091000,11.490
2026/04/29 15:44:53,092000,11.490
2026/04/29 15:44:53,093000,11.485
2026/04/29 15:44:53,094000,11.485
2026/04/29 15:44:53,095000,11.487
2026/04/29 15:44:53,096000,11.487
2026/04/29 15:44:53,097000,11.490
2026/04/29 15:44:53,098000,11.493
2026/04/29 15:44:53,099000,11.493
2026/04/29 15:44:53,100000,11.490
2026/04/29 15:44:53,101000,11.490
2026/04/29 15:44:53,102000,11.487
2026/04/29 15:44:53,103000,11.487
2026/04/29 15:44:53,104000,11.485
2026/04/29 15:44:53,105000,11.487
2026/04/29 15:44:53,106000,11.490
2026/04/29 15:44:53,107000,11.490
2026/04/29 15:44:53,108000,11.490
2026/04/29 15:44:53,109000,11.487
2026/04/29 15:44:53,110000,11.485
2026/04/29 15:44:53,111000,11.485
2026/04/29 15:44:53,112000,11.493
2026/04/29 15:44:53,113000,11.490
2026/04/29 15:44:53,114000,11.490
2026/04/29 15:44:53,115000,11.487
2026/04/29 15:44:53,116000,11.485
2026/04/29 15:44:53,117000,11.487
2026/04/29 15:44:53,118000,11.487
2026/04/29 15:44:53,119000,11.485
2026/04/29 15:44:53,120000,11.485
2026/04/29 15:44:53,121000,11.487
2026/04/29 15:44:53,122000,11.487
2026/04/29 15:44:53,123000,11.490
2026/04/29 15:44:53,124000,11.493
2026/04/29 15:44:53,125000,11.487
2026/04/29 15:44:53,126000,11.490
2026/04/29 15:44:53,127000,11.485
2026/04/29 15:44:53,128000,11.487
2026/04/29 15:44:53,129000,11.493
2026/04/29 15:44:53,130000,11.487
2026/04/29 15:44:53,131000,11.487
2026/04/29 15:44:53,132000,11.493
2026/04/29 15:44:53,133000,11.485
2026/04/29 15:44:53,134000,11.485
2026/04/29 15:44:53,135000,11.487
2026/04/29 15:44:53,136000,11.499
2026/04/29 15:44:53,137000,11.482
2026/04/29 15:44:53,138000,11.487
2026/04/29 15:44:53,139000,11.490
2026/04/29 15:44:53,140000,11.487
2026/04/29 15:44:53,141000,11.490
2026/04/29 15:44:53,142000,11.485
2026/04/29 15:44:53,143000,11.490
2026/04/29 15:44:53,144000,11.487
2026/04/29 15:44:53,145000,11.493
2026/04/29 15:44:53,146000,11.493
2026/04/29 15:44:53,147000,11.487
2026/04/29 15:44:53,148000,11.487
2026/04/29 15:44:53,149000,11.490
2026/04/29 15:44:53,150000,11.485
2026/04/29 15:44:53,151000,11.490
2026/04/29 15:44:53,152000,11.490
2026/04/29 15:44:53,153000,11.496
2026/04/29 15:44:53,154000,11.490
2026/04/29 15:44:53,155000,11.485
2026/04/29 15:44:53,156000,11.493
2026/04/29 15:44:53,157000,11.482
2026/04/29 15:44:53,158000,11.487
2026/04/29 15:44:53,159000,11.490
2026/04/29 15:44:53,160000,11.490
2026/04/29 15:44:53,161000,11.485
2026/04/29 15:44:53,162000,11.490
2026/04/29 15:44:53,163000,11.490
2026/04/29 15:44:53,164000,11.499
2026/04/29 15:44:53,165000,11.485
2026/04/29 15:44:53,166000,11.485
2026/04/29 15:44:53,167000,11.482
2026/04/29 15:44:53,168000,11.487
2026/04/29 15:44:53,169000,11.487
2026/04/29 15:44:53,170000,11.487
2026/04/29 15:44:53,171000,11.487
2026/04/29 15:44:53,172000,11.490
2026/04/29 15:44:53,173000,11.490
2026/04/29 15:44:53,174000,11.490
2026/04/29 15:44:53,175000,11.490
2026/04/29 15:44:53,176000,11.479
2026/04/29 15:44:53,177000,11.493
2026/04/29 15:44:53,178000,11.487
2026/04/29 15:44:53,179000,11.485
2026/04/29 15:44:53,180000,11.487
2026/04/29 15:44:53,181000,11.493
2026/04/29 15:44:53,182000,11.490
2026/04/29 15:44:53,183000,11.487
2026/04/29 15:44:53,184000,11.493
2026/04/29 15:44:53,185000,11.485
2026/04/29 15:44:53,186000,11.490
2026/04/29 15:44:53,187000,11.487
2026/04/29 15:44:53,188000,11.487
2026/04/29 15:44:53,189000,11.487
2026/04/29 15:44:53,190000,11.493
2026/04/29 15:44:53,191000,11.493
2026/04/29 15:44:53,192000,11.487
2026/04/29 15:44:53,193000,11.487
2026/04/29 15:44:53,194000,11.496
2026/04/29 15:44:53,195000,11.487
2026/04/29 15:44:53,196000,11.490
2026/04/29 15:44:53,197000,11.485
2026/04/29 15:44:53,198000,11.490
2026/04/29 15:44:53,199000,11.487
2026/04/29 15:44:53,200000,11.490
2026/04/29 15:44:53,201000,11.487
2026/04/29 15:44:53,202000,11.490
2026/04/29 15:44:53,203000,11.487
2026/04/29 15:44:53,204000,11.496
2026/04/29 15:44:53,205000,11.493
2026/04/29 15:44:53,206000,11.490
2026/04/29 15:44:53,207000,11.496
2026/04/29 15:44:53,208000,11.487
2026/04/29 15:44:53,209000,11.493
2026/04/29 15:44:53,210000,11.482
2026/04/29 15:44:53,211000,11.487
2026/04/29 15:44:53,212000,11.487
2026/04/29 15:44:53,213000,11.485
2026/04/29 15:44:53,214000,11.493
2026/04/29 15:44:53,215000,11.482
2026/04/29 15:44:53,216000,11.490
2026/04/29 15:44:53,217000,11.485
2026/04/29 15:44:53,218000,11.490
2026/04/29 15:44:53,219000,11.490
2026/04/29 15:44:53,220000,11.485
2026/04/29 15:44:53,221000,11.487
2026/04/29 15:44:53,222000,11.485
2026/04/29 15:44:53,223000,11.485
2026/04/29 15:44:53,224000,11.487
2026/04/29 15:44:53,225000,11.493
2026/04/29 15:44:53,226000,11.487
2026/04/29 15:44:53,227000,11.496
2026/04/29 15:44:53,228000,11.487
2026/04/29 15:44:53,229000,11.487
2026/04/29 15:44:53,230000,11.490
2026/04/29 15:44:53,231000,11.490
2026/04/29 15:44:53,232000,11.487
2026/04/29 15:44:53,233000,11.490
2026/04/29 15:44:53,234000,11.490
2026/04/29 15:44:53,235000,11.487
2026/04/29 15:44:53,236000,11.490
2026/04/29 15:44:53,237000,11.487
2026/04/29 15:44:53,238000,11.490
2026/04/29 15:44:53,239000,11.490
2026/04/29 15:44:53,240000,11.490
2026/04/29 15:44:53,241000,11.490
2026/04/29 15:44:53,242000,11.487
2026/04/29 15:44:53,243000,11.487
2026/04/29 15:44:53,244000,11.493
2026/04/29 15:44:53,245000,11.482
2026/04/29 15:44:53,246000,11.487
2026/04/29 15:44:53,247000,11.485
2026/04/29 15:44:53,248000,11.487
2026/04/29 15:44:53,249000,11.496
2026/04/29 15:44:53,250000,11.485
2026/04/29 15:44:53,251000,11.487
2026/04/29 15:44:53,252000,11.485
2026/04/29 15:44:53,253000,11.487
2026/04/29 15:44:53,254000,11.487
2026/04/29 15:44:53,255000,11.493
2026/04/29 15:44:53,256000,11.487
2026/04/29 15:44:53,257000,11.485
2026/04/29 15:44:53,258000,11.490
2026/04/29 15:44:53,259000,11.487
2026/04/29 15:44:53,260000,11.487
2026/04/29 15:44:53,261000,11.487
2026/04/29 15:44:53,262000,11.487
2026/04/29 15:44:53,263000,11.487
2026/04/29 15:44:53,264000,11.490
2026/04/29 15:44:53,265000,11.490
2026/04/29 15:44:53,266000,11.490
2026/04/29 15:44:53,267000,11.490
2026/04/29 15:44:53,268000,11.485
2026/04/29 15:44:53,269000,11.490
2026/04/29 15:44:53,270000,11.490
2026/04/29 15:44:53,271000,11.487
2026/04/29 15:44:53,272000,11.487
2026/04/29 15:44:53,273000,11.487
2026/04/29 15:44:53,274000,11.490
2026/04/29 15:44:53,275000,11.490
2026/04/29 15:44:53,276000,11.487
2026/04/29 15:44:53,277000,11.490
2026/04/29 15:44:53,278000,11.490
2026/04/29 15:44:53,279000,11.487
2026/04/29 15:44:53,280000,11.493
2026/04/29 15:44:53,281000,11.493
2026/04/29 15:44:53,282000,11.482
2026/04/29 15:44:53,283000,11.493
2026/04/29 15:44:53,284000,11.493
2026/04/29 15:44:53,285000,11.479
2026/04/29 15:44:53,286000,11.493
2026/04/29 15:44:53,287000,11.487
2026/04/29 15:44:53,288000,11.490
2026/04/29 15:44:53,289000,11.487
2026/04/29 15:44:53,290000,11.490
2026/04/29 15:44:53,291000,11.485
2026/04/29 15:44:53,292000,11.485
2026/04/29 15:44:53,293000,11.487
2026/04/29 15:44:53,294000,11.490
2026/04/29 15:44:53,295000,11.485
2026/04/29 15:44:53,296000,11.482
2026/04/29 15:44:53,297000,11.485
2026/04/29 15:44:53,298000,11.490
2026/04/29 15:44:53,299000,11.493
2026/04/29 15:44:53,300000,11.490
2026/04/29 15:44:53,301000,11.493
2026/04/29 15:44:53,302000,11.487
2026/04/29 15:44:53,303000,11.493
2026/04/29 15:44:53,304000,11.490
2026/04/29 15:44:53,305000,11.490
2026/04/29 15:44:53,306000,11.487
2026/04/29 15:44:53,307000,11.490
2026/04/29 15:44:53,308000,11.490
2026/04/29 15:44:53,309000,11.490
2026/04/29 15:44:53,310000,11.490
2026/04/29 15:44:53,311000,11.487
2026/04/29 15:44:53,312000,11.487
2026/04/29 15:44:53,313000,11.482
2026/04/29 15:44:53,314000,11.490
2026/04/29 15:44:53,315000,11.490
2026/04/29 15:44:53,316000,11.493
2026/04/29 15:44:53,317000,11.493
2026/04/29 15:44:53,318000,11.487
2026/04/29 15:44:53,319000,11.485
2026/04/29 15:44:53,320000,11.490
2026/04/29 15:44:53,321000,11.490
2026/04/29 15:44:53,322000,11.493
2026/04/29 15:44:53,323000,11.501
2026/04/29 15:44:53,324000,11.487
2026/04/29 15:44:53,325000,11.487
2026/04/29 15:44:53,326000,11.485
2026/04/29 15:44:53,327000,11.490
2026/04/29 15:44:53,328000,11.490
2026/04/29 15:44:53,329000,11.487
2026/04/29 15:44:53,330000,11.490
2026/04/29 15:44:53,331000,11.485
2026/04/29 15:44:53,332000,11.485
2026/04/29 15:44:53,333000,11.485
2026/04/29 15:44:53,334000,11.485
2026/04/29 15:44:53,335000,11.493
2026/04/29 15:44:53,336000,11.487
2026/04/29 15:44:53,337000,11.487
2026/04/29 15:44:53,338000,11.487
2026/04/29 15:44:53,339000,11.485
2026/04/29 15:44:53,340000,11.487
2026/04/29 15:44:53,341000,11.493
2026/04/29 15:44:53,342000,11.482
2026/04/29 15:44:53,343000,11.487
2026/04/29 15:44:53,344000,11.487
2026/04/29 15:44:53,345000,11.490
2026/04/29 15:44:53,346000,11.490
2026/04/29 15:44:53,347000,11.485
2026/04/29 15:44:53,348000,11.490
2026/04/29 15:44:53,349000,11.485
2026/04/29 15:44:53,350000,11.485
2026/04/29 15:44:53,351000,11.487
2026/04/29 15:44:53,352000,11.487
2026/04/29 15:44:53,353000,11.490
2026/04/29 15:44:53,354000,11.487
2026/04/29 15:44:53,355000,11.490
2026/04/29 15:44:53,356000,11.485
2026/04/29 15:44:53,357000,11.490
2026/04/29 15:44:53,358000,11.493
2026/04/29 15:44:53,359000,11.493
2026/04/29 15:44:53,360000,11.493
2026/04/29 15:44:53,361000,11.476
2026/04/29 15:44:53,362000,11.493
2026/04/29 15:44:53,363000,11.487
2026/04/29 15:44:53,364000,11.493
2026/04/29 15:44:53,365000,11.487
2026/04/29 15:44:53,366000,11.487
2026/04/29 15:44:53,367000,11.490
2026/04/29 15:44:53,368000,11.490
2026/04/29 15:44:53,369000,11.490
2026/04/29 15:44:53,370000,11.487
2026/04/29 15:44:53,371000,11.487
2026/04/29 15:44:53,372000,11.482
2026/04/29 15:44:53,373000,11.487
2026/04/29 15:44:53,374000,11.485
2026/04/29 15:44:53,375000,11.485
2026/04/29 15:44:53,376000,11.490
2026/04/29 15:44:53,377000,11.487
2026/04/29 15:44:53,378000,11.487
2026/04/29 15:44:53,379000,11.485
2026/04/29 15:44:53,380000,11.490
2026/04/29 15:44:53,381000,11.490
2026/04/29 15:44:53,382000,11.485
2026/04/29 15:44:53,383000,11.485
2026/04/29 15:44:53,384000,11.493
2026/04/29 15:44:53,385000,11.487
2026/04/29 15:44:53,386000,11.487
2026/04/29 15:44:53,387000,11.493
2026/04/29 15:44:53,388000,11.487
2026/04/29 15:44:53,389000,11.490
2026/04/29 15:44:53,390000,11.485
2026/04/29 15:44:53,391000,11.482
2026/04/29 15:44:53,392000,11.487
2026/04/29 15:44:53,393000,11.482
2026/04/29 15:44:53,394000,11.487
2026/04/29 15:44:53,395000,11.499
2026/04/29 15:44:53,396000,11.487
2026/04/29 15:44:53,397000,11.482
2026/04/29 15:44:53,398000,11.487
2026/04/29 15:44:53,399000,11.485
2026/04/29 15:44:53,400000,11.485
2026/04/29 15:44:53,401000,11.493
2026/04/29 15:44:53,402000,11.490
2026/04/29 15:44:53,403000,11.487
2026/04/29 15:44:53,404000,11.487
2026/04/29 15:44:53,405000,11.485
2026/04/29 15:44:53,406000,11.487
2026/04/29 15:44:53,407000,11.493
2026/04/29 15:44:53,408000,11.487
2026/04/29 15:44:53,409000,11.485
2026/04/29 15:44:53,410000,11.490
2026/04/29 15:44:53,411000,11.490
2026/04/29 15:44:53,412000,11.490
2026/04/29 15:44:53,413000,11.490
2026/04/29 15:44:53,414000,11.482
2026/04/29 15:44:53,415000,11.482
2026/04/29 15:44:53,416000,11.493
2026/04/29 15:44:53,417000,11.490
2026/04/29 15:44:53,418000,11.490
2026/04/29 15:44:53,419000,11.482
2026/04/29 15:44:53,420000,11.487
2026/04/29 15:44:53,421000,11.482
2026/04/29 15:44:53,422000,11.490
2026/04/29 15:44:53,423000,11.487
2026/04/29 15:44:53,424000,11.485
2026/04/29 15:44:53,425000,11.487
2026/04/29 15:44:53,426000,11.487
2026/04/29 15:44:53,427000,11.482
2026/04/29 15:44:53,428000,11.490
2026/04/29 15:44:53,429000,11.485
2026/04/29 15:44:53,430000,11.487
2026/04/29 15:44:53,431000,11.493
2026/04/29 15:44:53,432000,11.485
2026/04/29 15:44:53,433000,11.487
2026/04/29 15:44:53,434000,11.490
2026/04/29 15:44:53,435000,11.485
2026/04/29 15:44:53,436000,11.487
2026/04/29 15:44:53,437000,11.493
2026/04/29 15:44:53,438000,11.490
2026/04/29 15:44:53,439000,11.490
2026/04/29 15:44:53,440000,11.490
2026/04/29 15:44:53,441000,11.490
2026/04/29 15:44:53,442000,11.487
2026/04/29 15:44:53,443000,11.485
2026/04/29 15:44:53,444000,11.490
2026/04/29 15:44:53,445000,11.479
2026/04/29 15:44:53,446000,11.487
2026/04/29 15:44:53,447000,11.487
2026/04/29 15:44:53,448000,11.490
2026/04/29 15:44:53,449000,11.482
2026/04/29 15:44:53,450000,11.490
2026/04/29 15:44:53,451000,11.490
2026/04/29 15:44:53,452000,11.485
2026/04/29 15:44:53,453000,11.487
2026/04/29 15:44:53,454000,11.490
2026/04/29 15:44:53,455000,11.487
2026/04/29 15:44:53,456000,11.490
2026/04/29 15:44:53,457000,11.490
2026/04/29 15:44:53,458000,11.487
2026/04/29 15:44:53,459000,11.493
2026/04/29 15:44:53,460000,11.487
2026/04/29 15:44:53,461000,11.487
2026/04/29 15:44:53,462000,11.487
2026/04/29 15:44:53,463000,11.487
2026/04/29 15:44:53,464000,11.493
2026/04/29 15:44:53,465000,11.490
2026/04/29 15:44:53,466000,11.485
2026/04/29 15:44:53,467000,11.485
2026/04/29 15:44:53,468000,11.490
2026/04/29 15:44:53,469000,11.487
2026/04/29 15:44:53,470000,11.490
2026/04/29 15:44:53,471000,11.487
2026/04/29 15:44:53,472000,11.485
2026/04/29 15:44:53,473000,11.487
2026/04/29 15:44:53,474000,11.496
2026/04/29 15:44:53,475000,11.490
2026/04/29 15:44:53,476000,11.487
2026/04/29 15:44:53,477000,11.490
2026/04/29 15:44:53,478000,11.490
2026/04/29 15:44:53,479000,11.482
2026/04/29 15:44:53,480000,11.487
2026/04/29 15:44:53,481000,11.482
2026/04/29 15:44:53,482000,11.479
2026/04/29 15:44:53,483000,11.490
2026/04/29 15:44:53,484000,11.490
2026/04/29 15:44:53,485000,11.490
2026/04/29 15:44:53,486000,11.490
2026/04/29 15:44:53,487000,11.490
2026/04/29 15:44:53,488000,11.493
2026/04/29 15:44:53,489000,11.490
2026/04/29 15:44:53,490000,11.482
2026/04/29 15:44:53,491000,11.490
2026/04/29 15:44:53,492000,11.507
2026/04/29 15:44:53,493000,11.487
2026/04/29 15:44:53,494000,11.487
2026/04/29 15:44:53,495000,11.482
2026/04/29 15:44:53,496000,11.487
2026/04/29 15:44:53,497000,11.487
2026/04/29 15:44:53,498000,11.493
2026/04/29 15:44:53,499000,11.482
2026/04/29 15:44:53,500000,11.487
2026/04/29 15:44:53,501000,11.493
2026/04/29 15:44:53,502000,11.490
2026/04/29 15:44:53,503000,11.487
2026/04/29 15:44:53,504000,11.490
2026/04/29 15:44:53,505000,11.485
2026/04/29 15:44:53,506000,11.487
2026/04/29 15:44:53,507000,11.490
2026/04/29 15:44:53,508000,11.482
2026/04/29 15:44:53,509000,11.487
2026/04/29 15:44:53,510000,11.496
2026/04/29 15:44:53,511000,11.487
2026/04/29 15:44:53,512000,11.490
2026/04/29 15:44:53,513000,11.482
2026/04/29 15:44:53,514000,11.485
2026/04/29 15:44:53,515000,11.490
2026/04/29 15:44:53,516000,11.485
2026/04/29 15:44:53,517000,11.490
2026/04/29 15:44:53,518000,11.490
2026/04/29 15:44:53,519000,11.499
2026/04/29 15:44:53,520000,11.487
2026/04/29 15:44:53,521000,11.487
2026/04/29 15:44:53,522000,11.487
2026/04/29 15:44:53,523000,11.490
2026/04/29 15:44:53,524000,11.490
2026/04/29 15:44:53,525000,11.482
2026/04/29 15:44:53,526000,11.485
2026/04/29 15:44:53,527000,11.487
2026/04/29 15:44:53,528000,11.485
2026/04/29 15:44:53,529000,11.490
2026/04/29 15:44:53,530000,11.487
2026/04/29 15:44:53,531000,11.487
2026/04/29 15:44:53,532000,11.493
2026/04/29 15:44:53,533000,11.485
2026/04/29 15:44:53,534000,11.490
2026/04/29 15:44:53,535000,11.487
2026/04/29 15:44:53,536000,11.487
2026/04/29 15:44:53,537000,11.487
2026/04/29 15:44:53,538000,11.487
2026/04/29 15:44:53,539000,11.493
2026/04/29 15:44:53,540000,11.493
2026/04/29 15:44:53,541000,11.485
2026/04/29 15:44:53,542000,11.493
2026/04/29 15:44:53,543000,11.485
2026/04/29 15:44:53,544000,11.490
2026/04/29 15:44:53,545000,11.482
2026/04/29 15:44:53,546000,11.485
2026/04/29 15:44:53,547000,11.485
2026/04/29 15:44:53,548000,11.490
2026/04/29 15:44:53,549000,11.487
2026/04/29 15:44:53,550000,11.490
2026/04/29 15:44:53,551000,11.493
2026/04/29 15:44:53,552000,11.493
2026/04/29 15:44:53,553000,11.487
2026/04/29 15:44:53,554000,11.487
2026/04/29 15:44:53,555000,11.490
2026/04/29 15:44:53,556000,11.490
2026/04/29 15:44:53,557000,11.487
2026/04/29 15:44:53,558000,11.490
2026/04/29 15:44:53,559000,11.487
2026/04/29 15:44:53,560000,11.487
2026/04/29 15:44:53,561000,11.490
2026/04/29 15:44:53,562000,11.490
2026/04/29 15:44:53,563000,11.487
2026/04/29 15:44:53,564000,11.493
2026/04/29 15:44:53,565000,11.487
2026/04/29 15:44:53,566000,11.490
2026/04/29 15:44:53,567000,11.487
2026/04/29 15:44:53,568000,11.490
2026/04/29 15:44:53,569000,11.482
2026/04/29 15:44:53,570000,11.490
2026/04/29 15:44:53,571000,11.490
2026/04/29 15:44:53,572000,11.490
2026/04/29 15:44:53,573000,11.490
2026/04/29 15:44:53,574000,11.493
2026/04/29 15:44:53,575000,11.490
2026/04/29 15:44:53,576000,11.493
2026/04/29 15:44:53,577000,11.485
2026/04/29 15:44:53,578000,11.496
2026/04/29 15:44:53,579000,11.493
2026/04/29 15:44:53,580000,11.485
2026/04/29 15:44:53,581000,11.482
2026/04/29 15:44:53,582000,11.485
2026/04/29 15:44:53,583000,11.487
2026/04/29 15:44:53,584000,11.485
2026/04/29 15:44:53,585000,11.493
2026/04/29 15:44:53,586000,11.493
2026/04/29 15:44:53,587000,11.499
2026/04/29 15:44:53,588000,11.487
2026/04/29 15:44:53,589000,11.493
2026/04/29 15:44:53,590000,11.490
2026/04/29 15:44:53,591000,11.490
2026/04/29 15:44:53,592000,11.490
2026/04/29 15:44:53,593000,11.487
2026/04/29 15:44:53,594000,11.490
2026/04/29 15:44:53,595000,11.487
2026/04/29 15:44:53,596000,11.487
2026/04/29 15:44:53,597000,11.487
2026/04/29 15:44:53,598000,11.487
2026/04/29 15:44:53,599000,11.485
2026/04/29 15:44:53,600000,11.490
2026/04/29 15:44:53,601000,11.496
2026/04/29 15:44:53,602000,11.487
2026/04/29 15:44:53,603000,11.487
2026/04/29 15:44:53,604000,11.490
2026/04/29 15:44:53,605000,11.493
2026/04/29 15:44:53,606000,11.493
2026/04/29 15:44:53,607000,11.482
2026/04/29 15:44:53,608000,11.487
2026/04/29 15:44:53,609000,11.487
2026/04/29 15:44:53,610000,11.490
2026/04/29 15:44:53,611000,11.490
2026/04/29 15:44:53,612000,11.490
2026/04/29 15:44:53,613000,11.485
2026/04/29 15:44:53,614000,11.490
2026/04/29 15:44:53,615000,11.490
2026/04/29 15:44:53,616000,11.485
2026/04/29 15:44:53,617000,11.490
2026/04/29 15:44:53,618000,11.487
2026/04/29 15:44:53,619000,11.490
2026/04/29 15:44:53,620000,11.493
2026/04/29 15:44:53,621000,11.485
2026/04/29 15:44:53,622000,11.485
2026/04/29 15:44:53,623000,11.490
2026/04/29 15:44:53,624000,11.485
2026/04/29 15:44:53,625000,11.487
2026/04/29 15:44:53,626000,11.490
2026/04/29 15:44:53,627000,11.493
2026/04/29 15:44:53,628000,11.487
2026/04/29 15:44:53,629000,11.485
2026/04/29 15:44:53,630000,11.493
2026/04/29 15:44:53,631000,11.490
2026/04/29 15:44:53,632000,11.487
2026/04/29 15:44:53,633000,11.487
2026/04/29 15:44:53,634000,11.482
2026/04/29 15:44:53,635000,11.487
2026/04/29 15:44:53,636000,11.487
2026/04/29 15:44:53,637000,11.482
2026/04/29 15:44:53,638000,11.493
2026/04/29 15:44:53,639000,11.487
2026/04/29 15:44:53,640000,11.496
2026/04/29 15:44:53,641000,11.490
2026/04/29 15:44:53,642000,11.490
2026/04/29 15:44:53,643000,11.493
2026/04/29 15:44:53,644000,11.487
2026/04/29 15:44:53,645000,11.490
2026/04/29 15:44:53,646000,11.490
2026/04/29 15:44:53,647000,11.485
2026/04/29 15:44:53,648000,11.487
2026/04/29 15:44:53,649000,11.493
2026/04/29 15:44:53,650000,11.487
2026/04/29 15:44:53,651000,11.487
2026/04/29 15:44:53,652000,11.493
2026/04/29 15:44:53,653000,11.487
2026/04/29 15:44:53,654000,11.485
2026/04/29 15:44:53,655000,11.490
2026/04/29 15:44:53,656000,11.490
2026/04/29 15:44:53,657000,11.490
2026/04/29 15:44:53,658000,11.493
2026/04/29 15:44:53,659000,11.485
2026/04/29 15:44:53,660000,11.485
2026/04/29 15:44:53,661000,11.487
2026/04/29 15:44:53,662000,11.496
2026/04/29 15:44:53,663000,11.487
2026/04/29 15:44:53,664000,11.487
2026/04/29 15:44:53,665000,11.485
2026/04/29 15:44:53,666000,11.493
2026/04/29 15:44:53,667000,11.490
2026/04/29 15:44:53,668000,11.487
2026/04/29 15:44:53,669000,11.482
2026/04/29 15:44:53,670000,11.487
2026/04/29 15:44:53,671000,11.490
2026/04/29 15:44:53,672000,11.487
2026/04/29 15:44:53,673000,11.485
2026/04/29 15:44:53,674000,11.485
2026/04/29 15:44:53,675000,11.493
2026/04/29 15:44:53,676000,11.490
2026/04/29 15:44:53,677000,11.485
2026/04/29 15:44:53,678000,11.487
2026/04/29 15:44:53,679000,11.487
2026/04/29 15:44:53,680000,11.482
2026/04/29 15:44:53,681000,11.493
2026/04/29 15:44:53,682000,11.487
2026/04/29 15:44:53,683000,11.487
2026/04/29 15:44:53,684000,11.493
2026/04/29 15:44:53,685000,11.490
2026/04/29 15:44:53,686000,11.485
2026/04/29 15:44:53,687000,11.490
2026/04/29 15:44:53,688000,11.487
2026/04/29 15:44:53,689000,11.490
2026/04/29 15:44:53,690000,11.490
2026/04/29 15:44:53,691000,11.487
2026/04/29 15:44:53,692000,11.487
2026/04/29 15:44:53,693000,11.487
2026/04/29 15:44:53,694000,11.490
2026/04/29 15:44:53,695000,11.487
2026/04/29 15:44:53,696000,11.487
2026/04/29 15:44:53,697000,11.485
2026/04/29 15:44:53,698000,11.487
2026/04/29 15:44:53,699000,11.490
2026/04/29 15:44:53,700000,11.493
2026/04/29 15:44:53,701000,11.485
2026/04/29 15:44:53,702000,11.493
2026/04/29 15:44:53,703000,11.487
2026/04/29 15:44:53,704000,11.487
2026/04/29 15:44:53,705000,11.485
2026/04/29 15:44:53,706000,11.487
2026/04/29 15:44:53,707000,11.490
2026/04/29 15:44:53,708000,11.490
2026/04/29 15:44:53,709000,11.479
2026/04/29 15:44:53,710000,11.487
2026/04/29 15:44:53,711000,11.493
2026/04/29 15:44:53,712000,11.490
2026/04/29 15:44:53,713000,11.490
2026/04/29 15:44:53,714000,11.490
2026/04/29 15:44:53,715000,11.487
2026/04/29 15:44:53,716000,11.487
2026/04/29 15:44:53,717000,11.485
2026/04/29 15:44:53,718000,11.490
2026/04/29 15:44:53,719000,11.490
2026/04/29 15:44:53,720000,11.493
2026/04/29 15:44:53,721000,11.487
2026/04/29 15:44:53,722000,11.485
2026/04/29 15:44:53,723000,11.490
2026/04/29 15:44:53,724000,11.493
2026/04/29 15:44:53,725000,11.487
2026/04/29 15:44:53,726000,11.487
2026/04/29 15:44:53,727000,11.485
2026/04/29 15:44:53,728000,11.490
2026/04/29 15:44:53,729000,11.493
2026/04/29 15:44:53,730000,11.487
2026/04/29 15:44:53,731000,11.482
2026/04/29 15:44:53,732000,11.487
2026/04/29 15:44:53,733000,11.490
2026/04/29 15:44:53,734000,11.482
2026/04/29 15:44:53,735000,11.485
2026/04/29 15:44:53,736000,11.493
2026/04/29 15:44:53,737000,11.487
2026/04/29 15:44:53,738000,11.482
2026/04/29 15:44:53,739000,11.487
2026/04/29 15:44:53,740000,11.482
2026/04/29 15:44:53,741000,11.487
2026/04/29 15:44:53,742000,11.487
2026/04/29 15:44:53,743000,11.487
2026/04/29 15:44:53,744000,11.493
2026/04/29 15:44:53,745000,11.490
2026/04/29 15:44:53,746000,11.487
2026/04/29 15:44:53,747000,11.482
2026/04/29 15:44:53,748000,11.490
2026/04/29 15:44:53,749000,11.482
2026/04/29 15:44:53,750000,11.485
2026/04/29 15:44:53,751000,11.485
2026/04/29 15:44:53,752000,11.490
2026/04/29 15:44:53,753000,11.487
2026/04/29 15:44:53,754000,11.487
2026/04/29 15:44:53,755000,11.487
2026/04/29 15:44:53,756000,11.485
2026/04/29 15:44:53,757000,11.479
2026/04/29 15:44:53,758000,11.490
2026/04/29 15:44:53,759000,11.490
2026/04/29 15:44:53,760000,11.487
2026/04/29 15:44:53,761000,11.490
2026/04/29 15:44:53,762000,11.490
2026/04/29 15:44:53,763000,11.487
2026/04/29 15:44:53,764000,11.490
2026/04/29 15:44:53,765000,11.490
2026/04/29 15:44:53,766000,11.490
2026/04/29 15:44:53,767000,11.493
2026/04/29 15:44:53,768000,11.487
2026/04/29 15:44:53,769000,11.485
2026/04/29 15:44:53,770000,11.487
2026/04/29 15:44:53,771000,11.487
2026/04/29 15:44:53,772000,11.487
2026/04/29 15:44:53,773000,11.482
2026/04/29 15:44:53,774000,11.487
2026/04/29 15:44:53,775000,11.490
2026/04/29 15:44:53,776000,11.490
2026/04/29 15:44:53,777000,11.482
2026/04/29 15:44:53,778000,11.487
2026/04/29 15:44:53,779000,11.487
2026/04/29 15:44:53,780000,11.490
2026/04/29 15:44:53,781000,11.482
2026/04/29 15:44:53,782000,11.487
2026/04/29 15:44:53,783000,11.487
2026/04/29 15:44:53,784000,11.487
2026/04/29 15:44:53,785000,11.490
2026/04/29 15:44:53,786000,11.490
2026/04/29 15:44:53,787000,11.485
2026/04/29 15:44:53,788000,11.496
2026/04/29 15:44:53,789000,11.487
2026/04/29 15:44:53,790000,11.485
2026/04/29 15:44:53,791000,11.487
2026/04/29 15:44:53,792000,11.487
2026/04/29 15:44:53,793000,11.490
2026/04/29 15:44:53,794000,11.490
2026/04/29 15:44:53,795000,11.487
2026/04/29 15:44:53,796000,11.482
2026/04/29 15:44:53,797000,11.493
2026/04/29 15:44:53,798000,11.493
2026/04/29 15:44:53,799000,11.493
2026/04/29 15:44:53,800000,11.490
2026/04/29 15:44:53,801000,11.493
2026/04/29 15:44:53,802000,11.490
2026/04/29 15:44:53,803000,11.485
2026/04/29 15:44:53,804000,11.490
2026/04/29 15:44:53,805000,11.493
2026/04/29 15:44:53,806000,11.490
2026/04/29 15:44:53,807000,11.490
2026/04/29 15:44:53,808000,11.490
2026/04/29 15:44:53,809000,11.490
2026/04/29 15:44:53,810000,11.490
2026/04/29 15:44:53,811000,11.485
2026/04/29 15:44:53,812000,11.487
2026/04/29 15:44:53,813000,11.496
2026/04/29 15:44:53,814000,11.485
2026/04/29 15:44:53,815000,11.485
2026/04/29 15:44:53,816000,11.490
2026/04/29 15:44:53,817000,11.487
2026/04/29 15:44:53,818000,11.490
2026/04/29 15:44:53,819000,11.496
2026/04/29 15:44:53,820000,11.487
2026/04/29 15:44:53,821000,11.482
2026/04/29 15:44:53,822000,11.490
2026/04/29 15:44:53,823000,11.487
2026/04/29 15:44:53,824000,11.490
2026/04/29 15:44:53,825000,11.493
2026/04/29 15:44:53,826000,11.490
2026/04/29 15:44:53,827000,11.487
2026/04/29 15:44:53,828000,11.487
2026/04/29 15:44:53,829000,11.482
2026/04/29 15:44:53,830000,11.485
2026/04/29 15:44:53,831000,11.490
2026/04/29 15:44:53,832000,11.487
2026/04/29 15:44:53,833000,11.487
2026/04/29 15:44:53,834000,11.496
2026/04/29 15:44:53,835000,11.490
2026/04/29 15:44:53,836000,11.487
2026/04/29 15:44:53,837000,11.487
2026/04/29 15:44:53,838000,11.487
2026/04/29 15:44:53,839000,11.490
2026/04/29 15:44:53,840000,11.487
2026/04/29 15:44:53,841000,11.493
2026/04/29 15:44:53,842000,11.487
2026/04/29 15:44:53,843000,11.490
2026/04/29 15:44:53,844000,11.482
2026/04/29 15:44:53,845000,11.490
2026/04/29 15:44:53,846000,11.490
2026/04/29 15:44:53,847000,11.487
2026/04/29 15:44:53,848000,11.485
2026/04/29 15:44:53,849000,11.482
2026/04/29 15:44:53,850000,11.490
2026/04/29 15:44:53,851000,11.490
2026/04/29 15:44:53,852000,11.493
2026/04/29 15:44:53,853000,11.490
2026/04/29 15:44:53,854000,11.487
2026/04/29 15:44:53,855000,11.487
2026/04/29 15:44:53,856000,11.490
2026/04/29 15:44:53,857000,11.490
2026/04/29 15:44:53,858000,11.487
2026/04/29 15:44:53,859000,11.487
2026/04/29 15:44:53,860000,11.490
2026/04/29 15:44:53,861000,11.485
2026/04/29 15:44:53,862000,11.485
2026/04/29 15:44:53,863000,11.487
2026/04/29 15:44:53,864000,11.490
2026/04/29 15:44:53,865000,11.493
2026/04/29 15:44:53,866000,11.487
2026/04/29 15:44:53,867000,11.490
2026/04/29 15:44:53,868000,11.487
2026/04/29 15:44:53,869000,11.490
2026/04/29 15:44:53,870000,11.487
2026/04/29 15:44:53,871000,11.490
2026/04/29 15:44:53,872000,11.485
2026/04/29 15:44:53,873000,11.493
2026/04/29 15:44:53,874000,11.487
2026/04/29 15:44:53,875000,11.485
2026/04/29 15:44:53,876000,11.485
2026/04/29 15:44:53,877000,11.487
2026/04/29 15:44:53,878000,11.485
2026/04/29 15:44:53,879000,11.485
2026/04/29 15:44:53,880000,11.487
2026/04/29 15:44:53,881000,11.487
2026/04/29 15:44:53,882000,11.482
2026/04/29 15:44:53,883000,11.485
2026/04/29 15:44:53,884000,11.490
2026/04/29 15:44:53,885000,11.493
2026/04/29 15:44:53,886000,11.490
2026/04/29 15:44:53,887000,11.493
2026/04/29 15:44:53,888000,11.493
2026/04/29 15:44:53,889000,11.487
2026/04/29 15:44:53,890000,11.487
2026/04/29 15:44:53,891000,11.487
2026/04/29 15:44:53,892000,11.482
2026/04/29 15:44:53,893000,11.487
2026/04/29 15:44:53,894000,11.487
2026/04/29 15:44:53,895000,11.485
2026/04/29 15:44:53,896000,11.487
2026/04/29 15:44:53,897000,11.487
2026/04/29 15:44:53,898000,11.490
2026/04/29 15:44:53,899000,11.496
2026/04/29 15:44:53,900000,11.482
2026/04/29 15:44:53,901000,11.493
2026/04/29 15:44:53,902000,11.490
2026/04/29 15:44:53,903000,11.485
2026/04/29 15:44:53,904000,11.493
2026/04/29 15:44:53,905000,11.482
2026/04/29 15:44:53,906000,11.490
2026/04/29 15:44:53,907000,11.490
2026/04/29 15:44:53,908000,11.487
2026/04/29 15:44:53,909000,11.493
2026/04/29 15:44:53,910000,11.490
2026/04/29 15:44:53,911000,11.485
2026/04/29 15:44:53,912000,11.490
2026/04/29 15:44:53,913000,11.490
2026/04/29 15:44:53,914000,11.490
2026/04/29 15:44:53,915000,11.496
2026/04/29 15:44:53,916000,11.485
2026/04/29 15:44:53,917000,11.482
2026/04/29 15:44:53,918000,11.487
2026/04/29 15:44:53,919000,11.485
2026/04/29 15:44:53,920000,11.485
2026/04/29 15:44:53,921000,11.487
2026/04/29 15:44:53,922000,11.485
2026/04/29 15:44:53,923000,11.482
2026/04/29 15:44:53,924000,11.493
2026/04/29 15:44:53,925000,11.493
2026/04/29 15:44:53,926000,11.485
2026/04/29 15:44:53,927000,11.496
2026/04/29 15:44:53,928000,11.482
2026/04/29 15:44:53,929000,11.487
2026/04/29 15:44:53,930000,11.490
2026/04/29 15:44:53,931000,11.485
2026/04/29 15:44:53,932000,11.487
2026/04/29 15:44:53,933000,11.493
2026/04/29 15:44:53,934000,11.487
2026/04/29 15:44:53,935000,11.487
2026/04/29 15:44:53,936000,11.493
2026/04/29 15:44:53,937000,11.493
2026/04/29 15:44:53,938000,11.485
2026/04/29 15:44:53,939000,11.496
2026/04/29 15:44:53,940000,11.482
2026/04/29 15:44:53,941000,11.490
2026/04/29 15:44:53,942000,11.490
2026/04/29 15:44:53,943000,11.490
2026/04/29 15:44:53,944000,11.490
2026/04/29 15:44:53,945000,11.487
2026/04/29 15:44:53,946000,11.482
2026/04/29 15:44:53,947000,11.487
2026/04/29 15:44:53,948000,11.490
2026/04/29 15:44:53,949000,11.487
2026/04/29 15:44:53,950000,11.485
2026/04/29 15:44:53,951000,11.485
2026/04/29 15:44:53,952000,11.496
2026/04/29 15:44:53,953000,11.490
2026/04/29 15:44:53,954000,11.496
2026/04/29 15:44:53,955000,11.485
2026/04/29 15:44:53,956000,11.490
2026/04/29 15:44:53,957000,11.490
2026/04/29 15:44:53,958000,11.490
2026/04/29 15:44:53,959000,11.493
2026/04/29 15:44:53,960000,11.490
2026/04/29 15:44:53,961000,11.490
2026/04/29 15:44:53,962000,11.493
2026/04/29 15:44:53,963000,11.482
2026/04/29 15:44:53,964000,11.493
2026/04/29 15:44:53,965000,11.485
2026/04/29 15:44:53,966000,11.493
2026/04/29 15:44:53,967000,11.490
2026/04/29 15:44:53,968000,11.493
2026/04/29 15:44:53,969000,11.487
2026/04/29 15:44:53,970000,11.490
2026/04/29 15:44:53,971000,11.482
2026/04/29 15:44:53,972000,11.490
2026/04/29 15:44:53,973000,11.493
2026/04/29 15:44:53,974000,11.487
2026/04/29 15:44:53,975000,11.490
2026/04/29 15:44:53,976000,11.487
2026/04/29 15:44:53,977000,11.490
2026/04/29 15:44:53,978000,11.485
2026/04/29 15:44:53,979000,11.487
2026/04/29 15:44:53,980000,11.490
2026/04/29 15:44:53,981000,11.490
2026/04/29 15:44:53,982000,11.487
2026/04/29 15:44:53,983000,11.487
2026/04/29 15:44:53,984000,11.487
2026/04/29 15:44:53,985000,11.485
2026/04/29 15:44:53,986000,11.490
2026/04/29 15:44:53,987000,11.485
2026/04/29 15:44:53,988000,11.493
2026/04/29 15:44:53,989000,11.487
2026/04/29 15:44:53,990000,11.490
2026/04/29 15:44:53,991000,11.490
2026/04/29 15:44:53,992000,11.490
2026/04/29 15:44:53,993000,11.496
2026/04/29 15:44:53,994000,11.487
2026/04/29 15:44:53,995000,11.493
2026/04/29 15:44:53,996000,11.487
2026/04/29 15:44:53,997000,11.493
2026/04/29 15:44:53,998000,11.496
2026/04/29 15:44:53,999000,11.487
2026/04/29 15:44:54,000000,11.490
2026/04/29 15:44:54,001000,11.490
2026/04/29 15:44:54,002000,11.487
2026/04/29 15:44:54,003000,11.493
2026/04/29 15:44:54,004000,11.487
2026/04/29 15:44:54,005000,11.485
2026/04/29 15:44:54,006000,11.490
2026/04/29 15:44:54,007000,11.485
2026/04/29 15:44:54,008000,11.487
2026/04/29 15:44:54,009000,11.487
2026/04/29 15:44:54,010000,11.482
2026/04/29 15:44:54,011000,11.490
2026/04/29 15:44:54,012000,11.490
2026/04/29 15:44:54,013000,11.490
2026/04/29 15:44:54,014000,11.487
2026/04/29 15:44:54,015000,11.487
2026/04/29 15:44:54,016000,11.487
2026/04/29 15:44:54,017000,11.487
2026/04/29 15:44:54,018000,11.485
2026/04/29 15:44:54,019000,11.490
2026/04/29 15:44:54,020000,11.482
2026/04/29 15:44:54,021000,11.490
2026/04/29 15:44:54,022000,11.490
2026/04/29 15:44:54,023000,11.482
2026/04/29 15:44:54,024000,11.490
2026/04/29 15:44:54,025000,11.487
2026/04/29 15:44:54,026000,11.485
2026/04/29 15:44:54,027000,11.490
2026/04/29 15:44:54,028000,11.490
2026/04/29 15:44:54,029000,11.485
2026/04/29 15:44:54,030000,11.496
2026/04/29 15:44:54,031000,11.487
2026/04/29 15:44:54,032000,11.490
2026/04/29 15:44:54,033000,11.493
2026/04/29 15:44:54,034000,11.485
2026/04/29 15:44:54,035000,11.487
2026/04/29 15:44:54,036000,11.487
2026/04/29 15:44:54,037000,11.493
2026/04/29 15:44:54,038000,11.485
2026/04/29 15:44:54,039000,11.487
2026/04/29 15:44:54,040000,11.493
2026/04/29 15:44:54,041000,11.493
2026/04/29 15:44:54,042000,11.493
2026/04/29 15:44:54,043000,11.487
2026/04/29 15:44:54,044000,11.490
2026/04/29 15:44:54,045000,11.490
2026/04/29 15:44:54,046000,11.490
2026/04/29 15:44:54,047000,11.487
2026/04/29 15:44:54,048000,11.487
2026/04/29 15:44:54,049000,11.487
2026/04/29 15:44:54,050000,11.482
2026/04/29 15:44:54,051000,11.487
2026/04/29 15:44:54,052000,11.487
2026/04/29 15:44:54,053000,11.493
2026/04/29 15:44:54,054000,11.487
2026/04/29 15:44:54,055000,11.499
2026/04/29 15:44:54,056000,11.493
2026/04/29 15:44:54,057000,11.490
2026/04/29 15:44:54,058000,11.490
2026/04/29 15:44:54,059000,11.490
2026/04/29 15:44:54,060000,11.490
2026/04/29 15:44:54,061000,11.490
2026/04/29 15:44:54,062000,11.485
2026/04/29 15:44:54,063000,11.490
2026/04/29 15:44:54,064000,11.499
2026/04/29 15:44:54,065000,11.487
2026/04/29 15:44:54,066000,11.490
2026/04/29 15:44:54,067000,11.490
2026/04/29 15:44:54,068000,11.487
2026/04/29 15:44:54,069000,11.490
2026/04/29 15:44:54,070000,11.493
2026/04/29 15:44:54,071000,11.487
2026/04/29 15:44:54,072000,11.485
2026/04/29 15:44:54,073000,11.487
2026/04/29 15:44:54,074000,11.487
2026/04/29 15:44:54,075000,11.487
2026/04/29 15:44:54,076000,11.493
2026/04/29 15:44:54,077000,11.487
2026/04/29 15:44:54,078000,11.499
2026/04/29 15:44:54,079000,11.490
2026/04/29 15:44:54,080000,11.496
2026/04/29 15:44:54,081000,11.490
2026/04/29 15:44:54,082000,11.490
2026/04/29 15:44:54,083000,11.487
2026/04/29 15:44:54,084000,11.485
2026/04/29 15:44:54,085000,11.487
2026/04/29 15:44:54,086000,11.490
2026/04/29 15:44:54,087000,11.485
2026/04/29 15:44:54,088000,11.490
2026/04/29 15:44:54,089000,11.485
2026/04/29 15:44:54,090000,11.485
2026/04/29 15:44:54,091000,11.490
2026/04/29 15:44:54,092000,11.490
2026/04/29 15:44:54,093000,11.490
2026/04/29 15:44:54,094000,11.485
2026/04/29 15:44:54,095000,11.485
2026/04/29 15:44:54,096000,11.493
2026/04/29 15:44:54,097000,11.485
2026/04/29 15:44:54,098000,11.487
2026/04/29 15:44:54,099000,11.493
2026/04/29 15:44:54,100000,11.490
2026/04/29 15:44:54,101000,11.493
2026/04/29 15:44:54,102000,11.493
2026/04/29 15:44:54,103000,11.490
2026/04/29 15:44:54,104000,11.493
2026/04/29 15:44:54,105000,11.490
2026/04/29 15:44:54,106000,11.490
2026/04/29 15:44:54,107000,11.493
2026/04/29 15:44:54,108000,11.496
2026/04/29 15:44:54,109000,11.487
2026/04/29 15:44:54,110000,11.490
2026/04/29 15:44:54,111000,11.493
2026/04/29 15:44:54,112000,11.493
2026/04/29 15:44:54,113000,11.493
2026/04/29 15:44:54,114000,11.493
2026/04/29 15:44:54,115000,11.485
2026/04/29 15:44:54,116000,11.487
2026/04/29 15:44:54,117000,11.487
2026/04/29 15:44:54,118000,11.490
2026/04/29 15:44:54,119000,11.490
2026/04/29 15:44:54,120000,11.490
2026/04/29 15:44:54,121000,11.490
2026/04/29 15:44:54,122000,11.487
2026/04/29 15:44:54,123000,11.487
2026/04/29 15:44:54,124000,11.493
2026/04/29 15:44:54,125000,11.490
2026/04/29 15:44:54,126000,11.490
2026/04/29 15:44:54,127000,11.490
2026/04/29 15:44:54,128000,11.493
2026/04/29 15:44:54,129000,11.499
2026/04/29 15:44:54,130000,11.487
2026/04/29 15:44:54,131000,11.490
2026/04/29 15:44:54,132000,11.487
2026/04/29 15:44:54,133000,11.485
2026/04/29 15:44:54,134000,11.490
2026/04/29 15:44:54,135000,11.493
2026/04/29 15:44:54,136000,11.493
2026/04/29 15:44:54,137000,11.493
2026/04/29 15:44:54,138000,11.493
2026/04/29 15:44:54,139000,11.487
2026/04/29 15:44:54,140000,11.485
2026/04/29 15:44:54,141000,11.493
2026/04/29 15:44:54,142000,11.482
2026/04/29 15:44:54,143000,11.501
2026/04/29 15:44:54,144000,11.490
2026/04/29 15:44:54,145000,11.493
2026/04/29 15:44:54,146000,11.487
2026/04/29 15:44:54,147000,11.490
2026/04/29 15:44:54,148000,11.487
2026/04/29 15:44:54,149000,11.499
2026/04/29 15:44:54,150000,11.487
2026/04/29 15:44:54,151000,11.493
2026/04/29 15:44:54,152000,11.493
2026/04/29 15:44:54,153000,11.490
2026/04/29 15:44:54,154000,11.490
2026/04/29 15:44:54,155000,11.487
2026/04/29 15:44:54,156000,11.493
2026/04/29 15:44:54,157000,11.496
2026/04/29 15:44:54,158000,11.487
2026/04/29 15:44:54,159000,11.490
2026/04/29 15:44:54,160000,11.496
2026/04/29 15:44:54,161000,11.487
2026/04/29 15:44:54,162000,11.487
2026/04/29 15:44:54,163000,11.490
2026/04/29 15:44:54,164000,11.490
2026/04/29 15:44:54,165000,11.487
2026/04/29 15:44:54,166000,11.493
2026/04/29 15:44:54,167000,11.487
2026/04/29 15:44:54,168000,11.490
2026/04/29 15:44:54,169000,11.490
2026/04/29 15:44:54,170000,11.493
2026/04/29 15:44:54,171000,11.493
2026/04/29 15:44:54,172000,11.487
2026/04/29 15:44:54,173000,11.493
2026/04/29 15:44:54,174000,11.496
2026/04/29 15:44:54,175000,11.493
2026/04/29 15:44:54,176000,11.487
2026/04/29 15:44:54,177000,11.493
2026/04/29 15:44:54,178000,11.490
2026/04/29 15:44:54,179000,11.487
2026/04/29 15:44:54,180000,11.485
2026/04/29 15:44:54,181000,11.496
2026/04/29 15:44:54,182000,11.487
2026/04/29 15:44:54,183000,11.490
2026/04/29 15:44:54,184000,11.490
2026/04/29 15:44:54,185000,11.485
2026/04/29 15:44:54,186000,11.487
2026/04/29 15:44:54,187000,11.487
2026/04/29 15:44:54,188000,11.487
2026/04/29 15:44:54,189000,11.487
2026/04/29 15:44:54,190000,11.485
2026/04/29 15:44:54,191000,11.490
2026/04/29 15:44:54,192000,11.487
2026/04/29 15:44:54,193000,11.490
2026/04/29 15:44:54,194000,11.496
2026/04/29 15:44:54,195000,11.490
2026/04/29 15:44:54,196000,11.490
2026/04/29 15:44:54,197000,11.487
2026/04/29 15:44:54,198000,11.493
2026/04/29 15:44:54,199000,11.493
2026/04/29 15:44:54,200000,11.490
2026/04/29 15:44:54,201000,11.499
2026/04/29 15:44:54,202000,11.499
2026/04/29 15:44:54,203000,11.493
2026/04/29 15:44:54,204000,11.490
2026/04/29 15:44:54,205000,11.496
2026/04/29 15:44:54,206000,11.487
2026/04/29 15:44:54,207000,11.485
2026/04/29 15:44:54,208000,11.487
2026/04/29 15:44:54,209000,11.490
2026/04/29 15:44:54,210000,11.482
2026/04/29 15:44:54,211000,11.490
2026/04/29 15:44:54,212000,11.490
2026/04/29 15:44:54,213000,11.490
2026/04/29 15:44:54,214000,11.493
2026/04/29 15:44:54,215000,11.490
2026/04/29 15:44:54,216000,11.487
2026/04/29 15:44:54,217000,11.493
2026/04/29 15:44:54,218000,11.496
2026/04/29 15:44:54,219000,11.487
2026/04/29 15:44:54,220000,11.485
2026/04/29 15:44:54,221000,11.490
2026/04/29 15:44:54,222000,11.487
2026/04/29 15:44:54,223000,11.490
2026/04/29 15:44:54,224000,11.493
2026/04/29 15:44:54,225000,11.490
2026/04/29 15:44:54,226000,11.493
2026/04/29 15:44:54,227000,11.496
2026/04/29 15:44:54,228000,11.487
2026/04/29 15:44:54,229000,11.485
2026/04/29 15:44:54,230000,11.493
2026/04/29 15:44:54,231000,11.487
2026/04/29 15:44:54,232000,11.490
2026/04/29 15:44:54,233000,11.493
2026/04/29 15:44:54,234000,11.487
2026/04/29 15:44:54,235000,11.487
2026/04/29 15:44:54,236000,11.490
2026/04/29 15:44:54,237000,11.490
2026/04/29 15:44:54,238000,11.487
2026/04/29 15:44:54,239000,11.490
2026/04/29 15:44:54,240000,11.490
2026/04/29 15:44:54,241000,11.482
2026/04/29 15:44:54,242000,11.493
2026/04/29 15:44:54,243000,11.490
2026/04/29 15:44:54,244000,11.482
2026/04/29 15:44:54,245000,11.493
2026/04/29 15:44:54,246000,11.487
2026/04/29 15:44:54,247000,11.490
2026/04/29 15:44:54,248000,11.490
2026/04/29 15:44:54,249000,11.496
2026/04/29 15:44:54,250000,11.493
2026/04/29 15:44:54,251000,11.490
2026/04/29 15:44:54,252000,11.493
2026/04/29 15:44:54,253000,11.493
2026/04/29 15:44:54,254000,11.490
2026/04/29 15:44:54,255000,11.485
2026/04/29 15:44:54,256000,11.490
2026/04/29 15:44:54,257000,11.493
2026/04/29 15:44:54,258000,11.490
2026/04/29 15:44:54,259000,11.493
2026/04/29 15:44:54,260000,11.493
2026/04/29 15:44:54,261000,11.485
2026/04/29 15:44:54,262000,11.487
2026/04/29 15:44:54,263000,11.490
2026/04/29 15:44:54,264000,11.493
2026/04/29 15:44:54,265000,11.485
2026/04/29 15:44:54,266000,11.490
2026/04/29 15:44:54,267000,11.493
2026/04/29 15:44:54,268000,11.493
2026/04/29 15:44:54,269000,11.490
2026/04/29 15:44:54,270000,11.496
2026/04/29 15:44:54,271000,11.487
2026/04/29 15:44:54,272000,11.487
2026/04/29 15:44:54,273000,11.493
2026/04/29 15:44:54,274000,11.490
2026/04/29 15:44:54,275000,11.487
2026/04/29 15:44:54,276000,11.493
2026/04/29 15:44:54,277000,11.493
2026/04/29 15:44:54,278000,11.485
2026/04/29 15:44:54,279000,11.487
2026/04/29 15:44:54,280000,11.485
2026/04/29 15:44:54,281000,11.490
2026/04/29 15:44:54,282000,11.499
2026/04/29 15:44:54,283000,11.496
2026/04/29 15:44:54,284000,11.493
2026/04/29 15:44:54,285000,11.487
2026/04/29 15:44:54,286000,11.493
2026/04/29 15:44:54,287000,11.487
2026/04/29 15:44:54,288000,11.490
2026/04/29 15:44:54,289000,11.493
2026/04/29 15:44:54,290000,11.490
2026/04/29 15:44:54,291000,11.485
2026/04/29 15:44:54,292000,11.490
2026/04/29 15:44:54,293000,11.485
2026/04/29 15:44:54,294000,11.493
2026/04/29 15:44:54,295000,11.496
2026/04/29 15:44:54,296000,11.490
2026/04/29 15:44:54,297000,11.496
2026/04/29 15:44:54,298000,11.493
2026/04/29 15:44:54,299000,11.490
2026/04/29 15:44:54,300000,11.485
2026/04/29 15:44:54,301000,11.482
2026/04/29 15:44:54,302000,11.487
2026/04/29 15:44:54,303000,11.493
2026/04/29 15:44:54,304000,11.490
2026/04/29 15:44:54,305000,11.496
2026/04/29 15:44:54,306000,11.490
2026/04/29 15:44:54,307000,11.493
2026/04/29 15:44:54,308000,11.490
2026/04/29 15:44:54,309000,11.490
2026/04/29 15:44:54,310000,11.490
2026/04/29 15:44:54,311000,11.493
2026/04/29 15:44:54,312000,11.490
2026/04/29 15:44:54,313000,11.490
2026/04/29 15:44:54,314000,11.493
2026/04/29 15:44:54,315000,11.487
2026/04/29 15:44:54,316000,11.490
2026/04/29 15:44:54,317000,11.496
2026/04/29 15:44:54,318000,11.487
2026/04/29 15:44:54,319000,11.487
2026/04/29 15:44:54,320000,11.490
2026/04/29 15:44:54,321000,11.493
2026/04/29 15:44:54,322000,11.490
2026/04/29 15:44:54,323000,11.490
2026/04/29 15:44:54,324000,11.493
2026/04/29 15:44:54,325000,11.493
2026/04/29 15:44:54,326000,11.493
2026/04/29 15:44:54,327000,11.482
2026/04/29 15:44:54,328000,11.482
2026/04/29 15:44:54,329000,11.493
2026/04/29 15:44:54,330000,11.493
2026/04/29 15:44:54,331000,11.487
2026/04/29 15:44:54,332000,11.490
2026/04/29 15:44:54,333000,11.493
2026/04/29 15:44:54,334000,11.487
2026/04/29 15:44:54,335000,11.493
2026/04/29 15:44:54,336000,11.496
2026/04/29 15:44:54,337000,11.504
2026/04/29 15:44:54,338000,11.496
2026/04/29 15:44:54,339000,11.496
2026/04/29 15:44:54,340000,11.487
2026/04/29 15:44:54,341000,11.496
2026/04/29 15:44:54,342000,11.487
2026/04/29 15:44:54,343000,11.493
2026/04/29 15:44:54,344000,11.493
2026/04/29 15:44:54,345000,11.490
2026/04/29 15:44:54,346000,11.487
2026/04/29 15:44:54,347000,11.490
2026/04/29 15:44:54,348000,11.493
2026/04/29 15:44:54,349000,11.490
2026/04/29 15:44:54,350000,11.493
2026/04/29 15:44:54,351000,11.487
2026/04/29 15:44:54,352000,11.485
2026/04/29 15:44:54,353000,11.493
2026/04/29 15:44:54,354000,11.490
2026/04/29 15:44:54,355000,11.490
2026/04/29 15:44:54,356000,11.487
2026/04/29 15:44:54,357000,11.493
2026/04/29 15:44:54,358000,11.490
2026/04/29 15:44:54,359000,11.490
2026/04/29 15:44:54,360000,11.490
2026/04/29 15:44:54,361000,11.493
2026/04/29 15:44:54,362000,11.493
2026/04/29 15:44:54,363000,11.496
2026/04/29 15:44:54,364000,11.493
2026/04/29 15:44:54,365000,11.493
2026/04/29 15:44:54,366000,11.490
2026/04/29 15:44:54,367000,11.490
2026/04/29 15:44:54,368000,11.493
2026/04/29 15:44:54,369000,11.493
2026/04/29 15:44:54,370000,11.490
2026/04/29 15:44:54,371000,11.490
2026/04/29 15:44:54,372000,11.493
2026/04/29 15:44:54,373000,11.493
2026/04/29 15:44:54,374000,11.493
2026/04/29 15:44:54,375000,11.482
2026/04/29 15:44:54,376000,11.499
2026/04/29 15:44:54,377000,11.493
2026/04/29 15:44:54,378000,11.485
2026/04/29 15:44:54,379000,11.485
2026/04/29 15:44:54,380000,11.490
2026/04/29 15:44:54,381000,11.487
2026/04/29 15:44:54,382000,11.490
2026/04/29 15:44:54,383000,11.490
2026/04/29 15:44:54,384000,11.487
2026/04/29 15:44:54,385000,11.493
2026/04/29 15:44:54,386000,11.487
2026/04/29 15:44:54,387000,11.485
2026/04/29 15:44:54,388000,11.490
2026/04/29 15:44:54,389000,11.487
2026/04/29 15:44:54,390000,11.490
2026/04/29 15:44:54,391000,11.487
2026/04/29 15:44:54,392000,11.487
2026/04/29 15:44:54,393000,11.490
2026/04/29 15:44:54,394000,11.485
2026/04/29 15:44:54,395000,11.493
2026/04/29 15:44:54,396000,11.493
2026/04/29 15:44:54,397000,11.490
2026/04/29 15:44:54,398000,11.493
2026/04/29 15:44:54,399000,11.490
2026/04/29 15:44:54,400000,11.490
2026/04/29 15:44:54,401000,11.487
2026/04/29 15:44:54,402000,11.487
2026/04/29 15:44:54,403000,11.487
2026/04/29 15:44:54,404000,11.487
2026/04/29 15:44:54,405000,11.487
2026/04/29 15:44:54,406000,11.487
2026/04/29 15:44:54,407000,11.490
2026/04/29 15:44:54,408000,11.487
2026/04/29 15:44:54,409000,11.493
2026/04/29 15:44:54,410000,11.490
2026/04/29 15:44:54,411000,11.487
2026/04/29 15:44:54,412000,11.490
2026/04/29 15:44:54,413000,11.485
2026/04/29 15:44:54,414000,11.496
2026/04/29 15:44:54,415000,11.487
2026/04/29 15:44:54,416000,11.487
2026/04/29 15:44:54,417000,11.487
2026/04/29 15:44:54,418000,11.493
2026/04/29 15:44:54,419000,11.487
2026/04/29 15:44:54,420000,11.487
2026/04/29 15:44:54,421000,11.493
2026/04/29 15:44:54,422000,11.482
2026/04/29 15:44:54,423000,11.493
2026/04/29 15:44:54,424000,11.487
2026/04/29 15:44:54,425000,11.496
2026/04/29 15:44:54,426000,11.493
2026/04/29 15:44:54,427000,11.485
2026/04/29 15:44:54,428000,11.490
2026/04/29 15:44:54,429000,11.493
2026/04/29 15:44:54,430000,11.487
2026/04/29 15:44:54,431000,11.487
2026/04/29 15:44:54,432000,11.490
2026/04/29 15:44:54,433000,11.490
2026/04/29 15:44:54,434000,11.485
2026/04/29 15:44:54,435000,11.487
2026/04/29 15:44:54,436000,11.501
2026/04/29 15:44:54,437000,11.490
2026/04/29 15:44:54,438000,11.485
2026/04/29 15:44:54,439000,11.490
2026/04/29 15:44:54,440000,11.493
2026/04/29 15:44:54,441000,11.490
2026/04/29 15:44:54,442000,11.490
2026/04/29 15:44:54,443000,11.485
2026/04/29 15:44:54,444000,11.490
2026/04/29 15:44:54,445000,11.487
2026/04/29 15:44:54,446000,11.493
2026/04/29 15:44:54,447000,11.487
2026/04/29 15:44:54,448000,11.493
2026/04/29 15:44:54,449000,11.493
2026/04/29 15:44:54,450000,11.490
2026/04/29 15:44:54,451000,11.490
2026/04/29 15:44:54,452000,11.487
2026/04/29 15:44:54,453000,11.493
2026/04/29 15:44:54,454000,11.487
2026/04/29 15:44:54,455000,11.493
2026/04/29 15:44:54,456000,11.487
2026/04/29 15:44:54,457000,11.487
2026/04/29 15:44:54,458000,11.490
2026/04/29 15:44:54,459000,11.487
2026/04/29 15:44:54,460000,11.490
2026/04/29 15:44:54,461000,11.493
2026/04/29 15:44:54,462000,11.487
2026/04/29 15:44:54,463000,11.490
2026/04/29 15:44:54,464000,11.490
2026/04/29 15:44:54,465000,11.496
2026/04/29 15:44:54,466000,11.493
2026/04/29 15:44:54,467000,11.487
2026/04/29 15:44:54,468000,11.493
2026/04/29 15:44:54,469000,11.493
2026/04/29 15:44:54,470000,11.485
2026/04/29 15:44:54,471000,11.490
2026/04/29 15:44:54,472000,11.487
2026/04/29 15:44:54,473000,11.487
2026/04/29 15:44:54,474000,11.493
2026/04/29 15:44:54,475000,11.493
2026/04/29 15:44:54,476000,11.485
2026/04/29 15:44:54,477000,11.490
2026/04/29 15:44:54,478000,11.493
2026/04/29 15:44:54,479000,11.493
2026/04/29 15:44:54,480000,11.493
2026/04/29 15:44:54,481000,11.493
2026/04/29 15:44:54,482000,11.479
2026/04/29 15:44:54,483000,11.493
2026/04/29 15:44:54,484000,11.493
2026/04/29 15:44:54,485000,11.487
2026/04/29 15:44:54,486000,11.490
2026/04/29 15:44:54,487000,11.490
2026/04/29 15:44:54,488000,11.487
2026/04/29 15:44:54,489000,11.487
2026/04/29 15:44:54,490000,11.490
2026/04/29 15:44:54,491000,11.482
2026/04/29 15:44:54,492000,11.485
2026/04/29 15:44:54,493000,11.487
2026/04/29 15:44:54,494000,11.487
2026/04/29 15:44:54,495000,11.493
2026/04/29 15:44:54,496000,11.490
2026/04/29 15:44:54,497000,11.485
2026/04/29 15:44:54,498000,11.490
2026/04/29 15:44:54,499000,11.493
2026/04/29 15:44:54,500000,11.485
2026/04/29 15:44:54,501000,11.493
2026/04/29 15:44:54,502000,11.487
2026/04/29 15:44:54,503000,11.499
2026/04/29 15:44:54,504000,11.493
2026/04/29 15:44:54,505000,11.493
2026/04/29 15:44:54,506000,11.487
2026/04/29 15:44:54,507000,11.490
2026/04/29 15:44:54,508000,11.490
2026/04/29 15:44:54,509000,11.493
2026/04/29 15:44:54,510000,11.479
2026/04/29 15:44:54,511000,11.493
2026/04/29 15:44:54,512000,11.487
2026/04/29 15:44:54,513000,11.487
2026/04/29 15:44:54,514000,11.487
2026/04/29 15:44:54,515000,11.487
2026/04/29 15:44:54,516000,11.490
2026/04/29 15:44:54,517000,11.499
2026/04/29 15:44:54,518000,11.493
2026/04/29 15:44:54,519000,11.485
2026/04/29 15:44:54,520000,11.487
2026/04/29 15:44:54,521000,11.496
2026/04/29 15:44:54,522000,11.493
2026/04/29 15:44:54,523000,11.490
2026/04/29 15:44:54,524000,11.485
2026/04/29 15:44:54,525000,11.487
2026/04/29 15:44:54,526000,11.487
2026/04/29 15:44:54,527000,11.493
2026/04/29 15:44:54,528000,11.490
2026/04/29 15:44:54,529000,11.496
2026/04/29 15:44:54,530000,11.490
2026/04/29 15:44:54,531000,11.487
2026/04/29 15:44:54,532000,11.493
2026/04/29 15:44:54,533000,11.490
2026/04/29 15:44:54,534000,11.490
2026/04/29 15:44:54,535000,11.493
2026/04/29 15:44:54,536000,11.493
2026/04/29 15:44:54,537000,11.493
2026/04/29 15:44:54,538000,11.490
2026/04/29 15:44:54,539000,11.490
2026/04/29 15:44:54,540000,11.490
2026/04/29 15:44:54,541000,11.487
2026/04/29 15:44:54,542000,11.490
2026/04/29 15:44:54,543000,11.493
2026/04/29 15:44:54,544000,11.493
2026/04/29 15:44:54,545000,11.493
2026/04/29 15:44:54,546000,11.485
2026/04/29 15:44:54,547000,11.487
2026/04/29 15:44:54,548000,11.493
2026/04/29 15:44:54,549000,11.487
2026/04/29 15:44:54,550000,11.485
2026/04/29 15:44:54,551000,11.487
2026/04/29 15:44:54,552000,11.493
2026/04/29 15:44:54,553000,11.490
2026/04/29 15:44:54,554000,11.493
2026/04/29 15:44:54,555000,11.487
2026/04/29 15:44:54,556000,11.490
2026/04/29 15:44:54,557000,11.493
2026/04/29 15:44:54,558000,11.490
2026/04/29 15:44:54,559000,11.487
2026/04/29 15:44:54,560000,11.490
2026/04/29 15:44:54,561000,11.490
2026/04/29 15:44:54,562000,11.490
2026/04/29 15:44:54,563000,11.490
2026/04/29 15:44:54,564000,11.487
2026/04/29 15:44:54,565000,11.490
2026/04/29 15:44:54,566000,11.490
2026/04/29 15:44:54,567000,11.496
2026/04/29 15:44:54,568000,11.493
2026/04/29 15:44:54,569000,11.485
2026/04/29 15:44:54,570000,11.482
2026/04/29 15:44:54,571000,11.493
2026/04/29 15:44:54,572000,11.485
2026/04/29 15:44:54,573000,11.490
2026/04/29 15:44:54,574000,11.487
2026/04/29 15:44:54,575000,11.487
2026/04/29 15:44:54,576000,11.487
2026/04/29 15:44:54,577000,11.487
2026/04/29 15:44:54,578000,11.490
2026/04/29 15:44:54,579000,11.490
2026/04/29 15:44:54,580000,11.487
2026/04/29 15:44:54,581000,11.487
2026/04/29 15:44:54,582000,11.493
2026/04/29 15:44:54,583000,11.496
2026/04/29 15:44:54,584000,11.490
2026/04/29 15:44:54,585000,11.487
2026/04/29 15:44:54,586000,11.493
2026/04/29 15:44:54,587000,11.493
2026/04/29 15:44:54,588000,11.487
2026/04/29 15:44:54,589000,11.487
2026/04/29 15:44:54,590000,11.490
2026/04/29 15:44:54,591000,11.493
2026/04/29 15:44:54,592000,11.487
2026/04/29 15:44:54,593000,11.490
2026/04/29 15:44:54,594000,11.487
2026/04/29 15:44:54,595000,11.490
2026/04/29 15:44:54,596000,11.490
2026/04/29 15:44:54,597000,11.493
2026/04/29 15:44:54,598000,11.493
2026/04/29 15:44:54,599000,11.496
2026/04/29 15:44:54,600000,11.485
2026/04/29 15:44:54,601000,11.490
2026/04/29 15:44:54,602000,11.493
2026/04/29 15:44:54,603000,11.490
2026/04/29 15:44:54,604000,11.493
2026/04/29 15:44:54,605000,11.490
2026/04/29 15:44:54,606000,11.487
2026/04/29 15:44:54,607000,11.490
2026/04/29 15:44:54,608000,11.490
2026/04/29 15:44:54,609000,11.485
2026/04/29 15:44:54,610000,11.482
2026/04/29 15:44:54,611000,11.490
2026/04/29 15:44:54,612000,11.485
2026/04/29 15:44:54,613000,11.490
2026/04/29 15:44:54,614000,11.493
2026/04/29 15:44:54,615000,11.493
2026/04/29 15:44:54,616000,11.485
2026/04/29 15:44:54,617000,11.493
2026/04/29 15:44:54,618000,11.490
2026/04/29 15:44:54,619000,11.493
2026/04/29 15:44:54,620000,11.485
2026/04/29 15:44:54,621000,11.490
2026/04/29 15:44:54,622000,11.487
2026/04/29 15:44:54,623000,11.493
2026/04/29 15:44:54,624000,11.493
2026/04/29 15:44:54,625000,11.487
2026/04/29 15:44:54,626000,11.490
2026/04/29 15:44:54,627000,11.490
2026/04/29 15:44:54,628000,11.487
2026/04/29 15:44:54,629000,11.490
2026/04/29 15:44:54,630000,11.487
2026/04/29 15:44:54,631000,11.490
2026/04/29 15:44:54,632000,11.487
2026/04/29 15:44:54,633000,11.490
2026/04/29 15:44:54,634000,11.490
2026/04/29 15:44:54,635000,11.482
2026/04/29 15:44:54,636000,11.487
2026/04/29 15:44:54,637000,11.487
2026/04/29 15:44:54,638000,11.496
2026/04/29 15:44:54,639000,11.490
2026/04/29 15:44:54,640000,11.493
2026/04/29 15:44:54,641000,11.490
2026/04/29 15:44:54,642000,11.493
2026/04/29 15:44:54,643000,11.490
2026/04/29 15:44:54,644000,11.493
2026/04/29 15:44:54,645000,11.493
2026/04/29 15:44:54,646000,11.490
2026/04/29 15:44:54,647000,11.493
2026/04/29 15:44:54,648000,11.490
2026/04/29 15:44:54,649000,11.490
2026/04/29 15:44:54,650000,11.490
2026/04/29 15:44:54,651000,11.490
2026/04/29 15:44:54,652000,11.490
2026/04/29 15:44:54,653000,11.490
2026/04/29 15:44:54,654000,11.487
2026/04/29 15:44:54,655000,11.490
2026/04/29 15:44:54,656000,11.490
2026/04/29 15:44:54,657000,11.496
2026/04/29 15:44:54,658000,11.487
2026/04/29 15:44:54,659000,11.490
2026/04/29 15:44:54,660000,11.490
2026/04/29 15:44:54,661000,11.490
2026/04/29 15:44:54,662000,11.493
2026/04/29 15:44:54,663000,11.487
2026/04/29 15:44:54,664000,11.490
2026/04/29 15:44:54,665000,11.496
2026/04/29 15:44:54,666000,11.493
2026/04/29 15:44:54,667000,11.493
2026/04/29 15:44:54,668000,11.490
2026/04/29 15:44:54,669000,11.493
2026/04/29 15:44:54,670000,11.493
2026/04/29 15:44:54,671000,11.499
2026/04/29 15:44:54,672000,11.487
2026/04/29 15:44:54,673000,11.493
2026/04/29 15:44:54,674000,11.493
2026/04/29 15:44:54,675000,11.490
2026/04/29 15:44:54,676000,11.490
2026/04/29 15:44:54,677000,11.493
2026/04/29 15:44:54,678000,11.493
2026/04/29 15:44:54,679000,11.490
2026/04/29 15:44:54,680000,11.493
2026/04/29 15:44:54,681000,11.490
2026/04/29 15:44:54,682000,11.490
2026/04/29 15:44:54,683000,11.493
2026/04/29 15:44:54,684000,11.493
2026/04/29 15:44:54,685000,11.490
2026/04/29 15:44:54,686000,11.490
2026/04/29 15:44:54,687000,11.485
2026/04/29 15:44:54,688000,11.490
2026/04/29 15:44:54,689000,11.490
2026/04/29 15:44:54,690000,11.493
2026/04/29 15:44:54,691000,11.487
2026/04/29 15:44:54,692000,11.487
2026/04/29 15:44:54,693000,11.493
2026/04/29 15:44:54,694000,11.490
2026/04/29 15:44:54,695000,11.490
2026/04/29 15:44:54,696000,11.493
2026/04/29 15:44:54,697000,11.493
2026/04/29 15:44:54,698000,11.490
2026/04/29 15:44:54,699000,11.487
2026/04/29 15:44:54,700000,11.493
2026/04/29 15:44:54,701000,11.487
2026/04/29 15:44:54,702000,11.496
2026/04/29 15:44:54,703000,11.487
2026/04/29 15:44:54,704000,11.490
2026/04/29 15:44:54,705000,11.493
2026/04/29 15:44:54,706000,11.487
2026/04/29 15:44:54,707000,11.493
2026/04/29 15:44:54,708000,11.490
2026/04/29 15:44:54,709000,11.487
2026/04/29 15:44:54,710000,11.490
2026/04/29 15:44:54,711000,11.493
2026/04/29 15:44:54,712000,11.493
2026/04/29 15:44:54,713000,11.493
2026/04/29 15:44:54,714000,11.485
2026/04/29 15:44:54,715000,11.487
2026/04/29 15:44:54,716000,11.490
2026/04/29 15:44:54,717000,11.490
2026/04/29 15:44:54,718000,11.487
2026/04/29 15:44:54,719000,11.496
2026/04/29 15:44:54,720000,11.490
2026/04/29 15:44:54,721000,11.490
2026/04/29 15:44:54,722000,11.490
2026/04/29 15:44:54,723000,11.487
2026/04/29 15:44:54,724000,11.487
2026/04/29 15:44:54,725000,11.490
2026/04/29 15:44:54,726000,11.493
2026/04/29 15:44:54,727000,11.493
2026/04/29 15:44:54,728000,11.487
2026/04/29 15:44:54,729000,11.490
2026/04/29 15:44:54,730000,11.487
2026/04/29 15:44:54,731000,11.490
2026/04/29 15:44:54,732000,11.485
2026/04/29 15:44:54,733000,11.487
2026/04/29 15:44:54,734000,11.490
2026/04/29 15:44:54,735000,11.490
2026/04/29 15:44:54,736000,11.490
2026/04/29 15:44:54,737000,11.490
2026/04/29 15:44:54,738000,11.496
2026/04/29 15:44:54,739000,11.496
2026/04/29 15:44:54,740000,11.496
2026/04/29 15:44:54,741000,11.496
2026/04/29 15:44:54,742000,11.490
2026/04/29 15:44:54,743000,11.490
2026/04/29 15:44:54,744000,11.493
2026/04/29 15:44:54,745000,11.493
2026/04/29 15:44:54,746000,11.487
2026/04/29 15:44:54,747000,11.493
2026/04/29 15:44:54,748000,11.490
2026/04/29 15:44:54,749000,11.487
2026/04/29 15:44:54,750000,11.490
2026/04/29 15:44:54,751000,11.493
2026/04/29 15:44:54,752000,11.487
2026/04/29 15:44:54,753000,11.493
2026/04/29 15:44:54,754000,11.493
2026/04/29 15:44:54,755000,11.493
2026/04/29 15:44:54,756000,11.493
2026/04/29 15:44:54,757000,11.496
2026/04/29 15:44:54,758000,11.490
2026/04/29 15:44:54,759000,11.493
2026/04/29 15:44:54,760000,11.490
2026/04/29 15:44:54,761000,11.490
2026/04/29 15:44:54,762000,11.485
2026/04/29 15:44:54,763000,11.493
2026/04/29 15:44:54,764000,11.487
2026/04/29 15:44:54,765000,11.487
2026/04/29 15:44:54,766000,11.487
2026/04/29 15:44:54,767000,11.490
2026/04/29 15:44:54,768000,11.493
2026/04/29 15:44:54,769000,11.493
2026/04/29 15:44:54,770000,11.496
2026/04/29 15:44:54,771000,11.493
2026/04/29 15:44:54,772000,11.493
2026/04/29 15:44:54,773000,11.490
2026/04/29 15:44:54,774000,11.487
2026/04/29 15:44:54,775000,11.487
2026/04/29 15:44:54,776000,11.487
2026/04/29 15:44:54,777000,11.487
2026/04/29 15:44:54,778000,11.493
2026/04/29 15:44:54,779000,11.490
2026/04/29 15:44:54,780000,11.485
2026/04/29 15:44:54,781000,11.487
2026/04/29 15:44:54,782000,11.490
2026/04/29 15:44:54,783000,11.493
2026/04/29 15:44:54,784000,11.490
2026/04/29 15:44:54,785000,11.499
2026/04/29 15:44:54,786000,11.493
2026/04/29 15:44:54,787000,11.487
2026/04/29 15:44:54,788000,11.487
2026/04/29 15:44:54,789000,11.487
2026/04/29 15:44:54,790000,11.487
2026/04/29 15:44:54,791000,11.487
2026/04/29 15:44:54,792000,11.493
2026/04/29 15:44:54,793000,11.482
2026/04/29 15:44:54,794000,11.487
2026/04/29 15:44:54,795000,11.490
2026/04/29 15:44:54,796000,11.487
2026/04/29 15:44:54,797000,11.485
2026/04/29 15:44:54,798000,11.493
2026/04/29 15:44:54,799000,11.490
2026/04/29 15:44:54,800000,11.493
2026/04/29 15:44:54,801000,11.487
2026/04/29 15:44:54,802000,11.490
2026/04/29 15:44:54,803000,11.490
2026/04/29 15:44:54,804000,11.493
2026/04/29 15:44:54,805000,11.490
2026/04/29 15:44:54,806000,11.493
2026/04/29 15:44:54,807000,11.487
2026/04/29 15:44:54,808000,11.493
2026/04/29 15:44:54,809000,11.496
2026/04/29 15:44:54,810000,11.493
2026/04/29 15:44:54,811000,11.490
2026/04/29 15:44:54,812000,11.487
2026/04/29 15:44:54,813000,11.485
2026/04/29 15:44:54,814000,11.490
2026/04/29 15:44:54,815000,11.493
2026/04/29 15:44:54,816000,11.493
2026/04/29 15:44:54,817000,11.493
2026/04/29 15:44:54,818000,11.487
2026/04/29 15:44:54,819000,11.493
2026/04/29 15:44:54,820000,11.493
2026/04/29 15:44:54,821000,11.490
2026/04/29 15:44:54,822000,11.496
2026/04/29 15:44:54,823000,11.499
2026/04/29 15:44:54,824000,11.487
2026/04/29 15:44:54,825000,11.493
2026/04/29 15:44:54,826000,11.493
2026/04/29 15:44:54,827000,11.496
2026/04/29 15:44:54,828000,11.487
2026/04/29 15:44:54,829000,11.485
2026/04/29 15:44:54,830000,11.493
2026/04/29 15:44:54,831000,11.493
2026/04/29 15:44:54,832000,11.490
2026/04/29 15:44:54,833000,11.485
2026/04/29 15:44:54,834000,11.493
2026/04/29 15:44:54,835000,11.499
2026/04/29 15:44:54,836000,11.493
2026/04/29 15:44:54,837000,11.487
2026/04/29 15:44:54,838000,11.487
2026/04/29 15:44:54,839000,11.490
2026/04/29 15:44:54,840000,11.487
2026/04/29 15:44:54,841000,11.493
2026/04/29 15:44:54,842000,11.493
2026/04/29 15:44:54,843000,11.490
2026/04/29 15:44:54,844000,11.487
2026/04/29 15:44:54,845000,11.482
2026/04/29 15:44:54,846000,11.493
2026/04/29 15:44:54,847000,11.493
2026/04/29 15:44:54,848000,11.487
2026/04/29 15:44:54,849000,11.499
2026/04/29 15:44:54,850000,11.493
2026/04/29 15:44:54,851000,11.487
2026/04/29 15:44:54,852000,11.493
2026/04/29 15:44:54,853000,11.487
2026/04/29 15:44:54,854000,11.490
2026/04/29 15:44:54,855000,11.487
2026/04/29 15:44:54,856000,11.490
2026/04/29 15:44:54,857000,11.487
2026/04/29 15:44:54,858000,11.490
2026/04/29 15:44:54,859000,11.485
2026/04/29 15:44:54,860000,11.487
2026/04/29 15:44:54,861000,11.493
2026/04/29 15:44:54,862000,11.485
2026/04/29 15:44:54,863000,11.487
2026/04/29 15:44:54,864000,11.490
2026/04/29 15:44:54,865000,11.485
2026/04/29 15:44:54,866000,11.490
2026/04/29 15:44:54,867000,11.487
2026/04/29 15:44:54,868000,11.487
2026/04/29 15:44:54,869000,11.490
2026/04/29 15:44:54,870000,11.487
2026/04/29 15:44:54,871000,11.485
2026/04/29 15:44:54,872000,11.490
2026/04/29 15:44:54,873000,11.490
2026/04/29 15:44:54,874000,11.487
2026/04/29 15:44:54,875000,11.490
2026/04/29 15:44:54,876000,11.487
2026/04/29 15:44:54,877000,11.487
2026/04/29 15:44:54,878000,11.490
2026/04/29 15:44:54,879000,11.490
2026/04/29 15:44:54,880000,11.487
2026/04/29 15:44:54,881000,11.487
2026/04/29 15:44:54,882000,11.490
2026/04/29 15:44:54,883000,11.490
2026/04/29 15:44:54,884000,11.487
2026/04/29 15:44:54,885000,11.490
2026/04/29 15:44:54,886000,11.490
2026/04/29 15:44:54,887000,11.490
2026/04/29 15:44:54,888000,11.485
2026/04/29 15:44:54,889000,11.490
2026/04/29 15:44:54,890000,11.490
2026/04/29 15:44:54,891000,11.493
2026/04/29 15:44:54,892000,11.487
2026/04/29 15:44:54,893000,11.493
2026/04/29 15:44:54,894000,11.482
2026/04/29 15:44:54,895000,11.493
2026/04/29 15:44:54,896000,11.487
2026/04/29 15:44:54,897000,11.485
2026/04/29 15:44:54,898000,11.490
2026/04/29 15:44:54,899000,11.485
2026/04/29 15:44:54,900000,11.490
2026/04/29 15:44:54,901000,11.487
2026/04/29 15:44:54,902000,11.493
2026/04/29 15:44:54,903000,11.487
2026/04/29 15:44:54,904000,11.490
2026/04/29 15:44:54,905000,11.487
2026/04/29 15:44:54,906000,11.490
2026/04/29 15:44:54,907000,11.490
2026/04/29 15:44:54,908000,11.487
2026/04/29 15:44:54,909000,11.493
2026/04/29 15:44:54,910000,11.482
2026/04/29 15:44:54,911000,11.487
2026/04/29 15:44:54,912000,11.490
2026/04/29 15:44:54,913000,11.496
2026/04/29 15:44:54,914000,11.485
2026/04/29 15:44:54,915000,11.485
2026/04/29 15:44:54,916000,11.487
2026/04/29 15:44:54,917000,11.490
2026/04/29 15:44:54,918000,11.496
2026/04/29 15:44:54,919000,11.490
2026/04/29 15:44:54,920000,11.493
2026/04/29 15:44:54,921000,11.485
2026/04/29 15:44:54,922000,11.482
2026/04/29 15:44:54,923000,11.487
2026/04/29 15:44:54,924000,11.493
2026/04/29 15:44:54,925000,11.490
2026/04/29 15:44:54,926000,11.487
2026/04/29 15:44:54,927000,11.493
2026/04/29 15:44:54,928000,11.490
2026/04/29 15:44:54,929000,11.487
2026/04/29 15:44:54,930000,11.490
2026/04/29 15:44:54,931000,11.496
2026/04/29 15:44:54,932000,11.487
2026/04/29 15:44:54,933000,11.487
2026/04/29 15:44:54,934000,11.485
2026/04/29 15:44:54,935000,11.487
2026/04/29 15:44:54,936000,11.493
2026/04/29 15:44:54,937000,11.490
2026/04/29 15:44:54,938000,11.493
2026/04/29 15:44:54,939000,11.487
2026/04/29 15:44:54,940000,11.493
2026/04/29 15:44:54,941000,11.490
2026/04/29 15:44:54,942000,11.490
2026/04/29 15:44:54,943000,11.493
2026/04/29 15:44:54,944000,11.487
2026/04/29 15:44:54,945000,11.490
2026/04/29 15:44:54,946000,11.493
2026/04/29 15:44:54,947000,11.482
2026/04/29 15:44:54,948000,11.490
2026/04/29 15:44:54,949000,11.490
2026/04/29 15:44:54,950000,11.485
2026/04/29 15:44:54,951000,11.490
2026/04/29 15:44:54,952000,11.490
2026/04/29 15:44:54,953000,11.490
2026/04/29 15:44:54,954000,11.490
2026/04/29 15:44:54,955000,11.490
2026/04/29 15:44:54,956000,11.487
2026/04/29 15:44:54,957000,11.487
2026/04/29 15:44:54,958000,11.493
2026/04/29 15:44:54,959000,11.487
2026/04/29 15:44:54,960000,11.485
2026/04/29 15:44:54,961000,11.490
2026/04/29 15:44:54,962000,11.487
2026/04/29 15:44:54,963000,11.487
2026/04/29 15:44:54,964000,11.493
2026/04/29 15:44:54,965000,11.487
2026/04/29 15:44:54,966000,11.487
2026/04/29 15:44:54,967000,11.485
2026/04/29 15:44:54,968000,11.490
2026/04/29 15:44:54,969000,11.487
2026/04/29 15:44:54,970000,11.487
2026/04/29 15:44:54,971000,11.490
2026/04/29 15:44:54,972000,11.482
2026/04/29 15:44:54,973000,11.487
2026/04/29 15:44:54,974000,11.487
2026/04/29 15:44:54,975000,11.482
2026/04/29 15:44:54,976000,11.487
2026/04/29 15:44:54,977000,11.487
2026/04/29 15:44:54,978000,11.490
2026/04/29 15:44:54,979000,11.490
2026/04/29 15:44:54,980000,11.487
2026/04/29 15:44:54,981000,11.490
2026/04/29 15:44:54,982000,11.493
2026/04/29 15:44:54,983000,11.490
2026/04/29 15:44:54,984000,11.487
2026/04/29 15:44:54,985000,11.490
2026/04/29 15:44:54,986000,11.490
2026/04/29 15:44:54,987000,11.490
2026/04/29 15:44:54,988000,11.487
2026/04/29 15:44:54,989000,11.490
2026/04/29 15:44:54,990000,11.490
2026/04/29 15:44:54,991000,11.487
2026/04/29 15:44:54,992000,11.485
2026/04/29 15:44:54,993000,11.490
2026/04/29 15:44:54,994000,11.490
2026/04/29 15:44:54,995000,11.510
2026/04/29 15:44:54,996000,11.493
2026/04/29 15:44:54,997000,11.490
2026/04/29 15:44:54,998000,11.493
2026/04/29 15:44:54,999000,11.485
2026/04/29 15:44:55,000000,11.490
2026/04/29 15:44:55,001000,11.490
2026/04/29 15:44:55,002000,11.482
2026/04/29 15:44:55,003000,11.490
2026/04/29 15:44:55,004000,11.496
2026/04/29 15:44:55,005000,11.485
2026/04/29 15:44:55,006000,11.490
2026/04/29 15:44:55,007000,11.490
2026/04/29 15:44:55,008000,11.493
2026/04/29 15:44:55,009000,11.490
2026/04/29 15:44:55,010000,11.487
2026/04/29 15:44:55,011000,11.493
2026/04/29 15:44:55,012000,11.493
2026/04/29 15:44:55,013000,11.487
2026/04/29 15:44:55,014000,11.485
2026/04/29 15:44:55,015000,11.485
2026/04/29 15:44:55,016000,11.487
2026/04/29 15:44:55,017000,11.490
2026/04/29 15:44:55,018000,11.490
2026/04/29 15:44:55,019000,11.493
2026/04/29 15:44:55,020000,11.485
2026/04/29 15:44:55,021000,11.487
2026/04/29 15:44:55,022000,11.490
2026/04/29 15:44:55,023000,11.487
2026/04/29 15:44:55,024000,11.485
2026/04/29 15:44:55,025000,11.487
2026/04/29 15:44:55,026000,11.490
2026/04/29 15:44:55,027000,11.485
2026/04/29 15:44:55,028000,11.485
2026/04/29 15:44:55,029000,11.485
2026/04/29 15:44:55,030000,11.485
2026/04/29 15:44:55,031000,11.490
2026/04/29 15:44:55,032000,11.493
2026/04/29 15:44:55,033000,11.490
2026/04/29 15:44:55,034000,11.490
2026/04/29 15:44:55,035000,11.487
2026/04/29 15:44:55,036000,11.490
2026/04/29 15:44:55,037000,11.499
2026/04/29 15:44:55,038000,11.487
2026/04/29 15:44:55,039000,11.493
2026/04/29 15:44:55,040000,11.487
2026/04/29 15:44:55,041000,11.487
2026/04/29 15:44:55,042000,11.487
2026/04/29 15:44:55,043000,11.490
2026/04/29 15:44:55,044000,11.496
2026/04/29 15:44:55,045000,11.493
2026/04/29 15:44:55,046000,11.490
2026/04/29 15:44:55,047000,11.490
2026/04/29 15:44:55,048000,11.485
2026/04/29 15:44:55,049000,11.487
2026/04/29 15:44:55,050000,11.493
2026/04/29 15:44:55,051000,11.490
2026/04/29 15:44:55,052000,11.490
2026/04/29 15:44:55,053000,11.490
2026/04/29 15:44:55,054000,11.490
2026/04/29 15:44:55,055000,11.490
2026/04/29 15:44:55,056000,11.493
2026/04/29 15:44:55,057000,11.487
2026/04/29 15:44:55,058000,11.493
2026/04/29 15:44:55,059000,11.490
2026/04/29 15:44:55,060000,11.496
2026/04/29 15:44:55,061000,11.485
2026/04/29 15:44:55,062000,11.490
2026/04/29 15:44:55,063000,11.493
2026/04/29 15:44:55,064000,11.485
2026/04/29 15:44:55,065000,11.490
2026/04/29 15:44:55,066000,11.490
2026/04/29 15:44:55,067000,11.490
2026/04/29 15:44:55,068000,11.487
2026/04/29 15:44:55,069000,11.487
2026/04/29 15:44:55,070000,11.490
2026/04/29 15:44:55,071000,11.487
2026/04/29 15:44:55,072000,11.487
2026/04/29 15:44:55,073000,11.496
2026/04/29 15:44:55,074000,11.493
2026/04/29 15:44:55,075000,11.487
2026/04/29 15:44:55,076000,11.493
2026/04/29 15:44:55,077000,11.493
2026/04/29 15:44:55,078000,11.490
2026/04/29 15:44:55,079000,11.485
2026/04/29 15:44:55,080000,11.487
2026/04/29 15:44:55,081000,11.487
2026/04/29 15:44:55,082000,11.487
2026/04/29 15:44:55,083000,11.490
2026/04/29 15:44:55,084000,11.487
2026/04/29 15:44:55,085000,11.485
2026/04/29 15:44:55,086000,11.485
2026/04/29 15:44:55,087000,11.490
2026/04/29 15:44:55,088000,11.487
2026/04/29 15:44:55,089000,11.487
2026/04/29 15:44:55,090000,11.487
2026/04/29 15:44:55,091000,11.493
2026/04/29 15:44:55,092000,11.493
2026/04/29 15:44:55,093000,11.490
2026/04/29 15:44:55,094000,11.487
2026/04/29 15:44:55,095000,11.487
2026/04/29 15:44:55,096000,11.487
2026/04/29 15:44:55,097000,11.499
2026/04/29 15:44:55,098000,11.490
2026/04/29 15:44:55,099000,11.487
2026/04/29 15:44:55,100000,11.485
2026/04/29 15:44:55,101000,11.499
2026/04/29 15:44:55,102000,11.490
2026/04/29 15:44:55,103000,11.493
2026/04/29 15:44:55,104000,11.490
2026/04/29 15:44:55,105000,11.487
2026/04/29 15:44:55,106000,11.493
2026/04/29 15:44:55,107000,11.490
2026/04/29 15:44:55,108000,11.499
2026/04/29 15:44:55,109000,11.490
2026/04/29 15:44:55,110000,11.493
2026/04/29 15:44:55,111000,11.490
2026/04/29 15:44:55,112000,11.493
2026/04/29 15:44:55,113000,11.490
2026/04/29 15:44:55,114000,11.485
2026/04/29 15:44:55,115000,11.490
2026/04/29 15:44:55,116000,11.493
2026/04/29 15:44:55,117000,11.487
2026/04/29 15:44:55,118000,11.496
2026/04/29 15:44:55,119000,11.493
2026/04/29 15:44:55,120000,11.490
2026/04/29 15:44:55,121000,11.487
2026/04/29 15:44:55,122000,11.485
2026/04/29 15:44:55,123000,11.496
2026/04/29 15:44:55,124000,11.493
2026/04/29 15:44:55,125000,11.485
2026/04/29 15:44:55,126000,11.493
2026/04/29 15:44:55,127000,11.490
2026/04/29 15:44:55,128000,11.487
2026/04/29 15:44:55,129000,11.493
2026/04/29 15:44:55,130000,11.487
2026/04/29 15:44:55,131000,11.487
2026/04/29 15:44:55,132000,11.490
2026/04/29 15:44:55,133000,11.487
2026/04/29 15:44:55,134000,11.482
2026/04/29 15:44:55,135000,11.487
2026/04/29 15:44:55,136000,11.487
2026/04/29 15:44:55,137000,11.490
2026/04/29 15:44:55,138000,11.493
2026/04/29 15:44:55,139000,11.487
2026/04/29 15:44:55,140000,11.487
2026/04/29 15:44:55,141000,11.493
2026/04/29 15:44:55,142000,11.490
2026/04/29 15:44:55,143000,11.490
2026/04/29 15:44:55,144000,11.493
2026/04/29 15:44:55,145000,11.482
2026/04/29 15:44:55,146000,11.487
2026/04/29 15:44:55,147000,11.485
2026/04/29 15:44:55,148000,11.499
2026/04/29 15:44:55,149000,11.493
2026/04/29 15:44:55,150000,11.487
2026/04/29 15:44:55,151000,11.490
2026/04/29 15:44:55,152000,11.490
2026/04/29 15:44:55,153000,11.493
2026/04/29 15:44:55,154000,11.493
2026/04/29 15:44:55,155000,11.487
2026/04/29 15:44:55,156000,11.496
2026/04/29 15:44:55,157000,11.493
2026/04/29 15:44:55,158000,11.487
2026/04/29 15:44:55,159000,11.487
2026/04/29 15:44:55,160000,11.487
2026/04/29 15:44:55,161000,11.487
2026/04/29 15:44:55,162000,11.485
2026/04/29 15:44:55,163000,11.485
2026/04/29 15:44:55,164000,11.493
2026/04/29 15:44:55,165000,11.493
2026/04/29 15:44:55,166000,11.493
2026/04/29 15:44:55,167000,11.493
2026/04/29 15:44:55,168000,11.490
2026/04/29 15:44:55,169000,11.493
2026/04/29 15:44:55,170000,11.487
2026/04/29 15:44:55,171000,11.490
2026/04/29 15:44:55,172000,11.490
2026/04/29 15:44:55,173000,11.487
2026/04/29 15:44:55,174000,11.493
2026/04/29 15:44:55,175000,11.493
2026/04/29 15:44:55,176000,11.487
2026/04/29 15:44:55,177000,11.482
2026/04/29 15:44:55,178000,11.487
2026/04/29 15:44:55,179000,11.487
2026/04/29 15:44:55,180000,11.493
2026/04/29 15:44:55,181000,11.487
2026/04/29 15:44:55,182000,11.499
2026/04/29 15:44:55,183000,11.487
2026/04/29 15:44:55,184000,11.493
2026/04/29 15:44:55,185000,11.490
2026/04/29 15:44:55,186000,11.487
2026/04/29 15:44:55,187000,11.490
2026/04/29 15:44:55,188000,11.490
2026/04/29 15:44:55,189000,11.487
2026/04/29 15:44:55,190000,11.490
2026/04/29 15:44:55,191000,11.487
2026/04/29 15:44:55,192000,11.487
2026/04/29 15:44:55,193000,11.490
2026/04/29 15:44:55,194000,11.490
2026/04/29 15:44:55,195000,11.485
2026/04/29 15:44:55,196000,11.490
2026/04/29 15:44:55,197000,11.490
2026/04/29 15:44:55,198000,11.487
2026/04/29 15:44:55,199000,11.490
2026/04/29 15:44:55,200000,11.485
2026/04/29 15:44:55,201000,11.493
2026/04/29 15:44:55,202000,11.485
2026/04/29 15:44:55,203000,11.493
2026/04/29 15:44:55,204000,11.487
2026/04/29 15:44:55,205000,11.493
2026/04/29 15:44:55,206000,11.487
2026/04/29 15:44:55,207000,11.496
2026/04/29 15:44:55,208000,11.493
2026/04/29 15:44:55,209000,11.493
2026/04/29 15:44:55,210000,11.487
2026/04/29 15:44:55,211000,11.496
2026/04/29 15:44:55,212000,11.482
2026/04/29 15:44:55,213000,11.493
2026/04/29 15:44:55,214000,11.490
2026/04/29 15:44:55,215000,11.487
2026/04/29 15:44:55,216000,11.496
2026/04/29 15:44:55,217000,11.493
2026/04/29 15:44:55,218000,11.485
2026/04/29 15:44:55,219000,11.487
2026/04/29 15:44:55,220000,11.487
2026/04/29 15:44:55,221000,11.487
2026/04/29 15:44:55,222000,11.487
2026/04/29 15:44:55,223000,11.490
2026/04/29 15:44:55,224000,11.490
2026/04/29 15:44:55,225000,11.490
2026/04/29 15:44:55,226000,11.485
2026/04/29 15:44:55,227000,11.493
2026/04/29 15:44:55,228000,11.490
2026/04/29 15:44:55,229000,11.493
2026/04/29 15:44:55,230000,11.490
2026/04/29 15:44:55,231000,11.487
2026/04/29 15:44:55,232000,11.490
2026/04/29 15:44:55,233000,11.490
2026/04/29 15:44:55,234000,11.490
2026/04/29 15:44:55,235000,11.490
2026/04/29 15:44:55,236000,11.487
2026/04/29 15:44:55,237000,11.487
2026/04/29 15:44:55,238000,11.485
2026/04/29 15:44:55,239000,11.487
2026/04/29 15:44:55,240000,11.485
2026/04/29 15:44:55,241000,11.490
2026/04/29 15:44:55,242000,11.487
2026/04/29 15:44:55,243000,11.487
2026/04/29 15:44:55,244000,11.490
2026/04/29 15:44:55,245000,11.490
2026/04/29 15:44:55,246000,11.487
2026/04/29 15:44:55,247000,11.496
2026/04/29 15:44:55,248000,11.487
2026/04/29 15:44:55,249000,11.490
2026/04/29 15:44:55,250000,11.487
2026/04/29 15:44:55,251000,11.493
2026/04/29 15:44:55,252000,11.493
2026/04/29 15:44:55,253000,11.490
2026/04/29 15:44:55,254000,11.490
2026/04/29 15:44:55,255000,11.490
2026/04/29 15:44:55,256000,11.493
2026/04/29 15:44:55,257000,11.496
2026/04/29 15:44:55,258000,11.487
2026/04/29 15:44:55,259000,11.493
2026/04/29 15:44:55,260000,11.490
2026/04/29 15:44:55,261000,11.487
2026/04/29 15:44:55,262000,11.493
2026/04/29 15:44:55,263000,11.487
2026/04/29 15:44:55,264000,11.485
2026/04/29 15:44:55,265000,11.493
2026/04/29 15:44:55,266000,11.490
2026/04/29 15:44:55,267000,11.485
2026/04/29 15:44:55,268000,11.490
2026/04/29 15:44:55,269000,11.490
2026/04/29 15:44:55,270000,11.490
2026/04/29 15:44:55,271000,11.490
2026/04/29 15:44:55,272000,11.490
2026/04/29 15:44:55,273000,11.496
2026/04/29 15:44:55,274000,11.487
2026/04/29 15:44:55,275000,11.493
2026/04/29 15:44:55,276000,11.487
2026/04/29 15:44:55,277000,11.487
2026/04/29 15:44:55,278000,11.487
2026/04/29 15:44:55,279000,11.493
2026/04/29 15:44:55,280000,11.485
2026/04/29 15:44:55,281000,11.496
2026/04/29 15:44:55,282000,11.485
2026/04/29 15:44:55,283000,11.487
2026/04/29 15:44:55,284000,11.490
2026/04/29 15:44:55,285000,11.487
2026/04/29 15:44:55,286000,11.493
2026/04/29 15:44:55,287000,11.499
2026/04/29 15:44:55,288000,11.490
2026/04/29 15:44:55,289000,11.493
2026/04/29 15:44:55,290000,11.490
2026/04/29 15:44:55,291000,11.485
2026/04/29 15:44:55,292000,11.493
2026/04/29 15:44:55,293000,11.490
2026/04/29 15:44:55,294000,11.487
2026/04/29 15:44:55,295000,11.490
2026/04/29 15:44:55,296000,11.482
2026/04/29 15:44:55,297000,11.490
2026/04/29 15:44:55,298000,11.485
2026/04/29 15:44:55,299000,11.493
2026/04/29 15:44:55,300000,11.485
2026/04/29 15:44:55,301000,11.487
2026/04/29 15:44:55,302000,11.496
2026/04/29 15:44:55,303000,11.487
2026/04/29 15:44:55,304000,11.490
2026/04/29 15:44:55,305000,11.485
2026/04/29 15:44:55,306000,11.487
2026/04/29 15:44:55,307000,11.493
2026/04/29 15:44:55,308000,11.493
2026/04/29 15:44:55,309000,11.490
2026/04/29 15:44:55,310000,11.487
2026/04/29 15:44:55,311000,11.487
2026/04/29 15:44:55,312000,11.487
2026/04/29 15:44:55,313000,11.490
2026/04/29 15:44:55,314000,11.490
2026/04/29 15:44:55,315000,11.487
2026/04/29 15:44:55,316000,11.487
2026/04/29 15:44:55,317000,11.490
2026/04/29 15:44:55,318000,11.493
2026/04/29 15:44:55,319000,11.485
2026/04/29 15:44:55,320000,11.493
2026/04/29 15:44:55,321000,11.501
2026/04/29 15:44:55,322000,11.487
2026/04/29 15:44:55,323000,11.485
2026/04/29 15:44:55,324000,11.487
2026/04/29 15:44:55,325000,11.490
2026/04/29 15:44:55,326000,11.493
2026/04/29 15:44:55,327000,11.490
2026/04/29 15:44:55,328000,11.493
2026/04/29 15:44:55,329000,11.490
2026/04/29 15:44:55,330000,11.490
2026/04/29 15:44:55,331000,11.490
2026/04/29 15:44:55,332000,11.487
2026/04/29 15:44:55,333000,11.490
2026/04/29 15:44:55,334000,11.482
2026/04/29 15:44:55,335000,11.485
2026/04/29 15:44:55,336000,11.487
2026/04/29 15:44:55,337000,11.487
2026/04/29 15:44:55,338000,11.493
2026/04/29 15:44:55,339000,11.487
2026/04/29 15:44:55,340000,11.485
2026/04/29 15:44:55,341000,11.490
2026/04/29 15:44:55,342000,11.490
2026/04/29 15:44:55,343000,11.493
2026/04/29 15:44:55,344000,11.493
2026/04/29 15:44:55,345000,11.487
2026/04/29 15:44:55,346000,11.490
2026/04/29 15:44:55,347000,11.487
2026/04/29 15:44:55,348000,11.493
2026/04/29 15:44:55,349000,11.487
2026/04/29 15:44:55,350000,11.496
2026/04/29 15:44:55,351000,11.487
2026/04/29 15:44:55,352000,11.493
2026/04/29 15:44:55,353000,11.482
2026/04/29 15:44:55,354000,11.493
2026/04/29 15:44:55,355000,11.490
2026/04/29 15:44:55,356000,11.493
2026/04/29 15:44:55,357000,11.487
2026/04/29 15:44:55,358000,11.487
2026/04/29 15:44:55,359000,11.485
2026/04/29 15:44:55,360000,11.490
2026/04/29 15:44:55,361000,11.485
2026/04/29 15:44:55,362000,11.490
2026/04/29 15:44:55,363000,11.496
2026/04/29 15:44:55,364000,11.493
2026/04/29 15:44:55,365000,11.493
2026/04/29 15:44:55,366000,11.490
2026/04/29 15:44:55,367000,11.490
2026/04/29 15:44:55,368000,11.493
2026/04/29 15:44:55,369000,11.490
2026/04/29 15:44:55,370000,11.493
2026/04/29 15:44:55,371000,11.490
2026/04/29 15:44:55,372000,11.485
2026/04/29 15:44:55,373000,11.487
2026/04/29 15:44:55,374000,11.490
2026/04/29 15:44:55,375000,11.490
2026/04/29 15:44:55,376000,11.487
2026/04/29 15:44:55,377000,11.487
2026/04/29 15:44:55,378000,11.487
2026/04/29 15:44:55,379000,11.485
2026/04/29 15:44:55,380000,11.493
2026/04/29 15:44:55,381000,11.485
2026/04/29 15:44:55,382000,11.493
2026/04/29 15:44:55,383000,11.493
2026/04/29 15:44:55,384000,11.485
2026/04/29 15:44:55,385000,11.490
2026/04/29 15:44:55,386000,11.485
2026/04/29 15:44:55,387000,11.482
2026/04/29 15:44:55,388000,11.482
2026/04/29 15:44:55,389000,11.493
2026/04/29 15:44:55,390000,11.482
2026/04/29 15:44:55,391000,11.490
2026/04/29 15:44:55,392000,11.487
2026/04/29 15:44:55,393000,11.490
2026/04/29 15:44:55,394000,11.490
2026/04/29 15:44:55,395000,11.493
2026/04/29 15:44:55,396000,11.490
2026/04/29 15:44:55,397000,11.485
2026/04/29 15:44:55,398000,11.490
2026/04/29 15:44:55,399000,11.493
2026/04/29 15:44:55,400000,11.490
2026/04/29 15:44:55,401000,11.487
2026/04/29 15:44:55,402000,11.493
2026/04/29 15:44:55,403000,11.487
2026/04/29 15:44:55,404000,11.493
2026/04/29 15:44:55,405000,11.490
2026/04/29 15:44:55,406000,11.487
2026/04/29 15:44:55,407000,11.493
2026/04/29 15:44:55,408000,11.493
2026/04/29 15:44:55,409000,11.487
2026/04/29 15:44:55,410000,11.487
2026/04/29 15:44:55,411000,11.485
2026/04/29 15:44:55,412000,11.485
2026/04/29 15:44:55,413000,11.487
2026/04/29 15:44:55,414000,11.490
2026/04/29 15:44:55,415000,11.487
2026/04/29 15:44:55,416000,11.493
2026/04/29 15:44:55,417000,11.487
2026/04/29 15:44:55,418000,11.493
2026/04/29 15:44:55,419000,11.490
2026/04/29 15:44:55,420000,11.493
2026/04/29 15:44:55,421000,11.493
2026/04/29 15:44:55,422000,11.490
2026/04/29 15:44:55,423000,11.482
2026/04/29 15:44:55,424000,11.487
2026/04/29 15:44:55,425000,11.485
2026/04/29 15:44:55,426000,11.493
2026/04/29 15:44:55,427000,11.490
2026/04/29 15:44:55,428000,11.490
2026/04/29 15:44:55,429000,11.490
2026/04/29 15:44:55,430000,11.490
2026/04/29 15:44:55,431000,11.487
2026/04/29 15:44:55,432000,11.493
2026/04/29 15:44:55,433000,11.485
2026/04/29 15:44:55,434000,11.487
2026/04/29 15:44:55,435000,11.482
2026/04/29 15:44:55,436000,11.487
2026/04/29 15:44:55,437000,11.490
2026/04/29 15:44:55,438000,11.487
2026/04/29 15:44:55,439000,11.487
2026/04/29 15:44:55,440000,11.501
2026/04/29 15:44:55,441000,11.485
2026/04/29 15:44:55,442000,11.485
2026/04/29 15:44:55,443000,11.485
2026/04/29 15:44:55,444000,11.490
2026/04/29 15:44:55,445000,11.487
2026/04/29 15:44:55,446000,11.487
2026/04/29 15:44:55,447000,11.487
2026/04/29 15:44:55,448000,11.487
2026/04/29 15:44:55,449000,11.487
2026/04/29 15:44:55,450000,11.485
2026/04/29 15:44:55,451000,11.487
2026/04/29 15:44:55,452000,11.490
2026/04/29 15:44:55,453000,11.485
2026/04/29 15:44:55,454000,11.487
2026/04/29 15:44:55,455000,11.490
2026/04/29 15:44:55,456000,11.485
2026/04/29 15:44:55,457000,11.490
2026/04/29 15:44:55,458000,11.487
2026/04/29 15:44:55,459000,11.487
2026/04/29 15:44:55,460000,11.487
2026/04/29 15:44:55,461000,11.487
2026/04/29 15:44:55,462000,11.485
2026/04/29 15:44:55,463000,11.485
2026/04/29 15:44:55,464000,11.487
2026/04/29 15:44:55,465000,11.493
2026/04/29 15:44:55,466000,11.487
2026/04/29 15:44:55,467000,11.487
2026/04/29 15:44:55,468000,11.499
2026/04/29 15:44:55,469000,11.490
2026/04/29 15:44:55,470000,11.487
2026/04/29 15:44:55,471000,11.485
2026/04/29 15:44:55,472000,11.487
2026/04/29 15:44:55,473000,11.487
2026/04/29 15:44:55,474000,11.493
2026/04/29 15:44:55,475000,11.493
2026/04/29 15:44:55,476000,11.485
2026/04/29 15:44:55,477000,11.490
2026/04/29 15:44:55,478000,11.490
2026/04/29 15:44:55,479000,11.490
2026/04/29 15:44:55,480000,11.487
2026/04/29 15:44:55,481000,11.487
2026/04/29 15:44:55,482000,11.496
2026/04/29 15:44:55,483000,11.482
2026/04/29 15:44:55,484000,11.493
2026/04/29 15:44:55,485000,11.490
2026/04/29 15:44:55,486000,11.490
2026/04/29 15:44:55,487000,11.487
2026/04/29 15:44:55,488000,11.482
2026/04/29 15:44:55,489000,11.493
2026/04/29 15:44:55,490000,11.490
2026/04/29 15:44:55,491000,11.487
2026/04/29 15:44:55,492000,11.490
2026/04/29 15:44:55,493000,11.493
2026/04/29 15:44:55,494000,11.490
2026/04/29 15:44:55,495000,11.487
2026/04/29 15:44:55,496000,11.487
2026/04/29 15:44:55,497000,11.487
2026/04/29 15:44:55,498000,11.490
2026/04/29 15:44:55,499000,11.485
2026/04/29 15:44:55,500000,11.490
2026/04/29 15:44:55,501000,11.490
2026/04/29 15:44:55,502000,11.487
2026/04/29 15:44:55,503000,11.490
2026/04/29 15:44:55,504000,11.493
2026/04/29 15:44:55,505000,11.493
2026/04/29 15:44:55,506000,11.487
2026/04/29 15:44:55,507000,11.487
2026/04/29 15:44:55,508000,11.490
2026/04/29 15:44:55,509000,11.490
2026/04/29 15:44:55,510000,11.487
2026/04/29 15:44:55,511000,11.487
2026/04/29 15:44:55,512000,11.490
2026/04/29 15:44:55,513000,11.485
2026/04/29 15:44:55,514000,11.490
2026/04/29 15:44:55,515000,11.482
2026/04/29 15:44:55,516000,11.482
2026/04/29 15:44:55,517000,11.490
2026/04/29 15:44:55,518000,11.487
2026/04/29 15:44:55,519000,11.487
2026/04/29 15:44:55,520000,11.496
2026/04/29 15:44:55,521000,11.487
2026/04/29 15:44:55,522000,11.490
2026/04/29 15:44:55,523000,11.496
2026/04/29 15:44:55,524000,11.482
2026/04/29 15:44:55,525000,11.493
2026/04/29 15:44:55,526000,11.482
2026/04/29 15:44:55,527000,11.487
2026/04/29 15:44:55,528000,11.487
2026/04/29 15:44:55,529000,11.490
2026/04/29 15:44:55,530000,11.490
2026/04/29 15:44:55,531000,11.482
2026/04/29 15:44:55,532000,11.487
2026/04/29 15:44:55,533000,11.485
2026/04/29 15:44:55,534000,11.490
2026/04/29 15:44:55,535000,11.496
2026/04/29 15:44:55,536000,11.487
2026/04/29 15:44:55,537000,11.482
2026/04/29 15:44:55,538000,11.490
2026/04/29 15:44:55,539000,11.490
2026/04/29 15:44:55,540000,11.490
2026/04/29 15:44:55,541000,11.487
2026/04/29 15:44:55,542000,11.490
2026/04/29 15:44:55,543000,11.493
2026/04/29 15:44:55,544000,11.490
2026/04/29 15:44:55,545000,11.485
2026/04/29 15:44:55,546000,11.485
2026/04/29 15:44:55,547000,11.487
2026/04/29 15:44:55,548000,11.487
2026/04/29 15:44:55,549000,11.487
2026/04/29 15:44:55,550000,11.490
2026/04/29 15:44:55,551000,11.487
2026/04/29 15:44:55,552000,11.487
2026/04/29 15:44:55,553000,11.485
2026/04/29 15:44:55,554000,11.496
2026/04/29 15:44:55,555000,11.490
2026/04/29 15:44:55,556000,11.485
2026/04/29 15:44:55,557000,11.493
2026/04/29 15:44:55,558000,11.487
2026/04/29 15:44:55,559000,11.487
2026/04/29 15:44:55,560000,11.487
2026/04/29 15:44:55,561000,11.493
2026/04/29 15:44:55,562000,11.487
2026/04/29 15:44:55,563000,11.493
2026/04/29 15:44:55,564000,11.487
2026/04/29 15:44:55,565000,11.487
2026/04/29 15:44:55,566000,11.490
2026/04/29 15:44:55,567000,11.493
2026/04/29 15:44:55,568000,11.490
2026/04/29 15:44:55,569000,11.485
2026/04/29 15:44:55,570000,11.487
2026/04/29 15:44:55,571000,11.493
2026/04/29 15:44:55,572000,11.487
2026/04/29 15:44:55,573000,11.493
2026/04/29 15:44:55,574000,11.487
2026/04/29 15:44:55,575000,11.490
2026/04/29 15:44:55,576000,11.490
2026/04/29 15:44:55,577000,11.485
2026/04/29 15:44:55,578000,11.487
2026/04/29 15:44:55,579000,11.490
2026/04/29 15:44:55,580000,11.482
2026/04/29 15:44:55,581000,11.487
2026/04/29 15:44:55,582000,11.490
2026/04/29 15:44:55,583000,11.487
2026/04/29 15:44:55,584000,11.490
2026/04/29 15:44:55,585000,11.487
2026/04/29 15:44:55,586000,11.493
2026/04/29 15:44:55,587000,11.487
2026/04/29 15:44:55,588000,11.493
2026/04/29 15:44:55,589000,11.485
2026/04/29 15:44:55,590000,11.482
2026/04/29 15:44:55,591000,11.482
2026/04/29 15:44:55,592000,11.487
2026/04/29 15:44:55,593000,11.490
2026/04/29 15:44:55,594000,11.487
2026/04/29 15:44:55,595000,11.490
2026/04/29 15:44:55,596000,11.490
2026/04/29 15:44:55,597000,11.490
2026/04/29 15:44:55,598000,11.493
2026/04/29 15:44:55,599000,11.487
2026/04/29 15:44:55,600000,11.490
2026/04/29 15:44:55,601000,11.487
2026/04/29 15:44:55,602000,11.493
2026/04/29 15:44:55,603000,11.496
2026/04/29 15:44:55,604000,11.487
2026/04/29 15:44:55,605000,11.493
2026/04/29 15:44:55,606000,11.490
2026/04/29 15:44:55,607000,11.485
2026/04/29 15:44:55,608000,11.493
2026/04/29 15:44:55,609000,11.487
2026/04/29 15:44:55,610000,11.490
2026/04/29 15:44:55,611000,11.490
2026/04/29 15:44:55,612000,11.490
2026/04/29 15:44:55,613000,11.487
2026/04/29 15:44:55,614000,11.496
2026/04/29 15:44:55,615000,11.487
2026/04/29 15:44:55,616000,11.485
2026/04/29 15:44:55,617000,11.490
2026/04/29 15:44:55,618000,11.493
2026/04/29 15:44:55,619000,11.493
2026/04/29 15:44:55,620000,11.490
2026/04/29 15:44:55,621000,11.490
2026/04/29 15:44:55,622000,11.485
2026/04/29 15:44:55,623000,11.487
2026/04/29 15:44:55,624000,11.490
2026/04/29 15:44:55,625000,11.493
2026/04/29 15:44:55,626000,11.490
2026/04/29 15:44:55,627000,11.493
2026/04/29 15:44:55,628000,11.487
2026/04/29 15:44:55,629000,11.485
2026/04/29 15:44:55,630000,11.496
2026/04/29 15:44:55,631000,11.487
2026/04/29 15:44:55,632000,11.487
2026/04/29 15:44:55,633000,11.487
2026/04/29 15:44:55,634000,11.485
2026/04/29 15:44:55,635000,11.493
2026/04/29 15:44:55,636000,11.490
2026/04/29 15:44:55,637000,11.490
2026/04/29 15:44:55,638000,11.485
2026/04/29 15:44:55,639000,11.496
2026/04/29 15:44:55,640000,11.487
2026/04/29 15:44:55,641000,11.487
2026/04/29 15:44:55,642000,11.493
2026/04/29 15:44:55,643000,11.493
2026/04/29 15:44:55,644000,11.493
2026/04/29 15:44:55,645000,11.496
2026/04/29 15:44:55,646000,11.490
2026/04/29 15:44:55,647000,11.487
2026/04/29 15:44:55,648000,11.487
2026/04/29 15:44:55,649000,11.487
2026/04/29 15:44:55,650000,11.493
2026/04/29 15:44:55,651000,11.487
2026/04/29 15:44:55,652000,11.490
2026/04/29 15:44:55,653000,11.487
2026/04/29 15:44:55,654000,11.490
2026/04/29 15:44:55,655000,11.487
2026/04/29 15:44:55,656000,11.493
2026/04/29 15:44:55,657000,11.490
2026/04/29 15:44:55,658000,11.487
2026/04/29 15:44:55,659000,11.490
2026/04/29 15:44:55,660000,11.485
2026/04/29 15:44:55,661000,11.493
2026/04/29 15:44:55,662000,11.485
2026/04/29 15:44:55,663000,11.493
2026/04/29 15:44:55,664000,11.490
2026/04/29 15:44:55,665000,11.490
2026/04/29 15:44:55,666000,11.487
2026/04/29 15:44:55,667000,11.490
2026/04/29 15:44:55,668000,11.493
2026/04/29 15:44:55,669000,11.493
2026/04/29 15:44:55,670000,11.485
2026/04/29 15:44:55,671000,11.493
2026/04/29 15:44:55,672000,11.493
2026/04/29 15:44:55,673000,11.496
2026/04/29 15:44:55,674000,11.487
2026/04/29 15:44:55,675000,11.490
2026/04/29 15:44:55,676000,11.493
2026/04/29 15:44:55,677000,11.482
2026/04/29 15:44:55,678000,11.487
2026/04/29 15:44:55,679000,11.490
2026/04/29 15:44:55,680000,11.490
2026/04/29 15:44:55,681000,11.493
2026/04/29 15:44:55,682000,11.493
2026/04/29 15:44:55,683000,11.487
2026/04/29 15:44:55,684000,11.487
2026/04/29 15:44:55,685000,11.490
2026/04/29 15:44:55,686000,11.490
2026/04/29 15:44:55,687000,11.490
2026/04/29 15:44:55,688000,11.487
2026/04/29 15:44:55,689000,11.485
2026/04/29 15:44:55,690000,11.493
2026/04/29 15:44:55,691000,11.490
2026/04/29 15:44:55,692000,11.479
2026/04/29 15:44:55,693000,11.490
2026/04/29 15:44:55,694000,11.485
2026/04/29 15:44:55,695000,11.490
2026/04/29 15:44:55,696000,11.490
2026/04/29 15:44:55,697000,11.485
2026/04/29 15:44:55,698000,11.490
2026/04/29 15:44:55,699000,11.490
2026/04/29 15:44:55,700000,11.487
2026/04/29 15:44:55,701000,11.493
2026/04/29 15:44:55,702000,11.490
2026/04/29 15:44:55,703000,11.490
2026/04/29 15:44:55,704000,11.493
2026/04/29 15:44:55,705000,11.490
2026/04/29 15:44:55,706000,11.487
2026/04/29 15:44:55,707000,11.490
2026/04/29 15:44:55,708000,11.493
2026/04/29 15:44:55,709000,11.490
2026/04/29 15:44:55,710000,11.487
2026/04/29 15:44:55,711000,11.493
2026/04/29 15:44:55,712000,11.487
2026/04/29 15:44:55,713000,11.490
2026/04/29 15:44:55,714000,11.490
2026/04/29 15:44:55,715000,11.490
2026/04/29 15:44:55,716000,11.493
2026/04/29 15:44:55,717000,11.493
2026/04/29 15:44:55,718000,11.490
2026/04/29 15:44:55,719000,11.490
2026/04/29 15:44:55,720000,11.487
2026/04/29 15:44:55,721000,11.490
2026/04/29 15:44:55,722000,11.490
2026/04/29 15:44:55,723000,11.493
2026/04/29 15:44:55,724000,11.493
2026/04/29 15:44:55,725000,11.490
2026/04/29 15:44:55,726000,11.490
2026/04/29 15:44:55,727000,11.487
2026/04/29 15:44:55,728000,11.493
2026/04/29 15:44:55,729000,11.485
2026/04/29 15:44:55,730000,11.493
2026/04/29 15:44:55,731000,11.487
2026/04/29 15:44:55,732000,11.487
2026/04/29 15:44:55,733000,11.487
2026/04/29 15:44:55,734000,11.485
2026/04/29 15:44:55,735000,11.490
2026/04/29 15:44:55,736000,11.493
2026/04/29 15:44:55,737000,11.487
2026/04/29 15:44:55,738000,11.487
2026/04/29 15:44:55,739000,11.490
2026/04/29 15:44:55,740000,11.487
2026/04/29 15:44:55,741000,11.493
2026/04/29 15:44:55,742000,11.485
2026/04/29 15:44:55,743000,11.490
2026/04/29 15:44:55,744000,11.485
2026/04/29 15:44:55,745000,11.493
2026/04/29 15:44:55,746000,11.487
2026/04/29 15:44:55,747000,11.485
2026/04/29 15:44:55,748000,11.490
2026/04/29 15:44:55,749000,11.487
2026/04/29 15:44:55,750000,11.490
2026/04/29 15:44:55,751000,11.487
2026/04/29 15:44:55,752000,11.487
2026/04/29 15:44:55,753000,11.493
2026/04/29 15:44:55,754000,11.487
2026/04/29 15:44:55,755000,11.490
2026/04/29 15:44:55,756000,11.493
2026/04/29 15:44:55,757000,11.487
2026/04/29 15:44:55,758000,11.487
2026/04/29 15:44:55,759000,11.490
2026/04/29 15:44:55,760000,11.490
2026/04/29 15:44:55,761000,11.487
2026/04/29 15:44:55,762000,11.487
2026/04/29 15:44:55,763000,11.490
2026/04/29 15:44:55,764000,11.487
2026/04/29 15:44:55,765000,11.490
2026/04/29 15:44:55,766000,11.487
2026/04/29 15:44:55,767000,11.493
2026/04/29 15:44:55,768000,11.490
2026/04/29 15:44:55,769000,11.499
2026/04/29 15:44:55,770000,11.487
2026/04/29 15:44:55,771000,11.487
2026/04/29 15:44:55,772000,11.490
2026/04/29 15:44:55,773000,11.490
2026/04/29 15:44:55,774000,11.490
2026/04/29 15:44:55,775000,11.490
2026/04/29 15:44:55,776000,11.490
2026/04/29 15:44:55,777000,11.490
2026/04/29 15:44:55,778000,11.487
2026/04/29 15:44:55,779000,11.487
2026/04/29 15:44:55,780000,11.490
2026/04/29 15:44:55,781000,11.487
2026/04/29 15:44:55,782000,11.490
2026/04/29 15:44:55,783000,11.485
2026/04/29 15:44:55,784000,11.487
2026/04/29 15:44:55,785000,11.487
2026/04/29 15:44:55,786000,11.490
2026/04/29 15:44:55,787000,11.487
2026/04/29 15:44:55,788000,11.487
2026/04/29 15:44:55,789000,11.487
2026/04/29 15:44:55,790000,11.493
2026/04/29 15:44:55,791000,11.485
2026/04/29 15:44:55,792000,11.490
2026/04/29 15:44:55,793000,11.499
2026/04/29 15:44:55,794000,11.490
2026/04/29 15:44:55,795000,11.487
2026/04/29 15:44:55,796000,11.490
2026/04/29 15:44:55,797000,11.487
2026/04/29 15:44:55,798000,11.479
2026/04/29 15:44:55,799000,11.493
2026/04/29 15:44:55,800000,11.487
2026/04/29 15:44:55,801000,11.490
2026/04/29 15:44:55,802000,11.490
2026/04/29 15:44:55,803000,11.482
2026/04/29 15:44:55,804000,11.482
2026/04/29 15:44:55,805000,11.482
2026/04/29 15:44:55,806000,11.485
2026/04/29 15:44:55,807000,11.490
2026/04/29 15:44:55,808000,11.487
2026/04/29 15:44:55,809000,11.490
2026/04/29 15:44:55,810000,11.493
2026/04/29 15:44:55,811000,11.490
2026/04/29 15:44:55,812000,11.490
2026/04/29 15:44:55,813000,11.487
2026/04/29 15:44:55,814000,11.487
2026/04/29 15:44:55,815000,11.490
2026/04/29 15:44:55,816000,11.487
2026/04/29 15:44:55,817000,11.490
2026/04/29 15:44:55,818000,11.490
2026/04/29 15:44:55,819000,11.493
2026/04/29 15:44:55,820000,11.496
2026/04/29 15:44:55,821000,11.490
2026/04/29 15:44:55,822000,11.490
2026/04/29 15:44:55,823000,11.490
2026/04/29 15:44:55,824000,11.482
2026/04/29 15:44:55,825000,11.485
2026/04/29 15:44:55,826000,11.487
2026/04/29 15:44:55,827000,11.490
2026/04/29 15:44:55,828000,11.487
2026/04/29 15:44:55,829000,11.487
2026/04/29 15:44:55,830000,11.487
2026/04/29 15:44:55,831000,11.493
2026/04/29 15:44:55,832000,11.490
2026/04/29 15:44:55,833000,11.487
2026/04/29 15:44:55,834000,11.487
2026/04/29 15:44:55,835000,11.487
2026/04/29 15:44:55,836000,11.485
2026/04/29 15:44:55,837000,11.493
2026/04/29 15:44:55,838000,11.493
2026/04/29 15:44:55,839000,11.487
2026/04/29 15:44:55,840000,11.490
2026/04/29 15:44:55,841000,11.493
2026/04/29 15:44:55,842000,11.487
2026/04/29 15:44:55,843000,11.490
2026/04/29 15:44:55,844000,11.476
2026/04/29 15:44:55,845000,11.487
2026/04/29 15:44:55,846000,11.487
2026/04/29 15:44:55,847000,11.490
2026/04/29 15:44:55,848000,11.485
2026/04/29 15:44:55,849000,11.485
2026/04/29 15:44:55,850000,11.487
2026/04/29 15:44:55,851000,11.493
2026/04/29 15:44:55,852000,11.493
2026/04/29 15:44:55,853000,11.490
2026/04/29 15:44:55,854000,11.493
2026/04/29 15:44:55,855000,11.487
2026/04/29 15:44:55,856000,11.490
2026/04/29 15:44:55,857000,11.487
2026/04/29 15:44:55,858000,11.487
2026/04/29 15:44:55,859000,11.487
2026/04/29 15:44:55,860000,11.485
2026/04/29 15:44:55,861000,11.490
2026/04/29 15:44:55,862000,11.487
2026/04/29 15:44:55,863000,11.485
2026/04/29 15:44:55,864000,11.487
2026/04/29 15:44:55,865000,11.493
2026/04/29 15:44:55,866000,11.487
2026/04/29 15:44:55,867000,11.493
2026/04/29 15:44:55,868000,11.487
2026/04/29 15:44:55,869000,11.487
2026/04/29 15:44:55,870000,11.487
2026/04/29 15:44:55,871000,11.487
2026/04/29 15:44:55,872000,11.487
2026/04/29 15:44:55,873000,11.487
2026/04/29 15:44:55,874000,11.493
2026/04/29 15:44:55,875000,11.490
2026/04/29 15:44:55,876000,11.487
2026/04/29 15:44:55,877000,11.490
2026/04/29 15:44:55,878000,11.493
2026/04/29 15:44:55,879000,11.485
2026/04/29 15:44:55,880000,11.490
2026/04/29 15:44:55,881000,11.487
2026/04/29 15:44:55,882000,11.485
2026/04/29 15:44:55,883000,11.493
2026/04/29 15:44:55,884000,11.485
2026/04/29 15:44:55,885000,11.487
2026/04/29 15:44:55,886000,11.485
2026/04/29 15:44:55,887000,11.490
2026/04/29 15:44:55,888000,11.493
2026/04/29 15:44:55,889000,11.487
2026/04/29 15:44:55,890000,11.487
2026/04/29 15:44:55,891000,11.482
2026/04/29 15:44:55,892000,11.490
2026/04/29 15:44:55,893000,11.485
2026/04/29 15:44:55,894000,11.482
2026/04/29 15:44:55,895000,11.493
2026/04/29 15:44:55,896000,11.487
2026/04/29 15:44:55,897000,11.490
2026/04/29 15:44:55,898000,11.490
2026/04/29 15:44:55,899000,11.487
2026/04/29 15:44:55,900000,11.487
2026/04/29 15:44:55,901000,11.487
2026/04/29 15:44:55,902000,11.487
2026/04/29 15:44:55,903000,11.482
2026/04/29 15:44:55,904000,11.490
2026/04/29 15:44:55,905000,11.482
2026/04/29 15:44:55,906000,11.490
2026/04/29 15:44:55,907000,11.493
2026/04/29 15:44:55,908000,11.482
2026/04/29 15:44:55,909000,11.482
2026/04/29 15:44:55,910000,11.490
2026/04/29 15:44:55,911000,11.485
2026/04/29 15:44:55,912000,11.490
2026/04/29 15:44:55,913000,11.487
2026/04/29 15:44:55,914000,11.487
2026/04/29 15:44:55,915000,11.490
2026/04/29 15:44:55,916000,11.485
2026/04/29 15:44:55,917000,11.485
2026/04/29 15:44:55,918000,11.490
2026/04/29 15:44:55,919000,11.485
2026/04/29 15:44:55,920000,11.485
2026/04/29 15:44:55,921000,11.487
2026/04/29 15:44:55,922000,11.485
2026/04/29 15:44:55,923000,11.485
2026/04/29 15:44:55,924000,11.482
2026/04/29 15:44:55,925000,11.496
2026/04/29 15:44:55,926000,11.490
2026/04/29 15:44:55,927000,11.493
2026/04/29 15:44:55,928000,11.490
2026/04/29 15:44:55,929000,11.487
2026/04/29 15:44:55,930000,11.487
2026/04/29 15:44:55,931000,11.490
2026/04/29 15:44:55,932000,11.490
2026/04/29 15:44:55,933000,11.490
2026/04/29 15:44:55,934000,11.482
2026/04/29 15:44:55,935000,11.485
2026/04/29 15:44:55,936000,11.493
2026/04/29 15:44:55,937000,11.490
2026/04/29 15:44:55,938000,11.490
2026/04/29 15:44:55,939000,11.490
2026/04/29 15:44:55,940000,11.487
2026/04/29 15:44:55,941000,11.485
2026/04/29 15:44:55,942000,11.487
2026/04/29 15:44:55,943000,11.487
2026/04/29 15:44:55,944000,11.490
2026/04/29 15:44:55,945000,11.490
2026/04/29 15:44:55,946000,11.496
2026/04/29 15:44:55,947000,11.487
2026/04/29 15:44:55,948000,11.490
2026/04/29 15:44:55,949000,11.482
2026/04/29 15:44:55,950000,11.485
2026/04/29 15:44:55,951000,11.487
2026/04/29 15:44:55,952000,11.485
2026/04/29 15:44:55,953000,11.485
2026/04/29 15:44:55,954000,11.490
2026/04/29 15:44:55,955000,11.482
2026/04/29 15:44:55,956000,11.485
2026/04/29 15:44:55,957000,11.493
2026/04/29 15:44:55,958000,11.490
2026/04/29 15:44:55,959000,11.493
2026/04/29 15:44:55,960000,11.487
2026/04/29 15:44:55,961000,11.490
2026/04/29 15:44:55,962000,11.490
2026/04/29 15:44:55,963000,11.487
2026/04/29 15:44:55,964000,11.482
2026/04/29 15:44:55,965000,11.490
2026/04/29 15:44:55,966000,11.490
2026/04/29 15:44:55,967000,11.493
2026/04/29 15:44:55,968000,11.482
2026/04/29 15:44:55,969000,11.487
2026/04/29 15:44:55,970000,11.487
2026/04/29 15:44:55,971000,11.485
2026/04/29 15:44:55,972000,11.485
2026/04/29 15:44:55,973000,11.487
2026/04/29 15:44:55,974000,11.490
2026/04/29 15:44:55,975000,11.490
2026/04/29 15:44:55,976000,11.490
2026/04/29 15:44:55,977000,11.490
2026/04/29 15:44:55,978000,11.490
2026/04/29 15:44:55,979000,11.493
2026/04/29 15:44:55,980000,11.493
2026/04/29 15:44:55,981000,11.490
2026/04/29 15:44:55,982000,11.487
2026/04/29 15:44:55,983000,11.487
2026/04/29 15:44:55,984000,11.487
2026/04/29 15:44:55,985000,11.482
2026/04/29 15:44:55,986000,11.487
2026/04/29 15:44:55,987000,11.490
2026/04/29 15:44:55,988000,11.487
2026/04/29 15:44:55,989000,11.482
2026/04/29 15:44:55,990000,11.487
2026/04/29 15:44:55,991000,11.490
2026/04/29 15:44:55,992000,11.490
2026/04/29 15:44:55,993000,11.490
2026/04/29 15:44:55,994000,11.490
2026/04/29 15:44:55,995000,11.490
2026/04/29 15:44:55,996000,11.485
2026/04/29 15:44:55,997000,11.493
2026/04/29 15:44:55,998000,11.493
2026/04/29 15:44:55,999000,11.490
2026/04/29 15:44:56,000000,11.490
2026/04/29 15:44:56,001000,11.493
2026/04/29 15:44:56,002000,11.485
2026/04/29 15:44:56,003000,11.490
2026/04/29 15:44:56,004000,11.485
2026/04/29 15:44:56,005000,11.490
2026/04/29 15:44:56,006000,11.485
2026/04/29 15:44:56,007000,11.490
2026/04/29 15:44:56,008000,11.487
2026/04/29 15:44:56,009000,11.487
2026/04/29 15:44:56,010000,11.485
2026/04/29 15:44:56,011000,11.485
2026/04/29 15:44:56,012000,11.487
2026/04/29 15:44:56,013000,11.485
2026/04/29 15:44:56,014000,11.485
2026/04/29 15:44:56,015000,11.485
2026/04/29 15:44:56,016000,11.490
2026/04/29 15:44:56,017000,11.487
2026/04/29 15:44:56,018000,11.490
2026/04/29 15:44:56,019000,11.487
2026/04/29 15:44:56,020000,11.487
2026/04/29 15:44:56,021000,11.485
2026/04/29 15:44:56,022000,11.490
2026/04/29 15:44:56,023000,11.485
2026/04/29 15:44:56,024000,11.493
2026/04/29 15:44:56,025000,11.490
2026/04/29 15:44:56,026000,11.485
2026/04/29 15:44:56,027000,11.490
2026/04/29 15:44:56,028000,11.490
2026/04/29 15:44:56,029000,11.485
2026/04/29 15:44:56,030000,11.487
2026/04/29 15:44:56,031000,11.487
2026/04/29 15:44:56,032000,11.493
2026/04/29 15:44:56,033000,11.487
2026/04/29 15:44:56,034000,11.493
2026/04/29 15:44:56,035000,11.490
2026/04/29 15:44:56,036000,11.482
2026/04/29 15:44:56,037000,11.485
2026/04/29 15:44:56,038000,11.487
2026/04/29 15:44:56,039000,11.490
2026/04/29 15:44:56,040000,11.490
2026/04/29 15:44:56,041000,11.493
2026/04/29 15:44:56,042000,11.496
2026/04/29 15:44:56,043000,11.490
2026/04/29 15:44:56,044000,11.485
2026/04/29 15:44:56,045000,11.490
2026/04/29 15:44:56,046000,11.485
2026/04/29 15:44:56,047000,11.487
2026/04/29 15:44:56,048000,11.490
2026/04/29 15:44:56,049000,11.493
2026/04/29 15:44:56,050000,11.493
2026/04/29 15:44:56,051000,11.485
2026/04/29 15:44:56,052000,11.487
2026/04/29 15:44:56,053000,11.490
2026/04/29 15:44:56,054000,11.490
2026/04/29 15:44:56,055000,11.485
2026/04/29 15:44:56,056000,11.485
2026/04/29 15:44:56,057000,11.487
2026/04/29 15:44:56,058000,11.482
2026/04/29 15:44:56,059000,11.493
2026/04/29 15:44:56,060000,11.490
2026/04/29 15:44:56,061000,11.490
2026/04/29 15:44:56,062000,11.487
2026/04/29 15:44:56,063000,11.487
2026/04/29 15:44:56,064000,11.490
2026/04/29 15:44:56,065000,11.493
2026/04/29 15:44:56,066000,11.493
2026/04/29 15:44:56,067000,11.487
2026/04/29 15:44:56,068000,11.487
2026/04/29 15:44:56,069000,11.485
2026/04/29 15:44:56,070000,11.493
2026/04/29 15:44:56,071000,11.487
2026/04/29 15:44:56,072000,11.490
2026/04/29 15:44:56,073000,11.493
2026/04/29 15:44:56,074000,11.493
2026/04/29 15:44:56,075000,11.490
2026/04/29 15:44:56,076000,11.490
2026/04/29 15:44:56,077000,11.490
2026/04/29 15:44:56,078000,11.490
2026/04/29 15:44:56,079000,11.493
2026/04/29 15:44:56,080000,11.490
2026/04/29 15:44:56,081000,11.485
2026/04/29 15:44:56,082000,11.490
2026/04/29 15:44:56,083000,11.490
2026/04/29 15:44:56,084000,11.487
2026/04/29 15:44:56,085000,11.487
2026/04/29 15:44:56,086000,11.490
2026/04/29 15:44:56,087000,11.490
2026/04/29 15:44:56,088000,11.490
2026/04/29 15:44:56,089000,11.487
2026/04/29 15:44:56,090000,11.487
2026/04/29 15:44:56,091000,11.490
2026/04/29 15:44:56,092000,11.487
2026/04/29 15:44:56,093000,11.487
2026/04/29 15:44:56,094000,11.490
2026/04/29 15:44:56,095000,11.490
2026/04/29 15:44:56,096000,11.485
2026/04/29 15:44:56,097000,11.487
2026/04/29 15:44:56,098000,11.487
2026/04/29 15:44:56,099000,11.493
2026/04/29 15:44:56,100000,11.487
2026/04/29 15:44:56,101000,11.490
2026/04/29 15:44:56,102000,11.490
2026/04/29 15:44:56,103000,11.485
2026/04/29 15:44:56,104000,11.487
2026/04/29 15:44:56,105000,11.490
2026/04/29 15:44:56,106000,11.485
2026/04/29 15:44:56,107000,11.487
2026/04/29 15:44:56,108000,11.487
2026/04/29 15:44:56,109000,11.487
2026/04/29 15:44:56,110000,11.493
2026/04/29 15:44:56,111000,11.485
2026/04/29 15:44:56,112000,11.487
2026/04/29 15:44:56,113000,11.499
2026/04/29 15:44:56,114000,11.496
2026/04/29 15:44:56,115000,11.490
2026/04/29 15:44:56,116000,11.493
2026/04/29 15:44:56,117000,11.487
2026/04/29 15:44:56,118000,11.485
2026/04/29 15:44:56,119000,11.490
2026/04/29 15:44:56,120000,11.485
2026/04/29 15:44:56,121000,11.490
2026/04/29 15:44:56,122000,11.490
2026/04/29 15:44:56,123000,11.487
2026/04/29 15:44:56,124000,11.490
2026/04/29 15:44:56,125000,11.487
2026/04/29 15:44:56,126000,11.487
2026/04/29 15:44:56,127000,11.490
2026/04/29 15:44:56,128000,11.493
2026/04/29 15:44:56,129000,11.485
2026/04/29 15:44:56,130000,11.485
2026/04/29 15:44:56,131000,11.490
2026/04/29 15:44:56,132000,11.493
2026/04/29 15:44:56,133000,11.490
2026/04/29 15:44:56,134000,11.487
2026/04/29 15:44:56,135000,11.493
2026/04/29 15:44:56,136000,11.487
2026/04/29 15:44:56,137000,11.487
2026/04/29 15:44:56,138000,11.487
2026/04/29 15:44:56,139000,11.490
2026/04/29 15:44:56,140000,11.490
2026/04/29 15:44:56,141000,11.490
2026/04/29 15:44:56,142000,11.493
2026/04/29 15:44:56,143000,11.487
2026/04/29 15:44:56,144000,11.487
2026/04/29 15:44:56,145000,11.487
2026/04/29 15:44:56,146000,11.490
2026/04/29 15:44:56,147000,11.493
2026/04/29 15:44:56,148000,11.487
2026/04/29 15:44:56,149000,11.490
2026/04/29 15:44:56,150000,11.487
2026/04/29 15:44:56,151000,11.490
2026/04/29 15:44:56,152000,11.487
2026/04/29 15:44:56,153000,11.485
2026/04/29 15:44:56,154000,11.493
2026/04/29 15:44:56,155000,11.490
2026/04/29 15:44:56,156000,11.487
2026/04/29 15:44:56,157000,11.490
2026/04/29 15:44:56,158000,11.487
2026/04/29 15:44:56,159000,11.482
2026/04/29 15:44:56,160000,11.487
2026/04/29 15:44:56,161000,11.493
2026/04/29 15:44:56,162000,11.490
2026/04/29 15:44:56,163000,11.493
2026/04/29 15:44:56,164000,11.487
2026/04/29 15:44:56,165000,11.490
2026/04/29 15:44:56,166000,11.485
2026/04/29 15:44:56,167000,11.493
2026/04/29 15:44:56,168000,11.493
2026/04/29 15:44:56,169000,11.487
2026/04/29 15:44:56,170000,11.487
2026/04/29 15:44:56,171000,11.490
2026/04/29 15:44:56,172000,11.493
2026/04/29 15:44:56,173000,11.493
2026/04/29 15:44:56,174000,11.487
2026/04/29 15:44:56,175000,11.490
2026/04/29 15:44:56,176000,11.493
2026/04/29 15:44:56,177000,11.487
2026/04/29 15:44:56,178000,11.487
2026/04/29 15:44:56,179000,11.490
2026/04/29 15:44:56,180000,11.487
2026/04/29 15:44:56,181000,11.485
2026/04/29 15:44:56,182000,11.490
2026/04/29 15:44:56,183000,11.485
2026/04/29 15:44:56,184000,11.490
2026/04/29 15:44:56,185000,11.485
2026/04/29 15:44:56,186000,11.493
2026/04/29 15:44:56,187000,11.487
2026/04/29 15:44:56,188000,11.493
2026/04/29 15:44:56,189000,11.487
2026/04/29 15:44:56,190000,11.487
2026/04/29 15:44:56,191000,11.493
2026/04/29 15:44:56,192000,11.487
2026/04/29 15:44:56,193000,11.493
2026/04/29 15:44:56,194000,11.493
2026/04/29 15:44:56,195000,11.485
2026/04/29 15:44:56,196000,11.485
2026/04/29 15:44:56,197000,11.493
2026/04/29 15:44:56,198000,11.487
2026/04/29 15:44:56,199000,11.490
2026/04/29 15:44:56,200000,11.493
2026/04/29 15:44:56,201000,11.496
2026/04/29 15:44:56,202000,11.493
2026/04/29 15:44:56,203000,11.482
2026/04/29 15:44:56,204000,11.493
2026/04/29 15:44:56,205000,11.487
2026/04/29 15:44:56,206000,11.485
2026/04/29 15:44:56,207000,11.499
2026/04/29 15:44:56,208000,11.493
2026/04/29 15:44:56,209000,11.487
2026/04/29 15:44:56,210000,11.487
2026/04/29 15:44:56,211000,11.493
2026/04/29 15:44:56,212000,11.493
2026/04/29 15:44:56,213000,11.493
2026/04/29 15:44:56,214000,11.493
2026/04/29 15:44:56,215000,11.485
2026/04/29 15:44:56,216000,11.496
2026/04/29 15:44:56,217000,11.482
2026/04/29 15:44:56,218000,11.499
2026/04/29 15:44:56,219000,11.490
2026/04/29 15:44:56,220000,11.493
2026/04/29 15:44:56,221000,11.493
2026/04/29 15:44:56,222000,11.493
2026/04/29 15:44:56,223000,11.490
2026/04/29 15:44:56,224000,11.490
2026/04/29 15:44:56,225000,11.490
2026/04/29 15:44:56,226000,11.487
2026/04/29 15:44:56,227000,11.487
2026/04/29 15:44:56,228000,11.490
2026/04/29 15:44:56,229000,11.490
2026/04/29 15:44:56,230000,11.487
2026/04/29 15:44:56,231000,11.490
2026/04/29 15:44:56,232000,11.490
2026/04/29 15:44:56,233000,11.487
2026/04/29 15:44:56,234000,11.496
2026/04/29 15:44:56,235000,11.490
2026/04/29 15:44:56,236000,11.487
2026/04/29 15:44:56,237000,11.490
2026/04/29 15:44:56,238000,11.490
2026/04/29 15:44:56,239000,11.487
2026/04/29 15:44:56,240000,11.490
2026/04/29 15:44:56,241000,11.490
2026/04/29 15:44:56,242000,11.490
2026/04/29 15:44:56,243000,11.487
2026/04/29 15:44:56,244000,11.485
2026/04/29 15:44:56,245000,11.485
2026/04/29 15:44:56,246000,11.487
2026/04/29 15:44:56,247000,11.501
2026/04/29 15:44:56,248000,11.490
2026/04/29 15:44:56,249000,11.485
2026/04/29 15:44:56,250000,11.487
2026/04/29 15:44:56,251000,11.499
2026/04/29 15:44:56,252000,11.490
2026/04/29 15:44:56,253000,11.490
2026/04/29 15:44:56,254000,11.487
2026/04/29 15:44:56,255000,11.487
2026/04/29 15:44:56,256000,11.487
2026/04/29 15:44:56,257000,11.493
2026/04/29 15:44:56,258000,11.493
2026/04/29 15:44:56,259000,11.487
2026/04/29 15:44:56,260000,11.487
2026/04/29 15:44:56,261000,11.487
2026/04/29 15:44:56,262000,11.482
2026/04/29 15:44:56,263000,11.490
2026/04/29 15:44:56,264000,11.490
2026/04/29 15:44:56,265000,11.490
2026/04/29 15:44:56,266000,11.485
2026/04/29 15:44:56,267000,11.490
2026/04/29 15:44:56,268000,11.487
2026/04/29 15:44:56,269000,11.493
2026/04/29 15:44:56,270000,11.490
2026/04/29 15:44:56,271000,11.487
2026/04/29 15:44:56,272000,11.487
2026/04/29 15:44:56,273000,11.490
2026/04/29 15:44:56,274000,11.490
2026/04/29 15:44:56,275000,11.487
2026/04/29 15:44:56,276000,11.490
2026/04/29 15:44:56,277000,11.493
2026/04/29 15:44:56,278000,11.493
2026/04/29 15:44:56,279000,11.490
2026/04/29 15:44:56,280000,11.487
2026/04/29 15:44:56,281000,11.485
2026/04/29 15:44:56,282000,11.490
2026/04/29 15:44:56,283000,11.487
2026/04/29 15:44:56,284000,11.499
2026/04/29 15:44:56,285000,11.493
2026/04/29 15:44:56,286000,11.490
2026/04/29 15:44:56,287000,11.490
2026/04/29 15:44:56,288000,11.490
2026/04/29 15:44:56,289000,11.490
2026/04/29 15:44:56,290000,11.485
2026/04/29 15:44:56,291000,11.490
2026/04/29 15:44:56,292000,11.493
2026/04/29 15:44:56,293000,11.493
2026/04/29 15:44:56,294000,11.493
2026/04/29 15:44:56,295000,11.487
2026/04/29 15:44:56,296000,11.487
2026/04/29 15:44:56,297000,11.490
2026/04/29 15:44:56,298000,11.490
2026/04/29 15:44:56,299000,11.496
2026/04/29 15:44:56,300000,11.490
2026/04/29 15:44:56,301000,11.487
2026/04/29 15:44:56,302000,11.487
2026/04/29 15:44:56,303000,11.490
2026/04/29 15:44:56,304000,11.485
2026/04/29 15:44:56,305000,11.490
2026/04/29 15:44:56,306000,11.490
2026/04/29 15:44:56,307000,11.485
2026/04/29 15:44:56,308000,11.490
2026/04/29 15:44:56,309000,11.487
2026/04/29 15:44:56,310000,11.490
2026/04/29 15:44:56,311000,11.493
2026/04/29 15:44:56,312000,11.493
2026/04/29 15:44:56,313000,11.485
2026/04/29 15:44:56,314000,11.490
2026/04/29 15:44:56,315000,11.490
2026/04/29 15:44:56,316000,11.490
2026/04/29 15:44:56,317000,11.485
2026/04/29 15:44:56,318000,11.490
2026/04/29 15:44:56,319000,11.493
2026/04/29 15:44:56,320000,11.490
2026/04/29 15:44:56,321000,11.493
2026/04/29 15:44:56,322000,11.487
2026/04/29 15:44:56,323000,11.485
2026/04/29 15:44:56,324000,11.490
2026/04/29 15:44:56,325000,11.493
2026/04/29 15:44:56,326000,11.493
2026/04/29 15:44:56,327000,11.490
2026/04/29 15:44:56,328000,11.490
2026/04/29 15:44:56,329000,11.485
2026/04/29 15:44:56,330000,11.487
2026/04/29 15:44:56,331000,11.490
2026/04/29 15:44:56,332000,11.487
2026/04/29 15:44:56,333000,11.499
2026/04/29 15:44:56,334000,11.487
2026/04/29 15:44:56,335000,11.490
2026/04/29 15:44:56,336000,11.490
2026/04/29 15:44:56,337000,11.490
2026/04/29 15:44:56,338000,11.490
2026/04/29 15:44:56,339000,11.490
2026/04/29 15:44:56,340000,11.487
2026/04/29 15:44:56,341000,11.485
2026/04/29 15:44:56,342000,11.493
2026/04/29 15:44:56,343000,11.493
2026/04/29 15:44:56,344000,11.485
2026/04/29 15:44:56,345000,11.487
2026/04/29 15:44:56,346000,11.493
2026/04/29 15:44:56,347000,11.487
2026/04/29 15:44:56,348000,11.487
2026/04/29 15:44:56,349000,11.490
2026/04/29 15:44:56,350000,11.485
2026/04/29 15:44:56,351000,11.485
2026/04/29 15:44:56,352000,11.487
2026/04/29 15:44:56,353000,11.493
2026/04/29 15:44:56,354000,11.493
2026/04/29 15:44:56,355000,11.490
2026/04/29 15:44:56,356000,11.482
2026/04/29 15:44:56,357000,11.496
2026/04/29 15:44:56,358000,11.490
2026/04/29 15:44:56,359000,11.485
2026/04/29 15:44:56,360000,11.490
2026/04/29 15:44:56,361000,11.490
2026/04/29 15:44:56,362000,11.493
2026/04/29 15:44:56,363000,11.487
2026/04/29 15:44:56,364000,11.490
2026/04/29 15:44:56,365000,11.482
2026/04/29 15:44:56,366000,11.490
2026/04/29 15:44:56,367000,11.493
2026/04/29 15:44:56,368000,11.485
2026/04/29 15:44:56,369000,11.493
2026/04/29 15:44:56,370000,11.490
2026/04/29 15:44:56,371000,11.487
2026/04/29 15:44:56,372000,11.490
2026/04/29 15:44:56,373000,11.485
2026/04/29 15:44:56,374000,11.493
2026/04/29 15:44:56,375000,11.490
2026/04/29 15:44:56,376000,11.490
2026/04/29 15:44:56,377000,11.493
2026/04/29 15:44:56,378000,11.493
2026/04/29 15:44:56,379000,11.485
2026/04/29 15:44:56,380000,11.487
2026/04/29 15:44:56,381000,11.487
2026/04/29 15:44:56,382000,11.490
2026/04/29 15:44:56,383000,11.490
2026/04/29 15:44:56,384000,11.482
2026/04/29 15:44:56,385000,11.485
2026/04/29 15:44:56,386000,11.487
2026/04/29 15:44:56,387000,11.487
2026/04/29 15:44:56,388000,11.485
2026/04/29 15:44:56,389000,11.490
2026/04/29 15:44:56,390000,11.490
2026/04/29 15:44:56,391000,11.487
2026/04/29 15:44:56,392000,11.487
2026/04/29 15:44:56,393000,11.487
2026/04/29 15:44:56,394000,11.493
2026/04/29 15:44:56,395000,11.490
2026/04/29 15:44:56,396000,11.490
2026/04/29 15:44:56,397000,11.490
2026/04/29 15:44:56,398000,11.490
2026/04/29 15:44:56,399000,11.487
2026/04/29 15:44:56,400000,11.490
2026/04/29 15:44:56,401000,11.482
2026/04/29 15:44:56,402000,11.482
2026/04/29 15:44:56,403000,11.487
2026/04/29 15:44:56,404000,11.490
2026/04/29 15:44:56,405000,11.487
2026/04/29 15:44:56,406000,11.490
2026/04/29 15:44:56,407000,11.485
2026/04/29 15:44:56,408000,11.485
2026/04/29 15:44:56,409000,11.493
2026/04/29 15:44:56,410000,11.487
2026/04/29 15:44:56,411000,11.493
2026/04/29 15:44:56,412000,11.487
2026/04/29 15:44:56,413000,11.490
2026/04/29 15:44:56,414000,11.499
2026/04/29 15:44:56,415000,11.485
2026/04/29 15:44:56,416000,11.490
2026/04/29 15:44:56,417000,11.487
2026/04/29 15:44:56,418000,11.493
2026/04/29 15:44:56,419000,11.482
2026/04/29 15:44:56,420000,11.485
2026/04/29 15:44:56,421000,11.490
2026/04/29 15:44:56,422000,11.490
2026/04/29 15:44:56,423000,11.490
2026/04/29 15:44:56,424000,11.485
2026/04/29 15:44:56,425000,11.490
2026/04/29 15:44:56,426000,11.493
2026/04/29 15:44:56,427000,11.485
2026/04/29 15:44:56,428000,11.490
2026/04/29 15:44:56,429000,11.487
2026/04/29 15:44:56,430000,11.493
2026/04/29 15:44:56,431000,11.485
2026/04/29 15:44:56,432000,11.485
2026/04/29 15:44:56,433000,11.490
2026/04/29 15:44:56,434000,11.487
2026/04/29 15:44:56,435000,11.490
2026/04/29 15:44:56,436000,11.490
2026/04/29 15:44:56,437000,11.490
2026/04/29 15:44:56,438000,11.490
2026/04/29 15:44:56,439000,11.490
2026/04/29 15:44:56,440000,11.493
2026/04/29 15:44:56,441000,11.487
2026/04/29 15:44:56,442000,11.487
2026/04/29 15:44:56,443000,11.493
2026/04/29 15:44:56,444000,11.487
2026/04/29 15:44:56,445000,11.487
2026/04/29 15:44:56,446000,11.487
2026/04/29 15:44:56,447000,11.485
2026/04/29 15:44:56,448000,11.490
2026/04/29 15:44:56,449000,11.490
2026/04/29 15:44:56,450000,11.490
2026/04/29 15:44:56,451000,11.493
2026/04/29 15:44:56,452000,11.485
2026/04/29 15:44:56,453000,11.490
2026/04/29 15:44:56,454000,11.487
2026/04/29 15:44:56,455000,11.493
2026/04/29 15:44:56,456000,11.490
2026/04/29 15:44:56,457000,11.490
2026/04/29 15:44:56,458000,11.493
2026/04/29 15:44:56,459000,11.490
2026/04/29 15:44:56,460000,11.490
2026/04/29 15:44:56,461000,11.487
2026/04/29 15:44:56,462000,11.493
2026/04/29 15:44:56,463000,11.490
2026/04/29 15:44:56,464000,11.482
2026/04/29 15:44:56,465000,11.490
2026/04/29 15:44:56,466000,11.487
2026/04/29 15:44:56,467000,11.493
2026/04/29 15:44:56,468000,11.493
2026/04/29 15:44:56,469000,11.490
2026/04/29 15:44:56,470000,11.485
2026/04/29 15:44:56,471000,11.487
2026/04/29 15:44:56,472000,11.487
2026/04/29 15:44:56,473000,11.485
2026/04/29 15:44:56,474000,11.487
2026/04/29 15:44:56,475000,11.485
2026/04/29 15:44:56,476000,11.490
2026/04/29 15:44:56,477000,11.485
2026/04/29 15:44:56,478000,11.493
2026/04/29 15:44:56,479000,11.490
2026/04/29 15:44:56,480000,11.485
2026/04/29 15:44:56,481000,11.490
2026/04/29 15:44:56,482000,11.487
2026/04/29 15:44:56,483000,11.485
2026/04/29 15:44:56,484000,11.487
2026/04/29 15:44:56,485000,11.487
2026/04/29 15:44:56,486000,11.482
2026/04/29 15:44:56,487000,11.493
2026/04/29 15:44:56,488000,11.493
2026/04/29 15:44:56,489000,11.493
2026/04/29 15:44:56,490000,11.490
2026/04/29 15:44:56,491000,11.482
2026/04/29 15:44:56,492000,11.490
2026/04/29 15:44:56,493000,11.487
2026/04/29 15:44:56,494000,11.490
2026/04/29 15:44:56,495000,11.487
2026/04/29 15:44:56,496000,11.487
2026/04/29 15:44:56,497000,11.487
2026/04/29 15:44:56,498000,11.479
2026/04/29 15:44:56,499000,11.487
2026/04/29 15:44:56,500000,11.490
2026/04/29 15:44:56,501000,11.490
2026/04/29 15:44:56,502000,11.490
2026/04/29 15:44:56,503000,11.490
2026/04/29 15:44:56,504000,11.487
2026/04/29 15:44:56,505000,11.487
2026/04/29 15:44:56,506000,11.490
2026/04/29 15:44:56,507000,11.490
2026/04/29 15:44:56,508000,11.490
2026/04/29 15:44:56,509000,11.487
2026/04/29 15:44:56,510000,11.490
2026/04/29 15:44:56,511000,11.493
2026/04/29 15:44:56,512000,11.490
2026/04/29 15:44:56,513000,11.487
2026/04/29 15:44:56,514000,11.485
2026/04/29 15:44:56,515000,11.485
2026/04/29 15:44:56,516000,11.485
2026/04/29 15:44:56,517000,11.490
2026/04/29 15:44:56,518000,11.487
2026/04/29 15:44:56,519000,11.487
2026/04/29 15:44:56,520000,11.482
2026/04/29 15:44:56,521000,11.485
2026/04/29 15:44:56,522000,11.490
2026/04/29 15:44:56,523000,11.485
2026/04/29 15:44:56,524000,11.487
2026/04/29 15:44:56,525000,11.487
2026/04/29 15:44:56,526000,11.482
2026/04/29 15:44:56,527000,11.487
2026/04/29 15:44:56,528000,11.487
2026/04/29 15:44:56,529000,11.487
2026/04/29 15:44:56,530000,11.482
2026/04/29 15:44:56,531000,11.490
2026/04/29 15:44:56,532000,11.490
2026/04/29 15:44:56,533000,11.485
2026/04/29 15:44:56,534000,11.487
2026/04/29 15:44:56,535000,11.485
2026/04/29 15:44:56,536000,11.496
2026/04/29 15:44:56,537000,11.487
2026/04/29 15:44:56,538000,11.487
2026/04/29 15:44:56,539000,11.487
2026/04/29 15:44:56,540000,11.493
2026/04/29 15:44:56,541000,11.493
2026/04/29 15:44:56,542000,11.482
2026/04/29 15:44:56,543000,11.482
2026/04/29 15:44:56,544000,11.485
2026/04/29 15:44:56,545000,11.487
2026/04/29 15:44:56,546000,11.496
2026/04/29 15:44:56,547000,11.493
2026/04/29 15:44:56,548000,11.487
2026/04/29 15:44:56,549000,11.485
2026/04/29 15:44:56,550000,11.487
2026/04/29 15:44:56,551000,11.490
2026/04/29 15:44:56,552000,11.487
2026/04/29 15:44:56,553000,11.487
2026/04/29 15:44:56,554000,11.485
2026/04/29 15:44:56,555000,11.490
2026/04/29 15:44:56,556000,11.490
2026/04/29 15:44:56,557000,11.482
2026/04/29 15:44:56,558000,11.490
2026/04/29 15:44:56,559000,11.490
2026/04/29 15:44:56,560000,11.487
2026/04/29 15:44:56,561000,11.485
2026/04/29 15:44:56,562000,11.485
2026/04/29 15:44:56,563000,11.485
2026/04/29 15:44:56,564000,11.490
2026/04/29 15:44:56,565000,11.482
2026/04/29 15:44:56,566000,11.490
2026/04/29 15:44:56,567000,11.485
2026/04/29 15:44:56,568000,11.485
2026/04/29 15:44:56,569000,11.485
2026/04/29 15:44:56,570000,11.487
2026/04/29 15:44:56,571000,11.490
2026/04/29 15:44:56,572000,11.490
2026/04/29 15:44:56,573000,11.487
2026/04/29 15:44:56,574000,11.493
2026/04/29 15:44:56,575000,11.485
2026/04/29 15:44:56,576000,11.485
2026/04/29 15:44:56,577000,11.493
2026/04/29 15:44:56,578000,11.485
2026/04/29 15:44:56,579000,11.490
2026/04/29 15:44:56,580000,11.487
2026/04/29 15:44:56,581000,11.490
2026/04/29 15:44:56,582000,11.487
2026/04/29 15:44:56,583000,11.490
2026/04/29 15:44:56,584000,11.487
2026/04/29 15:44:56,585000,11.490
2026/04/29 15:44:56,586000,11.493
2026/04/29 15:44:56,587000,11.487
2026/04/29 15:44:56,588000,11.485
2026/04/29 15:44:56,589000,11.487
2026/04/29 15:44:56,590000,11.482
2026/04/29 15:44:56,591000,11.487
2026/04/29 15:44:56,592000,11.490
2026/04/29 15:44:56,593000,11.485
2026/04/29 15:44:56,594000,11.487
2026/04/29 15:44:56,595000,11.487
2026/04/29 15:44:56,596000,11.490
2026/04/29 15:44:56,597000,11.493
2026/04/29 15:44:56,598000,11.490
2026/04/29 15:44:56,599000,11.485
2026/04/29 15:44:56,600000,11.485
2026/04/29 15:44:56,601000,11.493
2026/04/29 15:44:56,602000,11.490
2026/04/29 15:44:56,603000,11.493
2026/04/29 15:44:56,604000,11.487
2026/04/29 15:44:56,605000,11.493
2026/04/29 15:44:56,606000,11.485
2026/04/29 15:44:56,607000,11.490
2026/04/29 15:44:56,608000,11.482
2026/04/29 15:44:56,609000,11.482
2026/04/29 15:44:56,610000,11.487
2026/04/29 15:44:56,611000,11.485
2026/04/29 15:44:56,612000,11.485
2026/04/29 15:44:56,613000,11.493
2026/04/29 15:44:56,614000,11.487
2026/04/29 15:44:56,615000,11.487
2026/04/29 15:44:56,616000,11.487
2026/04/29 15:44:56,617000,11.490
2026/04/29 15:44:56,618000,11.482
2026/04/29 15:44:56,619000,11.485
2026/04/29 15:44:56,620000,11.485
2026/04/29 15:44:56,621000,11.490
2026/04/29 15:44:56,622000,11.493
2026/04/29 15:44:56,623000,11.493
2026/04/29 15:44:56,624000,11.490
2026/04/29 15:44:56,625000,11.487
2026/04/29 15:44:56,626000,11.490
2026/04/29 15:44:56,627000,11.490
2026/04/29 15:44:56,628000,11.487
2026/04/29 15:44:56,629000,11.482
2026/04/29 15:44:56,630000,11.490
2026/04/29 15:44:56,631000,11.487
2026/04/29 15:44:56,632000,11.490
2026/04/29 15:44:56,633000,11.499
2026/04/29 15:44:56,634000,11.490
2026/04/29 15:44:56,635000,11.487
2026/04/29 15:44:56,636000,11.490
2026/04/29 15:44:56,637000,11.487
2026/04/29 15:44:56,638000,11.490
2026/04/29 15:44:56,639000,11.490
2026/04/29 15:44:56,640000,11.490
2026/04/29 15:44:56,641000,11.482
2026/04/29 15:44:56,642000,11.493
2026/04/29 15:44:56,643000,11.490
2026/04/29 15:44:56,644000,11.487
2026/04/29 15:44:56,645000,11.487
2026/04/29 15:44:56,646000,11.490
2026/04/29 15:44:56,647000,11.487
2026/04/29 15:44:56,648000,11.487
2026/04/29 15:44:56,649000,11.490
2026/04/29 15:44:56,650000,11.490
2026/04/29 15:44:56,651000,11.487
2026/04/29 15:44:56,652000,11.490
2026/04/29 15:44:56,653000,11.490
2026/04/29 15:44:56,654000,11.487
2026/04/29 15:44:56,655000,11.493
2026/04/29 15:44:56,656000,11.487
2026/04/29 15:44:56,657000,11.482
2026/04/29 15:44:56,658000,11.493
2026/04/29 15:44:56,659000,11.485
2026/04/29 15:44:56,660000,11.490
2026/04/29 15:44:56,661000,11.493
2026/04/29 15:44:56,662000,11.490
2026/04/29 15:44:56,663000,11.490
2026/04/29 15:44:56,664000,11.490
2026/04/29 15:44:56,665000,11.487
2026/04/29 15:44:56,666000,11.493
2026/04/29 15:44:56,667000,11.493
2026/04/29 15:44:56,668000,11.487
2026/04/29 15:44:56,669000,11.493
2026/04/29 15:44:56,670000,11.490
2026/04/29 15:44:56,671000,11.487
2026/04/29 15:44:56,672000,11.493
2026/04/29 15:44:56,673000,11.493
2026/04/29 15:44:56,674000,11.490
2026/04/29 15:44:56,675000,11.487
2026/04/29 15:44:56,676000,11.493
2026/04/29 15:44:56,677000,11.487
2026/04/29 15:44:56,678000,11.490
2026/04/29 15:44:56,679000,11.493
2026/04/29 15:44:56,680000,11.487
2026/04/29 15:44:56,681000,11.487
2026/04/29 15:44:56,682000,11.493
2026/04/29 15:44:56,683000,11.493
2026/04/29 15:44:56,684000,11.493
2026/04/29 15:44:56,685000,11.490
2026/04/29 15:44:56,686000,11.490
2026/04/29 15:44:56,687000,11.490
2026/04/29 15:44:56,688000,11.490
2026/04/29 15:44:56,689000,11.493
2026/04/29 15:44:56,690000,11.490
2026/04/29 15:44:56,691000,11.499
2026/04/29 15:44:56,692000,11.485
2026/04/29 15:44:56,693000,11.490
2026/04/29 15:44:56,694000,11.490
2026/04/29 15:44:56,695000,11.490
2026/04/29 15:44:56,696000,11.493
2026/04/29 15:44:56,697000,11.499
2026/04/29 15:44:56,698000,11.487
2026/04/29 15:44:56,699000,11.490
2026/04/29 15:44:56,700000,11.490
2026/04/29 15:44:56,701000,11.490
2026/04/29 15:44:56,702000,11.490
2026/04/29 15:44:56,703000,11.493
2026/04/29 15:44:56,704000,11.493
2026/04/29 15:44:56,705000,11.490
2026/04/29 15:44:56,706000,11.487
2026/04/29 15:44:56,707000,11.490
2026/04/29 15:44:56,708000,11.490
2026/04/29 15:44:56,709000,11.487
2026/04/29 15:44:56,710000,11.490
2026/04/29 15:44:56,711000,11.493
2026/04/29 15:44:56,712000,11.493
2026/04/29 15:44:56,713000,11.487
2026/04/29 15:44:56,714000,11.487
2026/04/29 15:44:56,715000,11.493
2026/04/29 15:44:56,716000,11.493
2026/04/29 15:44:56,717000,11.493
2026/04/29 15:44:56,718000,11.490
2026/04/29 15:44:56,719000,11.493
2026/04/29 15:44:56,720000,11.496
2026/04/29 15:44:56,721000,11.490
2026/04/29 15:44:56,722000,11.487
2026/04/29 15:44:56,723000,11.487
2026/04/29 15:44:56,724000,11.490
2026/04/29 15:44:56,725000,11.490
2026/04/29 15:44:56,726000,11.490
2026/04/29 15:44:56,727000,11.490
2026/04/29 15:44:56,728000,11.493
2026/04/29 15:44:56,729000,11.496
2026/04/29 15:44:56,730000,11.493
2026/04/29 15:44:56,731000,11.490
2026/04/29 15:44:56,732000,11.490
2026/04/29 15:44:56,733000,11.493
2026/04/29 15:44:56,734000,11.490
2026/04/29 15:44:56,735000,11.490
2026/04/29 15:44:56,736000,11.485
2026/04/29 15:44:56,737000,11.490
2026/04/29 15:44:56,738000,11.493
2026/04/29 15:44:56,739000,11.499
2026/04/29 15:44:56,740000,11.493
2026/04/29 15:44:56,741000,11.493
2026/04/29 15:44:56,742000,11.493
2026/04/29 15:44:56,743000,11.493
2026/04/29 15:44:56,744000,11.493
2026/04/29 15:44:56,745000,11.493
2026/04/29 15:44:56,746000,11.490
2026/04/29 15:44:56,747000,11.487
2026/04/29 15:44:56,748000,11.487
2026/04/29 15:44:56,749000,11.490
2026/04/29 15:44:56,750000,11.493
2026/04/29 15:44:56,751000,11.487
2026/04/29 15:44:56,752000,11.487
2026/04/29 15:44:56,753000,11.493
2026/04/29 15:44:56,754000,11.485
2026/04/29 15:44:56,755000,11.490
2026/04/29 15:44:56,756000,11.485
2026/04/29 15:44:56,757000,11.490
2026/04/29 15:44:56,758000,11.493
2026/04/29 15:44:56,759000,11.496
2026/04/29 15:44:56,760000,11.493
2026/04/29 15:44:56,761000,11.493
2026/04/29 15:44:56,762000,11.493
2026/04/29 15:44:56,763000,11.487
2026/04/29 15:44:56,764000,11.490
2026/04/29 15:44:56,765000,11.493
2026/04/29 15:44:56,766000,11.490
2026/04/29 15:44:56,767000,11.490
2026/04/29 15:44:56,768000,11.487
2026/04/29 15:44:56,769000,11.487
2026/04/29 15:44:56,770000,11.490
2026/04/29 15:44:56,771000,11.493
2026/04/29 15:44:56,772000,11.482
2026/04/29 15:44:56,773000,11.485
2026/04/29 15:44:56,774000,11.487
2026/04/29 15:44:56,775000,11.493
2026/04/29 15:44:56,776000,11.490
2026/04/29 15:44:56,777000,11.496
2026/04/29 15:44:56,778000,11.496
2026/04/29 15:44:56,779000,11.493
2026/04/29 15:44:56,780000,11.485
2026/04/29 15:44:56,781000,11.493
2026/04/29 15:44:56,782000,11.493
2026/04/29 15:44:56,783000,11.487
2026/04/29 15:44:56,784000,11.487
2026/04/29 15:44:56,785000,11.493
2026/04/29 15:44:56,786000,11.487
2026/04/29 15:44:56,787000,11.493
2026/04/29 15:44:56,788000,11.490
2026/04/29 15:44:56,789000,11.493
2026/04/29 15:44:56,790000,11.493
2026/04/29 15:44:56,791000,11.499
2026/04/29 15:44:56,792000,11.487
2026/04/29 15:44:56,793000,11.482
2026/04/29 15:44:56,794000,11.490
2026/04/29 15:44:56,795000,11.490
2026/04/29 15:44:56,796000,11.493
2026/04/29 15:44:56,797000,11.490
2026/04/29 15:44:56,798000,11.487
2026/04/29 15:44:56,799000,11.493
2026/04/29 15:44:56,800000,11.490
2026/04/29 15:44:56,801000,11.493
2026/04/29 15:44:56,802000,11.487
2026/04/29 15:44:56,803000,11.490
2026/04/29 15:44:56,804000,11.479
2026/04/29 15:44:56,805000,11.490
2026/04/29 15:44:56,806000,11.493
2026/04/29 15:44:56,807000,11.490
2026/04/29 15:44:56,808000,11.487
2026/04/29 15:44:56,809000,11.493
2026/04/29 15:44:56,810000,11.487
2026/04/29 15:44:56,811000,11.496
2026/04/29 15:44:56,812000,11.493
2026/04/29 15:44:56,813000,11.493
2026/04/29 15:44:56,814000,11.493
2026/04/29 15:44:56,815000,11.493
2026/04/29 15:44:56,816000,11.490
2026/04/29 15:44:56,817000,11.490
2026/04/29 15:44:56,818000,11.490
2026/04/29 15:44:56,819000,11.490
2026/04/29 15:44:56,820000,11.493
2026/04/29 15:44:56,821000,11.496
2026/04/29 15:44:56,822000,11.490
2026/04/29 15:44:56,823000,11.490
2026/04/29 15:44:56,824000,11.496
2026/04/29 15:44:56,825000,11.493
2026/04/29 15:44:56,826000,11.490
2026/04/29 15:44:56,827000,11.490
2026/04/29 15:44:56,828000,11.485
2026/04/29 15:44:56,829000,11.490
2026/04/29 15:44:56,830000,11.490
2026/04/29 15:44:56,831000,11.487
2026/04/29 15:44:56,832000,11.490
2026/04/29 15:44:56,833000,11.490
2026/04/29 15:44:56,834000,11.487
2026/04/29 15:44:56,835000,11.490
2026/04/29 15:44:56,836000,11.487
2026/04/29 15:44:56,837000,11.485
2026/04/29 15:44:56,838000,11.487
2026/04/29 15:44:56,839000,11.487
2026/04/29 15:44:56,840000,11.485
2026/04/29 15:44:56,841000,11.487
2026/04/29 15:44:56,842000,11.493
2026/04/29 15:44:56,843000,11.487
2026/04/29 15:44:56,844000,11.490
2026/04/29 15:44:56,845000,11.487
2026/04/29 15:44:56,846000,11.493
2026/04/29 15:44:56,847000,11.485
2026/04/29 15:44:56,848000,11.490
2026/04/29 15:44:56,849000,11.490
2026/04/29 15:44:56,850000,11.487
2026/04/29 15:44:56,851000,11.487
2026/04/29 15:44:56,852000,11.490
2026/04/29 15:44:56,853000,11.490
2026/04/29 15:44:56,854000,11.485
2026/04/29 15:44:56,855000,11.493
2026/04/29 15:44:56,856000,11.485
2026/04/29 15:44:56,857000,11.487
2026/04/29 15:44:56,858000,11.487
2026/04/29 15:44:56,859000,11.490
2026/04/29 15:44:56,860000,11.490
2026/04/29 15:44:56,861000,11.487
2026/04/29 15:44:56,862000,11.487
2026/04/29 15:44:56,863000,11.493
2026/04/29 15:44:56,864000,11.487
2026/04/29 15:44:56,865000,11.490
2026/04/29 15:44:56,866000,11.485
2026/04/29 15:44:56,867000,11.490
2026/04/29 15:44:56,868000,11.493
2026/04/29 15:44:56,869000,11.490
2026/04/29 15:44:56,870000,11.493
2026/04/29 15:44:56,871000,11.490
2026/04/29 15:44:56,872000,11.490
2026/04/29 15:44:56,873000,11.487
2026/04/29 15:44:56,874000,11.490
2026/04/29 15:44:56,875000,11.493
2026/04/29 15:44:56,876000,11.487
2026/04/29 15:44:56,877000,11.490
2026/04/29 15:44:56,878000,11.482
2026/04/29 15:44:56,879000,11.493
2026/04/29 15:44:56,880000,11.482
2026/04/29 15:44:56,881000,11.490
2026/04/29 15:44:56,882000,11.487
2026/04/29 15:44:56,883000,11.487
2026/04/29 15:44:56,884000,11.485
2026/04/29 15:44:56,885000,11.490
2026/04/29 15:44:56,886000,11.490
2026/04/29 15:44:56,887000,11.482
2026/04/29 15:44:56,888000,11.487
2026/04/29 15:44:56,889000,11.490
2026/04/29 15:44:56,890000,11.482
2026/04/29 15:44:56,891000,11.487
2026/04/29 15:44:56,892000,11.490
2026/04/29 15:44:56,893000,11.490
2026/04/29 15:44:56,894000,11.493
2026/04/29 15:44:56,895000,11.485
2026/04/29 15:44:56,896000,11.487
2026/04/29 15:44:56,897000,11.487
2026/04/29 15:44:56,898000,11.490
2026/04/29 15:44:56,899000,11.485
2026/04/29 15:44:56,900000,11.490
2026/04/29 15:44:56,901000,11.487
2026/04/29 15:44:56,902000,11.493
2026/04/29 15:44:56,903000,11.490
2026/04/29 15:44:56,904000,11.493
2026/04/29 15:44:56,905000,11.485
2026/04/29 15:44:56,906000,11.493
2026/04/29 15:44:56,907000,11.493
2026/04/29 15:44:56,908000,11.493
2026/04/29 15:44:56,909000,11.487
2026/04/29 15:44:56,910000,11.487
2026/04/29 15:44:56,911000,11.487
2026/04/29 15:44:56,912000,11.493
2026/04/29 15:44:56,913000,11.490
2026/04/29 15:44:56,914000,11.493
2026/04/29 15:44:56,915000,11.493
2026/04/29 15:44:56,916000,11.490
2026/04/29 15:44:56,917000,11.490
2026/04/29 15:44:56,918000,11.487
2026/04/29 15:44:56,919000,11.490
2026/04/29 15:44:56,920000,11.493
2026/04/29 15:44:56,921000,11.482
2026/04/29 15:44:56,922000,11.493
2026/04/29 15:44:56,923000,11.490
2026/04/29 15:44:56,924000,11.487
2026/04/29 15:44:56,925000,11.493
2026/04/29 15:44:56,926000,11.493
2026/04/29 15:44:56,927000,11.493
2026/04/29 15:44:56,928000,11.490
2026/04/29 15:44:56,929000,11.485
2026/04/29 15:44:56,930000,11.490
2026/04/29 15:44:56,931000,11.487
2026/04/29 15:44:56,932000,11.493
2026/04/29 15:44:56,933000,11.490
2026/04/29 15:44:56,934000,11.493
2026/04/29 15:44:56,935000,11.493
2026/04/29 15:44:56,936000,11.487
2026/04/29 15:44:56,937000,11.493
2026/04/29 15:44:56,938000,11.485
2026/04/29 15:44:56,939000,11.490
2026/04/29 15:44:56,940000,11.485
2026/04/29 15:44:56,941000,11.487
2026/04/29 15:44:56,942000,11.485
2026/04/29 15:44:56,943000,11.487
2026/04/29 15:44:56,944000,11.485
2026/04/29 15:44:56,945000,11.490
2026/04/29 15:44:56,946000,11.493
2026/04/29 15:44:56,947000,11.487
2026/04/29 15:44:56,948000,11.487
2026/04/29 15:44:56,949000,11.490
2026/04/29 15:44:56,950000,11.485
2026/04/29 15:44:56,951000,11.485
2026/04/29 15:44:56,952000,11.493
2026/04/29 15:44:56,953000,11.490
2026/04/29 15:44:56,954000,11.493
2026/04/29 15:44:56,955000,11.493
2026/04/29 15:44:56,956000,11.490
2026/04/29 15:44:56,957000,11.490
2026/04/29 15:44:56,958000,11.487
2026/04/29 15:44:56,959000,11.487
2026/04/29 15:44:56,960000,11.490
2026/04/29 15:44:56,961000,11.493
2026/04/29 15:44:56,962000,11.487
2026/04/29 15:44:56,963000,11.490
2026/04/29 15:44:56,964000,11.493
2026/04/29 15:44:56,965000,11.490
2026/04/29 15:44:56,966000,11.487
2026/04/29 15:44:56,967000,11.493
2026/04/29 15:44:56,968000,11.487
2026/04/29 15:44:56,969000,11.485
2026/04/29 15:44:56,970000,11.487
2026/04/29 15:44:56,971000,11.485
2026/04/29 15:44:56,972000,11.493
2026/04/29 15:44:56,973000,11.490
2026/04/29 15:44:56,974000,11.490
2026/04/29 15:44:56,975000,11.490
2026/04/29 15:44:56,976000,11.487
2026/04/29 15:44:56,977000,11.485
2026/04/29 15:44:56,978000,11.485
2026/04/29 15:44:56,979000,11.487
2026/04/29 15:44:56,980000,11.490
2026/04/29 15:44:56,981000,11.493
2026/04/29 15:44:56,982000,11.490
2026/04/29 15:44:56,983000,11.487
2026/04/29 15:44:56,984000,11.487
2026/04/29 15:44:56,985000,11.487
2026/04/29 15:44:56,986000,11.490
2026/04/29 15:44:56,987000,11.485
2026/04/29 15:44:56,988000,11.487
2026/04/29 15:44:56,989000,11.493
2026/04/29 15:44:56,990000,11.487
2026/04/29 15:44:56,991000,11.485
2026/04/29 15:44:56,992000,11.487
2026/04/29 15:44:56,993000,11.485
2026/04/29 15:44:56,994000,11.490
2026/04/29 15:44:56,995000,11.487
2026/04/29 15:44:56,996000,11.485
2026/04/29 15:44:56,997000,11.487
2026/04/29 15:44:56,998000,11.485
2026/04/29 15:44:56,999000,11.487
2026/04/29 15:44:57,000000,11.487
2026/04/29 15:44:57,001000,11.482
2026/04/29 15:44:57,002000,11.493
2026/04/29 15:44:57,003000,11.485
2026/04/29 15:44:57,004000,11.487
2026/04/29 15:44:57,005000,11.487
2026/04/29 15:44:57,006000,11.487
2026/04/29 15:44:57,007000,11.485
2026/04/29 15:44:57,008000,11.490
2026/04/29 15:44:57,009000,11.487
2026/04/29 15:44:57,010000,11.487
2026/04/29 15:44:57,011000,11.482
2026/04/29 15:44:57,012000,11.493
2026/04/29 15:44:57,013000,11.493
2026/04/29 15:44:57,014000,11.487
2026/04/29 15:44:57,015000,11.496
2026/04/29 15:44:57,016000,11.487
2026/04/29 15:44:57,017000,11.493
2026/04/29 15:44:57,018000,11.487
2026/04/29 15:44:57,019000,11.485
2026/04/29 15:44:57,020000,11.487
2026/04/29 15:44:57,021000,11.490
2026/04/29 15:44:57,022000,11.485
2026/04/29 15:44:57,023000,11.487
2026/04/29 15:44:57,024000,11.485
2026/04/29 15:44:57,025000,11.487
2026/04/29 15:44:57,026000,11.485
2026/04/29 15:44:57,027000,11.490
2026/04/29 15:44:57,028000,11.482
2026/04/29 15:44:57,029000,11.493
2026/04/29 15:44:57,030000,11.487
2026/04/29 15:44:57,031000,11.485
2026/04/29 15:44:57,032000,11.493
2026/04/29 15:44:57,033000,11.487
2026/04/29 15:44:57,034000,11.487
2026/04/29 15:44:57,035000,11.485
2026/04/29 15:44:57,036000,11.485
2026/04/29 15:44:57,037000,11.482
2026/04/29 15:44:57,038000,11.487
2026/04/29 15:44:57,039000,11.490
2026/04/29 15:44:57,040000,11.490
2026/04/29 15:44:57,041000,11.496
2026/04/29 15:44:57,042000,11.485
2026/04/29 15:44:57,043000,11.490
2026/04/29 15:44:57,044000,11.487
2026/04/29 15:44:57,045000,11.490
2026/04/29 15:44:57,046000,11.490
2026/04/29 15:44:57,047000,11.485
2026/04/29 15:44:57,048000,11.493
2026/04/29 15:44:57,049000,11.490
2026/04/29 15:44:57,050000,11.490
2026/04/29 15:44:57,051000,11.485
2026/04/29 15:44:57,052000,11.490
2026/04/29 15:44:57,053000,11.490
2026/04/29 15:44:57,054000,11.485
2026/04/29 15:44:57,055000,11.490
2026/04/29 15:44:57,056000,11.499
2026/04/29 15:44:57,057000,11.490
2026/04/29 15:44:57,058000,11.490
2026/04/29 15:44:57,059000,11.493
2026/04/29 15:44:57,060000,11.493
2026/04/29 15:44:57,061000,11.490
2026/04/29 15:44:57,062000,11.479
2026/04/29 15:44:57,063000,11.496
2026/04/29 15:44:57,064000,11.493
2026/04/29 15:44:57,065000,11.490
2026/04/29 15:44:57,066000,11.490
2026/04/29 15:44:57,067000,11.485
2026/04/29 15:44:57,068000,11.487
2026/04/29 15:44:57,069000,11.485
2026/04/29 15:44:57,070000,11.485
2026/04/29 15:44:57,071000,11.487
2026/04/29 15:44:57,072000,11.487
2026/04/29 15:44:57,073000,11.490
2026/04/29 15:44:57,074000,11.485
2026/04/29 15:44:57,075000,11.485
2026/04/29 15:44:57,076000,11.490
2026/04/29 15:44:57,077000,11.487
2026/04/29 15:44:57,078000,11.485
2026/04/29 15:44:57,079000,11.493
2026/04/29 15:44:57,080000,11.485
2026/04/29 15:44:57,081000,11.493
2026/04/29 15:44:57,082000,11.487
2026/04/29 15:44:57,083000,11.487
2026/04/29 15:44:57,084000,11.490
2026/04/29 15:44:57,085000,11.487
2026/04/29 15:44:57,086000,11.493
2026/04/29 15:44:57,087000,11.493
2026/04/29 15:44:57,088000,11.493
2026/04/29 15:44:57,089000,11.493
2026/04/29 15:44:57,090000,11.487
2026/04/29 15:44:57,091000,11.490
2026/04/29 15:44:57,092000,11.487
2026/04/29 15:44:57,093000,11.493
2026/04/29 15:44:57,094000,11.490
2026/04/29 15:44:57,095000,11.493
2026/04/29 15:44:57,096000,11.493
2026/04/29 15:44:57,097000,11.501
2026/04/29 15:44:57,098000,11.487
2026/04/29 15:44:57,099000,11.490
2026/04/29 15:44:57,100000,11.493
2026/04/29 15:44:57,101000,11.490
2026/04/29 15:44:57,102000,11.490
2026/04/29 15:44:57,103000,11.490
2026/04/29 15:44:57,104000,11.487
2026/04/29 15:44:57,105000,11.496
2026/04/29 15:44:57,106000,11.490
2026/04/29 15:44:57,107000,11.504
2026/04/29 15:44:57,108000,11.490
2026/04/29 15:44:57,109000,11.490
2026/04/29 15:44:57,110000,11.487
2026/04/29 15:44:57,111000,11.485
2026/04/29 15:44:57,112000,11.490
2026/04/29 15:44:57,113000,11.487
2026/04/29 15:44:57,114000,11.493
2026/04/29 15:44:57,115000,11.499
2026/04/29 15:44:57,116000,11.487
2026/04/29 15:44:57,117000,11.487
2026/04/29 15:44:57,118000,11.490
2026/04/29 15:44:57,119000,11.490
2026/04/29 15:44:57,120000,11.496
2026/04/29 15:44:57,121000,11.490
2026/04/29 15:44:57,122000,11.490
2026/04/29 15:44:57,123000,11.487
2026/04/29 15:44:57,124000,11.490
2026/04/29 15:44:57,125000,11.493
2026/04/29 15:44:57,126000,11.493
2026/04/29 15:44:57,127000,11.482
2026/04/29 15:44:57,128000,11.493
2026/04/29 15:44:57,129000,11.487
2026/04/29 15:44:57,130000,11.493
2026/04/29 15:44:57,131000,11.493
2026/04/29 15:44:57,132000,11.490
2026/04/29 15:44:57,133000,11.490
2026/04/29 15:44:57,134000,11.490
2026/04/29 15:44:57,135000,11.493
2026/04/29 15:44:57,136000,11.487
2026/04/29 15:44:57,137000,11.490
2026/04/29 15:44:57,138000,11.487
2026/04/29 15:44:57,139000,11.490
2026/04/29 15:44:57,140000,11.485
2026/04/29 15:44:57,141000,11.490
2026/04/29 15:44:57,142000,11.490
2026/04/29 15:44:57,143000,11.490
2026/04/29 15:44:57,144000,11.485
2026/04/29 15:44:57,145000,11.487
2026/04/29 15:44:57,146000,11.493
2026/04/29 15:44:57,147000,11.493
2026/04/29 15:44:57,148000,11.490
2026/04/29 15:44:57,149000,11.482
2026/04/29 15:44:57,150000,11.490
2026/04/29 15:44:57,151000,11.490
2026/04/29 15:44:57,152000,11.487
2026/04/29 15:44:57,153000,11.490
2026/04/29 15:44:57,154000,11.482
2026/04/29 15:44:57,155000,11.487
2026/04/29 15:44:57,156000,11.487
2026/04/29 15:44:57,157000,11.482
2026/04/29 15:44:57,158000,11.490
2026/04/29 15:44:57,159000,11.490
2026/04/29 15:44:57,160000,11.490
2026/04/29 15:44:57,161000,11.493
2026/04/29 15:44:57,162000,11.490
2026/04/29 15:44:57,163000,11.487
2026/04/29 15:44:57,164000,11.487
2026/04/29 15:44:57,165000,11.490
2026/04/29 15:44:57,166000,11.487
2026/04/29 15:44:57,167000,11.487
2026/04/29 15:44:57,168000,11.485
2026/04/29 15:44:57,169000,11.490
2026/04/29 15:44:57,170000,11.493
2026/04/29 15:44:57,171000,11.485
2026/04/29 15:44:57,172000,11.490
2026/04/29 15:44:57,173000,11.490
2026/04/29 15:44:57,174000,11.493
2026/04/29 15:44:57,175000,11.490
2026/04/29 15:44:57,176000,11.485
2026/04/29 15:44:57,177000,11.493
2026/04/29 15:44:57,178000,11.496
2026/04/29 15:44:57,179000,11.490
2026/04/29 15:44:57,180000,11.485
2026/04/29 15:44:57,181000,11.493
2026/04/29 15:44:57,182000,11.490
2026/04/29 15:44:57,183000,11.493
2026/04/29 15:44:57,184000,11.487
2026/04/29 15:44:57,185000,11.493
2026/04/29 15:44:57,186000,11.493
2026/04/29 15:44:57,187000,11.496
2026/04/29 15:44:57,188000,11.485
2026/04/29 15:44:57,189000,11.490
2026/04/29 15:44:57,190000,11.490
2026/04/29 15:44:57,191000,11.493
2026/04/29 15:44:57,192000,11.490
2026/04/29 15:44:57,193000,11.493
2026/04/29 15:44:57,194000,11.487
2026/04/29 15:44:57,195000,11.490
2026/04/29 15:44:57,196000,11.493
2026/04/29 15:44:57,197000,11.487
2026/04/29 15:44:57,198000,11.493
2026/04/29 15:44:57,199000,11.490
2026/04/29 15:44:57,200000,11.487
2026/04/29 15:44:57,201000,11.493
2026/04/29 15:44:57,202000,11.490
2026/04/29 15:44:57,203000,11.490
2026/04/29 15:44:57,204000,11.490
2026/04/29 15:44:57,205000,11.499
2026/04/29 15:44:57,206000,11.493
2026/04/29 15:44:57,207000,11.490
2026/04/29 15:44:57,208000,11.493
2026/04/29 15:44:57,209000,11.493
2026/04/29 15:44:57,210000,11.490
2026/04/29 15:44:57,211000,11.479
2026/04/29 15:44:57,212000,11.493
2026/04/29 15:44:57,213000,11.490
2026/04/29 15:44:57,214000,11.490
2026/04/29 15:44:57,215000,11.490
2026/04/29 15:44:57,216000,11.487
2026/04/29 15:44:57,217000,11.490
2026/04/29 15:44:57,218000,11.493
2026/04/29 15:44:57,219000,11.485
2026/04/29 15:44:57,220000,11.487
2026/04/29 15:44:57,221000,11.487
2026/04/29 15:44:57,222000,11.499
2026/04/29 15:44:57,223000,11.490
2026/04/29 15:44:57,224000,11.493
2026/04/29 15:44:57,225000,11.493
2026/04/29 15:44:57,226000,11.485
2026/04/29 15:44:57,227000,11.487
2026/04/29 15:44:57,228000,11.490
2026/04/29 15:44:57,229000,11.487
2026/04/29 15:44:57,230000,11.487
2026/04/29 15:44:57,231000,11.487
2026/04/29 15:44:57,232000,11.493
2026/04/29 15:44:57,233000,11.496
2026/04/29 15:44:57,234000,11.493
2026/04/29 15:44:57,235000,11.493
2026/04/29 15:44:57,236000,11.496
2026/04/29 15:44:57,237000,11.493
2026/04/29 15:44:57,238000,11.485
2026/04/29 15:44:57,239000,11.493
2026/04/29 15:44:57,240000,11.490
2026/04/29 15:44:57,241000,11.490
2026/04/29 15:44:57,242000,11.493
2026/04/29 15:44:57,243000,11.490
2026/04/29 15:44:57,244000,11.490
2026/04/29 15:44:57,245000,11.490
2026/04/29 15:44:57,246000,11.487
2026/04/29 15:44:57,247000,11.487
2026/04/29 15:44:57,248000,11.485
2026/04/29 15:44:57,249000,11.490
2026/04/29 15:44:57,250000,11.490
2026/04/29 15:44:57,251000,11.487
2026/04/29 15:44:57,252000,11.485
2026/04/29 15:44:57,253000,11.487
2026/04/29 15:44:57,254000,11.487
2026/04/29 15:44:57,255000,11.490
2026/04/29 15:44:57,256000,11.490
2026/04/29 15:44:57,257000,11.490
2026/04/29 15:44:57,258000,11.490
2026/04/29 15:44:57,259000,11.490
2026/04/29 15:44:57,260000,11.487
2026/04/29 15:44:57,261000,11.487
2026/04/29 15:44:57,262000,11.490
2026/04/29 15:44:57,263000,11.487
2026/04/29 15:44:57,264000,11.496
2026/04/29 15:44:57,265000,11.487
2026/04/29 15:44:57,266000,11.490
2026/04/29 15:44:57,267000,11.493
2026/04/29 15:44:57,268000,11.493
2026/04/29 15:44:57,269000,11.496
2026/04/29 15:44:57,270000,11.493
2026/04/29 15:44:57,271000,11.490
2026/04/29 15:44:57,272000,11.490
2026/04/29 15:44:57,273000,11.487
2026/04/29 15:44:57,274000,11.490
2026/04/29 15:44:57,275000,11.499
2026/04/29 15:44:57,276000,11.493
2026/04/29 15:44:57,277000,11.493
2026/04/29 15:44:57,278000,11.487
2026/04/29 15:44:57,279000,11.490
2026/04/29 15:44:57,280000,11.493
2026/04/29 15:44:57,281000,11.490
2026/04/29 15:44:57,282000,11.493
2026/04/29 15:44:57,283000,11.490
2026/04/29 15:44:57,284000,11.496
2026/04/29 15:44:57,285000,11.493
2026/04/29 15:44:57,286000,11.493
2026/04/29 15:44:57,287000,11.490
2026/04/29 15:44:57,288000,11.490
2026/04/29 15:44:57,289000,11.490
2026/04/29 15:44:57,290000,11.487
2026/04/29 15:44:57,291000,11.496
2026/04/29 15:44:57,292000,11.493
2026/04/29 15:44:57,293000,11.493
2026/04/29 15:44:57,294000,11.487
2026/04/29 15:44:57,295000,11.487
2026/04/29 15:44:57,296000,11.493
2026/04/29 15:44:57,297000,11.487
2026/04/29 15:44:57,298000,11.490
2026/04/29 15:44:57,299000,11.493
2026/04/29 15:44:57,300000,11.493
2026/04/29 15:44:57,301000,11.490
2026/04/29 15:44:57,302000,11.496
2026/04/29 15:44:57,303000,11.490
2026/04/29 15:44:57,304000,11.490
2026/04/29 15:44:57,305000,11.490
2026/04/29 15:44:57,306000,11.487
2026/04/29 15:44:57,307000,11.493
2026/04/29 15:44:57,308000,11.493
2026/04/29 15:44:57,309000,11.490
2026/04/29 15:44:57,310000,11.493
2026/04/29 15:44:57,311000,11.490
2026/04/29 15:44:57,312000,11.487
2026/04/29 15:44:57,313000,11.490
2026/04/29 15:44:57,314000,11.496
2026/04/29 15:44:57,315000,11.490
2026/04/29 15:44:57,316000,11.482
2026/04/29 15:44:57,317000,11.490
2026/04/29 15:44:57,318000,11.490
2026/04/29 15:44:57,319000,11.493
2026/04/29 15:44:57,320000,11.487
2026/04/29 15:44:57,321000,11.485
2026/04/29 15:44:57,322000,11.493
2026/04/29 15:44:57,323000,11.490
2026/04/29 15:44:57,324000,11.487
2026/04/29 15:44:57,325000,11.493
2026/04/29 15:44:57,326000,11.493
2026/04/29 15:44:57,327000,11.493
2026/04/29 15:44:57,328000,11.487
2026/04/29 15:44:57,329000,11.487
2026/04/29 15:44:57,330000,11.485
2026/04/29 15:44:57,331000,11.490
2026/04/29 15:44:57,332000,11.493
2026/04/29 15:44:57,333000,11.490
2026/04/29 15:44:57,334000,11.490
2026/04/29 15:44:57,335000,11.496
2026/04/29 15:44:57,336000,11.493
2026/04/29 15:44:57,337000,11.493
2026/04/29 15:44:57,338000,11.487
2026/04/29 15:44:57,339000,11.487
2026/04/29 15:44:57,340000,11.493
2026/04/29 15:44:57,341000,11.485
2026/04/29 15:44:57,342000,11.490
2026/04/29 15:44:57,343000,11.487
2026/04/29 15:44:57,344000,11.487
2026/04/29 15:44:57,345000,11.487
2026/04/29 15:44:57,346000,11.493
2026/04/29 15:44:57,347000,11.487
2026/04/29 15:44:57,348000,11.490
2026/04/29 15:44:57,349000,11.490
2026/04/29 15:44:57,350000,11.490
2026/04/29 15:44:57,351000,11.499
2026/04/29 15:44:57,352000,11.485
2026/04/29 15:44:57,353000,11.493
2026/04/29 15:44:57,354000,11.490
2026/04/29 15:44:57,355000,11.493
2026/04/29 15:44:57,356000,11.487
2026/04/29 15:44:57,357000,11.493
2026/04/29 15:44:57,358000,11.487
2026/04/29 15:44:57,359000,11.490
2026/04/29 15:44:57,360000,11.487
2026/04/29 15:44:57,361000,11.490
2026/04/29 15:44:57,362000,11.490
2026/04/29 15:44:57,363000,11.487
2026/04/29 15:44:57,364000,11.490
2026/04/29 15:44:57,365000,11.490
2026/04/29 15:44:57,366000,11.487
2026/04/29 15:44:57,367000,11.487
2026/04/29 15:44:57,368000,11.490
2026/04/29 15:44:57,369000,11.487
2026/04/29 15:44:57,370000,11.485
2026/04/29 15:44:57,371000,11.490
2026/04/29 15:44:57,372000,11.490
2026/04/29 15:44:57,373000,11.487
2026/04/29 15:44:57,374000,11.487
2026/04/29 15:44:57,375000,11.490
2026/04/29 15:44:57,376000,11.490
2026/04/29 15:44:57,377000,11.493
2026/04/29 15:44:57,378000,11.487
2026/04/29 15:44:57,379000,11.493
2026/04/29 15:44:57,380000,11.496
2026/04/29 15:44:57,381000,11.485
2026/04/29 15:44:57,382000,11.490
2026/04/29 15:44:57,383000,11.487
2026/04/29 15:44:57,384000,11.490
2026/04/29 15:44:57,385000,11.493
2026/04/29 15:44:57,386000,11.487
2026/04/29 15:44:57,387000,11.490
2026/04/29 15:44:57,388000,11.493
2026/04/29 15:44:57,389000,11.493
2026/04/29 15:44:57,390000,11.493
2026/04/29 15:44:57,391000,11.493
2026/04/29 15:44:57,392000,11.490
2026/04/29 15:44:57,393000,11.485
2026/04/29 15:44:57,394000,11.493
2026/04/29 15:44:57,395000,11.487
2026/04/29 15:44:57,396000,11.490
2026/04/29 15:44:57,397000,11.493
2026/04/29 15:44:57,398000,11.487
2026/04/29 15:44:57,399000,11.493
2026/04/29 15:44:57,400000,11.493
2026/04/29 15:44:57,401000,11.493
2026/04/29 15:44:57,402000,11.493
2026/04/29 15:44:57,403000,11.493
2026/04/29 15:44:57,404000,11.485
2026/04/29 15:44:57,405000,11.487
2026/04/29 15:44:57,406000,11.485
2026/04/29 15:44:57,407000,11.493
2026/04/29 15:44:57,408000,11.487
2026/04/29 15:44:57,409000,11.482
2026/04/29 15:44:57,410000,11.490
2026/04/29 15:44:57,411000,11.487
2026/04/29 15:44:57,412000,11.490
2026/04/29 15:44:57,413000,11.493
2026/04/29 15:44:57,414000,11.490
2026/04/29 15:44:57,415000,11.485
2026/04/29 15:44:57,416000,11.487
2026/04/29 15:44:57,417000,11.493
2026/04/29 15:44:57,418000,11.493
2026/04/29 15:44:57,419000,11.490
2026/04/29 15:44:57,420000,11.487
2026/04/29 15:44:57,421000,11.493
2026/04/29 15:44:57,422000,11.487
2026/04/29 15:44:57,423000,11.499
2026/04/29 15:44:57,424000,11.485
2026/04/29 15:44:57,425000,11.490
2026/04/29 15:44:57,426000,11.493
2026/04/29 15:44:57,427000,11.485
2026/04/29 15:44:57,428000,11.490
2026/04/29 15:44:57,429000,11.496
2026/04/29 15:44:57,430000,11.493
2026/04/29 15:44:57,431000,11.485
2026/04/29 15:44:57,432000,11.487
2026/04/29 15:44:57,433000,11.485
2026/04/29 15:44:57,434000,11.493
2026/04/29 15:44:57,435000,11.490
2026/04/29 15:44:57,436000,11.487
2026/04/29 15:44:57,437000,11.487
2026/04/29 15:44:57,438000,11.487
2026/04/29 15:44:57,439000,11.487
2026/04/29 15:44:57,440000,11.487
2026/04/29 15:44:57,441000,11.490
2026/04/29 15:44:57,442000,11.490
2026/04/29 15:44:57,443000,11.485
2026/04/29 15:44:57,444000,11.490
2026/04/29 15:44:57,445000,11.490
2026/04/29 15:44:57,446000,11.487
2026/04/29 15:44:57,447000,11.490
2026/04/29 15:44:57,448000,11.487
2026/04/29 15:44:57,449000,11.487
2026/04/29 15:44:57,450000,11.490
2026/04/29 15:44:57,451000,11.487
2026/04/29 15:44:57,452000,11.493
2026/04/29 15:44:57,453000,11.490
2026/04/29 15:44:57,454000,11.487
2026/04/29 15:44:57,455000,11.493
2026/04/29 15:44:57,456000,11.490
2026/04/29 15:44:57,457000,11.490
2026/04/29 15:44:57,458000,11.485
2026/04/29 15:44:57,459000,11.485
2026/04/29 15:44:57,460000,11.490
2026/04/29 15:44:57,461000,11.487
2026/04/29 15:44:57,462000,11.487
2026/04/29 15:44:57,463000,11.487
2026/04/29 15:44:57,464000,11.485
2026/04/29 15:44:57,465000,11.493
2026/04/29 15:44:57,466000,11.485
2026/04/29 15:44:57,467000,11.485
2026/04/29 15:44:57,468000,11.490
2026/04/29 15:44:57,469000,11.490
2026/04/29 15:44:57,470000,11.487
2026/04/29 15:44:57,471000,11.487
2026/04/29 15:44:57,472000,11.490
2026/04/29 15:44:57,473000,11.485
2026/04/29 15:44:57,474000,11.490
2026/04/29 15:44:57,475000,11.487
2026/04/29 15:44:57,476000,11.490
2026/04/29 15:44:57,477000,11.490
2026/04/29 15:44:57,478000,11.493
2026/04/29 15:44:57,479000,11.490
2026/04/29 15:44:57,480000,11.487
2026/04/29 15:44:57,481000,11.485
2026/04/29 15:44:57,482000,11.496
2026/04/29 15:44:57,483000,11.490
2026/04/29 15:44:57,484000,11.487
2026/04/29 15:44:57,485000,11.487
2026/04/29 15:44:57,486000,11.493
2026/04/29 15:44:57,487000,11.493
2026/04/29 15:44:57,488000,11.485
2026/04/29 15:44:57,489000,11.490
2026/04/29 15:44:57,490000,11.490
2026/04/29 15:44:57,491000,11.485
2026/04/29 15:44:57,492000,11.487
2026/04/29 15:44:57,493000,11.490
2026/04/29 15:44:57,494000,11.490
2026/04/29 15:44:57,495000,11.493
2026/04/29 15:44:57,496000,11.490
2026/04/29 15:44:57,497000,11.493
2026/04/29 15:44:57,498000,11.490
2026/04/29 15:44:57,499000,11.496
2026/04/29 15:44:57,500000,11.496
2026/04/29 15:44:57,501000,11.485
2026/04/29 15:44:57,502000,11.485
2026/04/29 15:44:57,503000,11.493
2026/04/29 15:44:57,504000,11.487
2026/04/29 15:44:57,505000,11.493
2026/04/29 15:44:57,506000,11.487
2026/04/29 15:44:57,507000,11.487
2026/04/29 15:44:57,508000,11.487
2026/04/29 15:44:57,509000,11.490
2026/04/29 15:44:57,510000,11.490
2026/04/29 15:44:57,511000,11.487
2026/04/29 15:44:57,512000,11.487
2026/04/29 15:44:57,513000,11.487
2026/04/29 15:44:57,514000,11.485
2026/04/29 15:44:57,515000,11.493
2026/04/29 15:44:57,516000,11.490
2026/04/29 15:44:57,517000,11.485
2026/04/29 15:44:57,518000,11.493
2026/04/29 15:44:57,519000,11.487
2026/04/29 15:44:57,520000,11.487
2026/04/29 15:44:57,521000,11.487
2026/04/29 15:44:57,522000,11.493
2026/04/29 15:44:57,523000,11.485
2026/04/29 15:44:57,524000,11.487
2026/04/29 15:44:57,525000,11.485
2026/04/29 15:44:57,526000,11.490
2026/04/29 15:44:57,527000,11.485
2026/04/29 15:44:57,528000,11.493
2026/04/29 15:44:57,529000,11.490
2026/04/29 15:44:57,530000,11.487
2026/04/29 15:44:57,531000,11.496
2026/04/29 15:44:57,532000,11.485
2026/04/29 15:44:57,533000,11.493
2026/04/29 15:44:57,534000,11.487
2026/04/29 15:44:57,535000,11.487
2026/04/29 15:44:57,536000,11.485
2026/04/29 15:44:57,537000,11.490
2026/04/29 15:44:57,538000,11.490
2026/04/29 15:44:57,539000,11.490
2026/04/29 15:44:57,540000,11.493
2026/04/29 15:44:57,541000,11.487
2026/04/29 15:44:57,542000,11.487
2026/04/29 15:44:57,543000,11.496
2026/04/29 15:44:57,544000,11.493
2026/04/29 15:44:57,545000,11.487
2026/04/29 15:44:57,546000,11.487
2026/04/29 15:44:57,547000,11.485
2026/04/29 15:44:57,548000,11.490
2026/04/29 15:44:57,549000,11.485
2026/04/29 15:44:57,550000,11.490
2026/04/29 15:44:57,551000,11.496
2026/04/29 15:44:57,552000,11.490
2026/04/29 15:44:57,553000,11.487
2026/04/29 15:44:57,554000,11.493
2026/04/29 15:44:57,555000,11.490
2026/04/29 15:44:57,556000,11.487
2026/04/29 15:44:57,557000,11.490
2026/04/29 15:44:57,558000,11.499
2026/04/29 15:44:57,559000,11.490
2026/04/29 15:44:57,560000,11.485
2026/04/29 15:44:57,561000,11.487
2026/04/29 15:44:57,562000,11.490
2026/04/29 15:44:57,563000,11.485
2026/04/29 15:44:57,564000,11.490
2026/04/29 15:44:57,565000,11.493
2026/04/29 15:44:57,566000,11.487
2026/04/29 15:44:57,567000,11.490
2026/04/29 15:44:57,568000,11.487
2026/04/29 15:44:57,569000,11.490
2026/04/29 15:44:57,570000,11.482
2026/04/29 15:44:57,571000,11.487
2026/04/29 15:44:57,572000,11.487
2026/04/29 15:44:57,573000,11.482
2026/04/29 15:44:57,574000,11.490
2026/04/29 15:44:57,575000,11.490
2026/04/29 15:44:57,576000,11.490
2026/04/29 15:44:57,577000,11.490
2026/04/29 15:44:57,578000,11.493
2026/04/29 15:44:57,579000,11.493
2026/04/29 15:44:57,580000,11.490
2026/04/29 15:44:57,581000,11.487
2026/04/29 15:44:57,582000,11.490
2026/04/29 15:44:57,583000,11.485
2026/04/29 15:44:57,584000,11.490
2026/04/29 15:44:57,585000,11.493
2026/04/29 15:44:57,586000,11.490
2026/04/29 15:44:57,587000,11.487
2026/04/29 15:44:57,588000,11.487
2026/04/29 15:44:57,589000,11.490
2026/04/29 15:44:57,590000,11.487
2026/04/29 15:44:57,591000,11.493
2026/04/29 15:44:57,592000,11.496
2026/04/29 15:44:57,593000,11.490
2026/04/29 15:44:57,594000,11.493
2026/04/29 15:44:57,595000,11.487
2026/04/29 15:44:57,596000,11.487
2026/04/29 15:44:57,597000,11.490
2026/04/29 15:44:57,598000,11.490
2026/04/29 15:44:57,599000,11.487
2026/04/29 15:44:57,600000,11.490
2026/04/29 15:44:57,601000,11.496
2026/04/29 15:44:57,602000,11.487
2026/04/29 15:44:57,603000,11.493
2026/04/29 15:44:57,604000,11.490
2026/04/29 15:44:57,605000,11.485
2026/04/29 15:44:57,606000,11.490
2026/04/29 15:44:57,607000,11.485
2026/04/29 15:44:57,608000,11.496
2026/04/29 15:44:57,609000,11.487
2026/04/29 15:44:57,610000,11.487
2026/04/29 15:44:57,611000,11.490
2026/04/29 15:44:57,612000,11.487
2026/04/29 15:44:57,613000,11.490
2026/04/29 15:44:57,614000,11.493
2026/04/29 15:44:57,615000,11.482
2026/04/29 15:44:57,616000,11.490
2026/04/29 15:44:57,617000,11.493
2026/04/29 15:44:57,618000,11.490
2026/04/29 15:44:57,619000,11.490
2026/04/29 15:44:57,620000,11.490
2026/04/29 15:44:57,621000,11.493
2026/04/29 15:44:57,622000,11.493
2026/04/29 15:44:57,623000,11.487
2026/04/29 15:44:57,624000,11.493
2026/04/29 15:44:57,625000,11.487
2026/04/29 15:44:57,626000,11.493
2026/04/29 15:44:57,627000,11.493
2026/04/29 15:44:57,628000,11.493
2026/04/29 15:44:57,629000,11.493
2026/04/29 15:44:57,630000,11.493
2026/04/29 15:44:57,631000,11.490
2026/04/29 15:44:57,632000,11.493
2026/04/29 15:44:57,633000,11.490
2026/04/29 15:44:57,634000,11.487
2026/04/29 15:44:57,635000,11.490
2026/04/29 15:44:57,636000,11.493
2026/04/29 15:44:57,637000,11.499
2026/04/29 15:44:57,638000,11.482
2026/04/29 15:44:57,639000,11.487
2026/04/29 15:44:57,640000,11.490
2026/04/29 15:44:57,641000,11.487
2026/04/29 15:44:57,642000,11.487
2026/04/29 15:44:57,643000,11.493
2026/04/29 15:44:57,644000,11.490
2026/04/29 15:44:57,645000,11.496
2026/04/29 15:44:57,646000,11.493
2026/04/29 15:44:57,647000,11.490
2026/04/29 15:44:57,648000,11.499
2026/04/29 15:44:57,649000,11.487
2026/04/29 15:44:57,650000,11.490
2026/04/29 15:44:57,651000,11.485
2026/04/29 15:44:57,652000,11.487
2026/04/29 15:44:57,653000,11.493
2026/04/29 15:44:57,654000,11.485
2026/04/29 15:44:57,655000,11.493
2026/04/29 15:44:57,656000,11.490
2026/04/29 15:44:57,657000,11.490
2026/04/29 15:44:57,658000,11.490
2026/04/29 15:44:57,659000,11.485
2026/04/29 15:44:57,660000,11.487
2026/04/29 15:44:57,661000,11.485
2026/04/29 15:44:57,662000,11.490
2026/04/29 15:44:57,663000,11.490
2026/04/29 15:44:57,664000,11.490
2026/04/29 15:44:57,665000,11.487
2026/04/29 15:44:57,666000,11.487
2026/04/29 15:44:57,667000,11.493
2026/04/29 15:44:57,668000,11.496
2026/04/29 15:44:57,669000,11.490
2026/04/29 15:44:57,670000,11.490
2026/04/29 15:44:57,671000,11.485
2026/04/29 15:44:57,672000,11.487
2026/04/29 15:44:57,673000,11.485
2026/04/29 15:44:57,674000,11.493
2026/04/29 15:44:57,675000,11.493
2026/04/29 15:44:57,676000,11.487
2026/04/29 15:44:57,677000,11.490
2026/04/29 15:44:57,678000,11.490
2026/04/29 15:44:57,679000,11.490
2026/04/29 15:44:57,680000,11.493
2026/04/29 15:44:57,681000,11.490
2026/04/29 15:44:57,682000,11.499
2026/04/29 15:44:57,683000,11.499
2026/04/29 15:44:57,684000,11.493
2026/04/29 15:44:57,685000,11.479
2026/04/29 15:44:57,686000,11.493
2026/04/29 15:44:57,687000,11.490
2026/04/29 15:44:57,688000,11.485
2026/04/29 15:44:57,689000,11.493
2026/04/29 15:44:57,690000,11.490
2026/04/29 15:44:57,691000,11.490
2026/04/29 15:44:57,692000,11.487
2026/04/29 15:44:57,693000,11.493
2026/04/29 15:44:57,694000,11.493
2026/04/29 15:44:57,695000,11.490
2026/04/29 15:44:57,696000,11.485
2026/04/29 15:44:57,697000,11.490
2026/04/29 15:44:57,698000,11.490
2026/04/29 15:44:57,699000,11.493
2026/04/29 15:44:57,700000,11.485
2026/04/29 15:44:57,701000,11.496
2026/04/29 15:44:57,702000,11.493
2026/04/29 15:44:57,703000,11.493
2026/04/29 15:44:57,704000,11.487
2026/04/29 15:44:57,705000,11.490
2026/04/29 15:44:57,706000,11.490
2026/04/29 15:44:57,707000,11.485
2026/04/29 15:44:57,708000,11.490
2026/04/29 15:44:57,709000,11.487
2026/04/29 15:44:57,710000,11.493
2026/04/29 15:44:57,711000,11.493
2026/04/29 15:44:57,712000,11.496
2026/04/29 15:44:57,713000,11.493
2026/04/29 15:44:57,714000,11.490
2026/04/29 15:44:57,715000,11.490
2026/04/29 15:44:57,716000,11.485
2026/04/29 15:44:57,717000,11.487
2026/04/29 15:44:57,718000,11.487
2026/04/29 15:44:57,719000,11.490
2026/04/29 15:44:57,720000,11.493
2026/04/29 15:44:57,721000,11.493
2026/04/29 15:44:57,722000,11.493
2026/04/29 15:44:57,723000,11.490
2026/04/29 15:44:57,724000,11.490
2026/04/29 15:44:57,725000,11.493
2026/04/29 15:44:57,726000,11.490
2026/04/29 15:44:57,727000,11.482
2026/04/29 15:44:57,728000,11.490
2026/04/29 15:44:57,729000,11.490
2026/04/29 15:44:57,730000,11.490
2026/04/29 15:44:57,731000,11.496
2026/04/29 15:44:57,732000,11.487
2026/04/29 15:44:57,733000,11.490
2026/04/29 15:44:57,734000,11.493
2026/04/29 15:44:57,735000,11.490
2026/04/29 15:44:57,736000,11.493
2026/04/29 15:44:57,737000,11.493
2026/04/29 15:44:57,738000,11.496
2026/04/29 15:44:57,739000,11.487
2026/04/29 15:44:57,740000,11.487
2026/04/29 15:44:57,741000,11.493
2026/04/29 15:44:57,742000,11.490
2026/04/29 15:44:57,743000,11.490
2026/04/29 15:44:57,744000,11.485
2026/04/29 15:44:57,745000,11.487
2026/04/29 15:44:57,746000,11.499
2026/04/29 15:44:57,747000,11.493
2026/04/29 15:44:57,748000,11.493
2026/04/29 15:44:57,749000,11.490
2026/04/29 15:44:57,750000,11.496
2026/04/29 15:44:57,751000,11.490
2026/04/29 15:44:57,752000,11.493
2026/04/29 15:44:57,753000,11.490
2026/04/29 15:44:57,754000,11.490
2026/04/29 15:44:57,755000,11.490
2026/04/29 15:44:57,756000,11.490
2026/04/29 15:44:57,757000,11.490
2026/04/29 15:44:57,758000,11.490
2026/04/29 15:44:57,759000,11.490
2026/04/29 15:44:57,760000,11.487
2026/04/29 15:44:57,761000,11.490
2026/04/29 15:44:57,762000,11.487
2026/04/29 15:44:57,763000,11.490
2026/04/29 15:44:57,764000,11.490
2026/04/29 15:44:57,765000,11.493
2026/04/29 15:44:57,766000,11.490
2026/04/29 15:44:57,767000,11.493
2026/04/29 15:44:57,768000,11.493
2026/04/29 15:44:57,769000,11.490
2026/04/29 15:44:57,770000,11.485
2026/04/29 15:44:57,771000,11.493
2026/04/29 15:44:57,772000,11.490
2026/04/29 15:44:57,773000,11.496
2026/04/29 15:44:57,774000,11.496
2026/04/29 15:44:57,775000,11.482
2026/04/29 15:44:57,776000,11.490
2026/04/29 15:44:57,777000,11.493
2026/04/29 15:44:57,778000,11.490
2026/04/29 15:44:57,779000,11.485
2026/04/29 15:44:57,780000,11.493
2026/04/29 15:44:57,781000,11.490
2026/04/29 15:44:57,782000,11.485
2026/04/29 15:44:57,783000,11.490
2026/04/29 15:44:57,784000,11.487
2026/04/29 15:44:57,785000,11.487
2026/04/29 15:44:57,786000,11.496
2026/04/29 15:44:57,787000,11.490
2026/04/29 15:44:57,788000,11.496
2026/04/29 15:44:57,789000,11.487
2026/04/29 15:44:57,790000,11.493
2026/04/29 15:44:57,791000,11.485
2026/04/29 15:44:57,792000,11.493
2026/04/29 15:44:57,793000,11.493
2026/04/29 15:44:57,794000,11.493
2026/04/29 15:44:57,795000,11.487
2026/04/29 15:44:57,796000,11.493
2026/04/29 15:44:57,797000,11.490
2026/04/29 15:44:57,798000,11.490
2026/04/29 15:44:57,799000,11.490
2026/04/29 15:44:57,800000,11.493
2026/04/29 15:44:57,801000,11.490
2026/04/29 15:44:57,802000,11.482
2026/04/29 15:44:57,803000,11.490
2026/04/29 15:44:57,804000,11.493
2026/04/29 15:44:57,805000,11.487
2026/04/29 15:44:57,806000,11.496
2026/04/29 15:44:57,807000,11.487
2026/04/29 15:44:57,808000,11.490
2026/04/29 15:44:57,809000,11.493
2026/04/29 15:44:57,810000,11.487
2026/04/29 15:44:57,811000,11.490
2026/04/29 15:44:57,812000,11.482
2026/04/29 15:44:57,813000,11.493
2026/04/29 15:44:57,814000,11.490
2026/04/29 15:44:57,815000,11.487
2026/04/29 15:44:57,816000,11.493
2026/04/29 15:44:57,817000,11.490
2026/04/29 15:44:57,818000,11.487
2026/04/29 15:44:57,819000,11.490
2026/04/29 15:44:57,820000,11.496
2026/04/29 15:44:57,821000,11.496
2026/04/29 15:44:57,822000,11.487
2026/04/29 15:44:57,823000,11.487
2026/04/29 15:44:57,824000,11.490
2026/04/29 15:44:57,825000,11.487
2026/04/29 15:44:57,826000,11.487
2026/04/29 15:44:57,827000,11.493
2026/04/29 15:44:57,828000,11.487
2026/04/29 15:44:57,829000,11.487
2026/04/29 15:44:57,830000,11.493
2026/04/29 15:44:57,831000,11.496
2026/04/29 15:44:57,832000,11.487
2026/04/29 15:44:57,833000,11.490
2026/04/29 15:44:57,834000,11.482
2026/04/29 15:44:57,835000,11.496
2026/04/29 15:44:57,836000,11.490
2026/04/29 15:44:57,837000,11.490
2026/04/29 15:44:57,838000,11.487
2026/04/29 15:44:57,839000,11.490
2026/04/29 15:44:57,840000,11.490
2026/04/29 15:44:57,841000,11.487
2026/04/29 15:44:57,842000,11.490
2026/04/29 15:44:57,843000,11.485
2026/04/29 15:44:57,844000,11.493
2026/04/29 15:44:57,845000,11.496
2026/04/29 15:44:57,846000,11.487
2026/04/29 15:44:57,847000,11.493
2026/04/29 15:44:57,848000,11.490
2026/04/29 15:44:57,849000,11.490
2026/04/29 15:44:57,850000,11.493
2026/04/29 15:44:57,851000,11.490
2026/04/29 15:44:57,852000,11.490
2026/04/29 15:44:57,853000,11.490
2026/04/29 15:44:57,854000,11.493
2026/04/29 15:44:57,855000,11.487
2026/04/29 15:44:57,856000,11.487
2026/04/29 15:44:57,857000,11.490
2026/04/29 15:44:57,858000,11.493
2026/04/29 15:44:57,859000,11.490
2026/04/29 15:44:57,860000,11.487
2026/04/29 15:44:57,861000,11.487
2026/04/29 15:44:57,862000,11.490
2026/04/29 15:44:57,863000,11.493
2026/04/29 15:44:57,864000,11.490
2026/04/29 15:44:57,865000,11.490
2026/04/29 15:44:57,866000,11.490
2026/04/29 15:44:57,867000,11.490
2026/04/29 15:44:57,868000,11.490
2026/04/29 15:44:57,869000,11.487
2026/04/29 15:44:57,870000,11.487
2026/04/29 15:44:57,871000,11.490
2026/04/29 15:44:57,872000,11.499
2026/04/29 15:44:57,873000,11.490
2026/04/29 15:44:57,874000,11.490
2026/04/29 15:44:57,875000,11.490
2026/04/29 15:44:57,876000,11.490
2026/04/29 15:44:57,877000,11.485
2026/04/29 15:44:57,878000,11.493
2026/04/29 15:44:57,879000,11.485
2026/04/29 15:44:57,880000,11.493
2026/04/29 15:44:57,881000,11.493
2026/04/29 15:44:57,882000,11.487
2026/04/29 15:44:57,883000,11.487
2026/04/29 15:44:57,884000,11.493
2026/04/29 15:44:57,885000,11.490
2026/04/29 15:44:57,886000,11.493
2026/04/29 15:44:57,887000,11.485
2026/04/29 15:44:57,888000,11.490
2026/04/29 15:44:57,889000,11.485
2026/04/29 15:44:57,890000,11.493
2026/04/29 15:44:57,891000,11.490
2026/04/29 15:44:57,892000,11.487
2026/04/29 15:44:57,893000,11.490
2026/04/29 15:44:57,894000,11.487
2026/04/29 15:44:57,895000,11.482
2026/04/29 15:44:57,896000,11.490
2026/04/29 15:44:57,897000,11.490
2026/04/29 15:44:57,898000,11.485
2026/04/29 15:44:57,899000,11.490
2026/04/29 15:44:57,900000,11.493
2026/04/29 15:44:57,901000,11.490
2026/04/29 15:44:57,902000,11.493
2026/04/29 15:44:57,903000,11.485
2026/04/29 15:44:57,904000,11.490
2026/04/29 15:44:57,905000,11.487
2026/04/29 15:44:57,906000,11.485
2026/04/29 15:44:57,907000,11.493
2026/04/29 15:44:57,908000,11.485
2026/04/29 15:44:57,909000,11.493
2026/04/29 15:44:57,910000,11.490
2026/04/29 15:44:57,911000,11.490
2026/04/29 15:44:57,912000,11.490
2026/04/29 15:44:57,913000,11.487
2026/04/29 15:44:57,914000,11.490
2026/04/29 15:44:57,915000,11.487
2026/04/29 15:44:57,916000,11.487
2026/04/29 15:44:57,917000,11.493
2026/04/29 15:44:57,918000,11.487
2026/04/29 15:44:57,919000,11.485
2026/04/29 15:44:57,920000,11.482
2026/04/29 15:44:57,921000,11.485
2026/04/29 15:44:57,922000,11.487
2026/04/29 15:44:57,923000,11.485
2026/04/29 15:44:57,924000,11.493
2026/04/29 15:44:57,925000,11.490
2026/04/29 15:44:57,926000,11.487
2026/04/29 15:44:57,927000,11.487
2026/04/29 15:44:57,928000,11.487
2026/04/29 15:44:57,929000,11.490
2026/04/29 15:44:57,930000,11.487
2026/04/29 15:44:57,931000,11.487
2026/04/29 15:44:57,932000,11.496
2026/04/29 15:44:57,933000,11.490
2026/04/29 15:44:57,934000,11.490
2026/04/29 15:44:57,935000,11.485
2026/04/29 15:44:57,936000,11.490
2026/04/29 15:44:57,937000,11.487
2026/04/29 15:44:57,938000,11.490
2026/04/29 15:44:57,939000,11.490
2026/04/29 15:44:57,940000,11.487
2026/04/29 15:44:57,941000,11.487
2026/04/29 15:44:57,942000,11.485
2026/04/29 15:44:57,943000,11.485
2026/04/29 15:44:57,944000,11.490
2026/04/29 15:44:57,945000,11.493
2026/04/29 15:44:57,946000,11.490
2026/04/29 15:44:57,947000,11.490
2026/04/29 15:44:57,948000,11.490
2026/04/29 15:44:57,949000,11.493
2026/04/29 15:44:57,950000,11.485
2026/04/29 15:44:57,951000,11.487
2026/04/29 15:44:57,952000,11.490
2026/04/29 15:44:57,953000,11.490
2026/04/29 15:44:57,954000,11.493
2026/04/29 15:44:57,955000,11.490
2026/04/29 15:44:57,956000,11.485
2026/04/29 15:44:57,957000,11.493
2026/04/29 15:44:57,958000,11.490
2026/04/29 15:44:57,959000,11.493
2026/04/29 15:44:57,960000,11.487
2026/04/29 15:44:57,961000,11.490
2026/04/29 15:44:57,962000,11.493
2026/04/29 15:44:57,963000,11.487
2026/04/29 15:44:57,964000,11.487
2026/04/29 15:44:57,965000,11.482
2026/04/29 15:44:57,966000,11.485
2026/04/29 15:44:57,967000,11.490
2026/04/29 15:44:57,968000,11.490
2026/04/29 15:44:57,969000,11.485
2026/04/29 15:44:57,970000,11.493
2026/04/29 15:44:57,971000,11.490
2026/04/29 15:44:57,972000,11.482
2026/04/29 15:44:57,973000,11.485
2026/04/29 15:44:57,974000,11.487
2026/04/29 15:44:57,975000,11.487
2026/04/29 15:44:57,976000,11.490
2026/04/29 15:44:57,977000,11.487
2026/04/29 15:44:57,978000,11.490
2026/04/29 15:44:57,979000,11.496
2026/04/29 15:44:57,980000,11.487
2026/04/29 15:44:57,981000,11.487
2026/04/29 15:44:57,982000,11.490
2026/04/29 15:44:57,983000,11.487
2026/04/29 15:44:57,984000,11.490
2026/04/29 15:44:57,985000,11.493
2026/04/29 15:44:57,986000,11.490
2026/04/29 15:44:57,987000,11.487
2026/04/29 15:44:57,988000,11.493
2026/04/29 15:44:57,989000,11.493
2026/04/29 15:44:57,990000,11.485
2026/04/29 15:44:57,991000,11.482
2026/04/29 15:44:57,992000,11.490
2026/04/29 15:44:57,993000,11.490
2026/04/29 15:44:57,994000,11.485
2026/04/29 15:44:57,995000,11.490
2026/04/29 15:44:57,996000,11.487
2026/04/29 15:44:57,997000,11.493
2026/04/29 15:44:57,998000,11.493
2026/04/29 15:44:57,999000,11.493
2026/04/29 15:44:58,000000,11.487
2026/04/29 15:44:58,001000,11.482
2026/04/29 15:44:58,002000,11.490
2026/04/29 15:44:58,003000,11.485
2026/04/29 15:44:58,004000,11.490
2026/04/29 15:44:58,005000,11.487
2026/04/29 15:44:58,006000,11.485
2026/04/29 15:44:58,007000,11.487
2026/04/29 15:44:58,008000,11.490
2026/04/29 15:44:58,009000,11.490
2026/04/29 15:44:58,010000,11.485
2026/04/29 15:44:58,011000,11.490
2026/04/29 15:44:58,012000,11.487
2026/04/29 15:44:58,013000,11.487
2026/04/29 15:44:58,014000,11.490
2026/04/29 15:44:58,015000,11.487
2026/04/29 15:44:58,016000,11.487
2026/04/29 15:44:58,017000,11.490
2026/04/29 15:44:58,018000,11.490
2026/04/29 15:44:58,019000,11.493
2026/04/29 15:44:58,020000,11.490
2026/04/29 15:44:58,021000,11.485
2026/04/29 15:44:58,022000,11.487
2026/04/29 15:44:58,023000,11.485
2026/04/29 15:44:58,024000,11.487
2026/04/29 15:44:58,025000,11.487
2026/04/29 15:44:58,026000,11.490
2026/04/29 15:44:58,027000,11.490
2026/04/29 15:44:58,028000,11.490
2026/04/29 15:44:58,029000,11.485
2026/04/29 15:44:58,030000,11.490
2026/04/29 15:44:58,031000,11.490
2026/04/29 15:44:58,032000,11.487
2026/04/29 15:44:58,033000,11.490
2026/04/29 15:44:58,034000,11.490
2026/04/29 15:44:58,035000,11.485
2026/04/29 15:44:58,036000,11.493
2026/04/29 15:44:58,037000,11.490
2026/04/29 15:44:58,038000,11.487
2026/04/29 15:44:58,039000,11.493
2026/04/29 15:44:58,040000,11.485
2026/04/29 15:44:58,041000,11.493
2026/04/29 15:44:58,042000,11.490
2026/04/29 15:44:58,043000,11.485
2026/04/29 15:44:58,044000,11.485
2026/04/29 15:44:58,045000,11.490
2026/04/29 15:44:58,046000,11.485
2026/04/29 15:44:58,047000,11.485
2026/04/29 15:44:58,048000,11.493
2026/04/29 15:44:58,049000,11.493
2026/04/29 15:44:58,050000,11.490
2026/04/29 15:44:58,051000,11.490
2026/04/29 15:44:58,052000,11.487
2026/04/29 15:44:58,053000,11.487
2026/04/29 15:44:58,054000,11.493
2026/04/29 15:44:58,055000,11.487
2026/04/29 15:44:58,056000,11.487
2026/04/29 15:44:58,057000,11.490
2026/04/29 15:44:58,058000,11.490
2026/04/29 15:44:58,059000,11.487
2026/04/29 15:44:58,060000,11.487
2026/04/29 15:44:58,061000,11.487
2026/04/29 15:44:58,062000,11.487
2026/04/29 15:44:58,063000,11.487
2026/04/29 15:44:58,064000,11.493
2026/04/29 15:44:58,065000,11.485
2026/04/29 15:44:58,066000,11.485
2026/04/29 15:44:58,067000,11.490
2026/04/29 15:44:58,068000,11.490
2026/04/29 15:44:58,069000,11.487
2026/04/29 15:44:58,070000,11.490
2026/04/29 15:44:58,071000,11.490
2026/04/29 15:44:58,072000,11.487
2026/04/29 15:44:58,073000,11.490
2026/04/29 15:44:58,074000,11.482
2026/04/29 15:44:58,075000,11.487
2026/04/29 15:44:58,076000,11.493
2026/04/29 15:44:58,077000,11.485
2026/04/29 15:44:58,078000,11.487
2026/04/29 15:44:58,079000,11.490
2026/04/29 15:44:58,080000,11.485
2026/04/29 15:44:58,081000,11.487
2026/04/29 15:44:58,082000,11.493
2026/04/29 15:44:58,083000,11.487
2026/04/29 15:44:58,084000,11.493
2026/04/29 15:44:58,085000,11.493
2026/04/29 15:44:58,086000,11.490
2026/04/29 15:44:58,087000,11.487
2026/04/29 15:44:58,088000,11.487
2026/04/29 15:44:58,089000,11.496
2026/04/29 15:44:58,090000,11.487
2026/04/29 15:44:58,091000,11.490
2026/04/29 15:44:58,092000,11.490
2026/04/29 15:44:58,093000,11.490
2026/04/29 15:44:58,094000,11.487
2026/04/29 15:44:58,095000,11.493
2026/04/29 15:44:58,096000,11.485
2026/04/29 15:44:58,097000,11.490
2026/04/29 15:44:58,098000,11.485
2026/04/29 15:44:58,099000,11.487
2026/04/29 15:44:58,100000,11.490
2026/04/29 15:44:58,101000,11.487
2026/04/29 15:44:58,102000,11.487
2026/04/29 15:44:58,103000,11.490
2026/04/29 15:44:58,104000,11.490
2026/04/29 15:44:58,105000,11.487
2026/04/29 15:44:58,106000,11.493
2026/04/29 15:44:58,107000,11.490
2026/04/29 15:44:58,108000,11.482
2026/04/29 15:44:58,109000,11.487
2026/04/29 15:44:58,110000,11.490
2026/04/29 15:44:58,111000,11.485
2026/04/29 15:44:58,112000,11.493
2026/04/29 15:44:58,113000,11.487
2026/04/29 15:44:58,114000,11.493
2026/04/29 15:44:58,115000,11.490
2026/04/29 15:44:58,116000,11.496
2026/04/29 15:44:58,117000,11.487
2026/04/29 15:44:58,118000,11.487
2026/04/29 15:44:58,119000,11.485
2026/04/29 15:44:58,120000,11.490
2026/04/29 15:44:58,121000,11.485
2026/04/29 15:44:58,122000,11.487
2026/04/29 15:44:58,123000,11.487
2026/04/29 15:44:58,124000,11.490
2026/04/29 15:44:58,125000,11.490
2026/04/29 15:44:58,126000,11.493
2026/04/29 15:44:58,127000,11.487
2026/04/29 15:44:58,128000,11.490
2026/04/29 15:44:58,129000,11.485
2026/04/29 15:44:58,130000,11.493
2026/04/29 15:44:58,131000,11.493
2026/04/29 15:44:58,132000,11.482
2026/04/29 15:44:58,133000,11.490
2026/04/29 15:44:58,134000,11.496
2026/04/29 15:44:58,135000,11.487
2026/04/29 15:44:58,136000,11.485
2026/04/29 15:44:58,137000,11.493
2026/04/29 15:44:58,138000,11.490
2026/04/29 15:44:58,139000,11.487
2026/04/29 15:44:58,140000,11.482
2026/04/29 15:44:58,141000,11.493
2026/04/29 15:44:58,142000,11.487
2026/04/29 15:44:58,143000,11.487
2026/04/29 15:44:58,144000,11.496
2026/04/29 15:44:58,145000,11.493
2026/04/29 15:44:58,146000,11.490
2026/04/29 15:44:58,147000,11.493
2026/04/29 15:44:58,148000,11.487
2026/04/29 15:44:58,149000,11.487
2026/04/29 15:44:58,150000,11.490
2026/04/29 15:44:58,151000,11.490
2026/04/29 15:44:58,152000,11.490
2026/04/29 15:44:58,153000,11.496
2026/04/29 15:44:58,154000,11.490
2026/04/29 15:44:58,155000,11.490
2026/04/29 15:44:58,156000,11.493
2026/04/29 15:44:58,157000,11.487
2026/04/29 15:44:58,158000,11.485
2026/04/29 15:44:58,159000,11.499
2026/04/29 15:44:58,160000,11.490
2026/04/29 15:44:58,161000,11.493
2026/04/29 15:44:58,162000,11.487
2026/04/29 15:44:58,163000,11.487
2026/04/29 15:44:58,164000,11.485
2026/04/29 15:44:58,165000,11.487
2026/04/29 15:44:58,166000,11.490
2026/04/29 15:44:58,167000,11.487
2026/04/29 15:44:58,168000,11.490
2026/04/29 15:44:58,169000,11.485
2026/04/29 15:44:58,170000,11.490
2026/04/29 15:44:58,171000,11.487
2026/04/29 15:44:58,172000,11.493
2026/04/29 15:44:58,173000,11.496
2026/04/29 15:44:58,174000,11.493
2026/04/29 15:44:58,175000,11.493
2026/04/29 15:44:58,176000,11.493
2026/04/29 15:44:58,177000,11.490
2026/04/29 15:44:58,178000,11.490
2026/04/29 15:44:58,179000,11.479
2026/04/29 15:44:58,180000,11.487
2026/04/29 15:44:58,181000,11.487
2026/04/29 15:44:58,182000,11.493
2026/04/29 15:44:58,183000,11.490
2026/04/29 15:44:58,184000,11.487
2026/04/29 15:44:58,185000,11.493
2026/04/29 15:44:58,186000,11.490
2026/04/29 15:44:58,187000,11.485
2026/04/29 15:44:58,188000,11.487
2026/04/29 15:44:58,189000,11.490
2026/04/29 15:44:58,190000,11.499
2026/04/29 15:44:58,191000,11.487
2026/04/29 15:44:58,192000,11.485
2026/04/29 15:44:58,193000,11.487
2026/04/29 15:44:58,194000,11.487
2026/04/29 15:44:58,195000,11.493
2026/04/29 15:44:58,196000,11.485
2026/04/29 15:44:58,197000,11.487
2026/04/29 15:44:58,198000,11.493
2026/04/29 15:44:58,199000,11.493
2026/04/29 15:44:58,200000,11.490
2026/04/29 15:44:58,201000,11.485
2026/04/29 15:44:58,202000,11.487
2026/04/29 15:44:58,203000,11.490
2026/04/29 15:44:58,204000,11.493
2026/04/29 15:44:58,205000,11.490
2026/04/29 15:44:58,206000,11.490
2026/04/29 15:44:58,207000,11.485
2026/04/29 15:44:58,208000,11.493
2026/04/29 15:44:58,209000,11.487
2026/04/29 15:44:58,210000,11.496
2026/04/29 15:44:58,211000,11.487
2026/04/29 15:44:58,212000,11.490
2026/04/29 15:44:58,213000,11.487
2026/04/29 15:44:58,214000,11.487
2026/04/29 15:44:58,215000,11.487
2026/04/29 15:44:58,216000,11.485
2026/04/29 15:44:58,217000,11.490
2026/04/29 15:44:58,218000,11.493
2026/04/29 15:44:58,219000,11.490
2026/04/29 15:44:58,220000,11.490
2026/04/29 15:44:58,221000,11.485
2026/04/29 15:44:58,222000,11.493
2026/04/29 15:44:58,223000,11.487
2026/04/29 15:44:58,224000,11.490
2026/04/29 15:44:58,225000,11.490
2026/04/29 15:44:58,226000,11.490
2026/04/29 15:44:58,227000,11.493
2026/04/29 15:44:58,228000,11.493
2026/04/29 15:44:58,229000,11.490
2026/04/29 15:44:58,230000,11.490
2026/04/29 15:44:58,231000,11.490
2026/04/29 15:44:58,232000,11.493
2026/04/29 15:44:58,233000,11.493
2026/04/29 15:44:58,234000,11.493
2026/04/29 15:44:58,235000,11.487
2026/04/29 15:44:58,236000,11.493
2026/04/29 15:44:58,237000,11.485
2026/04/29 15:44:58,238000,11.490
2026/04/29 15:44:58,239000,11.490
2026/04/29 15:44:58,240000,11.490
2026/04/29 15:44:58,241000,11.493
2026/04/29 15:44:58,242000,11.490
2026/04/29 15:44:58,243000,11.487
2026/04/29 15:44:58,244000,11.493
2026/04/29 15:44:58,245000,11.493
2026/04/29 15:44:58,246000,11.493
2026/04/29 15:44:58,247000,11.493
2026/04/29 15:44:58,248000,11.487
2026/04/29 15:44:58,249000,11.493
2026/04/29 15:44:58,250000,11.487
2026/04/29 15:44:58,251000,11.487
2026/04/29 15:44:58,252000,11.490
2026/04/29 15:44:58,253000,11.490
2026/04/29 15:44:58,254000,11.490
2026/04/29 15:44:58,255000,11.490
2026/04/29 15:44:58,256000,11.496
2026/04/29 15:44:58,257000,11.493
2026/04/29 15:44:58,258000,11.490
2026/04/29 15:44:58,259000,11.493
2026/04/29 15:44:58,260000,11.493
2026/04/29 15:44:58,261000,11.493
2026/04/29 15:44:58,262000,11.496
2026/04/29 15:44:58,263000,11.487
2026/04/29 15:44:58,264000,11.496
2026/04/29 15:44:58,265000,11.490
2026/04/29 15:44:58,266000,11.493
2026/04/29 15:44:58,267000,11.490
2026/04/29 15:44:58,268000,11.490
2026/04/29 15:44:58,269000,11.487
2026/04/29 15:44:58,270000,11.487
2026/04/29 15:44:58,271000,11.493
2026/04/29 15:44:58,272000,11.493
2026/04/29 15:44:58,273000,11.490
2026/04/29 15:44:58,274000,11.493
2026/04/29 15:44:58,275000,11.493
2026/04/29 15:44:58,276000,11.487
2026/04/29 15:44:58,277000,11.490
2026/04/29 15:44:58,278000,11.493
2026/04/29 15:44:58,279000,11.493
2026/04/29 15:44:58,280000,11.493
2026/04/29 15:44:58,281000,11.490
2026/04/29 15:44:58,282000,11.485
2026/04/29 15:44:58,283000,11.490
2026/04/29 15:44:58,284000,11.490
2026/04/29 15:44:58,285000,11.487
2026/04/29 15:44:58,286000,11.493
2026/04/29 15:44:58,287000,11.487
2026/04/29 15:44:58,288000,11.490
2026/04/29 15:44:58,289000,11.490
2026/04/29 15:44:58,290000,11.496
2026/04/29 15:44:58,291000,11.490
2026/04/29 15:44:58,292000,11.490
2026/04/29 15:44:58,293000,11.493
2026/04/29 15:44:58,294000,11.496
2026/04/29 15:44:58,295000,11.496
2026/04/29 15:44:58,296000,11.493
2026/04/29 15:44:58,297000,11.490
2026/04/29 15:44:58,298000,11.490
2026/04/29 15:44:58,299000,11.487
2026/04/29 15:44:58,300000,11.487
2026/04/29 15:44:58,301000,11.487
2026/04/29 15:44:58,302000,11.493
2026/04/29 15:44:58,303000,11.493
2026/04/29 15:44:58,304000,11.487
2026/04/29 15:44:58,305000,11.493
2026/04/29 15:44:58,306000,11.496
2026/04/29 15:44:58,307000,11.490
2026/04/29 15:44:58,308000,11.487
2026/04/29 15:44:58,309000,11.493
2026/04/29 15:44:58,310000,11.490
2026/04/29 15:44:58,311000,11.490
2026/04/29 15:44:58,312000,11.493
2026/04/29 15:44:58,313000,11.493
2026/04/29 15:44:58,314000,11.490
2026/04/29 15:44:58,315000,11.490
2026/04/29 15:44:58,316000,11.493
2026/04/29 15:44:58,317000,11.493
2026/04/29 15:44:58,318000,11.490
2026/04/29 15:44:58,319000,11.493
2026/04/29 15:44:58,320000,11.493
2026/04/29 15:44:58,321000,11.493
2026/04/29 15:44:58,322000,11.485
2026/04/29 15:44:58,323000,11.487
2026/04/29 15:44:58,324000,11.493
2026/04/29 15:44:58,325000,11.487
2026/04/29 15:44:58,326000,11.487
2026/04/29 15:44:58,327000,11.490
2026/04/29 15:44:58,328000,11.485
2026/04/29 15:44:58,329000,11.490
2026/04/29 15:44:58,330000,11.487
2026/04/29 15:44:58,331000,11.487
2026/04/29 15:44:58,332000,11.493
2026/04/29 15:44:58,333000,11.490
2026/04/29 15:44:58,334000,11.496
2026/04/29 15:44:58,335000,11.485
2026/04/29 15:44:58,336000,11.487
2026/04/29 15:44:58,337000,11.487
2026/04/29 15:44:58,338000,11.490
2026/04/29 15:44:58,339000,11.490
2026/04/29 15:44:58,340000,11.493
2026/04/29 15:44:58,341000,11.496
2026/04/29 15:44:58,342000,11.485
2026/04/29 15:44:58,343000,11.493
2026/04/29 15:44:58,344000,11.490
2026/04/29 15:44:58,345000,11.490
2026/04/29 15:44:58,346000,11.493
2026/04/29 15:44:58,347000,11.493
2026/04/29 15:44:58,348000,11.490
2026/04/29 15:44:58,349000,11.496
2026/04/29 15:44:58,350000,11.490
2026/04/29 15:44:58,351000,11.490
2026/04/29 15:44:58,352000,11.496
2026/04/29 15:44:58,353000,11.493
2026/04/29 15:44:58,354000,11.493
2026/04/29 15:44:58,355000,11.493
2026/04/29 15:44:58,356000,11.487
2026/04/29 15:44:58,357000,11.496
2026/04/29 15:44:58,358000,11.487
2026/04/29 15:44:58,359000,11.482
2026/04/29 15:44:58,360000,11.490
2026/04/29 15:44:58,361000,11.493
2026/04/29 15:44:58,362000,11.487
2026/04/29 15:44:58,363000,11.493
2026/04/29 15:44:58,364000,11.496
2026/04/29 15:44:58,365000,11.487
2026/04/29 15:44:58,366000,11.485
2026/04/29 15:44:58,367000,11.485
2026/04/29 15:44:58,368000,11.493
2026/04/29 15:44:58,369000,11.490
2026/04/29 15:44:58,370000,11.496
2026/04/29 15:44:58,371000,11.482
2026/04/29 15:44:58,372000,11.490
2026/04/29 15:44:58,373000,11.490
2026/04/29 15:44:58,374000,11.504
2026/04/29 15:44:58,375000,11.499
2026/04/29 15:44:58,376000,11.493
2026/04/29 15:44:58,377000,11.493
2026/04/29 15:44:58,378000,11.490
2026/04/29 15:44:58,379000,11.490
2026/04/29 15:44:58,380000,11.493
2026/04/29 15:44:58,381000,11.493
2026/04/29 15:44:58,382000,11.490
2026/04/29 15:44:58,383000,11.490
2026/04/29 15:44:58,384000,11.499
2026/04/29 15:44:58,385000,11.493
2026/04/29 15:44:58,386000,11.487
2026/04/29 15:44:58,387000,11.490
2026/04/29 15:44:58,388000,11.490
2026/04/29 15:44:58,389000,11.490
2026/04/29 15:44:58,390000,11.490
2026/04/29 15:44:58,391000,11.490
2026/04/29 15:44:58,392000,11.496
2026/04/29 15:44:58,393000,11.487
2026/04/29 15:44:58,394000,11.490
2026/04/29 15:44:58,395000,11.493
2026/04/29 15:44:58,396000,11.493
2026/04/29 15:44:58,397000,11.496
2026/04/29 15:44:58,398000,11.485
2026/04/29 15:44:58,399000,11.487
2026/04/29 15:44:58,400000,11.490
2026/04/29 15:44:58,401000,11.487
2026/04/29 15:44:58,402000,11.490
2026/04/29 15:44:58,403000,11.487
2026/04/29 15:44:58,404000,11.490
2026/04/29 15:44:58,405000,11.490
2026/04/29 15:44:58,406000,11.490
2026/04/29 15:44:58,407000,11.493
2026/04/29 15:44:58,408000,11.493
2026/04/29 15:44:58,409000,11.482
2026/04/29 15:44:58,410000,11.490
2026/04/29 15:44:58,411000,11.496
2026/04/29 15:44:58,412000,11.490
2026/04/29 15:44:58,413000,11.499
2026/04/29 15:44:58,414000,11.493
2026/04/29 15:44:58,415000,11.490
2026/04/29 15:44:58,416000,11.490
2026/04/29 15:44:58,417000,11.493
2026/04/29 15:44:58,418000,11.496
2026/04/29 15:44:58,419000,11.490
2026/04/29 15:44:58,420000,11.487
2026/04/29 15:44:58,421000,11.487
2026/04/29 15:44:58,422000,11.496
2026/04/29 15:44:58,423000,11.490
2026/04/29 15:44:58,424000,11.487
2026/04/29 15:44:58,425000,11.496
2026/04/29 15:44:58,426000,11.490
2026/04/29 15:44:58,427000,11.490
2026/04/29 15:44:58,428000,11.493
2026/04/29 15:44:58,429000,11.490
2026/04/29 15:44:58,430000,11.490
2026/04/29 15:44:58,431000,11.490
2026/04/29 15:44:58,432000,11.490
2026/04/29 15:44:58,433000,11.487
2026/04/29 15:44:58,434000,11.490
2026/04/29 15:44:58,435000,11.493
2026/04/29 15:44:58,436000,11.490
2026/04/29 15:44:58,437000,11.493
2026/04/29 15:44:58,438000,11.490
2026/04/29 15:44:58,439000,11.490
2026/04/29 15:44:58,440000,11.485
2026/04/29 15:44:58,441000,11.490
2026/04/29 15:44:58,442000,11.493
2026/04/29 15:44:58,443000,11.487
2026/04/29 15:44:58,444000,11.487
2026/04/29 15:44:58,445000,11.487
2026/04/29 15:44:58,446000,11.493
2026/04/29 15:44:58,447000,11.485
2026/04/29 15:44:58,448000,11.490
2026/04/29 15:44:58,449000,11.493
2026/04/29 15:44:58,450000,11.487
2026/04/29 15:44:58,451000,11.490
2026/04/29 15:44:58,452000,11.487
2026/04/29 15:44:58,453000,11.490
2026/04/29 15:44:58,454000,11.493
2026/04/29 15:44:58,455000,11.493
2026/04/29 15:44:58,456000,11.490
2026/04/29 15:44:58,457000,11.487
2026/04/29 15:44:58,458000,11.487
2026/04/29 15:44:58,459000,11.490
2026/04/29 15:44:58,460000,11.490
2026/04/29 15:44:58,461000,11.487
2026/04/29 15:44:58,462000,11.493
2026/04/29 15:44:58,463000,11.493
2026/04/29 15:44:58,464000,11.493
2026/04/29 15:44:58,465000,11.493
2026/04/29 15:44:58,466000,11.490
2026/04/29 15:44:58,467000,11.490
2026/04/29 15:44:58,468000,11.490
2026/04/29 15:44:58,469000,11.487
2026/04/29 15:44:58,470000,11.490
2026/04/29 15:44:58,471000,11.487
2026/04/29 15:44:58,472000,11.493
2026/04/29 15:44:58,473000,11.490
2026/04/29 15:44:58,474000,11.487
2026/04/29 15:44:58,475000,11.487
2026/04/29 15:44:58,476000,11.487
2026/04/29 15:44:58,477000,11.496
2026/04/29 15:44:58,478000,11.487
2026/04/29 15:44:58,479000,11.490
2026/04/29 15:44:58,480000,11.485
2026/04/29 15:44:58,481000,11.485
2026/04/29 15:44:58,482000,11.487
2026/04/29 15:44:58,483000,11.487
2026/04/29 15:44:58,484000,11.493
2026/04/29 15:44:58,485000,11.490
2026/04/29 15:44:58,486000,11.490
2026/04/29 15:44:58,487000,11.493
2026/04/29 15:44:58,488000,11.485
2026/04/29 15:44:58,489000,11.487
2026/04/29 15:44:58,490000,11.487
2026/04/29 15:44:58,491000,11.493
2026/04/29 15:44:58,492000,11.482
2026/04/29 15:44:58,493000,11.493
2026/04/29 15:44:58,494000,11.493
2026/04/29 15:44:58,495000,11.487
2026/04/29 15:44:58,496000,11.487
2026/04/29 15:44:58,497000,11.493
2026/04/29 15:44:58,498000,11.487
2026/04/29 15:44:58,499000,11.493
2026/04/29 15:44:58,500000,11.493
2026/04/29 15:44:58,501000,11.490
2026/04/29 15:44:58,502000,11.485
2026/04/29 15:44:58,503000,11.501
2026/04/29 15:44:58,504000,11.490
2026/04/29 15:44:58,505000,11.487
2026/04/29 15:44:58,506000,11.490
2026/04/29 15:44:58,507000,11.496
2026/04/29 15:44:58,508000,11.490
2026/04/29 15:44:58,509000,11.493
2026/04/29 15:44:58,510000,11.487
2026/04/29 15:44:58,511000,11.485
2026/04/29 15:44:58,512000,11.493
2026/04/29 15:44:58,513000,11.493
2026/04/29 15:44:58,514000,11.493
2026/04/29 15:44:58,515000,11.496
2026/04/29 15:44:58,516000,11.490
2026/04/29 15:44:58,517000,11.490
2026/04/29 15:44:58,518000,11.493
2026/04/29 15:44:58,519000,11.493
2026/04/29 15:44:58,520000,11.487
2026/04/29 15:44:58,521000,11.496
2026/04/29 15:44:58,522000,11.490
2026/04/29 15:44:58,523000,11.490
2026/04/29 15:44:58,524000,11.490
2026/04/29 15:44:58,525000,11.490
2026/04/29 15:44:58,526000,11.493
2026/04/29 15:44:58,527000,11.493
2026/04/29 15:44:58,528000,11.493
2026/04/29 15:44:58,529000,11.487
2026/04/29 15:44:58,530000,11.493
2026/04/29 15:44:58,531000,11.493
2026/04/29 15:44:58,532000,11.490
2026/04/29 15:44:58,533000,11.487
2026/04/29 15:44:58,534000,11.490
2026/04/29 15:44:58,535000,11.493
2026/04/29 15:44:58,536000,11.493
2026/04/29 15:44:58,537000,11.493
2026/04/29 15:44:58,538000,11.487
2026/04/29 15:44:58,539000,11.487
2026/04/29 15:44:58,540000,11.490
2026/04/29 15:44:58,541000,11.485
2026/04/29 15:44:58,542000,11.485
2026/04/29 15:44:58,543000,11.490
2026/04/29 15:44:58,544000,11.487
2026/04/29 15:44:58,545000,11.490
2026/04/29 15:44:58,546000,11.496
2026/04/29 15:44:58,547000,11.496
2026/04/29 15:44:58,548000,11.493
2026/04/29 15:44:58,549000,11.490
2026/04/29 15:44:58,550000,11.493
2026/04/29 15:44:58,551000,11.490
2026/04/29 15:44:58,552000,11.493
2026/04/29 15:44:58,553000,11.487
2026/04/29 15:44:58,554000,11.490
2026/04/29 15:44:58,555000,11.487
2026/04/29 15:44:58,556000,11.487
2026/04/29 15:44:58,557000,11.490
2026/04/29 15:44:58,558000,11.490
2026/04/29 15:44:58,559000,11.490
2026/04/29 15:44:58,560000,11.487
2026/04/29 15:44:58,561000,11.490
2026/04/29 15:44:58,562000,11.490
2026/04/29 15:44:58,563000,11.487
2026/04/29 15:44:58,564000,11.493
2026/04/29 15:44:58,565000,11.490
2026/04/29 15:44:58,566000,11.490
2026/04/29 15:44:58,567000,11.482
2026/04/29 15:44:58,568000,11.490
2026/04/29 15:44:58,569000,11.490
2026/04/29 15:44:58,570000,11.487
2026/04/29 15:44:58,571000,11.487
2026/04/29 15:44:58,572000,11.496
2026/04/29 15:44:58,573000,11.487
2026/04/29 15:44:58,574000,11.487
2026/04/29 15:44:58,575000,11.493
2026/04/29 15:44:58,576000,11.493
2026/04/29 15:44:58,577000,11.490
2026/04/29 15:44:58,578000,11.490
2026/04/29 15:44:58,579000,11.493
2026/04/29 15:44:58,580000,11.490
2026/04/29 15:44:58,581000,11.490
2026/04/29 15:44:58,582000,11.493
2026/04/29 15:44:58,583000,11.490
2026/04/29 15:44:58,584000,11.485
2026/04/29 15:44:58,585000,11.485
2026/04/29 15:44:58,586000,11.487
2026/04/29 15:44:58,587000,11.490
2026/04/29 15:44:58,588000,11.490
2026/04/29 15:44:58,589000,11.485
2026/04/29 15:44:58,590000,11.490
2026/04/29 15:44:58,591000,11.493
2026/04/29 15:44:58,592000,11.493
2026/04/29 15:44:58,593000,11.490
2026/04/29 15:44:58,594000,11.487
2026/04/29 15:44:58,595000,11.499
2026/04/29 15:44:58,596000,11.493
2026/04/29 15:44:58,597000,11.493
2026/04/29 15:44:58,598000,11.490
2026/04/29 15:44:58,599000,11.490
2026/04/29 15:44:58,600000,11.485
2026/04/29 15:44:58,601000,11.487
2026/04/29 15:44:58,602000,11.485
2026/04/29 15:44:58,603000,11.493
2026/04/29 15:44:58,604000,11.490
2026/04/29 15:44:58,605000,11.493
2026/04/29 15:44:58,606000,11.487
2026/04/29 15:44:58,607000,11.490
2026/04/29 15:44:58,608000,11.493
2026/04/29 15:44:58,609000,11.490
2026/04/29 15:44:58,610000,11.493
2026/04/29 15:44:58,611000,11.496
2026/04/29 15:44:58,612000,11.493
2026/04/29 15:44:58,613000,11.490
2026/04/29 15:44:58,614000,11.499
2026/04/29 15:44:58,615000,11.493
2026/04/29 15:44:58,616000,11.482
2026/04/29 15:44:58,617000,11.490
2026/04/29 15:44:58,618000,11.493
2026/04/29 15:44:58,619000,11.490
2026/04/29 15:44:58,620000,11.490
2026/04/29 15:44:58,621000,11.490
2026/04/29 15:44:58,622000,11.490
2026/04/29 15:44:58,623000,11.490
2026/04/29 15:44:58,624000,11.493
2026/04/29 15:44:58,625000,11.493
2026/04/29 15:44:58,626000,11.496
2026/04/29 15:44:58,627000,11.487
2026/04/29 15:44:58,628000,11.487
2026/04/29 15:44:58,629000,11.490
2026/04/29 15:44:58,630000,11.493
2026/04/29 15:44:58,631000,11.490
2026/04/29 15:44:58,632000,11.485
2026/04/29 15:44:58,633000,11.496
2026/04/29 15:44:58,634000,11.487
2026/04/29 15:44:58,635000,11.493
2026/04/29 15:44:58,636000,11.493
2026/04/29 15:44:58,637000,11.485
2026/04/29 15:44:58,638000,11.490
2026/04/29 15:44:58,639000,11.490
2026/04/29 15:44:58,640000,11.493
2026/04/29 15:44:58,641000,11.490
2026/04/29 15:44:58,642000,11.487
2026/04/29 15:44:58,643000,11.485
2026/04/29 15:44:58,644000,11.493
2026/04/29 15:44:58,645000,11.493
2026/04/29 15:44:58,646000,11.490
2026/04/29 15:44:58,647000,11.493
2026/04/29 15:44:58,648000,11.490
2026/04/29 15:44:58,649000,11.493
2026/04/29 15:44:58,650000,11.490
2026/04/29 15:44:58,651000,11.485
2026/04/29 15:44:58,652000,11.490
2026/04/29 15:44:58,653000,11.490
2026/04/29 15:44:58,654000,11.493
2026/04/29 15:44:58,655000,11.499
2026/04/29 15:44:58,656000,11.496
2026/04/29 15:44:58,657000,11.490
2026/04/29 15:44:58,658000,11.493
2026/04/29 15:44:58,659000,11.490
2026/04/29 15:44:58,660000,11.496
2026/04/29 15:44:58,661000,11.487
2026/04/29 15:44:58,662000,11.482
2026/04/29 15:44:58,663000,11.490
2026/04/29 15:44:58,664000,11.490
2026/04/29 15:44:58,665000,11.493
2026/04/29 15:44:58,666000,11.490
2026/04/29 15:44:58,667000,11.487
2026/04/29 15:44:58,668000,11.487
2026/04/29 15:44:58,669000,11.487
2026/04/29 15:44:58,670000,11.493
2026/04/29 15:44:58,671000,11.493
2026/04/29 15:44:58,672000,11.490
2026/04/29 15:44:58,673000,11.487
2026/04/29 15:44:58,674000,11.493
2026/04/29 15:44:58,675000,11.493
2026/04/29 15:44:58,676000,11.487
2026/04/29 15:44:58,677000,11.487
2026/04/29 15:44:58,678000,11.490
2026/04/29 15:44:58,679000,11.487
2026/04/29 15:44:58,680000,11.487
2026/04/29 15:44:58,681000,11.487
2026/04/29 15:44:58,682000,11.490
2026/04/29 15:44:58,683000,11.490
2026/04/29 15:44:58,684000,11.493
2026/04/29 15:44:58,685000,11.493
2026/04/29 15:44:58,686000,11.487
2026/04/29 15:44:58,687000,11.487
2026/04/29 15:44:58,688000,11.485
2026/04/29 15:44:58,689000,11.493
2026/04/29 15:44:58,690000,11.490
2026/04/29 15:44:58,691000,11.482
2026/04/29 15:44:58,692000,11.493
2026/04/29 15:44:58,693000,11.487
2026/04/29 15:44:58,694000,11.496
2026/04/29 15:44:58,695000,11.496
2026/04/29 15:44:58,696000,11.493
2026/04/29 15:44:58,697000,11.487
2026/04/29 15:44:58,698000,11.490
2026/04/29 15:44:58,699000,11.485
2026/04/29 15:44:58,700000,11.490
2026/04/29 15:44:58,701000,11.490
2026/04/29 15:44:58,702000,11.496
2026/04/29 15:44:58,703000,11.493
2026/04/29 15:44:58,704000,11.487
2026/04/29 15:44:58,705000,11.490
2026/04/29 15:44:58,706000,11.490
2026/04/29 15:44:58,707000,11.496
2026/04/29 15:44:58,708000,11.490
2026/04/29 15:44:58,709000,11.487
2026/04/29 15:44:58,710000,11.490
2026/04/29 15:44:58,711000,11.490
2026/04/29 15:44:58,712000,11.490
2026/04/29 15:44:58,713000,11.482
2026/04/29 15:44:58,714000,11.493
2026/04/29 15:44:58,715000,11.485
2026/04/29 15:44:58,716000,11.485
2026/04/29 15:44:58,717000,11.487
2026/04/29 15:44:58,718000,11.493
2026/04/29 15:44:58,719000,11.487
2026/04/29 15:44:58,720000,11.490
2026/04/29 15:44:58,721000,11.487
2026/04/29 15:44:58,722000,11.493
2026/04/29 15:44:58,723000,11.490
2026/04/29 15:44:58,724000,11.487
2026/04/29 15:44:58,725000,11.490
2026/04/29 15:44:58,726000,11.493
2026/04/29 15:44:58,727000,11.496
2026/04/29 15:44:58,728000,11.487
2026/04/29 15:44:58,729000,11.487
2026/04/29 15:44:58,730000,11.490
2026/04/29 15:44:58,731000,11.490
2026/04/29 15:44:58,732000,11.482
2026/04/29 15:44:58,733000,11.490
2026/04/29 15:44:58,734000,11.487
2026/04/29 15:44:58,735000,11.493
2026/04/29 15:44:58,736000,11.487
2026/04/29 15:44:58,737000,11.487
2026/04/29 15:44:58,738000,11.485
2026/04/29 15:44:58,739000,11.490
2026/04/29 15:44:58,740000,11.487
2026/04/29 15:44:58,741000,11.490
2026/04/29 15:44:58,742000,11.490
2026/04/29 15:44:58,743000,11.490
2026/04/29 15:44:58,744000,11.493
2026/04/29 15:44:58,745000,11.482
2026/04/29 15:44:58,746000,11.493
2026/04/29 15:44:58,747000,11.490
2026/04/29 15:44:58,748000,11.485
2026/04/29 15:44:58,749000,11.493
2026/04/29 15:44:58,750000,11.493
2026/04/29 15:44:58,751000,11.482
2026/04/29 15:44:58,752000,11.490
2026/04/29 15:44:58,753000,11.493
2026/04/29 15:44:58,754000,11.490
2026/04/29 15:44:58,755000,11.490
2026/04/29 15:44:58,756000,11.490
2026/04/29 15:44:58,757000,11.487
2026/04/29 15:44:58,758000,11.487
2026/04/29 15:44:58,759000,11.490
2026/04/29 15:44:58,760000,11.490
2026/04/29 15:44:58,761000,11.490
2026/04/29 15:44:58,762000,11.487
2026/04/29 15:44:58,763000,11.493
2026/04/29 15:44:58,764000,11.487
2026/04/29 15:44:58,765000,11.487
2026/04/29 15:44:58,766000,11.485
2026/04/29 15:44:58,767000,11.490
2026/04/29 15:44:58,768000,11.485
2026/04/29 15:44:58,769000,11.490
2026/04/29 15:44:58,770000,11.487
2026/04/29 15:44:58,771000,11.490
2026/04/29 15:44:58,772000,11.490
2026/04/29 15:44:58,773000,11.493
2026/04/29 15:44:58,774000,11.487
2026/04/29 15:44:58,775000,11.487
2026/04/29 15:44:58,776000,11.490
2026/04/29 15:44:58,777000,11.485
2026/04/29 15:44:58,778000,11.487
2026/04/29 15:44:58,779000,11.490
2026/04/29 15:44:58,780000,11.485
2026/04/29 15:44:58,781000,11.485
2026/04/29 15:44:58,782000,11.487
2026/04/29 15:44:58,783000,11.485
2026/04/29 15:44:58,784000,11.487
2026/04/29 15:44:58,785000,11.490
2026/04/29 15:44:58,786000,11.490
2026/04/29 15:44:58,787000,11.493
2026/04/29 15:44:58,788000,11.493
2026/04/29 15:44:58,789000,11.490
2026/04/29 15:44:58,790000,11.482
2026/04/29 15:44:58,791000,11.487
2026/04/29 15:44:58,792000,11.490
2026/04/29 15:44:58,793000,11.490
2026/04/29 15:44:58,794000,11.493
2026/04/29 15:44:58,795000,11.493
2026/04/29 15:44:58,796000,11.487
2026/04/29 15:44:58,797000,11.487
2026/04/29 15:44:58,798000,11.490
2026/04/29 15:44:58,799000,11.487
2026/04/29 15:44:58,800000,11.490
2026/04/29 15:44:58,801000,11.487
2026/04/29 15:44:58,802000,11.496
2026/04/29 15:44:58,803000,11.485
2026/04/29 15:44:58,804000,11.485
2026/04/29 15:44:58,805000,11.482
2026/04/29 15:44:58,806000,11.490
2026/04/29 15:44:58,807000,11.490
2026/04/29 15:44:58,808000,11.490
2026/04/29 15:44:58,809000,11.493
2026/04/29 15:44:58,810000,11.479
2026/04/29 15:44:58,811000,11.487
2026/04/29 15:44:58,812000,11.482
2026/04/29 15:44:58,813000,11.493
2026/04/29 15:44:58,814000,11.493
2026/04/29 15:44:58,815000,11.493
2026/04/29 15:44:58,816000,11.490
2026/04/29 15:44:58,817000,11.493
2026/04/29 15:44:58,818000,11.487
2026/04/29 15:44:58,819000,11.493
2026/04/29 15:44:58,820000,11.493
2026/04/29 15:44:58,821000,11.499
2026/04/29 15:44:58,822000,11.493
2026/04/29 15:44:58,823000,11.487
2026/04/29 15:44:58,824000,11.493
2026/04/29 15:44:58,825000,11.487
2026/04/29 15:44:58,826000,11.490
2026/04/29 15:44:58,827000,11.487
2026/04/29 15:44:58,828000,11.490
2026/04/29 15:44:58,829000,11.487
2026/04/29 15:44:58,830000,11.490
2026/04/29 15:44:58,831000,11.490
2026/04/29 15:44:58,832000,11.490
2026/04/29 15:44:58,833000,11.487
2026/04/29 15:44:58,834000,11.485
2026/04/29 15:44:58,835000,11.490
2026/04/29 15:44:58,836000,11.490
2026/04/29 15:44:58,837000,11.493
2026/04/29 15:44:58,838000,11.490
2026/04/29 15:44:58,839000,11.487
2026/04/29 15:44:58,840000,11.496
2026/04/29 15:44:58,841000,11.493
2026/04/29 15:44:58,842000,11.490
2026/04/29 15:44:58,843000,11.485
2026/04/29 15:44:58,844000,11.493
2026/04/29 15:44:58,845000,11.487
2026/04/29 15:44:58,846000,11.487
2026/04/29 15:44:58,847000,11.487
2026/04/29 15:44:58,848000,11.496
2026/04/29 15:44:58,849000,11.496
2026/04/29 15:44:58,850000,11.490
2026/04/29 15:44:58,851000,11.487
2026/04/29 15:44:58,852000,11.490
2026/04/29 15:44:58,853000,11.487
2026/04/29 15:44:58,854000,11.493
2026/04/29 15:44:58,855000,11.493
2026/04/29 15:44:58,856000,11.493
2026/04/29 15:44:58,857000,11.487
2026/04/29 15:44:58,858000,11.487
2026/04/29 15:44:58,859000,11.490
2026/04/29 15:44:58,860000,11.490
2026/04/29 15:44:58,861000,11.493
2026/04/29 15:44:58,862000,11.487
2026/04/29 15:44:58,863000,11.487
2026/04/29 15:44:58,864000,11.490
2026/04/29 15:44:58,865000,11.490
2026/04/29 15:44:58,866000,11.493
2026/04/29 15:44:58,867000,11.493
2026/04/29 15:44:58,868000,11.487
2026/04/29 15:44:58,869000,11.493
2026/04/29 15:44:58,870000,11.493
2026/04/29 15:44:58,871000,11.485
2026/04/29 15:44:58,872000,11.487
2026/04/29 15:44:58,873000,11.490
2026/04/29 15:44:58,874000,11.490
2026/04/29 15:44:58,875000,11.496
2026/04/29 15:44:58,876000,11.490
2026/04/29 15:44:58,877000,11.496
2026/04/29 15:44:58,878000,11.493
2026/04/29 15:44:58,879000,11.487
2026/04/29 15:44:58,880000,11.487
2026/04/29 15:44:58,881000,11.487
2026/04/29 15:44:58,882000,11.487
2026/04/29 15:44:58,883000,11.493
2026/04/29 15:44:58,884000,11.493
2026/04/29 15:44:58,885000,11.493
2026/04/29 15:44:58,886000,11.490
2026/04/29 15:44:58,887000,11.490
2026/04/29 15:44:58,888000,11.490
2026/04/29 15:44:58,889000,11.493
2026/04/29 15:44:58,890000,11.485
2026/04/29 15:44:58,891000,11.490
2026/04/29 15:44:58,892000,11.490
2026/04/29 15:44:58,893000,11.493
2026/04/29 15:44:58,894000,11.485
2026/04/29 15:44:58,895000,11.487
2026/04/29 15:44:58,896000,11.487
2026/04/29 15:44:58,897000,11.493
2026/04/29 15:44:58,898000,11.482
2026/04/29 15:44:58,899000,11.490
2026/04/29 15:44:58,900000,11.496
2026/04/29 15:44:58,901000,11.490
2026/04/29 15:44:58,902000,11.490
2026/04/29 15:44:58,903000,11.487
2026/04/29 15:44:58,904000,11.499
2026/04/29 15:44:58,905000,11.493
2026/04/29 15:44:58,906000,11.493
2026/04/29 15:44:58,907000,11.493
2026/04/29 15:44:58,908000,11.496
2026/04/29 15:44:58,909000,11.493
2026/04/29 15:44:58,910000,11.496
2026/04/29 15:44:58,911000,11.485
2026/04/29 15:44:58,912000,11.493
2026/04/29 15:44:58,913000,11.487
2026/04/29 15:44:58,914000,11.490
2026/04/29 15:44:58,915000,11.487
2026/04/29 15:44:58,916000,11.487
2026/04/29 15:44:58,917000,11.485
2026/04/29 15:44:58,918000,11.493
2026/04/29 15:44:58,919000,11.490
2026/04/29 15:44:58,920000,11.490
2026/04/29 15:44:58,921000,11.493
2026/04/29 15:44:58,922000,11.487
2026/04/29 15:44:58,923000,11.493
2026/04/29 15:44:58,924000,11.493
2026/04/29 15:44:58,925000,11.490
2026/04/29 15:44:58,926000,11.493
2026/04/29 15:44:58,927000,11.490
2026/04/29 15:44:58,928000,11.493
2026/04/29 15:44:58,929000,11.493
2026/04/29 15:44:58,930000,11.490
2026/04/29 15:44:58,931000,11.487
2026/04/29 15:44:58,932000,11.490
2026/04/29 15:44:58,933000,11.493
2026/04/29 15:44:58,934000,11.487
2026/04/29 15:44:58,935000,11.490
2026/04/29 15:44:58,936000,11.493
2026/04/29 15:44:58,937000,11.490
2026/04/29 15:44:58,938000,11.493
2026/04/29 15:44:58,939000,11.490
2026/04/29 15:44:58,940000,11.490
2026/04/29 15:44:58,941000,11.493
2026/04/29 15:44:58,942000,11.490
2026/04/29 15:44:58,943000,11.493
2026/04/29 15:44:58,944000,11.490
2026/04/29 15:44:58,945000,11.493
2026/04/29 15:44:58,946000,11.496
2026/04/29 15:44:58,947000,11.490
2026/04/29 15:44:58,948000,11.485
2026/04/29 15:44:58,949000,11.490
2026/04/29 15:44:58,950000,11.493
2026/04/29 15:44:58,951000,11.485
2026/04/29 15:44:58,952000,11.490
2026/04/29 15:44:58,953000,11.490
2026/04/29 15:44:58,954000,11.490
2026/04/29 15:44:58,955000,11.493
2026/04/29 15:44:58,956000,11.493
2026/04/29 15:44:58,957000,11.490
2026/04/29 15:44:58,958000,11.493
2026/04/29 15:44:58,959000,11.485
2026/04/29 15:44:58,960000,11.490
2026/04/29 15:44:58,961000,11.490
2026/04/29 15:44:58,962000,11.496
2026/04/29 15:44:58,963000,11.493
2026/04/29 15:44:58,964000,11.501
2026/04/29 15:44:58,965000,11.490
2026/04/29 15:44:58,966000,11.493
2026/04/29 15:44:58,967000,11.490
2026/04/29 15:44:58,968000,11.493
2026/04/29 15:44:58,969000,11.485
2026/04/29 15:44:58,970000,11.487
2026/04/29 15:44:58,971000,11.487
2026/04/29 15:44:58,972000,11.487
2026/04/29 15:44:58,973000,11.487
2026/04/29 15:44:58,974000,11.482
2026/04/29 15:44:58,975000,11.493
2026/04/29 15:44:58,976000,11.485
2026/04/29 15:44:58,977000,11.501
2026/04/29 15:44:58,978000,11.493
2026/04/29 15:44:58,979000,11.496
2026/04/29 15:44:58,980000,11.493
2026/04/29 15:44:58,981000,11.490
2026/04/29 15:44:58,982000,11.496
2026/04/29 15:44:58,983000,11.496
2026/04/29 15:44:58,984000,11.490
2026/04/29 15:44:58,985000,11.490
2026/04/29 15:44:58,986000,11.487
2026/04/29 15:44:58,987000,11.496
2026/04/29 15:44:58,988000,11.490
2026/04/29 15:44:58,989000,11.493
2026/04/29 15:44:58,990000,11.493
2026/04/29 15:44:58,991000,11.493
2026/04/29 15:44:58,992000,11.493
2026/04/29 15:44:58,993000,11.487
2026/04/29 15:44:58,994000,11.490
2026/04/29 15:44:58,995000,11.490
2026/04/29 15:44:58,996000,11.493
2026/04/29 15:44:58,997000,11.496
2026/04/29 15:44:58,998000,11.485
2026/04/29 15:44:58,999000,11.487
2026/04/29 15:44:59,000000,11.493
2026/04/29 15:44:59,001000,11.493
2026/04/29 15:44:59,002000,11.490
2026/04/29 15:44:59,003000,11.493
2026/04/29 15:44:59,004000,11.493
2026/04/29 15:44:59,005000,11.490
2026/04/29 15:44:59,006000,11.490
2026/04/29 15:44:59,007000,11.496
2026/04/29 15:44:59,008000,11.490
2026/04/29 15:44:59,009000,11.490
2026/04/29 15:44:59,010000,11.493
2026/04/29 15:44:59,011000,11.487
2026/04/29 15:44:59,012000,11.487
2026/04/29 15:44:59,013000,11.493
2026/04/29 15:44:59,014000,11.487
2026/04/29 15:44:59,015000,11.493
2026/04/29 15:44:59,016000,11.493
2026/04/29 15:44:59,017000,11.490
2026/04/29 15:44:59,018000,11.490
2026/04/29 15:44:59,019000,11.493
2026/04/29 15:44:59,020000,11.493
2026/04/29 15:44:59,021000,11.493
2026/04/29 15:44:59,022000,11.490
2026/04/29 15:44:59,023000,11.487
2026/04/29 15:44:59,024000,11.493
2026/04/29 15:44:59,025000,11.493
2026/04/29 15:44:59,026000,11.487
2026/04/29 15:44:59,027000,11.490
2026/04/29 15:44:59,028000,11.493
2026/04/29 15:44:59,029000,11.490
2026/04/29 15:44:59,030000,11.490
2026/04/29 15:44:59,031000,11.487
2026/04/29 15:44:59,032000,11.496
2026/04/29 15:44:59,033000,11.487
2026/04/29 15:44:59,034000,11.496
2026/04/29 15:44:59,035000,11.490
2026/04/29 15:44:59,036000,11.487
2026/04/29 15:44:59,037000,11.493
2026/04/29 15:44:59,038000,11.487
2026/04/29 15:44:59,039000,11.490
2026/04/29 15:44:59,040000,11.493
2026/04/29 15:44:59,041000,11.490
2026/04/29 15:44:59,042000,11.490
2026/04/29 15:44:59,043000,11.496
2026/04/29 15:44:59,044000,11.487
2026/04/29 15:44:59,045000,11.493
2026/04/29 15:44:59,046000,11.493
2026/04/29 15:44:59,047000,11.496
2026/04/29 15:44:59,048000,11.487
2026/04/29 15:44:59,049000,11.493
2026/04/29 15:44:59,050000,11.499
2026/04/29 15:44:59,051000,11.487
2026/04/29 15:44:59,052000,11.487
2026/04/29 15:44:59,053000,11.490
2026/04/29 15:44:59,054000,11.496
2026/04/29 15:44:59,055000,11.493
2026/04/29 15:44:59,056000,11.493
2026/04/29 15:44:59,057000,11.493
2026/04/29 15:44:59,058000,11.493
2026/04/29 15:44:59,059000,11.487
2026/04/29 15:44:59,060000,11.490
2026/04/29 15:44:59,061000,11.490
2026/04/29 15:44:59,062000,11.487
2026/04/29 15:44:59,063000,11.490
2026/04/29 15:44:59,064000,11.487
2026/04/29 15:44:59,065000,11.490
2026/04/29 15:44:59,066000,11.490
2026/04/29 15:44:59,067000,11.490
2026/04/29 15:44:59,068000,11.487
2026/04/29 15:44:59,069000,11.487
2026/04/29 15:44:59,070000,11.496
2026/04/29 15:44:59,071000,11.493
2026/04/29 15:44:59,072000,11.490
2026/04/29 15:44:59,073000,11.490
2026/04/29 15:44:59,074000,11.493
2026/04/29 15:44:59,075000,11.487
2026/04/29 15:44:59,076000,11.493
2026/04/29 15:44:59,077000,11.485
2026/04/29 15:44:59,078000,11.493
2026/04/29 15:44:59,079000,11.487
2026/04/29 15:44:59,080000,11.485
2026/04/29 15:44:59,081000,11.487
2026/04/29 15:44:59,082000,11.490
2026/04/29 15:44:59,083000,11.490
2026/04/29 15:44:59,084000,11.493
2026/04/29 15:44:59,085000,11.493
2026/04/29 15:44:59,086000,11.487
2026/04/29 15:44:59,087000,11.493
2026/04/29 15:44:59,088000,11.490
2026/04/29 15:44:59,089000,11.487
2026/04/29 15:44:59,090000,11.499
2026/04/29 15:44:59,091000,11.493
2026/04/29 15:44:59,092000,11.490
2026/04/29 15:44:59,093000,11.490
2026/04/29 15:44:59,094000,11.493
2026/04/29 15:44:59,095000,11.493
2026/04/29 15:44:59,096000,11.490
2026/04/29 15:44:59,097000,11.487
2026/04/29 15:44:59,098000,11.490
2026/04/29 15:44:59,099000,11.487
2026/04/29 15:44:59,100000,11.496
2026/04/29 15:44:59,101000,11.487
2026/04/29 15:44:59,102000,11.487
2026/04/29 15:44:59,103000,11.493
2026/04/29 15:44:59,104000,11.490
2026/04/29 15:44:59,105000,11.487
2026/04/29 15:44:59,106000,11.487
2026/04/29 15:44:59,107000,11.496
2026/04/29 15:44:59,108000,11.487
2026/04/29 15:44:59,109000,11.493
2026/04/29 15:44:59,110000,11.493
2026/04/29 15:44:59,111000,11.493
2026/04/29 15:44:59,112000,11.493
2026/04/29 15:44:59,113000,11.493
2026/04/29 15:44:59,114000,11.487
2026/04/29 15:44:59,115000,11.487
2026/04/29 15:44:59,116000,11.493
2026/04/29 15:44:59,117000,11.496
2026/04/29 15:44:59,118000,11.490
2026/04/29 15:44:59,119000,11.496
2026/04/29 15:44:59,120000,11.490
2026/04/29 15:44:59,121000,11.487
2026/04/29 15:44:59,122000,11.485
2026/04/29 15:44:59,123000,11.493
2026/04/29 15:44:59,124000,11.493
2026/04/29 15:44:59,125000,11.493
2026/04/29 15:44:59,126000,11.485
2026/04/29 15:44:59,127000,11.490
2026/04/29 15:44:59,128000,11.493
2026/04/29 15:44:59,129000,11.490
2026/04/29 15:44:59,130000,11.493
2026/04/29 15:44:59,131000,11.482
2026/04/29 15:44:59,132000,11.490
2026/04/29 15:44:59,133000,11.490
2026/04/29 15:44:59,134000,11.493
2026/04/29 15:44:59,135000,11.490
2026/04/29 15:44:59,136000,11.490
2026/04/29 15:44:59,137000,11.493
2026/04/29 15:44:59,138000,11.487
2026/04/29 15:44:59,139000,11.490
2026/04/29 15:44:59,140000,11.490
2026/04/29 15:44:59,141000,11.493
2026/04/29 15:44:59,142000,11.490
2026/04/29 15:44:59,143000,11.482
2026/04/29 15:44:59,144000,11.490
2026/04/29 15:44:59,145000,11.493
2026/04/29 15:44:59,146000,11.490
2026/04/29 15:44:59,147000,11.487
2026/04/29 15:44:59,148000,11.490
2026/04/29 15:44:59,149000,11.490
2026/04/29 15:44:59,150000,11.493
2026/04/29 15:44:59,151000,11.490
2026/04/29 15:44:59,152000,11.493
2026/04/29 15:44:59,153000,11.487
2026/04/29 15:44:59,154000,11.485
2026/04/29 15:44:59,155000,11.493
2026/04/29 15:44:59,156000,11.490
2026/04/29 15:44:59,157000,11.493
2026/04/29 15:44:59,158000,11.487
2026/04/29 15:44:59,159000,11.493
2026/04/29 15:44:59,160000,11.496
2026/04/29 15:44:59,161000,11.485
2026/04/29 15:44:59,162000,11.487
2026/04/29 15:44:59,163000,11.487
2026/04/29 15:44:59,164000,11.487
2026/04/29 15:44:59,165000,11.487
2026/04/29 15:44:59,166000,11.496
2026/04/29 15:44:59,167000,11.493
2026/04/29 15:44:59,168000,11.490
2026/04/29 15:44:59,169000,11.493
2026/04/29 15:44:59,170000,11.490
2026/04/29 15:44:59,171000,11.490
2026/04/29 15:44:59,172000,11.493
2026/04/29 15:44:59,173000,11.490
2026/04/29 15:44:59,174000,11.490
2026/04/29 15:44:59,175000,11.490
2026/04/29 15:44:59,176000,11.487
2026/04/29 15:44:59,177000,11.490
2026/04/29 15:44:59,178000,11.482
2026/04/29 15:44:59,179000,11.482
2026/04/29 15:44:59,180000,11.490
2026/04/29 15:44:59,181000,11.487
2026/04/29 15:44:59,182000,11.493
2026/04/29 15:44:59,183000,11.493
2026/04/29 15:44:59,184000,11.493
2026/04/29 15:44:59,185000,11.490
2026/04/29 15:44:59,186000,11.493
2026/04/29 15:44:59,187000,11.490
2026/04/29 15:44:59,188000,11.485
2026/04/29 15:44:59,189000,11.490
2026/04/29 15:44:59,190000,11.487
2026/04/29 15:44:59,191000,11.490
2026/04/29 15:44:59,192000,11.490
2026/04/29 15:44:59,193000,11.496
2026/04/29 15:44:59,194000,11.493
2026/04/29 15:44:59,195000,11.485
2026/04/29 15:44:59,196000,11.490
2026/04/29 15:44:59,197000,11.493
2026/04/29 15:44:59,198000,11.490
2026/04/29 15:44:59,199000,11.490
2026/04/29 15:44:59,200000,11.493
2026/04/29 15:44:59,201000,11.490
2026/04/29 15:44:59,202000,11.496
2026/04/29 15:44:59,203000,11.487
2026/04/29 15:44:59,204000,11.485
2026/04/29 15:44:59,205000,11.493
2026/04/29 15:44:59,206000,11.490
2026/04/29 15:44:59,207000,11.493
2026/04/29 15:44:59,208000,11.487
2026/04/29 15:44:59,209000,11.493
2026/04/29 15:44:59,210000,11.482
2026/04/29 15:44:59,211000,11.493
2026/04/29 15:44:59,212000,11.487
2026/04/29 15:44:59,213000,11.490
2026/04/29 15:44:59,214000,11.490
2026/04/29 15:44:59,215000,11.493
2026/04/29 15:44:59,216000,11.490
2026/04/29 15:44:59,217000,11.493
2026/04/29 15:44:59,218000,11.490
2026/04/29 15:44:59,219000,11.490
2026/04/29 15:44:59,220000,11.490
2026/04/29 15:44:59,221000,11.490
2026/04/29 15:44:59,222000,11.493
2026/04/29 15:44:59,223000,11.490
2026/04/29 15:44:59,224000,11.487
2026/04/29 15:44:59,225000,11.487
2026/04/29 15:44:59,226000,11.490
2026/04/29 15:44:59,227000,11.493
2026/04/29 15:44:59,228000,11.490
2026/04/29 15:44:59,229000,11.485
2026/04/29 15:44:59,230000,11.493
2026/04/29 15:44:59,231000,11.490
2026/04/29 15:44:59,232000,11.493
2026/04/29 15:44:59,233000,11.504
2026/04/29 15:44:59,234000,11.490
2026/04/29 15:44:59,235000,11.490
2026/04/29 15:44:59,236000,11.487
2026/04/29 15:44:59,237000,11.493
2026/04/29 15:44:59,238000,11.487
2026/04/29 15:44:59,239000,11.490
2026/04/29 15:44:59,240000,11.493
2026/04/29 15:44:59,241000,11.482
2026/04/29 15:44:59,242000,11.487
2026/04/29 15:44:59,243000,11.482
2026/04/29 15:44:59,244000,11.485
2026/04/29 15:44:59,245000,11.490
2026/04/29 15:44:59,246000,11.496
2026/04/29 15:44:59,247000,11.485
2026/04/29 15:44:59,248000,11.487
2026/04/29 15:44:59,249000,11.490
2026/04/29 15:44:59,250000,11.487
2026/04/29 15:44:59,251000,11.493
2026/04/29 15:44:59,252000,11.487
2026/04/29 15:44:59,253000,11.490
2026/04/29 15:44:59,254000,11.490
2026/04/29 15:44:59,255000,11.490
2026/04/29 15:44:59,256000,11.487
2026/04/29 15:44:59,257000,11.493
2026/04/29 15:44:59,258000,11.487
2026/04/29 15:44:59,259000,11.490
2026/04/29 15:44:59,260000,11.496
2026/04/29 15:44:59,261000,11.490
2026/04/29 15:44:59,262000,11.490
2026/04/29 15:44:59,263000,11.490
2026/04/29 15:44:59,264000,11.493
2026/04/29 15:44:59,265000,11.485
2026/04/29 15:44:59,266000,11.496
2026/04/29 15:44:59,267000,11.490
2026/04/29 15:44:59,268000,11.490
2026/04/29 15:44:59,269000,11.487
2026/04/29 15:44:59,270000,11.493
2026/04/29 15:44:59,271000,11.490
2026/04/29 15:44:59,272000,11.490
2026/04/29 15:44:59,273000,11.493
2026/04/29 15:44:59,274000,11.490
2026/04/29 15:44:59,275000,11.496
2026/04/29 15:44:59,276000,11.493
2026/04/29 15:44:59,277000,11.485
2026/04/29 15:44:59,278000,11.490
2026/04/29 15:44:59,279000,11.487
2026/04/29 15:44:59,280000,11.490
2026/04/29 15:44:59,281000,11.493
2026/04/29 15:44:59,282000,11.490
2026/04/29 15:44:59,283000,11.490
2026/04/29 15:44:59,284000,11.490
2026/04/29 15:44:59,285000,11.493
2026/04/29 15:44:59,286000,11.493
2026/04/29 15:44:59,287000,11.493
2026/04/29 15:44:59,288000,11.496
2026/04/29 15:44:59,289000,11.490
2026/04/29 15:44:59,290000,11.482
2026/04/29 15:44:59,291000,11.496
2026/04/29 15:44:59,292000,11.490
2026/04/29 15:44:59,293000,11.493
2026/04/29 15:44:59,294000,11.493
2026/04/29 15:44:59,295000,11.490
2026/04/29 15:44:59,296000,11.487
2026/04/29 15:44:59,297000,11.487
2026/04/29 15:44:59,298000,11.496
2026/04/29 15:44:59,299000,11.490
2026/04/29 15:44:59,300000,11.490
2026/04/29 15:44:59,301000,11.490
2026/04/29 15:44:59,302000,11.490
2026/04/29 15:44:59,303000,11.490
2026/04/29 15:44:59,304000,11.493
2026/04/29 15:44:59,305000,11.490
2026/04/29 15:44:59,306000,11.487
2026/04/29 15:44:59,307000,11.493
2026/04/29 15:44:59,308000,11.490
2026/04/29 15:44:59,309000,11.490
2026/04/29 15:44:59,310000,11.479
2026/04/29 15:44:59,311000,11.496
2026/04/29 15:44:59,312000,11.490
2026/04/29 15:44:59,313000,11.490
2026/04/29 15:44:59,314000,11.487
2026/04/29 15:44:59,315000,11.490
2026/04/29 15:44:59,316000,11.490
2026/04/29 15:44:59,317000,11.485
2026/04/29 15:44:59,318000,11.490
2026/04/29 15:44:59,319000,11.490
2026/04/29 15:44:59,320000,11.493
2026/04/29 15:44:59,321000,11.487
2026/04/29 15:44:59,322000,11.490
2026/04/29 15:44:59,323000,11.487
2026/04/29 15:44:59,324000,11.493
2026/04/29 15:44:59,325000,11.487
2026/04/29 15:44:59,326000,11.490
2026/04/29 15:44:59,327000,11.490
2026/04/29 15:44:59,328000,11.496
2026/04/29 15:44:59,329000,11.490
2026/04/29 15:44:59,330000,11.490
2026/04/29 15:44:59,331000,11.487
2026/04/29 15:44:59,332000,11.493
2026/04/29 15:44:59,333000,11.487
2026/04/29 15:44:59,334000,11.490
2026/04/29 15:44:59,335000,11.490
2026/04/29 15:44:59,336000,11.493
2026/04/29 15:44:59,337000,11.485
2026/04/29 15:44:59,338000,11.490
2026/04/29 15:44:59,339000,11.485
2026/04/29 15:44:59,340000,11.487
2026/04/29 15:44:59,341000,11.487
2026/04/29 15:44:59,342000,11.487
2026/04/29 15:44:59,343000,11.490
2026/04/29 15:44:59,344000,11.490
2026/04/29 15:44:59,345000,11.490
2026/04/29 15:44:59,346000,11.490
2026/04/29 15:44:59,347000,11.485
2026/04/29 15:44:59,348000,11.493
2026/04/29 15:44:59,349000,11.490
2026/04/29 15:44:59,350000,11.487
2026/04/29 15:44:59,351000,11.485
2026/04/29 15:44:59,352000,11.487
2026/04/29 15:44:59,353000,11.485
2026/04/29 15:44:59,354000,11.493
2026/04/29 15:44:59,355000,11.487
2026/04/29 15:44:59,356000,11.487
2026/04/29 15:44:59,357000,11.490
2026/04/29 15:44:59,358000,11.487
2026/04/29 15:44:59,359000,11.493
2026/04/29 15:44:59,360000,11.493
2026/04/29 15:44:59,361000,11.504
2026/04/29 15:44:59,362000,11.487
2026/04/29 15:44:59,363000,11.490
2026/04/29 15:44:59,364000,11.487
2026/04/29 15:44:59,365000,11.490
2026/04/29 15:44:59,366000,11.496
2026/04/29 15:44:59,367000,11.493
2026/04/29 15:44:59,368000,11.490
2026/04/29 15:44:59,369000,11.490
2026/04/29 15:44:59,370000,11.490
2026/04/29 15:44:59,371000,11.490
2026/04/29 15:44:59,372000,11.493
2026/04/29 15:44:59,373000,11.493
2026/04/29 15:44:59,374000,11.487
2026/04/29 15:44:59,375000,11.485
2026/04/29 15:44:59,376000,11.490
2026/04/29 15:44:59,377000,11.487
2026/04/29 15:44:59,378000,11.490
2026/04/29 15:44:59,379000,11.490
2026/04/29 15:44:59,380000,11.490
2026/04/29 15:44:59,381000,11.490
2026/04/29 15:44:59,382000,11.487
2026/04/29 15:44:59,383000,11.490
2026/04/29 15:44:59,384000,11.493
2026/04/29 15:44:59,385000,11.490
2026/04/29 15:44:59,386000,11.490
2026/04/29 15:44:59,387000,11.487
2026/04/29 15:44:59,388000,11.490
2026/04/29 15:44:59,389000,11.493
2026/04/29 15:44:59,390000,11.487
2026/04/29 15:44:59,391000,11.490
2026/04/29 15:44:59,392000,11.490
2026/04/29 15:44:59,393000,11.487
2026/04/29 15:44:59,394000,11.485
2026/04/29 15:44:59,395000,11.487
2026/04/29 15:44:59,396000,11.490
2026/04/29 15:44:59,397000,11.493
2026/04/29 15:44:59,398000,11.487
2026/04/29 15:44:59,399000,11.490
2026/04/29 15:44:59,400000,11.496
2026/04/29 15:44:59,401000,11.490
2026/04/29 15:44:59,402000,11.487
2026/04/29 15:44:59,403000,11.487
2026/04/29 15:44:59,404000,11.490
2026/04/29 15:44:59,405000,11.493
2026/04/29 15:44:59,406000,11.490
2026/04/29 15:44:59,407000,11.493
2026/04/29 15:44:59,408000,11.493
2026/04/29 15:44:59,409000,11.490
2026/04/29 15:44:59,410000,11.487
2026/04/29 15:44:59,411000,11.490
2026/04/29 15:44:59,412000,11.493
2026/04/29 15:44:59,413000,11.496
2026/04/29 15:44:59,414000,11.490
2026/04/29 15:44:59,415000,11.487
2026/04/29 15:44:59,416000,11.490
2026/04/29 15:44:59,417000,11.490
2026/04/29 15:44:59,418000,11.487
2026/04/29 15:44:59,419000,11.487
2026/04/29 15:44:59,420000,11.490
2026/04/29 15:44:59,421000,11.493
2026/04/29 15:44:59,422000,11.490
2026/04/29 15:44:59,423000,11.490
2026/04/29 15:44:59,424000,11.493
2026/04/29 15:44:59,425000,11.496
2026/04/29 15:44:59,426000,11.487
2026/04/29 15:44:59,427000,11.487
2026/04/29 15:44:59,428000,11.493
2026/04/29 15:44:59,429000,11.493
2026/04/29 15:44:59,430000,11.487
2026/04/29 15:44:59,431000,11.482
2026/04/29 15:44:59,432000,11.490
2026/04/29 15:44:59,433000,11.493
2026/04/29 15:44:59,434000,11.499
2026/04/29 15:44:59,435000,11.487
2026/04/29 15:44:59,436000,11.485
2026/04/29 15:44:59,437000,11.490
2026/04/29 15:44:59,438000,11.487
2026/04/29 15:44:59,439000,11.499
2026/04/29 15:44:59,440000,11.493
2026/04/29 15:44:59,441000,11.496
2026/04/29 15:44:59,442000,11.496
2026/04/29 15:44:59,443000,11.485
2026/04/29 15:44:59,444000,11.490
2026/04/29 15:44:59,445000,11.487
2026/04/29 15:44:59,446000,11.493
2026/04/29 15:44:59,447000,11.490
2026/04/29 15:44:59,448000,11.490
2026/04/29 15:44:59,449000,11.490
2026/04/29 15:44:59,450000,11.487
2026/04/29 15:44:59,451000,11.493
2026/04/29 15:44:59,452000,11.490
2026/04/29 15:44:59,453000,11.485
2026/04/29 15:44:59,454000,11.493
2026/04/29 15:44:59,455000,11.490
2026/04/29 15:44:59,456000,11.490
2026/04/29 15:44:59,457000,11.493
2026/04/29 15:44:59,458000,11.493
2026/04/29 15:44:59,459000,11.487
2026/04/29 15:44:59,460000,11.487
2026/04/29 15:44:59,461000,11.487
2026/04/29 15:44:59,462000,11.496
2026/04/29 15:44:59,463000,11.490
2026/04/29 15:44:59,464000,11.490
2026/04/29 15:44:59,465000,11.490
2026/04/29 15:44:59,466000,11.490
2026/04/29 15:44:59,467000,11.490
2026/04/29 15:44:59,468000,11.490
2026/04/29 15:44:59,469000,11.493
2026/04/29 15:44:59,470000,11.490
2026/04/29 15:44:59,471000,11.499
2026/04/29 15:44:59,472000,11.490
2026/04/29 15:44:59,473000,11.490
2026/04/29 15:44:59,474000,11.485
2026/04/29 15:44:59,475000,11.482
2026/04/29 15:44:59,476000,11.490
2026/04/29 15:44:59,477000,11.487
2026/04/29 15:44:59,478000,11.490
2026/04/29 15:44:59,479000,11.493
2026/04/29 15:44:59,480000,11.493
2026/04/29 15:44:59,481000,11.493
2026/04/29 15:44:59,482000,11.487
2026/04/29 15:44:59,483000,11.490
2026/04/29 15:44:59,484000,11.490
2026/04/29 15:44:59,485000,11.501
2026/04/29 15:44:59,486000,11.490
2026/04/29 15:44:59,487000,11.493
2026/04/29 15:44:59,488000,11.490
2026/04/29 15:44:59,489000,11.490
2026/04/29 15:44:59,490000,11.490
2026/04/29 15:44:59,491000,11.490
2026/04/29 15:44:59,492000,11.490
2026/04/29 15:44:59,493000,11.485
2026/04/29 15:44:59,494000,11.487
2026/04/29 15:44:59,495000,11.499
2026/04/29 15:44:59,496000,11.493
2026/04/29 15:44:59,497000,11.487
2026/04/29 15:44:59,498000,11.493
2026/04/29 15:44:59,499000,11.487
2026/04/29 15:44:59,500000,11.490
2026/04/29 15:44:59,501000,11.496
2026/04/29 15:44:59,502000,11.490
2026/04/29 15:44:59,503000,11.493
2026/04/29 15:44:59,504000,11.493
2026/04/29 15:44:59,505000,11.493
2026/04/29 15:44:59,506000,11.487
2026/04/29 15:44:59,507000,11.485
2026/04/29 15:44:59,508000,11.487
2026/04/29 15:44:59,509000,11.487
2026/04/29 15:44:59,510000,11.485
2026/04/29 15:44:59,511000,11.490
2026/04/29 15:44:59,512000,11.493
2026/04/29 15:44:59,513000,11.487
2026/04/29 15:44:59,514000,11.487
2026/04/29 15:44:59,515000,11.487
2026/04/29 15:44:59,516000,11.487
2026/04/29 15:44:59,517000,11.490
2026/04/29 15:44:59,518000,11.493
2026/04/29 15:44:59,519000,11.493
2026/04/29 15:44:59,520000,11.482
2026/04/29 15:44:59,521000,11.490
2026/04/29 15:44:59,522000,11.496
2026/04/29 15:44:59,523000,11.493
2026/04/29 15:44:59,524000,11.490
2026/04/29 15:44:59,525000,11.496
2026/04/29 15:44:59,526000,11.490
2026/04/29 15:44:59,527000,11.493
2026/04/29 15:44:59,528000,11.493
2026/04/29 15:44:59,529000,11.490
2026/04/29 15:44:59,530000,11.485
2026/04/29 15:44:59,531000,11.490
2026/04/29 15:44:59,532000,11.487
2026/04/29 15:44:59,533000,11.487
2026/04/29 15:44:59,534000,11.493
2026/04/29 15:44:59,535000,11.487
2026/04/29 15:44:59,536000,11.493
2026/04/29 15:44:59,537000,11.490
2026/04/29 15:44:59,538000,11.490
2026/04/29 15:44:59,539000,11.485
2026/04/29 15:44:59,540000,11.490
2026/04/29 15:44:59,541000,11.487
2026/04/29 15:44:59,542000,11.499
2026/04/29 15:44:59,543000,11.490
2026/04/29 15:44:59,544000,11.493
2026/04/29 15:44:59,545000,11.490
2026/04/29 15:44:59,546000,11.493
2026/04/29 15:44:59,547000,11.493
2026/04/29 15:44:59,548000,11.493
2026/04/29 15:44:59,549000,11.490
2026/04/29 15:44:59,550000,11.490
2026/04/29 15:44:59,551000,11.485
2026/04/29 15:44:59,552000,11.490
2026/04/29 15:44:59,553000,11.487
2026/04/29 15:44:59,554000,11.490
2026/04/29 15:44:59,555000,11.499
2026/04/29 15:44:59,556000,11.485
2026/04/29 15:44:59,557000,11.487
2026/04/29 15:44:59,558000,11.493
2026/04/29 15:44:59,559000,11.493
2026/04/29 15:44:59,560000,11.493
2026/04/29 15:44:59,561000,11.487
2026/04/29 15:44:59,562000,11.490
2026/04/29 15:44:59,563000,11.493
2026/04/29 15:44:59,564000,11.487
2026/04/29 15:44:59,565000,11.490
2026/04/29 15:44:59,566000,11.493
2026/04/29 15:44:59,567000,11.490
2026/04/29 15:44:59,568000,11.485
2026/04/29 15:44:59,569000,11.487
2026/04/29 15:44:59,570000,11.490
2026/04/29 15:44:59,571000,11.490
2026/04/29 15:44:59,572000,11.485
2026/04/29 15:44:59,573000,11.493
2026/04/29 15:44:59,574000,11.485
2026/04/29 15:44:59,575000,11.487
2026/04/29 15:44:59,576000,11.490
2026/04/29 15:44:59,577000,11.487
2026/04/29 15:44:59,578000,11.490
2026/04/29 15:44:59,579000,11.479
2026/04/29 15:44:59,580000,11.496
2026/04/29 15:44:59,581000,11.490
2026/04/29 15:44:59,582000,11.490
2026/04/29 15:44:59,583000,11.487
2026/04/29 15:44:59,584000,11.482
2026/04/29 15:44:59,585000,11.490
2026/04/29 15:44:59,586000,11.490
2026/04/29 15:44:59,587000,11.490
2026/04/29 15:44:59,588000,11.485
2026/04/29 15:44:59,589000,11.490
2026/04/29 15:44:59,590000,11.485
2026/04/29 15:44:59,591000,11.499
2026/04/29 15:44:59,592000,11.493
2026/04/29 15:44:59,593000,11.490
2026/04/29 15:44:59,594000,11.487
2026/04/29 15:44:59,595000,11.493
2026/04/29 15:44:59,596000,11.493
2026/04/29 15:44:59,597000,11.487
2026/04/29 15:44:59,598000,11.493
2026/04/29 15:44:59,599000,11.493
2026/04/29 15:44:59,600000,11.493
2026/04/29 15:44:59,601000,11.487
2026/04/29 15:44:59,602000,11.487
2026/04/29 15:44:59,603000,11.485
2026/04/29 15:44:59,604000,11.493
2026/04/29 15:44:59,605000,11.487
2026/04/29 15:44:59,606000,11.493
2026/04/29 15:44:59,607000,11.493
2026/04/29 15:44:59,608000,11.490
2026/04/29 15:44:59,609000,11.493
2026/04/29 15:44:59,610000,11.487
2026/04/29 15:44:59,611000,11.487
2026/04/29 15:44:59,612000,11.493
2026/04/29 15:44:59,613000,11.493
2026/04/29 15:44:59,614000,11.490
2026/04/29 15:44:59,615000,11.493
2026/04/29 15:44:59,616000,11.490
2026/04/29 15:44:59,617000,11.490
2026/04/29 15:44:59,618000,11.493
2026/04/29 15:44:59,619000,11.493
2026/04/29 15:44:59,620000,11.482
2026/04/29 15:44:59,621000,11.487
2026/04/29 15:44:59,622000,11.493
2026/04/29 15:44:59,623000,11.490
2026/04/29 15:44:59,624000,11.490
2026/04/29 15:44:59,625000,11.487
2026/04/29 15:44:59,626000,11.490
2026/04/29 15:44:59,627000,11.493
2026/04/29 15:44:59,628000,11.490
2026/04/29 15:44:59,629000,11.487
2026/04/29 15:44:59,630000,11.493
2026/04/29 15:44:59,631000,11.493
2026/04/29 15:44:59,632000,11.490
2026/04/29 15:44:59,633000,11.487
2026/04/29 15:44:59,634000,11.490
2026/04/29 15:44:59,635000,11.490
2026/04/29 15:44:59,636000,11.490
2026/04/29 15:44:59,637000,11.493
2026/04/29 15:44:59,638000,11.496
2026/04/29 15:44:59,639000,11.493
2026/04/29 15:44:59,640000,11.487
2026/04/29 15:44:59,641000,11.487
2026/04/29 15:44:59,642000,11.496
2026/04/29 15:44:59,643000,11.493
2026/04/29 15:44:59,644000,11.490
2026/04/29 15:44:59,645000,11.490
2026/04/29 15:44:59,646000,11.490
2026/04/29 15:44:59,647000,11.485
2026/04/29 15:44:59,648000,11.493
2026/04/29 15:44:59,649000,11.490
2026/04/29 15:44:59,650000,11.490
2026/04/29 15:44:59,651000,11.490
2026/04/29 15:44:59,652000,11.496
2026/04/29 15:44:59,653000,11.490
2026/04/29 15:44:59,654000,11.490
2026/04/29 15:44:59,655000,11.493
2026/04/29 15:44:59,656000,11.493
2026/04/29 15:44:59,657000,11.490
2026/04/29 15:44:59,658000,11.493
2026/04/29 15:44:59,659000,11.487
2026/04/29 15:44:59,660000,11.490
2026/04/29 15:44:59,661000,11.485
2026/04/29 15:44:59,662000,11.490
2026/04/29 15:44:59,663000,11.493
2026/04/29 15:44:59,664000,11.496
2026/04/29 15:44:59,665000,11.490
2026/04/29 15:44:59,666000,11.493
2026/04/29 15:44:59,667000,11.487
2026/04/29 15:44:59,668000,11.490
2026/04/29 15:44:59,669000,11.487
2026/04/29 15:44:59,670000,11.490
2026/04/29 15:44:59,671000,11.496
2026/04/29 15:44:59,672000,11.490
2026/04/29 15:44:59,673000,11.490
2026/04/29 15:44:59,674000,11.490
2026/04/29 15:44:59,675000,11.487
2026/04/29 15:44:59,676000,11.490
2026/04/29 15:44:59,677000,11.490
2026/04/29 15:44:59,678000,11.482
2026/04/29 15:44:59,679000,11.493
2026/04/29 15:44:59,680000,11.490
2026/04/29 15:44:59,681000,11.493
2026/04/29 15:44:59,682000,11.493
2026/04/29 15:44:59,683000,11.485
2026/04/29 15:44:59,684000,11.485
2026/04/29 15:44:59,685000,11.493
2026/04/29 15:44:59,686000,11.487
2026/04/29 15:44:59,687000,11.482
2026/04/29 15:44:59,688000,11.490
2026/04/29 15:44:59,689000,11.493
2026/04/29 15:44:59,690000,11.490
2026/04/29 15:44:59,691000,11.487
2026/04/29 15:44:59,692000,11.493
2026/04/29 15:44:59,693000,11.490
2026/04/29 15:44:59,694000,11.493
2026/04/29 15:44:59,695000,11.487
2026/04/29 15:44:59,696000,11.490
2026/04/29 15:44:59,697000,11.485
2026/04/29 15:44:59,698000,11.490
2026/04/29 15:44:59,699000,11.493
2026/04/29 15:44:59,700000,11.490
2026/04/29 15:44:59,701000,11.493
2026/04/29 15:44:59,702000,11.493
2026/04/29 15:44:59,703000,11.493
2026/04/29 15:44:59,704000,11.493
2026/04/29 15:44:59,705000,11.493
2026/04/29 15:44:59,706000,11.490
2026/04/29 15:44:59,707000,11.490
2026/04/29 15:44:59,708000,11.493
2026/04/29 15:44:59,709000,11.493
2026/04/29 15:44:59,710000,11.493
2026/04/29 15:44:59,711000,11.496
2026/04/29 15:44:59,712000,11.493
2026/04/29 15:44:59,713000,11.490
2026/04/29 15:44:59,714000,11.490
2026/04/29 15:44:59,715000,11.493
2026/04/29 15:44:59,716000,11.490
2026/04/29 15:44:59,717000,11.487
2026/04/29 15:44:59,718000,11.493
2026/04/29 15:44:59,719000,11.490
2026/04/29 15:44:59,720000,11.490
2026/04/29 15:44:59,721000,11.493
2026/04/29 15:44:59,722000,11.493
2026/04/29 15:44:59,723000,11.499
2026/04/29 15:44:59,724000,11.487
2026/04/29 15:44:59,725000,11.490
2026/04/29 15:44:59,726000,11.493
2026/04/29 15:44:59,727000,11.493
2026/04/29 15:44:59,728000,11.496
2026/04/29 15:44:59,729000,11.493
2026/04/29 15:44:59,730000,11.490
2026/04/29 15:44:59,731000,11.490
2026/04/29 15:44:59,732000,11.487
2026/04/29 15:44:59,733000,11.487
2026/04/29 15:44:59,734000,11.485
2026/04/29 15:44:59,735000,11.493
2026/04/29 15:44:59,736000,11.493
2026/04/29 15:44:59,737000,11.493
2026/04/29 15:44:59,738000,11.496
2026/04/29 15:44:59,739000,11.490
2026/04/29 15:44:59,740000,11.487
2026/04/29 15:44:59,741000,11.493
2026/04/29 15:44:59,742000,11.490
2026/04/29 15:44:59,743000,11.487
2026/04/29 15:44:59,744000,11.490
2026/04/29 15:44:59,745000,11.490
2026/04/29 15:44:59,746000,11.490
2026/04/29 15:44:59,747000,11.487
2026/04/29 15:44:59,748000,11.499
2026/04/29 15:44:59,749000,11.490
2026/04/29 15:44:59,750000,11.493
2026/04/29 15:44:59,751000,11.490
2026/04/29 15:44:59,752000,11.493
2026/04/29 15:44:59,753000,11.485
2026/04/29 15:44:59,754000,11.493
2026/04/29 15:44:59,755000,11.499
2026/04/29 15:44:59,756000,11.487
2026/04/29 15:44:59,757000,11.493
2026/04/29 15:44:59,758000,11.490
2026/04/29 15:44:59,759000,11.490
2026/04/29 15:44:59,760000,11.487
2026/04/29 15:44:59,761000,11.485
2026/04/29 15:44:59,762000,11.487
2026/04/29 15:44:59,763000,11.487
2026/04/29 15:44:59,764000,11.490
2026/04/29 15:44:59,765000,11.493
2026/04/29 15:44:59,766000,11.490
2026/04/29 15:44:59,767000,11.487
2026/04/29 15:44:59,768000,11.487
2026/04/29 15:44:59,769000,11.496
2026/04/29 15:44:59,770000,11.493
2026/04/29 15:44:59,771000,11.490
2026/04/29 15:44:59,772000,11.487
2026/04/29 15:44:59,773000,11.490
2026/04/29 15:44:59,774000,11.493
2026/04/29 15:44:59,775000,11.493
2026/04/29 15:44:59,776000,11.490
2026/04/29 15:44:59,777000,11.493
2026/04/29 15:44:59,778000,11.493
2026/04/29 15:44:59,779000,11.487
2026/04/29 15:44:59,780000,11.493
2026/04/29 15:44:59,781000,11.490
2026/04/29 15:44:59,782000,11.487
2026/04/29 15:44:59,783000,11.487
2026/04/29 15:44:59,784000,11.485
2026/04/29 15:44:59,785000,11.487
2026/04/29 15:44:59,786000,11.490
2026/04/29 15:44:59,787000,11.493
2026/04/29 15:44:59,788000,11.490
2026/04/29 15:44:59,789000,11.490
2026/04/29 15:44:59,790000,11.493
2026/04/29 15:44:59,791000,11.493
2026/04/29 15:44:59,792000,11.490
2026/04/29 15:44:59,793000,11.490
2026/04/29 15:44:59,794000,11.487
2026/04/29 15:44:59,795000,11.487
2026/04/29 15:44:59,796000,11.493
2026/04/29 15:44:59,797000,11.493
2026/04/29 15:44:59,798000,11.493
2026/04/29 15:44:59,799000,11.490
2026/04/29 15:44:59,800000,11.493
2026/04/29 15:44:59,801000,11.493
2026/04/29 15:44:59,802000,11.487
2026/04/29 15:44:59,803000,11.493
2026/04/29 15:44:59,804000,11.496
2026/04/29 15:44:59,805000,11.493
2026/04/29 15:44:59,806000,11.487
2026/04/29 15:44:59,807000,11.490
2026/04/29 15:44:59,808000,11.490
2026/04/29 15:44:59,809000,11.493
2026/04/29 15:44:59,810000,11.496
2026/04/29 15:44:59,811000,11.490
2026/04/29 15:44:59,812000,11.493
2026/04/29 15:44:59,813000,11.493
2026/04/29 15:44:59,814000,11.487
2026/04/29 15:44:59,815000,11.490
2026/04/29 15:44:59,816000,11.490
2026/04/29 15:44:59,817000,11.485
2026/04/29 15:44:59,818000,11.490
2026/04/29 15:44:59,819000,11.487
2026/04/29 15:44:59,820000,11.490
2026/04/29 15:44:59,821000,11.490
2026/04/29 15:44:59,822000,11.490
2026/04/29 15:44:59,823000,11.493
2026/04/29 15:44:59,824000,11.490
2026/04/29 15:44:59,825000,11.490
2026/04/29 15:44:59,826000,11.482
2026/04/29 15:44:59,827000,11.490
2026/04/29 15:44:59,828000,11.490
2026/04/29 15:44:59,829000,11.490
2026/04/29 15:44:59,830000,11.487
2026/04/29 15:44:59,831000,11.490
2026/04/29 15:44:59,832000,11.490
2026/04/29 15:44:59,833000,11.493
2026/04/29 15:44:59,834000,11.487
2026/04/29 15:44:59,835000,11.490
2026/04/29 15:44:59,836000,11.493
2026/04/29 15:44:59,837000,11.493
2026/04/29 15:44:59,838000,11.490
2026/04/29 15:44:59,839000,11.490
2026/04/29 15:44:59,840000,11.490
2026/04/29 15:44:59,841000,11.490
2026/04/29 15:44:59,842000,11.493
2026/04/29 15:44:59,843000,11.487
2026/04/29 15:44:59,844000,11.487
2026/04/29 15:44:59,845000,11.490
2026/04/29 15:44:59,846000,11.487
2026/04/29 15:44:59,847000,11.490
2026/04/29 15:44:59,848000,11.487
2026/04/29 15:44:59,849000,11.485
2026/04/29 15:44:59,850000,11.487
2026/04/29 15:44:59,851000,11.485
2026/04/29 15:44:59,852000,11.496
2026/04/29 15:44:59,853000,11.490
2026/04/29 15:44:59,854000,11.490
2026/04/29 15:44:59,855000,11.490
2026/04/29 15:44:59,856000,11.490
2026/04/29 15:44:59,857000,11.493
2026/04/29 15:44:59,858000,11.493
2026/04/29 15:44:59,859000,11.496
2026/04/29 15:44:59,860000,11.490
2026/04/29 15:44:59,861000,11.501
2026/04/29 15:44:59,862000,11.490
2026/04/29 15:44:59,863000,11.490
2026/04/29 15:44:59,864000,11.499
2026/04/29 15:44:59,865000,11.493
2026/04/29 15:44:59,866000,11.490
2026/04/29 15:44:59,867000,11.487
2026/04/29 15:44:59,868000,11.487
2026/04/29 15:44:59,869000,11.490
2026/04/29 15:44:59,870000,11.490
2026/04/29 15:44:59,871000,11.487
2026/04/29 15:44:59,872000,11.485
2026/04/29 15:44:59,873000,11.487
2026/04/29 15:44:59,874000,11.493
2026/04/29 15:44:59,875000,11.487
2026/04/29 15:44:59,876000,11.493
2026/04/29 15:44:59,877000,11.493
2026/04/29 15:44:59,878000,11.490
2026/04/29 15:44:59,879000,11.490
2026/04/29 15:44:59,880000,11.487
2026/04/29 15:44:59,881000,11.490
2026/04/29 15:44:59,882000,11.493
2026/04/29 15:44:59,883000,11.493
2026/04/29 15:44:59,884000,11.490
2026/04/29 15:44:59,885000,11.490
2026/04/29 15:44:59,886000,11.487
2026/04/29 15:44:59,887000,11.490
2026/04/29 15:44:59,888000,11.499
2026/04/29 15:44:59,889000,11.493
2026/04/29 15:44:59,890000,11.487
2026/04/29 15:44:59,891000,11.490
2026/04/29 15:44:59,892000,11.493
2026/04/29 15:44:59,893000,11.493
2026/04/29 15:44:59,894000,11.493
2026/04/29 15:44:59,895000,11.487
2026/04/29 15:44:59,896000,11.490
2026/04/29 15:44:59,897000,11.490
2026/04/29 15:44:59,898000,11.490
2026/04/29 15:44:59,899000,11.487
2026/04/29 15:44:59,900000,11.493
2026/04/29 15:44:59,901000,11.490
2026/04/29 15:44:59,902000,11.493
2026/04/29 15:44:59,903000,11.496
2026/04/29 15:44:59,904000,11.493
2026/04/29 15:44:59,905000,11.482
2026/04/29 15:44:59,906000,11.493
2026/04/29 15:44:59,907000,11.493
2026/04/29 15:44:59,908000,11.493
2026/04/29 15:44:59,909000,11.493
2026/04/29 15:44:59,910000,11.487
2026/04/29 15:44:59,911000,11.490
2026/04/29 15:44:59,912000,11.487
2026/04/29 15:44:59,913000,11.496
2026/04/29 15:44:59,914000,11.487
2026/04/29 15:44:59,915000,11.490
2026/04/29 15:44:59,916000,11.493
2026/04/29 15:44:59,917000,11.493
2026/04/29 15:44:59,918000,11.490
2026/04/29 15:44:59,919000,11.487
2026/04/29 15:44:59,920000,11.493
2026/04/29 15:44:59,921000,11.493
2026/04/29 15:44:59,922000,11.490
2026/04/29 15:44:59,923000,11.493
2026/04/29 15:44:59,924000,11.490
2026/04/29 15:44:59,925000,11.493
2026/04/29 15:44:59,926000,11.485
2026/04/29 15:44:59,927000,11.490
2026/04/29 15:44:59,928000,11.490
2026/04/29 15:44:59,929000,11.493
2026/04/29 15:44:59,930000,11.490
2026/04/29 15:44:59,931000,11.487
2026/04/29 15:44:59,932000,11.496
2026/04/29 15:44:59,933000,11.496
2026/04/29 15:44:59,934000,11.493
2026/04/29 15:44:59,935000,11.487
2026/04/29 15:44:59,936000,11.487
2026/04/29 15:44:59,937000,11.496
2026/04/29 15:44:59,938000,11.496
2026/04/29 15:44:59,939000,11.493
2026/04/29 15:44:59,940000,11.490
2026/04/29 15:44:59,941000,11.490
2026/04/29 15:44:59,942000,11.487
2026/04/29 15:44:59,943000,11.490
2026/04/29 15:44:59,944000,11.490
2026/04/29 15:44:59,945000,11.487
2026/04/29 15:44:59,946000,11.490
2026/04/29 15:44:59,947000,11.493
2026/04/29 15:44:59,948000,11.493
2026/04/29 15:44:59,949000,11.490
2026/04/29 15:44:59,950000,11.493
2026/04/29 15:44:59,951000,11.490
2026/04/29 15:44:59,952000,11.485
2026/04/29 15:44:59,953000,11.487
2026/04/29 15:44:59,954000,11.493
2026/04/29 15:44:59,955000,11.490
2026/04/29 15:44:59,956000,11.487
2026/04/29 15:44:59,957000,11.490
2026/04/29 15:44:59,958000,11.493
2026/04/29 15:44:59,959000,11.490
2026/04/29 15:44:59,960000,11.490
2026/04/29 15:44:59,961000,11.490
2026/04/29 15:44:59,962000,11.487
2026/04/29 15:44:59,963000,11.496
2026/04/29 15:44:59,964000,11.493
2026/04/29 15:44:59,965000,11.490
2026/04/29 15:44:59,966000,11.490
2026/04/29 15:44:59,967000,11.499
2026/04/29 15:44:59,968000,11.490
2026/04/29 15:44:59,969000,11.490
2026/04/29 15:44:59,970000,11.493
2026/04/29 15:44:59,971000,11.490
2026/04/29 15:44:59,972000,11.493
2026/04/29 15:44:59,973000,11.493
2026/04/29 15:44:59,974000,11.490
2026/04/29 15:44:59,975000,11.493
2026/04/29 15:44:59,976000,11.499
2026/04/29 15:44:59,977000,11.487
2026/04/29 15:44:59,978000,11.482
2026/04/29 15:44:59,979000,11.493
2026/04/29 15:44:59,980000,11.493
2026/04/29 15:44:59,981000,11.485
2026/04/29 15:44:59,982000,11.485
2026/04/29 15:44:59,983000,11.490
2026/04/29 15:44:59,984000,11.490
2026/04/29 15:44:59,985000,11.493
2026/04/29 15:44:59,986000,11.493
2026/04/29 15:44:59,987000,11.487
2026/04/29 15:44:59,988000,11.499
2026/04/29 15:44:59,989000,11.493
2026/04/29 15:44:59,990000,11.490
2026/04/29 15:44:59,991000,11.487
2026/04/29 15:44:59,992000,11.485
2026/04/29 15:44:59,993000,11.490
2026/04/29 15:44:59,994000,11.490
2026/04/29 15:44:59,995000,11.490
2026/04/29 15:44:59,996000,11.490
2026/04/29 15:44:59,997000,11.490
2026/04/29 15:44:59,998000,11.490
2026/04/29 15:44:59,999000,11.485
2026/04/29 15:45:00,000000,11.496
2026/04/29 15:45:00,001000,11.490
2026/04/29 15:45:00,002000,11.493
2026/04/29 15:45:00,003000,11.496
2026/04/29 15:45:00,004000,11.493
2026/04/29 15:45:00,005000,11.490
2026/04/29 15:45:00,006000,11.490
2026/04/29 15:45:00,007000,11.487
2026/04/29 15:45:00,008000,11.490
2026/04/29 15:45:00,009000,11.490
2026/04/29 15:45:00,010000,11.490
2026/04/29 15:45:00,011000,11.493
2026/04/29 15:45:00,012000,11.490
2026/04/29 15:45:00,013000,11.490
2026/04/29 15:45:00,014000,11.490
2026/04/29 15:45:00,015000,11.490
2026/04/29 15:45:00,016000,11.490
2026/04/29 15:45:00,017000,11.487
2026/04/29 15:45:00,018000,11.490
2026/04/29 15:45:00,019000,11.485
2026/04/29 15:45:00,020000,11.485
2026/04/29 15:45:00,021000,11.496
2026/04/29 15:45:00,022000,11.490
2026/04/29 15:45:00,023000,11.487
2026/04/29 15:45:00,024000,11.496
2026/04/29 15:45:00,025000,11.496
2026/04/29 15:45:00,026000,11.493
2026/04/29 15:45:00,027000,11.493
2026/04/29 15:45:00,028000,11.490
2026/04/29 15:45:00,029000,11.482
2026/04/29 15:45:00,030000,11.487
2026/04/29 15:45:00,031000,11.493
2026/04/29 15:45:00,032000,11.485
2026/04/29 15:45:00,033000,11.493
2026/04/29 15:45:00,034000,11.490
2026/04/29 15:45:00,035000,11.490
2026/04/29 15:45:00,036000,11.482
2026/04/29 15:45:00,037000,11.490
2026/04/29 15:45:00,038000,11.490
2026/04/29 15:45:00,039000,11.490
2026/04/29 15:45:00,040000,11.487
2026/04/29 15:45:00,041000,11.496
2026/04/29 15:45:00,042000,11.487
2026/04/29 15:45:00,043000,11.493
2026/04/29 15:45:00,044000,11.493
2026/04/29 15:45:00,045000,11.487
2026/04/29 15:45:00,046000,11.496
2026/04/29 15:45:00,047000,11.487
2026/04/29 15:45:00,048000,11.499
2026/04/29 15:45:00,049000,11.485
2026/04/29 15:45:00,050000,11.485
2026/04/29 15:45:00,051000,11.493
2026/04/29 15:45:00,052000,11.493
2026/04/29 15:45:00,053000,11.487
2026/04/29 15:45:00,054000,11.496
2026/04/29 15:45:00,055000,11.490
2026/04/29 15:45:00,056000,11.490
2026/04/29 15:45:00,057000,11.490
2026/04/29 15:45:00,058000,11.487
2026/04/29 15:45:00,059000,11.490
2026/04/29 15:45:00,060000,11.490
2026/04/29 15:45:00,061000,11.487
2026/04/29 15:45:00,062000,11.490
2026/04/29 15:45:00,063000,11.482
2026/04/29 15:45:00,064000,11.493
2026/04/29 15:45:00,065000,11.490
2026/04/29 15:45:00,066000,11.493
2026/04/29 15:45:00,067000,11.490
2026/04/29 15:45:00,068000,11.490
2026/04/29 15:45:00,069000,11.487
2026/04/29 15:45:00,070000,11.496
2026/04/29 15:45:00,071000,11.493
2026/04/29 15:45:00,072000,11.490
2026/04/29 15:45:00,073000,11.490
2026/04/29 15:45:00,074000,11.496
2026/04/29 15:45:00,075000,11.499
2026/04/29 15:45:00,076000,11.490
2026/04/29 15:45:00,077000,11.490
2026/04/29 15:45:00,078000,11.493
2026/04/29 15:45:00,079000,11.490
2026/04/29 15:45:00,080000,11.490
2026/04/29 15:45:00,081000,11.487
2026/04/29 15:45:00,082000,11.487
2026/04/29 15:45:00,083000,11.487
2026/04/29 15:45:00,084000,11.485
2026/04/29 15:45:00,085000,11.490
2026/04/29 15:45:00,086000,11.493
2026/04/29 15:45:00,087000,11.487
2026/04/29 15:45:00,088000,11.487
2026/04/29 15:45:00,089000,11.493
2026/04/29 15:45:00,090000,11.487
2026/04/29 15:45:00,091000,11.490
2026/04/29 15:45:00,092000,11.493
2026/04/29 15:45:00,093000,11.490
2026/04/29 15:45:00,094000,11.493
2026/04/29 15:45:00,095000,11.485
2026/04/29 15:45:00,096000,11.493
2026/04/29 15:45:00,097000,11.493
2026/04/29 15:45:00,098000,11.490
2026/04/29 15:45:00,099000,11.487
2026/04/29 15:45:00,100000,11.496
2026/04/29 15:45:00,101000,11.479
2026/04/29 15:45:00,102000,11.496
2026/04/29 15:45:00,103000,11.487
2026/04/29 15:45:00,104000,11.485
2026/04/29 15:45:00,105000,11.490
2026/04/29 15:45:00,106000,11.490
2026/04/29 15:45:00,107000,11.493
2026/04/29 15:45:00,108000,11.487
2026/04/29 15:45:00,109000,11.487
2026/04/29 15:45:00,110000,11.493
2026/04/29 15:45:00,111000,11.490
2026/04/29 15:45:00,112000,11.490
2026/04/29 15:45:00,113000,11.493
2026/04/29 15:45:00,114000,11.499
2026/04/29 15:45:00,115000,11.493
2026/04/29 15:45:00,116000,11.490
2026/04/29 15:45:00,117000,11.490
2026/04/29 15:45:00,118000,11.482
2026/04/29 15:45:00,119000,11.487
2026/04/29 15:45:00,120000,11.493
2026/04/29 15:45:00,121000,11.487
2026/04/29 15:45:00,122000,11.493
2026/04/29 15:45:00,123000,11.490
2026/04/29 15:45:00,124000,11.485
2026/04/29 15:45:00,125000,11.493
2026/04/29 15:45:00,126000,11.493
2026/04/29 15:45:00,127000,11.490
2026/04/29 15:45:00,128000,11.487
2026/04/29 15:45:00,129000,11.490
2026/04/29 15:45:00,130000,11.490
2026/04/29 15:45:00,131000,11.490
2026/04/29 15:45:00,132000,11.487
2026/04/29 15:45:00,133000,11.490
2026/04/29 15:45:00,134000,11.487
2026/04/29 15:45:00,135000,11.493
2026/04/29 15:45:00,136000,11.490
2026/04/29 15:45:00,137000,11.496
2026/04/29 15:45:00,138000,11.493
2026/04/29 15:45:00,139000,11.493
2026/04/29 15:45:00,140000,11.493
2026/04/29 15:45:00,141000,11.499
2026/04/29 15:45:00,142000,11.490
2026/04/29 15:45:00,143000,11.493
2026/04/29 15:45:00,144000,11.496
2026/04/29 15:45:00,145000,11.490
2026/04/29 15:45:00,146000,11.496
2026/04/29 15:45:00,147000,11.499
2026/04/29 15:45:00,148000,11.490
2026/04/29 15:45:00,149000,11.490
2026/04/29 15:45:00,150000,11.485
2026/04/29 15:45:00,151000,11.485
2026/04/29 15:45:00,152000,11.490
2026/04/29 15:45:00,153000,11.493
2026/04/29 15:45:00,154000,11.493
2026/04/29 15:45:00,155000,11.487
2026/04/29 15:45:00,156000,11.485
2026/04/29 15:45:00,157000,11.490
2026/04/29 15:45:00,158000,11.490
2026/04/29 15:45:00,159000,11.490
2026/04/29 15:45:00,160000,11.490
2026/04/29 15:45:00,161000,11.485
2026/04/29 15:45:00,162000,11.493
2026/04/29 15:45:00,163000,11.490
2026/04/29 15:45:00,164000,11.487
2026/04/29 15:45:00,165000,11.493
2026/04/29 15:45:00,166000,11.490
2026/04/29 15:45:00,167000,11.493
2026/04/29 15:45:00,168000,11.485
2026/04/29 15:45:00,169000,11.493
2026/04/29 15:45:00,170000,11.490
2026/04/29 15:45:00,171000,11.487
2026/04/29 15:45:00,172000,11.490
2026/04/29 15:45:00,173000,11.493
2026/04/29 15:45:00,174000,11.496
2026/04/29 15:45:00,175000,11.487
2026/04/29 15:45:00,176000,11.487
2026/04/29 15:45:00,177000,11.487
2026/04/29 15:45:00,178000,11.482
2026/04/29 15:45:00,179000,11.490
2026/04/29 15:45:00,180000,11.493
2026/04/29 15:45:00,181000,11.490
2026/04/29 15:45:00,182000,11.490
2026/04/29 15:45:00,183000,11.490
2026/04/29 15:45:00,184000,11.487
2026/04/29 15:45:00,185000,11.493
2026/04/29 15:45:00,186000,11.493
2026/04/29 15:45:00,187000,11.487
2026/04/29 15:45:00,188000,11.485
2026/04/29 15:45:00,189000,11.490
2026/04/29 15:45:00,190000,11.493
2026/04/29 15:45:00,191000,11.493
2026/04/29 15:45:00,192000,11.490
2026/04/29 15:45:00,193000,11.490
2026/04/29 15:45:00,194000,11.490
2026/04/29 15:45:00,195000,11.493
2026/04/29 15:45:00,196000,11.490
2026/04/29 15:45:00,197000,11.490
2026/04/29 15:45:00,198000,11.479
2026/04/29 15:45:00,199000,11.485
2026/04/29 15:45:00,200000,11.487
2026/04/29 15:45:00,201000,11.493
2026/04/29 15:45:00,202000,11.482
2026/04/29 15:45:00,203000,11.493
2026/04/29 15:45:00,204000,11.493
2026/04/29 15:45:00,205000,11.485
2026/04/29 15:45:00,206000,11.487
2026/04/29 15:45:00,207000,11.496
2026/04/29 15:45:00,208000,11.493
2026/04/29 15:45:00,209000,11.490
2026/04/29 15:45:00,210000,11.493
2026/04/29 15:45:00,211000,11.485
2026/04/29 15:45:00,212000,11.487
2026/04/29 15:45:00,213000,11.493
2026/04/29 15:45:00,214000,11.499
2026/04/29 15:45:00,215000,11.487
2026/04/29 15:45:00,216000,11.487
2026/04/29 15:45:00,217000,11.490
2026/04/29 15:45:00,218000,11.490
2026/04/29 15:45:00,219000,11.487
2026/04/29 15:45:00,220000,11.485
2026/04/29 15:45:00,221000,11.487
2026/04/29 15:45:00,222000,11.501
2026/04/29 15:45:00,223000,11.487
2026/04/29 15:45:00,224000,11.490
2026/04/29 15:45:00,225000,11.493
2026/04/29 15:45:00,226000,11.490
2026/04/29 15:45:00,227000,11.490
2026/04/29 15:45:00,228000,11.496
2026/04/29 15:45:00,229000,11.490
2026/04/29 15:45:00,230000,11.487
2026/04/29 15:45:00,231000,11.485
2026/04/29 15:45:00,232000,11.490
2026/04/29 15:45:00,233000,11.490
2026/04/29 15:45:00,234000,11.490
2026/04/29 15:45:00,235000,11.493
2026/04/29 15:45:00,236000,11.493
2026/04/29 15:45:00,237000,11.485
2026/04/29 15:45:00,238000,11.493
2026/04/29 15:45:00,239000,11.487
2026/04/29 15:45:00,240000,11.490
2026/04/29 15:45:00,241000,11.487
2026/04/29 15:45:00,242000,11.493
2026/04/29 15:45:00,243000,11.496
2026/04/29 15:45:00,244000,11.493
2026/04/29 15:45:00,245000,11.496
2026/04/29 15:45:00,246000,11.496
2026/04/29 15:45:00,247000,11.490
2026/04/29 15:45:00,248000,11.487
2026/04/29 15:45:00,249000,11.496
2026/04/29 15:45:00,250000,11.487
2026/04/29 15:45:00,251000,11.493
2026/04/29 15:45:00,252000,11.487
2026/04/29 15:45:00,253000,11.496
2026/04/29 15:45:00,254000,11.499
2026/04/29 15:45:00,255000,11.499
2026/04/29 15:45:00,256000,11.499
2026/04/29 15:45:00,257000,11.487
2026/04/29 15:45:00,258000,11.490
2026/04/29 15:45:00,259000,11.493
2026/04/29 15:45:00,260000,11.487
2026/04/29 15:45:00,261000,11.496
2026/04/29 15:45:00,262000,11.493
2026/04/29 15:45:00,263000,11.485
2026/04/29 15:45:00,264000,11.493
2026/04/29 15:45:00,265000,11.493
2026/04/29 15:45:00,266000,11.490
2026/04/29 15:45:00,267000,11.493
2026/04/29 15:45:00,268000,11.482
2026/04/29 15:45:00,269000,11.487
2026/04/29 15:45:00,270000,11.490
2026/04/29 15:45:00,271000,11.490
2026/04/29 15:45:00,272000,11.496
2026/04/29 15:45:00,273000,11.490
2026/04/29 15:45:00,274000,11.493
2026/04/29 15:45:00,275000,11.493
2026/04/29 15:45:00,276000,11.490
2026/04/29 15:45:00,277000,11.490
2026/04/29 15:45:00,278000,11.499
2026/04/29 15:45:00,279000,11.485
2026/04/29 15:45:00,280000,11.493
2026/04/29 15:45:00,281000,11.482
2026/04/29 15:45:00,282000,11.490
2026/04/29 15:45:00,283000,11.487
2026/04/29 15:45:00,284000,11.487
2026/04/29 15:45:00,285000,11.490
2026/04/29 15:45:00,286000,11.487
2026/04/29 15:45:00,287000,11.490
2026/04/29 15:45:00,288000,11.493
2026/04/29 15:45:00,289000,11.490
2026/04/29 15:45:00,290000,11.487
2026/04/29 15:45:00,291000,11.487
2026/04/29 15:45:00,292000,11.493
2026/04/29 15:45:00,293000,11.490
2026/04/29 15:45:00,294000,11.487
2026/04/29 15:45:00,295000,11.493
2026/04/29 15:45:00,296000,11.490
2026/04/29 15:45:00,297000,11.493
2026/04/29 15:45:00,298000,11.499
2026/04/29 15:45:00,299000,11.490
2026/04/29 15:45:00,300000,11.487
2026/04/29 15:45:00,301000,11.490
2026/04/29 15:45:00,302000,11.490
2026/04/29 15:45:00,303000,11.493
2026/04/29 15:45:00,304000,11.496
2026/04/29 15:45:00,305000,11.490
2026/04/29 15:45:00,306000,11.490
2026/04/29 15:45:00,307000,11.493
2026/04/29 15:45:00,308000,11.490
2026/04/29 15:45:00,309000,11.496
2026/04/29 15:45:00,310000,11.490
2026/04/29 15:45:00,311000,11.490
2026/04/29 15:45:00,312000,11.490
2026/04/29 15:45:00,313000,11.490
2026/04/29 15:45:00,314000,11.496
2026/04/29 15:45:00,315000,11.490
2026/04/29 15:45:00,316000,11.487
2026/04/29 15:45:00,317000,11.490
2026/04/29 15:45:00,318000,11.490
2026/04/29 15:45:00,319000,11.487
2026/04/29 15:45:00,320000,11.493
2026/04/29 15:45:00,321000,11.490
2026/04/29 15:45:00,322000,11.490
2026/04/29 15:45:00,323000,11.493
2026/04/29 15:45:00,324000,11.493
2026/04/29 15:45:00,325000,11.493
2026/04/29 15:45:00,326000,11.490
2026/04/29 15:45:00,327000,11.493
2026/04/29 15:45:00,328000,11.493
2026/04/29 15:45:00,329000,11.490
2026/04/29 15:45:00,330000,11.490
2026/04/29 15:45:00,331000,11.490
2026/04/29 15:45:00,332000,11.490
2026/04/29 15:45:00,333000,11.493
2026/04/29 15:45:00,334000,11.493
2026/04/29 15:45:00,335000,11.487
2026/04/29 15:45:00,336000,11.493
2026/04/29 15:45:00,337000,11.490
2026/04/29 15:45:00,338000,11.490
2026/04/29 15:45:00,339000,11.485
2026/04/29 15:45:00,340000,11.490
2026/04/29 15:45:00,341000,11.493
2026/04/29 15:45:00,342000,11.493
2026/04/29 15:45:00,343000,11.490
2026/04/29 15:45:00,344000,11.487
2026/04/29 15:45:00,345000,11.487
2026/04/29 15:45:00,346000,11.490
2026/04/29 15:45:00,347000,11.485
2026/04/29 15:45:00,348000,11.493
2026/04/29 15:45:00,349000,11.493
2026/04/29 15:45:00,350000,11.499
2026/04/29 15:45:00,351000,11.487
2026/04/29 15:45:00,352000,11.490
2026/04/29 15:45:00,353000,11.493
2026/04/29 15:45:00,354000,11.493
2026/04/29 15:45:00,355000,11.493
2026/04/29 15:45:00,356000,11.487
2026/04/29 15:45:00,357000,11.493
2026/04/29 15:45:00,358000,11.485
2026/04/29 15:45:00,359000,11.485
2026/04/29 15:45:00,360000,11.493
2026/04/29 15:45:00,361000,11.493
2026/04/29 15:45:00,362000,11.487
2026/04/29 15:45:00,363000,11.487
2026/04/29 15:45:00,364000,11.487
2026/04/29 15:45:00,365000,11.493
2026/04/29 15:45:00,366000,11.490
2026/04/29 15:45:00,367000,11.493
2026/04/29 15:45:00,368000,11.485
2026/04/29 15:45:00,369000,11.490
2026/04/29 15:45:00,370000,11.496
2026/04/29 15:45:00,371000,11.490
2026/04/29 15:45:00,372000,11.493
2026/04/29 15:45:00,373000,11.493
2026/04/29 15:45:00,374000,11.487
2026/04/29 15:45:00,375000,11.490
2026/04/29 15:45:00,376000,11.482
2026/04/29 15:45:00,377000,11.493
2026/04/29 15:45:00,378000,11.493
2026/04/29 15:45:00,379000,11.490
2026/04/29 15:45:00,380000,11.493
2026/04/29 15:45:00,381000,11.487
2026/04/29 15:45:00,382000,11.493
2026/04/29 15:45:00,383000,11.490
2026/04/29 15:45:00,384000,11.496
2026/04/29 15:45:00,385000,11.490
2026/04/29 15:45:00,386000,11.487
2026/04/29 15:45:00,387000,11.490
2026/04/29 15:45:00,388000,11.496
2026/04/29 15:45:00,389000,11.493
2026/04/29 15:45:00,390000,11.485
2026/04/29 15:45:00,391000,11.490
2026/04/29 15:45:00,392000,11.493
2026/04/29 15:45:00,393000,11.485
2026/04/29 15:45:00,394000,11.490
2026/04/29 15:45:00,395000,11.487
2026/04/29 15:45:00,396000,11.490
2026/04/29 15:45:00,397000,11.490
2026/04/29 15:45:00,398000,11.487
2026/04/29 15:45:00,399000,11.485
2026/04/29 15:45:00,400000,11.496
2026/04/29 15:45:00,401000,11.490
2026/04/29 15:45:00,402000,11.493
2026/04/29 15:45:00,403000,11.487
2026/04/29 15:45:00,404000,11.493
2026/04/29 15:45:00,405000,11.490
2026/04/29 15:45:00,406000,11.496
2026/04/29 15:45:00,407000,11.499
2026/04/29 15:45:00,408000,11.493
2026/04/29 15:45:00,409000,11.490
2026/04/29 15:45:00,410000,11.487
2026/04/29 15:45:00,411000,11.487
2026/04/29 15:45:00,412000,11.487
2026/04/29 15:45:00,413000,11.482
2026/04/29 15:45:00,414000,11.493
2026/04/29 15:45:00,415000,11.490
2026/04/29 15:45:00,416000,11.490
2026/04/29 15:45:00,417000,11.490
2026/04/29 15:45:00,418000,11.493
2026/04/29 15:45:00,419000,11.490
2026/04/29 15:45:00,420000,11.490
2026/04/29 15:45:00,421000,11.487
2026/04/29 15:45:00,422000,11.499
2026/04/29 15:45:00,423000,11.493
2026/04/29 15:45:00,424000,11.490
2026/04/29 15:45:00,425000,11.487
2026/04/29 15:45:00,426000,11.493
2026/04/29 15:45:00,427000,11.496
2026/04/29 15:45:00,428000,11.490
2026/04/29 15:45:00,429000,11.485
2026/04/29 15:45:00,430000,11.493
2026/04/29 15:45:00,431000,11.490
2026/04/29 15:45:00,432000,11.493
2026/04/29 15:45:00,433000,11.487
2026/04/29 15:45:00,434000,11.487
2026/04/29 15:45:00,435000,11.490
2026/04/29 15:45:00,436000,11.487
2026/04/29 15:45:00,437000,11.490
2026/04/29 15:45:00,438000,11.493
2026/04/29 15:45:00,439000,11.490
2026/04/29 15:45:00,440000,11.493
2026/04/29 15:45:00,441000,11.493
2026/04/29 15:45:00,442000,11.490
2026/04/29 15:45:00,443000,11.482
2026/04/29 15:45:00,444000,11.493
2026/04/29 15:45:00,445000,11.490
2026/04/29 15:45:00,446000,11.487
2026/04/29 15:45:00,447000,11.490
2026/04/29 15:45:00,448000,11.490
2026/04/29 15:45:00,449000,11.493
2026/04/29 15:45:00,450000,11.487
2026/04/29 15:45:00,451000,11.493
2026/04/29 15:45:00,452000,11.493
2026/04/29 15:45:00,453000,11.493
2026/04/29 15:45:00,454000,11.490
2026/04/29 15:45:00,455000,11.493
2026/04/29 15:45:00,456000,11.487
2026/04/29 15:45:00,457000,11.496
2026/04/29 15:45:00,458000,11.490
2026/04/29 15:45:00,459000,11.487
2026/04/29 15:45:00,460000,11.493
2026/04/29 15:45:00,461000,11.487
2026/04/29 15:45:00,462000,11.490
2026/04/29 15:45:00,463000,11.493
2026/04/29 15:45:00,464000,11.487
2026/04/29 15:45:00,465000,11.490
2026/04/29 15:45:00,466000,11.496
2026/04/29 15:45:00,467000,11.490
2026/04/29 15:45:00,468000,11.485
2026/04/29 15:45:00,469000,11.493
2026/04/29 15:45:00,470000,11.493
2026/04/29 15:45:00,471000,11.487
2026/04/29 15:45:00,472000,11.487
2026/04/29 15:45:00,473000,11.485
2026/04/29 15:45:00,474000,11.487
2026/04/29 15:45:00,475000,11.490
2026/04/29 15:45:00,476000,11.493
2026/04/29 15:45:00,477000,11.496
2026/04/29 15:45:00,478000,11.490
2026/04/29 15:45:00,479000,11.493
2026/04/29 15:45:00,480000,11.493
2026/04/29 15:45:00,481000,11.482
2026/04/29 15:45:00,482000,11.493
2026/04/29 15:45:00,483000,11.493
2026/04/29 15:45:00,484000,11.490
2026/04/29 15:45:00,485000,11.487
2026/04/29 15:45:00,486000,11.490
2026/04/29 15:45:00,487000,11.487
2026/04/29 15:45:00,488000,11.490
2026/04/29 15:45:00,489000,11.493
2026/04/29 15:45:00,490000,11.493
2026/04/29 15:45:00,491000,11.485
2026/04/29 15:45:00,492000,11.485
2026/04/29 15:45:00,493000,11.493
2026/04/29 15:45:00,494000,11.493
2026/04/29 15:45:00,495000,11.493
2026/04/29 15:45:00,496000,11.487
2026/04/29 15:45:00,497000,11.490
2026/04/29 15:45:00,498000,11.485
2026/04/29 15:45:00,499000,11.493
2026/04/29 15:45:00,500000,11.493
2026/04/29 15:45:00,501000,11.493
2026/04/29 15:45:00,502000,11.490
2026/04/29 15:45:00,503000,11.490
2026/04/29 15:45:00,504000,11.487
2026/04/29 15:45:00,505000,11.487
2026/04/29 15:45:00,506000,11.490
2026/04/29 15:45:00,507000,11.493
2026/04/29 15:45:00,508000,11.490
2026/04/29 15:45:00,509000,11.487
2026/04/29 15:45:00,510000,11.487
2026/04/29 15:45:00,511000,11.485
2026/04/29 15:45:00,512000,11.493
2026/04/29 15:45:00,513000,11.487
2026/04/29 15:45:00,514000,11.490
2026/04/29 15:45:00,515000,11.490
2026/04/29 15:45:00,516000,11.493
2026/04/29 15:45:00,517000,11.490
2026/04/29 15:45:00,518000,11.490
2026/04/29 15:45:00,519000,11.487
2026/04/29 15:45:00,520000,11.490
2026/04/29 15:45:00,521000,11.487
2026/04/29 15:45:00,522000,11.490
2026/04/29 15:45:00,523000,11.485
2026/04/29 15:45:00,524000,11.490
2026/04/29 15:45:00,525000,11.490
2026/04/29 15:45:00,526000,11.485
2026/04/29 15:45:00,527000,11.490
2026/04/29 15:45:00,528000,11.496
2026/04/29 15:45:00,529000,11.490
2026/04/29 15:45:00,530000,11.493
2026/04/29 15:45:00,531000,11.490
2026/04/29 15:45:00,532000,11.487
2026/04/29 15:45:00,533000,11.485
2026/04/29 15:45:00,534000,11.496
2026/04/29 15:45:00,535000,11.493
2026/04/29 15:45:00,536000,11.490
2026/04/29 15:45:00,537000,11.493
2026/04/29 15:45:00,538000,11.487
2026/04/29 15:45:00,539000,11.493
2026/04/29 15:45:00,540000,11.487
2026/04/29 15:45:00,541000,11.487
2026/04/29 15:45:00,542000,11.493
2026/04/29 15:45:00,543000,11.485
2026/04/29 15:45:00,544000,11.487
2026/04/29 15:45:00,545000,11.490
2026/04/29 15:45:00,546000,11.496
2026/04/29 15:45:00,547000,11.493
2026/04/29 15:45:00,548000,11.487
2026/04/29 15:45:00,549000,11.487
2026/04/29 15:45:00,550000,11.490
2026/04/29 15:45:00,551000,11.490
2026/04/29 15:45:00,552000,11.485
2026/04/29 15:45:00,553000,11.485
2026/04/29 15:45:00,554000,11.493
2026/04/29 15:45:00,555000,11.490
2026/04/29 15:45:00,556000,11.493
2026/04/29 15:45:00,557000,11.496
2026/04/29 15:45:00,558000,11.490
2026/04/29 15:45:00,559000,11.490
2026/04/29 15:45:00,560000,11.485
2026/04/29 15:45:00,561000,11.493
2026/04/29 15:45:00,562000,11.490
2026/04/29 15:45:00,563000,11.487
2026/04/29 15:45:00,564000,11.493
2026/04/29 15:45:00,565000,11.493
2026/04/29 15:45:00,566000,11.493
2026/04/29 15:45:00,567000,11.490
2026/04/29 15:45:00,568000,11.490
2026/04/29 15:45:00,569000,11.487
2026/04/29 15:45:00,570000,11.490
2026/04/29 15:45:00,571000,11.490
2026/04/29 15:45:00,572000,11.490
2026/04/29 15:45:00,573000,11.490
2026/04/29 15:45:00,574000,11.487
2026/04/29 15:45:00,575000,11.482
2026/04/29 15:45:00,576000,11.490
2026/04/29 15:45:00,577000,11.490
2026/04/29 15:45:00,578000,11.490
2026/04/29 15:45:00,579000,11.490
2026/04/29 15:45:00,580000,11.487
2026/04/29 15:45:00,581000,11.490
2026/04/29 15:45:00,582000,11.487
2026/04/29 15:45:00,583000,11.487
2026/04/29 15:45:00,584000,11.490
2026/04/29 15:45:00,585000,11.493
2026/04/29 15:45:00,586000,11.493
2026/04/29 15:45:00,587000,11.490
2026/04/29 15:45:00,588000,11.490
2026/04/29 15:45:00,589000,11.487
2026/04/29 15:45:00,590000,11.490
2026/04/29 15:45:00,591000,11.496
2026/04/29 15:45:00,592000,11.490
2026/04/29 15:45:00,593000,11.490
2026/04/29 15:45:00,594000,11.487
2026/04/29 15:45:00,595000,11.485
2026/04/29 15:45:00,596000,11.493
2026/04/29 15:45:00,597000,11.487
2026/04/29 15:45:00,598000,11.496
2026/04/29 15:45:00,599000,11.490
2026/04/29 15:45:00,600000,11.490
2026/04/29 15:45:00,601000,11.490
2026/04/29 15:45:00,602000,11.490
2026/04/29 15:45:00,603000,11.487
2026/04/29 15:45:00,604000,11.493
2026/04/29 15:45:00,605000,11.496
2026/04/29 15:45:00,606000,11.493
2026/04/29 15:45:00,607000,11.487
2026/04/29 15:45:00,608000,11.493
2026/04/29 15:45:00,609000,11.490
2026/04/29 15:45:00,610000,11.487
2026/04/29 15:45:00,611000,11.485
2026/04/29 15:45:00,612000,11.487
2026/04/29 15:45:00,613000,11.487
2026/04/29 15:45:00,614000,11.487
2026/04/29 15:45:00,615000,11.482
2026/04/29 15:45:00,616000,11.490
2026/04/29 15:45:00,617000,11.490
2026/04/29 15:45:00,618000,11.487
2026/04/29 15:45:00,619000,11.493
2026/04/29 15:45:00,620000,11.487
2026/04/29 15:45:00,621000,11.487
2026/04/29 15:45:00,622000,11.493
2026/04/29 15:45:00,623000,11.490
2026/04/29 15:45:00,624000,11.487
2026/04/29 15:45:00,625000,11.490
2026/04/29 15:45:00,626000,11.485
2026/04/29 15:45:00,627000,11.485
2026/04/29 15:45:00,628000,11.479
2026/04/29 15:45:00,629000,11.493
2026/04/29 15:45:00,630000,11.490
2026/04/29 15:45:00,631000,11.496
2026/04/29 15:45:00,632000,11.487
2026/04/29 15:45:00,633000,11.487
2026/04/29 15:45:00,634000,11.490
2026/04/29 15:45:00,635000,11.493
2026/04/29 15:45:00,636000,11.487
2026/04/29 15:45:00,637000,11.496
2026/04/29 15:45:00,638000,11.487
2026/04/29 15:45:00,639000,11.487
2026/04/29 15:45:00,640000,11.493
2026/04/29 15:45:00,641000,11.490
2026/04/29 15:45:00,642000,11.493
2026/04/29 15:45:00,643000,11.493
2026/04/29 15:45:00,644000,11.499
2026/04/29 15:45:00,645000,11.490
2026/04/29 15:45:00,646000,11.496
2026/04/29 15:45:00,647000,11.490
2026/04/29 15:45:00,648000,11.493
2026/04/29 15:45:00,649000,11.490
2026/04/29 15:45:00,650000,11.496
2026/04/29 15:45:00,651000,11.493
2026/04/29 15:45:00,652000,11.493
2026/04/29 15:45:00,653000,11.490
2026/04/29 15:45:00,654000,11.493
2026/04/29 15:45:00,655000,11.493
2026/04/29 15:45:00,656000,11.499
2026/04/29 15:45:00,657000,11.493
2026/04/29 15:45:00,658000,11.493
2026/04/29 15:45:00,659000,11.490
2026/04/29 15:45:00,660000,11.490
2026/04/29 15:45:00,661000,11.487
2026/04/29 15:45:00,662000,11.490
2026/04/29 15:45:00,663000,11.496
2026/04/29 15:45:00,664000,11.490
2026/04/29 15:45:00,665000,11.490
2026/04/29 15:45:00,666000,11.487
2026/04/29 15:45:00,667000,11.490
2026/04/29 15:45:00,668000,11.487
2026/04/29 15:45:00,669000,11.482
2026/04/29 15:45:00,670000,11.493
2026/04/29 15:45:00,671000,11.487
2026/04/29 15:45:00,672000,11.487
2026/04/29 15:45:00,673000,11.501
2026/04/29 15:45:00,674000,11.482
2026/04/29 15:45:00,675000,11.493
2026/04/29 15:45:00,676000,11.493
2026/04/29 15:45:00,677000,11.490
2026/04/29 15:45:00,678000,11.487
2026/04/29 15:45:00,679000,11.499
2026/04/29 15:45:00,680000,11.487
2026/04/29 15:45:00,681000,11.493
2026/04/29 15:45:00,682000,11.490
2026/04/29 15:45:00,683000,11.493
2026/04/29 15:45:00,684000,11.487
2026/04/29 15:45:00,685000,11.493
2026/04/29 15:45:00,686000,11.490
2026/04/29 15:45:00,687000,11.490
2026/04/29 15:45:00,688000,11.496
2026/04/29 15:45:00,689000,11.493
2026/04/29 15:45:00,690000,11.490
2026/04/29 15:45:00,691000,11.490
2026/04/29 15:45:00,692000,11.490
2026/04/29 15:45:00,693000,11.482
2026/04/29 15:45:00,694000,11.487
2026/04/29 15:45:00,695000,11.487
2026/04/29 15:45:00,696000,11.496
2026/04/29 15:45:00,697000,11.490
2026/04/29 15:45:00,698000,11.490
2026/04/29 15:45:00,699000,11.490
2026/04/29 15:45:00,700000,11.487
2026/04/29 15:45:00,701000,11.485
2026/04/29 15:45:00,702000,11.487
2026/04/29 15:45:00,703000,11.493
2026/04/29 15:45:00,704000,11.490
2026/04/29 15:45:00,705000,11.487
2026/04/29 15:45:00,706000,11.490
2026/04/29 15:45:00,707000,11.490
2026/04/29 15:45:00,708000,11.490
2026/04/29 15:45:00,709000,11.493
2026/04/29 15:45:00,710000,11.490
2026/04/29 15:45:00,711000,11.490
2026/04/29 15:45:00,712000,11.493
2026/04/29 15:45:00,713000,11.487
2026/04/29 15:45:00,714000,11.496
2026/04/29 15:45:00,715000,11.487
2026/04/29 15:45:00,716000,11.487
2026/04/29 15:45:00,717000,11.487
2026/04/29 15:45:00,718000,11.493
2026/04/29 15:45:00,719000,11.490
2026/04/29 15:45:00,720000,11.493
2026/04/29 15:45:00,721000,11.493
2026/04/29 15:45:00,722000,11.490
2026/04/29 15:45:00,723000,11.493
2026/04/29 15:45:00,724000,11.490
2026/04/29 15:45:00,725000,11.490
2026/04/29 15:45:00,726000,11.485
2026/04/29 15:45:00,727000,11.493
2026/04/29 15:45:00,728000,11.490
2026/04/29 15:45:00,729000,11.490
2026/04/29 15:45:00,730000,11.487
2026/04/29 15:45:00,731000,11.493
2026/04/29 15:45:00,732000,11.487
2026/04/29 15:45:00,733000,11.487
2026/04/29 15:45:00,734000,11.493
2026/04/29 15:45:00,735000,11.487
2026/04/29 15:45:00,736000,11.490
2026/04/29 15:45:00,737000,11.493
2026/04/29 15:45:00,738000,11.490
2026/04/29 15:45:00,739000,11.490
2026/04/29 15:45:00,740000,11.493
2026/04/29 15:45:00,741000,11.485
2026/04/29 15:45:00,742000,11.490
2026/04/29 15:45:00,743000,11.490
2026/04/29 15:45:00,744000,11.487
2026/04/29 15:45:00,745000,11.490
2026/04/29 15:45:00,746000,11.493
2026/04/29 15:45:00,747000,11.487
2026/04/29 15:45:00,748000,11.493
2026/04/29 15:45:00,749000,11.490
2026/04/29 15:45:00,750000,11.493
2026/04/29 15:45:00,751000,11.490
2026/04/29 15:45:00,752000,11.493
2026/04/29 15:45:00,753000,11.487
2026/04/29 15:45:00,754000,11.490
2026/04/29 15:45:00,755000,11.490
2026/04/29 15:45:00,756000,11.493
2026/04/29 15:45:00,757000,11.499
2026/04/29 15:45:00,758000,11.496
2026/04/29 15:45:00,759000,11.485
2026/04/29 15:45:00,760000,11.485
2026/04/29 15:45:00,761000,11.493
2026/04/29 15:45:00,762000,11.496
2026/04/29 15:45:00,763000,11.490
2026/04/29 15:45:00,764000,11.493
2026/04/29 15:45:00,765000,11.490
2026/04/29 15:45:00,766000,11.487
2026/04/29 15:45:00,767000,11.490
2026/04/29 15:45:00,768000,11.487
2026/04/29 15:45:00,769000,11.493
2026/04/29 15:45:00,770000,11.493
2026/04/29 15:45:00,771000,11.493
2026/04/29 15:45:00,772000,11.490
2026/04/29 15:45:00,773000,11.493
2026/04/29 15:45:00,774000,11.490
2026/04/29 15:45:00,775000,11.490
2026/04/29 15:45:00,776000,11.487
2026/04/29 15:45:00,777000,11.485
2026/04/29 15:45:00,778000,11.490
2026/04/29 15:45:00,779000,11.493
2026/04/29 15:45:00,780000,11.490
2026/04/29 15:45:00,781000,11.496
2026/04/29 15:45:00,782000,11.487
2026/04/29 15:45:00,783000,11.487
2026/04/29 15:45:00,784000,11.493
2026/04/29 15:45:00,785000,11.493
2026/04/29 15:45:00,786000,11.487
2026/04/29 15:45:00,787000,11.493
2026/04/29 15:45:00,788000,11.490
2026/04/29 15:45:00,789000,11.490
2026/04/29 15:45:00,790000,11.482
2026/04/29 15:45:00,791000,11.493
2026/04/29 15:45:00,792000,11.490
2026/04/29 15:45:00,793000,11.490
2026/04/29 15:45:00,794000,11.490
2026/04/29 15:45:00,795000,11.493
2026/04/29 15:45:00,796000,11.487
2026/04/29 15:45:00,797000,11.487
2026/04/29 15:45:00,798000,11.499
2026/04/29 15:45:00,799000,11.493
2026/04/29 15:45:00,800000,11.487
2026/04/29 15:45:00,801000,11.490
2026/04/29 15:45:00,802000,11.493
2026/04/29 15:45:00,803000,11.490
2026/04/29 15:45:00,804000,11.493
2026/04/29 15:45:00,805000,11.499
2026/04/29 15:45:00,806000,11.487
2026/04/29 15:45:00,807000,11.487
2026/04/29 15:45:00,808000,11.493
2026/04/29 15:45:00,809000,11.490
2026/04/29 15:45:00,810000,11.496
2026/04/29 15:45:00,811000,11.493
2026/04/29 15:45:00,812000,11.490
2026/04/29 15:45:00,813000,11.493
2026/04/29 15:45:00,814000,11.487
2026/04/29 15:45:00,815000,11.482
2026/04/29 15:45:00,816000,11.493
2026/04/29 15:45:00,817000,11.490
2026/04/29 15:45:00,818000,11.493
2026/04/29 15:45:00,819000,11.490
2026/04/29 15:45:00,820000,11.490
2026/04/29 15:45:00,821000,11.487
2026/04/29 15:45:00,822000,11.493
2026/04/29 15:45:00,823000,11.487
2026/04/29 15:45:00,824000,11.493
2026/04/29 15:45:00,825000,11.490
2026/04/29 15:45:00,826000,11.493
2026/04/29 15:45:00,827000,11.490
2026/04/29 15:45:00,828000,11.485
2026/04/29 15:45:00,829000,11.487
2026/04/29 15:45:00,830000,11.496
2026/04/29 15:45:00,831000,11.490
2026/04/29 15:45:00,832000,11.490
2026/04/29 15:45:00,833000,11.493
2026/04/29 15:45:00,834000,11.493
2026/04/29 15:45:00,835000,11.487
2026/04/29 15:45:00,836000,11.493
2026/04/29 15:45:00,837000,11.496
2026/04/29 15:45:00,838000,11.493
2026/04/29 15:45:00,839000,11.496
2026/04/29 15:45:00,840000,11.490
2026/04/29 15:45:00,841000,11.490
2026/04/29 15:45:00,842000,11.487
2026/04/29 15:45:00,843000,11.493
2026/04/29 15:45:00,844000,11.490
2026/04/29 15:45:00,845000,11.493
2026/04/29 15:45:00,846000,11.490
2026/04/29 15:45:00,847000,11.487
2026/04/29 15:45:00,848000,11.482
2026/04/29 15:45:00,849000,11.490
2026/04/29 15:45:00,850000,11.496
2026/04/29 15:45:00,851000,11.499
2026/04/29 15:45:00,852000,11.490
2026/04/29 15:45:00,853000,11.482
2026/04/29 15:45:00,854000,11.499
2026/04/29 15:45:00,855000,11.487
2026/04/29 15:45:00,856000,11.490
2026/04/29 15:45:00,857000,11.490
2026/04/29 15:45:00,858000,11.493
2026/04/29 15:45:00,859000,11.490
2026/04/29 15:45:00,860000,11.490
2026/04/29 15:45:00,861000,11.493
2026/04/29 15:45:00,862000,11.490
2026/04/29 15:45:00,863000,11.493
2026/04/29 15:45:00,864000,11.487
2026/04/29 15:45:00,865000,11.493
2026/04/29 15:45:00,866000,11.490
2026/04/29 15:45:00,867000,11.487
2026/04/29 15:45:00,868000,11.499
2026/04/29 15:45:00,869000,11.487
2026/04/29 15:45:00,870000,11.496
2026/04/29 15:45:00,871000,11.490
2026/04/29 15:45:00,872000,11.493
2026/04/29 15:45:00,873000,11.487
2026/04/29 15:45:00,874000,11.490
2026/04/29 15:45:00,875000,11.487
2026/04/29 15:45:00,876000,11.490
2026/04/29 15:45:00,877000,11.485
2026/04/29 15:45:00,878000,11.493
2026/04/29 15:45:00,879000,11.490
2026/04/29 15:45:00,880000,11.487
2026/04/29 15:45:00,881000,11.490
2026/04/29 15:45:00,882000,11.490
2026/04/29 15:45:00,883000,11.487
2026/04/29 15:45:00,884000,11.482
2026/04/29 15:45:00,885000,11.490
2026/04/29 15:45:00,886000,11.490
2026/04/29 15:45:00,887000,11.487
2026/04/29 15:45:00,888000,11.490
2026/04/29 15:45:00,889000,11.493
2026/04/29 15:45:00,890000,11.499
2026/04/29 15:45:00,891000,11.485
2026/04/29 15:45:00,892000,11.487
2026/04/29 15:45:00,893000,11.493
2026/04/29 15:45:00,894000,11.493
2026/04/29 15:45:00,895000,11.496
2026/04/29 15:45:00,896000,11.487
2026/04/29 15:45:00,897000,11.485
2026/04/29 15:45:00,898000,11.490
2026/04/29 15:45:00,899000,11.493
2026/04/29 15:45:00,900000,11.490
2026/04/29 15:45:00,901000,11.493
2026/04/29 15:45:00,902000,11.493
2026/04/29 15:45:00,903000,11.490
2026/04/29 15:45:00,904000,11.493
2026/04/29 15:45:00,905000,11.487
2026/04/29 15:45:00,906000,11.490
2026/04/29 15:45:00,907000,11.490
2026/04/29 15:45:00,908000,11.496
2026/04/29 15:45:00,909000,11.485
2026/04/29 15:45:00,910000,11.493
2026/04/29 15:45:00,911000,11.487
2026/04/29 15:45:00,912000,11.487
2026/04/29 15:45:00,913000,11.487
2026/04/29 15:45:00,914000,11.490
2026/04/29 15:45:00,915000,11.490
2026/04/29 15:45:00,916000,11.490
2026/04/29 15:45:00,917000,11.490
2026/04/29 15:45:00,918000,11.493
2026/04/29 15:45:00,919000,11.485
2026/04/29 15:45:00,920000,11.493
2026/04/29 15:45:00,921000,11.487
2026/04/29 15:45:00,922000,11.493
2026/04/29 15:45:00,923000,11.493
2026/04/29 15:45:00,924000,11.490
2026/04/29 15:45:00,925000,11.493
2026/04/29 15:45:00,926000,11.493
2026/04/29 15:45:00,927000,11.490
2026/04/29 15:45:00,928000,11.493
2026/04/29 15:45:00,929000,11.493
2026/04/29 15:45:00,930000,11.490
2026/04/29 15:45:00,931000,11.493
2026/04/29 15:45:00,932000,11.490
2026/04/29 15:45:00,933000,11.490
2026/04/29 15:45:00,934000,11.493
2026/04/29 15:45:00,935000,11.493
2026/04/29 15:45:00,936000,11.490
2026/04/29 15:45:00,937000,11.487
2026/04/29 15:45:00,938000,11.487
2026/04/29 15:45:00,939000,11.487
2026/04/29 15:45:00,940000,11.487
2026/04/29 15:45:00,941000,11.493
2026/04/29 15:45:00,942000,11.496
2026/04/29 15:45:00,943000,11.490
2026/04/29 15:45:00,944000,11.485
2026/04/29 15:45:00,945000,11.493
2026/04/29 15:45:00,946000,11.487
2026/04/29 15:45:00,947000,11.490
2026/04/29 15:45:00,948000,11.490
2026/04/29 15:45:00,949000,11.487
2026/04/29 15:45:00,950000,11.490
2026/04/29 15:45:00,951000,11.485
2026/04/29 15:45:00,952000,11.485
2026/04/29 15:45:00,953000,11.487
2026/04/29 15:45:00,954000,11.493
2026/04/29 15:45:00,955000,11.490
2026/04/29 15:45:00,956000,11.485
2026/04/29 15:45:00,957000,11.490
2026/04/29 15:45:00,958000,11.479
2026/04/29 15:45:00,959000,11.490
2026/04/29 15:45:00,960000,11.487
2026/04/29 15:45:00,961000,11.493
2026/04/29 15:45:00,962000,11.482
2026/04/29 15:45:00,963000,11.490
2026/04/29 15:45:00,964000,11.487
2026/04/29 15:45:00,965000,11.493
2026/04/29 15:45:00,966000,11.490
2026/04/29 15:45:00,967000,11.490
2026/04/29 15:45:00,968000,11.490
2026/04/29 15:45:00,969000,11.490
2026/04/29 15:45:00,970000,11.493
2026/04/29 15:45:00,971000,11.490
2026/04/29 15:45:00,972000,11.490
2026/04/29 15:45:00,973000,11.487
2026/04/29 15:45:00,974000,11.490
2026/04/29 15:45:00,975000,11.487
2026/04/29 15:45:00,976000,11.490
2026/04/29 15:45:00,977000,11.487
2026/04/29 15:45:00,978000,11.493
2026/04/29 15:45:00,979000,11.490
2026/04/29 15:45:00,980000,11.487
2026/04/29 15:45:00,981000,11.487
2026/04/29 15:45:00,982000,11.490
2026/04/29 15:45:00,983000,11.482
2026/04/29 15:45:00,984000,11.490
2026/04/29 15:45:00,985000,11.490
2026/04/29 15:45:00,986000,11.490
2026/04/29 15:45:00,987000,11.493
2026/04/29 15:45:00,988000,11.493
2026/04/29 15:45:00,989000,11.485
2026/04/29 15:45:00,990000,11.490
2026/04/29 15:45:00,991000,11.490
2026/04/29 15:45:00,992000,11.496
2026/04/29 15:45:00,993000,11.490
2026/04/29 15:45:00,994000,11.479
2026/04/29 15:45:00,995000,11.490
2026/04/29 15:45:00,996000,11.485
2026/04/29 15:45:00,997000,11.487
2026/04/29 15:45:00,998000,11.487
2026/04/29 15:45:00,999000,11.487
2026/04/29 15:45:01,000000,11.493
2026/04/29 15:45:01,001000,11.493
2026/04/29 15:45:01,002000,11.487
2026/04/29 15:45:01,003000,11.490
2026/04/29 15:45:01,004000,11.490
2026/04/29 15:45:01,005000,11.490
2026/04/29 15:45:01,006000,11.490
2026/04/29 15:45:01,007000,11.487
2026/04/29 15:45:01,008000,11.490
2026/04/29 15:45:01,009000,11.487
2026/04/29 15:45:01,010000,11.490
2026/04/29 15:45:01,011000,11.487
2026/04/29 15:45:01,012000,11.493
2026/04/29 15:45:01,013000,11.490
2026/04/29 15:45:01,014000,11.487
2026/04/29 15:45:01,015000,11.499
2026/04/29 15:45:01,016000,11.493
2026/04/29 15:45:01,017000,11.490
2026/04/29 15:45:01,018000,11.487
2026/04/29 15:45:01,019000,11.485
2026/04/29 15:45:01,020000,11.487
2026/04/29 15:45:01,021000,11.493
2026/04/29 15:45:01,022000,11.485
2026/04/29 15:45:01,023000,11.487
2026/04/29 15:45:01,024000,11.496
2026/04/29 15:45:01,025000,11.490
2026/04/29 15:45:01,026000,11.487
2026/04/29 15:45:01,027000,11.485
2026/04/29 15:45:01,028000,11.490
2026/04/29 15:45:01,029000,11.493
2026/04/29 15:45:01,030000,11.493
2026/04/29 15:45:01,031000,11.490
2026/04/29 15:45:01,032000,11.490
2026/04/29 15:45:01,033000,11.493
2026/04/29 15:45:01,034000,11.493
2026/04/29 15:45:01,035000,11.490
2026/04/29 15:45:01,036000,11.493
2026/04/29 15:45:01,037000,11.490
2026/04/29 15:45:01,038000,11.490
2026/04/29 15:45:01,039000,11.487
2026/04/29 15:45:01,040000,11.493
2026/04/29 15:45:01,041000,11.482
2026/04/29 15:45:01,042000,11.501
2026/04/29 15:45:01,043000,11.493
2026/04/29 15:45:01,044000,11.490
2026/04/29 15:45:01,045000,11.487
2026/04/29 15:45:01,046000,11.490
2026/04/29 15:45:01,047000,11.490
2026/04/29 15:45:01,048000,11.485
2026/04/29 15:45:01,049000,11.493
2026/04/29 15:45:01,050000,11.490
2026/04/29 15:45:01,051000,11.487
2026/04/29 15:45:01,052000,11.493
2026/04/29 15:45:01,053000,11.485
2026/04/29 15:45:01,054000,11.496
2026/04/29 15:45:01,055000,11.493
2026/04/29 15:45:01,056000,11.490
2026/04/29 15:45:01,057000,11.493
2026/04/29 15:45:01,058000,11.490
2026/04/29 15:45:01,059000,11.487
2026/04/29 15:45:01,060000,11.493
2026/04/29 15:45:01,061000,11.496
2026/04/29 15:45:01,062000,11.493
2026/04/29 15:45:01,063000,11.496
2026/04/29 15:45:01,064000,11.487
2026/04/29 15:45:01,065000,11.493
2026/04/29 15:45:01,066000,11.493
2026/04/29 15:45:01,067000,11.490
2026/04/29 15:45:01,068000,11.490
2026/04/29 15:45:01,069000,11.487
2026/04/29 15:45:01,070000,11.493
2026/04/29 15:45:01,071000,11.490
2026/04/29 15:45:01,072000,11.493
2026/04/29 15:45:01,073000,11.490
2026/04/29 15:45:01,074000,11.490
2026/04/29 15:45:01,075000,11.490
2026/04/29 15:45:01,076000,11.499
2026/04/29 15:45:01,077000,11.496
2026/04/29 15:45:01,078000,11.493
2026/04/29 15:45:01,079000,11.493
2026/04/29 15:45:01,080000,11.490
2026/04/29 15:45:01,081000,11.490
2026/04/29 15:45:01,082000,11.490
2026/04/29 15:45:01,083000,11.493
2026/04/29 15:45:01,084000,11.493
2026/04/29 15:45:01,085000,11.490
2026/04/29 15:45:01,086000,11.490
2026/04/29 15:45:01,087000,11.493
2026/04/29 15:45:01,088000,11.493
2026/04/29 15:45:01,089000,11.493
2026/04/29 15:45:01,090000,11.496
2026/04/29 15:45:01,091000,11.490
2026/04/29 15:45:01,092000,11.487
2026/04/29 15:45:01,093000,11.490
2026/04/29 15:45:01,094000,11.490
2026/04/29 15:45:01,095000,11.493
2026/04/29 15:45:01,096000,11.493
2026/04/29 15:45:01,097000,11.487
2026/04/29 15:45:01,098000,11.487
2026/04/29 15:45:01,099000,11.487
2026/04/29 15:45:01,100000,11.493
2026/04/29 15:45:01,101000,11.487
2026/04/29 15:45:01,102000,11.490
2026/04/29 15:45:01,103000,11.490
2026/04/29 15:45:01,104000,11.490
2026/04/29 15:45:01,105000,11.504
2026/04/29 15:45:01,106000,11.490
2026/04/29 15:45:01,107000,11.493
2026/04/29 15:45:01,108000,11.487
2026/04/29 15:45:01,109000,11.485
2026/04/29 15:45:01,110000,11.490
2026/04/29 15:45:01,111000,11.496
2026/04/29 15:45:01,112000,11.493
2026/04/29 15:45:01,113000,11.490
2026/04/29 15:45:01,114000,11.490
2026/04/29 15:45:01,115000,11.487
2026/04/29 15:45:01,116000,11.493
2026/04/29 15:45:01,117000,11.493
2026/04/29 15:45:01,118000,11.485
2026/04/29 15:45:01,119000,11.490
2026/04/29 15:45:01,120000,11.490
2026/04/29 15:45:01,121000,11.496
2026/04/29 15:45:01,122000,11.485
2026/04/29 15:45:01,123000,11.496
2026/04/29 15:45:01,124000,11.499
2026/04/29 15:45:01,125000,11.493
2026/04/29 15:45:01,126000,11.487
2026/04/29 15:45:01,127000,11.490
2026/04/29 15:45:01,128000,11.493
2026/04/29 15:45:01,129000,11.496
2026/04/29 15:45:01,130000,11.490
2026/04/29 15:45:01,131000,11.493
2026/04/29 15:45:01,132000,11.487
2026/04/29 15:45:01,133000,11.490
2026/04/29 15:45:01,134000,11.496
2026/04/29 15:45:01,135000,11.493
2026/04/29 15:45:01,136000,11.490
2026/04/29 15:45:01,137000,11.493
2026/04/29 15:45:01,138000,11.493
2026/04/29 15:45:01,139000,11.490
2026/04/29 15:45:01,140000,11.490
2026/04/29 15:45:01,141000,11.490
2026/04/29 15:45:01,142000,11.490
2026/04/29 15:45:01,143000,11.487
2026/04/29 15:45:01,144000,11.490
2026/04/29 15:45:01,145000,11.490
2026/04/29 15:45:01,146000,11.493
2026/04/29 15:45:01,147000,11.493
2026/04/29 15:45:01,148000,11.499
2026/04/29 15:45:01,149000,11.493
2026/04/29 15:45:01,150000,11.487
2026/04/29 15:45:01,151000,11.493
2026/04/29 15:45:01,152000,11.487
2026/04/29 15:45:01,153000,11.487
2026/04/29 15:45:01,154000,11.493
2026/04/29 15:45:01,155000,11.487
2026/04/29 15:45:01,156000,11.487
2026/04/29 15:45:01,157000,11.496
2026/04/29 15:45:01,158000,11.493
2026/04/29 15:45:01,159000,11.496
2026/04/29 15:45:01,160000,11.493
2026/04/29 15:45:01,161000,11.493
2026/04/29 15:45:01,162000,11.487
2026/04/29 15:45:01,163000,11.490
2026/04/29 15:45:01,164000,11.490
2026/04/29 15:45:01,165000,11.496
2026/04/29 15:45:01,166000,11.490
2026/04/29 15:45:01,167000,11.493
2026/04/29 15:45:01,168000,11.493
2026/04/29 15:45:01,169000,11.499
2026/04/29 15:45:01,170000,11.493
2026/04/29 15:45:01,171000,11.493
2026/04/29 15:45:01,172000,11.493
2026/04/29 15:45:01,173000,11.490
2026/04/29 15:45:01,174000,11.493
2026/04/29 15:45:01,175000,11.487
2026/04/29 15:45:01,176000,11.493
2026/04/29 15:45:01,177000,11.490
2026/04/29 15:45:01,178000,11.496
2026/04/29 15:45:01,179000,11.493
2026/04/29 15:45:01,180000,11.499
2026/04/29 15:45:01,181000,11.493
2026/04/29 15:45:01,182000,11.490
2026/04/29 15:45:01,183000,11.490
2026/04/29 15:45:01,184000,11.490
2026/04/29 15:45:01,185000,11.496
2026/04/29 15:45:01,186000,11.485
2026/04/29 15:45:01,187000,11.490
2026/04/29 15:45:01,188000,11.490
2026/04/29 15:45:01,189000,11.496
2026/04/29 15:45:01,190000,11.490
2026/04/29 15:45:01,191000,11.493
2026/04/29 15:45:01,192000,11.487
2026/04/29 15:45:01,193000,11.487
2026/04/29 15:45:01,194000,11.490
2026/04/29 15:45:01,195000,11.493
2026/04/29 15:45:01,196000,11.490
2026/04/29 15:45:01,197000,11.490
2026/04/29 15:45:01,198000,11.493
2026/04/29 15:45:01,199000,11.493
2026/04/29 15:45:01,200000,11.493
2026/04/29 15:45:01,201000,11.493
2026/04/29 15:45:01,202000,11.487
2026/04/29 15:45:01,203000,11.487
2026/04/29 15:45:01,204000,11.496
2026/04/29 15:45:01,205000,11.496
2026/04/29 15:45:01,206000,11.487
2026/04/29 15:45:01,207000,11.490
2026/04/29 15:45:01,208000,11.490
2026/04/29 15:45:01,209000,11.493
2026/04/29 15:45:01,210000,11.487
2026/04/29 15:45:01,211000,11.493
2026/04/29 15:45:01,212000,11.487
2026/04/29 15:45:01,213000,11.487
2026/04/29 15:45:01,214000,11.490
2026/04/29 15:45:01,215000,11.487
2026/04/29 15:45:01,216000,11.490
2026/04/29 15:45:01,217000,11.490
2026/04/29 15:45:01,218000,11.487
2026/04/29 15:45:01,219000,11.485
2026/04/29 15:45:01,220000,11.490
2026/04/29 15:45:01,221000,11.490
2026/04/29 15:45:01,222000,11.490
2026/04/29 15:45:01,223000,11.490
2026/04/29 15:45:01,224000,11.490
2026/04/29 15:45:01,225000,11.493
2026/04/29 15:45:01,226000,11.490
2026/04/29 15:45:01,227000,11.487
2026/04/29 15:45:01,228000,11.499
2026/04/29 15:45:01,229000,11.490
2026/04/29 15:45:01,230000,11.490
2026/04/29 15:45:01,231000,11.485
2026/04/29 15:45:01,232000,11.490
2026/04/29 15:45:01,233000,11.487
2026/04/29 15:45:01,234000,11.493
2026/04/29 15:45:01,235000,11.490
2026/04/29 15:45:01,236000,11.490
2026/04/29 15:45:01,237000,11.487
2026/04/29 15:45:01,238000,11.499
2026/04/29 15:45:01,239000,11.485
2026/04/29 15:45:01,240000,11.493
2026/04/29 15:45:01,241000,11.490
2026/04/29 15:45:01,242000,11.493
2026/04/29 15:45:01,243000,11.490
2026/04/29 15:45:01,244000,11.490
2026/04/29 15:45:01,245000,11.499
2026/04/29 15:45:01,246000,11.487
2026/04/29 15:45:01,247000,11.499
2026/04/29 15:45:01,248000,11.485
2026/04/29 15:45:01,249000,11.487
2026/04/29 15:45:01,250000,11.490
2026/04/29 15:45:01,251000,11.493
2026/04/29 15:45:01,252000,11.493
2026/04/29 15:45:01,253000,11.490
2026/04/29 15:45:01,254000,11.490
2026/04/29 15:45:01,255000,11.487
2026/04/29 15:45:01,256000,11.490
2026/04/29 15:45:01,257000,11.496
2026/04/29 15:45:01,258000,11.487
2026/04/29 15:45:01,259000,11.487
2026/04/29 15:45:01,260000,11.490
2026/04/29 15:45:01,261000,11.493
2026/04/29 15:45:01,262000,11.496
2026/04/29 15:45:01,263000,11.493
2026/04/29 15:45:01,264000,11.490
2026/04/29 15:45:01,265000,11.487
2026/04/29 15:45:01,266000,11.493
2026/04/29 15:45:01,267000,11.487
2026/04/29 15:45:01,268000,11.493
2026/04/29 15:45:01,269000,11.490
2026/04/29 15:45:01,270000,11.487
2026/04/29 15:45:01,271000,11.490
2026/04/29 15:45:01,272000,11.493
2026/04/29 15:45:01,273000,11.493
2026/04/29 15:45:01,274000,11.496
2026/04/29 15:45:01,275000,11.487
2026/04/29 15:45:01,276000,11.493
2026/04/29 15:45:01,277000,11.496
2026/04/29 15:45:01,278000,11.487
2026/04/29 15:45:01,279000,11.493
2026/04/29 15:45:01,280000,11.493
2026/04/29 15:45:01,281000,11.493
2026/04/29 15:45:01,282000,11.485
2026/04/29 15:45:01,283000,11.490
2026/04/29 15:45:01,284000,11.490
2026/04/29 15:45:01,285000,11.496
2026/04/29 15:45:01,286000,11.493
2026/04/29 15:45:01,287000,11.485
2026/04/29 15:45:01,288000,11.490
2026/04/29 15:45:01,289000,11.490
2026/04/29 15:45:01,290000,11.490
2026/04/29 15:45:01,291000,11.487
2026/04/29 15:45:01,292000,11.496
2026/04/29 15:45:01,293000,11.487
2026/04/29 15:45:01,294000,11.496
2026/04/29 15:45:01,295000,11.496
2026/04/29 15:45:01,296000,11.490
2026/04/29 15:45:01,297000,11.493
2026/04/29 15:45:01,298000,11.496
2026/04/29 15:45:01,299000,11.487
2026/04/29 15:45:01,300000,11.490
2026/04/29 15:45:01,301000,11.493
2026/04/29 15:45:01,302000,11.493
2026/04/29 15:45:01,303000,11.501
2026/04/29 15:45:01,304000,11.490
2026/04/29 15:45:01,305000,11.493
2026/04/29 15:45:01,306000,11.490
2026/04/29 15:45:01,307000,11.493
2026/04/29 15:45:01,308000,11.493
2026/04/29 15:45:01,309000,11.496
2026/04/29 15:45:01,310000,11.490
2026/04/29 15:45:01,311000,11.485
2026/04/29 15:45:01,312000,11.499
2026/04/29 15:45:01,313000,11.493
2026/04/29 15:45:01,314000,11.496
2026/04/29 15:45:01,315000,11.490
2026/04/29 15:45:01,316000,11.487
2026/04/29 15:45:01,317000,11.487
2026/04/29 15:45:01,318000,11.499
2026/04/29 15:45:01,319000,11.496
2026/04/29 15:45:01,320000,11.487
2026/04/29 15:45:01,321000,11.493
2026/04/29 15:45:01,322000,11.493
2026/04/29 15:45:01,323000,11.490
2026/04/29 15:45:01,324000,11.493
2026/04/29 15:45:01,325000,11.490
2026/04/29 15:45:01,326000,11.490
2026/04/29 15:45:01,327000,11.493
2026/04/29 15:45:01,328000,11.490
2026/04/29 15:45:01,329000,11.496
2026/04/29 15:45:01,330000,11.493
2026/04/29 15:45:01,331000,11.493
2026/04/29 15:45:01,332000,11.496
2026/04/29 15:45:01,333000,11.487
2026/04/29 15:45:01,334000,11.493
2026/04/29 15:45:01,335000,11.490
2026/04/29 15:45:01,336000,11.490
2026/04/29 15:45:01,337000,11.487
2026/04/29 15:45:01,338000,11.490
2026/04/29 15:45:01,339000,11.490
2026/04/29 15:45:01,340000,11.490
2026/04/29 15:45:01,341000,11.490
2026/04/29 15:45:01,342000,11.490
2026/04/29 15:45:01,343000,11.490
2026/04/29 15:45:01,344000,11.485
2026/04/29 15:45:01,345000,11.490
2026/04/29 15:45:01,346000,11.487
2026/04/29 15:45:01,347000,11.487
2026/04/29 15:45:01,348000,11.487
2026/04/29 15:45:01,349000,11.490
2026/04/29 15:45:01,350000,11.493
2026/04/29 15:45:01,351000,11.490
2026/04/29 15:45:01,352000,11.485
2026/04/29 15:45:01,353000,11.487
2026/04/29 15:45:01,354000,11.485
2026/04/29 15:45:01,355000,11.490
2026/04/29 15:45:01,356000,11.490
2026/04/29 15:45:01,357000,11.487
2026/04/29 15:45:01,358000,11.493
2026/04/29 15:45:01,359000,11.493
2026/04/29 15:45:01,360000,11.493
2026/04/29 15:45:01,361000,11.487
2026/04/29 15:45:01,362000,11.490
2026/04/29 15:45:01,363000,11.493
2026/04/29 15:45:01,364000,11.490
2026/04/29 15:45:01,365000,11.490
2026/04/29 15:45:01,366000,11.493
2026/04/29 15:45:01,367000,11.493
2026/04/29 15:45:01,368000,11.490
2026/04/29 15:45:01,369000,11.493
2026/04/29 15:45:01,370000,11.490
2026/04/29 15:45:01,371000,11.485
2026/04/29 15:45:01,372000,11.487
2026/04/29 15:45:01,373000,11.493
2026/04/29 15:45:01,374000,11.493
2026/04/29 15:45:01,375000,11.487
2026/04/29 15:45:01,376000,11.487
2026/04/29 15:45:01,377000,11.487
2026/04/29 15:45:01,378000,11.490
2026/04/29 15:45:01,379000,11.487
2026/04/29 15:45:01,380000,11.493
2026/04/29 15:45:01,381000,11.490
2026/04/29 15:45:01,382000,11.490
2026/04/29 15:45:01,383000,11.493
2026/04/29 15:45:01,384000,11.487
2026/04/29 15:45:01,385000,11.493
2026/04/29 15:45:01,386000,11.490
2026/04/29 15:45:01,387000,11.493
2026/04/29 15:45:01,388000,11.490
2026/04/29 15:45:01,389000,11.490
2026/04/29 15:45:01,390000,11.487
2026/04/29 15:45:01,391000,11.487
2026/04/29 15:45:01,392000,11.490
2026/04/29 15:45:01,393000,11.487
2026/04/29 15:45:01,394000,11.487
2026/04/29 15:45:01,395000,11.499
2026/04/29 15:45:01,396000,11.493
2026/04/29 15:45:01,397000,11.493
2026/04/29 15:45:01,398000,11.490
2026/04/29 15:45:01,399000,11.490
2026/04/29 15:45:01,400000,11.490
2026/04/29 15:45:01,401000,11.490
2026/04/29 15:45:01,402000,11.493
2026/04/29 15:45:01,403000,11.496
2026/04/29 15:45:01,404000,11.490
2026/04/29 15:45:01,405000,11.493
2026/04/29 15:45:01,406000,11.496
2026/04/29 15:45:01,407000,11.493
2026/04/29 15:45:01,408000,11.493
2026/04/29 15:45:01,409000,11.490
2026/04/29 15:45:01,410000,11.493
2026/04/29 15:45:01,411000,11.490
2026/04/29 15:45:01,412000,11.496
2026/04/29 15:45:01,413000,11.496
2026/04/29 15:45:01,414000,11.485
2026/04/29 15:45:01,415000,11.490
2026/04/29 15:45:01,416000,11.490
2026/04/29 15:45:01,417000,11.487
2026/04/29 15:45:01,418000,11.490
2026/04/29 15:45:01,419000,11.487
2026/04/29 15:45:01,420000,11.493
2026/04/29 15:45:01,421000,11.490
2026/04/29 15:45:01,422000,11.490
2026/04/29 15:45:01,423000,11.487
2026/04/29 15:45:01,424000,11.490
2026/04/29 15:45:01,425000,11.490
2026/04/29 15:45:01,426000,11.493
2026/04/29 15:45:01,427000,11.499
2026/04/29 15:45:01,428000,11.485
2026/04/29 15:45:01,429000,11.493
2026/04/29 15:45:01,430000,11.496
2026/04/29 15:45:01,431000,11.493
2026/04/29 15:45:01,432000,11.496
2026/04/29 15:45:01,433000,11.490
2026/04/29 15:45:01,434000,11.485
2026/04/29 15:45:01,435000,11.485
2026/04/29 15:45:01,436000,11.490
2026/04/29 15:45:01,437000,11.487
2026/04/29 15:45:01,438000,11.490
2026/04/29 15:45:01,439000,11.485
2026/04/29 15:45:01,440000,11.490
2026/04/29 15:45:01,441000,11.487
2026/04/29 15:45:01,442000,11.493
2026/04/29 15:45:01,443000,11.493
2026/04/29 15:45:01,444000,11.490
2026/04/29 15:45:01,445000,11.493
2026/04/29 15:45:01,446000,11.493
2026/04/29 15:45:01,447000,11.493
2026/04/29 15:45:01,448000,11.496
2026/04/29 15:45:01,449000,11.490
2026/04/29 15:45:01,450000,11.487
2026/04/29 15:45:01,451000,11.487
2026/04/29 15:45:01,452000,11.493
2026/04/29 15:45:01,453000,11.490
2026/04/29 15:45:01,454000,11.493
2026/04/29 15:45:01,455000,11.496
2026/04/29 15:45:01,456000,11.487
2026/04/29 15:45:01,457000,11.487
2026/04/29 15:45:01,458000,11.487
2026/04/29 15:45:01,459000,11.490
2026/04/29 15:45:01,460000,11.487
2026/04/29 15:45:01,461000,11.493
2026/04/29 15:45:01,462000,11.487
2026/04/29 15:45:01,463000,11.490
2026/04/29 15:45:01,464000,11.493
2026/04/29 15:45:01,465000,11.490
2026/04/29 15:45:01,466000,11.493
2026/04/29 15:45:01,467000,11.493
2026/04/29 15:45:01,468000,11.490
2026/04/29 15:45:01,469000,11.493
2026/04/29 15:45:01,470000,11.490
2026/04/29 15:45:01,471000,11.487
2026/04/29 15:45:01,472000,11.487
2026/04/29 15:45:01,473000,11.493
2026/04/29 15:45:01,474000,11.487
2026/04/29 15:45:01,475000,11.485
2026/04/29 15:45:01,476000,11.487
2026/04/29 15:45:01,477000,11.485
2026/04/29 15:45:01,478000,11.487
2026/04/29 15:45:01,479000,11.496
2026/04/29 15:45:01,480000,11.490
2026/04/29 15:45:01,481000,11.487
2026/04/29 15:45:01,482000,11.496
2026/04/29 15:45:01,483000,11.490
2026/04/29 15:45:01,484000,11.487
2026/04/29 15:45:01,485000,11.496
2026/04/29 15:45:01,486000,11.490
2026/04/29 15:45:01,487000,11.493
2026/04/29 15:45:01,488000,11.490
2026/04/29 15:45:01,489000,11.487
2026/04/29 15:45:01,490000,11.490
2026/04/29 15:45:01,491000,11.487
2026/04/29 15:45:01,492000,11.490
2026/04/29 15:45:01,493000,11.490
2026/04/29 15:45:01,494000,11.487
2026/04/29 15:45:01,495000,11.493
2026/04/29 15:45:01,496000,11.490
2026/04/29 15:45:01,497000,11.493
2026/04/29 15:45:01,498000,11.493
2026/04/29 15:45:01,499000,11.490
2026/04/29 15:45:01,500000,11.493
2026/04/29 15:45:01,501000,11.490
2026/04/29 15:45:01,502000,11.490
2026/04/29 15:45:01,503000,11.493
2026/04/29 15:45:01,504000,11.490
2026/04/29 15:45:01,505000,11.490
2026/04/29 15:45:01,506000,11.493
2026/04/29 15:45:01,507000,11.485
2026/04/29 15:45:01,508000,11.490
2026/04/29 15:45:01,509000,11.493
2026/04/29 15:45:01,510000,11.490
2026/04/29 15:45:01,511000,11.493
2026/04/29 15:45:01,512000,11.482
2026/04/29 15:45:01,513000,11.493
2026/04/29 15:45:01,514000,11.487
2026/04/29 15:45:01,515000,11.490
2026/04/29 15:45:01,516000,11.490
2026/04/29 15:45:01,517000,11.487
2026/04/29 15:45:01,518000,11.493
2026/04/29 15:45:01,519000,11.490
2026/04/29 15:45:01,520000,11.485
2026/04/29 15:45:01,521000,11.490
2026/04/29 15:45:01,522000,11.487
2026/04/29 15:45:01,523000,11.493
2026/04/29 15:45:01,524000,11.496
2026/04/29 15:45:01,525000,11.493
2026/04/29 15:45:01,526000,11.487
2026/04/29 15:45:01,527000,11.493
2026/04/29 15:45:01,528000,11.490
2026/04/29 15:45:01,529000,11.490
2026/04/29 15:45:01,530000,11.490
2026/04/29 15:45:01,531000,11.490
2026/04/29 15:45:01,532000,11.496
2026/04/29 15:45:01,533000,11.496
2026/04/29 15:45:01,534000,11.493
2026/04/29 15:45:01,535000,11.490
2026/04/29 15:45:01,536000,11.493
2026/04/29 15:45:01,537000,11.493
2026/04/29 15:45:01,538000,11.493
2026/04/29 15:45:01,539000,11.490
2026/04/29 15:45:01,540000,11.487
2026/04/29 15:45:01,541000,11.490
2026/04/29 15:45:01,542000,11.487
2026/04/29 15:45:01,543000,11.493
2026/04/29 15:45:01,544000,11.496
2026/04/29 15:45:01,545000,11.485
2026/04/29 15:45:01,546000,11.490
2026/04/29 15:45:01,547000,11.490
2026/04/29 15:45:01,548000,11.493
2026/04/29 15:45:01,549000,11.493
2026/04/29 15:45:01,550000,11.493
2026/04/29 15:45:01,551000,11.493
2026/04/29 15:45:01,552000,11.487
2026/04/29 15:45:01,553000,11.487
2026/04/29 15:45:01,554000,11.487
2026/04/29 15:45:01,555000,11.487
2026/04/29 15:45:01,556000,11.490
2026/04/29 15:45:01,557000,11.493
2026/04/29 15:45:01,558000,11.490
2026/04/29 15:45:01,559000,11.496
2026/04/29 15:45:01,560000,11.487
2026/04/29 15:45:01,561000,11.490
2026/04/29 15:45:01,562000,11.490
2026/04/29 15:45:01,563000,11.485
2026/04/29 15:45:01,564000,11.490
2026/04/29 15:45:01,565000,11.493
2026/04/29 15:45:01,566000,11.493
2026/04/29 15:45:01,567000,11.493
2026/04/29 15:45:01,568000,11.496
2026/04/29 15:45:01,569000,11.493
2026/04/29 15:45:01,570000,11.490
2026/04/29 15:45:01,571000,11.490
2026/04/29 15:45:01,572000,11.493
2026/04/29 15:45:01,573000,11.493
2026/04/29 15:45:01,574000,11.493
2026/04/29 15:45:01,575000,11.490
2026/04/29 15:45:01,576000,11.490
2026/04/29 15:45:01,577000,11.493
2026/04/29 15:45:01,578000,11.490
2026/04/29 15:45:01,579000,11.490
2026/04/29 15:45:01,580000,11.490
2026/04/29 15:45:01,581000,11.490
2026/04/29 15:45:01,582000,11.493
2026/04/29 15:45:01,583000,11.490
2026/04/29 15:45:01,584000,11.493
2026/04/29 15:45:01,585000,11.487
2026/04/29 15:45:01,586000,11.493
2026/04/29 15:45:01,587000,11.490
2026/04/29 15:45:01,588000,11.490
2026/04/29 15:45:01,589000,11.487
2026/04/29 15:45:01,590000,11.487
2026/04/29 15:45:01,591000,11.487
2026/04/29 15:45:01,592000,11.487
2026/04/29 15:45:01,593000,11.490
2026/04/29 15:45:01,594000,11.490
2026/04/29 15:45:01,595000,11.493
2026/04/29 15:45:01,596000,11.493
2026/04/29 15:45:01,597000,11.496
2026/04/29 15:45:01,598000,11.490
2026/04/29 15:45:01,599000,11.490
2026/04/29 15:45:01,600000,11.496
2026/04/29 15:45:01,601000,11.493
2026/04/29 15:45:01,602000,11.493
2026/04/29 15:45:01,603000,11.490
2026/04/29 15:45:01,604000,11.493
2026/04/29 15:45:01,605000,11.493
2026/04/29 15:45:01,606000,11.490
2026/04/29 15:45:01,607000,11.493
2026/04/29 15:45:01,608000,11.487
2026/04/29 15:45:01,609000,11.493
2026/04/29 15:45:01,610000,11.493
2026/04/29 15:45:01,611000,11.490
2026/04/29 15:45:01,612000,11.490
2026/04/29 15:45:01,613000,11.493
2026/04/29 15:45:01,614000,11.490
2026/04/29 15:45:01,615000,11.485
2026/04/29 15:45:01,616000,11.490
2026/04/29 15:45:01,617000,11.490
2026/04/29 15:45:01,618000,11.487
2026/04/29 15:45:01,619000,11.496
2026/04/29 15:45:01,620000,11.487
2026/04/29 15:45:01,621000,11.496
2026/04/29 15:45:01,622000,11.487
2026/04/29 15:45:01,623000,11.487
2026/04/29 15:45:01,624000,11.487
2026/04/29 15:45:01,625000,11.487
2026/04/29 15:45:01,626000,11.487
2026/04/29 15:45:01,627000,11.487
2026/04/29 15:45:01,628000,11.493
2026/04/29 15:45:01,629000,11.493
2026/04/29 15:45:01,630000,11.487
2026/04/29 15:45:01,631000,11.490
2026/04/29 15:45:01,632000,11.490
2026/04/29 15:45:01,633000,11.490
2026/04/29 15:45:01,634000,11.487
2026/04/29 15:45:01,635000,11.493
2026/04/29 15:45:01,636000,11.490
2026/04/29 15:45:01,637000,11.493
2026/04/29 15:45:01,638000,11.496
2026/04/29 15:45:01,639000,11.496
2026/04/29 15:45:01,640000,11.490
2026/04/29 15:45:01,641000,11.487
2026/04/29 15:45:01,642000,11.493
2026/04/29 15:45:01,643000,11.490
2026/04/29 15:45:01,644000,11.490
2026/04/29 15:45:01,645000,11.496
2026/04/29 15:45:01,646000,11.487
2026/04/29 15:45:01,647000,11.490
2026/04/29 15:45:01,648000,11.501
2026/04/29 15:45:01,649000,11.490
2026/04/29 15:45:01,650000,11.496
2026/04/29 15:45:01,651000,11.490
2026/04/29 15:45:01,652000,11.493
2026/04/29 15:45:01,653000,11.490
2026/04/29 15:45:01,654000,11.490
2026/04/29 15:45:01,655000,11.490
2026/04/29 15:45:01,656000,11.493
2026/04/29 15:45:01,657000,11.496
2026/04/29 15:45:01,658000,11.487
2026/04/29 15:45:01,659000,11.493
2026/04/29 15:45:01,660000,11.493
2026/04/29 15:45:01,661000,11.493
2026/04/29 15:45:01,662000,11.490
2026/04/29 15:45:01,663000,11.493
2026/04/29 15:45:01,664000,11.493
2026/04/29 15:45:01,665000,11.493
2026/04/29 15:45:01,666000,11.487
2026/04/29 15:45:01,667000,11.487
2026/04/29 15:45:01,668000,11.487
2026/04/29 15:45:01,669000,11.490
2026/04/29 15:45:01,670000,11.485
2026/04/29 15:45:01,671000,11.490
2026/04/29 15:45:01,672000,11.496
2026/04/29 15:45:01,673000,11.487
2026/04/29 15:45:01,674000,11.496
2026/04/29 15:45:01,675000,11.493
2026/04/29 15:45:01,676000,11.493
2026/04/29 15:45:01,677000,11.485
2026/04/29 15:45:01,678000,11.493
2026/04/29 15:45:01,679000,11.490
2026/04/29 15:45:01,680000,11.499
2026/04/29 15:45:01,681000,11.493
2026/04/29 15:45:01,682000,11.496
2026/04/29 15:45:01,683000,11.490
2026/04/29 15:45:01,684000,11.490
2026/04/29 15:45:01,685000,11.485
2026/04/29 15:45:01,686000,11.490
2026/04/29 15:45:01,687000,11.487
2026/04/29 15:45:01,688000,11.490
2026/04/29 15:45:01,689000,11.493
2026/04/29 15:45:01,690000,11.493
2026/04/29 15:45:01,691000,11.490
2026/04/29 15:45:01,692000,11.490
2026/04/29 15:45:01,693000,11.487
2026/04/29 15:45:01,694000,11.493
2026/04/29 15:45:01,695000,11.490
2026/04/29 15:45:01,696000,11.485
2026/04/29 15:45:01,697000,11.487
2026/04/29 15:45:01,698000,11.487
2026/04/29 15:45:01,699000,11.490
2026/04/29 15:45:01,700000,11.493
2026/04/29 15:45:01,701000,11.493
2026/04/29 15:45:01,702000,11.493
2026/04/29 15:45:01,703000,11.490
2026/04/29 15:45:01,704000,11.493
2026/04/29 15:45:01,705000,11.493
2026/04/29 15:45:01,706000,11.487
2026/04/29 15:45:01,707000,11.487
2026/04/29 15:45:01,708000,11.493
2026/04/29 15:45:01,709000,11.493
2026/04/29 15:45:01,710000,11.493
2026/04/29 15:45:01,711000,11.490
2026/04/29 15:45:01,712000,11.485
2026/04/29 15:45:01,713000,11.490
2026/04/29 15:45:01,714000,11.487
2026/04/29 15:45:01,715000,11.490
2026/04/29 15:45:01,716000,11.496
2026/04/29 15:45:01,717000,11.490
2026/04/29 15:45:01,718000,11.487
2026/04/29 15:45:01,719000,11.493
2026/04/29 15:45:01,720000,11.487
2026/04/29 15:45:01,721000,11.493
2026/04/29 15:45:01,722000,11.493
2026/04/29 15:45:01,723000,11.490
2026/04/29 15:45:01,724000,11.496
2026/04/29 15:45:01,725000,11.487
2026/04/29 15:45:01,726000,11.485
2026/04/29 15:45:01,727000,11.493
2026/04/29 15:45:01,728000,11.490
2026/04/29 15:45:01,729000,11.487
2026/04/29 15:45:01,730000,11.493
2026/04/29 15:45:01,731000,11.490
2026/04/29 15:45:01,732000,11.490
2026/04/29 15:45:01,733000,11.487
2026/04/29 15:45:01,734000,11.487
2026/04/29 15:45:01,735000,11.487
2026/04/29 15:45:01,736000,11.496
2026/04/29 15:45:01,737000,11.485
2026/04/29 15:45:01,738000,11.487
2026/04/29 15:45:01,739000,11.479
2026/04/29 15:45:01,740000,11.490
2026/04/29 15:45:01,741000,11.485
2026/04/29 15:45:01,742000,11.493
2026/04/29 15:45:01,743000,11.490
2026/04/29 15:45:01,744000,11.490
2026/04/29 15:45:01,745000,11.485
2026/04/29 15:45:01,746000,11.493
2026/04/29 15:45:01,747000,11.487
2026/04/29 15:45:01,748000,11.493
2026/04/29 15:45:01,749000,11.493
2026/04/29 15:45:01,750000,11.493
2026/04/29 15:45:01,751000,11.493
2026/04/29 15:45:01,752000,11.490
2026/04/29 15:45:01,753000,11.490
2026/04/29 15:45:01,754000,11.490
2026/04/29 15:45:01,755000,11.490
2026/04/29 15:45:01,756000,11.493
2026/04/29 15:45:01,757000,11.487
2026/04/29 15:45:01,758000,11.490
2026/04/29 15:45:01,759000,11.485
2026/04/29 15:45:01,760000,11.490
2026/04/29 15:45:01,761000,11.490
2026/04/29 15:45:01,762000,11.493
2026/04/29 15:45:01,763000,11.493
2026/04/29 15:45:01,764000,11.490
2026/04/29 15:45:01,765000,11.493
2026/04/29 15:45:01,766000,11.487
2026/04/29 15:45:01,767000,11.496
2026/04/29 15:45:01,768000,11.490
2026/04/29 15:45:01,769000,11.493
2026/04/29 15:45:01,770000,11.493
2026/04/29 15:45:01,771000,11.493
2026/04/29 15:45:01,772000,11.487
2026/04/29 15:45:01,773000,11.496
2026/04/29 15:45:01,774000,11.496
2026/04/29 15:45:01,775000,11.493
2026/04/29 15:45:01,776000,11.493
2026/04/29 15:45:01,777000,11.496
2026/04/29 15:45:01,778000,11.487
2026/04/29 15:45:01,779000,11.487
2026/04/29 15:45:01,780000,11.493
2026/04/29 15:45:01,781000,11.487
2026/04/29 15:45:01,782000,11.490
2026/04/29 15:45:01,783000,11.496
2026/04/29 15:45:01,784000,11.490
2026/04/29 15:45:01,785000,11.496
2026/04/29 15:45:01,786000,11.493
2026/04/29 15:45:01,787000,11.490
2026/04/29 15:45:01,788000,11.487
2026/04/29 15:45:01,789000,11.496
2026/04/29 15:45:01,790000,11.490
2026/04/29 15:45:01,791000,11.490
2026/04/29 15:45:01,792000,11.493
2026/04/29 15:45:01,793000,11.487
2026/04/29 15:45:01,794000,11.487
2026/04/29 15:45:01,795000,11.490
2026/04/29 15:45:01,796000,11.490
2026/04/29 15:45:01,797000,11.490
2026/04/29 15:45:01,798000,11.487
2026/04/29 15:45:01,799000,11.493
2026/04/29 15:45:01,800000,11.499
2026/04/29 15:45:01,801000,11.487
2026/04/29 15:45:01,802000,11.490
2026/04/29 15:45:01,803000,11.493
2026/04/29 15:45:01,804000,11.490
2026/04/29 15:45:01,805000,11.490
2026/04/29 15:45:01,806000,11.490
2026/04/29 15:45:01,807000,11.490
2026/04/29 15:45:01,808000,11.490
2026/04/29 15:45:01,809000,11.493
2026/04/29 15:45:01,810000,11.490
2026/04/29 15:45:01,811000,11.490
2026/04/29 15:45:01,812000,11.485
2026/04/29 15:45:01,813000,11.487
2026/04/29 15:45:01,814000,11.493
2026/04/29 15:45:01,815000,11.490
2026/04/29 15:45:01,816000,11.487
2026/04/29 15:45:01,817000,11.487
2026/04/29 15:45:01,818000,11.490
2026/04/29 15:45:01,819000,11.493
2026/04/29 15:45:01,820000,11.493
2026/04/29 15:45:01,821000,11.493
2026/04/29 15:45:01,822000,11.485
2026/04/29 15:45:01,823000,11.485
2026/04/29 15:45:01,824000,11.493
2026/04/29 15:45:01,825000,11.490
2026/04/29 15:45:01,826000,11.485
2026/04/29 15:45:01,827000,11.487
2026/04/29 15:45:01,828000,11.490
2026/04/29 15:45:01,829000,11.493
2026/04/29 15:45:01,830000,11.490
2026/04/29 15:45:01,831000,11.496
2026/04/29 15:45:01,832000,11.490
2026/04/29 15:45:01,833000,11.499
2026/04/29 15:45:01,834000,11.490
2026/04/29 15:45:01,835000,11.493
2026/04/29 15:45:01,836000,11.493
2026/04/29 15:45:01,837000,11.493
2026/04/29 15:45:01,838000,11.485
2026/04/29 15:45:01,839000,11.487
2026/04/29 15:45:01,840000,11.485
2026/04/29 15:45:01,841000,11.499
2026/04/29 15:45:01,842000,11.490
2026/04/29 15:45:01,843000,11.493
2026/04/29 15:45:01,844000,11.487
2026/04/29 15:45:01,845000,11.490
2026/04/29 15:45:01,846000,11.485
2026/04/29 15:45:01,847000,11.496
2026/04/29 15:45:01,848000,11.490
2026/04/29 15:45:01,849000,11.485
2026/04/29 15:45:01,850000,11.490
2026/04/29 15:45:01,851000,11.490
2026/04/29 15:45:01,852000,11.490
2026/04/29 15:45:01,853000,11.490
2026/04/29 15:45:01,854000,11.493
2026/04/29 15:45:01,855000,11.485
2026/04/29 15:45:01,856000,11.487
2026/04/29 15:45:01,857000,11.493
2026/04/29 15:45:01,858000,11.493
2026/04/29 15:45:01,859000,11.485
2026/04/29 15:45:01,860000,11.487
2026/04/29 15:45:01,861000,11.493
2026/04/29 15:45:01,862000,11.493
2026/04/29 15:45:01,863000,11.493
2026/04/29 15:45:01,864000,11.490
2026/04/29 15:45:01,865000,11.490
2026/04/29 15:45:01,866000,11.487
2026/04/29 15:45:01,867000,11.496
2026/04/29 15:45:01,868000,11.490
2026/04/29 15:45:01,869000,11.493
2026/04/29 15:45:01,870000,11.493
2026/04/29 15:45:01,871000,11.490
2026/04/29 15:45:01,872000,11.493
2026/04/29 15:45:01,873000,11.487
2026/04/29 15:45:01,874000,11.490
2026/04/29 15:45:01,875000,11.493
2026/04/29 15:45:01,876000,11.493
2026/04/29 15:45:01,877000,11.490
2026/04/29 15:45:01,878000,11.490
2026/04/29 15:45:01,879000,11.490
2026/04/29 15:45:01,880000,11.499
2026/04/29 15:45:01,881000,11.493
2026/04/29 15:45:01,882000,11.487
2026/04/29 15:45:01,883000,11.493
2026/04/29 15:45:01,884000,11.490
2026/04/29 15:45:01,885000,11.490
2026/04/29 15:45:01,886000,11.493
2026/04/29 15:45:01,887000,11.487
2026/04/29 15:45:01,888000,11.487
2026/04/29 15:45:01,889000,11.493
2026/04/29 15:45:01,890000,11.487
2026/04/29 15:45:01,891000,11.490
2026/04/29 15:45:01,892000,11.490
2026/04/29 15:45:01,893000,11.496
2026/04/29 15:45:01,894000,11.493
2026/04/29 15:45:01,895000,11.493
2026/04/29 15:45:01,896000,11.487
2026/04/29 15:45:01,897000,11.490
2026/04/29 15:45:01,898000,11.493
2026/04/29 15:45:01,899000,11.490
2026/04/29 15:45:01,900000,11.487
2026/04/29 15:45:01,901000,11.490
2026/04/29 15:45:01,902000,11.496
2026/04/29 15:45:01,903000,11.490
2026/04/29 15:45:01,904000,11.490
2026/04/29 15:45:01,905000,11.490
2026/04/29 15:45:01,906000,11.493
2026/04/29 15:45:01,907000,11.490
2026/04/29 15:45:01,908000,11.490
2026/04/29 15:45:01,909000,11.487
2026/04/29 15:45:01,910000,11.487
2026/04/29 15:45:01,911000,11.496
2026/04/29 15:45:01,912000,11.485
2026/04/29 15:45:01,913000,11.490
2026/04/29 15:45:01,914000,11.493
2026/04/29 15:45:01,915000,11.490
2026/04/29 15:45:01,916000,11.490
2026/04/29 15:45:01,917000,11.496
2026/04/29 15:45:01,918000,11.487
2026/04/29 15:45:01,919000,11.490
2026/04/29 15:45:01,920000,11.487
2026/04/29 15:45:01,921000,11.487
2026/04/29 15:45:01,922000,11.490
2026/04/29 15:45:01,923000,11.490
2026/04/29 15:45:01,924000,11.490
2026/04/29 15:45:01,925000,11.490
2026/04/29 15:45:01,926000,11.493
2026/04/29 15:45:01,927000,11.487
2026/04/29 15:45:01,928000,11.493
2026/04/29 15:45:01,929000,11.490
2026/04/29 15:45:01,930000,11.487
2026/04/29 15:45:01,931000,11.493
2026/04/29 15:45:01,932000,11.490
2026/04/29 15:45:01,933000,11.496
2026/04/29 15:45:01,934000,11.496
2026/04/29 15:45:01,935000,11.490
2026/04/29 15:45:01,936000,11.496
2026/04/29 15:45:01,937000,11.490
2026/04/29 15:45:01,938000,11.490
2026/04/29 15:45:01,939000,11.496
2026/04/29 15:45:01,940000,11.487
2026/04/29 15:45:01,941000,11.487
2026/04/29 15:45:01,942000,11.490
2026/04/29 15:45:01,943000,11.493
2026/04/29 15:45:01,944000,11.496
2026/04/29 15:45:01,945000,11.493
2026/04/29 15:45:01,946000,11.490
2026/04/29 15:45:01,947000,11.493
2026/04/29 15:45:01,948000,11.490
2026/04/29 15:45:01,949000,11.490
2026/04/29 15:45:01,950000,11.499
2026/04/29 15:45:01,951000,11.487
2026/04/29 15:45:01,952000,11.493
2026/04/29 15:45:01,953000,11.485
2026/04/29 15:45:01,954000,11.487
2026/04/29 15:45:01,955000,11.493
2026/04/29 15:45:01,956000,11.493
2026/04/29 15:45:01,957000,11.493
2026/04/29 15:45:01,958000,11.490
2026/04/29 15:45:01,959000,11.490
2026/04/29 15:45:01,960000,11.490
2026/04/29 15:45:01,961000,11.487
2026/04/29 15:45:01,962000,11.487
2026/04/29 15:45:01,963000,11.496
2026/04/29 15:45:01,964000,11.485
2026/04/29 15:45:01,965000,11.493
2026/04/29 15:45:01,966000,11.485
2026/04/29 15:45:01,967000,11.493
2026/04/29 15:45:01,968000,11.487
2026/04/29 15:45:01,969000,11.490
2026/04/29 15:45:01,970000,11.493
2026/04/29 15:45:01,971000,11.499
2026/04/29 15:45:01,972000,11.490
2026/04/29 15:45:01,973000,11.493
2026/04/29 15:45:01,974000,11.487
2026/04/29 15:45:01,975000,11.490
2026/04/29 15:45:01,976000,11.487
2026/04/29 15:45:01,977000,11.490
2026/04/29 15:45:01,978000,11.487
2026/04/29 15:45:01,979000,11.485
2026/04/29 15:45:01,980000,11.493
2026/04/29 15:45:01,981000,11.487
2026/04/29 15:45:01,982000,11.493
2026/04/29 15:45:01,983000,11.490
2026/04/29 15:45:01,984000,11.490
2026/04/29 15:45:01,985000,11.485
2026/04/29 15:45:01,986000,11.501
2026/04/29 15:45:01,987000,11.490
2026/04/29 15:45:01,988000,11.490
2026/04/29 15:45:01,989000,11.493
2026/04/29 15:45:01,990000,11.490
2026/04/29 15:45:01,991000,11.493
2026/04/29 15:45:01,992000,11.496
2026/04/29 15:45:01,993000,11.493
2026/04/29 15:45:01,994000,11.493
2026/04/29 15:45:01,995000,11.490
2026/04/29 15:45:01,996000,11.490
2026/04/29 15:45:01,997000,11.493
2026/04/29 15:45:01,998000,11.496
2026/04/29 15:45:01,999000,11.487
2026/04/29 15:45:02,000000,11.490
2026/04/29 15:45:02,001000,11.496
2026/04/29 15:45:02,002000,11.490
2026/04/29 15:45:02,003000,11.493
2026/04/29 15:45:02,004000,11.490
2026/04/29 15:45:02,005000,11.490
2026/04/29 15:45:02,006000,11.490
2026/04/29 15:45:02,007000,11.493
2026/04/29 15:45:02,008000,11.490
2026/04/29 15:45:02,009000,11.493
2026/04/29 15:45:02,010000,11.493
2026/04/29 15:45:02,011000,11.490
2026/04/29 15:45:02,012000,11.493
2026/04/29 15:45:02,013000,11.487
2026/04/29 15:45:02,014000,11.496
2026/04/29 15:45:02,015000,11.490
2026/04/29 15:45:02,016000,11.493
2026/04/29 15:45:02,017000,11.490
2026/04/29 15:45:02,018000,11.493
2026/04/29 15:45:02,019000,11.493
2026/04/29 15:45:02,020000,11.487
2026/04/29 15:45:02,021000,11.490
2026/04/29 15:45:02,022000,11.487
2026/04/29 15:45:02,023000,11.487
2026/04/29 15:45:02,024000,11.504
2026/04/29 15:45:02,025000,11.490
2026/04/29 15:45:02,026000,11.490
2026/04/29 15:45:02,027000,11.493
2026/04/29 15:45:02,028000,11.493
2026/04/29 15:45:02,029000,11.493
2026/04/29 15:45:02,030000,11.490
2026/04/29 15:45:02,031000,11.493
2026/04/29 15:45:02,032000,11.493
2026/04/29 15:45:02,033000,11.496
2026/04/29 15:45:02,034000,11.487
2026/04/29 15:45:02,035000,11.490
2026/04/29 15:45:02,036000,11.490
2026/04/29 15:45:02,037000,11.499
2026/04/29 15:45:02,038000,11.490
2026/04/29 15:45:02,039000,11.490
2026/04/29 15:45:02,040000,11.490
2026/04/29 15:45:02,041000,11.493
2026/04/29 15:45:02,042000,11.487
2026/04/29 15:45:02,043000,11.490
2026/04/29 15:45:02,044000,11.485
2026/04/29 15:45:02,045000,11.493
2026/04/29 15:45:02,046000,11.487
2026/04/29 15:45:02,047000,11.490
2026/04/29 15:45:02,048000,11.490
2026/04/29 15:45:02,049000,11.496
2026/04/29 15:45:02,050000,11.496
2026/04/29 15:45:02,051000,11.490
2026/04/29 15:45:02,052000,11.493
2026/04/29 15:45:02,053000,11.496
2026/04/29 15:45:02,054000,11.490
2026/04/29 15:45:02,055000,11.487
2026/04/29 15:45:02,056000,11.490
2026/04/29 15:45:02,057000,11.490
2026/04/29 15:45:02,058000,11.490
2026/04/29 15:45:02,059000,11.493
2026/04/29 15:45:02,060000,11.493
2026/04/29 15:45:02,061000,11.487
2026/04/29 15:45:02,062000,11.501
2026/04/29 15:45:02,063000,11.487
2026/04/29 15:45:02,064000,11.490
2026/04/29 15:45:02,065000,11.487
2026/04/29 15:45:02,066000,11.482
2026/04/29 15:45:02,067000,11.485
2026/04/29 15:45:02,068000,11.487
2026/04/29 15:45:02,069000,11.487
2026/04/29 15:45:02,070000,11.499
2026/04/29 15:45:02,071000,11.499
2026/04/29 15:45:02,072000,11.487
2026/04/29 15:45:02,073000,11.493
2026/04/29 15:45:02,074000,11.493
2026/04/29 15:45:02,075000,11.490
2026/04/29 15:45:02,076000,11.493
2026/04/29 15:45:02,077000,11.487
2026/04/29 15:45:02,078000,11.493
2026/04/29 15:45:02,079000,11.490
2026/04/29 15:45:02,080000,11.490
2026/04/29 15:45:02,081000,11.493
2026/04/29 15:45:02,082000,11.490
2026/04/29 15:45:02,083000,11.496
2026/04/29 15:45:02,084000,11.487
2026/04/29 15:45:02,085000,11.493
2026/04/29 15:45:02,086000,11.490
2026/04/29 15:45:02,087000,11.490
2026/04/29 15:45:02,088000,11.490
2026/04/29 15:45:02,089000,11.487
2026/04/29 15:45:02,090000,11.482
2026/04/29 15:45:02,091000,11.493
2026/04/29 15:45:02,092000,11.485
2026/04/29 15:45:02,093000,11.485
2026/04/29 15:45:02,094000,11.496
2026/04/29 15:45:02,095000,11.490
2026/04/29 15:45:02,096000,11.493
2026/04/29 15:45:02,097000,11.493
2026/04/29 15:45:02,098000,11.493
2026/04/29 15:45:02,099000,11.493
2026/04/29 15:45:02,100000,11.490
2026/04/29 15:45:02,101000,11.496
2026/04/29 15:45:02,102000,11.490
2026/04/29 15:45:02,103000,11.487
2026/04/29 15:45:02,104000,11.493
2026/04/29 15:45:02,105000,11.493
2026/04/29 15:45:02,106000,11.490
2026/04/29 15:45:02,107000,11.490
2026/04/29 15:45:02,108000,11.490
2026/04/29 15:45:02,109000,11.496
2026/04/29 15:45:02,110000,11.490
2026/04/29 15:45:02,111000,11.490
2026/04/29 15:45:02,112000,11.493
2026/04/29 15:45:02,113000,11.501
2026/04/29 15:45:02,114000,11.490
2026/04/29 15:45:02,115000,11.490
2026/04/29 15:45:02,116000,11.487
2026/04/29 15:45:02,117000,11.493
2026/04/29 15:45:02,118000,11.496
2026/04/29 15:45:02,119000,11.496
2026/04/29 15:45:02,120000,11.490
2026/04/29 15:45:02,121000,11.490
2026/04/29 15:45:02,122000,11.490
2026/04/29 15:45:02,123000,11.485
2026/04/29 15:45:02,124000,11.487
2026/04/29 15:45:02,125000,11.485
2026/04/29 15:45:02,126000,11.485
2026/04/29 15:45:02,127000,11.490
2026/04/29 15:45:02,128000,11.490
2026/04/29 15:45:02,129000,11.490
2026/04/29 15:45:02,130000,11.490
2026/04/29 15:45:02,131000,11.493
2026/04/29 15:45:02,132000,11.493
2026/04/29 15:45:02,133000,11.479
2026/04/29 15:45:02,134000,11.493
2026/04/29 15:45:02,135000,11.487
2026/04/29 15:45:02,136000,11.487
2026/04/29 15:45:02,137000,11.493
2026/04/29 15:45:02,138000,11.490
2026/04/29 15:45:02,139000,11.493
2026/04/29 15:45:02,140000,11.490
2026/04/29 15:45:02,141000,11.485
2026/04/29 15:45:02,142000,11.487
2026/04/29 15:45:02,143000,11.496
2026/04/29 15:45:02,144000,11.490
2026/04/29 15:45:02,145000,11.487
2026/04/29 15:45:02,146000,11.493
2026/04/29 15:45:02,147000,11.493
2026/04/29 15:45:02,148000,11.493
2026/04/29 15:45:02,149000,11.490
2026/04/29 15:45:02,150000,11.487
2026/04/29 15:45:02,151000,11.490
2026/04/29 15:45:02,152000,11.487
2026/04/29 15:45:02,153000,11.490
2026/04/29 15:45:02,154000,11.493
2026/04/29 15:45:02,155000,11.487
2026/04/29 15:45:02,156000,11.490
2026/04/29 15:45:02,157000,11.499
2026/04/29 15:45:02,158000,11.487
2026/04/29 15:45:02,159000,11.490
2026/04/29 15:45:02,160000,11.493
2026/04/29 15:45:02,161000,11.487
2026/04/29 15:45:02,162000,11.490
2026/04/29 15:45:02,163000,11.493
2026/04/29 15:45:02,164000,11.490
2026/04/29 15:45:02,165000,11.493
2026/04/29 15:45:02,166000,11.490
2026/04/29 15:45:02,167000,11.490
2026/04/29 15:45:02,168000,11.490
2026/04/29 15:45:02,169000,11.490
2026/04/29 15:45:02,170000,11.487
2026/04/29 15:45:02,171000,11.487
2026/04/29 15:45:02,172000,11.487
2026/04/29 15:45:02,173000,11.485
2026/04/29 15:45:02,174000,11.487
2026/04/29 15:45:02,175000,11.485
2026/04/29 15:45:02,176000,11.493
2026/04/29 15:45:02,177000,11.493
2026/04/29 15:45:02,178000,11.493
2026/04/29 15:45:02,179000,11.490
2026/04/29 15:45:02,180000,11.490
2026/04/29 15:45:02,181000,11.487
2026/04/29 15:45:02,182000,11.493
2026/04/29 15:45:02,183000,11.490
2026/04/29 15:45:02,184000,11.493
2026/04/29 15:45:02,185000,11.493
2026/04/29 15:45:02,186000,11.493
2026/04/29 15:45:02,187000,11.493
2026/04/29 15:45:02,188000,11.487
2026/04/29 15:45:02,189000,11.490
2026/04/29 15:45:02,190000,11.493
2026/04/29 15:45:02,191000,11.493
2026/04/29 15:45:02,192000,11.493
2026/04/29 15:45:02,193000,11.487
2026/04/29 15:45:02,194000,11.490
2026/04/29 15:45:02,195000,11.490
2026/04/29 15:45:02,196000,11.490
2026/04/29 15:45:02,197000,11.490
2026/04/29 15:45:02,198000,11.487
2026/04/29 15:45:02,199000,11.493
2026/04/29 15:45:02,200000,11.490
2026/04/29 15:45:02,201000,11.487
2026/04/29 15:45:02,202000,11.490
2026/04/29 15:45:02,203000,11.490
2026/04/29 15:45:02,204000,11.487
2026/04/29 15:45:02,205000,11.487
2026/04/29 15:45:02,206000,11.490
2026/04/29 15:45:02,207000,11.493
2026/04/29 15:45:02,208000,11.487
2026/04/29 15:45:02,209000,11.490
2026/04/29 15:45:02,210000,11.493
2026/04/29 15:45:02,211000,11.490
2026/04/29 15:45:02,212000,11.490
2026/04/29 15:45:02,213000,11.490
2026/04/29 15:45:02,214000,11.493
2026/04/29 15:45:02,215000,11.493
2026/04/29 15:45:02,216000,11.487
2026/04/29 15:45:02,217000,11.487
2026/04/29 15:45:02,218000,11.490
2026/04/29 15:45:02,219000,11.490
2026/04/29 15:45:02,220000,11.496
2026/04/29 15:45:02,221000,11.485
2026/04/29 15:45:02,222000,11.487
2026/04/29 15:45:02,223000,11.490
2026/04/29 15:45:02,224000,11.490
2026/04/29 15:45:02,225000,11.490
2026/04/29 15:45:02,226000,11.490
2026/04/29 15:45:02,227000,11.496
2026/04/29 15:45:02,228000,11.490
2026/04/29 15:45:02,229000,11.487
2026/04/29 15:45:02,230000,11.487
2026/04/29 15:45:02,231000,11.490
2026/04/29 15:45:02,232000,11.493
2026/04/29 15:45:02,233000,11.490
2026/04/29 15:45:02,234000,11.490
2026/04/29 15:45:02,235000,11.493
2026/04/29 15:45:02,236000,11.482
2026/04/29 15:45:02,237000,11.493
2026/04/29 15:45:02,238000,11.493
2026/04/29 15:45:02,239000,11.499
2026/04/29 15:45:02,240000,11.490
2026/04/29 15:45:02,241000,11.493
2026/04/29 15:45:02,242000,11.490
2026/04/29 15:45:02,243000,11.490
2026/04/29 15:45:02,244000,11.493
2026/04/29 15:45:02,245000,11.490
2026/04/29 15:45:02,246000,11.493
2026/04/29 15:45:02,247000,11.490
2026/04/29 15:45:02,248000,11.496
2026/04/29 15:45:02,249000,11.487
2026/04/29 15:45:02,250000,11.493
2026/04/29 15:45:02,251000,11.490
2026/04/29 15:45:02,252000,11.496
2026/04/29 15:45:02,253000,11.490
2026/04/29 15:45:02,254000,11.487
2026/04/29 15:45:02,255000,11.490
2026/04/29 15:45:02,256000,11.490
2026/04/29 15:45:02,257000,11.490
2026/04/29 15:45:02,258000,11.493
2026/04/29 15:45:02,259000,11.493
2026/04/29 15:45:02,260000,11.487
2026/04/29 15:45:02,261000,11.490
2026/04/29 15:45:02,262000,11.493
2026/04/29 15:45:02,263000,11.493
2026/04/29 15:45:02,264000,11.490
2026/04/29 15:45:02,265000,11.487
2026/04/29 15:45:02,266000,11.499
2026/04/29 15:45:02,267000,11.487
2026/04/29 15:45:02,268000,11.493
2026/04/29 15:45:02,269000,11.487
2026/04/29 15:45:02,270000,11.493
2026/04/29 15:45:02,271000,11.493
2026/04/29 15:45:02,272000,11.490
2026/04/29 15:45:02,273000,11.490
2026/04/29 15:45:02,274000,11.493
2026/04/29 15:45:02,275000,11.493
2026/04/29 15:45:02,276000,11.490
2026/04/29 15:45:02,277000,11.493
2026/04/29 15:45:02,278000,11.487
2026/04/29 15:45:02,279000,11.490
2026/04/29 15:45:02,280000,11.493
2026/04/29 15:45:02,281000,11.490
2026/04/29 15:45:02,282000,11.485
2026/04/29 15:45:02,283000,11.493
2026/04/29 15:45:02,284000,11.493
2026/04/29 15:45:02,285000,11.485
2026/04/29 15:45:02,286000,11.487
2026/04/29 15:45:02,287000,11.490
2026/04/29 15:45:02,288000,11.490
2026/04/29 15:45:02,289000,11.490
2026/04/29 15:45:02,290000,11.487
2026/04/29 15:45:02,291000,11.496
2026/04/29 15:45:02,292000,11.493
2026/04/29 15:45:02,293000,11.493
2026/04/29 15:45:02,294000,11.487
2026/04/29 15:45:02,295000,11.487
2026/04/29 15:45:02,296000,11.493
2026/04/29 15:45:02,297000,11.487
2026/04/29 15:45:02,298000,11.493
2026/04/29 15:45:02,299000,11.493
2026/04/29 15:45:02,300000,11.487
2026/04/29 15:45:02,301000,11.493
2026/04/29 15:45:02,302000,11.493
2026/04/29 15:45:02,303000,11.499
2026/04/29 15:45:02,304000,11.493
2026/04/29 15:45:02,305000,11.493
2026/04/29 15:45:02,306000,11.490
2026/04/29 15:45:02,307000,11.493
2026/04/29 15:45:02,308000,11.485
2026/04/29 15:45:02,309000,11.490
2026/04/29 15:45:02,310000,11.490
2026/04/29 15:45:02,311000,11.490
2026/04/29 15:45:02,312000,11.490
2026/04/29 15:45:02,313000,11.493
2026/04/29 15:45:02,314000,11.490
2026/04/29 15:45:02,315000,11.490
2026/04/29 15:45:02,316000,11.490
2026/04/29 15:45:02,317000,11.496
2026/04/29 15:45:02,318000,11.493
2026/04/29 15:45:02,319000,11.493
2026/04/29 15:45:02,320000,11.490
2026/04/29 15:45:02,321000,11.493
2026/04/29 15:45:02,322000,11.490
2026/04/29 15:45:02,323000,11.487
2026/04/29 15:45:02,324000,11.490
2026/04/29 15:45:02,325000,11.493
2026/04/29 15:45:02,326000,11.490
2026/04/29 15:45:02,327000,11.490
2026/04/29 15:45:02,328000,11.487
2026/04/29 15:45:02,329000,11.490
2026/04/29 15:45:02,330000,11.490
2026/04/29 15:45:02,331000,11.487
2026/04/29 15:45:02,332000,11.490
2026/04/29 15:45:02,333000,11.490
2026/04/29 15:45:02,334000,11.490
2026/04/29 15:45:02,335000,11.490
2026/04/29 15:45:02,336000,11.499
2026/04/29 15:45:02,337000,11.487
2026/04/29 15:45:02,338000,11.490
2026/04/29 15:45:02,339000,11.493
2026/04/29 15:45:02,340000,11.490
2026/04/29 15:45:02,341000,11.487
2026/04/29 15:45:02,342000,11.485
2026/04/29 15:45:02,343000,11.485
2026/04/29 15:45:02,344000,11.487
2026/04/29 15:45:02,345000,11.493
2026/04/29 15:45:02,346000,11.487
2026/04/29 15:45:02,347000,11.493
2026/04/29 15:45:02,348000,11.493
2026/04/29 15:45:02,349000,11.499
2026/04/29 15:45:02,350000,11.490
2026/04/29 15:45:02,351000,11.490
2026/04/29 15:45:02,352000,11.490
2026/04/29 15:45:02,353000,11.493
2026/04/29 15:45:02,354000,11.487
2026/04/29 15:45:02,355000,11.490
2026/04/29 15:45:02,356000,11.493
2026/04/29 15:45:02,357000,11.493
2026/04/29 15:45:02,358000,11.490
2026/04/29 15:45:02,359000,11.487
2026/04/29 15:45:02,360000,11.487
2026/04/29 15:45:02,361000,11.487
2026/04/29 15:45:02,362000,11.487
2026/04/29 15:45:02,363000,11.490
2026/04/29 15:45:02,364000,11.493
2026/04/29 15:45:02,365000,11.487
2026/04/29 15:45:02,366000,11.493
2026/04/29 15:45:02,367000,11.487
2026/04/29 15:45:02,368000,11.493
2026/04/29 15:45:02,369000,11.493
2026/04/29 15:45:02,370000,11.496
2026/04/29 15:45:02,371000,11.493
2026/04/29 15:45:02,372000,11.487
2026/04/29 15:45:02,373000,11.493
2026/04/29 15:45:02,374000,11.490
2026/04/29 15:45:02,375000,11.487
2026/04/29 15:45:02,376000,11.490
2026/04/29 15:45:02,377000,11.490
2026/04/29 15:45:02,378000,11.490
2026/04/29 15:45:02,379000,11.490
2026/04/29 15:45:02,380000,11.487
2026/04/29 15:45:02,381000,11.490
2026/04/29 15:45:02,382000,11.485
2026/04/29 15:45:02,383000,11.487
2026/04/29 15:45:02,384000,11.490
2026/04/29 15:45:02,385000,11.493
2026/04/29 15:45:02,386000,11.490
2026/04/29 15:45:02,387000,11.493
2026/04/29 15:45:02,388000,11.487
2026/04/29 15:45:02,389000,11.493
2026/04/29 15:45:02,390000,11.493
2026/04/29 15:45:02,391000,11.485
2026/04/29 15:45:02,392000,11.485
2026/04/29 15:45:02,393000,11.490
2026/04/29 15:45:02,394000,11.490
2026/04/29 15:45:02,395000,11.493
2026/04/29 15:45:02,396000,11.493
2026/04/29 15:45:02,397000,11.493
2026/04/29 15:45:02,398000,11.496
2026/04/29 15:45:02,399000,11.490
2026/04/29 15:45:02,400000,11.487
2026/04/29 15:45:02,401000,11.493
2026/04/29 15:45:02,402000,11.493
2026/04/29 15:45:02,403000,11.493
2026/04/29 15:45:02,404000,11.493
2026/04/29 15:45:02,405000,11.493
2026/04/29 15:45:02,406000,11.487
2026/04/29 15:45:02,407000,11.493
2026/04/29 15:45:02,408000,11.487
2026/04/29 15:45:02,409000,11.490
2026/04/29 15:45:02,410000,11.490
2026/04/29 15:45:02,411000,11.490
2026/04/29 15:45:02,412000,11.493
2026/04/29 15:45:02,413000,11.490
2026/04/29 15:45:02,414000,11.490
2026/04/29 15:45:02,415000,11.490
2026/04/29 15:45:02,416000,11.490
2026/04/29 15:45:02,417000,11.496
2026/04/29 15:45:02,418000,11.496
2026/04/29 15:45:02,419000,11.487
2026/04/29 15:45:02,420000,11.493
2026/04/29 15:45:02,421000,11.487
2026/04/29 15:45:02,422000,11.493
2026/04/29 15:45:02,423000,11.485
2026/04/29 15:45:02,424000,11.496
2026/04/29 15:45:02,425000,11.493
2026/04/29 15:45:02,426000,11.496
2026/04/29 15:45:02,427000,11.487
2026/04/29 15:45:02,428000,11.490
2026/04/29 15:45:02,429000,11.487
2026/04/29 15:45:02,430000,11.493
2026/04/29 15:45:02,431000,11.496
2026/04/29 15:45:02,432000,11.490
2026/04/29 15:45:02,433000,11.487
2026/04/29 15:45:02,434000,11.490
2026/04/29 15:45:02,435000,11.493
2026/04/29 15:45:02,436000,11.490
2026/04/29 15:45:02,437000,11.493
2026/04/29 15:45:02,438000,11.493
2026/04/29 15:45:02,439000,11.493
2026/04/29 15:45:02,440000,11.493
2026/04/29 15:45:02,441000,11.493
2026/04/29 15:45:02,442000,11.487
2026/04/29 15:45:02,443000,11.490
2026/04/29 15:45:02,444000,11.501
2026/04/29 15:45:02,445000,11.487
2026/04/29 15:45:02,446000,11.490
2026/04/29 15:45:02,447000,11.487
2026/04/29 15:45:02,448000,11.493
2026/04/29 15:45:02,449000,11.490
2026/04/29 15:45:02,450000,11.485
2026/04/29 15:45:02,451000,11.496
2026/04/29 15:45:02,452000,11.485
2026/04/29 15:45:02,453000,11.487
2026/04/29 15:45:02,454000,11.499
2026/04/29 15:45:02,455000,11.493
2026/04/29 15:45:02,456000,11.490
2026/04/29 15:45:02,457000,11.490
2026/04/29 15:45:02,458000,11.490
2026/04/29 15:45:02,459000,11.490
2026/04/29 15:45:02,460000,11.485
2026/04/29 15:45:02,461000,11.499
2026/04/29 15:45:02,462000,11.493
2026/04/29 15:45:02,463000,11.493
2026/04/29 15:45:02,464000,11.490
2026/04/29 15:45:02,465000,11.490
2026/04/29 15:45:02,466000,11.493
2026/04/29 15:45:02,467000,11.490
2026/04/29 15:45:02,468000,11.493
2026/04/29 15:45:02,469000,11.487
2026/04/29 15:45:02,470000,11.496
2026/04/29 15:45:02,471000,11.493
2026/04/29 15:45:02,472000,11.487
2026/04/29 15:45:02,473000,11.496
2026/04/29 15:45:02,474000,11.487
2026/04/29 15:45:02,475000,11.490
2026/04/29 15:45:02,476000,11.496
2026/04/29 15:45:02,477000,11.487
2026/04/29 15:45:02,478000,11.490
2026/04/29 15:45:02,479000,11.490
2026/04/29 15:45:02,480000,11.490
2026/04/29 15:45:02,481000,11.490
2026/04/29 15:45:02,482000,11.487
2026/04/29 15:45:02,483000,11.490
2026/04/29 15:45:02,484000,11.499
2026/04/29 15:45:02,485000,11.490
2026/04/29 15:45:02,486000,11.487
2026/04/29 15:45:02,487000,11.496
2026/04/29 15:45:02,488000,11.485
2026/04/29 15:45:02,489000,11.490
2026/04/29 15:45:02,490000,11.487
2026/04/29 15:45:02,491000,11.493
2026/04/29 15:45:02,492000,11.485
2026/04/29 15:45:02,493000,11.493
2026/04/29 15:45:02,494000,11.493
2026/04/29 15:45:02,495000,11.493
2026/04/29 15:45:02,496000,11.493
2026/04/29 15:45:02,497000,11.487
2026/04/29 15:45:02,498000,11.485
2026/04/29 15:45:02,499000,11.485
2026/04/29 15:45:02,500000,11.499
2026/04/29 15:45:02,501000,11.485
2026/04/29 15:45:02,502000,11.487
2026/04/29 15:45:02,503000,11.487
2026/04/29 15:45:02,504000,11.487
2026/04/29 15:45:02,505000,11.493
2026/04/29 15:45:02,506000,11.487
2026/04/29 15:45:02,507000,11.493
2026/04/29 15:45:02,508000,11.493
2026/04/29 15:45:02,509000,11.487
2026/04/29 15:45:02,510000,11.499
2026/04/29 15:45:02,511000,11.487
2026/04/29 15:45:02,512000,11.490
2026/04/29 15:45:02,513000,11.496
2026/04/29 15:45:02,514000,11.493
2026/04/29 15:45:02,515000,11.493
2026/04/29 15:45:02,516000,11.490
2026/04/29 15:45:02,517000,11.487
2026/04/29 15:45:02,518000,11.496
2026/04/29 15:45:02,519000,11.493
2026/04/29 15:45:02,520000,11.487
2026/04/29 15:45:02,521000,11.499
2026/04/29 15:45:02,522000,11.487
2026/04/29 15:45:02,523000,11.490
2026/04/29 15:45:02,524000,11.487
2026/04/29 15:45:02,525000,11.493
2026/04/29 15:45:02,526000,11.493
2026/04/29 15:45:02,527000,11.485
2026/04/29 15:45:02,528000,11.493
2026/04/29 15:45:02,529000,11.490
2026/04/29 15:45:02,530000,11.485
2026/04/29 15:45:02,531000,11.490
2026/04/29 15:45:02,532000,11.490
2026/04/29 15:45:02,533000,11.493
2026/04/29 15:45:02,534000,11.493
2026/04/29 15:45:02,535000,11.490
2026/04/29 15:45:02,536000,11.493
2026/04/29 15:45:02,537000,11.487
2026/04/29 15:45:02,538000,11.493
2026/04/29 15:45:02,539000,11.487
2026/04/29 15:45:02,540000,11.493
2026/04/29 15:45:02,541000,11.482
2026/04/29 15:45:02,542000,11.499
2026/04/29 15:45:02,543000,11.496
2026/04/29 15:45:02,544000,11.490
2026/04/29 15:45:02,545000,11.487
2026/04/29 15:45:02,546000,11.493
2026/04/29 15:45:02,547000,11.487
2026/04/29 15:45:02,548000,11.490
2026/04/29 15:45:02,549000,11.490
2026/04/29 15:45:02,550000,11.490
2026/04/29 15:45:02,551000,11.490
2026/04/29 15:45:02,552000,11.493
2026/04/29 15:45:02,553000,11.487
2026/04/29 15:45:02,554000,11.493
2026/04/29 15:45:02,555000,11.490
2026/04/29 15:45:02,556000,11.487
2026/04/29 15:45:02,557000,11.490
2026/04/29 15:45:02,558000,11.493
2026/04/29 15:45:02,559000,11.490
2026/04/29 15:45:02,560000,11.493
2026/04/29 15:45:02,561000,11.490
2026/04/29 15:45:02,562000,11.487
2026/04/29 15:45:02,563000,11.490
2026/04/29 15:45:02,564000,11.487
2026/04/29 15:45:02,565000,11.493
2026/04/29 15:45:02,566000,11.493
2026/04/29 15:45:02,567000,11.493
2026/04/29 15:45:02,568000,11.490
2026/04/29 15:45:02,569000,11.485
2026/04/29 15:45:02,570000,11.490
2026/04/29 15:45:02,571000,11.496
2026/04/29 15:45:02,572000,11.493
2026/04/29 15:45:02,573000,11.496
2026/04/29 15:45:02,574000,11.490
2026/04/29 15:45:02,575000,11.499
2026/04/29 15:45:02,576000,11.493
2026/04/29 15:45:02,577000,11.490
2026/04/29 15:45:02,578000,11.490
2026/04/29 15:45:02,579000,11.485
2026/04/29 15:45:02,580000,11.493
2026/04/29 15:45:02,581000,11.490
2026/04/29 15:45:02,582000,11.493
2026/04/29 15:45:02,583000,11.490
2026/04/29 15:45:02,584000,11.493
2026/04/29 15:45:02,585000,11.490
2026/04/29 15:45:02,586000,11.490
2026/04/29 15:45:02,587000,11.496
2026/04/29 15:45:02,588000,11.490
2026/04/29 15:45:02,589000,11.482
2026/04/29 15:45:02,590000,11.490
2026/04/29 15:45:02,591000,11.485
2026/04/29 15:45:02,592000,11.493
2026/04/29 15:45:02,593000,11.496
2026/04/29 15:45:02,594000,11.487
2026/04/29 15:45:02,595000,11.493
2026/04/29 15:45:02,596000,11.493
2026/04/29 15:45:02,597000,11.493
2026/04/29 15:45:02,598000,11.490
2026/04/29 15:45:02,599000,11.499
2026/04/29 15:45:02,600000,11.490
2026/04/29 15:45:02,601000,11.487
2026/04/29 15:45:02,602000,11.490
2026/04/29 15:45:02,603000,11.493
2026/04/29 15:45:02,604000,11.487
2026/04/29 15:45:02,605000,11.479
2026/04/29 15:45:02,606000,11.490
2026/04/29 15:45:02,607000,11.493
2026/04/29 15:45:02,608000,11.490
2026/04/29 15:45:02,609000,11.493
2026/04/29 15:45:02,610000,11.493
2026/04/29 15:45:02,611000,11.487
2026/04/29 15:45:02,612000,11.493
2026/04/29 15:45:02,613000,11.493
2026/04/29 15:45:02,614000,11.493
2026/04/29 15:45:02,615000,11.493
2026/04/29 15:45:02,616000,11.487
2026/04/29 15:45:02,617000,11.490
2026/04/29 15:45:02,618000,11.493
2026/04/29 15:45:02,619000,11.487
2026/04/29 15:45:02,620000,11.496
2026/04/29 15:45:02,621000,11.490
2026/04/29 15:45:02,622000,11.493
2026/04/29 15:45:02,623000,11.493
2026/04/29 15:45:02,624000,11.487
2026/04/29 15:45:02,625000,11.493
2026/04/29 15:45:02,626000,11.496
2026/04/29 15:45:02,627000,11.493
2026/04/29 15:45:02,628000,11.487
2026/04/29 15:45:02,629000,11.490
2026/04/29 15:45:02,630000,11.490
2026/04/29 15:45:02,631000,11.487
2026/04/29 15:45:02,632000,11.487
2026/04/29 15:45:02,633000,11.493
2026/04/29 15:45:02,634000,11.487
2026/04/29 15:45:02,635000,11.487
2026/04/29 15:45:02,636000,11.487
2026/04/29 15:45:02,637000,11.490
2026/04/29 15:45:02,638000,11.493
2026/04/29 15:45:02,639000,11.493
2026/04/29 15:45:02,640000,11.493
2026/04/29 15:45:02,641000,11.496
2026/04/29 15:45:02,642000,11.490
2026/04/29 15:45:02,643000,11.485
2026/04/29 15:45:02,644000,11.496
2026/04/29 15:45:02,645000,11.490
2026/04/29 15:45:02,646000,11.490
2026/04/29 15:45:02,647000,11.493
2026/04/29 15:45:02,648000,11.493
2026/04/29 15:45:02,649000,11.485
2026/04/29 15:45:02,650000,11.490
2026/04/29 15:45:02,651000,11.487
2026/04/29 15:45:02,652000,11.493
2026/04/29 15:45:02,653000,11.485
2026/04/29 15:45:02,654000,11.490
2026/04/29 15:45:02,655000,11.493
2026/04/29 15:45:02,656000,11.490
2026/04/29 15:45:02,657000,11.493
2026/04/29 15:45:02,658000,11.493
2026/04/29 15:45:02,659000,11.493
2026/04/29 15:45:02,660000,11.493
2026/04/29 15:45:02,661000,11.499
2026/04/29 15:45:02,662000,11.490
2026/04/29 15:45:02,663000,11.485
2026/04/29 15:45:02,664000,11.490
2026/04/29 15:45:02,665000,11.490
2026/04/29 15:45:02,666000,11.485
2026/04/29 15:45:02,667000,11.490
2026/04/29 15:45:02,668000,11.487
2026/04/29 15:45:02,669000,11.487
2026/04/29 15:45:02,670000,11.493
2026/04/29 15:45:02,671000,11.482
2026/04/29 15:45:02,672000,11.487
2026/04/29 15:45:02,673000,11.487
2026/04/29 15:45:02,674000,11.490
2026/04/29 15:45:02,675000,11.496
2026/04/29 15:45:02,676000,11.490
2026/04/29 15:45:02,677000,11.490
2026/04/29 15:45:02,678000,11.493
2026/04/29 15:45:02,679000,11.490
2026/04/29 15:45:02,680000,11.487
2026/04/29 15:45:02,681000,11.487
2026/04/29 15:45:02,682000,11.490
2026/04/29 15:45:02,683000,11.490
2026/04/29 15:45:02,684000,11.493
2026/04/29 15:45:02,685000,11.490
2026/04/29 15:45:02,686000,11.487
2026/04/29 15:45:02,687000,11.493
2026/04/29 15:45:02,688000,11.499
2026/04/29 15:45:02,689000,11.490
2026/04/29 15:45:02,690000,11.490
2026/04/29 15:45:02,691000,11.493
2026/04/29 15:45:02,692000,11.493
2026/04/29 15:45:02,693000,11.487
2026/04/29 15:45:02,694000,11.496
2026/04/29 15:45:02,695000,11.490
2026/04/29 15:45:02,696000,11.490
2026/04/29 15:45:02,697000,11.493
2026/04/29 15:45:02,698000,11.490
2026/04/29 15:45:02,699000,11.490
2026/04/29 15:45:02,700000,11.493
2026/04/29 15:45:02,701000,11.493
2026/04/29 15:45:02,702000,11.490
2026/04/29 15:45:02,703000,11.496
2026/04/29 15:45:02,704000,11.493
2026/04/29 15:45:02,705000,11.487
2026/04/29 15:45:02,706000,11.490
2026/04/29 15:45:02,707000,11.501
2026/04/29 15:45:02,708000,11.487
2026/04/29 15:45:02,709000,11.496
2026/04/29 15:45:02,710000,11.487
2026/04/29 15:45:02,711000,11.490
2026/04/29 15:45:02,712000,11.493
2026/04/29 15:45:02,713000,11.487
2026/04/29 15:45:02,714000,11.493
2026/04/29 15:45:02,715000,11.493
2026/04/29 15:45:02,716000,11.496
2026/04/29 15:45:02,717000,11.487
2026/04/29 15:45:02,718000,11.490
2026/04/29 15:45:02,719000,11.485
2026/04/29 15:45:02,720000,11.493
2026/04/29 15:45:02,721000,11.490
2026/04/29 15:45:02,722000,11.490
2026/04/29 15:45:02,723000,11.490
2026/04/29 15:45:02,724000,11.490
2026/04/29 15:45:02,725000,11.496
2026/04/29 15:45:02,726000,11.487
2026/04/29 15:45:02,727000,11.487
2026/04/29 15:45:02,728000,11.487
2026/04/29 15:45:02,729000,11.490
2026/04/29 15:45:02,730000,11.487
2026/04/29 15:45:02,731000,11.487
2026/04/29 15:45:02,732000,11.493
2026/04/29 15:45:02,733000,11.490
2026/04/29 15:45:02,734000,11.487
2026/04/29 15:45:02,735000,11.499
2026/04/29 15:45:02,736000,11.493
2026/04/29 15:45:02,737000,11.493
2026/04/29 15:45:02,738000,11.487
2026/04/29 15:45:02,739000,11.490
2026/04/29 15:45:02,740000,11.487
2026/04/29 15:45:02,741000,11.490
2026/04/29 15:45:02,742000,11.496
2026/04/29 15:45:02,743000,11.493
2026/04/29 15:45:02,744000,11.490
2026/04/29 15:45:02,745000,11.493
2026/04/29 15:45:02,746000,11.490
2026/04/29 15:45:02,747000,11.482
2026/04/29 15:45:02,748000,11.487
2026/04/29 15:45:02,749000,11.493
2026/04/29 15:45:02,750000,11.493
2026/04/29 15:45:02,751000,11.487
2026/04/29 15:45:02,752000,11.490
2026/04/29 15:45:02,753000,11.490
2026/04/29 15:45:02,754000,11.490
2026/04/29 15:45:02,755000,11.490
2026/04/29 15:45:02,756000,11.493
2026/04/29 15:45:02,757000,11.496
2026/04/29 15:45:02,758000,11.490
2026/04/29 15:45:02,759000,11.493
2026/04/29 15:45:02,760000,11.485
2026/04/29 15:45:02,761000,11.490
2026/04/29 15:45:02,762000,11.490
2026/04/29 15:45:02,763000,11.493
2026/04/29 15:45:02,764000,11.493
2026/04/29 15:45:02,765000,11.490
2026/04/29 15:45:02,766000,11.487
2026/04/29 15:45:02,767000,11.493
2026/04/29 15:45:02,768000,11.493
2026/04/29 15:45:02,769000,11.496
2026/04/29 15:45:02,770000,11.493
2026/04/29 15:45:02,771000,11.490
2026/04/29 15:45:02,772000,11.490
2026/04/29 15:45:02,773000,11.499
2026/04/29 15:45:02,774000,11.487
2026/04/29 15:45:02,775000,11.490
2026/04/29 15:45:02,776000,11.490
2026/04/29 15:45:02,777000,11.490
2026/04/29 15:45:02,778000,11.499
2026/04/29 15:45:02,779000,11.493
2026/04/29 15:45:02,780000,11.490
2026/04/29 15:45:02,781000,11.499
2026/04/29 15:45:02,782000,11.490
2026/04/29 15:45:02,783000,11.487
2026/04/29 15:45:02,784000,11.490
2026/04/29 15:45:02,785000,11.490
2026/04/29 15:45:02,786000,11.493
2026/04/29 15:45:02,787000,11.487
2026/04/29 15:45:02,788000,11.490
2026/04/29 15:45:02,789000,11.490
2026/04/29 15:45:02,790000,11.485
2026/04/29 15:45:02,791000,11.493
2026/04/29 15:45:02,792000,11.493
2026/04/29 15:45:02,793000,11.487
2026/04/29 15:45:02,794000,11.490
2026/04/29 15:45:02,795000,11.493
2026/04/29 15:45:02,796000,11.493
2026/04/29 15:45:02,797000,11.487
2026/04/29 15:45:02,798000,11.499
2026/04/29 15:45:02,799000,11.487
2026/04/29 15:45:02,800000,11.487
2026/04/29 15:45:02,801000,11.490
2026/04/29 15:45:02,802000,11.490
2026/04/29 15:45:02,803000,11.487
2026/04/29 15:45:02,804000,11.496
2026/04/29 15:45:02,805000,11.496
2026/04/29 15:45:02,806000,11.493
2026/04/29 15:45:02,807000,11.487
2026/04/29 15:45:02,808000,11.496
2026/04/29 15:45:02,809000,11.493
2026/04/29 15:45:02,810000,11.490
2026/04/29 15:45:02,811000,11.496
2026/04/29 15:45:02,812000,11.493
2026/04/29 15:45:02,813000,11.490
2026/04/29 15:45:02,814000,11.496
2026/04/29 15:45:02,815000,11.496
2026/04/29 15:45:02,816000,11.490
2026/04/29 15:45:02,817000,11.490
2026/04/29 15:45:02,818000,11.493
2026/04/29 15:45:02,819000,11.487
2026/04/29 15:45:02,820000,11.490
2026/04/29 15:45:02,821000,11.493
2026/04/29 15:45:02,822000,11.487
2026/04/29 15:45:02,823000,11.490
2026/04/29 15:45:02,824000,11.493
2026/04/29 15:45:02,825000,11.493
2026/04/29 15:45:02,826000,11.485
2026/04/29 15:45:02,827000,11.493
2026/04/29 15:45:02,828000,11.490
2026/04/29 15:45:02,829000,11.490
2026/04/29 15:45:02,830000,11.490
2026/04/29 15:45:02,831000,11.493
2026/04/29 15:45:02,832000,11.493
2026/04/29 15:45:02,833000,11.490
2026/04/29 15:45:02,834000,11.490
2026/04/29 15:45:02,835000,11.490
2026/04/29 15:45:02,836000,11.487
2026/04/29 15:45:02,837000,11.485
2026/04/29 15:45:02,838000,11.496
2026/04/29 15:45:02,839000,11.493
2026/04/29 15:45:02,840000,11.490
2026/04/29 15:45:02,841000,11.493
2026/04/29 15:45:02,842000,11.493
2026/04/29 15:45:02,843000,11.493
2026/04/29 15:45:02,844000,11.496
2026/04/29 15:45:02,845000,11.490
2026/04/29 15:45:02,846000,11.496
2026/04/29 15:45:02,847000,11.490
2026/04/29 15:45:02,848000,11.490
2026/04/29 15:45:02,849000,11.490
2026/04/29 15:45:02,850000,11.487
2026/04/29 15:45:02,851000,11.496
2026/04/29 15:45:02,852000,11.487
2026/04/29 15:45:02,853000,11.493
2026/04/29 15:45:02,854000,11.490
2026/04/29 15:45:02,855000,11.493
2026/04/29 15:45:02,856000,11.490
2026/04/29 15:45:02,857000,11.496
2026/04/29 15:45:02,858000,11.496
2026/04/29 15:45:02,859000,11.499
2026/04/29 15:45:02,860000,11.493
2026/04/29 15:45:02,861000,11.490
2026/04/29 15:45:02,862000,11.496
2026/04/29 15:45:02,863000,11.493
2026/04/29 15:45:02,864000,11.487
2026/04/29 15:45:02,865000,11.490
2026/04/29 15:45:02,866000,11.493
2026/04/29 15:45:02,867000,11.490
2026/04/29 15:45:02,868000,11.490
2026/04/29 15:45:02,869000,11.493
2026/04/29 15:45:02,870000,11.490
2026/04/29 15:45:02,871000,11.493
2026/04/29 15:45:02,872000,11.493
2026/04/29 15:45:02,873000,11.493
2026/04/29 15:45:02,874000,11.490
2026/04/29 15:45:02,875000,11.490
2026/04/29 15:45:02,876000,11.490
2026/04/29 15:45:02,877000,11.493
2026/04/29 15:45:02,878000,11.493
2026/04/29 15:45:02,879000,11.493
2026/04/29 15:45:02,880000,11.493
2026/04/29 15:45:02,881000,11.490
2026/04/29 15:45:02,882000,11.493
2026/04/29 15:45:02,883000,11.487
2026/04/29 15:45:02,884000,11.482
2026/04/29 15:45:02,885000,11.490
2026/04/29 15:45:02,886000,11.487
2026/04/29 15:45:02,887000,11.493
2026/04/29 15:45:02,888000,11.482
2026/04/29 15:45:02,889000,11.487
2026/04/29 15:45:02,890000,11.490
2026/04/29 15:45:02,891000,11.493
2026/04/29 15:45:02,892000,11.490
2026/04/29 15:45:02,893000,11.490
2026/04/29 15:45:02,894000,11.493
2026/04/29 15:45:02,895000,11.490
2026/04/29 15:45:02,896000,11.501
2026/04/29 15:45:02,897000,11.493
2026/04/29 15:45:02,898000,11.490
2026/04/29 15:45:02,899000,11.493
2026/04/29 15:45:02,900000,11.490
2026/04/29 15:45:02,901000,11.490
2026/04/29 15:45:02,902000,11.493
2026/04/29 15:45:02,903000,11.493
2026/04/29 15:45:02,904000,11.493
2026/04/29 15:45:02,905000,11.487
2026/04/29 15:45:02,906000,11.490
2026/04/29 15:45:02,907000,11.490
2026/04/29 15:45:02,908000,11.487
2026/04/29 15:45:02,909000,11.493
2026/04/29 15:45:02,910000,11.496
2026/04/29 15:45:02,911000,11.490
2026/04/29 15:45:02,912000,11.490
2026/04/29 15:45:02,913000,11.493
2026/04/29 15:45:02,914000,11.490
2026/04/29 15:45:02,915000,11.490
2026/04/29 15:45:02,916000,11.490
2026/04/29 15:45:02,917000,11.493
2026/04/29 15:45:02,918000,11.487
2026/04/29 15:45:02,919000,11.496
2026/04/29 15:45:02,920000,11.490
2026/04/29 15:45:02,921000,11.496
2026/04/29 15:45:02,922000,11.487
2026/04/29 15:45:02,923000,11.493
2026/04/29 15:45:02,924000,11.485
2026/04/29 15:45:02,925000,11.487
2026/04/29 15:45:02,926000,11.490
2026/04/29 15:45:02,927000,11.499
2026/04/29 15:45:02,928000,11.493
2026/04/29 15:45:02,929000,11.496
2026/04/29 15:45:02,930000,11.490
2026/04/29 15:45:02,931000,11.490
2026/04/29 15:45:02,932000,11.493
2026/04/29 15:45:02,933000,11.493
2026/04/29 15:45:02,934000,11.493
2026/04/29 15:45:02,935000,11.490
2026/04/29 15:45:02,936000,11.493
2026/04/29 15:45:02,937000,11.493
2026/04/29 15:45:02,938000,11.490
2026/04/29 15:45:02,939000,11.487
2026/04/29 15:45:02,940000,11.496
2026/04/29 15:45:02,941000,11.499
2026/04/29 15:45:02,942000,11.487
2026/04/29 15:45:02,943000,11.490
2026/04/29 15:45:02,944000,11.493
2026/04/29 15:45:02,945000,11.493
2026/04/29 15:45:02,946000,11.493
2026/04/29 15:45:02,947000,11.499
2026/04/29 15:45:02,948000,11.490
2026/04/29 15:45:02,949000,11.485
2026/04/29 15:45:02,950000,11.493
2026/04/29 15:45:02,951000,11.499
2026/04/29 15:45:02,952000,11.499
2026/04/29 15:45:02,953000,11.490
2026/04/29 15:45:02,954000,11.493
2026/04/29 15:45:02,955000,11.493
2026/04/29 15:45:02,956000,11.493
2026/04/29 15:45:02,957000,11.496
2026/04/29 15:45:02,958000,11.493
2026/04/29 15:45:02,959000,11.501
2026/04/29 15:45:02,960000,11.493
2026/04/29 15:45:02,961000,11.493
2026/04/29 15:45:02,962000,11.490
2026/04/29 15:45:02,963000,11.493
2026/04/29 15:45:02,964000,11.487
2026/04/29 15:45:02,965000,11.493
2026/04/29 15:45:02,966000,11.496
2026/04/29 15:45:02,967000,11.496
2026/04/29 15:45:02,968000,11.501
2026/04/29 15:45:02,969000,11.487
2026/04/29 15:45:02,970000,11.493
2026/04/29 15:45:02,971000,11.493
2026/04/29 15:45:02,972000,11.487
2026/04/29 15:45:02,973000,11.490
2026/04/29 15:45:02,974000,11.499
2026/04/29 15:45:02,975000,11.496
2026/04/29 15:45:02,976000,11.496
2026/04/29 15:45:02,977000,11.487
2026/04/29 15:45:02,978000,11.490
2026/04/29 15:45:02,979000,11.496
2026/04/29 15:45:02,980000,11.490
2026/04/29 15:45:02,981000,11.490
2026/04/29 15:45:02,982000,11.499
2026/04/29 15:45:02,983000,11.493
2026/04/29 15:45:02,984000,11.490
2026/04/29 15:45:02,985000,11.490
2026/04/29 15:45:02,986000,11.490
2026/04/29 15:45:02,987000,11.490
2026/04/29 15:45:02,988000,11.490
2026/04/29 15:45:02,989000,11.490
2026/04/29 15:45:02,990000,11.493
2026/04/29 15:45:02,991000,11.493
2026/04/29 15:45:02,992000,11.493
2026/04/29 15:45:02,993000,11.490
2026/04/29 15:45:02,994000,11.490
2026/04/29 15:45:02,995000,11.490
2026/04/29 15:45:02,996000,11.490
2026/04/29 15:45:02,997000,11.487
2026/04/29 15:45:02,998000,11.493
2026/04/29 15:45:02,999000,11.493
2026/04/29 15:45:03,000000,11.499
2026/04/29 15:45:03,001000,11.493
2026/04/29 15:45:03,002000,11.490
2026/04/29 15:45:03,003000,11.493
2026/04/29 15:45:03,004000,11.490
2026/04/29 15:45:03,005000,11.493
2026/04/29 15:45:03,006000,11.493
2026/04/29 15:45:03,007000,11.501
2026/04/29 15:45:03,008000,11.490
2026/04/29 15:45:03,009000,11.493
2026/04/29 15:45:03,010000,11.490
2026/04/29 15:45:03,011000,11.490
2026/04/29 15:45:03,012000,11.490
2026/04/29 15:45:03,013000,11.493
2026/04/29 15:45:03,014000,11.493
2026/04/29 15:45:03,015000,11.493
2026/04/29 15:45:03,016000,11.485
2026/04/29 15:45:03,017000,11.493
2026/04/29 15:45:03,018000,11.490
2026/04/29 15:45:03,019000,11.490
2026/04/29 15:45:03,020000,11.496
2026/04/29 15:45:03,021000,11.499
2026/04/29 15:45:03,022000,11.493
2026/04/29 15:45:03,023000,11.499
2026/04/29 15:45:03,024000,11.496
2026/04/29 15:45:03,025000,11.487
2026/04/29 15:45:03,026000,11.490
2026/04/29 15:45:03,027000,11.493
2026/04/29 15:45:03,028000,11.490
2026/04/29 15:45:03,029000,11.493
2026/04/29 15:45:03,030000,11.493
2026/04/29 15:45:03,031000,11.493
2026/04/29 15:45:03,032000,11.490
2026/04/29 15:45:03,033000,11.493
2026/04/29 15:45:03,034000,11.493
2026/04/29 15:45:03,035000,11.496
2026/04/29 15:45:03,036000,11.487
2026/04/29 15:45:03,037000,11.496
2026/04/29 15:45:03,038000,11.493
2026/04/29 15:45:03,039000,11.493
2026/04/29 15:45:03,040000,11.487
2026/04/29 15:45:03,041000,11.493
2026/04/29 15:45:03,042000,11.493
2026/04/29 15:45:03,043000,11.490
2026/04/29 15:45:03,044000,11.487
2026/04/29 15:45:03,045000,11.493
2026/04/29 15:45:03,046000,11.496
2026/04/29 15:45:03,047000,11.496
2026/04/29 15:45:03,048000,11.490
2026/04/29 15:45:03,049000,11.493
2026/04/29 15:45:03,050000,11.496
2026/04/29 15:45:03,051000,11.490
2026/04/29 15:45:03,052000,11.490
2026/04/29 15:45:03,053000,11.490
2026/04/29 15:45:03,054000,11.490
2026/04/29 15:45:03,055000,11.485
2026/04/29 15:45:03,056000,11.496
2026/04/29 15:45:03,057000,11.490
2026/04/29 15:45:03,058000,11.493
2026/04/29 15:45:03,059000,11.499
2026/04/29 15:45:03,060000,11.496
2026/04/29 15:45:03,061000,11.490
2026/04/29 15:45:03,062000,11.493
2026/04/29 15:45:03,063000,11.487
2026/04/29 15:45:03,064000,11.493
2026/04/29 15:45:03,065000,11.496
2026/04/29 15:45:03,066000,11.493
2026/04/29 15:45:03,067000,11.490
2026/04/29 15:45:03,068000,11.490
2026/04/29 15:45:03,069000,11.490
2026/04/29 15:45:03,070000,11.496
2026/04/29 15:45:03,071000,11.493
2026/04/29 15:45:03,072000,11.490
2026/04/29 15:45:03,073000,11.490
2026/04/29 15:45:03,074000,11.493
2026/04/29 15:45:03,075000,11.485
2026/04/29 15:45:03,076000,11.493
2026/04/29 15:45:03,077000,11.487
2026/04/29 15:45:03,078000,11.490
2026/04/29 15:45:03,079000,11.499
2026/04/29 15:45:03,080000,11.487
2026/04/29 15:45:03,081000,11.496
2026/04/29 15:45:03,082000,11.490
2026/04/29 15:45:03,083000,11.490
2026/04/29 15:45:03,084000,11.490
2026/04/29 15:45:03,085000,11.490
2026/04/29 15:45:03,086000,11.487
2026/04/29 15:45:03,087000,11.493
2026/04/29 15:45:03,088000,11.493
2026/04/29 15:45:03,089000,11.490
2026/04/29 15:45:03,090000,11.490
2026/04/29 15:45:03,091000,11.493
2026/04/29 15:45:03,092000,11.493
2026/04/29 15:45:03,093000,11.493
2026/04/29 15:45:03,094000,11.493
2026/04/29 15:45:03,095000,11.485
2026/04/29 15:45:03,096000,11.493
2026/04/29 15:45:03,097000,11.493
2026/04/29 15:45:03,098000,11.487
2026/04/29 15:45:03,099000,11.490
2026/04/29 15:45:03,100000,11.493
2026/04/29 15:45:03,101000,11.493
2026/04/29 15:45:03,102000,11.496
2026/04/29 15:45:03,103000,11.493
2026/04/29 15:45:03,104000,11.490
2026/04/29 15:45:03,105000,11.490
2026/04/29 15:45:03,106000,11.490
2026/04/29 15:45:03,107000,11.490
2026/04/29 15:45:03,108000,11.490
2026/04/29 15:45:03,109000,11.493
2026/04/29 15:45:03,110000,11.490
2026/04/29 15:45:03,111000,11.490
2026/04/29 15:45:03,112000,11.493
2026/04/29 15:45:03,113000,11.496
2026/04/29 15:45:03,114000,11.493
2026/04/29 15:45:03,115000,11.490
2026/04/29 15:45:03,116000,11.496
2026/04/29 15:45:03,117000,11.490
2026/04/29 15:45:03,118000,11.493
2026/04/29 15:45:03,119000,11.493
2026/04/29 15:45:03,120000,11.490
2026/04/29 15:45:03,121000,11.496
2026/04/29 15:45:03,122000,11.496
2026/04/29 15:45:03,123000,11.493
2026/04/29 15:45:03,124000,11.485
2026/04/29 15:45:03,125000,11.482
2026/04/29 15:45:03,126000,11.493
2026/04/29 15:45:03,127000,11.490
2026/04/29 15:45:03,128000,11.493
2026/04/29 15:45:03,129000,11.487
2026/04/29 15:45:03,130000,11.493
2026/04/29 15:45:03,131000,11.493
2026/04/29 15:45:03,132000,11.487
2026/04/29 15:45:03,133000,11.490
2026/04/29 15:45:03,134000,11.490
2026/04/29 15:45:03,135000,11.487
2026/04/29 15:45:03,136000,11.490
2026/04/29 15:45:03,137000,11.499
2026/04/29 15:45:03,138000,11.490
2026/04/29 15:45:03,139000,11.490
2026/04/29 15:45:03,140000,11.496
2026/04/29 15:45:03,141000,11.493
2026/04/29 15:45:03,142000,11.496
2026/04/29 15:45:03,143000,11.493
2026/04/29 15:45:03,144000,11.487
2026/04/29 15:45:03,145000,11.490
2026/04/29 15:45:03,146000,11.493
2026/04/29 15:45:03,147000,11.490
2026/04/29 15:45:03,148000,11.487
2026/04/29 15:45:03,149000,11.487
2026/04/29 15:45:03,150000,11.493
2026/04/29 15:45:03,151000,11.493
2026/04/29 15:45:03,152000,11.499
2026/04/29 15:45:03,153000,11.496
2026/04/29 15:45:03,154000,11.493
2026/04/29 15:45:03,155000,11.496
2026/04/29 15:45:03,156000,11.490
2026/04/29 15:45:03,157000,11.496
2026/04/29 15:45:03,158000,11.499
2026/04/29 15:45:03,159000,11.485
2026/04/29 15:45:03,160000,11.487
2026/04/29 15:45:03,161000,11.493
2026/04/29 15:45:03,162000,11.490
2026/04/29 15:45:03,163000,11.490
2026/04/29 15:45:03,164000,11.490
2026/04/29 15:45:03,165000,11.487
2026/04/29 15:45:03,166000,11.493
2026/04/29 15:45:03,167000,11.496
2026/04/29 15:45:03,168000,11.490
2026/04/29 15:45:03,169000,11.493
2026/04/29 15:45:03,170000,11.487
2026/04/29 15:45:03,171000,11.493
2026/04/29 15:45:03,172000,11.490
2026/04/29 15:45:03,173000,11.496
2026/04/29 15:45:03,174000,11.487
2026/04/29 15:45:03,175000,11.490
2026/04/29 15:45:03,176000,11.493
2026/04/29 15:45:03,177000,11.496
2026/04/29 15:45:03,178000,11.490
2026/04/29 15:45:03,179000,11.493
2026/04/29 15:45:03,180000,11.490
2026/04/29 15:45:03,181000,11.490
2026/04/29 15:45:03,182000,11.493
2026/04/29 15:45:03,183000,11.493
2026/04/29 15:45:03,184000,11.490
2026/04/29 15:45:03,185000,11.490
2026/04/29 15:45:03,186000,11.496
2026/04/29 15:45:03,187000,11.482
2026/04/29 15:45:03,188000,11.485
2026/04/29 15:45:03,189000,11.496
2026/04/29 15:45:03,190000,11.493
2026/04/29 15:45:03,191000,11.487
2026/04/29 15:45:03,192000,11.490
2026/04/29 15:45:03,193000,11.479
2026/04/29 15:45:03,194000,11.490
2026/04/29 15:45:03,195000,11.487
2026/04/29 15:45:03,196000,11.490
2026/04/29 15:45:03,197000,11.493
2026/04/29 15:45:03,198000,11.493
2026/04/29 15:45:03,199000,11.490
2026/04/29 15:45:03,200000,11.493
2026/04/29 15:45:03,201000,11.490
2026/04/29 15:45:03,202000,11.490
2026/04/29 15:45:03,203000,11.493
2026/04/29 15:45:03,204000,11.490
2026/04/29 15:45:03,205000,11.479
2026/04/29 15:45:03,206000,11.490
2026/04/29 15:45:03,207000,11.493
2026/04/29 15:45:03,208000,11.490
2026/04/29 15:45:03,209000,11.490
2026/04/29 15:45:03,210000,11.504
2026/04/29 15:45:03,211000,11.493
2026/04/29 15:45:03,212000,11.490
2026/04/29 15:45:03,213000,11.493
2026/04/29 15:45:03,214000,11.490
2026/04/29 15:45:03,215000,11.487
2026/04/29 15:45:03,216000,11.490
2026/04/29 15:45:03,217000,11.493
2026/04/29 15:45:03,218000,11.487
2026/04/29 15:45:03,219000,11.493
2026/04/29 15:45:03,220000,11.487
2026/04/29 15:45:03,221000,11.493
2026/04/29 15:45:03,222000,11.493
2026/04/29 15:45:03,223000,11.487
2026/04/29 15:45:03,224000,11.490
2026/04/29 15:45:03,225000,11.487
2026/04/29 15:45:03,226000,11.485
2026/04/29 15:45:03,227000,11.493
2026/04/29 15:45:03,228000,11.493
2026/04/29 15:45:03,229000,11.496
2026/04/29 15:45:03,230000,11.490
2026/04/29 15:45:03,231000,11.496
2026/04/29 15:45:03,232000,11.487
2026/04/29 15:45:03,233000,11.485
2026/04/29 15:45:03,234000,11.487
2026/04/29 15:45:03,235000,11.490
2026/04/29 15:45:03,236000,11.487
2026/04/29 15:45:03,237000,11.487
2026/04/29 15:45:03,238000,11.490
2026/04/29 15:45:03,239000,11.493
2026/04/29 15:45:03,240000,11.490
2026/04/29 15:45:03,241000,11.490
2026/04/29 15:45:03,242000,11.496
2026/04/29 15:45:03,243000,11.490
2026/04/29 15:45:03,244000,11.482
2026/04/29 15:45:03,245000,11.493
2026/04/29 15:45:03,246000,11.487
2026/04/29 15:45:03,247000,11.485
2026/04/29 15:45:03,248000,11.490
2026/04/29 15:45:03,249000,11.490
2026/04/29 15:45:03,250000,11.490
2026/04/29 15:45:03,251000,11.487
2026/04/29 15:45:03,252000,11.490
2026/04/29 15:45:03,253000,11.490
2026/04/29 15:45:03,254000,11.493
2026/04/29 15:45:03,255000,11.493
2026/04/29 15:45:03,256000,11.490
2026/04/29 15:45:03,257000,11.493
2026/04/29 15:45:03,258000,11.487
2026/04/29 15:45:03,259000,11.493
2026/04/29 15:45:03,260000,11.490
2026/04/29 15:45:03,261000,11.487
2026/04/29 15:45:03,262000,11.496
2026/04/29 15:45:03,263000,11.487
2026/04/29 15:45:03,264000,11.487
2026/04/29 15:45:03,265000,11.490
2026/04/29 15:45:03,266000,11.490
2026/04/29 15:45:03,267000,11.490
2026/04/29 15:45:03,268000,11.482
2026/04/29 15:45:03,269000,11.485
2026/04/29 15:45:03,270000,11.487
2026/04/29 15:45:03,271000,11.493
2026/04/29 15:45:03,272000,11.493
2026/04/29 15:45:03,273000,11.487
2026/04/29 15:45:03,274000,11.493
2026/04/29 15:45:03,275000,11.496
2026/04/29 15:45:03,276000,11.487
2026/04/29 15:45:03,277000,11.493
2026/04/29 15:45:03,278000,11.490
2026/04/29 15:45:03,279000,11.490
2026/04/29 15:45:03,280000,11.490
2026/04/29 15:45:03,281000,11.487
2026/04/29 15:45:03,282000,11.490
2026/04/29 15:45:03,283000,11.490
2026/04/29 15:45:03,284000,11.490
2026/04/29 15:45:03,285000,11.493
2026/04/29 15:45:03,286000,11.493
2026/04/29 15:45:03,287000,11.493
2026/04/29 15:45:03,288000,11.485
2026/04/29 15:45:03,289000,11.493
2026/04/29 15:45:03,290000,11.485
2026/04/29 15:45:03,291000,11.493
2026/04/29 15:45:03,292000,11.487
2026/04/29 15:45:03,293000,11.493
2026/04/29 15:45:03,294000,11.487
2026/04/29 15:45:03,295000,11.490
2026/04/29 15:45:03,296000,11.487
2026/04/29 15:45:03,297000,11.496
2026/04/29 15:45:03,298000,11.493
2026/04/29 15:45:03,299000,11.487
2026/04/29 15:45:03,300000,11.493
2026/04/29 15:45:03,301000,11.487
2026/04/29 15:45:03,302000,11.490
2026/04/29 15:45:03,303000,11.493
2026/04/29 15:45:03,304000,11.496
2026/04/29 15:45:03,305000,11.490
2026/04/29 15:45:03,306000,11.487
2026/04/29 15:45:03,307000,11.487
2026/04/29 15:45:03,308000,11.490
2026/04/29 15:45:03,309000,11.493
2026/04/29 15:45:03,310000,11.490
2026/04/29 15:45:03,311000,11.482
2026/04/29 15:45:03,312000,11.496
2026/04/29 15:45:03,313000,11.496
2026/04/29 15:45:03,314000,11.490
2026/04/29 15:45:03,315000,11.487
2026/04/29 15:45:03,316000,11.496
2026/04/29 15:45:03,317000,11.493
2026/04/29 15:45:03,318000,11.490
2026/04/29 15:45:03,319000,11.493
2026/04/29 15:45:03,320000,11.487
2026/04/29 15:45:03,321000,11.493
2026/04/29 15:45:03,322000,11.487
2026/04/29 15:45:03,323000,11.493
2026/04/29 15:45:03,324000,11.487
2026/04/29 15:45:03,325000,11.496
2026/04/29 15:45:03,326000,11.496
2026/04/29 15:45:03,327000,11.487
2026/04/29 15:45:03,328000,11.490
2026/04/29 15:45:03,329000,11.499
2026/04/29 15:45:03,330000,11.485
2026/04/29 15:45:03,331000,11.493
2026/04/29 15:45:03,332000,11.490
2026/04/29 15:45:03,333000,11.490
2026/04/29 15:45:03,334000,11.493
2026/04/29 15:45:03,335000,11.493
2026/04/29 15:45:03,336000,11.485
2026/04/29 15:45:03,337000,11.490
2026/04/29 15:45:03,338000,11.490
2026/04/29 15:45:03,339000,11.493
2026/04/29 15:45:03,340000,11.493
2026/04/29 15:45:03,341000,11.490
2026/04/29 15:45:03,342000,11.490
2026/04/29 15:45:03,343000,11.490
2026/04/29 15:45:03,344000,11.490
2026/04/29 15:45:03,345000,11.496
2026/04/29 15:45:03,346000,11.493
2026/04/29 15:45:03,347000,11.487
2026/04/29 15:45:03,348000,11.490
2026/04/29 15:45:03,349000,11.493
2026/04/29 15:45:03,350000,11.490
2026/04/29 15:45:03,351000,11.490
2026/04/29 15:45:03,352000,11.487
2026/04/29 15:45:03,353000,11.487
2026/04/29 15:45:03,354000,11.499
2026/04/29 15:45:03,355000,11.490
2026/04/29 15:45:03,356000,11.490
2026/04/29 15:45:03,357000,11.493
2026/04/29 15:45:03,358000,11.490
2026/04/29 15:45:03,359000,11.490
2026/04/29 15:45:03,360000,11.487
2026/04/29 15:45:03,361000,11.485
2026/04/29 15:45:03,362000,11.490
2026/04/29 15:45:03,363000,11.493
2026/04/29 15:45:03,364000,11.485
2026/04/29 15:45:03,365000,11.493
2026/04/29 15:45:03,366000,11.493
2026/04/29 15:45:03,367000,11.490
2026/04/29 15:45:03,368000,11.490
2026/04/29 15:45:03,369000,11.490
2026/04/29 15:45:03,370000,11.487
2026/04/29 15:45:03,371000,11.499
2026/04/29 15:45:03,372000,11.485
2026/04/29 15:45:03,373000,11.496
2026/04/29 15:45:03,374000,11.493
2026/04/29 15:45:03,375000,11.496
2026/04/29 15:45:03,376000,11.496
2026/04/29 15:45:03,377000,11.490
2026/04/29 15:45:03,378000,11.487
2026/04/29 15:45:03,379000,11.499
2026/04/29 15:45:03,380000,11.496
2026/04/29 15:45:03,381000,11.501
2026/04/29 15:45:03,382000,11.490
2026/04/29 15:45:03,383000,11.493
2026/04/29 15:45:03,384000,11.493
2026/04/29 15:45:03,385000,11.490
2026/04/29 15:45:03,386000,11.493
2026/04/29 15:45:03,387000,11.490
2026/04/29 15:45:03,388000,11.496
2026/04/29 15:45:03,389000,11.490
2026/04/29 15:45:03,390000,11.493
2026/04/29 15:45:03,391000,11.493
2026/04/29 15:45:03,392000,11.499
2026/04/29 15:45:03,393000,11.493
2026/04/29 15:45:03,394000,11.493
2026/04/29 15:45:03,395000,11.493
2026/04/29 15:45:03,396000,11.493
2026/04/29 15:45:03,397000,11.490
2026/04/29 15:45:03,398000,11.487
2026/04/29 15:45:03,399000,11.487
2026/04/29 15:45:03,400000,11.493
2026/04/29 15:45:03,401000,11.487
2026/04/29 15:45:03,402000,11.496
2026/04/29 15:45:03,403000,11.490
2026/04/29 15:45:03,404000,11.493
2026/04/29 15:45:03,405000,11.490
2026/04/29 15:45:03,406000,11.496
2026/04/29 15:45:03,407000,11.490
2026/04/29 15:45:03,408000,11.490
2026/04/29 15:45:03,409000,11.487
2026/04/29 15:45:03,410000,11.490
2026/04/29 15:45:03,411000,11.493
2026/04/29 15:45:03,412000,11.496
2026/04/29 15:45:03,413000,11.490
2026/04/29 15:45:03,414000,11.493
2026/04/29 15:45:03,415000,11.493
2026/04/29 15:45:03,416000,11.490
2026/04/29 15:45:03,417000,11.485
2026/04/29 15:45:03,418000,11.490
2026/04/29 15:45:03,419000,11.496
2026/04/29 15:45:03,420000,11.490
2026/04/29 15:45:03,421000,11.496
2026/04/29 15:45:03,422000,11.496
2026/04/29 15:45:03,423000,11.496
2026/04/29 15:45:03,424000,11.493
2026/04/29 15:45:03,425000,11.493
2026/04/29 15:45:03,426000,11.499
2026/04/29 15:45:03,427000,11.485
2026/04/29 15:45:03,428000,11.487
2026/04/29 15:45:03,429000,11.499
2026/04/29 15:45:03,430000,11.487
2026/04/29 15:45:03,431000,11.493
2026/04/29 15:45:03,432000,11.490
2026/04/29 15:45:03,433000,11.493
2026/04/29 15:45:03,434000,11.493
2026/04/29 15:45:03,435000,11.490
2026/04/29 15:45:03,436000,11.490
2026/04/29 15:45:03,437000,11.487
2026/04/29 15:45:03,438000,11.490
2026/04/29 15:45:03,439000,11.493
2026/04/29 15:45:03,440000,11.493
2026/04/29 15:45:03,441000,11.485
2026/04/29 15:45:03,442000,11.493
2026/04/29 15:45:03,443000,11.490
2026/04/29 15:45:03,444000,11.493
2026/04/29 15:45:03,445000,11.490
2026/04/29 15:45:03,446000,11.490
2026/04/29 15:45:03,447000,11.493
2026/04/29 15:45:03,448000,11.487
2026/04/29 15:45:03,449000,11.493
2026/04/29 15:45:03,450000,11.496
2026/04/29 15:45:03,451000,11.490
2026/04/29 15:45:03,452000,11.490
2026/04/29 15:45:03,453000,11.493
2026/04/29 15:45:03,454000,11.493
2026/04/29 15:45:03,455000,11.493
2026/04/29 15:45:03,456000,11.487
2026/04/29 15:45:03,457000,11.490
2026/04/29 15:45:03,458000,11.493
2026/04/29 15:45:03,459000,11.487
2026/04/29 15:45:03,460000,11.499
2026/04/29 15:45:03,461000,11.493
2026/04/29 15:45:03,462000,11.496
2026/04/29 15:45:03,463000,11.490
2026/04/29 15:45:03,464000,11.493
2026/04/29 15:45:03,465000,11.493
2026/04/29 15:45:03,466000,11.487
2026/04/29 15:45:03,467000,11.493
2026/04/29 15:45:03,468000,11.496
2026/04/29 15:45:03,469000,11.493
2026/04/29 15:45:03,470000,11.490
2026/04/29 15:45:03,471000,11.499
2026/04/29 15:45:03,472000,11.490
2026/04/29 15:45:03,473000,11.493
2026/04/29 15:45:03,474000,11.493
2026/04/29 15:45:03,475000,11.487
2026/04/29 15:45:03,476000,11.493
2026/04/29 15:45:03,477000,11.490
2026/04/29 15:45:03,478000,11.490
2026/04/29 15:45:03,479000,11.493
2026/04/29 15:45:03,480000,11.490
2026/04/29 15:45:03,481000,11.487
2026/04/29 15:45:03,482000,11.499
2026/04/29 15:45:03,483000,11.490
2026/04/29 15:45:03,484000,11.493
2026/04/29 15:45:03,485000,11.496
2026/04/29 15:45:03,486000,11.493
2026/04/29 15:45:03,487000,11.496
2026/04/29 15:45:03,488000,11.490
2026/04/29 15:45:03,489000,11.485
2026/04/29 15:45:03,490000,11.493
2026/04/29 15:45:03,491000,11.493
2026/04/29 15:45:03,492000,11.487
2026/04/29 15:45:03,493000,11.493
2026/04/29 15:45:03,494000,11.493
2026/04/29 15:45:03,495000,11.490
2026/04/29 15:45:03,496000,11.493
2026/04/29 15:45:03,497000,11.490
2026/04/29 15:45:03,498000,11.496
2026/04/29 15:45:03,499000,11.487
2026/04/29 15:45:03,500000,11.490
2026/04/29 15:45:03,501000,11.493
2026/04/29 15:45:03,502000,11.493
2026/04/29 15:45:03,503000,11.493
2026/04/29 15:45:03,504000,11.487
2026/04/29 15:45:03,505000,11.493
2026/04/29 15:45:03,506000,11.490
2026/04/29 15:45:03,507000,11.493
2026/04/29 15:45:03,508000,11.496
2026/04/29 15:45:03,509000,11.490
2026/04/29 15:45:03,510000,11.493
2026/04/29 15:45:03,511000,11.493
2026/04/29 15:45:03,512000,11.490
2026/04/29 15:45:03,513000,11.490
2026/04/29 15:45:03,514000,11.490
2026/04/29 15:45:03,515000,11.490
2026/04/29 15:45:03,516000,11.482
2026/04/29 15:45:03,517000,11.490
2026/04/29 15:45:03,518000,11.493
2026/04/29 15:45:03,519000,11.493
2026/04/29 15:45:03,520000,11.493
2026/04/29 15:45:03,521000,11.487
2026/04/29 15:45:03,522000,11.493
2026/04/29 15:45:03,523000,11.493
2026/04/29 15:45:03,524000,11.501
2026/04/29 15:45:03,525000,11.490
2026/04/29 15:45:03,526000,11.493
2026/04/29 15:45:03,527000,11.487
2026/04/29 15:45:03,528000,11.493
2026/04/29 15:45:03,529000,11.493
2026/04/29 15:45:03,530000,11.496
2026/04/29 15:45:03,531000,11.490
2026/04/29 15:45:03,532000,11.490
2026/04/29 15:45:03,533000,11.493
2026/04/29 15:45:03,534000,11.496
2026/04/29 15:45:03,535000,11.499
2026/04/29 15:45:03,536000,11.482
2026/04/29 15:45:03,537000,11.493
2026/04/29 15:45:03,538000,11.490
2026/04/29 15:45:03,539000,11.490
2026/04/29 15:45:03,540000,11.487
2026/04/29 15:45:03,541000,11.499
2026/04/29 15:45:03,542000,11.496
2026/04/29 15:45:03,543000,11.493
2026/04/29 15:45:03,544000,11.493
2026/04/29 15:45:03,545000,11.496
2026/04/29 15:45:03,546000,11.487
2026/04/29 15:45:03,547000,11.490
2026/04/29 15:45:03,548000,11.493
2026/04/29 15:45:03,549000,11.490
2026/04/29 15:45:03,550000,11.499
2026/04/29 15:45:03,551000,11.487
2026/04/29 15:45:03,552000,11.493
2026/04/29 15:45:03,553000,11.496
2026/04/29 15:45:03,554000,11.490
2026/04/29 15:45:03,555000,11.487
2026/04/29 15:45:03,556000,11.490
2026/04/29 15:45:03,557000,11.490
2026/04/29 15:45:03,558000,11.490
2026/04/29 15:45:03,559000,11.493
2026/04/29 15:45:03,560000,11.493
2026/04/29 15:45:03,561000,11.493
2026/04/29 15:45:03,562000,11.496
2026/04/29 15:45:03,563000,11.499
2026/04/29 15:45:03,564000,11.493
2026/04/29 15:45:03,565000,11.499
2026/04/29 15:45:03,566000,11.493
2026/04/29 15:45:03,567000,11.493
2026/04/29 15:45:03,568000,11.504
2026/04/29 15:45:03,569000,11.493
2026/04/29 15:45:03,570000,11.493
2026/04/29 15:45:03,571000,11.493
2026/04/29 15:45:03,572000,11.493
2026/04/29 15:45:03,573000,11.490
2026/04/29 15:45:03,574000,11.493
2026/04/29 15:45:03,575000,11.493
2026/04/29 15:45:03,576000,11.490
2026/04/29 15:45:03,577000,11.490
2026/04/29 15:45:03,578000,11.490
2026/04/29 15:45:03,579000,11.499
2026/04/29 15:45:03,580000,11.496
2026/04/29 15:45:03,581000,11.493
2026/04/29 15:45:03,582000,11.493
2026/04/29 15:45:03,583000,11.496
2026/04/29 15:45:03,584000,11.485
2026/04/29 15:45:03,585000,11.493
2026/04/29 15:45:03,586000,11.493
2026/04/29 15:45:03,587000,11.493
2026/04/29 15:45:03,588000,11.496
2026/04/29 15:45:03,589000,11.493
2026/04/29 15:45:03,590000,11.487
2026/04/29 15:45:03,591000,11.487
2026/04/29 15:45:03,592000,11.490
2026/04/29 15:45:03,593000,11.493
2026/04/29 15:45:03,594000,11.493
2026/04/29 15:45:03,595000,11.493
2026/04/29 15:45:03,596000,11.493
2026/04/29 15:45:03,597000,11.493
2026/04/29 15:45:03,598000,11.490
2026/04/29 15:45:03,599000,11.496
2026/04/29 15:45:03,600000,11.487
2026/04/29 15:45:03,601000,11.496
2026/04/29 15:45:03,602000,11.490
2026/04/29 15:45:03,603000,11.493
2026/04/29 15:45:03,604000,11.493
2026/04/29 15:45:03,605000,11.490
2026/04/29 15:45:03,606000,11.493
2026/04/29 15:45:03,607000,11.493
2026/04/29 15:45:03,608000,11.493
2026/04/29 15:45:03,609000,11.490
2026/04/29 15:45:03,610000,11.496
2026/04/29 15:45:03,611000,11.485
2026/04/29 15:45:03,612000,11.496
2026/04/29 15:45:03,613000,11.490
2026/04/29 15:45:03,614000,11.487
2026/04/29 15:45:03,615000,11.487
2026/04/29 15:45:03,616000,11.493
2026/04/29 15:45:03,617000,11.493
2026/04/29 15:45:03,618000,11.496
2026/04/29 15:45:03,619000,11.493
2026/04/29 15:45:03,620000,11.490
2026/04/29 15:45:03,621000,11.493
2026/04/29 15:45:03,622000,11.490
2026/04/29 15:45:03,623000,11.490
2026/04/29 15:45:03,624000,11.487
2026/04/29 15:45:03,625000,11.482
2026/04/29 15:45:03,626000,11.493
2026/04/29 15:45:03,627000,11.487
2026/04/29 15:45:03,628000,11.493
2026/04/29 15:45:03,629000,11.490
2026/04/29 15:45:03,630000,11.493
2026/04/29 15:45:03,631000,11.487
2026/04/29 15:45:03,632000,11.493
2026/04/29 15:45:03,633000,11.487
2026/04/29 15:45:03,634000,11.493
2026/04/29 15:45:03,635000,11.493
2026/04/29 15:45:03,636000,11.490
2026/04/29 15:45:03,637000,11.493
2026/04/29 15:45:03,638000,11.490
2026/04/29 15:45:03,639000,11.493
2026/04/29 15:45:03,640000,11.493
2026/04/29 15:45:03,641000,11.493
2026/04/29 15:45:03,642000,11.485
2026/04/29 15:45:03,643000,11.499
2026/04/29 15:45:03,644000,11.493
2026/04/29 15:45:03,645000,11.490
2026/04/29 15:45:03,646000,11.496
2026/04/29 15:45:03,647000,11.496
2026/04/29 15:45:03,648000,11.487
2026/04/29 15:45:03,649000,11.487
2026/04/29 15:45:03,650000,11.493
2026/04/29 15:45:03,651000,11.493
2026/04/29 15:45:03,652000,11.487
2026/04/29 15:45:03,653000,11.493
2026/04/29 15:45:03,654000,11.490
2026/04/29 15:45:03,655000,11.490
2026/04/29 15:45:03,656000,11.487
2026/04/29 15:45:03,657000,11.501
2026/04/29 15:45:03,658000,11.496
2026/04/29 15:45:03,659000,11.487
2026/04/29 15:45:03,660000,11.493
2026/04/29 15:45:03,661000,11.490
2026/04/29 15:45:03,662000,11.499
2026/04/29 15:45:03,663000,11.493
2026/04/29 15:45:03,664000,11.487
2026/04/29 15:45:03,665000,11.490
2026/04/29 15:45:03,666000,11.487
2026/04/29 15:45:03,667000,11.499
2026/04/29 15:45:03,668000,11.490
2026/04/29 15:45:03,669000,11.490
2026/04/29 15:45:03,670000,11.487
2026/04/29 15:45:03,671000,11.493
2026/04/29 15:45:03,672000,11.487
2026/04/29 15:45:03,673000,11.493
2026/04/29 15:45:03,674000,11.487
2026/04/29 15:45:03,675000,11.493
2026/04/29 15:45:03,676000,11.496
2026/04/29 15:45:03,677000,11.493
2026/04/29 15:45:03,678000,11.490
2026/04/29 15:45:03,679000,11.493
2026/04/29 15:45:03,680000,11.501
2026/04/29 15:45:03,681000,11.493
2026/04/29 15:45:03,682000,11.493
2026/04/29 15:45:03,683000,11.496
2026/04/29 15:45:03,684000,11.493
2026/04/29 15:45:03,685000,11.496
2026/04/29 15:45:03,686000,11.493
2026/04/29 15:45:03,687000,11.493
2026/04/29 15:45:03,688000,11.490
2026/04/29 15:45:03,689000,11.493
2026/04/29 15:45:03,690000,11.493
2026/04/29 15:45:03,691000,11.493
2026/04/29 15:45:03,692000,11.493
2026/04/29 15:45:03,693000,11.487
2026/04/29 15:45:03,694000,11.490
2026/04/29 15:45:03,695000,11.487
2026/04/29 15:45:03,696000,11.496
2026/04/29 15:45:03,697000,11.490
2026/04/29 15:45:03,698000,11.493
2026/04/29 15:45:03,699000,11.493
2026/04/29 15:45:03,700000,11.490
2026/04/29 15:45:03,701000,11.493
2026/04/29 15:45:03,702000,11.487
2026/04/29 15:45:03,703000,11.490
2026/04/29 15:45:03,704000,11.493
2026/04/29 15:45:03,705000,11.493
2026/04/29 15:45:03,706000,11.493
2026/04/29 15:45:03,707000,11.487
2026/04/29 15:45:03,708000,11.490
2026/04/29 15:45:03,709000,11.485
2026/04/29 15:45:03,710000,11.493
2026/04/29 15:45:03,711000,11.490
2026/04/29 15:45:03,712000,11.487
2026/04/29 15:45:03,713000,11.490
2026/04/29 15:45:03,714000,11.496
2026/04/29 15:45:03,715000,11.490
2026/04/29 15:45:03,716000,11.493
2026/04/29 15:45:03,717000,11.499
2026/04/29 15:45:03,718000,11.490
2026/04/29 15:45:03,719000,11.493
2026/04/29 15:45:03,720000,11.493
2026/04/29 15:45:03,721000,11.487
2026/04/29 15:45:03,722000,11.493
2026/04/29 15:45:03,723000,11.496
2026/04/29 15:45:03,724000,11.493
2026/04/29 15:45:03,725000,11.493
2026/04/29 15:45:03,726000,11.493
2026/04/29 15:45:03,727000,11.487
2026/04/29 15:45:03,728000,11.490
2026/04/29 15:45:03,729000,11.493
2026/04/29 15:45:03,730000,11.490
2026/04/29 15:45:03,731000,11.499
2026/04/29 15:45:03,732000,11.493
2026/04/29 15:45:03,733000,11.490
2026/04/29 15:45:03,734000,11.493
2026/04/29 15:45:03,735000,11.496
2026/04/29 15:45:03,736000,11.490
2026/04/29 15:45:03,737000,11.493
2026/04/29 15:45:03,738000,11.493
2026/04/29 15:45:03,739000,11.496
2026/04/29 15:45:03,740000,11.490
2026/04/29 15:45:03,741000,11.493
2026/04/29 15:45:03,742000,11.487
2026/04/29 15:45:03,743000,11.487
2026/04/29 15:45:03,744000,11.487
2026/04/29 15:45:03,745000,11.493
2026/04/29 15:45:03,746000,11.487
2026/04/29 15:45:03,747000,11.487
2026/04/29 15:45:03,748000,11.493
2026/04/29 15:45:03,749000,11.493
2026/04/29 15:45:03,750000,11.493
2026/04/29 15:45:03,751000,11.487
2026/04/29 15:45:03,752000,11.487
2026/04/29 15:45:03,753000,11.496
2026/04/29 15:45:03,754000,11.490
2026/04/29 15:45:03,755000,11.490
2026/04/29 15:45:03,756000,11.496
2026/04/29 15:45:03,757000,11.493
2026/04/29 15:45:03,758000,11.487
2026/04/29 15:45:03,759000,11.487
2026/04/29 15:45:03,760000,11.501
2026/04/29 15:45:03,761000,11.493
2026/04/29 15:45:03,762000,11.490
2026/04/29 15:45:03,763000,11.490
2026/04/29 15:45:03,764000,11.493
2026/04/29 15:45:03,765000,11.487
2026/04/29 15:45:03,766000,11.490
2026/04/29 15:45:03,767000,11.490
2026/04/29 15:45:03,768000,11.501
2026/04/29 15:45:03,769000,11.496
2026/04/29 15:45:03,770000,11.493
2026/04/29 15:45:03,771000,11.493
2026/04/29 15:45:03,772000,11.499
2026/04/29 15:45:03,773000,11.490
2026/04/29 15:45:03,774000,11.493
2026/04/29 15:45:03,775000,11.490
2026/04/29 15:45:03,776000,11.493
2026/04/29 15:45:03,777000,11.493
2026/04/29 15:45:03,778000,11.490
2026/04/29 15:45:03,779000,11.490
2026/04/29 15:45:03,780000,11.487
2026/04/29 15:45:03,781000,11.496
2026/04/29 15:45:03,782000,11.490
2026/04/29 15:45:03,783000,11.493
2026/04/29 15:45:03,784000,11.493
2026/04/29 15:45:03,785000,11.499
2026/04/29 15:45:03,786000,11.493
2026/04/29 15:45:03,787000,11.490
2026/04/29 15:45:03,788000,11.490
2026/04/29 15:45:03,789000,11.487
2026/04/29 15:45:03,790000,11.496
2026/04/29 15:45:03,791000,11.490
2026/04/29 15:45:03,792000,11.499
2026/04/29 15:45:03,793000,11.493
2026/04/29 15:45:03,794000,11.499
2026/04/29 15:45:03,795000,11.496
2026/04/29 15:45:03,796000,11.496
2026/04/29 15:45:03,797000,11.493
2026/04/29 15:45:03,798000,11.493
2026/04/29 15:45:03,799000,11.490
2026/04/29 15:45:03,800000,11.496
2026/04/29 15:45:03,801000,11.499
2026/04/29 15:45:03,802000,11.493
2026/04/29 15:45:03,803000,11.490
2026/04/29 15:45:03,804000,11.496
2026/04/29 15:45:03,805000,11.490
2026/04/29 15:45:03,806000,11.493
2026/04/29 15:45:03,807000,11.490
2026/04/29 15:45:03,808000,11.493
2026/04/29 15:45:03,809000,11.487
2026/04/29 15:45:03,810000,11.493
2026/04/29 15:45:03,811000,11.493
2026/04/29 15:45:03,812000,11.490
2026/04/29 15:45:03,813000,11.490
2026/04/29 15:45:03,814000,11.490
2026/04/29 15:45:03,815000,11.487
2026/04/29 15:45:03,816000,11.496
2026/04/29 15:45:03,817000,11.496
2026/04/29 15:45:03,818000,11.490
2026/04/29 15:45:03,819000,11.493
2026/04/29 15:45:03,820000,11.496
2026/04/29 15:45:03,821000,11.490
2026/04/29 15:45:03,822000,11.496
2026/04/29 15:45:03,823000,11.487
2026/04/29 15:45:03,824000,11.496
2026/04/29 15:45:03,825000,11.490
2026/04/29 15:45:03,826000,11.490
2026/04/29 15:45:03,827000,11.487
2026/04/29 15:45:03,828000,11.490
2026/04/29 15:45:03,829000,11.493
2026/04/29 15:45:03,830000,11.490
2026/04/29 15:45:03,831000,11.487
2026/04/29 15:45:03,832000,11.490
2026/04/29 15:45:03,833000,11.499
2026/04/29 15:45:03,834000,11.496
2026/04/29 15:45:03,835000,11.487
2026/04/29 15:45:03,836000,11.490
2026/04/29 15:45:03,837000,11.490
2026/04/29 15:45:03,838000,11.493
2026/04/29 15:45:03,839000,11.493
2026/04/29 15:45:03,840000,11.487
2026/04/29 15:45:03,841000,11.493
2026/04/29 15:45:03,842000,11.493
2026/04/29 15:45:03,843000,11.493
2026/04/29 15:45:03,844000,11.499
2026/04/29 15:45:03,845000,11.493
2026/04/29 15:45:03,846000,11.490
2026/04/29 15:45:03,847000,11.496
2026/04/29 15:45:03,848000,11.487
2026/04/29 15:45:03,849000,11.493
2026/04/29 15:45:03,850000,11.490
2026/04/29 15:45:03,851000,11.493
2026/04/29 15:45:03,852000,11.493
2026/04/29 15:45:03,853000,11.493
2026/04/29 15:45:03,854000,11.487
2026/04/29 15:45:03,855000,11.490
2026/04/29 15:45:03,856000,11.493
2026/04/29 15:45:03,857000,11.496
2026/04/29 15:45:03,858000,11.490
2026/04/29 15:45:03,859000,11.493
2026/04/29 15:45:03,860000,11.490
2026/04/29 15:45:03,861000,11.496
2026/04/29 15:45:03,862000,11.496
2026/04/29 15:45:03,863000,11.493
2026/04/29 15:45:03,864000,11.493
2026/04/29 15:45:03,865000,11.490
2026/04/29 15:45:03,866000,11.490
2026/04/29 15:45:03,867000,11.499
2026/04/29 15:45:03,868000,11.490
2026/04/29 15:45:03,869000,11.490
2026/04/29 15:45:03,870000,11.490
2026/04/29 15:45:03,871000,11.490
2026/04/29 15:45:03,872000,11.490
2026/04/29 15:45:03,873000,11.493
2026/04/29 15:45:03,874000,11.490
2026/04/29 15:45:03,875000,11.499
2026/04/29 15:45:03,876000,11.493
2026/04/29 15:45:03,877000,11.496
2026/04/29 15:45:03,878000,11.493
2026/04/29 15:45:03,879000,11.496
2026/04/29 15:45:03,880000,11.490
2026/04/29 15:45:03,881000,11.496
2026/04/29 15:45:03,882000,11.493
2026/04/29 15:45:03,883000,11.493
2026/04/29 15:45:03,884000,11.490
2026/04/29 15:45:03,885000,11.490
2026/04/29 15:45:03,886000,11.493
2026/04/29 15:45:03,887000,11.496
2026/04/29 15:45:03,888000,11.496
2026/04/29 15:45:03,889000,11.496
2026/04/29 15:45:03,890000,11.493
2026/04/29 15:45:03,891000,11.499
2026/04/29 15:45:03,892000,11.490
2026/04/29 15:45:03,893000,11.493
2026/04/29 15:45:03,894000,11.490
2026/04/29 15:45:03,895000,11.501
2026/04/29 15:45:03,896000,11.490
2026/04/29 15:45:03,897000,11.490
2026/04/29 15:45:03,898000,11.490
2026/04/29 15:45:03,899000,11.493
2026/04/29 15:45:03,900000,11.493
2026/04/29 15:45:03,901000,11.490
2026/04/29 15:45:03,902000,11.493
2026/04/29 15:45:03,903000,11.490
2026/04/29 15:45:03,904000,11.490
2026/04/29 15:45:03,905000,11.499
2026/04/29 15:45:03,906000,11.487
2026/04/29 15:45:03,907000,11.493
2026/04/29 15:45:03,908000,11.490
2026/04/29 15:45:03,909000,11.490
2026/04/29 15:45:03,910000,11.487
2026/04/29 15:45:03,911000,11.493
2026/04/29 15:45:03,912000,11.496
2026/04/29 15:45:03,913000,11.496
2026/04/29 15:45:03,914000,11.493
2026/04/29 15:45:03,915000,11.490
2026/04/29 15:45:03,916000,11.490
2026/04/29 15:45:03,917000,11.490
2026/04/29 15:45:03,918000,11.490
2026/04/29 15:45:03,919000,11.493
2026/04/29 15:45:03,920000,11.496
2026/04/29 15:45:03,921000,11.493
2026/04/29 15:45:03,922000,11.493
2026/04/29 15:45:03,923000,11.499
2026/04/29 15:45:03,924000,11.487
2026/04/29 15:45:03,925000,11.490
2026/04/29 15:45:03,926000,11.490
2026/04/29 15:45:03,927000,11.490
2026/04/29 15:45:03,928000,11.490
2026/04/29 15:45:03,929000,11.501
2026/04/29 15:45:03,930000,11.487
2026/04/29 15:45:03,931000,11.490
2026/04/29 15:45:03,932000,11.499
2026/04/29 15:45:03,933000,11.493
2026/04/29 15:45:03,934000,11.496
2026/04/29 15:45:03,935000,11.490
2026/04/29 15:45:03,936000,11.490
2026/04/29 15:45:03,937000,11.496
2026/04/29 15:45:03,938000,11.493
2026/04/29 15:45:03,939000,11.496
2026/04/29 15:45:03,940000,11.490
2026/04/29 15:45:03,941000,11.496
2026/04/29 15:45:03,942000,11.493
2026/04/29 15:45:03,943000,11.490
2026/04/29 15:45:03,944000,11.490
2026/04/29 15:45:03,945000,11.485
2026/04/29 15:45:03,946000,11.490
2026/04/29 15:45:03,947000,11.490
2026/04/29 15:45:03,948000,11.496
2026/04/29 15:45:03,949000,11.496
2026/04/29 15:45:03,950000,11.490
2026/04/29 15:45:03,951000,11.496
2026/04/29 15:45:03,952000,11.490
2026/04/29 15:45:03,953000,11.499
2026/04/29 15:45:03,954000,11.493
2026/04/29 15:45:03,955000,11.487
2026/04/29 15:45:03,956000,11.490
2026/04/29 15:45:03,957000,11.493
2026/04/29 15:45:03,958000,11.496
2026/04/29 15:45:03,959000,11.493
2026/04/29 15:45:03,960000,11.493
2026/04/29 15:45:03,961000,11.490
2026/04/29 15:45:03,962000,11.493
2026/04/29 15:45:03,963000,11.490
2026/04/29 15:45:03,964000,11.490
2026/04/29 15:45:03,965000,11.493
2026/04/29 15:45:03,966000,11.493
2026/04/29 15:45:03,967000,11.493
2026/04/29 15:45:03,968000,11.499
2026/04/29 15:45:03,969000,11.487
2026/04/29 15:45:03,970000,11.501
2026/04/29 15:45:03,971000,11.490
2026/04/29 15:45:03,972000,11.485
2026/04/29 15:45:03,973000,11.490
2026/04/29 15:45:03,974000,11.493
2026/04/29 15:45:03,975000,11.493
2026/04/29 15:45:03,976000,11.493
2026/04/29 15:45:03,977000,11.499
2026/04/29 15:45:03,978000,11.485
2026/04/29 15:45:03,979000,11.490
2026/04/29 15:45:03,980000,11.490
2026/04/29 15:45:03,981000,11.490
2026/04/29 15:45:03,982000,11.493
2026/04/29 15:45:03,983000,11.501
2026/04/29 15:45:03,984000,11.490
2026/04/29 15:45:03,985000,11.493
2026/04/29 15:45:03,986000,11.496
2026/04/29 15:45:03,987000,11.499
2026/04/29 15:45:03,988000,11.490
2026/04/29 15:45:03,989000,11.499
2026/04/29 15:45:03,990000,11.490
2026/04/29 15:45:03,991000,11.493
2026/04/29 15:45:03,992000,11.490
2026/04/29 15:45:03,993000,11.490
2026/04/29 15:45:03,994000,11.493
2026/04/29 15:45:03,995000,11.490
2026/04/29 15:45:03,996000,11.499
2026/04/29 15:45:03,997000,11.493
2026/04/29 15:45:03,998000,11.490
2026/04/29 15:45:03,999000,11.493
2026/04/29 15:45:04,000000,11.493
2026/04/29 15:45:04,001000,11.493
2026/04/29 15:45:04,002000,11.493
2026/04/29 15:45:04,003000,11.496
2026/04/29 15:45:04,004000,11.499
2026/04/29 15:45:04,005000,11.496
2026/04/29 15:45:04,006000,11.490
2026/04/29 15:45:04,007000,11.493
2026/04/29 15:45:04,008000,11.499
2026/04/29 15:45:04,009000,11.496
2026/04/29 15:45:04,010000,11.496
2026/04/29 15:45:04,011000,11.490
2026/04/29 15:45:04,012000,11.496
2026/04/29 15:45:04,013000,11.490
2026/04/29 15:45:04,014000,11.493
2026/04/29 15:45:04,015000,11.493
2026/04/29 15:45:04,016000,11.493
2026/04/29 15:45:04,017000,11.493
2026/04/29 15:45:04,018000,11.490
2026/04/29 15:45:04,019000,11.493
2026/04/29 15:45:04,020000,11.485
2026/04/29 15:45:04,021000,11.493
2026/04/29 15:45:04,022000,11.493
2026/04/29 15:45:04,023000,11.490
2026/04/29 15:45:04,024000,11.496
2026/04/29 15:45:04,025000,11.490
2026/04/29 15:45:04,026000,11.496
2026/04/29 15:45:04,027000,11.490
2026/04/29 15:45:04,028000,11.501
2026/04/29 15:45:04,029000,11.493
2026/04/29 15:45:04,030000,11.487
2026/04/29 15:45:04,031000,11.487
2026/04/29 15:45:04,032000,11.490
2026/04/29 15:45:04,033000,11.493
2026/04/29 15:45:04,034000,11.493
2026/04/29 15:45:04,035000,11.493
2026/04/29 15:45:04,036000,11.493
2026/04/29 15:45:04,037000,11.493
2026/04/29 15:45:04,038000,11.493
2026/04/29 15:45:04,039000,11.490
2026/04/29 15:45:04,040000,11.493
2026/04/29 15:45:04,041000,11.493
2026/04/29 15:45:04,042000,11.490
2026/04/29 15:45:04,043000,11.493
2026/04/29 15:45:04,044000,11.493
2026/04/29 15:45:04,045000,11.496
2026/04/29 15:45:04,046000,11.493
2026/04/29 15:45:04,047000,11.493
2026/04/29 15:45:04,048000,11.493
2026/04/29 15:45:04,049000,11.490
2026/04/29 15:45:04,050000,11.496
2026/04/29 15:45:04,051000,11.493
2026/04/29 15:45:04,052000,11.490
2026/04/29 15:45:04,053000,11.496
2026/04/29 15:45:04,054000,11.493
2026/04/29 15:45:04,055000,11.490
2026/04/29 15:45:04,056000,11.501
2026/04/29 15:45:04,057000,11.493
2026/04/29 15:45:04,058000,11.496
2026/04/29 15:45:04,059000,11.490
2026/04/29 15:45:04,060000,11.493
2026/04/29 15:45:04,061000,11.487
2026/04/29 15:45:04,062000,11.490
2026/04/29 15:45:04,063000,11.499
2026/04/29 15:45:04,064000,11.490
2026/04/29 15:45:04,065000,11.490
2026/04/29 15:45:04,066000,11.493
2026/04/29 15:45:04,067000,11.493
2026/04/29 15:45:04,068000,11.493
2026/04/29 15:45:04,069000,11.493
2026/04/29 15:45:04,070000,11.493
2026/04/29 15:45:04,071000,11.490
2026/04/29 15:45:04,072000,11.490
2026/04/29 15:45:04,073000,11.499
2026/04/29 15:45:04,074000,11.493
2026/04/29 15:45:04,075000,11.493
2026/04/29 15:45:04,076000,11.485
2026/04/29 15:45:04,077000,11.490
2026/04/29 15:45:04,078000,11.496
2026/04/29 15:45:04,079000,11.490
2026/04/29 15:45:04,080000,11.499
2026/04/29 15:45:04,081000,11.493
2026/04/29 15:45:04,082000,11.482
2026/04/29 15:45:04,083000,11.496
2026/04/29 15:45:04,084000,11.490
2026/04/29 15:45:04,085000,11.490
2026/04/29 15:45:04,086000,11.485
2026/04/29 15:45:04,087000,11.493
2026/04/29 15:45:04,088000,11.493
2026/04/29 15:45:04,089000,11.490
2026/04/29 15:45:04,090000,11.493
2026/04/29 15:45:04,091000,11.490
2026/04/29 15:45:04,092000,11.493
2026/04/29 15:45:04,093000,11.487
2026/04/29 15:45:04,094000,11.490
2026/04/29 15:45:04,095000,11.493
2026/04/29 15:45:04,096000,11.487
2026/04/29 15:45:04,097000,11.496
2026/04/29 15:45:04,098000,11.487
2026/04/29 15:45:04,099000,11.493
2026/04/29 15:45:04,100000,11.501
2026/04/29 15:45:04,101000,11.490
2026/04/29 15:45:04,102000,11.490
2026/04/29 15:45:04,103000,11.490
2026/04/29 15:45:04,104000,11.493
2026/04/29 15:45:04,105000,11.493
2026/04/29 15:45:04,106000,11.493
2026/04/29 15:45:04,107000,11.493
2026/04/29 15:45:04,108000,11.490
2026/04/29 15:45:04,109000,11.496
2026/04/29 15:45:04,110000,11.493
2026/04/29 15:45:04,111000,11.499
2026/04/29 15:45:04,112000,11.487
2026/04/29 15:45:04,113000,11.493
2026/04/29 15:45:04,114000,11.499
2026/04/29 15:45:04,115000,11.493
2026/04/29 15:45:04,116000,11.493
2026/04/29 15:45:04,117000,11.493
2026/04/29 15:45:04,118000,11.487
2026/04/29 15:45:04,119000,11.493
2026/04/29 15:45:04,120000,11.490
2026/04/29 15:45:04,121000,11.496
2026/04/29 15:45:04,122000,11.490
2026/04/29 15:45:04,123000,11.482
2026/04/29 15:45:04,124000,11.490
2026/04/29 15:45:04,125000,11.496
2026/04/29 15:45:04,126000,11.485
2026/04/29 15:45:04,127000,11.496
2026/04/29 15:45:04,128000,11.490
2026/04/29 15:45:04,129000,11.490
2026/04/29 15:45:04,130000,11.493
2026/04/29 15:45:04,131000,11.490
2026/04/29 15:45:04,132000,11.493
2026/04/29 15:45:04,133000,11.501
2026/04/29 15:45:04,134000,11.501
2026/04/29 15:45:04,135000,11.485
2026/04/29 15:45:04,136000,11.490
2026/04/29 15:45:04,137000,11.490
2026/04/29 15:45:04,138000,11.496
2026/04/29 15:45:04,139000,11.490
2026/04/29 15:45:04,140000,11.487
2026/04/29 15:45:04,141000,11.493
2026/04/29 15:45:04,142000,11.496
2026/04/29 15:45:04,143000,11.487
2026/04/29 15:45:04,144000,11.493
2026/04/29 15:45:04,145000,11.493
2026/04/29 15:45:04,146000,11.493
2026/04/29 15:45:04,147000,11.499
2026/04/29 15:45:04,148000,11.493
2026/04/29 15:45:04,149000,11.493
2026/04/29 15:45:04,150000,11.493
2026/04/29 15:45:04,151000,11.487
2026/04/29 15:45:04,152000,11.490
2026/04/29 15:45:04,153000,11.490
2026/04/29 15:45:04,154000,11.490
2026/04/29 15:45:04,155000,11.493
2026/04/29 15:45:04,156000,11.496
2026/04/29 15:45:04,157000,11.493
2026/04/29 15:45:04,158000,11.493
2026/04/29 15:45:04,159000,11.490
2026/04/29 15:45:04,160000,11.493
2026/04/29 15:45:04,161000,11.482
2026/04/29 15:45:04,162000,11.493
2026/04/29 15:45:04,163000,11.490
2026/04/29 15:45:04,164000,11.490
2026/04/29 15:45:04,165000,11.490
2026/04/29 15:45:04,166000,11.490
2026/04/29 15:45:04,167000,11.490
2026/04/29 15:45:04,168000,11.490
2026/04/29 15:45:04,169000,11.490
2026/04/29 15:45:04,170000,11.493
2026/04/29 15:45:04,171000,11.496
2026/04/29 15:45:04,172000,11.493
2026/04/29 15:45:04,173000,11.487
2026/04/29 15:45:04,174000,11.490
2026/04/29 15:45:04,175000,11.490
2026/04/29 15:45:04,176000,11.487
2026/04/29 15:45:04,177000,11.487
2026/04/29 15:45:04,178000,11.496
2026/04/29 15:45:04,179000,11.496
2026/04/29 15:45:04,180000,11.493
2026/04/29 15:45:04,181000,11.493
2026/04/29 15:45:04,182000,11.496
2026/04/29 15:45:04,183000,11.499
2026/04/29 15:45:04,184000,11.496
2026/04/29 15:45:04,185000,11.493
2026/04/29 15:45:04,186000,11.490
2026/04/29 15:45:04,187000,11.493
2026/04/29 15:45:04,188000,11.493
2026/04/29 15:45:04,189000,11.493
2026/04/29 15:45:04,190000,11.493
2026/04/29 15:45:04,191000,11.487
2026/04/29 15:45:04,192000,11.493
2026/04/29 15:45:04,193000,11.487
2026/04/29 15:45:04,194000,11.487
2026/04/29 15:45:04,195000,11.493
2026/04/29 15:45:04,196000,11.493
2026/04/29 15:45:04,197000,11.487
2026/04/29 15:45:04,198000,11.493
2026/04/29 15:45:04,199000,11.493
2026/04/29 15:45:04,200000,11.493
2026/04/29 15:45:04,201000,11.487
2026/04/29 15:45:04,202000,11.487
2026/04/29 15:45:04,203000,11.493
2026/04/29 15:45:04,204000,11.490
2026/04/29 15:45:04,205000,11.493
2026/04/29 15:45:04,206000,11.493
2026/04/29 15:45:04,207000,11.493
2026/04/29 15:45:04,208000,11.496
2026/04/29 15:45:04,209000,11.485
2026/04/29 15:45:04,210000,11.490
2026/04/29 15:45:04,211000,11.493
2026/04/29 15:45:04,212000,11.487
2026/04/29 15:45:04,213000,11.487
2026/04/29 15:45:04,214000,11.487
2026/04/29 15:45:04,215000,11.493
2026/04/29 15:45:04,216000,11.493
2026/04/29 15:45:04,217000,11.490
2026/04/29 15:45:04,218000,11.493
2026/04/29 15:45:04,219000,11.493
2026/04/29 15:45:04,220000,11.490
2026/04/29 15:45:04,221000,11.490
2026/04/29 15:45:04,222000,11.496
2026/04/29 15:45:04,223000,11.493
2026/04/29 15:45:04,224000,11.490
2026/04/29 15:45:04,225000,11.485
2026/04/29 15:45:04,226000,11.487
2026/04/29 15:45:04,227000,11.493
2026/04/29 15:45:04,228000,11.499
2026/04/29 15:45:04,229000,11.490
2026/04/29 15:45:04,230000,11.485
2026/04/29 15:45:04,231000,11.487
2026/04/29 15:45:04,232000,11.490
2026/04/29 15:45:04,233000,11.490
2026/04/29 15:45:04,234000,11.487
2026/04/29 15:45:04,235000,11.490
2026/04/29 15:45:04,236000,11.493
2026/04/29 15:45:04,237000,11.490
2026/04/29 15:45:04,238000,11.490
2026/04/29 15:45:04,239000,11.487
2026/04/29 15:45:04,240000,11.485
2026/04/29 15:45:04,241000,11.485
2026/04/29 15:45:04,242000,11.496
2026/04/29 15:45:04,243000,11.493
2026/04/29 15:45:04,244000,11.490
2026/04/29 15:45:04,245000,11.501
2026/04/29 15:45:04,246000,11.487
2026/04/29 15:45:04,247000,11.485
2026/04/29 15:45:04,248000,11.493
2026/04/29 15:45:04,249000,11.493
2026/04/29 15:45:04,250000,11.490
2026/04/29 15:45:04,251000,11.485
2026/04/29 15:45:04,252000,11.490
2026/04/29 15:45:04,253000,11.496
2026/04/29 15:45:04,254000,11.493
2026/04/29 15:45:04,255000,11.490
2026/04/29 15:45:04,256000,11.487
2026/04/29 15:45:04,257000,11.487
2026/04/29 15:45:04,258000,11.487
2026/04/29 15:45:04,259000,11.485
2026/04/29 15:45:04,260000,11.493
2026/04/29 15:45:04,261000,11.493
2026/04/29 15:45:04,262000,11.490
2026/04/29 15:45:04,263000,11.490
2026/04/29 15:45:04,264000,11.490
2026/04/29 15:45:04,265000,11.487
2026/04/29 15:45:04,266000,11.496
2026/04/29 15:45:04,267000,11.487
2026/04/29 15:45:04,268000,11.487
2026/04/29 15:45:04,269000,11.496
2026/04/29 15:45:04,270000,11.493
2026/04/29 15:45:04,271000,11.490
2026/04/29 15:45:04,272000,11.490
2026/04/29 15:45:04,273000,11.493
2026/04/29 15:45:04,274000,11.493
2026/04/29 15:45:04,275000,11.493
2026/04/29 15:45:04,276000,11.487
2026/04/29 15:45:04,277000,11.487
2026/04/29 15:45:04,278000,11.493
2026/04/29 15:45:04,279000,11.493
2026/04/29 15:45:04,280000,11.487
2026/04/29 15:45:04,281000,11.493
2026/04/29 15:45:04,282000,11.490
2026/04/29 15:45:04,283000,11.490
2026/04/29 15:45:04,284000,11.487
2026/04/29 15:45:04,285000,11.485
2026/04/29 15:45:04,286000,11.490
2026/04/29 15:45:04,287000,11.487
2026/04/29 15:45:04,288000,11.482
2026/04/29 15:45:04,289000,11.490
2026/04/29 15:45:04,290000,11.493
2026/04/29 15:45:04,291000,11.496
2026/04/29 15:45:04,292000,11.493
2026/04/29 15:45:04,293000,11.490
2026/04/29 15:45:04,294000,11.493
2026/04/29 15:45:04,295000,11.490
2026/04/29 15:45:04,296000,11.490
2026/04/29 15:45:04,297000,11.487
2026/04/29 15:45:04,298000,11.490
2026/04/29 15:45:04,299000,11.487
2026/04/29 15:45:04,300000,11.493
2026/04/29 15:45:04,301000,11.493
2026/04/29 15:45:04,302000,11.490
2026/04/29 15:45:04,303000,11.490
2026/04/29 15:45:04,304000,11.487
2026/04/29 15:45:04,305000,11.490
2026/04/29 15:45:04,306000,11.493
2026/04/29 15:45:04,307000,11.493
2026/04/29 15:45:04,308000,11.487
2026/04/29 15:45:04,309000,11.490
2026/04/29 15:45:04,310000,11.493
2026/04/29 15:45:04,311000,11.493
2026/04/29 15:45:04,312000,11.504
2026/04/29 15:45:04,313000,11.493
2026/04/29 15:45:04,314000,11.487
2026/04/29 15:45:04,315000,11.493
2026/04/29 15:45:04,316000,11.493
2026/04/29 15:45:04,317000,11.487
2026/04/29 15:45:04,318000,11.487
2026/04/29 15:45:04,319000,11.487
2026/04/29 15:45:04,320000,11.490
2026/04/29 15:45:04,321000,11.490
2026/04/29 15:45:04,322000,11.490
2026/04/29 15:45:04,323000,11.487
2026/04/29 15:45:04,324000,11.490
2026/04/29 15:45:04,325000,11.490
2026/04/29 15:45:04,326000,11.496
2026/04/29 15:45:04,327000,11.490
2026/04/29 15:45:04,328000,11.493
2026/04/29 15:45:04,329000,11.487
2026/04/29 15:45:04,330000,11.493
2026/04/29 15:45:04,331000,11.493
2026/04/29 15:45:04,332000,11.490
2026/04/29 15:45:04,333000,11.493
2026/04/29 15:45:04,334000,11.490
2026/04/29 15:45:04,335000,11.493
2026/04/29 15:45:04,336000,11.493
2026/04/29 15:45:04,337000,11.490
2026/04/29 15:45:04,338000,11.493
2026/04/29 15:45:04,339000,11.493
2026/04/29 15:45:04,340000,11.490
2026/04/29 15:45:04,341000,11.496
2026/04/29 15:45:04,342000,11.482
2026/04/29 15:45:04,343000,11.490
2026/04/29 15:45:04,344000,11.493
2026/04/29 15:45:04,345000,11.496
2026/04/29 15:45:04,346000,11.496
2026/04/29 15:45:04,347000,11.487
2026/04/29 15:45:04,348000,11.493
2026/04/29 15:45:04,349000,11.493
2026/04/29 15:45:04,350000,11.487
2026/04/29 15:45:04,351000,11.493
2026/04/29 15:45:04,352000,11.490
2026/04/29 15:45:04,353000,11.490
2026/04/29 15:45:04,354000,11.490
2026/04/29 15:45:04,355000,11.496
2026/04/29 15:45:04,356000,11.493
2026/04/29 15:45:04,357000,11.493
2026/04/29 15:45:04,358000,11.490
2026/04/29 15:45:04,359000,11.490
2026/04/29 15:45:04,360000,11.493
2026/04/29 15:45:04,361000,11.487
2026/04/29 15:45:04,362000,11.493
2026/04/29 15:45:04,363000,11.490
2026/04/29 15:45:04,364000,11.496
2026/04/29 15:45:04,365000,11.493
2026/04/29 15:45:04,366000,11.487
2026/04/29 15:45:04,367000,11.487
2026/04/29 15:45:04,368000,11.490
2026/04/29 15:45:04,369000,11.493
2026/04/29 15:45:04,370000,11.487
2026/04/29 15:45:04,371000,11.493
2026/04/29 15:45:04,372000,11.496
2026/04/29 15:45:04,373000,11.482
2026/04/29 15:45:04,374000,11.490
2026/04/29 15:45:04,375000,11.490
2026/04/29 15:45:04,376000,11.487
2026/04/29 15:45:04,377000,11.493
2026/04/29 15:45:04,378000,11.496
2026/04/29 15:45:04,379000,11.493
2026/04/29 15:45:04,380000,11.490
2026/04/29 15:45:04,381000,11.490
2026/04/29 15:45:04,382000,11.490
2026/04/29 15:45:04,383000,11.487
2026/04/29 15:45:04,384000,11.493
2026/04/29 15:45:04,385000,11.493
2026/04/29 15:45:04,386000,11.493
2026/04/29 15:45:04,387000,11.487
2026/04/29 15:45:04,388000,11.490
2026/04/29 15:45:04,389000,11.496
2026/04/29 15:45:04,390000,11.499
2026/04/29 15:45:04,391000,11.493
2026/04/29 15:45:04,392000,11.493
2026/04/29 15:45:04,393000,11.490
2026/04/29 15:45:04,394000,11.493
2026/04/29 15:45:04,395000,11.493
2026/04/29 15:45:04,396000,11.493
2026/04/29 15:45:04,397000,11.496
2026/04/29 15:45:04,398000,11.493
2026/04/29 15:45:04,399000,11.493
2026/04/29 15:45:04,400000,11.490
2026/04/29 15:45:04,401000,11.487
2026/04/29 15:45:04,402000,11.493
2026/04/29 15:45:04,403000,11.496
2026/04/29 15:45:04,404000,11.487
2026/04/29 15:45:04,405000,11.490
2026/04/29 15:45:04,406000,11.493
2026/04/29 15:45:04,407000,11.490
2026/04/29 15:45:04,408000,11.490
2026/04/29 15:45:04,409000,11.490
2026/04/29 15:45:04,410000,11.499
2026/04/29 15:45:04,411000,11.487
2026/04/29 15:45:04,412000,11.490
2026/04/29 15:45:04,413000,11.496
2026/04/29 15:45:04,414000,11.490
2026/04/29 15:45:04,415000,11.493
2026/04/29 15:45:04,416000,11.493
2026/04/29 15:45:04,417000,11.493
2026/04/29 15:45:04,418000,11.487
2026/04/29 15:45:04,419000,11.487
2026/04/29 15:45:04,420000,11.487
2026/04/29 15:45:04,421000,11.493
2026/04/29 15:45:04,422000,11.493
2026/04/29 15:45:04,423000,11.496
2026/04/29 15:45:04,424000,11.493
2026/04/29 15:45:04,425000,11.490
2026/04/29 15:45:04,426000,11.485
2026/04/29 15:45:04,427000,11.501
2026/04/29 15:45:04,428000,11.493
2026/04/29 15:45:04,429000,11.496
2026/04/29 15:45:04,430000,11.493
2026/04/29 15:45:04,431000,11.490
2026/04/29 15:45:04,432000,11.487
2026/04/29 15:45:04,433000,11.493
2026/04/29 15:45:04,434000,11.493
2026/04/29 15:45:04,435000,11.493
2026/04/29 15:45:04,436000,11.487
2026/04/29 15:45:04,437000,11.490
2026/04/29 15:45:04,438000,11.490
2026/04/29 15:45:04,439000,11.493
2026/04/29 15:45:04,440000,11.490
2026/04/29 15:45:04,441000,11.493
2026/04/29 15:45:04,442000,11.493
2026/04/29 15:45:04,443000,11.493
2026/04/29 15:45:04,444000,11.490
2026/04/29 15:45:04,445000,11.493
2026/04/29 15:45:04,446000,11.487
2026/04/29 15:45:04,447000,11.487
2026/04/29 15:45:04,448000,11.496
2026/04/29 15:45:04,449000,11.499
2026/04/29 15:45:04,450000,11.496
2026/04/29 15:45:04,451000,11.490
2026/04/29 15:45:04,452000,11.493
2026/04/29 15:45:04,453000,11.493
2026/04/29 15:45:04,454000,11.487
2026/04/29 15:45:04,455000,11.496
2026/04/29 15:45:04,456000,11.499
2026/04/29 15:45:04,457000,11.493
2026/04/29 15:45:04,458000,11.493
2026/04/29 15:45:04,459000,11.493
2026/04/29 15:45:04,460000,11.487
2026/04/29 15:45:04,461000,11.496
2026/04/29 15:45:04,462000,11.493
2026/04/29 15:45:04,463000,11.490
2026/04/29 15:45:04,464000,11.493
2026/04/29 15:45:04,465000,11.487
2026/04/29 15:45:04,466000,11.490
2026/04/29 15:45:04,467000,11.487
2026/04/29 15:45:04,468000,11.490
2026/04/29 15:45:04,469000,11.493
2026/04/29 15:45:04,470000,11.490
2026/04/29 15:45:04,471000,11.496
2026/04/29 15:45:04,472000,11.493
2026/04/29 15:45:04,473000,11.493
2026/04/29 15:45:04,474000,11.490
2026/04/29 15:45:04,475000,11.496
2026/04/29 15:45:04,476000,11.493
2026/04/29 15:45:04,477000,11.487
2026/04/29 15:45:04,478000,11.496
2026/04/29 15:45:04,479000,11.496
2026/04/29 15:45:04,480000,11.490
2026/04/29 15:45:04,481000,11.499
2026/04/29 15:45:04,482000,11.499
2026/04/29 15:45:04,483000,11.493
2026/04/29 15:45:04,484000,11.496
2026/04/29 15:45:04,485000,11.496
2026/04/29 15:45:04,486000,11.490
2026/04/29 15:45:04,487000,11.499
2026/04/29 15:45:04,488000,11.493
2026/04/29 15:45:04,489000,11.496
2026/04/29 15:45:04,490000,11.493
2026/04/29 15:45:04,491000,11.501
2026/04/29 15:45:04,492000,11.493
2026/04/29 15:45:04,493000,11.493
2026/04/29 15:45:04,494000,11.487
2026/04/29 15:45:04,495000,11.493
2026/04/29 15:45:04,496000,11.493
2026/04/29 15:45:04,497000,11.496
2026/04/29 15:45:04,498000,11.493
2026/04/29 15:45:04,499000,11.493
2026/04/29 15:45:04,500000,11.487
2026/04/29 15:45:04,501000,11.493
2026/04/29 15:45:04,502000,11.493
2026/04/29 15:45:04,503000,11.493
2026/04/29 15:45:04,504000,11.493
2026/04/29 15:45:04,505000,11.490
2026/04/29 15:45:04,506000,11.499
2026/04/29 15:45:04,507000,11.493
2026/04/29 15:45:04,508000,11.490
2026/04/29 15:45:04,509000,11.496
2026/04/29 15:45:04,510000,11.496
2026/04/29 15:45:04,511000,11.493
2026/04/29 15:45:04,512000,11.493
2026/04/29 15:45:04,513000,11.499
2026/04/29 15:45:04,514000,11.493
2026/04/29 15:45:04,515000,11.487
2026/04/29 15:45:04,516000,11.493
2026/04/29 15:45:04,517000,11.496
2026/04/29 15:45:04,518000,11.493
2026/04/29 15:45:04,519000,11.493
2026/04/29 15:45:04,520000,11.496
2026/04/29 15:45:04,521000,11.496
2026/04/29 15:45:04,522000,11.499
2026/04/29 15:45:04,523000,11.496
2026/04/29 15:45:04,524000,11.496
2026/04/29 15:45:04,525000,11.493
2026/04/29 15:45:04,526000,11.493
2026/04/29 15:45:04,527000,11.490
2026/04/29 15:45:04,528000,11.496
2026/04/29 15:45:04,529000,11.493
2026/04/29 15:45:04,530000,11.490
2026/04/29 15:45:04,531000,11.496
2026/04/29 15:45:04,532000,11.490
2026/04/29 15:45:04,533000,11.499
2026/04/29 15:45:04,534000,11.490
2026/04/29 15:45:04,535000,11.501
2026/04/29 15:45:04,536000,11.499
2026/04/29 15:45:04,537000,11.490
2026/04/29 15:45:04,538000,11.490
2026/04/29 15:45:04,539000,11.493
2026/04/29 15:45:04,540000,11.493
2026/04/29 15:45:04,541000,11.501
2026/04/29 15:45:04,542000,11.493
2026/04/29 15:45:04,543000,11.499
2026/04/29 15:45:04,544000,11.490
2026/04/29 15:45:04,545000,11.496
2026/04/29 15:45:04,546000,11.496
2026/04/29 15:45:04,547000,11.493
2026/04/29 15:45:04,548000,11.490
2026/04/29 15:45:04,549000,11.493
2026/04/29 15:45:04,550000,11.493
2026/04/29 15:45:04,551000,11.490
2026/04/29 15:45:04,552000,11.493
2026/04/29 15:45:04,553000,11.493
2026/04/29 15:45:04,554000,11.501
2026/04/29 15:45:04,555000,11.485
2026/04/29 15:45:04,556000,11.490
2026/04/29 15:45:04,557000,11.493
2026/04/29 15:45:04,558000,11.493
2026/04/29 15:45:04,559000,11.499
2026/04/29 15:45:04,560000,11.485
2026/04/29 15:45:04,561000,11.499
2026/04/29 15:45:04,562000,11.493
2026/04/29 15:45:04,563000,11.499
2026/04/29 15:45:04,564000,11.493
2026/04/29 15:45:04,565000,11.493
2026/04/29 15:45:04,566000,11.499
2026/04/29 15:45:04,567000,11.487
2026/04/29 15:45:04,568000,11.490
2026/04/29 15:45:04,569000,11.490
2026/04/29 15:45:04,570000,11.493
2026/04/29 15:45:04,571000,11.493
2026/04/29 15:45:04,572000,11.493
2026/04/29 15:45:04,573000,11.487
2026/04/29 15:45:04,574000,11.490
2026/04/29 15:45:04,575000,11.490
2026/04/29 15:45:04,576000,11.496
2026/04/29 15:45:04,577000,11.501
2026/04/29 15:45:04,578000,11.504
2026/04/29 15:45:04,579000,11.496
2026/04/29 15:45:04,580000,11.493
2026/04/29 15:45:04,581000,11.499
2026/04/29 15:45:04,582000,11.499
2026/04/29 15:45:04,583000,11.487
2026/04/29 15:45:04,584000,11.493
2026/04/29 15:45:04,585000,11.490
2026/04/29 15:45:04,586000,11.490
2026/04/29 15:45:04,587000,11.490
2026/04/29 15:45:04,588000,11.493
2026/04/29 15:45:04,589000,11.493
2026/04/29 15:45:04,590000,11.490
2026/04/29 15:45:04,591000,11.493
2026/04/29 15:45:04,592000,11.490
2026/04/29 15:45:04,593000,11.493
2026/04/29 15:45:04,594000,11.490
2026/04/29 15:45:04,595000,11.493
2026/04/29 15:45:04,596000,11.493
2026/04/29 15:45:04,597000,11.501
2026/04/29 15:45:04,598000,11.493
2026/04/29 15:45:04,599000,11.493
2026/04/29 15:45:04,600000,11.490
2026/04/29 15:45:04,601000,11.496
2026/04/29 15:45:04,602000,11.487
2026/04/29 15:45:04,603000,11.485
2026/04/29 15:45:04,604000,11.490
2026/04/29 15:45:04,605000,11.493
2026/04/29 15:45:04,606000,11.490
2026/04/29 15:45:04,607000,11.496
2026/04/29 15:45:04,608000,11.493
2026/04/29 15:45:04,609000,11.496
2026/04/29 15:45:04,610000,11.496
2026/04/29 15:45:04,611000,11.493
2026/04/29 15:45:04,612000,11.493
2026/04/29 15:45:04,613000,11.490
2026/04/29 15:45:04,614000,11.493
2026/04/29 15:45:04,615000,11.493
2026/04/29 15:45:04,616000,11.493
2026/04/29 15:45:04,617000,11.490
2026/04/29 15:45:04,618000,11.499
2026/04/29 15:45:04,619000,11.493
2026/04/29 15:45:04,620000,11.490
2026/04/29 15:45:04,621000,11.493
2026/04/29 15:45:04,622000,11.496
2026/04/29 15:45:04,623000,11.496
2026/04/29 15:45:04,624000,11.496
2026/04/29 15:45:04,625000,11.499
2026/04/29 15:45:04,626000,11.490
2026/04/29 15:45:04,627000,11.493
2026/04/29 15:45:04,628000,11.490
2026/04/29 15:45:04,629000,11.490
2026/04/29 15:45:04,630000,11.499
2026/04/29 15:45:04,631000,11.496
2026/04/29 15:45:04,632000,11.490
2026/04/29 15:45:04,633000,11.493
2026/04/29 15:45:04,634000,11.496
2026/04/29 15:45:04,635000,11.493
2026/04/29 15:45:04,636000,11.501
2026/04/29 15:45:04,637000,11.493
2026/04/29 15:45:04,638000,11.485
2026/04/29 15:45:04,639000,11.487
2026/04/29 15:45:04,640000,11.496
2026/04/29 15:45:04,641000,11.496
2026/04/29 15:45:04,642000,11.493
2026/04/29 15:45:04,643000,11.490
2026/04/29 15:45:04,644000,11.496
2026/04/29 15:45:04,645000,11.487
2026/04/29 15:45:04,646000,11.493
2026/04/29 15:45:04,647000,11.499
2026/04/29 15:45:04,648000,11.496
2026/04/29 15:45:04,649000,11.496
2026/04/29 15:45:04,650000,11.493
2026/04/29 15:45:04,651000,11.493
2026/04/29 15:45:04,652000,11.490
2026/04/29 15:45:04,653000,11.493
2026/04/29 15:45:04,654000,11.493
2026/04/29 15:45:04,655000,11.493
2026/04/29 15:45:04,656000,11.496
2026/04/29 15:45:04,657000,11.487
2026/04/29 15:45:04,658000,11.496
2026/04/29 15:45:04,659000,11.493
2026/04/29 15:45:04,660000,11.499
2026/04/29 15:45:04,661000,11.493
2026/04/29 15:45:04,662000,11.487
2026/04/29 15:45:04,663000,11.490
2026/04/29 15:45:04,664000,11.493
2026/04/29 15:45:04,665000,11.490
2026/04/29 15:45:04,666000,11.493
2026/04/29 15:45:04,667000,11.496
2026/04/29 15:45:04,668000,11.487
2026/04/29 15:45:04,669000,11.490
2026/04/29 15:45:04,670000,11.496
2026/04/29 15:45:04,671000,11.487
2026/04/29 15:45:04,672000,11.487
2026/04/29 15:45:04,673000,11.493
2026/04/29 15:45:04,674000,11.490
2026/04/29 15:45:04,675000,11.487
2026/04/29 15:45:04,676000,11.493
2026/04/29 15:45:04,677000,11.493
2026/04/29 15:45:04,678000,11.490
2026/04/29 15:45:04,679000,11.493
2026/04/29 15:45:04,680000,11.490
2026/04/29 15:45:04,681000,11.493
2026/04/29 15:45:04,682000,11.487
2026/04/29 15:45:04,683000,11.496
2026/04/29 15:45:04,684000,11.493
2026/04/29 15:45:04,685000,11.493
2026/04/29 15:45:04,686000,11.493
2026/04/29 15:45:04,687000,11.490
2026/04/29 15:45:04,688000,11.490
2026/04/29 15:45:04,689000,11.493
2026/04/29 15:45:04,690000,11.499
2026/04/29 15:45:04,691000,11.487
2026/04/29 15:45:04,692000,11.496
2026/04/29 15:45:04,693000,11.487
2026/04/29 15:45:04,694000,11.493
2026/04/29 15:45:04,695000,11.487
2026/04/29 15:45:04,696000,11.496
2026/04/29 15:45:04,697000,11.490
2026/04/29 15:45:04,698000,11.490
2026/04/29 15:45:04,699000,11.487
2026/04/29 15:45:04,700000,11.490
2026/04/29 15:45:04,701000,11.493
2026/04/29 15:45:04,702000,11.493
2026/04/29 15:45:04,703000,11.487
2026/04/29 15:45:04,704000,11.493
2026/04/29 15:45:04,705000,11.493
2026/04/29 15:45:04,706000,11.490
2026/04/29 15:45:04,707000,11.493
2026/04/29 15:45:04,708000,11.493
2026/04/29 15:45:04,709000,11.490
2026/04/29 15:45:04,710000,11.493
2026/04/29 15:45:04,711000,11.487
2026/04/29 15:45:04,712000,11.496
2026/04/29 15:45:04,713000,11.493
2026/04/29 15:45:04,714000,11.485
2026/04/29 15:45:04,715000,11.493
2026/04/29 15:45:04,716000,11.493
2026/04/29 15:45:04,717000,11.493
2026/04/29 15:45:04,718000,11.487
2026/04/29 15:45:04,719000,11.490
2026/04/29 15:45:04,720000,11.487
2026/04/29 15:45:04,721000,11.490
2026/04/29 15:45:04,722000,11.490
2026/04/29 15:45:04,723000,11.493
2026/04/29 15:45:04,724000,11.493
2026/04/29 15:45:04,725000,11.496
2026/04/29 15:45:04,726000,11.496
2026/04/29 15:45:04,727000,11.496
2026/04/29 15:45:04,728000,11.487
2026/04/29 15:45:04,729000,11.487
2026/04/29 15:45:04,730000,11.487
2026/04/29 15:45:04,731000,11.493
2026/04/29 15:45:04,732000,11.487
2026/04/29 15:45:04,733000,11.490
2026/04/29 15:45:04,734000,11.493
2026/04/29 15:45:04,735000,11.487
2026/04/29 15:45:04,736000,11.493
2026/04/29 15:45:04,737000,11.490
2026/04/29 15:45:04,738000,11.493
2026/04/29 15:45:04,739000,11.493
2026/04/29 15:45:04,740000,11.490
2026/04/29 15:45:04,741000,11.496
2026/04/29 15:45:04,742000,11.493
2026/04/29 15:45:04,743000,11.493
2026/04/29 15:45:04,744000,11.487
2026/04/29 15:45:04,745000,11.490
2026/04/29 15:45:04,746000,11.482
2026/04/29 15:45:04,747000,11.493
2026/04/29 15:45:04,748000,11.490
2026/04/29 15:45:04,749000,11.490
2026/04/29 15:45:04,750000,11.482
2026/04/29 15:45:04,751000,11.490
2026/04/29 15:45:04,752000,11.496
2026/04/29 15:45:04,753000,11.490
2026/04/29 15:45:04,754000,11.493
2026/04/29 15:45:04,755000,11.493
2026/04/29 15:45:04,756000,11.493
2026/04/29 15:45:04,757000,11.487
2026/04/29 15:45:04,758000,11.487
2026/04/29 15:45:04,759000,11.490
2026/04/29 15:45:04,760000,11.496
2026/04/29 15:45:04,761000,11.493
2026/04/29 15:45:04,762000,11.490
2026/04/29 15:45:04,763000,11.487
2026/04/29 15:45:04,764000,11.499
2026/04/29 15:45:04,765000,11.487
2026/04/29 15:45:04,766000,11.485
2026/04/29 15:45:04,767000,11.490
2026/04/29 15:45:04,768000,11.499
2026/04/29 15:45:04,769000,11.493
2026/04/29 15:45:04,770000,11.493
2026/04/29 15:45:04,771000,11.487
2026/04/29 15:45:04,772000,11.493
2026/04/29 15:45:04,773000,11.490
2026/04/29 15:45:04,774000,11.487
2026/04/29 15:45:04,775000,11.490
2026/04/29 15:45:04,776000,11.496
2026/04/29 15:45:04,777000,11.493
2026/04/29 15:45:04,778000,11.490
2026/04/29 15:45:04,779000,11.493
2026/04/29 15:45:04,780000,11.493
2026/04/29 15:45:04,781000,11.493
2026/04/29 15:45:04,782000,11.487
2026/04/29 15:45:04,783000,11.496
2026/04/29 15:45:04,784000,11.496
2026/04/29 15:45:04,785000,11.490
2026/04/29 15:45:04,786000,11.493
2026/04/29 15:45:04,787000,11.487
2026/04/29 15:45:04,788000,11.487
2026/04/29 15:45:04,789000,11.493
2026/04/29 15:45:04,790000,11.493
2026/04/29 15:45:04,791000,11.490
2026/04/29 15:45:04,792000,11.493
2026/04/29 15:45:04,793000,11.490
2026/04/29 15:45:04,794000,11.485
2026/04/29 15:45:04,795000,11.490
2026/04/29 15:45:04,796000,11.490
2026/04/29 15:45:04,797000,11.493
2026/04/29 15:45:04,798000,11.493
2026/04/29 15:45:04,799000,11.490
2026/04/29 15:45:04,800000,11.482
2026/04/29 15:45:04,801000,11.493
2026/04/29 15:45:04,802000,11.493
2026/04/29 15:45:04,803000,11.490
2026/04/29 15:45:04,804000,11.493
2026/04/29 15:45:04,805000,11.493
2026/04/29 15:45:04,806000,11.493
2026/04/29 15:45:04,807000,11.496
2026/04/29 15:45:04,808000,11.487
2026/04/29 15:45:04,809000,11.490
2026/04/29 15:45:04,810000,11.490
2026/04/29 15:45:04,811000,11.490
2026/04/29 15:45:04,812000,11.493
2026/04/29 15:45:04,813000,11.490
2026/04/29 15:45:04,814000,11.496
2026/04/29 15:45:04,815000,11.496
2026/04/29 15:45:04,816000,11.496
2026/04/29 15:45:04,817000,11.493
2026/04/29 15:45:04,818000,11.496
2026/04/29 15:45:04,819000,11.496
2026/04/29 15:45:04,820000,11.496
2026/04/29 15:45:04,821000,11.496
2026/04/29 15:45:04,822000,11.487
2026/04/29 15:45:04,823000,11.490
2026/04/29 15:45:04,824000,11.487
2026/04/29 15:45:04,825000,11.490
2026/04/29 15:45:04,826000,11.496
2026/04/29 15:45:04,827000,11.493
2026/04/29 15:45:04,828000,11.490
2026/04/29 15:45:04,829000,11.493
2026/04/29 15:45:04,830000,11.490
2026/04/29 15:45:04,831000,11.493
2026/04/29 15:45:04,832000,11.490
2026/04/29 15:45:04,833000,11.493
2026/04/29 15:45:04,834000,11.487
2026/04/29 15:45:04,835000,11.490
2026/04/29 15:45:04,836000,11.499
2026/04/29 15:45:04,837000,11.493
2026/04/29 15:45:04,838000,11.487
2026/04/29 15:45:04,839000,11.493
2026/04/29 15:45:04,840000,11.487
2026/04/29 15:45:04,841000,11.487
2026/04/29 15:45:04,842000,11.493
2026/04/29 15:45:04,843000,11.487
2026/04/29 15:45:04,844000,11.490
2026/04/29 15:45:04,845000,11.496
2026/04/29 15:45:04,846000,11.496
2026/04/29 15:45:04,847000,11.487
2026/04/29 15:45:04,848000,11.493
2026/04/29 15:45:04,849000,11.490
2026/04/29 15:45:04,850000,11.490
2026/04/29 15:45:04,851000,11.493
2026/04/29 15:45:04,852000,11.487
2026/04/29 15:45:04,853000,11.490
2026/04/29 15:45:04,854000,11.493
2026/04/29 15:45:04,855000,11.485
2026/04/29 15:45:04,856000,11.499
2026/04/29 15:45:04,857000,11.490
2026/04/29 15:45:04,858000,11.490
2026/04/29 15:45:04,859000,11.490
2026/04/29 15:45:04,860000,11.493
2026/04/29 15:45:04,861000,11.493
2026/04/29 15:45:04,862000,11.490
2026/04/29 15:45:04,863000,11.493
2026/04/29 15:45:04,864000,11.490
2026/04/29 15:45:04,865000,11.493
2026/04/29 15:45:04,866000,11.490
2026/04/29 15:45:04,867000,11.496
2026/04/29 15:45:04,868000,11.490
2026/04/29 15:45:04,869000,11.496
2026/04/29 15:45:04,870000,11.493
2026/04/29 15:45:04,871000,11.493
2026/04/29 15:45:04,872000,11.496
2026/04/29 15:45:04,873000,11.493
2026/04/29 15:45:04,874000,11.493
2026/04/29 15:45:04,875000,11.496
2026/04/29 15:45:04,876000,11.490
2026/04/29 15:45:04,877000,11.487
2026/04/29 15:45:04,878000,11.490
2026/04/29 15:45:04,879000,11.493
2026/04/29 15:45:04,880000,11.490
2026/04/29 15:45:04,881000,11.490
2026/04/29 15:45:04,882000,11.499
2026/04/29 15:45:04,883000,11.493
2026/04/29 15:45:04,884000,11.487
2026/04/29 15:45:04,885000,11.499
2026/04/29 15:45:04,886000,11.493
2026/04/29 15:45:04,887000,11.490
2026/04/29 15:45:04,888000,11.490
2026/04/29 15:45:04,889000,11.487
2026/04/29 15:45:04,890000,11.496
2026/04/29 15:45:04,891000,11.490
2026/04/29 15:45:04,892000,11.493
2026/04/29 15:45:04,893000,11.487
2026/04/29 15:45:04,894000,11.490
2026/04/29 15:45:04,895000,11.490
2026/04/29 15:45:04,896000,11.493
2026/04/29 15:45:04,897000,11.496
2026/04/29 15:45:04,898000,11.493
2026/04/29 15:45:04,899000,11.490
2026/04/29 15:45:04,900000,11.496
2026/04/29 15:45:04,901000,11.490
2026/04/29 15:45:04,902000,11.490
2026/04/29 15:45:04,903000,11.490
2026/04/29 15:45:04,904000,11.493
2026/04/29 15:45:04,905000,11.493
2026/04/29 15:45:04,906000,11.493
2026/04/29 15:45:04,907000,11.487
2026/04/29 15:45:04,908000,11.493
2026/04/29 15:45:04,909000,11.490
2026/04/29 15:45:04,910000,11.493
2026/04/29 15:45:04,911000,11.493
2026/04/29 15:45:04,912000,11.496
2026/04/29 15:45:04,913000,11.490
2026/04/29 15:45:04,914000,11.490
2026/04/29 15:45:04,915000,11.493
2026/04/29 15:45:04,916000,11.496
2026/04/29 15:45:04,917000,11.490
2026/04/29 15:45:04,918000,11.487
2026/04/29 15:45:04,919000,11.490
2026/04/29 15:45:04,920000,11.493
2026/04/29 15:45:04,921000,11.496
2026/04/29 15:45:04,922000,11.496
2026/04/29 15:45:04,923000,11.487
2026/04/29 15:45:04,924000,11.493
2026/04/29 15:45:04,925000,11.493
2026/04/29 15:45:04,926000,11.493
2026/04/29 15:45:04,927000,11.496
2026/04/29 15:45:04,928000,11.487
2026/04/29 15:45:04,929000,11.493
2026/04/29 15:45:04,930000,11.493
2026/04/29 15:45:04,931000,11.487
2026/04/29 15:45:04,932000,11.493
2026/04/29 15:45:04,933000,11.487
2026/04/29 15:45:04,934000,11.493
2026/04/29 15:45:04,935000,11.487
2026/04/29 15:45:04,936000,11.493
2026/04/29 15:45:04,937000,11.490
2026/04/29 15:45:04,938000,11.490
2026/04/29 15:45:04,939000,11.490
2026/04/29 15:45:04,940000,11.490
2026/04/29 15:45:04,941000,11.490
2026/04/29 15:45:04,942000,11.493
2026/04/29 15:45:04,943000,11.493
2026/04/29 15:45:04,944000,11.487
2026/04/29 15:45:04,945000,11.496
2026/04/29 15:45:04,946000,11.499
2026/04/29 15:45:04,947000,11.490
2026/04/29 15:45:04,948000,11.493
2026/04/29 15:45:04,949000,11.496
2026/04/29 15:45:04,950000,11.490
2026/04/29 15:45:04,951000,11.490
2026/04/29 15:45:04,952000,11.485
2026/04/29 15:45:04,953000,11.496
2026/04/29 15:45:04,954000,11.496
2026/04/29 15:45:04,955000,11.493
2026/04/29 15:45:04,956000,11.490
2026/04/29 15:45:04,957000,11.496
2026/04/29 15:45:04,958000,11.485
2026/04/29 15:45:04,959000,11.490
2026/04/29 15:45:04,960000,11.490
2026/04/29 15:45:04,961000,11.496
2026/04/29 15:45:04,962000,11.490
2026/04/29 15:45:04,963000,11.496
2026/04/29 15:45:04,964000,11.496
2026/04/29 15:45:04,965000,11.493
2026/04/29 15:45:04,966000,11.485
2026/04/29 15:45:04,967000,11.490
2026/04/29 15:45:04,968000,11.493
2026/04/29 15:45:04,969000,11.493
2026/04/29 15:45:04,970000,11.493
2026/04/29 15:45:04,971000,11.490
2026/04/29 15:45:04,972000,11.487
2026/04/29 15:45:04,973000,11.490
2026/04/29 15:45:04,974000,11.493
2026/04/29 15:45:04,975000,11.493
2026/04/29 15:45:04,976000,11.496
2026/04/29 15:45:04,977000,11.493
2026/04/29 15:45:04,978000,11.496
2026/04/29 15:45:04,979000,11.490
2026/04/29 15:45:04,980000,11.490
2026/04/29 15:45:04,981000,11.499
2026/04/29 15:45:04,982000,11.493
2026/04/29 15:45:04,983000,11.493
2026/04/29 15:45:04,984000,11.493
2026/04/29 15:45:04,985000,11.490
2026/04/29 15:45:04,986000,11.487
2026/04/29 15:45:04,987000,11.493
2026/04/29 15:45:04,988000,11.490
2026/04/29 15:45:04,989000,11.496
2026/04/29 15:45:04,990000,11.493
2026/04/29 15:45:04,991000,11.496
2026/04/29 15:45:04,992000,11.501
2026/04/29 15:45:04,993000,11.493
2026/04/29 15:45:04,994000,11.493
2026/04/29 15:45:04,995000,11.493
2026/04/29 15:45:04,996000,11.490
2026/04/29 15:45:04,997000,11.493
2026/04/29 15:45:04,998000,11.490
2026/04/29 15:45:04,999000,11.490
2026/04/29 15:45:05,000000,11.487
2026/04/29 15:45:05,001000,11.490
2026/04/29 15:45:05,002000,11.490
2026/04/29 15:45:05,003000,11.496
2026/04/29 15:45:05,004000,11.490
2026/04/29 15:45:05,005000,11.496
2026/04/29 15:45:05,006000,11.493
2026/04/29 15:45:05,007000,11.499
2026/04/29 15:45:05,008000,11.490
2026/04/29 15:45:05,009000,11.496
2026/04/29 15:45:05,010000,11.493
2026/04/29 15:45:05,011000,11.496
2026/04/29 15:45:05,012000,11.496
2026/04/29 15:45:05,013000,11.482
2026/04/29 15:45:05,014000,11.496
2026/04/29 15:45:05,015000,11.496
2026/04/29 15:45:05,016000,11.490
2026/04/29 15:45:05,017000,11.496
2026/04/29 15:45:05,018000,11.493
2026/04/29 15:45:05,019000,11.496
2026/04/29 15:45:05,020000,11.493
2026/04/29 15:45:05,021000,11.496
2026/04/29 15:45:05,022000,11.490
2026/04/29 15:45:05,023000,11.493
2026/04/29 15:45:05,024000,11.493
2026/04/29 15:45:05,025000,11.493
2026/04/29 15:45:05,026000,11.499
2026/04/29 15:45:05,027000,11.493
2026/04/29 15:45:05,028000,11.493
2026/04/29 15:45:05,029000,11.496
2026/04/29 15:45:05,030000,11.487
2026/04/29 15:45:05,031000,11.493
2026/04/29 15:45:05,032000,11.496
2026/04/29 15:45:05,033000,11.493
2026/04/29 15:45:05,034000,11.490
2026/04/29 15:45:05,035000,11.490
2026/04/29 15:45:05,036000,11.490
2026/04/29 15:45:05,037000,11.487
2026/04/29 15:45:05,038000,11.496
2026/04/29 15:45:05,039000,11.487
2026/04/29 15:45:05,040000,11.490
2026/04/29 15:45:05,041000,11.493
2026/04/29 15:45:05,042000,11.487
2026/04/29 15:45:05,043000,11.493
2026/04/29 15:45:05,044000,11.493
2026/04/29 15:45:05,045000,11.493
2026/04/29 15:45:05,046000,11.493
2026/04/29 15:45:05,047000,11.493
2026/04/29 15:45:05,048000,11.496
2026/04/29 15:45:05,049000,11.493
2026/04/29 15:45:05,050000,11.490
2026/04/29 15:45:05,051000,11.493
2026/04/29 15:45:05,052000,11.493
2026/04/29 15:45:05,053000,11.496
2026/04/29 15:45:05,054000,11.496
2026/04/29 15:45:05,055000,11.493
2026/04/29 15:45:05,056000,11.499
2026/04/29 15:45:05,057000,11.493
2026/04/29 15:45:05,058000,11.490
2026/04/29 15:45:05,059000,11.490
2026/04/29 15:45:05,060000,11.490
2026/04/29 15:45:05,061000,11.493
2026/04/29 15:45:05,062000,11.490
2026/04/29 15:45:05,063000,11.493
2026/04/29 15:45:05,064000,11.490
2026/04/29 15:45:05,065000,11.493
2026/04/29 15:45:05,066000,11.493
2026/04/29 15:45:05,067000,11.493
2026/04/29 15:45:05,068000,11.490
2026/04/29 15:45:05,069000,11.490
2026/04/29 15:45:05,070000,11.493
2026/04/29 15:45:05,071000,11.487
2026/04/29 15:45:05,072000,11.493
2026/04/29 15:45:05,073000,11.490
2026/04/29 15:45:05,074000,11.499
2026/04/29 15:45:05,075000,11.493
2026/04/29 15:45:05,076000,11.493
2026/04/29 15:45:05,077000,11.493
2026/04/29 15:45:05,078000,11.490
2026/04/29 15:45:05,079000,11.493
2026/04/29 15:45:05,080000,11.493
2026/04/29 15:45:05,081000,11.490
2026/04/29 15:45:05,082000,11.487
2026/04/29 15:45:05,083000,11.490
2026/04/29 15:45:05,084000,11.485
2026/04/29 15:45:05,085000,11.490
2026/04/29 15:45:05,086000,11.490
2026/04/29 15:45:05,087000,11.493
2026/04/29 15:45:05,088000,11.496
2026/04/29 15:45:05,089000,11.493
2026/04/29 15:45:05,090000,11.490
2026/04/29 15:45:05,091000,11.493
2026/04/29 15:45:05,092000,11.496
2026/04/29 15:45:05,093000,11.490
2026/04/29 15:45:05,094000,11.487
2026/04/29 15:45:05,095000,11.493
2026/04/29 15:45:05,096000,11.487
2026/04/29 15:45:05,097000,11.490
2026/04/29 15:45:05,098000,11.490
2026/04/29 15:45:05,099000,11.487
2026/04/29 15:45:05,100000,11.493
2026/04/29 15:45:05,101000,11.490
2026/04/29 15:45:05,102000,11.496
2026/04/29 15:45:05,103000,11.493
2026/04/29 15:45:05,104000,11.490
2026/04/29 15:45:05,105000,11.490
2026/04/29 15:45:05,106000,11.490
2026/04/29 15:45:05,107000,11.487
2026/04/29 15:45:05,108000,11.496
2026/04/29 15:45:05,109000,11.493
2026/04/29 15:45:05,110000,11.493
2026/04/29 15:45:05,111000,11.490
2026/04/29 15:45:05,112000,11.490
2026/04/29 15:45:05,113000,11.493
2026/04/29 15:45:05,114000,11.496
2026/04/29 15:45:05,115000,11.485
2026/04/29 15:45:05,116000,11.485
2026/04/29 15:45:05,117000,11.501
2026/04/29 15:45:05,118000,11.493
2026/04/29 15:45:05,119000,11.493
2026/04/29 15:45:05,120000,11.499
2026/04/29 15:45:05,121000,11.493
2026/04/29 15:45:05,122000,11.493
2026/04/29 15:45:05,123000,11.487
2026/04/29 15:45:05,124000,11.493
2026/04/29 15:45:05,125000,11.487
2026/04/29 15:45:05,126000,11.493
2026/04/29 15:45:05,127000,11.493
2026/04/29 15:45:05,128000,11.487
2026/04/29 15:45:05,129000,11.493
2026/04/29 15:45:05,130000,11.496
2026/04/29 15:45:05,131000,11.490
2026/04/29 15:45:05,132000,11.490
2026/04/29 15:45:05,133000,11.493
2026/04/29 15:45:05,134000,11.496
2026/04/29 15:45:05,135000,11.493
2026/04/29 15:45:05,136000,11.493
2026/04/29 15:45:05,137000,11.493
2026/04/29 15:45:05,138000,11.490
2026/04/29 15:45:05,139000,11.496
2026/04/29 15:45:05,140000,11.493
2026/04/29 15:45:05,141000,11.493
2026/04/29 15:45:05,142000,11.490
2026/04/29 15:45:05,143000,11.499
2026/04/29 15:45:05,144000,11.493
2026/04/29 15:45:05,145000,11.490
2026/04/29 15:45:05,146000,11.490
2026/04/29 15:45:05,147000,11.496
2026/04/29 15:45:05,148000,11.490
2026/04/29 15:45:05,149000,11.493
2026/04/29 15:45:05,150000,11.490
2026/04/29 15:45:05,151000,11.496
2026/04/29 15:45:05,152000,11.496
2026/04/29 15:45:05,153000,11.490
2026/04/29 15:45:05,154000,11.490
2026/04/29 15:45:05,155000,11.496
2026/04/29 15:45:05,156000,11.493
2026/04/29 15:45:05,157000,11.496
2026/04/29 15:45:05,158000,11.487
2026/04/29 15:45:05,159000,11.490
2026/04/29 15:45:05,160000,11.490
2026/04/29 15:45:05,161000,11.490
2026/04/29 15:45:05,162000,11.493
2026/04/29 15:45:05,163000,11.490
2026/04/29 15:45:05,164000,11.493
2026/04/29 15:45:05,165000,11.490
2026/04/29 15:45:05,166000,11.490
2026/04/29 15:45:05,167000,11.490
2026/04/29 15:45:05,168000,11.490
2026/04/29 15:45:05,169000,11.490
2026/04/29 15:45:05,170000,11.499
2026/04/29 15:45:05,171000,11.490
2026/04/29 15:45:05,172000,11.487
2026/04/29 15:45:05,173000,11.496
2026/04/29 15:45:05,174000,11.493
2026/04/29 15:45:05,175000,11.499
2026/04/29 15:45:05,176000,11.493
2026/04/29 15:45:05,177000,11.499
2026/04/29 15:45:05,178000,11.493
2026/04/29 15:45:05,179000,11.493
2026/04/29 15:45:05,180000,11.490
2026/04/29 15:45:05,181000,11.496
2026/04/29 15:45:05,182000,11.490
2026/04/29 15:45:05,183000,11.490
2026/04/29 15:45:05,184000,11.490
2026/04/29 15:45:05,185000,11.487
2026/04/29 15:45:05,186000,11.496
2026/04/29 15:45:05,187000,11.493
2026/04/29 15:45:05,188000,11.493
2026/04/29 15:45:05,189000,11.496
2026/04/29 15:45:05,190000,11.493
2026/04/29 15:45:05,191000,11.490
2026/04/29 15:45:05,192000,11.490
2026/04/29 15:45:05,193000,11.490
2026/04/29 15:45:05,194000,11.487
2026/04/29 15:45:05,195000,11.493
2026/04/29 15:45:05,196000,11.490
2026/04/29 15:45:05,197000,11.482
2026/04/29 15:45:05,198000,11.490
2026/04/29 15:45:05,199000,11.493
2026/04/29 15:45:05,200000,11.496
2026/04/29 15:45:05,201000,11.496
2026/04/29 15:45:05,202000,11.485
2026/04/29 15:45:05,203000,11.493
2026/04/29 15:45:05,204000,11.493
2026/04/29 15:45:05,205000,11.490
2026/04/29 15:45:05,206000,11.493
2026/04/29 15:45:05,207000,11.493
2026/04/29 15:45:05,208000,11.490
2026/04/29 15:45:05,209000,11.487
2026/04/29 15:45:05,210000,11.493
2026/04/29 15:45:05,211000,11.496
2026/04/29 15:45:05,212000,11.493
2026/04/29 15:45:05,213000,11.490
2026/04/29 15:45:05,214000,11.493
2026/04/29 15:45:05,215000,11.490
2026/04/29 15:45:05,216000,11.490
2026/04/29 15:45:05,217000,11.485
2026/04/29 15:45:05,218000,11.496
2026/04/29 15:45:05,219000,11.496
2026/04/29 15:45:05,220000,11.490
2026/04/29 15:45:05,221000,11.490
2026/04/29 15:45:05,222000,11.490
2026/04/29 15:45:05,223000,11.490
2026/04/29 15:45:05,224000,11.493
2026/04/29 15:45:05,225000,11.485
2026/04/29 15:45:05,226000,11.493
2026/04/29 15:45:05,227000,11.493
2026/04/29 15:45:05,228000,11.485
2026/04/29 15:45:05,229000,11.496
2026/04/29 15:45:05,230000,11.490
2026/04/29 15:45:05,231000,11.490
2026/04/29 15:45:05,232000,11.493
2026/04/29 15:45:05,233000,11.490
2026/04/29 15:45:05,234000,11.490
2026/04/29 15:45:05,235000,11.490
2026/04/29 15:45:05,236000,11.490
2026/04/29 15:45:05,237000,11.490
2026/04/29 15:45:05,238000,11.496
2026/04/29 15:45:05,239000,11.499
2026/04/29 15:45:05,240000,11.496
2026/04/29 15:45:05,241000,11.487
2026/04/29 15:45:05,242000,11.493
2026/04/29 15:45:05,243000,11.496
2026/04/29 15:45:05,244000,11.493
2026/04/29 15:45:05,245000,11.496
2026/04/29 15:45:05,246000,11.493
2026/04/29 15:45:05,247000,11.493
2026/04/29 15:45:05,248000,11.493
2026/04/29 15:45:05,249000,11.490
2026/04/29 15:45:05,250000,11.490
2026/04/29 15:45:05,251000,11.493
2026/04/29 15:45:05,252000,11.490
2026/04/29 15:45:05,253000,11.490
2026/04/29 15:45:05,254000,11.493
2026/04/29 15:45:05,255000,11.487
2026/04/29 15:45:05,256000,11.493
2026/04/29 15:45:05,257000,11.499
2026/04/29 15:45:05,258000,11.487
2026/04/29 15:45:05,259000,11.487
2026/04/29 15:45:05,260000,11.490
2026/04/29 15:45:05,261000,11.490
2026/04/29 15:45:05,262000,11.499
2026/04/29 15:45:05,263000,11.493
2026/04/29 15:45:05,264000,11.485
2026/04/29 15:45:05,265000,11.490
2026/04/29 15:45:05,266000,11.493
2026/04/29 15:45:05,267000,11.493
2026/04/29 15:45:05,268000,11.490
2026/04/29 15:45:05,269000,11.490
2026/04/29 15:45:05,270000,11.493
2026/04/29 15:45:05,271000,11.485
2026/04/29 15:45:05,272000,11.490
2026/04/29 15:45:05,273000,11.493
2026/04/29 15:45:05,274000,11.490
2026/04/29 15:45:05,275000,11.487
2026/04/29 15:45:05,276000,11.496
2026/04/29 15:45:05,277000,11.493
2026/04/29 15:45:05,278000,11.490
2026/04/29 15:45:05,279000,11.496
2026/04/29 15:45:05,280000,11.490
2026/04/29 15:45:05,281000,11.493
2026/04/29 15:45:05,282000,11.490
2026/04/29 15:45:05,283000,11.493
2026/04/29 15:45:05,284000,11.493
2026/04/29 15:45:05,285000,11.490
2026/04/29 15:45:05,286000,11.490
2026/04/29 15:45:05,287000,11.496
2026/04/29 15:45:05,288000,11.496
2026/04/29 15:45:05,289000,11.493
2026/04/29 15:45:05,290000,11.490
2026/04/29 15:45:05,291000,11.493
2026/04/29 15:45:05,292000,11.493
2026/04/29 15:45:05,293000,11.490
2026/04/29 15:45:05,294000,11.490
2026/04/29 15:45:05,295000,11.490
2026/04/29 15:45:05,296000,11.487
2026/04/29 15:45:05,297000,11.493
2026/04/29 15:45:05,298000,11.490
2026/04/29 15:45:05,299000,11.493
2026/04/29 15:45:05,300000,11.493
2026/04/29 15:45:05,301000,11.496
2026/04/29 15:45:05,302000,11.490
2026/04/29 15:45:05,303000,11.490
2026/04/29 15:45:05,304000,11.496
2026/04/29 15:45:05,305000,11.490
2026/04/29 15:45:05,306000,11.493
2026/04/29 15:45:05,307000,11.490
2026/04/29 15:45:05,308000,11.487
2026/04/29 15:45:05,309000,11.490
2026/04/29 15:45:05,310000,11.493
2026/04/29 15:45:05,311000,11.490
2026/04/29 15:45:05,312000,11.487
2026/04/29 15:45:05,313000,11.490
2026/04/29 15:45:05,314000,11.493
2026/04/29 15:45:05,315000,11.487
2026/04/29 15:45:05,316000,11.490
2026/04/29 15:45:05,317000,11.493
2026/04/29 15:45:05,318000,11.487
2026/04/29 15:45:05,319000,11.487
2026/04/29 15:45:05,320000,11.487
2026/04/29 15:45:05,321000,11.493
2026/04/29 15:45:05,322000,11.487
2026/04/29 15:45:05,323000,11.482
2026/04/29 15:45:05,324000,11.496
2026/04/29 15:45:05,325000,11.493
2026/04/29 15:45:05,326000,11.490
2026/04/29 15:45:05,327000,11.493
2026/04/29 15:45:05,328000,11.487
2026/04/29 15:45:05,329000,11.487
2026/04/29 15:45:05,330000,11.485
2026/04/29 15:45:05,331000,11.485
2026/04/29 15:45:05,332000,11.493
2026/04/29 15:45:05,333000,11.493
2026/04/29 15:45:05,334000,11.490
2026/04/29 15:45:05,335000,11.485
2026/04/29 15:45:05,336000,11.490
2026/04/29 15:45:05,337000,11.490
2026/04/29 15:45:05,338000,11.490
2026/04/29 15:45:05,339000,11.487
2026/04/29 15:45:05,340000,11.490
2026/04/29 15:45:05,341000,11.482
2026/04/29 15:45:05,342000,11.493
2026/04/29 15:45:05,343000,11.490
2026/04/29 15:45:05,344000,11.490
2026/04/29 15:45:05,345000,11.493
2026/04/29 15:45:05,346000,11.490
2026/04/29 15:45:05,347000,11.487
2026/04/29 15:45:05,348000,11.493
2026/04/29 15:45:05,349000,11.490
2026/04/29 15:45:05,350000,11.487
2026/04/29 15:45:05,351000,11.487
2026/04/29 15:45:05,352000,11.493
2026/04/29 15:45:05,353000,11.493
2026/04/29 15:45:05,354000,11.487
2026/04/29 15:45:05,355000,11.487
2026/04/29 15:45:05,356000,11.487
2026/04/29 15:45:05,357000,11.499
2026/04/29 15:45:05,358000,11.490
2026/04/29 15:45:05,359000,11.487
2026/04/29 15:45:05,360000,11.496
2026/04/29 15:45:05,361000,11.493
2026/04/29 15:45:05,362000,11.490
2026/04/29 15:45:05,363000,11.493
2026/04/29 15:45:05,364000,11.493
2026/04/29 15:45:05,365000,11.487
2026/04/29 15:45:05,366000,11.487
2026/04/29 15:45:05,367000,11.493
2026/04/29 15:45:05,368000,11.493
2026/04/29 15:45:05,369000,11.493
2026/04/29 15:45:05,370000,11.487
2026/04/29 15:45:05,371000,11.487
2026/04/29 15:45:05,372000,11.493
2026/04/29 15:45:05,373000,11.490
2026/04/29 15:45:05,374000,11.490
2026/04/29 15:45:05,375000,11.493
2026/04/29 15:45:05,376000,11.490
2026/04/29 15:45:05,377000,11.490
2026/04/29 15:45:05,378000,11.490
2026/04/29 15:45:05,379000,11.493
2026/04/29 15:45:05,380000,11.499
2026/04/29 15:45:05,381000,11.496
2026/04/29 15:45:05,382000,11.493
2026/04/29 15:45:05,383000,11.493
2026/04/29 15:45:05,384000,11.493
2026/04/29 15:45:05,385000,11.490
2026/04/29 15:45:05,386000,11.487
2026/04/29 15:45:05,387000,11.496
2026/04/29 15:45:05,388000,11.493
2026/04/29 15:45:05,389000,11.490
2026/04/29 15:45:05,390000,11.493
2026/04/29 15:45:05,391000,11.485
2026/04/29 15:45:05,392000,11.487
2026/04/29 15:45:05,393000,11.490
2026/04/29 15:45:05,394000,11.493
2026/04/29 15:45:05,395000,11.487
2026/04/29 15:45:05,396000,11.490
2026/04/29 15:45:05,397000,11.487
2026/04/29 15:45:05,398000,11.487
2026/04/29 15:45:05,399000,11.501
2026/04/29 15:45:05,400000,11.490
2026/04/29 15:45:05,401000,11.490
2026/04/29 15:45:05,402000,11.493
2026/04/29 15:45:05,403000,11.487
2026/04/29 15:45:05,404000,11.490
2026/04/29 15:45:05,405000,11.485
2026/04/29 15:45:05,406000,11.487
2026/04/29 15:45:05,407000,11.490
2026/04/29 15:45:05,408000,11.493
2026/04/29 15:45:05,409000,11.490
2026/04/29 15:45:05,410000,11.493
2026/04/29 15:45:05,411000,11.499
2026/04/29 15:45:05,412000,11.493
2026/04/29 15:45:05,413000,11.490
2026/04/29 15:45:05,414000,11.490
2026/04/29 15:45:05,415000,11.490
2026/04/29 15:45:05,416000,11.487
2026/04/29 15:45:05,417000,11.485
2026/04/29 15:45:05,418000,11.490
2026/04/29 15:45:05,419000,11.493
2026/04/29 15:45:05,420000,11.490
2026/04/29 15:45:05,421000,11.487
2026/04/29 15:45:05,422000,11.490
2026/04/29 15:45:05,423000,11.493
2026/04/29 15:45:05,424000,11.493
2026/04/29 15:45:05,425000,11.493
2026/04/29 15:45:05,426000,11.487
2026/04/29 15:45:05,427000,11.490
2026/04/29 15:45:05,428000,11.493
2026/04/29 15:45:05,429000,11.499
2026/04/29 15:45:05,430000,11.487
2026/04/29 15:45:05,431000,11.487
2026/04/29 15:45:05,432000,11.490
2026/04/29 15:45:05,433000,11.493
2026/04/29 15:45:05,434000,11.493
2026/04/29 15:45:05,435000,11.487
2026/04/29 15:45:05,436000,11.493
2026/04/29 15:45:05,437000,11.493
2026/04/29 15:45:05,438000,11.493
2026/04/29 15:45:05,439000,11.487
2026/04/29 15:45:05,440000,11.487
2026/04/29 15:45:05,441000,11.493
2026/04/29 15:45:05,442000,11.493
2026/04/29 15:45:05,443000,11.490
2026/04/29 15:45:05,444000,11.493
2026/04/29 15:45:05,445000,11.490
2026/04/29 15:45:05,446000,11.493
2026/04/29 15:45:05,447000,11.493
2026/04/29 15:45:05,448000,11.490
2026/04/29 15:45:05,449000,11.493
2026/04/29 15:45:05,450000,11.493
2026/04/29 15:45:05,451000,11.487
2026/04/29 15:45:05,452000,11.487
2026/04/29 15:45:05,453000,11.496
2026/04/29 15:45:05,454000,11.493
2026/04/29 15:45:05,455000,11.487
2026/04/29 15:45:05,456000,11.493
2026/04/29 15:45:05,457000,11.490
2026/04/29 15:45:05,458000,11.499
2026/04/29 15:45:05,459000,11.493
2026/04/29 15:45:05,460000,11.493
2026/04/29 15:45:05,461000,11.493
2026/04/29 15:45:05,462000,11.493
2026/04/29 15:45:05,463000,11.496
2026/04/29 15:45:05,464000,11.493
2026/04/29 15:45:05,465000,11.487
2026/04/29 15:45:05,466000,11.496
2026/04/29 15:45:05,467000,11.493
2026/04/29 15:45:05,468000,11.499
2026/04/29 15:45:05,469000,11.493
2026/04/29 15:45:05,470000,11.490
2026/04/29 15:45:05,471000,11.490
2026/04/29 15:45:05,472000,11.493
2026/04/29 15:45:05,473000,11.487
2026/04/29 15:45:05,474000,11.490
2026/04/29 15:45:05,475000,11.485
2026/04/29 15:45:05,476000,11.493
2026/04/29 15:45:05,477000,11.499
2026/04/29 15:45:05,478000,11.485
2026/04/29 15:45:05,479000,11.490
2026/04/29 15:45:05,480000,11.496
2026/04/29 15:45:05,481000,11.490
2026/04/29 15:45:05,482000,11.490
2026/04/29 15:45:05,483000,11.493
2026/04/29 15:45:05,484000,11.490
2026/04/29 15:45:05,485000,11.493
2026/04/29 15:45:05,486000,11.490
2026/04/29 15:45:05,487000,11.490
2026/04/29 15:45:05,488000,11.490
2026/04/29 15:45:05,489000,11.493
2026/04/29 15:45:05,490000,11.490
2026/04/29 15:45:05,491000,11.493
2026/04/29 15:45:05,492000,11.490
2026/04/29 15:45:05,493000,11.487
2026/04/29 15:45:05,494000,11.493
2026/04/29 15:45:05,495000,11.487
2026/04/29 15:45:05,496000,11.496
2026/04/29 15:45:05,497000,11.496
2026/04/29 15:45:05,498000,11.487
2026/04/29 15:45:05,499000,11.496
2026/04/29 15:45:05,500000,11.499
2026/04/29 15:45:05,501000,11.487
2026/04/29 15:45:05,502000,11.496
2026/04/29 15:45:05,503000,11.490
2026/04/29 15:45:05,504000,11.493
2026/04/29 15:45:05,505000,11.493
2026/04/29 15:45:05,506000,11.493
2026/04/29 15:45:05,507000,11.499
2026/04/29 15:45:05,508000,11.493
2026/04/29 15:45:05,509000,11.490
2026/04/29 15:45:05,510000,11.493
2026/04/29 15:45:05,511000,11.487
2026/04/29 15:45:05,512000,11.493
2026/04/29 15:45:05,513000,11.493
2026/04/29 15:45:05,514000,11.493
2026/04/29 15:45:05,515000,11.490
2026/04/29 15:45:05,516000,11.493
2026/04/29 15:45:05,517000,11.490
2026/04/29 15:45:05,518000,11.496
2026/04/29 15:45:05,519000,11.490
2026/04/29 15:45:05,520000,11.490
2026/04/29 15:45:05,521000,11.490
2026/04/29 15:45:05,522000,11.499
2026/04/29 15:45:05,523000,11.496
2026/04/29 15:45:05,524000,11.490
2026/04/29 15:45:05,525000,11.490
2026/04/29 15:45:05,526000,11.493
2026/04/29 15:45:05,527000,11.490
2026/04/29 15:45:05,528000,11.490
2026/04/29 15:45:05,529000,11.490
2026/04/29 15:45:05,530000,11.493
2026/04/29 15:45:05,531000,11.493
2026/04/29 15:45:05,532000,11.490
2026/04/29 15:45:05,533000,11.496
2026/04/29 15:45:05,534000,11.490
2026/04/29 15:45:05,535000,11.496
2026/04/29 15:45:05,536000,11.493
2026/04/29 15:45:05,537000,11.487
2026/04/29 15:45:05,538000,11.493
2026/04/29 15:45:05,539000,11.499
2026/04/29 15:45:05,540000,11.496
2026/04/29 15:45:05,541000,11.493
2026/04/29 15:45:05,542000,11.493
2026/04/29 15:45:05,543000,11.493
2026/04/29 15:45:05,544000,11.496
2026/04/29 15:45:05,545000,11.493
2026/04/29 15:45:05,546000,11.493
2026/04/29 15:45:05,547000,11.493
2026/04/29 15:45:05,548000,11.493
2026/04/29 15:45:05,549000,11.493
2026/04/29 15:45:05,550000,11.487
2026/04/29 15:45:05,551000,11.499
2026/04/29 15:45:05,552000,11.496
2026/04/29 15:45:05,553000,11.487
2026/04/29 15:45:05,554000,11.496
2026/04/29 15:45:05,555000,11.493
2026/04/29 15:45:05,556000,11.496
2026/04/29 15:45:05,557000,11.485
2026/04/29 15:45:05,558000,11.493
2026/04/29 15:45:05,559000,11.493
2026/04/29 15:45:05,560000,11.487
2026/04/29 15:45:05,561000,11.493
2026/04/29 15:45:05,562000,11.493
2026/04/29 15:45:05,563000,11.487
2026/04/29 15:45:05,564000,11.490
2026/04/29 15:45:05,565000,11.485
2026/04/29 15:45:05,566000,11.487
2026/04/29 15:45:05,567000,11.493
2026/04/29 15:45:05,568000,11.496
2026/04/29 15:45:05,569000,11.487
2026/04/29 15:45:05,570000,11.499
2026/04/29 15:45:05,571000,11.493
2026/04/29 15:45:05,572000,11.487
2026/04/29 15:45:05,573000,11.490
2026/04/29 15:45:05,574000,11.501
2026/04/29 15:45:05,575000,11.487
2026/04/29 15:45:05,576000,11.490
2026/04/29 15:45:05,577000,11.496
2026/04/29 15:45:05,578000,11.493
2026/04/29 15:45:05,579000,11.487
2026/04/29 15:45:05,580000,11.490
2026/04/29 15:45:05,581000,11.496
2026/04/29 15:45:05,582000,11.496
2026/04/29 15:45:05,583000,11.493
2026/04/29 15:45:05,584000,11.487
2026/04/29 15:45:05,585000,11.493
2026/04/29 15:45:05,586000,11.496
2026/04/29 15:45:05,587000,11.496
2026/04/29 15:45:05,588000,11.499
2026/04/29 15:45:05,589000,11.490
2026/04/29 15:45:05,590000,11.493
2026/04/29 15:45:05,591000,11.496
2026/04/29 15:45:05,592000,11.490
2026/04/29 15:45:05,593000,11.493
2026/04/29 15:45:05,594000,11.490
2026/04/29 15:45:05,595000,11.490
2026/04/29 15:45:05,596000,11.490
2026/04/29 15:45:05,597000,11.493
2026/04/29 15:45:05,598000,11.493
2026/04/29 15:45:05,599000,11.493
2026/04/29 15:45:05,600000,11.490
2026/04/29 15:45:05,601000,11.490
2026/04/29 15:45:05,602000,11.493
2026/04/29 15:45:05,603000,11.490
2026/04/29 15:45:05,604000,11.490
2026/04/29 15:45:05,605000,11.493
2026/04/29 15:45:05,606000,11.493
2026/04/29 15:45:05,607000,11.493
2026/04/29 15:45:05,608000,11.496
2026/04/29 15:45:05,609000,11.490
2026/04/29 15:45:05,610000,11.490
2026/04/29 15:45:05,611000,11.493
2026/04/29 15:45:05,612000,11.487
2026/04/29 15:45:05,613000,11.496
2026/04/29 15:45:05,614000,11.490
2026/04/29 15:45:05,615000,11.490
2026/04/29 15:45:05,616000,11.490
2026/04/29 15:45:05,617000,11.496
2026/04/29 15:45:05,618000,11.485
2026/04/29 15:45:05,619000,11.496
2026/04/29 15:45:05,620000,11.496
2026/04/29 15:45:05,621000,11.499
2026/04/29 15:45:05,622000,11.490
2026/04/29 15:45:05,623000,11.493
2026/04/29 15:45:05,624000,11.490
2026/04/29 15:45:05,625000,11.490
2026/04/29 15:45:05,626000,11.493
2026/04/29 15:45:05,627000,11.490
2026/04/29 15:45:05,628000,11.490
2026/04/29 15:45:05,629000,11.496
2026/04/29 15:45:05,630000,11.493
2026/04/29 15:45:05,631000,11.490
2026/04/29 15:45:05,632000,11.490
2026/04/29 15:45:05,633000,11.496
2026/04/29 15:45:05,634000,11.485
2026/04/29 15:45:05,635000,11.499
2026/04/29 15:45:05,636000,11.493
2026/04/29 15:45:05,637000,11.490
2026/04/29 15:45:05,638000,11.487
2026/04/29 15:45:05,639000,11.487
2026/04/29 15:45:05,640000,11.493
2026/04/29 15:45:05,641000,11.490
2026/04/29 15:45:05,642000,11.487
2026/04/29 15:45:05,643000,11.493
2026/04/29 15:45:05,644000,11.487
2026/04/29 15:45:05,645000,11.493
2026/04/29 15:45:05,646000,11.507
2026/04/29 15:45:05,647000,11.496
2026/04/29 15:45:05,648000,11.496
2026/04/29 15:45:05,649000,11.496
2026/04/29 15:45:05,650000,11.496
2026/04/29 15:45:05,651000,11.493
2026/04/29 15:45:05,652000,11.490
2026/04/29 15:45:05,653000,11.496
2026/04/29 15:45:05,654000,11.493
2026/04/29 15:45:05,655000,11.490
2026/04/29 15:45:05,656000,11.493
2026/04/29 15:45:05,657000,11.490
2026/04/29 15:45:05,658000,11.496
2026/04/29 15:45:05,659000,11.493
2026/04/29 15:45:05,660000,11.493
2026/04/29 15:45:05,661000,11.496
2026/04/29 15:45:05,662000,11.487
2026/04/29 15:45:05,663000,11.490
2026/04/29 15:45:05,664000,11.493
2026/04/29 15:45:05,665000,11.499
2026/04/29 15:45:05,666000,11.490
2026/04/29 15:45:05,667000,11.490
2026/04/29 15:45:05,668000,11.493
2026/04/29 15:45:05,669000,11.493
2026/04/29 15:45:05,670000,11.490
2026/04/29 15:45:05,671000,11.496
2026/04/29 15:45:05,672000,11.493
2026/04/29 15:45:05,673000,11.496
2026/04/29 15:45:05,674000,11.493
2026/04/29 15:45:05,675000,11.496
2026/04/29 15:45:05,676000,11.485
2026/04/29 15:45:05,677000,11.496
2026/04/29 15:45:05,678000,11.493
2026/04/29 15:45:05,679000,11.490
2026/04/29 15:45:05,680000,11.485
2026/04/29 15:45:05,681000,11.487
2026/04/29 15:45:05,682000,11.490
2026/04/29 15:45:05,683000,11.487
2026/04/29 15:45:05,684000,11.493
2026/04/29 15:45:05,685000,11.493
2026/04/29 15:45:05,686000,11.493
2026/04/29 15:45:05,687000,11.499
2026/04/29 15:45:05,688000,11.490
2026/04/29 15:45:05,689000,11.490
2026/04/29 15:45:05,690000,11.493
2026/04/29 15:45:05,691000,11.490
2026/04/29 15:45:05,692000,11.493
2026/04/29 15:45:05,693000,11.493
2026/04/29 15:45:05,694000,11.490
2026/04/29 15:45:05,695000,11.490
2026/04/29 15:45:05,696000,11.493
2026/04/29 15:45:05,697000,11.496
2026/04/29 15:45:05,698000,11.490
2026/04/29 15:45:05,699000,11.496
2026/04/29 15:45:05,700000,11.490
2026/04/29 15:45:05,701000,11.496
2026/04/29 15:45:05,702000,11.485
2026/04/29 15:45:05,703000,11.496
2026/04/29 15:45:05,704000,11.487
2026/04/29 15:45:05,705000,11.490
2026/04/29 15:45:05,706000,11.490
2026/04/29 15:45:05,707000,11.490
2026/04/29 15:45:05,708000,11.493
2026/04/29 15:45:05,709000,11.493
2026/04/29 15:45:05,710000,11.490
2026/04/29 15:45:05,711000,11.493
2026/04/29 15:45:05,712000,11.493
2026/04/29 15:45:05,713000,11.493
2026/04/29 15:45:05,714000,11.490
2026/04/29 15:45:05,715000,11.487
2026/04/29 15:45:05,716000,11.493
2026/04/29 15:45:05,717000,11.493
2026/04/29 15:45:05,718000,11.493
2026/04/29 15:45:05,719000,11.490
2026/04/29 15:45:05,720000,11.485
2026/04/29 15:45:05,721000,11.496
2026/04/29 15:45:05,722000,11.493
2026/04/29 15:45:05,723000,11.490
2026/04/29 15:45:05,724000,11.499
2026/04/29 15:45:05,725000,11.490
2026/04/29 15:45:05,726000,11.487
2026/04/29 15:45:05,727000,11.490
2026/04/29 15:45:05,728000,11.493
2026/04/29 15:45:05,729000,11.490
2026/04/29 15:45:05,730000,11.487
2026/04/29 15:45:05,731000,11.490
2026/04/29 15:45:05,732000,11.487
2026/04/29 15:45:05,733000,11.490
2026/04/29 15:45:05,734000,11.493
2026/04/29 15:45:05,735000,11.490
2026/04/29 15:45:05,736000,11.490
2026/04/29 15:45:05,737000,11.493
2026/04/29 15:45:05,738000,11.499
2026/04/29 15:45:05,739000,11.493
2026/04/29 15:45:05,740000,11.493
2026/04/29 15:45:05,741000,11.496
2026/04/29 15:45:05,742000,11.490
2026/04/29 15:45:05,743000,11.496
2026/04/29 15:45:05,744000,11.490
2026/04/29 15:45:05,745000,11.493
2026/04/29 15:45:05,746000,11.487
2026/04/29 15:45:05,747000,11.493
2026/04/29 15:45:05,748000,11.493
2026/04/29 15:45:05,749000,11.490
2026/04/29 15:45:05,750000,11.487
2026/04/29 15:45:05,751000,11.487
2026/04/29 15:45:05,752000,11.487
2026/04/29 15:45:05,753000,11.493
2026/04/29 15:45:05,754000,11.496
2026/04/29 15:45:05,755000,11.493
2026/04/29 15:45:05,756000,11.487
2026/04/29 15:45:05,757000,11.490
2026/04/29 15:45:05,758000,11.490
2026/04/29 15:45:05,759000,11.493
2026/04/29 15:45:05,760000,11.487
2026/04/29 15:45:05,761000,11.490
2026/04/29 15:45:05,762000,11.490
2026/04/29 15:45:05,763000,11.493
2026/04/29 15:45:05,764000,11.490
2026/04/29 15:45:05,765000,11.487
2026/04/29 15:45:05,766000,11.487
2026/04/29 15:45:05,767000,11.493
2026/04/29 15:45:05,768000,11.493
2026/04/29 15:45:05,769000,11.490
2026/04/29 15:45:05,770000,11.493
2026/04/29 15:45:05,771000,11.490
2026/04/29 15:45:05,772000,11.493
2026/04/29 15:45:05,773000,11.493
2026/04/29 15:45:05,774000,11.490
2026/04/29 15:45:05,775000,11.493
2026/04/29 15:45:05,776000,11.490
2026/04/29 15:45:05,777000,11.490
2026/04/29 15:45:05,778000,11.487
2026/04/29 15:45:05,779000,11.493
2026/04/29 15:45:05,780000,11.493
2026/04/29 15:45:05,781000,11.490
2026/04/29 15:45:05,782000,11.493
2026/04/29 15:45:05,783000,11.487
2026/04/29 15:45:05,784000,11.490
2026/04/29 15:45:05,785000,11.487
2026/04/29 15:45:05,786000,11.493
2026/04/29 15:45:05,787000,11.490
2026/04/29 15:45:05,788000,11.496
2026/04/29 15:45:05,789000,11.490
2026/04/29 15:45:05,790000,11.490
2026/04/29 15:45:05,791000,11.487
2026/04/29 15:45:05,792000,11.485
2026/04/29 15:45:05,793000,11.487
2026/04/29 15:45:05,794000,11.487
2026/04/29 15:45:05,795000,11.493
2026/04/29 15:45:05,796000,11.490
2026/04/29 15:45:05,797000,11.493
2026/04/29 15:45:05,798000,11.490
2026/04/29 15:45:05,799000,11.490
2026/04/29 15:45:05,800000,11.487
2026/04/29 15:45:05,801000,11.490
2026/04/29 15:45:05,802000,11.490
2026/04/29 15:45:05,803000,11.485
2026/04/29 15:45:05,804000,11.487
2026/04/29 15:45:05,805000,11.493
2026/04/29 15:45:05,806000,11.485
2026/04/29 15:45:05,807000,11.487
2026/04/29 15:45:05,808000,11.487
2026/04/29 15:45:05,809000,11.487
2026/04/29 15:45:05,810000,11.490
2026/04/29 15:45:05,811000,11.482
2026/04/29 15:45:05,812000,11.490
2026/04/29 15:45:05,813000,11.493
2026/04/29 15:45:05,814000,11.485
2026/04/29 15:45:05,815000,11.490
2026/04/29 15:45:05,816000,11.487
2026/04/29 15:45:05,817000,11.490
2026/04/29 15:45:05,818000,11.490
2026/04/29 15:45:05,819000,11.493
2026/04/29 15:45:05,820000,11.490
2026/04/29 15:45:05,821000,11.490
2026/04/29 15:45:05,822000,11.487
2026/04/29 15:45:05,823000,11.490
2026/04/29 15:45:05,824000,11.490
2026/04/29 15:45:05,825000,11.490
2026/04/29 15:45:05,826000,11.490
2026/04/29 15:45:05,827000,11.490
2026/04/29 15:45:05,828000,11.493
2026/04/29 15:45:05,829000,11.490
2026/04/29 15:45:05,830000,11.496
2026/04/29 15:45:05,831000,11.490
2026/04/29 15:45:05,832000,11.487
2026/04/29 15:45:05,833000,11.493
2026/04/29 15:45:05,834000,11.490
2026/04/29 15:45:05,835000,11.487
2026/04/29 15:45:05,836000,11.493
2026/04/29 15:45:05,837000,11.487
2026/04/29 15:45:05,838000,11.493
2026/04/29 15:45:05,839000,11.493
2026/04/29 15:45:05,840000,11.487
2026/04/29 15:45:05,841000,11.493
2026/04/29 15:45:05,842000,11.490
2026/04/29 15:45:05,843000,11.493
2026/04/29 15:45:05,844000,11.493
2026/04/29 15:45:05,845000,11.493
2026/04/29 15:45:05,846000,11.485
2026/04/29 15:45:05,847000,11.485
2026/04/29 15:45:05,848000,11.493
2026/04/29 15:45:05,849000,11.496
2026/04/29 15:45:05,850000,11.490
2026/04/29 15:45:05,851000,11.493
2026/04/29 15:45:05,852000,11.490
2026/04/29 15:45:05,853000,11.485
2026/04/29 15:45:05,854000,11.493
2026/04/29 15:45:05,855000,11.487
2026/04/29 15:45:05,856000,11.487
2026/04/29 15:45:05,857000,11.493
2026/04/29 15:45:05,858000,11.490
2026/04/29 15:45:05,859000,11.487
2026/04/29 15:45:05,860000,11.490
2026/04/29 15:45:05,861000,11.487
2026/04/29 15:45:05,862000,11.493
2026/04/29 15:45:05,863000,11.496
2026/04/29 15:45:05,864000,11.496
2026/04/29 15:45:05,865000,11.490
2026/04/29 15:45:05,866000,11.493
2026/04/29 15:45:05,867000,11.490
2026/04/29 15:45:05,868000,11.490
2026/04/29 15:45:05,869000,11.487
2026/04/29 15:45:05,870000,11.493
2026/04/29 15:45:05,871000,11.485
2026/04/29 15:45:05,872000,11.493
2026/04/29 15:45:05,873000,11.490
2026/04/29 15:45:05,874000,11.485
2026/04/29 15:45:05,875000,11.490
2026/04/29 15:45:05,876000,11.485
2026/04/29 15:45:05,877000,11.490
2026/04/29 15:45:05,878000,11.493
2026/04/29 15:45:05,879000,11.490
2026/04/29 15:45:05,880000,11.493
2026/04/29 15:45:05,881000,11.490
2026/04/29 15:45:05,882000,11.493
2026/04/29 15:45:05,883000,11.493
2026/04/29 15:45:05,884000,11.493
2026/04/29 15:45:05,885000,11.487
2026/04/29 15:45:05,886000,11.490
2026/04/29 15:45:05,887000,11.493
2026/04/29 15:45:05,888000,11.487
2026/04/29 15:45:05,889000,11.487
2026/04/29 15:45:05,890000,11.493
2026/04/29 15:45:05,891000,11.490
2026/04/29 15:45:05,892000,11.493
2026/04/29 15:45:05,893000,11.493
2026/04/29 15:45:05,894000,11.490
2026/04/29 15:45:05,895000,11.490
2026/04/29 15:45:05,896000,11.490
2026/04/29 15:45:05,897000,11.487
2026/04/29 15:45:05,898000,11.490
2026/04/29 15:45:05,899000,11.493
2026/04/29 15:45:05,900000,11.490
2026/04/29 15:45:05,901000,11.493
2026/04/29 15:45:05,902000,11.493
2026/04/29 15:45:05,903000,11.493
2026/04/29 15:45:05,904000,11.487
2026/04/29 15:45:05,905000,11.493
2026/04/29 15:45:05,906000,11.493
2026/04/29 15:45:05,907000,11.493
2026/04/29 15:45:05,908000,11.487
2026/04/29 15:45:05,909000,11.490
2026/04/29 15:45:05,910000,11.490
2026/04/29 15:45:05,911000,11.496
2026/04/29 15:45:05,912000,11.490
2026/04/29 15:45:05,913000,11.493
2026/04/29 15:45:05,914000,11.496
2026/04/29 15:45:05,915000,11.485
2026/04/29 15:45:05,916000,11.487
2026/04/29 15:45:05,917000,11.485
2026/04/29 15:45:05,918000,11.487
2026/04/29 15:45:05,919000,11.487
2026/04/29 15:45:05,920000,11.496
2026/04/29 15:45:05,921000,11.490
2026/04/29 15:45:05,922000,11.490
2026/04/29 15:45:05,923000,11.490
2026/04/29 15:45:05,924000,11.487
2026/04/29 15:45:05,925000,11.496
2026/04/29 15:45:05,926000,11.496
2026/04/29 15:45:05,927000,11.490
2026/04/29 15:45:05,928000,11.493
2026/04/29 15:45:05,929000,11.490
2026/04/29 15:45:05,930000,11.493
2026/04/29 15:45:05,931000,11.493
2026/04/29 15:45:05,932000,11.490
2026/04/29 15:45:05,933000,11.493
2026/04/29 15:45:05,934000,11.493
2026/04/29 15:45:05,935000,11.493
2026/04/29 15:45:05,936000,11.493
2026/04/29 15:45:05,937000,11.493
2026/04/29 15:45:05,938000,11.493
2026/04/29 15:45:05,939000,11.490
2026/04/29 15:45:05,940000,11.496
2026/04/29 15:45:05,941000,11.493
2026/04/29 15:45:05,942000,11.490
2026/04/29 15:45:05,943000,11.493
2026/04/29 15:45:05,944000,11.487
2026/04/29 15:45:05,945000,11.493
2026/04/29 15:45:05,946000,11.490
2026/04/29 15:45:05,947000,11.493
2026/04/29 15:45:05,948000,11.493
2026/04/29 15:45:05,949000,11.493
2026/04/29 15:45:05,950000,11.493
2026/04/29 15:45:05,951000,11.496
2026/04/29 15:45:05,952000,11.487
2026/04/29 15:45:05,953000,11.493
2026/04/29 15:45:05,954000,11.496
2026/04/29 15:45:05,955000,11.493
2026/04/29 15:45:05,956000,11.496
2026/04/29 15:45:05,957000,11.493
2026/04/29 15:45:05,958000,11.493
2026/04/29 15:45:05,959000,11.493
2026/04/29 15:45:05,960000,11.493
2026/04/29 15:45:05,961000,11.493
2026/04/29 15:45:05,962000,11.487
2026/04/29 15:45:05,963000,11.487
2026/04/29 15:45:05,964000,11.493
2026/04/29 15:45:05,965000,11.487
2026/04/29 15:45:05,966000,11.493
2026/04/29 15:45:05,967000,11.493
2026/04/29 15:45:05,968000,11.496
2026/04/29 15:45:05,969000,11.493
2026/04/29 15:45:05,970000,11.493
2026/04/29 15:45:05,971000,11.493
2026/04/29 15:45:05,972000,11.493
2026/04/29 15:45:05,973000,11.493
2026/04/29 15:45:05,974000,11.493
2026/04/29 15:45:05,975000,11.499
2026/04/29 15:45:05,976000,11.490
2026/04/29 15:45:05,977000,11.496
2026/04/29 15:45:05,978000,11.493
2026/04/29 15:45:05,979000,11.493
2026/04/29 15:45:05,980000,11.490
2026/04/29 15:45:05,981000,11.493
2026/04/29 15:45:05,982000,11.490
2026/04/29 15:45:05,983000,11.493
2026/04/29 15:45:05,984000,11.493
2026/04/29 15:45:05,985000,11.499
2026/04/29 15:45:05,986000,11.490
2026/04/29 15:45:05,987000,11.490
2026/04/29 15:45:05,988000,11.490
2026/04/29 15:45:05,989000,11.493
2026/04/29 15:45:05,990000,11.490
2026/04/29 15:45:05,991000,11.485
2026/04/29 15:45:05,992000,11.496
2026/04/29 15:45:05,993000,11.487
2026/04/29 15:45:05,994000,11.496
2026/04/29 15:45:05,995000,11.487
2026/04/29 15:45:05,996000,11.493
2026/04/29 15:45:05,997000,11.496
2026/04/29 15:45:05,998000,11.493
2026/04/29 15:45:05,999000,11.485
2026/04/29 15:45:06,000000,11.493
2026/04/29 15:45:06,001000,11.493
2026/04/29 15:45:06,002000,11.493
2026/04/29 15:45:06,003000,11.490
2026/04/29 15:45:06,004000,11.499
2026/04/29 15:45:06,005000,11.493
2026/04/29 15:45:06,006000,11.487
2026/04/29 15:45:06,007000,11.496
2026/04/29 15:45:06,008000,11.499
2026/04/29 15:45:06,009000,11.490
2026/04/29 15:45:06,010000,11.490
2026/04/29 15:45:06,011000,11.493
2026/04/29 15:45:06,012000,11.499
2026/04/29 15:45:06,013000,11.485
2026/04/29 15:45:06,014000,11.493
2026/04/29 15:45:06,015000,11.490
2026/04/29 15:45:06,016000,11.493
2026/04/29 15:45:06,017000,11.493
2026/04/29 15:45:06,018000,11.493
2026/04/29 15:45:06,019000,11.496
2026/04/29 15:45:06,020000,11.490
2026/04/29 15:45:06,021000,11.493
2026/04/29 15:45:06,022000,11.490
2026/04/29 15:45:06,023000,11.493
2026/04/29 15:45:06,024000,11.487
2026/04/29 15:45:06,025000,11.493
2026/04/29 15:45:06,026000,11.487
2026/04/29 15:45:06,027000,11.490
2026/04/29 15:45:06,028000,11.493
2026/04/29 15:45:06,029000,11.493
2026/04/29 15:45:06,030000,11.487
2026/04/29 15:45:06,031000,11.493
2026/04/29 15:45:06,032000,11.490
2026/04/29 15:45:06,033000,11.493
2026/04/29 15:45:06,034000,11.490
2026/04/29 15:45:06,035000,11.487
2026/04/29 15:45:06,036000,11.493
2026/04/29 15:45:06,037000,11.490
2026/04/29 15:45:06,038000,11.490
2026/04/29 15:45:06,039000,11.493
2026/04/29 15:45:06,040000,11.499
2026/04/29 15:45:06,041000,11.496
2026/04/29 15:45:06,042000,11.499
2026/04/29 15:45:06,043000,11.493
2026/04/29 15:45:06,044000,11.490
2026/04/29 15:45:06,045000,11.501
2026/04/29 15:45:06,046000,11.487
2026/04/29 15:45:06,047000,11.493
2026/04/29 15:45:06,048000,11.496
2026/04/29 15:45:06,049000,11.493
2026/04/29 15:45:06,050000,11.499
2026/04/29 15:45:06,051000,11.490
2026/04/29 15:45:06,052000,11.493
2026/04/29 15:45:06,053000,11.499
2026/04/29 15:45:06,054000,11.493
2026/04/29 15:45:06,055000,11.496
2026/04/29 15:45:06,056000,11.493
2026/04/29 15:45:06,057000,11.499
2026/04/29 15:45:06,058000,11.490
2026/04/29 15:45:06,059000,11.496
2026/04/29 15:45:06,060000,11.493
2026/04/29 15:45:06,061000,11.487
2026/04/29 15:45:06,062000,11.490
2026/04/29 15:45:06,063000,11.482
2026/04/29 15:45:06,064000,11.496
2026/04/29 15:45:06,065000,11.496
2026/04/29 15:45:06,066000,11.493
2026/04/29 15:45:06,067000,11.490
2026/04/29 15:45:06,068000,11.496
2026/04/29 15:45:06,069000,11.487
2026/04/29 15:45:06,070000,11.499
2026/04/29 15:45:06,071000,11.499
2026/04/29 15:45:06,072000,11.490
2026/04/29 15:45:06,073000,11.493
2026/04/29 15:45:06,074000,11.490
2026/04/29 15:45:06,075000,11.493
2026/04/29 15:45:06,076000,11.490
2026/04/29 15:45:06,077000,11.493
2026/04/29 15:45:06,078000,11.496
2026/04/29 15:45:06,079000,11.493
2026/04/29 15:45:06,080000,11.493
2026/04/29 15:45:06,081000,11.490
2026/04/29 15:45:06,082000,11.487
2026/04/29 15:45:06,083000,11.487
2026/04/29 15:45:06,084000,11.493
2026/04/29 15:45:06,085000,11.493
2026/04/29 15:45:06,086000,11.496
2026/04/29 15:45:06,087000,11.493
2026/04/29 15:45:06,088000,11.496
2026/04/29 15:45:06,089000,11.493
2026/04/29 15:45:06,090000,11.490
2026/04/29 15:45:06,091000,11.490
2026/04/29 15:45:06,092000,11.490
2026/04/29 15:45:06,093000,11.493
2026/04/29 15:45:06,094000,11.496
2026/04/29 15:45:06,095000,11.493
2026/04/29 15:45:06,096000,11.493
2026/04/29 15:45:06,097000,11.493
2026/04/29 15:45:06,098000,11.493
2026/04/29 15:45:06,099000,11.493
2026/04/29 15:45:06,100000,11.499
2026/04/29 15:45:06,101000,11.490
2026/04/29 15:45:06,102000,11.493
2026/04/29 15:45:06,103000,11.493
2026/04/29 15:45:06,104000,11.493
2026/04/29 15:45:06,105000,11.490
2026/04/29 15:45:06,106000,11.493
2026/04/29 15:45:06,107000,11.499
2026/04/29 15:45:06,108000,11.493
2026/04/29 15:45:06,109000,11.496
2026/04/29 15:45:06,110000,11.493
2026/04/29 15:45:06,111000,11.499
2026/04/29 15:45:06,112000,11.490
2026/04/29 15:45:06,113000,11.504
2026/04/29 15:45:06,114000,11.496
2026/04/29 15:45:06,115000,11.496
2026/04/29 15:45:06,116000,11.496
2026/04/29 15:45:06,117000,11.490
2026/04/29 15:45:06,118000,11.493
2026/04/29 15:45:06,119000,11.493
2026/04/29 15:45:06,120000,11.496
2026/04/29 15:45:06,121000,11.499
2026/04/29 15:45:06,122000,11.490
2026/04/29 15:45:06,123000,11.493
2026/04/29 15:45:06,124000,11.487
2026/04/29 15:45:06,125000,11.490
2026/04/29 15:45:06,126000,11.493
2026/04/29 15:45:06,127000,11.496
2026/04/29 15:45:06,128000,11.493
2026/04/29 15:45:06,129000,11.493
2026/04/29 15:45:06,130000,11.493
2026/04/29 15:45:06,131000,11.487
2026/04/29 15:45:06,132000,11.487
2026/04/29 15:45:06,133000,11.487
2026/04/29 15:45:06,134000,11.496
2026/04/29 15:45:06,135000,11.493
2026/04/29 15:45:06,136000,11.499
2026/04/29 15:45:06,137000,11.493
2026/04/29 15:45:06,138000,11.493
2026/04/29 15:45:06,139000,11.490
2026/04/29 15:45:06,140000,11.490
2026/04/29 15:45:06,141000,11.493
2026/04/29 15:45:06,142000,11.493
2026/04/29 15:45:06,143000,11.490
2026/04/29 15:45:06,144000,11.496
2026/04/29 15:45:06,145000,11.501
2026/04/29 15:45:06,146000,11.496
2026/04/29 15:45:06,147000,11.490
2026/04/29 15:45:06,148000,11.496
2026/04/29 15:45:06,149000,11.490
2026/04/29 15:45:06,150000,11.493
2026/04/29 15:45:06,151000,11.496
2026/04/29 15:45:06,152000,11.487
2026/04/29 15:45:06,153000,11.496
2026/04/29 15:45:06,154000,11.485
2026/04/29 15:45:06,155000,11.490
2026/04/29 15:45:06,156000,11.499
2026/04/29 15:45:06,157000,11.493
2026/04/29 15:45:06,158000,11.493
2026/04/29 15:45:06,159000,11.490
2026/04/29 15:45:06,160000,11.487
2026/04/29 15:45:06,161000,11.493
2026/04/29 15:45:06,162000,11.496
2026/04/29 15:45:06,163000,11.490
2026/04/29 15:45:06,164000,11.490
2026/04/29 15:45:06,165000,11.493
2026/04/29 15:45:06,166000,11.493
2026/04/29 15:45:06,167000,11.490
2026/04/29 15:45:06,168000,11.493
2026/04/29 15:45:06,169000,11.490
2026/04/29 15:45:06,170000,11.493
2026/04/29 15:45:06,171000,11.490
2026/04/29 15:45:06,172000,11.493
2026/04/29 15:45:06,173000,11.496
2026/04/29 15:45:06,174000,11.493
2026/04/29 15:45:06,175000,11.490
2026/04/29 15:45:06,176000,11.496
2026/04/29 15:45:06,177000,11.493
2026/04/29 15:45:06,178000,11.490
2026/04/29 15:45:06,179000,11.499
2026/04/29 15:45:06,180000,11.490
2026/04/29 15:45:06,181000,11.487
2026/04/29 15:45:06,182000,11.490
2026/04/29 15:45:06,183000,11.496
2026/04/29 15:45:06,184000,11.490
2026/04/29 15:45:06,185000,11.490
2026/04/29 15:45:06,186000,11.496
2026/04/29 15:45:06,187000,11.487
2026/04/29 15:45:06,188000,11.485
2026/04/29 15:45:06,189000,11.485
2026/04/29 15:45:06,190000,11.493
2026/04/29 15:45:06,191000,11.490
2026/04/29 15:45:06,192000,11.493
2026/04/29 15:45:06,193000,11.493
2026/04/29 15:45:06,194000,11.496
2026/04/29 15:45:06,195000,11.499
2026/04/29 15:45:06,196000,11.493
2026/04/29 15:45:06,197000,11.490
2026/04/29 15:45:06,198000,11.496
2026/04/29 15:45:06,199000,11.493
2026/04/29 15:45:06,200000,11.490
2026/04/29 15:45:06,201000,11.493
2026/04/29 15:45:06,202000,11.490
2026/04/29 15:45:06,203000,11.493
2026/04/29 15:45:06,204000,11.493
2026/04/29 15:45:06,205000,11.493
2026/04/29 15:45:06,206000,11.493
2026/04/29 15:45:06,207000,11.485
2026/04/29 15:45:06,208000,11.490
2026/04/29 15:45:06,209000,11.493
2026/04/29 15:45:06,210000,11.493
2026/04/29 15:45:06,211000,11.496
2026/04/29 15:45:06,212000,11.499
2026/04/29 15:45:06,213000,11.493
2026/04/29 15:45:06,214000,11.493
2026/04/29 15:45:06,215000,11.487
2026/04/29 15:45:06,216000,11.493
2026/04/29 15:45:06,217000,11.493
2026/04/29 15:45:06,218000,11.490
2026/04/29 15:45:06,219000,11.490
2026/04/29 15:45:06,220000,11.493
2026/04/29 15:45:06,221000,11.490
2026/04/29 15:45:06,222000,11.490
2026/04/29 15:45:06,223000,11.493
2026/04/29 15:45:06,224000,11.490
2026/04/29 15:45:06,225000,11.490
2026/04/29 15:45:06,226000,11.490
2026/04/29 15:45:06,227000,11.493
2026/04/29 15:45:06,228000,11.485
2026/04/29 15:45:06,229000,11.493
2026/04/29 15:45:06,230000,11.493
2026/04/29 15:45:06,231000,11.487
2026/04/29 15:45:06,232000,11.482
2026/04/29 15:45:06,233000,11.493
2026/04/29 15:45:06,234000,11.493
2026/04/29 15:45:06,235000,11.493
2026/04/29 15:45:06,236000,11.485
2026/04/29 15:45:06,237000,11.490
2026/04/29 15:45:06,238000,11.487
2026/04/29 15:45:06,239000,11.490
2026/04/29 15:45:06,240000,11.493
2026/04/29 15:45:06,241000,11.493
2026/04/29 15:45:06,242000,11.493
2026/04/29 15:45:06,243000,11.493
2026/04/29 15:45:06,244000,11.490
2026/04/29 15:45:06,245000,11.493
2026/04/29 15:45:06,246000,11.490
2026/04/29 15:45:06,247000,11.490
2026/04/29 15:45:06,248000,11.493
2026/04/29 15:45:06,249000,11.485
2026/04/29 15:45:06,250000,11.499
2026/04/29 15:45:06,251000,11.493
2026/04/29 15:45:06,252000,11.493
2026/04/29 15:45:06,253000,11.490
2026/04/29 15:45:06,254000,11.487
2026/04/29 15:45:06,255000,11.493
2026/04/29 15:45:06,256000,11.487
2026/04/29 15:45:06,257000,11.493
2026/04/29 15:45:06,258000,11.496
2026/04/29 15:45:06,259000,11.493
2026/04/29 15:45:06,260000,11.496
2026/04/29 15:45:06,261000,11.496
2026/04/29 15:45:06,262000,11.487
2026/04/29 15:45:06,263000,11.501
2026/04/29 15:45:06,264000,11.490
2026/04/29 15:45:06,265000,11.490
2026/04/29 15:45:06,266000,11.490
2026/04/29 15:45:06,267000,11.493
2026/04/29 15:45:06,268000,11.490
2026/04/29 15:45:06,269000,11.485
2026/04/29 15:45:06,270000,11.490
2026/04/29 15:45:06,271000,11.499
2026/04/29 15:45:06,272000,11.493
2026/04/29 15:45:06,273000,11.496
2026/04/29 15:45:06,274000,11.490
2026/04/29 15:45:06,275000,11.493
2026/04/29 15:45:06,276000,11.493
2026/04/29 15:45:06,277000,11.499
2026/04/29 15:45:06,278000,11.493
2026/04/29 15:45:06,279000,11.490
2026/04/29 15:45:06,280000,11.487
2026/04/29 15:45:06,281000,11.490
2026/04/29 15:45:06,282000,11.490
2026/04/29 15:45:06,283000,11.490
2026/04/29 15:45:06,284000,11.493
2026/04/29 15:45:06,285000,11.485
2026/04/29 15:45:06,286000,11.490
2026/04/29 15:45:06,287000,11.493
2026/04/29 15:45:06,288000,11.493
2026/04/29 15:45:06,289000,11.487
2026/04/29 15:45:06,290000,11.490
2026/04/29 15:45:06,291000,11.487
2026/04/29 15:45:06,292000,11.490
2026/04/29 15:45:06,293000,11.490
2026/04/29 15:45:06,294000,11.487
2026/04/29 15:45:06,295000,11.493
2026/04/29 15:45:06,296000,11.485
2026/04/29 15:45:06,297000,11.493
2026/04/29 15:45:06,298000,11.493
2026/04/29 15:45:06,299000,11.490
2026/04/29 15:45:06,300000,11.496
2026/04/29 15:45:06,301000,11.493
2026/04/29 15:45:06,302000,11.496
2026/04/29 15:45:06,303000,11.493
2026/04/29 15:45:06,304000,11.496
2026/04/29 15:45:06,305000,11.490
2026/04/29 15:45:06,306000,11.496
2026/04/29 15:45:06,307000,11.490
2026/04/29 15:45:06,308000,11.487
2026/04/29 15:45:06,309000,11.485
2026/04/29 15:45:06,310000,11.490
2026/04/29 15:45:06,311000,11.493
2026/04/29 15:45:06,312000,11.493
2026/04/29 15:45:06,313000,11.493
2026/04/29 15:45:06,314000,11.487
2026/04/29 15:45:06,315000,11.487
2026/04/29 15:45:06,316000,11.490
2026/04/29 15:45:06,317000,11.487
2026/04/29 15:45:06,318000,11.493
2026/04/29 15:45:06,319000,11.499
2026/04/29 15:45:06,320000,11.493
2026/04/29 15:45:06,321000,11.501
2026/04/29 15:45:06,322000,11.490
2026/04/29 15:45:06,323000,11.493
2026/04/29 15:45:06,324000,11.490
2026/04/29 15:45:06,325000,11.490
2026/04/29 15:45:06,326000,11.487
2026/04/29 15:45:06,327000,11.496
2026/04/29 15:45:06,328000,11.493
2026/04/29 15:45:06,329000,11.493
2026/04/29 15:45:06,330000,11.490
2026/04/29 15:45:06,331000,11.493
2026/04/29 15:45:06,332000,11.490
2026/04/29 15:45:06,333000,11.493
2026/04/29 15:45:06,334000,11.490
2026/04/29 15:45:06,335000,11.485
2026/04/29 15:45:06,336000,11.485
2026/04/29 15:45:06,337000,11.490
2026/04/29 15:45:06,338000,11.482
2026/04/29 15:45:06,339000,11.490
2026/04/29 15:45:06,340000,11.493
2026/04/29 15:45:06,341000,11.490
2026/04/29 15:45:06,342000,11.490
2026/04/29 15:45:06,343000,11.493
2026/04/29 15:45:06,344000,11.493
2026/04/29 15:45:06,345000,11.490
2026/04/29 15:45:06,346000,11.493
2026/04/29 15:45:06,347000,11.499
2026/04/29 15:45:06,348000,11.493
2026/04/29 15:45:06,349000,11.496
2026/04/29 15:45:06,350000,11.485
2026/04/29 15:45:06,351000,11.487
2026/04/29 15:45:06,352000,11.487
2026/04/29 15:45:06,353000,11.493
2026/04/29 15:45:06,354000,11.490
2026/04/29 15:45:06,355000,11.485
2026/04/29 15:45:06,356000,11.501
2026/04/29 15:45:06,357000,11.487
2026/04/29 15:45:06,358000,11.490
2026/04/29 15:45:06,359000,11.485
2026/04/29 15:45:06,360000,11.487
2026/04/29 15:45:06,361000,11.493
2026/04/29 15:45:06,362000,11.493
2026/04/29 15:45:06,363000,11.490
2026/04/29 15:45:06,364000,11.493
2026/04/29 15:45:06,365000,11.496
2026/04/29 15:45:06,366000,11.493
2026/04/29 15:45:06,367000,11.493
2026/04/29 15:45:06,368000,11.485
2026/04/29 15:45:06,369000,11.493
2026/04/29 15:45:06,370000,11.490
2026/04/29 15:45:06,371000,11.490
2026/04/29 15:45:06,372000,11.490
2026/04/29 15:45:06,373000,11.493
2026/04/29 15:45:06,374000,11.493
2026/04/29 15:45:06,375000,11.490
2026/04/29 15:45:06,376000,11.490
2026/04/29 15:45:06,377000,11.490
2026/04/29 15:45:06,378000,11.487
2026/04/29 15:45:06,379000,11.493
2026/04/29 15:45:06,380000,11.487
2026/04/29 15:45:06,381000,11.493
2026/04/29 15:45:06,382000,11.490
2026/04/29 15:45:06,383000,11.496
2026/04/29 15:45:06,384000,11.487
2026/04/29 15:45:06,385000,11.487
2026/04/29 15:45:06,386000,11.493
2026/04/29 15:45:06,387000,11.485
2026/04/29 15:45:06,388000,11.499
2026/04/29 15:45:06,389000,11.487
2026/04/29 15:45:06,390000,11.496
2026/04/29 15:45:06,391000,11.490
2026/04/29 15:45:06,392000,11.493
2026/04/29 15:45:06,393000,11.487
2026/04/29 15:45:06,394000,11.493
2026/04/29 15:45:06,395000,11.493
2026/04/29 15:45:06,396000,11.493
2026/04/29 15:45:06,397000,11.493
2026/04/29 15:45:06,398000,11.490
2026/04/29 15:45:06,399000,11.493
2026/04/29 15:45:06,400000,11.490
2026/04/29 15:45:06,401000,11.490
2026/04/29 15:45:06,402000,11.490
2026/04/29 15:45:06,403000,11.496
2026/04/29 15:45:06,404000,11.499
2026/04/29 15:45:06,405000,11.487
2026/04/29 15:45:06,406000,11.493
2026/04/29 15:45:06,407000,11.493
2026/04/29 15:45:06,408000,11.490
2026/04/29 15:45:06,409000,11.493
2026/04/29 15:45:06,410000,11.490
2026/04/29 15:45:06,411000,11.493
2026/04/29 15:45:06,412000,11.493
2026/04/29 15:45:06,413000,11.490
2026/04/29 15:45:06,414000,11.490
2026/04/29 15:45:06,415000,11.493
2026/04/29 15:45:06,416000,11.493
2026/04/29 15:45:06,417000,11.487
2026/04/29 15:45:06,418000,11.496
2026/04/29 15:45:06,419000,11.493
2026/04/29 15:45:06,420000,11.493
2026/04/29 15:45:06,421000,11.490
2026/04/29 15:45:06,422000,11.490
2026/04/29 15:45:06,423000,11.490
2026/04/29 15:45:06,424000,11.493
2026/04/29 15:45:06,425000,11.490
2026/04/29 15:45:06,426000,11.496
2026/04/29 15:45:06,427000,11.490
2026/04/29 15:45:06,428000,11.493
2026/04/29 15:45:06,429000,11.493
2026/04/29 15:45:06,430000,11.490
2026/04/29 15:45:06,431000,11.493
2026/04/29 15:45:06,432000,11.490
2026/04/29 15:45:06,433000,11.493
2026/04/29 15:45:06,434000,11.487
2026/04/29 15:45:06,435000,11.493
2026/04/29 15:45:06,436000,11.496
2026/04/29 15:45:06,437000,11.487
2026/04/29 15:45:06,438000,11.490
2026/04/29 15:45:06,439000,11.493
2026/04/29 15:45:06,440000,11.490
2026/04/29 15:45:06,441000,11.493
2026/04/29 15:45:06,442000,11.490
2026/04/29 15:45:06,443000,11.493
2026/04/29 15:45:06,444000,11.493
2026/04/29 15:45:06,445000,11.490
2026/04/29 15:45:06,446000,11.493
2026/04/29 15:45:06,447000,11.490
2026/04/29 15:45:06,448000,11.490
2026/04/29 15:45:06,449000,11.487
2026/04/29 15:45:06,450000,11.485
2026/04/29 15:45:06,451000,11.493
2026/04/29 15:45:06,452000,11.493
2026/04/29 15:45:06,453000,11.490
2026/04/29 15:45:06,454000,11.490
2026/04/29 15:45:06,455000,11.493
2026/04/29 15:45:06,456000,11.487
2026/04/29 15:45:06,457000,11.493
2026/04/29 15:45:06,458000,11.490
2026/04/29 15:45:06,459000,11.485
2026/04/29 15:45:06,460000,11.490
2026/04/29 15:45:06,461000,11.487
2026/04/29 15:45:06,462000,11.490
2026/04/29 15:45:06,463000,11.490
2026/04/29 15:45:06,464000,11.482
2026/04/29 15:45:06,465000,11.490
2026/04/29 15:45:06,466000,11.490
2026/04/29 15:45:06,467000,11.490
2026/04/29 15:45:06,468000,11.490
2026/04/29 15:45:06,469000,11.485
2026/04/29 15:45:06,470000,11.493
2026/04/29 15:45:06,471000,11.493
2026/04/29 15:45:06,472000,11.493
2026/04/29 15:45:06,473000,11.485
2026/04/29 15:45:06,474000,11.487
2026/04/29 15:45:06,475000,11.496
2026/04/29 15:45:06,476000,11.490
2026/04/29 15:45:06,477000,11.490
2026/04/29 15:45:06,478000,11.493
2026/04/29 15:45:06,479000,11.490
2026/04/29 15:45:06,480000,11.490
2026/04/29 15:45:06,481000,11.496
2026/04/29 15:45:06,482000,11.493
2026/04/29 15:45:06,483000,11.487
2026/04/29 15:45:06,484000,11.490
2026/04/29 15:45:06,485000,11.490
2026/04/29 15:45:06,486000,11.493
2026/04/29 15:45:06,487000,11.493
2026/04/29 15:45:06,488000,11.501
2026/04/29 15:45:06,489000,11.493
2026/04/29 15:45:06,490000,11.493
2026/04/29 15:45:06,491000,11.493
2026/04/29 15:45:06,492000,11.490
2026/04/29 15:45:06,493000,11.496
2026/04/29 15:45:06,494000,11.490
2026/04/29 15:45:06,495000,11.490
2026/04/29 15:45:06,496000,11.490
2026/04/29 15:45:06,497000,11.490
2026/04/29 15:45:06,498000,11.493
2026/04/29 15:45:06,499000,11.493
2026/04/29 15:45:06,500000,11.496
2026/04/29 15:45:06,501000,11.485
2026/04/29 15:45:06,502000,11.490
2026/04/29 15:45:06,503000,11.493
2026/04/29 15:45:06,504000,11.493
2026/04/29 15:45:06,505000,11.490
2026/04/29 15:45:06,506000,11.493
2026/04/29 15:45:06,507000,11.490
2026/04/29 15:45:06,508000,11.493
2026/04/29 15:45:06,509000,11.485
2026/04/29 15:45:06,510000,11.493
2026/04/29 15:45:06,511000,11.490
2026/04/29 15:45:06,512000,11.490
2026/04/29 15:45:06,513000,11.490
2026/04/29 15:45:06,514000,11.490
2026/04/29 15:45:06,515000,11.487
2026/04/29 15:45:06,516000,11.493
2026/04/29 15:45:06,517000,11.487
2026/04/29 15:45:06,518000,11.493
2026/04/29 15:45:06,519000,11.490
2026/04/29 15:45:06,520000,11.493
2026/04/29 15:45:06,521000,11.487
2026/04/29 15:45:06,522000,11.496
2026/04/29 15:45:06,523000,11.496
2026/04/29 15:45:06,524000,11.490
2026/04/29 15:45:06,525000,11.496
2026/04/29 15:45:06,526000,11.487
2026/04/29 15:45:06,527000,11.496
2026/04/29 15:45:06,528000,11.493
2026/04/29 15:45:06,529000,11.482
2026/04/29 15:45:06,530000,11.487
2026/04/29 15:45:06,531000,11.487
2026/04/29 15:45:06,532000,11.490
2026/04/29 15:45:06,533000,11.490
2026/04/29 15:45:06,534000,11.499
2026/04/29 15:45:06,535000,11.493
2026/04/29 15:45:06,536000,11.490
2026/04/29 15:45:06,537000,11.493
2026/04/29 15:45:06,538000,11.490
2026/04/29 15:45:06,539000,11.490
2026/04/29 15:45:06,540000,11.490
2026/04/29 15:45:06,541000,11.499
2026/04/29 15:45:06,542000,11.493
2026/04/29 15:45:06,543000,11.487
2026/04/29 15:45:06,544000,11.493
2026/04/29 15:45:06,545000,11.490
2026/04/29 15:45:06,546000,11.490
2026/04/29 15:45:06,547000,11.490
2026/04/29 15:45:06,548000,11.490
2026/04/29 15:45:06,549000,11.487
2026/04/29 15:45:06,550000,11.490
2026/04/29 15:45:06,551000,11.493
2026/04/29 15:45:06,552000,11.493
2026/04/29 15:45:06,553000,11.487
2026/04/29 15:45:06,554000,11.485
2026/04/29 15:45:06,555000,11.493
2026/04/29 15:45:06,556000,11.493
2026/04/29 15:45:06,557000,11.493
2026/04/29 15:45:06,558000,11.493
2026/04/29 15:45:06,559000,11.490
2026/04/29 15:45:06,560000,11.493
2026/04/29 15:45:06,561000,11.493
2026/04/29 15:45:06,562000,11.493
2026/04/29 15:45:06,563000,11.490
2026/04/29 15:45:06,564000,11.493
2026/04/29 15:45:06,565000,11.496
2026/04/29 15:45:06,566000,11.493
2026/04/29 15:45:06,567000,11.499
2026/04/29 15:45:06,568000,11.490
2026/04/29 15:45:06,569000,11.487
2026/04/29 15:45:06,570000,11.493
2026/04/29 15:45:06,571000,11.493
2026/04/29 15:45:06,572000,11.493
2026/04/29 15:45:06,573000,11.490
2026/04/29 15:45:06,574000,11.490
2026/04/29 15:45:06,575000,11.493
2026/04/29 15:45:06,576000,11.490
2026/04/29 15:45:06,577000,11.487
2026/04/29 15:45:06,578000,11.487
2026/04/29 15:45:06,579000,11.493
2026/04/29 15:45:06,580000,11.493
2026/04/29 15:45:06,581000,11.493
2026/04/29 15:45:06,582000,11.493
2026/04/29 15:45:06,583000,11.496
2026/04/29 15:45:06,584000,11.496
2026/04/29 15:45:06,585000,11.496
2026/04/29 15:45:06,586000,11.490
2026/04/29 15:45:06,587000,11.493
2026/04/29 15:45:06,588000,11.499
2026/04/29 15:45:06,589000,11.493
2026/04/29 15:45:06,590000,11.490
2026/04/29 15:45:06,591000,11.493
2026/04/29 15:45:06,592000,11.487
2026/04/29 15:45:06,593000,11.493
2026/04/29 15:45:06,594000,11.487
2026/04/29 15:45:06,595000,11.493
2026/04/29 15:45:06,596000,11.493
2026/04/29 15:45:06,597000,11.493
2026/04/29 15:45:06,598000,11.496
2026/04/29 15:45:06,599000,11.490
2026/04/29 15:45:06,600000,11.490
2026/04/29 15:45:06,601000,11.490
2026/04/29 15:45:06,602000,11.490
2026/04/29 15:45:06,603000,11.493
2026/04/29 15:45:06,604000,11.485
2026/04/29 15:45:06,605000,11.496
2026/04/29 15:45:06,606000,11.493
2026/04/29 15:45:06,607000,11.485
2026/04/29 15:45:06,608000,11.490
2026/04/29 15:45:06,609000,11.490
2026/04/29 15:45:06,610000,11.493
2026/04/29 15:45:06,611000,11.493
2026/04/29 15:45:06,612000,11.490
2026/04/29 15:45:06,613000,11.496
2026/04/29 15:45:06,614000,11.490
2026/04/29 15:45:06,615000,11.496
2026/04/29 15:45:06,616000,11.487
2026/04/29 15:45:06,617000,11.493
2026/04/29 15:45:06,618000,11.493
2026/04/29 15:45:06,619000,11.490
2026/04/29 15:45:06,620000,11.490
2026/04/29 15:45:06,621000,11.490
2026/04/29 15:45:06,622000,11.490
2026/04/29 15:45:06,623000,11.496
2026/04/29 15:45:06,624000,11.493
2026/04/29 15:45:06,625000,11.496
2026/04/29 15:45:06,626000,11.493
2026/04/29 15:45:06,627000,11.496
2026/04/29 15:45:06,628000,11.496
2026/04/29 15:45:06,629000,11.499
2026/04/29 15:45:06,630000,11.493
2026/04/29 15:45:06,631000,11.493
2026/04/29 15:45:06,632000,11.490
2026/04/29 15:45:06,633000,11.490
2026/04/29 15:45:06,634000,11.493
2026/04/29 15:45:06,635000,11.493
2026/04/29 15:45:06,636000,11.493
2026/04/29 15:45:06,637000,11.487
2026/04/29 15:45:06,638000,11.490
2026/04/29 15:45:06,639000,11.487
2026/04/29 15:45:06,640000,11.490
2026/04/29 15:45:06,641000,11.493
2026/04/29 15:45:06,642000,11.496
2026/04/29 15:45:06,643000,11.487
2026/04/29 15:45:06,644000,11.496
2026/04/29 15:45:06,645000,11.490
2026/04/29 15:45:06,646000,11.499
2026/04/29 15:45:06,647000,11.487
2026/04/29 15:45:06,648000,11.496
2026/04/29 15:45:06,649000,11.493
2026/04/29 15:45:06,650000,11.493
2026/04/29 15:45:06,651000,11.487
2026/04/29 15:45:06,652000,11.490
2026/04/29 15:45:06,653000,11.490
2026/04/29 15:45:06,654000,11.493
2026/04/29 15:45:06,655000,11.490
2026/04/29 15:45:06,656000,11.490
2026/04/29 15:45:06,657000,11.493
2026/04/29 15:45:06,658000,11.493
2026/04/29 15:45:06,659000,11.487
2026/04/29 15:45:06,660000,11.490
2026/04/29 15:45:06,661000,11.490
2026/04/29 15:45:06,662000,11.499
2026/04/29 15:45:06,663000,11.493
2026/04/29 15:45:06,664000,11.487
2026/04/29 15:45:06,665000,11.490
2026/04/29 15:45:06,666000,11.490
2026/04/29 15:45:06,667000,11.490
2026/04/29 15:45:06,668000,11.487
2026/04/29 15:45:06,669000,11.490
2026/04/29 15:45:06,670000,11.496
2026/04/29 15:45:06,671000,11.493
2026/04/29 15:45:06,672000,11.496
2026/04/29 15:45:06,673000,11.490
2026/04/29 15:45:06,674000,11.487
2026/04/29 15:45:06,675000,11.487
2026/04/29 15:45:06,676000,11.487
2026/04/29 15:45:06,677000,11.487
2026/04/29 15:45:06,678000,11.496
2026/04/29 15:45:06,679000,11.490
2026/04/29 15:45:06,680000,11.487
2026/04/29 15:45:06,681000,11.493
2026/04/29 15:45:06,682000,11.499
2026/04/29 15:45:06,683000,11.493
2026/04/29 15:45:06,684000,11.496
2026/04/29 15:45:06,685000,11.493
2026/04/29 15:45:06,686000,11.487
2026/04/29 15:45:06,687000,11.493
2026/04/29 15:45:06,688000,11.490
2026/04/29 15:45:06,689000,11.487
2026/04/29 15:45:06,690000,11.496
2026/04/29 15:45:06,691000,11.493
2026/04/29 15:45:06,692000,11.490
2026/04/29 15:45:06,693000,11.493
2026/04/29 15:45:06,694000,11.487
2026/04/29 15:45:06,695000,11.493
2026/04/29 15:45:06,696000,11.490
2026/04/29 15:45:06,697000,11.493
2026/04/29 15:45:06,698000,11.496
2026/04/29 15:45:06,699000,11.496
2026/04/29 15:45:06,700000,11.487
2026/04/29 15:45:06,701000,11.493
2026/04/29 15:45:06,702000,11.493
2026/04/29 15:45:06,703000,11.490
2026/04/29 15:45:06,704000,11.487
2026/04/29 15:45:06,705000,11.493
2026/04/29 15:45:06,706000,11.493
2026/04/29 15:45:06,707000,11.490
2026/04/29 15:45:06,708000,11.493
2026/04/29 15:45:06,709000,11.501
2026/04/29 15:45:06,710000,11.490
2026/04/29 15:45:06,711000,11.496
2026/04/29 15:45:06,712000,11.490
2026/04/29 15:45:06,713000,11.487
2026/04/29 15:45:06,714000,11.496
2026/04/29 15:45:06,715000,11.487
2026/04/29 15:45:06,716000,11.487
2026/04/29 15:45:06,717000,11.487
2026/04/29 15:45:06,718000,11.493
2026/04/29 15:45:06,719000,11.487
2026/04/29 15:45:06,720000,11.496
2026/04/29 15:45:06,721000,11.485
2026/04/29 15:45:06,722000,11.490
2026/04/29 15:45:06,723000,11.487
2026/04/29 15:45:06,724000,11.496
2026/04/29 15:45:06,725000,11.493
2026/04/29 15:45:06,726000,11.493
2026/04/29 15:45:06,727000,11.493
2026/04/29 15:45:06,728000,11.490
2026/04/29 15:45:06,729000,11.490
2026/04/29 15:45:06,730000,11.487
2026/04/29 15:45:06,731000,11.490
2026/04/29 15:45:06,732000,11.496
2026/04/29 15:45:06,733000,11.490
2026/04/29 15:45:06,734000,11.499
2026/04/29 15:45:06,735000,11.490
2026/04/29 15:45:06,736000,11.496
2026/04/29 15:45:06,737000,11.487
2026/04/29 15:45:06,738000,11.487
2026/04/29 15:45:06,739000,11.490
2026/04/29 15:45:06,740000,11.493
2026/04/29 15:45:06,741000,11.496
2026/04/29 15:45:06,742000,11.493
2026/04/29 15:45:06,743000,11.490
2026/04/29 15:45:06,744000,11.490
2026/04/29 15:45:06,745000,11.496
2026/04/29 15:45:06,746000,11.490
2026/04/29 15:45:06,747000,11.490
2026/04/29 15:45:06,748000,11.490
2026/04/29 15:45:06,749000,11.487
2026/04/29 15:45:06,750000,11.490
2026/04/29 15:45:06,751000,11.496
2026/04/29 15:45:06,752000,11.490
2026/04/29 15:45:06,753000,11.496
2026/04/29 15:45:06,754000,11.487
2026/04/29 15:45:06,755000,11.487
2026/04/29 15:45:06,756000,11.482
2026/04/29 15:45:06,757000,11.490
2026/04/29 15:45:06,758000,11.485
2026/04/29 15:45:06,759000,11.493
2026/04/29 15:45:06,760000,11.490
2026/04/29 15:45:06,761000,11.487
2026/04/29 15:45:06,762000,11.490
2026/04/29 15:45:06,763000,11.487
2026/04/29 15:45:06,764000,11.493
2026/04/29 15:45:06,765000,11.490
2026/04/29 15:45:06,766000,11.487
2026/04/29 15:45:06,767000,11.493
2026/04/29 15:45:06,768000,11.487
2026/04/29 15:45:06,769000,11.496
2026/04/29 15:45:06,770000,11.487
2026/04/29 15:45:06,771000,11.493
2026/04/29 15:45:06,772000,11.487
2026/04/29 15:45:06,773000,11.493
2026/04/29 15:45:06,774000,11.493
2026/04/29 15:45:06,775000,11.490
2026/04/29 15:45:06,776000,11.490
2026/04/29 15:45:06,777000,11.490
2026/04/29 15:45:06,778000,11.487
2026/04/29 15:45:06,779000,11.490
2026/04/29 15:45:06,780000,11.493
2026/04/29 15:45:06,781000,11.487
2026/04/29 15:45:06,782000,11.490
2026/04/29 15:45:06,783000,11.493
2026/04/29 15:45:06,784000,11.487
2026/04/29 15:45:06,785000,11.490
2026/04/29 15:45:06,786000,11.487
2026/04/29 15:45:06,787000,11.496
2026/04/29 15:45:06,788000,11.490
2026/04/29 15:45:06,789000,11.496
2026/04/29 15:45:06,790000,11.490
2026/04/29 15:45:06,791000,11.490
2026/04/29 15:45:06,792000,11.493
2026/04/29 15:45:06,793000,11.493
2026/04/29 15:45:06,794000,11.496
2026/04/29 15:45:06,795000,11.490
2026/04/29 15:45:06,796000,11.487
2026/04/29 15:45:06,797000,11.493
2026/04/29 15:45:06,798000,11.485
2026/04/29 15:45:06,799000,11.487
2026/04/29 15:45:06,800000,11.490
2026/04/29 15:45:06,801000,11.490
2026/04/29 15:45:06,802000,11.490
2026/04/29 15:45:06,803000,11.482
2026/04/29 15:45:06,804000,11.490
2026/04/29 15:45:06,805000,11.493
2026/04/29 15:45:06,806000,11.490
2026/04/29 15:45:06,807000,11.493
2026/04/29 15:45:06,808000,11.490
2026/04/29 15:45:06,809000,11.490
2026/04/29 15:45:06,810000,11.493
2026/04/29 15:45:06,811000,11.493
2026/04/29 15:45:06,812000,11.490
2026/04/29 15:45:06,813000,11.490
2026/04/29 15:45:06,814000,11.499
2026/04/29 15:45:06,815000,11.493
2026/04/29 15:45:06,816000,11.487
2026/04/29 15:45:06,817000,11.493
2026/04/29 15:45:06,818000,11.487
2026/04/29 15:45:06,819000,11.499
2026/04/29 15:45:06,820000,11.493
2026/04/29 15:45:06,821000,11.501
2026/04/29 15:45:06,822000,11.487
2026/04/29 15:45:06,823000,11.493
2026/04/29 15:45:06,824000,11.490
2026/04/29 15:45:06,825000,11.490
2026/04/29 15:45:06,826000,11.487
2026/04/29 15:45:06,827000,11.490
2026/04/29 15:45:06,828000,11.490
2026/04/29 15:45:06,829000,11.493
2026/04/29 15:45:06,830000,11.493
2026/04/29 15:45:06,831000,11.493
2026/04/29 15:45:06,832000,11.487
2026/04/29 15:45:06,833000,11.487
2026/04/29 15:45:06,834000,11.490
2026/04/29 15:45:06,835000,11.493
2026/04/29 15:45:06,836000,11.496
2026/04/29 15:45:06,837000,11.490
2026/04/29 15:45:06,838000,11.499
2026/04/29 15:45:06,839000,11.493
2026/04/29 15:45:06,840000,11.490
2026/04/29 15:45:06,841000,11.493
2026/04/29 15:45:06,842000,11.485
2026/04/29 15:45:06,843000,11.496
2026/04/29 15:45:06,844000,11.493
2026/04/29 15:45:06,845000,11.487
2026/04/29 15:45:06,846000,11.485
2026/04/29 15:45:06,847000,11.490
2026/04/29 15:45:06,848000,11.493
2026/04/29 15:45:06,849000,11.490
2026/04/29 15:45:06,850000,11.487
2026/04/29 15:45:06,851000,11.490
2026/04/29 15:45:06,852000,11.490
2026/04/29 15:45:06,853000,11.499
2026/04/29 15:45:06,854000,11.493
2026/04/29 15:45:06,855000,11.496
2026/04/29 15:45:06,856000,11.490
2026/04/29 15:45:06,857000,11.490
2026/04/29 15:45:06,858000,11.493
2026/04/29 15:45:06,859000,11.493
2026/04/29 15:45:06,860000,11.487
2026/04/29 15:45:06,861000,11.490
2026/04/29 15:45:06,862000,11.496
2026/04/29 15:45:06,863000,11.493
2026/04/29 15:45:06,864000,11.496
2026/04/29 15:45:06,865000,11.485
2026/04/29 15:45:06,866000,11.490
2026/04/29 15:45:06,867000,11.490
2026/04/29 15:45:06,868000,11.487
2026/04/29 15:45:06,869000,11.485
2026/04/29 15:45:06,870000,11.490
2026/04/29 15:45:06,871000,11.487
2026/04/29 15:45:06,872000,11.493
2026/04/29 15:45:06,873000,11.487
2026/04/29 15:45:06,874000,11.493
2026/04/29 15:45:06,875000,11.490
2026/04/29 15:45:06,876000,11.485
2026/04/29 15:45:06,877000,11.493
2026/04/29 15:45:06,878000,11.487
2026/04/29 15:45:06,879000,11.499
2026/04/29 15:45:06,880000,11.493
2026/04/29 15:45:06,881000,11.490
2026/04/29 15:45:06,882000,11.490
2026/04/29 15:45:06,883000,11.490
2026/04/29 15:45:06,884000,11.487
2026/04/29 15:45:06,885000,11.487
2026/04/29 15:45:06,886000,11.490
2026/04/29 15:45:06,887000,11.493
2026/04/29 15:45:06,888000,11.496
2026/04/29 15:45:06,889000,11.482
2026/04/29 15:45:06,890000,11.490
2026/04/29 15:45:06,891000,11.493
2026/04/29 15:45:06,892000,11.487
2026/04/29 15:45:06,893000,11.490
2026/04/29 15:45:06,894000,11.490
2026/04/29 15:45:06,895000,11.493
2026/04/29 15:45:06,896000,11.479
2026/04/29 15:45:06,897000,11.490
2026/04/29 15:45:06,898000,11.490
2026/04/29 15:45:06,899000,11.493
2026/04/29 15:45:06,900000,11.493
2026/04/29 15:45:06,901000,11.493
2026/04/29 15:45:06,902000,11.493
2026/04/29 15:45:06,903000,11.490
2026/04/29 15:45:06,904000,11.487
2026/04/29 15:45:06,905000,11.496
2026/04/29 15:45:06,906000,11.493
2026/04/29 15:45:06,907000,11.490
2026/04/29 15:45:06,908000,11.490
2026/04/29 15:45:06,909000,11.493
2026/04/29 15:45:06,910000,11.487
2026/04/29 15:45:06,911000,11.493
2026/04/29 15:45:06,912000,11.487
2026/04/29 15:45:06,913000,11.490
2026/04/29 15:45:06,914000,11.490
2026/04/29 15:45:06,915000,11.490
2026/04/29 15:45:06,916000,11.490
2026/04/29 15:45:06,917000,11.490
2026/04/29 15:45:06,918000,11.493
2026/04/29 15:45:06,919000,11.490
2026/04/29 15:45:06,920000,11.493
2026/04/29 15:45:06,921000,11.493
2026/04/29 15:45:06,922000,11.493
2026/04/29 15:45:06,923000,11.490
2026/04/29 15:45:06,924000,11.493
2026/04/29 15:45:06,925000,11.487
2026/04/29 15:45:06,926000,11.493
2026/04/29 15:45:06,927000,11.490
2026/04/29 15:45:06,928000,11.490
2026/04/29 15:45:06,929000,11.487
2026/04/29 15:45:06,930000,11.501
2026/04/29 15:45:06,931000,11.490
2026/04/29 15:45:06,932000,11.490
2026/04/29 15:45:06,933000,11.499
2026/04/29 15:45:06,934000,11.493
2026/04/29 15:45:06,935000,11.490
2026/04/29 15:45:06,936000,11.496
2026/04/29 15:45:06,937000,11.490
2026/04/29 15:45:06,938000,11.485
2026/04/29 15:45:06,939000,11.490
2026/04/29 15:45:06,940000,11.496
2026/04/29 15:45:06,941000,11.493
2026/04/29 15:45:06,942000,11.496
2026/04/29 15:45:06,943000,11.490
2026/04/29 15:45:06,944000,11.493
2026/04/29 15:45:06,945000,11.493
2026/04/29 15:45:06,946000,11.493
2026/04/29 15:45:06,947000,11.493
2026/04/29 15:45:06,948000,11.499
2026/04/29 15:45:06,949000,11.487
2026/04/29 15:45:06,950000,11.493
2026/04/29 15:45:06,951000,11.487
2026/04/29 15:45:06,952000,11.487
2026/04/29 15:45:06,953000,11.485
2026/04/29 15:45:06,954000,11.490
2026/04/29 15:45:06,955000,11.499
2026/04/29 15:45:06,956000,11.490
2026/04/29 15:45:06,957000,11.490
2026/04/29 15:45:06,958000,11.490
2026/04/29 15:45:06,959000,11.490
2026/04/29 15:45:06,960000,11.493
2026/04/29 15:45:06,961000,11.490
2026/04/29 15:45:06,962000,11.493
2026/04/29 15:45:06,963000,11.493
2026/04/29 15:45:06,964000,11.485
2026/04/29 15:45:06,965000,11.490
2026/04/29 15:45:06,966000,11.499
2026/04/29 15:45:06,967000,11.493
2026/04/29 15:45:06,968000,11.496
2026/04/29 15:45:06,969000,11.493
2026/04/29 15:45:06,970000,11.487
2026/04/29 15:45:06,971000,11.493
2026/04/29 15:45:06,972000,11.493
2026/04/29 15:45:06,973000,11.490
2026/04/29 15:45:06,974000,11.490
2026/04/29 15:45:06,975000,11.493
2026/04/29 15:45:06,976000,11.487
2026/04/29 15:45:06,977000,11.490
2026/04/29 15:45:06,978000,11.493
2026/04/29 15:45:06,979000,11.493
2026/04/29 15:45:06,980000,11.487
2026/04/29 15:45:06,981000,11.493
2026/04/29 15:45:06,982000,11.493
2026/04/29 15:45:06,983000,11.493
2026/04/29 15:45:06,984000,11.487
2026/04/29 15:45:06,985000,11.487
2026/04/29 15:45:06,986000,11.490
2026/04/29 15:45:06,987000,11.496
2026/04/29 15:45:06,988000,11.490
2026/04/29 15:45:06,989000,11.487
2026/04/29 15:45:06,990000,11.490
2026/04/29 15:45:06,991000,11.493
2026/04/29 15:45:06,992000,11.496
2026/04/29 15:45:06,993000,11.490
2026/04/29 15:45:06,994000,11.493
2026/04/29 15:45:06,995000,11.490
2026/04/29 15:45:06,996000,11.496
2026/04/29 15:45:06,997000,11.493
2026/04/29 15:45:06,998000,11.493
2026/04/29 15:45:06,999000,11.493
2026/04/29 15:45:07,000000,11.493
2026/04/29 15:45:07,001000,11.493
2026/04/29 15:45:07,002000,11.490
2026/04/29 15:45:07,003000,11.496
2026/04/29 15:45:07,004000,11.493
2026/04/29 15:45:07,005000,11.490
2026/04/29 15:45:07,006000,11.487
2026/04/29 15:45:07,007000,11.493
2026/04/29 15:45:07,008000,11.490
2026/04/29 15:45:07,009000,11.490
2026/04/29 15:45:07,010000,11.493
2026/04/29 15:45:07,011000,11.493
2026/04/29 15:45:07,012000,11.487
2026/04/29 15:45:07,013000,11.496
2026/04/29 15:45:07,014000,11.485
2026/04/29 15:45:07,015000,11.499
2026/04/29 15:45:07,016000,11.487
2026/04/29 15:45:07,017000,11.496
2026/04/29 15:45:07,018000,11.490
2026/04/29 15:45:07,019000,11.496
2026/04/29 15:45:07,020000,11.501
2026/04/29 15:45:07,021000,11.496
2026/04/29 15:45:07,022000,11.490
2026/04/29 15:45:07,023000,11.496
2026/04/29 15:45:07,024000,11.487
2026/04/29 15:45:07,025000,11.496
2026/04/29 15:45:07,026000,11.490
2026/04/29 15:45:07,027000,11.493
2026/04/29 15:45:07,028000,11.493
2026/04/29 15:45:07,029000,11.493
2026/04/29 15:45:07,030000,11.493
2026/04/29 15:45:07,031000,11.493
2026/04/29 15:45:07,032000,11.490
2026/04/29 15:45:07,033000,11.490
2026/04/29 15:45:07,034000,11.493
2026/04/29 15:45:07,035000,11.493
2026/04/29 15:45:07,036000,11.490
2026/04/29 15:45:07,037000,11.490
2026/04/29 15:45:07,038000,11.490
2026/04/29 15:45:07,039000,11.499
2026/04/29 15:45:07,040000,11.493
2026/04/29 15:45:07,041000,11.496
2026/04/29 15:45:07,042000,11.493
2026/04/29 15:45:07,043000,11.493
2026/04/29 15:45:07,044000,11.490
2026/04/29 15:45:07,045000,11.496
2026/04/29 15:45:07,046000,11.490
2026/04/29 15:45:07,047000,11.496
2026/04/29 15:45:07,048000,11.493
2026/04/29 15:45:07,049000,11.485
2026/04/29 15:45:07,050000,11.487
2026/04/29 15:45:07,051000,11.496
2026/04/29 15:45:07,052000,11.493
2026/04/29 15:45:07,053000,11.493
2026/04/29 15:45:07,054000,11.490
2026/04/29 15:45:07,055000,11.485
2026/04/29 15:45:07,056000,11.501
2026/04/29 15:45:07,057000,11.496
2026/04/29 15:45:07,058000,11.490
2026/04/29 15:45:07,059000,11.493
2026/04/29 15:45:07,060000,11.490
2026/04/29 15:45:07,061000,11.493
2026/04/29 15:45:07,062000,11.490
2026/04/29 15:45:07,063000,11.493
2026/04/29 15:45:07,064000,11.487
2026/04/29 15:45:07,065000,11.493
2026/04/29 15:45:07,066000,11.496
2026/04/29 15:45:07,067000,11.496
2026/04/29 15:45:07,068000,11.493
2026/04/29 15:45:07,069000,11.493
2026/04/29 15:45:07,070000,11.496
2026/04/29 15:45:07,071000,11.490
2026/04/29 15:45:07,072000,11.490
2026/04/29 15:45:07,073000,11.493
2026/04/29 15:45:07,074000,11.493
2026/04/29 15:45:07,075000,11.496
2026/04/29 15:45:07,076000,11.493
2026/04/29 15:45:07,077000,11.490
2026/04/29 15:45:07,078000,11.496
2026/04/29 15:45:07,079000,11.493
2026/04/29 15:45:07,080000,11.493
2026/04/29 15:45:07,081000,11.496
2026/04/29 15:45:07,082000,11.490
2026/04/29 15:45:07,083000,11.493
2026/04/29 15:45:07,084000,11.493
2026/04/29 15:45:07,085000,11.493
2026/04/29 15:45:07,086000,11.487
2026/04/29 15:45:07,087000,11.493
2026/04/29 15:45:07,088000,11.490
2026/04/29 15:45:07,089000,11.493
2026/04/29 15:45:07,090000,11.490
2026/04/29 15:45:07,091000,11.493
2026/04/29 15:45:07,092000,11.490
2026/04/29 15:45:07,093000,11.493
2026/04/29 15:45:07,094000,11.493
2026/04/29 15:45:07,095000,11.490
2026/04/29 15:45:07,096000,11.499
2026/04/29 15:45:07,097000,11.490
2026/04/29 15:45:07,098000,11.499
2026/04/29 15:45:07,099000,11.493
2026/04/29 15:45:07,100000,11.487
2026/04/29 15:45:07,101000,11.493
2026/04/29 15:45:07,102000,11.496
2026/04/29 15:45:07,103000,11.496
2026/04/29 15:45:07,104000,11.496
2026/04/29 15:45:07,105000,11.487
2026/04/29 15:45:07,106000,11.487
2026/04/29 15:45:07,107000,11.493
2026/04/29 15:45:07,108000,11.493
2026/04/29 15:45:07,109000,11.496
2026/04/29 15:45:07,110000,11.496
2026/04/29 15:45:07,111000,11.493
2026/04/29 15:45:07,112000,11.493
2026/04/29 15:45:07,113000,11.499
2026/04/29 15:45:07,114000,11.501
2026/04/29 15:45:07,115000,11.490
2026/04/29 15:45:07,116000,11.490
2026/04/29 15:45:07,117000,11.490
2026/04/29 15:45:07,118000,11.493
2026/04/29 15:45:07,119000,11.493
2026/04/29 15:45:07,120000,11.490
2026/04/29 15:45:07,121000,11.499
2026/04/29 15:45:07,122000,11.496
2026/04/29 15:45:07,123000,11.490
2026/04/29 15:45:07,124000,11.501
2026/04/29 15:45:07,125000,11.490
2026/04/29 15:45:07,126000,11.493
2026/04/29 15:45:07,127000,11.493
2026/04/29 15:45:07,128000,11.493
2026/04/29 15:45:07,129000,11.493
2026/04/29 15:45:07,130000,11.496
2026/04/29 15:45:07,131000,11.499
2026/04/29 15:45:07,132000,11.493
2026/04/29 15:45:07,133000,11.496
2026/04/29 15:45:07,134000,11.501
2026/04/29 15:45:07,135000,11.493
2026/04/29 15:45:07,136000,11.499
2026/04/29 15:45:07,137000,11.493
2026/04/29 15:45:07,138000,11.493
2026/04/29 15:45:07,139000,11.496
2026/04/29 15:45:07,140000,11.499
2026/04/29 15:45:07,141000,11.501
2026/04/29 15:45:07,142000,11.493
2026/04/29 15:45:07,143000,11.493
2026/04/29 15:45:07,144000,11.493
2026/04/29 15:45:07,145000,11.487
2026/04/29 15:45:07,146000,11.487
2026/04/29 15:45:07,147000,11.487
2026/04/29 15:45:07,148000,11.493
2026/04/29 15:45:07,149000,11.493
2026/04/29 15:45:07,150000,11.490
2026/04/29 15:45:07,151000,11.493
2026/04/29 15:45:07,152000,11.490
2026/04/29 15:45:07,153000,11.487
2026/04/29 15:45:07,154000,11.490
2026/04/29 15:45:07,155000,11.490
2026/04/29 15:45:07,156000,11.493
2026/04/29 15:45:07,157000,11.493
2026/04/29 15:45:07,158000,11.487
2026/04/29 15:45:07,159000,11.493
2026/04/29 15:45:07,160000,11.496
2026/04/29 15:45:07,161000,11.493
2026/04/29 15:45:07,162000,11.499
2026/04/29 15:45:07,163000,11.490
2026/04/29 15:45:07,164000,11.490
2026/04/29 15:45:07,165000,11.490
2026/04/29 15:45:07,166000,11.490
2026/04/29 15:45:07,167000,11.493
2026/04/29 15:45:07,168000,11.493
2026/04/29 15:45:07,169000,11.499
2026/04/29 15:45:07,170000,11.487
2026/04/29 15:45:07,171000,11.490
2026/04/29 15:45:07,172000,11.496
2026/04/29 15:45:07,173000,11.496
2026/04/29 15:45:07,174000,11.493
2026/04/29 15:45:07,175000,11.493
2026/04/29 15:45:07,176000,11.496
2026/04/29 15:45:07,177000,11.493
2026/04/29 15:45:07,178000,11.496
2026/04/29 15:45:07,179000,11.493
2026/04/29 15:45:07,180000,11.493
2026/04/29 15:45:07,181000,11.493
2026/04/29 15:45:07,182000,11.490
2026/04/29 15:45:07,183000,11.490
2026/04/29 15:45:07,184000,11.493
2026/04/29 15:45:07,185000,11.493
2026/04/29 15:45:07,186000,11.493
2026/04/29 15:45:07,187000,11.493
2026/04/29 15:45:07,188000,11.493
2026/04/29 15:45:07,189000,11.490
2026/04/29 15:45:07,190000,11.493
2026/04/29 15:45:07,191000,11.493
2026/04/29 15:45:07,192000,11.496
2026/04/29 15:45:07,193000,11.496
2026/04/29 15:45:07,194000,11.493
2026/04/29 15:45:07,195000,11.493
2026/04/29 15:45:07,196000,11.490
2026/04/29 15:45:07,197000,11.493
2026/04/29 15:45:07,198000,11.499
2026/04/29 15:45:07,199000,11.493
2026/04/29 15:45:07,200000,11.493
2026/04/29 15:45:07,201000,11.490
2026/04/29 15:45:07,202000,11.496
2026/04/29 15:45:07,203000,11.490
2026/04/29 15:45:07,204000,11.493
2026/04/29 15:45:07,205000,11.493
2026/04/29 15:45:07,206000,11.493
2026/04/29 15:45:07,207000,11.490
2026/04/29 15:45:07,208000,11.496
2026/04/29 15:45:07,209000,11.493
2026/04/29 15:45:07,210000,11.493
2026/04/29 15:45:07,211000,11.490
2026/04/29 15:45:07,212000,11.499
2026/04/29 15:45:07,213000,11.493
2026/04/29 15:45:07,214000,11.490
2026/04/29 15:45:07,215000,11.487
2026/04/29 15:45:07,216000,11.493
2026/04/29 15:45:07,217000,11.499
2026/04/29 15:45:07,218000,11.493
2026/04/29 15:45:07,219000,11.510
2026/04/29 15:45:07,220000,11.493
2026/04/29 15:45:07,221000,11.496
2026/04/29 15:45:07,222000,11.487
2026/04/29 15:45:07,223000,11.493
2026/04/29 15:45:07,224000,11.496
2026/04/29 15:45:07,225000,11.490
2026/04/29 15:45:07,226000,11.496
2026/04/29 15:45:07,227000,11.490
2026/04/29 15:45:07,228000,11.493
2026/04/29 15:45:07,229000,11.490
2026/04/29 15:45:07,230000,11.499
2026/04/29 15:45:07,231000,11.493
2026/04/29 15:45:07,232000,11.493
2026/04/29 15:45:07,233000,11.499
2026/04/29 15:45:07,234000,11.496
2026/04/29 15:45:07,235000,11.499
2026/04/29 15:45:07,236000,11.487
2026/04/29 15:45:07,237000,11.496
2026/04/29 15:45:07,238000,11.487
2026/04/29 15:45:07,239000,11.493
2026/04/29 15:45:07,240000,11.496
2026/04/29 15:45:07,241000,11.487
2026/04/29 15:45:07,242000,11.482
2026/04/29 15:45:07,243000,11.493
2026/04/29 15:45:07,244000,11.493
2026/04/29 15:45:07,245000,11.490
2026/04/29 15:45:07,246000,11.490
2026/04/29 15:45:07,247000,11.499
2026/04/29 15:45:07,248000,11.496
2026/04/29 15:45:07,249000,11.490
2026/04/29 15:45:07,250000,11.496
2026/04/29 15:45:07,251000,11.496
2026/04/29 15:45:07,252000,11.490
2026/04/29 15:45:07,253000,11.496
2026/04/29 15:45:07,254000,11.490
2026/04/29 15:45:07,255000,11.493
2026/04/29 15:45:07,256000,11.496
2026/04/29 15:45:07,257000,11.490
2026/04/29 15:45:07,258000,11.496
2026/04/29 15:45:07,259000,11.493
2026/04/29 15:45:07,260000,11.493
2026/04/29 15:45:07,261000,11.496
2026/04/29 15:45:07,262000,11.493
2026/04/29 15:45:07,263000,11.490
2026/04/29 15:45:07,264000,11.490
2026/04/29 15:45:07,265000,11.493
2026/04/29 15:45:07,266000,11.487
2026/04/29 15:45:07,267000,11.490
2026/04/29 15:45:07,268000,11.490
2026/04/29 15:45:07,269000,11.485
2026/04/29 15:45:07,270000,11.487
2026/04/29 15:45:07,271000,11.485
2026/04/29 15:45:07,272000,11.485
2026/04/29 15:45:07,273000,11.487
2026/04/29 15:45:07,274000,11.493
2026/04/29 15:45:07,275000,11.493
2026/04/29 15:45:07,276000,11.493
2026/04/29 15:45:07,277000,11.493
2026/04/29 15:45:07,278000,11.490
2026/04/29 15:45:07,279000,11.499
2026/04/29 15:45:07,280000,11.496
2026/04/29 15:45:07,281000,11.487
2026/04/29 15:45:07,282000,11.493
2026/04/29 15:45:07,283000,11.493
2026/04/29 15:45:07,284000,11.490
2026/04/29 15:45:07,285000,11.490
2026/04/29 15:45:07,286000,11.490
2026/04/29 15:45:07,287000,11.490
2026/04/29 15:45:07,288000,11.490
2026/04/29 15:45:07,289000,11.493
2026/04/29 15:45:07,290000,11.493
2026/04/29 15:45:07,291000,11.487
2026/04/29 15:45:07,292000,11.490
2026/04/29 15:45:07,293000,11.487
2026/04/29 15:45:07,294000,11.493
2026/04/29 15:45:07,295000,11.490
2026/04/29 15:45:07,296000,11.496
2026/04/29 15:45:07,297000,11.496
2026/04/29 15:45:07,298000,11.493
2026/04/29 15:45:07,299000,11.487
2026/04/29 15:45:07,300000,11.493
2026/04/29 15:45:07,301000,11.493
2026/04/29 15:45:07,302000,11.493
2026/04/29 15:45:07,303000,11.493
2026/04/29 15:45:07,304000,11.490
2026/04/29 15:45:07,305000,11.493
2026/04/29 15:45:07,306000,11.493
2026/04/29 15:45:07,307000,11.490
2026/04/29 15:45:07,308000,11.487
2026/04/29 15:45:07,309000,11.493
2026/04/29 15:45:07,310000,11.487
2026/04/29 15:45:07,311000,11.490
2026/04/29 15:45:07,312000,11.490
2026/04/29 15:45:07,313000,11.490
2026/04/29 15:45:07,314000,11.490
2026/04/29 15:45:07,315000,11.487
2026/04/29 15:45:07,316000,11.487
2026/04/29 15:45:07,317000,11.482
2026/04/29 15:45:07,318000,11.499
2026/04/29 15:45:07,319000,11.490
2026/04/29 15:45:07,320000,11.487
2026/04/29 15:45:07,321000,11.487
2026/04/29 15:45:07,322000,11.490
2026/04/29 15:45:07,323000,11.485
2026/04/29 15:45:07,324000,11.493
2026/04/29 15:45:07,325000,11.496
2026/04/29 15:45:07,326000,11.493
2026/04/29 15:45:07,327000,11.485
2026/04/29 15:45:07,328000,11.496
2026/04/29 15:45:07,329000,11.493
2026/04/29 15:45:07,330000,11.487
2026/04/29 15:45:07,331000,11.490
2026/04/29 15:45:07,332000,11.487
2026/04/29 15:45:07,333000,11.482
2026/04/29 15:45:07,334000,11.493
2026/04/29 15:45:07,335000,11.487
2026/04/29 15:45:07,336000,11.487
2026/04/29 15:45:07,337000,11.490
2026/04/29 15:45:07,338000,11.493
2026/04/29 15:45:07,339000,11.490
2026/04/29 15:45:07,340000,11.487
2026/04/29 15:45:07,341000,11.487
2026/04/29 15:45:07,342000,11.493
2026/04/29 15:45:07,343000,11.490
2026/04/29 15:45:07,344000,11.487
2026/04/29 15:45:07,345000,11.496
2026/04/29 15:45:07,346000,11.490
2026/04/29 15:45:07,347000,11.493
2026/04/29 15:45:07,348000,11.490
2026/04/29 15:45:07,349000,11.493
2026/04/29 15:45:07,350000,11.493
2026/04/29 15:45:07,351000,11.493
2026/04/29 15:45:07,352000,11.493
2026/04/29 15:45:07,353000,11.490
2026/04/29 15:45:07,354000,11.487
2026/04/29 15:45:07,355000,11.490
2026/04/29 15:45:07,356000,11.490
2026/04/29 15:45:07,357000,11.487
2026/04/29 15:45:07,358000,11.490
2026/04/29 15:45:07,359000,11.490
2026/04/29 15:45:07,360000,11.493
2026/04/29 15:45:07,361000,11.490
2026/04/29 15:45:07,362000,11.493
2026/04/29 15:45:07,363000,11.493
2026/04/29 15:45:07,364000,11.487
2026/04/29 15:45:07,365000,11.490
2026/04/29 15:45:07,366000,11.493
2026/04/29 15:45:07,367000,11.487
2026/04/29 15:45:07,368000,11.490
2026/04/29 15:45:07,369000,11.487
2026/04/29 15:45:07,370000,11.493
2026/04/29 15:45:07,371000,11.493
2026/04/29 15:45:07,372000,11.490
2026/04/29 15:45:07,373000,11.487
2026/04/29 15:45:07,374000,11.493
2026/04/29 15:45:07,375000,11.490
2026/04/29 15:45:07,376000,11.485
2026/04/29 15:45:07,377000,11.487
2026/04/29 15:45:07,378000,11.493
2026/04/29 15:45:07,379000,11.490
2026/04/29 15:45:07,380000,11.487
2026/04/29 15:45:07,381000,11.490
2026/04/29 15:45:07,382000,11.487
2026/04/29 15:45:07,383000,11.490
2026/04/29 15:45:07,384000,11.487
2026/04/29 15:45:07,385000,11.493
2026/04/29 15:45:07,386000,11.482
2026/04/29 15:45:07,387000,11.496
2026/04/29 15:45:07,388000,11.490
2026/04/29 15:45:07,389000,11.485
2026/04/29 15:45:07,390000,11.487
2026/04/29 15:45:07,391000,11.485
2026/04/29 15:45:07,392000,11.490
2026/04/29 15:45:07,393000,11.485
2026/04/29 15:45:07,394000,11.490
2026/04/29 15:45:07,395000,11.490
2026/04/29 15:45:07,396000,11.501
2026/04/29 15:45:07,397000,11.490
2026/04/29 15:45:07,398000,11.487
2026/04/29 15:45:07,399000,11.487
2026/04/29 15:45:07,400000,11.487
2026/04/29 15:45:07,401000,11.485
2026/04/29 15:45:07,402000,11.487
2026/04/29 15:45:07,403000,11.490
2026/04/29 15:45:07,404000,11.490
2026/04/29 15:45:07,405000,11.485
2026/04/29 15:45:07,406000,11.493
2026/04/29 15:45:07,407000,11.490
2026/04/29 15:45:07,408000,11.490
2026/04/29 15:45:07,409000,11.487
2026/04/29 15:45:07,410000,11.496
2026/04/29 15:45:07,411000,11.485
2026/04/29 15:45:07,412000,11.485
2026/04/29 15:45:07,413000,11.493
2026/04/29 15:45:07,414000,11.490
2026/04/29 15:45:07,415000,11.487
2026/04/29 15:45:07,416000,11.487
2026/04/29 15:45:07,417000,11.493
2026/04/29 15:45:07,418000,11.490
2026/04/29 15:45:07,419000,11.485
2026/04/29 15:45:07,420000,11.493
2026/04/29 15:45:07,421000,11.490
2026/04/29 15:45:07,422000,11.493
2026/04/29 15:45:07,423000,11.485
2026/04/29 15:45:07,424000,11.490
2026/04/29 15:45:07,425000,11.485
2026/04/29 15:45:07,426000,11.490
2026/04/29 15:45:07,427000,11.493
2026/04/29 15:45:07,428000,11.496
2026/04/29 15:45:07,429000,11.493
2026/04/29 15:45:07,430000,11.493
2026/04/29 15:45:07,431000,11.490
2026/04/29 15:45:07,432000,11.490
2026/04/29 15:45:07,433000,11.487
2026/04/29 15:45:07,434000,11.490
2026/04/29 15:45:07,435000,11.496
2026/04/29 15:45:07,436000,11.482
2026/04/29 15:45:07,437000,11.493
2026/04/29 15:45:07,438000,11.487
2026/04/29 15:45:07,439000,11.490
2026/04/29 15:45:07,440000,11.493
2026/04/29 15:45:07,441000,11.490
2026/04/29 15:45:07,442000,11.490
2026/04/29 15:45:07,443000,11.490
2026/04/29 15:45:07,444000,11.493
2026/04/29 15:45:07,445000,11.487
2026/04/29 15:45:07,446000,11.485
2026/04/29 15:45:07,447000,11.487
2026/04/29 15:45:07,448000,11.490
2026/04/29 15:45:07,449000,11.493
2026/04/29 15:45:07,450000,11.482
2026/04/29 15:45:07,451000,11.490
2026/04/29 15:45:07,452000,11.493
2026/04/29 15:45:07,453000,11.487
2026/04/29 15:45:07,454000,11.490
2026/04/29 15:45:07,455000,11.493
2026/04/29 15:45:07,456000,11.487
2026/04/29 15:45:07,457000,11.490
2026/04/29 15:45:07,458000,11.490
2026/04/29 15:45:07,459000,11.490
2026/04/29 15:45:07,460000,11.490
2026/04/29 15:45:07,461000,11.493
2026/04/29 15:45:07,462000,11.490
2026/04/29 15:45:07,463000,11.490
2026/04/29 15:45:07,464000,11.493
2026/04/29 15:45:07,465000,11.496
2026/04/29 15:45:07,466000,11.493
2026/04/29 15:45:07,467000,11.485
2026/04/29 15:45:07,468000,11.490
2026/04/29 15:45:07,469000,11.496
2026/04/29 15:45:07,470000,11.490
2026/04/29 15:45:07,471000,11.493
2026/04/29 15:45:07,472000,11.490
2026/04/29 15:45:07,473000,11.490
2026/04/29 15:45:07,474000,11.493
2026/04/29 15:45:07,475000,11.490
2026/04/29 15:45:07,476000,11.490
2026/04/29 15:45:07,477000,11.493
2026/04/29 15:45:07,478000,11.490
2026/04/29 15:45:07,479000,11.496
2026/04/29 15:45:07,480000,11.493
2026/04/29 15:45:07,481000,11.493
2026/04/29 15:45:07,482000,11.487
2026/04/29 15:45:07,483000,11.493
2026/04/29 15:45:07,484000,11.499
2026/04/29 15:45:07,485000,11.482
2026/04/29 15:45:07,486000,11.499
2026/04/29 15:45:07,487000,11.493
2026/04/29 15:45:07,488000,11.493
2026/04/29 15:45:07,489000,11.487
2026/04/29 15:45:07,490000,11.485
2026/04/29 15:45:07,491000,11.487
2026/04/29 15:45:07,492000,11.490
2026/04/29 15:45:07,493000,11.493
2026/04/29 15:45:07,494000,11.490
2026/04/29 15:45:07,495000,11.490
2026/04/29 15:45:07,496000,11.490
2026/04/29 15:45:07,497000,11.490
2026/04/29 15:45:07,498000,11.487
2026/04/29 15:45:07,499000,11.487
2026/04/29 15:45:07,500000,11.493
2026/04/29 15:45:07,501000,11.493
2026/04/29 15:45:07,502000,11.493
2026/04/29 15:45:07,503000,11.487
2026/04/29 15:45:07,504000,11.487
2026/04/29 15:45:07,505000,11.496
2026/04/29 15:45:07,506000,11.490
2026/04/29 15:45:07,507000,11.490
2026/04/29 15:45:07,508000,11.493
2026/04/29 15:45:07,509000,11.487
2026/04/29 15:45:07,510000,11.490
2026/04/29 15:45:07,511000,11.487
2026/04/29 15:45:07,512000,11.490
2026/04/29 15:45:07,513000,11.490
2026/04/29 15:45:07,514000,11.490
2026/04/29 15:45:07,515000,11.487
2026/04/29 15:45:07,516000,11.482
2026/04/29 15:45:07,517000,11.490
2026/04/29 15:45:07,518000,11.490
2026/04/29 15:45:07,519000,11.490
2026/04/29 15:45:07,520000,11.490
2026/04/29 15:45:07,521000,11.487
2026/04/29 15:45:07,522000,11.493
2026/04/29 15:45:07,523000,11.490
2026/04/29 15:45:07,524000,11.487
2026/04/29 15:45:07,525000,11.485
2026/04/29 15:45:07,526000,11.485
2026/04/29 15:45:07,527000,11.487
2026/04/29 15:45:07,528000,11.496
2026/04/29 15:45:07,529000,11.493
2026/04/29 15:45:07,530000,11.487
2026/04/29 15:45:07,531000,11.487
2026/04/29 15:45:07,532000,11.490
2026/04/29 15:45:07,533000,11.487
2026/04/29 15:45:07,534000,11.487
2026/04/29 15:45:07,535000,11.501
2026/04/29 15:45:07,536000,11.490
2026/04/29 15:45:07,537000,11.490
2026/04/29 15:45:07,538000,11.493
2026/04/29 15:45:07,539000,11.490
2026/04/29 15:45:07,540000,11.487
2026/04/29 15:45:07,541000,11.490
2026/04/29 15:45:07,542000,11.487
2026/04/29 15:45:07,543000,11.490
2026/04/29 15:45:07,544000,11.493
2026/04/29 15:45:07,545000,11.493
2026/04/29 15:45:07,546000,11.490
2026/04/29 15:45:07,547000,11.493
2026/04/29 15:45:07,548000,11.496
2026/04/29 15:45:07,549000,11.485
2026/04/29 15:45:07,550000,11.490
2026/04/29 15:45:07,551000,11.490
2026/04/29 15:45:07,552000,11.499
2026/04/29 15:45:07,553000,11.490
2026/04/29 15:45:07,554000,11.490
2026/04/29 15:45:07,555000,11.493
2026/04/29 15:45:07,556000,11.485
2026/04/29 15:45:07,557000,11.487
2026/04/29 15:45:07,558000,11.496
2026/04/29 15:45:07,559000,11.493
2026/04/29 15:45:07,560000,11.490
2026/04/29 15:45:07,561000,11.496
2026/04/29 15:45:07,562000,11.496
2026/04/29 15:45:07,563000,11.499
2026/04/29 15:45:07,564000,11.490
2026/04/29 15:45:07,565000,11.493
2026/04/29 15:45:07,566000,11.496
2026/04/29 15:45:07,567000,11.490
2026/04/29 15:45:07,568000,11.487
2026/04/29 15:45:07,569000,11.496
2026/04/29 15:45:07,570000,11.496
2026/04/29 15:45:07,571000,11.490
2026/04/29 15:45:07,572000,11.490
2026/04/29 15:45:07,573000,11.510
2026/04/29 15:45:07,574000,11.493
2026/04/29 15:45:07,575000,11.493
2026/04/29 15:45:07,576000,11.493
2026/04/29 15:45:07,577000,11.493
2026/04/29 15:45:07,578000,11.493
2026/04/29 15:45:07,579000,11.485
2026/04/29 15:45:07,580000,11.490
2026/04/29 15:45:07,581000,11.487
2026/04/29 15:45:07,582000,11.496
2026/04/29 15:45:07,583000,11.490
2026/04/29 15:45:07,584000,11.493
2026/04/29 15:45:07,585000,11.490
2026/04/29 15:45:07,586000,11.490
2026/04/29 15:45:07,587000,11.490
2026/04/29 15:45:07,588000,11.493
2026/04/29 15:45:07,589000,11.501
2026/04/29 15:45:07,590000,11.490
2026/04/29 15:45:07,591000,11.490
2026/04/29 15:45:07,592000,11.496
2026/04/29 15:45:07,593000,11.496
2026/04/29 15:45:07,594000,11.482
2026/04/29 15:45:07,595000,11.493
2026/04/29 15:45:07,596000,11.499
2026/04/29 15:45:07,597000,11.490
2026/04/29 15:45:07,598000,11.490
2026/04/29 15:45:07,599000,11.493
2026/04/29 15:45:07,600000,11.499
2026/04/29 15:45:07,601000,11.493
2026/04/29 15:45:07,602000,11.493
2026/04/29 15:45:07,603000,11.493
2026/04/29 15:45:07,604000,11.493
2026/04/29 15:45:07,605000,11.493
2026/04/29 15:45:07,606000,11.490
2026/04/29 15:45:07,607000,11.507
2026/04/29 15:45:07,608000,11.496
2026/04/29 15:45:07,609000,11.499
2026/04/29 15:45:07,610000,11.493
2026/04/29 15:45:07,611000,11.490
2026/04/29 15:45:07,612000,11.487
2026/04/29 15:45:07,613000,11.482
2026/04/29 15:45:07,614000,11.490
2026/04/29 15:45:07,615000,11.493
2026/04/29 15:45:07,616000,11.490
2026/04/29 15:45:07,617000,11.499
2026/04/29 15:45:07,618000,11.490
2026/04/29 15:45:07,619000,11.496
2026/04/29 15:45:07,620000,11.490
2026/04/29 15:45:07,621000,11.493
2026/04/29 15:45:07,622000,11.487
2026/04/29 15:45:07,623000,11.493
2026/04/29 15:45:07,624000,11.493
2026/04/29 15:45:07,625000,11.487
2026/04/29 15:45:07,626000,11.490
2026/04/29 15:45:07,627000,11.496
2026/04/29 15:45:07,628000,11.496
2026/04/29 15:45:07,629000,11.493
2026/04/29 15:45:07,630000,11.496
2026/04/29 15:45:07,631000,11.501
2026/04/29 15:45:07,632000,11.496
2026/04/29 15:45:07,633000,11.496
2026/04/29 15:45:07,634000,11.493
2026/04/29 15:45:07,635000,11.490
2026/04/29 15:45:07,636000,11.487
2026/04/29 15:45:07,637000,11.493
2026/04/29 15:45:07,638000,11.493
2026/04/29 15:45:07,639000,11.490
2026/04/29 15:45:07,640000,11.496
2026/04/29 15:45:07,641000,11.490
2026/04/29 15:45:07,642000,11.493
2026/04/29 15:45:07,643000,11.493
2026/04/29 15:45:07,644000,11.490
2026/04/29 15:45:07,645000,11.490
2026/04/29 15:45:07,646000,11.490
2026/04/29 15:45:07,647000,11.490
2026/04/29 15:45:07,648000,11.485
2026/04/29 15:45:07,649000,11.493
2026/04/29 15:45:07,650000,11.499
2026/04/29 15:45:07,651000,11.496
2026/04/29 15:45:07,652000,11.490
2026/04/29 15:45:07,653000,11.487
2026/04/29 15:45:07,654000,11.493
2026/04/29 15:45:07,655000,11.493
2026/04/29 15:45:07,656000,11.493
2026/04/29 15:45:07,657000,11.493
2026/04/29 15:45:07,658000,11.493
2026/04/29 15:45:07,659000,11.490
2026/04/29 15:45:07,660000,11.493
2026/04/29 15:45:07,661000,11.501
2026/04/29 15:45:07,662000,11.490
2026/04/29 15:45:07,663000,11.493
2026/04/29 15:45:07,664000,11.490
2026/04/29 15:45:07,665000,11.499
2026/04/29 15:45:07,666000,11.496
2026/04/29 15:45:07,667000,11.490
2026/04/29 15:45:07,668000,11.493
2026/04/29 15:45:07,669000,11.490
2026/04/29 15:45:07,670000,11.490
2026/04/29 15:45:07,671000,11.490
2026/04/29 15:45:07,672000,11.493
2026/04/29 15:45:07,673000,11.490
2026/04/29 15:45:07,674000,11.496
2026/04/29 15:45:07,675000,11.496
2026/04/29 15:45:07,676000,11.493
2026/04/29 15:45:07,677000,11.501
2026/04/29 15:45:07,678000,11.499
2026/04/29 15:45:07,679000,11.499
2026/04/29 15:45:07,680000,11.487
2026/04/29 15:45:07,681000,11.493
2026/04/29 15:45:07,682000,11.490
2026/04/29 15:45:07,683000,11.490
2026/04/29 15:45:07,684000,11.493
2026/04/29 15:45:07,685000,11.496
2026/04/29 15:45:07,686000,11.493
2026/04/29 15:45:07,687000,11.490
2026/04/29 15:45:07,688000,11.490
2026/04/29 15:45:07,689000,11.490
2026/04/29 15:45:07,690000,11.493
2026/04/29 15:45:07,691000,11.499
2026/04/29 15:45:07,692000,11.493
2026/04/29 15:45:07,693000,11.496
2026/04/29 15:45:07,694000,11.493
2026/04/29 15:45:07,695000,11.493
2026/04/29 15:45:07,696000,11.493
2026/04/29 15:45:07,697000,11.493
2026/04/29 15:45:07,698000,11.499
2026/04/29 15:45:07,699000,11.490
2026/04/29 15:45:07,700000,11.493
2026/04/29 15:45:07,701000,11.490
2026/04/29 15:45:07,702000,11.496
2026/04/29 15:45:07,703000,11.487
2026/04/29 15:45:07,704000,11.493
2026/04/29 15:45:07,705000,11.493
2026/04/29 15:45:07,706000,11.493
2026/04/29 15:45:07,707000,11.493
2026/04/29 15:45:07,708000,11.490
2026/04/29 15:45:07,709000,11.496
2026/04/29 15:45:07,710000,11.493
2026/04/29 15:45:07,711000,11.490
2026/04/29 15:45:07,712000,11.493
2026/04/29 15:45:07,713000,11.496
2026/04/29 15:45:07,714000,11.490
2026/04/29 15:45:07,715000,11.490
2026/04/29 15:45:07,716000,11.496
2026/04/29 15:45:07,717000,11.487
2026/04/29 15:45:07,718000,11.485
2026/04/29 15:45:07,719000,11.499
2026/04/29 15:45:07,720000,11.487
2026/04/29 15:45:07,721000,11.493
2026/04/29 15:45:07,722000,11.493
2026/04/29 15:45:07,723000,11.487
2026/04/29 15:45:07,724000,11.499
2026/04/29 15:45:07,725000,11.496
2026/04/29 15:45:07,726000,11.496
2026/04/29 15:45:07,727000,11.493
2026/04/29 15:45:07,728000,11.493
2026/04/29 15:45:07,729000,11.499
2026/04/29 15:45:07,730000,11.493
2026/04/29 15:45:07,731000,11.493
2026/04/29 15:45:07,732000,11.496
2026/04/29 15:45:07,733000,11.490
2026/04/29 15:45:07,734000,11.490
2026/04/29 15:45:07,735000,11.490
2026/04/29 15:45:07,736000,11.490
2026/04/29 15:45:07,737000,11.490
2026/04/29 15:45:07,738000,11.490
2026/04/29 15:45:07,739000,11.490
2026/04/29 15:45:07,740000,11.493
2026/04/29 15:45:07,741000,11.490
2026/04/29 15:45:07,742000,11.490
2026/04/29 15:45:07,743000,11.493
2026/04/29 15:45:07,744000,11.485
2026/04/29 15:45:07,745000,11.487
2026/04/29 15:45:07,746000,11.493
2026/04/29 15:45:07,747000,11.493
2026/04/29 15:45:07,748000,11.493
2026/04/29 15:45:07,749000,11.493
2026/04/29 15:45:07,750000,11.493
2026/04/29 15:45:07,751000,11.493
2026/04/29 15:45:07,752000,11.482
2026/04/29 15:45:07,753000,11.493
2026/04/29 15:45:07,754000,11.487
2026/04/29 15:45:07,755000,11.493
2026/04/29 15:45:07,756000,11.490
2026/04/29 15:45:07,757000,11.487
2026/04/29 15:45:07,758000,11.490
2026/04/29 15:45:07,759000,11.490
2026/04/29 15:45:07,760000,11.490
2026/04/29 15:45:07,761000,11.490
2026/04/29 15:45:07,762000,11.487
2026/04/29 15:45:07,763000,11.490
2026/04/29 15:45:07,764000,11.493
2026/04/29 15:45:07,765000,11.493
2026/04/29 15:45:07,766000,11.490
2026/04/29 15:45:07,767000,11.496
2026/04/29 15:45:07,768000,11.490
2026/04/29 15:45:07,769000,11.496
2026/04/29 15:45:07,770000,11.496
2026/04/29 15:45:07,771000,11.501
2026/04/29 15:45:07,772000,11.493
2026/04/29 15:45:07,773000,11.496
2026/04/29 15:45:07,774000,11.485
2026/04/29 15:45:07,775000,11.493
2026/04/29 15:45:07,776000,11.496
2026/04/29 15:45:07,777000,11.490
2026/04/29 15:45:07,778000,11.493
2026/04/29 15:45:07,779000,11.490
2026/04/29 15:45:07,780000,11.493
2026/04/29 15:45:07,781000,11.485
2026/04/29 15:45:07,782000,11.499
2026/04/29 15:45:07,783000,11.485
2026/04/29 15:45:07,784000,11.493
2026/04/29 15:45:07,785000,11.490
2026/04/29 15:45:07,786000,11.496
2026/04/29 15:45:07,787000,11.493
2026/04/29 15:45:07,788000,11.487
2026/04/29 15:45:07,789000,11.499
2026/04/29 15:45:07,790000,11.493
2026/04/29 15:45:07,791000,11.487
2026/04/29 15:45:07,792000,11.490
2026/04/29 15:45:07,793000,11.493
2026/04/29 15:45:07,794000,11.490
2026/04/29 15:45:07,795000,11.493
2026/04/29 15:45:07,796000,11.487
2026/04/29 15:45:07,797000,11.487
2026/04/29 15:45:07,798000,11.493
2026/04/29 15:45:07,799000,11.493
2026/04/29 15:45:07,800000,11.493
2026/04/29 15:45:07,801000,11.493
2026/04/29 15:45:07,802000,11.493
2026/04/29 15:45:07,803000,11.490
2026/04/29 15:45:07,804000,11.485
2026/04/29 15:45:07,805000,11.496
2026/04/29 15:45:07,806000,11.493
2026/04/29 15:45:07,807000,11.490
2026/04/29 15:45:07,808000,11.496
2026/04/29 15:45:07,809000,11.493
2026/04/29 15:45:07,810000,11.490
2026/04/29 15:45:07,811000,11.493
2026/04/29 15:45:07,812000,11.499
2026/04/29 15:45:07,813000,11.490
2026/04/29 15:45:07,814000,11.493
2026/04/29 15:45:07,815000,11.490
2026/04/29 15:45:07,816000,11.490
2026/04/29 15:45:07,817000,11.490
2026/04/29 15:45:07,818000,11.493
2026/04/29 15:45:07,819000,11.496
2026/04/29 15:45:07,820000,11.487
2026/04/29 15:45:07,821000,11.490
2026/04/29 15:45:07,822000,11.493
2026/04/29 15:45:07,823000,11.493
2026/04/29 15:45:07,824000,11.493
2026/04/29 15:45:07,825000,11.490
2026/04/29 15:45:07,826000,11.493
2026/04/29 15:45:07,827000,11.493
2026/04/29 15:45:07,828000,11.490
2026/04/29 15:45:07,829000,11.487
2026/04/29 15:45:07,830000,11.487
2026/04/29 15:45:07,831000,11.493
2026/04/29 15:45:07,832000,11.493
2026/04/29 15:45:07,833000,11.485
2026/04/29 15:45:07,834000,11.493
2026/04/29 15:45:07,835000,11.493
2026/04/29 15:45:07,836000,11.490
2026/04/29 15:45:07,837000,11.490
2026/04/29 15:45:07,838000,11.490
2026/04/29 15:45:07,839000,11.485
2026/04/29 15:45:07,840000,11.490
2026/04/29 15:45:07,841000,11.487
2026/04/29 15:45:07,842000,11.493
2026/04/29 15:45:07,843000,11.493
2026/04/29 15:45:07,844000,11.493
2026/04/29 15:45:07,845000,11.493
2026/04/29 15:45:07,846000,11.485
2026/04/29 15:45:07,847000,11.493
2026/04/29 15:45:07,848000,11.496
2026/04/29 15:45:07,849000,11.487
2026/04/29 15:45:07,850000,11.485
2026/04/29 15:45:07,851000,11.490
2026/04/29 15:45:07,852000,11.490
2026/04/29 15:45:07,853000,11.490
2026/04/29 15:45:07,854000,11.487
2026/04/29 15:45:07,855000,11.490
2026/04/29 15:45:07,856000,11.504
2026/04/29 15:45:07,857000,11.490
2026/04/29 15:45:07,858000,11.487
2026/04/29 15:45:07,859000,11.490
2026/04/29 15:45:07,860000,11.490
2026/04/29 15:45:07,861000,11.490
2026/04/29 15:45:07,862000,11.496
2026/04/29 15:45:07,863000,11.490
2026/04/29 15:45:07,864000,11.499
2026/04/29 15:45:07,865000,11.496
2026/04/29 15:45:07,866000,11.490
2026/04/29 15:45:07,867000,11.493
2026/04/29 15:45:07,868000,11.493
2026/04/29 15:45:07,869000,11.490
2026/04/29 15:45:07,870000,11.490
2026/04/29 15:45:07,871000,11.487
2026/04/29 15:45:07,872000,11.490
2026/04/29 15:45:07,873000,11.493
2026/04/29 15:45:07,874000,11.493
2026/04/29 15:45:07,875000,11.493
2026/04/29 15:45:07,876000,11.496
2026/04/29 15:45:07,877000,11.493
2026/04/29 15:45:07,878000,11.490
2026/04/29 15:45:07,879000,11.496
2026/04/29 15:45:07,880000,11.490
2026/04/29 15:45:07,881000,11.487
2026/04/29 15:45:07,882000,11.490
2026/04/29 15:45:07,883000,11.490
2026/04/29 15:45:07,884000,11.490
2026/04/29 15:45:07,885000,11.490
2026/04/29 15:45:07,886000,11.490
2026/04/29 15:45:07,887000,11.496
2026/04/29 15:45:07,888000,11.493
2026/04/29 15:45:07,889000,11.485
2026/04/29 15:45:07,890000,11.490
2026/04/29 15:45:07,891000,11.490
2026/04/29 15:45:07,892000,11.490
2026/04/29 15:45:07,893000,11.496
2026/04/29 15:45:07,894000,11.493
2026/04/29 15:45:07,895000,11.490
2026/04/29 15:45:07,896000,11.487
2026/04/29 15:45:07,897000,11.493
2026/04/29 15:45:07,898000,11.490
2026/04/29 15:45:07,899000,11.493
2026/04/29 15:45:07,900000,11.493
2026/04/29 15:45:07,901000,11.487
2026/04/29 15:45:07,902000,11.490
2026/04/29 15:45:07,903000,11.490
2026/04/29 15:45:07,904000,11.496
2026/04/29 15:45:07,905000,11.496
2026/04/29 15:45:07,906000,11.493
2026/04/29 15:45:07,907000,11.501
2026/04/29 15:45:07,908000,11.493
2026/04/29 15:45:07,909000,11.493
2026/04/29 15:45:07,910000,11.490
2026/04/29 15:45:07,911000,11.490
2026/04/29 15:45:07,912000,11.499
2026/04/29 15:45:07,913000,11.490
2026/04/29 15:45:07,914000,11.490
2026/04/29 15:45:07,915000,11.493
2026/04/29 15:45:07,916000,11.490
2026/04/29 15:45:07,917000,11.487
2026/04/29 15:45:07,918000,11.487
2026/04/29 15:45:07,919000,11.490
2026/04/29 15:45:07,920000,11.496
2026/04/29 15:45:07,921000,11.490
2026/04/29 15:45:07,922000,11.493
2026/04/29 15:45:07,923000,11.493
2026/04/29 15:45:07,924000,11.490
2026/04/29 15:45:07,925000,11.493
2026/04/29 15:45:07,926000,11.485
2026/04/29 15:45:07,927000,11.493
2026/04/29 15:45:07,928000,11.490
2026/04/29 15:45:07,929000,11.485
2026/04/29 15:45:07,930000,11.487
2026/04/29 15:45:07,931000,11.493
2026/04/29 15:45:07,932000,11.490
2026/04/29 15:45:07,933000,11.487
2026/04/29 15:45:07,934000,11.485
2026/04/29 15:45:07,935000,11.485
2026/04/29 15:45:07,936000,11.487
2026/04/29 15:45:07,937000,11.496
2026/04/29 15:45:07,938000,11.490
2026/04/29 15:45:07,939000,11.496
2026/04/29 15:45:07,940000,11.496
2026/04/29 15:45:07,941000,11.493
2026/04/29 15:45:07,942000,11.493
2026/04/29 15:45:07,943000,11.485
2026/04/29 15:45:07,944000,11.490
2026/04/29 15:45:07,945000,11.490
2026/04/29 15:45:07,946000,11.493
2026/04/29 15:45:07,947000,11.493
2026/04/29 15:45:07,948000,11.493
2026/04/29 15:45:07,949000,11.490
2026/04/29 15:45:07,950000,11.487
2026/04/29 15:45:07,951000,11.493
2026/04/29 15:45:07,952000,11.490
2026/04/29 15:45:07,953000,11.493
2026/04/29 15:45:07,954000,11.490
2026/04/29 15:45:07,955000,11.490
2026/04/29 15:45:07,956000,11.490
2026/04/29 15:45:07,957000,11.490
2026/04/29 15:45:07,958000,11.490
2026/04/29 15:45:07,959000,11.490
2026/04/29 15:45:07,960000,11.487
2026/04/29 15:45:07,961000,11.490
2026/04/29 15:45:07,962000,11.493
2026/04/29 15:45:07,963000,11.490
2026/04/29 15:45:07,964000,11.487
2026/04/29 15:45:07,965000,11.485
2026/04/29 15:45:07,966000,11.487
2026/04/29 15:45:07,967000,11.496
2026/04/29 15:45:07,968000,11.485
2026/04/29 15:45:07,969000,11.493
2026/04/29 15:45:07,970000,11.493
2026/04/29 15:45:07,971000,11.493
2026/04/29 15:45:07,972000,11.493
2026/04/29 15:45:07,973000,11.490
2026/04/29 15:45:07,974000,11.487
2026/04/29 15:45:07,975000,11.493
2026/04/29 15:45:07,976000,11.485
2026/04/29 15:45:07,977000,11.493
2026/04/29 15:45:07,978000,11.493
2026/04/29 15:45:07,979000,11.493
2026/04/29 15:45:07,980000,11.493
2026/04/29 15:45:07,981000,11.490
2026/04/29 15:45:07,982000,11.493
2026/04/29 15:45:07,983000,11.493
2026/04/29 15:45:07,984000,11.496
2026/04/29 15:45:07,985000,11.487
2026/04/29 15:45:07,986000,11.493
2026/04/29 15:45:07,987000,11.487
2026/04/29 15:45:07,988000,11.487
2026/04/29 15:45:07,989000,11.490
2026/04/29 15:45:07,990000,11.490
2026/04/29 15:45:07,991000,11.490
2026/04/29 15:45:07,992000,11.493
2026/04/29 15:45:07,993000,11.493
2026/04/29 15:45:07,994000,11.496
2026/04/29 15:45:07,995000,11.487
2026/04/29 15:45:07,996000,11.490
2026/04/29 15:45:07,997000,11.493
2026/04/29 15:45:07,998000,11.485
2026/04/29 15:45:07,999000,11.490
2026/04/29 15:45:08,000000,11.490
2026/04/29 15:45:08,001000,11.499
2026/04/29 15:45:08,002000,11.493
2026/04/29 15:45:08,003000,11.487
2026/04/29 15:45:08,004000,11.493
2026/04/29 15:45:08,005000,11.493
2026/04/29 15:45:08,006000,11.496
2026/04/29 15:45:08,007000,11.487
2026/04/29 15:45:08,008000,11.487
2026/04/29 15:45:08,009000,11.496
2026/04/29 15:45:08,010000,11.490
2026/04/29 15:45:08,011000,11.496
2026/04/29 15:45:08,012000,11.493
2026/04/29 15:45:08,013000,11.490
2026/04/29 15:45:08,014000,11.487
2026/04/29 15:45:08,015000,11.490
2026/04/29 15:45:08,016000,11.493
2026/04/29 15:45:08,017000,11.496
2026/04/29 15:45:08,018000,11.490
2026/04/29 15:45:08,019000,11.490
2026/04/29 15:45:08,020000,11.487
2026/04/29 15:45:08,021000,11.493
2026/04/29 15:45:08,022000,11.493
2026/04/29 15:45:08,023000,11.496
2026/04/29 15:45:08,024000,11.493
2026/04/29 15:45:08,025000,11.490
2026/04/29 15:45:08,026000,11.490
2026/04/29 15:45:08,027000,11.490
2026/04/29 15:45:08,028000,11.487
2026/04/29 15:45:08,029000,11.490
2026/04/29 15:45:08,030000,11.493
2026/04/29 15:45:08,031000,11.496
2026/04/29 15:45:08,032000,11.493
2026/04/29 15:45:08,033000,11.493
2026/04/29 15:45:08,034000,11.490
2026/04/29 15:45:08,035000,11.487
2026/04/29 15:45:08,036000,11.496
2026/04/29 15:45:08,037000,11.490
2026/04/29 15:45:08,038000,11.496
2026/04/29 15:45:08,039000,11.490
2026/04/29 15:45:08,040000,11.496
2026/04/29 15:45:08,041000,11.493
2026/04/29 15:45:08,042000,11.496
2026/04/29 15:45:08,043000,11.499
2026/04/29 15:45:08,044000,11.493
2026/04/29 15:45:08,045000,11.493
2026/04/29 15:45:08,046000,11.493
2026/04/29 15:45:08,047000,11.493
2026/04/29 15:45:08,048000,11.493
2026/04/29 15:45:08,049000,11.496
2026/04/29 15:45:08,050000,11.490
2026/04/29 15:45:08,051000,11.487
2026/04/29 15:45:08,052000,11.493
2026/04/29 15:45:08,053000,11.485
2026/04/29 15:45:08,054000,11.499
2026/04/29 15:45:08,055000,11.487
2026/04/29 15:45:08,056000,11.490
2026/04/29 15:45:08,057000,11.496
2026/04/29 15:45:08,058000,11.493
2026/04/29 15:45:08,059000,11.490
2026/04/29 15:45:08,060000,11.493
2026/04/29 15:45:08,061000,11.493
2026/04/29 15:45:08,062000,11.493
2026/04/29 15:45:08,063000,11.490
2026/04/29 15:45:08,064000,11.482
2026/04/29 15:45:08,065000,11.496
2026/04/29 15:45:08,066000,11.490
2026/04/29 15:45:08,067000,11.493
2026/04/29 15:45:08,068000,11.493
2026/04/29 15:45:08,069000,11.493
2026/04/29 15:45:08,070000,11.499
2026/04/29 15:45:08,071000,11.493
2026/04/29 15:45:08,072000,11.493
2026/04/29 15:45:08,073000,11.493
2026/04/29 15:45:08,074000,11.493
2026/04/29 15:45:08,075000,11.490
2026/04/29 15:45:08,076000,11.493
2026/04/29 15:45:08,077000,11.487
2026/04/29 15:45:08,078000,11.490
2026/04/29 15:45:08,079000,11.490
2026/04/29 15:45:08,080000,11.490
2026/04/29 15:45:08,081000,11.490
2026/04/29 15:45:08,082000,11.499
2026/04/29 15:45:08,083000,11.487
2026/04/29 15:45:08,084000,11.493
2026/04/29 15:45:08,085000,11.493
2026/04/29 15:45:08,086000,11.490
2026/04/29 15:45:08,087000,11.490
2026/04/29 15:45:08,088000,11.490
2026/04/29 15:45:08,089000,11.490
2026/04/29 15:45:08,090000,11.496
2026/04/29 15:45:08,091000,11.496
2026/04/29 15:45:08,092000,11.493
2026/04/29 15:45:08,093000,11.490
2026/04/29 15:45:08,094000,11.493
2026/04/29 15:45:08,095000,11.493
2026/04/29 15:45:08,096000,11.493
2026/04/29 15:45:08,097000,11.490
2026/04/29 15:45:08,098000,11.499
2026/04/29 15:45:08,099000,11.493
2026/04/29 15:45:08,100000,11.485
2026/04/29 15:45:08,101000,11.487
2026/04/29 15:45:08,102000,11.490
2026/04/29 15:45:08,103000,11.487
2026/04/29 15:45:08,104000,11.490
2026/04/29 15:45:08,105000,11.490
2026/04/29 15:45:08,106000,11.490
2026/04/29 15:45:08,107000,11.501
2026/04/29 15:45:08,108000,11.493
2026/04/29 15:45:08,109000,11.490
2026/04/29 15:45:08,110000,11.493
2026/04/29 15:45:08,111000,11.499
2026/04/29 15:45:08,112000,11.493
2026/04/29 15:45:08,113000,11.490
2026/04/29 15:45:08,114000,11.493
2026/04/29 15:45:08,115000,11.496
2026/04/29 15:45:08,116000,11.496
2026/04/29 15:45:08,117000,11.493
2026/04/29 15:45:08,118000,11.490
2026/04/29 15:45:08,119000,11.496
2026/04/29 15:45:08,120000,11.487
2026/04/29 15:45:08,121000,11.496
2026/04/29 15:45:08,122000,11.493
2026/04/29 15:45:08,123000,11.501
2026/04/29 15:45:08,124000,11.490
2026/04/29 15:45:08,125000,11.493
2026/04/29 15:45:08,126000,11.490
2026/04/29 15:45:08,127000,11.493
2026/04/29 15:45:08,128000,11.490
2026/04/29 15:45:08,129000,11.496
2026/04/29 15:45:08,130000,11.490
2026/04/29 15:45:08,131000,11.490
2026/04/29 15:45:08,132000,11.490
2026/04/29 15:45:08,133000,11.493
2026/04/29 15:45:08,134000,11.493
2026/04/29 15:45:08,135000,11.490
2026/04/29 15:45:08,136000,11.493
2026/04/29 15:45:08,137000,11.496
2026/04/29 15:45:08,138000,11.490
2026/04/29 15:45:08,139000,11.490
2026/04/29 15:45:08,140000,11.493
2026/04/29 15:45:08,141000,11.493
2026/04/29 15:45:08,142000,11.493
2026/04/29 15:45:08,143000,11.487
2026/04/29 15:45:08,144000,11.490
2026/04/29 15:45:08,145000,11.493
2026/04/29 15:45:08,146000,11.496
2026/04/29 15:45:08,147000,11.490
2026/04/29 15:45:08,148000,11.490
2026/04/29 15:45:08,149000,11.496
2026/04/29 15:45:08,150000,11.496
2026/04/29 15:45:08,151000,11.490
2026/04/29 15:45:08,152000,11.493
2026/04/29 15:45:08,153000,11.499
2026/04/29 15:45:08,154000,11.496
2026/04/29 15:45:08,155000,11.493
2026/04/29 15:45:08,156000,11.496
2026/04/29 15:45:08,157000,11.499
2026/04/29 15:45:08,158000,11.496
2026/04/29 15:45:08,159000,11.501
2026/04/29 15:45:08,160000,11.493
2026/04/29 15:45:08,161000,11.499
2026/04/29 15:45:08,162000,11.490
2026/04/29 15:45:08,163000,11.496
2026/04/29 15:45:08,164000,11.493
2026/04/29 15:45:08,165000,11.490
2026/04/29 15:45:08,166000,11.496
2026/04/29 15:45:08,167000,11.493
2026/04/29 15:45:08,168000,11.493
2026/04/29 15:45:08,169000,11.493
2026/04/29 15:45:08,170000,11.493
2026/04/29 15:45:08,171000,11.490
2026/04/29 15:45:08,172000,11.493
2026/04/29 15:45:08,173000,11.496
2026/04/29 15:45:08,174000,11.493
2026/04/29 15:45:08,175000,11.493
2026/04/29 15:45:08,176000,11.490
2026/04/29 15:45:08,177000,11.493
2026/04/29 15:45:08,178000,11.493
2026/04/29 15:45:08,179000,11.496
2026/04/29 15:45:08,180000,11.490
2026/04/29 15:45:08,181000,11.496
2026/04/29 15:45:08,182000,11.493
2026/04/29 15:45:08,183000,11.490
2026/04/29 15:45:08,184000,11.493
2026/04/29 15:45:08,185000,11.490
2026/04/29 15:45:08,186000,11.493
2026/04/29 15:45:08,187000,11.490
2026/04/29 15:45:08,188000,11.499
2026/04/29 15:45:08,189000,11.493
2026/04/29 15:45:08,190000,11.493
2026/04/29 15:45:08,191000,11.490
2026/04/29 15:45:08,192000,11.493
2026/04/29 15:45:08,193000,11.490
2026/04/29 15:45:08,194000,11.490
2026/04/29 15:45:08,195000,11.496
2026/04/29 15:45:08,196000,11.490
2026/04/29 15:45:08,197000,11.493
2026/04/29 15:45:08,198000,11.496
2026/04/29 15:45:08,199000,11.490
2026/04/29 15:45:08,200000,11.490
2026/04/29 15:45:08,201000,11.496
2026/04/29 15:45:08,202000,11.493
2026/04/29 15:45:08,203000,11.490
2026/04/29 15:45:08,204000,11.501
2026/04/29 15:45:08,205000,11.496
2026/04/29 15:45:08,206000,11.493
2026/04/29 15:45:08,207000,11.493
2026/04/29 15:45:08,208000,11.496
2026/04/29 15:45:08,209000,11.493
2026/04/29 15:45:08,210000,11.496
2026/04/29 15:45:08,211000,11.496
2026/04/29 15:45:08,212000,11.490
2026/04/29 15:45:08,213000,11.490
2026/04/29 15:45:08,214000,11.493
2026/04/29 15:45:08,215000,11.499
2026/04/29 15:45:08,216000,11.487
2026/04/29 15:45:08,217000,11.485
2026/04/29 15:45:08,218000,11.493
2026/04/29 15:45:08,219000,11.490
2026/04/29 15:45:08,220000,11.496
2026/04/29 15:45:08,221000,11.493
2026/04/29 15:45:08,222000,11.493
2026/04/29 15:45:08,223000,11.496
2026/04/29 15:45:08,224000,11.493
2026/04/29 15:45:08,225000,11.499
2026/04/29 15:45:08,226000,11.490
2026/04/29 15:45:08,227000,11.487
2026/04/29 15:45:08,228000,11.496
2026/04/29 15:45:08,229000,11.493
2026/04/29 15:45:08,230000,11.490
2026/04/29 15:45:08,231000,11.493
2026/04/29 15:45:08,232000,11.490
2026/04/29 15:45:08,233000,11.490
2026/04/29 15:45:08,234000,11.490
2026/04/29 15:45:08,235000,11.499
2026/04/29 15:45:08,236000,11.496
2026/04/29 15:45:08,237000,11.493
2026/04/29 15:45:08,238000,11.496
2026/04/29 15:45:08,239000,11.493
2026/04/29 15:45:08,240000,11.499
2026/04/29 15:45:08,241000,11.493
2026/04/29 15:45:08,242000,11.493
2026/04/29 15:45:08,243000,11.493
2026/04/29 15:45:08,244000,11.493
2026/04/29 15:45:08,245000,11.499
2026/04/29 15:45:08,246000,11.490
2026/04/29 15:45:08,247000,11.499
2026/04/29 15:45:08,248000,11.487
2026/04/29 15:45:08,249000,11.496
2026/04/29 15:45:08,250000,11.490
2026/04/29 15:45:08,251000,11.496
2026/04/29 15:45:08,252000,11.496
2026/04/29 15:45:08,253000,11.490
2026/04/29 15:45:08,254000,11.493
2026/04/29 15:45:08,255000,11.493
2026/04/29 15:45:08,256000,11.493
2026/04/29 15:45:08,257000,11.490
2026/04/29 15:45:08,258000,11.490
2026/04/29 15:45:08,259000,11.496
2026/04/29 15:45:08,260000,11.493
2026/04/29 15:45:08,261000,11.490
2026/04/29 15:45:08,262000,11.490
2026/04/29 15:45:08,263000,11.490
2026/04/29 15:45:08,264000,11.496
2026/04/29 15:45:08,265000,11.493
2026/04/29 15:45:08,266000,11.493
2026/04/29 15:45:08,267000,11.487
2026/04/29 15:45:08,268000,11.499
2026/04/29 15:45:08,269000,11.493
2026/04/29 15:45:08,270000,11.493
2026/04/29 15:45:08,271000,11.490
2026/04/29 15:45:08,272000,11.490
2026/04/29 15:45:08,273000,11.493
2026/04/29 15:45:08,274000,11.493
2026/04/29 15:45:08,275000,11.490
2026/04/29 15:45:08,276000,11.493
2026/04/29 15:45:08,277000,11.496
2026/04/29 15:45:08,278000,11.496
2026/04/29 15:45:08,279000,11.490
2026/04/29 15:45:08,280000,11.499
2026/04/29 15:45:08,281000,11.490
2026/04/29 15:45:08,282000,11.493
2026/04/29 15:45:08,283000,11.487
2026/04/29 15:45:08,284000,11.493
2026/04/29 15:45:08,285000,11.493
2026/04/29 15:45:08,286000,11.499
2026/04/29 15:45:08,287000,11.496
2026/04/29 15:45:08,288000,11.493
2026/04/29 15:45:08,289000,11.499
2026/04/29 15:45:08,290000,11.490
2026/04/29 15:45:08,291000,11.496
2026/04/29 15:45:08,292000,11.496
2026/04/29 15:45:08,293000,11.487
2026/04/29 15:45:08,294000,11.493
2026/04/29 15:45:08,295000,11.493
2026/04/29 15:45:08,296000,11.504
2026/04/29 15:45:08,297000,11.496
2026/04/29 15:45:08,298000,11.496
2026/04/29 15:45:08,299000,11.499
2026/04/29 15:45:08,300000,11.496
2026/04/29 15:45:08,301000,11.499
2026/04/29 15:45:08,302000,11.490
2026/04/29 15:45:08,303000,11.496
2026/04/29 15:45:08,304000,11.490
2026/04/29 15:45:08,305000,11.501
2026/04/29 15:45:08,306000,11.493
2026/04/29 15:45:08,307000,11.493
2026/04/29 15:45:08,308000,11.499
2026/04/29 15:45:08,309000,11.496
2026/04/29 15:45:08,310000,11.493
2026/04/29 15:45:08,311000,11.496
2026/04/29 15:45:08,312000,11.493
2026/04/29 15:45:08,313000,11.493
2026/04/29 15:45:08,314000,11.493
2026/04/29 15:45:08,315000,11.490
2026/04/29 15:45:08,316000,11.490
2026/04/29 15:45:08,317000,11.487
2026/04/29 15:45:08,318000,11.490
2026/04/29 15:45:08,319000,11.496
2026/04/29 15:45:08,320000,11.493
2026/04/29 15:45:08,321000,11.499
2026/04/29 15:45:08,322000,11.493
2026/04/29 15:45:08,323000,11.493
2026/04/29 15:45:08,324000,11.493
2026/04/29 15:45:08,325000,11.490
2026/04/29 15:45:08,326000,11.490
2026/04/29 15:45:08,327000,11.490
2026/04/29 15:45:08,328000,11.493
2026/04/29 15:45:08,329000,11.490
2026/04/29 15:45:08,330000,11.496
2026/04/29 15:45:08,331000,11.496
2026/04/29 15:45:08,332000,11.493
2026/04/29 15:45:08,333000,11.493
2026/04/29 15:45:08,334000,11.490
2026/04/29 15:45:08,335000,11.490
2026/04/29 15:45:08,336000,11.490
2026/04/29 15:45:08,337000,11.490
2026/04/29 15:45:08,338000,11.490
2026/04/29 15:45:08,339000,11.493
2026/04/29 15:45:08,340000,11.493
2026/04/29 15:45:08,341000,11.496
2026/04/29 15:45:08,342000,11.490
2026/04/29 15:45:08,343000,11.493
2026/04/29 15:45:08,344000,11.493
2026/04/29 15:45:08,345000,11.496
2026/04/29 15:45:08,346000,11.493
2026/04/29 15:45:08,347000,11.496
2026/04/29 15:45:08,348000,11.493
2026/04/29 15:45:08,349000,11.499
2026/04/29 15:45:08,350000,11.493
2026/04/29 15:45:08,351000,11.493
2026/04/29 15:45:08,352000,11.490
2026/04/29 15:45:08,353000,11.496
2026/04/29 15:45:08,354000,11.490
2026/04/29 15:45:08,355000,11.499
2026/04/29 15:45:08,356000,11.496
2026/04/29 15:45:08,357000,11.490
2026/04/29 15:45:08,358000,11.493
2026/04/29 15:45:08,359000,11.507
2026/04/29 15:45:08,360000,11.493
2026/04/29 15:45:08,361000,11.499
2026/04/29 15:45:08,362000,11.493
2026/04/29 15:45:08,363000,11.493
2026/04/29 15:45:08,364000,11.496
2026/04/29 15:45:08,365000,11.493
2026/04/29 15:45:08,366000,11.490
2026/04/29 15:45:08,367000,11.499
2026/04/29 15:45:08,368000,11.493
2026/04/29 15:45:08,369000,11.493
2026/04/29 15:45:08,370000,11.493
2026/04/29 15:45:08,371000,11.490
2026/04/29 15:45:08,372000,11.493
2026/04/29 15:45:08,373000,11.496
2026/04/29 15:45:08,374000,11.493
2026/04/29 15:45:08,375000,11.493
2026/04/29 15:45:08,376000,11.496
2026/04/29 15:45:08,377000,11.496
2026/04/29 15:45:08,378000,11.493
2026/04/29 15:45:08,379000,11.496
2026/04/29 15:45:08,380000,11.496
2026/04/29 15:45:08,381000,11.490
2026/04/29 15:45:08,382000,11.496
2026/04/29 15:45:08,383000,11.490
2026/04/29 15:45:08,384000,11.493
2026/04/29 15:45:08,385000,11.493
2026/04/29 15:45:08,386000,11.493
2026/04/29 15:45:08,387000,11.493
2026/04/29 15:45:08,388000,11.499
2026/04/29 15:45:08,389000,11.493
2026/04/29 15:45:08,390000,11.485
2026/04/29 15:45:08,391000,11.485
2026/04/29 15:45:08,392000,11.493
2026/04/29 15:45:08,393000,11.490
2026/04/29 15:45:08,394000,11.490
2026/04/29 15:45:08,395000,11.499
2026/04/29 15:45:08,396000,11.493
2026/04/29 15:45:08,397000,11.496
2026/04/29 15:45:08,398000,11.490
2026/04/29 15:45:08,399000,11.496
2026/04/29 15:45:08,400000,11.487
2026/04/29 15:45:08,401000,11.496
2026/04/29 15:45:08,402000,11.493
2026/04/29 15:45:08,403000,11.493
2026/04/29 15:45:08,404000,11.490
2026/04/29 15:45:08,405000,11.493
2026/04/29 15:45:08,406000,11.496
2026/04/29 15:45:08,407000,11.496
2026/04/29 15:45:08,408000,11.490
2026/04/29 15:45:08,409000,11.493
2026/04/29 15:45:08,410000,11.490
2026/04/29 15:45:08,411000,11.493
2026/04/29 15:45:08,412000,11.490
2026/04/29 15:45:08,413000,11.490
2026/04/29 15:45:08,414000,11.487
2026/04/29 15:45:08,415000,11.493
2026/04/29 15:45:08,416000,11.493
2026/04/29 15:45:08,417000,11.493
2026/04/29 15:45:08,418000,11.487
2026/04/29 15:45:08,419000,11.493
2026/04/29 15:45:08,420000,11.496
2026/04/29 15:45:08,421000,11.501
2026/04/29 15:45:08,422000,11.490
2026/04/29 15:45:08,423000,11.496
2026/04/29 15:45:08,424000,11.490
2026/04/29 15:45:08,425000,11.496
2026/04/29 15:45:08,426000,11.493
2026/04/29 15:45:08,427000,11.499
2026/04/29 15:45:08,428000,11.490
2026/04/29 15:45:08,429000,11.490
2026/04/29 15:45:08,430000,11.493
2026/04/29 15:45:08,431000,11.496
2026/04/29 15:45:08,432000,11.493
2026/04/29 15:45:08,433000,11.493
2026/04/29 15:45:08,434000,11.496
2026/04/29 15:45:08,435000,11.496
2026/04/29 15:45:08,436000,11.493
2026/04/29 15:45:08,437000,11.493
2026/04/29 15:45:08,438000,11.493
2026/04/29 15:45:08,439000,11.490
2026/04/29 15:45:08,440000,11.493
2026/04/29 15:45:08,441000,11.493
2026/04/29 15:45:08,442000,11.493
2026/04/29 15:45:08,443000,11.493
2026/04/29 15:45:08,444000,11.493
2026/04/29 15:45:08,445000,11.487
2026/04/29 15:45:08,446000,11.499
2026/04/29 15:45:08,447000,11.490
2026/04/29 15:45:08,448000,11.493
2026/04/29 15:45:08,449000,11.501
2026/04/29 15:45:08,450000,11.487
2026/04/29 15:45:08,451000,11.493
2026/04/29 15:45:08,452000,11.493
2026/04/29 15:45:08,453000,11.493
2026/04/29 15:45:08,454000,11.493
2026/04/29 15:45:08,455000,11.493
2026/04/29 15:45:08,456000,11.496
2026/04/29 15:45:08,457000,11.496
2026/04/29 15:45:08,458000,11.490
2026/04/29 15:45:08,459000,11.496
2026/04/29 15:45:08,460000,11.487
2026/04/29 15:45:08,461000,11.493
2026/04/29 15:45:08,462000,11.490
2026/04/29 15:45:08,463000,11.496
2026/04/29 15:45:08,464000,11.493
2026/04/29 15:45:08,465000,11.493
2026/04/29 15:45:08,466000,11.493
2026/04/29 15:45:08,467000,11.496
2026/04/29 15:45:08,468000,11.493
2026/04/29 15:45:08,469000,11.493
2026/04/29 15:45:08,470000,11.487
2026/04/29 15:45:08,471000,11.496
2026/04/29 15:45:08,472000,11.493
2026/04/29 15:45:08,473000,11.499
2026/04/29 15:45:08,474000,11.493
2026/04/29 15:45:08,475000,11.493
2026/04/29 15:45:08,476000,11.496
2026/04/29 15:45:08,477000,11.499
2026/04/29 15:45:08,478000,11.490
2026/04/29 15:45:08,479000,11.490
2026/04/29 15:45:08,480000,11.490
2026/04/29 15:45:08,481000,11.490
2026/04/29 15:45:08,482000,11.501
2026/04/29 15:45:08,483000,11.490
2026/04/29 15:45:08,484000,11.490
2026/04/29 15:45:08,485000,11.490
2026/04/29 15:45:08,486000,11.490
2026/04/29 15:45:08,487000,11.496
2026/04/29 15:45:08,488000,11.493
2026/04/29 15:45:08,489000,11.490
2026/04/29 15:45:08,490000,11.493
2026/04/29 15:45:08,491000,11.493
2026/04/29 15:45:08,492000,11.493
2026/04/29 15:45:08,493000,11.493
2026/04/29 15:45:08,494000,11.493
2026/04/29 15:45:08,495000,11.493
2026/04/29 15:45:08,496000,11.493
2026/04/29 15:45:08,497000,11.490
2026/04/29 15:45:08,498000,11.496
2026/04/29 15:45:08,499000,11.499
2026/04/29 15:45:08,500000,11.485
2026/04/29 15:45:08,501000,11.493
2026/04/29 15:45:08,502000,11.496
2026/04/29 15:45:08,503000,11.493
2026/04/29 15:45:08,504000,11.493
2026/04/29 15:45:08,505000,11.493
2026/04/29 15:45:08,506000,11.496
2026/04/29 15:45:08,507000,11.493
2026/04/29 15:45:08,508000,11.496
2026/04/29 15:45:08,509000,11.487
2026/04/29 15:45:08,510000,11.487
2026/04/29 15:45:08,511000,11.487
2026/04/29 15:45:08,512000,11.490
2026/04/29 15:45:08,513000,11.490
2026/04/29 15:45:08,514000,11.496
2026/04/29 15:45:08,515000,11.493
2026/04/29 15:45:08,516000,11.493
2026/04/29 15:45:08,517000,11.490
2026/04/29 15:45:08,518000,11.496
2026/04/29 15:45:08,519000,11.501
2026/04/29 15:45:08,520000,11.496
2026/04/29 15:45:08,521000,11.499
2026/04/29 15:45:08,522000,11.501
2026/04/29 15:45:08,523000,11.493
2026/04/29 15:45:08,524000,11.493
2026/04/29 15:45:08,525000,11.496
2026/04/29 15:45:08,526000,11.493
2026/04/29 15:45:08,527000,11.501
2026/04/29 15:45:08,528000,11.493
2026/04/29 15:45:08,529000,11.493
2026/04/29 15:45:08,530000,11.490
2026/04/29 15:45:08,531000,11.487
2026/04/29 15:45:08,532000,11.490
2026/04/29 15:45:08,533000,11.493
2026/04/29 15:45:08,534000,11.493
2026/04/29 15:45:08,535000,11.493
2026/04/29 15:45:08,536000,11.493
2026/04/29 15:45:08,537000,11.487
2026/04/29 15:45:08,538000,11.496
2026/04/29 15:45:08,539000,11.490
2026/04/29 15:45:08,540000,11.493
2026/04/29 15:45:08,541000,11.493
2026/04/29 15:45:08,542000,11.490
2026/04/29 15:45:08,543000,11.490
2026/04/29 15:45:08,544000,11.485
2026/04/29 15:45:08,545000,11.493
2026/04/29 15:45:08,546000,11.493
2026/04/29 15:45:08,547000,11.493
2026/04/29 15:45:08,548000,11.490
2026/04/29 15:45:08,549000,11.499
2026/04/29 15:45:08,550000,11.493
2026/04/29 15:45:08,551000,11.490
2026/04/29 15:45:08,552000,11.490
2026/04/29 15:45:08,553000,11.499
2026/04/29 15:45:08,554000,11.485
2026/04/29 15:45:08,555000,11.493
2026/04/29 15:45:08,556000,11.496
2026/04/29 15:45:08,557000,11.485
2026/04/29 15:45:08,558000,11.493
2026/04/29 15:45:08,559000,11.490
2026/04/29 15:45:08,560000,11.493
2026/04/29 15:45:08,561000,11.499
2026/04/29 15:45:08,562000,11.493
2026/04/29 15:45:08,563000,11.493
2026/04/29 15:45:08,564000,11.496
2026/04/29 15:45:08,565000,11.493
2026/04/29 15:45:08,566000,11.490
2026/04/29 15:45:08,567000,11.496
2026/04/29 15:45:08,568000,11.493
2026/04/29 15:45:08,569000,11.487
2026/04/29 15:45:08,570000,11.496
2026/04/29 15:45:08,571000,11.493
2026/04/29 15:45:08,572000,11.496
2026/04/29 15:45:08,573000,11.493
2026/04/29 15:45:08,574000,11.493
2026/04/29 15:45:08,575000,11.490
2026/04/29 15:45:08,576000,11.496
2026/04/29 15:45:08,577000,11.496
2026/04/29 15:45:08,578000,11.493
2026/04/29 15:45:08,579000,11.493
2026/04/29 15:45:08,580000,11.490
2026/04/29 15:45:08,581000,11.499
2026/04/29 15:45:08,582000,11.490
2026/04/29 15:45:08,583000,11.499
2026/04/29 15:45:08,584000,11.499
2026/04/29 15:45:08,585000,11.493
2026/04/29 15:45:08,586000,11.496
2026/04/29 15:45:08,587000,11.493
2026/04/29 15:45:08,588000,11.493
2026/04/29 15:45:08,589000,11.490
2026/04/29 15:45:08,590000,11.496
2026/04/29 15:45:08,591000,11.493
2026/04/29 15:45:08,592000,11.501
2026/04/29 15:45:08,593000,11.493
2026/04/29 15:45:08,594000,11.493
2026/04/29 15:45:08,595000,11.493
2026/04/29 15:45:08,596000,11.487
2026/04/29 15:45:08,597000,11.490
2026/04/29 15:45:08,598000,11.487
2026/04/29 15:45:08,599000,11.493
2026/04/29 15:45:08,600000,11.487
2026/04/29 15:45:08,601000,11.493
2026/04/29 15:45:08,602000,11.493
2026/04/29 15:45:08,603000,11.493
2026/04/29 15:45:08,604000,11.493
2026/04/29 15:45:08,605000,11.493
2026/04/29 15:45:08,606000,11.490
2026/04/29 15:45:08,607000,11.490
2026/04/29 15:45:08,608000,11.501
2026/04/29 15:45:08,609000,11.490
2026/04/29 15:45:08,610000,11.487
2026/04/29 15:45:08,611000,11.493
2026/04/29 15:45:08,612000,11.493
2026/04/29 15:45:08,613000,11.493
2026/04/29 15:45:08,614000,11.493
2026/04/29 15:45:08,615000,11.496
2026/04/29 15:45:08,616000,11.493
2026/04/29 15:45:08,617000,11.490
2026/04/29 15:45:08,618000,11.496
2026/04/29 15:45:08,619000,11.490
2026/04/29 15:45:08,620000,11.493
2026/04/29 15:45:08,621000,11.493
2026/04/29 15:45:08,622000,11.490
2026/04/29 15:45:08,623000,11.493
2026/04/29 15:45:08,624000,11.493
2026/04/29 15:45:08,625000,11.487
2026/04/29 15:45:08,626000,11.487
2026/04/29 15:45:08,627000,11.493
2026/04/29 15:45:08,628000,11.493
2026/04/29 15:45:08,629000,11.493
2026/04/29 15:45:08,630000,11.490
2026/04/29 15:45:08,631000,11.490
2026/04/29 15:45:08,632000,11.493
2026/04/29 15:45:08,633000,11.496
2026/04/29 15:45:08,634000,11.496
2026/04/29 15:45:08,635000,11.490
2026/04/29 15:45:08,636000,11.496
2026/04/29 15:45:08,637000,11.496
2026/04/29 15:45:08,638000,11.493
2026/04/29 15:45:08,639000,11.493
2026/04/29 15:45:08,640000,11.493
2026/04/29 15:45:08,641000,11.493
2026/04/29 15:45:08,642000,11.496
2026/04/29 15:45:08,643000,11.496
2026/04/29 15:45:08,644000,11.493
2026/04/29 15:45:08,645000,11.490
2026/04/29 15:45:08,646000,11.493
2026/04/29 15:45:08,647000,11.499
2026/04/29 15:45:08,648000,11.487
2026/04/29 15:45:08,649000,11.493
2026/04/29 15:45:08,650000,11.493
2026/04/29 15:45:08,651000,11.496
2026/04/29 15:45:08,652000,11.487
2026/04/29 15:45:08,653000,11.496
2026/04/29 15:45:08,654000,11.493
2026/04/29 15:45:08,655000,11.499
2026/04/29 15:45:08,656000,11.493
2026/04/29 15:45:08,657000,11.493
2026/04/29 15:45:08,658000,11.487
2026/04/29 15:45:08,659000,11.496
2026/04/29 15:45:08,660000,11.493
2026/04/29 15:45:08,661000,11.490
2026/04/29 15:45:08,662000,11.496
2026/04/29 15:45:08,663000,11.490
2026/04/29 15:45:08,664000,11.490
2026/04/29 15:45:08,665000,11.493
2026/04/29 15:45:08,666000,11.487
2026/04/29 15:45:08,667000,11.487
2026/04/29 15:45:08,668000,11.496
2026/04/29 15:45:08,669000,11.487
2026/04/29 15:45:08,670000,11.490
2026/04/29 15:45:08,671000,11.490
2026/04/29 15:45:08,672000,11.490
2026/04/29 15:45:08,673000,11.487
2026/04/29 15:45:08,674000,11.499
2026/04/29 15:45:08,675000,11.496
2026/04/29 15:45:08,676000,11.490
2026/04/29 15:45:08,677000,11.493
2026/04/29 15:45:08,678000,11.493
2026/04/29 15:45:08,679000,11.490
2026/04/29 15:45:08,680000,11.490
2026/04/29 15:45:08,681000,11.496
2026/04/29 15:45:08,682000,11.493
2026/04/29 15:45:08,683000,11.487
2026/04/29 15:45:08,684000,11.496
2026/04/29 15:45:08,685000,11.496
2026/04/29 15:45:08,686000,11.499
2026/04/29 15:45:08,687000,11.493
2026/04/29 15:45:08,688000,11.493
2026/04/29 15:45:08,689000,11.490
2026/04/29 15:45:08,690000,11.493
2026/04/29 15:45:08,691000,11.496
2026/04/29 15:45:08,692000,11.490
2026/04/29 15:45:08,693000,11.490
2026/04/29 15:45:08,694000,11.496
2026/04/29 15:45:08,695000,11.493
2026/04/29 15:45:08,696000,11.501
2026/04/29 15:45:08,697000,11.490
2026/04/29 15:45:08,698000,11.487
2026/04/29 15:45:08,699000,11.493
2026/04/29 15:45:08,700000,11.493
2026/04/29 15:45:08,701000,11.493
2026/04/29 15:45:08,702000,11.493
2026/04/29 15:45:08,703000,11.504
2026/04/29 15:45:08,704000,11.487
2026/04/29 15:45:08,705000,11.499
2026/04/29 15:45:08,706000,11.493
2026/04/29 15:45:08,707000,11.493
2026/04/29 15:45:08,708000,11.493
2026/04/29 15:45:08,709000,11.493
2026/04/29 15:45:08,710000,11.490
2026/04/29 15:45:08,711000,11.493
2026/04/29 15:45:08,712000,11.490
2026/04/29 15:45:08,713000,11.496
2026/04/29 15:45:08,714000,11.487
2026/04/29 15:45:08,715000,11.496
2026/04/29 15:45:08,716000,11.496
2026/04/29 15:45:08,717000,11.493
2026/04/29 15:45:08,718000,11.496
2026/04/29 15:45:08,719000,11.487
2026/04/29 15:45:08,720000,11.490
2026/04/29 15:45:08,721000,11.490
2026/04/29 15:45:08,722000,11.487
2026/04/29 15:45:08,723000,11.493
2026/04/29 15:45:08,724000,11.496
2026/04/29 15:45:08,725000,11.499
2026/04/29 15:45:08,726000,11.493
2026/04/29 15:45:08,727000,11.490
2026/04/29 15:45:08,728000,11.493
2026/04/29 15:45:08,729000,11.487
2026/04/29 15:45:08,730000,11.490
2026/04/29 15:45:08,731000,11.490
2026/04/29 15:45:08,732000,11.485
2026/04/29 15:45:08,733000,11.493
2026/04/29 15:45:08,734000,11.493
2026/04/29 15:45:08,735000,11.493
2026/04/29 15:45:08,736000,11.490
2026/04/29 15:45:08,737000,11.496
2026/04/29 15:45:08,738000,11.499
2026/04/29 15:45:08,739000,11.490
2026/04/29 15:45:08,740000,11.496
2026/04/29 15:45:08,741000,11.496
2026/04/29 15:45:08,742000,11.485
2026/04/29 15:45:08,743000,11.493
2026/04/29 15:45:08,744000,11.487
2026/04/29 15:45:08,745000,11.493
2026/04/29 15:45:08,746000,11.487
2026/04/29 15:45:08,747000,11.499
2026/04/29 15:45:08,748000,11.490
2026/04/29 15:45:08,749000,11.493
2026/04/29 15:45:08,750000,11.490
2026/04/29 15:45:08,751000,11.496
2026/04/29 15:45:08,752000,11.493
2026/04/29 15:45:08,753000,11.493
2026/04/29 15:45:08,754000,11.493
2026/04/29 15:45:08,755000,11.490
2026/04/29 15:45:08,756000,11.490
2026/04/29 15:45:08,757000,11.501
2026/04/29 15:45:08,758000,11.496
2026/04/29 15:45:08,759000,11.496
2026/04/29 15:45:08,760000,11.490
2026/04/29 15:45:08,761000,11.499
2026/04/29 15:45:08,762000,11.490
2026/04/29 15:45:08,763000,11.493
2026/04/29 15:45:08,764000,11.490
2026/04/29 15:45:08,765000,11.487
2026/04/29 15:45:08,766000,11.496
2026/04/29 15:45:08,767000,11.493
2026/04/29 15:45:08,768000,11.496
2026/04/29 15:45:08,769000,11.490
2026/04/29 15:45:08,770000,11.493
2026/04/29 15:45:08,771000,11.493
2026/04/29 15:45:08,772000,11.490
2026/04/29 15:45:08,773000,11.485
2026/04/29 15:45:08,774000,11.487
2026/04/29 15:45:08,775000,11.487
2026/04/29 15:45:08,776000,11.493
2026/04/29 15:45:08,777000,11.487
2026/04/29 15:45:08,778000,11.490
2026/04/29 15:45:08,779000,11.487
2026/04/29 15:45:08,780000,11.493
2026/04/29 15:45:08,781000,11.490
2026/04/29 15:45:08,782000,11.499
2026/04/29 15:45:08,783000,11.493
2026/04/29 15:45:08,784000,11.496
2026/04/29 15:45:08,785000,11.490
2026/04/29 15:45:08,786000,11.490
2026/04/29 15:45:08,787000,11.493
2026/04/29 15:45:08,788000,11.490
2026/04/29 15:45:08,789000,11.493
2026/04/29 15:45:08,790000,11.493
2026/04/29 15:45:08,791000,11.499
2026/04/29 15:45:08,792000,11.493
2026/04/29 15:45:08,793000,11.487
2026/04/29 15:45:08,794000,11.496
2026/04/29 15:45:08,795000,11.493
2026/04/29 15:45:08,796000,11.485
2026/04/29 15:45:08,797000,11.490
2026/04/29 15:45:08,798000,11.493
2026/04/29 15:45:08,799000,11.490
2026/04/29 15:45:08,800000,11.493
2026/04/29 15:45:08,801000,11.485
2026/04/29 15:45:08,802000,11.496
2026/04/29 15:45:08,803000,11.499
2026/04/29 15:45:08,804000,11.487
2026/04/29 15:45:08,805000,11.493
2026/04/29 15:45:08,806000,11.490
2026/04/29 15:45:08,807000,11.493
2026/04/29 15:45:08,808000,11.490
2026/04/29 15:45:08,809000,11.487
2026/04/29 15:45:08,810000,11.490
2026/04/29 15:45:08,811000,11.496
2026/04/29 15:45:08,812000,11.493
2026/04/29 15:45:08,813000,11.493
2026/04/29 15:45:08,814000,11.496
2026/04/29 15:45:08,815000,11.499
2026/04/29 15:45:08,816000,11.493
2026/04/29 15:45:08,817000,11.493
2026/04/29 15:45:08,818000,11.493
2026/04/29 15:45:08,819000,11.493
2026/04/29 15:45:08,820000,11.490
2026/04/29 15:45:08,821000,11.499
2026/04/29 15:45:08,822000,11.482
2026/04/29 15:45:08,823000,11.490
2026/04/29 15:45:08,824000,11.496
2026/04/29 15:45:08,825000,11.487
2026/04/29 15:45:08,826000,11.487
2026/04/29 15:45:08,827000,11.487
2026/04/29 15:45:08,828000,11.493
2026/04/29 15:45:08,829000,11.493
2026/04/29 15:45:08,830000,11.493
2026/04/29 15:45:08,831000,11.496
2026/04/29 15:45:08,832000,11.496
2026/04/29 15:45:08,833000,11.485
2026/04/29 15:45:08,834000,11.496
2026/04/29 15:45:08,835000,11.493
2026/04/29 15:45:08,836000,11.493
2026/04/29 15:45:08,837000,11.490
2026/04/29 15:45:08,838000,11.493
2026/04/29 15:45:08,839000,11.493
2026/04/29 15:45:08,840000,11.496
2026/04/29 15:45:08,841000,11.493
2026/04/29 15:45:08,842000,11.490
2026/04/29 15:45:08,843000,11.496
2026/04/29 15:45:08,844000,11.496
2026/04/29 15:45:08,845000,11.499
2026/04/29 15:45:08,846000,11.493
2026/04/29 15:45:08,847000,11.490
2026/04/29 15:45:08,848000,11.490
2026/04/29 15:45:08,849000,11.490
2026/04/29 15:45:08,850000,11.499
2026/04/29 15:45:08,851000,11.496
2026/04/29 15:45:08,852000,11.493
2026/04/29 15:45:08,853000,11.487
2026/04/29 15:45:08,854000,11.490
2026/04/29 15:45:08,855000,11.493
2026/04/29 15:45:08,856000,11.490
2026/04/29 15:45:08,857000,11.493
2026/04/29 15:45:08,858000,11.490
2026/04/29 15:45:08,859000,11.490
2026/04/29 15:45:08,860000,11.496
2026/04/29 15:45:08,861000,11.490
2026/04/29 15:45:08,862000,11.493
2026/04/29 15:45:08,863000,11.490
2026/04/29 15:45:08,864000,11.499
2026/04/29 15:45:08,865000,11.493
2026/04/29 15:45:08,866000,11.490
2026/04/29 15:45:08,867000,11.493
2026/04/29 15:45:08,868000,11.487
2026/04/29 15:45:08,869000,11.490
2026/04/29 15:45:08,870000,11.493
2026/04/29 15:45:08,871000,11.496
2026/04/29 15:45:08,872000,11.493
2026/04/29 15:45:08,873000,11.493
2026/04/29 15:45:08,874000,11.496
2026/04/29 15:45:08,875000,11.487
2026/04/29 15:45:08,876000,11.499
2026/04/29 15:45:08,877000,11.493
2026/04/29 15:45:08,878000,11.493
2026/04/29 15:45:08,879000,11.496
2026/04/29 15:45:08,880000,11.493
2026/04/29 15:45:08,881000,11.490
2026/04/29 15:45:08,882000,11.493
2026/04/29 15:45:08,883000,11.496
2026/04/29 15:45:08,884000,11.493
2026/04/29 15:45:08,885000,11.493
2026/04/29 15:45:08,886000,11.496
2026/04/29 15:45:08,887000,11.485
2026/04/29 15:45:08,888000,11.496
2026/04/29 15:45:08,889000,11.493
2026/04/29 15:45:08,890000,11.490
2026/04/29 15:45:08,891000,11.487
2026/04/29 15:45:08,892000,11.490
2026/04/29 15:45:08,893000,11.496
2026/04/29 15:45:08,894000,11.490
2026/04/29 15:45:08,895000,11.493
2026/04/29 15:45:08,896000,11.490
2026/04/29 15:45:08,897000,11.490
2026/04/29 15:45:08,898000,11.490
2026/04/29 15:45:08,899000,11.493
2026/04/29 15:45:08,900000,11.493
2026/04/29 15:45:08,901000,11.493
2026/04/29 15:45:08,902000,11.493
2026/04/29 15:45:08,903000,11.493
2026/04/29 15:45:08,904000,11.493
2026/04/29 15:45:08,905000,11.496
2026/04/29 15:45:08,906000,11.487
2026/04/29 15:45:08,907000,11.490
2026/04/29 15:45:08,908000,11.496
2026/04/29 15:45:08,909000,11.490
2026/04/29 15:45:08,910000,11.490
2026/04/29 15:45:08,911000,11.493
2026/04/29 15:45:08,912000,11.496
2026/04/29 15:45:08,913000,11.490
2026/04/29 15:45:08,914000,11.490
2026/04/29 15:45:08,915000,11.487
2026/04/29 15:45:08,916000,11.487
2026/04/29 15:45:08,917000,11.493
2026/04/29 15:45:08,918000,11.493
2026/04/29 15:45:08,919000,11.493
2026/04/29 15:45:08,920000,11.493
2026/04/29 15:45:08,921000,11.490
2026/04/29 15:45:08,922000,11.493
2026/04/29 15:45:08,923000,11.499
2026/04/29 15:45:08,924000,11.493
2026/04/29 15:45:08,925000,11.493
2026/04/29 15:45:08,926000,11.493
2026/04/29 15:45:08,927000,11.493
2026/04/29 15:45:08,928000,11.499
2026/04/29 15:45:08,929000,11.490
2026/04/29 15:45:08,930000,11.490
2026/04/29 15:45:08,931000,11.493
2026/04/29 15:45:08,932000,11.493
2026/04/29 15:45:08,933000,11.493
2026/04/29 15:45:08,934000,11.493
2026/04/29 15:45:08,935000,11.496
2026/04/29 15:45:08,936000,11.493
2026/04/29 15:45:08,937000,11.490
2026/04/29 15:45:08,938000,11.493
2026/04/29 15:45:08,939000,11.490
2026/04/29 15:45:08,940000,11.490
2026/04/29 15:45:08,941000,11.493
2026/04/29 15:45:08,942000,11.490
2026/04/29 15:45:08,943000,11.487
2026/04/29 15:45:08,944000,11.493
2026/04/29 15:45:08,945000,11.490
2026/04/29 15:45:08,946000,11.493
2026/04/29 15:45:08,947000,11.493
2026/04/29 15:45:08,948000,11.490
2026/04/29 15:45:08,949000,11.493
2026/04/29 15:45:08,950000,11.499
2026/04/29 15:45:08,951000,11.499
2026/04/29 15:45:08,952000,11.490
2026/04/29 15:45:08,953000,11.490
2026/04/29 15:45:08,954000,11.490
2026/04/29 15:45:08,955000,11.493
2026/04/29 15:45:08,956000,11.496
2026/04/29 15:45:08,957000,11.493
2026/04/29 15:45:08,958000,11.487
2026/04/29 15:45:08,959000,11.493
2026/04/29 15:45:08,960000,11.493
2026/04/29 15:45:08,961000,11.496
2026/04/29 15:45:08,962000,11.490
2026/04/29 15:45:08,963000,11.490
2026/04/29 15:45:08,964000,11.493
2026/04/29 15:45:08,965000,11.490
2026/04/29 15:45:08,966000,11.496
2026/04/29 15:45:08,967000,11.485
2026/04/29 15:45:08,968000,11.501
2026/04/29 15:45:08,969000,11.493
2026/04/29 15:45:08,970000,11.499
2026/04/29 15:45:08,971000,11.493
2026/04/29 15:45:08,972000,11.490
2026/04/29 15:45:08,973000,11.496
2026/04/29 15:45:08,974000,11.501
2026/04/29 15:45:08,975000,11.490
2026/04/29 15:45:08,976000,11.490
2026/04/29 15:45:08,977000,11.496
2026/04/29 15:45:08,978000,11.493
2026/04/29 15:45:08,979000,11.487
2026/04/29 15:45:08,980000,11.493
2026/04/29 15:45:08,981000,11.490
2026/04/29 15:45:08,982000,11.496
2026/04/29 15:45:08,983000,11.490
2026/04/29 15:45:08,984000,11.490
2026/04/29 15:45:08,985000,11.490
2026/04/29 15:45:08,986000,11.496
2026/04/29 15:45:08,987000,11.493
2026/04/29 15:45:08,988000,11.493
2026/04/29 15:45:08,989000,11.496
2026/04/29 15:45:08,990000,11.490
2026/04/29 15:45:08,991000,11.493
2026/04/29 15:45:08,992000,11.493
2026/04/29 15:45:08,993000,11.493
2026/04/29 15:45:08,994000,11.490
2026/04/29 15:45:08,995000,11.493
2026/04/29 15:45:08,996000,11.496
2026/04/29 15:45:08,997000,11.496
2026/04/29 15:45:08,998000,11.493
2026/04/29 15:45:08,999000,11.493
2026/04/29 15:45:09,000000,11.496
2026/04/29 15:45:09,001000,11.496
2026/04/29 15:45:09,002000,11.493
2026/04/29 15:45:09,003000,11.493
2026/04/29 15:45:09,004000,11.493
2026/04/29 15:45:09,005000,11.496
2026/04/29 15:45:09,006000,11.490
2026/04/29 15:45:09,007000,11.493
2026/04/29 15:45:09,008000,11.496
2026/04/29 15:45:09,009000,11.490
2026/04/29 15:45:09,010000,11.493
2026/04/29 15:45:09,011000,11.493
2026/04/29 15:45:09,012000,11.496
2026/04/29 15:45:09,013000,11.493
2026/04/29 15:45:09,014000,11.487
2026/04/29 15:45:09,015000,11.499
2026/04/29 15:45:09,016000,11.485
2026/04/29 15:45:09,017000,11.493
2026/04/29 15:45:09,018000,11.493
2026/04/29 15:45:09,019000,11.490
2026/04/29 15:45:09,020000,11.499
2026/04/29 15:45:09,021000,11.493
2026/04/29 15:45:09,022000,11.493
2026/04/29 15:45:09,023000,11.493
2026/04/29 15:45:09,024000,11.493
2026/04/29 15:45:09,025000,11.493
2026/04/29 15:45:09,026000,11.493
2026/04/29 15:45:09,027000,11.499
2026/04/29 15:45:09,028000,11.493
2026/04/29 15:45:09,029000,11.496
2026/04/29 15:45:09,030000,11.499
2026/04/29 15:45:09,031000,11.490
2026/04/29 15:45:09,032000,11.490
2026/04/29 15:45:09,033000,11.490
2026/04/29 15:45:09,034000,11.485
2026/04/29 15:45:09,035000,11.493
2026/04/29 15:45:09,036000,11.487
2026/04/29 15:45:09,037000,11.493
2026/04/29 15:45:09,038000,11.490
2026/04/29 15:45:09,039000,11.490
2026/04/29 15:45:09,040000,11.493
2026/04/29 15:45:09,041000,11.493
2026/04/29 15:45:09,042000,11.493
2026/04/29 15:45:09,043000,11.493
2026/04/29 15:45:09,044000,11.493
2026/04/29 15:45:09,045000,11.496
2026/04/29 15:45:09,046000,11.485
2026/04/29 15:45:09,047000,11.496
2026/04/29 15:45:09,048000,11.490
2026/04/29 15:45:09,049000,11.487
2026/04/29 15:45:09,050000,11.490
2026/04/29 15:45:09,051000,11.499
2026/04/29 15:45:09,052000,11.493
2026/04/29 15:45:09,053000,11.493
2026/04/29 15:45:09,054000,11.487
2026/04/29 15:45:09,055000,11.493
2026/04/29 15:45:09,056000,11.490
2026/04/29 15:45:09,057000,11.493
2026/04/29 15:45:09,058000,11.496
2026/04/29 15:45:09,059000,11.493
2026/04/29 15:45:09,060000,11.493
2026/04/29 15:45:09,061000,11.496
2026/04/29 15:45:09,062000,11.490
2026/04/29 15:45:09,063000,11.490
2026/04/29 15:45:09,064000,11.490
2026/04/29 15:45:09,065000,11.496
2026/04/29 15:45:09,066000,11.490
2026/04/29 15:45:09,067000,11.493
2026/04/29 15:45:09,068000,11.493
2026/04/29 15:45:09,069000,11.493
2026/04/29 15:45:09,070000,11.490
2026/04/29 15:45:09,071000,11.496
2026/04/29 15:45:09,072000,11.496
2026/04/29 15:45:09,073000,11.490
2026/04/29 15:45:09,074000,11.490
2026/04/29 15:45:09,075000,11.493
2026/04/29 15:45:09,076000,11.501
2026/04/29 15:45:09,077000,11.493
2026/04/29 15:45:09,078000,11.493
2026/04/29 15:45:09,079000,11.490
2026/04/29 15:45:09,080000,11.493
2026/04/29 15:45:09,081000,11.496
2026/04/29 15:45:09,082000,11.496
2026/04/29 15:45:09,083000,11.490
2026/04/29 15:45:09,084000,11.493
2026/04/29 15:45:09,085000,11.493
2026/04/29 15:45:09,086000,11.490
2026/04/29 15:45:09,087000,11.496
2026/04/29 15:45:09,088000,11.490
2026/04/29 15:45:09,089000,11.490
2026/04/29 15:45:09,090000,11.487
2026/04/29 15:45:09,091000,11.490
2026/04/29 15:45:09,092000,11.493
2026/04/29 15:45:09,093000,11.490
2026/04/29 15:45:09,094000,11.493
2026/04/29 15:45:09,095000,11.493
2026/04/29 15:45:09,096000,11.496
2026/04/29 15:45:09,097000,11.493
2026/04/29 15:45:09,098000,11.493
2026/04/29 15:45:09,099000,11.493
2026/04/29 15:45:09,100000,11.493
2026/04/29 15:45:09,101000,11.496
2026/04/29 15:45:09,102000,11.496
2026/04/29 15:45:09,103000,11.496
2026/04/29 15:45:09,104000,11.490
2026/04/29 15:45:09,105000,11.496
2026/04/29 15:45:09,106000,11.490
2026/04/29 15:45:09,107000,11.496
2026/04/29 15:45:09,108000,11.499
2026/04/29 15:45:09,109000,11.496
2026/04/29 15:45:09,110000,11.493
2026/04/29 15:45:09,111000,11.496
2026/04/29 15:45:09,112000,11.493
2026/04/29 15:45:09,113000,11.487
2026/04/29 15:45:09,114000,11.496
2026/04/29 15:45:09,115000,11.496
2026/04/29 15:45:09,116000,11.490
2026/04/29 15:45:09,117000,11.493
2026/04/29 15:45:09,118000,11.493
2026/04/29 15:45:09,119000,11.496
2026/04/29 15:45:09,120000,11.493
2026/04/29 15:45:09,121000,11.493
2026/04/29 15:45:09,122000,11.485
2026/04/29 15:45:09,123000,11.493
2026/04/29 15:45:09,124000,11.487
2026/04/29 15:45:09,125000,11.499
2026/04/29 15:45:09,126000,11.496
2026/04/29 15:45:09,127000,11.496
2026/04/29 15:45:09,128000,11.490
2026/04/29 15:45:09,129000,11.493
2026/04/29 15:45:09,130000,11.490
2026/04/29 15:45:09,131000,11.493
2026/04/29 15:45:09,132000,11.487
2026/04/29 15:45:09,133000,11.496
2026/04/29 15:45:09,134000,11.496
2026/04/29 15:45:09,135000,11.496
2026/04/29 15:45:09,136000,11.493
2026/04/29 15:45:09,137000,11.493
2026/04/29 15:45:09,138000,11.493
2026/04/29 15:45:09,139000,11.493
2026/04/29 15:45:09,140000,11.499
2026/04/29 15:45:09,141000,11.490
2026/04/29 15:45:09,142000,11.496
2026/04/29 15:45:09,143000,11.493
2026/04/29 15:45:09,144000,11.496
2026/04/29 15:45:09,145000,11.493
2026/04/29 15:45:09,146000,11.496
2026/04/29 15:45:09,147000,11.493
2026/04/29 15:45:09,148000,11.496
2026/04/29 15:45:09,149000,11.493
2026/04/29 15:45:09,150000,11.499
2026/04/29 15:45:09,151000,11.493
2026/04/29 15:45:09,152000,11.490
2026/04/29 15:45:09,153000,11.496
2026/04/29 15:45:09,154000,11.493
2026/04/29 15:45:09,155000,11.496
2026/04/29 15:45:09,156000,11.487
2026/04/29 15:45:09,157000,11.493
2026/04/29 15:45:09,158000,11.496
2026/04/29 15:45:09,159000,11.490
2026/04/29 15:45:09,160000,11.496
2026/04/29 15:45:09,161000,11.490
2026/04/29 15:45:09,162000,11.490
2026/04/29 15:45:09,163000,11.493
2026/04/29 15:45:09,164000,11.487
2026/04/29 15:45:09,165000,11.493
2026/04/29 15:45:09,166000,11.493
2026/04/29 15:45:09,167000,11.493
2026/04/29 15:45:09,168000,11.493
2026/04/29 15:45:09,169000,11.490
2026/04/29 15:45:09,170000,11.490
2026/04/29 15:45:09,171000,11.490
2026/04/29 15:45:09,172000,11.493
2026/04/29 15:45:09,173000,11.493
2026/04/29 15:45:09,174000,11.490
2026/04/29 15:45:09,175000,11.490
2026/04/29 15:45:09,176000,11.499
2026/04/29 15:45:09,177000,11.493
2026/04/29 15:45:09,178000,11.487
2026/04/29 15:45:09,179000,11.493
2026/04/29 15:45:09,180000,11.493
2026/04/29 15:45:09,181000,11.490
2026/04/29 15:45:09,182000,11.493
2026/04/29 15:45:09,183000,11.493
2026/04/29 15:45:09,184000,11.490
2026/04/29 15:45:09,185000,11.490
2026/04/29 15:45:09,186000,11.487
2026/04/29 15:45:09,187000,11.490
2026/04/29 15:45:09,188000,11.490
2026/04/29 15:45:09,189000,11.493
2026/04/29 15:45:09,190000,11.490
2026/04/29 15:45:09,191000,11.487
2026/04/29 15:45:09,192000,11.490
2026/04/29 15:45:09,193000,11.493
2026/04/29 15:45:09,194000,11.493
2026/04/29 15:45:09,195000,11.493
2026/04/29 15:45:09,196000,11.493
2026/04/29 15:45:09,197000,11.493
2026/04/29 15:45:09,198000,11.496
2026/04/29 15:45:09,199000,11.493
2026/04/29 15:45:09,200000,11.493
2026/04/29 15:45:09,201000,11.496
2026/04/29 15:45:09,202000,11.493
2026/04/29 15:45:09,203000,11.487
2026/04/29 15:45:09,204000,11.496
2026/04/29 15:45:09,205000,11.496
2026/04/29 15:45:09,206000,11.490
2026/04/29 15:45:09,207000,11.490
2026/04/29 15:45:09,208000,11.493
2026/04/29 15:45:09,209000,11.490
2026/04/29 15:45:09,210000,11.493
2026/04/29 15:45:09,211000,11.490
2026/04/29 15:45:09,212000,11.493
2026/04/29 15:45:09,213000,11.493
2026/04/29 15:45:09,214000,11.493
2026/04/29 15:45:09,215000,11.490
2026/04/29 15:45:09,216000,11.493
2026/04/29 15:45:09,217000,11.493
2026/04/29 15:45:09,218000,11.493
2026/04/29 15:45:09,219000,11.493
2026/04/29 15:45:09,220000,11.496
2026/04/29 15:45:09,221000,11.499
2026/04/29 15:45:09,222000,11.487
2026/04/29 15:45:09,223000,11.490
2026/04/29 15:45:09,224000,11.493
2026/04/29 15:45:09,225000,11.496
2026/04/29 15:45:09,226000,11.490
2026/04/29 15:45:09,227000,11.490
2026/04/29 15:45:09,228000,11.496
2026/04/29 15:45:09,229000,11.493
2026/04/29 15:45:09,230000,11.490
2026/04/29 15:45:09,231000,11.493
2026/04/29 15:45:09,232000,11.487
2026/04/29 15:45:09,233000,11.487
2026/04/29 15:45:09,234000,11.487
2026/04/29 15:45:09,235000,11.507
2026/04/29 15:45:09,236000,11.496
2026/04/29 15:45:09,237000,11.487
2026/04/29 15:45:09,238000,11.496
2026/04/29 15:45:09,239000,11.485
2026/04/29 15:45:09,240000,11.490
2026/04/29 15:45:09,241000,11.487
2026/04/29 15:45:09,242000,11.487
2026/04/29 15:45:09,243000,11.487
2026/04/29 15:45:09,244000,11.493
2026/04/29 15:45:09,245000,11.493
2026/04/29 15:45:09,246000,11.487
2026/04/29 15:45:09,247000,11.499
2026/04/29 15:45:09,248000,11.493
2026/04/29 15:45:09,249000,11.493
2026/04/29 15:45:09,250000,11.490
2026/04/29 15:45:09,251000,11.493
2026/04/29 15:45:09,252000,11.496
2026/04/29 15:45:09,253000,11.499
2026/04/29 15:45:09,254000,11.487
2026/04/29 15:45:09,255000,11.496
2026/04/29 15:45:09,256000,11.493
2026/04/29 15:45:09,257000,11.490
2026/04/29 15:45:09,258000,11.487
2026/04/29 15:45:09,259000,11.490
2026/04/29 15:45:09,260000,11.496
2026/04/29 15:45:09,261000,11.487
2026/04/29 15:45:09,262000,11.496
2026/04/29 15:45:09,263000,11.496
2026/04/29 15:45:09,264000,11.493
2026/04/29 15:45:09,265000,11.493
2026/04/29 15:45:09,266000,11.499
2026/04/29 15:45:09,267000,11.493
2026/04/29 15:45:09,268000,11.499
2026/04/29 15:45:09,269000,11.493
2026/04/29 15:45:09,270000,11.490
2026/04/29 15:45:09,271000,11.493
2026/04/29 15:45:09,272000,11.490
2026/04/29 15:45:09,273000,11.493
2026/04/29 15:45:09,274000,11.499
2026/04/29 15:45:09,275000,11.493
2026/04/29 15:45:09,276000,11.493
2026/04/29 15:45:09,277000,11.485
2026/04/29 15:45:09,278000,11.485
2026/04/29 15:45:09,279000,11.493
2026/04/29 15:45:09,280000,11.490
2026/04/29 15:45:09,281000,11.493
2026/04/29 15:45:09,282000,11.496
2026/04/29 15:45:09,283000,11.493
2026/04/29 15:45:09,284000,11.493
2026/04/29 15:45:09,285000,11.490
2026/04/29 15:45:09,286000,11.493
2026/04/29 15:45:09,287000,11.493
2026/04/29 15:45:09,288000,11.493
2026/04/29 15:45:09,289000,11.493
2026/04/29 15:45:09,290000,11.485
2026/04/29 15:45:09,291000,11.493
2026/04/29 15:45:09,292000,11.490
2026/04/29 15:45:09,293000,11.493
2026/04/29 15:45:09,294000,11.490
2026/04/29 15:45:09,295000,11.490
2026/04/29 15:45:09,296000,11.493
2026/04/29 15:45:09,297000,11.490
2026/04/29 15:45:09,298000,11.490
2026/04/29 15:45:09,299000,11.490
2026/04/29 15:45:09,300000,11.499
2026/04/29 15:45:09,301000,11.493
2026/04/29 15:45:09,302000,11.493
2026/04/29 15:45:09,303000,11.496
2026/04/29 15:45:09,304000,11.493
2026/04/29 15:45:09,305000,11.496
2026/04/29 15:45:09,306000,11.493
2026/04/29 15:45:09,307000,11.493
2026/04/29 15:45:09,308000,11.490
2026/04/29 15:45:09,309000,11.490
2026/04/29 15:45:09,310000,11.490
2026/04/29 15:45:09,311000,11.493
2026/04/29 15:45:09,312000,11.487
2026/04/29 15:45:09,313000,11.496
2026/04/29 15:45:09,314000,11.487
2026/04/29 15:45:09,315000,11.496
2026/04/29 15:45:09,316000,11.493
2026/04/29 15:45:09,317000,11.496
2026/04/29 15:45:09,318000,11.490
2026/04/29 15:45:09,319000,11.493
2026/04/29 15:45:09,320000,11.490
2026/04/29 15:45:09,321000,11.496
2026/04/29 15:45:09,322000,11.490
2026/04/29 15:45:09,323000,11.493
2026/04/29 15:45:09,324000,11.490
2026/04/29 15:45:09,325000,11.493
2026/04/29 15:45:09,326000,11.499
2026/04/29 15:45:09,327000,11.493
2026/04/29 15:45:09,328000,11.493
2026/04/29 15:45:09,329000,11.490
2026/04/29 15:45:09,330000,11.490
2026/04/29 15:45:09,331000,11.490
2026/04/29 15:45:09,332000,11.496
2026/04/29 15:45:09,333000,11.493
2026/04/29 15:45:09,334000,11.487
2026/04/29 15:45:09,335000,11.493
2026/04/29 15:45:09,336000,11.493
2026/04/29 15:45:09,337000,11.490
2026/04/29 15:45:09,338000,11.487
2026/04/29 15:45:09,339000,11.493
2026/04/29 15:45:09,340000,11.493
2026/04/29 15:45:09,341000,11.496
2026/04/29 15:45:09,342000,11.493
2026/04/29 15:45:09,343000,11.487
2026/04/29 15:45:09,344000,11.493
2026/04/29 15:45:09,345000,11.493
2026/04/29 15:45:09,346000,11.496
2026/04/29 15:45:09,347000,11.493
2026/04/29 15:45:09,348000,11.482
2026/04/29 15:45:09,349000,11.490
2026/04/29 15:45:09,350000,11.493
2026/04/29 15:45:09,351000,11.490
2026/04/29 15:45:09,352000,11.493
2026/04/29 15:45:09,353000,11.490
2026/04/29 15:45:09,354000,11.490
2026/04/29 15:45:09,355000,11.493
2026/04/29 15:45:09,356000,11.493
2026/04/29 15:45:09,357000,11.499
2026/04/29 15:45:09,358000,11.493
2026/04/29 15:45:09,359000,11.493
2026/04/29 15:45:09,360000,11.490
2026/04/29 15:45:09,361000,11.490
2026/04/29 15:45:09,362000,11.496
2026/04/29 15:45:09,363000,11.496
2026/04/29 15:45:09,364000,11.493
2026/04/29 15:45:09,365000,11.493
2026/04/29 15:45:09,366000,11.493
2026/04/29 15:45:09,367000,11.493
2026/04/29 15:45:09,368000,11.490
2026/04/29 15:45:09,369000,11.496
2026/04/29 15:45:09,370000,11.485
2026/04/29 15:45:09,371000,11.490
2026/04/29 15:45:09,372000,11.504
2026/04/29 15:45:09,373000,11.496
2026/04/29 15:45:09,374000,11.496
2026/04/29 15:45:09,375000,11.490
2026/04/29 15:45:09,376000,11.493
2026/04/29 15:45:09,377000,11.490
2026/04/29 15:45:09,378000,11.496
2026/04/29 15:45:09,379000,11.496
2026/04/29 15:45:09,380000,11.496
2026/04/29 15:45:09,381000,11.496
2026/04/29 15:45:09,382000,11.490
2026/04/29 15:45:09,383000,11.493
2026/04/29 15:45:09,384000,11.490
2026/04/29 15:45:09,385000,11.490
2026/04/29 15:45:09,386000,11.490
2026/04/29 15:45:09,387000,11.499
2026/04/29 15:45:09,388000,11.496
2026/04/29 15:45:09,389000,11.496
2026/04/29 15:45:09,390000,11.501
2026/04/29 15:45:09,391000,11.493
2026/04/29 15:45:09,392000,11.496
2026/04/29 15:45:09,393000,11.493
2026/04/29 15:45:09,394000,11.493
2026/04/29 15:45:09,395000,11.496
2026/04/29 15:45:09,396000,11.490
2026/04/29 15:45:09,397000,11.490
2026/04/29 15:45:09,398000,11.493
2026/04/29 15:45:09,399000,11.493
2026/04/29 15:45:09,400000,11.496
2026/04/29 15:45:09,401000,11.496
2026/04/29 15:45:09,402000,11.493
2026/04/29 15:45:09,403000,11.493
2026/04/29 15:45:09,404000,11.493
2026/04/29 15:45:09,405000,11.493
2026/04/29 15:45:09,406000,11.493
2026/04/29 15:45:09,407000,11.493
2026/04/29 15:45:09,408000,11.487
2026/04/29 15:45:09,409000,11.499
2026/04/29 15:45:09,410000,11.493
2026/04/29 15:45:09,411000,11.487
2026/04/29 15:45:09,412000,11.493
2026/04/29 15:45:09,413000,11.490
2026/04/29 15:45:09,414000,11.496
2026/04/29 15:45:09,415000,11.493
2026/04/29 15:45:09,416000,11.493
2026/04/29 15:45:09,417000,11.499
2026/04/29 15:45:09,418000,11.490
2026/04/29 15:45:09,419000,11.493
2026/04/29 15:45:09,420000,11.490
2026/04/29 15:45:09,421000,11.487
2026/04/29 15:45:09,422000,11.493
2026/04/29 15:45:09,423000,11.490
2026/04/29 15:45:09,424000,11.490
2026/04/29 15:45:09,425000,11.490
2026/04/29 15:45:09,426000,11.496
2026/04/29 15:45:09,427000,11.493
2026/04/29 15:45:09,428000,11.490
2026/04/29 15:45:09,429000,11.496
2026/04/29 15:45:09,430000,11.493
2026/04/29 15:45:09,431000,11.487
2026/04/29 15:45:09,432000,11.490
2026/04/29 15:45:09,433000,11.493
2026/04/29 15:45:09,434000,11.496
2026/04/29 15:45:09,435000,11.493
2026/04/29 15:45:09,436000,11.493
2026/04/29 15:45:09,437000,11.493
2026/04/29 15:45:09,438000,11.490
2026/04/29 15:45:09,439000,11.490
2026/04/29 15:45:09,440000,11.487
2026/04/29 15:45:09,441000,11.487
2026/04/29 15:45:09,442000,11.493
2026/04/29 15:45:09,443000,11.487
2026/04/29 15:45:09,444000,11.493
2026/04/29 15:45:09,445000,11.493
2026/04/29 15:45:09,446000,11.487
2026/04/29 15:45:09,447000,11.493
2026/04/29 15:45:09,448000,11.490
2026/04/29 15:45:09,449000,11.501
2026/04/29 15:45:09,450000,11.487
2026/04/29 15:45:09,451000,11.493
2026/04/29 15:45:09,452000,11.501
2026/04/29 15:45:09,453000,11.493
2026/04/29 15:45:09,454000,11.493
2026/04/29 15:45:09,455000,11.493
2026/04/29 15:45:09,456000,11.493
2026/04/29 15:45:09,457000,11.490
2026/04/29 15:45:09,458000,11.485
2026/04/29 15:45:09,459000,11.499
2026/04/29 15:45:09,460000,11.490
2026/04/29 15:45:09,461000,11.493
2026/04/29 15:45:09,462000,11.490
2026/04/29 15:45:09,463000,11.493
2026/04/29 15:45:09,464000,11.496
2026/04/29 15:45:09,465000,11.493
2026/04/29 15:45:09,466000,11.493
2026/04/29 15:45:09,467000,11.493
2026/04/29 15:45:09,468000,11.493
2026/04/29 15:45:09,469000,11.496
2026/04/29 15:45:09,470000,11.493
2026/04/29 15:45:09,471000,11.493
2026/04/29 15:45:09,472000,11.490
2026/04/29 15:45:09,473000,11.493
2026/04/29 15:45:09,474000,11.493
2026/04/29 15:45:09,475000,11.487
2026/04/29 15:45:09,476000,11.487
2026/04/29 15:45:09,477000,11.496
2026/04/29 15:45:09,478000,11.490
2026/04/29 15:45:09,479000,11.493
2026/04/29 15:45:09,480000,11.499
2026/04/29 15:45:09,481000,11.499
2026/04/29 15:45:09,482000,11.493
2026/04/29 15:45:09,483000,11.493
2026/04/29 15:45:09,484000,11.493
2026/04/29 15:45:09,485000,11.493
2026/04/29 15:45:09,486000,11.490
2026/04/29 15:45:09,487000,11.496
2026/04/29 15:45:09,488000,11.487
2026/04/29 15:45:09,489000,11.499
2026/04/29 15:45:09,490000,11.493
2026/04/29 15:45:09,491000,11.493
2026/04/29 15:45:09,492000,11.490
2026/04/29 15:45:09,493000,11.482
2026/04/29 15:45:09,494000,11.493
2026/04/29 15:45:09,495000,11.493
2026/04/29 15:45:09,496000,11.496
2026/04/29 15:45:09,497000,11.496
2026/04/29 15:45:09,498000,11.496
2026/04/29 15:45:09,499000,11.487
2026/04/29 15:45:09,500000,11.493
2026/04/29 15:45:09,501000,11.493
2026/04/29 15:45:09,502000,11.493
2026/04/29 15:45:09,503000,11.496
2026/04/29 15:45:09,504000,11.487
2026/04/29 15:45:09,505000,11.485
2026/04/29 15:45:09,506000,11.490
2026/04/29 15:45:09,507000,11.493
2026/04/29 15:45:09,508000,11.490
2026/04/29 15:45:09,509000,11.490
2026/04/29 15:45:09,510000,11.490
2026/04/29 15:45:09,511000,11.496
2026/04/29 15:45:09,512000,11.490
2026/04/29 15:45:09,513000,11.493
2026/04/29 15:45:09,514000,11.490
2026/04/29 15:45:09,515000,11.496
2026/04/29 15:45:09,516000,11.493
2026/04/29 15:45:09,517000,11.490
2026/04/29 15:45:09,518000,11.496
2026/04/29 15:45:09,519000,11.490
2026/04/29 15:45:09,520000,11.490
2026/04/29 15:45:09,521000,11.490
2026/04/29 15:45:09,522000,11.493
2026/04/29 15:45:09,523000,11.490
2026/04/29 15:45:09,524000,11.490
2026/04/29 15:45:09,525000,11.490
2026/04/29 15:45:09,526000,11.493
2026/04/29 15:45:09,527000,11.493
2026/04/29 15:45:09,528000,11.493
2026/04/29 15:45:09,529000,11.490
2026/04/29 15:45:09,530000,11.493
2026/04/29 15:45:09,531000,11.493
2026/04/29 15:45:09,532000,11.493
2026/04/29 15:45:09,533000,11.490
2026/04/29 15:45:09,534000,11.493
2026/04/29 15:45:09,535000,11.493
2026/04/29 15:45:09,536000,11.493
2026/04/29 15:45:09,537000,11.493
2026/04/29 15:45:09,538000,11.487
2026/04/29 15:45:09,539000,11.493
2026/04/29 15:45:09,540000,11.493
2026/04/29 15:45:09,541000,11.490
2026/04/29 15:45:09,542000,11.493
2026/04/29 15:45:09,543000,11.501
2026/04/29 15:45:09,544000,11.493
2026/04/29 15:45:09,545000,11.493
2026/04/29 15:45:09,546000,11.493
2026/04/29 15:45:09,547000,11.496
2026/04/29 15:45:09,548000,11.496
2026/04/29 15:45:09,549000,11.490
2026/04/29 15:45:09,550000,11.490
2026/04/29 15:45:09,551000,11.496
2026/04/29 15:45:09,552000,11.493
2026/04/29 15:45:09,553000,11.490
2026/04/29 15:45:09,554000,11.493
2026/04/29 15:45:09,555000,11.493
2026/04/29 15:45:09,556000,11.493
2026/04/29 15:45:09,557000,11.496
2026/04/29 15:45:09,558000,11.490
2026/04/29 15:45:09,559000,11.490
2026/04/29 15:45:09,560000,11.493
2026/04/29 15:45:09,561000,11.496
2026/04/29 15:45:09,562000,11.493
2026/04/29 15:45:09,563000,11.493
2026/04/29 15:45:09,564000,11.493
2026/04/29 15:45:09,565000,11.496
2026/04/29 15:45:09,566000,11.490
2026/04/29 15:45:09,567000,11.487
2026/04/29 15:45:09,568000,11.493
2026/04/29 15:45:09,569000,11.493
2026/04/29 15:45:09,570000,11.499
2026/04/29 15:45:09,571000,11.493
2026/04/29 15:45:09,572000,11.499
2026/04/29 15:45:09,573000,11.496
2026/04/29 15:45:09,574000,11.487
2026/04/29 15:45:09,575000,11.496
2026/04/29 15:45:09,576000,11.499
2026/04/29 15:45:09,577000,11.490
2026/04/29 15:45:09,578000,11.496
2026/04/29 15:45:09,579000,11.496
2026/04/29 15:45:09,580000,11.493
2026/04/29 15:45:09,581000,11.490
2026/04/29 15:45:09,582000,11.496
2026/04/29 15:45:09,583000,11.493
2026/04/29 15:45:09,584000,11.490
2026/04/29 15:45:09,585000,11.499
2026/04/29 15:45:09,586000,11.490
2026/04/29 15:45:09,587000,11.493
2026/04/29 15:45:09,588000,11.496
2026/04/29 15:45:09,589000,11.490
2026/04/29 15:45:09,590000,11.493
2026/04/29 15:45:09,591000,11.496
2026/04/29 15:45:09,592000,11.487
2026/04/29 15:45:09,593000,11.493
2026/04/29 15:45:09,594000,11.493
2026/04/29 15:45:09,595000,11.493
2026/04/29 15:45:09,596000,11.493
2026/04/29 15:45:09,597000,11.493
2026/04/29 15:45:09,598000,11.493
2026/04/29 15:45:09,599000,11.493
2026/04/29 15:45:09,600000,11.496
2026/04/29 15:45:09,601000,11.493
2026/04/29 15:45:09,602000,11.499
2026/04/29 15:45:09,603000,11.493
2026/04/29 15:45:09,604000,11.493
2026/04/29 15:45:09,605000,11.490
2026/04/29 15:45:09,606000,11.490
2026/04/29 15:45:09,607000,11.490
2026/04/29 15:45:09,608000,11.496
2026/04/29 15:45:09,609000,11.490
2026/04/29 15:45:09,610000,11.496
2026/04/29 15:45:09,611000,11.487
2026/04/29 15:45:09,612000,11.487
2026/04/29 15:45:09,613000,11.487
2026/04/29 15:45:09,614000,11.496
2026/04/29 15:45:09,615000,11.493
2026/04/29 15:45:09,616000,11.490
2026/04/29 15:45:09,617000,11.485
2026/04/29 15:45:09,618000,11.493
2026/04/29 15:45:09,619000,11.493
2026/04/29 15:45:09,620000,11.490
2026/04/29 15:45:09,621000,11.493
2026/04/29 15:45:09,622000,11.496
2026/04/29 15:45:09,623000,11.499
2026/04/29 15:45:09,624000,11.499
2026/04/29 15:45:09,625000,11.493
2026/04/29 15:45:09,626000,11.499
2026/04/29 15:45:09,627000,11.493
2026/04/29 15:45:09,628000,11.490
2026/04/29 15:45:09,629000,11.493
2026/04/29 15:45:09,630000,11.493
2026/04/29 15:45:09,631000,11.499
2026/04/29 15:45:09,632000,11.493
2026/04/29 15:45:09,633000,11.487
2026/04/29 15:45:09,634000,11.493
2026/04/29 15:45:09,635000,11.485
2026/04/29 15:45:09,636000,11.487
2026/04/29 15:45:09,637000,11.485
2026/04/29 15:45:09,638000,11.496
2026/04/29 15:45:09,639000,11.490
2026/04/29 15:45:09,640000,11.496
2026/04/29 15:45:09,641000,11.490
2026/04/29 15:45:09,642000,11.487
2026/04/29 15:45:09,643000,11.493
2026/04/29 15:45:09,644000,11.493
2026/04/29 15:45:09,645000,11.499
2026/04/29 15:45:09,646000,11.490
2026/04/29 15:45:09,647000,11.493
2026/04/29 15:45:09,648000,11.487
2026/04/29 15:45:09,649000,11.493
2026/04/29 15:45:09,650000,11.490
2026/04/29 15:45:09,651000,11.490
2026/04/29 15:45:09,652000,11.496
2026/04/29 15:45:09,653000,11.496
2026/04/29 15:45:09,654000,11.493
2026/04/29 15:45:09,655000,11.493
2026/04/29 15:45:09,656000,11.493
2026/04/29 15:45:09,657000,11.493
2026/04/29 15:45:09,658000,11.493
2026/04/29 15:45:09,659000,11.490
2026/04/29 15:45:09,660000,11.490
2026/04/29 15:45:09,661000,11.490
2026/04/29 15:45:09,662000,11.493
2026/04/29 15:45:09,663000,11.493
2026/04/29 15:45:09,664000,11.490
2026/04/29 15:45:09,665000,11.496
2026/04/29 15:45:09,666000,11.493
2026/04/29 15:45:09,667000,11.493
2026/04/29 15:45:09,668000,11.493
2026/04/29 15:45:09,669000,11.493
2026/04/29 15:45:09,670000,11.490
2026/04/29 15:45:09,671000,11.487
2026/04/29 15:45:09,672000,11.493
2026/04/29 15:45:09,673000,11.490
2026/04/29 15:45:09,674000,11.490
2026/04/29 15:45:09,675000,11.487
2026/04/29 15:45:09,676000,11.490
2026/04/29 15:45:09,677000,11.487
2026/04/29 15:45:09,678000,11.490
2026/04/29 15:45:09,679000,11.496
2026/04/29 15:45:09,680000,11.496
2026/04/29 15:45:09,681000,11.496
2026/04/29 15:45:09,682000,11.493
2026/04/29 15:45:09,683000,11.490
2026/04/29 15:45:09,684000,11.499
2026/04/29 15:45:09,685000,11.493
2026/04/29 15:45:09,686000,11.496
2026/04/29 15:45:09,687000,11.493
2026/04/29 15:45:09,688000,11.493
2026/04/29 15:45:09,689000,11.490
2026/04/29 15:45:09,690000,11.493
2026/04/29 15:45:09,691000,11.490
2026/04/29 15:45:09,692000,11.490
2026/04/29 15:45:09,693000,11.490
2026/04/29 15:45:09,694000,11.490
2026/04/29 15:45:09,695000,11.493
2026/04/29 15:45:09,696000,11.496
2026/04/29 15:45:09,697000,11.493
2026/04/29 15:45:09,698000,11.496
2026/04/29 15:45:09,699000,11.493
2026/04/29 15:45:09,700000,11.499
2026/04/29 15:45:09,701000,11.490
2026/04/29 15:45:09,702000,11.487
2026/04/29 15:45:09,703000,11.496
2026/04/29 15:45:09,704000,11.493
2026/04/29 15:45:09,705000,11.485
2026/04/29 15:45:09,706000,11.493
2026/04/29 15:45:09,707000,11.493
2026/04/29 15:45:09,708000,11.501
2026/04/29 15:45:09,709000,11.496
2026/04/29 15:45:09,710000,11.493
2026/04/29 15:45:09,711000,11.487
2026/04/29 15:45:09,712000,11.496
2026/04/29 15:45:09,713000,11.490
2026/04/29 15:45:09,714000,11.490
2026/04/29 15:45:09,715000,11.499
2026/04/29 15:45:09,716000,11.496
2026/04/29 15:45:09,717000,11.496
2026/04/29 15:45:09,718000,11.493
2026/04/29 15:45:09,719000,11.493
2026/04/29 15:45:09,720000,11.493
2026/04/29 15:45:09,721000,11.490
2026/04/29 15:45:09,722000,11.493
2026/04/29 15:45:09,723000,11.499
2026/04/29 15:45:09,724000,11.493
2026/04/29 15:45:09,725000,11.490
2026/04/29 15:45:09,726000,11.496
2026/04/29 15:45:09,727000,11.493
2026/04/29 15:45:09,728000,11.490
2026/04/29 15:45:09,729000,11.487
2026/04/29 15:45:09,730000,11.496
2026/04/29 15:45:09,731000,11.487
2026/04/29 15:45:09,732000,11.490
2026/04/29 15:45:09,733000,11.493
2026/04/29 15:45:09,734000,11.493
2026/04/29 15:45:09,735000,11.487
2026/04/29 15:45:09,736000,11.493
2026/04/29 15:45:09,737000,11.496
2026/04/29 15:45:09,738000,11.490
2026/04/29 15:45:09,739000,11.490
2026/04/29 15:45:09,740000,11.490
2026/04/29 15:45:09,741000,11.490
2026/04/29 15:45:09,742000,11.493
2026/04/29 15:45:09,743000,11.490
2026/04/29 15:45:09,744000,11.493
2026/04/29 15:45:09,745000,11.493
2026/04/29 15:45:09,746000,11.496
2026/04/29 15:45:09,747000,11.490
2026/04/29 15:45:09,748000,11.493
2026/04/29 15:45:09,749000,11.490
2026/04/29 15:45:09,750000,11.490
2026/04/29 15:45:09,751000,11.496
2026/04/29 15:45:09,752000,11.490
2026/04/29 15:45:09,753000,11.493
2026/04/29 15:45:09,754000,11.496
2026/04/29 15:45:09,755000,11.487
2026/04/29 15:45:09,756000,11.499
2026/04/29 15:45:09,757000,11.499
2026/04/29 15:45:09,758000,11.493
2026/04/29 15:45:09,759000,11.496
2026/04/29 15:45:09,760000,11.493
2026/04/29 15:45:09,761000,11.490
2026/04/29 15:45:09,762000,11.487
2026/04/29 15:45:09,763000,11.487
2026/04/29 15:45:09,764000,11.496
2026/04/29 15:45:09,765000,11.493
2026/04/29 15:45:09,766000,11.487
2026/04/29 15:45:09,767000,11.490
2026/04/29 15:45:09,768000,11.493
2026/04/29 15:45:09,769000,11.487
2026/04/29 15:45:09,770000,11.493
2026/04/29 15:45:09,771000,11.490
2026/04/29 15:45:09,772000,11.487
2026/04/29 15:45:09,773000,11.490
2026/04/29 15:45:09,774000,11.490
2026/04/29 15:45:09,775000,11.487
2026/04/29 15:45:09,776000,11.499
2026/04/29 15:45:09,777000,11.496
2026/04/29 15:45:09,778000,11.501
2026/04/29 15:45:09,779000,11.493
2026/04/29 15:45:09,780000,11.487
2026/04/29 15:45:09,781000,11.493
2026/04/29 15:45:09,782000,11.499
2026/04/29 15:45:09,783000,11.493
2026/04/29 15:45:09,784000,11.487
2026/04/29 15:45:09,785000,11.490
2026/04/29 15:45:09,786000,11.490
2026/04/29 15:45:09,787000,11.493
2026/04/29 15:45:09,788000,11.493
2026/04/29 15:45:09,789000,11.490
2026/04/29 15:45:09,790000,11.490
2026/04/29 15:45:09,791000,11.493
2026/04/29 15:45:09,792000,11.493
2026/04/29 15:45:09,793000,11.496
2026/04/29 15:45:09,794000,11.499
2026/04/29 15:45:09,795000,11.499
2026/04/29 15:45:09,796000,11.490
2026/04/29 15:45:09,797000,11.496
2026/04/29 15:45:09,798000,11.496
2026/04/29 15:45:09,799000,11.490
2026/04/29 15:45:09,800000,11.493
2026/04/29 15:45:09,801000,11.496
2026/04/29 15:45:09,802000,11.485
2026/04/29 15:45:09,803000,11.496
2026/04/29 15:45:09,804000,11.493
2026/04/29 15:45:09,805000,11.487
2026/04/29 15:45:09,806000,11.490
2026/04/29 15:45:09,807000,11.493
2026/04/29 15:45:09,808000,11.490
2026/04/29 15:45:09,809000,11.493
2026/04/29 15:45:09,810000,11.490
2026/04/29 15:45:09,811000,11.493
2026/04/29 15:45:09,812000,11.493
2026/04/29 15:45:09,813000,11.490
2026/04/29 15:45:09,814000,11.499
2026/04/29 15:45:09,815000,11.487
2026/04/29 15:45:09,816000,11.490
2026/04/29 15:45:09,817000,11.496
2026/04/29 15:45:09,818000,11.496
2026/04/29 15:45:09,819000,11.493
2026/04/29 15:45:09,820000,11.493
2026/04/29 15:45:09,821000,11.490
2026/04/29 15:45:09,822000,11.496
2026/04/29 15:45:09,823000,11.493
2026/04/29 15:45:09,824000,11.490
2026/04/29 15:45:09,825000,11.490
2026/04/29 15:45:09,826000,11.493
2026/04/29 15:45:09,827000,11.487
2026/04/29 15:45:09,828000,11.493
2026/04/29 15:45:09,829000,11.493
2026/04/29 15:45:09,830000,11.490
2026/04/29 15:45:09,831000,11.493
2026/04/29 15:45:09,832000,11.496
2026/04/29 15:45:09,833000,11.493
2026/04/29 15:45:09,834000,11.490
2026/04/29 15:45:09,835000,11.490
2026/04/29 15:45:09,836000,11.499
2026/04/29 15:45:09,837000,11.490
2026/04/29 15:45:09,838000,11.493
2026/04/29 15:45:09,839000,11.490
2026/04/29 15:45:09,840000,11.493
2026/04/29 15:45:09,841000,11.493
2026/04/29 15:45:09,842000,11.496
2026/04/29 15:45:09,843000,11.490
2026/04/29 15:45:09,844000,11.493
2026/04/29 15:45:09,845000,11.490
2026/04/29 15:45:09,846000,11.490
2026/04/29 15:45:09,847000,11.490
2026/04/29 15:45:09,848000,11.493
2026/04/29 15:45:09,849000,11.487
2026/04/29 15:45:09,850000,11.499
2026/04/29 15:45:09,851000,11.493
2026/04/29 15:45:09,852000,11.493
2026/04/29 15:45:09,853000,11.496
2026/04/29 15:45:09,854000,11.493
2026/04/29 15:45:09,855000,11.490
2026/04/29 15:45:09,856000,11.490
2026/04/29 15:45:09,857000,11.487
2026/04/29 15:45:09,858000,11.490
2026/04/29 15:45:09,859000,11.496
2026/04/29 15:45:09,860000,11.496
2026/04/29 15:45:09,861000,11.493
2026/04/29 15:45:09,862000,11.493
2026/04/29 15:45:09,863000,11.496
2026/04/29 15:45:09,864000,11.496
2026/04/29 15:45:09,865000,11.487
2026/04/29 15:45:09,866000,11.496
2026/04/29 15:45:09,867000,11.493
2026/04/29 15:45:09,868000,11.485
2026/04/29 15:45:09,869000,11.493
2026/04/29 15:45:09,870000,11.490
2026/04/29 15:45:09,871000,11.493
2026/04/29 15:45:09,872000,11.496
2026/04/29 15:45:09,873000,11.493
2026/04/29 15:45:09,874000,11.487
2026/04/29 15:45:09,875000,11.490
2026/04/29 15:45:09,876000,11.493
2026/04/29 15:45:09,877000,11.490
2026/04/29 15:45:09,878000,11.499
2026/04/29 15:45:09,879000,11.493
2026/04/29 15:45:09,880000,11.493
2026/04/29 15:45:09,881000,11.493
2026/04/29 15:45:09,882000,11.490
2026/04/29 15:45:09,883000,11.493
2026/04/29 15:45:09,884000,11.490
2026/04/29 15:45:09,885000,11.490
2026/04/29 15:45:09,886000,11.493
2026/04/29 15:45:09,887000,11.485
2026/04/29 15:45:09,888000,11.493
2026/04/29 15:45:09,889000,11.490
2026/04/29 15:45:09,890000,11.496
2026/04/29 15:45:09,891000,11.496
2026/04/29 15:45:09,892000,11.490
2026/04/29 15:45:09,893000,11.496
2026/04/29 15:45:09,894000,11.490
2026/04/29 15:45:09,895000,11.490
2026/04/29 15:45:09,896000,11.496
2026/04/29 15:45:09,897000,11.496
2026/04/29 15:45:09,898000,11.493
2026/04/29 15:45:09,899000,11.493
2026/04/29 15:45:09,900000,11.490
2026/04/29 15:45:09,901000,11.493
2026/04/29 15:45:09,902000,11.496
2026/04/29 15:45:09,903000,11.493
2026/04/29 15:45:09,904000,11.487
2026/04/29 15:45:09,905000,11.487
2026/04/29 15:45:09,906000,11.490
2026/04/29 15:45:09,907000,11.487
2026/04/29 15:45:09,908000,11.493
2026/04/29 15:45:09,909000,11.490
2026/04/29 15:45:09,910000,11.493
2026/04/29 15:45:09,911000,11.490
2026/04/29 15:45:09,912000,11.493
2026/04/29 15:45:09,913000,11.487
2026/04/29 15:45:09,914000,11.490
2026/04/29 15:45:09,915000,11.490
2026/04/29 15:45:09,916000,11.493
2026/04/29 15:45:09,917000,11.490
2026/04/29 15:45:09,918000,11.493
2026/04/29 15:45:09,919000,11.493
2026/04/29 15:45:09,920000,11.490
2026/04/29 15:45:09,921000,11.493
2026/04/29 15:45:09,922000,11.487
2026/04/29 15:45:09,923000,11.493
2026/04/29 15:45:09,924000,11.499
2026/04/29 15:45:09,925000,11.493
2026/04/29 15:45:09,926000,11.496
2026/04/29 15:45:09,927000,11.493
2026/04/29 15:45:09,928000,11.496
2026/04/29 15:45:09,929000,11.493
2026/04/29 15:45:09,930000,11.490
2026/04/29 15:45:09,931000,11.490
2026/04/29 15:45:09,932000,11.490
2026/04/29 15:45:09,933000,11.493
2026/04/29 15:45:09,934000,11.499
2026/04/29 15:45:09,935000,11.490
2026/04/29 15:45:09,936000,11.493
2026/04/29 15:45:09,937000,11.490
2026/04/29 15:45:09,938000,11.490
2026/04/29 15:45:09,939000,11.490
2026/04/29 15:45:09,940000,11.493
2026/04/29 15:45:09,941000,11.496
2026/04/29 15:45:09,942000,11.493
2026/04/29 15:45:09,943000,11.490
2026/04/29 15:45:09,944000,11.493
2026/04/29 15:45:09,945000,11.496
2026/04/29 15:45:09,946000,11.493
2026/04/29 15:45:09,947000,11.493
2026/04/29 15:45:09,948000,11.493
2026/04/29 15:45:09,949000,11.493
2026/04/29 15:45:09,950000,11.493
2026/04/29 15:45:09,951000,11.487
2026/04/29 15:45:09,952000,11.493
2026/04/29 15:45:09,953000,11.493
2026/04/29 15:45:09,954000,11.490
2026/04/29 15:45:09,955000,11.493
2026/04/29 15:45:09,956000,11.493
2026/04/29 15:45:09,957000,11.490
2026/04/29 15:45:09,958000,11.493
2026/04/29 15:45:09,959000,11.490
2026/04/29 15:45:09,960000,11.496
2026/04/29 15:45:09,961000,11.487
2026/04/29 15:45:09,962000,11.490
2026/04/29 15:45:09,963000,11.487
2026/04/29 15:45:09,964000,11.493
2026/04/29 15:45:09,965000,11.493
2026/04/29 15:45:09,966000,11.496
2026/04/29 15:45:09,967000,11.493
2026/04/29 15:45:09,968000,11.485
2026/04/29 15:45:09,969000,11.490
2026/04/29 15:45:09,970000,11.490
2026/04/29 15:45:09,971000,11.490
2026/04/29 15:45:09,972000,11.487
2026/04/29 15:45:09,973000,11.487
2026/04/29 15:45:09,974000,11.487
2026/04/29 15:45:09,975000,11.496
2026/04/29 15:45:09,976000,11.487
2026/04/29 15:45:09,977000,11.496
2026/04/29 15:45:09,978000,11.493
2026/04/29 15:45:09,979000,11.487
2026/04/29 15:45:09,980000,11.490
2026/04/29 15:45:09,981000,11.496
2026/04/29 15:45:09,982000,11.493
2026/04/29 15:45:09,983000,11.490
2026/04/29 15:45:09,984000,11.496
2026/04/29 15:45:09,985000,11.493
2026/04/29 15:45:09,986000,11.493
2026/04/29 15:45:09,987000,11.496
2026/04/29 15:45:09,988000,11.487
2026/04/29 15:45:09,989000,11.493
2026/04/29 15:45:09,990000,11.490
2026/04/29 15:45:09,991000,11.493
2026/04/29 15:45:09,992000,11.493
2026/04/29 15:45:09,993000,11.493
2026/04/29 15:45:09,994000,11.493
2026/04/29 15:45:09,995000,11.482
2026/04/29 15:45:09,996000,11.493
2026/04/29 15:45:09,997000,11.493
2026/04/29 15:45:09,998000,11.496
2026/04/29 15:45:09,999000,11.499
2026/04/29 15:45:10,000000,11.496
2026/04/29 15:45:10,001000,11.487
2026/04/29 15:45:10,002000,11.493
2026/04/29 15:45:10,003000,11.496
2026/04/29 15:45:10,004000,11.493
2026/04/29 15:45:10,005000,11.499
2026/04/29 15:45:10,006000,11.493
2026/04/29 15:45:10,007000,11.493
2026/04/29 15:45:10,008000,11.493
2026/04/29 15:45:10,009000,11.499
2026/04/29 15:45:10,010000,11.487
2026/04/29 15:45:10,011000,11.490
2026/04/29 15:45:10,012000,11.490
2026/04/29 15:45:10,013000,11.493
2026/04/29 15:45:10,014000,11.490
2026/04/29 15:45:10,015000,11.487
2026/04/29 15:45:10,016000,11.496
2026/04/29 15:45:10,017000,11.490
2026/04/29 15:45:10,018000,11.490
2026/04/29 15:45:10,019000,11.493
2026/04/29 15:45:10,020000,11.493
2026/04/29 15:45:10,021000,11.493
2026/04/29 15:45:10,022000,11.493
2026/04/29 15:45:10,023000,11.501
2026/04/29 15:45:10,024000,11.490
2026/04/29 15:45:10,025000,11.493
2026/04/29 15:45:10,026000,11.493
2026/04/29 15:45:10,027000,11.493
2026/04/29 15:45:10,028000,11.490
2026/04/29 15:45:10,029000,11.485
2026/04/29 15:45:10,030000,11.490
2026/04/29 15:45:10,031000,11.487
2026/04/29 15:45:10,032000,11.499
2026/04/29 15:45:10,033000,11.493
2026/04/29 15:45:10,034000,11.499
2026/04/29 15:45:10,035000,11.493
2026/04/29 15:45:10,036000,11.493
2026/04/29 15:45:10,037000,11.490
2026/04/29 15:45:10,038000,11.490
2026/04/29 15:45:10,039000,11.499
2026/04/29 15:45:10,040000,11.493
2026/04/29 15:45:10,041000,11.496
2026/04/29 15:45:10,042000,11.490
2026/04/29 15:45:10,043000,11.493
2026/04/29 15:45:10,044000,11.493
2026/04/29 15:45:10,045000,11.496
2026/04/29 15:45:10,046000,11.496
2026/04/29 15:45:10,047000,11.493
2026/04/29 15:45:10,048000,11.493
2026/04/29 15:45:10,049000,11.496
2026/04/29 15:45:10,050000,11.490
2026/04/29 15:45:10,051000,11.493
2026/04/29 15:45:10,052000,11.493
2026/04/29 15:45:10,053000,11.496
2026/04/29 15:45:10,054000,11.496
2026/04/29 15:45:10,055000,11.490
2026/04/29 15:45:10,056000,11.499
2026/04/29 15:45:10,057000,11.499
2026/04/29 15:45:10,058000,11.493
2026/04/29 15:45:10,059000,11.496
2026/04/29 15:45:10,060000,11.490
2026/04/29 15:45:10,061000,11.493
2026/04/29 15:45:10,062000,11.493
2026/04/29 15:45:10,063000,11.490
2026/04/29 15:45:10,064000,11.490
2026/04/29 15:45:10,065000,11.493
2026/04/29 15:45:10,066000,11.487
2026/04/29 15:45:10,067000,11.493
2026/04/29 15:45:10,068000,11.493
2026/04/29 15:45:10,069000,11.493
2026/04/29 15:45:10,070000,11.490
2026/04/29 15:45:10,071000,11.493
2026/04/29 15:45:10,072000,11.490
2026/04/29 15:45:10,073000,11.490
2026/04/29 15:45:10,074000,11.493
2026/04/29 15:45:10,075000,11.493
2026/04/29 15:45:10,076000,11.490
2026/04/29 15:45:10,077000,11.490
2026/04/29 15:45:10,078000,11.493
2026/04/29 15:45:10,079000,11.493
2026/04/29 15:45:10,080000,11.493
2026/04/29 15:45:10,081000,11.493
2026/04/29 15:45:10,082000,11.499
2026/04/29 15:45:10,083000,11.490
2026/04/29 15:45:10,084000,11.496
2026/04/29 15:45:10,085000,11.496
2026/04/29 15:45:10,086000,11.490
2026/04/29 15:45:10,087000,11.490
2026/04/29 15:45:10,088000,11.490
2026/04/29 15:45:10,089000,11.490
2026/04/29 15:45:10,090000,11.499
2026/04/29 15:45:10,091000,11.493
2026/04/29 15:45:10,092000,11.493
2026/04/29 15:45:10,093000,11.493
2026/04/29 15:45:10,094000,11.496
2026/04/29 15:45:10,095000,11.490
2026/04/29 15:45:10,096000,11.493
2026/04/29 15:45:10,097000,11.496
2026/04/29 15:45:10,098000,11.493
2026/04/29 15:45:10,099000,11.496
2026/04/29 15:45:10,100000,11.493
2026/04/29 15:45:10,101000,11.499
2026/04/29 15:45:10,102000,11.496
2026/04/29 15:45:10,103000,11.490
2026/04/29 15:45:10,104000,11.493
2026/04/29 15:45:10,105000,11.493
2026/04/29 15:45:10,106000,11.496
2026/04/29 15:45:10,107000,11.493
2026/04/29 15:45:10,108000,11.504
2026/04/29 15:45:10,109000,11.493
2026/04/29 15:45:10,110000,11.490
2026/04/29 15:45:10,111000,11.490
2026/04/29 15:45:10,112000,11.493
2026/04/29 15:45:10,113000,11.493
2026/04/29 15:45:10,114000,11.493
2026/04/29 15:45:10,115000,11.490
2026/04/29 15:45:10,116000,11.493
2026/04/29 15:45:10,117000,11.496
2026/04/29 15:45:10,118000,11.493
2026/04/29 15:45:10,119000,11.487
2026/04/29 15:45:10,120000,11.493
2026/04/29 15:45:10,121000,11.501
2026/04/29 15:45:10,122000,11.496
2026/04/29 15:45:10,123000,11.499
2026/04/29 15:45:10,124000,11.493
2026/04/29 15:45:10,125000,11.499
2026/04/29 15:45:10,126000,11.487
2026/04/29 15:45:10,127000,11.493
2026/04/29 15:45:10,128000,11.493
2026/04/29 15:45:10,129000,11.493
2026/04/29 15:45:10,130000,11.490
2026/04/29 15:45:10,131000,11.490
2026/04/29 15:45:10,132000,11.493
2026/04/29 15:45:10,133000,11.496
2026/04/29 15:45:10,134000,11.499
2026/04/29 15:45:10,135000,11.493
2026/04/29 15:45:10,136000,11.499
2026/04/29 15:45:10,137000,11.490
2026/04/29 15:45:10,138000,11.490
2026/04/29 15:45:10,139000,11.499
2026/04/29 15:45:10,140000,11.493
2026/04/29 15:45:10,141000,11.490
2026/04/29 15:45:10,142000,11.490
2026/04/29 15:45:10,143000,11.490
2026/04/29 15:45:10,144000,11.493
2026/04/29 15:45:10,145000,11.493
2026/04/29 15:45:10,146000,11.490
2026/04/29 15:45:10,147000,11.487
2026/04/29 15:45:10,148000,11.490
2026/04/29 15:45:10,149000,11.499
2026/04/29 15:45:10,150000,11.499
2026/04/29 15:45:10,151000,11.493
2026/04/29 15:45:10,152000,11.493
2026/04/29 15:45:10,153000,11.496
2026/04/29 15:45:10,154000,11.490
2026/04/29 15:45:10,155000,11.493
2026/04/29 15:45:10,156000,11.496
2026/04/29 15:45:10,157000,11.493
2026/04/29 15:45:10,158000,11.493
2026/04/29 15:45:10,159000,11.487
2026/04/29 15:45:10,160000,11.493
2026/04/29 15:45:10,161000,11.493
2026/04/29 15:45:10,162000,11.487
2026/04/29 15:45:10,163000,11.493
2026/04/29 15:45:10,164000,11.493
2026/04/29 15:45:10,165000,11.490
2026/04/29 15:45:10,166000,11.496
2026/04/29 15:45:10,167000,11.490
2026/04/29 15:45:10,168000,11.487
2026/04/29 15:45:10,169000,11.490
2026/04/29 15:45:10,170000,11.493
2026/04/29 15:45:10,171000,11.493
2026/04/29 15:45:10,172000,11.493
2026/04/29 15:45:10,173000,11.487
2026/04/29 15:45:10,174000,11.490
2026/04/29 15:45:10,175000,11.493
2026/04/29 15:45:10,176000,11.496
2026/04/29 15:45:10,177000,11.490
2026/04/29 15:45:10,178000,11.490
2026/04/29 15:45:10,179000,11.496
2026/04/29 15:45:10,180000,11.493
2026/04/29 15:45:10,181000,11.496
2026/04/29 15:45:10,182000,11.487
2026/04/29 15:45:10,183000,11.487
2026/04/29 15:45:10,184000,11.490
2026/04/29 15:45:10,185000,11.493
2026/04/29 15:45:10,186000,11.499
2026/04/29 15:45:10,187000,11.490
2026/04/29 15:45:10,188000,11.496
2026/04/29 15:45:10,189000,11.490
2026/04/29 15:45:10,190000,11.493
2026/04/29 15:45:10,191000,11.493
2026/04/29 15:45:10,192000,11.493
2026/04/29 15:45:10,193000,11.496
2026/04/29 15:45:10,194000,11.493
2026/04/29 15:45:10,195000,11.493
2026/04/29 15:45:10,196000,11.493
2026/04/29 15:45:10,197000,11.499
2026/04/29 15:45:10,198000,11.496
2026/04/29 15:45:10,199000,11.490
2026/04/29 15:45:10,200000,11.493
2026/04/29 15:45:10,201000,11.490
2026/04/29 15:45:10,202000,11.490
2026/04/29 15:45:10,203000,11.493
2026/04/29 15:45:10,204000,11.493
2026/04/29 15:45:10,205000,11.496
2026/04/29 15:45:10,206000,11.493
2026/04/29 15:45:10,207000,11.496
2026/04/29 15:45:10,208000,11.496
2026/04/29 15:45:10,209000,11.493
2026/04/29 15:45:10,210000,11.493
2026/04/29 15:45:10,211000,11.496
2026/04/29 15:45:10,212000,11.501
2026/04/29 15:45:10,213000,11.490
2026/04/29 15:45:10,214000,11.490
2026/04/29 15:45:10,215000,11.490
2026/04/29 15:45:10,216000,11.493
2026/04/29 15:45:10,217000,11.490
2026/04/29 15:45:10,218000,11.493
2026/04/29 15:45:10,219000,11.496
2026/04/29 15:45:10,220000,11.496
2026/04/29 15:45:10,221000,11.490
2026/04/29 15:45:10,222000,11.493
2026/04/29 15:45:10,223000,11.493
2026/04/29 15:45:10,224000,11.493
2026/04/29 15:45:10,225000,11.496
2026/04/29 15:45:10,226000,11.496
2026/04/29 15:45:10,227000,11.496
2026/04/29 15:45:10,228000,11.487
2026/04/29 15:45:10,229000,11.487
2026/04/29 15:45:10,230000,11.493
2026/04/29 15:45:10,231000,11.493
2026/04/29 15:45:10,232000,11.493
2026/04/29 15:45:10,233000,11.490
2026/04/29 15:45:10,234000,11.496
2026/04/29 15:45:10,235000,11.490
2026/04/29 15:45:10,236000,11.490
2026/04/29 15:45:10,237000,11.493
2026/04/29 15:45:10,238000,11.496
2026/04/29 15:45:10,239000,11.490
2026/04/29 15:45:10,240000,11.493
2026/04/29 15:45:10,241000,11.487
2026/04/29 15:45:10,242000,11.496
2026/04/29 15:45:10,243000,11.499
2026/04/29 15:45:10,244000,11.485
2026/04/29 15:45:10,245000,11.490
2026/04/29 15:45:10,246000,11.487
2026/04/29 15:45:10,247000,11.493
2026/04/29 15:45:10,248000,11.485
2026/04/29 15:45:10,249000,11.490
2026/04/29 15:45:10,250000,11.490
2026/04/29 15:45:10,251000,11.493
2026/04/29 15:45:10,252000,11.496
2026/04/29 15:45:10,253000,11.493
2026/04/29 15:45:10,254000,11.496
2026/04/29 15:45:10,255000,11.490
2026/04/29 15:45:10,256000,11.490
2026/04/29 15:45:10,257000,11.496
2026/04/29 15:45:10,258000,11.493
2026/04/29 15:45:10,259000,11.493
2026/04/29 15:45:10,260000,11.487
2026/04/29 15:45:10,261000,11.493
2026/04/29 15:45:10,262000,11.487
2026/04/29 15:45:10,263000,11.490
2026/04/29 15:45:10,264000,11.496
2026/04/29 15:45:10,265000,11.493
2026/04/29 15:45:10,266000,11.493
2026/04/29 15:45:10,267000,11.490
2026/04/29 15:45:10,268000,11.499
2026/04/29 15:45:10,269000,11.493
2026/04/29 15:45:10,270000,11.496
2026/04/29 15:45:10,271000,11.493
2026/04/29 15:45:10,272000,11.490
2026/04/29 15:45:10,273000,11.496
2026/04/29 15:45:10,274000,11.493
2026/04/29 15:45:10,275000,11.493
2026/04/29 15:45:10,276000,11.496
2026/04/29 15:45:10,277000,11.493
2026/04/29 15:45:10,278000,11.496
2026/04/29 15:45:10,279000,11.490
2026/04/29 15:45:10,280000,11.490
2026/04/29 15:45:10,281000,11.499
2026/04/29 15:45:10,282000,11.496
2026/04/29 15:45:10,283000,11.493
2026/04/29 15:45:10,284000,11.482
2026/04/29 15:45:10,285000,11.493
2026/04/29 15:45:10,286000,11.487
2026/04/29 15:45:10,287000,11.493
2026/04/29 15:45:10,288000,11.493
2026/04/29 15:45:10,289000,11.490
2026/04/29 15:45:10,290000,11.493
2026/04/29 15:45:10,291000,11.490
2026/04/29 15:45:10,292000,11.490
2026/04/29 15:45:10,293000,11.487
2026/04/29 15:45:10,294000,11.487
2026/04/29 15:45:10,295000,11.493
2026/04/29 15:45:10,296000,11.493
2026/04/29 15:45:10,297000,11.490
2026/04/29 15:45:10,298000,11.493
2026/04/29 15:45:10,299000,11.493
2026/04/29 15:45:10,300000,11.490
2026/04/29 15:45:10,301000,11.493
2026/04/29 15:45:10,302000,11.490
2026/04/29 15:45:10,303000,11.493
2026/04/29 15:45:10,304000,11.493
2026/04/29 15:45:10,305000,11.493
2026/04/29 15:45:10,306000,11.499
2026/04/29 15:45:10,307000,11.493
2026/04/29 15:45:10,308000,11.490
2026/04/29 15:45:10,309000,11.490
2026/04/29 15:45:10,310000,11.496
2026/04/29 15:45:10,311000,11.493
2026/04/29 15:45:10,312000,11.493
2026/04/29 15:45:10,313000,11.493
2026/04/29 15:45:10,314000,11.493
2026/04/29 15:45:10,315000,11.490
2026/04/29 15:45:10,316000,11.487
2026/04/29 15:45:10,317000,11.493
2026/04/29 15:45:10,318000,11.499
2026/04/29 15:45:10,319000,11.499
2026/04/29 15:45:10,320000,11.490
2026/04/29 15:45:10,321000,11.490
2026/04/29 15:45:10,322000,11.501
2026/04/29 15:45:10,323000,11.496
2026/04/29 15:45:10,324000,11.490
2026/04/29 15:45:10,325000,11.496
2026/04/29 15:45:10,326000,11.490
2026/04/29 15:45:10,327000,11.493
2026/04/29 15:45:10,328000,11.496
2026/04/29 15:45:10,329000,11.493
2026/04/29 15:45:10,330000,11.493
2026/04/29 15:45:10,331000,11.493
2026/04/29 15:45:10,332000,11.496
2026/04/29 15:45:10,333000,11.499
2026/04/29 15:45:10,334000,11.493
2026/04/29 15:45:10,335000,11.490
2026/04/29 15:45:10,336000,11.496
2026/04/29 15:45:10,337000,11.490
2026/04/29 15:45:10,338000,11.493
2026/04/29 15:45:10,339000,11.493
2026/04/29 15:45:10,340000,11.496
2026/04/29 15:45:10,341000,11.493
2026/04/29 15:45:10,342000,11.496
2026/04/29 15:45:10,343000,11.493
2026/04/29 15:45:10,344000,11.496
2026/04/29 15:45:10,345000,11.487
2026/04/29 15:45:10,346000,11.496
2026/04/29 15:45:10,347000,11.493
2026/04/29 15:45:10,348000,11.487
2026/04/29 15:45:10,349000,11.493
2026/04/29 15:45:10,350000,11.490
2026/04/29 15:45:10,351000,11.490
2026/04/29 15:45:10,352000,11.493
2026/04/29 15:45:10,353000,11.493
2026/04/29 15:45:10,354000,11.490
2026/04/29 15:45:10,355000,11.499
2026/04/29 15:45:10,356000,11.496
2026/04/29 15:45:10,357000,11.487
2026/04/29 15:45:10,358000,11.490
2026/04/29 15:45:10,359000,11.490
2026/04/29 15:45:10,360000,11.490
2026/04/29 15:45:10,361000,11.490
2026/04/29 15:45:10,362000,11.496
2026/04/29 15:45:10,363000,11.493
2026/04/29 15:45:10,364000,11.499
2026/04/29 15:45:10,365000,11.490
2026/04/29 15:45:10,366000,11.490
2026/04/29 15:45:10,367000,11.490
2026/04/29 15:45:10,368000,11.496
2026/04/29 15:45:10,369000,11.493
2026/04/29 15:45:10,370000,11.493
2026/04/29 15:45:10,371000,11.490
2026/04/29 15:45:10,372000,11.487
2026/04/29 15:45:10,373000,11.493
2026/04/29 15:45:10,374000,11.493
2026/04/29 15:45:10,375000,11.496
2026/04/29 15:45:10,376000,11.499
2026/04/29 15:45:10,377000,11.490
2026/04/29 15:45:10,378000,11.493
2026/04/29 15:45:10,379000,11.490
2026/04/29 15:45:10,380000,11.490
2026/04/29 15:45:10,381000,11.493
2026/04/29 15:45:10,382000,11.487
2026/04/29 15:45:10,383000,11.490
2026/04/29 15:45:10,384000,11.493
2026/04/29 15:45:10,385000,11.490
2026/04/29 15:45:10,386000,11.493
2026/04/29 15:45:10,387000,11.493
2026/04/29 15:45:10,388000,11.493
2026/04/29 15:45:10,389000,11.496
2026/04/29 15:45:10,390000,11.496
2026/04/29 15:45:10,391000,11.490
2026/04/29 15:45:10,392000,11.493
2026/04/29 15:45:10,393000,11.496
2026/04/29 15:45:10,394000,11.490
2026/04/29 15:45:10,395000,11.493
2026/04/29 15:45:10,396000,11.496
2026/04/29 15:45:10,397000,11.490
2026/04/29 15:45:10,398000,11.493
2026/04/29 15:45:10,399000,11.487
2026/04/29 15:45:10,400000,11.487
2026/04/29 15:45:10,401000,11.493
2026/04/29 15:45:10,402000,11.490
2026/04/29 15:45:10,403000,11.493
2026/04/29 15:45:10,404000,11.496
2026/04/29 15:45:10,405000,11.493
2026/04/29 15:45:10,406000,11.496
2026/04/29 15:45:10,407000,11.496
2026/04/29 15:45:10,408000,11.493
2026/04/29 15:45:10,409000,11.490
2026/04/29 15:45:10,410000,11.490
2026/04/29 15:45:10,411000,11.490
2026/04/29 15:45:10,412000,11.490
2026/04/29 15:45:10,413000,11.496
2026/04/29 15:45:10,414000,11.487
2026/04/29 15:45:10,415000,11.496
2026/04/29 15:45:10,416000,11.499
2026/04/29 15:45:10,417000,11.493
2026/04/29 15:45:10,418000,11.490
2026/04/29 15:45:10,419000,11.496
2026/04/29 15:45:10,420000,11.485
2026/04/29 15:45:10,421000,11.490
2026/04/29 15:45:10,422000,11.490
2026/04/29 15:45:10,423000,11.496
2026/04/29 15:45:10,424000,11.493
2026/04/29 15:45:10,425000,11.490
2026/04/29 15:45:10,426000,11.493
2026/04/29 15:45:10,427000,11.493
2026/04/29 15:45:10,428000,11.496
2026/04/29 15:45:10,429000,11.490
2026/04/29 15:45:10,430000,11.493
2026/04/29 15:45:10,431000,11.496
2026/04/29 15:45:10,432000,11.487
2026/04/29 15:45:10,433000,11.487
2026/04/29 15:45:10,434000,11.493
2026/04/29 15:45:10,435000,11.490
2026/04/29 15:45:10,436000,11.487
2026/04/29 15:45:10,437000,11.493
2026/04/29 15:45:10,438000,11.496
2026/04/29 15:45:10,439000,11.490
2026/04/29 15:45:10,440000,11.493
2026/04/29 15:45:10,441000,11.496
2026/04/29 15:45:10,442000,11.490
2026/04/29 15:45:10,443000,11.493
2026/04/29 15:45:10,444000,11.493
2026/04/29 15:45:10,445000,11.493
2026/04/29 15:45:10,446000,11.493
2026/04/29 15:45:10,447000,11.490
2026/04/29 15:45:10,448000,11.487
2026/04/29 15:45:10,449000,11.490
2026/04/29 15:45:10,450000,11.490
2026/04/29 15:45:10,451000,11.499
2026/04/29 15:45:10,452000,11.493
2026/04/29 15:45:10,453000,11.490
2026/04/29 15:45:10,454000,11.490
2026/04/29 15:45:10,455000,11.496
2026/04/29 15:45:10,456000,11.493
2026/04/29 15:45:10,457000,11.493
2026/04/29 15:45:10,458000,11.490
2026/04/29 15:45:10,459000,11.482
2026/04/29 15:45:10,460000,11.490
2026/04/29 15:45:10,461000,11.490
2026/04/29 15:45:10,462000,11.496
2026/04/29 15:45:10,463000,11.490
2026/04/29 15:45:10,464000,11.490
2026/04/29 15:45:10,465000,11.487
2026/04/29 15:45:10,466000,11.493
2026/04/29 15:45:10,467000,11.493
2026/04/29 15:45:10,468000,11.493
2026/04/29 15:45:10,469000,11.490
2026/04/29 15:45:10,470000,11.493
2026/04/29 15:45:10,471000,11.496
2026/04/29 15:45:10,472000,11.493
2026/04/29 15:45:10,473000,11.490
2026/04/29 15:45:10,474000,11.490
2026/04/29 15:45:10,475000,11.487
2026/04/29 15:45:10,476000,11.490
2026/04/29 15:45:10,477000,11.493
2026/04/29 15:45:10,478000,11.496
2026/04/29 15:45:10,479000,11.499
2026/04/29 15:45:10,480000,11.493
2026/04/29 15:45:10,481000,11.490
2026/04/29 15:45:10,482000,11.496
2026/04/29 15:45:10,483000,11.487
2026/04/29 15:45:10,484000,11.493
2026/04/29 15:45:10,485000,11.493
2026/04/29 15:45:10,486000,11.490
2026/04/29 15:45:10,487000,11.490
2026/04/29 15:45:10,488000,11.496
2026/04/29 15:45:10,489000,11.487
2026/04/29 15:45:10,490000,11.501
2026/04/29 15:45:10,491000,11.490
2026/04/29 15:45:10,492000,11.493
2026/04/29 15:45:10,493000,11.487
2026/04/29 15:45:10,494000,11.490
2026/04/29 15:45:10,495000,11.496
2026/04/29 15:45:10,496000,11.493
2026/04/29 15:45:10,497000,11.490
2026/04/29 15:45:10,498000,11.490
2026/04/29 15:45:10,499000,11.496
2026/04/29 15:45:10,500000,11.490
2026/04/29 15:45:10,501000,11.487
2026/04/29 15:45:10,502000,11.496
2026/04/29 15:45:10,503000,11.490
2026/04/29 15:45:10,504000,11.490
2026/04/29 15:45:10,505000,11.493
2026/04/29 15:45:10,506000,11.496
2026/04/29 15:45:10,507000,11.493
2026/04/29 15:45:10,508000,11.493
2026/04/29 15:45:10,509000,11.496
2026/04/29 15:45:10,510000,11.499
2026/04/29 15:45:10,511000,11.490
2026/04/29 15:45:10,512000,11.493
2026/04/29 15:45:10,513000,11.490
2026/04/29 15:45:10,514000,11.487
2026/04/29 15:45:10,515000,11.496
2026/04/29 15:45:10,516000,11.487
2026/04/29 15:45:10,517000,11.487
2026/04/29 15:45:10,518000,11.493
2026/04/29 15:45:10,519000,11.493
2026/04/29 15:45:10,520000,11.501
2026/04/29 15:45:10,521000,11.493
2026/04/29 15:45:10,522000,11.496
2026/04/29 15:45:10,523000,11.493
2026/04/29 15:45:10,524000,11.490
2026/04/29 15:45:10,525000,11.490
2026/04/29 15:45:10,526000,11.499
2026/04/29 15:45:10,527000,11.496
2026/04/29 15:45:10,528000,11.493
2026/04/29 15:45:10,529000,11.493
2026/04/29 15:45:10,530000,11.496
2026/04/29 15:45:10,531000,11.493
2026/04/29 15:45:10,532000,11.490
2026/04/29 15:45:10,533000,11.493
2026/04/29 15:45:10,534000,11.490
2026/04/29 15:45:10,535000,11.496
2026/04/29 15:45:10,536000,11.496
2026/04/29 15:45:10,537000,11.493
2026/04/29 15:45:10,538000,11.496
2026/04/29 15:45:10,539000,11.493
2026/04/29 15:45:10,540000,11.490
2026/04/29 15:45:10,541000,11.493
2026/04/29 15:45:10,542000,11.490
2026/04/29 15:45:10,543000,11.490
2026/04/29 15:45:10,544000,11.490
2026/04/29 15:45:10,545000,11.493
2026/04/29 15:45:10,546000,11.493
2026/04/29 15:45:10,547000,11.487
2026/04/29 15:45:10,548000,11.490
2026/04/29 15:45:10,549000,11.487
2026/04/29 15:45:10,550000,11.496
2026/04/29 15:45:10,551000,11.487
2026/04/29 15:45:10,552000,11.493
2026/04/29 15:45:10,553000,11.496
2026/04/29 15:45:10,554000,11.490
2026/04/29 15:45:10,555000,11.490
2026/04/29 15:45:10,556000,11.501
2026/04/29 15:45:10,557000,11.493
2026/04/29 15:45:10,558000,11.487
2026/04/29 15:45:10,559000,11.487
2026/04/29 15:45:10,560000,11.493
2026/04/29 15:45:10,561000,11.496
2026/04/29 15:45:10,562000,11.493
2026/04/29 15:45:10,563000,11.493
2026/04/29 15:45:10,564000,11.493
2026/04/29 15:45:10,565000,11.496
2026/04/29 15:45:10,566000,11.490
2026/04/29 15:45:10,567000,11.493
2026/04/29 15:45:10,568000,11.490
2026/04/29 15:45:10,569000,11.490
2026/04/29 15:45:10,570000,11.490
2026/04/29 15:45:10,571000,11.493
2026/04/29 15:45:10,572000,11.493
2026/04/29 15:45:10,573000,11.490
2026/04/29 15:45:10,574000,11.493
2026/04/29 15:45:10,575000,11.487
2026/04/29 15:45:10,576000,11.493
2026/04/29 15:45:10,577000,11.487
2026/04/29 15:45:10,578000,11.493
2026/04/29 15:45:10,579000,11.493
2026/04/29 15:45:10,580000,11.490
2026/04/29 15:45:10,581000,11.493
2026/04/29 15:45:10,582000,11.487
2026/04/29 15:45:10,583000,11.493
2026/04/29 15:45:10,584000,11.499
2026/04/29 15:45:10,585000,11.499
2026/04/29 15:45:10,586000,11.493
2026/04/29 15:45:10,587000,11.499
2026/04/29 15:45:10,588000,11.493
2026/04/29 15:45:10,589000,11.493
2026/04/29 15:45:10,590000,11.496
2026/04/29 15:45:10,591000,11.493
2026/04/29 15:45:10,592000,11.493
2026/04/29 15:45:10,593000,11.490
2026/04/29 15:45:10,594000,11.490
2026/04/29 15:45:10,595000,11.490
2026/04/29 15:45:10,596000,11.490
2026/04/29 15:45:10,597000,11.490
2026/04/29 15:45:10,598000,11.496
2026/04/29 15:45:10,599000,11.493
2026/04/29 15:45:10,600000,11.487
2026/04/29 15:45:10,601000,11.493
2026/04/29 15:45:10,602000,11.493
2026/04/29 15:45:10,603000,11.499
2026/04/29 15:45:10,604000,11.490
2026/04/29 15:45:10,605000,11.487
2026/04/29 15:45:10,606000,11.490
2026/04/29 15:45:10,607000,11.493
2026/04/29 15:45:10,608000,11.493
2026/04/29 15:45:10,609000,11.499
2026/04/29 15:45:10,610000,11.504
2026/04/29 15:45:10,611000,11.496
2026/04/29 15:45:10,612000,11.490
2026/04/29 15:45:10,613000,11.496
2026/04/29 15:45:10,614000,11.499
2026/04/29 15:45:10,615000,11.493
2026/04/29 15:45:10,616000,11.493
2026/04/29 15:45:10,617000,11.493
2026/04/29 15:45:10,618000,11.496
2026/04/29 15:45:10,619000,11.499
2026/04/29 15:45:10,620000,11.493
2026/04/29 15:45:10,621000,11.499
2026/04/29 15:45:10,622000,11.499
2026/04/29 15:45:10,623000,11.496
2026/04/29 15:45:10,624000,11.493
2026/04/29 15:45:10,625000,11.493
2026/04/29 15:45:10,626000,11.493
2026/04/29 15:45:10,627000,11.490
2026/04/29 15:45:10,628000,11.493
2026/04/29 15:45:10,629000,11.490
2026/04/29 15:45:10,630000,11.493
2026/04/29 15:45:10,631000,11.490
2026/04/29 15:45:10,632000,11.490
2026/04/29 15:45:10,633000,11.490
2026/04/29 15:45:10,634000,11.490
2026/04/29 15:45:10,635000,11.493
2026/04/29 15:45:10,636000,11.490
2026/04/29 15:45:10,637000,11.485
2026/04/29 15:45:10,638000,11.496
2026/04/29 15:45:10,639000,11.490
2026/04/29 15:45:10,640000,11.493
2026/04/29 15:45:10,641000,11.493
2026/04/29 15:45:10,642000,11.490
2026/04/29 15:45:10,643000,11.496
2026/04/29 15:45:10,644000,11.499
2026/04/29 15:45:10,645000,11.490
2026/04/29 15:45:10,646000,11.490
2026/04/29 15:45:10,647000,11.493
2026/04/29 15:45:10,648000,11.487
2026/04/29 15:45:10,649000,11.493
2026/04/29 15:45:10,650000,11.490
2026/04/29 15:45:10,651000,11.499
2026/04/29 15:45:10,652000,11.490
2026/04/29 15:45:10,653000,11.496
2026/04/29 15:45:10,654000,11.487
2026/04/29 15:45:10,655000,11.485
2026/04/29 15:45:10,656000,11.493
2026/04/29 15:45:10,657000,11.490
2026/04/29 15:45:10,658000,11.490
2026/04/29 15:45:10,659000,11.493
2026/04/29 15:45:10,660000,11.490
2026/04/29 15:45:10,661000,11.493
2026/04/29 15:45:10,662000,11.493
2026/04/29 15:45:10,663000,11.499
2026/04/29 15:45:10,664000,11.490
2026/04/29 15:45:10,665000,11.487
2026/04/29 15:45:10,666000,11.496
2026/04/29 15:45:10,667000,11.490
2026/04/29 15:45:10,668000,11.493
2026/04/29 15:45:10,669000,11.487
2026/04/29 15:45:10,670000,11.493
2026/04/29 15:45:10,671000,11.490
2026/04/29 15:45:10,672000,11.490
2026/04/29 15:45:10,673000,11.496
2026/04/29 15:45:10,674000,11.490
2026/04/29 15:45:10,675000,11.496
2026/04/29 15:45:10,676000,11.490
2026/04/29 15:45:10,677000,11.493
2026/04/29 15:45:10,678000,11.490
2026/04/29 15:45:10,679000,11.493
2026/04/29 15:45:10,680000,11.493
2026/04/29 15:45:10,681000,11.490
2026/04/29 15:45:10,682000,11.493
2026/04/29 15:45:10,683000,11.499
2026/04/29 15:45:10,684000,11.496
2026/04/29 15:45:10,685000,11.499
2026/04/29 15:45:10,686000,11.493
2026/04/29 15:45:10,687000,11.493
2026/04/29 15:45:10,688000,11.493
2026/04/29 15:45:10,689000,11.493
2026/04/29 15:45:10,690000,11.493
2026/04/29 15:45:10,691000,11.496
2026/04/29 15:45:10,692000,11.493
2026/04/29 15:45:10,693000,11.493
2026/04/29 15:45:10,694000,11.490
2026/04/29 15:45:10,695000,11.496
2026/04/29 15:45:10,696000,11.496
2026/04/29 15:45:10,697000,11.490
2026/04/29 15:45:10,698000,11.493
2026/04/29 15:45:10,699000,11.493
2026/04/29 15:45:10,700000,11.487
2026/04/29 15:45:10,701000,11.493
2026/04/29 15:45:10,702000,11.493
2026/04/29 15:45:10,703000,11.499
2026/04/29 15:45:10,704000,11.499
2026/04/29 15:45:10,705000,11.487
2026/04/29 15:45:10,706000,11.493
2026/04/29 15:45:10,707000,11.487
2026/04/29 15:45:10,708000,11.493
2026/04/29 15:45:10,709000,11.493
2026/04/29 15:45:10,710000,11.493
2026/04/29 15:45:10,711000,11.496
2026/04/29 15:45:10,712000,11.493
2026/04/29 15:45:10,713000,11.493
2026/04/29 15:45:10,714000,11.490
2026/04/29 15:45:10,715000,11.487
2026/04/29 15:45:10,716000,11.493
2026/04/29 15:45:10,717000,11.490
2026/04/29 15:45:10,718000,11.487
2026/04/29 15:45:10,719000,11.493
2026/04/29 15:45:10,720000,11.496
2026/04/29 15:45:10,721000,11.493
2026/04/29 15:45:10,722000,11.493
2026/04/29 15:45:10,723000,11.496
2026/04/29 15:45:10,724000,11.499
2026/04/29 15:45:10,725000,11.493
2026/04/29 15:45:10,726000,11.496
2026/04/29 15:45:10,727000,11.496
2026/04/29 15:45:10,728000,11.487
2026/04/29 15:45:10,729000,11.490
2026/04/29 15:45:10,730000,11.493
2026/04/29 15:45:10,731000,11.487
2026/04/29 15:45:10,732000,11.493
2026/04/29 15:45:10,733000,11.499
2026/04/29 15:45:10,734000,11.496
2026/04/29 15:45:10,735000,11.493
2026/04/29 15:45:10,736000,11.499
2026/04/29 15:45:10,737000,11.496
2026/04/29 15:45:10,738000,11.499
2026/04/29 15:45:10,739000,11.493
2026/04/29 15:45:10,740000,11.493
2026/04/29 15:45:10,741000,11.490
2026/04/29 15:45:10,742000,11.490
2026/04/29 15:45:10,743000,11.493
2026/04/29 15:45:10,744000,11.490
2026/04/29 15:45:10,745000,11.493
2026/04/29 15:45:10,746000,11.496
2026/04/29 15:45:10,747000,11.493
2026/04/29 15:45:10,748000,11.493
2026/04/29 15:45:10,749000,11.496
2026/04/29 15:45:10,750000,11.493
2026/04/29 15:45:10,751000,11.496
2026/04/29 15:45:10,752000,11.493
2026/04/29 15:45:10,753000,11.493
2026/04/29 15:45:10,754000,11.493
2026/04/29 15:45:10,755000,11.493
2026/04/29 15:45:10,756000,11.499
2026/04/29 15:45:10,757000,11.496
2026/04/29 15:45:10,758000,11.493
2026/04/29 15:45:10,759000,11.493
2026/04/29 15:45:10,760000,11.493
2026/04/29 15:45:10,761000,11.490
2026/04/29 15:45:10,762000,11.490
2026/04/29 15:45:10,763000,11.490
2026/04/29 15:45:10,764000,11.490
2026/04/29 15:45:10,765000,11.490
2026/04/29 15:45:10,766000,11.490
2026/04/29 15:45:10,767000,11.490
2026/04/29 15:45:10,768000,11.493
2026/04/29 15:45:10,769000,11.493
2026/04/29 15:45:10,770000,11.490
2026/04/29 15:45:10,771000,11.499
2026/04/29 15:45:10,772000,11.493
2026/04/29 15:45:10,773000,11.493
2026/04/29 15:45:10,774000,11.496
2026/04/29 15:45:10,775000,11.485
2026/04/29 15:45:10,776000,11.493
2026/04/29 15:45:10,777000,11.499
2026/04/29 15:45:10,778000,11.496
2026/04/29 15:45:10,779000,11.493
2026/04/29 15:45:10,780000,11.493
2026/04/29 15:45:10,781000,11.493
2026/04/29 15:45:10,782000,11.493
2026/04/29 15:45:10,783000,11.485
2026/04/29 15:45:10,784000,11.490
2026/04/29 15:45:10,785000,11.499
2026/04/29 15:45:10,786000,11.493
2026/04/29 15:45:10,787000,11.496
2026/04/29 15:45:10,788000,11.490
2026/04/29 15:45:10,789000,11.499
2026/04/29 15:45:10,790000,11.485
2026/04/29 15:45:10,791000,11.493
2026/04/29 15:45:10,792000,11.493
2026/04/29 15:45:10,793000,11.496
2026/04/29 15:45:10,794000,11.493
2026/04/29 15:45:10,795000,11.496
2026/04/29 15:45:10,796000,11.496
2026/04/29 15:45:10,797000,11.493
2026/04/29 15:45:10,798000,11.490
2026/04/29 15:45:10,799000,11.490
2026/04/29 15:45:10,800000,11.493
2026/04/29 15:45:10,801000,11.493
2026/04/29 15:45:10,802000,11.487
2026/04/29 15:45:10,803000,11.490
2026/04/29 15:45:10,804000,11.493
2026/04/29 15:45:10,805000,11.490
2026/04/29 15:45:10,806000,11.490
2026/04/29 15:45:10,807000,11.490
2026/04/29 15:45:10,808000,11.493
2026/04/29 15:45:10,809000,11.487
2026/04/29 15:45:10,810000,11.490
2026/04/29 15:45:10,811000,11.493
2026/04/29 15:45:10,812000,11.493
2026/04/29 15:45:10,813000,11.493
2026/04/29 15:45:10,814000,11.490
2026/04/29 15:45:10,815000,11.490
2026/04/29 15:45:10,816000,11.496
2026/04/29 15:45:10,817000,11.490
2026/04/29 15:45:10,818000,11.499
2026/04/29 15:45:10,819000,11.493
2026/04/29 15:45:10,820000,11.490
2026/04/29 15:45:10,821000,11.493
2026/04/29 15:45:10,822000,11.493
2026/04/29 15:45:10,823000,11.493
2026/04/29 15:45:10,824000,11.496
2026/04/29 15:45:10,825000,11.490
2026/04/29 15:45:10,826000,11.487
2026/04/29 15:45:10,827000,11.487
2026/04/29 15:45:10,828000,11.482
2026/04/29 15:45:10,829000,11.487
2026/04/29 15:45:10,830000,11.490
2026/04/29 15:45:10,831000,11.490
2026/04/29 15:45:10,832000,11.496
2026/04/29 15:45:10,833000,11.490
2026/04/29 15:45:10,834000,11.493
2026/04/29 15:45:10,835000,11.490
2026/04/29 15:45:10,836000,11.487
2026/04/29 15:45:10,837000,11.496
2026/04/29 15:45:10,838000,11.487
2026/04/29 15:45:10,839000,11.490
2026/04/29 15:45:10,840000,11.493
2026/04/29 15:45:10,841000,11.499
2026/04/29 15:45:10,842000,11.493
2026/04/29 15:45:10,843000,11.496
2026/04/29 15:45:10,844000,11.493
2026/04/29 15:45:10,845000,11.487
2026/04/29 15:45:10,846000,11.490
2026/04/29 15:45:10,847000,11.490
2026/04/29 15:45:10,848000,11.493
2026/04/29 15:45:10,849000,11.490
2026/04/29 15:45:10,850000,11.493
2026/04/29 15:45:10,851000,11.493
2026/04/29 15:45:10,852000,11.496
2026/04/29 15:45:10,853000,11.493
2026/04/29 15:45:10,854000,11.490
2026/04/29 15:45:10,855000,11.485
2026/04/29 15:45:10,856000,11.493
2026/04/29 15:45:10,857000,11.490
2026/04/29 15:45:10,858000,11.493
2026/04/29 15:45:10,859000,11.496
2026/04/29 15:45:10,860000,11.485
2026/04/29 15:45:10,861000,11.487
2026/04/29 15:45:10,862000,11.493
2026/04/29 15:45:10,863000,11.490
2026/04/29 15:45:10,864000,11.493
2026/04/29 15:45:10,865000,11.490
2026/04/29 15:45:10,866000,11.490
2026/04/29 15:45:10,867000,11.485
2026/04/29 15:45:10,868000,11.493
2026/04/29 15:45:10,869000,11.490
2026/04/29 15:45:10,870000,11.490
2026/04/29 15:45:10,871000,11.490
2026/04/29 15:45:10,872000,11.499
2026/04/29 15:45:10,873000,11.499
2026/04/29 15:45:10,874000,11.496
2026/04/29 15:45:10,875000,11.496
2026/04/29 15:45:10,876000,11.487
2026/04/29 15:45:10,877000,11.493
2026/04/29 15:45:10,878000,11.490
2026/04/29 15:45:10,879000,11.487
2026/04/29 15:45:10,880000,11.493
2026/04/29 15:45:10,881000,11.490
2026/04/29 15:45:10,882000,11.490
2026/04/29 15:45:10,883000,11.490
2026/04/29 15:45:10,884000,11.490
2026/04/29 15:45:10,885000,11.493
2026/04/29 15:45:10,886000,11.487
2026/04/29 15:45:10,887000,11.493
2026/04/29 15:45:10,888000,11.490
2026/04/29 15:45:10,889000,11.490
2026/04/29 15:45:10,890000,11.490
2026/04/29 15:45:10,891000,11.493
2026/04/29 15:45:10,892000,11.490
2026/04/29 15:45:10,893000,11.493
2026/04/29 15:45:10,894000,11.496
2026/04/29 15:45:10,895000,11.490
2026/04/29 15:45:10,896000,11.493
2026/04/29 15:45:10,897000,11.493
2026/04/29 15:45:10,898000,11.499
2026/04/29 15:45:10,899000,11.490
2026/04/29 15:45:10,900000,11.496
2026/04/29 15:45:10,901000,11.493
2026/04/29 15:45:10,902000,11.493
2026/04/29 15:45:10,903000,11.487
2026/04/29 15:45:10,904000,11.499
2026/04/29 15:45:10,905000,11.493
2026/04/29 15:45:10,906000,11.493
2026/04/29 15:45:10,907000,11.490
2026/04/29 15:45:10,908000,11.496
2026/04/29 15:45:10,909000,11.499
2026/04/29 15:45:10,910000,11.490
2026/04/29 15:45:10,911000,11.490
2026/04/29 15:45:10,912000,11.493
2026/04/29 15:45:10,913000,11.493
2026/04/29 15:45:10,914000,11.487
2026/04/29 15:45:10,915000,11.490
2026/04/29 15:45:10,916000,11.490
2026/04/29 15:45:10,917000,11.493
2026/04/29 15:45:10,918000,11.487
2026/04/29 15:45:10,919000,11.490
2026/04/29 15:45:10,920000,11.493
2026/04/29 15:45:10,921000,11.493
2026/04/29 15:45:10,922000,11.493
2026/04/29 15:45:10,923000,11.493
2026/04/29 15:45:10,924000,11.487
2026/04/29 15:45:10,925000,11.490
2026/04/29 15:45:10,926000,11.490
2026/04/29 15:45:10,927000,11.490
2026/04/29 15:45:10,928000,11.490
2026/04/29 15:45:10,929000,11.493
2026/04/29 15:45:10,930000,11.490
2026/04/29 15:45:10,931000,11.493
2026/04/29 15:45:10,932000,11.490
2026/04/29 15:45:10,933000,11.490
2026/04/29 15:45:10,934000,11.493
2026/04/29 15:45:10,935000,11.493
2026/04/29 15:45:10,936000,11.490
2026/04/29 15:45:10,937000,11.493
2026/04/29 15:45:10,938000,11.490
2026/04/29 15:45:10,939000,11.493
2026/04/29 15:45:10,940000,11.501
2026/04/29 15:45:10,941000,11.485
2026/04/29 15:45:10,942000,11.496
2026/04/29 15:45:10,943000,11.490
2026/04/29 15:45:10,944000,11.496
2026/04/29 15:45:10,945000,11.496
2026/04/29 15:45:10,946000,11.493
2026/04/29 15:45:10,947000,11.496
2026/04/29 15:45:10,948000,11.490
2026/04/29 15:45:10,949000,11.493
2026/04/29 15:45:10,950000,11.493
2026/04/29 15:45:10,951000,11.493
2026/04/29 15:45:10,952000,11.493
2026/04/29 15:45:10,953000,11.493
2026/04/29 15:45:10,954000,11.490
2026/04/29 15:45:10,955000,11.487
2026/04/29 15:45:10,956000,11.493
2026/04/29 15:45:10,957000,11.493
2026/04/29 15:45:10,958000,11.493
2026/04/29 15:45:10,959000,11.487
2026/04/29 15:45:10,960000,11.493
2026/04/29 15:45:10,961000,11.493
2026/04/29 15:45:10,962000,11.487
2026/04/29 15:45:10,963000,11.499
2026/04/29 15:45:10,964000,11.490
2026/04/29 15:45:10,965000,11.487
2026/04/29 15:45:10,966000,11.499
2026/04/29 15:45:10,967000,11.485
2026/04/29 15:45:10,968000,11.490
2026/04/29 15:45:10,969000,11.493
2026/04/29 15:45:10,970000,11.487
2026/04/29 15:45:10,971000,11.493
2026/04/29 15:45:10,972000,11.493
2026/04/29 15:45:10,973000,11.493
2026/04/29 15:45:10,974000,11.490
2026/04/29 15:45:10,975000,11.490
2026/04/29 15:45:10,976000,11.493
2026/04/29 15:45:10,977000,11.487
2026/04/29 15:45:10,978000,11.490
2026/04/29 15:45:10,979000,11.493
2026/04/29 15:45:10,980000,11.490
2026/04/29 15:45:10,981000,11.487
2026/04/29 15:45:10,982000,11.490
2026/04/29 15:45:10,983000,11.490
2026/04/29 15:45:10,984000,11.490
2026/04/29 15:45:10,985000,11.493
2026/04/29 15:45:10,986000,11.493
2026/04/29 15:45:10,987000,11.493
2026/04/29 15:45:10,988000,11.493
2026/04/29 15:45:10,989000,11.487
2026/04/29 15:45:10,990000,11.490
2026/04/29 15:45:10,991000,11.493
2026/04/29 15:45:10,992000,11.493
2026/04/29 15:45:10,993000,11.493
2026/04/29 15:45:10,994000,11.487
2026/04/29 15:45:10,995000,11.490
2026/04/29 15:45:10,996000,11.496
2026/04/29 15:45:10,997000,11.499
2026/04/29 15:45:10,998000,11.490
2026/04/29 15:45:10,999000,11.490
2026/04/29 15:45:11,000000,11.493
2026/04/29 15:45:11,001000,11.490
2026/04/29 15:45:11,002000,11.490
2026/04/29 15:45:11,003000,11.493
2026/04/29 15:45:11,004000,11.499
2026/04/29 15:45:11,005000,11.490
2026/04/29 15:45:11,006000,11.490
2026/04/29 15:45:11,007000,11.487
2026/04/29 15:45:11,008000,11.487
2026/04/29 15:45:11,009000,11.496
2026/04/29 15:45:11,010000,11.493
2026/04/29 15:45:11,011000,11.499
2026/04/29 15:45:11,012000,11.493
2026/04/29 15:45:11,013000,11.493
2026/04/29 15:45:11,014000,11.493
2026/04/29 15:45:11,015000,11.496
2026/04/29 15:45:11,016000,11.493
2026/04/29 15:45:11,017000,11.493
2026/04/29 15:45:11,018000,11.487
2026/04/29 15:45:11,019000,11.487
2026/04/29 15:45:11,020000,11.490
2026/04/29 15:45:11,021000,11.490
2026/04/29 15:45:11,022000,11.490
2026/04/29 15:45:11,023000,11.490
2026/04/29 15:45:11,024000,11.490
2026/04/29 15:45:11,025000,11.485
2026/04/29 15:45:11,026000,11.496
2026/04/29 15:45:11,027000,11.496
2026/04/29 15:45:11,028000,11.493
2026/04/29 15:45:11,029000,11.490
2026/04/29 15:45:11,030000,11.493
2026/04/29 15:45:11,031000,11.490
2026/04/29 15:45:11,032000,11.493
2026/04/29 15:45:11,033000,11.490
2026/04/29 15:45:11,034000,11.487
2026/04/29 15:45:11,035000,11.493
2026/04/29 15:45:11,036000,11.496
2026/04/29 15:45:11,037000,11.493
2026/04/29 15:45:11,038000,11.496
2026/04/29 15:45:11,039000,11.493
2026/04/29 15:45:11,040000,11.493
2026/04/29 15:45:11,041000,11.493
2026/04/29 15:45:11,042000,11.493
2026/04/29 15:45:11,043000,11.490
2026/04/29 15:45:11,044000,11.487
2026/04/29 15:45:11,045000,11.487
2026/04/29 15:45:11,046000,11.499
2026/04/29 15:45:11,047000,11.487
2026/04/29 15:45:11,048000,11.487
2026/04/29 15:45:11,049000,11.496
2026/04/29 15:45:11,050000,11.493
2026/04/29 15:45:11,051000,11.496
2026/04/29 15:45:11,052000,11.493
2026/04/29 15:45:11,053000,11.487
2026/04/29 15:45:11,054000,11.496
2026/04/29 15:45:11,055000,11.490
2026/04/29 15:45:11,056000,11.490
2026/04/29 15:45:11,057000,11.493
2026/04/29 15:45:11,058000,11.493
2026/04/29 15:45:11,059000,11.490
2026/04/29 15:45:11,060000,11.493
2026/04/29 15:45:11,061000,11.493
2026/04/29 15:45:11,062000,11.493
2026/04/29 15:45:11,063000,11.493
2026/04/29 15:45:11,064000,11.493
2026/04/29 15:45:11,065000,11.490
2026/04/29 15:45:11,066000,11.490
2026/04/29 15:45:11,067000,11.490
2026/04/29 15:45:11,068000,11.493
2026/04/29 15:45:11,069000,11.490
2026/04/29 15:45:11,070000,11.487
2026/04/29 15:45:11,071000,11.490
2026/04/29 15:45:11,072000,11.493
2026/04/29 15:45:11,073000,11.496
2026/04/29 15:45:11,074000,11.490
2026/04/29 15:45:11,075000,11.487
2026/04/29 15:45:11,076000,11.496
2026/04/29 15:45:11,077000,11.487
2026/04/29 15:45:11,078000,11.496
2026/04/29 15:45:11,079000,11.487
2026/04/29 15:45:11,080000,11.493
2026/04/29 15:45:11,081000,11.490
2026/04/29 15:45:11,082000,11.487
2026/04/29 15:45:11,083000,11.493
2026/04/29 15:45:11,084000,11.493
2026/04/29 15:45:11,085000,11.499
2026/04/29 15:45:11,086000,11.496
2026/04/29 15:45:11,087000,11.487
2026/04/29 15:45:11,088000,11.487
2026/04/29 15:45:11,089000,11.496
2026/04/29 15:45:11,090000,11.490
2026/04/29 15:45:11,091000,11.487
2026/04/29 15:45:11,092000,11.493
2026/04/29 15:45:11,093000,11.490
2026/04/29 15:45:11,094000,11.490
2026/04/29 15:45:11,095000,11.496
2026/04/29 15:45:11,096000,11.490
2026/04/29 15:45:11,097000,11.493
2026/04/29 15:45:11,098000,11.487
2026/04/29 15:45:11,099000,11.496
2026/04/29 15:45:11,100000,11.493
2026/04/29 15:45:11,101000,11.493
2026/04/29 15:45:11,102000,11.490
2026/04/29 15:45:11,103000,11.493
2026/04/29 15:45:11,104000,11.493
2026/04/29 15:45:11,105000,11.482
2026/04/29 15:45:11,106000,11.490
2026/04/29 15:45:11,107000,11.493
2026/04/29 15:45:11,108000,11.490
2026/04/29 15:45:11,109000,11.499
2026/04/29 15:45:11,110000,11.490
2026/04/29 15:45:11,111000,11.493
2026/04/29 15:45:11,112000,11.490
2026/04/29 15:45:11,113000,11.487
2026/04/29 15:45:11,114000,11.493
2026/04/29 15:45:11,115000,11.493
2026/04/29 15:45:11,116000,11.493
2026/04/29 15:45:11,117000,11.493
2026/04/29 15:45:11,118000,11.487
2026/04/29 15:45:11,119000,11.493
2026/04/29 15:45:11,120000,11.493
2026/04/29 15:45:11,121000,11.493
2026/04/29 15:45:11,122000,11.490
2026/04/29 15:45:11,123000,11.490
2026/04/29 15:45:11,124000,11.490
2026/04/29 15:45:11,125000,11.487
2026/04/29 15:45:11,126000,11.493
2026/04/29 15:45:11,127000,11.493
2026/04/29 15:45:11,128000,11.499
2026/04/29 15:45:11,129000,11.499
2026/04/29 15:45:11,130000,11.493
2026/04/29 15:45:11,131000,11.490
2026/04/29 15:45:11,132000,11.487
2026/04/29 15:45:11,133000,11.490
2026/04/29 15:45:11,134000,11.490
2026/04/29 15:45:11,135000,11.496
2026/04/29 15:45:11,136000,11.493
2026/04/29 15:45:11,137000,11.493
2026/04/29 15:45:11,138000,11.490
2026/04/29 15:45:11,139000,11.496
2026/04/29 15:45:11,140000,11.485
2026/04/29 15:45:11,141000,11.487
2026/04/29 15:45:11,142000,11.487
2026/04/29 15:45:11,143000,11.490
2026/04/29 15:45:11,144000,11.493
2026/04/29 15:45:11,145000,11.490
2026/04/29 15:45:11,146000,11.493
2026/04/29 15:45:11,147000,11.493
2026/04/29 15:45:11,148000,11.499
2026/04/29 15:45:11,149000,11.490
2026/04/29 15:45:11,150000,11.493
2026/04/29 15:45:11,151000,11.490
2026/04/29 15:45:11,152000,11.490
2026/04/29 15:45:11,153000,11.490
2026/04/29 15:45:11,154000,11.490
2026/04/29 15:45:11,155000,11.499
2026/04/29 15:45:11,156000,11.496
2026/04/29 15:45:11,157000,11.487
2026/04/29 15:45:11,158000,11.487
2026/04/29 15:45:11,159000,11.496
2026/04/29 15:45:11,160000,11.493
2026/04/29 15:45:11,161000,11.490
2026/04/29 15:45:11,162000,11.485
2026/04/29 15:45:11,163000,11.496
2026/04/29 15:45:11,164000,11.487
2026/04/29 15:45:11,165000,11.490
2026/04/29 15:45:11,166000,11.496
2026/04/29 15:45:11,167000,11.493
2026/04/29 15:45:11,168000,11.496
2026/04/29 15:45:11,169000,11.493
2026/04/29 15:45:11,170000,11.490
2026/04/29 15:45:11,171000,11.496
2026/04/29 15:45:11,172000,11.487
2026/04/29 15:45:11,173000,11.490
2026/04/29 15:45:11,174000,11.493
2026/04/29 15:45:11,175000,11.485
2026/04/29 15:45:11,176000,11.496
2026/04/29 15:45:11,177000,11.493
2026/04/29 15:45:11,178000,11.485
2026/04/29 15:45:11,179000,11.490
2026/04/29 15:45:11,180000,11.493
2026/04/29 15:45:11,181000,11.496
2026/04/29 15:45:11,182000,11.490
2026/04/29 15:45:11,183000,11.493
2026/04/29 15:45:11,184000,11.493
2026/04/29 15:45:11,185000,11.485
2026/04/29 15:45:11,186000,11.493
2026/04/29 15:45:11,187000,11.493
2026/04/29 15:45:11,188000,11.496
2026/04/29 15:45:11,189000,11.490
2026/04/29 15:45:11,190000,11.490
2026/04/29 15:45:11,191000,11.490
2026/04/29 15:45:11,192000,11.490
2026/04/29 15:45:11,193000,11.490
2026/04/29 15:45:11,194000,11.493
2026/04/29 15:45:11,195000,11.493
2026/04/29 15:45:11,196000,11.496
2026/04/29 15:45:11,197000,11.490
2026/04/29 15:45:11,198000,11.493
2026/04/29 15:45:11,199000,11.490
2026/04/29 15:45:11,200000,11.499
2026/04/29 15:45:11,201000,11.493
2026/04/29 15:45:11,202000,11.493
2026/04/29 15:45:11,203000,11.490
2026/04/29 15:45:11,204000,11.487
2026/04/29 15:45:11,205000,11.487
2026/04/29 15:45:11,206000,11.490
2026/04/29 15:45:11,207000,11.487
2026/04/29 15:45:11,208000,11.493
2026/04/29 15:45:11,209000,11.493
2026/04/29 15:45:11,210000,11.490
2026/04/29 15:45:11,211000,11.485
2026/04/29 15:45:11,212000,11.499
2026/04/29 15:45:11,213000,11.487
2026/04/29 15:45:11,214000,11.490
2026/04/29 15:45:11,215000,11.490
2026/04/29 15:45:11,216000,11.493
2026/04/29 15:45:11,217000,11.504
2026/04/29 15:45:11,218000,11.493
2026/04/29 15:45:11,219000,11.487
2026/04/29 15:45:11,220000,11.496
2026/04/29 15:45:11,221000,11.493
2026/04/29 15:45:11,222000,11.499
2026/04/29 15:45:11,223000,11.493
2026/04/29 15:45:11,224000,11.493
2026/04/29 15:45:11,225000,11.493
2026/04/29 15:45:11,226000,11.493
2026/04/29 15:45:11,227000,11.490
2026/04/29 15:45:11,228000,11.493
2026/04/29 15:45:11,229000,11.490
2026/04/29 15:45:11,230000,11.490
2026/04/29 15:45:11,231000,11.493
2026/04/29 15:45:11,232000,11.490
2026/04/29 15:45:11,233000,11.493
2026/04/29 15:45:11,234000,11.487
2026/04/29 15:45:11,235000,11.493
2026/04/29 15:45:11,236000,11.493
2026/04/29 15:45:11,237000,11.499
2026/04/29 15:45:11,238000,11.493
2026/04/29 15:45:11,239000,11.493
2026/04/29 15:45:11,240000,11.490
2026/04/29 15:45:11,241000,11.493
2026/04/29 15:45:11,242000,11.490
2026/04/29 15:45:11,243000,11.493
2026/04/29 15:45:11,244000,11.493
2026/04/29 15:45:11,245000,11.490
2026/04/29 15:45:11,246000,11.496
2026/04/29 15:45:11,247000,11.485
2026/04/29 15:45:11,248000,11.493
2026/04/29 15:45:11,249000,11.496
2026/04/29 15:45:11,250000,11.493
2026/04/29 15:45:11,251000,11.482
2026/04/29 15:45:11,252000,11.487
2026/04/29 15:45:11,253000,11.493
2026/04/29 15:45:11,254000,11.493
2026/04/29 15:45:11,255000,11.490
2026/04/29 15:45:11,256000,11.490
2026/04/29 15:45:11,257000,11.490
2026/04/29 15:45:11,258000,11.493
2026/04/29 15:45:11,259000,11.499
2026/04/29 15:45:11,260000,11.493
2026/04/29 15:45:11,261000,11.490
2026/04/29 15:45:11,262000,11.493
2026/04/29 15:45:11,263000,11.493
2026/04/29 15:45:11,264000,11.496
2026/04/29 15:45:11,265000,11.493
2026/04/29 15:45:11,266000,11.487
2026/04/29 15:45:11,267000,11.490
2026/04/29 15:45:11,268000,11.490
2026/04/29 15:45:11,269000,11.487
2026/04/29 15:45:11,270000,11.499
2026/04/29 15:45:11,271000,11.496
2026/04/29 15:45:11,272000,11.496
2026/04/29 15:45:11,273000,11.493
2026/04/29 15:45:11,274000,11.493
2026/04/29 15:45:11,275000,11.496
2026/04/29 15:45:11,276000,11.493
2026/04/29 15:45:11,277000,11.493
2026/04/29 15:45:11,278000,11.493
2026/04/29 15:45:11,279000,11.493
2026/04/29 15:45:11,280000,11.493
2026/04/29 15:45:11,281000,11.493
2026/04/29 15:45:11,282000,11.493
2026/04/29 15:45:11,283000,11.490
2026/04/29 15:45:11,284000,11.493
2026/04/29 15:45:11,285000,11.493
2026/04/29 15:45:11,286000,11.493
2026/04/29 15:45:11,287000,11.493
2026/04/29 15:45:11,288000,11.490
2026/04/29 15:45:11,289000,11.493
2026/04/29 15:45:11,290000,11.493
2026/04/29 15:45:11,291000,11.493
2026/04/29 15:45:11,292000,11.493
2026/04/29 15:45:11,293000,11.490
2026/04/29 15:45:11,294000,11.490
2026/04/29 15:45:11,295000,11.499
2026/04/29 15:45:11,296000,11.490
2026/04/29 15:45:11,297000,11.496
2026/04/29 15:45:11,298000,11.490
2026/04/29 15:45:11,299000,11.496
2026/04/29 15:45:11,300000,11.487
2026/04/29 15:45:11,301000,11.493
2026/04/29 15:45:11,302000,11.496
2026/04/29 15:45:11,303000,11.499
2026/04/29 15:45:11,304000,11.493
2026/04/29 15:45:11,305000,11.487
2026/04/29 15:45:11,306000,11.493
2026/04/29 15:45:11,307000,11.499
2026/04/29 15:45:11,308000,11.487
2026/04/29 15:45:11,309000,11.499
2026/04/29 15:45:11,310000,11.493
2026/04/29 15:45:11,311000,11.493
2026/04/29 15:45:11,312000,11.493
2026/04/29 15:45:11,313000,11.490
2026/04/29 15:45:11,314000,11.501
2026/04/29 15:45:11,315000,11.493
2026/04/29 15:45:11,316000,11.493
2026/04/29 15:45:11,317000,11.490
2026/04/29 15:45:11,318000,11.487
2026/04/29 15:45:11,319000,11.493
2026/04/29 15:45:11,320000,11.493
2026/04/29 15:45:11,321000,11.490
2026/04/29 15:45:11,322000,11.493
2026/04/29 15:45:11,323000,11.493
2026/04/29 15:45:11,324000,11.493
2026/04/29 15:45:11,325000,11.493
2026/04/29 15:45:11,326000,11.493
2026/04/29 15:45:11,327000,11.487
2026/04/29 15:45:11,328000,11.490
2026/04/29 15:45:11,329000,11.496
2026/04/29 15:45:11,330000,11.485
2026/04/29 15:45:11,331000,11.493
2026/04/29 15:45:11,332000,11.493
2026/04/29 15:45:11,333000,11.490
2026/04/29 15:45:11,334000,11.490
2026/04/29 15:45:11,335000,11.490
2026/04/29 15:45:11,336000,11.490
2026/04/29 15:45:11,337000,11.487
2026/04/29 15:45:11,338000,11.493
2026/04/29 15:45:11,339000,11.493
2026/04/29 15:45:11,340000,11.496
2026/04/29 15:45:11,341000,11.493
2026/04/29 15:45:11,342000,11.490
2026/04/29 15:45:11,343000,11.490
2026/04/29 15:45:11,344000,11.490
2026/04/29 15:45:11,345000,11.490
2026/04/29 15:45:11,346000,11.490
2026/04/29 15:45:11,347000,11.490
2026/04/29 15:45:11,348000,11.493
2026/04/29 15:45:11,349000,11.490
2026/04/29 15:45:11,350000,11.490
2026/04/29 15:45:11,351000,11.493
2026/04/29 15:45:11,352000,11.490
2026/04/29 15:45:11,353000,11.493
2026/04/29 15:45:11,354000,11.490
2026/04/29 15:45:11,355000,11.493
2026/04/29 15:45:11,356000,11.496
2026/04/29 15:45:11,357000,11.487
2026/04/29 15:45:11,358000,11.487
2026/04/29 15:45:11,359000,11.493
2026/04/29 15:45:11,360000,11.490
2026/04/29 15:45:11,361000,11.490
2026/04/29 15:45:11,362000,11.490
2026/04/29 15:45:11,363000,11.487
2026/04/29 15:45:11,364000,11.496
2026/04/29 15:45:11,365000,11.490
2026/04/29 15:45:11,366000,11.490
2026/04/29 15:45:11,367000,11.487
2026/04/29 15:45:11,368000,11.493
2026/04/29 15:45:11,369000,11.493
2026/04/29 15:45:11,370000,11.490
2026/04/29 15:45:11,371000,11.493
2026/04/29 15:45:11,372000,11.493
2026/04/29 15:45:11,373000,11.496
2026/04/29 15:45:11,374000,11.493
2026/04/29 15:45:11,375000,11.487
2026/04/29 15:45:11,376000,11.493
2026/04/29 15:45:11,377000,11.499
2026/04/29 15:45:11,378000,11.493
2026/04/29 15:45:11,379000,11.496
2026/04/29 15:45:11,380000,11.493
2026/04/29 15:45:11,381000,11.493
2026/04/29 15:45:11,382000,11.499
2026/04/29 15:45:11,383000,11.490
2026/04/29 15:45:11,384000,11.493
2026/04/29 15:45:11,385000,11.490
2026/04/29 15:45:11,386000,11.493
2026/04/29 15:45:11,387000,11.487
2026/04/29 15:45:11,388000,11.493
2026/04/29 15:45:11,389000,11.496
2026/04/29 15:45:11,390000,11.493
2026/04/29 15:45:11,391000,11.490
2026/04/29 15:45:11,392000,11.493
2026/04/29 15:45:11,393000,11.487
2026/04/29 15:45:11,394000,11.493
2026/04/29 15:45:11,395000,11.493
2026/04/29 15:45:11,396000,11.499
2026/04/29 15:45:11,397000,11.493
2026/04/29 15:45:11,398000,11.490
2026/04/29 15:45:11,399000,11.493
2026/04/29 15:45:11,400000,11.499
2026/04/29 15:45:11,401000,11.490
2026/04/29 15:45:11,402000,11.493
2026/04/29 15:45:11,403000,11.493
2026/04/29 15:45:11,404000,11.493
2026/04/29 15:45:11,405000,11.490
2026/04/29 15:45:11,406000,11.493
2026/04/29 15:45:11,407000,11.493
2026/04/29 15:45:11,408000,11.493
2026/04/29 15:45:11,409000,11.487
2026/04/29 15:45:11,410000,11.493
2026/04/29 15:45:11,411000,11.496
2026/04/29 15:45:11,412000,11.493
2026/04/29 15:45:11,413000,11.493
2026/04/29 15:45:11,414000,11.496
2026/04/29 15:45:11,415000,11.493
2026/04/29 15:45:11,416000,11.490
2026/04/29 15:45:11,417000,11.490
2026/04/29 15:45:11,418000,11.490
2026/04/29 15:45:11,419000,11.493
2026/04/29 15:45:11,420000,11.493
2026/04/29 15:45:11,421000,11.499
2026/04/29 15:45:11,422000,11.499
2026/04/29 15:45:11,423000,11.490
2026/04/29 15:45:11,424000,11.499
2026/04/29 15:45:11,425000,11.490
2026/04/29 15:45:11,426000,11.490
2026/04/29 15:45:11,427000,11.493
2026/04/29 15:45:11,428000,11.490
2026/04/29 15:45:11,429000,11.487
2026/04/29 15:45:11,430000,11.493
2026/04/29 15:45:11,431000,11.496
2026/04/29 15:45:11,432000,11.490
2026/04/29 15:45:11,433000,11.493
2026/04/29 15:45:11,434000,11.499
2026/04/29 15:45:11,435000,11.504
2026/04/29 15:45:11,436000,11.493
2026/04/29 15:45:11,437000,11.490
2026/04/29 15:45:11,438000,11.490
2026/04/29 15:45:11,439000,11.493
2026/04/29 15:45:11,440000,11.490
2026/04/29 15:45:11,441000,11.490
2026/04/29 15:45:11,442000,11.490
2026/04/29 15:45:11,443000,11.493
2026/04/29 15:45:11,444000,11.493
2026/04/29 15:45:11,445000,11.493
2026/04/29 15:45:11,446000,11.490
2026/04/29 15:45:11,447000,11.493
2026/04/29 15:45:11,448000,11.490
2026/04/29 15:45:11,449000,11.499
2026/04/29 15:45:11,450000,11.485
2026/04/29 15:45:11,451000,11.499
2026/04/29 15:45:11,452000,11.499
2026/04/29 15:45:11,453000,11.490
2026/04/29 15:45:11,454000,11.485
2026/04/29 15:45:11,455000,11.499
2026/04/29 15:45:11,456000,11.493
2026/04/29 15:45:11,457000,11.493
2026/04/29 15:45:11,458000,11.493
2026/04/29 15:45:11,459000,11.496
2026/04/29 15:45:11,460000,11.507
2026/04/29 15:45:11,461000,11.490
2026/04/29 15:45:11,462000,11.493
2026/04/29 15:45:11,463000,11.493
2026/04/29 15:45:11,464000,11.496
2026/04/29 15:45:11,465000,11.493
2026/04/29 15:45:11,466000,11.493
2026/04/29 15:45:11,467000,11.490
2026/04/29 15:45:11,468000,11.493
2026/04/29 15:45:11,469000,11.490
2026/04/29 15:45:11,470000,11.501
2026/04/29 15:45:11,471000,11.487
2026/04/29 15:45:11,472000,11.490
2026/04/29 15:45:11,473000,11.493
2026/04/29 15:45:11,474000,11.490
2026/04/29 15:45:11,475000,11.493
2026/04/29 15:45:11,476000,11.487
2026/04/29 15:45:11,477000,11.485
2026/04/29 15:45:11,478000,11.493
2026/04/29 15:45:11,479000,11.490
2026/04/29 15:45:11,480000,11.496
2026/04/29 15:45:11,481000,11.493
2026/04/29 15:45:11,482000,11.493
2026/04/29 15:45:11,483000,11.499
2026/04/29 15:45:11,484000,11.499
2026/04/29 15:45:11,485000,11.493
2026/04/29 15:45:11,486000,11.493
2026/04/29 15:45:11,487000,11.490
2026/04/29 15:45:11,488000,11.485
2026/04/29 15:45:11,489000,11.493
2026/04/29 15:45:11,490000,11.493
2026/04/29 15:45:11,491000,11.487
2026/04/29 15:45:11,492000,11.493
2026/04/29 15:45:11,493000,11.487
2026/04/29 15:45:11,494000,11.487
2026/04/29 15:45:11,495000,11.490
2026/04/29 15:45:11,496000,11.487
2026/04/29 15:45:11,497000,11.487
2026/04/29 15:45:11,498000,11.493
2026/04/29 15:45:11,499000,11.496
2026/04/29 15:45:11,500000,11.490
2026/04/29 15:45:11,501000,11.493
2026/04/29 15:45:11,502000,11.496
2026/04/29 15:45:11,503000,11.493
2026/04/29 15:45:11,504000,11.487
2026/04/29 15:45:11,505000,11.496
2026/04/29 15:45:11,506000,11.490
2026/04/29 15:45:11,507000,11.493
2026/04/29 15:45:11,508000,11.496
2026/04/29 15:45:11,509000,11.490
2026/04/29 15:45:11,510000,11.493
2026/04/29 15:45:11,511000,11.493
2026/04/29 15:45:11,512000,11.490
2026/04/29 15:45:11,513000,11.487
2026/04/29 15:45:11,514000,11.493
2026/04/29 15:45:11,515000,11.490
2026/04/29 15:45:11,516000,11.490
2026/04/29 15:45:11,517000,11.496
2026/04/29 15:45:11,518000,11.485
2026/04/29 15:45:11,519000,11.487
2026/04/29 15:45:11,520000,11.493
2026/04/29 15:45:11,521000,11.496
2026/04/29 15:45:11,522000,11.487
2026/04/29 15:45:11,523000,11.496
2026/04/29 15:45:11,524000,11.496
2026/04/29 15:45:11,525000,11.496
2026/04/29 15:45:11,526000,11.487
2026/04/29 15:45:11,527000,11.493
2026/04/29 15:45:11,528000,11.496
2026/04/29 15:45:11,529000,11.499
2026/04/29 15:45:11,530000,11.490
2026/04/29 15:45:11,531000,11.501
2026/04/29 15:45:11,532000,11.493
2026/04/29 15:45:11,533000,11.493
2026/04/29 15:45:11,534000,11.496
2026/04/29 15:45:11,535000,11.496
2026/04/29 15:45:11,536000,11.496
2026/04/29 15:45:11,537000,11.496
2026/04/29 15:45:11,538000,11.493
2026/04/29 15:45:11,539000,11.493
2026/04/29 15:45:11,540000,11.487
2026/04/29 15:45:11,541000,11.493
2026/04/29 15:45:11,542000,11.490
2026/04/29 15:45:11,543000,11.485
2026/04/29 15:45:11,544000,11.496
2026/04/29 15:45:11,545000,11.490
2026/04/29 15:45:11,546000,11.496
2026/04/29 15:45:11,547000,11.493
2026/04/29 15:45:11,548000,11.487
2026/04/29 15:45:11,549000,11.493
2026/04/29 15:45:11,550000,11.493
2026/04/29 15:45:11,551000,11.490
2026/04/29 15:45:11,552000,11.493
2026/04/29 15:45:11,553000,11.499
2026/04/29 15:45:11,554000,11.493
2026/04/29 15:45:11,555000,11.490
2026/04/29 15:45:11,556000,11.493
2026/04/29 15:45:11,557000,11.493
2026/04/29 15:45:11,558000,11.493
2026/04/29 15:45:11,559000,11.493
2026/04/29 15:45:11,560000,11.493
2026/04/29 15:45:11,561000,11.490
2026/04/29 15:45:11,562000,11.490
2026/04/29 15:45:11,563000,11.493
2026/04/29 15:45:11,564000,11.487
2026/04/29 15:45:11,565000,11.490
2026/04/29 15:45:11,566000,11.496
2026/04/29 15:45:11,567000,11.490
2026/04/29 15:45:11,568000,11.501
2026/04/29 15:45:11,569000,11.493
2026/04/29 15:45:11,570000,11.490
2026/04/29 15:45:11,571000,11.490
2026/04/29 15:45:11,572000,11.487
2026/04/29 15:45:11,573000,11.504
2026/04/29 15:45:11,574000,11.490
2026/04/29 15:45:11,575000,11.499
2026/04/29 15:45:11,576000,11.499
2026/04/29 15:45:11,577000,11.490
2026/04/29 15:45:11,578000,11.493
2026/04/29 15:45:11,579000,11.493
2026/04/29 15:45:11,580000,11.493
2026/04/29 15:45:11,581000,11.496
2026/04/29 15:45:11,582000,11.499
2026/04/29 15:45:11,583000,11.496
2026/04/29 15:45:11,584000,11.496
2026/04/29 15:45:11,585000,11.496
2026/04/29 15:45:11,586000,11.490
2026/04/29 15:45:11,587000,11.499
2026/04/29 15:45:11,588000,11.487
2026/04/29 15:45:11,589000,11.493
2026/04/29 15:45:11,590000,11.496
2026/04/29 15:45:11,591000,11.493
2026/04/29 15:45:11,592000,11.493
2026/04/29 15:45:11,593000,11.493
2026/04/29 15:45:11,594000,11.490
2026/04/29 15:45:11,595000,11.499
2026/04/29 15:45:11,596000,11.493
2026/04/29 15:45:11,597000,11.493
2026/04/29 15:45:11,598000,11.490
2026/04/29 15:45:11,599000,11.501
2026/04/29 15:45:11,600000,11.490
2026/04/29 15:45:11,601000,11.499
2026/04/29 15:45:11,602000,11.487
2026/04/29 15:45:11,603000,11.490
2026/04/29 15:45:11,604000,11.493
2026/04/29 15:45:11,605000,11.493
2026/04/29 15:45:11,606000,11.490
2026/04/29 15:45:11,607000,11.493
2026/04/29 15:45:11,608000,11.496
2026/04/29 15:45:11,609000,11.490
2026/04/29 15:45:11,610000,11.490
2026/04/29 15:45:11,611000,11.490
2026/04/29 15:45:11,612000,11.496
2026/04/29 15:45:11,613000,11.487
2026/04/29 15:45:11,614000,11.490
2026/04/29 15:45:11,615000,11.490
2026/04/29 15:45:11,616000,11.490
2026/04/29 15:45:11,617000,11.493
2026/04/29 15:45:11,618000,11.493
2026/04/29 15:45:11,619000,11.493
2026/04/29 15:45:11,620000,11.485
2026/04/29 15:45:11,621000,11.493
2026/04/29 15:45:11,622000,11.493
2026/04/29 15:45:11,623000,11.493
2026/04/29 15:45:11,624000,11.499
2026/04/29 15:45:11,625000,11.499
2026/04/29 15:45:11,626000,11.493
2026/04/29 15:45:11,627000,11.485
2026/04/29 15:45:11,628000,11.496
2026/04/29 15:45:11,629000,11.496
2026/04/29 15:45:11,630000,11.499
2026/04/29 15:45:11,631000,11.496
2026/04/29 15:45:11,632000,11.490
2026/04/29 15:45:11,633000,11.490
2026/04/29 15:45:11,634000,11.501
2026/04/29 15:45:11,635000,11.493
2026/04/29 15:45:11,636000,11.493
2026/04/29 15:45:11,637000,11.490
2026/04/29 15:45:11,638000,11.490
2026/04/29 15:45:11,639000,11.493
2026/04/29 15:45:11,640000,11.487
2026/04/29 15:45:11,641000,11.493
2026/04/29 15:45:11,642000,11.490
2026/04/29 15:45:11,643000,11.496
2026/04/29 15:45:11,644000,11.490
2026/04/29 15:45:11,645000,11.501
2026/04/29 15:45:11,646000,11.493
2026/04/29 15:45:11,647000,11.493
2026/04/29 15:45:11,648000,11.496
2026/04/29 15:45:11,649000,11.493
2026/04/29 15:45:11,650000,11.490
2026/04/29 15:45:11,651000,11.487
2026/04/29 15:45:11,652000,11.490
2026/04/29 15:45:11,653000,11.496
2026/04/29 15:45:11,654000,11.493
2026/04/29 15:45:11,655000,11.487
2026/04/29 15:45:11,656000,11.493
2026/04/29 15:45:11,657000,11.499
2026/04/29 15:45:11,658000,11.496
2026/04/29 15:45:11,659000,11.499
2026/04/29 15:45:11,660000,11.496
2026/04/29 15:45:11,661000,11.490
2026/04/29 15:45:11,662000,11.490
2026/04/29 15:45:11,663000,11.496
2026/04/29 15:45:11,664000,11.490
2026/04/29 15:45:11,665000,11.493
2026/04/29 15:45:11,666000,11.496
2026/04/29 15:45:11,667000,11.490
2026/04/29 15:45:11,668000,11.485
2026/04/29 15:45:11,669000,11.493
2026/04/29 15:45:11,670000,11.493
2026/04/29 15:45:11,671000,11.485
2026/04/29 15:45:11,672000,11.490
2026/04/29 15:45:11,673000,11.493
2026/04/29 15:45:11,674000,11.490
2026/04/29 15:45:11,675000,11.501
2026/04/29 15:45:11,676000,11.496
2026/04/29 15:45:11,677000,11.493
2026/04/29 15:45:11,678000,11.496
2026/04/29 15:45:11,679000,11.493
2026/04/29 15:45:11,680000,11.493
2026/04/29 15:45:11,681000,11.493
2026/04/29 15:45:11,682000,11.496
2026/04/29 15:45:11,683000,11.487
2026/04/29 15:45:11,684000,11.493
2026/04/29 15:45:11,685000,11.493
2026/04/29 15:45:11,686000,11.490
2026/04/29 15:45:11,687000,11.490
2026/04/29 15:45:11,688000,11.490
2026/04/29 15:45:11,689000,11.499
2026/04/29 15:45:11,690000,11.499
2026/04/29 15:45:11,691000,11.487
2026/04/29 15:45:11,692000,11.490
2026/04/29 15:45:11,693000,11.496
2026/04/29 15:45:11,694000,11.493
2026/04/29 15:45:11,695000,11.493
2026/04/29 15:45:11,696000,11.499
2026/04/29 15:45:11,697000,11.490
2026/04/29 15:45:11,698000,11.490
2026/04/29 15:45:11,699000,11.496
2026/04/29 15:45:11,700000,11.493
2026/04/29 15:45:11,701000,11.490
2026/04/29 15:45:11,702000,11.493
2026/04/29 15:45:11,703000,11.496
2026/04/29 15:45:11,704000,11.496
2026/04/29 15:45:11,705000,11.499
2026/04/29 15:45:11,706000,11.490
2026/04/29 15:45:11,707000,11.490
2026/04/29 15:45:11,708000,11.487
2026/04/29 15:45:11,709000,11.487
2026/04/29 15:45:11,710000,11.493
2026/04/29 15:45:11,711000,11.496
2026/04/29 15:45:11,712000,11.490
2026/04/29 15:45:11,713000,11.493
2026/04/29 15:45:11,714000,11.493
2026/04/29 15:45:11,715000,11.490
2026/04/29 15:45:11,716000,11.490
2026/04/29 15:45:11,717000,11.496
2026/04/29 15:45:11,718000,11.490
2026/04/29 15:45:11,719000,11.496
2026/04/29 15:45:11,720000,11.496
2026/04/29 15:45:11,721000,11.493
2026/04/29 15:45:11,722000,11.493
2026/04/29 15:45:11,723000,11.493
2026/04/29 15:45:11,724000,11.493
2026/04/29 15:45:11,725000,11.490
2026/04/29 15:45:11,726000,11.490
2026/04/29 15:45:11,727000,11.499
2026/04/29 15:45:11,728000,11.490
2026/04/29 15:45:11,729000,11.496
2026/04/29 15:45:11,730000,11.496
2026/04/29 15:45:11,731000,11.493
2026/04/29 15:45:11,732000,11.490
2026/04/29 15:45:11,733000,11.493
2026/04/29 15:45:11,734000,11.490
2026/04/29 15:45:11,735000,11.493
2026/04/29 15:45:11,736000,11.496
2026/04/29 15:45:11,737000,11.496
2026/04/29 15:45:11,738000,11.499
2026/04/29 15:45:11,739000,11.493
2026/04/29 15:45:11,740000,11.490
2026/04/29 15:45:11,741000,11.490
2026/04/29 15:45:11,742000,11.499
2026/04/29 15:45:11,743000,11.487
2026/04/29 15:45:11,744000,11.490
2026/04/29 15:45:11,745000,11.499
2026/04/29 15:45:11,746000,11.493
2026/04/29 15:45:11,747000,11.493
2026/04/29 15:45:11,748000,11.496
2026/04/29 15:45:11,749000,11.493
2026/04/29 15:45:11,750000,11.493
2026/04/29 15:45:11,751000,11.493
2026/04/29 15:45:11,752000,11.501
2026/04/29 15:45:11,753000,11.487
2026/04/29 15:45:11,754000,11.490
2026/04/29 15:45:11,755000,11.496
2026/04/29 15:45:11,756000,11.499
2026/04/29 15:45:11,757000,11.493
2026/04/29 15:45:11,758000,11.493
2026/04/29 15:45:11,759000,11.493
2026/04/29 15:45:11,760000,11.485
2026/04/29 15:45:11,761000,11.490
2026/04/29 15:45:11,762000,11.499
2026/04/29 15:45:11,763000,11.493
2026/04/29 15:45:11,764000,11.490
2026/04/29 15:45:11,765000,11.493
2026/04/29 15:45:11,766000,11.493
2026/04/29 15:45:11,767000,11.499
2026/04/29 15:45:11,768000,11.493
2026/04/29 15:45:11,769000,11.493
2026/04/29 15:45:11,770000,11.493
2026/04/29 15:45:11,771000,11.496
2026/04/29 15:45:11,772000,11.496
2026/04/29 15:45:11,773000,11.493
2026/04/29 15:45:11,774000,11.496
2026/04/29 15:45:11,775000,11.493
2026/04/29 15:45:11,776000,11.496
2026/04/29 15:45:11,777000,11.496
2026/04/29 15:45:11,778000,11.496
2026/04/29 15:45:11,779000,11.493
2026/04/29 15:45:11,780000,11.493
2026/04/29 15:45:11,781000,11.493
2026/04/29 15:45:11,782000,11.487
2026/04/29 15:45:11,783000,11.493
2026/04/29 15:45:11,784000,11.493
2026/04/29 15:45:11,785000,11.487
2026/04/29 15:45:11,786000,11.496
2026/04/29 15:45:11,787000,11.493
2026/04/29 15:45:11,788000,11.490
2026/04/29 15:45:11,789000,11.496
2026/04/29 15:45:11,790000,11.493
2026/04/29 15:45:11,791000,11.487
2026/04/29 15:45:11,792000,11.496
2026/04/29 15:45:11,793000,11.493
2026/04/29 15:45:11,794000,11.487
2026/04/29 15:45:11,795000,11.493
2026/04/29 15:45:11,796000,11.490
2026/04/29 15:45:11,797000,11.490
2026/04/29 15:45:11,798000,11.493
2026/04/29 15:45:11,799000,11.487
2026/04/29 15:45:11,800000,11.496
2026/04/29 15:45:11,801000,11.490
2026/04/29 15:45:11,802000,11.490
2026/04/29 15:45:11,803000,11.493
2026/04/29 15:45:11,804000,11.490
2026/04/29 15:45:11,805000,11.493
2026/04/29 15:45:11,806000,11.493
2026/04/29 15:45:11,807000,11.499
2026/04/29 15:45:11,808000,11.493
2026/04/29 15:45:11,809000,11.493
2026/04/29 15:45:11,810000,11.485
2026/04/29 15:45:11,811000,11.487
2026/04/29 15:45:11,812000,11.496
2026/04/29 15:45:11,813000,11.501
2026/04/29 15:45:11,814000,11.496
2026/04/29 15:45:11,815000,11.493
2026/04/29 15:45:11,816000,11.490
2026/04/29 15:45:11,817000,11.487
2026/04/29 15:45:11,818000,11.499
2026/04/29 15:45:11,819000,11.493
2026/04/29 15:45:11,820000,11.493
2026/04/29 15:45:11,821000,11.493
2026/04/29 15:45:11,822000,11.493
2026/04/29 15:45:11,823000,11.496
2026/04/29 15:45:11,824000,11.490
2026/04/29 15:45:11,825000,11.496
2026/04/29 15:45:11,826000,11.493
2026/04/29 15:45:11,827000,11.493
2026/04/29 15:45:11,828000,11.493
2026/04/29 15:45:11,829000,11.499
2026/04/29 15:45:11,830000,11.493
2026/04/29 15:45:11,831000,11.490
2026/04/29 15:45:11,832000,11.490
2026/04/29 15:45:11,833000,11.496
2026/04/29 15:45:11,834000,11.487
2026/04/29 15:45:11,835000,11.487
2026/04/29 15:45:11,836000,11.493
2026/04/29 15:45:11,837000,11.496
2026/04/29 15:45:11,838000,11.493
2026/04/29 15:45:11,839000,11.496
2026/04/29 15:45:11,840000,11.490
2026/04/29 15:45:11,841000,11.493
2026/04/29 15:45:11,842000,11.496
2026/04/29 15:45:11,843000,11.485
2026/04/29 15:45:11,844000,11.496
2026/04/29 15:45:11,845000,11.490
2026/04/29 15:45:11,846000,11.493
2026/04/29 15:45:11,847000,11.496
2026/04/29 15:45:11,848000,11.490
2026/04/29 15:45:11,849000,11.487
2026/04/29 15:45:11,850000,11.490
2026/04/29 15:45:11,851000,11.490
2026/04/29 15:45:11,852000,11.493
2026/04/29 15:45:11,853000,11.493
2026/04/29 15:45:11,854000,11.487
2026/04/29 15:45:11,855000,11.493
2026/04/29 15:45:11,856000,11.493
2026/04/29 15:45:11,857000,11.490
2026/04/29 15:45:11,858000,11.493
2026/04/29 15:45:11,859000,11.501
2026/04/29 15:45:11,860000,11.490
2026/04/29 15:45:11,861000,11.496
2026/04/29 15:45:11,862000,11.493
2026/04/29 15:45:11,863000,11.493
2026/04/29 15:45:11,864000,11.490
2026/04/29 15:45:11,865000,11.496
2026/04/29 15:45:11,866000,11.490
2026/04/29 15:45:11,867000,11.493
2026/04/29 15:45:11,868000,11.496
2026/04/29 15:45:11,869000,11.490
2026/04/29 15:45:11,870000,11.493
2026/04/29 15:45:11,871000,11.493
2026/04/29 15:45:11,872000,11.490
2026/04/29 15:45:11,873000,11.499
2026/04/29 15:45:11,874000,11.507
2026/04/29 15:45:11,875000,11.496
2026/04/29 15:45:11,876000,11.493
2026/04/29 15:45:11,877000,11.493
2026/04/29 15:45:11,878000,11.490
2026/04/29 15:45:11,879000,11.493
2026/04/29 15:45:11,880000,11.493
2026/04/29 15:45:11,881000,11.493
2026/04/29 15:45:11,882000,11.496
2026/04/29 15:45:11,883000,11.499
2026/04/29 15:45:11,884000,11.501
2026/04/29 15:45:11,885000,11.493
2026/04/29 15:45:11,886000,11.490
2026/04/29 15:45:11,887000,11.490
2026/04/29 15:45:11,888000,11.493
2026/04/29 15:45:11,889000,11.499
2026/04/29 15:45:11,890000,11.499
2026/04/29 15:45:11,891000,11.493
2026/04/29 15:45:11,892000,11.493
2026/04/29 15:45:11,893000,11.490
2026/04/29 15:45:11,894000,11.490
2026/04/29 15:45:11,895000,11.490
2026/04/29 15:45:11,896000,11.493
2026/04/29 15:45:11,897000,11.496
2026/04/29 15:45:11,898000,11.493
2026/04/29 15:45:11,899000,11.496
2026/04/29 15:45:11,900000,11.496
2026/04/29 15:45:11,901000,11.490
2026/04/29 15:45:11,902000,11.496
2026/04/29 15:45:11,903000,11.493
2026/04/29 15:45:11,904000,11.493
2026/04/29 15:45:11,905000,11.496
2026/04/29 15:45:11,906000,11.490
2026/04/29 15:45:11,907000,11.496
2026/04/29 15:45:11,908000,11.496
2026/04/29 15:45:11,909000,11.499
2026/04/29 15:45:11,910000,11.490
2026/04/29 15:45:11,911000,11.496
2026/04/29 15:45:11,912000,11.485
2026/04/29 15:45:11,913000,11.496
2026/04/29 15:45:11,914000,11.501
2026/04/29 15:45:11,915000,11.496
2026/04/29 15:45:11,916000,11.499
2026/04/29 15:45:11,917000,11.493
2026/04/29 15:45:11,918000,11.487
2026/04/29 15:45:11,919000,11.490
2026/04/29 15:45:11,920000,11.493
2026/04/29 15:45:11,921000,11.490
2026/04/29 15:45:11,922000,11.482
2026/04/29 15:45:11,923000,11.493
2026/04/29 15:45:11,924000,11.490
2026/04/29 15:45:11,925000,11.496
2026/04/29 15:45:11,926000,11.496
2026/04/29 15:45:11,927000,11.496
2026/04/29 15:45:11,928000,11.496
2026/04/29 15:45:11,929000,11.493
2026/04/29 15:45:11,930000,11.499
2026/04/29 15:45:11,931000,11.490
2026/04/29 15:45:11,932000,11.487
2026/04/29 15:45:11,933000,11.493
2026/04/29 15:45:11,934000,11.496
2026/04/29 15:45:11,935000,11.490
2026/04/29 15:45:11,936000,11.493
2026/04/29 15:45:11,937000,11.493
2026/04/29 15:45:11,938000,11.493
2026/04/29 15:45:11,939000,11.499
2026/04/29 15:45:11,940000,11.496
2026/04/29 15:45:11,941000,11.493
2026/04/29 15:45:11,942000,11.496
2026/04/29 15:45:11,943000,11.487
2026/04/29 15:45:11,944000,11.496
2026/04/29 15:45:11,945000,11.490
2026/04/29 15:45:11,946000,11.493
2026/04/29 15:45:11,947000,11.490
2026/04/29 15:45:11,948000,11.496
2026/04/29 15:45:11,949000,11.493
2026/04/29 15:45:11,950000,11.490
2026/04/29 15:45:11,951000,11.496
2026/04/29 15:45:11,952000,11.496
2026/04/29 15:45:11,953000,11.493
2026/04/29 15:45:11,954000,11.499
2026/04/29 15:45:11,955000,11.493
2026/04/29 15:45:11,956000,11.499
2026/04/29 15:45:11,957000,11.499
2026/04/29 15:45:11,958000,11.496
2026/04/29 15:45:11,959000,11.493
2026/04/29 15:45:11,960000,11.496
2026/04/29 15:45:11,961000,11.493
2026/04/29 15:45:11,962000,11.496
2026/04/29 15:45:11,963000,11.490
2026/04/29 15:45:11,964000,11.493
2026/04/29 15:45:11,965000,11.493
2026/04/29 15:45:11,966000,11.490
2026/04/29 15:45:11,967000,11.493
2026/04/29 15:45:11,968000,11.499
2026/04/29 15:45:11,969000,11.493
2026/04/29 15:45:11,970000,11.490
2026/04/29 15:45:11,971000,11.490
2026/04/29 15:45:11,972000,11.487
2026/04/29 15:45:11,973000,11.496
2026/04/29 15:45:11,974000,11.496
2026/04/29 15:45:11,975000,11.490
2026/04/29 15:45:11,976000,11.490
2026/04/29 15:45:11,977000,11.496
2026/04/29 15:45:11,978000,11.496
2026/04/29 15:45:11,979000,11.496
2026/04/29 15:45:11,980000,11.490
2026/04/29 15:45:11,981000,11.493
2026/04/29 15:45:11,982000,11.504
2026/04/29 15:45:11,983000,11.493
2026/04/29 15:45:11,984000,11.493
2026/04/29 15:45:11,985000,11.493
2026/04/29 15:45:11,986000,11.496
2026/04/29 15:45:11,987000,11.499
2026/04/29 15:45:11,988000,11.493
2026/04/29 15:45:11,989000,11.485
2026/04/29 15:45:11,990000,11.493
2026/04/29 15:45:11,991000,11.493
2026/04/29 15:45:11,992000,11.493
2026/04/29 15:45:11,993000,11.490
2026/04/29 15:45:11,994000,11.490
2026/04/29 15:45:11,995000,11.493
2026/04/29 15:45:11,996000,11.493
2026/04/29 15:45:11,997000,11.493
2026/04/29 15:45:11,998000,11.493
2026/04/29 15:45:11,999000,11.493
2026/04/29 15:45:12,000000,11.501
2026/04/29 15:45:12,001000,11.493
2026/04/29 15:45:12,002000,11.496
2026/04/29 15:45:12,003000,11.493
2026/04/29 15:45:12,004000,11.490
2026/04/29 15:45:12,005000,11.490
2026/04/29 15:45:12,006000,11.490
2026/04/29 15:45:12,007000,11.496
2026/04/29 15:45:12,008000,11.490
2026/04/29 15:45:12,009000,11.499
2026/04/29 15:45:12,010000,11.496
2026/04/29 15:45:12,011000,11.499
2026/04/29 15:45:12,012000,11.493
2026/04/29 15:45:12,013000,11.496
2026/04/29 15:45:12,014000,11.493
2026/04/29 15:45:12,015000,11.496
2026/04/29 15:45:12,016000,11.499
2026/04/29 15:45:12,017000,11.493
2026/04/29 15:45:12,018000,11.499
2026/04/29 15:45:12,019000,11.496
2026/04/29 15:45:12,020000,11.490
2026/04/29 15:45:12,021000,11.493
2026/04/29 15:45:12,022000,11.499
2026/04/29 15:45:12,023000,11.496
2026/04/29 15:45:12,024000,11.499
2026/04/29 15:45:12,025000,11.499
2026/04/29 15:45:12,026000,11.496
2026/04/29 15:45:12,027000,11.490
2026/04/29 15:45:12,028000,11.490
2026/04/29 15:45:12,029000,11.490
2026/04/29 15:45:12,030000,11.493
2026/04/29 15:45:12,031000,11.496
2026/04/29 15:45:12,032000,11.499
2026/04/29 15:45:12,033000,11.490
2026/04/29 15:45:12,034000,11.496
2026/04/29 15:45:12,035000,11.496
2026/04/29 15:45:12,036000,11.496
2026/04/29 15:45:12,037000,11.487
2026/04/29 15:45:12,038000,11.493
2026/04/29 15:45:12,039000,11.493
2026/04/29 15:45:12,040000,11.490
2026/04/29 15:45:12,041000,11.501
2026/04/29 15:45:12,042000,11.496
2026/04/29 15:45:12,043000,11.496
2026/04/29 15:45:12,044000,11.496
2026/04/29 15:45:12,045000,11.499
2026/04/29 15:45:12,046000,11.490
2026/04/29 15:45:12,047000,11.501
2026/04/29 15:45:12,048000,11.493
2026/04/29 15:45:12,049000,11.499
2026/04/29 15:45:12,050000,11.493
2026/04/29 15:45:12,051000,11.490
2026/04/29 15:45:12,052000,11.496
2026/04/29 15:45:12,053000,11.493
2026/04/29 15:45:12,054000,11.496
2026/04/29 15:45:12,055000,11.496
2026/04/29 15:45:12,056000,11.496
2026/04/29 15:45:12,057000,11.496
2026/04/29 15:45:12,058000,11.499
2026/04/29 15:45:12,059000,11.499
2026/04/29 15:45:12,060000,11.493
2026/04/29 15:45:12,061000,11.493
2026/04/29 15:45:12,062000,11.490
2026/04/29 15:45:12,063000,11.493
2026/04/29 15:45:12,064000,11.493
2026/04/29 15:45:12,065000,11.499
2026/04/29 15:45:12,066000,11.493
2026/04/29 15:45:12,067000,11.496
2026/04/29 15:45:12,068000,11.493
2026/04/29 15:45:12,069000,11.504
2026/04/29 15:45:12,070000,11.493
2026/04/29 15:45:12,071000,11.496
2026/04/29 15:45:12,072000,11.493
2026/04/29 15:45:12,073000,11.490
2026/04/29 15:45:12,074000,11.487
2026/04/29 15:45:12,075000,11.493
2026/04/29 15:45:12,076000,11.496
2026/04/29 15:45:12,077000,11.493
2026/04/29 15:45:12,078000,11.493
2026/04/29 15:45:12,079000,11.493
2026/04/29 15:45:12,080000,11.499
2026/04/29 15:45:12,081000,11.499
2026/04/29 15:45:12,082000,11.501
2026/04/29 15:45:12,083000,11.493
2026/04/29 15:45:12,084000,11.493
2026/04/29 15:45:12,085000,11.493
2026/04/29 15:45:12,086000,11.490
2026/04/29 15:45:12,087000,11.490
2026/04/29 15:45:12,088000,11.496
2026/04/29 15:45:12,089000,11.493
2026/04/29 15:45:12,090000,11.490
2026/04/29 15:45:12,091000,11.493
2026/04/29 15:45:12,092000,11.499
2026/04/29 15:45:12,093000,11.496
2026/04/29 15:45:12,094000,11.490
2026/04/29 15:45:12,095000,11.493
2026/04/29 15:45:12,096000,11.493
2026/04/29 15:45:12,097000,11.496
2026/04/29 15:45:12,098000,11.490
2026/04/29 15:45:12,099000,11.493
2026/04/29 15:45:12,100000,11.490
2026/04/29 15:45:12,101000,11.490
2026/04/29 15:45:12,102000,11.493
2026/04/29 15:45:12,103000,11.493
2026/04/29 15:45:12,104000,11.499
2026/04/29 15:45:12,105000,11.493
2026/04/29 15:45:12,106000,11.496
2026/04/29 15:45:12,107000,11.493
2026/04/29 15:45:12,108000,11.496
2026/04/29 15:45:12,109000,11.490
2026/04/29 15:45:12,110000,11.490
2026/04/29 15:45:12,111000,11.499
2026/04/29 15:45:12,112000,11.490
2026/04/29 15:45:12,113000,11.493
2026/04/29 15:45:12,114000,11.499
2026/04/29 15:45:12,115000,11.499
2026/04/29 15:45:12,116000,11.496
2026/04/29 15:45:12,117000,11.499
2026/04/29 15:45:12,118000,11.493
2026/04/29 15:45:12,119000,11.493
2026/04/29 15:45:12,120000,11.499
2026/04/29 15:45:12,121000,11.496
2026/04/29 15:45:12,122000,11.493
2026/04/29 15:45:12,123000,11.490
2026/04/29 15:45:12,124000,11.493
2026/04/29 15:45:12,125000,11.496
2026/04/29 15:45:12,126000,11.496
2026/04/29 15:45:12,127000,11.496
2026/04/29 15:45:12,128000,11.493
2026/04/29 15:45:12,129000,11.493
2026/04/29 15:45:12,130000,11.493
2026/04/29 15:45:12,131000,11.487
2026/04/29 15:45:12,132000,11.493
2026/04/29 15:45:12,133000,11.490
2026/04/29 15:45:12,134000,11.496
2026/04/29 15:45:12,135000,11.490
2026/04/29 15:45:12,136000,11.490
2026/04/29 15:45:12,137000,11.487
2026/04/29 15:45:12,138000,11.493
2026/04/29 15:45:12,139000,11.499
2026/04/29 15:45:12,140000,11.493
2026/04/29 15:45:12,141000,11.501
2026/04/29 15:45:12,142000,11.501
2026/04/29 15:45:12,143000,11.493
2026/04/29 15:45:12,144000,11.493
2026/04/29 15:45:12,145000,11.493
2026/04/29 15:45:12,146000,11.496
2026/04/29 15:45:12,147000,11.493
2026/04/29 15:45:12,148000,11.490
2026/04/29 15:45:12,149000,11.493
2026/04/29 15:45:12,150000,11.493
2026/04/29 15:45:12,151000,11.499
2026/04/29 15:45:12,152000,11.496
2026/04/29 15:45:12,153000,11.499
2026/04/29 15:45:12,154000,11.499
2026/04/29 15:45:12,155000,11.496
2026/04/29 15:45:12,156000,11.493
2026/04/29 15:45:12,157000,11.493
2026/04/29 15:45:12,158000,11.490
2026/04/29 15:45:12,159000,11.493
2026/04/29 15:45:12,160000,11.490
2026/04/29 15:45:12,161000,11.493
2026/04/29 15:45:12,162000,11.493
2026/04/29 15:45:12,163000,11.490
2026/04/29 15:45:12,164000,11.493
2026/04/29 15:45:12,165000,11.496
2026/04/29 15:45:12,166000,11.493
2026/04/29 15:45:12,167000,11.493
2026/04/29 15:45:12,168000,11.493
2026/04/29 15:45:12,169000,11.490
2026/04/29 15:45:12,170000,11.501
2026/04/29 15:45:12,171000,11.493
2026/04/29 15:45:12,172000,11.490
2026/04/29 15:45:12,173000,11.493
2026/04/29 15:45:12,174000,11.493
2026/04/29 15:45:12,175000,11.496
2026/04/29 15:45:12,176000,11.490
2026/04/29 15:45:12,177000,11.499
2026/04/29 15:45:12,178000,11.493
2026/04/29 15:45:12,179000,11.493
2026/04/29 15:45:12,180000,11.490
2026/04/29 15:45:12,181000,11.493
2026/04/29 15:45:12,182000,11.487
2026/04/29 15:45:12,183000,11.496
2026/04/29 15:45:12,184000,11.490
2026/04/29 15:45:12,185000,11.493
2026/04/29 15:45:12,186000,11.493
2026/04/29 15:45:12,187000,11.493
2026/04/29 15:45:12,188000,11.493
2026/04/29 15:45:12,189000,11.493
2026/04/29 15:45:12,190000,11.499
2026/04/29 15:45:12,191000,11.493
2026/04/29 15:45:12,192000,11.490
2026/04/29 15:45:12,193000,11.501
2026/04/29 15:45:12,194000,11.490
2026/04/29 15:45:12,195000,11.496
2026/04/29 15:45:12,196000,11.493
2026/04/29 15:45:12,197000,11.499
2026/04/29 15:45:12,198000,11.493
2026/04/29 15:45:12,199000,11.490
2026/04/29 15:45:12,200000,11.493
2026/04/29 15:45:12,201000,11.496
2026/04/29 15:45:12,202000,11.496
2026/04/29 15:45:12,203000,11.493
2026/04/29 15:45:12,204000,11.496
2026/04/29 15:45:12,205000,11.490
2026/04/29 15:45:12,206000,11.501
2026/04/29 15:45:12,207000,11.490
2026/04/29 15:45:12,208000,11.493
2026/04/29 15:45:12,209000,11.493
2026/04/29 15:45:12,210000,11.490
2026/04/29 15:45:12,211000,11.490
2026/04/29 15:45:12,212000,11.493
2026/04/29 15:45:12,213000,11.490
2026/04/29 15:45:12,214000,11.493
2026/04/29 15:45:12,215000,11.493
2026/04/29 15:45:12,216000,11.493
2026/04/29 15:45:12,217000,11.487
2026/04/29 15:45:12,218000,11.493
2026/04/29 15:45:12,219000,11.493
2026/04/29 15:45:12,220000,11.487
2026/04/29 15:45:12,221000,11.493
2026/04/29 15:45:12,222000,11.490
2026/04/29 15:45:12,223000,11.487
2026/04/29 15:45:12,224000,11.496
2026/04/29 15:45:12,225000,11.493
2026/04/29 15:45:12,226000,11.496
2026/04/29 15:45:12,227000,11.493
2026/04/29 15:45:12,228000,11.493
2026/04/29 15:45:12,229000,11.490
2026/04/29 15:45:12,230000,11.493
2026/04/29 15:45:12,231000,11.499
2026/04/29 15:45:12,232000,11.490
2026/04/29 15:45:12,233000,11.499
2026/04/29 15:45:12,234000,11.496
2026/04/29 15:45:12,235000,11.490
2026/04/29 15:45:12,236000,11.490
2026/04/29 15:45:12,237000,11.496
2026/04/29 15:45:12,238000,11.496
2026/04/29 15:45:12,239000,11.493
2026/04/29 15:45:12,240000,11.493
2026/04/29 15:45:12,241000,11.490
2026/04/29 15:45:12,242000,11.496
2026/04/29 15:45:12,243000,11.490
2026/04/29 15:45:12,244000,11.496
2026/04/29 15:45:12,245000,11.490
2026/04/29 15:45:12,246000,11.490
2026/04/29 15:45:12,247000,11.496
2026/04/29 15:45:12,248000,11.496
2026/04/29 15:45:12,249000,11.485
2026/04/29 15:45:12,250000,11.490
2026/04/29 15:45:12,251000,11.490
2026/04/29 15:45:12,252000,11.499
2026/04/29 15:45:12,253000,11.496
2026/04/29 15:45:12,254000,11.496
2026/04/29 15:45:12,255000,11.496
2026/04/29 15:45:12,256000,11.496
2026/04/29 15:45:12,257000,11.493
2026/04/29 15:45:12,258000,11.490
2026/04/29 15:45:12,259000,11.501
2026/04/29 15:45:12,260000,11.487
2026/04/29 15:45:12,261000,11.493
2026/04/29 15:45:12,262000,11.490
2026/04/29 15:45:12,263000,11.490
2026/04/29 15:45:12,264000,11.496
2026/04/29 15:45:12,265000,11.496
2026/04/29 15:45:12,266000,11.499
2026/04/29 15:45:12,267000,11.490
2026/04/29 15:45:12,268000,11.493
2026/04/29 15:45:12,269000,11.493
2026/04/29 15:45:12,270000,11.499
2026/04/29 15:45:12,271000,11.496
2026/04/29 15:45:12,272000,11.490
2026/04/29 15:45:12,273000,11.493
2026/04/29 15:45:12,274000,11.493
2026/04/29 15:45:12,275000,11.496
2026/04/29 15:45:12,276000,11.493
2026/04/29 15:45:12,277000,11.490
2026/04/29 15:45:12,278000,11.499
2026/04/29 15:45:12,279000,11.487
2026/04/29 15:45:12,280000,11.485
2026/04/29 15:45:12,281000,11.496
2026/04/29 15:45:12,282000,11.493
2026/04/29 15:45:12,283000,11.490
2026/04/29 15:45:12,284000,11.501
2026/04/29 15:45:12,285000,11.493
2026/04/29 15:45:12,286000,11.493
2026/04/29 15:45:12,287000,11.493
2026/04/29 15:45:12,288000,11.496
2026/04/29 15:45:12,289000,11.493
2026/04/29 15:45:12,290000,11.493
2026/04/29 15:45:12,291000,11.493
2026/04/29 15:45:12,292000,11.493
2026/04/29 15:45:12,293000,11.490
2026/04/29 15:45:12,294000,11.490
2026/04/29 15:45:12,295000,11.493
2026/04/29 15:45:12,296000,11.493
2026/04/29 15:45:12,297000,11.496
2026/04/29 15:45:12,298000,11.490
2026/04/29 15:45:12,299000,11.493
2026/04/29 15:45:12,300000,11.493
2026/04/29 15:45:12,301000,11.493
2026/04/29 15:45:12,302000,11.493
2026/04/29 15:45:12,303000,11.493
2026/04/29 15:45:12,304000,11.490
2026/04/29 15:45:12,305000,11.493
2026/04/29 15:45:12,306000,11.490
2026/04/29 15:45:12,307000,11.493
2026/04/29 15:45:12,308000,11.490
2026/04/29 15:45:12,309000,11.490
2026/04/29 15:45:12,310000,11.493
2026/04/29 15:45:12,311000,11.493
2026/04/29 15:45:12,312000,11.493
2026/04/29 15:45:12,313000,11.487
2026/04/29 15:45:12,314000,11.493
2026/04/29 15:45:12,315000,11.493
2026/04/29 15:45:12,316000,11.487
2026/04/29 15:45:12,317000,11.499
2026/04/29 15:45:12,318000,11.496
2026/04/29 15:45:12,319000,11.487
2026/04/29 15:45:12,320000,11.490
2026/04/29 15:45:12,321000,11.496
2026/04/29 15:45:12,322000,11.490
2026/04/29 15:45:12,323000,11.496
2026/04/29 15:45:12,324000,11.487
2026/04/29 15:45:12,325000,11.493
2026/04/29 15:45:12,326000,11.493
2026/04/29 15:45:12,327000,11.490
2026/04/29 15:45:12,328000,11.487
2026/04/29 15:45:12,329000,11.496
2026/04/29 15:45:12,330000,11.493
2026/04/29 15:45:12,331000,11.493
2026/04/29 15:45:12,332000,11.490
2026/04/29 15:45:12,333000,11.493
2026/04/29 15:45:12,334000,11.496
2026/04/29 15:45:12,335000,11.493
2026/04/29 15:45:12,336000,11.493
2026/04/29 15:45:12,337000,11.501
2026/04/29 15:45:12,338000,11.490
2026/04/29 15:45:12,339000,11.499
2026/04/29 15:45:12,340000,11.493
2026/04/29 15:45:12,341000,11.493
2026/04/29 15:45:12,342000,11.493
2026/04/29 15:45:12,343000,11.496
2026/04/29 15:45:12,344000,11.493
2026/04/29 15:45:12,345000,11.493
2026/04/29 15:45:12,346000,11.487
2026/04/29 15:45:12,347000,11.493
2026/04/29 15:45:12,348000,11.490
2026/04/29 15:45:12,349000,11.496
2026/04/29 15:45:12,350000,11.490
2026/04/29 15:45:12,351000,11.496
2026/04/29 15:45:12,352000,11.493
2026/04/29 15:45:12,353000,11.496
2026/04/29 15:45:12,354000,11.487
2026/04/29 15:45:12,355000,11.490
2026/04/29 15:45:12,356000,11.490
2026/04/29 15:45:12,357000,11.493
2026/04/29 15:45:12,358000,11.493
2026/04/29 15:45:12,359000,11.490
2026/04/29 15:45:12,360000,11.493
2026/04/29 15:45:12,361000,11.496
2026/04/29 15:45:12,362000,11.496
2026/04/29 15:45:12,363000,11.490
2026/04/29 15:45:12,364000,11.493
2026/04/29 15:45:12,365000,11.487
2026/04/29 15:45:12,366000,11.493
2026/04/29 15:45:12,367000,11.493
2026/04/29 15:45:12,368000,11.493
2026/04/29 15:45:12,369000,11.499
2026/04/29 15:45:12,370000,11.487
2026/04/29 15:45:12,371000,11.493
2026/04/29 15:45:12,372000,11.490
2026/04/29 15:45:12,373000,11.493
2026/04/29 15:45:12,374000,11.493
2026/04/29 15:45:12,375000,11.496
2026/04/29 15:45:12,376000,11.490
2026/04/29 15:45:12,377000,11.493
2026/04/29 15:45:12,378000,11.496
2026/04/29 15:45:12,379000,11.493
2026/04/29 15:45:12,380000,11.496
2026/04/29 15:45:12,381000,11.487
2026/04/29 15:45:12,382000,11.490
2026/04/29 15:45:12,383000,11.490
2026/04/29 15:45:12,384000,11.493
2026/04/29 15:45:12,385000,11.490
2026/04/29 15:45:12,386000,11.482
2026/04/29 15:45:12,387000,11.493
2026/04/29 15:45:12,388000,11.490
2026/04/29 15:45:12,389000,11.493
2026/04/29 15:45:12,390000,11.493
2026/04/29 15:45:12,391000,11.493
2026/04/29 15:45:12,392000,11.490
2026/04/29 15:45:12,393000,11.493
2026/04/29 15:45:12,394000,11.490
2026/04/29 15:45:12,395000,11.493
2026/04/29 15:45:12,396000,11.499
2026/04/29 15:45:12,397000,11.490
2026/04/29 15:45:12,398000,11.490
2026/04/29 15:45:12,399000,11.496
2026/04/29 15:45:12,400000,11.487
2026/04/29 15:45:12,401000,11.493
2026/04/29 15:45:12,402000,11.496
2026/04/29 15:45:12,403000,11.493
2026/04/29 15:45:12,404000,11.490
2026/04/29 15:45:12,405000,11.493
2026/04/29 15:45:12,406000,11.493
2026/04/29 15:45:12,407000,11.493
2026/04/29 15:45:12,408000,11.493
2026/04/29 15:45:12,409000,11.501
2026/04/29 15:45:12,410000,11.490
2026/04/29 15:45:12,411000,11.493
2026/04/29 15:45:12,412000,11.493
2026/04/29 15:45:12,413000,11.496
2026/04/29 15:45:12,414000,11.493
2026/04/29 15:45:12,415000,11.499
2026/04/29 15:45:12,416000,11.496
2026/04/29 15:45:12,417000,11.490
2026/04/29 15:45:12,418000,11.493
2026/04/29 15:45:12,419000,11.493
2026/04/29 15:45:12,420000,11.493
2026/04/29 15:45:12,421000,11.496
2026/04/29 15:45:12,422000,11.490
2026/04/29 15:45:12,423000,11.493
2026/04/29 15:45:12,424000,11.493
2026/04/29 15:45:12,425000,11.490
2026/04/29 15:45:12,426000,11.493
2026/04/29 15:45:12,427000,11.490
2026/04/29 15:45:12,428000,11.493
2026/04/29 15:45:12,429000,11.493
2026/04/29 15:45:12,430000,11.493
2026/04/29 15:45:12,431000,11.493
2026/04/29 15:45:12,432000,11.493
2026/04/29 15:45:12,433000,11.499
2026/04/29 15:45:12,434000,11.493
2026/04/29 15:45:12,435000,11.493
2026/04/29 15:45:12,436000,11.496
2026/04/29 15:45:12,437000,11.496
2026/04/29 15:45:12,438000,11.490
2026/04/29 15:45:12,439000,11.496
2026/04/29 15:45:12,440000,11.496
2026/04/29 15:45:12,441000,11.493
2026/04/29 15:45:12,442000,11.490
2026/04/29 15:45:12,443000,11.493
2026/04/29 15:45:12,444000,11.493
2026/04/29 15:45:12,445000,11.499
2026/04/29 15:45:12,446000,11.487
2026/04/29 15:45:12,447000,11.493
2026/04/29 15:45:12,448000,11.493
2026/04/29 15:45:12,449000,11.496
2026/04/29 15:45:12,450000,11.493
2026/04/29 15:45:12,451000,11.487
2026/04/29 15:45:12,452000,11.501
2026/04/29 15:45:12,453000,11.493
2026/04/29 15:45:12,454000,11.496
2026/04/29 15:45:12,455000,11.493
2026/04/29 15:45:12,456000,11.499
2026/04/29 15:45:12,457000,11.499
2026/04/29 15:45:12,458000,11.490
2026/04/29 15:45:12,459000,11.493
2026/04/29 15:45:12,460000,11.496
2026/04/29 15:45:12,461000,11.496
2026/04/29 15:45:12,462000,11.493
2026/04/29 15:45:12,463000,11.493
2026/04/29 15:45:12,464000,11.501
2026/04/29 15:45:12,465000,11.496
2026/04/29 15:45:12,466000,11.496
2026/04/29 15:45:12,467000,11.496
2026/04/29 15:45:12,468000,11.490
2026/04/29 15:45:12,469000,11.496
2026/04/29 15:45:12,470000,11.490
2026/04/29 15:45:12,471000,11.499
2026/04/29 15:45:12,472000,11.493
2026/04/29 15:45:12,473000,11.496
2026/04/29 15:45:12,474000,11.496
2026/04/29 15:45:12,475000,11.499
2026/04/29 15:45:12,476000,11.493
2026/04/29 15:45:12,477000,11.490
2026/04/29 15:45:12,478000,11.493
2026/04/29 15:45:12,479000,11.493
2026/04/29 15:45:12,480000,11.496
2026/04/29 15:45:12,481000,11.493
2026/04/29 15:45:12,482000,11.490
2026/04/29 15:45:12,483000,11.490
2026/04/29 15:45:12,484000,11.490
2026/04/29 15:45:12,485000,11.490
2026/04/29 15:45:12,486000,11.490
2026/04/29 15:45:12,487000,11.496
2026/04/29 15:45:12,488000,11.490
2026/04/29 15:45:12,489000,11.499
2026/04/29 15:45:12,490000,11.496
2026/04/29 15:45:12,491000,11.499
2026/04/29 15:45:12,492000,11.487
2026/04/29 15:45:12,493000,11.493
2026/04/29 15:45:12,494000,11.501
2026/04/29 15:45:12,495000,11.490
2026/04/29 15:45:12,496000,11.490
2026/04/29 15:45:12,497000,11.490
2026/04/29 15:45:12,498000,11.493
2026/04/29 15:45:12,499000,11.499
2026/04/29 15:45:12,500000,11.493
2026/04/29 15:45:12,501000,11.493
2026/04/29 15:45:12,502000,11.493
2026/04/29 15:45:12,503000,11.499
2026/04/29 15:45:12,504000,11.496
2026/04/29 15:45:12,505000,11.501
2026/04/29 15:45:12,506000,11.490
2026/04/29 15:45:12,507000,11.496
2026/04/29 15:45:12,508000,11.490
2026/04/29 15:45:12,509000,11.490
2026/04/29 15:45:12,510000,11.493
2026/04/29 15:45:12,511000,11.493
2026/04/29 15:45:12,512000,11.501
2026/04/29 15:45:12,513000,11.487
2026/04/29 15:45:12,514000,11.493
2026/04/29 15:45:12,515000,11.490
2026/04/29 15:45:12,516000,11.493
2026/04/29 15:45:12,517000,11.493
2026/04/29 15:45:12,518000,11.493
2026/04/29 15:45:12,519000,11.499
2026/04/29 15:45:12,520000,11.490
2026/04/29 15:45:12,521000,11.493
2026/04/29 15:45:12,522000,11.501
2026/04/29 15:45:12,523000,11.490
2026/04/29 15:45:12,524000,11.490
2026/04/29 15:45:12,525000,11.493
2026/04/29 15:45:12,526000,11.490
2026/04/29 15:45:12,527000,11.499
2026/04/29 15:45:12,528000,11.490
2026/04/29 15:45:12,529000,11.493
2026/04/29 15:45:12,530000,11.493
2026/04/29 15:45:12,531000,11.496
2026/04/29 15:45:12,532000,11.493
2026/04/29 15:45:12,533000,11.493
2026/04/29 15:45:12,534000,11.496
2026/04/29 15:45:12,535000,11.490
2026/04/29 15:45:12,536000,11.499
2026/04/29 15:45:12,537000,11.493
2026/04/29 15:45:12,538000,11.493
2026/04/29 15:45:12,539000,11.499
2026/04/29 15:45:12,540000,11.490
2026/04/29 15:45:12,541000,11.493
2026/04/29 15:45:12,542000,11.487
2026/04/29 15:45:12,543000,11.493
2026/04/29 15:45:12,544000,11.490
2026/04/29 15:45:12,545000,11.493
2026/04/29 15:45:12,546000,11.499
2026/04/29 15:45:12,547000,11.490
2026/04/29 15:45:12,548000,11.499
2026/04/29 15:45:12,549000,11.496
2026/04/29 15:45:12,550000,11.490
2026/04/29 15:45:12,551000,11.496
2026/04/29 15:45:12,552000,11.493
2026/04/29 15:45:12,553000,11.496
2026/04/29 15:45:12,554000,11.490
2026/04/29 15:45:12,555000,11.490
2026/04/29 15:45:12,556000,11.496
2026/04/29 15:45:12,557000,11.499
2026/04/29 15:45:12,558000,11.496
2026/04/29 15:45:12,559000,11.496
2026/04/29 15:45:12,560000,11.501
2026/04/29 15:45:12,561000,11.496
2026/04/29 15:45:12,562000,11.490
2026/04/29 15:45:12,563000,11.496
2026/04/29 15:45:12,564000,11.496
2026/04/29 15:45:12,565000,11.496
2026/04/29 15:45:12,566000,11.499
2026/04/29 15:45:12,567000,11.496
2026/04/29 15:45:12,568000,11.493
2026/04/29 15:45:12,569000,11.487
2026/04/29 15:45:12,570000,11.496
2026/04/29 15:45:12,571000,11.493
2026/04/29 15:45:12,572000,11.490
2026/04/29 15:45:12,573000,11.496
2026/04/29 15:45:12,574000,11.493
2026/04/29 15:45:12,575000,11.493
2026/04/29 15:45:12,576000,11.493
2026/04/29 15:45:12,577000,11.493
2026/04/29 15:45:12,578000,11.496
2026/04/29 15:45:12,579000,11.496
2026/04/29 15:45:12,580000,11.490
2026/04/29 15:45:12,581000,11.482
2026/04/29 15:45:12,582000,11.493
2026/04/29 15:45:12,583000,11.501
2026/04/29 15:45:12,584000,11.493
2026/04/29 15:45:12,585000,11.499
2026/04/29 15:45:12,586000,11.496
2026/04/29 15:45:12,587000,11.493
2026/04/29 15:45:12,588000,11.493
2026/04/29 15:45:12,589000,11.490
2026/04/29 15:45:12,590000,11.496
2026/04/29 15:45:12,591000,11.493
2026/04/29 15:45:12,592000,11.493
2026/04/29 15:45:12,593000,11.493
2026/04/29 15:45:12,594000,11.487
2026/04/29 15:45:12,595000,11.496
2026/04/29 15:45:12,596000,11.493
2026/04/29 15:45:12,597000,11.490
2026/04/29 15:45:12,598000,11.490
2026/04/29 15:45:12,599000,11.499
2026/04/29 15:45:12,600000,11.499
2026/04/29 15:45:12,601000,11.490
2026/04/29 15:45:12,602000,11.493
2026/04/29 15:45:12,603000,11.493
2026/04/29 15:45:12,604000,11.493
2026/04/29 15:45:12,605000,11.493
2026/04/29 15:45:12,606000,11.496
2026/04/29 15:45:12,607000,11.493
2026/04/29 15:45:12,608000,11.490
2026/04/29 15:45:12,609000,11.493
2026/04/29 15:45:12,610000,11.499
2026/04/29 15:45:12,611000,11.490
2026/04/29 15:45:12,612000,11.493
2026/04/29 15:45:12,613000,11.493
2026/04/29 15:45:12,614000,11.490
2026/04/29 15:45:12,615000,11.490
2026/04/29 15:45:12,616000,11.493
2026/04/29 15:45:12,617000,11.490
2026/04/29 15:45:12,618000,11.499
2026/04/29 15:45:12,619000,11.493
2026/04/29 15:45:12,620000,11.496
2026/04/29 15:45:12,621000,11.493
2026/04/29 15:45:12,622000,11.499
2026/04/29 15:45:12,623000,11.499
2026/04/29 15:45:12,624000,11.499
2026/04/29 15:45:12,625000,11.501
2026/04/29 15:45:12,626000,11.493
2026/04/29 15:45:12,627000,11.490
2026/04/29 15:45:12,628000,11.485
2026/04/29 15:45:12,629000,11.493
2026/04/29 15:45:12,630000,11.493
2026/04/29 15:45:12,631000,11.496
2026/04/29 15:45:12,632000,11.493
2026/04/29 15:45:12,633000,11.485
2026/04/29 15:45:12,634000,11.496
2026/04/29 15:45:12,635000,11.493
2026/04/29 15:45:12,636000,11.493
2026/04/29 15:45:12,637000,11.493
2026/04/29 15:45:12,638000,11.490
2026/04/29 15:45:12,639000,11.490
2026/04/29 15:45:12,640000,11.496
2026/04/29 15:45:12,641000,11.493
2026/04/29 15:45:12,642000,11.496
2026/04/29 15:45:12,643000,11.493
2026/04/29 15:45:12,644000,11.490
2026/04/29 15:45:12,645000,11.493
2026/04/29 15:45:12,646000,11.490
2026/04/29 15:45:12,647000,11.490
2026/04/29 15:45:12,648000,11.496
2026/04/29 15:45:12,649000,11.496
2026/04/29 15:45:12,650000,11.496
2026/04/29 15:45:12,651000,11.493
2026/04/29 15:45:12,652000,11.487
2026/04/29 15:45:12,653000,11.493
2026/04/29 15:45:12,654000,11.485
2026/04/29 15:45:12,655000,11.496
2026/04/29 15:45:12,656000,11.501
2026/04/29 15:45:12,657000,11.493
2026/04/29 15:45:12,658000,11.501
2026/04/29 15:45:12,659000,11.493
2026/04/29 15:45:12,660000,11.490
2026/04/29 15:45:12,661000,11.493
2026/04/29 15:45:12,662000,11.499
2026/04/29 15:45:12,663000,11.487
2026/04/29 15:45:12,664000,11.490
2026/04/29 15:45:12,665000,11.493
2026/04/29 15:45:12,666000,11.490
2026/04/29 15:45:12,667000,11.496
2026/04/29 15:45:12,668000,11.490
2026/04/29 15:45:12,669000,11.496
2026/04/29 15:45:12,670000,11.496
2026/04/29 15:45:12,671000,11.501
2026/04/29 15:45:12,672000,11.493
2026/04/29 15:45:12,673000,11.493
2026/04/29 15:45:12,674000,11.496
2026/04/29 15:45:12,675000,11.499
2026/04/29 15:45:12,676000,11.490
2026/04/29 15:45:12,677000,11.490
2026/04/29 15:45:12,678000,11.490
2026/04/29 15:45:12,679000,11.490
2026/04/29 15:45:12,680000,11.493
2026/04/29 15:45:12,681000,11.493
2026/04/29 15:45:12,682000,11.493
2026/04/29 15:45:12,683000,11.499
2026/04/29 15:45:12,684000,11.499
2026/04/29 15:45:12,685000,11.490
2026/04/29 15:45:12,686000,11.493
2026/04/29 15:45:12,687000,11.499
2026/04/29 15:45:12,688000,11.490
2026/04/29 15:45:12,689000,11.499
2026/04/29 15:45:12,690000,11.493
2026/04/29 15:45:12,691000,11.493
2026/04/29 15:45:12,692000,11.493
2026/04/29 15:45:12,693000,11.496
2026/04/29 15:45:12,694000,11.493
2026/04/29 15:45:12,695000,11.490
2026/04/29 15:45:12,696000,11.490
2026/04/29 15:45:12,697000,11.499
2026/04/29 15:45:12,698000,11.493
2026/04/29 15:45:12,699000,11.501
2026/04/29 15:45:12,700000,11.493
2026/04/29 15:45:12,701000,11.499
2026/04/29 15:45:12,702000,11.490
2026/04/29 15:45:12,703000,11.487
2026/04/29 15:45:12,704000,11.490
2026/04/29 15:45:12,705000,11.487
2026/04/29 15:45:12,706000,11.501
2026/04/29 15:45:12,707000,11.501
2026/04/29 15:45:12,708000,11.496
2026/04/29 15:45:12,709000,11.493
2026/04/29 15:45:12,710000,11.493
2026/04/29 15:45:12,711000,11.490
2026/04/29 15:45:12,712000,11.496
2026/04/29 15:45:12,713000,11.490
2026/04/29 15:45:12,714000,11.499
2026/04/29 15:45:12,715000,11.493
2026/04/29 15:45:12,716000,11.496
2026/04/29 15:45:12,717000,11.496
2026/04/29 15:45:12,718000,11.499
2026/04/29 15:45:12,719000,11.493
2026/04/29 15:45:12,720000,11.485
2026/04/29 15:45:12,721000,11.493
2026/04/29 15:45:12,722000,11.490
2026/04/29 15:45:12,723000,11.493
2026/04/29 15:45:12,724000,11.493
2026/04/29 15:45:12,725000,11.493
2026/04/29 15:45:12,726000,11.490
2026/04/29 15:45:12,727000,11.490
2026/04/29 15:45:12,728000,11.490
2026/04/29 15:45:12,729000,11.493
2026/04/29 15:45:12,730000,11.493
2026/04/29 15:45:12,731000,11.487
2026/04/29 15:45:12,732000,11.490
2026/04/29 15:45:12,733000,11.490
2026/04/29 15:45:12,734000,11.490
2026/04/29 15:45:12,735000,11.496
2026/04/29 15:45:12,736000,11.493
2026/04/29 15:45:12,737000,11.493
2026/04/29 15:45:12,738000,11.490
2026/04/29 15:45:12,739000,11.490
2026/04/29 15:45:12,740000,11.490
2026/04/29 15:45:12,741000,11.493
2026/04/29 15:45:12,742000,11.490
2026/04/29 15:45:12,743000,11.493
2026/04/29 15:45:12,744000,11.493
2026/04/29 15:45:12,745000,11.493
2026/04/29 15:45:12,746000,11.501
2026/04/29 15:45:12,747000,11.490
2026/04/29 15:45:12,748000,11.490
2026/04/29 15:45:12,749000,11.499
2026/04/29 15:45:12,750000,11.493
2026/04/29 15:45:12,751000,11.496
2026/04/29 15:45:12,752000,11.493
2026/04/29 15:45:12,753000,11.493
2026/04/29 15:45:12,754000,11.493
2026/04/29 15:45:12,755000,11.493
2026/04/29 15:45:12,756000,11.490
2026/04/29 15:45:12,757000,11.490
2026/04/29 15:45:12,758000,11.493
2026/04/29 15:45:12,759000,11.496
2026/04/29 15:45:12,760000,11.499
2026/04/29 15:45:12,761000,11.493
2026/04/29 15:45:12,762000,11.490
2026/04/29 15:45:12,763000,11.493
2026/04/29 15:45:12,764000,11.490
2026/04/29 15:45:12,765000,11.487
2026/04/29 15:45:12,766000,11.490
2026/04/29 15:45:12,767000,11.493
2026/04/29 15:45:12,768000,11.496
2026/04/29 15:45:12,769000,11.493
2026/04/29 15:45:12,770000,11.493
2026/04/29 15:45:12,771000,11.490
2026/04/29 15:45:12,772000,11.496
2026/04/29 15:45:12,773000,11.493
2026/04/29 15:45:12,774000,11.496
2026/04/29 15:45:12,775000,11.490
2026/04/29 15:45:12,776000,11.490
2026/04/29 15:45:12,777000,11.496
2026/04/29 15:45:12,778000,11.493
2026/04/29 15:45:12,779000,11.490
2026/04/29 15:45:12,780000,11.487
2026/04/29 15:45:12,781000,11.493
2026/04/29 15:45:12,782000,11.490
2026/04/29 15:45:12,783000,11.493
2026/04/29 15:45:12,784000,11.490
2026/04/29 15:45:12,785000,11.499
2026/04/29 15:45:12,786000,11.490
2026/04/29 15:45:12,787000,11.493
2026/04/29 15:45:12,788000,11.490
2026/04/29 15:45:12,789000,11.490
2026/04/29 15:45:12,790000,11.490
2026/04/29 15:45:12,791000,11.490
2026/04/29 15:45:12,792000,11.493
2026/04/29 15:45:12,793000,11.501
2026/04/29 15:45:12,794000,11.490
2026/04/29 15:45:12,795000,11.490
2026/04/29 15:45:12,796000,11.487
2026/04/29 15:45:12,797000,11.493
2026/04/29 15:45:12,798000,11.487
2026/04/29 15:45:12,799000,11.487
2026/04/29 15:45:12,800000,11.493
2026/04/29 15:45:12,801000,11.479
2026/04/29 15:45:12,802000,11.493
2026/04/29 15:45:12,803000,11.496
2026/04/29 15:45:12,804000,11.496
2026/04/29 15:45:12,805000,11.490
2026/04/29 15:45:12,806000,11.493
2026/04/29 15:45:12,807000,11.490
2026/04/29 15:45:12,808000,11.493
2026/04/29 15:45:12,809000,11.493
2026/04/29 15:45:12,810000,11.496
2026/04/29 15:45:12,811000,11.493
2026/04/29 15:45:12,812000,11.496
2026/04/29 15:45:12,813000,11.493
2026/04/29 15:45:12,814000,11.490
2026/04/29 15:45:12,815000,11.501
2026/04/29 15:45:12,816000,11.493
2026/04/29 15:45:12,817000,11.493
2026/04/29 15:45:12,818000,11.487
2026/04/29 15:45:12,819000,11.490
2026/04/29 15:45:12,820000,11.493
2026/04/29 15:45:12,821000,11.490
2026/04/29 15:45:12,822000,11.490
2026/04/29 15:45:12,823000,11.493
2026/04/29 15:45:12,824000,11.490
2026/04/29 15:45:12,825000,11.499
2026/04/29 15:45:12,826000,11.490
2026/04/29 15:45:12,827000,11.487
2026/04/29 15:45:12,828000,11.496
2026/04/29 15:45:12,829000,11.499
2026/04/29 15:45:12,830000,11.490
2026/04/29 15:45:12,831000,11.487
2026/04/29 15:45:12,832000,11.493
2026/04/29 15:45:12,833000,11.496
2026/04/29 15:45:12,834000,11.487
2026/04/29 15:45:12,835000,11.493
2026/04/29 15:45:12,836000,11.493
2026/04/29 15:45:12,837000,11.490
2026/04/29 15:45:12,838000,11.493
2026/04/29 15:45:12,839000,11.496
2026/04/29 15:45:12,840000,11.490
2026/04/29 15:45:12,841000,11.493
2026/04/29 15:45:12,842000,11.493
2026/04/29 15:45:12,843000,11.496
2026/04/29 15:45:12,844000,11.490
2026/04/29 15:45:12,845000,11.490
2026/04/29 15:45:12,846000,11.490
2026/04/29 15:45:12,847000,11.490
2026/04/29 15:45:12,848000,11.493
2026/04/29 15:45:12,849000,11.490
2026/04/29 15:45:12,850000,11.499
2026/04/29 15:45:12,851000,11.490
2026/04/29 15:45:12,852000,11.496
2026/04/29 15:45:12,853000,11.490
2026/04/29 15:45:12,854000,11.490
2026/04/29 15:45:12,855000,11.493
2026/04/29 15:45:12,856000,11.493
2026/04/29 15:45:12,857000,11.493
2026/04/29 15:45:12,858000,11.490
2026/04/29 15:45:12,859000,11.490
2026/04/29 15:45:12,860000,11.493
2026/04/29 15:45:12,861000,11.493
2026/04/29 15:45:12,862000,11.493
2026/04/29 15:45:12,863000,11.490
2026/04/29 15:45:12,864000,11.493
2026/04/29 15:45:12,865000,11.490
2026/04/29 15:45:12,866000,11.490
2026/04/29 15:45:12,867000,11.490
2026/04/29 15:45:12,868000,11.490
2026/04/29 15:45:12,869000,11.496
2026/04/29 15:45:12,870000,11.496
2026/04/29 15:45:12,871000,11.493
2026/04/29 15:45:12,872000,11.490
2026/04/29 15:45:12,873000,11.490
2026/04/29 15:45:12,874000,11.493
2026/04/29 15:45:12,875000,11.493
2026/04/29 15:45:12,876000,11.493
2026/04/29 15:45:12,877000,11.490
2026/04/29 15:45:12,878000,11.496
2026/04/29 15:45:12,879000,11.490
2026/04/29 15:45:12,880000,11.496
2026/04/29 15:45:12,881000,11.490
2026/04/29 15:45:12,882000,11.496
2026/04/29 15:45:12,883000,11.499
2026/04/29 15:45:12,884000,11.490
2026/04/29 15:45:12,885000,11.501
2026/04/29 15:45:12,886000,11.493
2026/04/29 15:45:12,887000,11.493
2026/04/29 15:45:12,888000,11.487
2026/04/29 15:45:12,889000,11.485
2026/04/29 15:45:12,890000,11.493
2026/04/29 15:45:12,891000,11.490
2026/04/29 15:45:12,892000,11.496
2026/04/29 15:45:12,893000,11.493
2026/04/29 15:45:12,894000,11.504
2026/04/29 15:45:12,895000,11.496
2026/04/29 15:45:12,896000,11.490
2026/04/29 15:45:12,897000,11.490
2026/04/29 15:45:12,898000,11.490
2026/04/29 15:45:12,899000,11.496
2026/04/29 15:45:12,900000,11.490
2026/04/29 15:45:12,901000,11.493
2026/04/29 15:45:12,902000,11.493
2026/04/29 15:45:12,903000,11.501
2026/04/29 15:45:12,904000,11.496
2026/04/29 15:45:12,905000,11.496
2026/04/29 15:45:12,906000,11.487
2026/04/29 15:45:12,907000,11.493
2026/04/29 15:45:12,908000,11.490
2026/04/29 15:45:12,909000,11.493
2026/04/29 15:45:12,910000,11.493
2026/04/29 15:45:12,911000,11.490
2026/04/29 15:45:12,912000,11.487
2026/04/29 15:45:12,913000,11.493
2026/04/29 15:45:12,914000,11.493
2026/04/29 15:45:12,915000,11.493
2026/04/29 15:45:12,916000,11.490
2026/04/29 15:45:12,917000,11.493
2026/04/29 15:45:12,918000,11.496
2026/04/29 15:45:12,919000,11.490
2026/04/29 15:45:12,920000,11.490
2026/04/29 15:45:12,921000,11.496
2026/04/29 15:45:12,922000,11.490
2026/04/29 15:45:12,923000,11.493
2026/04/29 15:45:12,924000,11.493
2026/04/29 15:45:12,925000,11.499
2026/04/29 15:45:12,926000,11.490
2026/04/29 15:45:12,927000,11.493
2026/04/29 15:45:12,928000,11.499
2026/04/29 15:45:12,929000,11.493
2026/04/29 15:45:12,930000,11.493
2026/04/29 15:45:12,931000,11.485
2026/04/29 15:45:12,932000,11.493
2026/04/29 15:45:12,933000,11.493
2026/04/29 15:45:12,934000,11.485
2026/04/29 15:45:12,935000,11.490
2026/04/29 15:45:12,936000,11.493
2026/04/29 15:45:12,937000,11.499
2026/04/29 15:45:12,938000,11.490
2026/04/29 15:45:12,939000,11.493
2026/04/29 15:45:12,940000,11.487
2026/04/29 15:45:12,941000,11.487
2026/04/29 15:45:12,942000,11.490
2026/04/29 15:45:12,943000,11.490
2026/04/29 15:45:12,944000,11.487
2026/04/29 15:45:12,945000,11.490
2026/04/29 15:45:12,946000,11.496
2026/04/29 15:45:12,947000,11.493
2026/04/29 15:45:12,948000,11.499
2026/04/29 15:45:12,949000,11.490
2026/04/29 15:45:12,950000,11.493
2026/04/29 15:45:12,951000,11.496
2026/04/29 15:45:12,952000,11.493
2026/04/29 15:45:12,953000,11.504
2026/04/29 15:45:12,954000,11.493
2026/04/29 15:45:12,955000,11.493
2026/04/29 15:45:12,956000,11.490
2026/04/29 15:45:12,957000,11.496
2026/04/29 15:45:12,958000,11.493
2026/04/29 15:45:12,959000,11.493
2026/04/29 15:45:12,960000,11.496
2026/04/29 15:45:12,961000,11.493
2026/04/29 15:45:12,962000,11.493
2026/04/29 15:45:12,963000,11.493
2026/04/29 15:45:12,964000,11.493
2026/04/29 15:45:12,965000,11.496
2026/04/29 15:45:12,966000,11.499
2026/04/29 15:45:12,967000,11.496
2026/04/29 15:45:12,968000,11.493
2026/04/29 15:45:12,969000,11.490
2026/04/29 15:45:12,970000,11.496
2026/04/29 15:45:12,971000,11.493
2026/04/29 15:45:12,972000,11.487
2026/04/29 15:45:12,973000,11.490
2026/04/29 15:45:12,974000,11.490
2026/04/29 15:45:12,975000,11.493
2026/04/29 15:45:12,976000,11.490
2026/04/29 15:45:12,977000,11.493
2026/04/29 15:45:12,978000,11.493
2026/04/29 15:45:12,979000,11.496
2026/04/29 15:45:12,980000,11.504
2026/04/29 15:45:12,981000,11.493
2026/04/29 15:45:12,982000,11.490
2026/04/29 15:45:12,983000,11.490
2026/04/29 15:45:12,984000,11.496
2026/04/29 15:45:12,985000,11.493
2026/04/29 15:45:12,986000,11.493
2026/04/29 15:45:12,987000,11.496
2026/04/29 15:45:12,988000,11.493
2026/04/29 15:45:12,989000,11.496
2026/04/29 15:45:12,990000,11.496
2026/04/29 15:45:12,991000,11.496
2026/04/29 15:45:12,992000,11.493
2026/04/29 15:45:12,993000,11.487
2026/04/29 15:45:12,994000,11.493
2026/04/29 15:45:12,995000,11.493
2026/04/29 15:45:12,996000,11.496
2026/04/29 15:45:12,997000,11.499
2026/04/29 15:45:12,998000,11.501
2026/04/29 15:45:12,999000,11.493
2026/04/29 15:45:13,000000,11.487
2026/04/29 15:45:13,001000,11.493
2026/04/29 15:45:13,002000,11.493
2026/04/29 15:45:13,003000,11.496
2026/04/29 15:45:13,004000,11.487
2026/04/29 15:45:13,005000,11.490
2026/04/29 15:45:13,006000,11.501
2026/04/29 15:45:13,007000,11.496
2026/04/29 15:45:13,008000,11.493
2026/04/29 15:45:13,009000,11.493
2026/04/29 15:45:13,010000,11.490
2026/04/29 15:45:13,011000,11.499
2026/04/29 15:45:13,012000,11.496
2026/04/29 15:45:13,013000,11.496
2026/04/29 15:45:13,014000,11.499
2026/04/29 15:45:13,015000,11.496
2026/04/29 15:45:13,016000,11.487
2026/04/29 15:45:13,017000,11.493
2026/04/29 15:45:13,018000,11.499
2026/04/29 15:45:13,019000,11.493
2026/04/29 15:45:13,020000,11.496
2026/04/29 15:45:13,021000,11.493
2026/04/29 15:45:13,022000,11.496
2026/04/29 15:45:13,023000,11.493
2026/04/29 15:45:13,024000,11.493
2026/04/29 15:45:13,025000,11.496
2026/04/29 15:45:13,026000,11.493
2026/04/29 15:45:13,027000,11.493
2026/04/29 15:45:13,028000,11.490
2026/04/29 15:45:13,029000,11.490
2026/04/29 15:45:13,030000,11.496
2026/04/29 15:45:13,031000,11.496
2026/04/29 15:45:13,032000,11.493
2026/04/29 15:45:13,033000,11.493
2026/04/29 15:45:13,034000,11.490
2026/04/29 15:45:13,035000,11.496
2026/04/29 15:45:13,036000,11.490
2026/04/29 15:45:13,037000,11.490
2026/04/29 15:45:13,038000,11.487
2026/04/29 15:45:13,039000,11.493
2026/04/29 15:45:13,040000,11.499
2026/04/29 15:45:13,041000,11.493
2026/04/29 15:45:13,042000,11.493
2026/04/29 15:45:13,043000,11.490
2026/04/29 15:45:13,044000,11.501
2026/04/29 15:45:13,045000,11.493
2026/04/29 15:45:13,046000,11.493
2026/04/29 15:45:13,047000,11.493
2026/04/29 15:45:13,048000,11.496
2026/04/29 15:45:13,049000,11.499
2026/04/29 15:45:13,050000,11.490
2026/04/29 15:45:13,051000,11.496
2026/04/29 15:45:13,052000,11.493
2026/04/29 15:45:13,053000,11.490
2026/04/29 15:45:13,054000,11.490
2026/04/29 15:45:13,055000,11.496
2026/04/29 15:45:13,056000,11.493
2026/04/29 15:45:13,057000,11.493
2026/04/29 15:45:13,058000,11.493
2026/04/29 15:45:13,059000,11.487
2026/04/29 15:45:13,060000,11.490
2026/04/29 15:45:13,061000,11.499
2026/04/29 15:45:13,062000,11.499
2026/04/29 15:45:13,063000,11.493
2026/04/29 15:45:13,064000,11.490
2026/04/29 15:45:13,065000,11.490
2026/04/29 15:45:13,066000,11.496
2026/04/29 15:45:13,067000,11.496
2026/04/29 15:45:13,068000,11.496
2026/04/29 15:45:13,069000,11.493
2026/04/29 15:45:13,070000,11.493
2026/04/29 15:45:13,071000,11.496
2026/04/29 15:45:13,072000,11.496
2026/04/29 15:45:13,073000,11.493
2026/04/29 15:45:13,074000,11.493
2026/04/29 15:45:13,075000,11.496
2026/04/29 15:45:13,076000,11.499
2026/04/29 15:45:13,077000,11.496
2026/04/29 15:45:13,078000,11.490
2026/04/29 15:45:13,079000,11.493
2026/04/29 15:45:13,080000,11.490
2026/04/29 15:45:13,081000,11.490
2026/04/29 15:45:13,082000,11.490
2026/04/29 15:45:13,083000,11.496
2026/04/29 15:45:13,084000,11.496
2026/04/29 15:45:13,085000,11.493
2026/04/29 15:45:13,086000,11.493
2026/04/29 15:45:13,087000,11.493
2026/04/29 15:45:13,088000,11.490
2026/04/29 15:45:13,089000,11.493
2026/04/29 15:45:13,090000,11.493
2026/04/29 15:45:13,091000,11.493
2026/04/29 15:45:13,092000,11.493
2026/04/29 15:45:13,093000,11.496
2026/04/29 15:45:13,094000,11.490
2026/04/29 15:45:13,095000,11.490
2026/04/29 15:45:13,096000,11.496
2026/04/29 15:45:13,097000,11.496
2026/04/29 15:45:13,098000,11.493
2026/04/29 15:45:13,099000,11.487
2026/04/29 15:45:13,100000,11.490
2026/04/29 15:45:13,101000,11.493
2026/04/29 15:45:13,102000,11.496
2026/04/29 15:45:13,103000,11.499
2026/04/29 15:45:13,104000,11.490
2026/04/29 15:45:13,105000,11.490
2026/04/29 15:45:13,106000,11.485
2026/04/29 15:45:13,107000,11.493
2026/04/29 15:45:13,108000,11.496
2026/04/29 15:45:13,109000,11.493
2026/04/29 15:45:13,110000,11.496
2026/04/29 15:45:13,111000,11.493
2026/04/29 15:45:13,112000,11.490
2026/04/29 15:45:13,113000,11.496
2026/04/29 15:45:13,114000,11.496
2026/04/29 15:45:13,115000,11.496
2026/04/29 15:45:13,116000,11.490
2026/04/29 15:45:13,117000,11.493
2026/04/29 15:45:13,118000,11.499
2026/04/29 15:45:13,119000,11.496
2026/04/29 15:45:13,120000,11.493
2026/04/29 15:45:13,121000,11.490
2026/04/29 15:45:13,122000,11.493
2026/04/29 15:45:13,123000,11.490
2026/04/29 15:45:13,124000,11.499
2026/04/29 15:45:13,125000,11.493
2026/04/29 15:45:13,126000,11.496
2026/04/29 15:45:13,127000,11.496
2026/04/29 15:45:13,128000,11.490
2026/04/29 15:45:13,129000,11.487
2026/04/29 15:45:13,130000,11.490
2026/04/29 15:45:13,131000,11.487
2026/04/29 15:45:13,132000,11.499
2026/04/29 15:45:13,133000,11.493
2026/04/29 15:45:13,134000,11.496
2026/04/29 15:45:13,135000,11.496
2026/04/29 15:45:13,136000,11.490
2026/04/29 15:45:13,137000,11.493
2026/04/29 15:45:13,138000,11.501
2026/04/29 15:45:13,139000,11.493
2026/04/29 15:45:13,140000,11.490
2026/04/29 15:45:13,141000,11.493
2026/04/29 15:45:13,142000,11.493
2026/04/29 15:45:13,143000,11.496
2026/04/29 15:45:13,144000,11.493
2026/04/29 15:45:13,145000,11.493
2026/04/29 15:45:13,146000,11.501
2026/04/29 15:45:13,147000,11.493
2026/04/29 15:45:13,148000,11.493
2026/04/29 15:45:13,149000,11.487
2026/04/29 15:45:13,150000,11.493
2026/04/29 15:45:13,151000,11.490
2026/04/29 15:45:13,152000,11.490
2026/04/29 15:45:13,153000,11.499
2026/04/29 15:45:13,154000,11.493
2026/04/29 15:45:13,155000,11.493
2026/04/29 15:45:13,156000,11.487
2026/04/29 15:45:13,157000,11.493
2026/04/29 15:45:13,158000,11.499
2026/04/29 15:45:13,159000,11.496
2026/04/29 15:45:13,160000,11.490
2026/04/29 15:45:13,161000,11.493
2026/04/29 15:45:13,162000,11.493
2026/04/29 15:45:13,163000,11.490
2026/04/29 15:45:13,164000,11.493
2026/04/29 15:45:13,165000,11.493
2026/04/29 15:45:13,166000,11.493
2026/04/29 15:45:13,167000,11.490
2026/04/29 15:45:13,168000,11.490
2026/04/29 15:45:13,169000,11.493
2026/04/29 15:45:13,170000,11.499
2026/04/29 15:45:13,171000,11.490
2026/04/29 15:45:13,172000,11.493
2026/04/29 15:45:13,173000,11.493
2026/04/29 15:45:13,174000,11.501
2026/04/29 15:45:13,175000,11.499
2026/04/29 15:45:13,176000,11.496
2026/04/29 15:45:13,177000,11.496
2026/04/29 15:45:13,178000,11.499
2026/04/29 15:45:13,179000,11.490
2026/04/29 15:45:13,180000,11.490
2026/04/29 15:45:13,181000,11.493
2026/04/29 15:45:13,182000,11.496
2026/04/29 15:45:13,183000,11.490
2026/04/29 15:45:13,184000,11.501
2026/04/29 15:45:13,185000,11.496
2026/04/29 15:45:13,186000,11.493
2026/04/29 15:45:13,187000,11.499
2026/04/29 15:45:13,188000,11.493
2026/04/29 15:45:13,189000,11.496
2026/04/29 15:45:13,190000,11.493
2026/04/29 15:45:13,191000,11.499
2026/04/29 15:45:13,192000,11.493
2026/04/29 15:45:13,193000,11.496
2026/04/29 15:45:13,194000,11.493
2026/04/29 15:45:13,195000,11.490
2026/04/29 15:45:13,196000,11.490
2026/04/29 15:45:13,197000,11.490
2026/04/29 15:45:13,198000,11.496
2026/04/29 15:45:13,199000,11.501
2026/04/29 15:45:13,200000,11.493
2026/04/29 15:45:13,201000,11.499
2026/04/29 15:45:13,202000,11.490
2026/04/29 15:45:13,203000,11.487
2026/04/29 15:45:13,204000,11.490
2026/04/29 15:45:13,205000,11.490
2026/04/29 15:45:13,206000,11.487
2026/04/29 15:45:13,207000,11.496
2026/04/29 15:45:13,208000,11.496
2026/04/29 15:45:13,209000,11.493
2026/04/29 15:45:13,210000,11.493
2026/04/29 15:45:13,211000,11.493
2026/04/29 15:45:13,212000,11.493
2026/04/29 15:45:13,213000,11.493
2026/04/29 15:45:13,214000,11.493
2026/04/29 15:45:13,215000,11.490
2026/04/29 15:45:13,216000,11.493
2026/04/29 15:45:13,217000,11.496
2026/04/29 15:45:13,218000,11.493
2026/04/29 15:45:13,219000,11.493
2026/04/29 15:45:13,220000,11.496
2026/04/29 15:45:13,221000,11.493
2026/04/29 15:45:13,222000,11.496
2026/04/29 15:45:13,223000,11.496
2026/04/29 15:45:13,224000,11.490
2026/04/29 15:45:13,225000,11.490
2026/04/29 15:45:13,226000,11.490
2026/04/29 15:45:13,227000,11.496
2026/04/29 15:45:13,228000,11.490
2026/04/29 15:45:13,229000,11.493
2026/04/29 15:45:13,230000,11.493
2026/04/29 15:45:13,231000,11.493
2026/04/29 15:45:13,232000,11.493
2026/04/29 15:45:13,233000,11.490
2026/04/29 15:45:13,234000,11.496
2026/04/29 15:45:13,235000,11.490
2026/04/29 15:45:13,236000,11.490
2026/04/29 15:45:13,237000,11.493
2026/04/29 15:45:13,238000,11.493
2026/04/29 15:45:13,239000,11.490
2026/04/29 15:45:13,240000,11.490
2026/04/29 15:45:13,241000,11.499
2026/04/29 15:45:13,242000,11.493
2026/04/29 15:45:13,243000,11.490
2026/04/29 15:45:13,244000,11.490
2026/04/29 15:45:13,245000,11.487
2026/04/29 15:45:13,246000,11.496
2026/04/29 15:45:13,247000,11.493
2026/04/29 15:45:13,248000,11.490
2026/04/29 15:45:13,249000,11.496
2026/04/29 15:45:13,250000,11.493
2026/04/29 15:45:13,251000,11.499
2026/04/29 15:45:13,252000,11.490
2026/04/29 15:45:13,253000,11.499
2026/04/29 15:45:13,254000,11.493
2026/04/29 15:45:13,255000,11.496
2026/04/29 15:45:13,256000,11.493
2026/04/29 15:45:13,257000,11.490
2026/04/29 15:45:13,258000,11.490
2026/04/29 15:45:13,259000,11.493
2026/04/29 15:45:13,260000,11.493
2026/04/29 15:45:13,261000,11.493
2026/04/29 15:45:13,262000,11.490
2026/04/29 15:45:13,263000,11.496
2026/04/29 15:45:13,264000,11.496
2026/04/29 15:45:13,265000,11.493
2026/04/29 15:45:13,266000,11.499
2026/04/29 15:45:13,267000,11.496
2026/04/29 15:45:13,268000,11.496
2026/04/29 15:45:13,269000,11.493
2026/04/29 15:45:13,270000,11.490
2026/04/29 15:45:13,271000,11.490
2026/04/29 15:45:13,272000,11.493
2026/04/29 15:45:13,273000,11.496
2026/04/29 15:45:13,274000,11.493
2026/04/29 15:45:13,275000,11.487
2026/04/29 15:45:13,276000,11.485
2026/04/29 15:45:13,277000,11.493
2026/04/29 15:45:13,278000,11.490
2026/04/29 15:45:13,279000,11.499
2026/04/29 15:45:13,280000,11.493
2026/04/29 15:45:13,281000,11.493
2026/04/29 15:45:13,282000,11.493
2026/04/29 15:45:13,283000,11.493
2026/04/29 15:45:13,284000,11.496
2026/04/29 15:45:13,285000,11.493
2026/04/29 15:45:13,286000,11.493
2026/04/29 15:45:13,287000,11.490
2026/04/29 15:45:13,288000,11.490
2026/04/29 15:45:13,289000,11.490
2026/04/29 15:45:13,290000,11.490
2026/04/29 15:45:13,291000,11.490
2026/04/29 15:45:13,292000,11.493
2026/04/29 15:45:13,293000,11.496
2026/04/29 15:45:13,294000,11.490
2026/04/29 15:45:13,295000,11.490
2026/04/29 15:45:13,296000,11.493
2026/04/29 15:45:13,297000,11.501
2026/04/29 15:45:13,298000,11.493
2026/04/29 15:45:13,299000,11.493
2026/04/29 15:45:13,300000,11.487
2026/04/29 15:45:13,301000,11.496
2026/04/29 15:45:13,302000,11.499
2026/04/29 15:45:13,303000,11.493
2026/04/29 15:45:13,304000,11.493
2026/04/29 15:45:13,305000,11.493
2026/04/29 15:45:13,306000,11.490
2026/04/29 15:45:13,307000,11.490
2026/04/29 15:45:13,308000,11.490
2026/04/29 15:45:13,309000,11.496
2026/04/29 15:45:13,310000,11.493
2026/04/29 15:45:13,311000,11.490
2026/04/29 15:45:13,312000,11.496
2026/04/29 15:45:13,313000,11.487
2026/04/29 15:45:13,314000,11.493
2026/04/29 15:45:13,315000,11.490
2026/04/29 15:45:13,316000,11.496
2026/04/29 15:45:13,317000,11.487
2026/04/29 15:45:13,318000,11.499
2026/04/29 15:45:13,319000,11.485
2026/04/29 15:45:13,320000,11.496
2026/04/29 15:45:13,321000,11.487
2026/04/29 15:45:13,322000,11.496
2026/04/29 15:45:13,323000,11.493
2026/04/29 15:45:13,324000,11.499
2026/04/29 15:45:13,325000,11.493
2026/04/29 15:45:13,326000,11.501
2026/04/29 15:45:13,327000,11.493
2026/04/29 15:45:13,328000,11.493
2026/04/29 15:45:13,329000,11.490
2026/04/29 15:45:13,330000,11.487
2026/04/29 15:45:13,331000,11.493
2026/04/29 15:45:13,332000,11.490
2026/04/29 15:45:13,333000,11.487
2026/04/29 15:45:13,334000,11.490
2026/04/29 15:45:13,335000,11.487
2026/04/29 15:45:13,336000,11.499
2026/04/29 15:45:13,337000,11.493
2026/04/29 15:45:13,338000,11.493
2026/04/29 15:45:13,339000,11.496
2026/04/29 15:45:13,340000,11.499
2026/04/29 15:45:13,341000,11.487
2026/04/29 15:45:13,342000,11.496
2026/04/29 15:45:13,343000,11.493
2026/04/29 15:45:13,344000,11.496
2026/04/29 15:45:13,345000,11.496
2026/04/29 15:45:13,346000,11.493
2026/04/29 15:45:13,347000,11.490
2026/04/29 15:45:13,348000,11.493
2026/04/29 15:45:13,349000,11.501
2026/04/29 15:45:13,350000,11.490
2026/04/29 15:45:13,351000,11.493
2026/04/29 15:45:13,352000,11.490
2026/04/29 15:45:13,353000,11.493
2026/04/29 15:45:13,354000,11.490
2026/04/29 15:45:13,355000,11.487
2026/04/29 15:45:13,356000,11.496
2026/04/29 15:45:13,357000,11.501
2026/04/29 15:45:13,358000,11.490
2026/04/29 15:45:13,359000,11.493
2026/04/29 15:45:13,360000,11.493
2026/04/29 15:45:13,361000,11.499
2026/04/29 15:45:13,362000,11.493
2026/04/29 15:45:13,363000,11.493
2026/04/29 15:45:13,364000,11.493
2026/04/29 15:45:13,365000,11.487
2026/04/29 15:45:13,366000,11.499
2026/04/29 15:45:13,367000,11.493
2026/04/29 15:45:13,368000,11.490
2026/04/29 15:45:13,369000,11.493
2026/04/29 15:45:13,370000,11.490
2026/04/29 15:45:13,371000,11.493
2026/04/29 15:45:13,372000,11.493
2026/04/29 15:45:13,373000,11.499
2026/04/29 15:45:13,374000,11.496
2026/04/29 15:45:13,375000,11.487
2026/04/29 15:45:13,376000,11.493
2026/04/29 15:45:13,377000,11.493
2026/04/29 15:45:13,378000,11.493
2026/04/29 15:45:13,379000,11.499
2026/04/29 15:45:13,380000,11.493
2026/04/29 15:45:13,381000,11.496
2026/04/29 15:45:13,382000,11.496
2026/04/29 15:45:13,383000,11.493
2026/04/29 15:45:13,384000,11.487
2026/04/29 15:45:13,385000,11.496
2026/04/29 15:45:13,386000,11.490
2026/04/29 15:45:13,387000,11.487
2026/04/29 15:45:13,388000,11.490
2026/04/29 15:45:13,389000,11.493
2026/04/29 15:45:13,390000,11.496
2026/04/29 15:45:13,391000,11.485
2026/04/29 15:45:13,392000,11.496
2026/04/29 15:45:13,393000,11.493
2026/04/29 15:45:13,394000,11.490
2026/04/29 15:45:13,395000,11.493
2026/04/29 15:45:13,396000,11.490
2026/04/29 15:45:13,397000,11.501
2026/04/29 15:45:13,398000,11.499
2026/04/29 15:45:13,399000,11.490
2026/04/29 15:45:13,400000,11.490
2026/04/29 15:45:13,401000,11.493
2026/04/29 15:45:13,402000,11.496
2026/04/29 15:45:13,403000,11.490
2026/04/29 15:45:13,404000,11.496
2026/04/29 15:45:13,405000,11.496
2026/04/29 15:45:13,406000,11.490
2026/04/29 15:45:13,407000,11.493
2026/04/29 15:45:13,408000,11.490
2026/04/29 15:45:13,409000,11.490
2026/04/29 15:45:13,410000,11.490
2026/04/29 15:45:13,411000,11.490
2026/04/29 15:45:13,412000,11.499
2026/04/29 15:45:13,413000,11.496
2026/04/29 15:45:13,414000,11.490
2026/04/29 15:45:13,415000,11.496
2026/04/29 15:45:13,416000,11.490
2026/04/29 15:45:13,417000,11.493
2026/04/29 15:45:13,418000,11.490
2026/04/29 15:45:13,419000,11.490
2026/04/29 15:45:13,420000,11.493
2026/04/29 15:45:13,421000,11.493
2026/04/29 15:45:13,422000,11.490
2026/04/29 15:45:13,423000,11.490
2026/04/29 15:45:13,424000,11.490
2026/04/29 15:45:13,425000,11.490
2026/04/29 15:45:13,426000,11.501
2026/04/29 15:45:13,427000,11.490
2026/04/29 15:45:13,428000,11.499
2026/04/29 15:45:13,429000,11.496
2026/04/29 15:45:13,430000,11.493
2026/04/29 15:45:13,431000,11.496
2026/04/29 15:45:13,432000,11.493
2026/04/29 15:45:13,433000,11.493
2026/04/29 15:45:13,434000,11.493
2026/04/29 15:45:13,435000,11.496
2026/04/29 15:45:13,436000,11.493
2026/04/29 15:45:13,437000,11.496
2026/04/29 15:45:13,438000,11.490
2026/04/29 15:45:13,439000,11.496
2026/04/29 15:45:13,440000,11.493
2026/04/29 15:45:13,441000,11.499
2026/04/29 15:45:13,442000,11.493
2026/04/29 15:45:13,443000,11.490
2026/04/29 15:45:13,444000,11.493
2026/04/29 15:45:13,445000,11.496
2026/04/29 15:45:13,446000,11.490
2026/04/29 15:45:13,447000,11.493
2026/04/29 15:45:13,448000,11.490
2026/04/29 15:45:13,449000,11.499
2026/04/29 15:45:13,450000,11.493
2026/04/29 15:45:13,451000,11.490
2026/04/29 15:45:13,452000,11.490
2026/04/29 15:45:13,453000,11.493
2026/04/29 15:45:13,454000,11.493
2026/04/29 15:45:13,455000,11.487
2026/04/29 15:45:13,456000,11.490
2026/04/29 15:45:13,457000,11.487
2026/04/29 15:45:13,458000,11.490
2026/04/29 15:45:13,459000,11.496
2026/04/29 15:45:13,460000,11.496
2026/04/29 15:45:13,461000,11.493
2026/04/29 15:45:13,462000,11.496
2026/04/29 15:45:13,463000,11.487
2026/04/29 15:45:13,464000,11.485
2026/04/29 15:45:13,465000,11.490
2026/04/29 15:45:13,466000,11.493
2026/04/29 15:45:13,467000,11.496
2026/04/29 15:45:13,468000,11.490
2026/04/29 15:45:13,469000,11.493
2026/04/29 15:45:13,470000,11.493
2026/04/29 15:45:13,471000,11.493
2026/04/29 15:45:13,472000,11.496
2026/04/29 15:45:13,473000,11.485
2026/04/29 15:45:13,474000,11.499
2026/04/29 15:45:13,475000,11.493
2026/04/29 15:45:13,476000,11.490
2026/04/29 15:45:13,477000,11.493
2026/04/29 15:45:13,478000,11.496
2026/04/29 15:45:13,479000,11.496
2026/04/29 15:45:13,480000,11.493
2026/04/29 15:45:13,481000,11.499
2026/04/29 15:45:13,482000,11.493
2026/04/29 15:45:13,483000,11.490
2026/04/29 15:45:13,484000,11.496
2026/04/29 15:45:13,485000,11.493
2026/04/29 15:45:13,486000,11.493
2026/04/29 15:45:13,487000,11.496
2026/04/29 15:45:13,488000,11.493
2026/04/29 15:45:13,489000,11.496
2026/04/29 15:45:13,490000,11.490
2026/04/29 15:45:13,491000,11.501
2026/04/29 15:45:13,492000,11.493
2026/04/29 15:45:13,493000,11.490
2026/04/29 15:45:13,494000,11.499
2026/04/29 15:45:13,495000,11.501
2026/04/29 15:45:13,496000,11.490
2026/04/29 15:45:13,497000,11.493
2026/04/29 15:45:13,498000,11.499
2026/04/29 15:45:13,499000,11.493
2026/04/29 15:45:13,500000,11.493
2026/04/29 15:45:13,501000,11.496
2026/04/29 15:45:13,502000,11.493
2026/04/29 15:45:13,503000,11.496
2026/04/29 15:45:13,504000,11.490
2026/04/29 15:45:13,505000,11.487
2026/04/29 15:45:13,506000,11.490
2026/04/29 15:45:13,507000,11.490
2026/04/29 15:45:13,508000,11.496
2026/04/29 15:45:13,509000,11.493
2026/04/29 15:45:13,510000,11.493
2026/04/29 15:45:13,511000,11.496
2026/04/29 15:45:13,512000,11.490
2026/04/29 15:45:13,513000,11.499
2026/04/29 15:45:13,514000,11.487
2026/04/29 15:45:13,515000,11.496
2026/04/29 15:45:13,516000,11.496
2026/04/29 15:45:13,517000,11.493
2026/04/29 15:45:13,518000,11.493
2026/04/29 15:45:13,519000,11.493
2026/04/29 15:45:13,520000,11.501
2026/04/29 15:45:13,521000,11.493
2026/04/29 15:45:13,522000,11.507
2026/04/29 15:45:13,523000,11.493
2026/04/29 15:45:13,524000,11.493
2026/04/29 15:45:13,525000,11.501
2026/04/29 15:45:13,526000,11.490
2026/04/29 15:45:13,527000,11.499
2026/04/29 15:45:13,528000,11.487
2026/04/29 15:45:13,529000,11.496
2026/04/29 15:45:13,530000,11.490
2026/04/29 15:45:13,531000,11.493
2026/04/29 15:45:13,532000,11.493
2026/04/29 15:45:13,533000,11.493
2026/04/29 15:45:13,534000,11.493
2026/04/29 15:45:13,535000,11.493
2026/04/29 15:45:13,536000,11.487
2026/04/29 15:45:13,537000,11.487
2026/04/29 15:45:13,538000,11.493
2026/04/29 15:45:13,539000,11.493
2026/04/29 15:45:13,540000,11.496
2026/04/29 15:45:13,541000,11.493
2026/04/29 15:45:13,542000,11.490
2026/04/29 15:45:13,543000,11.493
2026/04/29 15:45:13,544000,11.496
2026/04/29 15:45:13,545000,11.490
2026/04/29 15:45:13,546000,11.493
2026/04/29 15:45:13,547000,11.490
2026/04/29 15:45:13,548000,11.496
2026/04/29 15:45:13,549000,11.493
2026/04/29 15:45:13,550000,11.493
2026/04/29 15:45:13,551000,11.490
2026/04/29 15:45:13,552000,11.485
2026/04/29 15:45:13,553000,11.490
2026/04/29 15:45:13,554000,11.493
2026/04/29 15:45:13,555000,11.496
2026/04/29 15:45:13,556000,11.493
2026/04/29 15:45:13,557000,11.493
2026/04/29 15:45:13,558000,11.487
2026/04/29 15:45:13,559000,11.490
2026/04/29 15:45:13,560000,11.493
2026/04/29 15:45:13,561000,11.490
2026/04/29 15:45:13,562000,11.499
2026/04/29 15:45:13,563000,11.499
2026/04/29 15:45:13,564000,11.496
2026/04/29 15:45:13,565000,11.499
2026/04/29 15:45:13,566000,11.493
2026/04/29 15:45:13,567000,11.493
2026/04/29 15:45:13,568000,11.487
2026/04/29 15:45:13,569000,11.496
2026/04/29 15:45:13,570000,11.490
2026/04/29 15:45:13,571000,11.499
2026/04/29 15:45:13,572000,11.493
2026/04/29 15:45:13,573000,11.499
2026/04/29 15:45:13,574000,11.493
2026/04/29 15:45:13,575000,11.490
2026/04/29 15:45:13,576000,11.490
2026/04/29 15:45:13,577000,11.490
2026/04/29 15:45:13,578000,11.493
2026/04/29 15:45:13,579000,11.496
2026/04/29 15:45:13,580000,11.493
2026/04/29 15:45:13,581000,11.490
2026/04/29 15:45:13,582000,11.496
2026/04/29 15:45:13,583000,11.496
2026/04/29 15:45:13,584000,11.499
2026/04/29 15:45:13,585000,11.499
2026/04/29 15:45:13,586000,11.493
2026/04/29 15:45:13,587000,11.493
2026/04/29 15:45:13,588000,11.496
2026/04/29 15:45:13,589000,11.493
2026/04/29 15:45:13,590000,11.490
2026/04/29 15:45:13,591000,11.493
2026/04/29 15:45:13,592000,11.490
2026/04/29 15:45:13,593000,11.496
2026/04/29 15:45:13,594000,11.499
2026/04/29 15:45:13,595000,11.496
2026/04/29 15:45:13,596000,11.487
2026/04/29 15:45:13,597000,11.493
2026/04/29 15:45:13,598000,11.493
2026/04/29 15:45:13,599000,11.493
2026/04/29 15:45:13,600000,11.496
2026/04/29 15:45:13,601000,11.493
2026/04/29 15:45:13,602000,11.490
2026/04/29 15:45:13,603000,11.499
2026/04/29 15:45:13,604000,11.499
2026/04/29 15:45:13,605000,11.490
2026/04/29 15:45:13,606000,11.490
2026/04/29 15:45:13,607000,11.496
2026/04/29 15:45:13,608000,11.493
2026/04/29 15:45:13,609000,11.496
2026/04/29 15:45:13,610000,11.493
2026/04/29 15:45:13,611000,11.499
2026/04/29 15:45:13,612000,11.490
2026/04/29 15:45:13,613000,11.490
2026/04/29 15:45:13,614000,11.499
2026/04/29 15:45:13,615000,11.493
2026/04/29 15:45:13,616000,11.487
2026/04/29 15:45:13,617000,11.493
2026/04/29 15:45:13,618000,11.493
2026/04/29 15:45:13,619000,11.493
2026/04/29 15:45:13,620000,11.493
2026/04/29 15:45:13,621000,11.490
2026/04/29 15:45:13,622000,11.493
2026/04/29 15:45:13,623000,11.493
2026/04/29 15:45:13,624000,11.493
2026/04/29 15:45:13,625000,11.493
2026/04/29 15:45:13,626000,11.490
2026/04/29 15:45:13,627000,11.496
2026/04/29 15:45:13,628000,11.493
2026/04/29 15:45:13,629000,11.499
2026/04/29 15:45:13,630000,11.496
2026/04/29 15:45:13,631000,11.493
2026/04/29 15:45:13,632000,11.490
2026/04/29 15:45:13,633000,11.490
2026/04/29 15:45:13,634000,11.487
2026/04/29 15:45:13,635000,11.487
2026/04/29 15:45:13,636000,11.493
2026/04/29 15:45:13,637000,11.485
2026/04/29 15:45:13,638000,11.493
2026/04/29 15:45:13,639000,11.490
2026/04/29 15:45:13,640000,11.490
2026/04/29 15:45:13,641000,11.490
2026/04/29 15:45:13,642000,11.496
2026/04/29 15:45:13,643000,11.493
2026/04/29 15:45:13,644000,11.496
2026/04/29 15:45:13,645000,11.493
2026/04/29 15:45:13,646000,11.499
2026/04/29 15:45:13,647000,11.490
2026/04/29 15:45:13,648000,11.490
2026/04/29 15:45:13,649000,11.493
2026/04/29 15:45:13,650000,11.499
2026/04/29 15:45:13,651000,11.493
2026/04/29 15:45:13,652000,11.490
2026/04/29 15:45:13,653000,11.501
2026/04/29 15:45:13,654000,11.496
2026/04/29 15:45:13,655000,11.487
2026/04/29 15:45:13,656000,11.493
2026/04/29 15:45:13,657000,11.482
2026/04/29 15:45:13,658000,11.493
2026/04/29 15:45:13,659000,11.499
2026/04/29 15:45:13,660000,11.493
2026/04/29 15:45:13,661000,11.501
2026/04/29 15:45:13,662000,11.490
2026/04/29 15:45:13,663000,11.493
2026/04/29 15:45:13,664000,11.496
2026/04/29 15:45:13,665000,11.490
2026/04/29 15:45:13,666000,11.496
2026/04/29 15:45:13,667000,11.490
2026/04/29 15:45:13,668000,11.499
2026/04/29 15:45:13,669000,11.493
2026/04/29 15:45:13,670000,11.499
2026/04/29 15:45:13,671000,11.496
2026/04/29 15:45:13,672000,11.493
2026/04/29 15:45:13,673000,11.496
2026/04/29 15:45:13,674000,11.493
2026/04/29 15:45:13,675000,11.493
2026/04/29 15:45:13,676000,11.493
2026/04/29 15:45:13,677000,11.490
2026/04/29 15:45:13,678000,11.493
2026/04/29 15:45:13,679000,11.493
2026/04/29 15:45:13,680000,11.490
2026/04/29 15:45:13,681000,11.499
2026/04/29 15:45:13,682000,11.490
2026/04/29 15:45:13,683000,11.496
2026/04/29 15:45:13,684000,11.493
2026/04/29 15:45:13,685000,11.487
2026/04/29 15:45:13,686000,11.493
2026/04/29 15:45:13,687000,11.490
2026/04/29 15:45:13,688000,11.499
2026/04/29 15:45:13,689000,11.493
2026/04/29 15:45:13,690000,11.493
2026/04/29 15:45:13,691000,11.493
2026/04/29 15:45:13,692000,11.493
2026/04/29 15:45:13,693000,11.490
2026/04/29 15:45:13,694000,11.493
2026/04/29 15:45:13,695000,11.493
2026/04/29 15:45:13,696000,11.493
2026/04/29 15:45:13,697000,11.490
2026/04/29 15:45:13,698000,11.490
2026/04/29 15:45:13,699000,11.493
2026/04/29 15:45:13,700000,11.493
2026/04/29 15:45:13,701000,11.490
2026/04/29 15:45:13,702000,11.493
2026/04/29 15:45:13,703000,11.499
2026/04/29 15:45:13,704000,11.496
2026/04/29 15:45:13,705000,11.496
2026/04/29 15:45:13,706000,11.496
2026/04/29 15:45:13,707000,11.487
2026/04/29 15:45:13,708000,11.493
2026/04/29 15:45:13,709000,11.493
2026/04/29 15:45:13,710000,11.490
2026/04/29 15:45:13,711000,11.496
2026/04/29 15:45:13,712000,11.493
2026/04/29 15:45:13,713000,11.501
2026/04/29 15:45:13,714000,11.493
2026/04/29 15:45:13,715000,11.499
2026/04/29 15:45:13,716000,11.496
2026/04/29 15:45:13,717000,11.493
2026/04/29 15:45:13,718000,11.485
2026/04/29 15:45:13,719000,11.504
2026/04/29 15:45:13,720000,11.493
2026/04/29 15:45:13,721000,11.496
2026/04/29 15:45:13,722000,11.499
2026/04/29 15:45:13,723000,11.493
2026/04/29 15:45:13,724000,11.493
2026/04/29 15:45:13,725000,11.493
2026/04/29 15:45:13,726000,11.499
2026/04/29 15:45:13,727000,11.493
2026/04/29 15:45:13,728000,11.493
2026/04/29 15:45:13,729000,11.487
2026/04/29 15:45:13,730000,11.499
2026/04/29 15:45:13,731000,11.499
2026/04/29 15:45:13,732000,11.493
2026/04/29 15:45:13,733000,11.493
2026/04/29 15:45:13,734000,11.490
2026/04/29 15:45:13,735000,11.493
2026/04/29 15:45:13,736000,11.490
2026/04/29 15:45:13,737000,11.499
2026/04/29 15:45:13,738000,11.493
2026/04/29 15:45:13,739000,11.499
2026/04/29 15:45:13,740000,11.493
2026/04/29 15:45:13,741000,11.493
2026/04/29 15:45:13,742000,11.496
2026/04/29 15:45:13,743000,11.493
2026/04/29 15:45:13,744000,11.499
2026/04/29 15:45:13,745000,11.490
2026/04/29 15:45:13,746000,11.496
2026/04/29 15:45:13,747000,11.493
2026/04/29 15:45:13,748000,11.485
2026/04/29 15:45:13,749000,11.493
2026/04/29 15:45:13,750000,11.496
2026/04/29 15:45:13,751000,11.493
2026/04/29 15:45:13,752000,11.496
2026/04/29 15:45:13,753000,11.493
2026/04/29 15:45:13,754000,11.493
2026/04/29 15:45:13,755000,11.493
2026/04/29 15:45:13,756000,11.499
2026/04/29 15:45:13,757000,11.499
2026/04/29 15:45:13,758000,11.490
2026/04/29 15:45:13,759000,11.493
2026/04/29 15:45:13,760000,11.490
2026/04/29 15:45:13,761000,11.496
2026/04/29 15:45:13,762000,11.490
2026/04/29 15:45:13,763000,11.496
2026/04/29 15:45:13,764000,11.487
2026/04/29 15:45:13,765000,11.499
2026/04/29 15:45:13,766000,11.493
2026/04/29 15:45:13,767000,11.490
2026/04/29 15:45:13,768000,11.493
2026/04/29 15:45:13,769000,11.490
2026/04/29 15:45:13,770000,11.493
2026/04/29 15:45:13,771000,11.499
2026/04/29 15:45:13,772000,11.490
2026/04/29 15:45:13,773000,11.496
2026/04/29 15:45:13,774000,11.485
2026/04/29 15:45:13,775000,11.487
2026/04/29 15:45:13,776000,11.496
2026/04/29 15:45:13,777000,11.487
2026/04/29 15:45:13,778000,11.499
2026/04/29 15:45:13,779000,11.496
2026/04/29 15:45:13,780000,11.499
2026/04/29 15:45:13,781000,11.496
2026/04/29 15:45:13,782000,11.493
2026/04/29 15:45:13,783000,11.493
2026/04/29 15:45:13,784000,11.493
2026/04/29 15:45:13,785000,11.493
2026/04/29 15:45:13,786000,11.496
2026/04/29 15:45:13,787000,11.490
2026/04/29 15:45:13,788000,11.490
2026/04/29 15:45:13,789000,11.493
2026/04/29 15:45:13,790000,11.493
2026/04/29 15:45:13,791000,11.493
2026/04/29 15:45:13,792000,11.499
2026/04/29 15:45:13,793000,11.490
2026/04/29 15:45:13,794000,11.496
2026/04/29 15:45:13,795000,11.493
2026/04/29 15:45:13,796000,11.493
2026/04/29 15:45:13,797000,11.493
2026/04/29 15:45:13,798000,11.490
2026/04/29 15:45:13,799000,11.496
2026/04/29 15:45:13,800000,11.493
2026/04/29 15:45:13,801000,11.490
2026/04/29 15:45:13,802000,11.493
2026/04/29 15:45:13,803000,11.496
2026/04/29 15:45:13,804000,11.493
2026/04/29 15:45:13,805000,11.485
2026/04/29 15:45:13,806000,11.496
2026/04/29 15:45:13,807000,11.496
2026/04/29 15:45:13,808000,11.490
2026/04/29 15:45:13,809000,11.490
2026/04/29 15:45:13,810000,11.490
2026/04/29 15:45:13,811000,11.493
2026/04/29 15:45:13,812000,11.487
2026/04/29 15:45:13,813000,11.490
2026/04/29 15:45:13,814000,11.493
2026/04/29 15:45:13,815000,11.493
2026/04/29 15:45:13,816000,11.496
2026/04/29 15:45:13,817000,11.499
2026/04/29 15:45:13,818000,11.490
2026/04/29 15:45:13,819000,11.493
2026/04/29 15:45:13,820000,11.493
2026/04/29 15:45:13,821000,11.493
2026/04/29 15:45:13,822000,11.496
2026/04/29 15:45:13,823000,11.490
2026/04/29 15:45:13,824000,11.490
2026/04/29 15:45:13,825000,11.490
2026/04/29 15:45:13,826000,11.493
2026/04/29 15:45:13,827000,11.493
2026/04/29 15:45:13,828000,11.490
2026/04/29 15:45:13,829000,11.493
2026/04/29 15:45:13,830000,11.499
2026/04/29 15:45:13,831000,11.493
2026/04/29 15:45:13,832000,11.490
2026/04/29 15:45:13,833000,11.493
2026/04/29 15:45:13,834000,11.493
2026/04/29 15:45:13,835000,11.493
2026/04/29 15:45:13,836000,11.490
2026/04/29 15:45:13,837000,11.493
2026/04/29 15:45:13,838000,11.490
2026/04/29 15:45:13,839000,11.493
2026/04/29 15:45:13,840000,11.501
2026/04/29 15:45:13,841000,11.493
2026/04/29 15:45:13,842000,11.493
2026/04/29 15:45:13,843000,11.487
2026/04/29 15:45:13,844000,11.499
2026/04/29 15:45:13,845000,11.496
2026/04/29 15:45:13,846000,11.490
2026/04/29 15:45:13,847000,11.493
2026/04/29 15:45:13,848000,11.493
2026/04/29 15:45:13,849000,11.499
2026/04/29 15:45:13,850000,11.490
2026/04/29 15:45:13,851000,11.485
2026/04/29 15:45:13,852000,11.487
2026/04/29 15:45:13,853000,11.493
2026/04/29 15:45:13,854000,11.496
2026/04/29 15:45:13,855000,11.496
2026/04/29 15:45:13,856000,11.490
2026/04/29 15:45:13,857000,11.499
2026/04/29 15:45:13,858000,11.493
2026/04/29 15:45:13,859000,11.493
2026/04/29 15:45:13,860000,11.496
2026/04/29 15:45:13,861000,11.493
2026/04/29 15:45:13,862000,11.487
2026/04/29 15:45:13,863000,11.493
2026/04/29 15:45:13,864000,11.487
2026/04/29 15:45:13,865000,11.493
2026/04/29 15:45:13,866000,11.490
2026/04/29 15:45:13,867000,11.493
2026/04/29 15:45:13,868000,11.493
2026/04/29 15:45:13,869000,11.490
2026/04/29 15:45:13,870000,11.493
2026/04/29 15:45:13,871000,11.493
2026/04/29 15:45:13,872000,11.490
2026/04/29 15:45:13,873000,11.499
2026/04/29 15:45:13,874000,11.496
2026/04/29 15:45:13,875000,11.496
2026/04/29 15:45:13,876000,11.496
2026/04/29 15:45:13,877000,11.496
2026/04/29 15:45:13,878000,11.493
2026/04/29 15:45:13,879000,11.490
2026/04/29 15:45:13,880000,11.499
2026/04/29 15:45:13,881000,11.501
2026/04/29 15:45:13,882000,11.493
2026/04/29 15:45:13,883000,11.490
2026/04/29 15:45:13,884000,11.490
2026/04/29 15:45:13,885000,11.487
2026/04/29 15:45:13,886000,11.490
2026/04/29 15:45:13,887000,11.490
2026/04/29 15:45:13,888000,11.493
2026/04/29 15:45:13,889000,11.496
2026/04/29 15:45:13,890000,11.501
2026/04/29 15:45:13,891000,11.496
2026/04/29 15:45:13,892000,11.490
2026/04/29 15:45:13,893000,11.490
2026/04/29 15:45:13,894000,11.493
2026/04/29 15:45:13,895000,11.490
2026/04/29 15:45:13,896000,11.499
2026/04/29 15:45:13,897000,11.487
2026/04/29 15:45:13,898000,11.493
2026/04/29 15:45:13,899000,11.490
2026/04/29 15:45:13,900000,11.496
2026/04/29 15:45:13,901000,11.490
2026/04/29 15:45:13,902000,11.496
2026/04/29 15:45:13,903000,11.490
2026/04/29 15:45:13,904000,11.490
2026/04/29 15:45:13,905000,11.493
2026/04/29 15:45:13,906000,11.496
2026/04/29 15:45:13,907000,11.499
2026/04/29 15:45:13,908000,11.490
2026/04/29 15:45:13,909000,11.496
2026/04/29 15:45:13,910000,11.490
2026/04/29 15:45:13,911000,11.493
2026/04/29 15:45:13,912000,11.490
2026/04/29 15:45:13,913000,11.496
2026/04/29 15:45:13,914000,11.485
2026/04/29 15:45:13,915000,11.490
2026/04/29 15:45:13,916000,11.499
2026/04/29 15:45:13,917000,11.496
2026/04/29 15:45:13,918000,11.490
2026/04/29 15:45:13,919000,11.490
2026/04/29 15:45:13,920000,11.501
2026/04/29 15:45:13,921000,11.487
2026/04/29 15:45:13,922000,11.493
2026/04/29 15:45:13,923000,11.493
2026/04/29 15:45:13,924000,11.496
2026/04/29 15:45:13,925000,11.493
2026/04/29 15:45:13,926000,11.499
2026/04/29 15:45:13,927000,11.496
2026/04/29 15:45:13,928000,11.490
2026/04/29 15:45:13,929000,11.490
2026/04/29 15:45:13,930000,11.499
2026/04/29 15:45:13,931000,11.490
2026/04/29 15:45:13,932000,11.493
2026/04/29 15:45:13,933000,11.487
2026/04/29 15:45:13,934000,11.493
2026/04/29 15:45:13,935000,11.499
2026/04/29 15:45:13,936000,11.493
2026/04/29 15:45:13,937000,11.487
2026/04/29 15:45:13,938000,11.490
2026/04/29 15:45:13,939000,11.490
2026/04/29 15:45:13,940000,11.496
2026/04/29 15:45:13,941000,11.493
2026/04/29 15:45:13,942000,11.499
2026/04/29 15:45:13,943000,11.493
2026/04/29 15:45:13,944000,11.490
2026/04/29 15:45:13,945000,11.490
2026/04/29 15:45:13,946000,11.487
2026/04/29 15:45:13,947000,11.487
2026/04/29 15:45:13,948000,11.490
2026/04/29 15:45:13,949000,11.493
2026/04/29 15:45:13,950000,11.490
2026/04/29 15:45:13,951000,11.499
2026/04/29 15:45:13,952000,11.490
2026/04/29 15:45:13,953000,11.493
2026/04/29 15:45:13,954000,11.487
2026/04/29 15:45:13,955000,11.485
2026/04/29 15:45:13,956000,11.496
2026/04/29 15:45:13,957000,11.493
2026/04/29 15:45:13,958000,11.499
2026/04/29 15:45:13,959000,11.493
2026/04/29 15:45:13,960000,11.499
2026/04/29 15:45:13,961000,11.493
2026/04/29 15:45:13,962000,11.493
2026/04/29 15:45:13,963000,11.490
2026/04/29 15:45:13,964000,11.493
2026/04/29 15:45:13,965000,11.496
2026/04/29 15:45:13,966000,11.493
2026/04/29 15:45:13,967000,11.490
2026/04/29 15:45:13,968000,11.493
2026/04/29 15:45:13,969000,11.490
2026/04/29 15:45:13,970000,11.493
2026/04/29 15:45:13,971000,11.490
2026/04/29 15:45:13,972000,11.496
2026/04/29 15:45:13,973000,11.496
2026/04/29 15:45:13,974000,11.496
2026/04/29 15:45:13,975000,11.499
2026/04/29 15:45:13,976000,11.496
2026/04/29 15:45:13,977000,11.490
2026/04/29 15:45:13,978000,11.482
2026/04/29 15:45:13,979000,11.493
2026/04/29 15:45:13,980000,11.493
2026/04/29 15:45:13,981000,11.493
2026/04/29 15:45:13,982000,11.499
2026/04/29 15:45:13,983000,11.493
2026/04/29 15:45:13,984000,11.496
2026/04/29 15:45:13,985000,11.490
2026/04/29 15:45:13,986000,11.496
2026/04/29 15:45:13,987000,11.490
2026/04/29 15:45:13,988000,11.493
2026/04/29 15:45:13,989000,11.490
2026/04/29 15:45:13,990000,11.493
2026/04/29 15:45:13,991000,11.496
2026/04/29 15:45:13,992000,11.493
2026/04/29 15:45:13,993000,11.487
2026/04/29 15:45:13,994000,11.490
2026/04/29 15:45:13,995000,11.499
2026/04/29 15:45:13,996000,11.485
2026/04/29 15:45:13,997000,11.493
2026/04/29 15:45:13,998000,11.490
2026/04/29 15:45:13,999000,11.490
2026/04/29 15:45:14,000000,11.490
2026/04/29 15:45:14,001000,11.490
2026/04/29 15:45:14,002000,11.499
2026/04/29 15:45:14,003000,11.499
2026/04/29 15:45:14,004000,11.490
2026/04/29 15:45:14,005000,11.490
2026/04/29 15:45:14,006000,11.490
2026/04/29 15:45:14,007000,11.490
2026/04/29 15:45:14,008000,11.493
2026/04/29 15:45:14,009000,11.499
2026/04/29 15:45:14,010000,11.496
2026/04/29 15:45:14,011000,11.493
2026/04/29 15:45:14,012000,11.493
2026/04/29 15:45:14,013000,11.496
2026/04/29 15:45:14,014000,11.496
2026/04/29 15:45:14,015000,11.487
2026/04/29 15:45:14,016000,11.487
2026/04/29 15:45:14,017000,11.493
2026/04/29 15:45:14,018000,11.493
2026/04/29 15:45:14,019000,11.493
2026/04/29 15:45:14,020000,11.490
2026/04/29 15:45:14,021000,11.493
2026/04/29 15:45:14,022000,11.490
2026/04/29 15:45:14,023000,11.493
2026/04/29 15:45:14,024000,11.490
2026/04/29 15:45:14,025000,11.499
2026/04/29 15:45:14,026000,11.490
2026/04/29 15:45:14,027000,11.496
2026/04/29 15:45:14,028000,11.496
2026/04/29 15:45:14,029000,11.487
2026/04/29 15:45:14,030000,11.496
2026/04/29 15:45:14,031000,11.499
2026/04/29 15:45:14,032000,11.490
2026/04/29 15:45:14,033000,11.490
2026/04/29 15:45:14,034000,11.493
2026/04/29 15:45:14,035000,11.493
2026/04/29 15:45:14,036000,11.490
2026/04/29 15:45:14,037000,11.490
2026/04/29 15:45:14,038000,11.490
2026/04/29 15:45:14,039000,11.493
2026/04/29 15:45:14,040000,11.496
2026/04/29 15:45:14,041000,11.490
2026/04/29 15:45:14,042000,11.493
2026/04/29 15:45:14,043000,11.490
2026/04/29 15:45:14,044000,11.493
2026/04/29 15:45:14,045000,11.493
2026/04/29 15:45:14,046000,11.496
2026/04/29 15:45:14,047000,11.490
2026/04/29 15:45:14,048000,11.490
2026/04/29 15:45:14,049000,11.493
2026/04/29 15:45:14,050000,11.490
2026/04/29 15:45:14,051000,11.485
2026/04/29 15:45:14,052000,11.493
2026/04/29 15:45:14,053000,11.487
2026/04/29 15:45:14,054000,11.496
2026/04/29 15:45:14,055000,11.490
2026/04/29 15:45:14,056000,11.490
2026/04/29 15:45:14,057000,11.496
2026/04/29 15:45:14,058000,11.487
2026/04/29 15:45:14,059000,11.490
2026/04/29 15:45:14,060000,11.499
2026/04/29 15:45:14,061000,11.493
2026/04/29 15:45:14,062000,11.490
2026/04/29 15:45:14,063000,11.496
2026/04/29 15:45:14,064000,11.493
2026/04/29 15:45:14,065000,11.487
2026/04/29 15:45:14,066000,11.496
2026/04/29 15:45:14,067000,11.496
2026/04/29 15:45:14,068000,11.493
2026/04/29 15:45:14,069000,11.501
2026/04/29 15:45:14,070000,11.496
2026/04/29 15:45:14,071000,11.487
2026/04/29 15:45:14,072000,11.490
2026/04/29 15:45:14,073000,11.490
2026/04/29 15:45:14,074000,11.493
2026/04/29 15:45:14,075000,11.499
2026/04/29 15:45:14,076000,11.499
2026/04/29 15:45:14,077000,11.493
2026/04/29 15:45:14,078000,11.499
2026/04/29 15:45:14,079000,11.493
2026/04/29 15:45:14,080000,11.490
2026/04/29 15:45:14,081000,11.493
2026/04/29 15:45:14,082000,11.490
2026/04/29 15:45:14,083000,11.493
2026/04/29 15:45:14,084000,11.493
2026/04/29 15:45:14,085000,11.493
2026/04/29 15:45:14,086000,11.493
2026/04/29 15:45:14,087000,11.490
2026/04/29 15:45:14,088000,11.493
2026/04/29 15:45:14,089000,11.493
2026/04/29 15:45:14,090000,11.487
2026/04/29 15:45:14,091000,11.493
2026/04/29 15:45:14,092000,11.493
2026/04/29 15:45:14,093000,11.496
2026/04/29 15:45:14,094000,11.496
2026/04/29 15:45:14,095000,11.482
2026/04/29 15:45:14,096000,11.499
2026/04/29 15:45:14,097000,11.496
2026/04/29 15:45:14,098000,11.490
2026/04/29 15:45:14,099000,11.496
2026/04/29 15:45:14,100000,11.493
2026/04/29 15:45:14,101000,11.496
2026/04/29 15:45:14,102000,11.493
2026/04/29 15:45:14,103000,11.493
2026/04/29 15:45:14,104000,11.493
2026/04/29 15:45:14,105000,11.493
2026/04/29 15:45:14,106000,11.493
2026/04/29 15:45:14,107000,11.493
2026/04/29 15:45:14,108000,11.501
2026/04/29 15:45:14,109000,11.493
2026/04/29 15:45:14,110000,11.490
2026/04/29 15:45:14,111000,11.493
2026/04/29 15:45:14,112000,11.490
2026/04/29 15:45:14,113000,11.496
2026/04/29 15:45:14,114000,11.487
2026/04/29 15:45:14,115000,11.496
2026/04/29 15:45:14,116000,11.493
2026/04/29 15:45:14,117000,11.496
2026/04/29 15:45:14,118000,11.501
2026/04/29 15:45:14,119000,11.496
2026/04/29 15:45:14,120000,11.493
2026/04/29 15:45:14,121000,11.493
2026/04/29 15:45:14,122000,11.490
2026/04/29 15:45:14,123000,11.490
2026/04/29 15:45:14,124000,11.493
2026/04/29 15:45:14,125000,11.496
2026/04/29 15:45:14,126000,11.487
2026/04/29 15:45:14,127000,11.496
2026/04/29 15:45:14,128000,11.499
2026/04/29 15:45:14,129000,11.493
2026/04/29 15:45:14,130000,11.490
2026/04/29 15:45:14,131000,11.490
2026/04/29 15:45:14,132000,11.504
2026/04/29 15:45:14,133000,11.501
2026/04/29 15:45:14,134000,11.487
2026/04/29 15:45:14,135000,11.490
2026/04/29 15:45:14,136000,11.490
2026/04/29 15:45:14,137000,11.490
2026/04/29 15:45:14,138000,11.493
2026/04/29 15:45:14,139000,11.493
2026/04/29 15:45:14,140000,11.493
2026/04/29 15:45:14,141000,11.493
2026/04/29 15:45:14,142000,11.493
2026/04/29 15:45:14,143000,11.499
2026/04/29 15:45:14,144000,11.493
2026/04/29 15:45:14,145000,11.493
2026/04/29 15:45:14,146000,11.490
2026/04/29 15:45:14,147000,11.496
2026/04/29 15:45:14,148000,11.493
2026/04/29 15:45:14,149000,11.493
2026/04/29 15:45:14,150000,11.499
2026/04/29 15:45:14,151000,11.493
2026/04/29 15:45:14,152000,11.496
2026/04/29 15:45:14,153000,11.493
2026/04/29 15:45:14,154000,11.496
2026/04/29 15:45:14,155000,11.499
2026/04/29 15:45:14,156000,11.493
2026/04/29 15:45:14,157000,11.493
2026/04/29 15:45:14,158000,11.493
2026/04/29 15:45:14,159000,11.490
2026/04/29 15:45:14,160000,11.499
2026/04/29 15:45:14,161000,11.493
2026/04/29 15:45:14,162000,11.496
2026/04/29 15:45:14,163000,11.487
2026/04/29 15:45:14,164000,11.487
2026/04/29 15:45:14,165000,11.493
2026/04/29 15:45:14,166000,11.501
2026/04/29 15:45:14,167000,11.493
2026/04/29 15:45:14,168000,11.493
2026/04/29 15:45:14,169000,11.496
2026/04/29 15:45:14,170000,11.493
2026/04/29 15:45:14,171000,11.493
2026/04/29 15:45:14,172000,11.499
2026/04/29 15:45:14,173000,11.501
2026/04/29 15:45:14,174000,11.493
2026/04/29 15:45:14,175000,11.493
2026/04/29 15:45:14,176000,11.507
2026/04/29 15:45:14,177000,11.493
2026/04/29 15:45:14,178000,11.493
2026/04/29 15:45:14,179000,11.493
2026/04/29 15:45:14,180000,11.501
2026/04/29 15:45:14,181000,11.496
2026/04/29 15:45:14,182000,11.493
2026/04/29 15:45:14,183000,11.493
2026/04/29 15:45:14,184000,11.487
2026/04/29 15:45:14,185000,11.493
2026/04/29 15:45:14,186000,11.493
2026/04/29 15:45:14,187000,11.496
2026/04/29 15:45:14,188000,11.496
2026/04/29 15:45:14,189000,11.487
2026/04/29 15:45:14,190000,11.496
2026/04/29 15:45:14,191000,11.496
2026/04/29 15:45:14,192000,11.490
2026/04/29 15:45:14,193000,11.490
2026/04/29 15:45:14,194000,11.496
2026/04/29 15:45:14,195000,11.496
2026/04/29 15:45:14,196000,11.496
2026/04/29 15:45:14,197000,11.490
2026/04/29 15:45:14,198000,11.499
2026/04/29 15:45:14,199000,11.490
2026/04/29 15:45:14,200000,11.490
2026/04/29 15:45:14,201000,11.490
2026/04/29 15:45:14,202000,11.487
2026/04/29 15:45:14,203000,11.487
2026/04/29 15:45:14,204000,11.496
2026/04/29 15:45:14,205000,11.493
2026/04/29 15:45:14,206000,11.493
2026/04/29 15:45:14,207000,11.490
2026/04/29 15:45:14,208000,11.493
2026/04/29 15:45:14,209000,11.493
2026/04/29 15:45:14,210000,11.493
2026/04/29 15:45:14,211000,11.493
2026/04/29 15:45:14,212000,11.493
2026/04/29 15:45:14,213000,11.499
2026/04/29 15:45:14,214000,11.496
2026/04/29 15:45:14,215000,11.493
2026/04/29 15:45:14,216000,11.493
2026/04/29 15:45:14,217000,11.496
2026/04/29 15:45:14,218000,11.499
2026/04/29 15:45:14,219000,11.493
2026/04/29 15:45:14,220000,11.504
2026/04/29 15:45:14,221000,11.487
2026/04/29 15:45:14,222000,11.496
2026/04/29 15:45:14,223000,11.493
2026/04/29 15:45:14,224000,11.487
2026/04/29 15:45:14,225000,11.493
2026/04/29 15:45:14,226000,11.490
2026/04/29 15:45:14,227000,11.493
2026/04/29 15:45:14,228000,11.490
2026/04/29 15:45:14,229000,11.490
2026/04/29 15:45:14,230000,11.499
2026/04/29 15:45:14,231000,11.499
2026/04/29 15:45:14,232000,11.493
2026/04/29 15:45:14,233000,11.493
2026/04/29 15:45:14,234000,11.490
2026/04/29 15:45:14,235000,11.493
2026/04/29 15:45:14,236000,11.493
2026/04/29 15:45:14,237000,11.499
2026/04/29 15:45:14,238000,11.487
2026/04/29 15:45:14,239000,11.490
2026/04/29 15:45:14,240000,11.490
2026/04/29 15:45:14,241000,11.493
2026/04/29 15:45:14,242000,11.490
2026/04/29 15:45:14,243000,11.493
2026/04/29 15:45:14,244000,11.490
2026/04/29 15:45:14,245000,11.496
2026/04/29 15:45:14,246000,11.493
2026/04/29 15:45:14,247000,11.487
2026/04/29 15:45:14,248000,11.490
2026/04/29 15:45:14,249000,11.490
2026/04/29 15:45:14,250000,11.493
2026/04/29 15:45:14,251000,11.487
2026/04/29 15:45:14,252000,11.493
2026/04/29 15:45:14,253000,11.490
2026/04/29 15:45:14,254000,11.496
2026/04/29 15:45:14,255000,11.499
2026/04/29 15:45:14,256000,11.496
2026/04/29 15:45:14,257000,11.490
2026/04/29 15:45:14,258000,11.496
2026/04/29 15:45:14,259000,11.496
2026/04/29 15:45:14,260000,11.496
2026/04/29 15:45:14,261000,11.490
2026/04/29 15:45:14,262000,11.490
2026/04/29 15:45:14,263000,11.490
2026/04/29 15:45:14,264000,11.496
2026/04/29 15:45:14,265000,11.493
2026/04/29 15:45:14,266000,11.496
2026/04/29 15:45:14,267000,11.493
2026/04/29 15:45:14,268000,11.496
2026/04/29 15:45:14,269000,11.496
2026/04/29 15:45:14,270000,11.504
2026/04/29 15:45:14,271000,11.499
2026/04/29 15:45:14,272000,11.490
2026/04/29 15:45:14,273000,11.493
2026/04/29 15:45:14,274000,11.493
2026/04/29 15:45:14,275000,11.490
2026/04/29 15:45:14,276000,11.493
2026/04/29 15:45:14,277000,11.487
2026/04/29 15:45:14,278000,11.490
2026/04/29 15:45:14,279000,11.490
2026/04/29 15:45:14,280000,11.487
2026/04/29 15:45:14,281000,11.493
2026/04/29 15:45:14,282000,11.490
2026/04/29 15:45:14,283000,11.490
2026/04/29 15:45:14,284000,11.490
2026/04/29 15:45:14,285000,11.493
2026/04/29 15:45:14,286000,11.496
2026/04/29 15:45:14,287000,11.493
2026/04/29 15:45:14,288000,11.496
2026/04/29 15:45:14,289000,11.496
2026/04/29 15:45:14,290000,11.490
2026/04/29 15:45:14,291000,11.493
2026/04/29 15:45:14,292000,11.493
2026/04/29 15:45:14,293000,11.493
2026/04/29 15:45:14,294000,11.493
2026/04/29 15:45:14,295000,11.490
2026/04/29 15:45:14,296000,11.496
2026/04/29 15:45:14,297000,11.499
2026/04/29 15:45:14,298000,11.493
2026/04/29 15:45:14,299000,11.493
2026/04/29 15:45:14,300000,11.493
2026/04/29 15:45:14,301000,11.496
2026/04/29 15:45:14,302000,11.493
2026/04/29 15:45:14,303000,11.493
2026/04/29 15:45:14,304000,11.493
2026/04/29 15:45:14,305000,11.493
2026/04/29 15:45:14,306000,11.493
2026/04/29 15:45:14,307000,11.490
2026/04/29 15:45:14,308000,11.493
2026/04/29 15:45:14,309000,11.493
2026/04/29 15:45:14,310000,11.487
2026/04/29 15:45:14,311000,11.487
2026/04/29 15:45:14,312000,11.493
2026/04/29 15:45:14,313000,11.493
2026/04/29 15:45:14,314000,11.496
2026/04/29 15:45:14,315000,11.501
2026/04/29 15:45:14,316000,11.493
2026/04/29 15:45:14,317000,11.496
2026/04/29 15:45:14,318000,11.490
2026/04/29 15:45:14,319000,11.487
2026/04/29 15:45:14,320000,11.490
2026/04/29 15:45:14,321000,11.493
2026/04/29 15:45:14,322000,11.493
2026/04/29 15:45:14,323000,11.496
2026/04/29 15:45:14,324000,11.485
2026/04/29 15:45:14,325000,11.493
2026/04/29 15:45:14,326000,11.493
2026/04/29 15:45:14,327000,11.496
2026/04/29 15:45:14,328000,11.493
2026/04/29 15:45:14,329000,11.499
2026/04/29 15:45:14,330000,11.490
2026/04/29 15:45:14,331000,11.496
2026/04/29 15:45:14,332000,11.490
2026/04/29 15:45:14,333000,11.493
2026/04/29 15:45:14,334000,11.493
2026/04/29 15:45:14,335000,11.496
2026/04/29 15:45:14,336000,11.496
2026/04/29 15:45:14,337000,11.496
2026/04/29 15:45:14,338000,11.490
2026/04/29 15:45:14,339000,11.493
2026/04/29 15:45:14,340000,11.496
2026/04/29 15:45:14,341000,11.490
2026/04/29 15:45:14,342000,11.493
2026/04/29 15:45:14,343000,11.487
2026/04/29 15:45:14,344000,11.490
2026/04/29 15:45:14,345000,11.493
2026/04/29 15:45:14,346000,11.490
2026/04/29 15:45:14,347000,11.496
2026/04/29 15:45:14,348000,11.490
2026/04/29 15:45:14,349000,11.490
2026/04/29 15:45:14,350000,11.499
2026/04/29 15:45:14,351000,11.487
2026/04/29 15:45:14,352000,11.493
2026/04/29 15:45:14,353000,11.493
2026/04/29 15:45:14,354000,11.490
2026/04/29 15:45:14,355000,11.490
2026/04/29 15:45:14,356000,11.496
2026/04/29 15:45:14,357000,11.496
2026/04/29 15:45:14,358000,11.487
2026/04/29 15:45:14,359000,11.490
2026/04/29 15:45:14,360000,11.493
2026/04/29 15:45:14,361000,11.490
2026/04/29 15:45:14,362000,11.490
2026/04/29 15:45:14,363000,11.499
2026/04/29 15:45:14,364000,11.490
2026/04/29 15:45:14,365000,11.490
2026/04/29 15:45:14,366000,11.493
2026/04/29 15:45:14,367000,11.499
2026/04/29 15:45:14,368000,11.493
2026/04/29 15:45:14,369000,11.493
2026/04/29 15:45:14,370000,11.493
2026/04/29 15:45:14,371000,11.487
2026/04/29 15:45:14,372000,11.487
2026/04/29 15:45:14,373000,11.496
2026/04/29 15:45:14,374000,11.493
2026/04/29 15:45:14,375000,11.499
2026/04/29 15:45:14,376000,11.496
2026/04/29 15:45:14,377000,11.493
2026/04/29 15:45:14,378000,11.496
2026/04/29 15:45:14,379000,11.493
2026/04/29 15:45:14,380000,11.490
2026/04/29 15:45:14,381000,11.490
2026/04/29 15:45:14,382000,11.499
2026/04/29 15:45:14,383000,11.490
2026/04/29 15:45:14,384000,11.496
2026/04/29 15:45:14,385000,11.496
2026/04/29 15:45:14,386000,11.493
2026/04/29 15:45:14,387000,11.499
2026/04/29 15:45:14,388000,11.490
2026/04/29 15:45:14,389000,11.499
2026/04/29 15:45:14,390000,11.493
2026/04/29 15:45:14,391000,11.490
2026/04/29 15:45:14,392000,11.493
2026/04/29 15:45:14,393000,11.496
2026/04/29 15:45:14,394000,11.493
2026/04/29 15:45:14,395000,11.493
2026/04/29 15:45:14,396000,11.493
2026/04/29 15:45:14,397000,11.499
2026/04/29 15:45:14,398000,11.490
2026/04/29 15:45:14,399000,11.490
2026/04/29 15:45:14,400000,11.493
2026/04/29 15:45:14,401000,11.493
2026/04/29 15:45:14,402000,11.496
2026/04/29 15:45:14,403000,11.493
2026/04/29 15:45:14,404000,11.493
2026/04/29 15:45:14,405000,11.487
2026/04/29 15:45:14,406000,11.493
2026/04/29 15:45:14,407000,11.493
2026/04/29 15:45:14,408000,11.493
2026/04/29 15:45:14,409000,11.490
2026/04/29 15:45:14,410000,11.490
2026/04/29 15:45:14,411000,11.493
2026/04/29 15:45:14,412000,11.493
2026/04/29 15:45:14,413000,11.496
2026/04/29 15:45:14,414000,11.496
2026/04/29 15:45:14,415000,11.496
2026/04/29 15:45:14,416000,11.493
2026/04/29 15:45:14,417000,11.493
2026/04/29 15:45:14,418000,11.493
2026/04/29 15:45:14,419000,11.499
2026/04/29 15:45:14,420000,11.496
2026/04/29 15:45:14,421000,11.487
2026/04/29 15:45:14,422000,11.496
2026/04/29 15:45:14,423000,11.499
2026/04/29 15:45:14,424000,11.493
2026/04/29 15:45:14,425000,11.493
2026/04/29 15:45:14,426000,11.487
2026/04/29 15:45:14,427000,11.485
2026/04/29 15:45:14,428000,11.493
2026/04/29 15:45:14,429000,11.487
2026/04/29 15:45:14,430000,11.493
2026/04/29 15:45:14,431000,11.493
2026/04/29 15:45:14,432000,11.496
2026/04/29 15:45:14,433000,11.496
2026/04/29 15:45:14,434000,11.490
2026/04/29 15:45:14,435000,11.493
2026/04/29 15:45:14,436000,11.490
2026/04/29 15:45:14,437000,11.493
2026/04/29 15:45:14,438000,11.499
2026/04/29 15:45:14,439000,11.493
2026/04/29 15:45:14,440000,11.493
2026/04/29 15:45:14,441000,11.493
2026/04/29 15:45:14,442000,11.493
2026/04/29 15:45:14,443000,11.499
2026/04/29 15:45:14,444000,11.490
2026/04/29 15:45:14,445000,11.493
2026/04/29 15:45:14,446000,11.490
2026/04/29 15:45:14,447000,11.490
2026/04/29 15:45:14,448000,11.490
2026/04/29 15:45:14,449000,11.496
2026/04/29 15:45:14,450000,11.499
2026/04/29 15:45:14,451000,11.499
2026/04/29 15:45:14,452000,11.490
2026/04/29 15:45:14,453000,11.496
2026/04/29 15:45:14,454000,11.490
2026/04/29 15:45:14,455000,11.490
2026/04/29 15:45:14,456000,11.493
2026/04/29 15:45:14,457000,11.490
2026/04/29 15:45:14,458000,11.493
2026/04/29 15:45:14,459000,11.499
2026/04/29 15:45:14,460000,11.493
2026/04/29 15:45:14,461000,11.490
2026/04/29 15:45:14,462000,11.493
2026/04/29 15:45:14,463000,11.493
2026/04/29 15:45:14,464000,11.493
2026/04/29 15:45:14,465000,11.493
2026/04/29 15:45:14,466000,11.487
2026/04/29 15:45:14,467000,11.493
2026/04/29 15:45:14,468000,11.493
2026/04/29 15:45:14,469000,11.499
2026/04/29 15:45:14,470000,11.493
2026/04/29 15:45:14,471000,11.499
2026/04/29 15:45:14,472000,11.496
2026/04/29 15:45:14,473000,11.493
2026/04/29 15:45:14,474000,11.493
2026/04/29 15:45:14,475000,11.499
2026/04/29 15:45:14,476000,11.493
2026/04/29 15:45:14,477000,11.487
2026/04/29 15:45:14,478000,11.501
2026/04/29 15:45:14,479000,11.493
2026/04/29 15:45:14,480000,11.499
2026/04/29 15:45:14,481000,11.493
2026/04/29 15:45:14,482000,11.493
2026/04/29 15:45:14,483000,11.487
2026/04/29 15:45:14,484000,11.496
2026/04/29 15:45:14,485000,11.493
2026/04/29 15:45:14,486000,11.496
2026/04/29 15:45:14,487000,11.496
2026/04/29 15:45:14,488000,11.499
2026/04/29 15:45:14,489000,11.501
2026/04/29 15:45:14,490000,11.493
2026/04/29 15:45:14,491000,11.499
2026/04/29 15:45:14,492000,11.499
2026/04/29 15:45:14,493000,11.496
2026/04/29 15:45:14,494000,11.487
2026/04/29 15:45:14,495000,11.490
2026/04/29 15:45:14,496000,11.496
2026/04/29 15:45:14,497000,11.490
2026/04/29 15:45:14,498000,11.496
2026/04/29 15:45:14,499000,11.493
2026/04/29 15:45:14,500000,11.490
2026/04/29 15:45:14,501000,11.490
2026/04/29 15:45:14,502000,11.496
2026/04/29 15:45:14,503000,11.493
2026/04/29 15:45:14,504000,11.487
2026/04/29 15:45:14,505000,11.493
2026/04/29 15:45:14,506000,11.490
2026/04/29 15:45:14,507000,11.496
2026/04/29 15:45:14,508000,11.490
2026/04/29 15:45:14,509000,11.490
2026/04/29 15:45:14,510000,11.496
2026/04/29 15:45:14,511000,11.493
2026/04/29 15:45:14,512000,11.487
2026/04/29 15:45:14,513000,11.490
2026/04/29 15:45:14,514000,11.490
2026/04/29 15:45:14,515000,11.493
2026/04/29 15:45:14,516000,11.499
2026/04/29 15:45:14,517000,11.493
2026/04/29 15:45:14,518000,11.490
2026/04/29 15:45:14,519000,11.496
2026/04/29 15:45:14,520000,11.493
2026/04/29 15:45:14,521000,11.490
2026/04/29 15:45:14,522000,11.496
2026/04/29 15:45:14,523000,11.490
2026/04/29 15:45:14,524000,11.490
2026/04/29 15:45:14,525000,11.490
2026/04/29 15:45:14,526000,11.501
2026/04/29 15:45:14,527000,11.493
2026/04/29 15:45:14,528000,11.490
2026/04/29 15:45:14,529000,11.490
2026/04/29 15:45:14,530000,11.493
2026/04/29 15:45:14,531000,11.496
2026/04/29 15:45:14,532000,11.501
2026/04/29 15:45:14,533000,11.496
2026/04/29 15:45:14,534000,11.501
2026/04/29 15:45:14,535000,11.499
2026/04/29 15:45:14,536000,11.493
2026/04/29 15:45:14,537000,11.487
2026/04/29 15:45:14,538000,11.490
2026/04/29 15:45:14,539000,11.493
2026/04/29 15:45:14,540000,11.493
2026/04/29 15:45:14,541000,11.493
2026/04/29 15:45:14,542000,11.493
2026/04/29 15:45:14,543000,11.496
2026/04/29 15:45:14,544000,11.490
2026/04/29 15:45:14,545000,11.496
2026/04/29 15:45:14,546000,11.485
2026/04/29 15:45:14,547000,11.496
2026/04/29 15:45:14,548000,11.493
2026/04/29 15:45:14,549000,11.493
2026/04/29 15:45:14,550000,11.501
2026/04/29 15:45:14,551000,11.493
2026/04/29 15:45:14,552000,11.493
2026/04/29 15:45:14,553000,11.490
2026/04/29 15:45:14,554000,11.487
2026/04/29 15:45:14,555000,11.493
2026/04/29 15:45:14,556000,11.487
2026/04/29 15:45:14,557000,11.499
2026/04/29 15:45:14,558000,11.493
2026/04/29 15:45:14,559000,11.496
2026/04/29 15:45:14,560000,11.493
2026/04/29 15:45:14,561000,11.485
2026/04/29 15:45:14,562000,11.496
2026/04/29 15:45:14,563000,11.493
2026/04/29 15:45:14,564000,11.496
2026/04/29 15:45:14,565000,11.490
2026/04/29 15:45:14,566000,11.493
2026/04/29 15:45:14,567000,11.490
2026/04/29 15:45:14,568000,11.490
2026/04/29 15:45:14,569000,11.501
2026/04/29 15:45:14,570000,11.499
2026/04/29 15:45:14,571000,11.499
2026/04/29 15:45:14,572000,11.496
2026/04/29 15:45:14,573000,11.496
2026/04/29 15:45:14,574000,11.496
2026/04/29 15:45:14,575000,11.490
2026/04/29 15:45:14,576000,11.499
2026/04/29 15:45:14,577000,11.493
2026/04/29 15:45:14,578000,11.493
2026/04/29 15:45:14,579000,11.487
2026/04/29 15:45:14,580000,11.493
2026/04/29 15:45:14,581000,11.493
2026/04/29 15:45:14,582000,11.493
2026/04/29 15:45:14,583000,11.496
2026/04/29 15:45:14,584000,11.490
2026/04/29 15:45:14,585000,11.487
2026/04/29 15:45:14,586000,11.499
2026/04/29 15:45:14,587000,11.499
2026/04/29 15:45:14,588000,11.493
2026/04/29 15:45:14,589000,11.490
2026/04/29 15:45:14,590000,11.490
2026/04/29 15:45:14,591000,11.490
2026/04/29 15:45:14,592000,11.493
2026/04/29 15:45:14,593000,11.496
2026/04/29 15:45:14,594000,11.493
2026/04/29 15:45:14,595000,11.487
2026/04/29 15:45:14,596000,11.490
2026/04/29 15:45:14,597000,11.490
2026/04/29 15:45:14,598000,11.496
2026/04/29 15:45:14,599000,11.493
2026/04/29 15:45:14,600000,11.490
2026/04/29 15:45:14,601000,11.490
2026/04/29 15:45:14,602000,11.499
2026/04/29 15:45:14,603000,11.501
2026/04/29 15:45:14,604000,11.493
2026/04/29 15:45:14,605000,11.499
2026/04/29 15:45:14,606000,11.496
2026/04/29 15:45:14,607000,11.490
2026/04/29 15:45:14,608000,11.490
2026/04/29 15:45:14,609000,11.490
2026/04/29 15:45:14,610000,11.499
2026/04/29 15:45:14,611000,11.490
2026/04/29 15:45:14,612000,11.496
2026/04/29 15:45:14,613000,11.493
2026/04/29 15:45:14,614000,11.496
2026/04/29 15:45:14,615000,11.496
2026/04/29 15:45:14,616000,11.499
2026/04/29 15:45:14,617000,11.499
2026/04/29 15:45:14,618000,11.493
2026/04/29 15:45:14,619000,11.493
2026/04/29 15:45:14,620000,11.496
2026/04/29 15:45:14,621000,11.496
2026/04/29 15:45:14,622000,11.493
2026/04/29 15:45:14,623000,11.496
2026/04/29 15:45:14,624000,11.496
2026/04/29 15:45:14,625000,11.496
2026/04/29 15:45:14,626000,11.493
2026/04/29 15:45:14,627000,11.493
2026/04/29 15:45:14,628000,11.496
2026/04/29 15:45:14,629000,11.499
2026/04/29 15:45:14,630000,11.493
2026/04/29 15:45:14,631000,11.499
2026/04/29 15:45:14,632000,11.493
2026/04/29 15:45:14,633000,11.493
2026/04/29 15:45:14,634000,11.496
2026/04/29 15:45:14,635000,11.493
2026/04/29 15:45:14,636000,11.493
2026/04/29 15:45:14,637000,11.493
2026/04/29 15:45:14,638000,11.499
2026/04/29 15:45:14,639000,11.493
2026/04/29 15:45:14,640000,11.496
2026/04/29 15:45:14,641000,11.493
2026/04/29 15:45:14,642000,11.490
2026/04/29 15:45:14,643000,11.496
2026/04/29 15:45:14,644000,11.493
2026/04/29 15:45:14,645000,11.490
2026/04/29 15:45:14,646000,11.493
2026/04/29 15:45:14,647000,11.493
2026/04/29 15:45:14,648000,11.493
2026/04/29 15:45:14,649000,11.490
2026/04/29 15:45:14,650000,11.496
2026/04/29 15:45:14,651000,11.490
2026/04/29 15:45:14,652000,11.499
2026/04/29 15:45:14,653000,11.490
2026/04/29 15:45:14,654000,11.493
2026/04/29 15:45:14,655000,11.493
2026/04/29 15:45:14,656000,11.496
2026/04/29 15:45:14,657000,11.493
2026/04/29 15:45:14,658000,11.496
2026/04/29 15:45:14,659000,11.487
2026/04/29 15:45:14,660000,11.496
2026/04/29 15:45:14,661000,11.493
2026/04/29 15:45:14,662000,11.501
2026/04/29 15:45:14,663000,11.493
2026/04/29 15:45:14,664000,11.496
2026/04/29 15:45:14,665000,11.496
2026/04/29 15:45:14,666000,11.496
2026/04/29 15:45:14,667000,11.493
2026/04/29 15:45:14,668000,11.501
2026/04/29 15:45:14,669000,11.499
2026/04/29 15:45:14,670000,11.496
2026/04/29 15:45:14,671000,11.493
2026/04/29 15:45:14,672000,11.493
2026/04/29 15:45:14,673000,11.499
2026/04/29 15:45:14,674000,11.499
2026/04/29 15:45:14,675000,11.485
2026/04/29 15:45:14,676000,11.496
2026/04/29 15:45:14,677000,11.493
2026/04/29 15:45:14,678000,11.499
2026/04/29 15:45:14,679000,11.493
2026/04/29 15:45:14,680000,11.490
2026/04/29 15:45:14,681000,11.501
2026/04/29 15:45:14,682000,11.499
2026/04/29 15:45:14,683000,11.490
2026/04/29 15:45:14,684000,11.493
2026/04/29 15:45:14,685000,11.499
2026/04/29 15:45:14,686000,11.496
2026/04/29 15:45:14,687000,11.496
2026/04/29 15:45:14,688000,11.496
2026/04/29 15:45:14,689000,11.496
2026/04/29 15:45:14,690000,11.493
2026/04/29 15:45:14,691000,11.496
2026/04/29 15:45:14,692000,11.493
2026/04/29 15:45:14,693000,11.493
2026/04/29 15:45:14,694000,11.493
2026/04/29 15:45:14,695000,11.493
2026/04/29 15:45:14,696000,11.490
2026/04/29 15:45:14,697000,11.493
2026/04/29 15:45:14,698000,11.499
2026/04/29 15:45:14,699000,11.493
2026/04/29 15:45:14,700000,11.490
2026/04/29 15:45:14,701000,11.496
2026/04/29 15:45:14,702000,11.493
2026/04/29 15:45:14,703000,11.493
2026/04/29 15:45:14,704000,11.490
2026/04/29 15:45:14,705000,11.490
2026/04/29 15:45:14,706000,11.496
2026/04/29 15:45:14,707000,11.493
2026/04/29 15:45:14,708000,11.493
2026/04/29 15:45:14,709000,11.490
2026/04/29 15:45:14,710000,11.490
2026/04/29 15:45:14,711000,11.499
2026/04/29 15:45:14,712000,11.493
2026/04/29 15:45:14,713000,11.496
2026/04/29 15:45:14,714000,11.487
2026/04/29 15:45:14,715000,11.496
2026/04/29 15:45:14,716000,11.493
2026/04/29 15:45:14,717000,11.490
2026/04/29 15:45:14,718000,11.490
2026/04/29 15:45:14,719000,11.490
2026/04/29 15:45:14,720000,11.490
2026/04/29 15:45:14,721000,11.499
2026/04/29 15:45:14,722000,11.493
2026/04/29 15:45:14,723000,11.496
2026/04/29 15:45:14,724000,11.496
2026/04/29 15:45:14,725000,11.496
2026/04/29 15:45:14,726000,11.501
2026/04/29 15:45:14,727000,11.499
2026/04/29 15:45:14,728000,11.490
2026/04/29 15:45:14,729000,11.490
2026/04/29 15:45:14,730000,11.493
2026/04/29 15:45:14,731000,11.493
2026/04/29 15:45:14,732000,11.490
2026/04/29 15:45:14,733000,11.493
2026/04/29 15:45:14,734000,11.493
2026/04/29 15:45:14,735000,11.493
2026/04/29 15:45:14,736000,11.490
2026/04/29 15:45:14,737000,11.493
2026/04/29 15:45:14,738000,11.501
2026/04/29 15:45:14,739000,11.490
2026/04/29 15:45:14,740000,11.490
2026/04/29 15:45:14,741000,11.493
2026/04/29 15:45:14,742000,11.493
2026/04/29 15:45:14,743000,11.496
2026/04/29 15:45:14,744000,11.490
2026/04/29 15:45:14,745000,11.496
2026/04/29 15:45:14,746000,11.493
2026/04/29 15:45:14,747000,11.493
2026/04/29 15:45:14,748000,11.487
2026/04/29 15:45:14,749000,11.493
2026/04/29 15:45:14,750000,11.493
2026/04/29 15:45:14,751000,11.493
2026/04/29 15:45:14,752000,11.496
2026/04/29 15:45:14,753000,11.496
2026/04/29 15:45:14,754000,11.496
2026/04/29 15:45:14,755000,11.496
2026/04/29 15:45:14,756000,11.493
2026/04/29 15:45:14,757000,11.490
2026/04/29 15:45:14,758000,11.493
2026/04/29 15:45:14,759000,11.499
2026/04/29 15:45:14,760000,11.496
2026/04/29 15:45:14,761000,11.493
2026/04/29 15:45:14,762000,11.493
2026/04/29 15:45:14,763000,11.496
2026/04/29 15:45:14,764000,11.499
2026/04/29 15:45:14,765000,11.490
2026/04/29 15:45:14,766000,11.487
2026/04/29 15:45:14,767000,11.493
2026/04/29 15:45:14,768000,11.493
2026/04/29 15:45:14,769000,11.493
2026/04/29 15:45:14,770000,11.496
2026/04/29 15:45:14,771000,11.487
2026/04/29 15:45:14,772000,11.493
2026/04/29 15:45:14,773000,11.493
2026/04/29 15:45:14,774000,11.493
2026/04/29 15:45:14,775000,11.493
2026/04/29 15:45:14,776000,11.490
2026/04/29 15:45:14,777000,11.499
2026/04/29 15:45:14,778000,11.496
2026/04/29 15:45:14,779000,11.493
2026/04/29 15:45:14,780000,11.496
2026/04/29 15:45:14,781000,11.490
2026/04/29 15:45:14,782000,11.496
2026/04/29 15:45:14,783000,11.493
2026/04/29 15:45:14,784000,11.493
2026/04/29 15:45:14,785000,11.496
2026/04/29 15:45:14,786000,11.493
2026/04/29 15:45:14,787000,11.499
2026/04/29 15:45:14,788000,11.490
2026/04/29 15:45:14,789000,11.496
2026/04/29 15:45:14,790000,11.490
2026/04/29 15:45:14,791000,11.496
2026/04/29 15:45:14,792000,11.499
2026/04/29 15:45:14,793000,11.487
2026/04/29 15:45:14,794000,11.490
2026/04/29 15:45:14,795000,11.493
2026/04/29 15:45:14,796000,11.490
2026/04/29 15:45:14,797000,11.493
2026/04/29 15:45:14,798000,11.493
2026/04/29 15:45:14,799000,11.493
2026/04/29 15:45:14,800000,11.490
2026/04/29 15:45:14,801000,11.496
2026/04/29 15:45:14,802000,11.490
2026/04/29 15:45:14,803000,11.496
2026/04/29 15:45:14,804000,11.485
2026/04/29 15:45:14,805000,11.493
2026/04/29 15:45:14,806000,11.493
2026/04/29 15:45:14,807000,11.487
2026/04/29 15:45:14,808000,11.490
2026/04/29 15:45:14,809000,11.493
2026/04/29 15:45:14,810000,11.490
2026/04/29 15:45:14,811000,11.493
2026/04/29 15:45:14,812000,11.493
2026/04/29 15:45:14,813000,11.493
2026/04/29 15:45:14,814000,11.493
2026/04/29 15:45:14,815000,11.493
2026/04/29 15:45:14,816000,11.496
2026/04/29 15:45:14,817000,11.493
2026/04/29 15:45:14,818000,11.490
2026/04/29 15:45:14,819000,11.490
2026/04/29 15:45:14,820000,11.496
2026/04/29 15:45:14,821000,11.493
2026/04/29 15:45:14,822000,11.490
2026/04/29 15:45:14,823000,11.490
2026/04/29 15:45:14,824000,11.487
2026/04/29 15:45:14,825000,11.496
2026/04/29 15:45:14,826000,11.493
2026/04/29 15:45:14,827000,11.490
2026/04/29 15:45:14,828000,11.490
2026/04/29 15:45:14,829000,11.493
2026/04/29 15:45:14,830000,11.493
2026/04/29 15:45:14,831000,11.493
2026/04/29 15:45:14,832000,11.496
2026/04/29 15:45:14,833000,11.493
2026/04/29 15:45:14,834000,11.493
2026/04/29 15:45:14,835000,11.490
2026/04/29 15:45:14,836000,11.487
2026/04/29 15:45:14,837000,11.496
2026/04/29 15:45:14,838000,11.490
2026/04/29 15:45:14,839000,11.493
2026/04/29 15:45:14,840000,11.493
2026/04/29 15:45:14,841000,11.493
2026/04/29 15:45:14,842000,11.490
2026/04/29 15:45:14,843000,11.490
2026/04/29 15:45:14,844000,11.493
2026/04/29 15:45:14,845000,11.496
2026/04/29 15:45:14,846000,11.493
2026/04/29 15:45:14,847000,11.490
2026/04/29 15:45:14,848000,11.487
2026/04/29 15:45:14,849000,11.493
2026/04/29 15:45:14,850000,11.490
2026/04/29 15:45:14,851000,11.490
2026/04/29 15:45:14,852000,11.487
2026/04/29 15:45:14,853000,11.493
2026/04/29 15:45:14,854000,11.493
2026/04/29 15:45:14,855000,11.485
2026/04/29 15:45:14,856000,11.490
2026/04/29 15:45:14,857000,11.496
2026/04/29 15:45:14,858000,11.490
2026/04/29 15:45:14,859000,11.493
2026/04/29 15:45:14,860000,11.493
2026/04/29 15:45:14,861000,11.487
2026/04/29 15:45:14,862000,11.499
2026/04/29 15:45:14,863000,11.490
2026/04/29 15:45:14,864000,11.493
2026/04/29 15:45:14,865000,11.493
2026/04/29 15:45:14,866000,11.499
2026/04/29 15:45:14,867000,11.496
2026/04/29 15:45:14,868000,11.487
2026/04/29 15:45:14,869000,11.493
2026/04/29 15:45:14,870000,11.490
2026/04/29 15:45:14,871000,11.493
2026/04/29 15:45:14,872000,11.487
2026/04/29 15:45:14,873000,11.496
2026/04/29 15:45:14,874000,11.493
2026/04/29 15:45:14,875000,11.490
2026/04/29 15:45:14,876000,11.490
2026/04/29 15:45:14,877000,11.487
2026/04/29 15:45:14,878000,11.493
2026/04/29 15:45:14,879000,11.493
2026/04/29 15:45:14,880000,11.493
2026/04/29 15:45:14,881000,11.496
2026/04/29 15:45:14,882000,11.493
2026/04/29 15:45:14,883000,11.499
2026/04/29 15:45:14,884000,11.493
2026/04/29 15:45:14,885000,11.493
2026/04/29 15:45:14,886000,11.499
2026/04/29 15:45:14,887000,11.490
2026/04/29 15:45:14,888000,11.493
2026/04/29 15:45:14,889000,11.490
2026/04/29 15:45:14,890000,11.496
2026/04/29 15:45:14,891000,11.490
2026/04/29 15:45:14,892000,11.499
2026/04/29 15:45:14,893000,11.493
2026/04/29 15:45:14,894000,11.493
2026/04/29 15:45:14,895000,11.499
2026/04/29 15:45:14,896000,11.487
2026/04/29 15:45:14,897000,11.499
2026/04/29 15:45:14,898000,11.490
2026/04/29 15:45:14,899000,11.490
2026/04/29 15:45:14,900000,11.487
2026/04/29 15:45:14,901000,11.487
2026/04/29 15:45:14,902000,11.496
2026/04/29 15:45:14,903000,11.493
2026/04/29 15:45:14,904000,11.485
2026/04/29 15:45:14,905000,11.493
2026/04/29 15:45:14,906000,11.490
2026/04/29 15:45:14,907000,11.493
2026/04/29 15:45:14,908000,11.493
2026/04/29 15:45:14,909000,11.493
2026/04/29 15:45:14,910000,11.490
2026/04/29 15:45:14,911000,11.496
2026/04/29 15:45:14,912000,11.493
2026/04/29 15:45:14,913000,11.493
2026/04/29 15:45:14,914000,11.493
2026/04/29 15:45:14,915000,11.490
2026/04/29 15:45:14,916000,11.493
2026/04/29 15:45:14,917000,11.490
2026/04/29 15:45:14,918000,11.490
2026/04/29 15:45:14,919000,11.493
2026/04/29 15:45:14,920000,11.485
2026/04/29 15:45:14,921000,11.493
2026/04/29 15:45:14,922000,11.496
2026/04/29 15:45:14,923000,11.499
2026/04/29 15:45:14,924000,11.493
2026/04/29 15:45:14,925000,11.493
2026/04/29 15:45:14,926000,11.496
2026/04/29 15:45:14,927000,11.493
2026/04/29 15:45:14,928000,11.490
2026/04/29 15:45:14,929000,11.496
2026/04/29 15:45:14,930000,11.490
2026/04/29 15:45:14,931000,11.490
2026/04/29 15:45:14,932000,11.490
2026/04/29 15:45:14,933000,11.493
2026/04/29 15:45:14,934000,11.496
2026/04/29 15:45:14,935000,11.490
2026/04/29 15:45:14,936000,11.493
2026/04/29 15:45:14,937000,11.490
2026/04/29 15:45:14,938000,11.504
2026/04/29 15:45:14,939000,11.493
2026/04/29 15:45:14,940000,11.490
2026/04/29 15:45:14,941000,11.501
2026/04/29 15:45:14,942000,11.493
2026/04/29 15:45:14,943000,11.490
2026/04/29 15:45:14,944000,11.487
2026/04/29 15:45:14,945000,11.496
2026/04/29 15:45:14,946000,11.493
2026/04/29 15:45:14,947000,11.496
2026/04/29 15:45:14,948000,11.493
2026/04/29 15:45:14,949000,11.493
2026/04/29 15:45:14,950000,11.490
2026/04/29 15:45:14,951000,11.493
2026/04/29 15:45:14,952000,11.493
2026/04/29 15:45:14,953000,11.496
2026/04/29 15:45:14,954000,11.487
2026/04/29 15:45:14,955000,11.490
2026/04/29 15:45:14,956000,11.493
2026/04/29 15:45:14,957000,11.490
2026/04/29 15:45:14,958000,11.490
2026/04/29 15:45:14,959000,11.487
2026/04/29 15:45:14,960000,11.496
2026/04/29 15:45:14,961000,11.490
2026/04/29 15:45:14,962000,11.487
2026/04/29 15:45:14,963000,11.490
2026/04/29 15:45:14,964000,11.493
2026/04/29 15:45:14,965000,11.487
2026/04/29 15:45:14,966000,11.493
2026/04/29 15:45:14,967000,11.493
2026/04/29 15:45:14,968000,11.490
2026/04/29 15:45:14,969000,11.490
2026/04/29 15:45:14,970000,11.490
2026/04/29 15:45:14,971000,11.493
2026/04/29 15:45:14,972000,11.493
2026/04/29 15:45:14,973000,11.493
2026/04/29 15:45:14,974000,11.487
2026/04/29 15:45:14,975000,11.493
2026/04/29 15:45:14,976000,11.496
2026/04/29 15:45:14,977000,11.490
2026/04/29 15:45:14,978000,11.487
2026/04/29 15:45:14,979000,11.493
2026/04/29 15:45:14,980000,11.493
2026/04/29 15:45:14,981000,11.493
2026/04/29 15:45:14,982000,11.493
2026/04/29 15:45:14,983000,11.496
2026/04/29 15:45:14,984000,11.496
2026/04/29 15:45:14,985000,11.490
2026/04/29 15:45:14,986000,11.493
2026/04/29 15:45:14,987000,11.496
2026/04/29 15:45:14,988000,11.490
2026/04/29 15:45:14,989000,11.490
2026/04/29 15:45:14,990000,11.490
2026/04/29 15:45:14,991000,11.487
2026/04/29 15:45:14,992000,11.496
2026/04/29 15:45:14,993000,11.490
2026/04/29 15:45:14,994000,11.493
2026/04/29 15:45:14,995000,11.493
2026/04/29 15:45:14,996000,11.496
2026/04/29 15:45:14,997000,11.493
2026/04/29 15:45:14,998000,11.490
2026/04/29 15:45:14,999000,11.493
2026/04/29 15:45:15,000000,11.493
2026/04/29 15:45:15,001000,11.496
2026/04/29 15:45:15,002000,11.493
2026/04/29 15:45:15,003000,11.496
2026/04/29 15:45:15,004000,11.490
2026/04/29 15:45:15,005000,11.493
2026/04/29 15:45:15,006000,11.490
2026/04/29 15:45:15,007000,11.490
2026/04/29 15:45:15,008000,11.490
2026/04/29 15:45:15,009000,11.493
2026/04/29 15:45:15,010000,11.493
2026/04/29 15:45:15,011000,11.487
2026/04/29 15:45:15,012000,11.490
2026/04/29 15:45:15,013000,11.493
2026/04/29 15:45:15,014000,11.490
2026/04/29 15:45:15,015000,11.487
2026/04/29 15:45:15,016000,11.493
2026/04/29 15:45:15,017000,11.493
2026/04/29 15:45:15,018000,11.493
2026/04/29 15:45:15,019000,11.493
2026/04/29 15:45:15,020000,11.493
2026/04/29 15:45:15,021000,11.493
2026/04/29 15:45:15,022000,11.490
2026/04/29 15:45:15,023000,11.496
2026/04/29 15:45:15,024000,11.490
2026/04/29 15:45:15,025000,11.490
2026/04/29 15:45:15,026000,11.496
2026/04/29 15:45:15,027000,11.493
2026/04/29 15:45:15,028000,11.487
2026/04/29 15:45:15,029000,11.493
2026/04/29 15:45:15,030000,11.490
2026/04/29 15:45:15,031000,11.493
2026/04/29 15:45:15,032000,11.490
2026/04/29 15:45:15,033000,11.496
2026/04/29 15:45:15,034000,11.499
2026/04/29 15:45:15,035000,11.493
2026/04/29 15:45:15,036000,11.496
2026/04/29 15:45:15,037000,11.499
2026/04/29 15:45:15,038000,11.499
2026/04/29 15:45:15,039000,11.496
2026/04/29 15:45:15,040000,11.496
2026/04/29 15:45:15,041000,11.493
2026/04/29 15:45:15,042000,11.496
2026/04/29 15:45:15,043000,11.493
2026/04/29 15:45:15,044000,11.493
2026/04/29 15:45:15,045000,11.496
2026/04/29 15:45:15,046000,11.490
2026/04/29 15:45:15,047000,11.496
2026/04/29 15:45:15,048000,11.501
2026/04/29 15:45:15,049000,11.490
2026/04/29 15:45:15,050000,11.490
2026/04/29 15:45:15,051000,11.493
2026/04/29 15:45:15,052000,11.493
2026/04/29 15:45:15,053000,11.493
2026/04/29 15:45:15,054000,11.496
2026/04/29 15:45:15,055000,11.490
2026/04/29 15:45:15,056000,11.496
2026/04/29 15:45:15,057000,11.490
2026/04/29 15:45:15,058000,11.490
2026/04/29 15:45:15,059000,11.499
2026/04/29 15:45:15,060000,11.496
2026/04/29 15:45:15,061000,11.496
2026/04/29 15:45:15,062000,11.496
2026/04/29 15:45:15,063000,11.496
2026/04/29 15:45:15,064000,11.490
2026/04/29 15:45:15,065000,11.493
2026/04/29 15:45:15,066000,11.499
2026/04/29 15:45:15,067000,11.490
2026/04/29 15:45:15,068000,11.490
2026/04/29 15:45:15,069000,11.499
2026/04/29 15:45:15,070000,11.487
2026/04/29 15:45:15,071000,11.493
2026/04/29 15:45:15,072000,11.504
2026/04/29 15:45:15,073000,11.496
2026/04/29 15:45:15,074000,11.487
2026/04/29 15:45:15,075000,11.490
2026/04/29 15:45:15,076000,11.493
2026/04/29 15:45:15,077000,11.499
2026/04/29 15:45:15,078000,11.493
2026/04/29 15:45:15,079000,11.501
2026/04/29 15:45:15,080000,11.490
2026/04/29 15:45:15,081000,11.496
2026/04/29 15:45:15,082000,11.493
2026/04/29 15:45:15,083000,11.493
2026/04/29 15:45:15,084000,11.493
2026/04/29 15:45:15,085000,11.493
2026/04/29 15:45:15,086000,11.493
2026/04/29 15:45:15,087000,11.496
2026/04/29 15:45:15,088000,11.493
2026/04/29 15:45:15,089000,11.493
2026/04/29 15:45:15,090000,11.493
2026/04/29 15:45:15,091000,11.501
2026/04/29 15:45:15,092000,11.499
2026/04/29 15:45:15,093000,11.487
2026/04/29 15:45:15,094000,11.487
2026/04/29 15:45:15,095000,11.493
2026/04/29 15:45:15,096000,11.496
2026/04/29 15:45:15,097000,11.496
2026/04/29 15:45:15,098000,11.490
2026/04/29 15:45:15,099000,11.490
2026/04/29 15:45:15,100000,11.496
2026/04/29 15:45:15,101000,11.487
2026/04/29 15:45:15,102000,11.496
2026/04/29 15:45:15,103000,11.493
2026/04/29 15:45:15,104000,11.493
2026/04/29 15:45:15,105000,11.493
2026/04/29 15:45:15,106000,11.496
2026/04/29 15:45:15,107000,11.490
2026/04/29 15:45:15,108000,11.496
2026/04/29 15:45:15,109000,11.493
2026/04/29 15:45:15,110000,11.496
2026/04/29 15:45:15,111000,11.496
2026/04/29 15:45:15,112000,11.496
2026/04/29 15:45:15,113000,11.493
2026/04/29 15:45:15,114000,11.496
2026/04/29 15:45:15,115000,11.501
2026/04/29 15:45:15,116000,11.499
2026/04/29 15:45:15,117000,11.496
2026/04/29 15:45:15,118000,11.487
2026/04/29 15:45:15,119000,11.493
2026/04/29 15:45:15,120000,11.496
2026/04/29 15:45:15,121000,11.493
2026/04/29 15:45:15,122000,11.493
2026/04/29 15:45:15,123000,11.496
2026/04/29 15:45:15,124000,11.493
2026/04/29 15:45:15,125000,11.493
2026/04/29 15:45:15,126000,11.499
2026/04/29 15:45:15,127000,11.496
2026/04/29 15:45:15,128000,11.493
2026/04/29 15:45:15,129000,11.490
2026/04/29 15:45:15,130000,11.499
2026/04/29 15:45:15,131000,11.490
2026/04/29 15:45:15,132000,11.490
2026/04/29 15:45:15,133000,11.493
2026/04/29 15:45:15,134000,11.493
2026/04/29 15:45:15,135000,11.493
2026/04/29 15:45:15,136000,11.496
2026/04/29 15:45:15,137000,11.487
2026/04/29 15:45:15,138000,11.499
2026/04/29 15:45:15,139000,11.490
2026/04/29 15:45:15,140000,11.496
2026/04/29 15:45:15,141000,11.490
2026/04/29 15:45:15,142000,11.493
2026/04/29 15:45:15,143000,11.496
2026/04/29 15:45:15,144000,11.493
2026/04/29 15:45:15,145000,11.499
2026/04/29 15:45:15,146000,11.493
2026/04/29 15:45:15,147000,11.496
2026/04/29 15:45:15,148000,11.496
2026/04/29 15:45:15,149000,11.490
2026/04/29 15:45:15,150000,11.490
2026/04/29 15:45:15,151000,11.490
2026/04/29 15:45:15,152000,11.493
2026/04/29 15:45:15,153000,11.493
2026/04/29 15:45:15,154000,11.496
2026/04/29 15:45:15,155000,11.496
2026/04/29 15:45:15,156000,11.490
2026/04/29 15:45:15,157000,11.507
2026/04/29 15:45:15,158000,11.487
2026/04/29 15:45:15,159000,11.493
2026/04/29 15:45:15,160000,11.493
2026/04/29 15:45:15,161000,11.493
2026/04/29 15:45:15,162000,11.496
2026/04/29 15:45:15,163000,11.490
2026/04/29 15:45:15,164000,11.490
2026/04/29 15:45:15,165000,11.499
2026/04/29 15:45:15,166000,11.496
2026/04/29 15:45:15,167000,11.499
2026/04/29 15:45:15,168000,11.493
2026/04/29 15:45:15,169000,11.493
2026/04/29 15:45:15,170000,11.499
2026/04/29 15:45:15,171000,11.499
2026/04/29 15:45:15,172000,11.493
2026/04/29 15:45:15,173000,11.496
2026/04/29 15:45:15,174000,11.493
2026/04/29 15:45:15,175000,11.501
2026/04/29 15:45:15,176000,11.490
2026/04/29 15:45:15,177000,11.496
2026/04/29 15:45:15,178000,11.493
2026/04/29 15:45:15,179000,11.499
2026/04/29 15:45:15,180000,11.496
2026/04/29 15:45:15,181000,11.490
2026/04/29 15:45:15,182000,11.499
2026/04/29 15:45:15,183000,11.493
2026/04/29 15:45:15,184000,11.496
2026/04/29 15:45:15,185000,11.496
2026/04/29 15:45:15,186000,11.493
2026/04/29 15:45:15,187000,11.493
2026/04/29 15:45:15,188000,11.493
2026/04/29 15:45:15,189000,11.490
2026/04/29 15:45:15,190000,11.499
2026/04/29 15:45:15,191000,11.493
2026/04/29 15:45:15,192000,11.493
2026/04/29 15:45:15,193000,11.493
2026/04/29 15:45:15,194000,11.496
2026/04/29 15:45:15,195000,11.496
2026/04/29 15:45:15,196000,11.490
2026/04/29 15:45:15,197000,11.493
2026/04/29 15:45:15,198000,11.493
2026/04/29 15:45:15,199000,11.496
2026/04/29 15:45:15,200000,11.490
2026/04/29 15:45:15,201000,11.496
2026/04/29 15:45:15,202000,11.493
2026/04/29 15:45:15,203000,11.490
2026/04/29 15:45:15,204000,11.490
2026/04/29 15:45:15,205000,11.487
2026/04/29 15:45:15,206000,11.490
2026/04/29 15:45:15,207000,11.493
2026/04/29 15:45:15,208000,11.496
2026/04/29 15:45:15,209000,11.493
2026/04/29 15:45:15,210000,11.499
2026/04/29 15:45:15,211000,11.493
2026/04/29 15:45:15,212000,11.496
2026/04/29 15:45:15,213000,11.493
2026/04/29 15:45:15,214000,11.487
2026/04/29 15:45:15,215000,11.490
2026/04/29 15:45:15,216000,11.493
2026/04/29 15:45:15,217000,11.493
2026/04/29 15:45:15,218000,11.493
2026/04/29 15:45:15,219000,11.490
2026/04/29 15:45:15,220000,11.496
2026/04/29 15:45:15,221000,11.490
2026/04/29 15:45:15,222000,11.493
2026/04/29 15:45:15,223000,11.499
2026/04/29 15:45:15,224000,11.496
2026/04/29 15:45:15,225000,11.493
2026/04/29 15:45:15,226000,11.490
2026/04/29 15:45:15,227000,11.490
2026/04/29 15:45:15,228000,11.493
2026/04/29 15:45:15,229000,11.490
2026/04/29 15:45:15,230000,11.496
2026/04/29 15:45:15,231000,11.490
2026/04/29 15:45:15,232000,11.493
2026/04/29 15:45:15,233000,11.493
2026/04/29 15:45:15,234000,11.493
2026/04/29 15:45:15,235000,11.493
2026/04/29 15:45:15,236000,11.487
2026/04/29 15:45:15,237000,11.496
2026/04/29 15:45:15,238000,11.496
2026/04/29 15:45:15,239000,11.490
2026/04/29 15:45:15,240000,11.499
2026/04/29 15:45:15,241000,11.490
2026/04/29 15:45:15,242000,11.496
2026/04/29 15:45:15,243000,11.490
2026/04/29 15:45:15,244000,11.493
2026/04/29 15:45:15,245000,11.490
2026/04/29 15:45:15,246000,11.493
2026/04/29 15:45:15,247000,11.493
2026/04/29 15:45:15,248000,11.496
2026/04/29 15:45:15,249000,11.496
2026/04/29 15:45:15,250000,11.493
2026/04/29 15:45:15,251000,11.493
2026/04/29 15:45:15,252000,11.493
2026/04/29 15:45:15,253000,11.496
2026/04/29 15:45:15,254000,11.487
2026/04/29 15:45:15,255000,11.501
2026/04/29 15:45:15,256000,11.490
2026/04/29 15:45:15,257000,11.493
2026/04/29 15:45:15,258000,11.493
2026/04/29 15:45:15,259000,11.496
2026/04/29 15:45:15,260000,11.496
2026/04/29 15:45:15,261000,11.490
2026/04/29 15:45:15,262000,11.493
2026/04/29 15:45:15,263000,11.493
2026/04/29 15:45:15,264000,11.496
2026/04/29 15:45:15,265000,11.496
2026/04/29 15:45:15,266000,11.490
2026/04/29 15:45:15,267000,11.499
2026/04/29 15:45:15,268000,11.493
2026/04/29 15:45:15,269000,11.493
2026/04/29 15:45:15,270000,11.496
2026/04/29 15:45:15,271000,11.499
2026/04/29 15:45:15,272000,11.490
2026/04/29 15:45:15,273000,11.493
2026/04/29 15:45:15,274000,11.493
2026/04/29 15:45:15,275000,11.490
2026/04/29 15:45:15,276000,11.487
2026/04/29 15:45:15,277000,11.490
2026/04/29 15:45:15,278000,11.496
2026/04/29 15:45:15,279000,11.499
2026/04/29 15:45:15,280000,11.490
2026/04/29 15:45:15,281000,11.496
2026/04/29 15:45:15,282000,11.493
2026/04/29 15:45:15,283000,11.493
2026/04/29 15:45:15,284000,11.490
2026/04/29 15:45:15,285000,11.499
2026/04/29 15:45:15,286000,11.493
2026/04/29 15:45:15,287000,11.487
2026/04/29 15:45:15,288000,11.496
2026/04/29 15:45:15,289000,11.490
2026/04/29 15:45:15,290000,11.493
2026/04/29 15:45:15,291000,11.493
2026/04/29 15:45:15,292000,11.493
2026/04/29 15:45:15,293000,11.493
2026/04/29 15:45:15,294000,11.496
2026/04/29 15:45:15,295000,11.487
2026/04/29 15:45:15,296000,11.490
2026/04/29 15:45:15,297000,11.493
2026/04/29 15:45:15,298000,11.493
2026/04/29 15:45:15,299000,11.499
2026/04/29 15:45:15,300000,11.490
2026/04/29 15:45:15,301000,11.496
2026/04/29 15:45:15,302000,11.493
2026/04/29 15:45:15,303000,11.493
2026/04/29 15:45:15,304000,11.496
2026/04/29 15:45:15,305000,11.493
2026/04/29 15:45:15,306000,11.493
2026/04/29 15:45:15,307000,11.493
2026/04/29 15:45:15,308000,11.487
2026/04/29 15:45:15,309000,11.499
2026/04/29 15:45:15,310000,11.490
2026/04/29 15:45:15,311000,11.487
2026/04/29 15:45:15,312000,11.493
2026/04/29 15:45:15,313000,11.496
2026/04/29 15:45:15,314000,11.496
2026/04/29 15:45:15,315000,11.504
2026/04/29 15:45:15,316000,11.496
2026/04/29 15:45:15,317000,11.499
2026/04/29 15:45:15,318000,11.493
2026/04/29 15:45:15,319000,11.499
2026/04/29 15:45:15,320000,11.496
2026/04/29 15:45:15,321000,11.496
2026/04/29 15:45:15,322000,11.493
2026/04/29 15:45:15,323000,11.493
2026/04/29 15:45:15,324000,11.493
2026/04/29 15:45:15,325000,11.493
2026/04/29 15:45:15,326000,11.493
2026/04/29 15:45:15,327000,11.496
2026/04/29 15:45:15,328000,11.496
2026/04/29 15:45:15,329000,11.487
2026/04/29 15:45:15,330000,11.487
2026/04/29 15:45:15,331000,11.496
2026/04/29 15:45:15,332000,11.496
2026/04/29 15:45:15,333000,11.496
2026/04/29 15:45:15,334000,11.493
2026/04/29 15:45:15,335000,11.493
2026/04/29 15:45:15,336000,11.496
2026/04/29 15:45:15,337000,11.493
2026/04/29 15:45:15,338000,11.485
2026/04/29 15:45:15,339000,11.496
2026/04/29 15:45:15,340000,11.499
2026/04/29 15:45:15,341000,11.496
2026/04/29 15:45:15,342000,11.493
2026/04/29 15:45:15,343000,11.490
2026/04/29 15:45:15,344000,11.487
2026/04/29 15:45:15,345000,11.493
2026/04/29 15:45:15,346000,11.493
2026/04/29 15:45:15,347000,11.485
2026/04/29 15:45:15,348000,11.490
2026/04/29 15:45:15,349000,11.490
2026/04/29 15:45:15,350000,11.490
2026/04/29 15:45:15,351000,11.496
2026/04/29 15:45:15,352000,11.496
2026/04/29 15:45:15,353000,11.490
2026/04/29 15:45:15,354000,11.496
2026/04/29 15:45:15,355000,11.493
2026/04/29 15:45:15,356000,11.490
2026/04/29 15:45:15,357000,11.493
2026/04/29 15:45:15,358000,11.493
2026/04/29 15:45:15,359000,11.493
2026/04/29 15:45:15,360000,11.490
2026/04/29 15:45:15,361000,11.493
2026/04/29 15:45:15,362000,11.490
2026/04/29 15:45:15,363000,11.493
2026/04/29 15:45:15,364000,11.496
2026/04/29 15:45:15,365000,11.499
2026/04/29 15:45:15,366000,11.490
2026/04/29 15:45:15,367000,11.493
2026/04/29 15:45:15,368000,11.490
2026/04/29 15:45:15,369000,11.490
2026/04/29 15:45:15,370000,11.493
2026/04/29 15:45:15,371000,11.490
2026/04/29 15:45:15,372000,11.490
2026/04/29 15:45:15,373000,11.496
2026/04/29 15:45:15,374000,11.490
2026/04/29 15:45:15,375000,11.493
2026/04/29 15:45:15,376000,11.493
2026/04/29 15:45:15,377000,11.490
2026/04/29 15:45:15,378000,11.485
2026/04/29 15:45:15,379000,11.496
2026/04/29 15:45:15,380000,11.493
2026/04/29 15:45:15,381000,11.487
2026/04/29 15:45:15,382000,11.493
2026/04/29 15:45:15,383000,11.493
2026/04/29 15:45:15,384000,11.487
2026/04/29 15:45:15,385000,11.496
2026/04/29 15:45:15,386000,11.493
2026/04/29 15:45:15,387000,11.490
2026/04/29 15:45:15,388000,11.493
2026/04/29 15:45:15,389000,11.493
2026/04/29 15:45:15,390000,11.493
2026/04/29 15:45:15,391000,11.487
2026/04/29 15:45:15,392000,11.493
2026/04/29 15:45:15,393000,11.499
2026/04/29 15:45:15,394000,11.493
2026/04/29 15:45:15,395000,11.496
2026/04/29 15:45:15,396000,11.499
2026/04/29 15:45:15,397000,11.490
2026/04/29 15:45:15,398000,11.493
2026/04/29 15:45:15,399000,11.490
2026/04/29 15:45:15,400000,11.487
2026/04/29 15:45:15,401000,11.493
2026/04/29 15:45:15,402000,11.487
2026/04/29 15:45:15,403000,11.499
2026/04/29 15:45:15,404000,11.490
2026/04/29 15:45:15,405000,11.493
2026/04/29 15:45:15,406000,11.493
2026/04/29 15:45:15,407000,11.499
2026/04/29 15:45:15,408000,11.493
2026/04/29 15:45:15,409000,11.490
2026/04/29 15:45:15,410000,11.493
2026/04/29 15:45:15,411000,11.496
2026/04/29 15:45:15,412000,11.485
2026/04/29 15:45:15,413000,11.493
2026/04/29 15:45:15,414000,11.496
2026/04/29 15:45:15,415000,11.493
2026/04/29 15:45:15,416000,11.490
2026/04/29 15:45:15,417000,11.487
2026/04/29 15:45:15,418000,11.490
2026/04/29 15:45:15,419000,11.499
2026/04/29 15:45:15,420000,11.493
2026/04/29 15:45:15,421000,11.496
2026/04/29 15:45:15,422000,11.493
2026/04/29 15:45:15,423000,11.496
2026/04/29 15:45:15,424000,11.496
2026/04/29 15:45:15,425000,11.490
2026/04/29 15:45:15,426000,11.496
2026/04/29 15:45:15,427000,11.487
2026/04/29 15:45:15,428000,11.493
2026/04/29 15:45:15,429000,11.487
2026/04/29 15:45:15,430000,11.501
2026/04/29 15:45:15,431000,11.496
2026/04/29 15:45:15,432000,11.490
2026/04/29 15:45:15,433000,11.493
2026/04/29 15:45:15,434000,11.507
2026/04/29 15:45:15,435000,11.493
2026/04/29 15:45:15,436000,11.493
2026/04/29 15:45:15,437000,11.493
2026/04/29 15:45:15,438000,11.490
2026/04/29 15:45:15,439000,11.490
2026/04/29 15:45:15,440000,11.490
2026/04/29 15:45:15,441000,11.493
2026/04/29 15:45:15,442000,11.499
2026/04/29 15:45:15,443000,11.490
2026/04/29 15:45:15,444000,11.496
2026/04/29 15:45:15,445000,11.496
2026/04/29 15:45:15,446000,11.493
2026/04/29 15:45:15,447000,11.496
2026/04/29 15:45:15,448000,11.496
2026/04/29 15:45:15,449000,11.493
2026/04/29 15:45:15,450000,11.496
2026/04/29 15:45:15,451000,11.493
2026/04/29 15:45:15,452000,11.487
2026/04/29 15:45:15,453000,11.490
2026/04/29 15:45:15,454000,11.499
2026/04/29 15:45:15,455000,11.493
2026/04/29 15:45:15,456000,11.496
2026/04/29 15:45:15,457000,11.493
2026/04/29 15:45:15,458000,11.485
2026/04/29 15:45:15,459000,11.490
2026/04/29 15:45:15,460000,11.490
2026/04/29 15:45:15,461000,11.493
2026/04/29 15:45:15,462000,11.490
2026/04/29 15:45:15,463000,11.496
2026/04/29 15:45:15,464000,11.490
2026/04/29 15:45:15,465000,11.487
2026/04/29 15:45:15,466000,11.499
2026/04/29 15:45:15,467000,11.496
2026/04/29 15:45:15,468000,11.493
2026/04/29 15:45:15,469000,11.493
2026/04/29 15:45:15,470000,11.490
2026/04/29 15:45:15,471000,11.496
2026/04/29 15:45:15,472000,11.487
2026/04/29 15:45:15,473000,11.493
2026/04/29 15:45:15,474000,11.485
2026/04/29 15:45:15,475000,11.501
2026/04/29 15:45:15,476000,11.493
2026/04/29 15:45:15,477000,11.487
2026/04/29 15:45:15,478000,11.499
2026/04/29 15:45:15,479000,11.493
2026/04/29 15:45:15,480000,11.493
2026/04/29 15:45:15,481000,11.493
2026/04/29 15:45:15,482000,11.493
2026/04/29 15:45:15,483000,11.490
2026/04/29 15:45:15,484000,11.496
2026/04/29 15:45:15,485000,11.493
2026/04/29 15:45:15,486000,11.493
2026/04/29 15:45:15,487000,11.496
2026/04/29 15:45:15,488000,11.490
2026/04/29 15:45:15,489000,11.493
2026/04/29 15:45:15,490000,11.496
2026/04/29 15:45:15,491000,11.493
2026/04/29 15:45:15,492000,11.490
2026/04/29 15:45:15,493000,11.493
2026/04/29 15:45:15,494000,11.493
2026/04/29 15:45:15,495000,11.496
2026/04/29 15:45:15,496000,11.493
2026/04/29 15:45:15,497000,11.493
2026/04/29 15:45:15,498000,11.493
2026/04/29 15:45:15,499000,11.490
2026/04/29 15:45:15,500000,11.487
2026/04/29 15:45:15,501000,11.499
2026/04/29 15:45:15,502000,11.490
2026/04/29 15:45:15,503000,11.496
2026/04/29 15:45:15,504000,11.496
2026/04/29 15:45:15,505000,11.490
2026/04/29 15:45:15,506000,11.487
2026/04/29 15:45:15,507000,11.490
2026/04/29 15:45:15,508000,11.493
2026/04/29 15:45:15,509000,11.493
2026/04/29 15:45:15,510000,11.490
2026/04/29 15:45:15,511000,11.493
2026/04/29 15:45:15,512000,11.490
2026/04/29 15:45:15,513000,11.493
2026/04/29 15:45:15,514000,11.501
2026/04/29 15:45:15,515000,11.496
2026/04/29 15:45:15,516000,11.499
2026/04/29 15:45:15,517000,11.493
2026/04/29 15:45:15,518000,11.496
2026/04/29 15:45:15,519000,11.493
2026/04/29 15:45:15,520000,11.501
2026/04/29 15:45:15,521000,11.493
2026/04/29 15:45:15,522000,11.499
2026/04/29 15:45:15,523000,11.493
2026/04/29 15:45:15,524000,11.490
2026/04/29 15:45:15,525000,11.490
2026/04/29 15:45:15,526000,11.493
2026/04/29 15:45:15,527000,11.487
2026/04/29 15:45:15,528000,11.487
2026/04/29 15:45:15,529000,11.493
2026/04/29 15:45:15,530000,11.490
2026/04/29 15:45:15,531000,11.499
2026/04/29 15:45:15,532000,11.493
2026/04/29 15:45:15,533000,11.493
2026/04/29 15:45:15,534000,11.493
2026/04/29 15:45:15,535000,11.493
2026/04/29 15:45:15,536000,11.493
2026/04/29 15:45:15,537000,11.496
2026/04/29 15:45:15,538000,11.496
2026/04/29 15:45:15,539000,11.493
2026/04/29 15:45:15,540000,11.493
2026/04/29 15:45:15,541000,11.496
2026/04/29 15:45:15,542000,11.490
2026/04/29 15:45:15,543000,11.496
2026/04/29 15:45:15,544000,11.493
2026/04/29 15:45:15,545000,11.496
2026/04/29 15:45:15,546000,11.493
2026/04/29 15:45:15,547000,11.493
2026/04/29 15:45:15,548000,11.493
2026/04/29 15:45:15,549000,11.493
2026/04/29 15:45:15,550000,11.496
2026/04/29 15:45:15,551000,11.490
2026/04/29 15:45:15,552000,11.499
2026/04/29 15:45:15,553000,11.493
2026/04/29 15:45:15,554000,11.485
2026/04/29 15:45:15,555000,11.493
2026/04/29 15:45:15,556000,11.493
2026/04/29 15:45:15,557000,11.487
2026/04/29 15:45:15,558000,11.490
2026/04/29 15:45:15,559000,11.490
2026/04/29 15:45:15,560000,11.490
2026/04/29 15:45:15,561000,11.496
2026/04/29 15:45:15,562000,11.490
2026/04/29 15:45:15,563000,11.490
2026/04/29 15:45:15,564000,11.499
2026/04/29 15:45:15,565000,11.493
2026/04/29 15:45:15,566000,11.490
2026/04/29 15:45:15,567000,11.493
2026/04/29 15:45:15,568000,11.496
2026/04/29 15:45:15,569000,11.493
2026/04/29 15:45:15,570000,11.487
2026/04/29 15:45:15,571000,11.496
2026/04/29 15:45:15,572000,11.490
2026/04/29 15:45:15,573000,11.496
2026/04/29 15:45:15,574000,11.493
2026/04/29 15:45:15,575000,11.493
2026/04/29 15:45:15,576000,11.496
2026/04/29 15:45:15,577000,11.490
2026/04/29 15:45:15,578000,11.490
2026/04/29 15:45:15,579000,11.493
2026/04/29 15:45:15,580000,11.493
2026/04/29 15:45:15,581000,11.490
2026/04/29 15:45:15,582000,11.490
2026/04/29 15:45:15,583000,11.493
2026/04/29 15:45:15,584000,11.496
2026/04/29 15:45:15,585000,11.490
2026/04/29 15:45:15,586000,11.490
2026/04/29 15:45:15,587000,11.490
2026/04/29 15:45:15,588000,11.496
2026/04/29 15:45:15,589000,11.493
2026/04/29 15:45:15,590000,11.493
2026/04/29 15:45:15,591000,11.501
2026/04/29 15:45:15,592000,11.501
2026/04/29 15:45:15,593000,11.499
2026/04/29 15:45:15,594000,11.490
2026/04/29 15:45:15,595000,11.487
2026/04/29 15:45:15,596000,11.501
2026/04/29 15:45:15,597000,11.496
2026/04/29 15:45:15,598000,11.490
2026/04/29 15:45:15,599000,11.496
2026/04/29 15:45:15,600000,11.487
2026/04/29 15:45:15,601000,11.493
2026/04/29 15:45:15,602000,11.487
2026/04/29 15:45:15,603000,11.493
2026/04/29 15:45:15,604000,11.496
2026/04/29 15:45:15,605000,11.490
2026/04/29 15:45:15,606000,11.493
2026/04/29 15:45:15,607000,11.493
2026/04/29 15:45:15,608000,11.493
2026/04/29 15:45:15,609000,11.493
2026/04/29 15:45:15,610000,11.493
2026/04/29 15:45:15,611000,11.493
2026/04/29 15:45:15,612000,11.493
2026/04/29 15:45:15,613000,11.496
2026/04/29 15:45:15,614000,11.496
2026/04/29 15:45:15,615000,11.490
2026/04/29 15:45:15,616000,11.490
2026/04/29 15:45:15,617000,11.493
2026/04/29 15:45:15,618000,11.493
2026/04/29 15:45:15,619000,11.493
2026/04/29 15:45:15,620000,11.490
2026/04/29 15:45:15,621000,11.501
2026/04/29 15:45:15,622000,11.496
2026/04/29 15:45:15,623000,11.496
2026/04/29 15:45:15,624000,11.493
2026/04/29 15:45:15,625000,11.490
2026/04/29 15:45:15,626000,11.490
2026/04/29 15:45:15,627000,11.493
2026/04/29 15:45:15,628000,11.499
2026/04/29 15:45:15,629000,11.490
2026/04/29 15:45:15,630000,11.493
2026/04/29 15:45:15,631000,11.493
2026/04/29 15:45:15,632000,11.490
2026/04/29 15:45:15,633000,11.496
2026/04/29 15:45:15,634000,11.487
2026/04/29 15:45:15,635000,11.493
2026/04/29 15:45:15,636000,11.493
2026/04/29 15:45:15,637000,11.493
2026/04/29 15:45:15,638000,11.493
2026/04/29 15:45:15,639000,11.496
2026/04/29 15:45:15,640000,11.496
2026/04/29 15:45:15,641000,11.493
2026/04/29 15:45:15,642000,11.496
2026/04/29 15:45:15,643000,11.499
2026/04/29 15:45:15,644000,11.493
2026/04/29 15:45:15,645000,11.490
2026/04/29 15:45:15,646000,11.493
2026/04/29 15:45:15,647000,11.493
2026/04/29 15:45:15,648000,11.496
2026/04/29 15:45:15,649000,11.493
2026/04/29 15:45:15,650000,11.499
2026/04/29 15:45:15,651000,11.493
2026/04/29 15:45:15,652000,11.493
2026/04/29 15:45:15,653000,11.487
2026/04/29 15:45:15,654000,11.490
2026/04/29 15:45:15,655000,11.499
2026/04/29 15:45:15,656000,11.493
2026/04/29 15:45:15,657000,11.496
2026/04/29 15:45:15,658000,11.490
2026/04/29 15:45:15,659000,11.496
2026/04/29 15:45:15,660000,11.496
2026/04/29 15:45:15,661000,11.501
2026/04/29 15:45:15,662000,11.490
2026/04/29 15:45:15,663000,11.493
2026/04/29 15:45:15,664000,11.493
2026/04/29 15:45:15,665000,11.487
2026/04/29 15:45:15,666000,11.493
2026/04/29 15:45:15,667000,11.501
2026/04/29 15:45:15,668000,11.496
2026/04/29 15:45:15,669000,11.490
2026/04/29 15:45:15,670000,11.499
2026/04/29 15:45:15,671000,11.496
2026/04/29 15:45:15,672000,11.490
2026/04/29 15:45:15,673000,11.490
2026/04/29 15:45:15,674000,11.496
2026/04/29 15:45:15,675000,11.493
2026/04/29 15:45:15,676000,11.493
2026/04/29 15:45:15,677000,11.493
2026/04/29 15:45:15,678000,11.493
2026/04/29 15:45:15,679000,11.499
2026/04/29 15:45:15,680000,11.493
2026/04/29 15:45:15,681000,11.493
2026/04/29 15:45:15,682000,11.493
2026/04/29 15:45:15,683000,11.496
2026/04/29 15:45:15,684000,11.493
2026/04/29 15:45:15,685000,11.490
2026/04/29 15:45:15,686000,11.493
2026/04/29 15:45:15,687000,11.487
2026/04/29 15:45:15,688000,11.493
2026/04/29 15:45:15,689000,11.499
2026/04/29 15:45:15,690000,11.493
2026/04/29 15:45:15,691000,11.496
2026/04/29 15:45:15,692000,11.490
2026/04/29 15:45:15,693000,11.493
2026/04/29 15:45:15,694000,11.493
2026/04/29 15:45:15,695000,11.493
2026/04/29 15:45:15,696000,11.493
2026/04/29 15:45:15,697000,11.490
2026/04/29 15:45:15,698000,11.490
2026/04/29 15:45:15,699000,11.496
2026/04/29 15:45:15,700000,11.493
2026/04/29 15:45:15,701000,11.490
2026/04/29 15:45:15,702000,11.493
2026/04/29 15:45:15,703000,11.493
2026/04/29 15:45:15,704000,11.493
2026/04/29 15:45:15,705000,11.493
2026/04/29 15:45:15,706000,11.490
2026/04/29 15:45:15,707000,11.493
2026/04/29 15:45:15,708000,11.493
2026/04/29 15:45:15,709000,11.499
2026/04/29 15:45:15,710000,11.493
2026/04/29 15:45:15,711000,11.487
2026/04/29 15:45:15,712000,11.493
2026/04/29 15:45:15,713000,11.499
2026/04/29 15:45:15,714000,11.493
2026/04/29 15:45:15,715000,11.493
2026/04/29 15:45:15,716000,11.493
2026/04/29 15:45:15,717000,11.490
2026/04/29 15:45:15,718000,11.499
2026/04/29 15:45:15,719000,11.496
2026/04/29 15:45:15,720000,11.493
2026/04/29 15:45:15,721000,11.493
2026/04/29 15:45:15,722000,11.490
2026/04/29 15:45:15,723000,11.499
2026/04/29 15:45:15,724000,11.493
2026/04/29 15:45:15,725000,11.493
2026/04/29 15:45:15,726000,11.485
2026/04/29 15:45:15,727000,11.493
2026/04/29 15:45:15,728000,11.496
2026/04/29 15:45:15,729000,11.490
2026/04/29 15:45:15,730000,11.493
2026/04/29 15:45:15,731000,11.493
2026/04/29 15:45:15,732000,11.485
2026/04/29 15:45:15,733000,11.496
2026/04/29 15:45:15,734000,11.496
2026/04/29 15:45:15,735000,11.493
2026/04/29 15:45:15,736000,11.496
2026/04/29 15:45:15,737000,11.493
2026/04/29 15:45:15,738000,11.487
2026/04/29 15:45:15,739000,11.499
2026/04/29 15:45:15,740000,11.490
2026/04/29 15:45:15,741000,11.490
2026/04/29 15:45:15,742000,11.499
2026/04/29 15:45:15,743000,11.490
2026/04/29 15:45:15,744000,11.496
2026/04/29 15:45:15,745000,11.490
2026/04/29 15:45:15,746000,11.493
2026/04/29 15:45:15,747000,11.499
2026/04/29 15:45:15,748000,11.493
2026/04/29 15:45:15,749000,11.493
2026/04/29 15:45:15,750000,11.499
2026/04/29 15:45:15,751000,11.493
2026/04/29 15:45:15,752000,11.496
2026/04/29 15:45:15,753000,11.493
2026/04/29 15:45:15,754000,11.496
2026/04/29 15:45:15,755000,11.493
2026/04/29 15:45:15,756000,11.493
2026/04/29 15:45:15,757000,11.499
2026/04/29 15:45:15,758000,11.490
2026/04/29 15:45:15,759000,11.487
2026/04/29 15:45:15,760000,11.493
2026/04/29 15:45:15,761000,11.493
2026/04/29 15:45:15,762000,11.496
2026/04/29 15:45:15,763000,11.499
2026/04/29 15:45:15,764000,11.493
2026/04/29 15:45:15,765000,11.490
2026/04/29 15:45:15,766000,11.493
2026/04/29 15:45:15,767000,11.499
2026/04/29 15:45:15,768000,11.493
2026/04/29 15:45:15,769000,11.493
2026/04/29 15:45:15,770000,11.493
2026/04/29 15:45:15,771000,11.493
2026/04/29 15:45:15,772000,11.493
2026/04/29 15:45:15,773000,11.499
2026/04/29 15:45:15,774000,11.490
2026/04/29 15:45:15,775000,11.487
2026/04/29 15:45:15,776000,11.496
2026/04/29 15:45:15,777000,11.493
2026/04/29 15:45:15,778000,11.487
2026/04/29 15:45:15,779000,11.499
2026/04/29 15:45:15,780000,11.490
2026/04/29 15:45:15,781000,11.493
2026/04/29 15:45:15,782000,11.487
2026/04/29 15:45:15,783000,11.490
2026/04/29 15:45:15,784000,11.490
2026/04/29 15:45:15,785000,11.493
2026/04/29 15:45:15,786000,11.496
2026/04/29 15:45:15,787000,11.496
2026/04/29 15:45:15,788000,11.493
2026/04/29 15:45:15,789000,11.496
2026/04/29 15:45:15,790000,11.499
2026/04/29 15:45:15,791000,11.499
2026/04/29 15:45:15,792000,11.499
2026/04/29 15:45:15,793000,11.490
2026/04/29 15:45:15,794000,11.493
2026/04/29 15:45:15,795000,11.490
2026/04/29 15:45:15,796000,11.496
2026/04/29 15:45:15,797000,11.490
2026/04/29 15:45:15,798000,11.493
2026/04/29 15:45:15,799000,11.487
2026/04/29 15:45:15,800000,11.496
2026/04/29 15:45:15,801000,11.493
2026/04/29 15:45:15,802000,11.493
2026/04/29 15:45:15,803000,11.496
2026/04/29 15:45:15,804000,11.493
2026/04/29 15:45:15,805000,11.490
2026/04/29 15:45:15,806000,11.493
2026/04/29 15:45:15,807000,11.496
2026/04/29 15:45:15,808000,11.490
2026/04/29 15:45:15,809000,11.493
2026/04/29 15:45:15,810000,11.499
2026/04/29 15:45:15,811000,11.499
2026/04/29 15:45:15,812000,11.490
2026/04/29 15:45:15,813000,11.487
2026/04/29 15:45:15,814000,11.490
2026/04/29 15:45:15,815000,11.487
2026/04/29 15:45:15,816000,11.490
2026/04/29 15:45:15,817000,11.490
2026/04/29 15:45:15,818000,11.499
2026/04/29 15:45:15,819000,11.496
2026/04/29 15:45:15,820000,11.499
2026/04/29 15:45:15,821000,11.493
2026/04/29 15:45:15,822000,11.490
2026/04/29 15:45:15,823000,11.490
2026/04/29 15:45:15,824000,11.493
2026/04/29 15:45:15,825000,11.487
2026/04/29 15:45:15,826000,11.490
2026/04/29 15:45:15,827000,11.496
2026/04/29 15:45:15,828000,11.485
2026/04/29 15:45:15,829000,11.499
2026/04/29 15:45:15,830000,11.490
2026/04/29 15:45:15,831000,11.496
2026/04/29 15:45:15,832000,11.496
2026/04/29 15:45:15,833000,11.493
2026/04/29 15:45:15,834000,11.496
2026/04/29 15:45:15,835000,11.493
2026/04/29 15:45:15,836000,11.493
2026/04/29 15:45:15,837000,11.496
2026/04/29 15:45:15,838000,11.490
2026/04/29 15:45:15,839000,11.496
2026/04/29 15:45:15,840000,11.490
2026/04/29 15:45:15,841000,11.485
2026/04/29 15:45:15,842000,11.496
2026/04/29 15:45:15,843000,11.493
2026/04/29 15:45:15,844000,11.501
2026/04/29 15:45:15,845000,11.496
2026/04/29 15:45:15,846000,11.496
2026/04/29 15:45:15,847000,11.501
2026/04/29 15:45:15,848000,11.493
2026/04/29 15:45:15,849000,11.493
2026/04/29 15:45:15,850000,11.493
2026/04/29 15:45:15,851000,11.493
2026/04/29 15:45:15,852000,11.490
2026/04/29 15:45:15,853000,11.493
2026/04/29 15:45:15,854000,11.499
2026/04/29 15:45:15,855000,11.490
2026/04/29 15:45:15,856000,11.496
2026/04/29 15:45:15,857000,11.490
2026/04/29 15:45:15,858000,11.507
2026/04/29 15:45:15,859000,11.493
2026/04/29 15:45:15,860000,11.490
2026/04/29 15:45:15,861000,11.496
2026/04/29 15:45:15,862000,11.499
2026/04/29 15:45:15,863000,11.493
2026/04/29 15:45:15,864000,11.493
2026/04/29 15:45:15,865000,11.493
2026/04/29 15:45:15,866000,11.496
2026/04/29 15:45:15,867000,11.493
2026/04/29 15:45:15,868000,11.493
2026/04/29 15:45:15,869000,11.490
2026/04/29 15:45:15,870000,11.496
2026/04/29 15:45:15,871000,11.490
2026/04/29 15:45:15,872000,11.490
2026/04/29 15:45:15,873000,11.487
2026/04/29 15:45:15,874000,11.493
2026/04/29 15:45:15,875000,11.490
2026/04/29 15:45:15,876000,11.493
2026/04/29 15:45:15,877000,11.493
2026/04/29 15:45:15,878000,11.490
2026/04/29 15:45:15,879000,11.493
2026/04/29 15:45:15,880000,11.490
2026/04/29 15:45:15,881000,11.493
2026/04/29 15:45:15,882000,11.510
2026/04/29 15:45:15,883000,11.490
2026/04/29 15:45:15,884000,11.490
2026/04/29 15:45:15,885000,11.493
2026/04/29 15:45:15,886000,11.493
2026/04/29 15:45:15,887000,11.493
2026/04/29 15:45:15,888000,11.493
2026/04/29 15:45:15,889000,11.490
2026/04/29 15:45:15,890000,11.493
2026/04/29 15:45:15,891000,11.493
2026/04/29 15:45:15,892000,11.493
2026/04/29 15:45:15,893000,11.496
2026/04/29 15:45:15,894000,11.501
2026/04/29 15:45:15,895000,11.493
2026/04/29 15:45:15,896000,11.490
2026/04/29 15:45:15,897000,11.493
2026/04/29 15:45:15,898000,11.493
2026/04/29 15:45:15,899000,11.490
2026/04/29 15:45:15,900000,11.496
2026/04/29 15:45:15,901000,11.493
2026/04/29 15:45:15,902000,11.493
2026/04/29 15:45:15,903000,11.487
2026/04/29 15:45:15,904000,11.490
2026/04/29 15:45:15,905000,11.496
2026/04/29 15:45:15,906000,11.490
2026/04/29 15:45:15,907000,11.490
2026/04/29 15:45:15,908000,11.490
2026/04/29 15:45:15,909000,11.487
2026/04/29 15:45:15,910000,11.490
2026/04/29 15:45:15,911000,11.490
2026/04/29 15:45:15,912000,11.499
2026/04/29 15:45:15,913000,11.493
2026/04/29 15:45:15,914000,11.496
2026/04/29 15:45:15,915000,11.496
2026/04/29 15:45:15,916000,11.493
2026/04/29 15:45:15,917000,11.496
2026/04/29 15:45:15,918000,11.490
2026/04/29 15:45:15,919000,11.499
2026/04/29 15:45:15,920000,11.493
2026/04/29 15:45:15,921000,11.493
2026/04/29 15:45:15,922000,11.493
2026/04/29 15:45:15,923000,11.496
2026/04/29 15:45:15,924000,11.499
2026/04/29 15:45:15,925000,11.490
2026/04/29 15:45:15,926000,11.499
2026/04/29 15:45:15,927000,11.490
2026/04/29 15:45:15,928000,11.499
2026/04/29 15:45:15,929000,11.493
2026/04/29 15:45:15,930000,11.493
2026/04/29 15:45:15,931000,11.493
2026/04/29 15:45:15,932000,11.496
2026/04/29 15:45:15,933000,11.493
2026/04/29 15:45:15,934000,11.490
2026/04/29 15:45:15,935000,11.485
2026/04/29 15:45:15,936000,11.482
2026/04/29 15:45:15,937000,11.496
2026/04/29 15:45:15,938000,11.493
2026/04/29 15:45:15,939000,11.496
2026/04/29 15:45:15,940000,11.493
2026/04/29 15:45:15,941000,11.490
2026/04/29 15:45:15,942000,11.493
2026/04/29 15:45:15,943000,11.496
2026/04/29 15:45:15,944000,11.493
2026/04/29 15:45:15,945000,11.499
2026/04/29 15:45:15,946000,11.493
2026/04/29 15:45:15,947000,11.493
2026/04/29 15:45:15,948000,11.487
2026/04/29 15:45:15,949000,11.496
2026/04/29 15:45:15,950000,11.490
2026/04/29 15:45:15,951000,11.496
2026/04/29 15:45:15,952000,11.485
2026/04/29 15:45:15,953000,11.490
2026/04/29 15:45:15,954000,11.493
2026/04/29 15:45:15,955000,11.499
2026/04/29 15:45:15,956000,11.490
2026/04/29 15:45:15,957000,11.493
2026/04/29 15:45:15,958000,11.493
2026/04/29 15:45:15,959000,11.493
2026/04/29 15:45:15,960000,11.493
2026/04/29 15:45:15,961000,11.499
2026/04/29 15:45:15,962000,11.493
2026/04/29 15:45:15,963000,11.493
2026/04/29 15:45:15,964000,11.493
2026/04/29 15:45:15,965000,11.496
2026/04/29 15:45:15,966000,11.490
2026/04/29 15:45:15,967000,11.496
2026/04/29 15:45:15,968000,11.490
2026/04/29 15:45:15,969000,11.493
2026/04/29 15:45:15,970000,11.490
2026/04/29 15:45:15,971000,11.496
2026/04/29 15:45:15,972000,11.496
2026/04/29 15:45:15,973000,11.493
2026/04/29 15:45:15,974000,11.490
2026/04/29 15:45:15,975000,11.490
2026/04/29 15:45:15,976000,11.490
2026/04/29 15:45:15,977000,11.490
2026/04/29 15:45:15,978000,11.490
2026/04/29 15:45:15,979000,11.493
2026/04/29 15:45:15,980000,11.496
2026/04/29 15:45:15,981000,11.496
2026/04/29 15:45:15,982000,11.493
2026/04/29 15:45:15,983000,11.493
2026/04/29 15:45:15,984000,11.493
2026/04/29 15:45:15,985000,11.493
2026/04/29 15:45:15,986000,11.487
2026/04/29 15:45:15,987000,11.490
2026/04/29 15:45:15,988000,11.493
2026/04/29 15:45:15,989000,11.487
2026/04/29 15:45:15,990000,11.499
2026/04/29 15:45:15,991000,11.487
2026/04/29 15:45:15,992000,11.496
2026/04/29 15:45:15,993000,11.496
2026/04/29 15:45:15,994000,11.496
2026/04/29 15:45:15,995000,11.493
2026/04/29 15:45:15,996000,11.490
2026/04/29 15:45:15,997000,11.487
2026/04/29 15:45:15,998000,11.493
2026/04/29 15:45:15,999000,11.490
2026/04/29 15:45:16,000000,11.499
2026/04/29 15:45:16,001000,11.493
2026/04/29 15:45:16,002000,11.499
2026/04/29 15:45:16,003000,11.490
2026/04/29 15:45:16,004000,11.490
2026/04/29 15:45:16,005000,11.493
2026/04/29 15:45:16,006000,11.501
2026/04/29 15:45:16,007000,11.493
2026/04/29 15:45:16,008000,11.490
2026/04/29 15:45:16,009000,11.487
2026/04/29 15:45:16,010000,11.493
2026/04/29 15:45:16,011000,11.493
2026/04/29 15:45:16,012000,11.490
2026/04/29 15:45:16,013000,11.496
2026/04/29 15:45:16,014000,11.493
2026/04/29 15:45:16,015000,11.490
2026/04/29 15:45:16,016000,11.493
2026/04/29 15:45:16,017000,11.501
2026/04/29 15:45:16,018000,11.496
2026/04/29 15:45:16,019000,11.493
2026/04/29 15:45:16,020000,11.487
2026/04/29 15:45:16,021000,11.493
2026/04/29 15:45:16,022000,11.493
2026/04/29 15:45:16,023000,11.493
2026/04/29 15:45:16,024000,11.490
2026/04/29 15:45:16,025000,11.493
2026/04/29 15:45:16,026000,11.493
2026/04/29 15:45:16,027000,11.487
2026/04/29 15:45:16,028000,11.496
2026/04/29 15:45:16,029000,11.493
2026/04/29 15:45:16,030000,11.496
2026/04/29 15:45:16,031000,11.490
2026/04/29 15:45:16,032000,11.493
2026/04/29 15:45:16,033000,11.493
2026/04/29 15:45:16,034000,11.499
2026/04/29 15:45:16,035000,11.496
2026/04/29 15:45:16,036000,11.493
2026/04/29 15:45:16,037000,11.493
2026/04/29 15:45:16,038000,11.496
2026/04/29 15:45:16,039000,11.493
2026/04/29 15:45:16,040000,11.493
2026/04/29 15:45:16,041000,11.493
2026/04/29 15:45:16,042000,11.490
2026/04/29 15:45:16,043000,11.487
2026/04/29 15:45:16,044000,11.487
2026/04/29 15:45:16,045000,11.493
2026/04/29 15:45:16,046000,11.496
2026/04/29 15:45:16,047000,11.499
2026/04/29 15:45:16,048000,11.496
2026/04/29 15:45:16,049000,11.487
2026/04/29 15:45:16,050000,11.499
2026/04/29 15:45:16,051000,11.490
2026/04/29 15:45:16,052000,11.490
2026/04/29 15:45:16,053000,11.501
2026/04/29 15:45:16,054000,11.496
2026/04/29 15:45:16,055000,11.496
2026/04/29 15:45:16,056000,11.493
2026/04/29 15:45:16,057000,11.493
2026/04/29 15:45:16,058000,11.493
2026/04/29 15:45:16,059000,11.490
2026/04/29 15:45:16,060000,11.499
2026/04/29 15:45:16,061000,11.496
2026/04/29 15:45:16,062000,11.485
2026/04/29 15:45:16,063000,11.493
2026/04/29 15:45:16,064000,11.493
2026/04/29 15:45:16,065000,11.493
2026/04/29 15:45:16,066000,11.490
2026/04/29 15:45:16,067000,11.499
2026/04/29 15:45:16,068000,11.496
2026/04/29 15:45:16,069000,11.490
2026/04/29 15:45:16,070000,11.493
2026/04/29 15:45:16,071000,11.490
2026/04/29 15:45:16,072000,11.490
2026/04/29 15:45:16,073000,11.493
2026/04/29 15:45:16,074000,11.490
2026/04/29 15:45:16,075000,11.496
2026/04/29 15:45:16,076000,11.493
2026/04/29 15:45:16,077000,11.493
2026/04/29 15:45:16,078000,11.487
2026/04/29 15:45:16,079000,11.493
2026/04/29 15:45:16,080000,11.490
2026/04/29 15:45:16,081000,11.490
2026/04/29 15:45:16,082000,11.493
2026/04/29 15:45:16,083000,11.487
2026/04/29 15:45:16,084000,11.493
2026/04/29 15:45:16,085000,11.493
2026/04/29 15:45:16,086000,11.493
2026/04/29 15:45:16,087000,11.490
2026/04/29 15:45:16,088000,11.496
2026/04/29 15:45:16,089000,11.493
2026/04/29 15:45:16,090000,11.490
2026/04/29 15:45:16,091000,11.490
2026/04/29 15:45:16,092000,11.493
2026/04/29 15:45:16,093000,11.493
2026/04/29 15:45:16,094000,11.490
2026/04/29 15:45:16,095000,11.493
2026/04/29 15:45:16,096000,11.490
2026/04/29 15:45:16,097000,11.501
2026/04/29 15:45:16,098000,11.499
2026/04/29 15:45:16,099000,11.493
2026/04/29 15:45:16,100000,11.490
2026/04/29 15:45:16,101000,11.493
2026/04/29 15:45:16,102000,11.493
2026/04/29 15:45:16,103000,11.490
2026/04/29 15:45:16,104000,11.496
2026/04/29 15:45:16,105000,11.490
2026/04/29 15:45:16,106000,11.493
2026/04/29 15:45:16,107000,11.493
2026/04/29 15:45:16,108000,11.493
2026/04/29 15:45:16,109000,11.499
2026/04/29 15:45:16,110000,11.501
2026/04/29 15:45:16,111000,11.493
2026/04/29 15:45:16,112000,11.496
2026/04/29 15:45:16,113000,11.499
2026/04/29 15:45:16,114000,11.493
2026/04/29 15:45:16,115000,11.487
2026/04/29 15:45:16,116000,11.490
2026/04/29 15:45:16,117000,11.493
2026/04/29 15:45:16,118000,11.490
2026/04/29 15:45:16,119000,11.490
2026/04/29 15:45:16,120000,11.496
2026/04/29 15:45:16,121000,11.501
2026/04/29 15:45:16,122000,11.493
2026/04/29 15:45:16,123000,11.490
2026/04/29 15:45:16,124000,11.496
2026/04/29 15:45:16,125000,11.496
2026/04/29 15:45:16,126000,11.493
2026/04/29 15:45:16,127000,11.496
2026/04/29 15:45:16,128000,11.499
2026/04/29 15:45:16,129000,11.499
2026/04/29 15:45:16,130000,11.493
2026/04/29 15:45:16,131000,11.493
2026/04/29 15:45:16,132000,11.493
2026/04/29 15:45:16,133000,11.496
2026/04/29 15:45:16,134000,11.490
2026/04/29 15:45:16,135000,11.490
2026/04/29 15:45:16,136000,11.496
2026/04/29 15:45:16,137000,11.493
2026/04/29 15:45:16,138000,11.493
2026/04/29 15:45:16,139000,11.496
2026/04/29 15:45:16,140000,11.501
2026/04/29 15:45:16,141000,11.490
2026/04/29 15:45:16,142000,11.493
2026/04/29 15:45:16,143000,11.496
2026/04/29 15:45:16,144000,11.493
2026/04/29 15:45:16,145000,11.493
2026/04/29 15:45:16,146000,11.496
2026/04/29 15:45:16,147000,11.493
2026/04/29 15:45:16,148000,11.493
2026/04/29 15:45:16,149000,11.501
2026/04/29 15:45:16,150000,11.493
2026/04/29 15:45:16,151000,11.499
2026/04/29 15:45:16,152000,11.490
2026/04/29 15:45:16,153000,11.490
2026/04/29 15:45:16,154000,11.493
2026/04/29 15:45:16,155000,11.499
2026/04/29 15:45:16,156000,11.499
2026/04/29 15:45:16,157000,11.493
2026/04/29 15:45:16,158000,11.493
2026/04/29 15:45:16,159000,11.493
2026/04/29 15:45:16,160000,11.493
2026/04/29 15:45:16,161000,11.499
2026/04/29 15:45:16,162000,11.493
2026/04/29 15:45:16,163000,11.493
2026/04/29 15:45:16,164000,11.490
2026/04/29 15:45:16,165000,11.490
2026/04/29 15:45:16,166000,11.493
2026/04/29 15:45:16,167000,11.496
2026/04/29 15:45:16,168000,11.490
2026/04/29 15:45:16,169000,11.490
2026/04/29 15:45:16,170000,11.493
2026/04/29 15:45:16,171000,11.496
2026/04/29 15:45:16,172000,11.496
2026/04/29 15:45:16,173000,11.496
2026/04/29 15:45:16,174000,11.499
2026/04/29 15:45:16,175000,11.490
2026/04/29 15:45:16,176000,11.499
2026/04/29 15:45:16,177000,11.493
2026/04/29 15:45:16,178000,11.490
2026/04/29 15:45:16,179000,11.493
2026/04/29 15:45:16,180000,11.487
2026/04/29 15:45:16,181000,11.493
2026/04/29 15:45:16,182000,11.493
2026/04/29 15:45:16,183000,11.493
2026/04/29 15:45:16,184000,11.496
2026/04/29 15:45:16,185000,11.496
2026/04/29 15:45:16,186000,11.487
2026/04/29 15:45:16,187000,11.493
2026/04/29 15:45:16,188000,11.496
2026/04/29 15:45:16,189000,11.499
2026/04/29 15:45:16,190000,11.493
2026/04/29 15:45:16,191000,11.496
2026/04/29 15:45:16,192000,11.501
2026/04/29 15:45:16,193000,11.496
2026/04/29 15:45:16,194000,11.501
2026/04/29 15:45:16,195000,11.490
2026/04/29 15:45:16,196000,11.493
2026/04/29 15:45:16,197000,11.493
2026/04/29 15:45:16,198000,11.487
2026/04/29 15:45:16,199000,11.493
2026/04/29 15:45:16,200000,11.490
2026/04/29 15:45:16,201000,11.493
2026/04/29 15:45:16,202000,11.493
2026/04/29 15:45:16,203000,11.487
2026/04/29 15:45:16,204000,11.499
2026/04/29 15:45:16,205000,11.490
2026/04/29 15:45:16,206000,11.499
2026/04/29 15:45:16,207000,11.493
2026/04/29 15:45:16,208000,11.499
2026/04/29 15:45:16,209000,11.496
2026/04/29 15:45:16,210000,11.499
2026/04/29 15:45:16,211000,11.493
2026/04/29 15:45:16,212000,11.490
2026/04/29 15:45:16,213000,11.496
2026/04/29 15:45:16,214000,11.493
2026/04/29 15:45:16,215000,11.493
2026/04/29 15:45:16,216000,11.490
2026/04/29 15:45:16,217000,11.499
2026/04/29 15:45:16,218000,11.490
2026/04/29 15:45:16,219000,11.499
2026/04/29 15:45:16,220000,11.493
2026/04/29 15:45:16,221000,11.490
2026/04/29 15:45:16,222000,11.493
2026/04/29 15:45:16,223000,11.493
2026/04/29 15:45:16,224000,11.490
2026/04/29 15:45:16,225000,11.496
2026/04/29 15:45:16,226000,11.493
2026/04/29 15:45:16,227000,11.493
2026/04/29 15:45:16,228000,11.496
2026/04/29 15:45:16,229000,11.496
2026/04/29 15:45:16,230000,11.499
2026/04/29 15:45:16,231000,11.493
2026/04/29 15:45:16,232000,11.490
2026/04/29 15:45:16,233000,11.496
2026/04/29 15:45:16,234000,11.493
2026/04/29 15:45:16,235000,11.490
2026/04/29 15:45:16,236000,11.490
2026/04/29 15:45:16,237000,11.487
2026/04/29 15:45:16,238000,11.496
2026/04/29 15:45:16,239000,11.493
2026/04/29 15:45:16,240000,11.496
2026/04/29 15:45:16,241000,11.496
2026/04/29 15:45:16,242000,11.490
2026/04/29 15:45:16,243000,11.493
2026/04/29 15:45:16,244000,11.493
2026/04/29 15:45:16,245000,11.493
2026/04/29 15:45:16,246000,11.496
2026/04/29 15:45:16,247000,11.493
2026/04/29 15:45:16,248000,11.493
2026/04/29 15:45:16,249000,11.490
2026/04/29 15:45:16,250000,11.490
2026/04/29 15:45:16,251000,11.490
2026/04/29 15:45:16,252000,11.493
2026/04/29 15:45:16,253000,11.493
2026/04/29 15:45:16,254000,11.490
2026/04/29 15:45:16,255000,11.499
2026/04/29 15:45:16,256000,11.490
2026/04/29 15:45:16,257000,11.490
2026/04/29 15:45:16,258000,11.493
2026/04/29 15:45:16,259000,11.496
2026/04/29 15:45:16,260000,11.490
2026/04/29 15:45:16,261000,11.490
2026/04/29 15:45:16,262000,11.493
2026/04/29 15:45:16,263000,11.493
2026/04/29 15:45:16,264000,11.496
2026/04/29 15:45:16,265000,11.493
2026/04/29 15:45:16,266000,11.493
2026/04/29 15:45:16,267000,11.493
2026/04/29 15:45:16,268000,11.493
2026/04/29 15:45:16,269000,11.493
2026/04/29 15:45:16,270000,11.490
2026/04/29 15:45:16,271000,11.493
2026/04/29 15:45:16,272000,11.493
2026/04/29 15:45:16,273000,11.493
2026/04/29 15:45:16,274000,11.490
2026/04/29 15:45:16,275000,11.496
2026/04/29 15:45:16,276000,11.499
2026/04/29 15:45:16,277000,11.493
2026/04/29 15:45:16,278000,11.496
2026/04/29 15:45:16,279000,11.490
2026/04/29 15:45:16,280000,11.493
2026/04/29 15:45:16,281000,11.490
2026/04/29 15:45:16,282000,11.490
2026/04/29 15:45:16,283000,11.490
2026/04/29 15:45:16,284000,11.493
2026/04/29 15:45:16,285000,11.487
2026/04/29 15:45:16,286000,11.496
2026/04/29 15:45:16,287000,11.490
2026/04/29 15:45:16,288000,11.490
2026/04/29 15:45:16,289000,11.493
2026/04/29 15:45:16,290000,11.501
2026/04/29 15:45:16,291000,11.487
2026/04/29 15:45:16,292000,11.493
2026/04/29 15:45:16,293000,11.493
2026/04/29 15:45:16,294000,11.487
2026/04/29 15:45:16,295000,11.493
2026/04/29 15:45:16,296000,11.501
2026/04/29 15:45:16,297000,11.490
2026/04/29 15:45:16,298000,11.499
2026/04/29 15:45:16,299000,11.487
2026/04/29 15:45:16,300000,11.496
2026/04/29 15:45:16,301000,11.496
2026/04/29 15:45:16,302000,11.493
2026/04/29 15:45:16,303000,11.493
2026/04/29 15:45:16,304000,11.490
2026/04/29 15:45:16,305000,11.487
2026/04/29 15:45:16,306000,11.493
2026/04/29 15:45:16,307000,11.493
2026/04/29 15:45:16,308000,11.496
2026/04/29 15:45:16,309000,11.493
2026/04/29 15:45:16,310000,11.487
2026/04/29 15:45:16,311000,11.496
2026/04/29 15:45:16,312000,11.490
2026/04/29 15:45:16,313000,11.499
2026/04/29 15:45:16,314000,11.493
2026/04/29 15:45:16,315000,11.496
2026/04/29 15:45:16,316000,11.493
2026/04/29 15:45:16,317000,11.496
2026/04/29 15:45:16,318000,11.499
2026/04/29 15:45:16,319000,11.493
2026/04/29 15:45:16,320000,11.490
2026/04/29 15:45:16,321000,11.490
2026/04/29 15:45:16,322000,11.493
2026/04/29 15:45:16,323000,11.493
2026/04/29 15:45:16,324000,11.490
2026/04/29 15:45:16,325000,11.493
2026/04/29 15:45:16,326000,11.493
2026/04/29 15:45:16,327000,11.493
2026/04/29 15:45:16,328000,11.501
2026/04/29 15:45:16,329000,11.493
2026/04/29 15:45:16,330000,11.499
2026/04/29 15:45:16,331000,11.493
2026/04/29 15:45:16,332000,11.496
2026/04/29 15:45:16,333000,11.496
2026/04/29 15:45:16,334000,11.490
2026/04/29 15:45:16,335000,11.496
2026/04/29 15:45:16,336000,11.493
2026/04/29 15:45:16,337000,11.496
2026/04/29 15:45:16,338000,11.493
2026/04/29 15:45:16,339000,11.493
2026/04/29 15:45:16,340000,11.496
2026/04/29 15:45:16,341000,11.493
2026/04/29 15:45:16,342000,11.490
2026/04/29 15:45:16,343000,11.490
2026/04/29 15:45:16,344000,11.487
2026/04/29 15:45:16,345000,11.499
2026/04/29 15:45:16,346000,11.493
2026/04/29 15:45:16,347000,11.487
2026/04/29 15:45:16,348000,11.493
2026/04/29 15:45:16,349000,11.504
2026/04/29 15:45:16,350000,11.493
2026/04/29 15:45:16,351000,11.493
2026/04/29 15:45:16,352000,11.499
2026/04/29 15:45:16,353000,11.490
2026/04/29 15:45:16,354000,11.493
2026/04/29 15:45:16,355000,11.493
2026/04/29 15:45:16,356000,11.493
2026/04/29 15:45:16,357000,11.496
2026/04/29 15:45:16,358000,11.490
2026/04/29 15:45:16,359000,11.493
2026/04/29 15:45:16,360000,11.490
2026/04/29 15:45:16,361000,11.490
2026/04/29 15:45:16,362000,11.496
2026/04/29 15:45:16,363000,11.496
2026/04/29 15:45:16,364000,11.493
2026/04/29 15:45:16,365000,11.496
2026/04/29 15:45:16,366000,11.487
2026/04/29 15:45:16,367000,11.490
2026/04/29 15:45:16,368000,11.493
2026/04/29 15:45:16,369000,11.490
2026/04/29 15:45:16,370000,11.496
2026/04/29 15:45:16,371000,11.493
2026/04/29 15:45:16,372000,11.493
2026/04/29 15:45:16,373000,11.493
2026/04/29 15:45:16,374000,11.499
2026/04/29 15:45:16,375000,11.490
2026/04/29 15:45:16,376000,11.496
2026/04/29 15:45:16,377000,11.490
2026/04/29 15:45:16,378000,11.496
2026/04/29 15:45:16,379000,11.493
2026/04/29 15:45:16,380000,11.490
2026/04/29 15:45:16,381000,11.490
2026/04/29 15:45:16,382000,11.493
2026/04/29 15:45:16,383000,11.490
2026/04/29 15:45:16,384000,11.496
2026/04/29 15:45:16,385000,11.490
2026/04/29 15:45:16,386000,11.493
2026/04/29 15:45:16,387000,11.490
2026/04/29 15:45:16,388000,11.485
2026/04/29 15:45:16,389000,11.490
2026/04/29 15:45:16,390000,11.499
2026/04/29 15:45:16,391000,11.493
2026/04/29 15:45:16,392000,11.493
2026/04/29 15:45:16,393000,11.501
2026/04/29 15:45:16,394000,11.487
2026/04/29 15:45:16,395000,11.496
2026/04/29 15:45:16,396000,11.490
2026/04/29 15:45:16,397000,11.493
2026/04/29 15:45:16,398000,11.487
2026/04/29 15:45:16,399000,11.490
2026/04/29 15:45:16,400000,11.490
2026/04/29 15:45:16,401000,11.490
2026/04/29 15:45:16,402000,11.490
2026/04/29 15:45:16,403000,11.499
2026/04/29 15:45:16,404000,11.490
2026/04/29 15:45:16,405000,11.487
2026/04/29 15:45:16,406000,11.487
2026/04/29 15:45:16,407000,11.493
2026/04/29 15:45:16,408000,11.493
2026/04/29 15:45:16,409000,11.490
2026/04/29 15:45:16,410000,11.499
2026/04/29 15:45:16,411000,11.493
2026/04/29 15:45:16,412000,11.490
2026/04/29 15:45:16,413000,11.493
2026/04/29 15:45:16,414000,11.493
2026/04/29 15:45:16,415000,11.493
2026/04/29 15:45:16,416000,11.490
2026/04/29 15:45:16,417000,11.496
2026/04/29 15:45:16,418000,11.493
2026/04/29 15:45:16,419000,11.493
2026/04/29 15:45:16,420000,11.493
2026/04/29 15:45:16,421000,11.490
2026/04/29 15:45:16,422000,11.499
2026/04/29 15:45:16,423000,11.493
2026/04/29 15:45:16,424000,11.490
2026/04/29 15:45:16,425000,11.496
2026/04/29 15:45:16,426000,11.493
2026/04/29 15:45:16,427000,11.485
2026/04/29 15:45:16,428000,11.499
2026/04/29 15:45:16,429000,11.496
2026/04/29 15:45:16,430000,11.493
2026/04/29 15:45:16,431000,11.487
2026/04/29 15:45:16,432000,11.487
2026/04/29 15:45:16,433000,11.487
2026/04/29 15:45:16,434000,11.487
2026/04/29 15:45:16,435000,11.496
2026/04/29 15:45:16,436000,11.493
2026/04/29 15:45:16,437000,11.490
2026/04/29 15:45:16,438000,11.496
2026/04/29 15:45:16,439000,11.493
2026/04/29 15:45:16,440000,11.490
2026/04/29 15:45:16,441000,11.493
2026/04/29 15:45:16,442000,11.493
2026/04/29 15:45:16,443000,11.487
2026/04/29 15:45:16,444000,11.490
2026/04/29 15:45:16,445000,11.496
2026/04/29 15:45:16,446000,11.493
2026/04/29 15:45:16,447000,11.487
2026/04/29 15:45:16,448000,11.485
2026/04/29 15:45:16,449000,11.493
2026/04/29 15:45:16,450000,11.499
2026/04/29 15:45:16,451000,11.493
2026/04/29 15:45:16,452000,11.490
2026/04/29 15:45:16,453000,11.499
2026/04/29 15:45:16,454000,11.490
2026/04/29 15:45:16,455000,11.496
2026/04/29 15:45:16,456000,11.493
2026/04/29 15:45:16,457000,11.493
2026/04/29 15:45:16,458000,11.493
2026/04/29 15:45:16,459000,11.490
2026/04/29 15:45:16,460000,11.493
2026/04/29 15:45:16,461000,11.493
2026/04/29 15:45:16,462000,11.493
2026/04/29 15:45:16,463000,11.490
2026/04/29 15:45:16,464000,11.493
2026/04/29 15:45:16,465000,11.493
2026/04/29 15:45:16,466000,11.490
2026/04/29 15:45:16,467000,11.487
2026/04/29 15:45:16,468000,11.490
2026/04/29 15:45:16,469000,11.490
2026/04/29 15:45:16,470000,11.490
2026/04/29 15:45:16,471000,11.490
2026/04/29 15:45:16,472000,11.493
2026/04/29 15:45:16,473000,11.487
2026/04/29 15:45:16,474000,11.487
2026/04/29 15:45:16,475000,11.493
2026/04/29 15:45:16,476000,11.493
2026/04/29 15:45:16,477000,11.499
2026/04/29 15:45:16,478000,11.490
2026/04/29 15:45:16,479000,11.493
2026/04/29 15:45:16,480000,11.496
2026/04/29 15:45:16,481000,11.490
2026/04/29 15:45:16,482000,11.493
2026/04/29 15:45:16,483000,11.490
2026/04/29 15:45:16,484000,11.496
2026/04/29 15:45:16,485000,11.496
2026/04/29 15:45:16,486000,11.490
2026/04/29 15:45:16,487000,11.490
2026/04/29 15:45:16,488000,11.496
2026/04/29 15:45:16,489000,11.493
2026/04/29 15:45:16,490000,11.490
2026/04/29 15:45:16,491000,11.490
2026/04/29 15:45:16,492000,11.493
2026/04/29 15:45:16,493000,11.499
2026/04/29 15:45:16,494000,11.490
2026/04/29 15:45:16,495000,11.490
2026/04/29 15:45:16,496000,11.493
2026/04/29 15:45:16,497000,11.490
2026/04/29 15:45:16,498000,11.487
2026/04/29 15:45:16,499000,11.487
2026/04/29 15:45:16,500000,11.496
2026/04/29 15:45:16,501000,11.493
2026/04/29 15:45:16,502000,11.493
2026/04/29 15:45:16,503000,11.493
2026/04/29 15:45:16,504000,11.499
2026/04/29 15:45:16,505000,11.496
2026/04/29 15:45:16,506000,11.487
2026/04/29 15:45:16,507000,11.490
2026/04/29 15:45:16,508000,11.487
2026/04/29 15:45:16,509000,11.487
2026/04/29 15:45:16,510000,11.496
2026/04/29 15:45:16,511000,11.496
2026/04/29 15:45:16,512000,11.490
2026/04/29 15:45:16,513000,11.493
2026/04/29 15:45:16,514000,11.490
2026/04/29 15:45:16,515000,11.493
2026/04/29 15:45:16,516000,11.493
2026/04/29 15:45:16,517000,11.493
2026/04/29 15:45:16,518000,11.493
2026/04/29 15:45:16,519000,11.490
2026/04/29 15:45:16,520000,11.490
2026/04/29 15:45:16,521000,11.493
2026/04/29 15:45:16,522000,11.490
2026/04/29 15:45:16,523000,11.490
2026/04/29 15:45:16,524000,11.496
2026/04/29 15:45:16,525000,11.490
2026/04/29 15:45:16,526000,11.493
2026/04/29 15:45:16,527000,11.493
2026/04/29 15:45:16,528000,11.493
2026/04/29 15:45:16,529000,11.493
2026/04/29 15:45:16,530000,11.493
2026/04/29 15:45:16,531000,11.493
2026/04/29 15:45:16,532000,11.490
2026/04/29 15:45:16,533000,11.501
2026/04/29 15:45:16,534000,11.493
2026/04/29 15:45:16,535000,11.493
2026/04/29 15:45:16,536000,11.490
2026/04/29 15:45:16,537000,11.493
2026/04/29 15:45:16,538000,11.493
2026/04/29 15:45:16,539000,11.487
2026/04/29 15:45:16,540000,11.493
2026/04/29 15:45:16,541000,11.493
2026/04/29 15:45:16,542000,11.490
2026/04/29 15:45:16,543000,11.496
2026/04/29 15:45:16,544000,11.493
2026/04/29 15:45:16,545000,11.493
2026/04/29 15:45:16,546000,11.490
2026/04/29 15:45:16,547000,11.493
2026/04/29 15:45:16,548000,11.496
2026/04/29 15:45:16,549000,11.496
2026/04/29 15:45:16,550000,11.490
2026/04/29 15:45:16,551000,11.493
2026/04/29 15:45:16,552000,11.493
2026/04/29 15:45:16,553000,11.493
2026/04/29 15:45:16,554000,11.490
2026/04/29 15:45:16,555000,11.493
2026/04/29 15:45:16,556000,11.493
2026/04/29 15:45:16,557000,11.496
2026/04/29 15:45:16,558000,11.490
2026/04/29 15:45:16,559000,11.490
2026/04/29 15:45:16,560000,11.496
2026/04/29 15:45:16,561000,11.493
2026/04/29 15:45:16,562000,11.490
2026/04/29 15:45:16,563000,11.493
2026/04/29 15:45:16,564000,11.493
2026/04/29 15:45:16,565000,11.493
2026/04/29 15:45:16,566000,11.490
2026/04/29 15:45:16,567000,11.487
2026/04/29 15:45:16,568000,11.490
2026/04/29 15:45:16,569000,11.493
2026/04/29 15:45:16,570000,11.493
2026/04/29 15:45:16,571000,11.490
2026/04/29 15:45:16,572000,11.493
2026/04/29 15:45:16,573000,11.493
2026/04/29 15:45:16,574000,11.490
2026/04/29 15:45:16,575000,11.493
2026/04/29 15:45:16,576000,11.496
2026/04/29 15:45:16,577000,11.490
2026/04/29 15:45:16,578000,11.496
2026/04/29 15:45:16,579000,11.490
2026/04/29 15:45:16,580000,11.490
2026/04/29 15:45:16,581000,11.487
2026/04/29 15:45:16,582000,11.493
2026/04/29 15:45:16,583000,11.496
2026/04/29 15:45:16,584000,11.487
2026/04/29 15:45:16,585000,11.499
2026/04/29 15:45:16,586000,11.485
2026/04/29 15:45:16,587000,11.487
2026/04/29 15:45:16,588000,11.490
2026/04/29 15:45:16,589000,11.493
2026/04/29 15:45:16,590000,11.490
2026/04/29 15:45:16,591000,11.493
2026/04/29 15:45:16,592000,11.490
2026/04/29 15:45:16,593000,11.493
2026/04/29 15:45:16,594000,11.493
2026/04/29 15:45:16,595000,11.496
2026/04/29 15:45:16,596000,11.496
2026/04/29 15:45:16,597000,11.493
2026/04/29 15:45:16,598000,11.490
2026/04/29 15:45:16,599000,11.496
2026/04/29 15:45:16,600000,11.493
2026/04/29 15:45:16,601000,11.499
2026/04/29 15:45:16,602000,11.493
2026/04/29 15:45:16,603000,11.501
2026/04/29 15:45:16,604000,11.490
2026/04/29 15:45:16,605000,11.490
2026/04/29 15:45:16,606000,11.496
2026/04/29 15:45:16,607000,11.493
2026/04/29 15:45:16,608000,11.496
2026/04/29 15:45:16,609000,11.490
2026/04/29 15:45:16,610000,11.490
2026/04/29 15:45:16,611000,11.496
2026/04/29 15:45:16,612000,11.490
2026/04/29 15:45:16,613000,11.493
2026/04/29 15:45:16,614000,11.490
2026/04/29 15:45:16,615000,11.496
2026/04/29 15:45:16,616000,11.490
2026/04/29 15:45:16,617000,11.496
2026/04/29 15:45:16,618000,11.487
2026/04/29 15:45:16,619000,11.490
2026/04/29 15:45:16,620000,11.493
2026/04/29 15:45:16,621000,11.490
2026/04/29 15:45:16,622000,11.493
2026/04/29 15:45:16,623000,11.501
2026/04/29 15:45:16,624000,11.493
2026/04/29 15:45:16,625000,11.493
2026/04/29 15:45:16,626000,11.490
2026/04/29 15:45:16,627000,11.501
2026/04/29 15:45:16,628000,11.496
2026/04/29 15:45:16,629000,11.496
2026/04/29 15:45:16,630000,11.493
2026/04/29 15:45:16,631000,11.490
2026/04/29 15:45:16,632000,11.490
2026/04/29 15:45:16,633000,11.493
2026/04/29 15:45:16,634000,11.496
2026/04/29 15:45:16,635000,11.493
2026/04/29 15:45:16,636000,11.490
2026/04/29 15:45:16,637000,11.496
2026/04/29 15:45:16,638000,11.490
2026/04/29 15:45:16,639000,11.496
2026/04/29 15:45:16,640000,11.487
2026/04/29 15:45:16,641000,11.496
2026/04/29 15:45:16,642000,11.493
2026/04/29 15:45:16,643000,11.493
2026/04/29 15:45:16,644000,11.490
2026/04/29 15:45:16,645000,11.490
2026/04/29 15:45:16,646000,11.493
2026/04/29 15:45:16,647000,11.496
2026/04/29 15:45:16,648000,11.493
2026/04/29 15:45:16,649000,11.499
2026/04/29 15:45:16,650000,11.490
2026/04/29 15:45:16,651000,11.493
2026/04/29 15:45:16,652000,11.490
2026/04/29 15:45:16,653000,11.490
2026/04/29 15:45:16,654000,11.490
2026/04/29 15:45:16,655000,11.490
2026/04/29 15:45:16,656000,11.501
2026/04/29 15:45:16,657000,11.493
2026/04/29 15:45:16,658000,11.493
2026/04/29 15:45:16,659000,11.490
2026/04/29 15:45:16,660000,11.496
2026/04/29 15:45:16,661000,11.493
2026/04/29 15:45:16,662000,11.487
2026/04/29 15:45:16,663000,11.513
2026/04/29 15:45:16,664000,11.493
2026/04/29 15:45:16,665000,11.493
2026/04/29 15:45:16,666000,11.493
2026/04/29 15:45:16,667000,11.493
2026/04/29 15:45:16,668000,11.493
2026/04/29 15:45:16,669000,11.493
2026/04/29 15:45:16,670000,11.496
2026/04/29 15:45:16,671000,11.493
2026/04/29 15:45:16,672000,11.493
2026/04/29 15:45:16,673000,11.496
2026/04/29 15:45:16,674000,11.490
2026/04/29 15:45:16,675000,11.496
2026/04/29 15:45:16,676000,11.493
2026/04/29 15:45:16,677000,11.501
2026/04/29 15:45:16,678000,11.493
2026/04/29 15:45:16,679000,11.493
2026/04/29 15:45:16,680000,11.493
2026/04/29 15:45:16,681000,11.490
2026/04/29 15:45:16,682000,11.493
2026/04/29 15:45:16,683000,11.499
2026/04/29 15:45:16,684000,11.493
2026/04/29 15:45:16,685000,11.490
2026/04/29 15:45:16,686000,11.493
2026/04/29 15:45:16,687000,11.493
2026/04/29 15:45:16,688000,11.490
2026/04/29 15:45:16,689000,11.496
2026/04/29 15:45:16,690000,11.490
2026/04/29 15:45:16,691000,11.496
2026/04/29 15:45:16,692000,11.493
2026/04/29 15:45:16,693000,11.490
2026/04/29 15:45:16,694000,11.496
2026/04/29 15:45:16,695000,11.496
2026/04/29 15:45:16,696000,11.493
2026/04/29 15:45:16,697000,11.499
2026/04/29 15:45:16,698000,11.496
2026/04/29 15:45:16,699000,11.493
2026/04/29 15:45:16,700000,11.493
2026/04/29 15:45:16,701000,11.487
2026/04/29 15:45:16,702000,11.493
2026/04/29 15:45:16,703000,11.493
2026/04/29 15:45:16,704000,11.496
2026/04/29 15:45:16,705000,11.496
2026/04/29 15:45:16,706000,11.493
2026/04/29 15:45:16,707000,11.493
2026/04/29 15:45:16,708000,11.490
2026/04/29 15:45:16,709000,11.490
2026/04/29 15:45:16,710000,11.496
2026/04/29 15:45:16,711000,11.499
2026/04/29 15:45:16,712000,11.496
2026/04/29 15:45:16,713000,11.493
2026/04/29 15:45:16,714000,11.490
2026/04/29 15:45:16,715000,11.493
2026/04/29 15:45:16,716000,11.499
2026/04/29 15:45:16,717000,11.490
2026/04/29 15:45:16,718000,11.493
2026/04/29 15:45:16,719000,11.496
2026/04/29 15:45:16,720000,11.487
2026/04/29 15:45:16,721000,11.496
2026/04/29 15:45:16,722000,11.493
2026/04/29 15:45:16,723000,11.493
2026/04/29 15:45:16,724000,11.493
2026/04/29 15:45:16,725000,11.493
2026/04/29 15:45:16,726000,11.490
2026/04/29 15:45:16,727000,11.499
2026/04/29 15:45:16,728000,11.490
2026/04/29 15:45:16,729000,11.493
2026/04/29 15:45:16,730000,11.490
2026/04/29 15:45:16,731000,11.496
2026/04/29 15:45:16,732000,11.490
2026/04/29 15:45:16,733000,11.496
2026/04/29 15:45:16,734000,11.496
2026/04/29 15:45:16,735000,11.496
2026/04/29 15:45:16,736000,11.493
2026/04/29 15:45:16,737000,11.490
2026/04/29 15:45:16,738000,11.493
2026/04/29 15:45:16,739000,11.487
2026/04/29 15:45:16,740000,11.490
2026/04/29 15:45:16,741000,11.496
2026/04/29 15:45:16,742000,11.487
2026/04/29 15:45:16,743000,11.499
2026/04/29 15:45:16,744000,11.490
2026/04/29 15:45:16,745000,11.504
2026/04/29 15:45:16,746000,11.496
2026/04/29 15:45:16,747000,11.493
2026/04/29 15:45:16,748000,11.496
2026/04/29 15:45:16,749000,11.493
2026/04/29 15:45:16,750000,11.493
2026/04/29 15:45:16,751000,11.496
2026/04/29 15:45:16,752000,11.496
2026/04/29 15:45:16,753000,11.496
2026/04/29 15:45:16,754000,11.493
2026/04/29 15:45:16,755000,11.493
2026/04/29 15:45:16,756000,11.493
2026/04/29 15:45:16,757000,11.493
2026/04/29 15:45:16,758000,11.493
2026/04/29 15:45:16,759000,11.487
2026/04/29 15:45:16,760000,11.493
2026/04/29 15:45:16,761000,11.496
2026/04/29 15:45:16,762000,11.496
2026/04/29 15:45:16,763000,11.496
2026/04/29 15:45:16,764000,11.490
2026/04/29 15:45:16,765000,11.493
2026/04/29 15:45:16,766000,11.490
2026/04/29 15:45:16,767000,11.490
2026/04/29 15:45:16,768000,11.493
2026/04/29 15:45:16,769000,11.496
2026/04/29 15:45:16,770000,11.493
2026/04/29 15:45:16,771000,11.493
2026/04/29 15:45:16,772000,11.493
2026/04/29 15:45:16,773000,11.496
2026/04/29 15:45:16,774000,11.496
2026/04/29 15:45:16,775000,11.496
2026/04/29 15:45:16,776000,11.499
2026/04/29 15:45:16,777000,11.496
2026/04/29 15:45:16,778000,11.496
2026/04/29 15:45:16,779000,11.490
2026/04/29 15:45:16,780000,11.490
2026/04/29 15:45:16,781000,11.493
2026/04/29 15:45:16,782000,11.493
2026/04/29 15:45:16,783000,11.496
2026/04/29 15:45:16,784000,11.493
2026/04/29 15:45:16,785000,11.501
2026/04/29 15:45:16,786000,11.490
2026/04/29 15:45:16,787000,11.487
2026/04/29 15:45:16,788000,11.490
2026/04/29 15:45:16,789000,11.507
2026/04/29 15:45:16,790000,11.490
2026/04/29 15:45:16,791000,11.493
2026/04/29 15:45:16,792000,11.499
2026/04/29 15:45:16,793000,11.499
2026/04/29 15:45:16,794000,11.501
2026/04/29 15:45:16,795000,11.499
2026/04/29 15:45:16,796000,11.493
2026/04/29 15:45:16,797000,11.493
2026/04/29 15:45:16,798000,11.496
2026/04/29 15:45:16,799000,11.487
2026/04/29 15:45:16,800000,11.493
2026/04/29 15:45:16,801000,11.496
2026/04/29 15:45:16,802000,11.490
2026/04/29 15:45:16,803000,11.490
2026/04/29 15:45:16,804000,11.493
2026/04/29 15:45:16,805000,11.487
2026/04/29 15:45:16,806000,11.493
2026/04/29 15:45:16,807000,11.496
2026/04/29 15:45:16,808000,11.490
2026/04/29 15:45:16,809000,11.493
2026/04/29 15:45:16,810000,11.496
2026/04/29 15:45:16,811000,11.493
2026/04/29 15:45:16,812000,11.493
2026/04/29 15:45:16,813000,11.499
2026/04/29 15:45:16,814000,11.496
2026/04/29 15:45:16,815000,11.490
2026/04/29 15:45:16,816000,11.493
2026/04/29 15:45:16,817000,11.493
2026/04/29 15:45:16,818000,11.496
2026/04/29 15:45:16,819000,11.499
2026/04/29 15:45:16,820000,11.496
2026/04/29 15:45:16,821000,11.490
2026/04/29 15:45:16,822000,11.496
2026/04/29 15:45:16,823000,11.499
2026/04/29 15:45:16,824000,11.493
2026/04/29 15:45:16,825000,11.493
2026/04/29 15:45:16,826000,11.496
2026/04/29 15:45:16,827000,11.490
2026/04/29 15:45:16,828000,11.490
2026/04/29 15:45:16,829000,11.490
2026/04/29 15:45:16,830000,11.496
2026/04/29 15:45:16,831000,11.501
2026/04/29 15:45:16,832000,11.490
2026/04/29 15:45:16,833000,11.490
2026/04/29 15:45:16,834000,11.499
2026/04/29 15:45:16,835000,11.493
2026/04/29 15:45:16,836000,11.499
2026/04/29 15:45:16,837000,11.496
2026/04/29 15:45:16,838000,11.496
2026/04/29 15:45:16,839000,11.490
2026/04/29 15:45:16,840000,11.493
2026/04/29 15:45:16,841000,11.493
2026/04/29 15:45:16,842000,11.493
2026/04/29 15:45:16,843000,11.490
2026/04/29 15:45:16,844000,11.490
2026/04/29 15:45:16,845000,11.490
2026/04/29 15:45:16,846000,11.496
2026/04/29 15:45:16,847000,11.490
2026/04/29 15:45:16,848000,11.499
2026/04/29 15:45:16,849000,11.490
2026/04/29 15:45:16,850000,11.493
2026/04/29 15:45:16,851000,11.493
2026/04/29 15:45:16,852000,11.499
2026/04/29 15:45:16,853000,11.499
2026/04/29 15:45:16,854000,11.490
2026/04/29 15:45:16,855000,11.493
2026/04/29 15:45:16,856000,11.493
2026/04/29 15:45:16,857000,11.490
2026/04/29 15:45:16,858000,11.499
2026/04/29 15:45:16,859000,11.493
2026/04/29 15:45:16,860000,11.493
2026/04/29 15:45:16,861000,11.490
2026/04/29 15:45:16,862000,11.496
2026/04/29 15:45:16,863000,11.487
2026/04/29 15:45:16,864000,11.482
2026/04/29 15:45:16,865000,11.496
2026/04/29 15:45:16,866000,11.493
2026/04/29 15:45:16,867000,11.496
2026/04/29 15:45:16,868000,11.496
2026/04/29 15:45:16,869000,11.490
2026/04/29 15:45:16,870000,11.499
2026/04/29 15:45:16,871000,11.496
2026/04/29 15:45:16,872000,11.499
2026/04/29 15:45:16,873000,11.493
2026/04/29 15:45:16,874000,11.499
2026/04/29 15:45:16,875000,11.496
2026/04/29 15:45:16,876000,11.493
2026/04/29 15:45:16,877000,11.490
2026/04/29 15:45:16,878000,11.499
2026/04/29 15:45:16,879000,11.487
2026/04/29 15:45:16,880000,11.490
2026/04/29 15:45:16,881000,11.493
2026/04/29 15:45:16,882000,11.490
2026/04/29 15:45:16,883000,11.496
2026/04/29 15:45:16,884000,11.487
2026/04/29 15:45:16,885000,11.496
2026/04/29 15:45:16,886000,11.490
2026/04/29 15:45:16,887000,11.493
2026/04/29 15:45:16,888000,11.496
2026/04/29 15:45:16,889000,11.496
2026/04/29 15:45:16,890000,11.493
2026/04/29 15:45:16,891000,11.487
2026/04/29 15:45:16,892000,11.493
2026/04/29 15:45:16,893000,11.487
2026/04/29 15:45:16,894000,11.493
2026/04/29 15:45:16,895000,11.493
2026/04/29 15:45:16,896000,11.493
2026/04/29 15:45:16,897000,11.493
2026/04/29 15:45:16,898000,11.490
2026/04/29 15:45:16,899000,11.496
2026/04/29 15:45:16,900000,11.493
2026/04/29 15:45:16,901000,11.493
2026/04/29 15:45:16,902000,11.493
2026/04/29 15:45:16,903000,11.487
2026/04/29 15:45:16,904000,11.490
2026/04/29 15:45:16,905000,11.493
2026/04/29 15:45:16,906000,11.493
2026/04/29 15:45:16,907000,11.493
2026/04/29 15:45:16,908000,11.493
2026/04/29 15:45:16,909000,11.487
2026/04/29 15:45:16,910000,11.490
2026/04/29 15:45:16,911000,11.496
2026/04/29 15:45:16,912000,11.493
2026/04/29 15:45:16,913000,11.485
2026/04/29 15:45:16,914000,11.490
2026/04/29 15:45:16,915000,11.496
2026/04/29 15:45:16,916000,11.493
2026/04/29 15:45:16,917000,11.493
2026/04/29 15:45:16,918000,11.493
2026/04/29 15:45:16,919000,11.493
2026/04/29 15:45:16,920000,11.493
2026/04/29 15:45:16,921000,11.487
2026/04/29 15:45:16,922000,11.501
2026/04/29 15:45:16,923000,11.499
2026/04/29 15:45:16,924000,11.493
2026/04/29 15:45:16,925000,11.493
2026/04/29 15:45:16,926000,11.490
2026/04/29 15:45:16,927000,11.493
2026/04/29 15:45:16,928000,11.490
2026/04/29 15:45:16,929000,11.493
2026/04/29 15:45:16,930000,11.493
2026/04/29 15:45:16,931000,11.496
2026/04/29 15:45:16,932000,11.493
2026/04/29 15:45:16,933000,11.496
2026/04/29 15:45:16,934000,11.493
2026/04/29 15:45:16,935000,11.496
2026/04/29 15:45:16,936000,11.493
2026/04/29 15:45:16,937000,11.493
2026/04/29 15:45:16,938000,11.493
2026/04/29 15:45:16,939000,11.493
2026/04/29 15:45:16,940000,11.499
2026/04/29 15:45:16,941000,11.490
2026/04/29 15:45:16,942000,11.499
2026/04/29 15:45:16,943000,11.490
2026/04/29 15:45:16,944000,11.490
2026/04/29 15:45:16,945000,11.493
2026/04/29 15:45:16,946000,11.493
2026/04/29 15:45:16,947000,11.493
2026/04/29 15:45:16,948000,11.493
2026/04/29 15:45:16,949000,11.493
2026/04/29 15:45:16,950000,11.493
2026/04/29 15:45:16,951000,11.493
2026/04/29 15:45:16,952000,11.499
2026/04/29 15:45:16,953000,11.490
2026/04/29 15:45:16,954000,11.487
2026/04/29 15:45:16,955000,11.493
2026/04/29 15:45:16,956000,11.493
2026/04/29 15:45:16,957000,11.493
2026/04/29 15:45:16,958000,11.493
2026/04/29 15:45:16,959000,11.490
2026/04/29 15:45:16,960000,11.490
2026/04/29 15:45:16,961000,11.493
2026/04/29 15:45:16,962000,11.496
2026/04/29 15:45:16,963000,11.496
2026/04/29 15:45:16,964000,11.482
2026/04/29 15:45:16,965000,11.493
2026/04/29 15:45:16,966000,11.487
2026/04/29 15:45:16,967000,11.496
2026/04/29 15:45:16,968000,11.490
2026/04/29 15:45:16,969000,11.493
2026/04/29 15:45:16,970000,11.487
2026/04/29 15:45:16,971000,11.493
2026/04/29 15:45:16,972000,11.493
2026/04/29 15:45:16,973000,11.490
2026/04/29 15:45:16,974000,11.490
2026/04/29 15:45:16,975000,11.493
2026/04/29 15:45:16,976000,11.493
2026/04/29 15:45:16,977000,11.496
2026/04/29 15:45:16,978000,11.493
2026/04/29 15:45:16,979000,11.493
2026/04/29 15:45:16,980000,11.496
2026/04/29 15:45:16,981000,11.499
2026/04/29 15:45:16,982000,11.493
2026/04/29 15:45:16,983000,11.493
2026/04/29 15:45:16,984000,11.490
2026/04/29 15:45:16,985000,11.490
2026/04/29 15:45:16,986000,11.499
2026/04/29 15:45:16,987000,11.490
2026/04/29 15:45:16,988000,11.493
2026/04/29 15:45:16,989000,11.487
2026/04/29 15:45:16,990000,11.496
2026/04/29 15:45:16,991000,11.490
2026/04/29 15:45:16,992000,11.493
2026/04/29 15:45:16,993000,11.490
2026/04/29 15:45:16,994000,11.501
2026/04/29 15:45:16,995000,11.496
2026/04/29 15:45:16,996000,11.493
2026/04/29 15:45:16,997000,11.490
2026/04/29 15:45:16,998000,11.499
2026/04/29 15:45:16,999000,11.493
2026/04/29 15:45:17,000000,11.490
2026/04/29 15:45:17,001000,11.493
2026/04/29 15:45:17,002000,11.496
2026/04/29 15:45:17,003000,11.490
2026/04/29 15:45:17,004000,11.496
2026/04/29 15:45:17,005000,11.493
2026/04/29 15:45:17,006000,11.493
2026/04/29 15:45:17,007000,11.499
2026/04/29 15:45:17,008000,11.490
2026/04/29 15:45:17,009000,11.496
2026/04/29 15:45:17,010000,11.496
2026/04/29 15:45:17,011000,11.490
2026/04/29 15:45:17,012000,11.487
2026/04/29 15:45:17,013000,11.490
2026/04/29 15:45:17,014000,11.493
2026/04/29 15:45:17,015000,11.490
2026/04/29 15:45:17,016000,11.493
2026/04/29 15:45:17,017000,11.496
2026/04/29 15:45:17,018000,11.493
2026/04/29 15:45:17,019000,11.490
2026/04/29 15:45:17,020000,11.496
2026/04/29 15:45:17,021000,11.493
2026/04/29 15:45:17,022000,11.493
2026/04/29 15:45:17,023000,11.496
2026/04/29 15:45:17,024000,11.487
2026/04/29 15:45:17,025000,11.487
2026/04/29 15:45:17,026000,11.490
2026/04/29 15:45:17,027000,11.490
2026/04/29 15:45:17,028000,11.487
2026/04/29 15:45:17,029000,11.499
2026/04/29 15:45:17,030000,11.493
2026/04/29 15:45:17,031000,11.493
2026/04/29 15:45:17,032000,11.496
2026/04/29 15:45:17,033000,11.493
2026/04/29 15:45:17,034000,11.496
2026/04/29 15:45:17,035000,11.493
2026/04/29 15:45:17,036000,11.493
2026/04/29 15:45:17,037000,11.496
2026/04/29 15:45:17,038000,11.493
2026/04/29 15:45:17,039000,11.487
2026/04/29 15:45:17,040000,11.487
2026/04/29 15:45:17,041000,11.490
2026/04/29 15:45:17,042000,11.490
2026/04/29 15:45:17,043000,11.487
2026/04/29 15:45:17,044000,11.499
2026/04/29 15:45:17,045000,11.490
2026/04/29 15:45:17,046000,11.493
2026/04/29 15:45:17,047000,11.496
2026/04/29 15:45:17,048000,11.490
2026/04/29 15:45:17,049000,11.499
2026/04/29 15:45:17,050000,11.493
2026/04/29 15:45:17,051000,11.493
2026/04/29 15:45:17,052000,11.496
2026/04/29 15:45:17,053000,11.493
2026/04/29 15:45:17,054000,11.487
2026/04/29 15:45:17,055000,11.499
2026/04/29 15:45:17,056000,11.493
2026/04/29 15:45:17,057000,11.482
2026/04/29 15:45:17,058000,11.499
2026/04/29 15:45:17,059000,11.493
2026/04/29 15:45:17,060000,11.490
2026/04/29 15:45:17,061000,11.493
2026/04/29 15:45:17,062000,11.487
2026/04/29 15:45:17,063000,11.485
2026/04/29 15:45:17,064000,11.493
2026/04/29 15:45:17,065000,11.493
2026/04/29 15:45:17,066000,11.487
2026/04/29 15:45:17,067000,11.496
2026/04/29 15:45:17,068000,11.493
2026/04/29 15:45:17,069000,11.493
2026/04/29 15:45:17,070000,11.493
2026/04/29 15:45:17,071000,11.493
2026/04/29 15:45:17,072000,11.490
2026/04/29 15:45:17,073000,11.490
2026/04/29 15:45:17,074000,11.493
2026/04/29 15:45:17,075000,11.490
2026/04/29 15:45:17,076000,11.499
2026/04/29 15:45:17,077000,11.493
2026/04/29 15:45:17,078000,11.496
2026/04/29 15:45:17,079000,11.493
2026/04/29 15:45:17,080000,11.485
2026/04/29 15:45:17,081000,11.496
2026/04/29 15:45:17,082000,11.490
2026/04/29 15:45:17,083000,11.493
2026/04/29 15:45:17,084000,11.493
2026/04/29 15:45:17,085000,11.490
2026/04/29 15:45:17,086000,11.496
2026/04/29 15:45:17,087000,11.493
2026/04/29 15:45:17,088000,11.490
2026/04/29 15:45:17,089000,11.493
2026/04/29 15:45:17,090000,11.496
2026/04/29 15:45:17,091000,11.490
2026/04/29 15:45:17,092000,11.493
2026/04/29 15:45:17,093000,11.496
2026/04/29 15:45:17,094000,11.490
2026/04/29 15:45:17,095000,11.499
2026/04/29 15:45:17,096000,11.493
2026/04/29 15:45:17,097000,11.501
2026/04/29 15:45:17,098000,11.496
2026/04/29 15:45:17,099000,11.493
2026/04/29 15:45:17,100000,11.493
2026/04/29 15:45:17,101000,11.487
2026/04/29 15:45:17,102000,11.493
2026/04/29 15:45:17,103000,11.493
2026/04/29 15:45:17,104000,11.490
2026/04/29 15:45:17,105000,11.493
2026/04/29 15:45:17,106000,11.493
2026/04/29 15:45:17,107000,11.493
2026/04/29 15:45:17,108000,11.493
2026/04/29 15:45:17,109000,11.499
2026/04/29 15:45:17,110000,11.493
2026/04/29 15:45:17,111000,11.490
2026/04/29 15:45:17,112000,11.490
2026/04/29 15:45:17,113000,11.487
2026/04/29 15:45:17,114000,11.499
2026/04/29 15:45:17,115000,11.493
2026/04/29 15:45:17,116000,11.493
2026/04/29 15:45:17,117000,11.490
2026/04/29 15:45:17,118000,11.496
2026/04/29 15:45:17,119000,11.493
2026/04/29 15:45:17,120000,11.496
2026/04/29 15:45:17,121000,11.493
2026/04/29 15:45:17,122000,11.493
2026/04/29 15:45:17,123000,11.496
2026/04/29 15:45:17,124000,11.493
2026/04/29 15:45:17,125000,11.493
2026/04/29 15:45:17,126000,11.496
2026/04/29 15:45:17,127000,11.490
2026/04/29 15:45:17,128000,11.496
2026/04/29 15:45:17,129000,11.507
2026/04/29 15:45:17,130000,11.493
2026/04/29 15:45:17,131000,11.487
2026/04/29 15:45:17,132000,11.493
2026/04/29 15:45:17,133000,11.493
2026/04/29 15:45:17,134000,11.490
2026/04/29 15:45:17,135000,11.493
2026/04/29 15:45:17,136000,11.493
2026/04/29 15:45:17,137000,11.493
2026/04/29 15:45:17,138000,11.490
2026/04/29 15:45:17,139000,11.499
2026/04/29 15:45:17,140000,11.493
2026/04/29 15:45:17,141000,11.490
2026/04/29 15:45:17,142000,11.499
2026/04/29 15:45:17,143000,11.493
2026/04/29 15:45:17,144000,11.490
2026/04/29 15:45:17,145000,11.493
2026/04/29 15:45:17,146000,11.493
2026/04/29 15:45:17,147000,11.490
2026/04/29 15:45:17,148000,11.496
2026/04/29 15:45:17,149000,11.490
2026/04/29 15:45:17,150000,11.493
2026/04/29 15:45:17,151000,11.496
2026/04/29 15:45:17,152000,11.499
2026/04/29 15:45:17,153000,11.496
2026/04/29 15:45:17,154000,11.493
2026/04/29 15:45:17,155000,11.490
2026/04/29 15:45:17,156000,11.493
2026/04/29 15:45:17,157000,11.499
2026/04/29 15:45:17,158000,11.499
2026/04/29 15:45:17,159000,11.493
2026/04/29 15:45:17,160000,11.493
2026/04/29 15:45:17,161000,11.493
2026/04/29 15:45:17,162000,11.493
2026/04/29 15:45:17,163000,11.490
2026/04/29 15:45:17,164000,11.493
2026/04/29 15:45:17,165000,11.493
2026/04/29 15:45:17,166000,11.493
2026/04/29 15:45:17,167000,11.496
2026/04/29 15:45:17,168000,11.490
2026/04/29 15:45:17,169000,11.487
2026/04/29 15:45:17,170000,11.496
2026/04/29 15:45:17,171000,11.493
2026/04/29 15:45:17,172000,11.493
2026/04/29 15:45:17,173000,11.496
2026/04/29 15:45:17,174000,11.493
2026/04/29 15:45:17,175000,11.499
2026/04/29 15:45:17,176000,11.496
2026/04/29 15:45:17,177000,11.499
2026/04/29 15:45:17,178000,11.496
2026/04/29 15:45:17,179000,11.493
2026/04/29 15:45:17,180000,11.496
2026/04/29 15:45:17,181000,11.490
2026/04/29 15:45:17,182000,11.496
2026/04/29 15:45:17,183000,11.499
2026/04/29 15:45:17,184000,11.493
2026/04/29 15:45:17,185000,11.490
2026/04/29 15:45:17,186000,11.493
2026/04/29 15:45:17,187000,11.493
2026/04/29 15:45:17,188000,11.490
2026/04/29 15:45:17,189000,11.487
2026/04/29 15:45:17,190000,11.493
2026/04/29 15:45:17,191000,11.493
2026/04/29 15:45:17,192000,11.490
2026/04/29 15:45:17,193000,11.496
2026/04/29 15:45:17,194000,11.493
2026/04/29 15:45:17,195000,11.490
2026/04/29 15:45:17,196000,11.493
2026/04/29 15:45:17,197000,11.499
2026/04/29 15:45:17,198000,11.496
2026/04/29 15:45:17,199000,11.493
2026/04/29 15:45:17,200000,11.501
2026/04/29 15:45:17,201000,11.487
2026/04/29 15:45:17,202000,11.493
2026/04/29 15:45:17,203000,11.493
2026/04/29 15:45:17,204000,11.496
2026/04/29 15:45:17,205000,11.493
2026/04/29 15:45:17,206000,11.499
2026/04/29 15:45:17,207000,11.493
2026/04/29 15:45:17,208000,11.493
2026/04/29 15:45:17,209000,11.493
2026/04/29 15:45:17,210000,11.490
2026/04/29 15:45:17,211000,11.490
2026/04/29 15:45:17,212000,11.493
2026/04/29 15:45:17,213000,11.482
2026/04/29 15:45:17,214000,11.499
2026/04/29 15:45:17,215000,11.499
2026/04/29 15:45:17,216000,11.493
2026/04/29 15:45:17,217000,11.490
2026/04/29 15:45:17,218000,11.493
2026/04/29 15:45:17,219000,11.493
2026/04/29 15:45:17,220000,11.499
2026/04/29 15:45:17,221000,11.490
2026/04/29 15:45:17,222000,11.496
2026/04/29 15:45:17,223000,11.493
2026/04/29 15:45:17,224000,11.490
2026/04/29 15:45:17,225000,11.496
2026/04/29 15:45:17,226000,11.496
2026/04/29 15:45:17,227000,11.496
2026/04/29 15:45:17,228000,11.499
2026/04/29 15:45:17,229000,11.490
2026/04/29 15:45:17,230000,11.493
2026/04/29 15:45:17,231000,11.496
2026/04/29 15:45:17,232000,11.499
2026/04/29 15:45:17,233000,11.493
2026/04/29 15:45:17,234000,11.496
2026/04/29 15:45:17,235000,11.493
2026/04/29 15:45:17,236000,11.493
2026/04/29 15:45:17,237000,11.490
2026/04/29 15:45:17,238000,11.493
2026/04/29 15:45:17,239000,11.487
2026/04/29 15:45:17,240000,11.496
2026/04/29 15:45:17,241000,11.496
2026/04/29 15:45:17,242000,11.501
2026/04/29 15:45:17,243000,11.490
2026/04/29 15:45:17,244000,11.490
2026/04/29 15:45:17,245000,11.499
2026/04/29 15:45:17,246000,11.487
2026/04/29 15:45:17,247000,11.490
2026/04/29 15:45:17,248000,11.496
2026/04/29 15:45:17,249000,11.496
2026/04/29 15:45:17,250000,11.496
2026/04/29 15:45:17,251000,11.490
2026/04/29 15:45:17,252000,11.490
2026/04/29 15:45:17,253000,11.496
2026/04/29 15:45:17,254000,11.496
2026/04/29 15:45:17,255000,11.490
2026/04/29 15:45:17,256000,11.493
2026/04/29 15:45:17,257000,11.493
2026/04/29 15:45:17,258000,11.487
2026/04/29 15:45:17,259000,11.487
2026/04/29 15:45:17,260000,11.493
2026/04/29 15:45:17,261000,11.496
2026/04/29 15:45:17,262000,11.493
2026/04/29 15:45:17,263000,11.493
2026/04/29 15:45:17,264000,11.496
2026/04/29 15:45:17,265000,11.487
2026/04/29 15:45:17,266000,11.490
2026/04/29 15:45:17,267000,11.496
2026/04/29 15:45:17,268000,11.493
2026/04/29 15:45:17,269000,11.499
2026/04/29 15:45:17,270000,11.493
2026/04/29 15:45:17,271000,11.493
2026/04/29 15:45:17,272000,11.493
2026/04/29 15:45:17,273000,11.493
2026/04/29 15:45:17,274000,11.496
2026/04/29 15:45:17,275000,11.499
2026/04/29 15:45:17,276000,11.493
2026/04/29 15:45:17,277000,11.496
2026/04/29 15:45:17,278000,11.493
2026/04/29 15:45:17,279000,11.490
2026/04/29 15:45:17,280000,11.496
2026/04/29 15:45:17,281000,11.499
2026/04/29 15:45:17,282000,11.496
2026/04/29 15:45:17,283000,11.487
2026/04/29 15:45:17,284000,11.496
2026/04/29 15:45:17,285000,11.493
2026/04/29 15:45:17,286000,11.490
2026/04/29 15:45:17,287000,11.490
2026/04/29 15:45:17,288000,11.487
2026/04/29 15:45:17,289000,11.490
2026/04/29 15:45:17,290000,11.499
2026/04/29 15:45:17,291000,11.493
2026/04/29 15:45:17,292000,11.496
2026/04/29 15:45:17,293000,11.496
2026/04/29 15:45:17,294000,11.490
2026/04/29 15:45:17,295000,11.496
2026/04/29 15:45:17,296000,11.499
2026/04/29 15:45:17,297000,11.496
2026/04/29 15:45:17,298000,11.493
2026/04/29 15:45:17,299000,11.490
2026/04/29 15:45:17,300000,11.487
2026/04/29 15:45:17,301000,11.493
2026/04/29 15:45:17,302000,11.496
2026/04/29 15:45:17,303000,11.490
2026/04/29 15:45:17,304000,11.490
2026/04/29 15:45:17,305000,11.493
2026/04/29 15:45:17,306000,11.496
2026/04/29 15:45:17,307000,11.493
2026/04/29 15:45:17,308000,11.501
2026/04/29 15:45:17,309000,11.499
2026/04/29 15:45:17,310000,11.496
2026/04/29 15:45:17,311000,11.490
2026/04/29 15:45:17,312000,11.496
2026/04/29 15:45:17,313000,11.499
2026/04/29 15:45:17,314000,11.487
2026/04/29 15:45:17,315000,11.493
2026/04/29 15:45:17,316000,11.496
2026/04/29 15:45:17,317000,11.496
2026/04/29 15:45:17,318000,11.490
2026/04/29 15:45:17,319000,11.493
2026/04/29 15:45:17,320000,11.493
2026/04/29 15:45:17,321000,11.490
2026/04/29 15:45:17,322000,11.493
2026/04/29 15:45:17,323000,11.493
2026/04/29 15:45:17,324000,11.496
2026/04/29 15:45:17,325000,11.493
2026/04/29 15:45:17,326000,11.490
2026/04/29 15:45:17,327000,11.490
2026/04/29 15:45:17,328000,11.493
2026/04/29 15:45:17,329000,11.493
2026/04/29 15:45:17,330000,11.499
2026/04/29 15:45:17,331000,11.493
2026/04/29 15:45:17,332000,11.496
2026/04/29 15:45:17,333000,11.487
2026/04/29 15:45:17,334000,11.496
2026/04/29 15:45:17,335000,11.496
2026/04/29 15:45:17,336000,11.493
2026/04/29 15:45:17,337000,11.496
2026/04/29 15:45:17,338000,11.493
2026/04/29 15:45:17,339000,11.493
2026/04/29 15:45:17,340000,11.490
2026/04/29 15:45:17,341000,11.499
2026/04/29 15:45:17,342000,11.493
2026/04/29 15:45:17,343000,11.499
2026/04/29 15:45:17,344000,11.493
2026/04/29 15:45:17,345000,11.490
2026/04/29 15:45:17,346000,11.490
2026/04/29 15:45:17,347000,11.493
2026/04/29 15:45:17,348000,11.493
2026/04/29 15:45:17,349000,11.493
2026/04/29 15:45:17,350000,11.493
2026/04/29 15:45:17,351000,11.499
2026/04/29 15:45:17,352000,11.493
2026/04/29 15:45:17,353000,11.496
2026/04/29 15:45:17,354000,11.493
2026/04/29 15:45:17,355000,11.493
2026/04/29 15:45:17,356000,11.496
2026/04/29 15:45:17,357000,11.493
2026/04/29 15:45:17,358000,11.490
2026/04/29 15:45:17,359000,11.496
2026/04/29 15:45:17,360000,11.499
2026/04/29 15:45:17,361000,11.490
2026/04/29 15:45:17,362000,11.493
2026/04/29 15:45:17,363000,11.490
2026/04/29 15:45:17,364000,11.493
2026/04/29 15:45:17,365000,11.493
2026/04/29 15:45:17,366000,11.493
2026/04/29 15:45:17,367000,11.493
2026/04/29 15:45:17,368000,11.499
2026/04/29 15:45:17,369000,11.493
2026/04/29 15:45:17,370000,11.493
2026/04/29 15:45:17,371000,11.496
2026/04/29 15:45:17,372000,11.493
2026/04/29 15:45:17,373000,11.493
2026/04/29 15:45:17,374000,11.490
2026/04/29 15:45:17,375000,11.493
2026/04/29 15:45:17,376000,11.499
2026/04/29 15:45:17,377000,11.501
2026/04/29 15:45:17,378000,11.493
2026/04/29 15:45:17,379000,11.496
2026/04/29 15:45:17,380000,11.490
2026/04/29 15:45:17,381000,11.496
2026/04/29 15:45:17,382000,11.496
2026/04/29 15:45:17,383000,11.490
2026/04/29 15:45:17,384000,11.496
2026/04/29 15:45:17,385000,11.499
2026/04/29 15:45:17,386000,11.493
2026/04/29 15:45:17,387000,11.487
2026/04/29 15:45:17,388000,11.496
2026/04/29 15:45:17,389000,11.487
2026/04/29 15:45:17,390000,11.496
2026/04/29 15:45:17,391000,11.490
2026/04/29 15:45:17,392000,11.490
2026/04/29 15:45:17,393000,11.493
2026/04/29 15:45:17,394000,11.493
2026/04/29 15:45:17,395000,11.493
2026/04/29 15:45:17,396000,11.490
2026/04/29 15:45:17,397000,11.493
2026/04/29 15:45:17,398000,11.496
2026/04/29 15:45:17,399000,11.487
2026/04/29 15:45:17,400000,11.487
2026/04/29 15:45:17,401000,11.493
2026/04/29 15:45:17,402000,11.499
2026/04/29 15:45:17,403000,11.499
2026/04/29 15:45:17,404000,11.490
2026/04/29 15:45:17,405000,11.493
2026/04/29 15:45:17,406000,11.493
2026/04/29 15:45:17,407000,11.493
2026/04/29 15:45:17,408000,11.493
2026/04/29 15:45:17,409000,11.499
2026/04/29 15:45:17,410000,11.499
2026/04/29 15:45:17,411000,11.496
2026/04/29 15:45:17,412000,11.493
2026/04/29 15:45:17,413000,11.496
2026/04/29 15:45:17,414000,11.496
2026/04/29 15:45:17,415000,11.499
2026/04/29 15:45:17,416000,11.493
2026/04/29 15:45:17,417000,11.493
2026/04/29 15:45:17,418000,11.499
2026/04/29 15:45:17,419000,11.499
2026/04/29 15:45:17,420000,11.493
2026/04/29 15:45:17,421000,11.493
2026/04/29 15:45:17,422000,11.493
2026/04/29 15:45:17,423000,11.490
2026/04/29 15:45:17,424000,11.487
2026/04/29 15:45:17,425000,11.487
2026/04/29 15:45:17,426000,11.487
2026/04/29 15:45:17,427000,11.493
2026/04/29 15:45:17,428000,11.493
2026/04/29 15:45:17,429000,11.493
2026/04/29 15:45:17,430000,11.490
2026/04/29 15:45:17,431000,11.490
2026/04/29 15:45:17,432000,11.496
2026/04/29 15:45:17,433000,11.490
2026/04/29 15:45:17,434000,11.493
2026/04/29 15:45:17,435000,11.490
2026/04/29 15:45:17,436000,11.493
2026/04/29 15:45:17,437000,11.496
2026/04/29 15:45:17,438000,11.499
2026/04/29 15:45:17,439000,11.490
2026/04/29 15:45:17,440000,11.490
2026/04/29 15:45:17,441000,11.501
2026/04/29 15:45:17,442000,11.493
2026/04/29 15:45:17,443000,11.490
2026/04/29 15:45:17,444000,11.490
2026/04/29 15:45:17,445000,11.493
2026/04/29 15:45:17,446000,11.493
2026/04/29 15:45:17,447000,11.493
2026/04/29 15:45:17,448000,11.499
2026/04/29 15:45:17,449000,11.490
2026/04/29 15:45:17,450000,11.490
2026/04/29 15:45:17,451000,11.496
2026/04/29 15:45:17,452000,11.493
2026/04/29 15:45:17,453000,11.490
2026/04/29 15:45:17,454000,11.490
2026/04/29 15:45:17,455000,11.493
2026/04/29 15:45:17,456000,11.501
2026/04/29 15:45:17,457000,11.493
2026/04/29 15:45:17,458000,11.496
2026/04/29 15:45:17,459000,11.496
2026/04/29 15:45:17,460000,11.499
2026/04/29 15:45:17,461000,11.496
2026/04/29 15:45:17,462000,11.493
2026/04/29 15:45:17,463000,11.493
2026/04/29 15:45:17,464000,11.496
2026/04/29 15:45:17,465000,11.487
2026/04/29 15:45:17,466000,11.493
2026/04/29 15:45:17,467000,11.493
2026/04/29 15:45:17,468000,11.490
2026/04/29 15:45:17,469000,11.493
2026/04/29 15:45:17,470000,11.493
2026/04/29 15:45:17,471000,11.499
2026/04/29 15:45:17,472000,11.493
2026/04/29 15:45:17,473000,11.493
2026/04/29 15:45:17,474000,11.493
2026/04/29 15:45:17,475000,11.493
2026/04/29 15:45:17,476000,11.496
2026/04/29 15:45:17,477000,11.493
2026/04/29 15:45:17,478000,11.496
2026/04/29 15:45:17,479000,11.490
2026/04/29 15:45:17,480000,11.499
2026/04/29 15:45:17,481000,11.490
2026/04/29 15:45:17,482000,11.496
2026/04/29 15:45:17,483000,11.493
2026/04/29 15:45:17,484000,11.499
2026/04/29 15:45:17,485000,11.493
2026/04/29 15:45:17,486000,11.499
2026/04/29 15:45:17,487000,11.493
2026/04/29 15:45:17,488000,11.493
2026/04/29 15:45:17,489000,11.499
2026/04/29 15:45:17,490000,11.490
2026/04/29 15:45:17,491000,11.493
2026/04/29 15:45:17,492000,11.490
2026/04/29 15:45:17,493000,11.490
2026/04/29 15:45:17,494000,11.490
2026/04/29 15:45:17,495000,11.496
2026/04/29 15:45:17,496000,11.496
2026/04/29 15:45:17,497000,11.496
2026/04/29 15:45:17,498000,11.493
2026/04/29 15:45:17,499000,11.490
2026/04/29 15:45:17,500000,11.496
2026/04/29 15:45:17,501000,11.493
2026/04/29 15:45:17,502000,11.493
2026/04/29 15:45:17,503000,11.499
2026/04/29 15:45:17,504000,11.499
2026/04/29 15:45:17,505000,11.490
2026/04/29 15:45:17,506000,11.493
2026/04/29 15:45:17,507000,11.493
2026/04/29 15:45:17,508000,11.499
2026/04/29 15:45:17,509000,11.490
2026/04/29 15:45:17,510000,11.490
2026/04/29 15:45:17,511000,11.493
2026/04/29 15:45:17,512000,11.499
2026/04/29 15:45:17,513000,11.487
2026/04/29 15:45:17,514000,11.493
2026/04/29 15:45:17,515000,11.487
2026/04/29 15:45:17,516000,11.493
2026/04/29 15:45:17,517000,11.485
2026/04/29 15:45:17,518000,11.496
2026/04/29 15:45:17,519000,11.493
2026/04/29 15:45:17,520000,11.490
2026/04/29 15:45:17,521000,11.487
2026/04/29 15:45:17,522000,11.490
2026/04/29 15:45:17,523000,11.490
2026/04/29 15:45:17,524000,11.493
2026/04/29 15:45:17,525000,11.490
2026/04/29 15:45:17,526000,11.490
2026/04/29 15:45:17,527000,11.490
2026/04/29 15:45:17,528000,11.490
2026/04/29 15:45:17,529000,11.496
2026/04/29 15:45:17,530000,11.499
2026/04/29 15:45:17,531000,11.501
2026/04/29 15:45:17,532000,11.493
2026/04/29 15:45:17,533000,11.493
2026/04/29 15:45:17,534000,11.507
2026/04/29 15:45:17,535000,11.493
2026/04/29 15:45:17,536000,11.496
2026/04/29 15:45:17,537000,11.496
2026/04/29 15:45:17,538000,11.490
2026/04/29 15:45:17,539000,11.493
2026/04/29 15:45:17,540000,11.496
2026/04/29 15:45:17,541000,11.493
2026/04/29 15:45:17,542000,11.490
2026/04/29 15:45:17,543000,11.493
2026/04/29 15:45:17,544000,11.490
2026/04/29 15:45:17,545000,11.487
2026/04/29 15:45:17,546000,11.493
2026/04/29 15:45:17,547000,11.493
2026/04/29 15:45:17,548000,11.493
2026/04/29 15:45:17,549000,11.496
2026/04/29 15:45:17,550000,11.493
2026/04/29 15:45:17,551000,11.496
2026/04/29 15:45:17,552000,11.493
2026/04/29 15:45:17,553000,11.493
2026/04/29 15:45:17,554000,11.487
2026/04/29 15:45:17,555000,11.493
2026/04/29 15:45:17,556000,11.493
2026/04/29 15:45:17,557000,11.493
2026/04/29 15:45:17,558000,11.493
2026/04/29 15:45:17,559000,11.493
2026/04/29 15:45:17,560000,11.499
2026/04/29 15:45:17,561000,11.496
2026/04/29 15:45:17,562000,11.493
2026/04/29 15:45:17,563000,11.485
2026/04/29 15:45:17,564000,11.493
2026/04/29 15:45:17,565000,11.490
2026/04/29 15:45:17,566000,11.496
2026/04/29 15:45:17,567000,11.493
2026/04/29 15:45:17,568000,11.487
2026/04/29 15:45:17,569000,11.490
2026/04/29 15:45:17,570000,11.496
2026/04/29 15:45:17,571000,11.496
2026/04/29 15:45:17,572000,11.496
2026/04/29 15:45:17,573000,11.490
2026/04/29 15:45:17,574000,11.490
2026/04/29 15:45:17,575000,11.493
2026/04/29 15:45:17,576000,11.485
2026/04/29 15:45:17,577000,11.493
2026/04/29 15:45:17,578000,11.499
2026/04/29 15:45:17,579000,11.493
2026/04/29 15:45:17,580000,11.493
2026/04/29 15:45:17,581000,11.493
2026/04/29 15:45:17,582000,11.490
2026/04/29 15:45:17,583000,11.496
2026/04/29 15:45:17,584000,11.490
2026/04/29 15:45:17,585000,11.490
2026/04/29 15:45:17,586000,11.487
2026/04/29 15:45:17,587000,11.499
2026/04/29 15:45:17,588000,11.487
2026/04/29 15:45:17,589000,11.490
2026/04/29 15:45:17,590000,11.490
2026/04/29 15:45:17,591000,11.493
2026/04/29 15:45:17,592000,11.490
2026/04/29 15:45:17,593000,11.487
2026/04/29 15:45:17,594000,11.501
2026/04/29 15:45:17,595000,11.493
2026/04/29 15:45:17,596000,11.493
2026/04/29 15:45:17,597000,11.499
2026/04/29 15:45:17,598000,11.501
2026/04/29 15:45:17,599000,11.496
2026/04/29 15:45:17,600000,11.490
2026/04/29 15:45:17,601000,11.490
2026/04/29 15:45:17,602000,11.493
2026/04/29 15:45:17,603000,11.493
2026/04/29 15:45:17,604000,11.496
2026/04/29 15:45:17,605000,11.499
2026/04/29 15:45:17,606000,11.490
2026/04/29 15:45:17,607000,11.490
2026/04/29 15:45:17,608000,11.493
2026/04/29 15:45:17,609000,11.490
2026/04/29 15:45:17,610000,11.496
2026/04/29 15:45:17,611000,11.496
2026/04/29 15:45:17,612000,11.493
2026/04/29 15:45:17,613000,11.493
2026/04/29 15:45:17,614000,11.499
2026/04/29 15:45:17,615000,11.496
2026/04/29 15:45:17,616000,11.490
2026/04/29 15:45:17,617000,11.499
2026/04/29 15:45:17,618000,11.490
2026/04/29 15:45:17,619000,11.493
2026/04/29 15:45:17,620000,11.490
2026/04/29 15:45:17,621000,11.490
2026/04/29 15:45:17,622000,11.487
2026/04/29 15:45:17,623000,11.490
2026/04/29 15:45:17,624000,11.496
2026/04/29 15:45:17,625000,11.490
2026/04/29 15:45:17,626000,11.499
2026/04/29 15:45:17,627000,11.499
2026/04/29 15:45:17,628000,11.490
2026/04/29 15:45:17,629000,11.490
2026/04/29 15:45:17,630000,11.493
2026/04/29 15:45:17,631000,11.490
2026/04/29 15:45:17,632000,11.490
2026/04/29 15:45:17,633000,11.493
2026/04/29 15:45:17,634000,11.493
2026/04/29 15:45:17,635000,11.485
2026/04/29 15:45:17,636000,11.487
2026/04/29 15:45:17,637000,11.487
2026/04/29 15:45:17,638000,11.493
2026/04/29 15:45:17,639000,11.493
2026/04/29 15:45:17,640000,11.496
2026/04/29 15:45:17,641000,11.493
2026/04/29 15:45:17,642000,11.487
2026/04/29 15:45:17,643000,11.490
2026/04/29 15:45:17,644000,11.485
2026/04/29 15:45:17,645000,11.493
2026/04/29 15:45:17,646000,11.485
2026/04/29 15:45:17,647000,11.496
2026/04/29 15:45:17,648000,11.501
2026/04/29 15:45:17,649000,11.490
2026/04/29 15:45:17,650000,11.493
2026/04/29 15:45:17,651000,11.493
2026/04/29 15:45:17,652000,11.490
2026/04/29 15:45:17,653000,11.493
2026/04/29 15:45:17,654000,11.496
2026/04/29 15:45:17,655000,11.496
2026/04/29 15:45:17,656000,11.496
2026/04/29 15:45:17,657000,11.493
2026/04/29 15:45:17,658000,11.490
2026/04/29 15:45:17,659000,11.493
2026/04/29 15:45:17,660000,11.485
2026/04/29 15:45:17,661000,11.493
2026/04/29 15:45:17,662000,11.493
2026/04/29 15:45:17,663000,11.493
2026/04/29 15:45:17,664000,11.496
2026/04/29 15:45:17,665000,11.493
2026/04/29 15:45:17,666000,11.496
2026/04/29 15:45:17,667000,11.493
2026/04/29 15:45:17,668000,11.487
2026/04/29 15:45:17,669000,11.490
2026/04/29 15:45:17,670000,11.490
2026/04/29 15:45:17,671000,11.493
2026/04/29 15:45:17,672000,11.490
2026/04/29 15:45:17,673000,11.499
2026/04/29 15:45:17,674000,11.490
2026/04/29 15:45:17,675000,11.490
2026/04/29 15:45:17,676000,11.490
2026/04/29 15:45:17,677000,11.493
2026/04/29 15:45:17,678000,11.496
2026/04/29 15:45:17,679000,11.493
2026/04/29 15:45:17,680000,11.496
2026/04/29 15:45:17,681000,11.487
2026/04/29 15:45:17,682000,11.490
2026/04/29 15:45:17,683000,11.493
2026/04/29 15:45:17,684000,11.487
2026/04/29 15:45:17,685000,11.493
2026/04/29 15:45:17,686000,11.493
2026/04/29 15:45:17,687000,11.490
2026/04/29 15:45:17,688000,11.496
2026/04/29 15:45:17,689000,11.490
2026/04/29 15:45:17,690000,11.490
2026/04/29 15:45:17,691000,11.499
2026/04/29 15:45:17,692000,11.490
2026/04/29 15:45:17,693000,11.499
2026/04/29 15:45:17,694000,11.490
2026/04/29 15:45:17,695000,11.490
2026/04/29 15:45:17,696000,11.493
2026/04/29 15:45:17,697000,11.501
2026/04/29 15:45:17,698000,11.493
2026/04/29 15:45:17,699000,11.501
2026/04/29 15:45:17,700000,11.493
2026/04/29 15:45:17,701000,11.493
2026/04/29 15:45:17,702000,11.490
2026/04/29 15:45:17,703000,11.493
2026/04/29 15:45:17,704000,11.493
2026/04/29 15:45:17,705000,11.496
2026/04/29 15:45:17,706000,11.490
2026/04/29 15:45:17,707000,11.493
2026/04/29 15:45:17,708000,11.490
2026/04/29 15:45:17,709000,11.493
2026/04/29 15:45:17,710000,11.493
2026/04/29 15:45:17,711000,11.490
2026/04/29 15:45:17,712000,11.493
2026/04/29 15:45:17,713000,11.493
2026/04/29 15:45:17,714000,11.490
2026/04/29 15:45:17,715000,11.490
2026/04/29 15:45:17,716000,11.493
2026/04/29 15:45:17,717000,11.493
2026/04/29 15:45:17,718000,11.490
2026/04/29 15:45:17,719000,11.487
2026/04/29 15:45:17,720000,11.493
2026/04/29 15:45:17,721000,11.493
2026/04/29 15:45:17,722000,11.493
2026/04/29 15:45:17,723000,11.493
2026/04/29 15:45:17,724000,11.496
2026/04/29 15:45:17,725000,11.490
2026/04/29 15:45:17,726000,11.496
2026/04/29 15:45:17,727000,11.493
2026/04/29 15:45:17,728000,11.487
2026/04/29 15:45:17,729000,11.487
2026/04/29 15:45:17,730000,11.493
2026/04/29 15:45:17,731000,11.501
2026/04/29 15:45:17,732000,11.493
2026/04/29 15:45:17,733000,11.496
2026/04/29 15:45:17,734000,11.496
2026/04/29 15:45:17,735000,11.485
2026/04/29 15:45:17,736000,11.499
2026/04/29 15:45:17,737000,11.501
2026/04/29 15:45:17,738000,11.490
2026/04/29 15:45:17,739000,11.496
2026/04/29 15:45:17,740000,11.490
2026/04/29 15:45:17,741000,11.496
2026/04/29 15:45:17,742000,11.493
2026/04/29 15:45:17,743000,11.493
2026/04/29 15:45:17,744000,11.496
2026/04/29 15:45:17,745000,11.490
2026/04/29 15:45:17,746000,11.496
2026/04/29 15:45:17,747000,11.490
2026/04/29 15:45:17,748000,11.499
2026/04/29 15:45:17,749000,11.493
2026/04/29 15:45:17,750000,11.496
2026/04/29 15:45:17,751000,11.490
2026/04/29 15:45:17,752000,11.493
2026/04/29 15:45:17,753000,11.496
2026/04/29 15:45:17,754000,11.493
2026/04/29 15:45:17,755000,11.499
2026/04/29 15:45:17,756000,11.496
2026/04/29 15:45:17,757000,11.496
2026/04/29 15:45:17,758000,11.499
2026/04/29 15:45:17,759000,11.499
2026/04/29 15:45:17,760000,11.493
2026/04/29 15:45:17,761000,11.496
2026/04/29 15:45:17,762000,11.496
2026/04/29 15:45:17,763000,11.496
2026/04/29 15:45:17,764000,11.493
2026/04/29 15:45:17,765000,11.496
2026/04/29 15:45:17,766000,11.490
2026/04/29 15:45:17,767000,11.499
2026/04/29 15:45:17,768000,11.487
2026/04/29 15:45:17,769000,11.493
2026/04/29 15:45:17,770000,11.490
2026/04/29 15:45:17,771000,11.493
2026/04/29 15:45:17,772000,11.493
2026/04/29 15:45:17,773000,11.493
2026/04/29 15:45:17,774000,11.493
2026/04/29 15:45:17,775000,11.493
2026/04/29 15:45:17,776000,11.499
2026/04/29 15:45:17,777000,11.490
2026/04/29 15:45:17,778000,11.493
2026/04/29 15:45:17,779000,11.493
2026/04/29 15:45:17,780000,11.496
2026/04/29 15:45:17,781000,11.493
2026/04/29 15:45:17,782000,11.493
2026/04/29 15:45:17,783000,11.499
2026/04/29 15:45:17,784000,11.493
2026/04/29 15:45:17,785000,11.496
2026/04/29 15:45:17,786000,11.499
2026/04/29 15:45:17,787000,11.493
2026/04/29 15:45:17,788000,11.487
2026/04/29 15:45:17,789000,11.499
2026/04/29 15:45:17,790000,11.496
2026/04/29 15:45:17,791000,11.493
2026/04/29 15:45:17,792000,11.499
2026/04/29 15:45:17,793000,11.490
2026/04/29 15:45:17,794000,11.493
2026/04/29 15:45:17,795000,11.493
2026/04/29 15:45:17,796000,11.499
2026/04/29 15:45:17,797000,11.490
2026/04/29 15:45:17,798000,11.493
2026/04/29 15:45:17,799000,11.496
2026/04/29 15:45:17,800000,11.496
2026/04/29 15:45:17,801000,11.490
2026/04/29 15:45:17,802000,11.490
2026/04/29 15:45:17,803000,11.496
2026/04/29 15:45:17,804000,11.499
2026/04/29 15:45:17,805000,11.490
2026/04/29 15:45:17,806000,11.490
2026/04/29 15:45:17,807000,11.496
2026/04/29 15:45:17,808000,11.490
2026/04/29 15:45:17,809000,11.499
2026/04/29 15:45:17,810000,11.493
2026/04/29 15:45:17,811000,11.493
2026/04/29 15:45:17,812000,11.493
2026/04/29 15:45:17,813000,11.493
2026/04/29 15:45:17,814000,11.490
2026/04/29 15:45:17,815000,11.499
2026/04/29 15:45:17,816000,11.496
2026/04/29 15:45:17,817000,11.493
2026/04/29 15:45:17,818000,11.499
2026/04/29 15:45:17,819000,11.496
2026/04/29 15:45:17,820000,11.496
2026/04/29 15:45:17,821000,11.493
2026/04/29 15:45:17,822000,11.496
2026/04/29 15:45:17,823000,11.493
2026/04/29 15:45:17,824000,11.496
2026/04/29 15:45:17,825000,11.493
2026/04/29 15:45:17,826000,11.496
2026/04/29 15:45:17,827000,11.490
2026/04/29 15:45:17,828000,11.493
2026/04/29 15:45:17,829000,11.493
2026/04/29 15:45:17,830000,11.490
2026/04/29 15:45:17,831000,11.493
2026/04/29 15:45:17,832000,11.493
2026/04/29 15:45:17,833000,11.487
2026/04/29 15:45:17,834000,11.496
2026/04/29 15:45:17,835000,11.490
2026/04/29 15:45:17,836000,11.496
2026/04/29 15:45:17,837000,11.490
2026/04/29 15:45:17,838000,11.493
2026/04/29 15:45:17,839000,11.490
2026/04/29 15:45:17,840000,11.499
2026/04/29 15:45:17,841000,11.493
2026/04/29 15:45:17,842000,11.496
2026/04/29 15:45:17,843000,11.499
2026/04/29 15:45:17,844000,11.501
2026/04/29 15:45:17,845000,11.490
2026/04/29 15:45:17,846000,11.493
2026/04/29 15:45:17,847000,11.493
2026/04/29 15:45:17,848000,11.499
2026/04/29 15:45:17,849000,11.490
2026/04/29 15:45:17,850000,11.490
2026/04/29 15:45:17,851000,11.496
2026/04/29 15:45:17,852000,11.493
2026/04/29 15:45:17,853000,11.493
2026/04/29 15:45:17,854000,11.487
2026/04/29 15:45:17,855000,11.496
2026/04/29 15:45:17,856000,11.493
2026/04/29 15:45:17,857000,11.490
2026/04/29 15:45:17,858000,11.493
2026/04/29 15:45:17,859000,11.487
2026/04/29 15:45:17,860000,11.490
2026/04/29 15:45:17,861000,11.490
2026/04/29 15:45:17,862000,11.490
2026/04/29 15:45:17,863000,11.496
2026/04/29 15:45:17,864000,11.493
2026/04/29 15:45:17,865000,11.496
2026/04/29 15:45:17,866000,11.490
2026/04/29 15:45:17,867000,11.487
2026/04/29 15:45:17,868000,11.493
2026/04/29 15:45:17,869000,11.490
2026/04/29 15:45:17,870000,11.496
2026/04/29 15:45:17,871000,11.496
2026/04/29 15:45:17,872000,11.493
2026/04/29 15:45:17,873000,11.493
2026/04/29 15:45:17,874000,11.496
2026/04/29 15:45:17,875000,11.493
2026/04/29 15:45:17,876000,11.496
2026/04/29 15:45:17,877000,11.490
2026/04/29 15:45:17,878000,11.493
2026/04/29 15:45:17,879000,11.490
2026/04/29 15:45:17,880000,11.493
2026/04/29 15:45:17,881000,11.496
2026/04/29 15:45:17,882000,11.493
2026/04/29 15:45:17,883000,11.490
2026/04/29 15:45:17,884000,11.496
2026/04/29 15:45:17,885000,11.490
2026/04/29 15:45:17,886000,11.493
2026/04/29 15:45:17,887000,11.490
2026/04/29 15:45:17,888000,11.496
2026/04/29 15:45:17,889000,11.493
2026/04/29 15:45:17,890000,11.493
2026/04/29 15:45:17,891000,11.487
2026/04/29 15:45:17,892000,11.496
2026/04/29 15:45:17,893000,11.496
2026/04/29 15:45:17,894000,11.499
2026/04/29 15:45:17,895000,11.493
2026/04/29 15:45:17,896000,11.496
2026/04/29 15:45:17,897000,11.499
2026/04/29 15:45:17,898000,11.493
2026/04/29 15:45:17,899000,11.493
2026/04/29 15:45:17,900000,11.493
2026/04/29 15:45:17,901000,11.490
2026/04/29 15:45:17,902000,11.496
2026/04/29 15:45:17,903000,11.493
2026/04/29 15:45:17,904000,11.490
2026/04/29 15:45:17,905000,11.493
2026/04/29 15:45:17,906000,11.496
2026/04/29 15:45:17,907000,11.493
2026/04/29 15:45:17,908000,11.490
2026/04/29 15:45:17,909000,11.493
2026/04/29 15:45:17,910000,11.493
2026/04/29 15:45:17,911000,11.487
2026/04/29 15:45:17,912000,11.493
2026/04/29 15:45:17,913000,11.487
2026/04/29 15:45:17,914000,11.493
2026/04/29 15:45:17,915000,11.499
2026/04/29 15:45:17,916000,11.496
2026/04/29 15:45:17,917000,11.493
2026/04/29 15:45:17,918000,11.493
2026/04/29 15:45:17,919000,11.493
2026/04/29 15:45:17,920000,11.493
2026/04/29 15:45:17,921000,11.496
2026/04/29 15:45:17,922000,11.493
2026/04/29 15:45:17,923000,11.493
2026/04/29 15:45:17,924000,11.487
2026/04/29 15:45:17,925000,11.490
2026/04/29 15:45:17,926000,11.496
2026/04/29 15:45:17,927000,11.493
2026/04/29 15:45:17,928000,11.487
2026/04/29 15:45:17,929000,11.493
2026/04/29 15:45:17,930000,11.490
2026/04/29 15:45:17,931000,11.493
2026/04/29 15:45:17,932000,11.493
2026/04/29 15:45:17,933000,11.496
2026/04/29 15:45:17,934000,11.496
2026/04/29 15:45:17,935000,11.493
2026/04/29 15:45:17,936000,11.493
2026/04/29 15:45:17,937000,11.493
2026/04/29 15:45:17,938000,11.487
2026/04/29 15:45:17,939000,11.493
2026/04/29 15:45:17,940000,11.490
2026/04/29 15:45:17,941000,11.496
2026/04/29 15:45:17,942000,11.496
2026/04/29 15:45:17,943000,11.493
2026/04/29 15:45:17,944000,11.493
2026/04/29 15:45:17,945000,11.493
2026/04/29 15:45:17,946000,11.496
2026/04/29 15:45:17,947000,11.490
2026/04/29 15:45:17,948000,11.493
2026/04/29 15:45:17,949000,11.496
2026/04/29 15:45:17,950000,11.493
2026/04/29 15:45:17,951000,11.490
2026/04/29 15:45:17,952000,11.499
2026/04/29 15:45:17,953000,11.499
2026/04/29 15:45:17,954000,11.493
2026/04/29 15:45:17,955000,11.487
2026/04/29 15:45:17,956000,11.490
2026/04/29 15:45:17,957000,11.496
2026/04/29 15:45:17,958000,11.496
2026/04/29 15:45:17,959000,11.493
2026/04/29 15:45:17,960000,11.490
2026/04/29 15:45:17,961000,11.499
2026/04/29 15:45:17,962000,11.490
2026/04/29 15:45:17,963000,11.493
2026/04/29 15:45:17,964000,11.493
2026/04/29 15:45:17,965000,11.496
2026/04/29 15:45:17,966000,11.496
2026/04/29 15:45:17,967000,11.499
2026/04/29 15:45:17,968000,11.490
2026/04/29 15:45:17,969000,11.490
2026/04/29 15:45:17,970000,11.490
2026/04/29 15:45:17,971000,11.499
2026/04/29 15:45:17,972000,11.490
2026/04/29 15:45:17,973000,11.493
2026/04/29 15:45:17,974000,11.493
2026/04/29 15:45:17,975000,11.493
2026/04/29 15:45:17,976000,11.490
2026/04/29 15:45:17,977000,11.499
2026/04/29 15:45:17,978000,11.496
2026/04/29 15:45:17,979000,11.496
2026/04/29 15:45:17,980000,11.496
2026/04/29 15:45:17,981000,11.496
2026/04/29 15:45:17,982000,11.493
2026/04/29 15:45:17,983000,11.496
2026/04/29 15:45:17,984000,11.493
2026/04/29 15:45:17,985000,11.493
2026/04/29 15:45:17,986000,11.490
2026/04/29 15:45:17,987000,11.496
2026/04/29 15:45:17,988000,11.493
2026/04/29 15:45:17,989000,11.493
2026/04/29 15:45:17,990000,11.487
2026/04/29 15:45:17,991000,11.493
2026/04/29 15:45:17,992000,11.493
2026/04/29 15:45:17,993000,11.487
2026/04/29 15:45:17,994000,11.493
2026/04/29 15:45:17,995000,11.496
2026/04/29 15:45:17,996000,11.493
2026/04/29 15:45:17,997000,11.493
2026/04/29 15:45:17,998000,11.490
2026/04/29 15:45:17,999000,11.487
2026/04/29 15:45:18,000000,11.496
2026/04/29 15:45:18,001000,11.493
2026/04/29 15:45:18,002000,11.485
2026/04/29 15:45:18,003000,11.487
2026/04/29 15:45:18,004000,11.493
2026/04/29 15:45:18,005000,11.490
2026/04/29 15:45:18,006000,11.490
2026/04/29 15:45:18,007000,11.493
2026/04/29 15:45:18,008000,11.487
2026/04/29 15:45:18,009000,11.485
2026/04/29 15:45:18,010000,11.496
2026/04/29 15:45:18,011000,11.487
2026/04/29 15:45:18,012000,11.496
2026/04/29 15:45:18,013000,11.496
2026/04/29 15:45:18,014000,11.487
2026/04/29 15:45:18,015000,11.487
2026/04/29 15:45:18,016000,11.496
2026/04/29 15:45:18,017000,11.496
2026/04/29 15:45:18,018000,11.487
2026/04/29 15:45:18,019000,11.493
2026/04/29 15:45:18,020000,11.493
2026/04/29 15:45:18,021000,11.485
2026/04/29 15:45:18,022000,11.493
2026/04/29 15:45:18,023000,11.499
2026/04/29 15:45:18,024000,11.485
2026/04/29 15:45:18,025000,11.493
2026/04/29 15:45:18,026000,11.493
2026/04/29 15:45:18,027000,11.496
2026/04/29 15:45:18,028000,11.490
2026/04/29 15:45:18,029000,11.504
2026/04/29 15:45:18,030000,11.493
2026/04/29 15:45:18,031000,11.496
2026/04/29 15:45:18,032000,11.493
2026/04/29 15:45:18,033000,11.493
2026/04/29 15:45:18,034000,11.493
2026/04/29 15:45:18,035000,11.487
2026/04/29 15:45:18,036000,11.496
2026/04/29 15:45:18,037000,11.496
2026/04/29 15:45:18,038000,11.490
2026/04/29 15:45:18,039000,11.490
2026/04/29 15:45:18,040000,11.490
2026/04/29 15:45:18,041000,11.490
2026/04/29 15:45:18,042000,11.490
2026/04/29 15:45:18,043000,11.487
2026/04/29 15:45:18,044000,11.490
2026/04/29 15:45:18,045000,11.493
2026/04/29 15:45:18,046000,11.493
2026/04/29 15:45:18,047000,11.487
2026/04/29 15:45:18,048000,11.485
2026/04/29 15:45:18,049000,11.496
2026/04/29 15:45:18,050000,11.493
2026/04/29 15:45:18,051000,11.493
2026/04/29 15:45:18,052000,11.496
2026/04/29 15:45:18,053000,11.493
2026/04/29 15:45:18,054000,11.490
2026/04/29 15:45:18,055000,11.487
2026/04/29 15:45:18,056000,11.485
2026/04/29 15:45:18,057000,11.490
2026/04/29 15:45:18,058000,11.490
2026/04/29 15:45:18,059000,11.490
2026/04/29 15:45:18,060000,11.487
2026/04/29 15:45:18,061000,11.493
2026/04/29 15:45:18,062000,11.493
2026/04/29 15:45:18,063000,11.493
2026/04/29 15:45:18,064000,11.493
2026/04/29 15:45:18,065000,11.499
2026/04/29 15:45:18,066000,11.493
2026/04/29 15:45:18,067000,11.487
2026/04/29 15:45:18,068000,11.493
2026/04/29 15:45:18,069000,11.490
2026/04/29 15:45:18,070000,11.496
2026/04/29 15:45:18,071000,11.493
2026/04/29 15:45:18,072000,11.487
2026/04/29 15:45:18,073000,11.490
2026/04/29 15:45:18,074000,11.493
2026/04/29 15:45:18,075000,11.493
2026/04/29 15:45:18,076000,11.490
2026/04/29 15:45:18,077000,11.490
2026/04/29 15:45:18,078000,11.496
2026/04/29 15:45:18,079000,11.490
2026/04/29 15:45:18,080000,11.499
2026/04/29 15:45:18,081000,11.493
2026/04/29 15:45:18,082000,11.499
2026/04/29 15:45:18,083000,11.487
2026/04/29 15:45:18,084000,11.496
2026/04/29 15:45:18,085000,11.485
2026/04/29 15:45:18,086000,11.490
2026/04/29 15:45:18,087000,11.496
2026/04/29 15:45:18,088000,11.490
2026/04/29 15:45:18,089000,11.496
2026/04/29 15:45:18,090000,11.490
2026/04/29 15:45:18,091000,11.499
2026/04/29 15:45:18,092000,11.496
2026/04/29 15:45:18,093000,11.490
2026/04/29 15:45:18,094000,11.493
2026/04/29 15:45:18,095000,11.493
2026/04/29 15:45:18,096000,11.499
2026/04/29 15:45:18,097000,11.504
2026/04/29 15:45:18,098000,11.493
2026/04/29 15:45:18,099000,11.493
2026/04/29 15:45:18,100000,11.493
2026/04/29 15:45:18,101000,11.493
2026/04/29 15:45:18,102000,11.493
2026/04/29 15:45:18,103000,11.496
2026/04/29 15:45:18,104000,11.493
2026/04/29 15:45:18,105000,11.496
2026/04/29 15:45:18,106000,11.493
2026/04/29 15:45:18,107000,11.496
2026/04/29 15:45:18,108000,11.493
2026/04/29 15:45:18,109000,11.485
2026/04/29 15:45:18,110000,11.493
2026/04/29 15:45:18,111000,11.493
2026/04/29 15:45:18,112000,11.490
2026/04/29 15:45:18,113000,11.493
2026/04/29 15:45:18,114000,11.499
2026/04/29 15:45:18,115000,11.499
2026/04/29 15:45:18,116000,11.490
2026/04/29 15:45:18,117000,11.485
2026/04/29 15:45:18,118000,11.493
2026/04/29 15:45:18,119000,11.493
2026/04/29 15:45:18,120000,11.493
2026/04/29 15:45:18,121000,11.490
2026/04/29 15:45:18,122000,11.493
2026/04/29 15:45:18,123000,11.490
2026/04/29 15:45:18,124000,11.499
2026/04/29 15:45:18,125000,11.493
2026/04/29 15:45:18,126000,11.493
2026/04/29 15:45:18,127000,11.493
2026/04/29 15:45:18,128000,11.490
2026/04/29 15:45:18,129000,11.496
2026/04/29 15:45:18,130000,11.499
2026/04/29 15:45:18,131000,11.496
2026/04/29 15:45:18,132000,11.490
2026/04/29 15:45:18,133000,11.490
2026/04/29 15:45:18,134000,11.490
2026/04/29 15:45:18,135000,11.490
2026/04/29 15:45:18,136000,11.499
2026/04/29 15:45:18,137000,11.496
2026/04/29 15:45:18,138000,11.493
2026/04/29 15:45:18,139000,11.493
2026/04/29 15:45:18,140000,11.493
2026/04/29 15:45:18,141000,11.482
2026/04/29 15:45:18,142000,11.496
2026/04/29 15:45:18,143000,11.496
2026/04/29 15:45:18,144000,11.487
2026/04/29 15:45:18,145000,11.499
2026/04/29 15:45:18,146000,11.493
2026/04/29 15:45:18,147000,11.490
2026/04/29 15:45:18,148000,11.493
2026/04/29 15:45:18,149000,11.496
2026/04/29 15:45:18,150000,11.490
2026/04/29 15:45:18,151000,11.496
2026/04/29 15:45:18,152000,11.493
2026/04/29 15:45:18,153000,11.496
2026/04/29 15:45:18,154000,11.496
2026/04/29 15:45:18,155000,11.496
2026/04/29 15:45:18,156000,11.490
2026/04/29 15:45:18,157000,11.499
2026/04/29 15:45:18,158000,11.493
2026/04/29 15:45:18,159000,11.490
2026/04/29 15:45:18,160000,11.485
2026/04/29 15:45:18,161000,11.490
2026/04/29 15:45:18,162000,11.499
2026/04/29 15:45:18,163000,11.496
2026/04/29 15:45:18,164000,11.496
2026/04/29 15:45:18,165000,11.493
2026/04/29 15:45:18,166000,11.499
2026/04/29 15:45:18,167000,11.490
2026/04/29 15:45:18,168000,11.490
2026/04/29 15:45:18,169000,11.501
2026/04/29 15:45:18,170000,11.490
2026/04/29 15:45:18,171000,11.493
2026/04/29 15:45:18,172000,11.490
2026/04/29 15:45:18,173000,11.490
2026/04/29 15:45:18,174000,11.499
2026/04/29 15:45:18,175000,11.496
2026/04/29 15:45:18,176000,11.487
2026/04/29 15:45:18,177000,11.490
2026/04/29 15:45:18,178000,11.493
2026/04/29 15:45:18,179000,11.490
2026/04/29 15:45:18,180000,11.493
2026/04/29 15:45:18,181000,11.493
2026/04/29 15:45:18,182000,11.496
2026/04/29 15:45:18,183000,11.487
2026/04/29 15:45:18,184000,11.493
2026/04/29 15:45:18,185000,11.493
2026/04/29 15:45:18,186000,11.490
2026/04/29 15:45:18,187000,11.496
2026/04/29 15:45:18,188000,11.496
2026/04/29 15:45:18,189000,11.493
2026/04/29 15:45:18,190000,11.490
2026/04/29 15:45:18,191000,11.496
2026/04/29 15:45:18,192000,11.493
2026/04/29 15:45:18,193000,11.493
2026/04/29 15:45:18,194000,11.496
2026/04/29 15:45:18,195000,11.496
2026/04/29 15:45:18,196000,11.482
2026/04/29 15:45:18,197000,11.493
2026/04/29 15:45:18,198000,11.490
2026/04/29 15:45:18,199000,11.493
2026/04/29 15:45:18,200000,11.490
2026/04/29 15:45:18,201000,11.487
2026/04/29 15:45:18,202000,11.496
2026/04/29 15:45:18,203000,11.496
2026/04/29 15:45:18,204000,11.493
2026/04/29 15:45:18,205000,11.493
2026/04/29 15:45:18,206000,11.499
2026/04/29 15:45:18,207000,11.493
2026/04/29 15:45:18,208000,11.490
2026/04/29 15:45:18,209000,11.496
2026/04/29 15:45:18,210000,11.493
2026/04/29 15:45:18,211000,11.496
2026/04/29 15:45:18,212000,11.490
2026/04/29 15:45:18,213000,11.493
2026/04/29 15:45:18,214000,11.493
2026/04/29 15:45:18,215000,11.493
2026/04/29 15:45:18,216000,11.490
2026/04/29 15:45:18,217000,11.493
2026/04/29 15:45:18,218000,11.490
2026/04/29 15:45:18,219000,11.493
2026/04/29 15:45:18,220000,11.490
2026/04/29 15:45:18,221000,11.487
2026/04/29 15:45:18,222000,11.493
2026/04/29 15:45:18,223000,11.490
2026/04/29 15:45:18,224000,11.493
2026/04/29 15:45:18,225000,11.487
2026/04/29 15:45:18,226000,11.490
2026/04/29 15:45:18,227000,11.490
2026/04/29 15:45:18,228000,11.490
2026/04/29 15:45:18,229000,11.490
2026/04/29 15:45:18,230000,11.501
2026/04/29 15:45:18,231000,11.490
2026/04/29 15:45:18,232000,11.493
2026/04/29 15:45:18,233000,11.496
2026/04/29 15:45:18,234000,11.493
2026/04/29 15:45:18,235000,11.493
2026/04/29 15:45:18,236000,11.493
2026/04/29 15:45:18,237000,11.493
2026/04/29 15:45:18,238000,11.493
2026/04/29 15:45:18,239000,11.496
2026/04/29 15:45:18,240000,11.496
2026/04/29 15:45:18,241000,11.490
2026/04/29 15:45:18,242000,11.496
2026/04/29 15:45:18,243000,11.490
2026/04/29 15:45:18,244000,11.490
2026/04/29 15:45:18,245000,11.496
2026/04/29 15:45:18,246000,11.499
2026/04/29 15:45:18,247000,11.496
2026/04/29 15:45:18,248000,11.496
2026/04/29 15:45:18,249000,11.496
2026/04/29 15:45:18,250000,11.496
2026/04/29 15:45:18,251000,11.490
2026/04/29 15:45:18,252000,11.496
2026/04/29 15:45:18,253000,11.493
2026/04/29 15:45:18,254000,11.493
2026/04/29 15:45:18,255000,11.493
2026/04/29 15:45:18,256000,11.490
2026/04/29 15:45:18,257000,11.490
2026/04/29 15:45:18,258000,11.496
2026/04/29 15:45:18,259000,11.496
2026/04/29 15:45:18,260000,11.493
2026/04/29 15:45:18,261000,11.490
2026/04/29 15:45:18,262000,11.485
2026/04/29 15:45:18,263000,11.499
2026/04/29 15:45:18,264000,11.490
2026/04/29 15:45:18,265000,11.493
2026/04/29 15:45:18,266000,11.493
2026/04/29 15:45:18,267000,11.490
2026/04/29 15:45:18,268000,11.490
2026/04/29 15:45:18,269000,11.490
2026/04/29 15:45:18,270000,11.496
2026/04/29 15:45:18,271000,11.493
2026/04/29 15:45:18,272000,11.487
2026/04/29 15:45:18,273000,11.490
2026/04/29 15:45:18,274000,11.490
2026/04/29 15:45:18,275000,11.496
2026/04/29 15:45:18,276000,11.490
2026/04/29 15:45:18,277000,11.490
2026/04/29 15:45:18,278000,11.493
2026/04/29 15:45:18,279000,11.487
2026/04/29 15:45:18,280000,11.496
2026/04/29 15:45:18,281000,11.493
2026/04/29 15:45:18,282000,11.496
2026/04/29 15:45:18,283000,11.499
2026/04/29 15:45:18,284000,11.493
2026/04/29 15:45:18,285000,11.490
2026/04/29 15:45:18,286000,11.499
2026/04/29 15:45:18,287000,11.501
2026/04/29 15:45:18,288000,11.493
2026/04/29 15:45:18,289000,11.496
2026/04/29 15:45:18,290000,11.493
2026/04/29 15:45:18,291000,11.496
2026/04/29 15:45:18,292000,11.490
2026/04/29 15:45:18,293000,11.490
2026/04/29 15:45:18,294000,11.493
2026/04/29 15:45:18,295000,11.487
2026/04/29 15:45:18,296000,11.499
2026/04/29 15:45:18,297000,11.493
2026/04/29 15:45:18,298000,11.496
2026/04/29 15:45:18,299000,11.493
2026/04/29 15:45:18,300000,11.487
2026/04/29 15:45:18,301000,11.496
2026/04/29 15:45:18,302000,11.493
2026/04/29 15:45:18,303000,11.493
2026/04/29 15:45:18,304000,11.490
2026/04/29 15:45:18,305000,11.499
2026/04/29 15:45:18,306000,11.487
2026/04/29 15:45:18,307000,11.501
2026/04/29 15:45:18,308000,11.499
2026/04/29 15:45:18,309000,11.493
2026/04/29 15:45:18,310000,11.496
2026/04/29 15:45:18,311000,11.490
2026/04/29 15:45:18,312000,11.496
2026/04/29 15:45:18,313000,11.501
2026/04/29 15:45:18,314000,11.496
2026/04/29 15:45:18,315000,11.490
2026/04/29 15:45:18,316000,11.501
2026/04/29 15:45:18,317000,11.493
2026/04/29 15:45:18,318000,11.493
2026/04/29 15:45:18,319000,11.496
2026/04/29 15:45:18,320000,11.496
2026/04/29 15:45:18,321000,11.499
2026/04/29 15:45:18,322000,11.501
2026/04/29 15:45:18,323000,11.490
2026/04/29 15:45:18,324000,11.487
2026/04/29 15:45:18,325000,11.496
2026/04/29 15:45:18,326000,11.493
2026/04/29 15:45:18,327000,11.496
2026/04/29 15:45:18,328000,11.496
2026/04/29 15:45:18,329000,11.499
2026/04/29 15:45:18,330000,11.493
2026/04/29 15:45:18,331000,11.499
2026/04/29 15:45:18,332000,11.499
2026/04/29 15:45:18,333000,11.493
2026/04/29 15:45:18,334000,11.490
2026/04/29 15:45:18,335000,11.496
2026/04/29 15:45:18,336000,11.493
2026/04/29 15:45:18,337000,11.499
2026/04/29 15:45:18,338000,11.490
2026/04/29 15:45:18,339000,11.490
2026/04/29 15:45:18,340000,11.493
2026/04/29 15:45:18,341000,11.490
2026/04/29 15:45:18,342000,11.499
2026/04/29 15:45:18,343000,11.493
2026/04/29 15:45:18,344000,11.493
2026/04/29 15:45:18,345000,11.510
2026/04/29 15:45:18,346000,11.499
2026/04/29 15:45:18,347000,11.493
2026/04/29 15:45:18,348000,11.493
2026/04/29 15:45:18,349000,11.496
2026/04/29 15:45:18,350000,11.496
2026/04/29 15:45:18,351000,11.493
2026/04/29 15:45:18,352000,11.490
2026/04/29 15:45:18,353000,11.493
2026/04/29 15:45:18,354000,11.496
2026/04/29 15:45:18,355000,11.499
2026/04/29 15:45:18,356000,11.499
2026/04/29 15:45:18,357000,11.496
2026/04/29 15:45:18,358000,11.490
2026/04/29 15:45:18,359000,11.490
2026/04/29 15:45:18,360000,11.493
2026/04/29 15:45:18,361000,11.490
2026/04/29 15:45:18,362000,11.493
2026/04/29 15:45:18,363000,11.487
2026/04/29 15:45:18,364000,11.493
2026/04/29 15:45:18,365000,11.496
2026/04/29 15:45:18,366000,11.493
2026/04/29 15:45:18,367000,11.493
2026/04/29 15:45:18,368000,11.493
2026/04/29 15:45:18,369000,11.496
2026/04/29 15:45:18,370000,11.493
2026/04/29 15:45:18,371000,11.493
2026/04/29 15:45:18,372000,11.496
2026/04/29 15:45:18,373000,11.493
2026/04/29 15:45:18,374000,11.496
2026/04/29 15:45:18,375000,11.496
2026/04/29 15:45:18,376000,11.485
2026/04/29 15:45:18,377000,11.490
2026/04/29 15:45:18,378000,11.493
2026/04/29 15:45:18,379000,11.499
2026/04/29 15:45:18,380000,11.493
2026/04/29 15:45:18,381000,11.487
2026/04/29 15:45:18,382000,11.490
2026/04/29 15:45:18,383000,11.496
2026/04/29 15:45:18,384000,11.499
2026/04/29 15:45:18,385000,11.493
2026/04/29 15:45:18,386000,11.496
2026/04/29 15:45:18,387000,11.499
2026/04/29 15:45:18,388000,11.496
2026/04/29 15:45:18,389000,11.496
2026/04/29 15:45:18,390000,11.493
2026/04/29 15:45:18,391000,11.496
2026/04/29 15:45:18,392000,11.493
2026/04/29 15:45:18,393000,11.499
2026/04/29 15:45:18,394000,11.490
2026/04/29 15:45:18,395000,11.496
2026/04/29 15:45:18,396000,11.493
2026/04/29 15:45:18,397000,11.499
2026/04/29 15:45:18,398000,11.490
2026/04/29 15:45:18,399000,11.493
2026/04/29 15:45:18,400000,11.493
2026/04/29 15:45:18,401000,11.493
2026/04/29 15:45:18,402000,11.493
2026/04/29 15:45:18,403000,11.493
2026/04/29 15:45:18,404000,11.499
2026/04/29 15:45:18,405000,11.493
2026/04/29 15:45:18,406000,11.493
2026/04/29 15:45:18,407000,11.496
2026/04/29 15:45:18,408000,11.499
2026/04/29 15:45:18,409000,11.499
2026/04/29 15:45:18,410000,11.496
2026/04/29 15:45:18,411000,11.490
2026/04/29 15:45:18,412000,11.496
2026/04/29 15:45:18,413000,11.493
2026/04/29 15:45:18,414000,11.493
2026/04/29 15:45:18,415000,11.499
2026/04/29 15:45:18,416000,11.493
2026/04/29 15:45:18,417000,11.499
2026/04/29 15:45:18,418000,11.490
2026/04/29 15:45:18,419000,11.493
2026/04/29 15:45:18,420000,11.490
2026/04/29 15:45:18,421000,11.501
2026/04/29 15:45:18,422000,11.496
2026/04/29 15:45:18,423000,11.493
2026/04/29 15:45:18,424000,11.490
2026/04/29 15:45:18,425000,11.499
2026/04/29 15:45:18,426000,11.496
2026/04/29 15:45:18,427000,11.496
2026/04/29 15:45:18,428000,11.493
2026/04/29 15:45:18,429000,11.496
2026/04/29 15:45:18,430000,11.496
2026/04/29 15:45:18,431000,11.493
2026/04/29 15:45:18,432000,11.493
2026/04/29 15:45:18,433000,11.499
2026/04/29 15:45:18,434000,11.487
2026/04/29 15:45:18,435000,11.496
2026/04/29 15:45:18,436000,11.496
2026/04/29 15:45:18,437000,11.496
2026/04/29 15:45:18,438000,11.493
2026/04/29 15:45:18,439000,11.493
2026/04/29 15:45:18,440000,11.496
2026/04/29 15:45:18,441000,11.504
2026/04/29 15:45:18,442000,11.490
2026/04/29 15:45:18,443000,11.493
2026/04/29 15:45:18,444000,11.499
2026/04/29 15:45:18,445000,11.496
2026/04/29 15:45:18,446000,11.499
2026/04/29 15:45:18,447000,11.496
2026/04/29 15:45:18,448000,11.493
2026/04/29 15:45:18,449000,11.490
2026/04/29 15:45:18,450000,11.496
2026/04/29 15:45:18,451000,11.496
2026/04/29 15:45:18,452000,11.490
2026/04/29 15:45:18,453000,11.493
2026/04/29 15:45:18,454000,11.487
2026/04/29 15:45:18,455000,11.496
2026/04/29 15:45:18,456000,11.493
2026/04/29 15:45:18,457000,11.490
2026/04/29 15:45:18,458000,11.493
2026/04/29 15:45:18,459000,11.493
2026/04/29 15:45:18,460000,11.493
2026/04/29 15:45:18,461000,11.501
2026/04/29 15:45:18,462000,11.496
2026/04/29 15:45:18,463000,11.493
2026/04/29 15:45:18,464000,11.493
2026/04/29 15:45:18,465000,11.493
2026/04/29 15:45:18,466000,11.493
2026/04/29 15:45:18,467000,11.493
2026/04/29 15:45:18,468000,11.493
2026/04/29 15:45:18,469000,11.487
2026/04/29 15:45:18,470000,11.493
2026/04/29 15:45:18,471000,11.493
2026/04/29 15:45:18,472000,11.493
2026/04/29 15:45:18,473000,11.490
2026/04/29 15:45:18,474000,11.499
2026/04/29 15:45:18,475000,11.499
2026/04/29 15:45:18,476000,11.496
2026/04/29 15:45:18,477000,11.493
2026/04/29 15:45:18,478000,11.493
2026/04/29 15:45:18,479000,11.496
2026/04/29 15:45:18,480000,11.493
2026/04/29 15:45:18,481000,11.490
2026/04/29 15:45:18,482000,11.493
2026/04/29 15:45:18,483000,11.493
2026/04/29 15:45:18,484000,11.496
2026/04/29 15:45:18,485000,11.496
2026/04/29 15:45:18,486000,11.493
2026/04/29 15:45:18,487000,11.501
2026/04/29 15:45:18,488000,11.499
2026/04/29 15:45:18,489000,11.493
2026/04/29 15:45:18,490000,11.493
2026/04/29 15:45:18,491000,11.487
2026/04/29 15:45:18,492000,11.490
2026/04/29 15:45:18,493000,11.493
2026/04/29 15:45:18,494000,11.490
2026/04/29 15:45:18,495000,11.499
2026/04/29 15:45:18,496000,11.490
2026/04/29 15:45:18,497000,11.493
2026/04/29 15:45:18,498000,11.499
2026/04/29 15:45:18,499000,11.499
2026/04/29 15:45:18,500000,11.493
2026/04/29 15:45:18,501000,11.493
2026/04/29 15:45:18,502000,11.501
2026/04/29 15:45:18,503000,11.499
2026/04/29 15:45:18,504000,11.493
2026/04/29 15:45:18,505000,11.493
2026/04/29 15:45:18,506000,11.501
2026/04/29 15:45:18,507000,11.496
2026/04/29 15:45:18,508000,11.493
2026/04/29 15:45:18,509000,11.501
2026/04/29 15:45:18,510000,11.499
2026/04/29 15:45:18,511000,11.493
2026/04/29 15:45:18,512000,11.490
2026/04/29 15:45:18,513000,11.496
2026/04/29 15:45:18,514000,11.493
2026/04/29 15:45:18,515000,11.493
2026/04/29 15:45:18,516000,11.496
2026/04/29 15:45:18,517000,11.496
2026/04/29 15:45:18,518000,11.490
2026/04/29 15:45:18,519000,11.493
2026/04/29 15:45:18,520000,11.493
2026/04/29 15:45:18,521000,11.493
2026/04/29 15:45:18,522000,11.490
2026/04/29 15:45:18,523000,11.496
2026/04/29 15:45:18,524000,11.496
2026/04/29 15:45:18,525000,11.499
2026/04/29 15:45:18,526000,11.490
2026/04/29 15:45:18,527000,11.493
2026/04/29 15:45:18,528000,11.490
2026/04/29 15:45:18,529000,11.493
2026/04/29 15:45:18,530000,11.493
2026/04/29 15:45:18,531000,11.490
2026/04/29 15:45:18,532000,11.499
2026/04/29 15:45:18,533000,11.493
2026/04/29 15:45:18,534000,11.493
2026/04/29 15:45:18,535000,11.501
2026/04/29 15:45:18,536000,11.485
2026/04/29 15:45:18,537000,11.490
2026/04/29 15:45:18,538000,11.490
2026/04/29 15:45:18,539000,11.499
2026/04/29 15:45:18,540000,11.493
2026/04/29 15:45:18,541000,11.490
2026/04/29 15:45:18,542000,11.493
2026/04/29 15:45:18,543000,11.493
2026/04/29 15:45:18,544000,11.493
2026/04/29 15:45:18,545000,11.504
2026/04/29 15:45:18,546000,11.493
2026/04/29 15:45:18,547000,11.496
2026/04/29 15:45:18,548000,11.493
2026/04/29 15:45:18,549000,11.490
2026/04/29 15:45:18,550000,11.493
2026/04/29 15:45:18,551000,11.499
2026/04/29 15:45:18,552000,11.493
2026/04/29 15:45:18,553000,11.493
2026/04/29 15:45:18,554000,11.493
2026/04/29 15:45:18,555000,11.493
2026/04/29 15:45:18,556000,11.490
2026/04/29 15:45:18,557000,11.493
2026/04/29 15:45:18,558000,11.490
2026/04/29 15:45:18,559000,11.493
2026/04/29 15:45:18,560000,11.496
2026/04/29 15:45:18,561000,11.487
2026/04/29 15:45:18,562000,11.499
2026/04/29 15:45:18,563000,11.496
2026/04/29 15:45:18,564000,11.496
2026/04/29 15:45:18,565000,11.490
2026/04/29 15:45:18,566000,11.501
2026/04/29 15:45:18,567000,11.493
2026/04/29 15:45:18,568000,11.496
2026/04/29 15:45:18,569000,11.504
2026/04/29 15:45:18,570000,11.490
2026/04/29 15:45:18,571000,11.493
2026/04/29 15:45:18,572000,11.493
2026/04/29 15:45:18,573000,11.499
2026/04/29 15:45:18,574000,11.496
2026/04/29 15:45:18,575000,11.496
2026/04/29 15:45:18,576000,11.490
2026/04/29 15:45:18,577000,11.496
2026/04/29 15:45:18,578000,11.499
2026/04/29 15:45:18,579000,11.493
2026/04/29 15:45:18,580000,11.493
2026/04/29 15:45:18,581000,11.493
2026/04/29 15:45:18,582000,11.493
2026/04/29 15:45:18,583000,11.496
2026/04/29 15:45:18,584000,11.493
2026/04/29 15:45:18,585000,11.501
2026/04/29 15:45:18,586000,11.493
2026/04/29 15:45:18,587000,11.499
2026/04/29 15:45:18,588000,11.493
2026/04/29 15:45:18,589000,11.499
2026/04/29 15:45:18,590000,11.496
2026/04/29 15:45:18,591000,11.499
2026/04/29 15:45:18,592000,11.493
2026/04/29 15:45:18,593000,11.493
2026/04/29 15:45:18,594000,11.493
2026/04/29 15:45:18,595000,11.496
2026/04/29 15:45:18,596000,11.493
2026/04/29 15:45:18,597000,11.496
2026/04/29 15:45:18,598000,11.499
2026/04/29 15:45:18,599000,11.493
2026/04/29 15:45:18,600000,11.496
2026/04/29 15:45:18,601000,11.496
2026/04/29 15:45:18,602000,11.493
2026/04/29 15:45:18,603000,11.496
2026/04/29 15:45:18,604000,11.499
2026/04/29 15:45:18,605000,11.493
2026/04/29 15:45:18,606000,11.487
2026/04/29 15:45:18,607000,11.493
2026/04/29 15:45:18,608000,11.496
2026/04/29 15:45:18,609000,11.493
2026/04/29 15:45:18,610000,11.487
2026/04/29 15:45:18,611000,11.499
2026/04/29 15:45:18,612000,11.490
2026/04/29 15:45:18,613000,11.493
2026/04/29 15:45:18,614000,11.490
2026/04/29 15:45:18,615000,11.493
2026/04/29 15:45:18,616000,11.496
2026/04/29 15:45:18,617000,11.499
2026/04/29 15:45:18,618000,11.493
2026/04/29 15:45:18,619000,11.493
2026/04/29 15:45:18,620000,11.496
2026/04/29 15:45:18,621000,11.496
2026/04/29 15:45:18,622000,11.487
2026/04/29 15:45:18,623000,11.490
2026/04/29 15:45:18,624000,11.490
2026/04/29 15:45:18,625000,11.493
2026/04/29 15:45:18,626000,11.493
2026/04/29 15:45:18,627000,11.496
2026/04/29 15:45:18,628000,11.496
2026/04/29 15:45:18,629000,11.501
2026/04/29 15:45:18,630000,11.493
2026/04/29 15:45:18,631000,11.499
2026/04/29 15:45:18,632000,11.490
2026/04/29 15:45:18,633000,11.490
2026/04/29 15:45:18,634000,11.487
2026/04/29 15:45:18,635000,11.490
2026/04/29 15:45:18,636000,11.496
2026/04/29 15:45:18,637000,11.493
2026/04/29 15:45:18,638000,11.493
2026/04/29 15:45:18,639000,11.496
2026/04/29 15:45:18,640000,11.499
2026/04/29 15:45:18,641000,11.490
2026/04/29 15:45:18,642000,11.493
2026/04/29 15:45:18,643000,11.490
2026/04/29 15:45:18,644000,11.496
2026/04/29 15:45:18,645000,11.490
2026/04/29 15:45:18,646000,11.490
2026/04/29 15:45:18,647000,11.493
2026/04/29 15:45:18,648000,11.487
2026/04/29 15:45:18,649000,11.499
2026/04/29 15:45:18,650000,11.496
2026/04/29 15:45:18,651000,11.496
2026/04/29 15:45:18,652000,11.496
2026/04/29 15:45:18,653000,11.493
2026/04/29 15:45:18,654000,11.496
2026/04/29 15:45:18,655000,11.493
2026/04/29 15:45:18,656000,11.496
2026/04/29 15:45:18,657000,11.487
2026/04/29 15:45:18,658000,11.496
2026/04/29 15:45:18,659000,11.499
2026/04/29 15:45:18,660000,11.501
2026/04/29 15:45:18,661000,11.493
2026/04/29 15:45:18,662000,11.493
2026/04/29 15:45:18,663000,11.493
2026/04/29 15:45:18,664000,11.499
2026/04/29 15:45:18,665000,11.490
2026/04/29 15:45:18,666000,11.493
2026/04/29 15:45:18,667000,11.493
2026/04/29 15:45:18,668000,11.493
2026/04/29 15:45:18,669000,11.493
2026/04/29 15:45:18,670000,11.496
2026/04/29 15:45:18,671000,11.493
2026/04/29 15:45:18,672000,11.493
2026/04/29 15:45:18,673000,11.496
2026/04/29 15:45:18,674000,11.493
2026/04/29 15:45:18,675000,11.487
2026/04/29 15:45:18,676000,11.493
2026/04/29 15:45:18,677000,11.499
2026/04/29 15:45:18,678000,11.490
2026/04/29 15:45:18,679000,11.493
2026/04/29 15:45:18,680000,11.496
2026/04/29 15:45:18,681000,11.496
2026/04/29 15:45:18,682000,11.499
2026/04/29 15:45:18,683000,11.496
2026/04/29 15:45:18,684000,11.496
2026/04/29 15:45:18,685000,11.490
2026/04/29 15:45:18,686000,11.493
2026/04/29 15:45:18,687000,11.499
2026/04/29 15:45:18,688000,11.493
2026/04/29 15:45:18,689000,11.490
2026/04/29 15:45:18,690000,11.496
2026/04/29 15:45:18,691000,11.496
2026/04/29 15:45:18,692000,11.493
2026/04/29 15:45:18,693000,11.493
2026/04/29 15:45:18,694000,11.487
2026/04/29 15:45:18,695000,11.499
2026/04/29 15:45:18,696000,11.504
2026/04/29 15:45:18,697000,11.499
2026/04/29 15:45:18,698000,11.499
2026/04/29 15:45:18,699000,11.496
2026/04/29 15:45:18,700000,11.490
2026/04/29 15:45:18,701000,11.499
2026/04/29 15:45:18,702000,11.496
2026/04/29 15:45:18,703000,11.499
2026/04/29 15:45:18,704000,11.496
2026/04/29 15:45:18,705000,11.501
2026/04/29 15:45:18,706000,11.496
2026/04/29 15:45:18,707000,11.493
2026/04/29 15:45:18,708000,11.496
2026/04/29 15:45:18,709000,11.493
2026/04/29 15:45:18,710000,11.490
2026/04/29 15:45:18,711000,11.493
2026/04/29 15:45:18,712000,11.487
2026/04/29 15:45:18,713000,11.493
2026/04/29 15:45:18,714000,11.496
2026/04/29 15:45:18,715000,11.487
2026/04/29 15:45:18,716000,11.493
2026/04/29 15:45:18,717000,11.493
2026/04/29 15:45:18,718000,11.493
2026/04/29 15:45:18,719000,11.490
2026/04/29 15:45:18,720000,11.496
2026/04/29 15:45:18,721000,11.504
2026/04/29 15:45:18,722000,11.493
2026/04/29 15:45:18,723000,11.499
2026/04/29 15:45:18,724000,11.490
2026/04/29 15:45:18,725000,11.499
2026/04/29 15:45:18,726000,11.493
2026/04/29 15:45:18,727000,11.499
2026/04/29 15:45:18,728000,11.493
2026/04/29 15:45:18,729000,11.493
2026/04/29 15:45:18,730000,11.493
2026/04/29 15:45:18,731000,11.496
2026/04/29 15:45:18,732000,11.490
2026/04/29 15:45:18,733000,11.493
2026/04/29 15:45:18,734000,11.499
2026/04/29 15:45:18,735000,11.493
2026/04/29 15:45:18,736000,11.493
2026/04/29 15:45:18,737000,11.496
2026/04/29 15:45:18,738000,11.493
2026/04/29 15:45:18,739000,11.496
2026/04/29 15:45:18,740000,11.493
2026/04/29 15:45:18,741000,11.493
2026/04/29 15:45:18,742000,11.496
2026/04/29 15:45:18,743000,11.490
2026/04/29 15:45:18,744000,11.496
2026/04/29 15:45:18,745000,11.499
2026/04/29 15:45:18,746000,11.493
2026/04/29 15:45:18,747000,11.493
2026/04/29 15:45:18,748000,11.501
2026/04/29 15:45:18,749000,11.496
2026/04/29 15:45:18,750000,11.493
2026/04/29 15:45:18,751000,11.496
2026/04/29 15:45:18,752000,11.499
2026/04/29 15:45:18,753000,11.496
2026/04/29 15:45:18,754000,11.493
2026/04/29 15:45:18,755000,11.501
2026/04/29 15:45:18,756000,11.487
2026/04/29 15:45:18,757000,11.490
2026/04/29 15:45:18,758000,11.496
2026/04/29 15:45:18,759000,11.496
2026/04/29 15:45:18,760000,11.496
2026/04/29 15:45:18,761000,11.493
2026/04/29 15:45:18,762000,11.496
2026/04/29 15:45:18,763000,11.496
2026/04/29 15:45:18,764000,11.496
2026/04/29 15:45:18,765000,11.490
2026/04/29 15:45:18,766000,11.499
2026/04/29 15:45:18,767000,11.490
2026/04/29 15:45:18,768000,11.490
2026/04/29 15:45:18,769000,11.496
2026/04/29 15:45:18,770000,11.499
2026/04/29 15:45:18,771000,11.487
2026/04/29 15:45:18,772000,11.493
2026/04/29 15:45:18,773000,11.496
2026/04/29 15:45:18,774000,11.493
2026/04/29 15:45:18,775000,11.501
2026/04/29 15:45:18,776000,11.493
2026/04/29 15:45:18,777000,11.493
2026/04/29 15:45:18,778000,11.493
2026/04/29 15:45:18,779000,11.499
2026/04/29 15:45:18,780000,11.499
2026/04/29 15:45:18,781000,11.493
2026/04/29 15:45:18,782000,11.487
2026/04/29 15:45:18,783000,11.490
2026/04/29 15:45:18,784000,11.493
2026/04/29 15:45:18,785000,11.496
2026/04/29 15:45:18,786000,11.496
2026/04/29 15:45:18,787000,11.496
2026/04/29 15:45:18,788000,11.501
2026/04/29 15:45:18,789000,11.496
2026/04/29 15:45:18,790000,11.493
2026/04/29 15:45:18,791000,11.496
2026/04/29 15:45:18,792000,11.499
2026/04/29 15:45:18,793000,11.496
2026/04/29 15:45:18,794000,11.490
2026/04/29 15:45:18,795000,11.501
2026/04/29 15:45:18,796000,11.499
2026/04/29 15:45:18,797000,11.490
2026/04/29 15:45:18,798000,11.493
2026/04/29 15:45:18,799000,11.490
2026/04/29 15:45:18,800000,11.493
2026/04/29 15:45:18,801000,11.493
2026/04/29 15:45:18,802000,11.499
2026/04/29 15:45:18,803000,11.493
2026/04/29 15:45:18,804000,11.496
2026/04/29 15:45:18,805000,11.493
2026/04/29 15:45:18,806000,11.493
2026/04/29 15:45:18,807000,11.493
2026/04/29 15:45:18,808000,11.493
2026/04/29 15:45:18,809000,11.493
2026/04/29 15:45:18,810000,11.490
2026/04/29 15:45:18,811000,11.496
2026/04/29 15:45:18,812000,11.490
2026/04/29 15:45:18,813000,11.493
2026/04/29 15:45:18,814000,11.499
2026/04/29 15:45:18,815000,11.499
2026/04/29 15:45:18,816000,11.493
2026/04/29 15:45:18,817000,11.490
2026/04/29 15:45:18,818000,11.504
2026/04/29 15:45:18,819000,11.496
2026/04/29 15:45:18,820000,11.499
2026/04/29 15:45:18,821000,11.490
2026/04/29 15:45:18,822000,11.493
2026/04/29 15:45:18,823000,11.493
2026/04/29 15:45:18,824000,11.496
2026/04/29 15:45:18,825000,11.493
2026/04/29 15:45:18,826000,11.496
2026/04/29 15:45:18,827000,11.496
2026/04/29 15:45:18,828000,11.493
2026/04/29 15:45:18,829000,11.493
2026/04/29 15:45:18,830000,11.496
2026/04/29 15:45:18,831000,11.493
2026/04/29 15:45:18,832000,11.496
2026/04/29 15:45:18,833000,11.499
2026/04/29 15:45:18,834000,11.501
2026/04/29 15:45:18,835000,11.499
2026/04/29 15:45:18,836000,11.496
2026/04/29 15:45:18,837000,11.490
2026/04/29 15:45:18,838000,11.493
2026/04/29 15:45:18,839000,11.496
2026/04/29 15:45:18,840000,11.490
2026/04/29 15:45:18,841000,11.493
2026/04/29 15:45:18,842000,11.493
2026/04/29 15:45:18,843000,11.496
2026/04/29 15:45:18,844000,11.496
2026/04/29 15:45:18,845000,11.490
2026/04/29 15:45:18,846000,11.501
2026/04/29 15:45:18,847000,11.499
2026/04/29 15:45:18,848000,11.493
2026/04/29 15:45:18,849000,11.496
2026/04/29 15:45:18,850000,11.496
2026/04/29 15:45:18,851000,11.493
2026/04/29 15:45:18,852000,11.499
2026/04/29 15:45:18,853000,11.496
2026/04/29 15:45:18,854000,11.493
2026/04/29 15:45:18,855000,11.493
2026/04/29 15:45:18,856000,11.493
2026/04/29 15:45:18,857000,11.501
2026/04/29 15:45:18,858000,11.496
2026/04/29 15:45:18,859000,11.496
2026/04/29 15:45:18,860000,11.496
2026/04/29 15:45:18,861000,11.496
2026/04/29 15:45:18,862000,11.493
2026/04/29 15:45:18,863000,11.496
2026/04/29 15:45:18,864000,11.496
2026/04/29 15:45:18,865000,11.496
2026/04/29 15:45:18,866000,11.493
2026/04/29 15:45:18,867000,11.499
2026/04/29 15:45:18,868000,11.496
2026/04/29 15:45:18,869000,11.499
2026/04/29 15:45:18,870000,11.493
2026/04/29 15:45:18,871000,11.499
2026/04/29 15:45:18,872000,11.490
2026/04/29 15:45:18,873000,11.499
2026/04/29 15:45:18,874000,11.499
2026/04/29 15:45:18,875000,11.496
2026/04/29 15:45:18,876000,11.496
2026/04/29 15:45:18,877000,11.499
2026/04/29 15:45:18,878000,11.493
2026/04/29 15:45:18,879000,11.490
2026/04/29 15:45:18,880000,11.493
2026/04/29 15:45:18,881000,11.487
2026/04/29 15:45:18,882000,11.490
2026/04/29 15:45:18,883000,11.496
2026/04/29 15:45:18,884000,11.490
2026/04/29 15:45:18,885000,11.493
2026/04/29 15:45:18,886000,11.487
2026/04/29 15:45:18,887000,11.501
2026/04/29 15:45:18,888000,11.493
2026/04/29 15:45:18,889000,11.493
2026/04/29 15:45:18,890000,11.496
2026/04/29 15:45:18,891000,11.490
2026/04/29 15:45:18,892000,11.490
2026/04/29 15:45:18,893000,11.490
2026/04/29 15:45:18,894000,11.490
2026/04/29 15:45:18,895000,11.487
2026/04/29 15:45:18,896000,11.493
2026/04/29 15:45:18,897000,11.501
2026/04/29 15:45:18,898000,11.496
2026/04/29 15:45:18,899000,11.490
2026/04/29 15:45:18,900000,11.496
2026/04/29 15:45:18,901000,11.490
2026/04/29 15:45:18,902000,11.493
2026/04/29 15:45:18,903000,11.493
2026/04/29 15:45:18,904000,11.490
2026/04/29 15:45:18,905000,11.496
2026/04/29 15:45:18,906000,11.499
2026/04/29 15:45:18,907000,11.501
2026/04/29 15:45:18,908000,11.493
2026/04/29 15:45:18,909000,11.493
2026/04/29 15:45:18,910000,11.496
2026/04/29 15:45:18,911000,11.493
2026/04/29 15:45:18,912000,11.487
2026/04/29 15:45:18,913000,11.499
2026/04/29 15:45:18,914000,11.493
2026/04/29 15:45:18,915000,11.499
2026/04/29 15:45:18,916000,11.496
2026/04/29 15:45:18,917000,11.501
2026/04/29 15:45:18,918000,11.496
2026/04/29 15:45:18,919000,11.493
2026/04/29 15:45:18,920000,11.493
2026/04/29 15:45:18,921000,11.501
2026/04/29 15:45:18,922000,11.499
2026/04/29 15:45:18,923000,11.493
2026/04/29 15:45:18,924000,11.487
2026/04/29 15:45:18,925000,11.496
2026/04/29 15:45:18,926000,11.496
2026/04/29 15:45:18,927000,11.496
2026/04/29 15:45:18,928000,11.493
2026/04/29 15:45:18,929000,11.493
2026/04/29 15:45:18,930000,11.493
2026/04/29 15:45:18,931000,11.499
2026/04/29 15:45:18,932000,11.496
2026/04/29 15:45:18,933000,11.493
2026/04/29 15:45:18,934000,11.496
2026/04/29 15:45:18,935000,11.487
2026/04/29 15:45:18,936000,11.493
2026/04/29 15:45:18,937000,11.493
2026/04/29 15:45:18,938000,11.496
2026/04/29 15:45:18,939000,11.499
2026/04/29 15:45:18,940000,11.493
2026/04/29 15:45:18,941000,11.485
2026/04/29 15:45:18,942000,11.487
2026/04/29 15:45:18,943000,11.493
2026/04/29 15:45:18,944000,11.501
2026/04/29 15:45:18,945000,11.496
2026/04/29 15:45:18,946000,11.487
2026/04/29 15:45:18,947000,11.490
2026/04/29 15:45:18,948000,11.493
2026/04/29 15:45:18,949000,11.490
2026/04/29 15:45:18,950000,11.493
2026/04/29 15:45:18,951000,11.493
2026/04/29 15:45:18,952000,11.496
2026/04/29 15:45:18,953000,11.490
2026/04/29 15:45:18,954000,11.499
2026/04/29 15:45:18,955000,11.493
2026/04/29 15:45:18,956000,11.499
2026/04/29 15:45:18,957000,11.493
2026/04/29 15:45:18,958000,11.490
2026/04/29 15:45:18,959000,11.490
2026/04/29 15:45:18,960000,11.496
2026/04/29 15:45:18,961000,11.496
2026/04/29 15:45:18,962000,11.496
2026/04/29 15:45:18,963000,11.499
2026/04/29 15:45:18,964000,11.496
2026/04/29 15:45:18,965000,11.493
2026/04/29 15:45:18,966000,11.493
2026/04/29 15:45:18,967000,11.493
2026/04/29 15:45:18,968000,11.501
2026/04/29 15:45:18,969000,11.490
2026/04/29 15:45:18,970000,11.487
2026/04/29 15:45:18,971000,11.487
2026/04/29 15:45:18,972000,11.487
2026/04/29 15:45:18,973000,11.496
2026/04/29 15:45:18,974000,11.493
2026/04/29 15:45:18,975000,11.501
2026/04/29 15:45:18,976000,11.496
2026/04/29 15:45:18,977000,11.490
2026/04/29 15:45:18,978000,11.487
2026/04/29 15:45:18,979000,11.490
2026/04/29 15:45:18,980000,11.493
2026/04/29 15:45:18,981000,11.496
2026/04/29 15:45:18,982000,11.493
2026/04/29 15:45:18,983000,11.490
2026/04/29 15:45:18,984000,11.493
2026/04/29 15:45:18,985000,11.496
2026/04/29 15:45:18,986000,11.493
2026/04/29 15:45:18,987000,11.490
2026/04/29 15:45:18,988000,11.493
2026/04/29 15:45:18,989000,11.493
2026/04/29 15:45:18,990000,11.493
2026/04/29 15:45:18,991000,11.496
2026/04/29 15:45:18,992000,11.490
2026/04/29 15:45:18,993000,11.490
2026/04/29 15:45:18,994000,11.493
2026/04/29 15:45:18,995000,11.493
2026/04/29 15:45:18,996000,11.490
2026/04/29 15:45:18,997000,11.493
2026/04/29 15:45:18,998000,11.501
2026/04/29 15:45:18,999000,11.493
2026/04/29 15:45:19,000000,11.493
2026/04/29 15:45:19,001000,11.493
2026/04/29 15:45:19,002000,11.490
2026/04/29 15:45:19,003000,11.490
2026/04/29 15:45:19,004000,11.493
2026/04/29 15:45:19,005000,11.487
2026/04/29 15:45:19,006000,11.485
2026/04/29 15:45:19,007000,11.493
2026/04/29 15:45:19,008000,11.496
2026/04/29 15:45:19,009000,11.490
2026/04/29 15:45:19,010000,11.493
2026/04/29 15:45:19,011000,11.493
2026/04/29 15:45:19,012000,11.490
2026/04/29 15:45:19,013000,11.493
2026/04/29 15:45:19,014000,11.493
2026/04/29 15:45:19,015000,11.487
2026/04/29 15:45:19,016000,11.499
2026/04/29 15:45:19,017000,11.493
2026/04/29 15:45:19,018000,11.493
2026/04/29 15:45:19,019000,11.493
2026/04/29 15:45:19,020000,11.490
2026/04/29 15:45:19,021000,11.490
2026/04/29 15:45:19,022000,11.499
2026/04/29 15:45:19,023000,11.490
2026/04/29 15:45:19,024000,11.493
2026/04/29 15:45:19,025000,11.487
2026/04/29 15:45:19,026000,11.499
2026/04/29 15:45:19,027000,11.493
2026/04/29 15:45:19,028000,11.493
2026/04/29 15:45:19,029000,11.499
2026/04/29 15:45:19,030000,11.493
2026/04/29 15:45:19,031000,11.496
2026/04/29 15:45:19,032000,11.493
2026/04/29 15:45:19,033000,11.501
2026/04/29 15:45:19,034000,11.496
2026/04/29 15:45:19,035000,11.496
2026/04/29 15:45:19,036000,11.493
2026/04/29 15:45:19,037000,11.496
2026/04/29 15:45:19,038000,11.499
2026/04/29 15:45:19,039000,11.493
2026/04/29 15:45:19,040000,11.499
2026/04/29 15:45:19,041000,11.496
2026/04/29 15:45:19,042000,11.493
2026/04/29 15:45:19,043000,11.490
2026/04/29 15:45:19,044000,11.487
2026/04/29 15:45:19,045000,11.487
2026/04/29 15:45:19,046000,11.499
2026/04/29 15:45:19,047000,11.496
2026/04/29 15:45:19,048000,11.490
2026/04/29 15:45:19,049000,11.493
2026/04/29 15:45:19,050000,11.493
2026/04/29 15:45:19,051000,11.496
2026/04/29 15:45:19,052000,11.490
2026/04/29 15:45:19,053000,11.493
2026/04/29 15:45:19,054000,11.493
2026/04/29 15:45:19,055000,11.496
2026/04/29 15:45:19,056000,11.496
2026/04/29 15:45:19,057000,11.487
2026/04/29 15:45:19,058000,11.499
2026/04/29 15:45:19,059000,11.493
2026/04/29 15:45:19,060000,11.499
2026/04/29 15:45:19,061000,11.493
2026/04/29 15:45:19,062000,11.490
2026/04/29 15:45:19,063000,11.493
2026/04/29 15:45:19,064000,11.487
2026/04/29 15:45:19,065000,11.493
2026/04/29 15:45:19,066000,11.493
2026/04/29 15:45:19,067000,11.490
2026/04/29 15:45:19,068000,11.493
2026/04/29 15:45:19,069000,11.499
2026/04/29 15:45:19,070000,11.501
2026/04/29 15:45:19,071000,11.499
2026/04/29 15:45:19,072000,11.490
2026/04/29 15:45:19,073000,11.490
2026/04/29 15:45:19,074000,11.493
2026/04/29 15:45:19,075000,11.487
2026/04/29 15:45:19,076000,11.496
2026/04/29 15:45:19,077000,11.499
2026/04/29 15:45:19,078000,11.487
2026/04/29 15:45:19,079000,11.499
2026/04/29 15:45:19,080000,11.496
2026/04/29 15:45:19,081000,11.485
2026/04/29 15:45:19,082000,11.499
2026/04/29 15:45:19,083000,11.493
2026/04/29 15:45:19,084000,11.490
2026/04/29 15:45:19,085000,11.490
2026/04/29 15:45:19,086000,11.496
2026/04/29 15:45:19,087000,11.493
2026/04/29 15:45:19,088000,11.496
2026/04/29 15:45:19,089000,11.490
2026/04/29 15:45:19,090000,11.499
2026/04/29 15:45:19,091000,11.493
2026/04/29 15:45:19,092000,11.499
2026/04/29 15:45:19,093000,11.493
2026/04/29 15:45:19,094000,11.496
2026/04/29 15:45:19,095000,11.490
2026/04/29 15:45:19,096000,11.493
2026/04/29 15:45:19,097000,11.493
2026/04/29 15:45:19,098000,11.496
2026/04/29 15:45:19,099000,11.493
2026/04/29 15:45:19,100000,11.490
2026/04/29 15:45:19,101000,11.496
2026/04/29 15:45:19,102000,11.493
2026/04/29 15:45:19,103000,11.490
2026/04/29 15:45:19,104000,11.487
2026/04/29 15:45:19,105000,11.499
2026/04/29 15:45:19,106000,11.490
2026/04/29 15:45:19,107000,11.496
2026/04/29 15:45:19,108000,11.499
2026/04/29 15:45:19,109000,11.499
2026/04/29 15:45:19,110000,11.493
2026/04/29 15:45:19,111000,11.496
2026/04/29 15:45:19,112000,11.499
2026/04/29 15:45:19,113000,11.493
2026/04/29 15:45:19,114000,11.496
2026/04/29 15:45:19,115000,11.490
2026/04/29 15:45:19,116000,11.496
2026/04/29 15:45:19,117000,11.496
2026/04/29 15:45:19,118000,11.490
2026/04/29 15:45:19,119000,11.493
2026/04/29 15:45:19,120000,11.493
2026/04/29 15:45:19,121000,11.499
2026/04/29 15:45:19,122000,11.499
2026/04/29 15:45:19,123000,11.496
2026/04/29 15:45:19,124000,11.496
2026/04/29 15:45:19,125000,11.493
2026/04/29 15:45:19,126000,11.493
2026/04/29 15:45:19,127000,11.496
2026/04/29 15:45:19,128000,11.493
2026/04/29 15:45:19,129000,11.490
2026/04/29 15:45:19,130000,11.493
2026/04/29 15:45:19,131000,11.493
2026/04/29 15:45:19,132000,11.493
2026/04/29 15:45:19,133000,11.493
2026/04/29 15:45:19,134000,11.493
2026/04/29 15:45:19,135000,11.493
2026/04/29 15:45:19,136000,11.493
2026/04/29 15:45:19,137000,11.493
2026/04/29 15:45:19,138000,11.493
2026/04/29 15:45:19,139000,11.493
2026/04/29 15:45:19,140000,11.499
2026/04/29 15:45:19,141000,11.493
2026/04/29 15:45:19,142000,11.496
2026/04/29 15:45:19,143000,11.493
2026/04/29 15:45:19,144000,11.496
2026/04/29 15:45:19,145000,11.490
2026/04/29 15:45:19,146000,11.493
2026/04/29 15:45:19,147000,11.493
2026/04/29 15:45:19,148000,11.493
2026/04/29 15:45:19,149000,11.496
2026/04/29 15:45:19,150000,11.493
2026/04/29 15:45:19,151000,11.499
2026/04/29 15:45:19,152000,11.493
2026/04/29 15:45:19,153000,11.496
2026/04/29 15:45:19,154000,11.490
2026/04/29 15:45:19,155000,11.501
2026/04/29 15:45:19,156000,11.496
2026/04/29 15:45:19,157000,11.496
2026/04/29 15:45:19,158000,11.487
2026/04/29 15:45:19,159000,11.490
2026/04/29 15:45:19,160000,11.493
2026/04/29 15:45:19,161000,11.493
2026/04/29 15:45:19,162000,11.496
2026/04/29 15:45:19,163000,11.490
2026/04/29 15:45:19,164000,11.490
2026/04/29 15:45:19,165000,11.496
2026/04/29 15:45:19,166000,11.496
2026/04/29 15:45:19,167000,11.493
2026/04/29 15:45:19,168000,11.493
2026/04/29 15:45:19,169000,11.493
2026/04/29 15:45:19,170000,11.493
2026/04/29 15:45:19,171000,11.493
2026/04/29 15:45:19,172000,11.499
2026/04/29 15:45:19,173000,11.493
2026/04/29 15:45:19,174000,11.487
2026/04/29 15:45:19,175000,11.490
2026/04/29 15:45:19,176000,11.490
2026/04/29 15:45:19,177000,11.501
2026/04/29 15:45:19,178000,11.490
2026/04/29 15:45:19,179000,11.493
2026/04/29 15:45:19,180000,11.496
2026/04/29 15:45:19,181000,11.496
2026/04/29 15:45:19,182000,11.493
2026/04/29 15:45:19,183000,11.496
2026/04/29 15:45:19,184000,11.487
2026/04/29 15:45:19,185000,11.493
2026/04/29 15:45:19,186000,11.490
2026/04/29 15:45:19,187000,11.493
2026/04/29 15:45:19,188000,11.487
2026/04/29 15:45:19,189000,11.496
2026/04/29 15:45:19,190000,11.490
2026/04/29 15:45:19,191000,11.496
2026/04/29 15:45:19,192000,11.490
2026/04/29 15:45:19,193000,11.487
2026/04/29 15:45:19,194000,11.493
2026/04/29 15:45:19,195000,11.496
2026/04/29 15:45:19,196000,11.493
2026/04/29 15:45:19,197000,11.499
2026/04/29 15:45:19,198000,11.499
2026/04/29 15:45:19,199000,11.493
2026/04/29 15:45:19,200000,11.493
2026/04/29 15:45:19,201000,11.499
2026/04/29 15:45:19,202000,11.493
2026/04/29 15:45:19,203000,11.490
2026/04/29 15:45:19,204000,11.501
2026/04/29 15:45:19,205000,11.493
2026/04/29 15:45:19,206000,11.493
2026/04/29 15:45:19,207000,11.487
2026/04/29 15:45:19,208000,11.490
2026/04/29 15:45:19,209000,11.499
2026/04/29 15:45:19,210000,11.490
2026/04/29 15:45:19,211000,11.493
2026/04/29 15:45:19,212000,11.493
2026/04/29 15:45:19,213000,11.493
2026/04/29 15:45:19,214000,11.482
2026/04/29 15:45:19,215000,11.499
2026/04/29 15:45:19,216000,11.496
2026/04/29 15:45:19,217000,11.496
2026/04/29 15:45:19,218000,11.493
2026/04/29 15:45:19,219000,11.499
2026/04/29 15:45:19,220000,11.493
2026/04/29 15:45:19,221000,11.493
2026/04/29 15:45:19,222000,11.496
2026/04/29 15:45:19,223000,11.490
2026/04/29 15:45:19,224000,11.487
2026/04/29 15:45:19,225000,11.496
2026/04/29 15:45:19,226000,11.493
2026/04/29 15:45:19,227000,11.496
2026/04/29 15:45:19,228000,11.493
2026/04/29 15:45:19,229000,11.490
2026/04/29 15:45:19,230000,11.487
2026/04/29 15:45:19,231000,11.496
2026/04/29 15:45:19,232000,11.501
2026/04/29 15:45:19,233000,11.496
2026/04/29 15:45:19,234000,11.496
2026/04/29 15:45:19,235000,11.493
2026/04/29 15:45:19,236000,11.493
2026/04/29 15:45:19,237000,11.493
2026/04/29 15:45:19,238000,11.496
2026/04/29 15:45:19,239000,11.496
2026/04/29 15:45:19,240000,11.493
2026/04/29 15:45:19,241000,11.490
2026/04/29 15:45:19,242000,11.482
2026/04/29 15:45:19,243000,11.496
2026/04/29 15:45:19,244000,11.487
2026/04/29 15:45:19,245000,11.493
2026/04/29 15:45:19,246000,11.487
2026/04/29 15:45:19,247000,11.490
2026/04/29 15:45:19,248000,11.490
2026/04/29 15:45:19,249000,11.487
2026/04/29 15:45:19,250000,11.493
2026/04/29 15:45:19,251000,11.499
2026/04/29 15:45:19,252000,11.496
2026/04/29 15:45:19,253000,11.499
2026/04/29 15:45:19,254000,11.496
2026/04/29 15:45:19,255000,11.501
2026/04/29 15:45:19,256000,11.493
2026/04/29 15:45:19,257000,11.493
2026/04/29 15:45:19,258000,11.482
2026/04/29 15:45:19,259000,11.490
2026/04/29 15:45:19,260000,11.499
2026/04/29 15:45:19,261000,11.499
2026/04/29 15:45:19,262000,11.493
2026/04/29 15:45:19,263000,11.493
2026/04/29 15:45:19,264000,11.493
2026/04/29 15:45:19,265000,11.493
2026/04/29 15:45:19,266000,11.493
2026/04/29 15:45:19,267000,11.499
2026/04/29 15:45:19,268000,11.496
2026/04/29 15:45:19,269000,11.493
2026/04/29 15:45:19,270000,11.499
2026/04/29 15:45:19,271000,11.490
2026/04/29 15:45:19,272000,11.490
2026/04/29 15:45:19,273000,11.501
2026/04/29 15:45:19,274000,11.487
2026/04/29 15:45:19,275000,11.496
2026/04/29 15:45:19,276000,11.493
2026/04/29 15:45:19,277000,11.493
2026/04/29 15:45:19,278000,11.499
2026/04/29 15:45:19,279000,11.490
2026/04/29 15:45:19,280000,11.487
2026/04/29 15:45:19,281000,11.493
2026/04/29 15:45:19,282000,11.493
2026/04/29 15:45:19,283000,11.490
2026/04/29 15:45:19,284000,11.490
2026/04/29 15:45:19,285000,11.496
2026/04/29 15:45:19,286000,11.493
2026/04/29 15:45:19,287000,11.490
2026/04/29 15:45:19,288000,11.490
2026/04/29 15:45:19,289000,11.490
2026/04/29 15:45:19,290000,11.493
2026/04/29 15:45:19,291000,11.493
2026/04/29 15:45:19,292000,11.493
2026/04/29 15:45:19,293000,11.487
2026/04/29 15:45:19,294000,11.493
2026/04/29 15:45:19,295000,11.493
2026/04/29 15:45:19,296000,11.490
2026/04/29 15:45:19,297000,11.487
2026/04/29 15:45:19,298000,11.490
2026/04/29 15:45:19,299000,11.490
2026/04/29 15:45:19,300000,11.493
2026/04/29 15:45:19,301000,11.490
2026/04/29 15:45:19,302000,11.493
2026/04/29 15:45:19,303000,11.487
2026/04/29 15:45:19,304000,11.496
2026/04/29 15:45:19,305000,11.493
2026/04/29 15:45:19,306000,11.487
2026/04/29 15:45:19,307000,11.490
2026/04/29 15:45:19,308000,11.490
2026/04/29 15:45:19,309000,11.493
2026/04/29 15:45:19,310000,11.496
2026/04/29 15:45:19,311000,11.501
2026/04/29 15:45:19,312000,11.490
2026/04/29 15:45:19,313000,11.490
2026/04/29 15:45:19,314000,11.496
2026/04/29 15:45:19,315000,11.487
2026/04/29 15:45:19,316000,11.493
2026/04/29 15:45:19,317000,11.493
2026/04/29 15:45:19,318000,11.496
2026/04/29 15:45:19,319000,11.493
2026/04/29 15:45:19,320000,11.496
2026/04/29 15:45:19,321000,11.493
2026/04/29 15:45:19,322000,11.490
2026/04/29 15:45:19,323000,11.493
2026/04/29 15:45:19,324000,11.493
2026/04/29 15:45:19,325000,11.493
2026/04/29 15:45:19,326000,11.493
2026/04/29 15:45:19,327000,11.493
2026/04/29 15:45:19,328000,11.496
2026/04/29 15:45:19,329000,11.496
2026/04/29 15:45:19,330000,11.493
2026/04/29 15:45:19,331000,11.490
2026/04/29 15:45:19,332000,11.490
2026/04/29 15:45:19,333000,11.501
2026/04/29 15:45:19,334000,11.485
2026/04/29 15:45:19,335000,11.493
2026/04/29 15:45:19,336000,11.499
2026/04/29 15:45:19,337000,11.496
2026/04/29 15:45:19,338000,11.496
2026/04/29 15:45:19,339000,11.490
2026/04/29 15:45:19,340000,11.490
2026/04/29 15:45:19,341000,11.499
2026/04/29 15:45:19,342000,11.493
2026/04/29 15:45:19,343000,11.490
2026/04/29 15:45:19,344000,11.493
2026/04/29 15:45:19,345000,11.490
2026/04/29 15:45:19,346000,11.490
2026/04/29 15:45:19,347000,11.490
2026/04/29 15:45:19,348000,11.496
2026/04/29 15:45:19,349000,11.493
2026/04/29 15:45:19,350000,11.501
2026/04/29 15:45:19,351000,11.493
2026/04/29 15:45:19,352000,11.493
2026/04/29 15:45:19,353000,11.496
2026/04/29 15:45:19,354000,11.487
2026/04/29 15:45:19,355000,11.490
2026/04/29 15:45:19,356000,11.493
2026/04/29 15:45:19,357000,11.490
2026/04/29 15:45:19,358000,11.487
2026/04/29 15:45:19,359000,11.490
2026/04/29 15:45:19,360000,11.493
2026/04/29 15:45:19,361000,11.493
2026/04/29 15:45:19,362000,11.490
2026/04/29 15:45:19,363000,11.493
2026/04/29 15:45:19,364000,11.490
2026/04/29 15:45:19,365000,11.496
2026/04/29 15:45:19,366000,11.499
2026/04/29 15:45:19,367000,11.493
2026/04/29 15:45:19,368000,11.496
2026/04/29 15:45:19,369000,11.493
2026/04/29 15:45:19,370000,11.493
2026/04/29 15:45:19,371000,11.493
2026/04/29 15:45:19,372000,11.485
2026/04/29 15:45:19,373000,11.490
2026/04/29 15:45:19,374000,11.496
2026/04/29 15:45:19,375000,11.501
2026/04/29 15:45:19,376000,11.496
2026/04/29 15:45:19,377000,11.493
2026/04/29 15:45:19,378000,11.499
2026/04/29 15:45:19,379000,11.493
2026/04/29 15:45:19,380000,11.493
2026/04/29 15:45:19,381000,11.493
2026/04/29 15:45:19,382000,11.490
2026/04/29 15:45:19,383000,11.490
2026/04/29 15:45:19,384000,11.493
2026/04/29 15:45:19,385000,11.499
2026/04/29 15:45:19,386000,11.493
2026/04/29 15:45:19,387000,11.493
2026/04/29 15:45:19,388000,11.496
2026/04/29 15:45:19,389000,11.496
2026/04/29 15:45:19,390000,11.490
2026/04/29 15:45:19,391000,11.490
2026/04/29 15:45:19,392000,11.490
2026/04/29 15:45:19,393000,11.493
2026/04/29 15:45:19,394000,11.501
2026/04/29 15:45:19,395000,11.493
2026/04/29 15:45:19,396000,11.487
2026/04/29 15:45:19,397000,11.487
2026/04/29 15:45:19,398000,11.490
2026/04/29 15:45:19,399000,11.493
2026/04/29 15:45:19,400000,11.493
2026/04/29 15:45:19,401000,11.490
2026/04/29 15:45:19,402000,11.493
2026/04/29 15:45:19,403000,11.496
2026/04/29 15:45:19,404000,11.496
2026/04/29 15:45:19,405000,11.496
2026/04/29 15:45:19,406000,11.499
2026/04/29 15:45:19,407000,11.499
2026/04/29 15:45:19,408000,11.493
2026/04/29 15:45:19,409000,11.493
2026/04/29 15:45:19,410000,11.499
2026/04/29 15:45:19,411000,11.490
2026/04/29 15:45:19,412000,11.487
2026/04/29 15:45:19,413000,11.493
2026/04/29 15:45:19,414000,11.496
2026/04/29 15:45:19,415000,11.487
2026/04/29 15:45:19,416000,11.493
2026/04/29 15:45:19,417000,11.496
2026/04/29 15:45:19,418000,11.490
2026/04/29 15:45:19,419000,11.499
2026/04/29 15:45:19,420000,11.490
2026/04/29 15:45:19,421000,11.496
2026/04/29 15:45:19,422000,11.487
2026/04/29 15:45:19,423000,11.493
2026/04/29 15:45:19,424000,11.496
2026/04/29 15:45:19,425000,11.493
2026/04/29 15:45:19,426000,11.499
2026/04/29 15:45:19,427000,11.485
2026/04/29 15:45:19,428000,11.487
2026/04/29 15:45:19,429000,11.490
2026/04/29 15:45:19,430000,11.499
2026/04/29 15:45:19,431000,11.499
2026/04/29 15:45:19,432000,11.496
2026/04/29 15:45:19,433000,11.499
2026/04/29 15:45:19,434000,11.493
2026/04/29 15:45:19,435000,11.493
2026/04/29 15:45:19,436000,11.496
2026/04/29 15:45:19,437000,11.493
2026/04/29 15:45:19,438000,11.487
2026/04/29 15:45:19,439000,11.496
2026/04/29 15:45:19,440000,11.496
2026/04/29 15:45:19,441000,11.490
2026/04/29 15:45:19,442000,11.496
2026/04/29 15:45:19,443000,11.493
2026/04/29 15:45:19,444000,11.493
2026/04/29 15:45:19,445000,11.499
2026/04/29 15:45:19,446000,11.493
2026/04/29 15:45:19,447000,11.496
2026/04/29 15:45:19,448000,11.493
2026/04/29 15:45:19,449000,11.493
2026/04/29 15:45:19,450000,11.490
2026/04/29 15:45:19,451000,11.499
2026/04/29 15:45:19,452000,11.490
2026/04/29 15:45:19,453000,11.490
2026/04/29 15:45:19,454000,11.499
2026/04/29 15:45:19,455000,11.501
2026/04/29 15:45:19,456000,11.493
2026/04/29 15:45:19,457000,11.496
2026/04/29 15:45:19,458000,11.490
2026/04/29 15:45:19,459000,11.490
2026/04/29 15:45:19,460000,11.490
2026/04/29 15:45:19,461000,11.490
2026/04/29 15:45:19,462000,11.493
2026/04/29 15:45:19,463000,11.493
2026/04/29 15:45:19,464000,11.490
2026/04/29 15:45:19,465000,11.490
2026/04/29 15:45:19,466000,11.490
2026/04/29 15:45:19,467000,11.490
2026/04/29 15:45:19,468000,11.493
2026/04/29 15:45:19,469000,11.490
2026/04/29 15:45:19,470000,11.493
2026/04/29 15:45:19,471000,11.493
2026/04/29 15:45:19,472000,11.496
2026/04/29 15:45:19,473000,11.496
2026/04/29 15:45:19,474000,11.493
2026/04/29 15:45:19,475000,11.493
2026/04/29 15:45:19,476000,11.490
2026/04/29 15:45:19,477000,11.493
2026/04/29 15:45:19,478000,11.490
2026/04/29 15:45:19,479000,11.493
2026/04/29 15:45:19,480000,11.493
2026/04/29 15:45:19,481000,11.496
2026/04/29 15:45:19,482000,11.496
2026/04/29 15:45:19,483000,11.487
2026/04/29 15:45:19,484000,11.487
2026/04/29 15:45:19,485000,11.490
2026/04/29 15:45:19,486000,11.499
2026/04/29 15:45:19,487000,11.490
2026/04/29 15:45:19,488000,11.496
2026/04/29 15:45:19,489000,11.487
2026/04/29 15:45:19,490000,11.490
2026/04/29 15:45:19,491000,11.493
2026/04/29 15:45:19,492000,11.490
2026/04/29 15:45:19,493000,11.485
2026/04/29 15:45:19,494000,11.496
2026/04/29 15:45:19,495000,11.493
2026/04/29 15:45:19,496000,11.496
2026/04/29 15:45:19,497000,11.490
2026/04/29 15:45:19,498000,11.490
2026/04/29 15:45:19,499000,11.487
2026/04/29 15:45:19,500000,11.493
2026/04/29 15:45:19,501000,11.499
2026/04/29 15:45:19,502000,11.496
2026/04/29 15:45:19,503000,11.496
2026/04/29 15:45:19,504000,11.493
2026/04/29 15:45:19,505000,11.499
2026/04/29 15:45:19,506000,11.487
2026/04/29 15:45:19,507000,11.501
2026/04/29 15:45:19,508000,11.496
2026/04/29 15:45:19,509000,11.493
2026/04/29 15:45:19,510000,11.493
2026/04/29 15:45:19,511000,11.499
2026/04/29 15:45:19,512000,11.499
2026/04/29 15:45:19,513000,11.490
2026/04/29 15:45:19,514000,11.504
2026/04/29 15:45:19,515000,11.490
2026/04/29 15:45:19,516000,11.493
2026/04/29 15:45:19,517000,11.499
2026/04/29 15:45:19,518000,11.493
2026/04/29 15:45:19,519000,11.487
2026/04/29 15:45:19,520000,11.487
2026/04/29 15:45:19,521000,11.490
2026/04/29 15:45:19,522000,11.493
2026/04/29 15:45:19,523000,11.490
2026/04/29 15:45:19,524000,11.493
2026/04/29 15:45:19,525000,11.493
2026/04/29 15:45:19,526000,11.493
2026/04/29 15:45:19,527000,11.499
2026/04/29 15:45:19,528000,11.499
2026/04/29 15:45:19,529000,11.490
2026/04/29 15:45:19,530000,11.493
2026/04/29 15:45:19,531000,11.496
2026/04/29 15:45:19,532000,11.487
2026/04/29 15:45:19,533000,11.490
2026/04/29 15:45:19,534000,11.493
2026/04/29 15:45:19,535000,11.496
2026/04/29 15:45:19,536000,11.490
2026/04/29 15:45:19,537000,11.496
2026/04/29 15:45:19,538000,11.496
2026/04/29 15:45:19,539000,11.490
2026/04/29 15:45:19,540000,11.499
2026/04/29 15:45:19,541000,11.496
2026/04/29 15:45:19,542000,11.493
2026/04/29 15:45:19,543000,11.496
2026/04/29 15:45:19,544000,11.493
2026/04/29 15:45:19,545000,11.496
2026/04/29 15:45:19,546000,11.496
2026/04/29 15:45:19,547000,11.493
2026/04/29 15:45:19,548000,11.499
2026/04/29 15:45:19,549000,11.490
2026/04/29 15:45:19,550000,11.490
2026/04/29 15:45:19,551000,11.496
2026/04/29 15:45:19,552000,11.499
2026/04/29 15:45:19,553000,11.499
2026/04/29 15:45:19,554000,11.496
2026/04/29 15:45:19,555000,11.493
2026/04/29 15:45:19,556000,11.493
2026/04/29 15:45:19,557000,11.490
2026/04/29 15:45:19,558000,11.499
2026/04/29 15:45:19,559000,11.493
2026/04/29 15:45:19,560000,11.496
2026/04/29 15:45:19,561000,11.493
2026/04/29 15:45:19,562000,11.499
2026/04/29 15:45:19,563000,11.493
2026/04/29 15:45:19,564000,11.493
2026/04/29 15:45:19,565000,11.496
2026/04/29 15:45:19,566000,11.496
2026/04/29 15:45:19,567000,11.490
2026/04/29 15:45:19,568000,11.496
2026/04/29 15:45:19,569000,11.496
2026/04/29 15:45:19,570000,11.499
2026/04/29 15:45:19,571000,11.493
2026/04/29 15:45:19,572000,11.496
2026/04/29 15:45:19,573000,11.499
2026/04/29 15:45:19,574000,11.499
2026/04/29 15:45:19,575000,11.496
2026/04/29 15:45:19,576000,11.496
2026/04/29 15:45:19,577000,11.496
2026/04/29 15:45:19,578000,11.493
2026/04/29 15:45:19,579000,11.496
2026/04/29 15:45:19,580000,11.490
2026/04/29 15:45:19,581000,11.493
2026/04/29 15:45:19,582000,11.499
2026/04/29 15:45:19,583000,11.490
2026/04/29 15:45:19,584000,11.496
2026/04/29 15:45:19,585000,11.493
2026/04/29 15:45:19,586000,11.493
2026/04/29 15:45:19,587000,11.499
2026/04/29 15:45:19,588000,11.487
2026/04/29 15:45:19,589000,11.493
2026/04/29 15:45:19,590000,11.487
2026/04/29 15:45:19,591000,11.493
2026/04/29 15:45:19,592000,11.493
2026/04/29 15:45:19,593000,11.493
2026/04/29 15:45:19,594000,11.493
2026/04/29 15:45:19,595000,11.490
2026/04/29 15:45:19,596000,11.487
2026/04/29 15:45:19,597000,11.496
2026/04/29 15:45:19,598000,11.490
2026/04/29 15:45:19,599000,11.490
2026/04/29 15:45:19,600000,11.501
2026/04/29 15:45:19,601000,11.499
2026/04/29 15:45:19,602000,11.490
2026/04/29 15:45:19,603000,11.499
2026/04/29 15:45:19,604000,11.493
2026/04/29 15:45:19,605000,11.499
2026/04/29 15:45:19,606000,11.493
2026/04/29 15:45:19,607000,11.496
2026/04/29 15:45:19,608000,11.496
2026/04/29 15:45:19,609000,11.496
2026/04/29 15:45:19,610000,11.490
2026/04/29 15:45:19,611000,11.496
2026/04/29 15:45:19,612000,11.496
2026/04/29 15:45:19,613000,11.499
2026/04/29 15:45:19,614000,11.493
2026/04/29 15:45:19,615000,11.490
2026/04/29 15:45:19,616000,11.493
2026/04/29 15:45:19,617000,11.487
2026/04/29 15:45:19,618000,11.490
2026/04/29 15:45:19,619000,11.493
2026/04/29 15:45:19,620000,11.490
2026/04/29 15:45:19,621000,11.493
2026/04/29 15:45:19,622000,11.496
2026/04/29 15:45:19,623000,11.493
2026/04/29 15:45:19,624000,11.499
2026/04/29 15:45:19,625000,11.490
2026/04/29 15:45:19,626000,11.496
2026/04/29 15:45:19,627000,11.496
2026/04/29 15:45:19,628000,11.499
2026/04/29 15:45:19,629000,11.490
2026/04/29 15:45:19,630000,11.493
2026/04/29 15:45:19,631000,11.493
2026/04/29 15:45:19,632000,11.493
2026/04/29 15:45:19,633000,11.493
2026/04/29 15:45:19,634000,11.499
2026/04/29 15:45:19,635000,11.490
2026/04/29 15:45:19,636000,11.493
2026/04/29 15:45:19,637000,11.496
2026/04/29 15:45:19,638000,11.493
2026/04/29 15:45:19,639000,11.496
2026/04/29 15:45:19,640000,11.493
2026/04/29 15:45:19,641000,11.490
2026/04/29 15:45:19,642000,11.493
2026/04/29 15:45:19,643000,11.487
2026/04/29 15:45:19,644000,11.490
2026/04/29 15:45:19,645000,11.499
2026/04/29 15:45:19,646000,11.493
2026/04/29 15:45:19,647000,11.496
2026/04/29 15:45:19,648000,11.496
2026/04/29 15:45:19,649000,11.496
2026/04/29 15:45:19,650000,11.499
2026/04/29 15:45:19,651000,11.493
2026/04/29 15:45:19,652000,11.493
2026/04/29 15:45:19,653000,11.493
2026/04/29 15:45:19,654000,11.490
2026/04/29 15:45:19,655000,11.493
2026/04/29 15:45:19,656000,11.499
2026/04/29 15:45:19,657000,11.493
2026/04/29 15:45:19,658000,11.493
2026/04/29 15:45:19,659000,11.499
2026/04/29 15:45:19,660000,11.499
2026/04/29 15:45:19,661000,11.493
2026/04/29 15:45:19,662000,11.493
2026/04/29 15:45:19,663000,11.496
2026/04/29 15:45:19,664000,11.496
2026/04/29 15:45:19,665000,11.499
2026/04/29 15:45:19,666000,11.493
2026/04/29 15:45:19,667000,11.493
2026/04/29 15:45:19,668000,11.496
2026/04/29 15:45:19,669000,11.496
2026/04/29 15:45:19,670000,11.490
2026/04/29 15:45:19,671000,11.487
2026/04/29 15:45:19,672000,11.496
2026/04/29 15:45:19,673000,11.499
2026/04/29 15:45:19,674000,11.496
2026/04/29 15:45:19,675000,11.493
2026/04/29 15:45:19,676000,11.493
2026/04/29 15:45:19,677000,11.493
2026/04/29 15:45:19,678000,11.493
2026/04/29 15:45:19,679000,11.490
2026/04/29 15:45:19,680000,11.493
2026/04/29 15:45:19,681000,11.499
2026/04/29 15:45:19,682000,11.493
2026/04/29 15:45:19,683000,11.499
2026/04/29 15:45:19,684000,11.493
2026/04/29 15:45:19,685000,11.496
2026/04/29 15:45:19,686000,11.493
2026/04/29 15:45:19,687000,11.493
2026/04/29 15:45:19,688000,11.496
2026/04/29 15:45:19,689000,11.501
2026/04/29 15:45:19,690000,11.499
2026/04/29 15:45:19,691000,11.490
2026/04/29 15:45:19,692000,11.493
2026/04/29 15:45:19,693000,11.496
2026/04/29 15:45:19,694000,11.510
2026/04/29 15:45:19,695000,11.496
2026/04/29 15:45:19,696000,11.496
2026/04/29 15:45:19,697000,11.496
2026/04/29 15:45:19,698000,11.501
2026/04/29 15:45:19,699000,11.499
2026/04/29 15:45:19,700000,11.490
2026/04/29 15:45:19,701000,11.493
2026/04/29 15:45:19,702000,11.496
2026/04/29 15:45:19,703000,11.493
2026/04/29 15:45:19,704000,11.496
2026/04/29 15:45:19,705000,11.490
2026/04/29 15:45:19,706000,11.493
2026/04/29 15:45:19,707000,11.490
2026/04/29 15:45:19,708000,11.490
2026/04/29 15:45:19,709000,11.493
2026/04/29 15:45:19,710000,11.493
2026/04/29 15:45:19,711000,11.499
2026/04/29 15:45:19,712000,11.493
2026/04/29 15:45:19,713000,11.499
2026/04/29 15:45:19,714000,11.496
2026/04/29 15:45:19,715000,11.490
2026/04/29 15:45:19,716000,11.493
2026/04/29 15:45:19,717000,11.487
2026/04/29 15:45:19,718000,11.496
2026/04/29 15:45:19,719000,11.493
2026/04/29 15:45:19,720000,11.487
2026/04/29 15:45:19,721000,11.493
2026/04/29 15:45:19,722000,11.493
2026/04/29 15:45:19,723000,11.496
2026/04/29 15:45:19,724000,11.490
2026/04/29 15:45:19,725000,11.493
2026/04/29 15:45:19,726000,11.496
2026/04/29 15:45:19,727000,11.487
2026/04/29 15:45:19,728000,11.496
2026/04/29 15:45:19,729000,11.496
2026/04/29 15:45:19,730000,11.493
2026/04/29 15:45:19,731000,11.496
2026/04/29 15:45:19,732000,11.496
2026/04/29 15:45:19,733000,11.493
2026/04/29 15:45:19,734000,11.499
2026/04/29 15:45:19,735000,11.499
2026/04/29 15:45:19,736000,11.490
2026/04/29 15:45:19,737000,11.499
2026/04/29 15:45:19,738000,11.490
2026/04/29 15:45:19,739000,11.496
2026/04/29 15:45:19,740000,11.496
2026/04/29 15:45:19,741000,11.493
2026/04/29 15:45:19,742000,11.490
2026/04/29 15:45:19,743000,11.490
2026/04/29 15:45:19,744000,11.487
2026/04/29 15:45:19,745000,11.499
2026/04/29 15:45:19,746000,11.487
2026/04/29 15:45:19,747000,11.485
2026/04/29 15:45:19,748000,11.501
2026/04/29 15:45:19,749000,11.493
2026/04/29 15:45:19,750000,11.493
2026/04/29 15:45:19,751000,11.493
2026/04/29 15:45:19,752000,11.493
2026/04/29 15:45:19,753000,11.499
2026/04/29 15:45:19,754000,11.487
2026/04/29 15:45:19,755000,11.496
2026/04/29 15:45:19,756000,11.496
2026/04/29 15:45:19,757000,11.493
2026/04/29 15:45:19,758000,11.493
2026/04/29 15:45:19,759000,11.490
2026/04/29 15:45:19,760000,11.493
2026/04/29 15:45:19,761000,11.490
2026/04/29 15:45:19,762000,11.493
2026/04/29 15:45:19,763000,11.490
2026/04/29 15:45:19,764000,11.490
2026/04/29 15:45:19,765000,11.490
2026/04/29 15:45:19,766000,11.499
2026/04/29 15:45:19,767000,11.507
2026/04/29 15:45:19,768000,11.496
2026/04/29 15:45:19,769000,11.496
2026/04/29 15:45:19,770000,11.499
2026/04/29 15:45:19,771000,11.493
2026/04/29 15:45:19,772000,11.499
2026/04/29 15:45:19,773000,11.499
2026/04/29 15:45:19,774000,11.499
2026/04/29 15:45:19,775000,11.493
2026/04/29 15:45:19,776000,11.493
2026/04/29 15:45:19,777000,11.496
2026/04/29 15:45:19,778000,11.499
2026/04/29 15:45:19,779000,11.496
2026/04/29 15:45:19,780000,11.496
2026/04/29 15:45:19,781000,11.499
2026/04/29 15:45:19,782000,11.493
2026/04/29 15:45:19,783000,11.499
2026/04/29 15:45:19,784000,11.487
2026/04/29 15:45:19,785000,11.493
2026/04/29 15:45:19,786000,11.493
2026/04/29 15:45:19,787000,11.496
2026/04/29 15:45:19,788000,11.493
2026/04/29 15:45:19,789000,11.493
2026/04/29 15:45:19,790000,11.496
2026/04/29 15:45:19,791000,11.496
2026/04/29 15:45:19,792000,11.482
2026/04/29 15:45:19,793000,11.487
2026/04/29 15:45:19,794000,11.490
2026/04/29 15:45:19,795000,11.499
2026/04/29 15:45:19,796000,11.499
2026/04/29 15:45:19,797000,11.493
2026/04/29 15:45:19,798000,11.490
2026/04/29 15:45:19,799000,11.493
2026/04/29 15:45:19,800000,11.490
2026/04/29 15:45:19,801000,11.493
2026/04/29 15:45:19,802000,11.496
2026/04/29 15:45:19,803000,11.493
2026/04/29 15:45:19,804000,11.499
2026/04/29 15:45:19,805000,11.490
2026/04/29 15:45:19,806000,11.499
2026/04/29 15:45:19,807000,11.499
2026/04/29 15:45:19,808000,11.487
2026/04/29 15:45:19,809000,11.493
2026/04/29 15:45:19,810000,11.496
2026/04/29 15:45:19,811000,11.493
2026/04/29 15:45:19,812000,11.496
2026/04/29 15:45:19,813000,11.496
2026/04/29 15:45:19,814000,11.493
2026/04/29 15:45:19,815000,11.493
2026/04/29 15:45:19,816000,11.493
2026/04/29 15:45:19,817000,11.482
2026/04/29 15:45:19,818000,11.496
2026/04/29 15:45:19,819000,11.493
2026/04/29 15:45:19,820000,11.499
2026/04/29 15:45:19,821000,11.493
2026/04/29 15:45:19,822000,11.493
2026/04/29 15:45:19,823000,11.496
2026/04/29 15:45:19,824000,11.496
2026/04/29 15:45:19,825000,11.499
2026/04/29 15:45:19,826000,11.496
2026/04/29 15:45:19,827000,11.499
2026/04/29 15:45:19,828000,11.487
2026/04/29 15:45:19,829000,11.501
2026/04/29 15:45:19,830000,11.490
2026/04/29 15:45:19,831000,11.490
2026/04/29 15:45:19,832000,11.496
2026/04/29 15:45:19,833000,11.493
2026/04/29 15:45:19,834000,11.490
2026/04/29 15:45:19,835000,11.493
2026/04/29 15:45:19,836000,11.490
2026/04/29 15:45:19,837000,11.493
2026/04/29 15:45:19,838000,11.493
2026/04/29 15:45:19,839000,11.501
2026/04/29 15:45:19,840000,11.487
2026/04/29 15:45:19,841000,11.487
2026/04/29 15:45:19,842000,11.490
2026/04/29 15:45:19,843000,11.493
2026/04/29 15:45:19,844000,11.499
2026/04/29 15:45:19,845000,11.487
2026/04/29 15:45:19,846000,11.490
2026/04/29 15:45:19,847000,11.496
2026/04/29 15:45:19,848000,11.493
2026/04/29 15:45:19,849000,11.490
2026/04/29 15:45:19,850000,11.493
2026/04/29 15:45:19,851000,11.493
2026/04/29 15:45:19,852000,11.496
2026/04/29 15:45:19,853000,11.493
2026/04/29 15:45:19,854000,11.499
2026/04/29 15:45:19,855000,11.493
2026/04/29 15:45:19,856000,11.487
2026/04/29 15:45:19,857000,11.493
2026/04/29 15:45:19,858000,11.496
2026/04/29 15:45:19,859000,11.493
2026/04/29 15:45:19,860000,11.499
2026/04/29 15:45:19,861000,11.496
2026/04/29 15:45:19,862000,11.493
2026/04/29 15:45:19,863000,11.490
2026/04/29 15:45:19,864000,11.493
2026/04/29 15:45:19,865000,11.499
2026/04/29 15:45:19,866000,11.496
2026/04/29 15:45:19,867000,11.493
2026/04/29 15:45:19,868000,11.499
2026/04/29 15:45:19,869000,11.493
2026/04/29 15:45:19,870000,11.490
2026/04/29 15:45:19,871000,11.493
2026/04/29 15:45:19,872000,11.499
2026/04/29 15:45:19,873000,11.501
2026/04/29 15:45:19,874000,11.493
2026/04/29 15:45:19,875000,11.493
2026/04/29 15:45:19,876000,11.493
2026/04/29 15:45:19,877000,11.493
2026/04/29 15:45:19,878000,11.490
2026/04/29 15:45:19,879000,11.493
2026/04/29 15:45:19,880000,11.496
2026/04/29 15:45:19,881000,11.493
2026/04/29 15:45:19,882000,11.490
2026/04/29 15:45:19,883000,11.496
2026/04/29 15:45:19,884000,11.501
2026/04/29 15:45:19,885000,11.490
2026/04/29 15:45:19,886000,11.496
2026/04/29 15:45:19,887000,11.485
2026/04/29 15:45:19,888000,11.493
2026/04/29 15:45:19,889000,11.493
2026/04/29 15:45:19,890000,11.493
2026/04/29 15:45:19,891000,11.496
2026/04/29 15:45:19,892000,11.493
2026/04/29 15:45:19,893000,11.490
2026/04/29 15:45:19,894000,11.490
2026/04/29 15:45:19,895000,11.493
2026/04/29 15:45:19,896000,11.493
2026/04/29 15:45:19,897000,11.490
2026/04/29 15:45:19,898000,11.490
2026/04/29 15:45:19,899000,11.493
2026/04/29 15:45:19,900000,11.493
2026/04/29 15:45:19,901000,11.493
2026/04/29 15:45:19,902000,11.493
2026/04/29 15:45:19,903000,11.493
2026/04/29 15:45:19,904000,11.493
2026/04/29 15:45:19,905000,11.496
2026/04/29 15:45:19,906000,11.493
2026/04/29 15:45:19,907000,11.493
2026/04/29 15:45:19,908000,11.493
2026/04/29 15:45:19,909000,11.487
2026/04/29 15:45:19,910000,11.490
2026/04/29 15:45:19,911000,11.493
2026/04/29 15:45:19,912000,11.493
2026/04/29 15:45:19,913000,11.493
2026/04/29 15:45:19,914000,11.496
2026/04/29 15:45:19,915000,11.493
2026/04/29 15:45:19,916000,11.493
2026/04/29 15:45:19,917000,11.490
2026/04/29 15:45:19,918000,11.493
2026/04/29 15:45:19,919000,11.490
2026/04/29 15:45:19,920000,11.490
2026/04/29 15:45:19,921000,11.496
2026/04/29 15:45:19,922000,11.496
2026/04/29 15:45:19,923000,11.490
2026/04/29 15:45:19,924000,11.493
2026/04/29 15:45:19,925000,11.499
2026/04/29 15:45:19,926000,11.496
2026/04/29 15:45:19,927000,11.490
2026/04/29 15:45:19,928000,11.496
2026/04/29 15:45:19,929000,11.496
2026/04/29 15:45:19,930000,11.490
2026/04/29 15:45:19,931000,11.501
2026/04/29 15:45:19,932000,11.496
2026/04/29 15:45:19,933000,11.501
2026/04/29 15:45:19,934000,11.490
2026/04/29 15:45:19,935000,11.490
2026/04/29 15:45:19,936000,11.493
2026/04/29 15:45:19,937000,11.493
2026/04/29 15:45:19,938000,11.490
2026/04/29 15:45:19,939000,11.490
2026/04/29 15:45:19,940000,11.487
2026/04/29 15:45:19,941000,11.493
2026/04/29 15:45:19,942000,11.507
2026/04/29 15:45:19,943000,11.496
2026/04/29 15:45:19,944000,11.496
2026/04/29 15:45:19,945000,11.496
2026/04/29 15:45:19,946000,11.493
2026/04/29 15:45:19,947000,11.493
2026/04/29 15:45:19,948000,11.493
2026/04/29 15:45:19,949000,11.493
2026/04/29 15:45:19,950000,11.496
2026/04/29 15:45:19,951000,11.493
2026/04/29 15:45:19,952000,11.499
2026/04/29 15:45:19,953000,11.496
2026/04/29 15:45:19,954000,11.496
2026/04/29 15:45:19,955000,11.490
2026/04/29 15:45:19,956000,11.493
2026/04/29 15:45:19,957000,11.493
2026/04/29 15:45:19,958000,11.493
2026/04/29 15:45:19,959000,11.496
2026/04/29 15:45:19,960000,11.493
2026/04/29 15:45:19,961000,11.493
2026/04/29 15:45:19,962000,11.499
2026/04/29 15:45:19,963000,11.493
2026/04/29 15:45:19,964000,11.487
2026/04/29 15:45:19,965000,11.501
2026/04/29 15:45:19,966000,11.501
2026/04/29 15:45:19,967000,11.493
2026/04/29 15:45:19,968000,11.493
2026/04/29 15:45:19,969000,11.487
2026/04/29 15:45:19,970000,11.493
2026/04/29 15:45:19,971000,11.490
2026/04/29 15:45:19,972000,11.499
2026/04/29 15:45:19,973000,11.493
2026/04/29 15:45:19,974000,11.499
2026/04/29 15:45:19,975000,11.490
2026/04/29 15:45:19,976000,11.496
2026/04/29 15:45:19,977000,11.490
2026/04/29 15:45:19,978000,11.493
2026/04/29 15:45:19,979000,11.490
2026/04/29 15:45:19,980000,11.493
2026/04/29 15:45:19,981000,11.487
2026/04/29 15:45:19,982000,11.493
2026/04/29 15:45:19,983000,11.496
2026/04/29 15:45:19,984000,11.490
2026/04/29 15:45:19,985000,11.496
2026/04/29 15:45:19,986000,11.499
2026/04/29 15:45:19,987000,11.490
2026/04/29 15:45:19,988000,11.490
2026/04/29 15:45:19,989000,11.496
2026/04/29 15:45:19,990000,11.493
2026/04/29 15:45:19,991000,11.499
2026/04/29 15:45:19,992000,11.493
2026/04/29 15:45:19,993000,11.496
2026/04/29 15:45:19,994000,11.499
2026/04/29 15:45:19,995000,11.487
2026/04/29 15:45:19,996000,11.490
2026/04/29 15:45:19,997000,11.490
2026/04/29 15:45:19,998000,11.496
2026/04/29 15:45:19,999000,11.496
2026/04/29 15:45:20,000000,11.496
2026/04/29 15:45:20,001000,11.496
2026/04/29 15:45:20,002000,11.493
2026/04/29 15:45:20,003000,11.499
2026/04/29 15:45:20,004000,11.493
2026/04/29 15:45:20,005000,11.493
2026/04/29 15:45:20,006000,11.493
2026/04/29 15:45:20,007000,11.490
2026/04/29 15:45:20,008000,11.493
2026/04/29 15:45:20,009000,11.496
2026/04/29 15:45:20,010000,11.493
2026/04/29 15:45:20,011000,11.493
2026/04/29 15:45:20,012000,11.496
2026/04/29 15:45:20,013000,11.493
2026/04/29 15:45:20,014000,11.493
2026/04/29 15:45:20,015000,11.487
2026/04/29 15:45:20,016000,11.493
2026/04/29 15:45:20,017000,11.493
2026/04/29 15:45:20,018000,11.493
2026/04/29 15:45:20,019000,11.493
2026/04/29 15:45:20,020000,11.496
2026/04/29 15:45:20,021000,11.493
2026/04/29 15:45:20,022000,11.487
2026/04/29 15:45:20,023000,11.493
2026/04/29 15:45:20,024000,11.493
2026/04/29 15:45:20,025000,11.496
2026/04/29 15:45:20,026000,11.487
2026/04/29 15:45:20,027000,11.496
2026/04/29 15:45:20,028000,11.493
2026/04/29 15:45:20,029000,11.493
2026/04/29 15:45:20,030000,11.490
2026/04/29 15:45:20,031000,11.499
2026/04/29 15:45:20,032000,11.501
2026/04/29 15:45:20,033000,11.496
2026/04/29 15:45:20,034000,11.490
2026/04/29 15:45:20,035000,11.496
2026/04/29 15:45:20,036000,11.493
2026/04/29 15:45:20,037000,11.501
2026/04/29 15:45:20,038000,11.493
2026/04/29 15:45:20,039000,11.490
2026/04/29 15:45:20,040000,11.493
2026/04/29 15:45:20,041000,11.501
2026/04/29 15:45:20,042000,11.490
2026/04/29 15:45:20,043000,11.487
2026/04/29 15:45:20,044000,11.490
2026/04/29 15:45:20,045000,11.490
2026/04/29 15:45:20,046000,11.493
2026/04/29 15:45:20,047000,11.493
2026/04/29 15:45:20,048000,11.490
2026/04/29 15:45:20,049000,11.496
2026/04/29 15:45:20,050000,11.496
2026/04/29 15:45:20,051000,11.490
2026/04/29 15:45:20,052000,11.496
2026/04/29 15:45:20,053000,11.493
2026/04/29 15:45:20,054000,11.493
2026/04/29 15:45:20,055000,11.493
2026/04/29 15:45:20,056000,11.493
2026/04/29 15:45:20,057000,11.499
2026/04/29 15:45:20,058000,11.490
2026/04/29 15:45:20,059000,11.493
2026/04/29 15:45:20,060000,11.487
2026/04/29 15:45:20,061000,11.493
2026/04/29 15:45:20,062000,11.499
2026/04/29 15:45:20,063000,11.493
2026/04/29 15:45:20,064000,11.490
2026/04/29 15:45:20,065000,11.501
2026/04/29 15:45:20,066000,11.490
2026/04/29 15:45:20,067000,11.490
2026/04/29 15:45:20,068000,11.499
2026/04/29 15:45:20,069000,11.496
2026/04/29 15:45:20,070000,11.490
2026/04/29 15:45:20,071000,11.493
2026/04/29 15:45:20,072000,11.496
2026/04/29 15:45:20,073000,11.490
2026/04/29 15:45:20,074000,11.493
2026/04/29 15:45:20,075000,11.499
2026/04/29 15:45:20,076000,11.493
2026/04/29 15:45:20,077000,11.496
2026/04/29 15:45:20,078000,11.499
2026/04/29 15:45:20,079000,11.490
2026/04/29 15:45:20,080000,11.496
2026/04/29 15:45:20,081000,11.493
2026/04/29 15:45:20,082000,11.490
2026/04/29 15:45:20,083000,11.490
2026/04/29 15:45:20,084000,11.493
2026/04/29 15:45:20,085000,11.490
2026/04/29 15:45:20,086000,11.490
2026/04/29 15:45:20,087000,11.493
2026/04/29 15:45:20,088000,11.499
2026/04/29 15:45:20,089000,11.499
2026/04/29 15:45:20,090000,11.490
2026/04/29 15:45:20,091000,11.490
2026/04/29 15:45:20,092000,11.493
2026/04/29 15:45:20,093000,11.490
2026/04/29 15:45:20,094000,11.496
2026/04/29 15:45:20,095000,11.499
2026/04/29 15:45:20,096000,11.496
2026/04/29 15:45:20,097000,11.493
2026/04/29 15:45:20,098000,11.493
2026/04/29 15:45:20,099000,11.490
2026/04/29 15:45:20,100000,11.496
2026/04/29 15:45:20,101000,11.493
2026/04/29 15:45:20,102000,11.501
2026/04/29 15:45:20,103000,11.493
2026/04/29 15:45:20,104000,11.490
2026/04/29 15:45:20,105000,11.490
2026/04/29 15:45:20,106000,11.487
2026/04/29 15:45:20,107000,11.496
2026/04/29 15:45:20,108000,11.487
2026/04/29 15:45:20,109000,11.490
2026/04/29 15:45:20,110000,11.493
2026/04/29 15:45:20,111000,11.499
2026/04/29 15:45:20,112000,11.490
2026/04/29 15:45:20,113000,11.493
2026/04/29 15:45:20,114000,11.496
2026/04/29 15:45:20,115000,11.493
2026/04/29 15:45:20,116000,11.496
2026/04/29 15:45:20,117000,11.496
2026/04/29 15:45:20,118000,11.496
2026/04/29 15:45:20,119000,11.499
2026/04/29 15:45:20,120000,11.499
2026/04/29 15:45:20,121000,11.487
2026/04/29 15:45:20,122000,11.496
2026/04/29 15:45:20,123000,11.496
2026/04/29 15:45:20,124000,11.493
2026/04/29 15:45:20,125000,11.490
2026/04/29 15:45:20,126000,11.490
2026/04/29 15:45:20,127000,11.499
2026/04/29 15:45:20,128000,11.490
2026/04/29 15:45:20,129000,11.490
2026/04/29 15:45:20,130000,11.493
2026/04/29 15:45:20,131000,11.496
2026/04/29 15:45:20,132000,11.485
2026/04/29 15:45:20,133000,11.490
2026/04/29 15:45:20,134000,11.490
2026/04/29 15:45:20,135000,11.496
2026/04/29 15:45:20,136000,11.493
2026/04/29 15:45:20,137000,11.496
2026/04/29 15:45:20,138000,11.501
2026/04/29 15:45:20,139000,11.499
2026/04/29 15:45:20,140000,11.493
2026/04/29 15:45:20,141000,11.493
2026/04/29 15:45:20,142000,11.493
2026/04/29 15:45:20,143000,11.493
2026/04/29 15:45:20,144000,11.493
2026/04/29 15:45:20,145000,11.493
2026/04/29 15:45:20,146000,11.493
2026/04/29 15:45:20,147000,11.493
2026/04/29 15:45:20,148000,11.493
2026/04/29 15:45:20,149000,11.487
2026/04/29 15:45:20,150000,11.504
2026/04/29 15:45:20,151000,11.493
2026/04/29 15:45:20,152000,11.496
2026/04/29 15:45:20,153000,11.493
2026/04/29 15:45:20,154000,11.496
2026/04/29 15:45:20,155000,11.493
2026/04/29 15:45:20,156000,11.493
2026/04/29 15:45:20,157000,11.493
2026/04/29 15:45:20,158000,11.499
2026/04/29 15:45:20,159000,11.496
2026/04/29 15:45:20,160000,11.490
2026/04/29 15:45:20,161000,11.496
2026/04/29 15:45:20,162000,11.493
2026/04/29 15:45:20,163000,11.493
2026/04/29 15:45:20,164000,11.490
2026/04/29 15:45:20,165000,11.493
2026/04/29 15:45:20,166000,11.493
2026/04/29 15:45:20,167000,11.493
2026/04/29 15:45:20,168000,11.499
2026/04/29 15:45:20,169000,11.496
2026/04/29 15:45:20,170000,11.504
2026/04/29 15:45:20,171000,11.496
2026/04/29 15:45:20,172000,11.493
2026/04/29 15:45:20,173000,11.493
2026/04/29 15:45:20,174000,11.499
2026/04/29 15:45:20,175000,11.487
2026/04/29 15:45:20,176000,11.496
2026/04/29 15:45:20,177000,11.499
2026/04/29 15:45:20,178000,11.493
2026/04/29 15:45:20,179000,11.493
2026/04/29 15:45:20,180000,11.496
2026/04/29 15:45:20,181000,11.493
2026/04/29 15:45:20,182000,11.493
2026/04/29 15:45:20,183000,11.493
2026/04/29 15:45:20,184000,11.493
2026/04/29 15:45:20,185000,11.499
2026/04/29 15:45:20,186000,11.493
2026/04/29 15:45:20,187000,11.485
2026/04/29 15:45:20,188000,11.501
2026/04/29 15:45:20,189000,11.493
2026/04/29 15:45:20,190000,11.499
2026/04/29 15:45:20,191000,11.496
2026/04/29 15:45:20,192000,11.493
2026/04/29 15:45:20,193000,11.490
2026/04/29 15:45:20,194000,11.493
2026/04/29 15:45:20,195000,11.493
2026/04/29 15:45:20,196000,11.496
2026/04/29 15:45:20,197000,11.493
2026/04/29 15:45:20,198000,11.490
2026/04/29 15:45:20,199000,11.493
2026/04/29 15:45:20,200000,11.487
2026/04/29 15:45:20,201000,11.490
2026/04/29 15:45:20,202000,11.496
2026/04/29 15:45:20,203000,11.490
2026/04/29 15:45:20,204000,11.493
2026/04/29 15:45:20,205000,11.490
2026/04/29 15:45:20,206000,11.501
2026/04/29 15:45:20,207000,11.485
2026/04/29 15:45:20,208000,11.499
2026/04/29 15:45:20,209000,11.501
2026/04/29 15:45:20,210000,11.493
2026/04/29 15:45:20,211000,11.496
2026/04/29 15:45:20,212000,11.493
2026/04/29 15:45:20,213000,11.499
2026/04/29 15:45:20,214000,11.501
2026/04/29 15:45:20,215000,11.496
2026/04/29 15:45:20,216000,11.490
2026/04/29 15:45:20,217000,11.493
2026/04/29 15:45:20,218000,11.490
2026/04/29 15:45:20,219000,11.493
2026/04/29 15:45:20,220000,11.496
2026/04/29 15:45:20,221000,11.501
2026/04/29 15:45:20,222000,11.496
2026/04/29 15:45:20,223000,11.499
2026/04/29 15:45:20,224000,11.490
2026/04/29 15:45:20,225000,11.490
2026/04/29 15:45:20,226000,11.496
2026/04/29 15:45:20,227000,11.496
2026/04/29 15:45:20,228000,11.493
2026/04/29 15:45:20,229000,11.493
2026/04/29 15:45:20,230000,11.496
2026/04/29 15:45:20,231000,11.493
2026/04/29 15:45:20,232000,11.490
2026/04/29 15:45:20,233000,11.493
2026/04/29 15:45:20,234000,11.490
2026/04/29 15:45:20,235000,11.493
2026/04/29 15:45:20,236000,11.493
2026/04/29 15:45:20,237000,11.499
2026/04/29 15:45:20,238000,11.487
2026/04/29 15:45:20,239000,11.490
2026/04/29 15:45:20,240000,11.499
2026/04/29 15:45:20,241000,11.490
2026/04/29 15:45:20,242000,11.487
2026/04/29 15:45:20,243000,11.490
2026/04/29 15:45:20,244000,11.496
2026/04/29 15:45:20,245000,11.507
2026/04/29 15:45:20,246000,11.493
2026/04/29 15:45:20,247000,11.499
2026/04/29 15:45:20,248000,11.501
2026/04/29 15:45:20,249000,11.496
2026/04/29 15:45:20,250000,11.493
2026/04/29 15:45:20,251000,11.499
2026/04/29 15:45:20,252000,11.487
2026/04/29 15:45:20,253000,11.487
2026/04/29 15:45:20,254000,11.493
2026/04/29 15:45:20,255000,11.493
2026/04/29 15:45:20,256000,11.490
2026/04/29 15:45:20,257000,11.496
2026/04/29 15:45:20,258000,11.499
2026/04/29 15:45:20,259000,11.496
2026/04/29 15:45:20,260000,11.501
2026/04/29 15:45:20,261000,11.493
2026/04/29 15:45:20,262000,11.487
2026/04/29 15:45:20,263000,11.493
2026/04/29 15:45:20,264000,11.496
2026/04/29 15:45:20,265000,11.493
2026/04/29 15:45:20,266000,11.493
2026/04/29 15:45:20,267000,11.493
2026/04/29 15:45:20,268000,11.493
2026/04/29 15:45:20,269000,11.493
2026/04/29 15:45:20,270000,11.496
2026/04/29 15:45:20,271000,11.493
2026/04/29 15:45:20,272000,11.499
2026/04/29 15:45:20,273000,11.496
2026/04/29 15:45:20,274000,11.493
2026/04/29 15:45:20,275000,11.496
2026/04/29 15:45:20,276000,11.496
2026/04/29 15:45:20,277000,11.504
2026/04/29 15:45:20,278000,11.493
2026/04/29 15:45:20,279000,11.493
2026/04/29 15:45:20,280000,11.493
2026/04/29 15:45:20,281000,11.501
2026/04/29 15:45:20,282000,11.493
2026/04/29 15:45:20,283000,11.493
2026/04/29 15:45:20,284000,11.493
2026/04/29 15:45:20,285000,11.490
2026/04/29 15:45:20,286000,11.501
2026/04/29 15:45:20,287000,11.485
2026/04/29 15:45:20,288000,11.493
2026/04/29 15:45:20,289000,11.493
2026/04/29 15:45:20,290000,11.493
2026/04/29 15:45:20,291000,11.493
2026/04/29 15:45:20,292000,11.490
2026/04/29 15:45:20,293000,11.501
2026/04/29 15:45:20,294000,11.501
2026/04/29 15:45:20,295000,11.490
2026/04/29 15:45:20,296000,11.490
2026/04/29 15:45:20,297000,11.487
2026/04/29 15:45:20,298000,11.493
2026/04/29 15:45:20,299000,11.496
2026/04/29 15:45:20,300000,11.496
2026/04/29 15:45:20,301000,11.496
2026/04/29 15:45:20,302000,11.493
2026/04/29 15:45:20,303000,11.493
2026/04/29 15:45:20,304000,11.496
2026/04/29 15:45:20,305000,11.496
2026/04/29 15:45:20,306000,11.493
2026/04/29 15:45:20,307000,11.493
2026/04/29 15:45:20,308000,11.493
2026/04/29 15:45:20,309000,11.493
2026/04/29 15:45:20,310000,11.490
2026/04/29 15:45:20,311000,11.493
2026/04/29 15:45:20,312000,11.499
2026/04/29 15:45:20,313000,11.496
2026/04/29 15:45:20,314000,11.493
2026/04/29 15:45:20,315000,11.499
2026/04/29 15:45:20,316000,11.490
2026/04/29 15:45:20,317000,11.493
2026/04/29 15:45:20,318000,11.493
2026/04/29 15:45:20,319000,11.485
2026/04/29 15:45:20,320000,11.490
2026/04/29 15:45:20,321000,11.493
2026/04/29 15:45:20,322000,11.493
2026/04/29 15:45:20,323000,11.496
2026/04/29 15:45:20,324000,11.496
2026/04/29 15:45:20,325000,11.490
2026/04/29 15:45:20,326000,11.496
2026/04/29 15:45:20,327000,11.493
2026/04/29 15:45:20,328000,11.490
2026/04/29 15:45:20,329000,11.490
2026/04/29 15:45:20,330000,11.496
2026/04/29 15:45:20,331000,11.490
2026/04/29 15:45:20,332000,11.493
2026/04/29 15:45:20,333000,11.493
2026/04/29 15:45:20,334000,11.490
2026/04/29 15:45:20,335000,11.485
2026/04/29 15:45:20,336000,11.490
2026/04/29 15:45:20,337000,11.496
2026/04/29 15:45:20,338000,11.493
2026/04/29 15:45:20,339000,11.493
2026/04/29 15:45:20,340000,11.493
2026/04/29 15:45:20,341000,11.490
2026/04/29 15:45:20,342000,11.501
2026/04/29 15:45:20,343000,11.496
2026/04/29 15:45:20,344000,11.487
2026/04/29 15:45:20,345000,11.493
2026/04/29 15:45:20,346000,11.493
2026/04/29 15:45:20,347000,11.490
2026/04/29 15:45:20,348000,11.496
2026/04/29 15:45:20,349000,11.493
2026/04/29 15:45:20,350000,11.496
2026/04/29 15:45:20,351000,11.493
2026/04/29 15:45:20,352000,11.496
2026/04/29 15:45:20,353000,11.493
2026/04/29 15:45:20,354000,11.499
2026/04/29 15:45:20,355000,11.493
2026/04/29 15:45:20,356000,11.499
2026/04/29 15:45:20,357000,11.496
2026/04/29 15:45:20,358000,11.499
2026/04/29 15:45:20,359000,11.487
2026/04/29 15:45:20,360000,11.490
2026/04/29 15:45:20,361000,11.493
2026/04/29 15:45:20,362000,11.499
2026/04/29 15:45:20,363000,11.493
2026/04/29 15:45:20,364000,11.493
2026/04/29 15:45:20,365000,11.493
2026/04/29 15:45:20,366000,11.493
2026/04/29 15:45:20,367000,11.490
2026/04/29 15:45:20,368000,11.499
2026/04/29 15:45:20,369000,11.493
2026/04/29 15:45:20,370000,11.496
2026/04/29 15:45:20,371000,11.501
2026/04/29 15:45:20,372000,11.496
2026/04/29 15:45:20,373000,11.487
2026/04/29 15:45:20,374000,11.493
2026/04/29 15:45:20,375000,11.493
2026/04/29 15:45:20,376000,11.493
2026/04/29 15:45:20,377000,11.499
2026/04/29 15:45:20,378000,11.496
2026/04/29 15:45:20,379000,11.490
2026/04/29 15:45:20,380000,11.493
2026/04/29 15:45:20,381000,11.496
2026/04/29 15:45:20,382000,11.490
2026/04/29 15:45:20,383000,11.493
2026/04/29 15:45:20,384000,11.490
2026/04/29 15:45:20,385000,11.496
2026/04/29 15:45:20,386000,11.493
2026/04/29 15:45:20,387000,11.493
2026/04/29 15:45:20,388000,11.493
2026/04/29 15:45:20,389000,11.493
2026/04/29 15:45:20,390000,11.496
2026/04/29 15:45:20,391000,11.499
2026/04/29 15:45:20,392000,11.499
2026/04/29 15:45:20,393000,11.493
2026/04/29 15:45:20,394000,11.493
2026/04/29 15:45:20,395000,11.501
2026/04/29 15:45:20,396000,11.493
2026/04/29 15:45:20,397000,11.493
2026/04/29 15:45:20,398000,11.493
2026/04/29 15:45:20,399000,11.499
2026/04/29 15:45:20,400000,11.493
2026/04/29 15:45:20,401000,11.496
2026/04/29 15:45:20,402000,11.493
2026/04/29 15:45:20,403000,11.496
2026/04/29 15:45:20,404000,11.493
2026/04/29 15:45:20,405000,11.490
2026/04/29 15:45:20,406000,11.496
2026/04/29 15:45:20,407000,11.493
2026/04/29 15:45:20,408000,11.496
2026/04/29 15:45:20,409000,11.493
2026/04/29 15:45:20,410000,11.496
2026/04/29 15:45:20,411000,11.490
2026/04/29 15:45:20,412000,11.496
2026/04/29 15:45:20,413000,11.490
2026/04/29 15:45:20,414000,11.499
2026/04/29 15:45:20,415000,11.493
2026/04/29 15:45:20,416000,11.496
2026/04/29 15:45:20,417000,11.499
2026/04/29 15:45:20,418000,11.490
2026/04/29 15:45:20,419000,11.490
2026/04/29 15:45:20,420000,11.496
2026/04/29 15:45:20,421000,11.499
2026/04/29 15:45:20,422000,11.490
2026/04/29 15:45:20,423000,11.490
2026/04/29 15:45:20,424000,11.490
2026/04/29 15:45:20,425000,11.490
2026/04/29 15:45:20,426000,11.499
2026/04/29 15:45:20,427000,11.493
2026/04/29 15:45:20,428000,11.493
2026/04/29 15:45:20,429000,11.493
2026/04/29 15:45:20,430000,11.490
2026/04/29 15:45:20,431000,11.493
2026/04/29 15:45:20,432000,11.496
2026/04/29 15:45:20,433000,11.496
2026/04/29 15:45:20,434000,11.490
2026/04/29 15:45:20,435000,11.490
2026/04/29 15:45:20,436000,11.504
2026/04/29 15:45:20,437000,11.501
2026/04/29 15:45:20,438000,11.493
2026/04/29 15:45:20,439000,11.487
2026/04/29 15:45:20,440000,11.490
2026/04/29 15:45:20,441000,11.493
2026/04/29 15:45:20,442000,11.493
2026/04/29 15:45:20,443000,11.493
2026/04/29 15:45:20,444000,11.493
2026/04/29 15:45:20,445000,11.490
2026/04/29 15:45:20,446000,11.501
2026/04/29 15:45:20,447000,11.490
2026/04/29 15:45:20,448000,11.487
2026/04/29 15:45:20,449000,11.496
2026/04/29 15:45:20,450000,11.493
2026/04/29 15:45:20,451000,11.490
2026/04/29 15:45:20,452000,11.493
2026/04/29 15:45:20,453000,11.490
2026/04/29 15:45:20,454000,11.496
2026/04/29 15:45:20,455000,11.496
2026/04/29 15:45:20,456000,11.490
2026/04/29 15:45:20,457000,11.490
2026/04/29 15:45:20,458000,11.499
2026/04/29 15:45:20,459000,11.493
2026/04/29 15:45:20,460000,11.482
2026/04/29 15:45:20,461000,11.487
2026/04/29 15:45:20,462000,11.490
2026/04/29 15:45:20,463000,11.493
2026/04/29 15:45:20,464000,11.496
2026/04/29 15:45:20,465000,11.493
2026/04/29 15:45:20,466000,11.490
2026/04/29 15:45:20,467000,11.496
2026/04/29 15:45:20,468000,11.499
2026/04/29 15:45:20,469000,11.496
2026/04/29 15:45:20,470000,11.493
2026/04/29 15:45:20,471000,11.485
2026/04/29 15:45:20,472000,11.493
2026/04/29 15:45:20,473000,11.496
2026/04/29 15:45:20,474000,11.496
2026/04/29 15:45:20,475000,11.490
2026/04/29 15:45:20,476000,11.493
2026/04/29 15:45:20,477000,11.493
2026/04/29 15:45:20,478000,11.499
2026/04/29 15:45:20,479000,11.493
2026/04/29 15:45:20,480000,11.493
2026/04/29 15:45:20,481000,11.496
2026/04/29 15:45:20,482000,11.496
2026/04/29 15:45:20,483000,11.487
2026/04/29 15:45:20,484000,11.493
2026/04/29 15:45:20,485000,11.496
2026/04/29 15:45:20,486000,11.493
2026/04/29 15:45:20,487000,11.499
2026/04/29 15:45:20,488000,11.490
2026/04/29 15:45:20,489000,11.490
2026/04/29 15:45:20,490000,11.496
2026/04/29 15:45:20,491000,11.501
2026/04/29 15:45:20,492000,11.493
2026/04/29 15:45:20,493000,11.490
2026/04/29 15:45:20,494000,11.493
2026/04/29 15:45:20,495000,11.485
2026/04/29 15:45:20,496000,11.496
2026/04/29 15:45:20,497000,11.487
2026/04/29 15:45:20,498000,11.496
2026/04/29 15:45:20,499000,11.493
2026/04/29 15:45:20,500000,11.496
2026/04/29 15:45:20,501000,11.493
2026/04/29 15:45:20,502000,11.496
2026/04/29 15:45:20,503000,11.490
2026/04/29 15:45:20,504000,11.490
2026/04/29 15:45:20,505000,11.485
2026/04/29 15:45:20,506000,11.487
2026/04/29 15:45:20,507000,11.496
2026/04/29 15:45:20,508000,11.490
2026/04/29 15:45:20,509000,11.493
2026/04/29 15:45:20,510000,11.493
2026/04/29 15:45:20,511000,11.499
2026/04/29 15:45:20,512000,11.493
2026/04/29 15:45:20,513000,11.499
2026/04/29 15:45:20,514000,11.496
2026/04/29 15:45:20,515000,11.487
2026/04/29 15:45:20,516000,11.493
2026/04/29 15:45:20,517000,11.499
2026/04/29 15:45:20,518000,11.493
2026/04/29 15:45:20,519000,11.499
2026/04/29 15:45:20,520000,11.493
2026/04/29 15:45:20,521000,11.490
2026/04/29 15:45:20,522000,11.504
2026/04/29 15:45:20,523000,11.493
2026/04/29 15:45:20,524000,11.493
2026/04/29 15:45:20,525000,11.496
2026/04/29 15:45:20,526000,11.490
2026/04/29 15:45:20,527000,11.496
2026/04/29 15:45:20,528000,11.490
2026/04/29 15:45:20,529000,11.482
2026/04/29 15:45:20,530000,11.499
2026/04/29 15:45:20,531000,11.493
2026/04/29 15:45:20,532000,11.501
2026/04/29 15:45:20,533000,11.490
2026/04/29 15:45:20,534000,11.496
2026/04/29 15:45:20,535000,11.490
2026/04/29 15:45:20,536000,11.493
2026/04/29 15:45:20,537000,11.493
2026/04/29 15:45:20,538000,11.496
2026/04/29 15:45:20,539000,11.493
2026/04/29 15:45:20,540000,11.493
2026/04/29 15:45:20,541000,11.499
2026/04/29 15:45:20,542000,11.493
2026/04/29 15:45:20,543000,11.493
2026/04/29 15:45:20,544000,11.493
2026/04/29 15:45:20,545000,11.490
2026/04/29 15:45:20,546000,11.485
2026/04/29 15:45:20,547000,11.493
2026/04/29 15:45:20,548000,11.493
2026/04/29 15:45:20,549000,11.499
2026/04/29 15:45:20,550000,11.493
2026/04/29 15:45:20,551000,11.485
2026/04/29 15:45:20,552000,11.493
2026/04/29 15:45:20,553000,11.496
2026/04/29 15:45:20,554000,11.493
2026/04/29 15:45:20,555000,11.490
2026/04/29 15:45:20,556000,11.490
2026/04/29 15:45:20,557000,11.490
2026/04/29 15:45:20,558000,11.490
2026/04/29 15:45:20,559000,11.493
2026/04/29 15:45:20,560000,11.490
2026/04/29 15:45:20,561000,11.490
2026/04/29 15:45:20,562000,11.496
2026/04/29 15:45:20,563000,11.496
2026/04/29 15:45:20,564000,11.496
2026/04/29 15:45:20,565000,11.493
2026/04/29 15:45:20,566000,11.501
2026/04/29 15:45:20,567000,11.493
2026/04/29 15:45:20,568000,11.496
2026/04/29 15:45:20,569000,11.496
2026/04/29 15:45:20,570000,11.499
2026/04/29 15:45:20,571000,11.499
2026/04/29 15:45:20,572000,11.490
2026/04/29 15:45:20,573000,11.496
2026/04/29 15:45:20,574000,11.499
2026/04/29 15:45:20,575000,11.493
2026/04/29 15:45:20,576000,11.490
2026/04/29 15:45:20,577000,11.493
2026/04/29 15:45:20,578000,11.493
2026/04/29 15:45:20,579000,11.499
2026/04/29 15:45:20,580000,11.490
2026/04/29 15:45:20,581000,11.493
2026/04/29 15:45:20,582000,11.487
2026/04/29 15:45:20,583000,11.493
2026/04/29 15:45:20,584000,11.490
2026/04/29 15:45:20,585000,11.490
2026/04/29 15:45:20,586000,11.493
2026/04/29 15:45:20,587000,11.493
2026/04/29 15:45:20,588000,11.493
2026/04/29 15:45:20,589000,11.493
2026/04/29 15:45:20,590000,11.493
2026/04/29 15:45:20,591000,11.496
2026/04/29 15:45:20,592000,11.490
2026/04/29 15:45:20,593000,11.499
2026/04/29 15:45:20,594000,11.496
2026/04/29 15:45:20,595000,11.493
2026/04/29 15:45:20,596000,11.493
2026/04/29 15:45:20,597000,11.499
2026/04/29 15:45:20,598000,11.493
2026/04/29 15:45:20,599000,11.499
2026/04/29 15:45:20,600000,11.501
2026/04/29 15:45:20,601000,11.499
2026/04/29 15:45:20,602000,11.493
2026/04/29 15:45:20,603000,11.487
2026/04/29 15:45:20,604000,11.493
2026/04/29 15:45:20,605000,11.490
2026/04/29 15:45:20,606000,11.496
2026/04/29 15:45:20,607000,11.493
2026/04/29 15:45:20,608000,11.493
2026/04/29 15:45:20,609000,11.490
2026/04/29 15:45:20,610000,11.493
2026/04/29 15:45:20,611000,11.499
2026/04/29 15:45:20,612000,11.496
2026/04/29 15:45:20,613000,11.490
2026/04/29 15:45:20,614000,11.499
2026/04/29 15:45:20,615000,11.499
2026/04/29 15:45:20,616000,11.493
2026/04/29 15:45:20,617000,11.493
2026/04/29 15:45:20,618000,11.499
2026/04/29 15:45:20,619000,11.493
2026/04/29 15:45:20,620000,11.493
2026/04/29 15:45:20,621000,11.496
2026/04/29 15:45:20,622000,11.493
2026/04/29 15:45:20,623000,11.496
2026/04/29 15:45:20,624000,11.487
2026/04/29 15:45:20,625000,11.493
2026/04/29 15:45:20,626000,11.493
2026/04/29 15:45:20,627000,11.499
2026/04/29 15:45:20,628000,11.499
2026/04/29 15:45:20,629000,11.490
2026/04/29 15:45:20,630000,11.487
2026/04/29 15:45:20,631000,11.493
2026/04/29 15:45:20,632000,11.490
2026/04/29 15:45:20,633000,11.493
2026/04/29 15:45:20,634000,11.493
2026/04/29 15:45:20,635000,11.499
2026/04/29 15:45:20,636000,11.493
2026/04/29 15:45:20,637000,11.490
2026/04/29 15:45:20,638000,11.496
2026/04/29 15:45:20,639000,11.496
2026/04/29 15:45:20,640000,11.496
2026/04/29 15:45:20,641000,11.493
2026/04/29 15:45:20,642000,11.493
2026/04/29 15:45:20,643000,11.496
2026/04/29 15:45:20,644000,11.499
2026/04/29 15:45:20,645000,11.493
2026/04/29 15:45:20,646000,11.493
2026/04/29 15:45:20,647000,11.493
2026/04/29 15:45:20,648000,11.501
2026/04/29 15:45:20,649000,11.493
2026/04/29 15:45:20,650000,11.493
2026/04/29 15:45:20,651000,11.490
2026/04/29 15:45:20,652000,11.501
2026/04/29 15:45:20,653000,11.496
2026/04/29 15:45:20,654000,11.493
2026/04/29 15:45:20,655000,11.490
2026/04/29 15:45:20,656000,11.496
2026/04/29 15:45:20,657000,11.490
2026/04/29 15:45:20,658000,11.493
2026/04/29 15:45:20,659000,11.496
2026/04/29 15:45:20,660000,11.490
2026/04/29 15:45:20,661000,11.499
2026/04/29 15:45:20,662000,11.493
2026/04/29 15:45:20,663000,11.493
2026/04/29 15:45:20,664000,11.493
2026/04/29 15:45:20,665000,11.487
2026/04/29 15:45:20,666000,11.493
2026/04/29 15:45:20,667000,11.496
2026/04/29 15:45:20,668000,11.493
2026/04/29 15:45:20,669000,11.490
2026/04/29 15:45:20,670000,11.490
2026/04/29 15:45:20,671000,11.493
2026/04/29 15:45:20,672000,11.496
2026/04/29 15:45:20,673000,11.496
2026/04/29 15:45:20,674000,11.496
2026/04/29 15:45:20,675000,11.485
2026/04/29 15:45:20,676000,11.490
2026/04/29 15:45:20,677000,11.493
2026/04/29 15:45:20,678000,11.490
2026/04/29 15:45:20,679000,11.493
2026/04/29 15:45:20,680000,11.496
2026/04/29 15:45:20,681000,11.490
2026/04/29 15:45:20,682000,11.490
2026/04/29 15:45:20,683000,11.496
2026/04/29 15:45:20,684000,11.493
2026/04/29 15:45:20,685000,11.493
2026/04/29 15:45:20,686000,11.499
2026/04/29 15:45:20,687000,11.493
2026/04/29 15:45:20,688000,11.493
2026/04/29 15:45:20,689000,11.487
2026/04/29 15:45:20,690000,11.493
2026/04/29 15:45:20,691000,11.490
2026/04/29 15:45:20,692000,11.499
2026/04/29 15:45:20,693000,11.496
2026/04/29 15:45:20,694000,11.487
2026/04/29 15:45:20,695000,11.490
2026/04/29 15:45:20,696000,11.499
2026/04/29 15:45:20,697000,11.493
2026/04/29 15:45:20,698000,11.487
2026/04/29 15:45:20,699000,11.490
2026/04/29 15:45:20,700000,11.490
2026/04/29 15:45:20,701000,11.493
2026/04/29 15:45:20,702000,11.496
2026/04/29 15:45:20,703000,11.499
2026/04/29 15:45:20,704000,11.487
2026/04/29 15:45:20,705000,11.490
2026/04/29 15:45:20,706000,11.493
2026/04/29 15:45:20,707000,11.493
2026/04/29 15:45:20,708000,11.496
2026/04/29 15:45:20,709000,11.499
2026/04/29 15:45:20,710000,11.493
2026/04/29 15:45:20,711000,11.493
2026/04/29 15:45:20,712000,11.493
2026/04/29 15:45:20,713000,11.493
2026/04/29 15:45:20,714000,11.496
2026/04/29 15:45:20,715000,11.490
2026/04/29 15:45:20,716000,11.493
2026/04/29 15:45:20,717000,11.490
2026/04/29 15:45:20,718000,11.496
2026/04/29 15:45:20,719000,11.490
2026/04/29 15:45:20,720000,11.493
2026/04/29 15:45:20,721000,11.487
2026/04/29 15:45:20,722000,11.490
2026/04/29 15:45:20,723000,11.493
2026/04/29 15:45:20,724000,11.490
2026/04/29 15:45:20,725000,11.496
2026/04/29 15:45:20,726000,11.499
2026/04/29 15:45:20,727000,11.490
2026/04/29 15:45:20,728000,11.493
2026/04/29 15:45:20,729000,11.490
2026/04/29 15:45:20,730000,11.487
2026/04/29 15:45:20,731000,11.490
2026/04/29 15:45:20,732000,11.490
2026/04/29 15:45:20,733000,11.487
2026/04/29 15:45:20,734000,11.490
2026/04/29 15:45:20,735000,11.493
2026/04/29 15:45:20,736000,11.501
2026/04/29 15:45:20,737000,11.493
2026/04/29 15:45:20,738000,11.493
2026/04/29 15:45:20,739000,11.493
2026/04/29 15:45:20,740000,11.490
2026/04/29 15:45:20,741000,11.493
2026/04/29 15:45:20,742000,11.493
2026/04/29 15:45:20,743000,11.493
2026/04/29 15:45:20,744000,11.493
2026/04/29 15:45:20,745000,11.499
2026/04/29 15:45:20,746000,11.496
2026/04/29 15:45:20,747000,11.493
2026/04/29 15:45:20,748000,11.496
2026/04/29 15:45:20,749000,11.499
2026/04/29 15:45:20,750000,11.493
2026/04/29 15:45:20,751000,11.493
2026/04/29 15:45:20,752000,11.487
2026/04/29 15:45:20,753000,11.499
2026/04/29 15:45:20,754000,11.499
2026/04/29 15:45:20,755000,11.499
2026/04/29 15:45:20,756000,11.493
2026/04/29 15:45:20,757000,11.487
2026/04/29 15:45:20,758000,11.496
2026/04/29 15:45:20,759000,11.490
2026/04/29 15:45:20,760000,11.493
2026/04/29 15:45:20,761000,11.487
2026/04/29 15:45:20,762000,11.490
2026/04/29 15:45:20,763000,11.493
2026/04/29 15:45:20,764000,11.499
2026/04/29 15:45:20,765000,11.501
2026/04/29 15:45:20,766000,11.493
2026/04/29 15:45:20,767000,11.493
2026/04/29 15:45:20,768000,11.493
2026/04/29 15:45:20,769000,11.493
2026/04/29 15:45:20,770000,11.490
2026/04/29 15:45:20,771000,11.496
2026/04/29 15:45:20,772000,11.499
2026/04/29 15:45:20,773000,11.490
2026/04/29 15:45:20,774000,11.501
2026/04/29 15:45:20,775000,11.496
2026/04/29 15:45:20,776000,11.490
2026/04/29 15:45:20,777000,11.499
2026/04/29 15:45:20,778000,11.490
2026/04/29 15:45:20,779000,11.496
2026/04/29 15:45:20,780000,11.493
2026/04/29 15:45:20,781000,11.493
2026/04/29 15:45:20,782000,11.487
2026/04/29 15:45:20,783000,11.493
2026/04/29 15:45:20,784000,11.496
2026/04/29 15:45:20,785000,11.496
2026/04/29 15:45:20,786000,11.487
2026/04/29 15:45:20,787000,11.493
2026/04/29 15:45:20,788000,11.487
2026/04/29 15:45:20,789000,11.496
2026/04/29 15:45:20,790000,11.499
2026/04/29 15:45:20,791000,11.493
2026/04/29 15:45:20,792000,11.493
2026/04/29 15:45:20,793000,11.499
2026/04/29 15:45:20,794000,11.493
2026/04/29 15:45:20,795000,11.493
2026/04/29 15:45:20,796000,11.499
2026/04/29 15:45:20,797000,11.496
2026/04/29 15:45:20,798000,11.496
2026/04/29 15:45:20,799000,11.499
2026/04/29 15:45:20,800000,11.496
2026/04/29 15:45:20,801000,11.493
2026/04/29 15:45:20,802000,11.496
2026/04/29 15:45:20,803000,11.496
2026/04/29 15:45:20,804000,11.493
2026/04/29 15:45:20,805000,11.493
2026/04/29 15:45:20,806000,11.501
2026/04/29 15:45:20,807000,11.485
2026/04/29 15:45:20,808000,11.496
2026/04/29 15:45:20,809000,11.493
2026/04/29 15:45:20,810000,11.493
2026/04/29 15:45:20,811000,11.493
2026/04/29 15:45:20,812000,11.487
2026/04/29 15:45:20,813000,11.493
2026/04/29 15:45:20,814000,11.496
2026/04/29 15:45:20,815000,11.501
2026/04/29 15:45:20,816000,11.501
2026/04/29 15:45:20,817000,11.493
2026/04/29 15:45:20,818000,11.493
2026/04/29 15:45:20,819000,11.493
2026/04/29 15:45:20,820000,11.496
2026/04/29 15:45:20,821000,11.499
2026/04/29 15:45:20,822000,11.499
2026/04/29 15:45:20,823000,11.493
2026/04/29 15:45:20,824000,11.496
2026/04/29 15:45:20,825000,11.490
2026/04/29 15:45:20,826000,11.490
2026/04/29 15:45:20,827000,11.493
2026/04/29 15:45:20,828000,11.496
2026/04/29 15:45:20,829000,11.496
2026/04/29 15:45:20,830000,11.493
2026/04/29 15:45:20,831000,11.490
2026/04/29 15:45:20,832000,11.490
2026/04/29 15:45:20,833000,11.493
2026/04/29 15:45:20,834000,11.496
2026/04/29 15:45:20,835000,11.493
2026/04/29 15:45:20,836000,11.493
2026/04/29 15:45:20,837000,11.496
2026/04/29 15:45:20,838000,11.493
2026/04/29 15:45:20,839000,11.493
2026/04/29 15:45:20,840000,11.490
2026/04/29 15:45:20,841000,11.493
2026/04/29 15:45:20,842000,11.493
2026/04/29 15:45:20,843000,11.496
2026/04/29 15:45:20,844000,11.499
2026/04/29 15:45:20,845000,11.501
2026/04/29 15:45:20,846000,11.493
2026/04/29 15:45:20,847000,11.496
2026/04/29 15:45:20,848000,11.496
2026/04/29 15:45:20,849000,11.490
2026/04/29 15:45:20,850000,11.499
2026/04/29 15:45:20,851000,11.496
2026/04/29 15:45:20,852000,11.493
2026/04/29 15:45:20,853000,11.496
2026/04/29 15:45:20,854000,11.499
2026/04/29 15:45:20,855000,11.496
2026/04/29 15:45:20,856000,11.501
2026/04/29 15:45:20,857000,11.496
2026/04/29 15:45:20,858000,11.485
2026/04/29 15:45:20,859000,11.493
2026/04/29 15:45:20,860000,11.493
2026/04/29 15:45:20,861000,11.493
2026/04/29 15:45:20,862000,11.496
2026/04/29 15:45:20,863000,11.493
2026/04/29 15:45:20,864000,11.496
2026/04/29 15:45:20,865000,11.490
2026/04/29 15:45:20,866000,11.493
2026/04/29 15:45:20,867000,11.501
2026/04/29 15:45:20,868000,11.490
2026/04/29 15:45:20,869000,11.496
2026/04/29 15:45:20,870000,11.490
2026/04/29 15:45:20,871000,11.493
2026/04/29 15:45:20,872000,11.493
2026/04/29 15:45:20,873000,11.487
2026/04/29 15:45:20,874000,11.490
2026/04/29 15:45:20,875000,11.496
2026/04/29 15:45:20,876000,11.493
2026/04/29 15:45:20,877000,11.493
2026/04/29 15:45:20,878000,11.496
2026/04/29 15:45:20,879000,11.493
2026/04/29 15:45:20,880000,11.490
2026/04/29 15:45:20,881000,11.496
2026/04/29 15:45:20,882000,11.493
2026/04/29 15:45:20,883000,11.493
2026/04/29 15:45:20,884000,11.496
2026/04/29 15:45:20,885000,11.490
2026/04/29 15:45:20,886000,11.499
2026/04/29 15:45:20,887000,11.496
2026/04/29 15:45:20,888000,11.493
2026/04/29 15:45:20,889000,11.493
2026/04/29 15:45:20,890000,11.493
2026/04/29 15:45:20,891000,11.504
2026/04/29 15:45:20,892000,11.493
2026/04/29 15:45:20,893000,11.496
2026/04/29 15:45:20,894000,11.496
2026/04/29 15:45:20,895000,11.493
2026/04/29 15:45:20,896000,11.490
2026/04/29 15:45:20,897000,11.496
2026/04/29 15:45:20,898000,11.493
2026/04/29 15:45:20,899000,11.496
2026/04/29 15:45:20,900000,11.490
2026/04/29 15:45:20,901000,11.496
2026/04/29 15:45:20,902000,11.496
2026/04/29 15:45:20,903000,11.496
2026/04/29 15:45:20,904000,11.501
2026/04/29 15:45:20,905000,11.490
2026/04/29 15:45:20,906000,11.496
2026/04/29 15:45:20,907000,11.493
2026/04/29 15:45:20,908000,11.493
2026/04/29 15:45:20,909000,11.490
2026/04/29 15:45:20,910000,11.493
2026/04/29 15:45:20,911000,11.490
2026/04/29 15:45:20,912000,11.496
2026/04/29 15:45:20,913000,11.496
2026/04/29 15:45:20,914000,11.493
2026/04/29 15:45:20,915000,11.496
2026/04/29 15:45:20,916000,11.493
2026/04/29 15:45:20,917000,11.490
2026/04/29 15:45:20,918000,11.490
2026/04/29 15:45:20,919000,11.499
2026/04/29 15:45:20,920000,11.490
2026/04/29 15:45:20,921000,11.493
2026/04/29 15:45:20,922000,11.493
2026/04/29 15:45:20,923000,11.496
2026/04/29 15:45:20,924000,11.499
2026/04/29 15:45:20,925000,11.493
2026/04/29 15:45:20,926000,11.496
2026/04/29 15:45:20,927000,11.499
2026/04/29 15:45:20,928000,11.499
2026/04/29 15:45:20,929000,11.493
2026/04/29 15:45:20,930000,11.493
2026/04/29 15:45:20,931000,11.493
2026/04/29 15:45:20,932000,11.499
2026/04/29 15:45:20,933000,11.496
2026/04/29 15:45:20,934000,11.496
2026/04/29 15:45:20,935000,11.496
2026/04/29 15:45:20,936000,11.490
2026/04/29 15:45:20,937000,11.493
2026/04/29 15:45:20,938000,11.493
2026/04/29 15:45:20,939000,11.499
2026/04/29 15:45:20,940000,11.493
2026/04/29 15:45:20,941000,11.493
2026/04/29 15:45:20,942000,11.493
2026/04/29 15:45:20,943000,11.499
2026/04/29 15:45:20,944000,11.499
2026/04/29 15:45:20,945000,11.496
2026/04/29 15:45:20,946000,11.493
2026/04/29 15:45:20,947000,11.493
2026/04/29 15:45:20,948000,11.496
2026/04/29 15:45:20,949000,11.493
2026/04/29 15:45:20,950000,11.496
2026/04/29 15:45:20,951000,11.496
2026/04/29 15:45:20,952000,11.493
2026/04/29 15:45:20,953000,11.493
2026/04/29 15:45:20,954000,11.490
2026/04/29 15:45:20,955000,11.493
2026/04/29 15:45:20,956000,11.490
2026/04/29 15:45:20,957000,11.493
2026/04/29 15:45:20,958000,11.493
2026/04/29 15:45:20,959000,11.490
2026/04/29 15:45:20,960000,11.499
2026/04/29 15:45:20,961000,11.490
2026/04/29 15:45:20,962000,11.493
2026/04/29 15:45:20,963000,11.490
2026/04/29 15:45:20,964000,11.493
2026/04/29 15:45:20,965000,11.490
2026/04/29 15:45:20,966000,11.493
2026/04/29 15:45:20,967000,11.496
2026/04/29 15:45:20,968000,11.496
2026/04/29 15:45:20,969000,11.490
2026/04/29 15:45:20,970000,11.487
2026/04/29 15:45:20,971000,11.493
2026/04/29 15:45:20,972000,11.490
2026/04/29 15:45:20,973000,11.493
2026/04/29 15:45:20,974000,11.487
2026/04/29 15:45:20,975000,11.501
2026/04/29 15:45:20,976000,11.493
2026/04/29 15:45:20,977000,11.490
2026/04/29 15:45:20,978000,11.496
2026/04/29 15:45:20,979000,11.496
2026/04/29 15:45:20,980000,11.490
2026/04/29 15:45:20,981000,11.496
2026/04/29 15:45:20,982000,11.499
2026/04/29 15:45:20,983000,11.493
2026/04/29 15:45:20,984000,11.499
2026/04/29 15:45:20,985000,11.493
2026/04/29 15:45:20,986000,11.499
2026/04/29 15:45:20,987000,11.493
2026/04/29 15:45:20,988000,11.496
2026/04/29 15:45:20,989000,11.493
2026/04/29 15:45:20,990000,11.490
2026/04/29 15:45:20,991000,11.493
2026/04/29 15:45:20,992000,11.499
2026/04/29 15:45:20,993000,11.493
2026/04/29 15:45:20,994000,11.490
2026/04/29 15:45:20,995000,11.487
2026/04/29 15:45:20,996000,11.493
2026/04/29 15:45:20,997000,11.490
2026/04/29 15:45:20,998000,11.496
2026/04/29 15:45:20,999000,11.490
2026/04/29 15:45:21,000000,11.496
2026/04/29 15:45:21,001000,11.490
2026/04/29 15:45:21,002000,11.493
2026/04/29 15:45:21,003000,11.493
2026/04/29 15:45:21,004000,11.499
2026/04/29 15:45:21,005000,11.493
2026/04/29 15:45:21,006000,11.493
2026/04/29 15:45:21,007000,11.493
2026/04/29 15:45:21,008000,11.493
2026/04/29 15:45:21,009000,11.496
2026/04/29 15:45:21,010000,11.499
2026/04/29 15:45:21,011000,11.493
2026/04/29 15:45:21,012000,11.499
2026/04/29 15:45:21,013000,11.493
2026/04/29 15:45:21,014000,11.501
2026/04/29 15:45:21,015000,11.490
2026/04/29 15:45:21,016000,11.493
2026/04/29 15:45:21,017000,11.499
2026/04/29 15:45:21,018000,11.501
2026/04/29 15:45:21,019000,11.493
2026/04/29 15:45:21,020000,11.493
2026/04/29 15:45:21,021000,11.490
2026/04/29 15:45:21,022000,11.490
2026/04/29 15:45:21,023000,11.499
2026/04/29 15:45:21,024000,11.496
2026/04/29 15:45:21,025000,11.496
2026/04/29 15:45:21,026000,11.493
2026/04/29 15:45:21,027000,11.490
2026/04/29 15:45:21,028000,11.493
2026/04/29 15:45:21,029000,11.493
2026/04/29 15:45:21,030000,11.501
2026/04/29 15:45:21,031000,11.496
2026/04/29 15:45:21,032000,11.496
2026/04/29 15:45:21,033000,11.496
2026/04/29 15:45:21,034000,11.496
2026/04/29 15:45:21,035000,11.496
2026/04/29 15:45:21,036000,11.493
2026/04/29 15:45:21,037000,11.490
2026/04/29 15:45:21,038000,11.490
2026/04/29 15:45:21,039000,11.496
2026/04/29 15:45:21,040000,11.493
2026/04/29 15:45:21,041000,11.493
2026/04/29 15:45:21,042000,11.493
2026/04/29 15:45:21,043000,11.487
2026/04/29 15:45:21,044000,11.493
2026/04/29 15:45:21,045000,11.487
2026/04/29 15:45:21,046000,11.499
2026/04/29 15:45:21,047000,11.490
2026/04/29 15:45:21,048000,11.493
2026/04/29 15:45:21,049000,11.499
2026/04/29 15:45:21,050000,11.490
2026/04/29 15:45:21,051000,11.493
2026/04/29 15:45:21,052000,11.499
2026/04/29 15:45:21,053000,11.496
2026/04/29 15:45:21,054000,11.501
2026/04/29 15:45:21,055000,11.496
2026/04/29 15:45:21,056000,11.487
2026/04/29 15:45:21,057000,11.493
2026/04/29 15:45:21,058000,11.493
2026/04/29 15:45:21,059000,11.493
2026/04/29 15:45:21,060000,11.490
2026/04/29 15:45:21,061000,11.493
2026/04/29 15:45:21,062000,11.490
2026/04/29 15:45:21,063000,11.493
2026/04/29 15:45:21,064000,11.490
2026/04/29 15:45:21,065000,11.487
2026/04/29 15:45:21,066000,11.496
2026/04/29 15:45:21,067000,11.490
2026/04/29 15:45:21,068000,11.490
2026/04/29 15:45:21,069000,11.496
2026/04/29 15:45:21,070000,11.496
2026/04/29 15:45:21,071000,11.487
2026/04/29 15:45:21,072000,11.493
2026/04/29 15:45:21,073000,11.490
2026/04/29 15:45:21,074000,11.487
2026/04/29 15:45:21,075000,11.490
2026/04/29 15:45:21,076000,11.490
2026/04/29 15:45:21,077000,11.496
2026/04/29 15:45:21,078000,11.496
2026/04/29 15:45:21,079000,11.496
2026/04/29 15:45:21,080000,11.493
2026/04/29 15:45:21,081000,11.499
2026/04/29 15:45:21,082000,11.499
2026/04/29 15:45:21,083000,11.487
2026/04/29 15:45:21,084000,11.493
2026/04/29 15:45:21,085000,11.490
2026/04/29 15:45:21,086000,11.499
2026/04/29 15:45:21,087000,11.487
2026/04/29 15:45:21,088000,11.493
2026/04/29 15:45:21,089000,11.490
2026/04/29 15:45:21,090000,11.496
2026/04/29 15:45:21,091000,11.499
2026/04/29 15:45:21,092000,11.499
2026/04/29 15:45:21,093000,11.496
2026/04/29 15:45:21,094000,11.496
2026/04/29 15:45:21,095000,11.496
2026/04/29 15:45:21,096000,11.493
2026/04/29 15:45:21,097000,11.487
2026/04/29 15:45:21,098000,11.496
2026/04/29 15:45:21,099000,11.490
2026/04/29 15:45:21,100000,11.496
2026/04/29 15:45:21,101000,11.493
2026/04/29 15:45:21,102000,11.496
2026/04/29 15:45:21,103000,11.490
2026/04/29 15:45:21,104000,11.493
2026/04/29 15:45:21,105000,11.496
2026/04/29 15:45:21,106000,11.490
2026/04/29 15:45:21,107000,11.493
2026/04/29 15:45:21,108000,11.499
2026/04/29 15:45:21,109000,11.499
2026/04/29 15:45:21,110000,11.496
2026/04/29 15:45:21,111000,11.493
2026/04/29 15:45:21,112000,11.493
2026/04/29 15:45:21,113000,11.493
2026/04/29 15:45:21,114000,11.493
2026/04/29 15:45:21,115000,11.496
2026/04/29 15:45:21,116000,11.490
2026/04/29 15:45:21,117000,11.496
2026/04/29 15:45:21,118000,11.493
2026/04/29 15:45:21,119000,11.493
2026/04/29 15:45:21,120000,11.499
2026/04/29 15:45:21,121000,11.499
2026/04/29 15:45:21,122000,11.487
2026/04/29 15:45:21,123000,11.493
2026/04/29 15:45:21,124000,11.490
2026/04/29 15:45:21,125000,11.496
2026/04/29 15:45:21,126000,11.499
2026/04/29 15:45:21,127000,11.490
2026/04/29 15:45:21,128000,11.496
2026/04/29 15:45:21,129000,11.496
2026/04/29 15:45:21,130000,11.490
2026/04/29 15:45:21,131000,11.493
2026/04/29 15:45:21,132000,11.493
2026/04/29 15:45:21,133000,11.487
2026/04/29 15:45:21,134000,11.490
2026/04/29 15:45:21,135000,11.493
2026/04/29 15:45:21,136000,11.496
2026/04/29 15:45:21,137000,11.493
2026/04/29 15:45:21,138000,11.496
2026/04/29 15:45:21,139000,11.499
2026/04/29 15:45:21,140000,11.496
2026/04/29 15:45:21,141000,11.499
2026/04/29 15:45:21,142000,11.493
2026/04/29 15:45:21,143000,11.496
2026/04/29 15:45:21,144000,11.499
2026/04/29 15:45:21,145000,11.496
2026/04/29 15:45:21,146000,11.496
2026/04/29 15:45:21,147000,11.490
2026/04/29 15:45:21,148000,11.490
2026/04/29 15:45:21,149000,11.496
2026/04/29 15:45:21,150000,11.490
2026/04/29 15:45:21,151000,11.490
2026/04/29 15:45:21,152000,11.490
2026/04/29 15:45:21,153000,11.496
2026/04/29 15:45:21,154000,11.499
2026/04/29 15:45:21,155000,11.490
2026/04/29 15:45:21,156000,11.493
2026/04/29 15:45:21,157000,11.493
2026/04/29 15:45:21,158000,11.493
2026/04/29 15:45:21,159000,11.493
2026/04/29 15:45:21,160000,11.493
2026/04/29 15:45:21,161000,11.490
2026/04/29 15:45:21,162000,11.493
2026/04/29 15:45:21,163000,11.490
2026/04/29 15:45:21,164000,11.487
2026/04/29 15:45:21,165000,11.490
2026/04/29 15:45:21,166000,11.496
2026/04/29 15:45:21,167000,11.490
2026/04/29 15:45:21,168000,11.487
2026/04/29 15:45:21,169000,11.493
2026/04/29 15:45:21,170000,11.496
2026/04/29 15:45:21,171000,11.493
2026/04/29 15:45:21,172000,11.499
2026/04/29 15:45:21,173000,11.493
2026/04/29 15:45:21,174000,11.499
2026/04/29 15:45:21,175000,11.493
2026/04/29 15:45:21,176000,11.493
2026/04/29 15:45:21,177000,11.493
2026/04/29 15:45:21,178000,11.496
2026/04/29 15:45:21,179000,11.493
2026/04/29 15:45:21,180000,11.493
2026/04/29 15:45:21,181000,11.493
2026/04/29 15:45:21,182000,11.490
2026/04/29 15:45:21,183000,11.493
2026/04/29 15:45:21,184000,11.501
2026/04/29 15:45:21,185000,11.490
2026/04/29 15:45:21,186000,11.493
2026/04/29 15:45:21,187000,11.493
2026/04/29 15:45:21,188000,11.493
2026/04/29 15:45:21,189000,11.490
2026/04/29 15:45:21,190000,11.496
2026/04/29 15:45:21,191000,11.487
2026/04/29 15:45:21,192000,11.493
2026/04/29 15:45:21,193000,11.496
2026/04/29 15:45:21,194000,11.490
2026/04/29 15:45:21,195000,11.499
2026/04/29 15:45:21,196000,11.496
2026/04/29 15:45:21,197000,11.496
2026/04/29 15:45:21,198000,11.493
2026/04/29 15:45:21,199000,11.493
2026/04/29 15:45:21,200000,11.490
2026/04/29 15:45:21,201000,11.496
2026/04/29 15:45:21,202000,11.493
2026/04/29 15:45:21,203000,11.490
2026/04/29 15:45:21,204000,11.490
2026/04/29 15:45:21,205000,11.487
2026/04/29 15:45:21,206000,11.493
2026/04/29 15:45:21,207000,11.496
2026/04/29 15:45:21,208000,11.496
2026/04/29 15:45:21,209000,11.493
2026/04/29 15:45:21,210000,11.501
2026/04/29 15:45:21,211000,11.496
2026/04/29 15:45:21,212000,11.490
2026/04/29 15:45:21,213000,11.487
2026/04/29 15:45:21,214000,11.501
2026/04/29 15:45:21,215000,11.496
2026/04/29 15:45:21,216000,11.496
2026/04/29 15:45:21,217000,11.496
2026/04/29 15:45:21,218000,11.493
2026/04/29 15:45:21,219000,11.490
2026/04/29 15:45:21,220000,11.499
2026/04/29 15:45:21,221000,11.499
2026/04/29 15:45:21,222000,11.493
2026/04/29 15:45:21,223000,11.490
2026/04/29 15:45:21,224000,11.493
2026/04/29 15:45:21,225000,11.493
2026/04/29 15:45:21,226000,11.493
2026/04/29 15:45:21,227000,11.490
2026/04/29 15:45:21,228000,11.493
2026/04/29 15:45:21,229000,11.493
2026/04/29 15:45:21,230000,11.493
2026/04/29 15:45:21,231000,11.490
2026/04/29 15:45:21,232000,11.493
2026/04/29 15:45:21,233000,11.490
2026/04/29 15:45:21,234000,11.493
2026/04/29 15:45:21,235000,11.487
2026/04/29 15:45:21,236000,11.490
2026/04/29 15:45:21,237000,11.499
2026/04/29 15:45:21,238000,11.496
2026/04/29 15:45:21,239000,11.493
2026/04/29 15:45:21,240000,11.499
2026/04/29 15:45:21,241000,11.490
2026/04/29 15:45:21,242000,11.493
2026/04/29 15:45:21,243000,11.493
2026/04/29 15:45:21,244000,11.487
2026/04/29 15:45:21,245000,11.496
2026/04/29 15:45:21,246000,11.493
2026/04/29 15:45:21,247000,11.490
2026/04/29 15:45:21,248000,11.493
2026/04/29 15:45:21,249000,11.499
2026/04/29 15:45:21,250000,11.496
2026/04/29 15:45:21,251000,11.485
2026/04/29 15:45:21,252000,11.493
2026/04/29 15:45:21,253000,11.493
2026/04/29 15:45:21,254000,11.493
2026/04/29 15:45:21,255000,11.496
2026/04/29 15:45:21,256000,11.487
2026/04/29 15:45:21,257000,11.493
2026/04/29 15:45:21,258000,11.496
2026/04/29 15:45:21,259000,11.490
2026/04/29 15:45:21,260000,11.493
2026/04/29 15:45:21,261000,11.496
2026/04/29 15:45:21,262000,11.487
2026/04/29 15:45:21,263000,11.496
2026/04/29 15:45:21,264000,11.493
2026/04/29 15:45:21,265000,11.496
2026/04/29 15:45:21,266000,11.490
2026/04/29 15:45:21,267000,11.490
2026/04/29 15:45:21,268000,11.496
2026/04/29 15:45:21,269000,11.499
2026/04/29 15:45:21,270000,11.496
2026/04/29 15:45:21,271000,11.496
2026/04/29 15:45:21,272000,11.493
2026/04/29 15:45:21,273000,11.493
2026/04/29 15:45:21,274000,11.493
2026/04/29 15:45:21,275000,11.493
2026/04/29 15:45:21,276000,11.496
2026/04/29 15:45:21,277000,11.493
2026/04/29 15:45:21,278000,11.496
2026/04/29 15:45:21,279000,11.499
2026/04/29 15:45:21,280000,11.493
2026/04/29 15:45:21,281000,11.493
2026/04/29 15:45:21,282000,11.493
2026/04/29 15:45:21,283000,11.493
2026/04/29 15:45:21,284000,11.496
2026/04/29 15:45:21,285000,11.499
2026/04/29 15:45:21,286000,11.490
2026/04/29 15:45:21,287000,11.499
2026/04/29 15:45:21,288000,11.496
2026/04/29 15:45:21,289000,11.496
2026/04/29 15:45:21,290000,11.490
2026/04/29 15:45:21,291000,11.499
2026/04/29 15:45:21,292000,11.490
2026/04/29 15:45:21,293000,11.490
2026/04/29 15:45:21,294000,11.493
2026/04/29 15:45:21,295000,11.490
2026/04/29 15:45:21,296000,11.496
2026/04/29 15:45:21,297000,11.490
2026/04/29 15:45:21,298000,11.490
2026/04/29 15:45:21,299000,11.493
2026/04/29 15:45:21,300000,11.493
2026/04/29 15:45:21,301000,11.493
2026/04/29 15:45:21,302000,11.496
2026/04/29 15:45:21,303000,11.493
2026/04/29 15:45:21,304000,11.499
2026/04/29 15:45:21,305000,11.499
2026/04/29 15:45:21,306000,11.499
2026/04/29 15:45:21,307000,11.499
2026/04/29 15:45:21,308000,11.496
2026/04/29 15:45:21,309000,11.499
2026/04/29 15:45:21,310000,11.493
2026/04/29 15:45:21,311000,11.493
2026/04/29 15:45:21,312000,11.496
2026/04/29 15:45:21,313000,11.499
2026/04/29 15:45:21,314000,11.487
2026/04/29 15:45:21,315000,11.493
2026/04/29 15:45:21,316000,11.496
2026/04/29 15:45:21,317000,11.493
2026/04/29 15:45:21,318000,11.499
2026/04/29 15:45:21,319000,11.485
2026/04/29 15:45:21,320000,11.493
2026/04/29 15:45:21,321000,11.499
2026/04/29 15:45:21,322000,11.499
2026/04/29 15:45:21,323000,11.499
2026/04/29 15:45:21,324000,11.493
2026/04/29 15:45:21,325000,11.499
2026/04/29 15:45:21,326000,11.496
2026/04/29 15:45:21,327000,11.493
2026/04/29 15:45:21,328000,11.493
2026/04/29 15:45:21,329000,11.501
2026/04/29 15:45:21,330000,11.493
2026/04/29 15:45:21,331000,11.493
2026/04/29 15:45:21,332000,11.485
2026/04/29 15:45:21,333000,11.490
2026/04/29 15:45:21,334000,11.490
2026/04/29 15:45:21,335000,11.493
2026/04/29 15:45:21,336000,11.487
2026/04/29 15:45:21,337000,11.496
2026/04/29 15:45:21,338000,11.493
2026/04/29 15:45:21,339000,11.496
2026/04/29 15:45:21,340000,11.493
2026/04/29 15:45:21,341000,11.499
2026/04/29 15:45:21,342000,11.499
2026/04/29 15:45:21,343000,11.496
2026/04/29 15:45:21,344000,11.493
2026/04/29 15:45:21,345000,11.490
2026/04/29 15:45:21,346000,11.499
2026/04/29 15:45:21,347000,11.493
2026/04/29 15:45:21,348000,11.493
2026/04/29 15:45:21,349000,11.493
2026/04/29 15:45:21,350000,11.493
2026/04/29 15:45:21,351000,11.493
2026/04/29 15:45:21,352000,11.496
2026/04/29 15:45:21,353000,11.493
2026/04/29 15:45:21,354000,11.499
2026/04/29 15:45:21,355000,11.496
2026/04/29 15:45:21,356000,11.490
2026/04/29 15:45:21,357000,11.499
2026/04/29 15:45:21,358000,11.493
2026/04/29 15:45:21,359000,11.493
2026/04/29 15:45:21,360000,11.493
2026/04/29 15:45:21,361000,11.493
2026/04/29 15:45:21,362000,11.490
2026/04/29 15:45:21,363000,11.496
2026/04/29 15:45:21,364000,11.493
2026/04/29 15:45:21,365000,11.499
2026/04/29 15:45:21,366000,11.493
2026/04/29 15:45:21,367000,11.490
2026/04/29 15:45:21,368000,11.493
2026/04/29 15:45:21,369000,11.493
2026/04/29 15:45:21,370000,11.493
2026/04/29 15:45:21,371000,11.493
2026/04/29 15:45:21,372000,11.493
2026/04/29 15:45:21,373000,11.493
2026/04/29 15:45:21,374000,11.496
2026/04/29 15:45:21,375000,11.490
2026/04/29 15:45:21,376000,11.499
2026/04/29 15:45:21,377000,11.496
2026/04/29 15:45:21,378000,11.496
2026/04/29 15:45:21,379000,11.493
2026/04/29 15:45:21,380000,11.496
2026/04/29 15:45:21,381000,11.490
2026/04/29 15:45:21,382000,11.493
2026/04/29 15:45:21,383000,11.501
2026/04/29 15:45:21,384000,11.493
2026/04/29 15:45:21,385000,11.487
2026/04/29 15:45:21,386000,11.496
2026/04/29 15:45:21,387000,11.493
2026/04/29 15:45:21,388000,11.496
2026/04/29 15:45:21,389000,11.499
2026/04/29 15:45:21,390000,11.499
2026/04/29 15:45:21,391000,11.496
2026/04/29 15:45:21,392000,11.496
2026/04/29 15:45:21,393000,11.493
2026/04/29 15:45:21,394000,11.493
2026/04/29 15:45:21,395000,11.496
2026/04/29 15:45:21,396000,11.493
2026/04/29 15:45:21,397000,11.499
2026/04/29 15:45:21,398000,11.501
2026/04/29 15:45:21,399000,11.499
2026/04/29 15:45:21,400000,11.490
2026/04/29 15:45:21,401000,11.490
2026/04/29 15:45:21,402000,11.501
2026/04/29 15:45:21,403000,11.501
2026/04/29 15:45:21,404000,11.493
2026/04/29 15:45:21,405000,11.493
2026/04/29 15:45:21,406000,11.493
2026/04/29 15:45:21,407000,11.490
2026/04/29 15:45:21,408000,11.493
2026/04/29 15:45:21,409000,11.496
2026/04/29 15:45:21,410000,11.493
2026/04/29 15:45:21,411000,11.496
2026/04/29 15:45:21,412000,11.493
2026/04/29 15:45:21,413000,11.493
2026/04/29 15:45:21,414000,11.490
2026/04/29 15:45:21,415000,11.501
2026/04/29 15:45:21,416000,11.499
2026/04/29 15:45:21,417000,11.493
2026/04/29 15:45:21,418000,11.493
2026/04/29 15:45:21,419000,11.496
2026/04/29 15:45:21,420000,11.493
2026/04/29 15:45:21,421000,11.490
2026/04/29 15:45:21,422000,11.496
2026/04/29 15:45:21,423000,11.493
2026/04/29 15:45:21,424000,11.496
2026/04/29 15:45:21,425000,11.496
2026/04/29 15:45:21,426000,11.493
2026/04/29 15:45:21,427000,11.493
2026/04/29 15:45:21,428000,11.493
2026/04/29 15:45:21,429000,11.496
2026/04/29 15:45:21,430000,11.496
2026/04/29 15:45:21,431000,11.487
2026/04/29 15:45:21,432000,11.493
2026/04/29 15:45:21,433000,11.490
2026/04/29 15:45:21,434000,11.493
2026/04/29 15:45:21,435000,11.499
2026/04/29 15:45:21,436000,11.493
2026/04/29 15:45:21,437000,11.487
2026/04/29 15:45:21,438000,11.496
2026/04/29 15:45:21,439000,11.496
2026/04/29 15:45:21,440000,11.501
2026/04/29 15:45:21,441000,11.493
2026/04/29 15:45:21,442000,11.493
2026/04/29 15:45:21,443000,11.493
2026/04/29 15:45:21,444000,11.490
2026/04/29 15:45:21,445000,11.493
2026/04/29 15:45:21,446000,11.501
2026/04/29 15:45:21,447000,11.496
2026/04/29 15:45:21,448000,11.499
2026/04/29 15:45:21,449000,11.501
2026/04/29 15:45:21,450000,11.493
2026/04/29 15:45:21,451000,11.496
2026/04/29 15:45:21,452000,11.487
2026/04/29 15:45:21,453000,11.496
2026/04/29 15:45:21,454000,11.490
2026/04/29 15:45:21,455000,11.496
2026/04/29 15:45:21,456000,11.493
2026/04/29 15:45:21,457000,11.493
2026/04/29 15:45:21,458000,11.496
2026/04/29 15:45:21,459000,11.493
2026/04/29 15:45:21,460000,11.496
2026/04/29 15:45:21,461000,11.501
2026/04/29 15:45:21,462000,11.490
2026/04/29 15:45:21,463000,11.487
2026/04/29 15:45:21,464000,11.493
2026/04/29 15:45:21,465000,11.482
2026/04/29 15:45:21,466000,11.496
2026/04/29 15:45:21,467000,11.493
2026/04/29 15:45:21,468000,11.493
2026/04/29 15:45:21,469000,11.490
2026/04/29 15:45:21,470000,11.493
2026/04/29 15:45:21,471000,11.499
2026/04/29 15:45:21,472000,11.490
2026/04/29 15:45:21,473000,11.499
2026/04/29 15:45:21,474000,11.490
2026/04/29 15:45:21,475000,11.490
2026/04/29 15:45:21,476000,11.490
2026/04/29 15:45:21,477000,11.487
2026/04/29 15:45:21,478000,11.496
2026/04/29 15:45:21,479000,11.493
2026/04/29 15:45:21,480000,11.490
2026/04/29 15:45:21,481000,11.499
2026/04/29 15:45:21,482000,11.490
2026/04/29 15:45:21,483000,11.485
2026/04/29 15:45:21,484000,11.496
2026/04/29 15:45:21,485000,11.493
2026/04/29 15:45:21,486000,11.496
2026/04/29 15:45:21,487000,11.493
2026/04/29 15:45:21,488000,11.493
2026/04/29 15:45:21,489000,11.493
2026/04/29 15:45:21,490000,11.490
2026/04/29 15:45:21,491000,11.496
2026/04/29 15:45:21,492000,11.499
2026/04/29 15:45:21,493000,11.493
2026/04/29 15:45:21,494000,11.493
2026/04/29 15:45:21,495000,11.493
2026/04/29 15:45:21,496000,11.499
2026/04/29 15:45:21,497000,11.493
2026/04/29 15:45:21,498000,11.490
2026/04/29 15:45:21,499000,11.490
2026/04/29 15:45:21,500000,11.507
2026/04/29 15:45:21,501000,11.493
2026/04/29 15:45:21,502000,11.493
2026/04/29 15:45:21,503000,11.490
2026/04/29 15:45:21,504000,11.493
2026/04/29 15:45:21,505000,11.493
2026/04/29 15:45:21,506000,11.493
2026/04/29 15:45:21,507000,11.499
2026/04/29 15:45:21,508000,11.493
2026/04/29 15:45:21,509000,11.487
2026/04/29 15:45:21,510000,11.490
2026/04/29 15:45:21,511000,11.493
2026/04/29 15:45:21,512000,11.493
2026/04/29 15:45:21,513000,11.501
2026/04/29 15:45:21,514000,11.490
2026/04/29 15:45:21,515000,11.490
2026/04/29 15:45:21,516000,11.490
2026/04/29 15:45:21,517000,11.501
2026/04/29 15:45:21,518000,11.499
2026/04/29 15:45:21,519000,11.490
2026/04/29 15:45:21,520000,11.490
2026/04/29 15:45:21,521000,11.490
2026/04/29 15:45:21,522000,11.496
2026/04/29 15:45:21,523000,11.499
2026/04/29 15:45:21,524000,11.487
2026/04/29 15:45:21,525000,11.487
2026/04/29 15:45:21,526000,11.490
2026/04/29 15:45:21,527000,11.499
2026/04/29 15:45:21,528000,11.493
2026/04/29 15:45:21,529000,11.499
2026/04/29 15:45:21,530000,11.493
2026/04/29 15:45:21,531000,11.493
2026/04/29 15:45:21,532000,11.496
2026/04/29 15:45:21,533000,11.493
2026/04/29 15:45:21,534000,11.496
2026/04/29 15:45:21,535000,11.490
2026/04/29 15:45:21,536000,11.493
2026/04/29 15:45:21,537000,11.490
2026/04/29 15:45:21,538000,11.499
2026/04/29 15:45:21,539000,11.493
2026/04/29 15:45:21,540000,11.499
2026/04/29 15:45:21,541000,11.493
2026/04/29 15:45:21,542000,11.496
2026/04/29 15:45:21,543000,11.499
2026/04/29 15:45:21,544000,11.493
2026/04/29 15:45:21,545000,11.496
2026/04/29 15:45:21,546000,11.496
2026/04/29 15:45:21,547000,11.496
2026/04/29 15:45:21,548000,11.499
2026/04/29 15:45:21,549000,11.493
2026/04/29 15:45:21,550000,11.487
2026/04/29 15:45:21,551000,11.493
2026/04/29 15:45:21,552000,11.490
2026/04/29 15:45:21,553000,11.493
2026/04/29 15:45:21,554000,11.490
2026/04/29 15:45:21,555000,11.493
2026/04/29 15:45:21,556000,11.499
2026/04/29 15:45:21,557000,11.499
2026/04/29 15:45:21,558000,11.496
2026/04/29 15:45:21,559000,11.501
2026/04/29 15:45:21,560000,11.496
2026/04/29 15:45:21,561000,11.493
2026/04/29 15:45:21,562000,11.499
2026/04/29 15:45:21,563000,11.493
2026/04/29 15:45:21,564000,11.496
2026/04/29 15:45:21,565000,11.499
2026/04/29 15:45:21,566000,11.493
2026/04/29 15:45:21,567000,11.496
2026/04/29 15:45:21,568000,11.496
2026/04/29 15:45:21,569000,11.487
2026/04/29 15:45:21,570000,11.496
2026/04/29 15:45:21,571000,11.504
2026/04/29 15:45:21,572000,11.493
2026/04/29 15:45:21,573000,11.493
2026/04/29 15:45:21,574000,11.490
2026/04/29 15:45:21,575000,11.490
2026/04/29 15:45:21,576000,11.493
2026/04/29 15:45:21,577000,11.487
2026/04/29 15:45:21,578000,11.493
2026/04/29 15:45:21,579000,11.499
2026/04/29 15:45:21,580000,11.496
2026/04/29 15:45:21,581000,11.496
2026/04/29 15:45:21,582000,11.493
2026/04/29 15:45:21,583000,11.499
2026/04/29 15:45:21,584000,11.493
2026/04/29 15:45:21,585000,11.499
2026/04/29 15:45:21,586000,11.496
2026/04/29 15:45:21,587000,11.493
2026/04/29 15:45:21,588000,11.496
2026/04/29 15:45:21,589000,11.496
2026/04/29 15:45:21,590000,11.490
2026/04/29 15:45:21,591000,11.493
2026/04/29 15:45:21,592000,11.493
2026/04/29 15:45:21,593000,11.493
2026/04/29 15:45:21,594000,11.490
2026/04/29 15:45:21,595000,11.493
2026/04/29 15:45:21,596000,11.490
2026/04/29 15:45:21,597000,11.490
2026/04/29 15:45:21,598000,11.499
2026/04/29 15:45:21,599000,11.493
2026/04/29 15:45:21,600000,11.493
2026/04/29 15:45:21,601000,11.493
2026/04/29 15:45:21,602000,11.490
2026/04/29 15:45:21,603000,11.493
2026/04/29 15:45:21,604000,11.493
2026/04/29 15:45:21,605000,11.496
2026/04/29 15:45:21,606000,11.496
2026/04/29 15:45:21,607000,11.496
2026/04/29 15:45:21,608000,11.496
2026/04/29 15:45:21,609000,11.493
2026/04/29 15:45:21,610000,11.493
2026/04/29 15:45:21,611000,11.490
2026/04/29 15:45:21,612000,11.499
2026/04/29 15:45:21,613000,11.493
2026/04/29 15:45:21,614000,11.496
2026/04/29 15:45:21,615000,11.493
2026/04/29 15:45:21,616000,11.493
2026/04/29 15:45:21,617000,11.493
2026/04/29 15:45:21,618000,11.493
2026/04/29 15:45:21,619000,11.493
2026/04/29 15:45:21,620000,11.496
2026/04/29 15:45:21,621000,11.493
2026/04/29 15:45:21,622000,11.499
2026/04/29 15:45:21,623000,11.496
2026/04/29 15:45:21,624000,11.493
2026/04/29 15:45:21,625000,11.493
2026/04/29 15:45:21,626000,11.493
2026/04/29 15:45:21,627000,11.496
2026/04/29 15:45:21,628000,11.496
2026/04/29 15:45:21,629000,11.499
2026/04/29 15:45:21,630000,11.493
2026/04/29 15:45:21,631000,11.490
2026/04/29 15:45:21,632000,11.496
2026/04/29 15:45:21,633000,11.496
2026/04/29 15:45:21,634000,11.496
2026/04/29 15:45:21,635000,11.493
2026/04/29 15:45:21,636000,11.493
2026/04/29 15:45:21,637000,11.499
2026/04/29 15:45:21,638000,11.490
2026/04/29 15:45:21,639000,11.501
2026/04/29 15:45:21,640000,11.493
2026/04/29 15:45:21,641000,11.496
2026/04/29 15:45:21,642000,11.490
2026/04/29 15:45:21,643000,11.493
2026/04/29 15:45:21,644000,11.493
2026/04/29 15:45:21,645000,11.493
2026/04/29 15:45:21,646000,11.493
2026/04/29 15:45:21,647000,11.493
2026/04/29 15:45:21,648000,11.501
2026/04/29 15:45:21,649000,11.499
2026/04/29 15:45:21,650000,11.490
2026/04/29 15:45:21,651000,11.490
2026/04/29 15:45:21,652000,11.493
2026/04/29 15:45:21,653000,11.490
2026/04/29 15:45:21,654000,11.499
2026/04/29 15:45:21,655000,11.496
2026/04/29 15:45:21,656000,11.490
2026/04/29 15:45:21,657000,11.493
2026/04/29 15:45:21,658000,11.490
2026/04/29 15:45:21,659000,11.501
2026/04/29 15:45:21,660000,11.493
2026/04/29 15:45:21,661000,11.493
2026/04/29 15:45:21,662000,11.496
2026/04/29 15:45:21,663000,11.493
2026/04/29 15:45:21,664000,11.490
2026/04/29 15:45:21,665000,11.493
2026/04/29 15:45:21,666000,11.493
2026/04/29 15:45:21,667000,11.496
2026/04/29 15:45:21,668000,11.485
2026/04/29 15:45:21,669000,11.490
2026/04/29 15:45:21,670000,11.493
2026/04/29 15:45:21,671000,11.490
2026/04/29 15:45:21,672000,11.493
2026/04/29 15:45:21,673000,11.499
2026/04/29 15:45:21,674000,11.490
2026/04/29 15:45:21,675000,11.496
2026/04/29 15:45:21,676000,11.490
2026/04/29 15:45:21,677000,11.496
2026/04/29 15:45:21,678000,11.493
2026/04/29 15:45:21,679000,11.493
2026/04/29 15:45:21,680000,11.485
2026/04/29 15:45:21,681000,11.496
2026/04/29 15:45:21,682000,11.493
2026/04/29 15:45:21,683000,11.493
2026/04/29 15:45:21,684000,11.493
2026/04/29 15:45:21,685000,11.499
2026/04/29 15:45:21,686000,11.493
2026/04/29 15:45:21,687000,11.490
2026/04/29 15:45:21,688000,11.496
2026/04/29 15:45:21,689000,11.493
2026/04/29 15:45:21,690000,11.493
2026/04/29 15:45:21,691000,11.490
2026/04/29 15:45:21,692000,11.496
2026/04/29 15:45:21,693000,11.496
2026/04/29 15:45:21,694000,11.485
2026/04/29 15:45:21,695000,11.493
2026/04/29 15:45:21,696000,11.493
2026/04/29 15:45:21,697000,11.493
2026/04/29 15:45:21,698000,11.496
2026/04/29 15:45:21,699000,11.490
2026/04/29 15:45:21,700000,11.493
2026/04/29 15:45:21,701000,11.493
2026/04/29 15:45:21,702000,11.490
2026/04/29 15:45:21,703000,11.490
2026/04/29 15:45:21,704000,11.493
2026/04/29 15:45:21,705000,11.496
2026/04/29 15:45:21,706000,11.493
2026/04/29 15:45:21,707000,11.496
2026/04/29 15:45:21,708000,11.493
2026/04/29 15:45:21,709000,11.493
2026/04/29 15:45:21,710000,11.499
2026/04/29 15:45:21,711000,11.493
2026/04/29 15:45:21,712000,11.493
2026/04/29 15:45:21,713000,11.487
2026/04/29 15:45:21,714000,11.499
2026/04/29 15:45:21,715000,11.490
2026/04/29 15:45:21,716000,11.490
2026/04/29 15:45:21,717000,11.493
2026/04/29 15:45:21,718000,11.493
2026/04/29 15:45:21,719000,11.496
2026/04/29 15:45:21,720000,11.490
2026/04/29 15:45:21,721000,11.490
2026/04/29 15:45:21,722000,11.487
2026/04/29 15:45:21,723000,11.493
2026/04/29 15:45:21,724000,11.490
2026/04/29 15:45:21,725000,11.493
2026/04/29 15:45:21,726000,11.496
2026/04/29 15:45:21,727000,11.487
2026/04/29 15:45:21,728000,11.499
2026/04/29 15:45:21,729000,11.490
2026/04/29 15:45:21,730000,11.490
2026/04/29 15:45:21,731000,11.496
2026/04/29 15:45:21,732000,11.499
2026/04/29 15:45:21,733000,11.493
2026/04/29 15:45:21,734000,11.496
2026/04/29 15:45:21,735000,11.493
2026/04/29 15:45:21,736000,11.493
2026/04/29 15:45:21,737000,11.496
2026/04/29 15:45:21,738000,11.493
2026/04/29 15:45:21,739000,11.499
2026/04/29 15:45:21,740000,11.499
2026/04/29 15:45:21,741000,11.493
2026/04/29 15:45:21,742000,11.493
2026/04/29 15:45:21,743000,11.499
2026/04/29 15:45:21,744000,11.493
2026/04/29 15:45:21,745000,11.496
2026/04/29 15:45:21,746000,11.496
2026/04/29 15:45:21,747000,11.496
2026/04/29 15:45:21,748000,11.493
2026/04/29 15:45:21,749000,11.487
2026/04/29 15:45:21,750000,11.496
2026/04/29 15:45:21,751000,11.496
2026/04/29 15:45:21,752000,11.496
2026/04/29 15:45:21,753000,11.493
2026/04/29 15:45:21,754000,11.493
2026/04/29 15:45:21,755000,11.493
2026/04/29 15:45:21,756000,11.499
2026/04/29 15:45:21,757000,11.490
2026/04/29 15:45:21,758000,11.490
2026/04/29 15:45:21,759000,11.499
2026/04/29 15:45:21,760000,11.493
2026/04/29 15:45:21,761000,11.493
2026/04/29 15:45:21,762000,11.490
2026/04/29 15:45:21,763000,11.490
2026/04/29 15:45:21,764000,11.487
2026/04/29 15:45:21,765000,11.490
2026/04/29 15:45:21,766000,11.499
2026/04/29 15:45:21,767000,11.493
2026/04/29 15:45:21,768000,11.490
2026/04/29 15:45:21,769000,11.493
2026/04/29 15:45:21,770000,11.493
2026/04/29 15:45:21,771000,11.493
2026/04/29 15:45:21,772000,11.496
2026/04/29 15:45:21,773000,11.496
2026/04/29 15:45:21,774000,11.496
2026/04/29 15:45:21,775000,11.493
2026/04/29 15:45:21,776000,11.496
2026/04/29 15:45:21,777000,11.496
2026/04/29 15:45:21,778000,11.496
2026/04/29 15:45:21,779000,11.499
2026/04/29 15:45:21,780000,11.493
2026/04/29 15:45:21,781000,11.496
2026/04/29 15:45:21,782000,11.499
2026/04/29 15:45:21,783000,11.493
2026/04/29 15:45:21,784000,11.493
2026/04/29 15:45:21,785000,11.501
2026/04/29 15:45:21,786000,11.490
2026/04/29 15:45:21,787000,11.493
2026/04/29 15:45:21,788000,11.493
2026/04/29 15:45:21,789000,11.496
2026/04/29 15:45:21,790000,11.493
2026/04/29 15:45:21,791000,11.493
2026/04/29 15:45:21,792000,11.487
2026/04/29 15:45:21,793000,11.490
2026/04/29 15:45:21,794000,11.493
2026/04/29 15:45:21,795000,11.493
2026/04/29 15:45:21,796000,11.496
2026/04/29 15:45:21,797000,11.496
2026/04/29 15:45:21,798000,11.490
2026/04/29 15:45:21,799000,11.490
2026/04/29 15:45:21,800000,11.496
2026/04/29 15:45:21,801000,11.490
2026/04/29 15:45:21,802000,11.493
2026/04/29 15:45:21,803000,11.493
2026/04/29 15:45:21,804000,11.499
2026/04/29 15:45:21,805000,11.490
2026/04/29 15:45:21,806000,11.499
2026/04/29 15:45:21,807000,11.493
2026/04/29 15:45:21,808000,11.490
2026/04/29 15:45:21,809000,11.490
2026/04/29 15:45:21,810000,11.496
2026/04/29 15:45:21,811000,11.490
2026/04/29 15:45:21,812000,11.490
2026/04/29 15:45:21,813000,11.490
2026/04/29 15:45:21,814000,11.487
2026/04/29 15:45:21,815000,11.493
2026/04/29 15:45:21,816000,11.493
2026/04/29 15:45:21,817000,11.493
2026/04/29 15:45:21,818000,11.490
2026/04/29 15:45:21,819000,11.499
2026/04/29 15:45:21,820000,11.493
2026/04/29 15:45:21,821000,11.501
2026/04/29 15:45:21,822000,11.496
2026/04/29 15:45:21,823000,11.490
2026/04/29 15:45:21,824000,11.493
2026/04/29 15:45:21,825000,11.499
2026/04/29 15:45:21,826000,11.501
2026/04/29 15:45:21,827000,11.499
2026/04/29 15:45:21,828000,11.490
2026/04/29 15:45:21,829000,11.490
2026/04/29 15:45:21,830000,11.493
2026/04/29 15:45:21,831000,11.493
2026/04/29 15:45:21,832000,11.490
2026/04/29 15:45:21,833000,11.487
2026/04/29 15:45:21,834000,11.499
2026/04/29 15:45:21,835000,11.490
2026/04/29 15:45:21,836000,11.501
2026/04/29 15:45:21,837000,11.493
2026/04/29 15:45:21,838000,11.493
2026/04/29 15:45:21,839000,11.493
2026/04/29 15:45:21,840000,11.499
2026/04/29 15:45:21,841000,11.487
2026/04/29 15:45:21,842000,11.490
2026/04/29 15:45:21,843000,11.499
2026/04/29 15:45:21,844000,11.493
2026/04/29 15:45:21,845000,11.499
2026/04/29 15:45:21,846000,11.501
2026/04/29 15:45:21,847000,11.490
2026/04/29 15:45:21,848000,11.490
2026/04/29 15:45:21,849000,11.490
2026/04/29 15:45:21,850000,11.490
2026/04/29 15:45:21,851000,11.493
2026/04/29 15:45:21,852000,11.493
2026/04/29 15:45:21,853000,11.496
2026/04/29 15:45:21,854000,11.493
2026/04/29 15:45:21,855000,11.487
2026/04/29 15:45:21,856000,11.493
2026/04/29 15:45:21,857000,11.490
2026/04/29 15:45:21,858000,11.493
2026/04/29 15:45:21,859000,11.487
2026/04/29 15:45:21,860000,11.499
2026/04/29 15:45:21,861000,11.496
2026/04/29 15:45:21,862000,11.490
2026/04/29 15:45:21,863000,11.490
2026/04/29 15:45:21,864000,11.493
2026/04/29 15:45:21,865000,11.496
2026/04/29 15:45:21,866000,11.493
2026/04/29 15:45:21,867000,11.496
2026/04/29 15:45:21,868000,11.493
2026/04/29 15:45:21,869000,11.493
2026/04/29 15:45:21,870000,11.496
2026/04/29 15:45:21,871000,11.499
2026/04/29 15:45:21,872000,11.496
2026/04/29 15:45:21,873000,11.501
2026/04/29 15:45:21,874000,11.493
2026/04/29 15:45:21,875000,11.490
2026/04/29 15:45:21,876000,11.493
2026/04/29 15:45:21,877000,11.496
2026/04/29 15:45:21,878000,11.490
2026/04/29 15:45:21,879000,11.487
2026/04/29 15:45:21,880000,11.493
2026/04/29 15:45:21,881000,11.493
2026/04/29 15:45:21,882000,11.493
2026/04/29 15:45:21,883000,11.493
2026/04/29 15:45:21,884000,11.499
2026/04/29 15:45:21,885000,11.490
2026/04/29 15:45:21,886000,11.490
2026/04/29 15:45:21,887000,11.490
2026/04/29 15:45:21,888000,11.493
2026/04/29 15:45:21,889000,11.487
2026/04/29 15:45:21,890000,11.493
2026/04/29 15:45:21,891000,11.493
2026/04/29 15:45:21,892000,11.487
2026/04/29 15:45:21,893000,11.493
2026/04/29 15:45:21,894000,11.496
2026/04/29 15:45:21,895000,11.496
2026/04/29 15:45:21,896000,11.493
2026/04/29 15:45:21,897000,11.485
2026/04/29 15:45:21,898000,11.493
2026/04/29 15:45:21,899000,11.490
2026/04/29 15:45:21,900000,11.496
2026/04/29 15:45:21,901000,11.499
2026/04/29 15:45:21,902000,11.487
2026/04/29 15:45:21,903000,11.490
2026/04/29 15:45:21,904000,11.496
2026/04/29 15:45:21,905000,11.496
2026/04/29 15:45:21,906000,11.493
2026/04/29 15:45:21,907000,11.493
2026/04/29 15:45:21,908000,11.493
2026/04/29 15:45:21,909000,11.501
2026/04/29 15:45:21,910000,11.490
2026/04/29 15:45:21,911000,11.499
2026/04/29 15:45:21,912000,11.496
2026/04/29 15:45:21,913000,11.499
2026/04/29 15:45:21,914000,11.493
2026/04/29 15:45:21,915000,11.490
2026/04/29 15:45:21,916000,11.490
2026/04/29 15:45:21,917000,11.496
2026/04/29 15:45:21,918000,11.496
2026/04/29 15:45:21,919000,11.501
2026/04/29 15:45:21,920000,11.493
2026/04/29 15:45:21,921000,11.490
2026/04/29 15:45:21,922000,11.493
2026/04/29 15:45:21,923000,11.493
2026/04/29 15:45:21,924000,11.496
2026/04/29 15:45:21,925000,11.490
2026/04/29 15:45:21,926000,11.501
2026/04/29 15:45:21,927000,11.490
2026/04/29 15:45:21,928000,11.493
2026/04/29 15:45:21,929000,11.493
2026/04/29 15:45:21,930000,11.493
2026/04/29 15:45:21,931000,11.496
2026/04/29 15:45:21,932000,11.490
2026/04/29 15:45:21,933000,11.490
2026/04/29 15:45:21,934000,11.485
2026/04/29 15:45:21,935000,11.493
2026/04/29 15:45:21,936000,11.490
2026/04/29 15:45:21,937000,11.493
2026/04/29 15:45:21,938000,11.493
2026/04/29 15:45:21,939000,11.490
2026/04/29 15:45:21,940000,11.496
2026/04/29 15:45:21,941000,11.496
2026/04/29 15:45:21,942000,11.490
2026/04/29 15:45:21,943000,11.493
2026/04/29 15:45:21,944000,11.493
2026/04/29 15:45:21,945000,11.493
2026/04/29 15:45:21,946000,11.493
2026/04/29 15:45:21,947000,11.493
2026/04/29 15:45:21,948000,11.490
2026/04/29 15:45:21,949000,11.490
2026/04/29 15:45:21,950000,11.493
2026/04/29 15:45:21,951000,11.499
2026/04/29 15:45:21,952000,11.496
2026/04/29 15:45:21,953000,11.493
2026/04/29 15:45:21,954000,11.499
2026/04/29 15:45:21,955000,11.490
2026/04/29 15:45:21,956000,11.490
2026/04/29 15:45:21,957000,11.490
2026/04/29 15:45:21,958000,11.493
2026/04/29 15:45:21,959000,11.493
2026/04/29 15:45:21,960000,11.493
2026/04/29 15:45:21,961000,11.493
2026/04/29 15:45:21,962000,11.496
2026/04/29 15:45:21,963000,11.490
2026/04/29 15:45:21,964000,11.490
2026/04/29 15:45:21,965000,11.496
2026/04/29 15:45:21,966000,11.493
2026/04/29 15:45:21,967000,11.496
2026/04/29 15:45:21,968000,11.496
2026/04/29 15:45:21,969000,11.490
2026/04/29 15:45:21,970000,11.490
2026/04/29 15:45:21,971000,11.493
2026/04/29 15:45:21,972000,11.490
2026/04/29 15:45:21,973000,11.493
2026/04/29 15:45:21,974000,11.496
2026/04/29 15:45:21,975000,11.496
2026/04/29 15:45:21,976000,11.499
2026/04/29 15:45:21,977000,11.493
2026/04/29 15:45:21,978000,11.496
2026/04/29 15:45:21,979000,11.487
2026/04/29 15:45:21,980000,11.490
2026/04/29 15:45:21,981000,11.501
2026/04/29 15:45:21,982000,11.493
2026/04/29 15:45:21,983000,11.487
2026/04/29 15:45:21,984000,11.493
2026/04/29 15:45:21,985000,11.490
2026/04/29 15:45:21,986000,11.493
2026/04/29 15:45:21,987000,11.499
2026/04/29 15:45:21,988000,11.493
2026/04/29 15:45:21,989000,11.490
2026/04/29 15:45:21,990000,11.499
2026/04/29 15:45:21,991000,11.490
2026/04/29 15:45:21,992000,11.504
2026/04/29 15:45:21,993000,11.493
2026/04/29 15:45:21,994000,11.496
2026/04/29 15:45:21,995000,11.499
2026/04/29 15:45:21,996000,11.501
2026/04/29 15:45:21,997000,11.493
2026/04/29 15:45:21,998000,11.493
2026/04/29 15:45:21,999000,11.490
2026/04/29 15:45:22,000000,11.496
2026/04/29 15:45:22,001000,11.490
2026/04/29 15:45:22,002000,11.490
2026/04/29 15:45:22,003000,11.487
2026/04/29 15:45:22,004000,11.493
2026/04/29 15:45:22,005000,11.496
2026/04/29 15:45:22,006000,11.490
2026/04/29 15:45:22,007000,11.493
2026/04/29 15:45:22,008000,11.496
2026/04/29 15:45:22,009000,11.490
2026/04/29 15:45:22,010000,11.496
2026/04/29 15:45:22,011000,11.493
2026/04/29 15:45:22,012000,11.493
2026/04/29 15:45:22,013000,11.499
2026/04/29 15:45:22,014000,11.496
2026/04/29 15:45:22,015000,11.493
2026/04/29 15:45:22,016000,11.496
2026/04/29 15:45:22,017000,11.501
2026/04/29 15:45:22,018000,11.496
2026/04/29 15:45:22,019000,11.496
2026/04/29 15:45:22,020000,11.493
2026/04/29 15:45:22,021000,11.493
2026/04/29 15:45:22,022000,11.496
2026/04/29 15:45:22,023000,11.493
2026/04/29 15:45:22,024000,11.490
2026/04/29 15:45:22,025000,11.490
2026/04/29 15:45:22,026000,11.499
2026/04/29 15:45:22,027000,11.490
2026/04/29 15:45:22,028000,11.496
2026/04/29 15:45:22,029000,11.496
2026/04/29 15:45:22,030000,11.493
2026/04/29 15:45:22,031000,11.493
2026/04/29 15:45:22,032000,11.493
2026/04/29 15:45:22,033000,11.487
2026/04/29 15:45:22,034000,11.493
2026/04/29 15:45:22,035000,11.493
2026/04/29 15:45:22,036000,11.493
2026/04/29 15:45:22,037000,11.493
2026/04/29 15:45:22,038000,11.499
2026/04/29 15:45:22,039000,11.490
2026/04/29 15:45:22,040000,11.493
2026/04/29 15:45:22,041000,11.496
2026/04/29 15:45:22,042000,11.496
2026/04/29 15:45:22,043000,11.493
2026/04/29 15:45:22,044000,11.493
2026/04/29 15:45:22,045000,11.499
2026/04/29 15:45:22,046000,11.501
2026/04/29 15:45:22,047000,11.490
2026/04/29 15:45:22,048000,11.493
2026/04/29 15:45:22,049000,11.499
2026/04/29 15:45:22,050000,11.490
2026/04/29 15:45:22,051000,11.493
2026/04/29 15:45:22,052000,11.493
2026/04/29 15:45:22,053000,11.499
2026/04/29 15:45:22,054000,11.501
2026/04/29 15:45:22,055000,11.493
2026/04/29 15:45:22,056000,11.493
2026/04/29 15:45:22,057000,11.493
2026/04/29 15:45:22,058000,11.490
2026/04/29 15:45:22,059000,11.493
2026/04/29 15:45:22,060000,11.493
2026/04/29 15:45:22,061000,11.507
2026/04/29 15:45:22,062000,11.499
2026/04/29 15:45:22,063000,11.493
2026/04/29 15:45:22,064000,11.493
2026/04/29 15:45:22,065000,11.493
2026/04/29 15:45:22,066000,11.487
2026/04/29 15:45:22,067000,11.490
2026/04/29 15:45:22,068000,11.493
2026/04/29 15:45:22,069000,11.496
2026/04/29 15:45:22,070000,11.496
2026/04/29 15:45:22,071000,11.493
2026/04/29 15:45:22,072000,11.496
2026/04/29 15:45:22,073000,11.493
2026/04/29 15:45:22,074000,11.487
2026/04/29 15:45:22,075000,11.490
2026/04/29 15:45:22,076000,11.493
2026/04/29 15:45:22,077000,11.493
2026/04/29 15:45:22,078000,11.499
2026/04/29 15:45:22,079000,11.493
2026/04/29 15:45:22,080000,11.493
2026/04/29 15:45:22,081000,11.493
2026/04/29 15:45:22,082000,11.493
2026/04/29 15:45:22,083000,11.493
2026/04/29 15:45:22,084000,11.499
2026/04/29 15:45:22,085000,11.490
2026/04/29 15:45:22,086000,11.501
2026/04/29 15:45:22,087000,11.493
2026/04/29 15:45:22,088000,11.493
2026/04/29 15:45:22,089000,11.493
2026/04/29 15:45:22,090000,11.501
2026/04/29 15:45:22,091000,11.496
2026/04/29 15:45:22,092000,11.496
2026/04/29 15:45:22,093000,11.496
2026/04/29 15:45:22,094000,11.493
2026/04/29 15:45:22,095000,11.487
2026/04/29 15:45:22,096000,11.485
2026/04/29 15:45:22,097000,11.501
2026/04/29 15:45:22,098000,11.493
2026/04/29 15:45:22,099000,11.493
2026/04/29 15:45:22,100000,11.499
2026/04/29 15:45:22,101000,11.490
2026/04/29 15:45:22,102000,11.493
2026/04/29 15:45:22,103000,11.493
2026/04/29 15:45:22,104000,11.490
2026/04/29 15:45:22,105000,11.496
2026/04/29 15:45:22,106000,11.493
2026/04/29 15:45:22,107000,11.493
2026/04/29 15:45:22,108000,11.493
2026/04/29 15:45:22,109000,11.496
2026/04/29 15:45:22,110000,11.493
2026/04/29 15:45:22,111000,11.493
2026/04/29 15:45:22,112000,11.490
2026/04/29 15:45:22,113000,11.493
2026/04/29 15:45:22,114000,11.496
2026/04/29 15:45:22,115000,11.493
2026/04/29 15:45:22,116000,11.496
2026/04/29 15:45:22,117000,11.493
2026/04/29 15:45:22,118000,11.493
2026/04/29 15:45:22,119000,11.487
2026/04/29 15:45:22,120000,11.493
2026/04/29 15:45:22,121000,11.493
2026/04/29 15:45:22,122000,11.493
2026/04/29 15:45:22,123000,11.496
2026/04/29 15:45:22,124000,11.490
2026/04/29 15:45:22,125000,11.487
2026/04/29 15:45:22,126000,11.493
2026/04/29 15:45:22,127000,11.485
2026/04/29 15:45:22,128000,11.493
2026/04/29 15:45:22,129000,11.496
2026/04/29 15:45:22,130000,11.485
2026/04/29 15:45:22,131000,11.493
2026/04/29 15:45:22,132000,11.493
2026/04/29 15:45:22,133000,11.499
2026/04/29 15:45:22,134000,11.493
2026/04/29 15:45:22,135000,11.496
2026/04/29 15:45:22,136000,11.482
2026/04/29 15:45:22,137000,11.496
2026/04/29 15:45:22,138000,11.487
2026/04/29 15:45:22,139000,11.487
2026/04/29 15:45:22,140000,11.493
2026/04/29 15:45:22,141000,11.496
2026/04/29 15:45:22,142000,11.499
2026/04/29 15:45:22,143000,11.485
2026/04/29 15:45:22,144000,11.493
2026/04/29 15:45:22,145000,11.490
2026/04/29 15:45:22,146000,11.490
2026/04/29 15:45:22,147000,11.493
2026/04/29 15:45:22,148000,11.490
2026/04/29 15:45:22,149000,11.493
2026/04/29 15:45:22,150000,11.490
2026/04/29 15:45:22,151000,11.493
2026/04/29 15:45:22,152000,11.496
2026/04/29 15:45:22,153000,11.501
2026/04/29 15:45:22,154000,11.493
2026/04/29 15:45:22,155000,11.490
2026/04/29 15:45:22,156000,11.496
2026/04/29 15:45:22,157000,11.490
2026/04/29 15:45:22,158000,11.490
2026/04/29 15:45:22,159000,11.490
2026/04/29 15:45:22,160000,11.493
2026/04/29 15:45:22,161000,11.493
2026/04/29 15:45:22,162000,11.487
2026/04/29 15:45:22,163000,11.493
2026/04/29 15:45:22,164000,11.490
2026/04/29 15:45:22,165000,11.493
2026/04/29 15:45:22,166000,11.496
2026/04/29 15:45:22,167000,11.493
2026/04/29 15:45:22,168000,11.493
2026/04/29 15:45:22,169000,11.493
2026/04/29 15:45:22,170000,11.504
2026/04/29 15:45:22,171000,11.493
2026/04/29 15:45:22,172000,11.490
2026/04/29 15:45:22,173000,11.490
2026/04/29 15:45:22,174000,11.493
2026/04/29 15:45:22,175000,11.499
2026/04/29 15:45:22,176000,11.493
2026/04/29 15:45:22,177000,11.490
2026/04/29 15:45:22,178000,11.493
2026/04/29 15:45:22,179000,11.499
2026/04/29 15:45:22,180000,11.487
2026/04/29 15:45:22,181000,11.493
2026/04/29 15:45:22,182000,11.493
2026/04/29 15:45:22,183000,11.493
2026/04/29 15:45:22,184000,11.493
2026/04/29 15:45:22,185000,11.496
2026/04/29 15:45:22,186000,11.493
2026/04/29 15:45:22,187000,11.487
2026/04/29 15:45:22,188000,11.490
2026/04/29 15:45:22,189000,11.493
2026/04/29 15:45:22,190000,11.496
2026/04/29 15:45:22,191000,11.493
2026/04/29 15:45:22,192000,11.493
2026/04/29 15:45:22,193000,11.496
2026/04/29 15:45:22,194000,11.493
2026/04/29 15:45:22,195000,11.493
2026/04/29 15:45:22,196000,11.490
2026/04/29 15:45:22,197000,11.493
2026/04/29 15:45:22,198000,11.493
2026/04/29 15:45:22,199000,11.501
2026/04/29 15:45:22,200000,11.496
2026/04/29 15:45:22,201000,11.490
2026/04/29 15:45:22,202000,11.490
2026/04/29 15:45:22,203000,11.487
2026/04/29 15:45:22,204000,11.490
2026/04/29 15:45:22,205000,11.493
2026/04/29 15:45:22,206000,11.493
2026/04/29 15:45:22,207000,11.499
2026/04/29 15:45:22,208000,11.496
2026/04/29 15:45:22,209000,11.490
2026/04/29 15:45:22,210000,11.490
2026/04/29 15:45:22,211000,11.493
2026/04/29 15:45:22,212000,11.493
2026/04/29 15:45:22,213000,11.493
2026/04/29 15:45:22,214000,11.499
2026/04/29 15:45:22,215000,11.493
2026/04/29 15:45:22,216000,11.490
2026/04/29 15:45:22,217000,11.493
2026/04/29 15:45:22,218000,11.493
2026/04/29 15:45:22,219000,11.496
2026/04/29 15:45:22,220000,11.485
2026/04/29 15:45:22,221000,11.496
2026/04/29 15:45:22,222000,11.493
2026/04/29 15:45:22,223000,11.496
2026/04/29 15:45:22,224000,11.493
2026/04/29 15:45:22,225000,11.493
2026/04/29 15:45:22,226000,11.493
2026/04/29 15:45:22,227000,11.493
2026/04/29 15:45:22,228000,11.493
2026/04/29 15:45:22,229000,11.493
2026/04/29 15:45:22,230000,11.490
2026/04/29 15:45:22,231000,11.499
2026/04/29 15:45:22,232000,11.493
2026/04/29 15:45:22,233000,11.490
2026/04/29 15:45:22,234000,11.493
2026/04/29 15:45:22,235000,11.493
2026/04/29 15:45:22,236000,11.496
2026/04/29 15:45:22,237000,11.496
2026/04/29 15:45:22,238000,11.496
2026/04/29 15:45:22,239000,11.490
2026/04/29 15:45:22,240000,11.490
2026/04/29 15:45:22,241000,11.493
2026/04/29 15:45:22,242000,11.490
2026/04/29 15:45:22,243000,11.490
2026/04/29 15:45:22,244000,11.496
2026/04/29 15:45:22,245000,11.493
2026/04/29 15:45:22,246000,11.496
2026/04/29 15:45:22,247000,11.496
2026/04/29 15:45:22,248000,11.493
2026/04/29 15:45:22,249000,11.493
2026/04/29 15:45:22,250000,11.490
2026/04/29 15:45:22,251000,11.493
2026/04/29 15:45:22,252000,11.496
2026/04/29 15:45:22,253000,11.490
2026/04/29 15:45:22,254000,11.493
2026/04/29 15:45:22,255000,11.490
2026/04/29 15:45:22,256000,11.493
2026/04/29 15:45:22,257000,11.493
2026/04/29 15:45:22,258000,11.499
2026/04/29 15:45:22,259000,11.493
2026/04/29 15:45:22,260000,11.485
2026/04/29 15:45:22,261000,11.493
2026/04/29 15:45:22,262000,11.493
2026/04/29 15:45:22,263000,11.490
2026/04/29 15:45:22,264000,11.496
2026/04/29 15:45:22,265000,11.496
2026/04/29 15:45:22,266000,11.493
2026/04/29 15:45:22,267000,11.496
2026/04/29 15:45:22,268000,11.496
2026/04/29 15:45:22,269000,11.490
2026/04/29 15:45:22,270000,11.487
2026/04/29 15:45:22,271000,11.496
2026/04/29 15:45:22,272000,11.487
2026/04/29 15:45:22,273000,11.493
2026/04/29 15:45:22,274000,11.501
2026/04/29 15:45:22,275000,11.493
2026/04/29 15:45:22,276000,11.490
2026/04/29 15:45:22,277000,11.499
2026/04/29 15:45:22,278000,11.499
2026/04/29 15:45:22,279000,11.493
2026/04/29 15:45:22,280000,11.493
2026/04/29 15:45:22,281000,11.493
2026/04/29 15:45:22,282000,11.493
2026/04/29 15:45:22,283000,11.493
2026/04/29 15:45:22,284000,11.493
2026/04/29 15:45:22,285000,11.493
2026/04/29 15:45:22,286000,11.490
2026/04/29 15:45:22,287000,11.485
2026/04/29 15:45:22,288000,11.493
2026/04/29 15:45:22,289000,11.493
2026/04/29 15:45:22,290000,11.496
2026/04/29 15:45:22,291000,11.496
2026/04/29 15:45:22,292000,11.496
2026/04/29 15:45:22,293000,11.490
2026/04/29 15:45:22,294000,11.496
2026/04/29 15:45:22,295000,11.487
2026/04/29 15:45:22,296000,11.496
2026/04/29 15:45:22,297000,11.493
2026/04/29 15:45:22,298000,11.499
2026/04/29 15:45:22,299000,11.490
2026/04/29 15:45:22,300000,11.493
2026/04/29 15:45:22,301000,11.496
2026/04/29 15:45:22,302000,11.496
2026/04/29 15:45:22,303000,11.487
2026/04/29 15:45:22,304000,11.493
2026/04/29 15:45:22,305000,11.490
2026/04/29 15:45:22,306000,11.499
2026/04/29 15:45:22,307000,11.499
2026/04/29 15:45:22,308000,11.496
2026/04/29 15:45:22,309000,11.496
2026/04/29 15:45:22,310000,11.493
2026/04/29 15:45:22,311000,11.499
2026/04/29 15:45:22,312000,11.493
2026/04/29 15:45:22,313000,11.490
2026/04/29 15:45:22,314000,11.493
2026/04/29 15:45:22,315000,11.493
2026/04/29 15:45:22,316000,11.490
2026/04/29 15:45:22,317000,11.499
2026/04/29 15:45:22,318000,11.493
2026/04/29 15:45:22,319000,11.496
2026/04/29 15:45:22,320000,11.496
2026/04/29 15:45:22,321000,11.493
2026/04/29 15:45:22,322000,11.493
2026/04/29 15:45:22,323000,11.496
2026/04/29 15:45:22,324000,11.496
2026/04/29 15:45:22,325000,11.493
2026/04/29 15:45:22,326000,11.496
2026/04/29 15:45:22,327000,11.499
2026/04/29 15:45:22,328000,11.490
2026/04/29 15:45:22,329000,11.487
2026/04/29 15:45:22,330000,11.493
2026/04/29 15:45:22,331000,11.493
2026/04/29 15:45:22,332000,11.493
2026/04/29 15:45:22,333000,11.493
2026/04/29 15:45:22,334000,11.493
2026/04/29 15:45:22,335000,11.493
2026/04/29 15:45:22,336000,11.493
2026/04/29 15:45:22,337000,11.496
2026/04/29 15:45:22,338000,11.487
2026/04/29 15:45:22,339000,11.496
2026/04/29 15:45:22,340000,11.496
2026/04/29 15:45:22,341000,11.493
2026/04/29 15:45:22,342000,11.493
2026/04/29 15:45:22,343000,11.496
2026/04/29 15:45:22,344000,11.501
2026/04/29 15:45:22,345000,11.499
2026/04/29 15:45:22,346000,11.487
2026/04/29 15:45:22,347000,11.490
2026/04/29 15:45:22,348000,11.493
2026/04/29 15:45:22,349000,11.493
2026/04/29 15:45:22,350000,11.493
2026/04/29 15:45:22,351000,11.499
2026/04/29 15:45:22,352000,11.490
2026/04/29 15:45:22,353000,11.499
2026/04/29 15:45:22,354000,11.496
2026/04/29 15:45:22,355000,11.493
2026/04/29 15:45:22,356000,11.490
2026/04/29 15:45:22,357000,11.493
2026/04/29 15:45:22,358000,11.499
2026/04/29 15:45:22,359000,11.499
2026/04/29 15:45:22,360000,11.493
2026/04/29 15:45:22,361000,11.493
2026/04/29 15:45:22,362000,11.496
2026/04/29 15:45:22,363000,11.482
2026/04/29 15:45:22,364000,11.493
2026/04/29 15:45:22,365000,11.485
2026/04/29 15:45:22,366000,11.496
2026/04/29 15:45:22,367000,11.490
2026/04/29 15:45:22,368000,11.496
2026/04/29 15:45:22,369000,11.493
2026/04/29 15:45:22,370000,11.493
2026/04/29 15:45:22,371000,11.493
2026/04/29 15:45:22,372000,11.493
2026/04/29 15:45:22,373000,11.496
2026/04/29 15:45:22,374000,11.496
2026/04/29 15:45:22,375000,11.485
2026/04/29 15:45:22,376000,11.493
2026/04/29 15:45:22,377000,11.499
2026/04/29 15:45:22,378000,11.493
2026/04/29 15:45:22,379000,11.496
2026/04/29 15:45:22,380000,11.490
2026/04/29 15:45:22,381000,11.493
2026/04/29 15:45:22,382000,11.496
2026/04/29 15:45:22,383000,11.490
2026/04/29 15:45:22,384000,11.493
2026/04/29 15:45:22,385000,11.493
2026/04/29 15:45:22,386000,11.490
2026/04/29 15:45:22,387000,11.493
2026/04/29 15:45:22,388000,11.501
2026/04/29 15:45:22,389000,11.496
2026/04/29 15:45:22,390000,11.490
2026/04/29 15:45:22,391000,11.499
2026/04/29 15:45:22,392000,11.493
2026/04/29 15:45:22,393000,11.490
2026/04/29 15:45:22,394000,11.496
2026/04/29 15:45:22,395000,11.493
2026/04/29 15:45:22,396000,11.493
2026/04/29 15:45:22,397000,11.496
2026/04/29 15:45:22,398000,11.493
2026/04/29 15:45:22,399000,11.499
2026/04/29 15:45:22,400000,11.496
2026/04/29 15:45:22,401000,11.493
2026/04/29 15:45:22,402000,11.499
2026/04/29 15:45:22,403000,11.490
2026/04/29 15:45:22,404000,11.496
2026/04/29 15:45:22,405000,11.490
2026/04/29 15:45:22,406000,11.493
2026/04/29 15:45:22,407000,11.490
2026/04/29 15:45:22,408000,11.490
2026/04/29 15:45:22,409000,11.496
2026/04/29 15:45:22,410000,11.493
2026/04/29 15:45:22,411000,11.493
2026/04/29 15:45:22,412000,11.493
2026/04/29 15:45:22,413000,11.496
2026/04/29 15:45:22,414000,11.493
2026/04/29 15:45:22,415000,11.493
2026/04/29 15:45:22,416000,11.496
2026/04/29 15:45:22,417000,11.493
2026/04/29 15:45:22,418000,11.496
2026/04/29 15:45:22,419000,11.493
2026/04/29 15:45:22,420000,11.490
2026/04/29 15:45:22,421000,11.499
2026/04/29 15:45:22,422000,11.499
2026/04/29 15:45:22,423000,11.490
2026/04/29 15:45:22,424000,11.487
2026/04/29 15:45:22,425000,11.493
2026/04/29 15:45:22,426000,11.496
2026/04/29 15:45:22,427000,11.496
2026/04/29 15:45:22,428000,11.493
2026/04/29 15:45:22,429000,11.493
2026/04/29 15:45:22,430000,11.487
2026/04/29 15:45:22,431000,11.493
2026/04/29 15:45:22,432000,11.496
2026/04/29 15:45:22,433000,11.496
2026/04/29 15:45:22,434000,11.493
2026/04/29 15:45:22,435000,11.499
2026/04/29 15:45:22,436000,11.496
2026/04/29 15:45:22,437000,11.490
2026/04/29 15:45:22,438000,11.499
2026/04/29 15:45:22,439000,11.496
2026/04/29 15:45:22,440000,11.490
2026/04/29 15:45:22,441000,11.490
2026/04/29 15:45:22,442000,11.501
2026/04/29 15:45:22,443000,11.496
2026/04/29 15:45:22,444000,11.490
2026/04/29 15:45:22,445000,11.496
2026/04/29 15:45:22,446000,11.496
2026/04/29 15:45:22,447000,11.490
2026/04/29 15:45:22,448000,11.493
2026/04/29 15:45:22,449000,11.493
2026/04/29 15:45:22,450000,11.496
2026/04/29 15:45:22,451000,11.493
2026/04/29 15:45:22,452000,11.487
2026/04/29 15:45:22,453000,11.496
2026/04/29 15:45:22,454000,11.493
2026/04/29 15:45:22,455000,11.496
2026/04/29 15:45:22,456000,11.499
2026/04/29 15:45:22,457000,11.490
2026/04/29 15:45:22,458000,11.493
2026/04/29 15:45:22,459000,11.496
2026/04/29 15:45:22,460000,11.490
2026/04/29 15:45:22,461000,11.493
2026/04/29 15:45:22,462000,11.499
2026/04/29 15:45:22,463000,11.490
2026/04/29 15:45:22,464000,11.499
2026/04/29 15:45:22,465000,11.485
2026/04/29 15:45:22,466000,11.493
2026/04/29 15:45:22,467000,11.496
2026/04/29 15:45:22,468000,11.487
2026/04/29 15:45:22,469000,11.487
2026/04/29 15:45:22,470000,11.496
2026/04/29 15:45:22,471000,11.493
2026/04/29 15:45:22,472000,11.493
2026/04/29 15:45:22,473000,11.490
2026/04/29 15:45:22,474000,11.490
2026/04/29 15:45:22,475000,11.501
2026/04/29 15:45:22,476000,11.496
2026/04/29 15:45:22,477000,11.493
2026/04/29 15:45:22,478000,11.499
2026/04/29 15:45:22,479000,11.490
2026/04/29 15:45:22,480000,11.493
2026/04/29 15:45:22,481000,11.499
2026/04/29 15:45:22,482000,11.490
2026/04/29 15:45:22,483000,11.493
2026/04/29 15:45:22,484000,11.490
2026/04/29 15:45:22,485000,11.493
2026/04/29 15:45:22,486000,11.496
2026/04/29 15:45:22,487000,11.496
2026/04/29 15:45:22,488000,11.490
2026/04/29 15:45:22,489000,11.490
2026/04/29 15:45:22,490000,11.496
2026/04/29 15:45:22,491000,11.490
2026/04/29 15:45:22,492000,11.493
2026/04/29 15:45:22,493000,11.493
2026/04/29 15:45:22,494000,11.493
2026/04/29 15:45:22,495000,11.490
2026/04/29 15:45:22,496000,11.493
2026/04/29 15:45:22,497000,11.496
2026/04/29 15:45:22,498000,11.496
2026/04/29 15:45:22,499000,11.499
2026/04/29 15:45:22,500000,11.487
2026/04/29 15:45:22,501000,11.490
2026/04/29 15:45:22,502000,11.493
2026/04/29 15:45:22,503000,11.499
2026/04/29 15:45:22,504000,11.493
2026/04/29 15:45:22,505000,11.490
2026/04/29 15:45:22,506000,11.493
2026/04/29 15:45:22,507000,11.496
2026/04/29 15:45:22,508000,11.493
2026/04/29 15:45:22,509000,11.493
2026/04/29 15:45:22,510000,11.496
2026/04/29 15:45:22,511000,11.496
2026/04/29 15:45:22,512000,11.496
2026/04/29 15:45:22,513000,11.493
2026/04/29 15:45:22,514000,11.496
2026/04/29 15:45:22,515000,11.490
2026/04/29 15:45:22,516000,11.487
2026/04/29 15:45:22,517000,11.487
2026/04/29 15:45:22,518000,11.493
2026/04/29 15:45:22,519000,11.490
2026/04/29 15:45:22,520000,11.490
2026/04/29 15:45:22,521000,11.490
2026/04/29 15:45:22,522000,11.490
2026/04/29 15:45:22,523000,11.496
2026/04/29 15:45:22,524000,11.493
2026/04/29 15:45:22,525000,11.490
2026/04/29 15:45:22,526000,11.493
2026/04/29 15:45:22,527000,11.493
2026/04/29 15:45:22,528000,11.493
2026/04/29 15:45:22,529000,11.493
2026/04/29 15:45:22,530000,11.499
2026/04/29 15:45:22,531000,11.501
2026/04/29 15:45:22,532000,11.493
2026/04/29 15:45:22,533000,11.493
2026/04/29 15:45:22,534000,11.493
2026/04/29 15:45:22,535000,11.496
2026/04/29 15:45:22,536000,11.493
2026/04/29 15:45:22,537000,11.493
2026/04/29 15:45:22,538000,11.496
2026/04/29 15:45:22,539000,11.493
2026/04/29 15:45:22,540000,11.499
2026/04/29 15:45:22,541000,11.493
2026/04/29 15:45:22,542000,11.490
2026/04/29 15:45:22,543000,11.496
2026/04/29 15:45:22,544000,11.496
2026/04/29 15:45:22,545000,11.493
2026/04/29 15:45:22,546000,11.501
2026/04/29 15:45:22,547000,11.490
2026/04/29 15:45:22,548000,11.493
2026/04/29 15:45:22,549000,11.499
2026/04/29 15:45:22,550000,11.496
2026/04/29 15:45:22,551000,11.504
2026/04/29 15:45:22,552000,11.490
2026/04/29 15:45:22,553000,11.501
2026/04/29 15:45:22,554000,11.496
2026/04/29 15:45:22,555000,11.493
2026/04/29 15:45:22,556000,11.499
2026/04/29 15:45:22,557000,11.493
2026/04/29 15:45:22,558000,11.490
2026/04/29 15:45:22,559000,11.496
2026/04/29 15:45:22,560000,11.493
2026/04/29 15:45:22,561000,11.499
2026/04/29 15:45:22,562000,11.493
2026/04/29 15:45:22,563000,11.490
2026/04/29 15:45:22,564000,11.490
2026/04/29 15:45:22,565000,11.490
2026/04/29 15:45:22,566000,11.493
2026/04/29 15:45:22,567000,11.493
2026/04/29 15:45:22,568000,11.499
2026/04/29 15:45:22,569000,11.490
2026/04/29 15:45:22,570000,11.496
2026/04/29 15:45:22,571000,11.496
2026/04/29 15:45:22,572000,11.490
2026/04/29 15:45:22,573000,11.496
2026/04/29 15:45:22,574000,11.501
2026/04/29 15:45:22,575000,11.485
2026/04/29 15:45:22,576000,11.490
2026/04/29 15:45:22,577000,11.501
2026/04/29 15:45:22,578000,11.499
2026/04/29 15:45:22,579000,11.493
2026/04/29 15:45:22,580000,11.496
2026/04/29 15:45:22,581000,11.499
2026/04/29 15:45:22,582000,11.490
2026/04/29 15:45:22,583000,11.490
2026/04/29 15:45:22,584000,11.496
2026/04/29 15:45:22,585000,11.493
2026/04/29 15:45:22,586000,11.490
2026/04/29 15:45:22,587000,11.493
2026/04/29 15:45:22,588000,11.499
2026/04/29 15:45:22,589000,11.493
2026/04/29 15:45:22,590000,11.499
2026/04/29 15:45:22,591000,11.499
2026/04/29 15:45:22,592000,11.493
2026/04/29 15:45:22,593000,11.490
2026/04/29 15:45:22,594000,11.493
2026/04/29 15:45:22,595000,11.490
2026/04/29 15:45:22,596000,11.490
2026/04/29 15:45:22,597000,11.499
2026/04/29 15:45:22,598000,11.499
2026/04/29 15:45:22,599000,11.493
2026/04/29 15:45:22,600000,11.499
2026/04/29 15:45:22,601000,11.493
2026/04/29 15:45:22,602000,11.493
2026/04/29 15:45:22,603000,11.493
2026/04/29 15:45:22,604000,11.493
2026/04/29 15:45:22,605000,11.496
2026/04/29 15:45:22,606000,11.496
2026/04/29 15:45:22,607000,11.493
2026/04/29 15:45:22,608000,11.490
2026/04/29 15:45:22,609000,11.493
2026/04/29 15:45:22,610000,11.493
2026/04/29 15:45:22,611000,11.490
2026/04/29 15:45:22,612000,11.499
2026/04/29 15:45:22,613000,11.496
2026/04/29 15:45:22,614000,11.493
2026/04/29 15:45:22,615000,11.493
2026/04/29 15:45:22,616000,11.496
2026/04/29 15:45:22,617000,11.496
2026/04/29 15:45:22,618000,11.496
2026/04/29 15:45:22,619000,11.493
2026/04/29 15:45:22,620000,11.501
2026/04/29 15:45:22,621000,11.496
2026/04/29 15:45:22,622000,11.490
2026/04/29 15:45:22,623000,11.490
2026/04/29 15:45:22,624000,11.493
2026/04/29 15:45:22,625000,11.490
2026/04/29 15:45:22,626000,11.493
2026/04/29 15:45:22,627000,11.493
2026/04/29 15:45:22,628000,11.487
2026/04/29 15:45:22,629000,11.496
2026/04/29 15:45:22,630000,11.493
2026/04/29 15:45:22,631000,11.493
2026/04/29 15:45:22,632000,11.496
2026/04/29 15:45:22,633000,11.493
2026/04/29 15:45:22,634000,11.490
2026/04/29 15:45:22,635000,11.501
2026/04/29 15:45:22,636000,11.496
2026/04/29 15:45:22,637000,11.493
2026/04/29 15:45:22,638000,11.493
2026/04/29 15:45:22,639000,11.493
2026/04/29 15:45:22,640000,11.490
2026/04/29 15:45:22,641000,11.490
2026/04/29 15:45:22,642000,11.496
2026/04/29 15:45:22,643000,11.493
2026/04/29 15:45:22,644000,11.493
2026/04/29 15:45:22,645000,11.493
2026/04/29 15:45:22,646000,11.490
2026/04/29 15:45:22,647000,11.499
2026/04/29 15:45:22,648000,11.490
2026/04/29 15:45:22,649000,11.493
2026/04/29 15:45:22,650000,11.499
2026/04/29 15:45:22,651000,11.493
2026/04/29 15:45:22,652000,11.493
2026/04/29 15:45:22,653000,11.490
2026/04/29 15:45:22,654000,11.490
2026/04/29 15:45:22,655000,11.487
2026/04/29 15:45:22,656000,11.496
2026/04/29 15:45:22,657000,11.490
2026/04/29 15:45:22,658000,11.493
2026/04/29 15:45:22,659000,11.501
2026/04/29 15:45:22,660000,11.493
2026/04/29 15:45:22,661000,11.496
2026/04/29 15:45:22,662000,11.490
2026/04/29 15:45:22,663000,11.496
2026/04/29 15:45:22,664000,11.493
2026/04/29 15:45:22,665000,11.487
2026/04/29 15:45:22,666000,11.499
2026/04/29 15:45:22,667000,11.490
2026/04/29 15:45:22,668000,11.501
2026/04/29 15:45:22,669000,11.490
2026/04/29 15:45:22,670000,11.485
2026/04/29 15:45:22,671000,11.499
2026/04/29 15:45:22,672000,11.490
2026/04/29 15:45:22,673000,11.493
2026/04/29 15:45:22,674000,11.496
2026/04/29 15:45:22,675000,11.490
2026/04/29 15:45:22,676000,11.493
2026/04/29 15:45:22,677000,11.499
2026/04/29 15:45:22,678000,11.496
2026/04/29 15:45:22,679000,11.496
2026/04/29 15:45:22,680000,11.493
2026/04/29 15:45:22,681000,11.490
2026/04/29 15:45:22,682000,11.493
2026/04/29 15:45:22,683000,11.493
2026/04/29 15:45:22,684000,11.490
2026/04/29 15:45:22,685000,11.487
2026/04/29 15:45:22,686000,11.493
2026/04/29 15:45:22,687000,11.493
2026/04/29 15:45:22,688000,11.499
2026/04/29 15:45:22,689000,11.501
2026/04/29 15:45:22,690000,11.496
2026/04/29 15:45:22,691000,11.487
2026/04/29 15:45:22,692000,11.493
2026/04/29 15:45:22,693000,11.490
2026/04/29 15:45:22,694000,11.496
2026/04/29 15:45:22,695000,11.496
2026/04/29 15:45:22,696000,11.490
2026/04/29 15:45:22,697000,11.493
2026/04/29 15:45:22,698000,11.501
2026/04/29 15:45:22,699000,11.499
2026/04/29 15:45:22,700000,11.493
2026/04/29 15:45:22,701000,11.496
2026/04/29 15:45:22,702000,11.496
2026/04/29 15:45:22,703000,11.499
2026/04/29 15:45:22,704000,11.493
2026/04/29 15:45:22,705000,11.493
2026/04/29 15:45:22,706000,11.493
2026/04/29 15:45:22,707000,11.493
2026/04/29 15:45:22,708000,11.501
2026/04/29 15:45:22,709000,11.490
2026/04/29 15:45:22,710000,11.490
2026/04/29 15:45:22,711000,11.507
2026/04/29 15:45:22,712000,11.496
2026/04/29 15:45:22,713000,11.493
2026/04/29 15:45:22,714000,11.501
2026/04/29 15:45:22,715000,11.493
2026/04/29 15:45:22,716000,11.496
2026/04/29 15:45:22,717000,11.490
2026/04/29 15:45:22,718000,11.496
2026/04/29 15:45:22,719000,11.490
2026/04/29 15:45:22,720000,11.496
2026/04/29 15:45:22,721000,11.496
2026/04/29 15:45:22,722000,11.493
2026/04/29 15:45:22,723000,11.490
2026/04/29 15:45:22,724000,11.496
2026/04/29 15:45:22,725000,11.493
2026/04/29 15:45:22,726000,11.493
2026/04/29 15:45:22,727000,11.493
2026/04/29 15:45:22,728000,11.485
2026/04/29 15:45:22,729000,11.490
2026/04/29 15:45:22,730000,11.490
2026/04/29 15:45:22,731000,11.501
2026/04/29 15:45:22,732000,11.493
2026/04/29 15:45:22,733000,11.499
2026/04/29 15:45:22,734000,11.496
2026/04/29 15:45:22,735000,11.493
2026/04/29 15:45:22,736000,11.493
2026/04/29 15:45:22,737000,11.499
2026/04/29 15:45:22,738000,11.499
2026/04/29 15:45:22,739000,11.493
2026/04/29 15:45:22,740000,11.499
2026/04/29 15:45:22,741000,11.493
2026/04/29 15:45:22,742000,11.496
2026/04/29 15:45:22,743000,11.496
2026/04/29 15:45:22,744000,11.493
2026/04/29 15:45:22,745000,11.493
2026/04/29 15:45:22,746000,11.493
2026/04/29 15:45:22,747000,11.490
2026/04/29 15:45:22,748000,11.490
2026/04/29 15:45:22,749000,11.496
2026/04/29 15:45:22,750000,11.501
2026/04/29 15:45:22,751000,11.496
2026/04/29 15:45:22,752000,11.493
2026/04/29 15:45:22,753000,11.493
2026/04/29 15:45:22,754000,11.499
2026/04/29 15:45:22,755000,11.493
2026/04/29 15:45:22,756000,11.490
2026/04/29 15:45:22,757000,11.493
2026/04/29 15:45:22,758000,11.496
2026/04/29 15:45:22,759000,11.499
2026/04/29 15:45:22,760000,11.499
2026/04/29 15:45:22,761000,11.490
2026/04/29 15:45:22,762000,11.490
2026/04/29 15:45:22,763000,11.493
2026/04/29 15:45:22,764000,11.493
2026/04/29 15:45:22,765000,11.490
2026/04/29 15:45:22,766000,11.496
2026/04/29 15:45:22,767000,11.501
2026/04/29 15:45:22,768000,11.496
2026/04/29 15:45:22,769000,11.496
2026/04/29 15:45:22,770000,11.493
2026/04/29 15:45:22,771000,11.499
2026/04/29 15:45:22,772000,11.504
2026/04/29 15:45:22,773000,11.496
2026/04/29 15:45:22,774000,11.493
2026/04/29 15:45:22,775000,11.499
2026/04/29 15:45:22,776000,11.499
2026/04/29 15:45:22,777000,11.496
2026/04/29 15:45:22,778000,11.493
2026/04/29 15:45:22,779000,11.493
2026/04/29 15:45:22,780000,11.501
2026/04/29 15:45:22,781000,11.490
2026/04/29 15:45:22,782000,11.493
2026/04/29 15:45:22,783000,11.493
2026/04/29 15:45:22,784000,11.499
2026/04/29 15:45:22,785000,11.490
2026/04/29 15:45:22,786000,11.501
2026/04/29 15:45:22,787000,11.496
2026/04/29 15:45:22,788000,11.496
2026/04/29 15:45:22,789000,11.496
2026/04/29 15:45:22,790000,11.496
2026/04/29 15:45:22,791000,11.493
2026/04/29 15:45:22,792000,11.493
2026/04/29 15:45:22,793000,11.499
2026/04/29 15:45:22,794000,11.496
2026/04/29 15:45:22,795000,11.501
2026/04/29 15:45:22,796000,11.504
2026/04/29 15:45:22,797000,11.490
2026/04/29 15:45:22,798000,11.493
2026/04/29 15:45:22,799000,11.499
2026/04/29 15:45:22,800000,11.490
2026/04/29 15:45:22,801000,11.496
2026/04/29 15:45:22,802000,11.496
2026/04/29 15:45:22,803000,11.487
2026/04/29 15:45:22,804000,11.493
2026/04/29 15:45:22,805000,11.499
2026/04/29 15:45:22,806000,11.496
2026/04/29 15:45:22,807000,11.493
2026/04/29 15:45:22,808000,11.501
2026/04/29 15:45:22,809000,11.493
2026/04/29 15:45:22,810000,11.499
2026/04/29 15:45:22,811000,11.493
2026/04/29 15:45:22,812000,11.499
2026/04/29 15:45:22,813000,11.496
2026/04/29 15:45:22,814000,11.490
2026/04/29 15:45:22,815000,11.493
2026/04/29 15:45:22,816000,11.493
2026/04/29 15:45:22,817000,11.496
2026/04/29 15:45:22,818000,11.496
2026/04/29 15:45:22,819000,11.496
2026/04/29 15:45:22,820000,11.493
2026/04/29 15:45:22,821000,11.496
2026/04/29 15:45:22,822000,11.499
2026/04/29 15:45:22,823000,11.493
2026/04/29 15:45:22,824000,11.493
2026/04/29 15:45:22,825000,11.490
2026/04/29 15:45:22,826000,11.487
2026/04/29 15:45:22,827000,11.496
2026/04/29 15:45:22,828000,11.496
2026/04/29 15:45:22,829000,11.490
2026/04/29 15:45:22,830000,11.504
2026/04/29 15:45:22,831000,11.499
2026/04/29 15:45:22,832000,11.496
2026/04/29 15:45:22,833000,11.496
2026/04/29 15:45:22,834000,11.487
2026/04/29 15:45:22,835000,11.493
2026/04/29 15:45:22,836000,11.499
2026/04/29 15:45:22,837000,11.490
2026/04/29 15:45:22,838000,11.501
2026/04/29 15:45:22,839000,11.496
2026/04/29 15:45:22,840000,11.490
2026/04/29 15:45:22,841000,11.493
2026/04/29 15:45:22,842000,11.485
2026/04/29 15:45:22,843000,11.493
2026/04/29 15:45:22,844000,11.496
2026/04/29 15:45:22,845000,11.493
2026/04/29 15:45:22,846000,11.490
2026/04/29 15:45:22,847000,11.493
2026/04/29 15:45:22,848000,11.496
2026/04/29 15:45:22,849000,11.490
2026/04/29 15:45:22,850000,11.501
2026/04/29 15:45:22,851000,11.496
2026/04/29 15:45:22,852000,11.493
2026/04/29 15:45:22,853000,11.490
2026/04/29 15:45:22,854000,11.496
2026/04/29 15:45:22,855000,11.501
2026/04/29 15:45:22,856000,11.493
2026/04/29 15:45:22,857000,11.501
2026/04/29 15:45:22,858000,11.499
2026/04/29 15:45:22,859000,11.501
2026/04/29 15:45:22,860000,11.493
2026/04/29 15:45:22,861000,11.493
2026/04/29 15:45:22,862000,11.499
2026/04/29 15:45:22,863000,11.496
2026/04/29 15:45:22,864000,11.496
2026/04/29 15:45:22,865000,11.487
2026/04/29 15:45:22,866000,11.499
2026/04/29 15:45:22,867000,11.501
2026/04/29 15:45:22,868000,11.490
2026/04/29 15:45:22,869000,11.493
2026/04/29 15:45:22,870000,11.493
2026/04/29 15:45:22,871000,11.493
2026/04/29 15:45:22,872000,11.493
2026/04/29 15:45:22,873000,11.490
2026/04/29 15:45:22,874000,11.504
2026/04/29 15:45:22,875000,11.493
2026/04/29 15:45:22,876000,11.496
2026/04/29 15:45:22,877000,11.490
2026/04/29 15:45:22,878000,11.487
2026/04/29 15:45:22,879000,11.493
2026/04/29 15:45:22,880000,11.499
2026/04/29 15:45:22,881000,11.487
2026/04/29 15:45:22,882000,11.493
2026/04/29 15:45:22,883000,11.493
2026/04/29 15:45:22,884000,11.499
2026/04/29 15:45:22,885000,11.493
2026/04/29 15:45:22,886000,11.493
2026/04/29 15:45:22,887000,11.496
2026/04/29 15:45:22,888000,11.493
2026/04/29 15:45:22,889000,11.493
2026/04/29 15:45:22,890000,11.490
2026/04/29 15:45:22,891000,11.496
2026/04/29 15:45:22,892000,11.496
2026/04/29 15:45:22,893000,11.496
2026/04/29 15:45:22,894000,11.493
2026/04/29 15:45:22,895000,11.496
2026/04/29 15:45:22,896000,11.501
2026/04/29 15:45:22,897000,11.490
2026/04/29 15:45:22,898000,11.496
2026/04/29 15:45:22,899000,11.493
2026/04/29 15:45:22,900000,11.496
2026/04/29 15:45:22,901000,11.490
2026/04/29 15:45:22,902000,11.496
2026/04/29 15:45:22,903000,11.493
2026/04/29 15:45:22,904000,11.496
2026/04/29 15:45:22,905000,11.493
2026/04/29 15:45:22,906000,11.496
2026/04/29 15:45:22,907000,11.493
2026/04/29 15:45:22,908000,11.499
2026/04/29 15:45:22,909000,11.493
2026/04/29 15:45:22,910000,11.493
2026/04/29 15:45:22,911000,11.487
2026/04/29 15:45:22,912000,11.493
2026/04/29 15:45:22,913000,11.493
2026/04/29 15:45:22,914000,11.496
2026/04/29 15:45:22,915000,11.487
2026/04/29 15:45:22,916000,11.496
2026/04/29 15:45:22,917000,11.493
2026/04/29 15:45:22,918000,11.493
2026/04/29 15:45:22,919000,11.490
2026/04/29 15:45:22,920000,11.490
2026/04/29 15:45:22,921000,11.493
2026/04/29 15:45:22,922000,11.490
2026/04/29 15:45:22,923000,11.496
2026/04/29 15:45:22,924000,11.493
2026/04/29 15:45:22,925000,11.487
2026/04/29 15:45:22,926000,11.490
2026/04/29 15:45:22,927000,11.490
2026/04/29 15:45:22,928000,11.496
2026/04/29 15:45:22,929000,11.487
2026/04/29 15:45:22,930000,11.490
2026/04/29 15:45:22,931000,11.493
2026/04/29 15:45:22,932000,11.490
2026/04/29 15:45:22,933000,11.496
2026/04/29 15:45:22,934000,11.493
2026/04/29 15:45:22,935000,11.487
2026/04/29 15:45:22,936000,11.499
2026/04/29 15:45:22,937000,11.487
2026/04/29 15:45:22,938000,11.496
2026/04/29 15:45:22,939000,11.496
2026/04/29 15:45:22,940000,11.496
2026/04/29 15:45:22,941000,11.493
2026/04/29 15:45:22,942000,11.493
2026/04/29 15:45:22,943000,11.493
2026/04/29 15:45:22,944000,11.496
2026/04/29 15:45:22,945000,11.490
2026/04/29 15:45:22,946000,11.496
2026/04/29 15:45:22,947000,11.496
2026/04/29 15:45:22,948000,11.493
2026/04/29 15:45:22,949000,11.499
2026/04/29 15:45:22,950000,11.496
2026/04/29 15:45:22,951000,11.493
2026/04/29 15:45:22,952000,11.496
2026/04/29 15:45:22,953000,11.496
2026/04/29 15:45:22,954000,11.499
2026/04/29 15:45:22,955000,11.493
2026/04/29 15:45:22,956000,11.499
2026/04/29 15:45:22,957000,11.493
2026/04/29 15:45:22,958000,11.496
2026/04/29 15:45:22,959000,11.487
2026/04/29 15:45:22,960000,11.487
2026/04/29 15:45:22,961000,11.501
2026/04/29 15:45:22,962000,11.496
2026/04/29 15:45:22,963000,11.493
2026/04/29 15:45:22,964000,11.493
2026/04/29 15:45:22,965000,11.496
2026/04/29 15:45:22,966000,11.496
2026/04/29 15:45:22,967000,11.496
2026/04/29 15:45:22,968000,11.496
2026/04/29 15:45:22,969000,11.499
2026/04/29 15:45:22,970000,11.490
2026/04/29 15:45:22,971000,11.493
2026/04/29 15:45:22,972000,11.496
2026/04/29 15:45:22,973000,11.490
2026/04/29 15:45:22,974000,11.490
2026/04/29 15:45:22,975000,11.499
2026/04/29 15:45:22,976000,11.490
2026/04/29 15:45:22,977000,11.493
2026/04/29 15:45:22,978000,11.499
2026/04/29 15:45:22,979000,11.493
2026/04/29 15:45:22,980000,11.490
2026/04/29 15:45:22,981000,11.496
2026/04/29 15:45:22,982000,11.493
2026/04/29 15:45:22,983000,11.493
2026/04/29 15:45:22,984000,11.493
2026/04/29 15:45:22,985000,11.499
2026/04/29 15:45:22,986000,11.499
2026/04/29 15:45:22,987000,11.499
2026/04/29 15:45:22,988000,11.490
2026/04/29 15:45:22,989000,11.487
2026/04/29 15:45:22,990000,11.499
2026/04/29 15:45:22,991000,11.493
2026/04/29 15:45:22,992000,11.496
2026/04/29 15:45:22,993000,11.490
2026/04/29 15:45:22,994000,11.493
2026/04/29 15:45:22,995000,11.490
2026/04/29 15:45:22,996000,11.499
2026/04/29 15:45:22,997000,11.493
2026/04/29 15:45:22,998000,11.496
2026/04/29 15:45:22,999000,11.499
2026/04/29 15:45:23,000000,11.493
2026/04/29 15:45:23,001000,11.493
2026/04/29 15:45:23,002000,11.487
2026/04/29 15:45:23,003000,11.496
2026/04/29 15:45:23,004000,11.490
2026/04/29 15:45:23,005000,11.499
2026/04/29 15:45:23,006000,11.493
2026/04/29 15:45:23,007000,11.493
2026/04/29 15:45:23,008000,11.493
2026/04/29 15:45:23,009000,11.499
2026/04/29 15:45:23,010000,11.493
2026/04/29 15:45:23,011000,11.493
2026/04/29 15:45:23,012000,11.501
2026/04/29 15:45:23,013000,11.493
2026/04/29 15:45:23,014000,11.496
2026/04/29 15:45:23,015000,11.499
2026/04/29 15:45:23,016000,11.496
2026/04/29 15:45:23,017000,11.490
2026/04/29 15:45:23,018000,11.499
2026/04/29 15:45:23,019000,11.496
2026/04/29 15:45:23,020000,11.501
2026/04/29 15:45:23,021000,11.499
2026/04/29 15:45:23,022000,11.490
2026/04/29 15:45:23,023000,11.493
2026/04/29 15:45:23,024000,11.496
2026/04/29 15:45:23,025000,11.496
2026/04/29 15:45:23,026000,11.499
2026/04/29 15:45:23,027000,11.496
2026/04/29 15:45:23,028000,11.490
2026/04/29 15:45:23,029000,11.493
2026/04/29 15:45:23,030000,11.501
2026/04/29 15:45:23,031000,11.496
2026/04/29 15:45:23,032000,11.493
2026/04/29 15:45:23,033000,11.496
2026/04/29 15:45:23,034000,11.490
2026/04/29 15:45:23,035000,11.496
2026/04/29 15:45:23,036000,11.496
2026/04/29 15:45:23,037000,11.493
2026/04/29 15:45:23,038000,11.496
2026/04/29 15:45:23,039000,11.493
2026/04/29 15:45:23,040000,11.487
2026/04/29 15:45:23,041000,11.487
2026/04/29 15:45:23,042000,11.493
2026/04/29 15:45:23,043000,11.493
2026/04/29 15:45:23,044000,11.493
2026/04/29 15:45:23,045000,11.496
2026/04/29 15:45:23,046000,11.496
2026/04/29 15:45:23,047000,11.496
2026/04/29 15:45:23,048000,11.499
2026/04/29 15:45:23,049000,11.496
2026/04/29 15:45:23,050000,11.493
2026/04/29 15:45:23,051000,11.501
2026/04/29 15:45:23,052000,11.493
2026/04/29 15:45:23,053000,11.496
2026/04/29 15:45:23,054000,11.496
2026/04/29 15:45:23,055000,11.499
2026/04/29 15:45:23,056000,11.496
2026/04/29 15:45:23,057000,11.499
2026/04/29 15:45:23,058000,11.490
2026/04/29 15:45:23,059000,11.496
2026/04/29 15:45:23,060000,11.490
2026/04/29 15:45:23,061000,11.493
2026/04/29 15:45:23,062000,11.490
2026/04/29 15:45:23,063000,11.490
2026/04/29 15:45:23,064000,11.501
2026/04/29 15:45:23,065000,11.501
2026/04/29 15:45:23,066000,11.499
2026/04/29 15:45:23,067000,11.499
2026/04/29 15:45:23,068000,11.496
2026/04/29 15:45:23,069000,11.493
2026/04/29 15:45:23,070000,11.490
2026/04/29 15:45:23,071000,11.496
2026/04/29 15:45:23,072000,11.493
2026/04/29 15:45:23,073000,11.493
2026/04/29 15:45:23,074000,11.493
2026/04/29 15:45:23,075000,11.493
2026/04/29 15:45:23,076000,11.499
2026/04/29 15:45:23,077000,11.496
2026/04/29 15:45:23,078000,11.493
2026/04/29 15:45:23,079000,11.496
2026/04/29 15:45:23,080000,11.496
2026/04/29 15:45:23,081000,11.496
2026/04/29 15:45:23,082000,11.496
2026/04/29 15:45:23,083000,11.490
2026/04/29 15:45:23,084000,11.499
2026/04/29 15:45:23,085000,11.501
2026/04/29 15:45:23,086000,11.493
2026/04/29 15:45:23,087000,11.493
2026/04/29 15:45:23,088000,11.493
2026/04/29 15:45:23,089000,11.496
2026/04/29 15:45:23,090000,11.493
2026/04/29 15:45:23,091000,11.496
2026/04/29 15:45:23,092000,11.496
2026/04/29 15:45:23,093000,11.496
2026/04/29 15:45:23,094000,11.496
2026/04/29 15:45:23,095000,11.496
2026/04/29 15:45:23,096000,11.493
2026/04/29 15:45:23,097000,11.499
2026/04/29 15:45:23,098000,11.493
2026/04/29 15:45:23,099000,11.499
2026/04/29 15:45:23,100000,11.493
2026/04/29 15:45:23,101000,11.487
2026/04/29 15:45:23,102000,11.499
2026/04/29 15:45:23,103000,11.493
2026/04/29 15:45:23,104000,11.496
2026/04/29 15:45:23,105000,11.493
2026/04/29 15:45:23,106000,11.499
2026/04/29 15:45:23,107000,11.493
2026/04/29 15:45:23,108000,11.496
2026/04/29 15:45:23,109000,11.496
2026/04/29 15:45:23,110000,11.493
2026/04/29 15:45:23,111000,11.496
2026/04/29 15:45:23,112000,11.501
2026/04/29 15:45:23,113000,11.496
2026/04/29 15:45:23,114000,11.499
2026/04/29 15:45:23,115000,11.493
2026/04/29 15:45:23,116000,11.490
2026/04/29 15:45:23,117000,11.493
2026/04/29 15:45:23,118000,11.501
2026/04/29 15:45:23,119000,11.490
2026/04/29 15:45:23,120000,11.499
2026/04/29 15:45:23,121000,11.493
2026/04/29 15:45:23,122000,11.493
2026/04/29 15:45:23,123000,11.493
2026/04/29 15:45:23,124000,11.496
2026/04/29 15:45:23,125000,11.493
2026/04/29 15:45:23,126000,11.499
2026/04/29 15:45:23,127000,11.493
2026/04/29 15:45:23,128000,11.501
2026/04/29 15:45:23,129000,11.496
2026/04/29 15:45:23,130000,11.496
2026/04/29 15:45:23,131000,11.499
2026/04/29 15:45:23,132000,11.493
2026/04/29 15:45:23,133000,11.493
2026/04/29 15:45:23,134000,11.490
2026/04/29 15:45:23,135000,11.493
2026/04/29 15:45:23,136000,11.499
2026/04/29 15:45:23,137000,11.493
2026/04/29 15:45:23,138000,11.490
2026/04/29 15:45:23,139000,11.493
2026/04/29 15:45:23,140000,11.490
2026/04/29 15:45:23,141000,11.487
2026/04/29 15:45:23,142000,11.493
2026/04/29 15:45:23,143000,11.493
2026/04/29 15:45:23,144000,11.493
2026/04/29 15:45:23,145000,11.501
2026/04/29 15:45:23,146000,11.496
2026/04/29 15:45:23,147000,11.499
2026/04/29 15:45:23,148000,11.490
2026/04/29 15:45:23,149000,11.499
2026/04/29 15:45:23,150000,11.493
2026/04/29 15:45:23,151000,11.487
2026/04/29 15:45:23,152000,11.496
2026/04/29 15:45:23,153000,11.496
2026/04/29 15:45:23,154000,11.490
2026/04/29 15:45:23,155000,11.493
2026/04/29 15:45:23,156000,11.499
2026/04/29 15:45:23,157000,11.499
2026/04/29 15:45:23,158000,11.493
2026/04/29 15:45:23,159000,11.493
2026/04/29 15:45:23,160000,11.490
2026/04/29 15:45:23,161000,11.496
2026/04/29 15:45:23,162000,11.490
2026/04/29 15:45:23,163000,11.496
2026/04/29 15:45:23,164000,11.493
2026/04/29 15:45:23,165000,11.490
2026/04/29 15:45:23,166000,11.496
2026/04/29 15:45:23,167000,11.490
2026/04/29 15:45:23,168000,11.493
2026/04/29 15:45:23,169000,11.496
2026/04/29 15:45:23,170000,11.499
2026/04/29 15:45:23,171000,11.499
2026/04/29 15:45:23,172000,11.490
2026/04/29 15:45:23,173000,11.490
2026/04/29 15:45:23,174000,11.499
2026/04/29 15:45:23,175000,11.496
2026/04/29 15:45:23,176000,11.499
2026/04/29 15:45:23,177000,11.499
2026/04/29 15:45:23,178000,11.499
2026/04/29 15:45:23,179000,11.493
2026/04/29 15:45:23,180000,11.496
2026/04/29 15:45:23,181000,11.493
2026/04/29 15:45:23,182000,11.493
2026/04/29 15:45:23,183000,11.496
2026/04/29 15:45:23,184000,11.496
2026/04/29 15:45:23,185000,11.493
2026/04/29 15:45:23,186000,11.493
2026/04/29 15:45:23,187000,11.496
2026/04/29 15:45:23,188000,11.499
2026/04/29 15:45:23,189000,11.493
2026/04/29 15:45:23,190000,11.499
2026/04/29 15:45:23,191000,11.499
2026/04/29 15:45:23,192000,11.496
2026/04/29 15:45:23,193000,11.496
2026/04/29 15:45:23,194000,11.493
2026/04/29 15:45:23,195000,11.490
2026/04/29 15:45:23,196000,11.499
2026/04/29 15:45:23,197000,11.493
2026/04/29 15:45:23,198000,11.493
2026/04/29 15:45:23,199000,11.493
2026/04/29 15:45:23,200000,11.490
2026/04/29 15:45:23,201000,11.493
2026/04/29 15:45:23,202000,11.501
2026/04/29 15:45:23,203000,11.493
2026/04/29 15:45:23,204000,11.501
2026/04/29 15:45:23,205000,11.496
2026/04/29 15:45:23,206000,11.499
2026/04/29 15:45:23,207000,11.499
2026/04/29 15:45:23,208000,11.496
2026/04/29 15:45:23,209000,11.496
2026/04/29 15:45:23,210000,11.493
2026/04/29 15:45:23,211000,11.501
2026/04/29 15:45:23,212000,11.496
2026/04/29 15:45:23,213000,11.490
2026/04/29 15:45:23,214000,11.493
2026/04/29 15:45:23,215000,11.496
2026/04/29 15:45:23,216000,11.499
2026/04/29 15:45:23,217000,11.493
2026/04/29 15:45:23,218000,11.493
2026/04/29 15:45:23,219000,11.493
2026/04/29 15:45:23,220000,11.493
2026/04/29 15:45:23,221000,11.496
2026/04/29 15:45:23,222000,11.493
2026/04/29 15:45:23,223000,11.496
2026/04/29 15:45:23,224000,11.499
2026/04/29 15:45:23,225000,11.499
2026/04/29 15:45:23,226000,11.496
2026/04/29 15:45:23,227000,11.493
2026/04/29 15:45:23,228000,11.493
2026/04/29 15:45:23,229000,11.496
2026/04/29 15:45:23,230000,11.493
2026/04/29 15:45:23,231000,11.499
2026/04/29 15:45:23,232000,11.490
2026/04/29 15:45:23,233000,11.490
2026/04/29 15:45:23,234000,11.493
2026/04/29 15:45:23,235000,11.499
2026/04/29 15:45:23,236000,11.490
2026/04/29 15:45:23,237000,11.496
2026/04/29 15:45:23,238000,11.496
2026/04/29 15:45:23,239000,11.496
2026/04/29 15:45:23,240000,11.493
2026/04/29 15:45:23,241000,11.496
2026/04/29 15:45:23,242000,11.496
2026/04/29 15:45:23,243000,11.496
2026/04/29 15:45:23,244000,11.493
2026/04/29 15:45:23,245000,11.490
2026/04/29 15:45:23,246000,11.490
2026/04/29 15:45:23,247000,11.493
2026/04/29 15:45:23,248000,11.493
2026/04/29 15:45:23,249000,11.496
2026/04/29 15:45:23,250000,11.490
2026/04/29 15:45:23,251000,11.499
2026/04/29 15:45:23,252000,11.493
2026/04/29 15:45:23,253000,11.493
2026/04/29 15:45:23,254000,11.487
2026/04/29 15:45:23,255000,11.493
2026/04/29 15:45:23,256000,11.496
2026/04/29 15:45:23,257000,11.493
2026/04/29 15:45:23,258000,11.496
2026/04/29 15:45:23,259000,11.496
2026/04/29 15:45:23,260000,11.496
2026/04/29 15:45:23,261000,11.496
2026/04/29 15:45:23,262000,11.490
2026/04/29 15:45:23,263000,11.501
2026/04/29 15:45:23,264000,11.499
2026/04/29 15:45:23,265000,11.493
2026/04/29 15:45:23,266000,11.493
2026/04/29 15:45:23,267000,11.493
2026/04/29 15:45:23,268000,11.499
2026/04/29 15:45:23,269000,11.493
2026/04/29 15:45:23,270000,11.496
2026/04/29 15:45:23,271000,11.499
2026/04/29 15:45:23,272000,11.496
2026/04/29 15:45:23,273000,11.490
2026/04/29 15:45:23,274000,11.496
2026/04/29 15:45:23,275000,11.493
2026/04/29 15:45:23,276000,11.485
2026/04/29 15:45:23,277000,11.499
2026/04/29 15:45:23,278000,11.493
2026/04/29 15:45:23,279000,11.490
2026/04/29 15:45:23,280000,11.493
2026/04/29 15:45:23,281000,11.490
2026/04/29 15:45:23,282000,11.499
2026/04/29 15:45:23,283000,11.496
2026/04/29 15:45:23,284000,11.490
2026/04/29 15:45:23,285000,11.487
2026/04/29 15:45:23,286000,11.496
2026/04/29 15:45:23,287000,11.501
2026/04/29 15:45:23,288000,11.499
2026/04/29 15:45:23,289000,11.487
2026/04/29 15:45:23,290000,11.496
2026/04/29 15:45:23,291000,11.499
2026/04/29 15:45:23,292000,11.493
2026/04/29 15:45:23,293000,11.490
2026/04/29 15:45:23,294000,11.493
2026/04/29 15:45:23,295000,11.490
2026/04/29 15:45:23,296000,11.490
2026/04/29 15:45:23,297000,11.496
2026/04/29 15:45:23,298000,11.493
2026/04/29 15:45:23,299000,11.496
2026/04/29 15:45:23,300000,11.493
2026/04/29 15:45:23,301000,11.490
2026/04/29 15:45:23,302000,11.490
2026/04/29 15:45:23,303000,11.493
2026/04/29 15:45:23,304000,11.493
2026/04/29 15:45:23,305000,11.493
2026/04/29 15:45:23,306000,11.493
2026/04/29 15:45:23,307000,11.493
2026/04/29 15:45:23,308000,11.493
2026/04/29 15:45:23,309000,11.493
2026/04/29 15:45:23,310000,11.493
2026/04/29 15:45:23,311000,11.499
2026/04/29 15:45:23,312000,11.490
2026/04/29 15:45:23,313000,11.493
2026/04/29 15:45:23,314000,11.501
2026/04/29 15:45:23,315000,11.490
2026/04/29 15:45:23,316000,11.493
2026/04/29 15:45:23,317000,11.493
2026/04/29 15:45:23,318000,11.490
2026/04/29 15:45:23,319000,11.493
2026/04/29 15:45:23,320000,11.493
2026/04/29 15:45:23,321000,11.499
2026/04/29 15:45:23,322000,11.487
2026/04/29 15:45:23,323000,11.499
2026/04/29 15:45:23,324000,11.499
2026/04/29 15:45:23,325000,11.493
2026/04/29 15:45:23,326000,11.493
2026/04/29 15:45:23,327000,11.493
2026/04/29 15:45:23,328000,11.490
2026/04/29 15:45:23,329000,11.493
2026/04/29 15:45:23,330000,11.493
2026/04/29 15:45:23,331000,11.499
2026/04/29 15:45:23,332000,11.490
2026/04/29 15:45:23,333000,11.499
2026/04/29 15:45:23,334000,11.493
2026/04/29 15:45:23,335000,11.501
2026/04/29 15:45:23,336000,11.493
2026/04/29 15:45:23,337000,11.504
2026/04/29 15:45:23,338000,11.496
2026/04/29 15:45:23,339000,11.499
2026/04/29 15:45:23,340000,11.490
2026/04/29 15:45:23,341000,11.493
2026/04/29 15:45:23,342000,11.490
2026/04/29 15:45:23,343000,11.501
2026/04/29 15:45:23,344000,11.493
2026/04/29 15:45:23,345000,11.493
2026/04/29 15:45:23,346000,11.496
2026/04/29 15:45:23,347000,11.493
2026/04/29 15:45:23,348000,11.496
2026/04/29 15:45:23,349000,11.490
2026/04/29 15:45:23,350000,11.493
2026/04/29 15:45:23,351000,11.490
2026/04/29 15:45:23,352000,11.490
2026/04/29 15:45:23,353000,11.496
2026/04/29 15:45:23,354000,11.493
2026/04/29 15:45:23,355000,11.501
2026/04/29 15:45:23,356000,11.496
2026/04/29 15:45:23,357000,11.493
2026/04/29 15:45:23,358000,11.490
2026/04/29 15:45:23,359000,11.496
2026/04/29 15:45:23,360000,11.496
2026/04/29 15:45:23,361000,11.493
2026/04/29 15:45:23,362000,11.493
2026/04/29 15:45:23,363000,11.490
2026/04/29 15:45:23,364000,11.490
2026/04/29 15:45:23,365000,11.490
2026/04/29 15:45:23,366000,11.499
2026/04/29 15:45:23,367000,11.490
2026/04/29 15:45:23,368000,11.490
2026/04/29 15:45:23,369000,11.490
2026/04/29 15:45:23,370000,11.499
2026/04/29 15:45:23,371000,11.496
2026/04/29 15:45:23,372000,11.496
2026/04/29 15:45:23,373000,11.490
2026/04/29 15:45:23,374000,11.493
2026/04/29 15:45:23,375000,11.493
2026/04/29 15:45:23,376000,11.496
2026/04/29 15:45:23,377000,11.499
2026/04/29 15:45:23,378000,11.487
2026/04/29 15:45:23,379000,11.490
2026/04/29 15:45:23,380000,11.493
2026/04/29 15:45:23,381000,11.493
2026/04/29 15:45:23,382000,11.493
2026/04/29 15:45:23,383000,11.496
2026/04/29 15:45:23,384000,11.499
2026/04/29 15:45:23,385000,11.490
2026/04/29 15:45:23,386000,11.493
2026/04/29 15:45:23,387000,11.490
2026/04/29 15:45:23,388000,11.493
2026/04/29 15:45:23,389000,11.493
2026/04/29 15:45:23,390000,11.490
2026/04/29 15:45:23,391000,11.490
2026/04/29 15:45:23,392000,11.496
2026/04/29 15:45:23,393000,11.490
2026/04/29 15:45:23,394000,11.493
2026/04/29 15:45:23,395000,11.493
2026/04/29 15:45:23,396000,11.487
2026/04/29 15:45:23,397000,11.496
2026/04/29 15:45:23,398000,11.493
2026/04/29 15:45:23,399000,11.493
2026/04/29 15:45:23,400000,11.496
2026/04/29 15:45:23,401000,11.493
2026/04/29 15:45:23,402000,11.487
2026/04/29 15:45:23,403000,11.493
2026/04/29 15:45:23,404000,11.490
2026/04/29 15:45:23,405000,11.490
2026/04/29 15:45:23,406000,11.485
2026/04/29 15:45:23,407000,11.496
2026/04/29 15:45:23,408000,11.493
2026/04/29 15:45:23,409000,11.496
2026/04/29 15:45:23,410000,11.496
2026/04/29 15:45:23,411000,11.496
2026/04/29 15:45:23,412000,11.496
2026/04/29 15:45:23,413000,11.496
2026/04/29 15:45:23,414000,11.493
2026/04/29 15:45:23,415000,11.490
2026/04/29 15:45:23,416000,11.499
2026/04/29 15:45:23,417000,11.493
2026/04/29 15:45:23,418000,11.487
2026/04/29 15:45:23,419000,11.496
2026/04/29 15:45:23,420000,11.493
2026/04/29 15:45:23,421000,11.490
2026/04/29 15:45:23,422000,11.490
2026/04/29 15:45:23,423000,11.496
2026/04/29 15:45:23,424000,11.496
2026/04/29 15:45:23,425000,11.493
2026/04/29 15:45:23,426000,11.487
2026/04/29 15:45:23,427000,11.493
2026/04/29 15:45:23,428000,11.493
2026/04/29 15:45:23,429000,11.487
2026/04/29 15:45:23,430000,11.493
2026/04/29 15:45:23,431000,11.493
2026/04/29 15:45:23,432000,11.493
2026/04/29 15:45:23,433000,11.493
2026/04/29 15:45:23,434000,11.493
2026/04/29 15:45:23,435000,11.487
2026/04/29 15:45:23,436000,11.493
2026/04/29 15:45:23,437000,11.496
2026/04/29 15:45:23,438000,11.493
2026/04/29 15:45:23,439000,11.493
2026/04/29 15:45:23,440000,11.493
2026/04/29 15:45:23,441000,11.490
2026/04/29 15:45:23,442000,11.490
2026/04/29 15:45:23,443000,11.493
2026/04/29 15:45:23,444000,11.493
2026/04/29 15:45:23,445000,11.493
2026/04/29 15:45:23,446000,11.493
2026/04/29 15:45:23,447000,11.496
2026/04/29 15:45:23,448000,11.501
2026/04/29 15:45:23,449000,11.493
2026/04/29 15:45:23,450000,11.496
2026/04/29 15:45:23,451000,11.482
2026/04/29 15:45:23,452000,11.496
2026/04/29 15:45:23,453000,11.493
2026/04/29 15:45:23,454000,11.493
2026/04/29 15:45:23,455000,11.490
2026/04/29 15:45:23,456000,11.496
2026/04/29 15:45:23,457000,11.501
2026/04/29 15:45:23,458000,11.490
2026/04/29 15:45:23,459000,11.499
2026/04/29 15:45:23,460000,11.493
2026/04/29 15:45:23,461000,11.493
2026/04/29 15:45:23,462000,11.499
2026/04/29 15:45:23,463000,11.493
2026/04/29 15:45:23,464000,11.496
2026/04/29 15:45:23,465000,11.493
2026/04/29 15:45:23,466000,11.493
2026/04/29 15:45:23,467000,11.493
2026/04/29 15:45:23,468000,11.496
2026/04/29 15:45:23,469000,11.496
2026/04/29 15:45:23,470000,11.499
2026/04/29 15:45:23,471000,11.487
2026/04/29 15:45:23,472000,11.490
2026/04/29 15:45:23,473000,11.496
2026/04/29 15:45:23,474000,11.487
2026/04/29 15:45:23,475000,11.499
2026/04/29 15:45:23,476000,11.493
2026/04/29 15:45:23,477000,11.493
2026/04/29 15:45:23,478000,11.496
2026/04/29 15:45:23,479000,11.496
2026/04/29 15:45:23,480000,11.493
2026/04/29 15:45:23,481000,11.493
2026/04/29 15:45:23,482000,11.504
2026/04/29 15:45:23,483000,11.487
2026/04/29 15:45:23,484000,11.496
2026/04/29 15:45:23,485000,11.493
2026/04/29 15:45:23,486000,11.499
2026/04/29 15:45:23,487000,11.490
2026/04/29 15:45:23,488000,11.493
2026/04/29 15:45:23,489000,11.493
2026/04/29 15:45:23,490000,11.490
2026/04/29 15:45:23,491000,11.490
2026/04/29 15:45:23,492000,11.493
2026/04/29 15:45:23,493000,11.493
2026/04/29 15:45:23,494000,11.487
2026/04/29 15:45:23,495000,11.496
2026/04/29 15:45:23,496000,11.490
2026/04/29 15:45:23,497000,11.493
2026/04/29 15:45:23,498000,11.493
2026/04/29 15:45:23,499000,11.493
2026/04/29 15:45:23,500000,11.496
2026/04/29 15:45:23,501000,11.493
2026/04/29 15:45:23,502000,11.487
2026/04/29 15:45:23,503000,11.493
2026/04/29 15:45:23,504000,11.490
2026/04/29 15:45:23,505000,11.490
2026/04/29 15:45:23,506000,11.493
2026/04/29 15:45:23,507000,11.501
2026/04/29 15:45:23,508000,11.496
2026/04/29 15:45:23,509000,11.496
2026/04/29 15:45:23,510000,11.499
2026/04/29 15:45:23,511000,11.496
2026/04/29 15:45:23,512000,11.493
2026/04/29 15:45:23,513000,11.493
2026/04/29 15:45:23,514000,11.499
2026/04/29 15:45:23,515000,11.496
2026/04/29 15:45:23,516000,11.490
2026/04/29 15:45:23,517000,11.499
2026/04/29 15:45:23,518000,11.493
2026/04/29 15:45:23,519000,11.493
2026/04/29 15:45:23,520000,11.501
2026/04/29 15:45:23,521000,11.499
2026/04/29 15:45:23,522000,11.493
2026/04/29 15:45:23,523000,11.493
2026/04/29 15:45:23,524000,11.490
2026/04/29 15:45:23,525000,11.493
2026/04/29 15:45:23,526000,11.493
2026/04/29 15:45:23,527000,11.487
2026/04/29 15:45:23,528000,11.493
2026/04/29 15:45:23,529000,11.493
2026/04/29 15:45:23,530000,11.490
2026/04/29 15:45:23,531000,11.499
2026/04/29 15:45:23,532000,11.493
2026/04/29 15:45:23,533000,11.493
2026/04/29 15:45:23,534000,11.493
2026/04/29 15:45:23,535000,11.493
2026/04/29 15:45:23,536000,11.493
2026/04/29 15:45:23,537000,11.499
2026/04/29 15:45:23,538000,11.496
2026/04/29 15:45:23,539000,11.490
2026/04/29 15:45:23,540000,11.496
2026/04/29 15:45:23,541000,11.493
2026/04/29 15:45:23,542000,11.493
2026/04/29 15:45:23,543000,11.499
2026/04/29 15:45:23,544000,11.493
2026/04/29 15:45:23,545000,11.490
2026/04/29 15:45:23,546000,11.496
2026/04/29 15:45:23,547000,11.487
2026/04/29 15:45:23,548000,11.501
2026/04/29 15:45:23,549000,11.493
2026/04/29 15:45:23,550000,11.493
2026/04/29 15:45:23,551000,11.493
2026/04/29 15:45:23,552000,11.485
2026/04/29 15:45:23,553000,11.496
2026/04/29 15:45:23,554000,11.487
2026/04/29 15:45:23,555000,11.493
2026/04/29 15:45:23,556000,11.490
2026/04/29 15:45:23,557000,11.493
2026/04/29 15:45:23,558000,11.496
2026/04/29 15:45:23,559000,11.501
2026/04/29 15:45:23,560000,11.496
2026/04/29 15:45:23,561000,11.499
2026/04/29 15:45:23,562000,11.496
2026/04/29 15:45:23,563000,11.496
2026/04/29 15:45:23,564000,11.493
2026/04/29 15:45:23,565000,11.499
2026/04/29 15:45:23,566000,11.493
2026/04/29 15:45:23,567000,11.493
2026/04/29 15:45:23,568000,11.496
2026/04/29 15:45:23,569000,11.490
2026/04/29 15:45:23,570000,11.487
2026/04/29 15:45:23,571000,11.490
2026/04/29 15:45:23,572000,11.499
2026/04/29 15:45:23,573000,11.499
2026/04/29 15:45:23,574000,11.493
2026/04/29 15:45:23,575000,11.499
2026/04/29 15:45:23,576000,11.490
2026/04/29 15:45:23,577000,11.493
2026/04/29 15:45:23,578000,11.490
2026/04/29 15:45:23,579000,11.496
2026/04/29 15:45:23,580000,11.493
2026/04/29 15:45:23,581000,11.490
2026/04/29 15:45:23,582000,11.493
2026/04/29 15:45:23,583000,11.490
2026/04/29 15:45:23,584000,11.499
2026/04/29 15:45:23,585000,11.493
2026/04/29 15:45:23,586000,11.493
2026/04/29 15:45:23,587000,11.493
2026/04/29 15:45:23,588000,11.499
2026/04/29 15:45:23,589000,11.493
2026/04/29 15:45:23,590000,11.496
2026/04/29 15:45:23,591000,11.499
2026/04/29 15:45:23,592000,11.493
2026/04/29 15:45:23,593000,11.499
2026/04/29 15:45:23,594000,11.493
2026/04/29 15:45:23,595000,11.490
2026/04/29 15:45:23,596000,11.493
2026/04/29 15:45:23,597000,11.490
2026/04/29 15:45:23,598000,11.496
2026/04/29 15:45:23,599000,11.499
2026/04/29 15:45:23,600000,11.493
2026/04/29 15:45:23,601000,11.496
2026/04/29 15:45:23,602000,11.493
2026/04/29 15:45:23,603000,11.499
2026/04/29 15:45:23,604000,11.490
2026/04/29 15:45:23,605000,11.499
2026/04/29 15:45:23,606000,11.490
2026/04/29 15:45:23,607000,11.490
2026/04/29 15:45:23,608000,11.499
2026/04/29 15:45:23,609000,11.493
2026/04/29 15:45:23,610000,11.496
2026/04/29 15:45:23,611000,11.493
2026/04/29 15:45:23,612000,11.496
2026/04/29 15:45:23,613000,11.499
2026/04/29 15:45:23,614000,11.501
2026/04/29 15:45:23,615000,11.496
2026/04/29 15:45:23,616000,11.493
2026/04/29 15:45:23,617000,11.493
2026/04/29 15:45:23,618000,11.493
2026/04/29 15:45:23,619000,11.499
2026/04/29 15:45:23,620000,11.496
2026/04/29 15:45:23,621000,11.496
2026/04/29 15:45:23,622000,11.496
2026/04/29 15:45:23,623000,11.493
2026/04/29 15:45:23,624000,11.493
2026/04/29 15:45:23,625000,11.490
2026/04/29 15:45:23,626000,11.496
2026/04/29 15:45:23,627000,11.493
2026/04/29 15:45:23,628000,11.487
2026/04/29 15:45:23,629000,11.496
2026/04/29 15:45:23,630000,11.496
2026/04/29 15:45:23,631000,11.487
2026/04/29 15:45:23,632000,11.493
2026/04/29 15:45:23,633000,11.493
2026/04/29 15:45:23,634000,11.493
2026/04/29 15:45:23,635000,11.496
2026/04/29 15:45:23,636000,11.482
2026/04/29 15:45:23,637000,11.496
2026/04/29 15:45:23,638000,11.499
2026/04/29 15:45:23,639000,11.496
2026/04/29 15:45:23,640000,11.499
2026/04/29 15:45:23,641000,11.496
2026/04/29 15:45:23,642000,11.493
2026/04/29 15:45:23,643000,11.490
2026/04/29 15:45:23,644000,11.493
2026/04/29 15:45:23,645000,11.493
2026/04/29 15:45:23,646000,11.496
2026/04/29 15:45:23,647000,11.493
2026/04/29 15:45:23,648000,11.493
2026/04/29 15:45:23,649000,11.493
2026/04/29 15:45:23,650000,11.496
2026/04/29 15:45:23,651000,11.493
2026/04/29 15:45:23,652000,11.487
2026/04/29 15:45:23,653000,11.493
2026/04/29 15:45:23,654000,11.504
2026/04/29 15:45:23,655000,11.496
2026/04/29 15:45:23,656000,11.496
2026/04/29 15:45:23,657000,11.499
2026/04/29 15:45:23,658000,11.493
2026/04/29 15:45:23,659000,11.493
2026/04/29 15:45:23,660000,11.487
2026/04/29 15:45:23,661000,11.493
2026/04/29 15:45:23,662000,11.490
2026/04/29 15:45:23,663000,11.493
2026/04/29 15:45:23,664000,11.496
2026/04/29 15:45:23,665000,11.493
2026/04/29 15:45:23,666000,11.493
2026/04/29 15:45:23,667000,11.496
2026/04/29 15:45:23,668000,11.493
2026/04/29 15:45:23,669000,11.493
2026/04/29 15:45:23,670000,11.496
2026/04/29 15:45:23,671000,11.493
2026/04/29 15:45:23,672000,11.496
2026/04/29 15:45:23,673000,11.496
2026/04/29 15:45:23,674000,11.490
2026/04/29 15:45:23,675000,11.496
2026/04/29 15:45:23,676000,11.493
2026/04/29 15:45:23,677000,11.493
2026/04/29 15:45:23,678000,11.499
2026/04/29 15:45:23,679000,11.487
2026/04/29 15:45:23,680000,11.496
2026/04/29 15:45:23,681000,11.496
2026/04/29 15:45:23,682000,11.493
2026/04/29 15:45:23,683000,11.499
2026/04/29 15:45:23,684000,11.487
2026/04/29 15:45:23,685000,11.496
2026/04/29 15:45:23,686000,11.493
2026/04/29 15:45:23,687000,11.501
2026/04/29 15:45:23,688000,11.499
2026/04/29 15:45:23,689000,11.493
2026/04/29 15:45:23,690000,11.499
2026/04/29 15:45:23,691000,11.487
2026/04/29 15:45:23,692000,11.499
2026/04/29 15:45:23,693000,11.493
2026/04/29 15:45:23,694000,11.504
2026/04/29 15:45:23,695000,11.493
2026/04/29 15:45:23,696000,11.493
2026/04/29 15:45:23,697000,11.493
2026/04/29 15:45:23,698000,11.496
2026/04/29 15:45:23,699000,11.490
2026/04/29 15:45:23,700000,11.493
2026/04/29 15:45:23,701000,11.493
2026/04/29 15:45:23,702000,11.490
2026/04/29 15:45:23,703000,11.493
2026/04/29 15:45:23,704000,11.493
2026/04/29 15:45:23,705000,11.499
2026/04/29 15:45:23,706000,11.493
2026/04/29 15:45:23,707000,11.501
2026/04/29 15:45:23,708000,11.499
2026/04/29 15:45:23,709000,11.487
2026/04/29 15:45:23,710000,11.493
2026/04/29 15:45:23,711000,11.490
2026/04/29 15:45:23,712000,11.493
2026/04/29 15:45:23,713000,11.493
2026/04/29 15:45:23,714000,11.496
2026/04/29 15:45:23,715000,11.493
2026/04/29 15:45:23,716000,11.493
2026/04/29 15:45:23,717000,11.490
2026/04/29 15:45:23,718000,11.493
2026/04/29 15:45:23,719000,11.493
2026/04/29 15:45:23,720000,11.496
2026/04/29 15:45:23,721000,11.499
2026/04/29 15:45:23,722000,11.493
2026/04/29 15:45:23,723000,11.493
2026/04/29 15:45:23,724000,11.499
2026/04/29 15:45:23,725000,11.501
2026/04/29 15:45:23,726000,11.493
2026/04/29 15:45:23,727000,11.493
2026/04/29 15:45:23,728000,11.499
2026/04/29 15:45:23,729000,11.493
2026/04/29 15:45:23,730000,11.493
2026/04/29 15:45:23,731000,11.490
2026/04/29 15:45:23,732000,11.493
2026/04/29 15:45:23,733000,11.493
2026/04/29 15:45:23,734000,11.496
2026/04/29 15:45:23,735000,11.496
2026/04/29 15:45:23,736000,11.496
2026/04/29 15:45:23,737000,11.493
2026/04/29 15:45:23,738000,11.490
2026/04/29 15:45:23,739000,11.493
2026/04/29 15:45:23,740000,11.496
2026/04/29 15:45:23,741000,11.490
2026/04/29 15:45:23,742000,11.490
2026/04/29 15:45:23,743000,11.490
2026/04/29 15:45:23,744000,11.493
2026/04/29 15:45:23,745000,11.499
2026/04/29 15:45:23,746000,11.496
2026/04/29 15:45:23,747000,11.493
2026/04/29 15:45:23,748000,11.499
2026/04/29 15:45:23,749000,11.496
2026/04/29 15:45:23,750000,11.496
2026/04/29 15:45:23,751000,11.487
2026/04/29 15:45:23,752000,11.485
2026/04/29 15:45:23,753000,11.496
2026/04/29 15:45:23,754000,11.490
2026/04/29 15:45:23,755000,11.499
2026/04/29 15:45:23,756000,11.501
2026/04/29 15:45:23,757000,11.493
2026/04/29 15:45:23,758000,11.499
2026/04/29 15:45:23,759000,11.487
2026/04/29 15:45:23,760000,11.493
2026/04/29 15:45:23,761000,11.493
2026/04/29 15:45:23,762000,11.487
2026/04/29 15:45:23,763000,11.496
2026/04/29 15:45:23,764000,11.493
2026/04/29 15:45:23,765000,11.493
2026/04/29 15:45:23,766000,11.499
2026/04/29 15:45:23,767000,11.493
2026/04/29 15:45:23,768000,11.490
2026/04/29 15:45:23,769000,11.496
2026/04/29 15:45:23,770000,11.490
2026/04/29 15:45:23,771000,11.496
2026/04/29 15:45:23,772000,11.493
2026/04/29 15:45:23,773000,11.499
2026/04/29 15:45:23,774000,11.499
2026/04/29 15:45:23,775000,11.493
2026/04/29 15:45:23,776000,11.493
2026/04/29 15:45:23,777000,11.496
2026/04/29 15:45:23,778000,11.490
2026/04/29 15:45:23,779000,11.490
2026/04/29 15:45:23,780000,11.490
2026/04/29 15:45:23,781000,11.490
2026/04/29 15:45:23,782000,11.493
2026/04/29 15:45:23,783000,11.493
2026/04/29 15:45:23,784000,11.493
2026/04/29 15:45:23,785000,11.490
2026/04/29 15:45:23,786000,11.493
2026/04/29 15:45:23,787000,11.496
2026/04/29 15:45:23,788000,11.493
2026/04/29 15:45:23,789000,11.496
2026/04/29 15:45:23,790000,11.493
2026/04/29 15:45:23,791000,11.493
2026/04/29 15:45:23,792000,11.493
2026/04/29 15:45:23,793000,11.490
2026/04/29 15:45:23,794000,11.496
2026/04/29 15:45:23,795000,11.490
2026/04/29 15:45:23,796000,11.493
2026/04/29 15:45:23,797000,11.496
2026/04/29 15:45:23,798000,11.499
2026/04/29 15:45:23,799000,11.490
2026/04/29 15:45:23,800000,11.493
2026/04/29 15:45:23,801000,11.501
2026/04/29 15:45:23,802000,11.496
2026/04/29 15:45:23,803000,11.499
2026/04/29 15:45:23,804000,11.499
2026/04/29 15:45:23,805000,11.496
2026/04/29 15:45:23,806000,11.490
2026/04/29 15:45:23,807000,11.493
2026/04/29 15:45:23,808000,11.493
2026/04/29 15:45:23,809000,11.496
2026/04/29 15:45:23,810000,11.493
2026/04/29 15:45:23,811000,11.493
2026/04/29 15:45:23,812000,11.501
2026/04/29 15:45:23,813000,11.499
2026/04/29 15:45:23,814000,11.501
2026/04/29 15:45:23,815000,11.496
2026/04/29 15:45:23,816000,11.490
2026/04/29 15:45:23,817000,11.496
2026/04/29 15:45:23,818000,11.496
2026/04/29 15:45:23,819000,11.496
2026/04/29 15:45:23,820000,11.487
2026/04/29 15:45:23,821000,11.496
2026/04/29 15:45:23,822000,11.499
2026/04/29 15:45:23,823000,11.493
2026/04/29 15:45:23,824000,11.493
2026/04/29 15:45:23,825000,11.493
2026/04/29 15:45:23,826000,11.493
2026/04/29 15:45:23,827000,11.490
2026/04/29 15:45:23,828000,11.499
2026/04/29 15:45:23,829000,11.496
2026/04/29 15:45:23,830000,11.490
2026/04/29 15:45:23,831000,11.490
2026/04/29 15:45:23,832000,11.496
2026/04/29 15:45:23,833000,11.493
2026/04/29 15:45:23,834000,11.496
2026/04/29 15:45:23,835000,11.496
2026/04/29 15:45:23,836000,11.499
2026/04/29 15:45:23,837000,11.496
2026/04/29 15:45:23,838000,11.493
2026/04/29 15:45:23,839000,11.493
2026/04/29 15:45:23,840000,11.504
2026/04/29 15:45:23,841000,11.493
2026/04/29 15:45:23,842000,11.496
2026/04/29 15:45:23,843000,11.493
2026/04/29 15:45:23,844000,11.496
2026/04/29 15:45:23,845000,11.496
2026/04/29 15:45:23,846000,11.501
2026/04/29 15:45:23,847000,11.496
2026/04/29 15:45:23,848000,11.487
2026/04/29 15:45:23,849000,11.493
2026/04/29 15:45:23,850000,11.499
2026/04/29 15:45:23,851000,11.493
2026/04/29 15:45:23,852000,11.496
2026/04/29 15:45:23,853000,11.493
2026/04/29 15:45:23,854000,11.490
2026/04/29 15:45:23,855000,11.493
2026/04/29 15:45:23,856000,11.493
2026/04/29 15:45:23,857000,11.510
2026/04/29 15:45:23,858000,11.499
2026/04/29 15:45:23,859000,11.499
2026/04/29 15:45:23,860000,11.490
2026/04/29 15:45:23,861000,11.499
2026/04/29 15:45:23,862000,11.493
2026/04/29 15:45:23,863000,11.493
2026/04/29 15:45:23,864000,11.499
2026/04/29 15:45:23,865000,11.493
2026/04/29 15:45:23,866000,11.501
2026/04/29 15:45:23,867000,11.496
2026/04/29 15:45:23,868000,11.487
2026/04/29 15:45:23,869000,11.496
2026/04/29 15:45:23,870000,11.496
2026/04/29 15:45:23,871000,11.496
2026/04/29 15:45:23,872000,11.490
2026/04/29 15:45:23,873000,11.493
2026/04/29 15:45:23,874000,11.501
2026/04/29 15:45:23,875000,11.496
2026/04/29 15:45:23,876000,11.493
2026/04/29 15:45:23,877000,11.499
2026/04/29 15:45:23,878000,11.496
2026/04/29 15:45:23,879000,11.493
2026/04/29 15:45:23,880000,11.493
2026/04/29 15:45:23,881000,11.493
2026/04/29 15:45:23,882000,11.487
2026/04/29 15:45:23,883000,11.493
2026/04/29 15:45:23,884000,11.487
2026/04/29 15:45:23,885000,11.499
2026/04/29 15:45:23,886000,11.496
2026/04/29 15:45:23,887000,11.490
2026/04/29 15:45:23,888000,11.490
2026/04/29 15:45:23,889000,11.496
2026/04/29 15:45:23,890000,11.490
2026/04/29 15:45:23,891000,11.493
2026/04/29 15:45:23,892000,11.496
2026/04/29 15:45:23,893000,11.490
2026/04/29 15:45:23,894000,11.493
2026/04/29 15:45:23,895000,11.499
2026/04/29 15:45:23,896000,11.493
2026/04/29 15:45:23,897000,11.496
2026/04/29 15:45:23,898000,11.501
2026/04/29 15:45:23,899000,11.496
2026/04/29 15:45:23,900000,11.499
2026/04/29 15:45:23,901000,11.496
2026/04/29 15:45:23,902000,11.493
2026/04/29 15:45:23,903000,11.493
2026/04/29 15:45:23,904000,11.493
2026/04/29 15:45:23,905000,11.493
2026/04/29 15:45:23,906000,11.490
2026/04/29 15:45:23,907000,11.490
2026/04/29 15:45:23,908000,11.493
2026/04/29 15:45:23,909000,11.496
2026/04/29 15:45:23,910000,11.496
2026/04/29 15:45:23,911000,11.487
2026/04/29 15:45:23,912000,11.490
2026/04/29 15:45:23,913000,11.496
2026/04/29 15:45:23,914000,11.501
2026/04/29 15:45:23,915000,11.496
2026/04/29 15:45:23,916000,11.493
2026/04/29 15:45:23,917000,11.490
2026/04/29 15:45:23,918000,11.490
2026/04/29 15:45:23,919000,11.490
2026/04/29 15:45:23,920000,11.496
2026/04/29 15:45:23,921000,11.501
2026/04/29 15:45:23,922000,11.493
2026/04/29 15:45:23,923000,11.496
2026/04/29 15:45:23,924000,11.493
2026/04/29 15:45:23,925000,11.493
2026/04/29 15:45:23,926000,11.499
2026/04/29 15:45:23,927000,11.493
2026/04/29 15:45:23,928000,11.493
2026/04/29 15:45:23,929000,11.496
2026/04/29 15:45:23,930000,11.487
2026/04/29 15:45:23,931000,11.499
2026/04/29 15:45:23,932000,11.493
2026/04/29 15:45:23,933000,11.493
2026/04/29 15:45:23,934000,11.493
2026/04/29 15:45:23,935000,11.496
2026/04/29 15:45:23,936000,11.493
2026/04/29 15:45:23,937000,11.493
2026/04/29 15:45:23,938000,11.493
2026/04/29 15:45:23,939000,11.499
2026/04/29 15:45:23,940000,11.490
2026/04/29 15:45:23,941000,11.493
2026/04/29 15:45:23,942000,11.496
2026/04/29 15:45:23,943000,11.493
2026/04/29 15:45:23,944000,11.493
2026/04/29 15:45:23,945000,11.499
2026/04/29 15:45:23,946000,11.499
2026/04/29 15:45:23,947000,11.493
2026/04/29 15:45:23,948000,11.493
2026/04/29 15:45:23,949000,11.493
2026/04/29 15:45:23,950000,11.493
2026/04/29 15:45:23,951000,11.496
2026/04/29 15:45:23,952000,11.499
2026/04/29 15:45:23,953000,11.496
2026/04/29 15:45:23,954000,11.487
2026/04/29 15:45:23,955000,11.504
2026/04/29 15:45:23,956000,11.496
2026/04/29 15:45:23,957000,11.499
2026/04/29 15:45:23,958000,11.496
2026/04/29 15:45:23,959000,11.496
2026/04/29 15:45:23,960000,11.490
2026/04/29 15:45:23,961000,11.493
2026/04/29 15:45:23,962000,11.499
2026/04/29 15:45:23,963000,11.496
2026/04/29 15:45:23,964000,11.496
2026/04/29 15:45:23,965000,11.493
2026/04/29 15:45:23,966000,11.496
2026/04/29 15:45:23,967000,11.499
2026/04/29 15:45:23,968000,11.496
2026/04/29 15:45:23,969000,11.493
2026/04/29 15:45:23,970000,11.499
2026/04/29 15:45:23,971000,11.493
2026/04/29 15:45:23,972000,11.496
2026/04/29 15:45:23,973000,11.499
2026/04/29 15:45:23,974000,11.493
2026/04/29 15:45:23,975000,11.493
2026/04/29 15:45:23,976000,11.493
2026/04/29 15:45:23,977000,11.490
2026/04/29 15:45:23,978000,11.490
2026/04/29 15:45:23,979000,11.493
2026/04/29 15:45:23,980000,11.499
2026/04/29 15:45:23,981000,11.499
2026/04/29 15:45:23,982000,11.496
2026/04/29 15:45:23,983000,11.493
2026/04/29 15:45:23,984000,11.493
2026/04/29 15:45:23,985000,11.496
2026/04/29 15:45:23,986000,11.493
2026/04/29 15:45:23,987000,11.490
2026/04/29 15:45:23,988000,11.490
2026/04/29 15:45:23,989000,11.493
2026/04/29 15:45:23,990000,11.490
2026/04/29 15:45:23,991000,11.490
2026/04/29 15:45:23,992000,11.499
2026/04/29 15:45:23,993000,11.493
2026/04/29 15:45:23,994000,11.493
2026/04/29 15:45:23,995000,11.496
2026/04/29 15:45:23,996000,11.490
2026/04/29 15:45:23,997000,11.496
2026/04/29 15:45:23,998000,11.490
2026/04/29 15:45:23,999000,11.493
2026/04/29 15:45:24,000000,11.490
2026/04/29 15:45:24,001000,11.496
2026/04/29 15:45:24,002000,11.493
2026/04/29 15:45:24,003000,11.490
2026/04/29 15:45:24,004000,11.493
2026/04/29 15:45:24,005000,11.493
2026/04/29 15:45:24,006000,11.493
2026/04/29 15:45:24,007000,11.493
2026/04/29 15:45:24,008000,11.499
2026/04/29 15:45:24,009000,11.499
2026/04/29 15:45:24,010000,11.490
2026/04/29 15:45:24,011000,11.487
2026/04/29 15:45:24,012000,11.493
2026/04/29 15:45:24,013000,11.496
2026/04/29 15:45:24,014000,11.493
2026/04/29 15:45:24,015000,11.496
2026/04/29 15:45:24,016000,11.493
2026/04/29 15:45:24,017000,11.496
2026/04/29 15:45:24,018000,11.493
2026/04/29 15:45:24,019000,11.493
2026/04/29 15:45:24,020000,11.490
2026/04/29 15:45:24,021000,11.493
2026/04/29 15:45:24,022000,11.499
2026/04/29 15:45:24,023000,11.490
2026/04/29 15:45:24,024000,11.496
2026/04/29 15:45:24,025000,11.493
2026/04/29 15:45:24,026000,11.501
2026/04/29 15:45:24,027000,11.493
2026/04/29 15:45:24,028000,11.493
2026/04/29 15:45:24,029000,11.490
2026/04/29 15:45:24,030000,11.487
2026/04/29 15:45:24,031000,11.493
2026/04/29 15:45:24,032000,11.490
2026/04/29 15:45:24,033000,11.493
2026/04/29 15:45:24,034000,11.501
2026/04/29 15:45:24,035000,11.493
2026/04/29 15:45:24,036000,11.493
2026/04/29 15:45:24,037000,11.499
2026/04/29 15:45:24,038000,11.496
2026/04/29 15:45:24,039000,11.490
2026/04/29 15:45:24,040000,11.493
2026/04/29 15:45:24,041000,11.493
2026/04/29 15:45:24,042000,11.493
2026/04/29 15:45:24,043000,11.510
2026/04/29 15:45:24,044000,11.493
2026/04/29 15:45:24,045000,11.487
2026/04/29 15:45:24,046000,11.493
2026/04/29 15:45:24,047000,11.490
2026/04/29 15:45:24,048000,11.490
2026/04/29 15:45:24,049000,11.490
2026/04/29 15:45:24,050000,11.499
2026/04/29 15:45:24,051000,11.499
2026/04/29 15:45:24,052000,11.499
2026/04/29 15:45:24,053000,11.490
2026/04/29 15:45:24,054000,11.493
2026/04/29 15:45:24,055000,11.493
2026/04/29 15:45:24,056000,11.496
2026/04/29 15:45:24,057000,11.493
2026/04/29 15:45:24,058000,11.496
2026/04/29 15:45:24,059000,11.490
2026/04/29 15:45:24,060000,11.493
2026/04/29 15:45:24,061000,11.499
2026/04/29 15:45:24,062000,11.501
2026/04/29 15:45:24,063000,11.499
2026/04/29 15:45:24,064000,11.493
2026/04/29 15:45:24,065000,11.493
2026/04/29 15:45:24,066000,11.490
2026/04/29 15:45:24,067000,11.490
2026/04/29 15:45:24,068000,11.493
2026/04/29 15:45:24,069000,11.493
2026/04/29 15:45:24,070000,11.490
2026/04/29 15:45:24,071000,11.490
2026/04/29 15:45:24,072000,11.496
2026/04/29 15:45:24,073000,11.496
2026/04/29 15:45:24,074000,11.493
2026/04/29 15:45:24,075000,11.493
2026/04/29 15:45:24,076000,11.493
2026/04/29 15:45:24,077000,11.490
2026/04/29 15:45:24,078000,11.493
2026/04/29 15:45:24,079000,11.490
2026/04/29 15:45:24,080000,11.493
2026/04/29 15:45:24,081000,11.499
2026/04/29 15:45:24,082000,11.496
2026/04/29 15:45:24,083000,11.496
2026/04/29 15:45:24,084000,11.501
2026/04/29 15:45:24,085000,11.487
2026/04/29 15:45:24,086000,11.499
2026/04/29 15:45:24,087000,11.490
2026/04/29 15:45:24,088000,11.496
2026/04/29 15:45:24,089000,11.493
2026/04/29 15:45:24,090000,11.493
2026/04/29 15:45:24,091000,11.493
2026/04/29 15:45:24,092000,11.493
2026/04/29 15:45:24,093000,11.493
2026/04/29 15:45:24,094000,11.496
2026/04/29 15:45:24,095000,11.499
2026/04/29 15:45:24,096000,11.499
2026/04/29 15:45:24,097000,11.493
2026/04/29 15:45:24,098000,11.499
2026/04/29 15:45:24,099000,11.493
2026/04/29 15:45:24,100000,11.487
2026/04/29 15:45:24,101000,11.493
2026/04/29 15:45:24,102000,11.496
2026/04/29 15:45:24,103000,11.499
2026/04/29 15:45:24,104000,11.493
2026/04/29 15:45:24,105000,11.493
2026/04/29 15:45:24,106000,11.493
2026/04/29 15:45:24,107000,11.496
2026/04/29 15:45:24,108000,11.499
2026/04/29 15:45:24,109000,11.496
2026/04/29 15:45:24,110000,11.487
2026/04/29 15:45:24,111000,11.499
2026/04/29 15:45:24,112000,11.496
2026/04/29 15:45:24,113000,11.499
2026/04/29 15:45:24,114000,11.501
2026/04/29 15:45:24,115000,11.490
2026/04/29 15:45:24,116000,11.496
2026/04/29 15:45:24,117000,11.493
2026/04/29 15:45:24,118000,11.496
2026/04/29 15:45:24,119000,11.501
2026/04/29 15:45:24,120000,11.499
2026/04/29 15:45:24,121000,11.496
2026/04/29 15:45:24,122000,11.496
2026/04/29 15:45:24,123000,11.493
2026/04/29 15:45:24,124000,11.490
2026/04/29 15:45:24,125000,11.501
2026/04/29 15:45:24,126000,11.493
2026/04/29 15:45:24,127000,11.487
2026/04/29 15:45:24,128000,11.493
2026/04/29 15:45:24,129000,11.496
2026/04/29 15:45:24,130000,11.493
2026/04/29 15:45:24,131000,11.496
2026/04/29 15:45:24,132000,11.493
2026/04/29 15:45:24,133000,11.493
2026/04/29 15:45:24,134000,11.493
2026/04/29 15:45:24,135000,11.496
2026/04/29 15:45:24,136000,11.499
2026/04/29 15:45:24,137000,11.499
2026/04/29 15:45:24,138000,11.493
2026/04/29 15:45:24,139000,11.499
2026/04/29 15:45:24,140000,11.496
2026/04/29 15:45:24,141000,11.499
2026/04/29 15:45:24,142000,11.493
2026/04/29 15:45:24,143000,11.499
2026/04/29 15:45:24,144000,11.493
2026/04/29 15:45:24,145000,11.493
2026/04/29 15:45:24,146000,11.490
2026/04/29 15:45:24,147000,11.496
2026/04/29 15:45:24,148000,11.496
2026/04/29 15:45:24,149000,11.490
2026/04/29 15:45:24,150000,11.499
2026/04/29 15:45:24,151000,11.499
2026/04/29 15:45:24,152000,11.496
2026/04/29 15:45:24,153000,11.496
2026/04/29 15:45:24,154000,11.504
2026/04/29 15:45:24,155000,11.490
2026/04/29 15:45:24,156000,11.496
2026/04/29 15:45:24,157000,11.493
2026/04/29 15:45:24,158000,11.504
2026/04/29 15:45:24,159000,11.496
2026/04/29 15:45:24,160000,11.496
2026/04/29 15:45:24,161000,11.496
2026/04/29 15:45:24,162000,11.496
2026/04/29 15:45:24,163000,11.493
2026/04/29 15:45:24,164000,11.490
2026/04/29 15:45:24,165000,11.496
2026/04/29 15:45:24,166000,11.493
2026/04/29 15:45:24,167000,11.493
2026/04/29 15:45:24,168000,11.493
2026/04/29 15:45:24,169000,11.496
2026/04/29 15:45:24,170000,11.485
2026/04/29 15:45:24,171000,11.501
2026/04/29 15:45:24,172000,11.493
2026/04/29 15:45:24,173000,11.493
2026/04/29 15:45:24,174000,11.496
2026/04/29 15:45:24,175000,11.496
2026/04/29 15:45:24,176000,11.493
2026/04/29 15:45:24,177000,11.490
2026/04/29 15:45:24,178000,11.499
2026/04/29 15:45:24,179000,11.490
2026/04/29 15:45:24,180000,11.496
2026/04/29 15:45:24,181000,11.499
2026/04/29 15:45:24,182000,11.499
2026/04/29 15:45:24,183000,11.490
2026/04/29 15:45:24,184000,11.493
2026/04/29 15:45:24,185000,11.490
2026/04/29 15:45:24,186000,11.490
2026/04/29 15:45:24,187000,11.493
2026/04/29 15:45:24,188000,11.496
2026/04/29 15:45:24,189000,11.493
2026/04/29 15:45:24,190000,11.493
2026/04/29 15:45:24,191000,11.493
2026/04/29 15:45:24,192000,11.496
2026/04/29 15:45:24,193000,11.493
2026/04/29 15:45:24,194000,11.496
2026/04/29 15:45:24,195000,11.493
2026/04/29 15:45:24,196000,11.499
2026/04/29 15:45:24,197000,11.490
2026/04/29 15:45:24,198000,11.499
2026/04/29 15:45:24,199000,11.499
2026/04/29 15:45:24,200000,11.493
2026/04/29 15:45:24,201000,11.499
2026/04/29 15:45:24,202000,11.501
2026/04/29 15:45:24,203000,11.493
2026/04/29 15:45:24,204000,11.501
2026/04/29 15:45:24,205000,11.496
2026/04/29 15:45:24,206000,11.490
2026/04/29 15:45:24,207000,11.490
2026/04/29 15:45:24,208000,11.490
2026/04/29 15:45:24,209000,11.499
2026/04/29 15:45:24,210000,11.493
2026/04/29 15:45:24,211000,11.493
2026/04/29 15:45:24,212000,11.490
2026/04/29 15:45:24,213000,11.493
2026/04/29 15:45:24,214000,11.487
2026/04/29 15:45:24,215000,11.499
2026/04/29 15:45:24,216000,11.499
2026/04/29 15:45:24,217000,11.496
2026/04/29 15:45:24,218000,11.493
2026/04/29 15:45:24,219000,11.499
2026/04/29 15:45:24,220000,11.496
2026/04/29 15:45:24,221000,11.493
2026/04/29 15:45:24,222000,11.490
2026/04/29 15:45:24,223000,11.499
2026/04/29 15:45:24,224000,11.493
2026/04/29 15:45:24,225000,11.499
2026/04/29 15:45:24,226000,11.501
2026/04/29 15:45:24,227000,11.496
2026/04/29 15:45:24,228000,11.493
2026/04/29 15:45:24,229000,11.499
2026/04/29 15:45:24,230000,11.496
2026/04/29 15:45:24,231000,11.499
2026/04/29 15:45:24,232000,11.499
2026/04/29 15:45:24,233000,11.501
2026/04/29 15:45:24,234000,11.501
2026/04/29 15:45:24,235000,11.490
2026/04/29 15:45:24,236000,11.490
2026/04/29 15:45:24,237000,11.493
2026/04/29 15:45:24,238000,11.496
2026/04/29 15:45:24,239000,11.493
2026/04/29 15:45:24,240000,11.493
2026/04/29 15:45:24,241000,11.496
2026/04/29 15:45:24,242000,11.499
2026/04/29 15:45:24,243000,11.501
2026/04/29 15:45:24,244000,11.490
2026/04/29 15:45:24,245000,11.493
2026/04/29 15:45:24,246000,11.496
2026/04/29 15:45:24,247000,11.493
2026/04/29 15:45:24,248000,11.493
2026/04/29 15:45:24,249000,11.501
2026/04/29 15:45:24,250000,11.490
2026/04/29 15:45:24,251000,11.493
2026/04/29 15:45:24,252000,11.493
2026/04/29 15:45:24,253000,11.501
2026/04/29 15:45:24,254000,11.493
2026/04/29 15:45:24,255000,11.496
2026/04/29 15:45:24,256000,11.487
2026/04/29 15:45:24,257000,11.499
2026/04/29 15:45:24,258000,11.487
2026/04/29 15:45:24,259000,11.493
2026/04/29 15:45:24,260000,11.499
2026/04/29 15:45:24,261000,11.487
2026/04/29 15:45:24,262000,11.499
2026/04/29 15:45:24,263000,11.496
2026/04/29 15:45:24,264000,11.493
2026/04/29 15:45:24,265000,11.493
2026/04/29 15:45:24,266000,11.499
2026/04/29 15:45:24,267000,11.499
2026/04/29 15:45:24,268000,11.499
2026/04/29 15:45:24,269000,11.490
2026/04/29 15:45:24,270000,11.493
2026/04/29 15:45:24,271000,11.496
2026/04/29 15:45:24,272000,11.493
2026/04/29 15:45:24,273000,11.493
2026/04/29 15:45:24,274000,11.493
2026/04/29 15:45:24,275000,11.496
2026/04/29 15:45:24,276000,11.493
2026/04/29 15:45:24,277000,11.499
2026/04/29 15:45:24,278000,11.493
2026/04/29 15:45:24,279000,11.490
2026/04/29 15:45:24,280000,11.493
2026/04/29 15:45:24,281000,11.490
2026/04/29 15:45:24,282000,11.496
2026/04/29 15:45:24,283000,11.493
2026/04/29 15:45:24,284000,11.496
2026/04/29 15:45:24,285000,11.490
2026/04/29 15:45:24,286000,11.499
2026/04/29 15:45:24,287000,11.493
2026/04/29 15:45:24,288000,11.490
2026/04/29 15:45:24,289000,11.499
2026/04/29 15:45:24,290000,11.493
2026/04/29 15:45:24,291000,11.493
2026/04/29 15:45:24,292000,11.487
2026/04/29 15:45:24,293000,11.496
2026/04/29 15:45:24,294000,11.493
2026/04/29 15:45:24,295000,11.496
2026/04/29 15:45:24,296000,11.487
2026/04/29 15:45:24,297000,11.490
2026/04/29 15:45:24,298000,11.493
2026/04/29 15:45:24,299000,11.493
2026/04/29 15:45:24,300000,11.496
2026/04/29 15:45:24,301000,11.499
2026/04/29 15:45:24,302000,11.493
2026/04/29 15:45:24,303000,11.501
2026/04/29 15:45:24,304000,11.499
2026/04/29 15:45:24,305000,11.496
2026/04/29 15:45:24,306000,11.493
2026/04/29 15:45:24,307000,11.496
2026/04/29 15:45:24,308000,11.496
2026/04/29 15:45:24,309000,11.499
2026/04/29 15:45:24,310000,11.499
2026/04/29 15:45:24,311000,11.496
2026/04/29 15:45:24,312000,11.501
2026/04/29 15:45:24,313000,11.501
2026/04/29 15:45:24,314000,11.493
2026/04/29 15:45:24,315000,11.493
2026/04/29 15:45:24,316000,11.499
2026/04/29 15:45:24,317000,11.501
2026/04/29 15:45:24,318000,11.499
2026/04/29 15:45:24,319000,11.493
2026/04/29 15:45:24,320000,11.496
2026/04/29 15:45:24,321000,11.490
2026/04/29 15:45:24,322000,11.490
2026/04/29 15:45:24,323000,11.496
2026/04/29 15:45:24,324000,11.501
2026/04/29 15:45:24,325000,11.499
2026/04/29 15:45:24,326000,11.490
2026/04/29 15:45:24,327000,11.496
2026/04/29 15:45:24,328000,11.499
2026/04/29 15:45:24,329000,11.499
2026/04/29 15:45:24,330000,11.482
2026/04/29 15:45:24,331000,11.493
2026/04/29 15:45:24,332000,11.493
2026/04/29 15:45:24,333000,11.493
2026/04/29 15:45:24,334000,11.490
2026/04/29 15:45:24,335000,11.499
2026/04/29 15:45:24,336000,11.493
2026/04/29 15:45:24,337000,11.493
2026/04/29 15:45:24,338000,11.490
2026/04/29 15:45:24,339000,11.499
2026/04/29 15:45:24,340000,11.499
2026/04/29 15:45:24,341000,11.504
2026/04/29 15:45:24,342000,11.499
2026/04/29 15:45:24,343000,11.493
2026/04/29 15:45:24,344000,11.501
2026/04/29 15:45:24,345000,11.490
2026/04/29 15:45:24,346000,11.487
2026/04/29 15:45:24,347000,11.490
2026/04/29 15:45:24,348000,11.496
2026/04/29 15:45:24,349000,11.493
2026/04/29 15:45:24,350000,11.490
2026/04/29 15:45:24,351000,11.496
2026/04/29 15:45:24,352000,11.496
2026/04/29 15:45:24,353000,11.490
2026/04/29 15:45:24,354000,11.496
2026/04/29 15:45:24,355000,11.496
2026/04/29 15:45:24,356000,11.499
2026/04/29 15:45:24,357000,11.493
2026/04/29 15:45:24,358000,11.499
2026/04/29 15:45:24,359000,11.493
2026/04/29 15:45:24,360000,11.496
2026/04/29 15:45:24,361000,11.493
2026/04/29 15:45:24,362000,11.493
2026/04/29 15:45:24,363000,11.496
2026/04/29 15:45:24,364000,11.496
2026/04/29 15:45:24,365000,11.490
2026/04/29 15:45:24,366000,11.490
2026/04/29 15:45:24,367000,11.499
2026/04/29 15:45:24,368000,11.501
2026/04/29 15:45:24,369000,11.493
2026/04/29 15:45:24,370000,11.496
2026/04/29 15:45:24,371000,11.493
2026/04/29 15:45:24,372000,11.499
2026/04/29 15:45:24,373000,11.493
2026/04/29 15:45:24,374000,11.496
2026/04/29 15:45:24,375000,11.493
2026/04/29 15:45:24,376000,11.493
2026/04/29 15:45:24,377000,11.493
2026/04/29 15:45:24,378000,11.490
2026/04/29 15:45:24,379000,11.493
2026/04/29 15:45:24,380000,11.496
2026/04/29 15:45:24,381000,11.496
2026/04/29 15:45:24,382000,11.493
2026/04/29 15:45:24,383000,11.496
2026/04/29 15:45:24,384000,11.493
2026/04/29 15:45:24,385000,11.490
2026/04/29 15:45:24,386000,11.496
2026/04/29 15:45:24,387000,11.493
2026/04/29 15:45:24,388000,11.493
2026/04/29 15:45:24,389000,11.493
2026/04/29 15:45:24,390000,11.501
2026/04/29 15:45:24,391000,11.496
2026/04/29 15:45:24,392000,11.493
2026/04/29 15:45:24,393000,11.501
2026/04/29 15:45:24,394000,11.493
2026/04/29 15:45:24,395000,11.493
2026/04/29 15:45:24,396000,11.496
2026/04/29 15:45:24,397000,11.493
2026/04/29 15:45:24,398000,11.496
2026/04/29 15:45:24,399000,11.496
2026/04/29 15:45:24,400000,11.493
2026/04/29 15:45:24,401000,11.490
2026/04/29 15:45:24,402000,11.487
2026/04/29 15:45:24,403000,11.496
2026/04/29 15:45:24,404000,11.493
2026/04/29 15:45:24,405000,11.487
2026/04/29 15:45:24,406000,11.493
2026/04/29 15:45:24,407000,11.493
2026/04/29 15:45:24,408000,11.499
2026/04/29 15:45:24,409000,11.496
2026/04/29 15:45:24,410000,11.493
2026/04/29 15:45:24,411000,11.496
2026/04/29 15:45:24,412000,11.493
2026/04/29 15:45:24,413000,11.493
2026/04/29 15:45:24,414000,11.493
2026/04/29 15:45:24,415000,11.493
2026/04/29 15:45:24,416000,11.499
2026/04/29 15:45:24,417000,11.496
2026/04/29 15:45:24,418000,11.499
2026/04/29 15:45:24,419000,11.493
2026/04/29 15:45:24,420000,11.493
2026/04/29 15:45:24,421000,11.493
2026/04/29 15:45:24,422000,11.493
2026/04/29 15:45:24,423000,11.493
2026/04/29 15:45:24,424000,11.496
2026/04/29 15:45:24,425000,11.493
2026/04/29 15:45:24,426000,11.493
2026/04/29 15:45:24,427000,11.499
2026/04/29 15:45:24,428000,11.490
2026/04/29 15:45:24,429000,11.493
2026/04/29 15:45:24,430000,11.485
2026/04/29 15:45:24,431000,11.496
2026/04/29 15:45:24,432000,11.493
2026/04/29 15:45:24,433000,11.490
2026/04/29 15:45:24,434000,11.493
2026/04/29 15:45:24,435000,11.490
2026/04/29 15:45:24,436000,11.490
2026/04/29 15:45:24,437000,11.493
2026/04/29 15:45:24,438000,11.490
2026/04/29 15:45:24,439000,11.493
2026/04/29 15:45:24,440000,11.493
2026/04/29 15:45:24,441000,11.490
2026/04/29 15:45:24,442000,11.490
2026/04/29 15:45:24,443000,11.490
2026/04/29 15:45:24,444000,11.493
2026/04/29 15:45:24,445000,11.490
2026/04/29 15:45:24,446000,11.493
2026/04/29 15:45:24,447000,11.493
2026/04/29 15:45:24,448000,11.499
2026/04/29 15:45:24,449000,11.499
2026/04/29 15:45:24,450000,11.487
2026/04/29 15:45:24,451000,11.493
2026/04/29 15:45:24,452000,11.490
2026/04/29 15:45:24,453000,11.493
2026/04/29 15:45:24,454000,11.490
2026/04/29 15:45:24,455000,11.499
2026/04/29 15:45:24,456000,11.496
2026/04/29 15:45:24,457000,11.499
2026/04/29 15:45:24,458000,11.493
2026/04/29 15:45:24,459000,11.490
2026/04/29 15:45:24,460000,11.493
2026/04/29 15:45:24,461000,11.493
2026/04/29 15:45:24,462000,11.490
2026/04/29 15:45:24,463000,11.493
2026/04/29 15:45:24,464000,11.493
2026/04/29 15:45:24,465000,11.499
2026/04/29 15:45:24,466000,11.490
2026/04/29 15:45:24,467000,11.496
2026/04/29 15:45:24,468000,11.496
2026/04/29 15:45:24,469000,11.493
2026/04/29 15:45:24,470000,11.501
2026/04/29 15:45:24,471000,11.504
2026/04/29 15:45:24,472000,11.493
2026/04/29 15:45:24,473000,11.496
2026/04/29 15:45:24,474000,11.496
2026/04/29 15:45:24,475000,11.496
2026/04/29 15:45:24,476000,11.496
2026/04/29 15:45:24,477000,11.493
2026/04/29 15:45:24,478000,11.499
2026/04/29 15:45:24,479000,11.501
2026/04/29 15:45:24,480000,11.496
2026/04/29 15:45:24,481000,11.496
2026/04/29 15:45:24,482000,11.496
2026/04/29 15:45:24,483000,11.496
2026/04/29 15:45:24,484000,11.487
2026/04/29 15:45:24,485000,11.493
2026/04/29 15:45:24,486000,11.496
2026/04/29 15:45:24,487000,11.499
2026/04/29 15:45:24,488000,11.493
2026/04/29 15:45:24,489000,11.496
2026/04/29 15:45:24,490000,11.490
2026/04/29 15:45:24,491000,11.493
2026/04/29 15:45:24,492000,11.496
2026/04/29 15:45:24,493000,11.490
2026/04/29 15:45:24,494000,11.496
2026/04/29 15:45:24,495000,11.493
2026/04/29 15:45:24,496000,11.493
2026/04/29 15:45:24,497000,11.493
2026/04/29 15:45:24,498000,11.504
2026/04/29 15:45:24,499000,11.493
2026/04/29 15:45:24,500000,11.493
2026/04/29 15:45:24,501000,11.490
2026/04/29 15:45:24,502000,11.499
2026/04/29 15:45:24,503000,11.487
2026/04/29 15:45:24,504000,11.493
2026/04/29 15:45:24,505000,11.496
2026/04/29 15:45:24,506000,11.493
2026/04/29 15:45:24,507000,11.499
2026/04/29 15:45:24,508000,11.485
2026/04/29 15:45:24,509000,11.499
2026/04/29 15:45:24,510000,11.493
2026/04/29 15:45:24,511000,11.490
2026/04/29 15:45:24,512000,11.493
2026/04/29 15:45:24,513000,11.493
2026/04/29 15:45:24,514000,11.493
2026/04/29 15:45:24,515000,11.493
2026/04/29 15:45:24,516000,11.499
2026/04/29 15:45:24,517000,11.496
2026/04/29 15:45:24,518000,11.490
2026/04/29 15:45:24,519000,11.490
2026/04/29 15:45:24,520000,11.496
2026/04/29 15:45:24,521000,11.496
2026/04/29 15:45:24,522000,11.493
2026/04/29 15:45:24,523000,11.496
2026/04/29 15:45:24,524000,11.496
2026/04/29 15:45:24,525000,11.490
2026/04/29 15:45:24,526000,11.490
2026/04/29 15:45:24,527000,11.496
2026/04/29 15:45:24,528000,11.493
2026/04/29 15:45:24,529000,11.496
2026/04/29 15:45:24,530000,11.493
2026/04/29 15:45:24,531000,11.490
2026/04/29 15:45:24,532000,11.493
2026/04/29 15:45:24,533000,11.490
2026/04/29 15:45:24,534000,11.493
2026/04/29 15:45:24,535000,11.496
2026/04/29 15:45:24,536000,11.493
2026/04/29 15:45:24,537000,11.487
2026/04/29 15:45:24,538000,11.496
2026/04/29 15:45:24,539000,11.493
2026/04/29 15:45:24,540000,11.493
2026/04/29 15:45:24,541000,11.493
2026/04/29 15:45:24,542000,11.501
2026/04/29 15:45:24,543000,11.496
2026/04/29 15:45:24,544000,11.493
2026/04/29 15:45:24,545000,11.496
2026/04/29 15:45:24,546000,11.496
2026/04/29 15:45:24,547000,11.499
2026/04/29 15:45:24,548000,11.496
2026/04/29 15:45:24,549000,11.501
2026/04/29 15:45:24,550000,11.490
2026/04/29 15:45:24,551000,11.490
2026/04/29 15:45:24,552000,11.490
2026/04/29 15:45:24,553000,11.493
2026/04/29 15:45:24,554000,11.490
2026/04/29 15:45:24,555000,11.493
2026/04/29 15:45:24,556000,11.501
2026/04/29 15:45:24,557000,11.493
2026/04/29 15:45:24,558000,11.496
2026/04/29 15:45:24,559000,11.493
2026/04/29 15:45:24,560000,11.493
2026/04/29 15:45:24,561000,11.493
2026/04/29 15:45:24,562000,11.493
2026/04/29 15:45:24,563000,11.490
2026/04/29 15:45:24,564000,11.493
2026/04/29 15:45:24,565000,11.487
2026/04/29 15:45:24,566000,11.499
2026/04/29 15:45:24,567000,11.501
2026/04/29 15:45:24,568000,11.493
2026/04/29 15:45:24,569000,11.499
2026/04/29 15:45:24,570000,11.493
2026/04/29 15:45:24,571000,11.499
2026/04/29 15:45:24,572000,11.490
2026/04/29 15:45:24,573000,11.493
2026/04/29 15:45:24,574000,11.493
2026/04/29 15:45:24,575000,11.493
2026/04/29 15:45:24,576000,11.496
2026/04/29 15:45:24,577000,11.487
2026/04/29 15:45:24,578000,11.496
2026/04/29 15:45:24,579000,11.496
2026/04/29 15:45:24,580000,11.496
2026/04/29 15:45:24,581000,11.496
2026/04/29 15:45:24,582000,11.493
2026/04/29 15:45:24,583000,11.493
2026/04/29 15:45:24,584000,11.496
2026/04/29 15:45:24,585000,11.493
2026/04/29 15:45:24,586000,11.499
2026/04/29 15:45:24,587000,11.490
2026/04/29 15:45:24,588000,11.490
2026/04/29 15:45:24,589000,11.490
2026/04/29 15:45:24,590000,11.496
2026/04/29 15:45:24,591000,11.496
2026/04/29 15:45:24,592000,11.496
2026/04/29 15:45:24,593000,11.493
2026/04/29 15:45:24,594000,11.487
2026/04/29 15:45:24,595000,11.501
2026/04/29 15:45:24,596000,11.493
2026/04/29 15:45:24,597000,11.493
2026/04/29 15:45:24,598000,11.490
2026/04/29 15:45:24,599000,11.490
2026/04/29 15:45:24,600000,11.501
2026/04/29 15:45:24,601000,11.490
2026/04/29 15:45:24,602000,11.493
2026/04/29 15:45:24,603000,11.499
2026/04/29 15:45:24,604000,11.493
2026/04/29 15:45:24,605000,11.499
2026/04/29 15:45:24,606000,11.493
2026/04/29 15:45:24,607000,11.496
2026/04/29 15:45:24,608000,11.496
2026/04/29 15:45:24,609000,11.496
2026/04/29 15:45:24,610000,11.499
2026/04/29 15:45:24,611000,11.496
2026/04/29 15:45:24,612000,11.493
2026/04/29 15:45:24,613000,11.493
2026/04/29 15:45:24,614000,11.496
2026/04/29 15:45:24,615000,11.501
2026/04/29 15:45:24,616000,11.493
2026/04/29 15:45:24,617000,11.490
2026/04/29 15:45:24,618000,11.493
2026/04/29 15:45:24,619000,11.501
2026/04/29 15:45:24,620000,11.496
2026/04/29 15:45:24,621000,11.490
2026/04/29 15:45:24,622000,11.501
2026/04/29 15:45:24,623000,11.496
2026/04/29 15:45:24,624000,11.493
2026/04/29 15:45:24,625000,11.493
2026/04/29 15:45:24,626000,11.493
2026/04/29 15:45:24,627000,11.493
2026/04/29 15:45:24,628000,11.501
2026/04/29 15:45:24,629000,11.499
2026/04/29 15:45:24,630000,11.493
2026/04/29 15:45:24,631000,11.493
2026/04/29 15:45:24,632000,11.499
2026/04/29 15:45:24,633000,11.499
2026/04/29 15:45:24,634000,11.496
2026/04/29 15:45:24,635000,11.496
2026/04/29 15:45:24,636000,11.496
2026/04/29 15:45:24,637000,11.499
2026/04/29 15:45:24,638000,11.496
2026/04/29 15:45:24,639000,11.493
2026/04/29 15:45:24,640000,11.493
2026/04/29 15:45:24,641000,11.496
2026/04/29 15:45:24,642000,11.499
2026/04/29 15:45:24,643000,11.493
2026/04/29 15:45:24,644000,11.493
2026/04/29 15:45:24,645000,11.490
2026/04/29 15:45:24,646000,11.487
2026/04/29 15:45:24,647000,11.496
2026/04/29 15:45:24,648000,11.501
2026/04/29 15:45:24,649000,11.499
2026/04/29 15:45:24,650000,11.490
2026/04/29 15:45:24,651000,11.496
2026/04/29 15:45:24,652000,11.501
2026/04/29 15:45:24,653000,11.496
2026/04/29 15:45:24,654000,11.496
2026/04/29 15:45:24,655000,11.485
2026/04/29 15:45:24,656000,11.493
2026/04/29 15:45:24,657000,11.490
2026/04/29 15:45:24,658000,11.499
2026/04/29 15:45:24,659000,11.493
2026/04/29 15:45:24,660000,11.499
2026/04/29 15:45:24,661000,11.490
2026/04/29 15:45:24,662000,11.496
2026/04/29 15:45:24,663000,11.490
2026/04/29 15:45:24,664000,11.504
2026/04/29 15:45:24,665000,11.493
2026/04/29 15:45:24,666000,11.501
2026/04/29 15:45:24,667000,11.487
2026/04/29 15:45:24,668000,11.501
2026/04/29 15:45:24,669000,11.496
2026/04/29 15:45:24,670000,11.499
2026/04/29 15:45:24,671000,11.496
2026/04/29 15:45:24,672000,11.499
2026/04/29 15:45:24,673000,11.496
2026/04/29 15:45:24,674000,11.496
2026/04/29 15:45:24,675000,11.487
2026/04/29 15:45:24,676000,11.493
2026/04/29 15:45:24,677000,11.499
2026/04/29 15:45:24,678000,11.496
2026/04/29 15:45:24,679000,11.496
2026/04/29 15:45:24,680000,11.493
2026/04/29 15:45:24,681000,11.499
2026/04/29 15:45:24,682000,11.490
2026/04/29 15:45:24,683000,11.493
2026/04/29 15:45:24,684000,11.493
2026/04/29 15:45:24,685000,11.490
2026/04/29 15:45:24,686000,11.487
2026/04/29 15:45:24,687000,11.493
2026/04/29 15:45:24,688000,11.499
2026/04/29 15:45:24,689000,11.493
2026/04/29 15:45:24,690000,11.493
2026/04/29 15:45:24,691000,11.493
2026/04/29 15:45:24,692000,11.496
2026/04/29 15:45:24,693000,11.496
2026/04/29 15:45:24,694000,11.493
2026/04/29 15:45:24,695000,11.493
2026/04/29 15:45:24,696000,11.496
2026/04/29 15:45:24,697000,11.496
2026/04/29 15:45:24,698000,11.493
2026/04/29 15:45:24,699000,11.496
2026/04/29 15:45:24,700000,11.493
2026/04/29 15:45:24,701000,11.493
2026/04/29 15:45:24,702000,11.487
2026/04/29 15:45:24,703000,11.499
2026/04/29 15:45:24,704000,11.493
2026/04/29 15:45:24,705000,11.499
2026/04/29 15:45:24,706000,11.493
2026/04/29 15:45:24,707000,11.482
2026/04/29 15:45:24,708000,11.499
2026/04/29 15:45:24,709000,11.496
2026/04/29 15:45:24,710000,11.496
2026/04/29 15:45:24,711000,11.496
2026/04/29 15:45:24,712000,11.496
2026/04/29 15:45:24,713000,11.493
2026/04/29 15:45:24,714000,11.499
2026/04/29 15:45:24,715000,11.490
2026/04/29 15:45:24,716000,11.499
2026/04/29 15:45:24,717000,11.496
2026/04/29 15:45:24,718000,11.499
2026/04/29 15:45:24,719000,11.499
2026/04/29 15:45:24,720000,11.501
2026/04/29 15:45:24,721000,11.496
2026/04/29 15:45:24,722000,11.499
2026/04/29 15:45:24,723000,11.499
2026/04/29 15:45:24,724000,11.496
2026/04/29 15:45:24,725000,11.496
2026/04/29 15:45:24,726000,11.501
2026/04/29 15:45:24,727000,11.499
2026/04/29 15:45:24,728000,11.493
2026/04/29 15:45:24,729000,11.496
2026/04/29 15:45:24,730000,11.496
2026/04/29 15:45:24,731000,11.496
2026/04/29 15:45:24,732000,11.493
2026/04/29 15:45:24,733000,11.490
2026/04/29 15:45:24,734000,11.496
2026/04/29 15:45:24,735000,11.490
2026/04/29 15:45:24,736000,11.499
2026/04/29 15:45:24,737000,11.496
2026/04/29 15:45:24,738000,11.490
2026/04/29 15:45:24,739000,11.496
2026/04/29 15:45:24,740000,11.496
2026/04/29 15:45:24,741000,11.487
2026/04/29 15:45:24,742000,11.493
2026/04/29 15:45:24,743000,11.493
2026/04/29 15:45:24,744000,11.499
2026/04/29 15:45:24,745000,11.499
2026/04/29 15:45:24,746000,11.499
2026/04/29 15:45:24,747000,11.499
2026/04/29 15:45:24,748000,11.499
2026/04/29 15:45:24,749000,11.487
2026/04/29 15:45:24,750000,11.487
2026/04/29 15:45:24,751000,11.493
2026/04/29 15:45:24,752000,11.493
2026/04/29 15:45:24,753000,11.496
2026/04/29 15:45:24,754000,11.493
2026/04/29 15:45:24,755000,11.490
2026/04/29 15:45:24,756000,11.496
2026/04/29 15:45:24,757000,11.493
2026/04/29 15:45:24,758000,11.490
2026/04/29 15:45:24,759000,11.499
2026/04/29 15:45:24,760000,11.499
2026/04/29 15:45:24,761000,11.499
2026/04/29 15:45:24,762000,11.499
2026/04/29 15:45:24,763000,11.490
2026/04/29 15:45:24,764000,11.490
2026/04/29 15:45:24,765000,11.496
2026/04/29 15:45:24,766000,11.493
2026/04/29 15:45:24,767000,11.490
2026/04/29 15:45:24,768000,11.490
2026/04/29 15:45:24,769000,11.493
2026/04/29 15:45:24,770000,11.493
2026/04/29 15:45:24,771000,11.493
2026/04/29 15:45:24,772000,11.496
2026/04/29 15:45:24,773000,11.501
2026/04/29 15:45:24,774000,11.501
2026/04/29 15:45:24,775000,11.493
2026/04/29 15:45:24,776000,11.496
2026/04/29 15:45:24,777000,11.493
2026/04/29 15:45:24,778000,11.490
2026/04/29 15:45:24,779000,11.496
2026/04/29 15:45:24,780000,11.493
2026/04/29 15:45:24,781000,11.501
2026/04/29 15:45:24,782000,11.496
2026/04/29 15:45:24,783000,11.496
2026/04/29 15:45:24,784000,11.504
2026/04/29 15:45:24,785000,11.493
2026/04/29 15:45:24,786000,11.496
2026/04/29 15:45:24,787000,11.493
2026/04/29 15:45:24,788000,11.493
2026/04/29 15:45:24,789000,11.496
2026/04/29 15:45:24,790000,11.496
2026/04/29 15:45:24,791000,11.493
2026/04/29 15:45:24,792000,11.499
2026/04/29 15:45:24,793000,11.493
2026/04/29 15:45:24,794000,11.496
2026/04/29 15:45:24,795000,11.490
2026/04/29 15:45:24,796000,11.490
2026/04/29 15:45:24,797000,11.496
2026/04/29 15:45:24,798000,11.493
2026/04/29 15:45:24,799000,11.496
2026/04/29 15:45:24,800000,11.496
2026/04/29 15:45:24,801000,11.499
2026/04/29 15:45:24,802000,11.501
2026/04/29 15:45:24,803000,11.490
2026/04/29 15:45:24,804000,11.493
2026/04/29 15:45:24,805000,11.493
2026/04/29 15:45:24,806000,11.493
2026/04/29 15:45:24,807000,11.493
2026/04/29 15:45:24,808000,11.496
2026/04/29 15:45:24,809000,11.496
2026/04/29 15:45:24,810000,11.493
2026/04/29 15:45:24,811000,11.496
2026/04/29 15:45:24,812000,11.496
2026/04/29 15:45:24,813000,11.490
2026/04/29 15:45:24,814000,11.490
2026/04/29 15:45:24,815000,11.496
2026/04/29 15:45:24,816000,11.493
2026/04/29 15:45:24,817000,11.493
2026/04/29 15:45:24,818000,11.493
2026/04/29 15:45:24,819000,11.499
2026/04/29 15:45:24,820000,11.499
2026/04/29 15:45:24,821000,11.496
2026/04/29 15:45:24,822000,11.496
2026/04/29 15:45:24,823000,11.493
2026/04/29 15:45:24,824000,11.487
2026/04/29 15:45:24,825000,11.493
2026/04/29 15:45:24,826000,11.493
2026/04/29 15:45:24,827000,11.496
2026/04/29 15:45:24,828000,11.493
2026/04/29 15:45:24,829000,11.490
2026/04/29 15:45:24,830000,11.493
2026/04/29 15:45:24,831000,11.493
2026/04/29 15:45:24,832000,11.490
2026/04/29 15:45:24,833000,11.499
2026/04/29 15:45:24,834000,11.490
2026/04/29 15:45:24,835000,11.490
2026/04/29 15:45:24,836000,11.496
2026/04/29 15:45:24,837000,11.490
2026/04/29 15:45:24,838000,11.499
2026/04/29 15:45:24,839000,11.493
2026/04/29 15:45:24,840000,11.493
2026/04/29 15:45:24,841000,11.496
2026/04/29 15:45:24,842000,11.493
2026/04/29 15:45:24,843000,11.490
2026/04/29 15:45:24,844000,11.493
2026/04/29 15:45:24,845000,11.499
2026/04/29 15:45:24,846000,11.490
2026/04/29 15:45:24,847000,11.493
2026/04/29 15:45:24,848000,11.501
2026/04/29 15:45:24,849000,11.496
2026/04/29 15:45:24,850000,11.493
2026/04/29 15:45:24,851000,11.490
2026/04/29 15:45:24,852000,11.493
2026/04/29 15:45:24,853000,11.493
2026/04/29 15:45:24,854000,11.493
2026/04/29 15:45:24,855000,11.499
2026/04/29 15:45:24,856000,11.496
2026/04/29 15:45:24,857000,11.493
2026/04/29 15:45:24,858000,11.496
2026/04/29 15:45:24,859000,11.496
2026/04/29 15:45:24,860000,11.490
2026/04/29 15:45:24,861000,11.496
2026/04/29 15:45:24,862000,11.493
2026/04/29 15:45:24,863000,11.490
2026/04/29 15:45:24,864000,11.487
2026/04/29 15:45:24,865000,11.490
2026/04/29 15:45:24,866000,11.501
2026/04/29 15:45:24,867000,11.493
2026/04/29 15:45:24,868000,11.482
2026/04/29 15:45:24,869000,11.490
2026/04/29 15:45:24,870000,11.499
2026/04/29 15:45:24,871000,11.487
2026/04/29 15:45:24,872000,11.499
2026/04/29 15:45:24,873000,11.499
2026/04/29 15:45:24,874000,11.487
2026/04/29 15:45:24,875000,11.493
2026/04/29 15:45:24,876000,11.493
2026/04/29 15:45:24,877000,11.493
2026/04/29 15:45:24,878000,11.493
2026/04/29 15:45:24,879000,11.501
2026/04/29 15:45:24,880000,11.490
2026/04/29 15:45:24,881000,11.493
2026/04/29 15:45:24,882000,11.496
2026/04/29 15:45:24,883000,11.490
2026/04/29 15:45:24,884000,11.487
2026/04/29 15:45:24,885000,11.496
2026/04/29 15:45:24,886000,11.493
2026/04/29 15:45:24,887000,11.493
2026/04/29 15:45:24,888000,11.490
2026/04/29 15:45:24,889000,11.493
2026/04/29 15:45:24,890000,11.496
2026/04/29 15:45:24,891000,11.496
2026/04/29 15:45:24,892000,11.493
2026/04/29 15:45:24,893000,11.490
2026/04/29 15:45:24,894000,11.490
2026/04/29 15:45:24,895000,11.490
2026/04/29 15:45:24,896000,11.493
2026/04/29 15:45:24,897000,11.493
2026/04/29 15:45:24,898000,11.490
2026/04/29 15:45:24,899000,11.496
2026/04/29 15:45:24,900000,11.493
2026/04/29 15:45:24,901000,11.499
2026/04/29 15:45:24,902000,11.485
2026/04/29 15:45:24,903000,11.493
2026/04/29 15:45:24,904000,11.485
2026/04/29 15:45:24,905000,11.493
2026/04/29 15:45:24,906000,11.499
2026/04/29 15:45:24,907000,11.496
2026/04/29 15:45:24,908000,11.487
2026/04/29 15:45:24,909000,11.496
2026/04/29 15:45:24,910000,11.493
2026/04/29 15:45:24,911000,11.493
2026/04/29 15:45:24,912000,11.496
2026/04/29 15:45:24,913000,11.496
2026/04/29 15:45:24,914000,11.499
2026/04/29 15:45:24,915000,11.501
2026/04/29 15:45:24,916000,11.493
2026/04/29 15:45:24,917000,11.493
2026/04/29 15:45:24,918000,11.493
2026/04/29 15:45:24,919000,11.496
2026/04/29 15:45:24,920000,11.493
2026/04/29 15:45:24,921000,11.493
2026/04/29 15:45:24,922000,11.493
2026/04/29 15:45:24,923000,11.499
2026/04/29 15:45:24,924000,11.493
2026/04/29 15:45:24,925000,11.493
2026/04/29 15:45:24,926000,11.496
2026/04/29 15:45:24,927000,11.504
2026/04/29 15:45:24,928000,11.493
2026/04/29 15:45:24,929000,11.501
2026/04/29 15:45:24,930000,11.493
2026/04/29 15:45:24,931000,11.496
2026/04/29 15:45:24,932000,11.499
2026/04/29 15:45:24,933000,11.493
2026/04/29 15:45:24,934000,11.493
2026/04/29 15:45:24,935000,11.493
2026/04/29 15:45:24,936000,11.487
2026/04/29 15:45:24,937000,11.496
2026/04/29 15:45:24,938000,11.487
2026/04/29 15:45:24,939000,11.496
2026/04/29 15:45:24,940000,11.504
2026/04/29 15:45:24,941000,11.501
2026/04/29 15:45:24,942000,11.493
2026/04/29 15:45:24,943000,11.496
2026/04/29 15:45:24,944000,11.493
2026/04/29 15:45:24,945000,11.496
2026/04/29 15:45:24,946000,11.493
2026/04/29 15:45:24,947000,11.499
2026/04/29 15:45:24,948000,11.493
2026/04/29 15:45:24,949000,11.496
2026/04/29 15:45:24,950000,11.490
2026/04/29 15:45:24,951000,11.490
2026/04/29 15:45:24,952000,11.493
2026/04/29 15:45:24,953000,11.496
2026/04/29 15:45:24,954000,11.490
2026/04/29 15:45:24,955000,11.496
2026/04/29 15:45:24,956000,11.493
2026/04/29 15:45:24,957000,11.499
2026/04/29 15:45:24,958000,11.493
2026/04/29 15:45:24,959000,11.493
2026/04/29 15:45:24,960000,11.496
2026/04/29 15:45:24,961000,11.496
2026/04/29 15:45:24,962000,11.493
2026/04/29 15:45:24,963000,11.499
2026/04/29 15:45:24,964000,11.496
2026/04/29 15:45:24,965000,11.496
2026/04/29 15:45:24,966000,11.496
2026/04/29 15:45:24,967000,11.496
2026/04/29 15:45:24,968000,11.493
2026/04/29 15:45:24,969000,11.496
2026/04/29 15:45:24,970000,11.499
2026/04/29 15:45:24,971000,11.499
2026/04/29 15:45:24,972000,11.493
2026/04/29 15:45:24,973000,11.501
2026/04/29 15:45:24,974000,11.493
2026/04/29 15:45:24,975000,11.490
2026/04/29 15:45:24,976000,11.499
2026/04/29 15:45:24,977000,11.499
2026/04/29 15:45:24,978000,11.501
2026/04/29 15:45:24,979000,11.496
2026/04/29 15:45:24,980000,11.496
2026/04/29 15:45:24,981000,11.499
2026/04/29 15:45:24,982000,11.493
2026/04/29 15:45:24,983000,11.499
2026/04/29 15:45:24,984000,11.493
2026/04/29 15:45:24,985000,11.493
2026/04/29 15:45:24,986000,11.493
2026/04/29 15:45:24,987000,11.496
2026/04/29 15:45:24,988000,11.493
2026/04/29 15:45:24,989000,11.490
2026/04/29 15:45:24,990000,11.493
2026/04/29 15:45:24,991000,11.499
2026/04/29 15:45:24,992000,11.493
2026/04/29 15:45:24,993000,11.490
2026/04/29 15:45:24,994000,11.493
2026/04/29 15:45:24,995000,11.490
2026/04/29 15:45:24,996000,11.493
2026/04/29 15:45:24,997000,11.496
2026/04/29 15:45:24,998000,11.496
2026/04/29 15:45:24,999000,11.499
2026/04/29 15:45:25,000000,11.493
2026/04/29 15:45:25,001000,11.499
2026/04/29 15:45:25,002000,11.490
2026/04/29 15:45:25,003000,11.493
2026/04/29 15:45:25,004000,11.493
2026/04/29 15:45:25,005000,11.493
2026/04/29 15:45:25,006000,11.496
2026/04/29 15:45:25,007000,11.499
2026/04/29 15:45:25,008000,11.490
2026/04/29 15:45:25,009000,11.496
2026/04/29 15:45:25,010000,11.501
2026/04/29 15:45:25,011000,11.490
2026/04/29 15:45:25,012000,11.493
2026/04/29 15:45:25,013000,11.496
2026/04/29 15:45:25,014000,11.490
2026/04/29 15:45:25,015000,11.499
2026/04/29 15:45:25,016000,11.490
2026/04/29 15:45:25,017000,11.493
2026/04/29 15:45:25,018000,11.499
2026/04/29 15:45:25,019000,11.493
2026/04/29 15:45:25,020000,11.496
2026/04/29 15:45:25,021000,11.496
2026/04/29 15:45:25,022000,11.493
2026/04/29 15:45:25,023000,11.487
2026/04/29 15:45:25,024000,11.496
2026/04/29 15:45:25,025000,11.493
2026/04/29 15:45:25,026000,11.493
2026/04/29 15:45:25,027000,11.496
2026/04/29 15:45:25,028000,11.499
2026/04/29 15:45:25,029000,11.496
2026/04/29 15:45:25,030000,11.496
2026/04/29 15:45:25,031000,11.496
2026/04/29 15:45:25,032000,11.496
2026/04/29 15:45:25,033000,11.490
2026/04/29 15:45:25,034000,11.493
2026/04/29 15:45:25,035000,11.485
2026/04/29 15:45:25,036000,11.493
2026/04/29 15:45:25,037000,11.496
2026/04/29 15:45:25,038000,11.490
2026/04/29 15:45:25,039000,11.493
2026/04/29 15:45:25,040000,11.493
2026/04/29 15:45:25,041000,11.496
2026/04/29 15:45:25,042000,11.490
2026/04/29 15:45:25,043000,11.496
2026/04/29 15:45:25,044000,11.490
2026/04/29 15:45:25,045000,11.493
2026/04/29 15:45:25,046000,11.496
2026/04/29 15:45:25,047000,11.499
2026/04/29 15:45:25,048000,11.493
2026/04/29 15:45:25,049000,11.499
2026/04/29 15:45:25,050000,11.493
2026/04/29 15:45:25,051000,11.501
2026/04/29 15:45:25,052000,11.496
2026/04/29 15:45:25,053000,11.487
2026/04/29 15:45:25,054000,11.496
2026/04/29 15:45:25,055000,11.493
2026/04/29 15:45:25,056000,11.499
2026/04/29 15:45:25,057000,11.493
2026/04/29 15:45:25,058000,11.490
2026/04/29 15:45:25,059000,11.499
2026/04/29 15:45:25,060000,11.496
2026/04/29 15:45:25,061000,11.496
2026/04/29 15:45:25,062000,11.496
2026/04/29 15:45:25,063000,11.493
2026/04/29 15:45:25,064000,11.493
2026/04/29 15:45:25,065000,11.499
2026/04/29 15:45:25,066000,11.496
2026/04/29 15:45:25,067000,11.490
2026/04/29 15:45:25,068000,11.493
2026/04/29 15:45:25,069000,11.496
2026/04/29 15:45:25,070000,11.499
2026/04/29 15:45:25,071000,11.496
2026/04/29 15:45:25,072000,11.496
2026/04/29 15:45:25,073000,11.493
2026/04/29 15:45:25,074000,11.493
2026/04/29 15:45:25,075000,11.496
2026/04/29 15:45:25,076000,11.496
2026/04/29 15:45:25,077000,11.493
2026/04/29 15:45:25,078000,11.493
2026/04/29 15:45:25,079000,11.504
2026/04/29 15:45:25,080000,11.493
2026/04/29 15:45:25,081000,11.499
2026/04/29 15:45:25,082000,11.496
2026/04/29 15:45:25,083000,11.490
2026/04/29 15:45:25,084000,11.493
2026/04/29 15:45:25,085000,11.496
2026/04/29 15:45:25,086000,11.496
2026/04/29 15:45:25,087000,11.499
2026/04/29 15:45:25,088000,11.499
2026/04/29 15:45:25,089000,11.499
2026/04/29 15:45:25,090000,11.496
2026/04/29 15:45:25,091000,11.493
2026/04/29 15:45:25,092000,11.493
2026/04/29 15:45:25,093000,11.493
2026/04/29 15:45:25,094000,11.499
2026/04/29 15:45:25,095000,11.499
2026/04/29 15:45:25,096000,11.499
2026/04/29 15:45:25,097000,11.493
2026/04/29 15:45:25,098000,11.499
2026/04/29 15:45:25,099000,11.493
2026/04/29 15:45:25,100000,11.501
2026/04/29 15:45:25,101000,11.490
2026/04/29 15:45:25,102000,11.496
2026/04/29 15:45:25,103000,11.493
2026/04/29 15:45:25,104000,11.501
2026/04/29 15:45:25,105000,11.496
2026/04/29 15:45:25,106000,11.501
2026/04/29 15:45:25,107000,11.493
2026/04/29 15:45:25,108000,11.499
2026/04/29 15:45:25,109000,11.493
2026/04/29 15:45:25,110000,11.501
2026/04/29 15:45:25,111000,11.496
2026/04/29 15:45:25,112000,11.493
2026/04/29 15:45:25,113000,11.493
2026/04/29 15:45:25,114000,11.490
2026/04/29 15:45:25,115000,11.496
2026/04/29 15:45:25,116000,11.493
2026/04/29 15:45:25,117000,11.501
2026/04/29 15:45:25,118000,11.493
2026/04/29 15:45:25,119000,11.487
2026/04/29 15:45:25,120000,11.493
2026/04/29 15:45:25,121000,11.496
2026/04/29 15:45:25,122000,11.493
2026/04/29 15:45:25,123000,11.493
2026/04/29 15:45:25,124000,11.490
2026/04/29 15:45:25,125000,11.493
2026/04/29 15:45:25,126000,11.496
2026/04/29 15:45:25,127000,11.493
2026/04/29 15:45:25,128000,11.496
2026/04/29 15:45:25,129000,11.490
2026/04/29 15:45:25,130000,11.501
2026/04/29 15:45:25,131000,11.499
2026/04/29 15:45:25,132000,11.487
2026/04/29 15:45:25,133000,11.493
2026/04/29 15:45:25,134000,11.493
2026/04/29 15:45:25,135000,11.493
2026/04/29 15:45:25,136000,11.490
2026/04/29 15:45:25,137000,11.490
2026/04/29 15:45:25,138000,11.501
2026/04/29 15:45:25,139000,11.499
2026/04/29 15:45:25,140000,11.493
2026/04/29 15:45:25,141000,11.493
2026/04/29 15:45:25,142000,11.493
2026/04/29 15:45:25,143000,11.493
2026/04/29 15:45:25,144000,11.490
2026/04/29 15:45:25,145000,11.493
2026/04/29 15:45:25,146000,11.493
2026/04/29 15:45:25,147000,11.496
2026/04/29 15:45:25,148000,11.504
2026/04/29 15:45:25,149000,11.490
2026/04/29 15:45:25,150000,11.496
2026/04/29 15:45:25,151000,11.490
2026/04/29 15:45:25,152000,11.487
2026/04/29 15:45:25,153000,11.493
2026/04/29 15:45:25,154000,11.493
2026/04/29 15:45:25,155000,11.493
2026/04/29 15:45:25,156000,11.493
2026/04/29 15:45:25,157000,11.493
2026/04/29 15:45:25,158000,11.499
2026/04/29 15:45:25,159000,11.496
2026/04/29 15:45:25,160000,11.490
2026/04/29 15:45:25,161000,11.496
2026/04/29 15:45:25,162000,11.496
2026/04/29 15:45:25,163000,11.499
2026/04/29 15:45:25,164000,11.493
2026/04/29 15:45:25,165000,11.499
2026/04/29 15:45:25,166000,11.493
2026/04/29 15:45:25,167000,11.493
2026/04/29 15:45:25,168000,11.496
2026/04/29 15:45:25,169000,11.496
2026/04/29 15:45:25,170000,11.490
2026/04/29 15:45:25,171000,11.493
2026/04/29 15:45:25,172000,11.499
2026/04/29 15:45:25,173000,11.501
2026/04/29 15:45:25,174000,11.496
2026/04/29 15:45:25,175000,11.490
2026/04/29 15:45:25,176000,11.499
2026/04/29 15:45:25,177000,11.490
2026/04/29 15:45:25,178000,11.501
2026/04/29 15:45:25,179000,11.496
2026/04/29 15:45:25,180000,11.493
2026/04/29 15:45:25,181000,11.493
2026/04/29 15:45:25,182000,11.499
2026/04/29 15:45:25,183000,11.493
2026/04/29 15:45:25,184000,11.487
2026/04/29 15:45:25,185000,11.496
2026/04/29 15:45:25,186000,11.493
2026/04/29 15:45:25,187000,11.499
2026/04/29 15:45:25,188000,11.496
2026/04/29 15:45:25,189000,11.493
2026/04/29 15:45:25,190000,11.493
2026/04/29 15:45:25,191000,11.493
2026/04/29 15:45:25,192000,11.490
2026/04/29 15:45:25,193000,11.493
2026/04/29 15:45:25,194000,11.496
2026/04/29 15:45:25,195000,11.490
2026/04/29 15:45:25,196000,11.496
2026/04/29 15:45:25,197000,11.496
2026/04/29 15:45:25,198000,11.496
2026/04/29 15:45:25,199000,11.501
2026/04/29 15:45:25,200000,11.485
2026/04/29 15:45:25,201000,11.493
2026/04/29 15:45:25,202000,11.496
2026/04/29 15:45:25,203000,11.499
2026/04/29 15:45:25,204000,11.490
2026/04/29 15:45:25,205000,11.493
2026/04/29 15:45:25,206000,11.487
2026/04/29 15:45:25,207000,11.499
2026/04/29 15:45:25,208000,11.493
2026/04/29 15:45:25,209000,11.493
2026/04/29 15:45:25,210000,11.490
2026/04/29 15:45:25,211000,11.493
2026/04/29 15:45:25,212000,11.493
2026/04/29 15:45:25,213000,11.493
2026/04/29 15:45:25,214000,11.490
2026/04/29 15:45:25,215000,11.493
2026/04/29 15:45:25,216000,11.496
2026/04/29 15:45:25,217000,11.496
2026/04/29 15:45:25,218000,11.496
2026/04/29 15:45:25,219000,11.499
2026/04/29 15:45:25,220000,11.493
2026/04/29 15:45:25,221000,11.499
2026/04/29 15:45:25,222000,11.493
2026/04/29 15:45:25,223000,11.501
2026/04/29 15:45:25,224000,11.493
2026/04/29 15:45:25,225000,11.496
2026/04/29 15:45:25,226000,11.493
2026/04/29 15:45:25,227000,11.490
2026/04/29 15:45:25,228000,11.496
2026/04/29 15:45:25,229000,11.496
2026/04/29 15:45:25,230000,11.507
2026/04/29 15:45:25,231000,11.496
2026/04/29 15:45:25,232000,11.499
2026/04/29 15:45:25,233000,11.496
2026/04/29 15:45:25,234000,11.501
2026/04/29 15:45:25,235000,11.493
2026/04/29 15:45:25,236000,11.499
2026/04/29 15:45:25,237000,11.493
2026/04/29 15:45:25,238000,11.493
2026/04/29 15:45:25,239000,11.490
2026/04/29 15:45:25,240000,11.501
2026/04/29 15:45:25,241000,11.496
2026/04/29 15:45:25,242000,11.493
2026/04/29 15:45:25,243000,11.496
2026/04/29 15:45:25,244000,11.496
2026/04/29 15:45:25,245000,11.493
2026/04/29 15:45:25,246000,11.493
2026/04/29 15:45:25,247000,11.499
2026/04/29 15:45:25,248000,11.493
2026/04/29 15:45:25,249000,11.490
2026/04/29 15:45:25,250000,11.499
2026/04/29 15:45:25,251000,11.493
2026/04/29 15:45:25,252000,11.493
2026/04/29 15:45:25,253000,11.493
2026/04/29 15:45:25,254000,11.507
2026/04/29 15:45:25,255000,11.504
2026/04/29 15:45:25,256000,11.493
2026/04/29 15:45:25,257000,11.493
2026/04/29 15:45:25,258000,11.499
2026/04/29 15:45:25,259000,11.493
2026/04/29 15:45:25,260000,11.496
2026/04/29 15:45:25,261000,11.493
2026/04/29 15:45:25,262000,11.499
2026/04/29 15:45:25,263000,11.499
2026/04/29 15:45:25,264000,11.493
2026/04/29 15:45:25,265000,11.496
2026/04/29 15:45:25,266000,11.496
2026/04/29 15:45:25,267000,11.493
2026/04/29 15:45:25,268000,11.493
2026/04/29 15:45:25,269000,11.501
2026/04/29 15:45:25,270000,11.493
2026/04/29 15:45:25,271000,11.499
2026/04/29 15:45:25,272000,11.493
2026/04/29 15:45:25,273000,11.490
2026/04/29 15:45:25,274000,11.499
2026/04/29 15:45:25,275000,11.499
2026/04/29 15:45:25,276000,11.493
2026/04/29 15:45:25,277000,11.490
2026/04/29 15:45:25,278000,11.499
2026/04/29 15:45:25,279000,11.496
2026/04/29 15:45:25,280000,11.490
2026/04/29 15:45:25,281000,11.493
2026/04/29 15:45:25,282000,11.496
2026/04/29 15:45:25,283000,11.499
2026/04/29 15:45:25,284000,11.487
2026/04/29 15:45:25,285000,11.493
2026/04/29 15:45:25,286000,11.499
2026/04/29 15:45:25,287000,11.499
2026/04/29 15:45:25,288000,11.493
2026/04/29 15:45:25,289000,11.493
2026/04/29 15:45:25,290000,11.490
2026/04/29 15:45:25,291000,11.504
2026/04/29 15:45:25,292000,11.499
2026/04/29 15:45:25,293000,11.496
2026/04/29 15:45:25,294000,11.496
2026/04/29 15:45:25,295000,11.499
2026/04/29 15:45:25,296000,11.493
2026/04/29 15:45:25,297000,11.499
2026/04/29 15:45:25,298000,11.493
2026/04/29 15:45:25,299000,11.490
2026/04/29 15:45:25,300000,11.493
2026/04/29 15:45:25,301000,11.496
2026/04/29 15:45:25,302000,11.493
2026/04/29 15:45:25,303000,11.493
2026/04/29 15:45:25,304000,11.493
2026/04/29 15:45:25,305000,11.493
2026/04/29 15:45:25,306000,11.499
2026/04/29 15:45:25,307000,11.493
2026/04/29 15:45:25,308000,11.493
2026/04/29 15:45:25,309000,11.493
2026/04/29 15:45:25,310000,11.496
2026/04/29 15:45:25,311000,11.493
2026/04/29 15:45:25,312000,11.493
2026/04/29 15:45:25,313000,11.490
2026/04/29 15:45:25,314000,11.493
2026/04/29 15:45:25,315000,11.493
2026/04/29 15:45:25,316000,11.499
2026/04/29 15:45:25,317000,11.493
2026/04/29 15:45:25,318000,11.501
2026/04/29 15:45:25,319000,11.501
2026/04/29 15:45:25,320000,11.493
2026/04/29 15:45:25,321000,11.499
2026/04/29 15:45:25,322000,11.496
2026/04/29 15:45:25,323000,11.490
2026/04/29 15:45:25,324000,11.499
2026/04/29 15:45:25,325000,11.487
2026/04/29 15:45:25,326000,11.493
2026/04/29 15:45:25,327000,11.501
2026/04/29 15:45:25,328000,11.499
2026/04/29 15:45:25,329000,11.496
2026/04/29 15:45:25,330000,11.499
2026/04/29 15:45:25,331000,11.496
2026/04/29 15:45:25,332000,11.501
2026/04/29 15:45:25,333000,11.493
2026/04/29 15:45:25,334000,11.496
2026/04/29 15:45:25,335000,11.499
2026/04/29 15:45:25,336000,11.487
2026/04/29 15:45:25,337000,11.496
2026/04/29 15:45:25,338000,11.493
2026/04/29 15:45:25,339000,11.490
2026/04/29 15:45:25,340000,11.490
2026/04/29 15:45:25,341000,11.493
2026/04/29 15:45:25,342000,11.490
2026/04/29 15:45:25,343000,11.496
2026/04/29 15:45:25,344000,11.496
2026/04/29 15:45:25,345000,11.496
2026/04/29 15:45:25,346000,11.493
2026/04/29 15:45:25,347000,11.490
2026/04/29 15:45:25,348000,11.496
2026/04/29 15:45:25,349000,11.493
2026/04/29 15:45:25,350000,11.487
2026/04/29 15:45:25,351000,11.493
2026/04/29 15:45:25,352000,11.493
2026/04/29 15:45:25,353000,11.496
2026/04/29 15:45:25,354000,11.493
2026/04/29 15:45:25,355000,11.493
2026/04/29 15:45:25,356000,11.499
2026/04/29 15:45:25,357000,11.496
2026/04/29 15:45:25,358000,11.490
2026/04/29 15:45:25,359000,11.493
2026/04/29 15:45:25,360000,11.490
2026/04/29 15:45:25,361000,11.490
2026/04/29 15:45:25,362000,11.493
2026/04/29 15:45:25,363000,11.482
2026/04/29 15:45:25,364000,11.496
2026/04/29 15:45:25,365000,11.496
2026/04/29 15:45:25,366000,11.501
2026/04/29 15:45:25,367000,11.487
2026/04/29 15:45:25,368000,11.493
2026/04/29 15:45:25,369000,11.493
2026/04/29 15:45:25,370000,11.496
2026/04/29 15:45:25,371000,11.496
2026/04/29 15:45:25,372000,11.499
2026/04/29 15:45:25,373000,11.499
2026/04/29 15:45:25,374000,11.493
2026/04/29 15:45:25,375000,11.496
2026/04/29 15:45:25,376000,11.496
2026/04/29 15:45:25,377000,11.496
2026/04/29 15:45:25,378000,11.493
2026/04/29 15:45:25,379000,11.493
2026/04/29 15:45:25,380000,11.496
2026/04/29 15:45:25,381000,11.487
2026/04/29 15:45:25,382000,11.499
2026/04/29 15:45:25,383000,11.493
2026/04/29 15:45:25,384000,11.496
2026/04/29 15:45:25,385000,11.485
2026/04/29 15:45:25,386000,11.493
2026/04/29 15:45:25,387000,11.493
2026/04/29 15:45:25,388000,11.496
2026/04/29 15:45:25,389000,11.493
2026/04/29 15:45:25,390000,11.496
2026/04/29 15:45:25,391000,11.499
2026/04/29 15:45:25,392000,11.490
2026/04/29 15:45:25,393000,11.493
2026/04/29 15:45:25,394000,11.496
2026/04/29 15:45:25,395000,11.493
2026/04/29 15:45:25,396000,11.496
2026/04/29 15:45:25,397000,11.490
2026/04/29 15:45:25,398000,11.493
2026/04/29 15:45:25,399000,11.493
2026/04/29 15:45:25,400000,11.499
2026/04/29 15:45:25,401000,11.490
2026/04/29 15:45:25,402000,11.493
2026/04/29 15:45:25,403000,11.501
2026/04/29 15:45:25,404000,11.493
2026/04/29 15:45:25,405000,11.499
2026/04/29 15:45:25,406000,11.485
2026/04/29 15:45:25,407000,11.490
2026/04/29 15:45:25,408000,11.501
2026/04/29 15:45:25,409000,11.499
2026/04/29 15:45:25,410000,11.493
2026/04/29 15:45:25,411000,11.499
2026/04/29 15:45:25,412000,11.499
2026/04/29 15:45:25,413000,11.493
2026/04/29 15:45:25,414000,11.496
2026/04/29 15:45:25,415000,11.493
2026/04/29 15:45:25,416000,11.490
2026/04/29 15:45:25,417000,11.493
2026/04/29 15:45:25,418000,11.485
2026/04/29 15:45:25,419000,11.487
2026/04/29 15:45:25,420000,11.490
2026/04/29 15:45:25,421000,11.496
2026/04/29 15:45:25,422000,11.493
2026/04/29 15:45:25,423000,11.496
2026/04/29 15:45:25,424000,11.493
2026/04/29 15:45:25,425000,11.493
2026/04/29 15:45:25,426000,11.499
2026/04/29 15:45:25,427000,11.499
2026/04/29 15:45:25,428000,11.499
2026/04/29 15:45:25,429000,11.496
2026/04/29 15:45:25,430000,11.493
2026/04/29 15:45:25,431000,11.501
2026/04/29 15:45:25,432000,11.493
2026/04/29 15:45:25,433000,11.490
2026/04/29 15:45:25,434000,11.493
2026/04/29 15:45:25,435000,11.499
2026/04/29 15:45:25,436000,11.493
2026/04/29 15:45:25,437000,11.493
2026/04/29 15:45:25,438000,11.493
2026/04/29 15:45:25,439000,11.499
2026/04/29 15:45:25,440000,11.499
2026/04/29 15:45:25,441000,11.490
2026/04/29 15:45:25,442000,11.490
2026/04/29 15:45:25,443000,11.496
2026/04/29 15:45:25,444000,11.493
2026/04/29 15:45:25,445000,11.493
2026/04/29 15:45:25,446000,11.493
2026/04/29 15:45:25,447000,11.490
2026/04/29 15:45:25,448000,11.496
2026/04/29 15:45:25,449000,11.499
2026/04/29 15:45:25,450000,11.493
2026/04/29 15:45:25,451000,11.490
2026/04/29 15:45:25,452000,11.496
2026/04/29 15:45:25,453000,11.493
2026/04/29 15:45:25,454000,11.490
2026/04/29 15:45:25,455000,11.501
2026/04/29 15:45:25,456000,11.493
2026/04/29 15:45:25,457000,11.493
2026/04/29 15:45:25,458000,11.490
2026/04/29 15:45:25,459000,11.490
2026/04/29 15:45:25,460000,11.493
2026/04/29 15:45:25,461000,11.496
2026/04/29 15:45:25,462000,11.493
2026/04/29 15:45:25,463000,11.499
2026/04/29 15:45:25,464000,11.493
2026/04/29 15:45:25,465000,11.499
2026/04/29 15:45:25,466000,11.501
2026/04/29 15:45:25,467000,11.499
2026/04/29 15:45:25,468000,11.501
2026/04/29 15:45:25,469000,11.493
2026/04/29 15:45:25,470000,11.499
2026/04/29 15:45:25,471000,11.493
2026/04/29 15:45:25,472000,11.499
2026/04/29 15:45:25,473000,11.493
2026/04/29 15:45:25,474000,11.493
2026/04/29 15:45:25,475000,11.496
2026/04/29 15:45:25,476000,11.499
2026/04/29 15:45:25,477000,11.496
2026/04/29 15:45:25,478000,11.499
2026/04/29 15:45:25,479000,11.493
2026/04/29 15:45:25,480000,11.493
2026/04/29 15:45:25,481000,11.496
2026/04/29 15:45:25,482000,11.493
2026/04/29 15:45:25,483000,11.496
2026/04/29 15:45:25,484000,11.493
2026/04/29 15:45:25,485000,11.499
2026/04/29 15:45:25,486000,11.496
2026/04/29 15:45:25,487000,11.496
2026/04/29 15:45:25,488000,11.499
2026/04/29 15:45:25,489000,11.496
2026/04/29 15:45:25,490000,11.493
2026/04/29 15:45:25,491000,11.496
2026/04/29 15:45:25,492000,11.493
2026/04/29 15:45:25,493000,11.493
2026/04/29 15:45:25,494000,11.490
2026/04/29 15:45:25,495000,11.501
2026/04/29 15:45:25,496000,11.485
2026/04/29 15:45:25,497000,11.496
2026/04/29 15:45:25,498000,11.493
2026/04/29 15:45:25,499000,11.493
2026/04/29 15:45:25,500000,11.493
2026/04/29 15:45:25,501000,11.490
2026/04/29 15:45:25,502000,11.487
2026/04/29 15:45:25,503000,11.499
2026/04/29 15:45:25,504000,11.493
2026/04/29 15:45:25,505000,11.496
2026/04/29 15:45:25,506000,11.493
2026/04/29 15:45:25,507000,11.493
2026/04/29 15:45:25,508000,11.493
2026/04/29 15:45:25,509000,11.501
2026/04/29 15:45:25,510000,11.493
2026/04/29 15:45:25,511000,11.499
2026/04/29 15:45:25,512000,11.499
2026/04/29 15:45:25,513000,11.490
2026/04/29 15:45:25,514000,11.487
2026/04/29 15:45:25,515000,11.493
2026/04/29 15:45:25,516000,11.490
2026/04/29 15:45:25,517000,11.493
2026/04/29 15:45:25,518000,11.493
2026/04/29 15:45:25,519000,11.493
2026/04/29 15:45:25,520000,11.493
2026/04/29 15:45:25,521000,11.496
2026/04/29 15:45:25,522000,11.490
2026/04/29 15:45:25,523000,11.496
2026/04/29 15:45:25,524000,11.490
2026/04/29 15:45:25,525000,11.496
2026/04/29 15:45:25,526000,11.496
2026/04/29 15:45:25,527000,11.496
2026/04/29 15:45:25,528000,11.490
2026/04/29 15:45:25,529000,11.496
2026/04/29 15:45:25,530000,11.496
2026/04/29 15:45:25,531000,11.493
2026/04/29 15:45:25,532000,11.487
2026/04/29 15:45:25,533000,11.499
2026/04/29 15:45:25,534000,11.501
2026/04/29 15:45:25,535000,11.496
2026/04/29 15:45:25,536000,11.496
2026/04/29 15:45:25,537000,11.496
2026/04/29 15:45:25,538000,11.499
2026/04/29 15:45:25,539000,11.499
2026/04/29 15:45:25,540000,11.490
2026/04/29 15:45:25,541000,11.493
2026/04/29 15:45:25,542000,11.493
2026/04/29 15:45:25,543000,11.496
2026/04/29 15:45:25,544000,11.504
2026/04/29 15:45:25,545000,11.496
2026/04/29 15:45:25,546000,11.493
2026/04/29 15:45:25,547000,11.493
2026/04/29 15:45:25,548000,11.493
2026/04/29 15:45:25,549000,11.493
2026/04/29 15:45:25,550000,11.493
2026/04/29 15:45:25,551000,11.493
2026/04/29 15:45:25,552000,11.499
2026/04/29 15:45:25,553000,11.493
2026/04/29 15:45:25,554000,11.490
2026/04/29 15:45:25,555000,11.501
2026/04/29 15:45:25,556000,11.496
2026/04/29 15:45:25,557000,11.493
2026/04/29 15:45:25,558000,11.499
2026/04/29 15:45:25,559000,11.499
2026/04/29 15:45:25,560000,11.493
2026/04/29 15:45:25,561000,11.490
2026/04/29 15:45:25,562000,11.493
2026/04/29 15:45:25,563000,11.493
2026/04/29 15:45:25,564000,11.490
2026/04/29 15:45:25,565000,11.493
2026/04/29 15:45:25,566000,11.496
2026/04/29 15:45:25,567000,11.493
2026/04/29 15:45:25,568000,11.490
2026/04/29 15:45:25,569000,11.499
2026/04/29 15:45:25,570000,11.499
2026/04/29 15:45:25,571000,11.493
2026/04/29 15:45:25,572000,11.501
2026/04/29 15:45:25,573000,11.490
2026/04/29 15:45:25,574000,11.499
2026/04/29 15:45:25,575000,11.496
2026/04/29 15:45:25,576000,11.493
2026/04/29 15:45:25,577000,11.496
2026/04/29 15:45:25,578000,11.499
2026/04/29 15:45:25,579000,11.493
2026/04/29 15:45:25,580000,11.490
2026/04/29 15:45:25,581000,11.499
2026/04/29 15:45:25,582000,11.490
2026/04/29 15:45:25,583000,11.493
2026/04/29 15:45:25,584000,11.490
2026/04/29 15:45:25,585000,11.493
2026/04/29 15:45:25,586000,11.496
2026/04/29 15:45:25,587000,11.490
2026/04/29 15:45:25,588000,11.496
2026/04/29 15:45:25,589000,11.493
2026/04/29 15:45:25,590000,11.493
2026/04/29 15:45:25,591000,11.496
2026/04/29 15:45:25,592000,11.493
2026/04/29 15:45:25,593000,11.496
2026/04/29 15:45:25,594000,11.493
2026/04/29 15:45:25,595000,11.487
2026/04/29 15:45:25,596000,11.490
2026/04/29 15:45:25,597000,11.499
2026/04/29 15:45:25,598000,11.493
2026/04/29 15:45:25,599000,11.493
2026/04/29 15:45:25,600000,11.493
2026/04/29 15:45:25,601000,11.496
2026/04/29 15:45:25,602000,11.487
2026/04/29 15:45:25,603000,11.485
2026/04/29 15:45:25,604000,11.493
2026/04/29 15:45:25,605000,11.493
2026/04/29 15:45:25,606000,11.493
2026/04/29 15:45:25,607000,11.496
2026/04/29 15:45:25,608000,11.496
2026/04/29 15:45:25,609000,11.490
2026/04/29 15:45:25,610000,11.493
2026/04/29 15:45:25,611000,11.493
2026/04/29 15:45:25,612000,11.496
2026/04/29 15:45:25,613000,11.499
2026/04/29 15:45:25,614000,11.493
2026/04/29 15:45:25,615000,11.499
2026/04/29 15:45:25,616000,11.490
2026/04/29 15:45:25,617000,11.493
2026/04/29 15:45:25,618000,11.496
2026/04/29 15:45:25,619000,11.496
2026/04/29 15:45:25,620000,11.499
2026/04/29 15:45:25,621000,11.501
2026/04/29 15:45:25,622000,11.490
2026/04/29 15:45:25,623000,11.490
2026/04/29 15:45:25,624000,11.493
2026/04/29 15:45:25,625000,11.496
2026/04/29 15:45:25,626000,11.496
2026/04/29 15:45:25,627000,11.493
2026/04/29 15:45:25,628000,11.493
2026/04/29 15:45:25,629000,11.490
2026/04/29 15:45:25,630000,11.496
2026/04/29 15:45:25,631000,11.496
2026/04/29 15:45:25,632000,11.487
2026/04/29 15:45:25,633000,11.490
2026/04/29 15:45:25,634000,11.496
2026/04/29 15:45:25,635000,11.490
2026/04/29 15:45:25,636000,11.501
2026/04/29 15:45:25,637000,11.490
2026/04/29 15:45:25,638000,11.493
2026/04/29 15:45:25,639000,11.501
2026/04/29 15:45:25,640000,11.493
2026/04/29 15:45:25,641000,11.496
2026/04/29 15:45:25,642000,11.493
2026/04/29 15:45:25,643000,11.496
2026/04/29 15:45:25,644000,11.499
2026/04/29 15:45:25,645000,11.493
2026/04/29 15:45:25,646000,11.493
2026/04/29 15:45:25,647000,11.493
2026/04/29 15:45:25,648000,11.496
2026/04/29 15:45:25,649000,11.493
2026/04/29 15:45:25,650000,11.496
2026/04/29 15:45:25,651000,11.490
2026/04/29 15:45:25,652000,11.490
2026/04/29 15:45:25,653000,11.504
2026/04/29 15:45:25,654000,11.490
2026/04/29 15:45:25,655000,11.493
2026/04/29 15:45:25,656000,11.493
2026/04/29 15:45:25,657000,11.499
2026/04/29 15:45:25,658000,11.493
2026/04/29 15:45:25,659000,11.490
2026/04/29 15:45:25,660000,11.490
2026/04/29 15:45:25,661000,11.487
2026/04/29 15:45:25,662000,11.490
2026/04/29 15:45:25,663000,11.496
2026/04/29 15:45:25,664000,11.493
2026/04/29 15:45:25,665000,11.499
2026/04/29 15:45:25,666000,11.496
2026/04/29 15:45:25,667000,11.496
2026/04/29 15:45:25,668000,11.496
2026/04/29 15:45:25,669000,11.490
2026/04/29 15:45:25,670000,11.493
2026/04/29 15:45:25,671000,11.496
2026/04/29 15:45:25,672000,11.496
2026/04/29 15:45:25,673000,11.490
2026/04/29 15:45:25,674000,11.499
2026/04/29 15:45:25,675000,11.501
2026/04/29 15:45:25,676000,11.490
2026/04/29 15:45:25,677000,11.493
2026/04/29 15:45:25,678000,11.493
2026/04/29 15:45:25,679000,11.496
2026/04/29 15:45:25,680000,11.496
2026/04/29 15:45:25,681000,11.493
2026/04/29 15:45:25,682000,11.490
2026/04/29 15:45:25,683000,11.493
2026/04/29 15:45:25,684000,11.499
2026/04/29 15:45:25,685000,11.490
2026/04/29 15:45:25,686000,11.496
2026/04/29 15:45:25,687000,11.496
2026/04/29 15:45:25,688000,11.504
2026/04/29 15:45:25,689000,11.490
2026/04/29 15:45:25,690000,11.493
2026/04/29 15:45:25,691000,11.496
2026/04/29 15:45:25,692000,11.496
2026/04/29 15:45:25,693000,11.499
2026/04/29 15:45:25,694000,11.496
2026/04/29 15:45:25,695000,11.493
2026/04/29 15:45:25,696000,11.501
2026/04/29 15:45:25,697000,11.507
2026/04/29 15:45:25,698000,11.490
2026/04/29 15:45:25,699000,11.499
2026/04/29 15:45:25,700000,11.493
2026/04/29 15:45:25,701000,11.490
2026/04/29 15:45:25,702000,11.490
2026/04/29 15:45:25,703000,11.499
2026/04/29 15:45:25,704000,11.487
2026/04/29 15:45:25,705000,11.496
2026/04/29 15:45:25,706000,11.493
2026/04/29 15:45:25,707000,11.493
2026/04/29 15:45:25,708000,11.493
2026/04/29 15:45:25,709000,11.496
2026/04/29 15:45:25,710000,11.496
2026/04/29 15:45:25,711000,11.501
2026/04/29 15:45:25,712000,11.493
2026/04/29 15:45:25,713000,11.501
2026/04/29 15:45:25,714000,11.493
2026/04/29 15:45:25,715000,11.496
2026/04/29 15:45:25,716000,11.499
2026/04/29 15:45:25,717000,11.499
2026/04/29 15:45:25,718000,11.493
2026/04/29 15:45:25,719000,11.493
2026/04/29 15:45:25,720000,11.490
2026/04/29 15:45:25,721000,11.499
2026/04/29 15:45:25,722000,11.501
2026/04/29 15:45:25,723000,11.493
2026/04/29 15:45:25,724000,11.493
2026/04/29 15:45:25,725000,11.499
2026/04/29 15:45:25,726000,11.496
2026/04/29 15:45:25,727000,11.493
2026/04/29 15:45:25,728000,11.493
2026/04/29 15:45:25,729000,11.493
2026/04/29 15:45:25,730000,11.496
2026/04/29 15:45:25,731000,11.493
2026/04/29 15:45:25,732000,11.493
2026/04/29 15:45:25,733000,11.499
2026/04/29 15:45:25,734000,11.490
2026/04/29 15:45:25,735000,11.496
2026/04/29 15:45:25,736000,11.496
2026/04/29 15:45:25,737000,11.501
2026/04/29 15:45:25,738000,11.501
2026/04/29 15:45:25,739000,11.493
2026/04/29 15:45:25,740000,11.496
2026/04/29 15:45:25,741000,11.499
2026/04/29 15:45:25,742000,11.496
2026/04/29 15:45:25,743000,11.499
2026/04/29 15:45:25,744000,11.496
2026/04/29 15:45:25,745000,11.504
2026/04/29 15:45:25,746000,11.501
2026/04/29 15:45:25,747000,11.504
2026/04/29 15:45:25,748000,11.496
2026/04/29 15:45:25,749000,11.499
2026/04/29 15:45:25,750000,11.493
2026/04/29 15:45:25,751000,11.499
2026/04/29 15:45:25,752000,11.493
2026/04/29 15:45:25,753000,11.496
2026/04/29 15:45:25,754000,11.499
2026/04/29 15:45:25,755000,11.499
2026/04/29 15:45:25,756000,11.496
2026/04/29 15:45:25,757000,11.499
2026/04/29 15:45:25,758000,11.501
2026/04/29 15:45:25,759000,11.496
2026/04/29 15:45:25,760000,11.490
2026/04/29 15:45:25,761000,11.490
2026/04/29 15:45:25,762000,11.496
2026/04/29 15:45:25,763000,11.499
2026/04/29 15:45:25,764000,11.496
2026/04/29 15:45:25,765000,11.499
2026/04/29 15:45:25,766000,11.496
2026/04/29 15:45:25,767000,11.496
2026/04/29 15:45:25,768000,11.493
2026/04/29 15:45:25,769000,11.493
2026/04/29 15:45:25,770000,11.501
2026/04/29 15:45:25,771000,11.493
2026/04/29 15:45:25,772000,11.501
2026/04/29 15:45:25,773000,11.496
2026/04/29 15:45:25,774000,11.496
2026/04/29 15:45:25,775000,11.499
2026/04/29 15:45:25,776000,11.499
2026/04/29 15:45:25,777000,11.493
2026/04/29 15:45:25,778000,11.493
2026/04/29 15:45:25,779000,11.496
2026/04/29 15:45:25,780000,11.496
2026/04/29 15:45:25,781000,11.496
2026/04/29 15:45:25,782000,11.499
2026/04/29 15:45:25,783000,11.496
2026/04/29 15:45:25,784000,11.496
2026/04/29 15:45:25,785000,11.493
2026/04/29 15:45:25,786000,11.496
2026/04/29 15:45:25,787000,11.496
2026/04/29 15:45:25,788000,11.499
2026/04/29 15:45:25,789000,11.496
2026/04/29 15:45:25,790000,11.496
2026/04/29 15:45:25,791000,11.493
2026/04/29 15:45:25,792000,11.490
2026/04/29 15:45:25,793000,11.496
2026/04/29 15:45:25,794000,11.496
2026/04/29 15:45:25,795000,11.493
2026/04/29 15:45:25,796000,11.490
2026/04/29 15:45:25,797000,11.501
2026/04/29 15:45:25,798000,11.490
2026/04/29 15:45:25,799000,11.493
2026/04/29 15:45:25,800000,11.501
2026/04/29 15:45:25,801000,11.493
2026/04/29 15:45:25,802000,11.496
2026/04/29 15:45:25,803000,11.499
2026/04/29 15:45:25,804000,11.501
2026/04/29 15:45:25,805000,11.490
2026/04/29 15:45:25,806000,11.499
2026/04/29 15:45:25,807000,11.496
2026/04/29 15:45:25,808000,11.493
2026/04/29 15:45:25,809000,11.493
2026/04/29 15:45:25,810000,11.496
2026/04/29 15:45:25,811000,11.496
2026/04/29 15:45:25,812000,11.496
2026/04/29 15:45:25,813000,11.496
2026/04/29 15:45:25,814000,11.493
2026/04/29 15:45:25,815000,11.493
2026/04/29 15:45:25,816000,11.490
2026/04/29 15:45:25,817000,11.496
2026/04/29 15:45:25,818000,11.496
2026/04/29 15:45:25,819000,11.490
2026/04/29 15:45:25,820000,11.493
2026/04/29 15:45:25,821000,11.496
2026/04/29 15:45:25,822000,11.493
2026/04/29 15:45:25,823000,11.496
2026/04/29 15:45:25,824000,11.496
2026/04/29 15:45:25,825000,11.496
2026/04/29 15:45:25,826000,11.487
2026/04/29 15:45:25,827000,11.499
2026/04/29 15:45:25,828000,11.499
2026/04/29 15:45:25,829000,11.496
2026/04/29 15:45:25,830000,11.496
2026/04/29 15:45:25,831000,11.499
2026/04/29 15:45:25,832000,11.493
2026/04/29 15:45:25,833000,11.493
2026/04/29 15:45:25,834000,11.493
2026/04/29 15:45:25,835000,11.501
2026/04/29 15:45:25,836000,11.499
2026/04/29 15:45:25,837000,11.496
2026/04/29 15:45:25,838000,11.493
2026/04/29 15:45:25,839000,11.499
2026/04/29 15:45:25,840000,11.496
2026/04/29 15:45:25,841000,11.490
2026/04/29 15:45:25,842000,11.493
2026/04/29 15:45:25,843000,11.493
2026/04/29 15:45:25,844000,11.496
2026/04/29 15:45:25,845000,11.501
2026/04/29 15:45:25,846000,11.493
2026/04/29 15:45:25,847000,11.499
2026/04/29 15:45:25,848000,11.496
2026/04/29 15:45:25,849000,11.496
2026/04/29 15:45:25,850000,11.499
2026/04/29 15:45:25,851000,11.493
2026/04/29 15:45:25,852000,11.496
2026/04/29 15:45:25,853000,11.496
2026/04/29 15:45:25,854000,11.496
2026/04/29 15:45:25,855000,11.496
2026/04/29 15:45:25,856000,11.490
2026/04/29 15:45:25,857000,11.493
2026/04/29 15:45:25,858000,11.493
2026/04/29 15:45:25,859000,11.499
2026/04/29 15:45:25,860000,11.496
2026/04/29 15:45:25,861000,11.501
2026/04/29 15:45:25,862000,11.496
2026/04/29 15:45:25,863000,11.499
2026/04/29 15:45:25,864000,11.493
2026/04/29 15:45:25,865000,11.496
2026/04/29 15:45:25,866000,11.496
2026/04/29 15:45:25,867000,11.487
2026/04/29 15:45:25,868000,11.501
2026/04/29 15:45:25,869000,11.499
2026/04/29 15:45:25,870000,11.496
2026/04/29 15:45:25,871000,11.496
2026/04/29 15:45:25,872000,11.499
2026/04/29 15:45:25,873000,11.504
2026/04/29 15:45:25,874000,11.490
2026/04/29 15:45:25,875000,11.499
2026/04/29 15:45:25,876000,11.496
2026/04/29 15:45:25,877000,11.493
2026/04/29 15:45:25,878000,11.499
2026/04/29 15:45:25,879000,11.496
2026/04/29 15:45:25,880000,11.493
2026/04/29 15:45:25,881000,11.499
2026/04/29 15:45:25,882000,11.499
2026/04/29 15:45:25,883000,11.496
2026/04/29 15:45:25,884000,11.493
2026/04/29 15:45:25,885000,11.496
2026/04/29 15:45:25,886000,11.499
2026/04/29 15:45:25,887000,11.499
2026/04/29 15:45:25,888000,11.496
2026/04/29 15:45:25,889000,11.490
2026/04/29 15:45:25,890000,11.496
2026/04/29 15:45:25,891000,11.493
2026/04/29 15:45:25,892000,11.499
2026/04/29 15:45:25,893000,11.499
2026/04/29 15:45:25,894000,11.490
2026/04/29 15:45:25,895000,11.490
2026/04/29 15:45:25,896000,11.499
2026/04/29 15:45:25,897000,11.493
2026/04/29 15:45:25,898000,11.499
2026/04/29 15:45:25,899000,11.496
2026/04/29 15:45:25,900000,11.504
2026/04/29 15:45:25,901000,11.493
2026/04/29 15:45:25,902000,11.496
2026/04/29 15:45:25,903000,11.493
2026/04/29 15:45:25,904000,11.490
2026/04/29 15:45:25,905000,11.499
2026/04/29 15:45:25,906000,11.501
2026/04/29 15:45:25,907000,11.501
2026/04/29 15:45:25,908000,11.499
2026/04/29 15:45:25,909000,11.499
2026/04/29 15:45:25,910000,11.496
2026/04/29 15:45:25,911000,11.499
2026/04/29 15:45:25,912000,11.493
2026/04/29 15:45:25,913000,11.493
2026/04/29 15:45:25,914000,11.496
2026/04/29 15:45:25,915000,11.493
2026/04/29 15:45:25,916000,11.493
2026/04/29 15:45:25,917000,11.496
2026/04/29 15:45:25,918000,11.490
2026/04/29 15:45:25,919000,11.496
2026/04/29 15:45:25,920000,11.496
2026/04/29 15:45:25,921000,11.496
2026/04/29 15:45:25,922000,11.490
2026/04/29 15:45:25,923000,11.496
2026/04/29 15:45:25,924000,11.493
2026/04/29 15:45:25,925000,11.499
2026/04/29 15:45:25,926000,11.501
2026/04/29 15:45:25,927000,11.499
2026/04/29 15:45:25,928000,11.493
2026/04/29 15:45:25,929000,11.496
2026/04/29 15:45:25,930000,11.493
2026/04/29 15:45:25,931000,11.493
2026/04/29 15:45:25,932000,11.493
2026/04/29 15:45:25,933000,11.493
2026/04/29 15:45:25,934000,11.496
2026/04/29 15:45:25,935000,11.496
2026/04/29 15:45:25,936000,11.490
2026/04/29 15:45:25,937000,11.490
2026/04/29 15:45:25,938000,11.493
2026/04/29 15:45:25,939000,11.501
2026/04/29 15:45:25,940000,11.496
2026/04/29 15:45:25,941000,11.496
2026/04/29 15:45:25,942000,11.496
2026/04/29 15:45:25,943000,11.499
2026/04/29 15:45:25,944000,11.493
2026/04/29 15:45:25,945000,11.490
2026/04/29 15:45:25,946000,11.499
2026/04/29 15:45:25,947000,11.493
2026/04/29 15:45:25,948000,11.501
2026/04/29 15:45:25,949000,11.490
2026/04/29 15:45:25,950000,11.493
2026/04/29 15:45:25,951000,11.496
2026/04/29 15:45:25,952000,11.501
2026/04/29 15:45:25,953000,11.493
2026/04/29 15:45:25,954000,11.493
2026/04/29 15:45:25,955000,11.496
2026/04/29 15:45:25,956000,11.496
2026/04/29 15:45:25,957000,11.493
2026/04/29 15:45:25,958000,11.496
2026/04/29 15:45:25,959000,11.496
2026/04/29 15:45:25,960000,11.499
2026/04/29 15:45:25,961000,11.493
2026/04/29 15:45:25,962000,11.493
2026/04/29 15:45:25,963000,11.493
2026/04/29 15:45:25,964000,11.490
2026/04/29 15:45:25,965000,11.493
2026/04/29 15:45:25,966000,11.496
2026/04/29 15:45:25,967000,11.493
2026/04/29 15:45:25,968000,11.493
2026/04/29 15:45:25,969000,11.496
2026/04/29 15:45:25,970000,11.493
2026/04/29 15:45:25,971000,11.493
2026/04/29 15:45:25,972000,11.499
2026/04/29 15:45:25,973000,11.490
2026/04/29 15:45:25,974000,11.493
2026/04/29 15:45:25,975000,11.493
2026/04/29 15:45:25,976000,11.485
2026/04/29 15:45:25,977000,11.493
2026/04/29 15:45:25,978000,11.499
2026/04/29 15:45:25,979000,11.493
2026/04/29 15:45:25,980000,11.490
2026/04/29 15:45:25,981000,11.493
2026/04/29 15:45:25,982000,11.493
2026/04/29 15:45:25,983000,11.499
2026/04/29 15:45:25,984000,11.490
2026/04/29 15:45:25,985000,11.493
2026/04/29 15:45:25,986000,11.499
2026/04/29 15:45:25,987000,11.496
2026/04/29 15:45:25,988000,11.496
2026/04/29 15:45:25,989000,11.490
2026/04/29 15:45:25,990000,11.499
2026/04/29 15:45:25,991000,11.487
2026/04/29 15:45:25,992000,11.501
2026/04/29 15:45:25,993000,11.493
2026/04/29 15:45:25,994000,11.493
2026/04/29 15:45:25,995000,11.493
2026/04/29 15:45:25,996000,11.496
2026/04/29 15:45:25,997000,11.493
2026/04/29 15:45:25,998000,11.493
2026/04/29 15:45:25,999000,11.493
2026/04/29 15:45:26,000000,11.501
2026/04/29 15:45:26,001000,11.496
2026/04/29 15:45:26,002000,11.493
2026/04/29 15:45:26,003000,11.493
2026/04/29 15:45:26,004000,11.499
2026/04/29 15:45:26,005000,11.496
2026/04/29 15:45:26,006000,11.496
2026/04/29 15:45:26,007000,11.499
2026/04/29 15:45:26,008000,11.493
2026/04/29 15:45:26,009000,11.493
2026/04/29 15:45:26,010000,11.493
2026/04/29 15:45:26,011000,11.496
2026/04/29 15:45:26,012000,11.496
2026/04/29 15:45:26,013000,11.493
2026/04/29 15:45:26,014000,11.496
2026/04/29 15:45:26,015000,11.496
2026/04/29 15:45:26,016000,11.501
2026/04/29 15:45:26,017000,11.493
2026/04/29 15:45:26,018000,11.496
2026/04/29 15:45:26,019000,11.493
2026/04/29 15:45:26,020000,11.493
2026/04/29 15:45:26,021000,11.493
2026/04/29 15:45:26,022000,11.496
2026/04/29 15:45:26,023000,11.496
2026/04/29 15:45:26,024000,11.490
2026/04/29 15:45:26,025000,11.490
2026/04/29 15:45:26,026000,11.499
2026/04/29 15:45:26,027000,11.490
2026/04/29 15:45:26,028000,11.504
2026/04/29 15:45:26,029000,11.499
2026/04/29 15:45:26,030000,11.493
2026/04/29 15:45:26,031000,11.490
2026/04/29 15:45:26,032000,11.493
2026/04/29 15:45:26,033000,11.501
2026/04/29 15:45:26,034000,11.493
2026/04/29 15:45:26,035000,11.499
2026/04/29 15:45:26,036000,11.499
2026/04/29 15:45:26,037000,11.490
2026/04/29 15:45:26,038000,11.499
2026/04/29 15:45:26,039000,11.493
2026/04/29 15:45:26,040000,11.496
2026/04/29 15:45:26,041000,11.493
2026/04/29 15:45:26,042000,11.499
2026/04/29 15:45:26,043000,11.487
2026/04/29 15:45:26,044000,11.496
2026/04/29 15:45:26,045000,11.493
2026/04/29 15:45:26,046000,11.496
2026/04/29 15:45:26,047000,11.496
2026/04/29 15:45:26,048000,11.493
2026/04/29 15:45:26,049000,11.490
2026/04/29 15:45:26,050000,11.496
2026/04/29 15:45:26,051000,11.490
2026/04/29 15:45:26,052000,11.496
2026/04/29 15:45:26,053000,11.493
2026/04/29 15:45:26,054000,11.493
2026/04/29 15:45:26,055000,11.496
2026/04/29 15:45:26,056000,11.496
2026/04/29 15:45:26,057000,11.487
2026/04/29 15:45:26,058000,11.496
2026/04/29 15:45:26,059000,11.496
2026/04/29 15:45:26,060000,11.487
2026/04/29 15:45:26,061000,11.499
2026/04/29 15:45:26,062000,11.493
2026/04/29 15:45:26,063000,11.499
2026/04/29 15:45:26,064000,11.493
2026/04/29 15:45:26,065000,11.493
2026/04/29 15:45:26,066000,11.496
2026/04/29 15:45:26,067000,11.496
2026/04/29 15:45:26,068000,11.490
2026/04/29 15:45:26,069000,11.493
2026/04/29 15:45:26,070000,11.493
2026/04/29 15:45:26,071000,11.496
2026/04/29 15:45:26,072000,11.490
2026/04/29 15:45:26,073000,11.493
2026/04/29 15:45:26,074000,11.496
2026/04/29 15:45:26,075000,11.499
2026/04/29 15:45:26,076000,11.496
2026/04/29 15:45:26,077000,11.493
2026/04/29 15:45:26,078000,11.496
2026/04/29 15:45:26,079000,11.496
2026/04/29 15:45:26,080000,11.499
2026/04/29 15:45:26,081000,11.499
2026/04/29 15:45:26,082000,11.496
2026/04/29 15:45:26,083000,11.496
2026/04/29 15:45:26,084000,11.510
2026/04/29 15:45:26,085000,11.501
2026/04/29 15:45:26,086000,11.490
2026/04/29 15:45:26,087000,11.496
2026/04/29 15:45:26,088000,11.496
2026/04/29 15:45:26,089000,11.499
2026/04/29 15:45:26,090000,11.490
2026/04/29 15:45:26,091000,11.496
2026/04/29 15:45:26,092000,11.496
2026/04/29 15:45:26,093000,11.499
2026/04/29 15:45:26,094000,11.499
2026/04/29 15:45:26,095000,11.487
2026/04/29 15:45:26,096000,11.499
2026/04/29 15:45:26,097000,11.496
2026/04/29 15:45:26,098000,11.490
2026/04/29 15:45:26,099000,11.493
2026/04/29 15:45:26,100000,11.493
2026/04/29 15:45:26,101000,11.493
2026/04/29 15:45:26,102000,11.493
2026/04/29 15:45:26,103000,11.499
2026/04/29 15:45:26,104000,11.490
2026/04/29 15:45:26,105000,11.490
2026/04/29 15:45:26,106000,11.501
2026/04/29 15:45:26,107000,11.499
2026/04/29 15:45:26,108000,11.496
2026/04/29 15:45:26,109000,11.493
2026/04/29 15:45:26,110000,11.493
2026/04/29 15:45:26,111000,11.493
2026/04/29 15:45:26,112000,11.490
2026/04/29 15:45:26,113000,11.496
2026/04/29 15:45:26,114000,11.493
2026/04/29 15:45:26,115000,11.499
2026/04/29 15:45:26,116000,11.496
2026/04/29 15:45:26,117000,11.490
2026/04/29 15:45:26,118000,11.499
2026/04/29 15:45:26,119000,11.493
2026/04/29 15:45:26,120000,11.496
2026/04/29 15:45:26,121000,11.499
2026/04/29 15:45:26,122000,11.496
2026/04/29 15:45:26,123000,11.493
2026/04/29 15:45:26,124000,11.499
2026/04/29 15:45:26,125000,11.490
2026/04/29 15:45:26,126000,11.493
2026/04/29 15:45:26,127000,11.493
2026/04/29 15:45:26,128000,11.493
2026/04/29 15:45:26,129000,11.499
2026/04/29 15:45:26,130000,11.493
2026/04/29 15:45:26,131000,11.490
2026/04/29 15:45:26,132000,11.501
2026/04/29 15:45:26,133000,11.496
2026/04/29 15:45:26,134000,11.493
2026/04/29 15:45:26,135000,11.493
2026/04/29 15:45:26,136000,11.493
2026/04/29 15:45:26,137000,11.499
2026/04/29 15:45:26,138000,11.496
2026/04/29 15:45:26,139000,11.496
2026/04/29 15:45:26,140000,11.496
2026/04/29 15:45:26,141000,11.493
2026/04/29 15:45:26,142000,11.501
2026/04/29 15:45:26,143000,11.496
2026/04/29 15:45:26,144000,11.493
2026/04/29 15:45:26,145000,11.499
2026/04/29 15:45:26,146000,11.490
2026/04/29 15:45:26,147000,11.501
2026/04/29 15:45:26,148000,11.493
2026/04/29 15:45:26,149000,11.496
2026/04/29 15:45:26,150000,11.490
2026/04/29 15:45:26,151000,11.499
2026/04/29 15:45:26,152000,11.493
2026/04/29 15:45:26,153000,11.490
2026/04/29 15:45:26,154000,11.493
2026/04/29 15:45:26,155000,11.496
2026/04/29 15:45:26,156000,11.496
2026/04/29 15:45:26,157000,11.493
2026/04/29 15:45:26,158000,11.493
2026/04/29 15:45:26,159000,11.493
2026/04/29 15:45:26,160000,11.499
2026/04/29 15:45:26,161000,11.493
2026/04/29 15:45:26,162000,11.490
2026/04/29 15:45:26,163000,11.493
2026/04/29 15:45:26,164000,11.493
2026/04/29 15:45:26,165000,11.499
2026/04/29 15:45:26,166000,11.496
2026/04/29 15:45:26,167000,11.499
2026/04/29 15:45:26,168000,11.499
2026/04/29 15:45:26,169000,11.499
2026/04/29 15:45:26,170000,11.493
2026/04/29 15:45:26,171000,11.493
2026/04/29 15:45:26,172000,11.493
2026/04/29 15:45:26,173000,11.490
2026/04/29 15:45:26,174000,11.496
2026/04/29 15:45:26,175000,11.499
2026/04/29 15:45:26,176000,11.493
2026/04/29 15:45:26,177000,11.496
2026/04/29 15:45:26,178000,11.493
2026/04/29 15:45:26,179000,11.487
2026/04/29 15:45:26,180000,11.493
2026/04/29 15:45:26,181000,11.496
2026/04/29 15:45:26,182000,11.490
2026/04/29 15:45:26,183000,11.493
2026/04/29 15:45:26,184000,11.493
2026/04/29 15:45:26,185000,11.490
2026/04/29 15:45:26,186000,11.493
2026/04/29 15:45:26,187000,11.496
2026/04/29 15:45:26,188000,11.493
2026/04/29 15:45:26,189000,11.499
2026/04/29 15:45:26,190000,11.501
2026/04/29 15:45:26,191000,11.496
2026/04/29 15:45:26,192000,11.501
2026/04/29 15:45:26,193000,11.493
2026/04/29 15:45:26,194000,11.493
2026/04/29 15:45:26,195000,11.496
2026/04/29 15:45:26,196000,11.496
2026/04/29 15:45:26,197000,11.493
2026/04/29 15:45:26,198000,11.496
2026/04/29 15:45:26,199000,11.487
2026/04/29 15:45:26,200000,11.499
2026/04/29 15:45:26,201000,11.493
2026/04/29 15:45:26,202000,11.493
2026/04/29 15:45:26,203000,11.496
2026/04/29 15:45:26,204000,11.493
2026/04/29 15:45:26,205000,11.496
2026/04/29 15:45:26,206000,11.493
2026/04/29 15:45:26,207000,11.496
2026/04/29 15:45:26,208000,11.493
2026/04/29 15:45:26,209000,11.499
2026/04/29 15:45:26,210000,11.496
2026/04/29 15:45:26,211000,11.493
2026/04/29 15:45:26,212000,11.496
2026/04/29 15:45:26,213000,11.493
2026/04/29 15:45:26,214000,11.499
2026/04/29 15:45:26,215000,11.493
2026/04/29 15:45:26,216000,11.501
2026/04/29 15:45:26,217000,11.499
2026/04/29 15:45:26,218000,11.499
2026/04/29 15:45:26,219000,11.493
2026/04/29 15:45:26,220000,11.499
2026/04/29 15:45:26,221000,11.493
2026/04/29 15:45:26,222000,11.496
2026/04/29 15:45:26,223000,11.490
2026/04/29 15:45:26,224000,11.496
2026/04/29 15:45:26,225000,11.501
2026/04/29 15:45:26,226000,11.493
2026/04/29 15:45:26,227000,11.496
2026/04/29 15:45:26,228000,11.493
2026/04/29 15:45:26,229000,11.496
2026/04/29 15:45:26,230000,11.499
2026/04/29 15:45:26,231000,11.499
2026/04/29 15:45:26,232000,11.487
2026/04/29 15:45:26,233000,11.496
2026/04/29 15:45:26,234000,11.496
2026/04/29 15:45:26,235000,11.487
2026/04/29 15:45:26,236000,11.493
2026/04/29 15:45:26,237000,11.490
2026/04/29 15:45:26,238000,11.496
2026/04/29 15:45:26,239000,11.496
2026/04/29 15:45:26,240000,11.499
2026/04/29 15:45:26,241000,11.490
2026/04/29 15:45:26,242000,11.499
2026/04/29 15:45:26,243000,11.501
2026/04/29 15:45:26,244000,11.496
2026/04/29 15:45:26,245000,11.493
2026/04/29 15:45:26,246000,11.496
2026/04/29 15:45:26,247000,11.493
2026/04/29 15:45:26,248000,11.493
2026/04/29 15:45:26,249000,11.490
2026/04/29 15:45:26,250000,11.493
2026/04/29 15:45:26,251000,11.493
2026/04/29 15:45:26,252000,11.493
2026/04/29 15:45:26,253000,11.496
2026/04/29 15:45:26,254000,11.499
2026/04/29 15:45:26,255000,11.496
2026/04/29 15:45:26,256000,11.496
2026/04/29 15:45:26,257000,11.496
2026/04/29 15:45:26,258000,11.493
2026/04/29 15:45:26,259000,11.496
2026/04/29 15:45:26,260000,11.499
2026/04/29 15:45:26,261000,11.496
2026/04/29 15:45:26,262000,11.493
2026/04/29 15:45:26,263000,11.490
2026/04/29 15:45:26,264000,11.496
2026/04/29 15:45:26,265000,11.487
2026/04/29 15:45:26,266000,11.490
2026/04/29 15:45:26,267000,11.493
2026/04/29 15:45:26,268000,11.501
2026/04/29 15:45:26,269000,11.499
2026/04/29 15:45:26,270000,11.496
2026/04/29 15:45:26,271000,11.493
2026/04/29 15:45:26,272000,11.496
2026/04/29 15:45:26,273000,11.496
2026/04/29 15:45:26,274000,11.493
2026/04/29 15:45:26,275000,11.496
2026/04/29 15:45:26,276000,11.493
2026/04/29 15:45:26,277000,11.501
2026/04/29 15:45:26,278000,11.493
2026/04/29 15:45:26,279000,11.496
2026/04/29 15:45:26,280000,11.496
2026/04/29 15:45:26,281000,11.493
2026/04/29 15:45:26,282000,11.496
2026/04/29 15:45:26,283000,11.490
2026/04/29 15:45:26,284000,11.493
2026/04/29 15:45:26,285000,11.499
2026/04/29 15:45:26,286000,11.499
2026/04/29 15:45:26,287000,11.493
2026/04/29 15:45:26,288000,11.493
2026/04/29 15:45:26,289000,11.490
2026/04/29 15:45:26,290000,11.493
2026/04/29 15:45:26,291000,11.496
2026/04/29 15:45:26,292000,11.496
2026/04/29 15:45:26,293000,11.499
2026/04/29 15:45:26,294000,11.496
2026/04/29 15:45:26,295000,11.496
2026/04/29 15:45:26,296000,11.496
2026/04/29 15:45:26,297000,11.496
2026/04/29 15:45:26,298000,11.501
2026/04/29 15:45:26,299000,11.493
2026/04/29 15:45:26,300000,11.496
2026/04/29 15:45:26,301000,11.493
2026/04/29 15:45:26,302000,11.490
2026/04/29 15:45:26,303000,11.496
2026/04/29 15:45:26,304000,11.496
2026/04/29 15:45:26,305000,11.499
2026/04/29 15:45:26,306000,11.493
2026/04/29 15:45:26,307000,11.493
2026/04/29 15:45:26,308000,11.496
2026/04/29 15:45:26,309000,11.499
2026/04/29 15:45:26,310000,11.490
2026/04/29 15:45:26,311000,11.496
2026/04/29 15:45:26,312000,11.501
2026/04/29 15:45:26,313000,11.496
2026/04/29 15:45:26,314000,11.499
2026/04/29 15:45:26,315000,11.496
2026/04/29 15:45:26,316000,11.496
2026/04/29 15:45:26,317000,11.499
2026/04/29 15:45:26,318000,11.499
2026/04/29 15:45:26,319000,11.493
2026/04/29 15:45:26,320000,11.493
2026/04/29 15:45:26,321000,11.499
2026/04/29 15:45:26,322000,11.493
2026/04/29 15:45:26,323000,11.499
2026/04/29 15:45:26,324000,11.493
2026/04/29 15:45:26,325000,11.499
2026/04/29 15:45:26,326000,11.499
2026/04/29 15:45:26,327000,11.490
2026/04/29 15:45:26,328000,11.499
2026/04/29 15:45:26,329000,11.499
2026/04/29 15:45:26,330000,11.493
2026/04/29 15:45:26,331000,11.493
2026/04/29 15:45:26,332000,11.501
2026/04/29 15:45:26,333000,11.504
2026/04/29 15:45:26,334000,11.493
2026/04/29 15:45:26,335000,11.493
2026/04/29 15:45:26,336000,11.496
2026/04/29 15:45:26,337000,11.490
2026/04/29 15:45:26,338000,11.493
2026/04/29 15:45:26,339000,11.496
2026/04/29 15:45:26,340000,11.493
2026/04/29 15:45:26,341000,11.496
2026/04/29 15:45:26,342000,11.493
2026/04/29 15:45:26,343000,11.490
2026/04/29 15:45:26,344000,11.496
2026/04/29 15:45:26,345000,11.499
2026/04/29 15:45:26,346000,11.493
2026/04/29 15:45:26,347000,11.493
2026/04/29 15:45:26,348000,11.496
2026/04/29 15:45:26,349000,11.493
2026/04/29 15:45:26,350000,11.496
2026/04/29 15:45:26,351000,11.499
2026/04/29 15:45:26,352000,11.490
2026/04/29 15:45:26,353000,11.504
2026/04/29 15:45:26,354000,11.493
2026/04/29 15:45:26,355000,11.496
2026/04/29 15:45:26,356000,11.490
2026/04/29 15:45:26,357000,11.490
2026/04/29 15:45:26,358000,11.499
2026/04/29 15:45:26,359000,11.496
2026/04/29 15:45:26,360000,11.490
2026/04/29 15:45:26,361000,11.493
2026/04/29 15:45:26,362000,11.493
2026/04/29 15:45:26,363000,11.493
2026/04/29 15:45:26,364000,11.496
2026/04/29 15:45:26,365000,11.496
2026/04/29 15:45:26,366000,11.490
2026/04/29 15:45:26,367000,11.490
2026/04/29 15:45:26,368000,11.493
2026/04/29 15:45:26,369000,11.496
2026/04/29 15:45:26,370000,11.493
2026/04/29 15:45:26,371000,11.493
2026/04/29 15:45:26,372000,11.496
2026/04/29 15:45:26,373000,11.501
2026/04/29 15:45:26,374000,11.490
2026/04/29 15:45:26,375000,11.501
2026/04/29 15:45:26,376000,11.493
2026/04/29 15:45:26,377000,11.490
2026/04/29 15:45:26,378000,11.496
2026/04/29 15:45:26,379000,11.493
2026/04/29 15:45:26,380000,11.490
2026/04/29 15:45:26,381000,11.490
2026/04/29 15:45:26,382000,11.493
2026/04/29 15:45:26,383000,11.493
2026/04/29 15:45:26,384000,11.493
2026/04/29 15:45:26,385000,11.493
2026/04/29 15:45:26,386000,11.493
2026/04/29 15:45:26,387000,11.499
2026/04/29 15:45:26,388000,11.493
2026/04/29 15:45:26,389000,11.490
2026/04/29 15:45:26,390000,11.493
2026/04/29 15:45:26,391000,11.499
2026/04/29 15:45:26,392000,11.496
2026/04/29 15:45:26,393000,11.493
2026/04/29 15:45:26,394000,11.496
2026/04/29 15:45:26,395000,11.493
2026/04/29 15:45:26,396000,11.496
2026/04/29 15:45:26,397000,11.493
2026/04/29 15:45:26,398000,11.496
2026/04/29 15:45:26,399000,11.496
2026/04/29 15:45:26,400000,11.490
2026/04/29 15:45:26,401000,11.490
2026/04/29 15:45:26,402000,11.493
2026/04/29 15:45:26,403000,11.496
2026/04/29 15:45:26,404000,11.493
2026/04/29 15:45:26,405000,11.496
2026/04/29 15:45:26,406000,11.493
2026/04/29 15:45:26,407000,11.490
2026/04/29 15:45:26,408000,11.496
2026/04/29 15:45:26,409000,11.499
2026/04/29 15:45:26,410000,11.496
2026/04/29 15:45:26,411000,11.499
2026/04/29 15:45:26,412000,11.499
2026/04/29 15:45:26,413000,11.496
2026/04/29 15:45:26,414000,11.493
2026/04/29 15:45:26,415000,11.499
2026/04/29 15:45:26,416000,11.501
2026/04/29 15:45:26,417000,11.490
2026/04/29 15:45:26,418000,11.499
2026/04/29 15:45:26,419000,11.493
2026/04/29 15:45:26,420000,11.490
2026/04/29 15:45:26,421000,11.493
2026/04/29 15:45:26,422000,11.493
2026/04/29 15:45:26,423000,11.490
2026/04/29 15:45:26,424000,11.487
2026/04/29 15:45:26,425000,11.493
2026/04/29 15:45:26,426000,11.493
2026/04/29 15:45:26,427000,11.493
2026/04/29 15:45:26,428000,11.493
2026/04/29 15:45:26,429000,11.499
2026/04/29 15:45:26,430000,11.496
2026/04/29 15:45:26,431000,11.490
2026/04/29 15:45:26,432000,11.499
2026/04/29 15:45:26,433000,11.496
2026/04/29 15:45:26,434000,11.490
2026/04/29 15:45:26,435000,11.499
2026/04/29 15:45:26,436000,11.499
2026/04/29 15:45:26,437000,11.493
2026/04/29 15:45:26,438000,11.493
2026/04/29 15:45:26,439000,11.490
2026/04/29 15:45:26,440000,11.499
2026/04/29 15:45:26,441000,11.496
2026/04/29 15:45:26,442000,11.490
2026/04/29 15:45:26,443000,11.487
2026/04/29 15:45:26,444000,11.499
2026/04/29 15:45:26,445000,11.493
2026/04/29 15:45:26,446000,11.493
2026/04/29 15:45:26,447000,11.499
2026/04/29 15:45:26,448000,11.493
2026/04/29 15:45:26,449000,11.496
2026/04/29 15:45:26,450000,11.499
2026/04/29 15:45:26,451000,11.493
2026/04/29 15:45:26,452000,11.499
2026/04/29 15:45:26,453000,11.496
2026/04/29 15:45:26,454000,11.496
2026/04/29 15:45:26,455000,11.493
2026/04/29 15:45:26,456000,11.496
2026/04/29 15:45:26,457000,11.493
2026/04/29 15:45:26,458000,11.487
2026/04/29 15:45:26,459000,11.493
2026/04/29 15:45:26,460000,11.496
2026/04/29 15:45:26,461000,11.493
2026/04/29 15:45:26,462000,11.496
2026/04/29 15:45:26,463000,11.496
2026/04/29 15:45:26,464000,11.493
2026/04/29 15:45:26,465000,11.490
2026/04/29 15:45:26,466000,11.493
2026/04/29 15:45:26,467000,11.490
2026/04/29 15:45:26,468000,11.499
2026/04/29 15:45:26,469000,11.493
2026/04/29 15:45:26,470000,11.490
2026/04/29 15:45:26,471000,11.485
2026/04/29 15:45:26,472000,11.493
2026/04/29 15:45:26,473000,11.499
2026/04/29 15:45:26,474000,11.493
2026/04/29 15:45:26,475000,11.493
2026/04/29 15:45:26,476000,11.493
2026/04/29 15:45:26,477000,11.496
2026/04/29 15:45:26,478000,11.493
2026/04/29 15:45:26,479000,11.490
2026/04/29 15:45:26,480000,11.493
2026/04/29 15:45:26,481000,11.490
2026/04/29 15:45:26,482000,11.496
2026/04/29 15:45:26,483000,11.499
2026/04/29 15:45:26,484000,11.493
2026/04/29 15:45:26,485000,11.493
2026/04/29 15:45:26,486000,11.499
2026/04/29 15:45:26,487000,11.493
2026/04/29 15:45:26,488000,11.493
2026/04/29 15:45:26,489000,11.504
2026/04/29 15:45:26,490000,11.499
2026/04/29 15:45:26,491000,11.496
2026/04/29 15:45:26,492000,11.493
2026/04/29 15:45:26,493000,11.493
2026/04/29 15:45:26,494000,11.499
2026/04/29 15:45:26,495000,11.496
2026/04/29 15:45:26,496000,11.490
2026/04/29 15:45:26,497000,11.493
2026/04/29 15:45:26,498000,11.490
2026/04/29 15:45:26,499000,11.493
2026/04/29 15:45:26,500000,11.496
2026/04/29 15:45:26,501000,11.487
2026/04/29 15:45:26,502000,11.499
2026/04/29 15:45:26,503000,11.493
2026/04/29 15:45:26,504000,11.493
2026/04/29 15:45:26,505000,11.493
2026/04/29 15:45:26,506000,11.493
2026/04/29 15:45:26,507000,11.496
2026/04/29 15:45:26,508000,11.485
2026/04/29 15:45:26,509000,11.496
2026/04/29 15:45:26,510000,11.496
2026/04/29 15:45:26,511000,11.493
2026/04/29 15:45:26,512000,11.487
2026/04/29 15:45:26,513000,11.501
2026/04/29 15:45:26,514000,11.493
2026/04/29 15:45:26,515000,11.496
2026/04/29 15:45:26,516000,11.493
2026/04/29 15:45:26,517000,11.501
2026/04/29 15:45:26,518000,11.499
2026/04/29 15:45:26,519000,11.493
2026/04/29 15:45:26,520000,11.496
2026/04/29 15:45:26,521000,11.493
2026/04/29 15:45:26,522000,11.496
2026/04/29 15:45:26,523000,11.487
2026/04/29 15:45:26,524000,11.490
2026/04/29 15:45:26,525000,11.499
2026/04/29 15:45:26,526000,11.499
2026/04/29 15:45:26,527000,11.493
2026/04/29 15:45:26,528000,11.499
2026/04/29 15:45:26,529000,11.490
2026/04/29 15:45:26,530000,11.493
2026/04/29 15:45:26,531000,11.493
2026/04/29 15:45:26,532000,11.501
2026/04/29 15:45:26,533000,11.493
2026/04/29 15:45:26,534000,11.496
2026/04/29 15:45:26,535000,11.493
2026/04/29 15:45:26,536000,11.493
2026/04/29 15:45:26,537000,11.496
2026/04/29 15:45:26,538000,11.490
2026/04/29 15:45:26,539000,11.496
2026/04/29 15:45:26,540000,11.493
2026/04/29 15:45:26,541000,11.490
2026/04/29 15:45:26,542000,11.493
2026/04/29 15:45:26,543000,11.493
2026/04/29 15:45:26,544000,11.490
2026/04/29 15:45:26,545000,11.496
2026/04/29 15:45:26,546000,11.496
2026/04/29 15:45:26,547000,11.496
2026/04/29 15:45:26,548000,11.493
2026/04/29 15:45:26,549000,11.490
2026/04/29 15:45:26,550000,11.493
2026/04/29 15:45:26,551000,11.493
2026/04/29 15:45:26,552000,11.493
2026/04/29 15:45:26,553000,11.493
2026/04/29 15:45:26,554000,11.490
2026/04/29 15:45:26,555000,11.493
2026/04/29 15:45:26,556000,11.499
2026/04/29 15:45:26,557000,11.499
2026/04/29 15:45:26,558000,11.490
2026/04/29 15:45:26,559000,11.499
2026/04/29 15:45:26,560000,11.493
2026/04/29 15:45:26,561000,11.493
2026/04/29 15:45:26,562000,11.493
2026/04/29 15:45:26,563000,11.493
2026/04/29 15:45:26,564000,11.490
2026/04/29 15:45:26,565000,11.490
2026/04/29 15:45:26,566000,11.490
2026/04/29 15:45:26,567000,11.496
2026/04/29 15:45:26,568000,11.496
2026/04/29 15:45:26,569000,11.493
2026/04/29 15:45:26,570000,11.496
2026/04/29 15:45:26,571000,11.493
2026/04/29 15:45:26,572000,11.487
2026/04/29 15:45:26,573000,11.490
2026/04/29 15:45:26,574000,11.496
2026/04/29 15:45:26,575000,11.493
2026/04/29 15:45:26,576000,11.499
2026/04/29 15:45:26,577000,11.493
2026/04/29 15:45:26,578000,11.493
2026/04/29 15:45:26,579000,11.490
2026/04/29 15:45:26,580000,11.493
2026/04/29 15:45:26,581000,11.496
2026/04/29 15:45:26,582000,11.487
2026/04/29 15:45:26,583000,11.493
2026/04/29 15:45:26,584000,11.493
2026/04/29 15:45:26,585000,11.496
2026/04/29 15:45:26,586000,11.490
2026/04/29 15:45:26,587000,11.490
2026/04/29 15:45:26,588000,11.493
2026/04/29 15:45:26,589000,11.496
2026/04/29 15:45:26,590000,11.493
2026/04/29 15:45:26,591000,11.493
2026/04/29 15:45:26,592000,11.493
2026/04/29 15:45:26,593000,11.496
2026/04/29 15:45:26,594000,11.493
2026/04/29 15:45:26,595000,11.493
2026/04/29 15:45:26,596000,11.499
2026/04/29 15:45:26,597000,11.499
2026/04/29 15:45:26,598000,11.496
2026/04/29 15:45:26,599000,11.496
2026/04/29 15:45:26,600000,11.490
2026/04/29 15:45:26,601000,11.496
2026/04/29 15:45:26,602000,11.482
2026/04/29 15:45:26,603000,11.496
2026/04/29 15:45:26,604000,11.496
2026/04/29 15:45:26,605000,11.496
2026/04/29 15:45:26,606000,11.493
2026/04/29 15:45:26,607000,11.493
2026/04/29 15:45:26,608000,11.487
2026/04/29 15:45:26,609000,11.496
2026/04/29 15:45:26,610000,11.501
2026/04/29 15:45:26,611000,11.496
2026/04/29 15:45:26,612000,11.490
2026/04/29 15:45:26,613000,11.501
2026/04/29 15:45:26,614000,11.490
2026/04/29 15:45:26,615000,11.493
2026/04/29 15:45:26,616000,11.493
2026/04/29 15:45:26,617000,11.496
2026/04/29 15:45:26,618000,11.487
2026/04/29 15:45:26,619000,11.501
2026/04/29 15:45:26,620000,11.493
2026/04/29 15:45:26,621000,11.496
2026/04/29 15:45:26,622000,11.493
2026/04/29 15:45:26,623000,11.499
2026/04/29 15:45:26,624000,11.496
2026/04/29 15:45:26,625000,11.490
2026/04/29 15:45:26,626000,11.493
2026/04/29 15:45:26,627000,11.487
2026/04/29 15:45:26,628000,11.496
2026/04/29 15:45:26,629000,11.496
2026/04/29 15:45:26,630000,11.493
2026/04/29 15:45:26,631000,11.493
2026/04/29 15:45:26,632000,11.493
2026/04/29 15:45:26,633000,11.499
2026/04/29 15:45:26,634000,11.490
2026/04/29 15:45:26,635000,11.490
2026/04/29 15:45:26,636000,11.493
2026/04/29 15:45:26,637000,11.496
2026/04/29 15:45:26,638000,11.493
2026/04/29 15:45:26,639000,11.496
2026/04/29 15:45:26,640000,11.496
2026/04/29 15:45:26,641000,11.493
2026/04/29 15:45:26,642000,11.496
2026/04/29 15:45:26,643000,11.493
2026/04/29 15:45:26,644000,11.499
2026/04/29 15:45:26,645000,11.490
2026/04/29 15:45:26,646000,11.496
2026/04/29 15:45:26,647000,11.496
2026/04/29 15:45:26,648000,11.493
2026/04/29 15:45:26,649000,11.499
2026/04/29 15:45:26,650000,11.493
2026/04/29 15:45:26,651000,11.493
2026/04/29 15:45:26,652000,11.490
2026/04/29 15:45:26,653000,11.501
2026/04/29 15:45:26,654000,11.499
2026/04/29 15:45:26,655000,11.493
2026/04/29 15:45:26,656000,11.496
2026/04/29 15:45:26,657000,11.499
2026/04/29 15:45:26,658000,11.496
2026/04/29 15:45:26,659000,11.493
2026/04/29 15:45:26,660000,11.490
2026/04/29 15:45:26,661000,11.499
2026/04/29 15:45:26,662000,11.496
2026/04/29 15:45:26,663000,11.493
2026/04/29 15:45:26,664000,11.501
2026/04/29 15:45:26,665000,11.493
2026/04/29 15:45:26,666000,11.490
2026/04/29 15:45:26,667000,11.487
2026/04/29 15:45:26,668000,11.499
2026/04/29 15:45:26,669000,11.490
2026/04/29 15:45:26,670000,11.493
2026/04/29 15:45:26,671000,11.499
2026/04/29 15:45:26,672000,11.496
2026/04/29 15:45:26,673000,11.493
2026/04/29 15:45:26,674000,11.493
2026/04/29 15:45:26,675000,11.499
2026/04/29 15:45:26,676000,11.490
2026/04/29 15:45:26,677000,11.496
2026/04/29 15:45:26,678000,11.493
2026/04/29 15:45:26,679000,11.490
2026/04/29 15:45:26,680000,11.490
2026/04/29 15:45:26,681000,11.496
2026/04/29 15:45:26,682000,11.499
2026/04/29 15:45:26,683000,11.490
2026/04/29 15:45:26,684000,11.493
2026/04/29 15:45:26,685000,11.499
2026/04/29 15:45:26,686000,11.493
2026/04/29 15:45:26,687000,11.493
2026/04/29 15:45:26,688000,11.496
2026/04/29 15:45:26,689000,11.490
2026/04/29 15:45:26,690000,11.496
2026/04/29 15:45:26,691000,11.499
2026/04/29 15:45:26,692000,11.493
2026/04/29 15:45:26,693000,11.496
2026/04/29 15:45:26,694000,11.496
2026/04/29 15:45:26,695000,11.493
2026/04/29 15:45:26,696000,11.493
2026/04/29 15:45:26,697000,11.493
2026/04/29 15:45:26,698000,11.490
2026/04/29 15:45:26,699000,11.493
2026/04/29 15:45:26,700000,11.496
2026/04/29 15:45:26,701000,11.490
2026/04/29 15:45:26,702000,11.496
2026/04/29 15:45:26,703000,11.496
2026/04/29 15:45:26,704000,11.493
2026/04/29 15:45:26,705000,11.499
2026/04/29 15:45:26,706000,11.499
2026/04/29 15:45:26,707000,11.490
2026/04/29 15:45:26,708000,11.493
2026/04/29 15:45:26,709000,11.499
2026/04/29 15:45:26,710000,11.490
2026/04/29 15:45:26,711000,11.493
2026/04/29 15:45:26,712000,11.499
2026/04/29 15:45:26,713000,11.496
2026/04/29 15:45:26,714000,11.493
2026/04/29 15:45:26,715000,11.499
2026/04/29 15:45:26,716000,11.493
2026/04/29 15:45:26,717000,11.496
2026/04/29 15:45:26,718000,11.487
2026/04/29 15:45:26,719000,11.499
2026/04/29 15:45:26,720000,11.496
2026/04/29 15:45:26,721000,11.496
2026/04/29 15:45:26,722000,11.493
2026/04/29 15:45:26,723000,11.507
2026/04/29 15:45:26,724000,11.490
2026/04/29 15:45:26,725000,11.493
2026/04/29 15:45:26,726000,11.496
2026/04/29 15:45:26,727000,11.499
2026/04/29 15:45:26,728000,11.496
2026/04/29 15:45:26,729000,11.496
2026/04/29 15:45:26,730000,11.493
2026/04/29 15:45:26,731000,11.499
2026/04/29 15:45:26,732000,11.493
2026/04/29 15:45:26,733000,11.496
2026/04/29 15:45:26,734000,11.499
2026/04/29 15:45:26,735000,11.493
2026/04/29 15:45:26,736000,11.493
2026/04/29 15:45:26,737000,11.490
2026/04/29 15:45:26,738000,11.496
2026/04/29 15:45:26,739000,11.493
2026/04/29 15:45:26,740000,11.499
2026/04/29 15:45:26,741000,11.499
2026/04/29 15:45:26,742000,11.490
2026/04/29 15:45:26,743000,11.490
2026/04/29 15:45:26,744000,11.499
2026/04/29 15:45:26,745000,11.493
2026/04/29 15:45:26,746000,11.496
2026/04/29 15:45:26,747000,11.499
2026/04/29 15:45:26,748000,11.493
2026/04/29 15:45:26,749000,11.487
2026/04/29 15:45:26,750000,11.490
2026/04/29 15:45:26,751000,11.493
2026/04/29 15:45:26,752000,11.493
2026/04/29 15:45:26,753000,11.493
2026/04/29 15:45:26,754000,11.490
2026/04/29 15:45:26,755000,11.499
2026/04/29 15:45:26,756000,11.496
2026/04/29 15:45:26,757000,11.499
2026/04/29 15:45:26,758000,11.496
2026/04/29 15:45:26,759000,11.499
2026/04/29 15:45:26,760000,11.493
2026/04/29 15:45:26,761000,11.496
2026/04/29 15:45:26,762000,11.496
2026/04/29 15:45:26,763000,11.493
2026/04/29 15:45:26,764000,11.493
2026/04/29 15:45:26,765000,11.493
2026/04/29 15:45:26,766000,11.490
2026/04/29 15:45:26,767000,11.501
2026/04/29 15:45:26,768000,11.493
2026/04/29 15:45:26,769000,11.493
2026/04/29 15:45:26,770000,11.496
2026/04/29 15:45:26,771000,11.496
2026/04/29 15:45:26,772000,11.499
2026/04/29 15:45:26,773000,11.490
2026/04/29 15:45:26,774000,11.493
2026/04/29 15:45:26,775000,11.493
2026/04/29 15:45:26,776000,11.493
2026/04/29 15:45:26,777000,11.496
2026/04/29 15:45:26,778000,11.499
2026/04/29 15:45:26,779000,11.493
2026/04/29 15:45:26,780000,11.499
2026/04/29 15:45:26,781000,11.496
2026/04/29 15:45:26,782000,11.493
2026/04/29 15:45:26,783000,11.496
2026/04/29 15:45:26,784000,11.501
2026/04/29 15:45:26,785000,11.496
2026/04/29 15:45:26,786000,11.493
2026/04/29 15:45:26,787000,11.496
2026/04/29 15:45:26,788000,11.499
2026/04/29 15:45:26,789000,11.493
2026/04/29 15:45:26,790000,11.493
2026/04/29 15:45:26,791000,11.490
2026/04/29 15:45:26,792000,11.493
2026/04/29 15:45:26,793000,11.493
2026/04/29 15:45:26,794000,11.496
2026/04/29 15:45:26,795000,11.496
2026/04/29 15:45:26,796000,11.499
2026/04/29 15:45:26,797000,11.493
2026/04/29 15:45:26,798000,11.493
2026/04/29 15:45:26,799000,11.493
2026/04/29 15:45:26,800000,11.499
2026/04/29 15:45:26,801000,11.493
2026/04/29 15:45:26,802000,11.496
2026/04/29 15:45:26,803000,11.490
2026/04/29 15:45:26,804000,11.496
2026/04/29 15:45:26,805000,11.499
2026/04/29 15:45:26,806000,11.496
2026/04/29 15:45:26,807000,11.490
2026/04/29 15:45:26,808000,11.493
2026/04/29 15:45:26,809000,11.496
2026/04/29 15:45:26,810000,11.493
2026/04/29 15:45:26,811000,11.490
2026/04/29 15:45:26,812000,11.499
2026/04/29 15:45:26,813000,11.499
2026/04/29 15:45:26,814000,11.499
2026/04/29 15:45:26,815000,11.487
2026/04/29 15:45:26,816000,11.493
2026/04/29 15:45:26,817000,11.493
2026/04/29 15:45:26,818000,11.499
2026/04/29 15:45:26,819000,11.501
2026/04/29 15:45:26,820000,11.493
2026/04/29 15:45:26,821000,11.501
2026/04/29 15:45:26,822000,11.499
2026/04/29 15:45:26,823000,11.499
2026/04/29 15:45:26,824000,11.499
2026/04/29 15:45:26,825000,11.493
2026/04/29 15:45:26,826000,11.493
2026/04/29 15:45:26,827000,11.493
2026/04/29 15:45:26,828000,11.493
2026/04/29 15:45:26,829000,11.499
2026/04/29 15:45:26,830000,11.493
2026/04/29 15:45:26,831000,11.493
2026/04/29 15:45:26,832000,11.499
2026/04/29 15:45:26,833000,11.496
2026/04/29 15:45:26,834000,11.496
2026/04/29 15:45:26,835000,11.487
2026/04/29 15:45:26,836000,11.493
2026/04/29 15:45:26,837000,11.496
2026/04/29 15:45:26,838000,11.490
2026/04/29 15:45:26,839000,11.499
2026/04/29 15:45:26,840000,11.493
2026/04/29 15:45:26,841000,11.493
2026/04/29 15:45:26,842000,11.496
2026/04/29 15:45:26,843000,11.499
2026/04/29 15:45:26,844000,11.499
2026/04/29 15:45:26,845000,11.496
2026/04/29 15:45:26,846000,11.493
2026/04/29 15:45:26,847000,11.499
2026/04/29 15:45:26,848000,11.499
2026/04/29 15:45:26,849000,11.499
2026/04/29 15:45:26,850000,11.499
2026/04/29 15:45:26,851000,11.487
2026/04/29 15:45:26,852000,11.490
2026/04/29 15:45:26,853000,11.493
2026/04/29 15:45:26,854000,11.496
2026/04/29 15:45:26,855000,11.496
2026/04/29 15:45:26,856000,11.490
2026/04/29 15:45:26,857000,11.510
2026/04/29 15:45:26,858000,11.493
2026/04/29 15:45:26,859000,11.493
2026/04/29 15:45:26,860000,11.504
2026/04/29 15:45:26,861000,11.493
2026/04/29 15:45:26,862000,11.493
2026/04/29 15:45:26,863000,11.490
2026/04/29 15:45:26,864000,11.499
2026/04/29 15:45:26,865000,11.496
2026/04/29 15:45:26,866000,11.490
2026/04/29 15:45:26,867000,11.493
2026/04/29 15:45:26,868000,11.504
2026/04/29 15:45:26,869000,11.499
2026/04/29 15:45:26,870000,11.496
2026/04/29 15:45:26,871000,11.499
2026/04/29 15:45:26,872000,11.496
2026/04/29 15:45:26,873000,11.499
2026/04/29 15:45:26,874000,11.490
2026/04/29 15:45:26,875000,11.493
2026/04/29 15:45:26,876000,11.499
2026/04/29 15:45:26,877000,11.493
2026/04/29 15:45:26,878000,11.493
2026/04/29 15:45:26,879000,11.504
2026/04/29 15:45:26,880000,11.501
2026/04/29 15:45:26,881000,11.493
2026/04/29 15:45:26,882000,11.499
2026/04/29 15:45:26,883000,11.493
2026/04/29 15:45:26,884000,11.496
2026/04/29 15:45:26,885000,11.493
2026/04/29 15:45:26,886000,11.499
2026/04/29 15:45:26,887000,11.504
2026/04/29 15:45:26,888000,11.499
2026/04/29 15:45:26,889000,11.501
2026/04/29 15:45:26,890000,11.496
2026/04/29 15:45:26,891000,11.499
2026/04/29 15:45:26,892000,11.499
2026/04/29 15:45:26,893000,11.493
2026/04/29 15:45:26,894000,11.496
2026/04/29 15:45:26,895000,11.501
2026/04/29 15:45:26,896000,11.496
2026/04/29 15:45:26,897000,11.493
2026/04/29 15:45:26,898000,11.499
2026/04/29 15:45:26,899000,11.499
2026/04/29 15:45:26,900000,11.493
2026/04/29 15:45:26,901000,11.499
2026/04/29 15:45:26,902000,11.499
2026/04/29 15:45:26,903000,11.501
2026/04/29 15:45:26,904000,11.499
2026/04/29 15:45:26,905000,11.493
2026/04/29 15:45:26,906000,11.496
2026/04/29 15:45:26,907000,11.499
2026/04/29 15:45:26,908000,11.496
2026/04/29 15:45:26,909000,11.490
2026/04/29 15:45:26,910000,11.496
2026/04/29 15:45:26,911000,11.493
2026/04/29 15:45:26,912000,11.496
2026/04/29 15:45:26,913000,11.496
2026/04/29 15:45:26,914000,11.493
2026/04/29 15:45:26,915000,11.499
2026/04/29 15:45:26,916000,11.496
2026/04/29 15:45:26,917000,11.493
2026/04/29 15:45:26,918000,11.499
2026/04/29 15:45:26,919000,11.499
2026/04/29 15:45:26,920000,11.493
2026/04/29 15:45:26,921000,11.499
2026/04/29 15:45:26,922000,11.496
2026/04/29 15:45:26,923000,11.493
2026/04/29 15:45:26,924000,11.490
2026/04/29 15:45:26,925000,11.499
2026/04/29 15:45:26,926000,11.490
2026/04/29 15:45:26,927000,11.496
2026/04/29 15:45:26,928000,11.493
2026/04/29 15:45:26,929000,11.496
2026/04/29 15:45:26,930000,11.504
2026/04/29 15:45:26,931000,11.501
2026/04/29 15:45:26,932000,11.490
2026/04/29 15:45:26,933000,11.487
2026/04/29 15:45:26,934000,11.501
2026/04/29 15:45:26,935000,11.493
2026/04/29 15:45:26,936000,11.493
2026/04/29 15:45:26,937000,11.493
2026/04/29 15:45:26,938000,11.493
2026/04/29 15:45:26,939000,11.496
2026/04/29 15:45:26,940000,11.496
2026/04/29 15:45:26,941000,11.496
2026/04/29 15:45:26,942000,11.496
2026/04/29 15:45:26,943000,11.493
2026/04/29 15:45:26,944000,11.499
2026/04/29 15:45:26,945000,11.493
2026/04/29 15:45:26,946000,11.490
2026/04/29 15:45:26,947000,11.493
2026/04/29 15:45:26,948000,11.499
2026/04/29 15:45:26,949000,11.493
2026/04/29 15:45:26,950000,11.493
2026/04/29 15:45:26,951000,11.499
2026/04/29 15:45:26,952000,11.493
2026/04/29 15:45:26,953000,11.501
2026/04/29 15:45:26,954000,11.496
2026/04/29 15:45:26,955000,11.499
2026/04/29 15:45:26,956000,11.501
2026/04/29 15:45:26,957000,11.490
2026/04/29 15:45:26,958000,11.493
2026/04/29 15:45:26,959000,11.499
2026/04/29 15:45:26,960000,11.493
2026/04/29 15:45:26,961000,11.490
2026/04/29 15:45:26,962000,11.501
2026/04/29 15:45:26,963000,11.493
2026/04/29 15:45:26,964000,11.493
2026/04/29 15:45:26,965000,11.496
2026/04/29 15:45:26,966000,11.496
2026/04/29 15:45:26,967000,11.499
2026/04/29 15:45:26,968000,11.490
2026/04/29 15:45:26,969000,11.487
2026/04/29 15:45:26,970000,11.496
2026/04/29 15:45:26,971000,11.490
2026/04/29 15:45:26,972000,11.499
2026/04/29 15:45:26,973000,11.501
2026/04/29 15:45:26,974000,11.501
2026/04/29 15:45:26,975000,11.496
2026/04/29 15:45:26,976000,11.496
2026/04/29 15:45:26,977000,11.493
2026/04/29 15:45:26,978000,11.490
2026/04/29 15:45:26,979000,11.499
2026/04/29 15:45:26,980000,11.490
2026/04/29 15:45:26,981000,11.499
2026/04/29 15:45:26,982000,11.496
2026/04/29 15:45:26,983000,11.501
2026/04/29 15:45:26,984000,11.493
2026/04/29 15:45:26,985000,11.499
2026/04/29 15:45:26,986000,11.499
2026/04/29 15:45:26,987000,11.496
2026/04/29 15:45:26,988000,11.496
2026/04/29 15:45:26,989000,11.499
2026/04/29 15:45:26,990000,11.499
2026/04/29 15:45:26,991000,11.490
2026/04/29 15:45:26,992000,11.490
2026/04/29 15:45:26,993000,11.496
2026/04/29 15:45:26,994000,11.496
2026/04/29 15:45:26,995000,11.490
2026/04/29 15:45:26,996000,11.493
2026/04/29 15:45:26,997000,11.493
2026/04/29 15:45:26,998000,11.496
2026/04/29 15:45:26,999000,11.493
2026/04/29 15:45:27,000000,11.493
2026/04/29 15:45:27,001000,11.490
2026/04/29 15:45:27,002000,11.490
2026/04/29 15:45:27,003000,11.490
2026/04/29 15:45:27,004000,11.493
2026/04/29 15:45:27,005000,11.496
2026/04/29 15:45:27,006000,11.493
2026/04/29 15:45:27,007000,11.496
2026/04/29 15:45:27,008000,11.493
2026/04/29 15:45:27,009000,11.499
2026/04/29 15:45:27,010000,11.493
2026/04/29 15:45:27,011000,11.496
2026/04/29 15:45:27,012000,11.493
2026/04/29 15:45:27,013000,11.493
2026/04/29 15:45:27,014000,11.493
2026/04/29 15:45:27,015000,11.493
2026/04/29 15:45:27,016000,11.501
2026/04/29 15:45:27,017000,11.493
2026/04/29 15:45:27,018000,11.493
2026/04/29 15:45:27,019000,11.496
2026/04/29 15:45:27,020000,11.482
2026/04/29 15:45:27,021000,11.490
2026/04/29 15:45:27,022000,11.496
2026/04/29 15:45:27,023000,11.490
2026/04/29 15:45:27,024000,11.496
2026/04/29 15:45:27,025000,11.490
2026/04/29 15:45:27,026000,11.496
2026/04/29 15:45:27,027000,11.490
2026/04/29 15:45:27,028000,11.493
2026/04/29 15:45:27,029000,11.493
2026/04/29 15:45:27,030000,11.493
2026/04/29 15:45:27,031000,11.493
2026/04/29 15:45:27,032000,11.493
2026/04/29 15:45:27,033000,11.493
2026/04/29 15:45:27,034000,11.493
2026/04/29 15:45:27,035000,11.493
2026/04/29 15:45:27,036000,11.493
2026/04/29 15:45:27,037000,11.493
2026/04/29 15:45:27,038000,11.493
2026/04/29 15:45:27,039000,11.501
2026/04/29 15:45:27,040000,11.496
2026/04/29 15:45:27,041000,11.493
2026/04/29 15:45:27,042000,11.493
2026/04/29 15:45:27,043000,11.499
2026/04/29 15:45:27,044000,11.496
2026/04/29 15:45:27,045000,11.493
2026/04/29 15:45:27,046000,11.490
2026/04/29 15:45:27,047000,11.490
2026/04/29 15:45:27,048000,11.493
2026/04/29 15:45:27,049000,11.493
2026/04/29 15:45:27,050000,11.493
2026/04/29 15:45:27,051000,11.493
2026/04/29 15:45:27,052000,11.490
2026/04/29 15:45:27,053000,11.493
2026/04/29 15:45:27,054000,11.490
2026/04/29 15:45:27,055000,11.493
2026/04/29 15:45:27,056000,11.496
2026/04/29 15:45:27,057000,11.493
2026/04/29 15:45:27,058000,11.496
2026/04/29 15:45:27,059000,11.487
2026/04/29 15:45:27,060000,11.496
2026/04/29 15:45:27,061000,11.493
2026/04/29 15:45:27,062000,11.490
2026/04/29 15:45:27,063000,11.493
2026/04/29 15:45:27,064000,11.493
2026/04/29 15:45:27,065000,11.501
2026/04/29 15:45:27,066000,11.496
2026/04/29 15:45:27,067000,11.493
2026/04/29 15:45:27,068000,11.499
2026/04/29 15:45:27,069000,11.493
2026/04/29 15:45:27,070000,11.496
2026/04/29 15:45:27,071000,11.499
2026/04/29 15:45:27,072000,11.493
2026/04/29 15:45:27,073000,11.493
2026/04/29 15:45:27,074000,11.493
2026/04/29 15:45:27,075000,11.493
2026/04/29 15:45:27,076000,11.499
2026/04/29 15:45:27,077000,11.493
2026/04/29 15:45:27,078000,11.496
2026/04/29 15:45:27,079000,11.493
2026/04/29 15:45:27,080000,11.493
2026/04/29 15:45:27,081000,11.493
2026/04/29 15:45:27,082000,11.496
2026/04/29 15:45:27,083000,11.493
2026/04/29 15:45:27,084000,11.499
2026/04/29 15:45:27,085000,11.493
2026/04/29 15:45:27,086000,11.493
2026/04/29 15:45:27,087000,11.493
2026/04/29 15:45:27,088000,11.490
2026/04/29 15:45:27,089000,11.499
2026/04/29 15:45:27,090000,11.496
2026/04/29 15:45:27,091000,11.490
2026/04/29 15:45:27,092000,11.496
2026/04/29 15:45:27,093000,11.496
2026/04/29 15:45:27,094000,11.496
2026/04/29 15:45:27,095000,11.499
2026/04/29 15:45:27,096000,11.496
2026/04/29 15:45:27,097000,11.493
2026/04/29 15:45:27,098000,11.493
2026/04/29 15:45:27,099000,11.490
2026/04/29 15:45:27,100000,11.499
2026/04/29 15:45:27,101000,11.496
2026/04/29 15:45:27,102000,11.496
2026/04/29 15:45:27,103000,11.499
2026/04/29 15:45:27,104000,11.490
2026/04/29 15:45:27,105000,11.490
2026/04/29 15:45:27,106000,11.496
2026/04/29 15:45:27,107000,11.496
2026/04/29 15:45:27,108000,11.496
2026/04/29 15:45:27,109000,11.493
2026/04/29 15:45:27,110000,11.493
2026/04/29 15:45:27,111000,11.493
2026/04/29 15:45:27,112000,11.493
2026/04/29 15:45:27,113000,11.496
2026/04/29 15:45:27,114000,11.490
2026/04/29 15:45:27,115000,11.496
2026/04/29 15:45:27,116000,11.510
2026/04/29 15:45:27,117000,11.490
2026/04/29 15:45:27,118000,11.501
2026/04/29 15:45:27,119000,11.490
2026/04/29 15:45:27,120000,11.493
2026/04/29 15:45:27,121000,11.499
2026/04/29 15:45:27,122000,11.490
2026/04/29 15:45:27,123000,11.496
2026/04/29 15:45:27,124000,11.496
2026/04/29 15:45:27,125000,11.493
2026/04/29 15:45:27,126000,11.493
2026/04/29 15:45:27,127000,11.493
2026/04/29 15:45:27,128000,11.493
2026/04/29 15:45:27,129000,11.490
2026/04/29 15:45:27,130000,11.501
2026/04/29 15:45:27,131000,11.493
2026/04/29 15:45:27,132000,11.493
2026/04/29 15:45:27,133000,11.490
2026/04/29 15:45:27,134000,11.496
2026/04/29 15:45:27,135000,11.493
2026/04/29 15:45:27,136000,11.496
2026/04/29 15:45:27,137000,11.493
2026/04/29 15:45:27,138000,11.496
2026/04/29 15:45:27,139000,11.493
2026/04/29 15:45:27,140000,11.493
2026/04/29 15:45:27,141000,11.496
2026/04/29 15:45:27,142000,11.490
2026/04/29 15:45:27,143000,11.501
2026/04/29 15:45:27,144000,11.496
2026/04/29 15:45:27,145000,11.493
2026/04/29 15:45:27,146000,11.501
2026/04/29 15:45:27,147000,11.493
2026/04/29 15:45:27,148000,11.490
2026/04/29 15:45:27,149000,11.487
2026/04/29 15:45:27,150000,11.501
2026/04/29 15:45:27,151000,11.490
2026/04/29 15:45:27,152000,11.501
2026/04/29 15:45:27,153000,11.499
2026/04/29 15:45:27,154000,11.490
2026/04/29 15:45:27,155000,11.490
2026/04/29 15:45:27,156000,11.499
2026/04/29 15:45:27,157000,11.499
2026/04/29 15:45:27,158000,11.490
2026/04/29 15:45:27,159000,11.501
2026/04/29 15:45:27,160000,11.493
2026/04/29 15:45:27,161000,11.493
2026/04/29 15:45:27,162000,11.499
2026/04/29 15:45:27,163000,11.493
2026/04/29 15:45:27,164000,11.490
2026/04/29 15:45:27,165000,11.493
2026/04/29 15:45:27,166000,11.496
2026/04/29 15:45:27,167000,11.499
2026/04/29 15:45:27,168000,11.493
2026/04/29 15:45:27,169000,11.490
2026/04/29 15:45:27,170000,11.493
2026/04/29 15:45:27,171000,11.499
2026/04/29 15:45:27,172000,11.501
2026/04/29 15:45:27,173000,11.493
2026/04/29 15:45:27,174000,11.501
2026/04/29 15:45:27,175000,11.490
2026/04/29 15:45:27,176000,11.499
2026/04/29 15:45:27,177000,11.504
2026/04/29 15:45:27,178000,11.501
2026/04/29 15:45:27,179000,11.493
2026/04/29 15:45:27,180000,11.496
2026/04/29 15:45:27,181000,11.496
2026/04/29 15:45:27,182000,11.499
2026/04/29 15:45:27,183000,11.499
2026/04/29 15:45:27,184000,11.499
2026/04/29 15:45:27,185000,11.496
2026/04/29 15:45:27,186000,11.490
2026/04/29 15:45:27,187000,11.493
2026/04/29 15:45:27,188000,11.501
2026/04/29 15:45:27,189000,11.496
2026/04/29 15:45:27,190000,11.490
2026/04/29 15:45:27,191000,11.496
2026/04/29 15:45:27,192000,11.499
2026/04/29 15:45:27,193000,11.496
2026/04/29 15:45:27,194000,11.493
2026/04/29 15:45:27,195000,11.496
2026/04/29 15:45:27,196000,11.501
2026/04/29 15:45:27,197000,11.499
2026/04/29 15:45:27,198000,11.496
2026/04/29 15:45:27,199000,11.496
2026/04/29 15:45:27,200000,11.490
2026/04/29 15:45:27,201000,11.490
2026/04/29 15:45:27,202000,11.496
2026/04/29 15:45:27,203000,11.493
2026/04/29 15:45:27,204000,11.499
2026/04/29 15:45:27,205000,11.493
2026/04/29 15:45:27,206000,11.493
2026/04/29 15:45:27,207000,11.496
2026/04/29 15:45:27,208000,11.496
2026/04/29 15:45:27,209000,11.493
2026/04/29 15:45:27,210000,11.501
2026/04/29 15:45:27,211000,11.499
2026/04/29 15:45:27,212000,11.493
2026/04/29 15:45:27,213000,11.490
2026/04/29 15:45:27,214000,11.490
2026/04/29 15:45:27,215000,11.493
2026/04/29 15:45:27,216000,11.490
2026/04/29 15:45:27,217000,11.499
2026/04/29 15:45:27,218000,11.499
2026/04/29 15:45:27,219000,11.496
2026/04/29 15:45:27,220000,11.499
2026/04/29 15:45:27,221000,11.496
2026/04/29 15:45:27,222000,11.499
2026/04/29 15:45:27,223000,11.493
2026/04/29 15:45:27,224000,11.493
2026/04/29 15:45:27,225000,11.496
2026/04/29 15:45:27,226000,11.499
2026/04/29 15:45:27,227000,11.493
2026/04/29 15:45:27,228000,11.499
2026/04/29 15:45:27,229000,11.499
2026/04/29 15:45:27,230000,11.493
2026/04/29 15:45:27,231000,11.493
2026/04/29 15:45:27,232000,11.496
2026/04/29 15:45:27,233000,11.496
2026/04/29 15:45:27,234000,11.496
2026/04/29 15:45:27,235000,11.490
2026/04/29 15:45:27,236000,11.499
2026/04/29 15:45:27,237000,11.493
2026/04/29 15:45:27,238000,11.496
2026/04/29 15:45:27,239000,11.493
2026/04/29 15:45:27,240000,11.496
2026/04/29 15:45:27,241000,11.493
2026/04/29 15:45:27,242000,11.487
2026/04/29 15:45:27,243000,11.496
2026/04/29 15:45:27,244000,11.493
2026/04/29 15:45:27,245000,11.496
2026/04/29 15:45:27,246000,11.496
2026/04/29 15:45:27,247000,11.493
2026/04/29 15:45:27,248000,11.493
2026/04/29 15:45:27,249000,11.496
2026/04/29 15:45:27,250000,11.496
2026/04/29 15:45:27,251000,11.493
2026/04/29 15:45:27,252000,11.493
2026/04/29 15:45:27,253000,11.493
2026/04/29 15:45:27,254000,11.490
2026/04/29 15:45:27,255000,11.493
2026/04/29 15:45:27,256000,11.496
2026/04/29 15:45:27,257000,11.496
2026/04/29 15:45:27,258000,11.499
2026/04/29 15:45:27,259000,11.496
2026/04/29 15:45:27,260000,11.493
2026/04/29 15:45:27,261000,11.499
2026/04/29 15:45:27,262000,11.493
2026/04/29 15:45:27,263000,11.493
2026/04/29 15:45:27,264000,11.487
2026/04/29 15:45:27,265000,11.499
2026/04/29 15:45:27,266000,11.496
2026/04/29 15:45:27,267000,11.501
2026/04/29 15:45:27,268000,11.496
2026/04/29 15:45:27,269000,11.499
2026/04/29 15:45:27,270000,11.499
2026/04/29 15:45:27,271000,11.499
2026/04/29 15:45:27,272000,11.490
2026/04/29 15:45:27,273000,11.493
2026/04/29 15:45:27,274000,11.496
2026/04/29 15:45:27,275000,11.493
2026/04/29 15:45:27,276000,11.501
2026/04/29 15:45:27,277000,11.499
2026/04/29 15:45:27,278000,11.493
2026/04/29 15:45:27,279000,11.499
2026/04/29 15:45:27,280000,11.499
2026/04/29 15:45:27,281000,11.501
2026/04/29 15:45:27,282000,11.493
2026/04/29 15:45:27,283000,11.496
2026/04/29 15:45:27,284000,11.496
2026/04/29 15:45:27,285000,11.493
2026/04/29 15:45:27,286000,11.493
2026/04/29 15:45:27,287000,11.493
2026/04/29 15:45:27,288000,11.493
2026/04/29 15:45:27,289000,11.496
2026/04/29 15:45:27,290000,11.496
2026/04/29 15:45:27,291000,11.501
2026/04/29 15:45:27,292000,11.493
2026/04/29 15:45:27,293000,11.496
2026/04/29 15:45:27,294000,11.487
2026/04/29 15:45:27,295000,11.499
2026/04/29 15:45:27,296000,11.501
2026/04/29 15:45:27,297000,11.493
2026/04/29 15:45:27,298000,11.501
2026/04/29 15:45:27,299000,11.501
2026/04/29 15:45:27,300000,11.496
2026/04/29 15:45:27,301000,11.496
2026/04/29 15:45:27,302000,11.493
2026/04/29 15:45:27,303000,11.493
2026/04/29 15:45:27,304000,11.493
2026/04/29 15:45:27,305000,11.493
2026/04/29 15:45:27,306000,11.490
2026/04/29 15:45:27,307000,11.499
2026/04/29 15:45:27,308000,11.499
2026/04/29 15:45:27,309000,11.501
2026/04/29 15:45:27,310000,11.499
2026/04/29 15:45:27,311000,11.493
2026/04/29 15:45:27,312000,11.496
2026/04/29 15:45:27,313000,11.493
2026/04/29 15:45:27,314000,11.501
2026/04/29 15:45:27,315000,11.496
2026/04/29 15:45:27,316000,11.496
2026/04/29 15:45:27,317000,11.493
2026/04/29 15:45:27,318000,11.496
2026/04/29 15:45:27,319000,11.504
2026/04/29 15:45:27,320000,11.490
2026/04/29 15:45:27,321000,11.490
2026/04/29 15:45:27,322000,11.496
2026/04/29 15:45:27,323000,11.496
2026/04/29 15:45:27,324000,11.496
2026/04/29 15:45:27,325000,11.493
2026/04/29 15:45:27,326000,11.496
2026/04/29 15:45:27,327000,11.493
2026/04/29 15:45:27,328000,11.496
2026/04/29 15:45:27,329000,11.490
2026/04/29 15:45:27,330000,11.496
2026/04/29 15:45:27,331000,11.493
2026/04/29 15:45:27,332000,11.499
2026/04/29 15:45:27,333000,11.493
2026/04/29 15:45:27,334000,11.493
2026/04/29 15:45:27,335000,11.493
2026/04/29 15:45:27,336000,11.493
2026/04/29 15:45:27,337000,11.499
2026/04/29 15:45:27,338000,11.496
2026/04/29 15:45:27,339000,11.499
2026/04/29 15:45:27,340000,11.493
2026/04/29 15:45:27,341000,11.493
2026/04/29 15:45:27,342000,11.496
2026/04/29 15:45:27,343000,11.496
2026/04/29 15:45:27,344000,11.499
2026/04/29 15:45:27,345000,11.496
2026/04/29 15:45:27,346000,11.493
2026/04/29 15:45:27,347000,11.496
2026/04/29 15:45:27,348000,11.493
2026/04/29 15:45:27,349000,11.493
2026/04/29 15:45:27,350000,11.493
2026/04/29 15:45:27,351000,11.493
2026/04/29 15:45:27,352000,11.490
2026/04/29 15:45:27,353000,11.487
2026/04/29 15:45:27,354000,11.490
2026/04/29 15:45:27,355000,11.490
2026/04/29 15:45:27,356000,11.493
2026/04/29 15:45:27,357000,11.496
2026/04/29 15:45:27,358000,11.493
2026/04/29 15:45:27,359000,11.493
2026/04/29 15:45:27,360000,11.496
2026/04/29 15:45:27,361000,11.493
2026/04/29 15:45:27,362000,11.496
2026/04/29 15:45:27,363000,11.493
2026/04/29 15:45:27,364000,11.501
2026/04/29 15:45:27,365000,11.493
2026/04/29 15:45:27,366000,11.501
2026/04/29 15:45:27,367000,11.496
2026/04/29 15:45:27,368000,11.496
2026/04/29 15:45:27,369000,11.493
2026/04/29 15:45:27,370000,11.496
2026/04/29 15:45:27,371000,11.499
2026/04/29 15:45:27,372000,11.493
2026/04/29 15:45:27,373000,11.499
2026/04/29 15:45:27,374000,11.496
2026/04/29 15:45:27,375000,11.487
2026/04/29 15:45:27,376000,11.493
2026/04/29 15:45:27,377000,11.493
2026/04/29 15:45:27,378000,11.493
2026/04/29 15:45:27,379000,11.496
2026/04/29 15:45:27,380000,11.496
2026/04/29 15:45:27,381000,11.496
2026/04/29 15:45:27,382000,11.499
2026/04/29 15:45:27,383000,11.496
2026/04/29 15:45:27,384000,11.493
2026/04/29 15:45:27,385000,11.499
2026/04/29 15:45:27,386000,11.493
2026/04/29 15:45:27,387000,11.490
2026/04/29 15:45:27,388000,11.496
2026/04/29 15:45:27,389000,11.493
2026/04/29 15:45:27,390000,11.490
2026/04/29 15:45:27,391000,11.493
2026/04/29 15:45:27,392000,11.507
2026/04/29 15:45:27,393000,11.501
2026/04/29 15:45:27,394000,11.496
2026/04/29 15:45:27,395000,11.490
2026/04/29 15:45:27,396000,11.499
2026/04/29 15:45:27,397000,11.496
2026/04/29 15:45:27,398000,11.499
2026/04/29 15:45:27,399000,11.493
2026/04/29 15:45:27,400000,11.496
2026/04/29 15:45:27,401000,11.499
2026/04/29 15:45:27,402000,11.501
2026/04/29 15:45:27,403000,11.496
2026/04/29 15:45:27,404000,11.496
2026/04/29 15:45:27,405000,11.493
2026/04/29 15:45:27,406000,11.499
2026/04/29 15:45:27,407000,11.493
2026/04/29 15:45:27,408000,11.493
2026/04/29 15:45:27,409000,11.499
2026/04/29 15:45:27,410000,11.499
2026/04/29 15:45:27,411000,11.496
2026/04/29 15:45:27,412000,11.499
2026/04/29 15:45:27,413000,11.493
2026/04/29 15:45:27,414000,11.493
2026/04/29 15:45:27,415000,11.496
2026/04/29 15:45:27,416000,11.499
2026/04/29 15:45:27,417000,11.496
2026/04/29 15:45:27,418000,11.490
2026/04/29 15:45:27,419000,11.487
2026/04/29 15:45:27,420000,11.496
2026/04/29 15:45:27,421000,11.496
2026/04/29 15:45:27,422000,11.487
2026/04/29 15:45:27,423000,11.493
2026/04/29 15:45:27,424000,11.499
2026/04/29 15:45:27,425000,11.490
2026/04/29 15:45:27,426000,11.493
2026/04/29 15:45:27,427000,11.493
2026/04/29 15:45:27,428000,11.501
2026/04/29 15:45:27,429000,11.496
2026/04/29 15:45:27,430000,11.496
2026/04/29 15:45:27,431000,11.499
2026/04/29 15:45:27,432000,11.493
2026/04/29 15:45:27,433000,11.493
2026/04/29 15:45:27,434000,11.496
2026/04/29 15:45:27,435000,11.496
2026/04/29 15:45:27,436000,11.499
2026/04/29 15:45:27,437000,11.499
2026/04/29 15:45:27,438000,11.493
2026/04/29 15:45:27,439000,11.504
2026/04/29 15:45:27,440000,11.496
2026/04/29 15:45:27,441000,11.496
2026/04/29 15:45:27,442000,11.499
2026/04/29 15:45:27,443000,11.490
2026/04/29 15:45:27,444000,11.499
2026/04/29 15:45:27,445000,11.499
2026/04/29 15:45:27,446000,11.496
2026/04/29 15:45:27,447000,11.496
2026/04/29 15:45:27,448000,11.496
2026/04/29 15:45:27,449000,11.496
2026/04/29 15:45:27,450000,11.496
2026/04/29 15:45:27,451000,11.496
2026/04/29 15:45:27,452000,11.490
2026/04/29 15:45:27,453000,11.501
2026/04/29 15:45:27,454000,11.499
2026/04/29 15:45:27,455000,11.499
2026/04/29 15:45:27,456000,11.493
2026/04/29 15:45:27,457000,11.493
2026/04/29 15:45:27,458000,11.490
2026/04/29 15:45:27,459000,11.493
2026/04/29 15:45:27,460000,11.493
2026/04/29 15:45:27,461000,11.501
2026/04/29 15:45:27,462000,11.487
2026/04/29 15:45:27,463000,11.496
2026/04/29 15:45:27,464000,11.493
2026/04/29 15:45:27,465000,11.499
2026/04/29 15:45:27,466000,11.493
2026/04/29 15:45:27,467000,11.490
2026/04/29 15:45:27,468000,11.499
2026/04/29 15:45:27,469000,11.496
2026/04/29 15:45:27,470000,11.493
2026/04/29 15:45:27,471000,11.504
2026/04/29 15:45:27,472000,11.499
2026/04/29 15:45:27,473000,11.490
2026/04/29 15:45:27,474000,11.493
2026/04/29 15:45:27,475000,11.493
2026/04/29 15:45:27,476000,11.493
2026/04/29 15:45:27,477000,11.496
2026/04/29 15:45:27,478000,11.496
2026/04/29 15:45:27,479000,11.499
2026/04/29 15:45:27,480000,11.504
2026/04/29 15:45:27,481000,11.490
2026/04/29 15:45:27,482000,11.493
2026/04/29 15:45:27,483000,11.490
2026/04/29 15:45:27,484000,11.496
2026/04/29 15:45:27,485000,11.493
2026/04/29 15:45:27,486000,11.493
2026/04/29 15:45:27,487000,11.499
2026/04/29 15:45:27,488000,11.493
2026/04/29 15:45:27,489000,11.501
2026/04/29 15:45:27,490000,11.493
2026/04/29 15:45:27,491000,11.499
2026/04/29 15:45:27,492000,11.493
2026/04/29 15:45:27,493000,11.493
2026/04/29 15:45:27,494000,11.499
2026/04/29 15:45:27,495000,11.490
2026/04/29 15:45:27,496000,11.499
2026/04/29 15:45:27,497000,11.493
2026/04/29 15:45:27,498000,11.493
2026/04/29 15:45:27,499000,11.493
2026/04/29 15:45:27,500000,11.496
2026/04/29 15:45:27,501000,11.499
2026/04/29 15:45:27,502000,11.490
2026/04/29 15:45:27,503000,11.493
2026/04/29 15:45:27,504000,11.493
2026/04/29 15:45:27,505000,11.493
2026/04/29 15:45:27,506000,11.496
2026/04/29 15:45:27,507000,11.496
2026/04/29 15:45:27,508000,11.490
2026/04/29 15:45:27,509000,11.493
2026/04/29 15:45:27,510000,11.496
2026/04/29 15:45:27,511000,11.493
2026/04/29 15:45:27,512000,11.499
2026/04/29 15:45:27,513000,11.501
2026/04/29 15:45:27,514000,11.490
2026/04/29 15:45:27,515000,11.496
2026/04/29 15:45:27,516000,11.493
2026/04/29 15:45:27,517000,11.496
2026/04/29 15:45:27,518000,11.496
2026/04/29 15:45:27,519000,11.496
2026/04/29 15:45:27,520000,11.501
2026/04/29 15:45:27,521000,11.493
2026/04/29 15:45:27,522000,11.493
2026/04/29 15:45:27,523000,11.496
2026/04/29 15:45:27,524000,11.496
2026/04/29 15:45:27,525000,11.490
2026/04/29 15:45:27,526000,11.493
2026/04/29 15:45:27,527000,11.493
2026/04/29 15:45:27,528000,11.487
2026/04/29 15:45:27,529000,11.493
2026/04/29 15:45:27,530000,11.493
2026/04/29 15:45:27,531000,11.493
2026/04/29 15:45:27,532000,11.496
2026/04/29 15:45:27,533000,11.490
2026/04/29 15:45:27,534000,11.496
2026/04/29 15:45:27,535000,11.496
2026/04/29 15:45:27,536000,11.496
2026/04/29 15:45:27,537000,11.493
2026/04/29 15:45:27,538000,11.490
2026/04/29 15:45:27,539000,11.493
2026/04/29 15:45:27,540000,11.501
2026/04/29 15:45:27,541000,11.490
2026/04/29 15:45:27,542000,11.499
2026/04/29 15:45:27,543000,11.493
2026/04/29 15:45:27,544000,11.499
2026/04/29 15:45:27,545000,11.487
2026/04/29 15:45:27,546000,11.499
2026/04/29 15:45:27,547000,11.490
2026/04/29 15:45:27,548000,11.493
2026/04/29 15:45:27,549000,11.496
2026/04/29 15:45:27,550000,11.499
2026/04/29 15:45:27,551000,11.493
2026/04/29 15:45:27,552000,11.493
2026/04/29 15:45:27,553000,11.496
2026/04/29 15:45:27,554000,11.493
2026/04/29 15:45:27,555000,11.490
2026/04/29 15:45:27,556000,11.487
2026/04/29 15:45:27,557000,11.499
2026/04/29 15:45:27,558000,11.493
2026/04/29 15:45:27,559000,11.490
2026/04/29 15:45:27,560000,11.499
2026/04/29 15:45:27,561000,11.493
2026/04/29 15:45:27,562000,11.496
2026/04/29 15:45:27,563000,11.499
2026/04/29 15:45:27,564000,11.493
2026/04/29 15:45:27,565000,11.493
2026/04/29 15:45:27,566000,11.499
2026/04/29 15:45:27,567000,11.496
2026/04/29 15:45:27,568000,11.496
2026/04/29 15:45:27,569000,11.493
2026/04/29 15:45:27,570000,11.496
2026/04/29 15:45:27,571000,11.493
2026/04/29 15:45:27,572000,11.493
2026/04/29 15:45:27,573000,11.499
2026/04/29 15:45:27,574000,11.496
2026/04/29 15:45:27,575000,11.487
2026/04/29 15:45:27,576000,11.493
2026/04/29 15:45:27,577000,11.490
2026/04/29 15:45:27,578000,11.504
2026/04/29 15:45:27,579000,11.493
2026/04/29 15:45:27,580000,11.496
2026/04/29 15:45:27,581000,11.499
2026/04/29 15:45:27,582000,11.490
2026/04/29 15:45:27,583000,11.493
2026/04/29 15:45:27,584000,11.496
2026/04/29 15:45:27,585000,11.496
2026/04/29 15:45:27,586000,11.493
2026/04/29 15:45:27,587000,11.493
2026/04/29 15:45:27,588000,11.496
2026/04/29 15:45:27,589000,11.493
2026/04/29 15:45:27,590000,11.493
2026/04/29 15:45:27,591000,11.490
2026/04/29 15:45:27,592000,11.493
2026/04/29 15:45:27,593000,11.493
2026/04/29 15:45:27,594000,11.496
2026/04/29 15:45:27,595000,11.499
2026/04/29 15:45:27,596000,11.496
2026/04/29 15:45:27,597000,11.496
2026/04/29 15:45:27,598000,11.487
2026/04/29 15:45:27,599000,11.493
2026/04/29 15:45:27,600000,11.493
2026/04/29 15:45:27,601000,11.490
2026/04/29 15:45:27,602000,11.496
2026/04/29 15:45:27,603000,11.493
2026/04/29 15:45:27,604000,11.490
2026/04/29 15:45:27,605000,11.493
2026/04/29 15:45:27,606000,11.496
2026/04/29 15:45:27,607000,11.493
2026/04/29 15:45:27,608000,11.496
2026/04/29 15:45:27,609000,11.499
2026/04/29 15:45:27,610000,11.493
2026/04/29 15:45:27,611000,11.499
2026/04/29 15:45:27,612000,11.490
2026/04/29 15:45:27,613000,11.490
2026/04/29 15:45:27,614000,11.493
2026/04/29 15:45:27,615000,11.499
2026/04/29 15:45:27,616000,11.499
2026/04/29 15:45:27,617000,11.493
2026/04/29 15:45:27,618000,11.493
2026/04/29 15:45:27,619000,11.490
2026/04/29 15:45:27,620000,11.496
2026/04/29 15:45:27,621000,11.499
2026/04/29 15:45:27,622000,11.493
2026/04/29 15:45:27,623000,11.499
2026/04/29 15:45:27,624000,11.496
2026/04/29 15:45:27,625000,11.493
2026/04/29 15:45:27,626000,11.499
2026/04/29 15:45:27,627000,11.496
2026/04/29 15:45:27,628000,11.499
2026/04/29 15:45:27,629000,11.493
2026/04/29 15:45:27,630000,11.493
2026/04/29 15:45:27,631000,11.501
2026/04/29 15:45:27,632000,11.496
2026/04/29 15:45:27,633000,11.496
2026/04/29 15:45:27,634000,11.496
2026/04/29 15:45:27,635000,11.490
2026/04/29 15:45:27,636000,11.493
2026/04/29 15:45:27,637000,11.490
2026/04/29 15:45:27,638000,11.499
2026/04/29 15:45:27,639000,11.499
2026/04/29 15:45:27,640000,11.493
2026/04/29 15:45:27,641000,11.493
2026/04/29 15:45:27,642000,11.499
2026/04/29 15:45:27,643000,11.493
2026/04/29 15:45:27,644000,11.496
2026/04/29 15:45:27,645000,11.490
2026/04/29 15:45:27,646000,11.499
2026/04/29 15:45:27,647000,11.493
2026/04/29 15:45:27,648000,11.496
2026/04/29 15:45:27,649000,11.493
2026/04/29 15:45:27,650000,11.493
2026/04/29 15:45:27,651000,11.487
2026/04/29 15:45:27,652000,11.490
2026/04/29 15:45:27,653000,11.496
2026/04/29 15:45:27,654000,11.496
2026/04/29 15:45:27,655000,11.496
2026/04/29 15:45:27,656000,11.499
2026/04/29 15:45:27,657000,11.496
2026/04/29 15:45:27,658000,11.501
2026/04/29 15:45:27,659000,11.493
2026/04/29 15:45:27,660000,11.487
2026/04/29 15:45:27,661000,11.496
2026/04/29 15:45:27,662000,11.496
2026/04/29 15:45:27,663000,11.493
2026/04/29 15:45:27,664000,11.499
2026/04/29 15:45:27,665000,11.501
2026/04/29 15:45:27,666000,11.490
2026/04/29 15:45:27,667000,11.496
2026/04/29 15:45:27,668000,11.499
2026/04/29 15:45:27,669000,11.499
2026/04/29 15:45:27,670000,11.496
2026/04/29 15:45:27,671000,11.499
2026/04/29 15:45:27,672000,11.499
2026/04/29 15:45:27,673000,11.496
2026/04/29 15:45:27,674000,11.499
2026/04/29 15:45:27,675000,11.493
2026/04/29 15:45:27,676000,11.493
2026/04/29 15:45:27,677000,11.496
2026/04/29 15:45:27,678000,11.493
2026/04/29 15:45:27,679000,11.496
2026/04/29 15:45:27,680000,11.499
2026/04/29 15:45:27,681000,11.496
2026/04/29 15:45:27,682000,11.490
2026/04/29 15:45:27,683000,11.496
2026/04/29 15:45:27,684000,11.493
2026/04/29 15:45:27,685000,11.493
2026/04/29 15:45:27,686000,11.496
2026/04/29 15:45:27,687000,11.490
2026/04/29 15:45:27,688000,11.493
2026/04/29 15:45:27,689000,11.493
2026/04/29 15:45:27,690000,11.501
2026/04/29 15:45:27,691000,11.493
2026/04/29 15:45:27,692000,11.490
2026/04/29 15:45:27,693000,11.490
2026/04/29 15:45:27,694000,11.496
2026/04/29 15:45:27,695000,11.496
2026/04/29 15:45:27,696000,11.493
2026/04/29 15:45:27,697000,11.493
2026/04/29 15:45:27,698000,11.490
2026/04/29 15:45:27,699000,11.490
2026/04/29 15:45:27,700000,11.496
2026/04/29 15:45:27,701000,11.493
2026/04/29 15:45:27,702000,11.493
2026/04/29 15:45:27,703000,11.493
2026/04/29 15:45:27,704000,11.493
2026/04/29 15:45:27,705000,11.490
2026/04/29 15:45:27,706000,11.493
2026/04/29 15:45:27,707000,11.493
2026/04/29 15:45:27,708000,11.496
2026/04/29 15:45:27,709000,11.485
2026/04/29 15:45:27,710000,11.496
2026/04/29 15:45:27,711000,11.499
2026/04/29 15:45:27,712000,11.493
2026/04/29 15:45:27,713000,11.493
2026/04/29 15:45:27,714000,11.496
2026/04/29 15:45:27,715000,11.496
2026/04/29 15:45:27,716000,11.487
2026/04/29 15:45:27,717000,11.490
2026/04/29 15:45:27,718000,11.496
2026/04/29 15:45:27,719000,11.493
2026/04/29 15:45:27,720000,11.493
2026/04/29 15:45:27,721000,11.493
2026/04/29 15:45:27,722000,11.490
2026/04/29 15:45:27,723000,11.490
2026/04/29 15:45:27,724000,11.499
2026/04/29 15:45:27,725000,11.493
2026/04/29 15:45:27,726000,11.493
2026/04/29 15:45:27,727000,11.496
2026/04/29 15:45:27,728000,11.493
2026/04/29 15:45:27,729000,11.493
2026/04/29 15:45:27,730000,11.493
2026/04/29 15:45:27,731000,11.499
2026/04/29 15:45:27,732000,11.496
2026/04/29 15:45:27,733000,11.490
2026/04/29 15:45:27,734000,11.499
2026/04/29 15:45:27,735000,11.493
2026/04/29 15:45:27,736000,11.493
2026/04/29 15:45:27,737000,11.490
2026/04/29 15:45:27,738000,11.496
2026/04/29 15:45:27,739000,11.493
2026/04/29 15:45:27,740000,11.493
2026/04/29 15:45:27,741000,11.496
2026/04/29 15:45:27,742000,11.499
2026/04/29 15:45:27,743000,11.490
2026/04/29 15:45:27,744000,11.496
2026/04/29 15:45:27,745000,11.487
2026/04/29 15:45:27,746000,11.493
2026/04/29 15:45:27,747000,11.493
2026/04/29 15:45:27,748000,11.496
2026/04/29 15:45:27,749000,11.496
2026/04/29 15:45:27,750000,11.501
2026/04/29 15:45:27,751000,11.490
2026/04/29 15:45:27,752000,11.496
2026/04/29 15:45:27,753000,11.493
2026/04/29 15:45:27,754000,11.499
2026/04/29 15:45:27,755000,11.493
2026/04/29 15:45:27,756000,11.499
2026/04/29 15:45:27,757000,11.493
2026/04/29 15:45:27,758000,11.493
2026/04/29 15:45:27,759000,11.499
2026/04/29 15:45:27,760000,11.490
2026/04/29 15:45:27,761000,11.493
2026/04/29 15:45:27,762000,11.493
2026/04/29 15:45:27,763000,11.501
2026/04/29 15:45:27,764000,11.499
2026/04/29 15:45:27,765000,11.499
2026/04/29 15:45:27,766000,11.499
2026/04/29 15:45:27,767000,11.496
2026/04/29 15:45:27,768000,11.496
2026/04/29 15:45:27,769000,11.499
2026/04/29 15:45:27,770000,11.501
2026/04/29 15:45:27,771000,11.490
2026/04/29 15:45:27,772000,11.499
2026/04/29 15:45:27,773000,11.493
2026/04/29 15:45:27,774000,11.493
2026/04/29 15:45:27,775000,11.496
2026/04/29 15:45:27,776000,11.496
2026/04/29 15:45:27,777000,11.496
2026/04/29 15:45:27,778000,11.493
2026/04/29 15:45:27,779000,11.493
2026/04/29 15:45:27,780000,11.496
2026/04/29 15:45:27,781000,11.493
2026/04/29 15:45:27,782000,11.493
2026/04/29 15:45:27,783000,11.490
2026/04/29 15:45:27,784000,11.490
2026/04/29 15:45:27,785000,11.501
2026/04/29 15:45:27,786000,11.496
2026/04/29 15:45:27,787000,11.493
2026/04/29 15:45:27,788000,11.490
2026/04/29 15:45:27,789000,11.493
2026/04/29 15:45:27,790000,11.493
2026/04/29 15:45:27,791000,11.496
2026/04/29 15:45:27,792000,11.493
2026/04/29 15:45:27,793000,11.496
2026/04/29 15:45:27,794000,11.493
2026/04/29 15:45:27,795000,11.493
2026/04/29 15:45:27,796000,11.493
2026/04/29 15:45:27,797000,11.493
2026/04/29 15:45:27,798000,11.496
2026/04/29 15:45:27,799000,11.496
2026/04/29 15:45:27,800000,11.493
2026/04/29 15:45:27,801000,11.499
2026/04/29 15:45:27,802000,11.493
2026/04/29 15:45:27,803000,11.496
2026/04/29 15:45:27,804000,11.496
2026/04/29 15:45:27,805000,11.501
2026/04/29 15:45:27,806000,11.501
2026/04/29 15:45:27,807000,11.496
2026/04/29 15:45:27,808000,11.490
2026/04/29 15:45:27,809000,11.496
2026/04/29 15:45:27,810000,11.493
2026/04/29 15:45:27,811000,11.499
2026/04/29 15:45:27,812000,11.490
2026/04/29 15:45:27,813000,11.499
2026/04/29 15:45:27,814000,11.501
2026/04/29 15:45:27,815000,11.490
2026/04/29 15:45:27,816000,11.493
2026/04/29 15:45:27,817000,11.493
2026/04/29 15:45:27,818000,11.493
2026/04/29 15:45:27,819000,11.493
2026/04/29 15:45:27,820000,11.493
2026/04/29 15:45:27,821000,11.499
2026/04/29 15:45:27,822000,11.493
2026/04/29 15:45:27,823000,11.496
2026/04/29 15:45:27,824000,11.499
2026/04/29 15:45:27,825000,11.496
2026/04/29 15:45:27,826000,11.496
2026/04/29 15:45:27,827000,11.493
2026/04/29 15:45:27,828000,11.501
2026/04/29 15:45:27,829000,11.499
2026/04/29 15:45:27,830000,11.493
2026/04/29 15:45:27,831000,11.490
2026/04/29 15:45:27,832000,11.493
2026/04/29 15:45:27,833000,11.493
2026/04/29 15:45:27,834000,11.490
2026/04/29 15:45:27,835000,11.496
2026/04/29 15:45:27,836000,11.493
2026/04/29 15:45:27,837000,11.499
2026/04/29 15:45:27,838000,11.493
2026/04/29 15:45:27,839000,11.496
2026/04/29 15:45:27,840000,11.490
2026/04/29 15:45:27,841000,11.496
2026/04/29 15:45:27,842000,11.499
2026/04/29 15:45:27,843000,11.499
2026/04/29 15:45:27,844000,11.496
2026/04/29 15:45:27,845000,11.496
2026/04/29 15:45:27,846000,11.493
2026/04/29 15:45:27,847000,11.499
2026/04/29 15:45:27,848000,11.493
2026/04/29 15:45:27,849000,11.496
2026/04/29 15:45:27,850000,11.493
2026/04/29 15:45:27,851000,11.496
2026/04/29 15:45:27,852000,11.490
2026/04/29 15:45:27,853000,11.499
2026/04/29 15:45:27,854000,11.496
2026/04/29 15:45:27,855000,11.496
2026/04/29 15:45:27,856000,11.493
2026/04/29 15:45:27,857000,11.487
2026/04/29 15:45:27,858000,11.496
2026/04/29 15:45:27,859000,11.501
2026/04/29 15:45:27,860000,11.496
2026/04/29 15:45:27,861000,11.501
2026/04/29 15:45:27,862000,11.499
2026/04/29 15:45:27,863000,11.496
2026/04/29 15:45:27,864000,11.496
2026/04/29 15:45:27,865000,11.496
2026/04/29 15:45:27,866000,11.499
2026/04/29 15:45:27,867000,11.496
2026/04/29 15:45:27,868000,11.496
2026/04/29 15:45:27,869000,11.496
2026/04/29 15:45:27,870000,11.496
2026/04/29 15:45:27,871000,11.501
2026/04/29 15:45:27,872000,11.487
2026/04/29 15:45:27,873000,11.493
2026/04/29 15:45:27,874000,11.490
2026/04/29 15:45:27,875000,11.496
2026/04/29 15:45:27,876000,11.496
2026/04/29 15:45:27,877000,11.493
2026/04/29 15:45:27,878000,11.499
2026/04/29 15:45:27,879000,11.501
2026/04/29 15:45:27,880000,11.496
2026/04/29 15:45:27,881000,11.490
2026/04/29 15:45:27,882000,11.493
2026/04/29 15:45:27,883000,11.490
2026/04/29 15:45:27,884000,11.496
2026/04/29 15:45:27,885000,11.490
2026/04/29 15:45:27,886000,11.490
2026/04/29 15:45:27,887000,11.496
2026/04/29 15:45:27,888000,11.493
2026/04/29 15:45:27,889000,11.499
2026/04/29 15:45:27,890000,11.504
2026/04/29 15:45:27,891000,11.490
2026/04/29 15:45:27,892000,11.496
2026/04/29 15:45:27,893000,11.499
2026/04/29 15:45:27,894000,11.499
2026/04/29 15:45:27,895000,11.496
2026/04/29 15:45:27,896000,11.490
2026/04/29 15:45:27,897000,11.493
2026/04/29 15:45:27,898000,11.499
2026/04/29 15:45:27,899000,11.490
2026/04/29 15:45:27,900000,11.493
2026/04/29 15:45:27,901000,11.493
2026/04/29 15:45:27,902000,11.499
2026/04/29 15:45:27,903000,11.490
2026/04/29 15:45:27,904000,11.496
2026/04/29 15:45:27,905000,11.496
2026/04/29 15:45:27,906000,11.490
2026/04/29 15:45:27,907000,11.493
2026/04/29 15:45:27,908000,11.496
2026/04/29 15:45:27,909000,11.493
2026/04/29 15:45:27,910000,11.499
2026/04/29 15:45:27,911000,11.496
2026/04/29 15:45:27,912000,11.504
2026/04/29 15:45:27,913000,11.496
2026/04/29 15:45:27,914000,11.490
2026/04/29 15:45:27,915000,11.496
2026/04/29 15:45:27,916000,11.493
2026/04/29 15:45:27,917000,11.493
2026/04/29 15:45:27,918000,11.499
2026/04/29 15:45:27,919000,11.499
2026/04/29 15:45:27,920000,11.493
2026/04/29 15:45:27,921000,11.490
2026/04/29 15:45:27,922000,11.499
2026/04/29 15:45:27,923000,11.490
2026/04/29 15:45:27,924000,11.499
2026/04/29 15:45:27,925000,11.496
2026/04/29 15:45:27,926000,11.493
2026/04/29 15:45:27,927000,11.493
2026/04/29 15:45:27,928000,11.499
2026/04/29 15:45:27,929000,11.493
2026/04/29 15:45:27,930000,11.490
2026/04/29 15:45:27,931000,11.493
2026/04/29 15:45:27,932000,11.493
2026/04/29 15:45:27,933000,11.493
2026/04/29 15:45:27,934000,11.499
2026/04/29 15:45:27,935000,11.490
2026/04/29 15:45:27,936000,11.493
2026/04/29 15:45:27,937000,11.499
2026/04/29 15:45:27,938000,11.499
2026/04/29 15:45:27,939000,11.496
2026/04/29 15:45:27,940000,11.499
2026/04/29 15:45:27,941000,11.485
2026/04/29 15:45:27,942000,11.493
2026/04/29 15:45:27,943000,11.493
2026/04/29 15:45:27,944000,11.493
2026/04/29 15:45:27,945000,11.493
2026/04/29 15:45:27,946000,11.490
2026/04/29 15:45:27,947000,11.496
2026/04/29 15:45:27,948000,11.493
2026/04/29 15:45:27,949000,11.496
2026/04/29 15:45:27,950000,11.493
2026/04/29 15:45:27,951000,11.493
2026/04/29 15:45:27,952000,11.496
2026/04/29 15:45:27,953000,11.493
2026/04/29 15:45:27,954000,11.496
2026/04/29 15:45:27,955000,11.493
2026/04/29 15:45:27,956000,11.493
2026/04/29 15:45:27,957000,11.487
2026/04/29 15:45:27,958000,11.496
2026/04/29 15:45:27,959000,11.504
2026/04/29 15:45:27,960000,11.499
2026/04/29 15:45:27,961000,11.496
2026/04/29 15:45:27,962000,11.499
2026/04/29 15:45:27,963000,11.501
2026/04/29 15:45:27,964000,11.493
2026/04/29 15:45:27,965000,11.490
2026/04/29 15:45:27,966000,11.493
2026/04/29 15:45:27,967000,11.487
2026/04/29 15:45:27,968000,11.493
2026/04/29 15:45:27,969000,11.496
2026/04/29 15:45:27,970000,11.493
2026/04/29 15:45:27,971000,11.496
2026/04/29 15:45:27,972000,11.499
2026/04/29 15:45:27,973000,11.496
2026/04/29 15:45:27,974000,11.496
2026/04/29 15:45:27,975000,11.493
2026/04/29 15:45:27,976000,11.493
2026/04/29 15:45:27,977000,11.493
2026/04/29 15:45:27,978000,11.496
2026/04/29 15:45:27,979000,11.499
2026/04/29 15:45:27,980000,11.490
2026/04/29 15:45:27,981000,11.496
2026/04/29 15:45:27,982000,11.490
2026/04/29 15:45:27,983000,11.487
2026/04/29 15:45:27,984000,11.501
2026/04/29 15:45:27,985000,11.493
2026/04/29 15:45:27,986000,11.493
2026/04/29 15:45:27,987000,11.493
2026/04/29 15:45:27,988000,11.501
2026/04/29 15:45:27,989000,11.496
2026/04/29 15:45:27,990000,11.496
2026/04/29 15:45:27,991000,11.496
2026/04/29 15:45:27,992000,11.493
2026/04/29 15:45:27,993000,11.493
2026/04/29 15:45:27,994000,11.493
2026/04/29 15:45:27,995000,11.496
2026/04/29 15:45:27,996000,11.493
2026/04/29 15:45:27,997000,11.493
2026/04/29 15:45:27,998000,11.490
2026/04/29 15:45:27,999000,11.493
2026/04/29 15:45:28,000000,11.499
2026/04/29 15:45:28,001000,11.493
2026/04/29 15:45:28,002000,11.496
2026/04/29 15:45:28,003000,11.490
2026/04/29 15:45:28,004000,11.496
2026/04/29 15:45:28,005000,11.490
2026/04/29 15:45:28,006000,11.490
2026/04/29 15:45:28,007000,11.493
2026/04/29 15:45:28,008000,11.496
2026/04/29 15:45:28,009000,11.482
2026/04/29 15:45:28,010000,11.493
2026/04/29 15:45:28,011000,11.496
2026/04/29 15:45:28,012000,11.496
2026/04/29 15:45:28,013000,11.496
2026/04/29 15:45:28,014000,11.499
2026/04/29 15:45:28,015000,11.499
2026/04/29 15:45:28,016000,11.493
2026/04/29 15:45:28,017000,11.499
2026/04/29 15:45:28,018000,11.496
2026/04/29 15:45:28,019000,11.496
2026/04/29 15:45:28,020000,11.487
2026/04/29 15:45:28,021000,11.490
2026/04/29 15:45:28,022000,11.493
2026/04/29 15:45:28,023000,11.493
2026/04/29 15:45:28,024000,11.490
2026/04/29 15:45:28,025000,11.496
2026/04/29 15:45:28,026000,11.501
2026/04/29 15:45:28,027000,11.493
2026/04/29 15:45:28,028000,11.493
2026/04/29 15:45:28,029000,11.499
2026/04/29 15:45:28,030000,11.493
2026/04/29 15:45:28,031000,11.496
2026/04/29 15:45:28,032000,11.482
2026/04/29 15:45:28,033000,11.496
2026/04/29 15:45:28,034000,11.499
2026/04/29 15:45:28,035000,11.490
2026/04/29 15:45:28,036000,11.496
2026/04/29 15:45:28,037000,11.493
2026/04/29 15:45:28,038000,11.493
2026/04/29 15:45:28,039000,11.490
2026/04/29 15:45:28,040000,11.496
2026/04/29 15:45:28,041000,11.487
2026/04/29 15:45:28,042000,11.496
2026/04/29 15:45:28,043000,11.493
2026/04/29 15:45:28,044000,11.493
2026/04/29 15:45:28,045000,11.493
2026/04/29 15:45:28,046000,11.490
2026/04/29 15:45:28,047000,11.490
2026/04/29 15:45:28,048000,11.493
2026/04/29 15:45:28,049000,11.496
2026/04/29 15:45:28,050000,11.496
2026/04/29 15:45:28,051000,11.490
2026/04/29 15:45:28,052000,11.501
2026/04/29 15:45:28,053000,11.493
2026/04/29 15:45:28,054000,11.490
2026/04/29 15:45:28,055000,11.501
2026/04/29 15:45:28,056000,11.487
2026/04/29 15:45:28,057000,11.490
2026/04/29 15:45:28,058000,11.501
2026/04/29 15:45:28,059000,11.496
2026/04/29 15:45:28,060000,11.499
2026/04/29 15:45:28,061000,11.490
2026/04/29 15:45:28,062000,11.493
2026/04/29 15:45:28,063000,11.493
2026/04/29 15:45:28,064000,11.493
2026/04/29 15:45:28,065000,11.496
2026/04/29 15:45:28,066000,11.493
2026/04/29 15:45:28,067000,11.496
2026/04/29 15:45:28,068000,11.493
2026/04/29 15:45:28,069000,11.496
2026/04/29 15:45:28,070000,11.493
2026/04/29 15:45:28,071000,11.499
2026/04/29 15:45:28,072000,11.496
2026/04/29 15:45:28,073000,11.496
2026/04/29 15:45:28,074000,11.493
2026/04/29 15:45:28,075000,11.496
2026/04/29 15:45:28,076000,11.496
2026/04/29 15:45:28,077000,11.504
2026/04/29 15:45:28,078000,11.493
2026/04/29 15:45:28,079000,11.493
2026/04/29 15:45:28,080000,11.496
2026/04/29 15:45:28,081000,11.496
2026/04/29 15:45:28,082000,11.493
2026/04/29 15:45:28,083000,11.496
2026/04/29 15:45:28,084000,11.493
2026/04/29 15:45:28,085000,11.496
2026/04/29 15:45:28,086000,11.493
2026/04/29 15:45:28,087000,11.493
2026/04/29 15:45:28,088000,11.490
2026/04/29 15:45:28,089000,11.493
2026/04/29 15:45:28,090000,11.490
2026/04/29 15:45:28,091000,11.499
2026/04/29 15:45:28,092000,11.485
2026/04/29 15:45:28,093000,11.496
2026/04/29 15:45:28,094000,11.493
2026/04/29 15:45:28,095000,11.493
2026/04/29 15:45:28,096000,11.496
2026/04/29 15:45:28,097000,11.493
2026/04/29 15:45:28,098000,11.493
2026/04/29 15:45:28,099000,11.490
2026/04/29 15:45:28,100000,11.493
2026/04/29 15:45:28,101000,11.496
2026/04/29 15:45:28,102000,11.493
2026/04/29 15:45:28,103000,11.493
2026/04/29 15:45:28,104000,11.496
2026/04/29 15:45:28,105000,11.493
2026/04/29 15:45:28,106000,11.493
2026/04/29 15:45:28,107000,11.496
2026/04/29 15:45:28,108000,11.496
2026/04/29 15:45:28,109000,11.496
2026/04/29 15:45:28,110000,11.487
2026/04/29 15:45:28,111000,11.496
2026/04/29 15:45:28,112000,11.490
2026/04/29 15:45:28,113000,11.493
2026/04/29 15:45:28,114000,11.490
2026/04/29 15:45:28,115000,11.490
2026/04/29 15:45:28,116000,11.493
2026/04/29 15:45:28,117000,11.499
2026/04/29 15:45:28,118000,11.490
2026/04/29 15:45:28,119000,11.490
2026/04/29 15:45:28,120000,11.496
2026/04/29 15:45:28,121000,11.490
2026/04/29 15:45:28,122000,11.496
2026/04/29 15:45:28,123000,11.496
2026/04/29 15:45:28,124000,11.493
2026/04/29 15:45:28,125000,11.490
2026/04/29 15:45:28,126000,11.493
2026/04/29 15:45:28,127000,11.490
2026/04/29 15:45:28,128000,11.493
2026/04/29 15:45:28,129000,11.496
2026/04/29 15:45:28,130000,11.501
2026/04/29 15:45:28,131000,11.493
2026/04/29 15:45:28,132000,11.496
2026/04/29 15:45:28,133000,11.487
2026/04/29 15:45:28,134000,11.493
2026/04/29 15:45:28,135000,11.501
2026/04/29 15:45:28,136000,11.496
2026/04/29 15:45:28,137000,11.499
2026/04/29 15:45:28,138000,11.496
2026/04/29 15:45:28,139000,11.496
2026/04/29 15:45:28,140000,11.490
2026/04/29 15:45:28,141000,11.499
2026/04/29 15:45:28,142000,11.499
2026/04/29 15:45:28,143000,11.493
2026/04/29 15:45:28,144000,11.493
2026/04/29 15:45:28,145000,11.496
2026/04/29 15:45:28,146000,11.493
2026/04/29 15:45:28,147000,11.493
2026/04/29 15:45:28,148000,11.496
2026/04/29 15:45:28,149000,11.499
2026/04/29 15:45:28,150000,11.496
2026/04/29 15:45:28,151000,11.493
2026/04/29 15:45:28,152000,11.490
2026/04/29 15:45:28,153000,11.493
2026/04/29 15:45:28,154000,11.501
2026/04/29 15:45:28,155000,11.501
2026/04/29 15:45:28,156000,11.493
2026/04/29 15:45:28,157000,11.499
2026/04/29 15:45:28,158000,11.496
2026/04/29 15:45:28,159000,11.504
2026/04/29 15:45:28,160000,11.485
2026/04/29 15:45:28,161000,11.496
2026/04/29 15:45:28,162000,11.493
2026/04/29 15:45:28,163000,11.493
2026/04/29 15:45:28,164000,11.496
2026/04/29 15:45:28,165000,11.487
2026/04/29 15:45:28,166000,11.496
2026/04/29 15:45:28,167000,11.496
2026/04/29 15:45:28,168000,11.490
2026/04/29 15:45:28,169000,11.493
2026/04/29 15:45:28,170000,11.493
2026/04/29 15:45:28,171000,11.496
2026/04/29 15:45:28,172000,11.490
2026/04/29 15:45:28,173000,11.493
2026/04/29 15:45:28,174000,11.496
2026/04/29 15:45:28,175000,11.496
2026/04/29 15:45:28,176000,11.499
2026/04/29 15:45:28,177000,11.496
2026/04/29 15:45:28,178000,11.493
2026/04/29 15:45:28,179000,11.496
2026/04/29 15:45:28,180000,11.490
2026/04/29 15:45:28,181000,11.496
2026/04/29 15:45:28,182000,11.493
2026/04/29 15:45:28,183000,11.493
2026/04/29 15:45:28,184000,11.493
2026/04/29 15:45:28,185000,11.496
2026/04/29 15:45:28,186000,11.513
2026/04/29 15:45:28,187000,11.499
2026/04/29 15:45:28,188000,11.496
2026/04/29 15:45:28,189000,11.493
2026/04/29 15:45:28,190000,11.496
2026/04/29 15:45:28,191000,11.490
2026/04/29 15:45:28,192000,11.493
2026/04/29 15:45:28,193000,11.493
2026/04/29 15:45:28,194000,11.493
2026/04/29 15:45:28,195000,11.493
2026/04/29 15:45:28,196000,11.499
2026/04/29 15:45:28,197000,11.490
2026/04/29 15:45:28,198000,11.493
2026/04/29 15:45:28,199000,11.499
2026/04/29 15:45:28,200000,11.499
2026/04/29 15:45:28,201000,11.499
2026/04/29 15:45:28,202000,11.493
2026/04/29 15:45:28,203000,11.493
2026/04/29 15:45:28,204000,11.493
2026/04/29 15:45:28,205000,11.493
2026/04/29 15:45:28,206000,11.496
2026/04/29 15:45:28,207000,11.499
2026/04/29 15:45:28,208000,11.490
2026/04/29 15:45:28,209000,11.493
2026/04/29 15:45:28,210000,11.499
2026/04/29 15:45:28,211000,11.493
2026/04/29 15:45:28,212000,11.490
2026/04/29 15:45:28,213000,11.493
2026/04/29 15:45:28,214000,11.496
2026/04/29 15:45:28,215000,11.501
2026/04/29 15:45:28,216000,11.499
2026/04/29 15:45:28,217000,11.499
2026/04/29 15:45:28,218000,11.496
2026/04/29 15:45:28,219000,11.499
2026/04/29 15:45:28,220000,11.496
2026/04/29 15:45:28,221000,11.496
2026/04/29 15:45:28,222000,11.499
2026/04/29 15:45:28,223000,11.496
2026/04/29 15:45:28,224000,11.490
2026/04/29 15:45:28,225000,11.493
2026/04/29 15:45:28,226000,11.493
2026/04/29 15:45:28,227000,11.496
2026/04/29 15:45:28,228000,11.493
2026/04/29 15:45:28,229000,11.493
2026/04/29 15:45:28,230000,11.496
2026/04/29 15:45:28,231000,11.493
2026/04/29 15:45:28,232000,11.490
2026/04/29 15:45:28,233000,11.490
2026/04/29 15:45:28,234000,11.496
2026/04/29 15:45:28,235000,11.493
2026/04/29 15:45:28,236000,11.501
2026/04/29 15:45:28,237000,11.496
2026/04/29 15:45:28,238000,11.493
2026/04/29 15:45:28,239000,11.493
2026/04/29 15:45:28,240000,11.493
2026/04/29 15:45:28,241000,11.496
2026/04/29 15:45:28,242000,11.496
2026/04/29 15:45:28,243000,11.496
2026/04/29 15:45:28,244000,11.493
2026/04/29 15:45:28,245000,11.496
2026/04/29 15:45:28,246000,11.496
2026/04/29 15:45:28,247000,11.490
2026/04/29 15:45:28,248000,11.493
2026/04/29 15:45:28,249000,11.487
2026/04/29 15:45:28,250000,11.496
2026/04/29 15:45:28,251000,11.493
2026/04/29 15:45:28,252000,11.496
2026/04/29 15:45:28,253000,11.499
2026/04/29 15:45:28,254000,11.493
2026/04/29 15:45:28,255000,11.499
2026/04/29 15:45:28,256000,11.493
2026/04/29 15:45:28,257000,11.496
2026/04/29 15:45:28,258000,11.499
2026/04/29 15:45:28,259000,11.499
2026/04/29 15:45:28,260000,11.496
2026/04/29 15:45:28,261000,11.493
2026/04/29 15:45:28,262000,11.493
2026/04/29 15:45:28,263000,11.493
2026/04/29 15:45:28,264000,11.493
2026/04/29 15:45:28,265000,11.499
2026/04/29 15:45:28,266000,11.496
2026/04/29 15:45:28,267000,11.482
2026/04/29 15:45:28,268000,11.490
2026/04/29 15:45:28,269000,11.490
2026/04/29 15:45:28,270000,11.496
2026/04/29 15:45:28,271000,11.493
2026/04/29 15:45:28,272000,11.493
2026/04/29 15:45:28,273000,11.493
2026/04/29 15:45:28,274000,11.493
2026/04/29 15:45:28,275000,11.496
2026/04/29 15:45:28,276000,11.493
2026/04/29 15:45:28,277000,11.493
2026/04/29 15:45:28,278000,11.493
2026/04/29 15:45:28,279000,11.501
2026/04/29 15:45:28,280000,11.493
2026/04/29 15:45:28,281000,11.501
2026/04/29 15:45:28,282000,11.493
2026/04/29 15:45:28,283000,11.493
2026/04/29 15:45:28,284000,11.499
2026/04/29 15:45:28,285000,11.496
2026/04/29 15:45:28,286000,11.490
2026/04/29 15:45:28,287000,11.493
2026/04/29 15:45:28,288000,11.499
2026/04/29 15:45:28,289000,11.496
2026/04/29 15:45:28,290000,11.499
2026/04/29 15:45:28,291000,11.493
2026/04/29 15:45:28,292000,11.496
2026/04/29 15:45:28,293000,11.487
2026/04/29 15:45:28,294000,11.496
2026/04/29 15:45:28,295000,11.496
2026/04/29 15:45:28,296000,11.496
2026/04/29 15:45:28,297000,11.496
2026/04/29 15:45:28,298000,11.490
2026/04/29 15:45:28,299000,11.496
2026/04/29 15:45:28,300000,11.493
2026/04/29 15:45:28,301000,11.496
2026/04/29 15:45:28,302000,11.493
2026/04/29 15:45:28,303000,11.493
2026/04/29 15:45:28,304000,11.490
2026/04/29 15:45:28,305000,11.490
2026/04/29 15:45:28,306000,11.493
2026/04/29 15:45:28,307000,11.490
2026/04/29 15:45:28,308000,11.496
2026/04/29 15:45:28,309000,11.493
2026/04/29 15:45:28,310000,11.493
2026/04/29 15:45:28,311000,11.493
2026/04/29 15:45:28,312000,11.493
2026/04/29 15:45:28,313000,11.499
2026/04/29 15:45:28,314000,11.496
2026/04/29 15:45:28,315000,11.493
2026/04/29 15:45:28,316000,11.493
2026/04/29 15:45:28,317000,11.496
2026/04/29 15:45:28,318000,11.496
2026/04/29 15:45:28,319000,11.496
2026/04/29 15:45:28,320000,11.493
2026/04/29 15:45:28,321000,11.496
2026/04/29 15:45:28,322000,11.487
2026/04/29 15:45:28,323000,11.496
2026/04/29 15:45:28,324000,11.496
2026/04/29 15:45:28,325000,11.501
2026/04/29 15:45:28,326000,11.496
2026/04/29 15:45:28,327000,11.490
2026/04/29 15:45:28,328000,11.493
2026/04/29 15:45:28,329000,11.493
2026/04/29 15:45:28,330000,11.501
2026/04/29 15:45:28,331000,11.493
2026/04/29 15:45:28,332000,11.499
2026/04/29 15:45:28,333000,11.496
2026/04/29 15:45:28,334000,11.496
2026/04/29 15:45:28,335000,11.499
2026/04/29 15:45:28,336000,11.496
2026/04/29 15:45:28,337000,11.490
2026/04/29 15:45:28,338000,11.496
2026/04/29 15:45:28,339000,11.496
2026/04/29 15:45:28,340000,11.496
2026/04/29 15:45:28,341000,11.493
2026/04/29 15:45:28,342000,11.499
2026/04/29 15:45:28,343000,11.499
2026/04/29 15:45:28,344000,11.496
2026/04/29 15:45:28,345000,11.499
2026/04/29 15:45:28,346000,11.493
2026/04/29 15:45:28,347000,11.496
2026/04/29 15:45:28,348000,11.493
2026/04/29 15:45:28,349000,11.501
2026/04/29 15:45:28,350000,11.499
2026/04/29 15:45:28,351000,11.490
2026/04/29 15:45:28,352000,11.499
2026/04/29 15:45:28,353000,11.493
2026/04/29 15:45:28,354000,11.499
2026/04/29 15:45:28,355000,11.496
2026/04/29 15:45:28,356000,11.490
2026/04/29 15:45:28,357000,11.499
2026/04/29 15:45:28,358000,11.490
2026/04/29 15:45:28,359000,11.493
2026/04/29 15:45:28,360000,11.493
2026/04/29 15:45:28,361000,11.499
2026/04/29 15:45:28,362000,11.499
2026/04/29 15:45:28,363000,11.499
2026/04/29 15:45:28,364000,11.499
2026/04/29 15:45:28,365000,11.496
2026/04/29 15:45:28,366000,11.501
2026/04/29 15:45:28,367000,11.501
2026/04/29 15:45:28,368000,11.496
2026/04/29 15:45:28,369000,11.496
2026/04/29 15:45:28,370000,11.496
2026/04/29 15:45:28,371000,11.499
2026/04/29 15:45:28,372000,11.496
2026/04/29 15:45:28,373000,11.485
2026/04/29 15:45:28,374000,11.493
2026/04/29 15:45:28,375000,11.499
2026/04/29 15:45:28,376000,11.501
2026/04/29 15:45:28,377000,11.493
2026/04/29 15:45:28,378000,11.496
2026/04/29 15:45:28,379000,11.493
2026/04/29 15:45:28,380000,11.493
2026/04/29 15:45:28,381000,11.499
2026/04/29 15:45:28,382000,11.499
2026/04/29 15:45:28,383000,11.496
2026/04/29 15:45:28,384000,11.493
2026/04/29 15:45:28,385000,11.493
2026/04/29 15:45:28,386000,11.499
2026/04/29 15:45:28,387000,11.493
2026/04/29 15:45:28,388000,11.490
2026/04/29 15:45:28,389000,11.493
2026/04/29 15:45:28,390000,11.496
2026/04/29 15:45:28,391000,11.499
2026/04/29 15:45:28,392000,11.496
2026/04/29 15:45:28,393000,11.499
2026/04/29 15:45:28,394000,11.496
2026/04/29 15:45:28,395000,11.493
2026/04/29 15:45:28,396000,11.499
2026/04/29 15:45:28,397000,11.496
2026/04/29 15:45:28,398000,11.493
2026/04/29 15:45:28,399000,11.504
2026/04/29 15:45:28,400000,11.490
2026/04/29 15:45:28,401000,11.501
2026/04/29 15:45:28,402000,11.501
2026/04/29 15:45:28,403000,11.499
2026/04/29 15:45:28,404000,11.493
2026/04/29 15:45:28,405000,11.501
2026/04/29 15:45:28,406000,11.496
2026/04/29 15:45:28,407000,11.493
2026/04/29 15:45:28,408000,11.490
2026/04/29 15:45:28,409000,11.501
2026/04/29 15:45:28,410000,11.501
2026/04/29 15:45:28,411000,11.496
2026/04/29 15:45:28,412000,11.493
2026/04/29 15:45:28,413000,11.501
2026/04/29 15:45:28,414000,11.496
2026/04/29 15:45:28,415000,11.501
2026/04/29 15:45:28,416000,11.496
2026/04/29 15:45:28,417000,11.493
2026/04/29 15:45:28,418000,11.493
2026/04/29 15:45:28,419000,11.496
2026/04/29 15:45:28,420000,11.499
2026/04/29 15:45:28,421000,11.490
2026/04/29 15:45:28,422000,11.493
2026/04/29 15:45:28,423000,11.499
2026/04/29 15:45:28,424000,11.493
2026/04/29 15:45:28,425000,11.496
2026/04/29 15:45:28,426000,11.501
2026/04/29 15:45:28,427000,11.499
2026/04/29 15:45:28,428000,11.496
2026/04/29 15:45:28,429000,11.501
2026/04/29 15:45:28,430000,11.490
2026/04/29 15:45:28,431000,11.493
2026/04/29 15:45:28,432000,11.493
2026/04/29 15:45:28,433000,11.501
2026/04/29 15:45:28,434000,11.499
2026/04/29 15:45:28,435000,11.493
2026/04/29 15:45:28,436000,11.493
2026/04/29 15:45:28,437000,11.493
2026/04/29 15:45:28,438000,11.499
2026/04/29 15:45:28,439000,11.493
2026/04/29 15:45:28,440000,11.501
2026/04/29 15:45:28,441000,11.499
2026/04/29 15:45:28,442000,11.499
2026/04/29 15:45:28,443000,11.490
2026/04/29 15:45:28,444000,11.482
2026/04/29 15:45:28,445000,11.496
2026/04/29 15:45:28,446000,11.493
2026/04/29 15:45:28,447000,11.496
2026/04/29 15:45:28,448000,11.493
2026/04/29 15:45:28,449000,11.493
2026/04/29 15:45:28,450000,11.493
2026/04/29 15:45:28,451000,11.499
2026/04/29 15:45:28,452000,11.499
2026/04/29 15:45:28,453000,11.490
2026/04/29 15:45:28,454000,11.493
2026/04/29 15:45:28,455000,11.490
2026/04/29 15:45:28,456000,11.496
2026/04/29 15:45:28,457000,11.501
2026/04/29 15:45:28,458000,11.493
2026/04/29 15:45:28,459000,11.496
2026/04/29 15:45:28,460000,11.499
2026/04/29 15:45:28,461000,11.501
2026/04/29 15:45:28,462000,11.499
2026/04/29 15:45:28,463000,11.501
2026/04/29 15:45:28,464000,11.499
2026/04/29 15:45:28,465000,11.493
2026/04/29 15:45:28,466000,11.490
2026/04/29 15:45:28,467000,11.499
2026/04/29 15:45:28,468000,11.496
2026/04/29 15:45:28,469000,11.490
2026/04/29 15:45:28,470000,11.493
2026/04/29 15:45:28,471000,11.501
2026/04/29 15:45:28,472000,11.493
2026/04/29 15:45:28,473000,11.496
2026/04/29 15:45:28,474000,11.499
2026/04/29 15:45:28,475000,11.496
2026/04/29 15:45:28,476000,11.504
2026/04/29 15:45:28,477000,11.499
2026/04/29 15:45:28,478000,11.499
2026/04/29 15:45:28,479000,11.493
2026/04/29 15:45:28,480000,11.493
2026/04/29 15:45:28,481000,11.499
2026/04/29 15:45:28,482000,11.496
2026/04/29 15:45:28,483000,11.499
2026/04/29 15:45:28,484000,11.496
2026/04/29 15:45:28,485000,11.487
2026/04/29 15:45:28,486000,11.499
2026/04/29 15:45:28,487000,11.493
2026/04/29 15:45:28,488000,11.490
2026/04/29 15:45:28,489000,11.493
2026/04/29 15:45:28,490000,11.496
2026/04/29 15:45:28,491000,11.496
2026/04/29 15:45:28,492000,11.493
2026/04/29 15:45:28,493000,11.493
2026/04/29 15:45:28,494000,11.496
2026/04/29 15:45:28,495000,11.496
2026/04/29 15:45:28,496000,11.499
2026/04/29 15:45:28,497000,11.493
2026/04/29 15:45:28,498000,11.493
2026/04/29 15:45:28,499000,11.493
2026/04/29 15:45:28,500000,11.499
2026/04/29 15:45:28,501000,11.490
2026/04/29 15:45:28,502000,11.499
2026/04/29 15:45:28,503000,11.493
2026/04/29 15:45:28,504000,11.496
2026/04/29 15:45:28,505000,11.493
2026/04/29 15:45:28,506000,11.496
2026/04/29 15:45:28,507000,11.499
2026/04/29 15:45:28,508000,11.496
2026/04/29 15:45:28,509000,11.493
2026/04/29 15:45:28,510000,11.496
2026/04/29 15:45:28,511000,11.493
2026/04/29 15:45:28,512000,11.493
2026/04/29 15:45:28,513000,11.499
2026/04/29 15:45:28,514000,11.487
2026/04/29 15:45:28,515000,11.499
2026/04/29 15:45:28,516000,11.493
2026/04/29 15:45:28,517000,11.493
2026/04/29 15:45:28,518000,11.499
2026/04/29 15:45:28,519000,11.493
2026/04/29 15:45:28,520000,11.493
2026/04/29 15:45:28,521000,11.496
2026/04/29 15:45:28,522000,11.496
2026/04/29 15:45:28,523000,11.501
2026/04/29 15:45:28,524000,11.496
2026/04/29 15:45:28,525000,11.493
2026/04/29 15:45:28,526000,11.493
2026/04/29 15:45:28,527000,11.490
2026/04/29 15:45:28,528000,11.493
2026/04/29 15:45:28,529000,11.493
2026/04/29 15:45:28,530000,11.496
2026/04/29 15:45:28,531000,11.490
2026/04/29 15:45:28,532000,11.496
2026/04/29 15:45:28,533000,11.496
2026/04/29 15:45:28,534000,11.493
2026/04/29 15:45:28,535000,11.490
2026/04/29 15:45:28,536000,11.496
2026/04/29 15:45:28,537000,11.493
2026/04/29 15:45:28,538000,11.493
2026/04/29 15:45:28,539000,11.493
2026/04/29 15:45:28,540000,11.493
2026/04/29 15:45:28,541000,11.501
2026/04/29 15:45:28,542000,11.496
2026/04/29 15:45:28,543000,11.496
2026/04/29 15:45:28,544000,11.501
2026/04/29 15:45:28,545000,11.493
2026/04/29 15:45:28,546000,11.490
2026/04/29 15:45:28,547000,11.493
2026/04/29 15:45:28,548000,11.493
2026/04/29 15:45:28,549000,11.490
2026/04/29 15:45:28,550000,11.493
2026/04/29 15:45:28,551000,11.493
2026/04/29 15:45:28,552000,11.496
2026/04/29 15:45:28,553000,11.493
2026/04/29 15:45:28,554000,11.499
2026/04/29 15:45:28,555000,11.493
2026/04/29 15:45:28,556000,11.490
2026/04/29 15:45:28,557000,11.493
2026/04/29 15:45:28,558000,11.496
2026/04/29 15:45:28,559000,11.496
2026/04/29 15:45:28,560000,11.493
2026/04/29 15:45:28,561000,11.493
2026/04/29 15:45:28,562000,11.490
2026/04/29 15:45:28,563000,11.496
2026/04/29 15:45:28,564000,11.496
2026/04/29 15:45:28,565000,11.499
2026/04/29 15:45:28,566000,11.493
2026/04/29 15:45:28,567000,11.496
2026/04/29 15:45:28,568000,11.493
2026/04/29 15:45:28,569000,11.499
2026/04/29 15:45:28,570000,11.499
2026/04/29 15:45:28,571000,11.496
2026/04/29 15:45:28,572000,11.490
2026/04/29 15:45:28,573000,11.499
2026/04/29 15:45:28,574000,11.496
2026/04/29 15:45:28,575000,11.496
2026/04/29 15:45:28,576000,11.490
2026/04/29 15:45:28,577000,11.496
2026/04/29 15:45:28,578000,11.496
2026/04/29 15:45:28,579000,11.496
2026/04/29 15:45:28,580000,11.493
2026/04/29 15:45:28,581000,11.499
2026/04/29 15:45:28,582000,11.487
2026/04/29 15:45:28,583000,11.496
2026/04/29 15:45:28,584000,11.496
2026/04/29 15:45:28,585000,11.499
2026/04/29 15:45:28,586000,11.493
2026/04/29 15:45:28,587000,11.493
2026/04/29 15:45:28,588000,11.501
2026/04/29 15:45:28,589000,11.493
2026/04/29 15:45:28,590000,11.496
2026/04/29 15:45:28,591000,11.487
2026/04/29 15:45:28,592000,11.496
2026/04/29 15:45:28,593000,11.499
2026/04/29 15:45:28,594000,11.493
2026/04/29 15:45:28,595000,11.493
2026/04/29 15:45:28,596000,11.490
2026/04/29 15:45:28,597000,11.496
2026/04/29 15:45:28,598000,11.496
2026/04/29 15:45:28,599000,11.496
2026/04/29 15:45:28,600000,11.490
2026/04/29 15:45:28,601000,11.499
2026/04/29 15:45:28,602000,11.493
2026/04/29 15:45:28,603000,11.501
2026/04/29 15:45:28,604000,11.496
2026/04/29 15:45:28,605000,11.493
2026/04/29 15:45:28,606000,11.493
2026/04/29 15:45:28,607000,11.496
2026/04/29 15:45:28,608000,11.493
2026/04/29 15:45:28,609000,11.499
2026/04/29 15:45:28,610000,11.493
2026/04/29 15:45:28,611000,11.501
2026/04/29 15:45:28,612000,11.496
2026/04/29 15:45:28,613000,11.493
2026/04/29 15:45:28,614000,11.501
2026/04/29 15:45:28,615000,11.493
2026/04/29 15:45:28,616000,11.493
2026/04/29 15:45:28,617000,11.499
2026/04/29 15:45:28,618000,11.493
2026/04/29 15:45:28,619000,11.499
2026/04/29 15:45:28,620000,11.496
2026/04/29 15:45:28,621000,11.493
2026/04/29 15:45:28,622000,11.499
2026/04/29 15:45:28,623000,11.490
2026/04/29 15:45:28,624000,11.501
2026/04/29 15:45:28,625000,11.493
2026/04/29 15:45:28,626000,11.490
2026/04/29 15:45:28,627000,11.501
2026/04/29 15:45:28,628000,11.499
2026/04/29 15:45:28,629000,11.490
2026/04/29 15:45:28,630000,11.493
2026/04/29 15:45:28,631000,11.496
2026/04/29 15:45:28,632000,11.487
2026/04/29 15:45:28,633000,11.490
2026/04/29 15:45:28,634000,11.490
2026/04/29 15:45:28,635000,11.493
2026/04/29 15:45:28,636000,11.493
2026/04/29 15:45:28,637000,11.487
2026/04/29 15:45:28,638000,11.493
2026/04/29 15:45:28,639000,11.496
2026/04/29 15:45:28,640000,11.493
2026/04/29 15:45:28,641000,11.496
2026/04/29 15:45:28,642000,11.496
2026/04/29 15:45:28,643000,11.490
2026/04/29 15:45:28,644000,11.485
2026/04/29 15:45:28,645000,11.490
2026/04/29 15:45:28,646000,11.487
2026/04/29 15:45:28,647000,11.490
2026/04/29 15:45:28,648000,11.490
2026/04/29 15:45:28,649000,11.499
2026/04/29 15:45:28,650000,11.493
2026/04/29 15:45:28,651000,11.499
2026/04/29 15:45:28,652000,11.499
2026/04/29 15:45:28,653000,11.487
2026/04/29 15:45:28,654000,11.501
2026/04/29 15:45:28,655000,11.496
2026/04/29 15:45:28,656000,11.496
2026/04/29 15:45:28,657000,11.490
2026/04/29 15:45:28,658000,11.490
2026/04/29 15:45:28,659000,11.493
2026/04/29 15:45:28,660000,11.493
2026/04/29 15:45:28,661000,11.493
2026/04/29 15:45:28,662000,11.496
2026/04/29 15:45:28,663000,11.493
2026/04/29 15:45:28,664000,11.501
2026/04/29 15:45:28,665000,11.499
2026/04/29 15:45:28,666000,11.501
2026/04/29 15:45:28,667000,11.499
2026/04/29 15:45:28,668000,11.496
2026/04/29 15:45:28,669000,11.490
2026/04/29 15:45:28,670000,11.490
2026/04/29 15:45:28,671000,11.496
2026/04/29 15:45:28,672000,11.493
2026/04/29 15:45:28,673000,11.501
2026/04/29 15:45:28,674000,11.496
2026/04/29 15:45:28,675000,11.490
2026/04/29 15:45:28,676000,11.499
2026/04/29 15:45:28,677000,11.493
2026/04/29 15:45:28,678000,11.496
2026/04/29 15:45:28,679000,11.493
2026/04/29 15:45:28,680000,11.487
2026/04/29 15:45:28,681000,11.493
2026/04/29 15:45:28,682000,11.496
2026/04/29 15:45:28,683000,11.490
2026/04/29 15:45:28,684000,11.496
2026/04/29 15:45:28,685000,11.496
2026/04/29 15:45:28,686000,11.493
2026/04/29 15:45:28,687000,11.493
2026/04/29 15:45:28,688000,11.493
2026/04/29 15:45:28,689000,11.496
2026/04/29 15:45:28,690000,11.496
2026/04/29 15:45:28,691000,11.493
2026/04/29 15:45:28,692000,11.487
2026/04/29 15:45:28,693000,11.499
2026/04/29 15:45:28,694000,11.490
2026/04/29 15:45:28,695000,11.493
2026/04/29 15:45:28,696000,11.499
2026/04/29 15:45:28,697000,11.490
2026/04/29 15:45:28,698000,11.499
2026/04/29 15:45:28,699000,11.490
2026/04/29 15:45:28,700000,11.493
2026/04/29 15:45:28,701000,11.496
2026/04/29 15:45:28,702000,11.496
2026/04/29 15:45:28,703000,11.499
2026/04/29 15:45:28,704000,11.496
2026/04/29 15:45:28,705000,11.493
2026/04/29 15:45:28,706000,11.496
2026/04/29 15:45:28,707000,11.496
2026/04/29 15:45:28,708000,11.493
2026/04/29 15:45:28,709000,11.496
2026/04/29 15:45:28,710000,11.496
2026/04/29 15:45:28,711000,11.499
2026/04/29 15:45:28,712000,11.490
2026/04/29 15:45:28,713000,11.493
2026/04/29 15:45:28,714000,11.496
2026/04/29 15:45:28,715000,11.493
2026/04/29 15:45:28,716000,11.499
2026/04/29 15:45:28,717000,11.485
2026/04/29 15:45:28,718000,11.496
2026/04/29 15:45:28,719000,11.493
2026/04/29 15:45:28,720000,11.499
2026/04/29 15:45:28,721000,11.493
2026/04/29 15:45:28,722000,11.496
2026/04/29 15:45:28,723000,11.493
2026/04/29 15:45:28,724000,11.490
2026/04/29 15:45:28,725000,11.493
2026/04/29 15:45:28,726000,11.493
2026/04/29 15:45:28,727000,11.493
2026/04/29 15:45:28,728000,11.496
2026/04/29 15:45:28,729000,11.493
2026/04/29 15:45:28,730000,11.493
2026/04/29 15:45:28,731000,11.499
2026/04/29 15:45:28,732000,11.493
2026/04/29 15:45:28,733000,11.496
2026/04/29 15:45:28,734000,11.490
2026/04/29 15:45:28,735000,11.499
2026/04/29 15:45:28,736000,11.490
2026/04/29 15:45:28,737000,11.496
2026/04/29 15:45:28,738000,11.490
2026/04/29 15:45:28,739000,11.501
2026/04/29 15:45:28,740000,11.496
2026/04/29 15:45:28,741000,11.493
2026/04/29 15:45:28,742000,11.493
2026/04/29 15:45:28,743000,11.496
2026/04/29 15:45:28,744000,11.501
2026/04/29 15:45:28,745000,11.496
2026/04/29 15:45:28,746000,11.496
2026/04/29 15:45:28,747000,11.496
2026/04/29 15:45:28,748000,11.490
2026/04/29 15:45:28,749000,11.493
2026/04/29 15:45:28,750000,11.499
2026/04/29 15:45:28,751000,11.496
2026/04/29 15:45:28,752000,11.490
2026/04/29 15:45:28,753000,11.487
2026/04/29 15:45:28,754000,11.499
2026/04/29 15:45:28,755000,11.496
2026/04/29 15:45:28,756000,11.496
2026/04/29 15:45:28,757000,11.493
2026/04/29 15:45:28,758000,11.490
2026/04/29 15:45:28,759000,11.496
2026/04/29 15:45:28,760000,11.499
2026/04/29 15:45:28,761000,11.501
2026/04/29 15:45:28,762000,11.496
2026/04/29 15:45:28,763000,11.499
2026/04/29 15:45:28,764000,11.499
2026/04/29 15:45:28,765000,11.496
2026/04/29 15:45:28,766000,11.493
2026/04/29 15:45:28,767000,11.493
2026/04/29 15:45:28,768000,11.493
2026/04/29 15:45:28,769000,11.490
2026/04/29 15:45:28,770000,11.490
2026/04/29 15:45:28,771000,11.490
2026/04/29 15:45:28,772000,11.490
2026/04/29 15:45:28,773000,11.493
2026/04/29 15:45:28,774000,11.493
2026/04/29 15:45:28,775000,11.493
2026/04/29 15:45:28,776000,11.493
2026/04/29 15:45:28,777000,11.493
2026/04/29 15:45:28,778000,11.493
2026/04/29 15:45:28,779000,11.493
2026/04/29 15:45:28,780000,11.493
2026/04/29 15:45:28,781000,11.487
2026/04/29 15:45:28,782000,11.496
2026/04/29 15:45:28,783000,11.493
2026/04/29 15:45:28,784000,11.493
2026/04/29 15:45:28,785000,11.496
2026/04/29 15:45:28,786000,11.499
2026/04/29 15:45:28,787000,11.493
2026/04/29 15:45:28,788000,11.493
2026/04/29 15:45:28,789000,11.493
2026/04/29 15:45:28,790000,11.490
2026/04/29 15:45:28,791000,11.493
2026/04/29 15:45:28,792000,11.493
2026/04/29 15:45:28,793000,11.496
2026/04/29 15:45:28,794000,11.501
2026/04/29 15:45:28,795000,11.496
2026/04/29 15:45:28,796000,11.493
2026/04/29 15:45:28,797000,11.496
2026/04/29 15:45:28,798000,11.496
2026/04/29 15:45:28,799000,11.499
2026/04/29 15:45:28,800000,11.499
2026/04/29 15:45:28,801000,11.493
2026/04/29 15:45:28,802000,11.487
2026/04/29 15:45:28,803000,11.496
2026/04/29 15:45:28,804000,11.493
2026/04/29 15:45:28,805000,11.493
2026/04/29 15:45:28,806000,11.493
2026/04/29 15:45:28,807000,11.490
2026/04/29 15:45:28,808000,11.490
2026/04/29 15:45:28,809000,11.493
2026/04/29 15:45:28,810000,11.490
2026/04/29 15:45:28,811000,11.496
2026/04/29 15:45:28,812000,11.507
2026/04/29 15:45:28,813000,11.493
2026/04/29 15:45:28,814000,11.493
2026/04/29 15:45:28,815000,11.496
2026/04/29 15:45:28,816000,11.499
2026/04/29 15:45:28,817000,11.496
2026/04/29 15:45:28,818000,11.496
2026/04/29 15:45:28,819000,11.493
2026/04/29 15:45:28,820000,11.501
2026/04/29 15:45:28,821000,11.493
2026/04/29 15:45:28,822000,11.496
2026/04/29 15:45:28,823000,11.493
2026/04/29 15:45:28,824000,11.499
2026/04/29 15:45:28,825000,11.493
2026/04/29 15:45:28,826000,11.496
2026/04/29 15:45:28,827000,11.490
2026/04/29 15:45:28,828000,11.496
2026/04/29 15:45:28,829000,11.493
2026/04/29 15:45:28,830000,11.493
2026/04/29 15:45:28,831000,11.499
2026/04/29 15:45:28,832000,11.493
2026/04/29 15:45:28,833000,11.493
2026/04/29 15:45:28,834000,11.490
2026/04/29 15:45:28,835000,11.490
2026/04/29 15:45:28,836000,11.490
2026/04/29 15:45:28,837000,11.493
2026/04/29 15:45:28,838000,11.490
2026/04/29 15:45:28,839000,11.493
2026/04/29 15:45:28,840000,11.499
2026/04/29 15:45:28,841000,11.496
2026/04/29 15:45:28,842000,11.493
2026/04/29 15:45:28,843000,11.493
2026/04/29 15:45:28,844000,11.493
2026/04/29 15:45:28,845000,11.496
2026/04/29 15:45:28,846000,11.496
2026/04/29 15:45:28,847000,11.493
2026/04/29 15:45:28,848000,11.493
2026/04/29 15:45:28,849000,11.496
2026/04/29 15:45:28,850000,11.493
2026/04/29 15:45:28,851000,11.487
2026/04/29 15:45:28,852000,11.499
2026/04/29 15:45:28,853000,11.496
2026/04/29 15:45:28,854000,11.493
2026/04/29 15:45:28,855000,11.490
2026/04/29 15:45:28,856000,11.496
2026/04/29 15:45:28,857000,11.493
2026/04/29 15:45:28,858000,11.501
2026/04/29 15:45:28,859000,11.493
2026/04/29 15:45:28,860000,11.493
2026/04/29 15:45:28,861000,11.493
2026/04/29 15:45:28,862000,11.499
2026/04/29 15:45:28,863000,11.493
2026/04/29 15:45:28,864000,11.487
2026/04/29 15:45:28,865000,11.496
2026/04/29 15:45:28,866000,11.499
2026/04/29 15:45:28,867000,11.504
2026/04/29 15:45:28,868000,11.493
2026/04/29 15:45:28,869000,11.493
2026/04/29 15:45:28,870000,11.490
2026/04/29 15:45:28,871000,11.499
2026/04/29 15:45:28,872000,11.499
2026/04/29 15:45:28,873000,11.496
2026/04/29 15:45:28,874000,11.496
2026/04/29 15:45:28,875000,11.499
2026/04/29 15:45:28,876000,11.499
2026/04/29 15:45:28,877000,11.496
2026/04/29 15:45:28,878000,11.496
2026/04/29 15:45:28,879000,11.493
2026/04/29 15:45:28,880000,11.504
2026/04/29 15:45:28,881000,11.493
2026/04/29 15:45:28,882000,11.496
2026/04/29 15:45:28,883000,11.499
2026/04/29 15:45:28,884000,11.496
2026/04/29 15:45:28,885000,11.496
2026/04/29 15:45:28,886000,11.496
2026/04/29 15:45:28,887000,11.499
2026/04/29 15:45:28,888000,11.493
2026/04/29 15:45:28,889000,11.499
2026/04/29 15:45:28,890000,11.493
2026/04/29 15:45:28,891000,11.499
2026/04/29 15:45:28,892000,11.493
2026/04/29 15:45:28,893000,11.493
2026/04/29 15:45:28,894000,11.499
2026/04/29 15:45:28,895000,11.493
2026/04/29 15:45:28,896000,11.490
2026/04/29 15:45:28,897000,11.499
2026/04/29 15:45:28,898000,11.496
2026/04/29 15:45:28,899000,11.493
2026/04/29 15:45:28,900000,11.490
2026/04/29 15:45:28,901000,11.496
2026/04/29 15:45:28,902000,11.499
2026/04/29 15:45:28,903000,11.493
2026/04/29 15:45:28,904000,11.493
2026/04/29 15:45:28,905000,11.499
2026/04/29 15:45:28,906000,11.499
2026/04/29 15:45:28,907000,11.496
2026/04/29 15:45:28,908000,11.493
2026/04/29 15:45:28,909000,11.499
2026/04/29 15:45:28,910000,11.499
2026/04/29 15:45:28,911000,11.499
2026/04/29 15:45:28,912000,11.496
2026/04/29 15:45:28,913000,11.493
2026/04/29 15:45:28,914000,11.493
2026/04/29 15:45:28,915000,11.496
2026/04/29 15:45:28,916000,11.496
2026/04/29 15:45:28,917000,11.496
2026/04/29 15:45:28,918000,11.499
2026/04/29 15:45:28,919000,11.496
2026/04/29 15:45:28,920000,11.501
2026/04/29 15:45:28,921000,11.499
2026/04/29 15:45:28,922000,11.490
2026/04/29 15:45:28,923000,11.490
2026/04/29 15:45:28,924000,11.493
2026/04/29 15:45:28,925000,11.493
2026/04/29 15:45:28,926000,11.493
2026/04/29 15:45:28,927000,11.496
2026/04/29 15:45:28,928000,11.493
2026/04/29 15:45:28,929000,11.493
2026/04/29 15:45:28,930000,11.504
2026/04/29 15:45:28,931000,11.496
2026/04/29 15:45:28,932000,11.493
2026/04/29 15:45:28,933000,11.496
2026/04/29 15:45:28,934000,11.493
2026/04/29 15:45:28,935000,11.499
2026/04/29 15:45:28,936000,11.496
2026/04/29 15:45:28,937000,11.496
2026/04/29 15:45:28,938000,11.499
2026/04/29 15:45:28,939000,11.490
2026/04/29 15:45:28,940000,11.490
2026/04/29 15:45:28,941000,11.499
2026/04/29 15:45:28,942000,11.493
2026/04/29 15:45:28,943000,11.499
2026/04/29 15:45:28,944000,11.499
2026/04/29 15:45:28,945000,11.493
2026/04/29 15:45:28,946000,11.501
2026/04/29 15:45:28,947000,11.493
2026/04/29 15:45:28,948000,11.493
2026/04/29 15:45:28,949000,11.501
2026/04/29 15:45:28,950000,11.496
2026/04/29 15:45:28,951000,11.496
2026/04/29 15:45:28,952000,11.501
2026/04/29 15:45:28,953000,11.487
2026/04/29 15:45:28,954000,11.496
2026/04/29 15:45:28,955000,11.496
2026/04/29 15:45:28,956000,11.496
2026/04/29 15:45:28,957000,11.499
2026/04/29 15:45:28,958000,11.499
2026/04/29 15:45:28,959000,11.493
2026/04/29 15:45:28,960000,11.490
2026/04/29 15:45:28,961000,11.496
2026/04/29 15:45:28,962000,11.490
2026/04/29 15:45:28,963000,11.501
2026/04/29 15:45:28,964000,11.490
2026/04/29 15:45:28,965000,11.496
2026/04/29 15:45:28,966000,11.501
2026/04/29 15:45:28,967000,11.499
2026/04/29 15:45:28,968000,11.501
2026/04/29 15:45:28,969000,11.499
2026/04/29 15:45:28,970000,11.493
2026/04/29 15:45:28,971000,11.499
2026/04/29 15:45:28,972000,11.496
2026/04/29 15:45:28,973000,11.493
2026/04/29 15:45:28,974000,11.493
2026/04/29 15:45:28,975000,11.496
2026/04/29 15:45:28,976000,11.496
2026/04/29 15:45:28,977000,11.493
2026/04/29 15:45:28,978000,11.501
2026/04/29 15:45:28,979000,11.490
2026/04/29 15:45:28,980000,11.496
2026/04/29 15:45:28,981000,11.499
2026/04/29 15:45:28,982000,11.496
2026/04/29 15:45:28,983000,11.493
2026/04/29 15:45:28,984000,11.493
2026/04/29 15:45:28,985000,11.490
2026/04/29 15:45:28,986000,11.490
2026/04/29 15:45:28,987000,11.493
2026/04/29 15:45:28,988000,11.499
2026/04/29 15:45:28,989000,11.496
2026/04/29 15:45:28,990000,11.499
2026/04/29 15:45:28,991000,11.490
2026/04/29 15:45:28,992000,11.490
2026/04/29 15:45:28,993000,11.487
2026/04/29 15:45:28,994000,11.493
2026/04/29 15:45:28,995000,11.496
2026/04/29 15:45:28,996000,11.493
2026/04/29 15:45:28,997000,11.490
2026/04/29 15:45:28,998000,11.490
2026/04/29 15:45:28,999000,11.493
2026/04/29 15:45:29,000000,11.493
2026/04/29 15:45:29,001000,11.496
2026/04/29 15:45:29,002000,11.493
2026/04/29 15:45:29,003000,11.499
2026/04/29 15:45:29,004000,11.499
2026/04/29 15:45:29,005000,11.499
2026/04/29 15:45:29,006000,11.501
2026/04/29 15:45:29,007000,11.499
2026/04/29 15:45:29,008000,11.493
2026/04/29 15:45:29,009000,11.490
2026/04/29 15:45:29,010000,11.501
2026/04/29 15:45:29,011000,11.493
2026/04/29 15:45:29,012000,11.496
2026/04/29 15:45:29,013000,11.490
2026/04/29 15:45:29,014000,11.490
2026/04/29 15:45:29,015000,11.499
2026/04/29 15:45:29,016000,11.493
2026/04/29 15:45:29,017000,11.490
2026/04/29 15:45:29,018000,11.501
2026/04/29 15:45:29,019000,11.496
2026/04/29 15:45:29,020000,11.493
2026/04/29 15:45:29,021000,11.493
2026/04/29 15:45:29,022000,11.493
2026/04/29 15:45:29,023000,11.493
2026/04/29 15:45:29,024000,11.499
2026/04/29 15:45:29,025000,11.496
2026/04/29 15:45:29,026000,11.501
2026/04/29 15:45:29,027000,11.490
2026/04/29 15:45:29,028000,11.496
2026/04/29 15:45:29,029000,11.496
2026/04/29 15:45:29,030000,11.493
2026/04/29 15:45:29,031000,11.490
2026/04/29 15:45:29,032000,11.499
2026/04/29 15:45:29,033000,11.496
2026/04/29 15:45:29,034000,11.493
2026/04/29 15:45:29,035000,11.493
2026/04/29 15:45:29,036000,11.499
2026/04/29 15:45:29,037000,11.490
2026/04/29 15:45:29,038000,11.499
2026/04/29 15:45:29,039000,11.499
2026/04/29 15:45:29,040000,11.493
2026/04/29 15:45:29,041000,11.490
2026/04/29 15:45:29,042000,11.490
2026/04/29 15:45:29,043000,11.496
2026/04/29 15:45:29,044000,11.490
2026/04/29 15:45:29,045000,11.499
2026/04/29 15:45:29,046000,11.490
2026/04/29 15:45:29,047000,11.496
2026/04/29 15:45:29,048000,11.487
2026/04/29 15:45:29,049000,11.496
2026/04/29 15:45:29,050000,11.496
2026/04/29 15:45:29,051000,11.493
2026/04/29 15:45:29,052000,11.499
2026/04/29 15:45:29,053000,11.496
2026/04/29 15:45:29,054000,11.499
2026/04/29 15:45:29,055000,11.490
2026/04/29 15:45:29,056000,11.504
2026/04/29 15:45:29,057000,11.501
2026/04/29 15:45:29,058000,11.496
2026/04/29 15:45:29,059000,11.496
2026/04/29 15:45:29,060000,11.490
2026/04/29 15:45:29,061000,11.490
2026/04/29 15:45:29,062000,11.493
2026/04/29 15:45:29,063000,11.490
2026/04/29 15:45:29,064000,11.487
2026/04/29 15:45:29,065000,11.499
2026/04/29 15:45:29,066000,11.493
2026/04/29 15:45:29,067000,11.501
2026/04/29 15:45:29,068000,11.501
2026/04/29 15:45:29,069000,11.493
2026/04/29 15:45:29,070000,11.496
2026/04/29 15:45:29,071000,11.490
2026/04/29 15:45:29,072000,11.490
2026/04/29 15:45:29,073000,11.490
2026/04/29 15:45:29,074000,11.493
2026/04/29 15:45:29,075000,11.493
2026/04/29 15:45:29,076000,11.493
2026/04/29 15:45:29,077000,11.496
2026/04/29 15:45:29,078000,11.493
2026/04/29 15:45:29,079000,11.490
2026/04/29 15:45:29,080000,11.493
2026/04/29 15:45:29,081000,11.493
2026/04/29 15:45:29,082000,11.490
2026/04/29 15:45:29,083000,11.496
2026/04/29 15:45:29,084000,11.499
2026/04/29 15:45:29,085000,11.490
2026/04/29 15:45:29,086000,11.493
2026/04/29 15:45:29,087000,11.493
2026/04/29 15:45:29,088000,11.493
2026/04/29 15:45:29,089000,11.499
2026/04/29 15:45:29,090000,11.493
2026/04/29 15:45:29,091000,11.490
2026/04/29 15:45:29,092000,11.493
2026/04/29 15:45:29,093000,11.496
2026/04/29 15:45:29,094000,11.501
2026/04/29 15:45:29,095000,11.496
2026/04/29 15:45:29,096000,11.499
2026/04/29 15:45:29,097000,11.496
2026/04/29 15:45:29,098000,11.493
2026/04/29 15:45:29,099000,11.493
2026/04/29 15:45:29,100000,11.493
2026/04/29 15:45:29,101000,11.493
2026/04/29 15:45:29,102000,11.490
2026/04/29 15:45:29,103000,11.496
2026/04/29 15:45:29,104000,11.490
2026/04/29 15:45:29,105000,11.487
2026/04/29 15:45:29,106000,11.496
2026/04/29 15:45:29,107000,11.493
2026/04/29 15:45:29,108000,11.493
2026/04/29 15:45:29,109000,11.493
2026/04/29 15:45:29,110000,11.493
2026/04/29 15:45:29,111000,11.496
2026/04/29 15:45:29,112000,11.490
2026/04/29 15:45:29,113000,11.496
2026/04/29 15:45:29,114000,11.493
2026/04/29 15:45:29,115000,11.493
2026/04/29 15:45:29,116000,11.493
2026/04/29 15:45:29,117000,11.496
2026/04/29 15:45:29,118000,11.490
2026/04/29 15:45:29,119000,11.496
2026/04/29 15:45:29,120000,11.490
2026/04/29 15:45:29,121000,11.493
2026/04/29 15:45:29,122000,11.493
2026/04/29 15:45:29,123000,11.490
2026/04/29 15:45:29,124000,11.487
2026/04/29 15:45:29,125000,11.496
2026/04/29 15:45:29,126000,11.493
2026/04/29 15:45:29,127000,11.499
2026/04/29 15:45:29,128000,11.493
2026/04/29 15:45:29,129000,11.490
2026/04/29 15:45:29,130000,11.487
2026/04/29 15:45:29,131000,11.496
2026/04/29 15:45:29,132000,11.496
2026/04/29 15:45:29,133000,11.493
2026/04/29 15:45:29,134000,11.493
2026/04/29 15:45:29,135000,11.493
2026/04/29 15:45:29,136000,11.493
2026/04/29 15:45:29,137000,11.493
2026/04/29 15:45:29,138000,11.490
2026/04/29 15:45:29,139000,11.501
2026/04/29 15:45:29,140000,11.496
2026/04/29 15:45:29,141000,11.490
2026/04/29 15:45:29,142000,11.496
2026/04/29 15:45:29,143000,11.493
2026/04/29 15:45:29,144000,11.490
2026/04/29 15:45:29,145000,11.487
2026/04/29 15:45:29,146000,11.490
2026/04/29 15:45:29,147000,11.493
2026/04/29 15:45:29,148000,11.493
2026/04/29 15:45:29,149000,11.493
2026/04/29 15:45:29,150000,11.496
2026/04/29 15:45:29,151000,11.496
2026/04/29 15:45:29,152000,11.501
2026/04/29 15:45:29,153000,11.493
2026/04/29 15:45:29,154000,11.490
2026/04/29 15:45:29,155000,11.496
2026/04/29 15:45:29,156000,11.501
2026/04/29 15:45:29,157000,11.493
2026/04/29 15:45:29,158000,11.490
2026/04/29 15:45:29,159000,11.499
2026/04/29 15:45:29,160000,11.493
2026/04/29 15:45:29,161000,11.490
2026/04/29 15:45:29,162000,11.493
2026/04/29 15:45:29,163000,11.490
2026/04/29 15:45:29,164000,11.496
2026/04/29 15:45:29,165000,11.493
2026/04/29 15:45:29,166000,11.493
2026/04/29 15:45:29,167000,11.493
2026/04/29 15:45:29,168000,11.493
2026/04/29 15:45:29,169000,11.496
2026/04/29 15:45:29,170000,11.490
2026/04/29 15:45:29,171000,11.493
2026/04/29 15:45:29,172000,11.499
2026/04/29 15:45:29,173000,11.496
2026/04/29 15:45:29,174000,11.493
2026/04/29 15:45:29,175000,11.499
2026/04/29 15:45:29,176000,11.493
2026/04/29 15:45:29,177000,11.499
2026/04/29 15:45:29,178000,11.496
2026/04/29 15:45:29,179000,11.496
2026/04/29 15:45:29,180000,11.493
2026/04/29 15:45:29,181000,11.493
2026/04/29 15:45:29,182000,11.493
2026/04/29 15:45:29,183000,11.496
2026/04/29 15:45:29,184000,11.499
2026/04/29 15:45:29,185000,11.490
2026/04/29 15:45:29,186000,11.490
2026/04/29 15:45:29,187000,11.493
2026/04/29 15:45:29,188000,11.490
2026/04/29 15:45:29,189000,11.490
2026/04/29 15:45:29,190000,11.493
2026/04/29 15:45:29,191000,11.493
2026/04/29 15:45:29,192000,11.490
2026/04/29 15:45:29,193000,11.499
2026/04/29 15:45:29,194000,11.490
2026/04/29 15:45:29,195000,11.493
2026/04/29 15:45:29,196000,11.496
2026/04/29 15:45:29,197000,11.496
2026/04/29 15:45:29,198000,11.490
2026/04/29 15:45:29,199000,11.490
2026/04/29 15:45:29,200000,11.499
2026/04/29 15:45:29,201000,11.499
2026/04/29 15:45:29,202000,11.490
2026/04/29 15:45:29,203000,11.499
2026/04/29 15:45:29,204000,11.493
2026/04/29 15:45:29,205000,11.493
2026/04/29 15:45:29,206000,11.496
2026/04/29 15:45:29,207000,11.493
2026/04/29 15:45:29,208000,11.499
2026/04/29 15:45:29,209000,11.490
2026/04/29 15:45:29,210000,11.493
2026/04/29 15:45:29,211000,11.493
2026/04/29 15:45:29,212000,11.496
2026/04/29 15:45:29,213000,11.493
2026/04/29 15:45:29,214000,11.490
2026/04/29 15:45:29,215000,11.493
2026/04/29 15:45:29,216000,11.490
2026/04/29 15:45:29,217000,11.493
2026/04/29 15:45:29,218000,11.499
2026/04/29 15:45:29,219000,11.496
2026/04/29 15:45:29,220000,11.499
2026/04/29 15:45:29,221000,11.490
2026/04/29 15:45:29,222000,11.499
2026/04/29 15:45:29,223000,11.487
2026/04/29 15:45:29,224000,11.493
2026/04/29 15:45:29,225000,11.493
2026/04/29 15:45:29,226000,11.493
2026/04/29 15:45:29,227000,11.499
2026/04/29 15:45:29,228000,11.493
2026/04/29 15:45:29,229000,11.496
2026/04/29 15:45:29,230000,11.496
2026/04/29 15:45:29,231000,11.490
2026/04/29 15:45:29,232000,11.490
2026/04/29 15:45:29,233000,11.490
2026/04/29 15:45:29,234000,11.496
2026/04/29 15:45:29,235000,11.496
2026/04/29 15:45:29,236000,11.496
2026/04/29 15:45:29,237000,11.490
2026/04/29 15:45:29,238000,11.493
2026/04/29 15:45:29,239000,11.496
2026/04/29 15:45:29,240000,11.487
2026/04/29 15:45:29,241000,11.490
2026/04/29 15:45:29,242000,11.493
2026/04/29 15:45:29,243000,11.493
2026/04/29 15:45:29,244000,11.485
2026/04/29 15:45:29,245000,11.490
2026/04/29 15:45:29,246000,11.496
2026/04/29 15:45:29,247000,11.490
2026/04/29 15:45:29,248000,11.496
2026/04/29 15:45:29,249000,11.499
2026/04/29 15:45:29,250000,11.490
2026/04/29 15:45:29,251000,11.496
2026/04/29 15:45:29,252000,11.493
2026/04/29 15:45:29,253000,11.493
2026/04/29 15:45:29,254000,11.493
2026/04/29 15:45:29,255000,11.493
2026/04/29 15:45:29,256000,11.493
2026/04/29 15:45:29,257000,11.499
2026/04/29 15:45:29,258000,11.490
2026/04/29 15:45:29,259000,11.490
2026/04/29 15:45:29,260000,11.493
2026/04/29 15:45:29,261000,11.499
2026/04/29 15:45:29,262000,11.496
2026/04/29 15:45:29,263000,11.496
2026/04/29 15:45:29,264000,11.496
2026/04/29 15:45:29,265000,11.490
2026/04/29 15:45:29,266000,11.496
2026/04/29 15:45:29,267000,11.496
2026/04/29 15:45:29,268000,11.493
2026/04/29 15:45:29,269000,11.490
2026/04/29 15:45:29,270000,11.496
2026/04/29 15:45:29,271000,11.496
2026/04/29 15:45:29,272000,11.496
2026/04/29 15:45:29,273000,11.493
2026/04/29 15:45:29,274000,11.496
2026/04/29 15:45:29,275000,11.499
2026/04/29 15:45:29,276000,11.493
2026/04/29 15:45:29,277000,11.496
2026/04/29 15:45:29,278000,11.499
2026/04/29 15:45:29,279000,11.490
2026/04/29 15:45:29,280000,11.493
2026/04/29 15:45:29,281000,11.487
2026/04/29 15:45:29,282000,11.485
2026/04/29 15:45:29,283000,11.499
2026/04/29 15:45:29,284000,11.493
2026/04/29 15:45:29,285000,11.493
2026/04/29 15:45:29,286000,11.493
2026/04/29 15:45:29,287000,11.493
2026/04/29 15:45:29,288000,11.482
2026/04/29 15:45:29,289000,11.496
2026/04/29 15:45:29,290000,11.487
2026/04/29 15:45:29,291000,11.499
2026/04/29 15:45:29,292000,11.496
2026/04/29 15:45:29,293000,11.490
2026/04/29 15:45:29,294000,11.499
2026/04/29 15:45:29,295000,11.499
2026/04/29 15:45:29,296000,11.493
2026/04/29 15:45:29,297000,11.496
2026/04/29 15:45:29,298000,11.493
2026/04/29 15:45:29,299000,11.496
2026/04/29 15:45:29,300000,11.493
2026/04/29 15:45:29,301000,11.499
2026/04/29 15:45:29,302000,11.499
2026/04/29 15:45:29,303000,11.499
2026/04/29 15:45:29,304000,11.493
2026/04/29 15:45:29,305000,11.499
2026/04/29 15:45:29,306000,11.496
2026/04/29 15:45:29,307000,11.493
2026/04/29 15:45:29,308000,11.496
2026/04/29 15:45:29,309000,11.496
2026/04/29 15:45:29,310000,11.499
2026/04/29 15:45:29,311000,11.493
2026/04/29 15:45:29,312000,11.499
2026/04/29 15:45:29,313000,11.499
2026/04/29 15:45:29,314000,11.490
2026/04/29 15:45:29,315000,11.496
2026/04/29 15:45:29,316000,11.490
2026/04/29 15:45:29,317000,11.487
2026/04/29 15:45:29,318000,11.499
2026/04/29 15:45:29,319000,11.493
2026/04/29 15:45:29,320000,11.499
2026/04/29 15:45:29,321000,11.487
2026/04/29 15:45:29,322000,11.499
2026/04/29 15:45:29,323000,11.501
2026/04/29 15:45:29,324000,11.493
2026/04/29 15:45:29,325000,11.499
2026/04/29 15:45:29,326000,11.493
2026/04/29 15:45:29,327000,11.499
2026/04/29 15:45:29,328000,11.499
2026/04/29 15:45:29,329000,11.496
2026/04/29 15:45:29,330000,11.499
2026/04/29 15:45:29,331000,11.496
2026/04/29 15:45:29,332000,11.496
2026/04/29 15:45:29,333000,11.493
2026/04/29 15:45:29,334000,11.496
2026/04/29 15:45:29,335000,11.490
2026/04/29 15:45:29,336000,11.501
2026/04/29 15:45:29,337000,11.496
2026/04/29 15:45:29,338000,11.496
2026/04/29 15:45:29,339000,11.493
2026/04/29 15:45:29,340000,11.499
2026/04/29 15:45:29,341000,11.493
2026/04/29 15:45:29,342000,11.493
2026/04/29 15:45:29,343000,11.501
2026/04/29 15:45:29,344000,11.493
2026/04/29 15:45:29,345000,11.499
2026/04/29 15:45:29,346000,11.493
2026/04/29 15:45:29,347000,11.493
2026/04/29 15:45:29,348000,11.493
2026/04/29 15:45:29,349000,11.490
2026/04/29 15:45:29,350000,11.496
2026/04/29 15:45:29,351000,11.493
2026/04/29 15:45:29,352000,11.493
2026/04/29 15:45:29,353000,11.496
2026/04/29 15:45:29,354000,11.493
2026/04/29 15:45:29,355000,11.493
2026/04/29 15:45:29,356000,11.493
2026/04/29 15:45:29,357000,11.499
2026/04/29 15:45:29,358000,11.501
2026/04/29 15:45:29,359000,11.499
2026/04/29 15:45:29,360000,11.490
2026/04/29 15:45:29,361000,11.499
2026/04/29 15:45:29,362000,11.496
2026/04/29 15:45:29,363000,11.490
2026/04/29 15:45:29,364000,11.493
2026/04/29 15:45:29,365000,11.490
2026/04/29 15:45:29,366000,11.493
2026/04/29 15:45:29,367000,11.493
2026/04/29 15:45:29,368000,11.493
2026/04/29 15:45:29,369000,11.496
2026/04/29 15:45:29,370000,11.501
2026/04/29 15:45:29,371000,11.493
2026/04/29 15:45:29,372000,11.493
2026/04/29 15:45:29,373000,11.493
2026/04/29 15:45:29,374000,11.499
2026/04/29 15:45:29,375000,11.493
2026/04/29 15:45:29,376000,11.499
2026/04/29 15:45:29,377000,11.490
2026/04/29 15:45:29,378000,11.493
2026/04/29 15:45:29,379000,11.493
2026/04/29 15:45:29,380000,11.493
2026/04/29 15:45:29,381000,11.496
2026/04/29 15:45:29,382000,11.499
2026/04/29 15:45:29,383000,11.499
2026/04/29 15:45:29,384000,11.493
2026/04/29 15:45:29,385000,11.490
2026/04/29 15:45:29,386000,11.493
2026/04/29 15:45:29,387000,11.493
2026/04/29 15:45:29,388000,11.501
2026/04/29 15:45:29,389000,11.493
2026/04/29 15:45:29,390000,11.490
2026/04/29 15:45:29,391000,11.496
2026/04/29 15:45:29,392000,11.490
2026/04/29 15:45:29,393000,11.493
2026/04/29 15:45:29,394000,11.499
2026/04/29 15:45:29,395000,11.496
2026/04/29 15:45:29,396000,11.496
2026/04/29 15:45:29,397000,11.493
2026/04/29 15:45:29,398000,11.496
2026/04/29 15:45:29,399000,11.501
2026/04/29 15:45:29,400000,11.493
2026/04/29 15:45:29,401000,11.496
2026/04/29 15:45:29,402000,11.490
2026/04/29 15:45:29,403000,11.496
2026/04/29 15:45:29,404000,11.496
2026/04/29 15:45:29,405000,11.496
2026/04/29 15:45:29,406000,11.499
2026/04/29 15:45:29,407000,11.496
2026/04/29 15:45:29,408000,11.493
2026/04/29 15:45:29,409000,11.493
2026/04/29 15:45:29,410000,11.493
2026/04/29 15:45:29,411000,11.499
2026/04/29 15:45:29,412000,11.501
2026/04/29 15:45:29,413000,11.499
2026/04/29 15:45:29,414000,11.490
2026/04/29 15:45:29,415000,11.496
2026/04/29 15:45:29,416000,11.496
2026/04/29 15:45:29,417000,11.499
2026/04/29 15:45:29,418000,11.499
2026/04/29 15:45:29,419000,11.499
2026/04/29 15:45:29,420000,11.493
2026/04/29 15:45:29,421000,11.496
2026/04/29 15:45:29,422000,11.493
2026/04/29 15:45:29,423000,11.499
2026/04/29 15:45:29,424000,11.496
2026/04/29 15:45:29,425000,11.496
2026/04/29 15:45:29,426000,11.496
2026/04/29 15:45:29,427000,11.499
2026/04/29 15:45:29,428000,11.490
2026/04/29 15:45:29,429000,11.499
2026/04/29 15:45:29,430000,11.496
2026/04/29 15:45:29,431000,11.496
2026/04/29 15:45:29,432000,11.493
2026/04/29 15:45:29,433000,11.499
2026/04/29 15:45:29,434000,11.501
2026/04/29 15:45:29,435000,11.499
2026/04/29 15:45:29,436000,11.496
2026/04/29 15:45:29,437000,11.496
2026/04/29 15:45:29,438000,11.496
2026/04/29 15:45:29,439000,11.493
2026/04/29 15:45:29,440000,11.499
2026/04/29 15:45:29,441000,11.499
2026/04/29 15:45:29,442000,11.496
2026/04/29 15:45:29,443000,11.490
2026/04/29 15:45:29,444000,11.499
2026/04/29 15:45:29,445000,11.496
2026/04/29 15:45:29,446000,11.493
2026/04/29 15:45:29,447000,11.493
2026/04/29 15:45:29,448000,11.496
2026/04/29 15:45:29,449000,11.499
2026/04/29 15:45:29,450000,11.493
2026/04/29 15:45:29,451000,11.496
2026/04/29 15:45:29,452000,11.490
2026/04/29 15:45:29,453000,11.499
2026/04/29 15:45:29,454000,11.493
2026/04/29 15:45:29,455000,11.493
2026/04/29 15:45:29,456000,11.493
2026/04/29 15:45:29,457000,11.496
2026/04/29 15:45:29,458000,11.496
2026/04/29 15:45:29,459000,11.493
2026/04/29 15:45:29,460000,11.493
2026/04/29 15:45:29,461000,11.496
2026/04/29 15:45:29,462000,11.493
2026/04/29 15:45:29,463000,11.493
2026/04/29 15:45:29,464000,11.496
2026/04/29 15:45:29,465000,11.493
2026/04/29 15:45:29,466000,11.493
2026/04/29 15:45:29,467000,11.490
2026/04/29 15:45:29,468000,11.493
2026/04/29 15:45:29,469000,11.493
2026/04/29 15:45:29,470000,11.499
2026/04/29 15:45:29,471000,11.490
2026/04/29 15:45:29,472000,11.501
2026/04/29 15:45:29,473000,11.496
2026/04/29 15:45:29,474000,11.496
2026/04/29 15:45:29,475000,11.493
2026/04/29 15:45:29,476000,11.485
2026/04/29 15:45:29,477000,11.493
2026/04/29 15:45:29,478000,11.499
2026/04/29 15:45:29,479000,11.496
2026/04/29 15:45:29,480000,11.493
2026/04/29 15:45:29,481000,11.493
2026/04/29 15:45:29,482000,11.493
2026/04/29 15:45:29,483000,11.493
2026/04/29 15:45:29,484000,11.493
2026/04/29 15:45:29,485000,11.493
2026/04/29 15:45:29,486000,11.493
2026/04/29 15:45:29,487000,11.499
2026/04/29 15:45:29,488000,11.493
2026/04/29 15:45:29,489000,11.501
2026/04/29 15:45:29,490000,11.496
2026/04/29 15:45:29,491000,11.501
2026/04/29 15:45:29,492000,11.499
2026/04/29 15:45:29,493000,11.493
2026/04/29 15:45:29,494000,11.499
2026/04/29 15:45:29,495000,11.496
2026/04/29 15:45:29,496000,11.496
2026/04/29 15:45:29,497000,11.499
2026/04/29 15:45:29,498000,11.501
2026/04/29 15:45:29,499000,11.501
2026/04/29 15:45:29,500000,11.496
2026/04/29 15:45:29,501000,11.493
2026/04/29 15:45:29,502000,11.490
2026/04/29 15:45:29,503000,11.493
2026/04/29 15:45:29,504000,11.496
2026/04/29 15:45:29,505000,11.496
2026/04/29 15:45:29,506000,11.496
2026/04/29 15:45:29,507000,11.493
2026/04/29 15:45:29,508000,11.490
2026/04/29 15:45:29,509000,11.490
2026/04/29 15:45:29,510000,11.493
2026/04/29 15:45:29,511000,11.496
2026/04/29 15:45:29,512000,11.501
2026/04/29 15:45:29,513000,11.496
2026/04/29 15:45:29,514000,11.496
2026/04/29 15:45:29,515000,11.493
2026/04/29 15:45:29,516000,11.501
2026/04/29 15:45:29,517000,11.496
2026/04/29 15:45:29,518000,11.499
2026/04/29 15:45:29,519000,11.496
2026/04/29 15:45:29,520000,11.493
2026/04/29 15:45:29,521000,11.499
2026/04/29 15:45:29,522000,11.504
2026/04/29 15:45:29,523000,11.496
2026/04/29 15:45:29,524000,11.493
2026/04/29 15:45:29,525000,11.493
2026/04/29 15:45:29,526000,11.496
2026/04/29 15:45:29,527000,11.496
2026/04/29 15:45:29,528000,11.496
2026/04/29 15:45:29,529000,11.499
2026/04/29 15:45:29,530000,11.487
2026/04/29 15:45:29,531000,11.496
2026/04/29 15:45:29,532000,11.499
2026/04/29 15:45:29,533000,11.496
2026/04/29 15:45:29,534000,11.493
2026/04/29 15:45:29,535000,11.496
2026/04/29 15:45:29,536000,11.496
2026/04/29 15:45:29,537000,11.493
2026/04/29 15:45:29,538000,11.493
2026/04/29 15:45:29,539000,11.496
2026/04/29 15:45:29,540000,11.496
2026/04/29 15:45:29,541000,11.496
2026/04/29 15:45:29,542000,11.496
2026/04/29 15:45:29,543000,11.496
2026/04/29 15:45:29,544000,11.499
2026/04/29 15:45:29,545000,11.493
2026/04/29 15:45:29,546000,11.501
2026/04/29 15:45:29,547000,11.496
2026/04/29 15:45:29,548000,11.496
2026/04/29 15:45:29,549000,11.499
2026/04/29 15:45:29,550000,11.499
2026/04/29 15:45:29,551000,11.490
2026/04/29 15:45:29,552000,11.493
2026/04/29 15:45:29,553000,11.499
2026/04/29 15:45:29,554000,11.493
2026/04/29 15:45:29,555000,11.496
2026/04/29 15:45:29,556000,11.496
2026/04/29 15:45:29,557000,11.499
2026/04/29 15:45:29,558000,11.496
2026/04/29 15:45:29,559000,11.499
2026/04/29 15:45:29,560000,11.493
2026/04/29 15:45:29,561000,11.493
2026/04/29 15:45:29,562000,11.499
2026/04/29 15:45:29,563000,11.493
2026/04/29 15:45:29,564000,11.499
2026/04/29 15:45:29,565000,11.496
2026/04/29 15:45:29,566000,11.493
2026/04/29 15:45:29,567000,11.499
2026/04/29 15:45:29,568000,11.493
2026/04/29 15:45:29,569000,11.493
2026/04/29 15:45:29,570000,11.499
2026/04/29 15:45:29,571000,11.504
2026/04/29 15:45:29,572000,11.496
2026/04/29 15:45:29,573000,11.496
2026/04/29 15:45:29,574000,11.493
2026/04/29 15:45:29,575000,11.490
2026/04/29 15:45:29,576000,11.493
2026/04/29 15:45:29,577000,11.493
2026/04/29 15:45:29,578000,11.493
2026/04/29 15:45:29,579000,11.496
2026/04/29 15:45:29,580000,11.496
2026/04/29 15:45:29,581000,11.490
2026/04/29 15:45:29,582000,11.490
2026/04/29 15:45:29,583000,11.493
2026/04/29 15:45:29,584000,11.496
2026/04/29 15:45:29,585000,11.493
2026/04/29 15:45:29,586000,11.496
2026/04/29 15:45:29,587000,11.496
2026/04/29 15:45:29,588000,11.496
2026/04/29 15:45:29,589000,11.496
2026/04/29 15:45:29,590000,11.496
2026/04/29 15:45:29,591000,11.493
2026/04/29 15:45:29,592000,11.499
2026/04/29 15:45:29,593000,11.490
2026/04/29 15:45:29,594000,11.490
2026/04/29 15:45:29,595000,11.487
2026/04/29 15:45:29,596000,11.499
2026/04/29 15:45:29,597000,11.499
2026/04/29 15:45:29,598000,11.499
2026/04/29 15:45:29,599000,11.499
2026/04/29 15:45:29,600000,11.493
2026/04/29 15:45:29,601000,11.496
2026/04/29 15:45:29,602000,11.493
2026/04/29 15:45:29,603000,11.496
2026/04/29 15:45:29,604000,11.496
2026/04/29 15:45:29,605000,11.490
2026/04/29 15:45:29,606000,11.496
2026/04/29 15:45:29,607000,11.490
2026/04/29 15:45:29,608000,11.496
2026/04/29 15:45:29,609000,11.496
2026/04/29 15:45:29,610000,11.490
2026/04/29 15:45:29,611000,11.493
2026/04/29 15:45:29,612000,11.493
2026/04/29 15:45:29,613000,11.493
2026/04/29 15:45:29,614000,11.499
2026/04/29 15:45:29,615000,11.496
2026/04/29 15:45:29,616000,11.493
2026/04/29 15:45:29,617000,11.496
2026/04/29 15:45:29,618000,11.496
2026/04/29 15:45:29,619000,11.493
2026/04/29 15:45:29,620000,11.493
2026/04/29 15:45:29,621000,11.493
2026/04/29 15:45:29,622000,11.496
2026/04/29 15:45:29,623000,11.487
2026/04/29 15:45:29,624000,11.493
2026/04/29 15:45:29,625000,11.490
2026/04/29 15:45:29,626000,11.496
2026/04/29 15:45:29,627000,11.493
2026/04/29 15:45:29,628000,11.487
2026/04/29 15:45:29,629000,11.493
2026/04/29 15:45:29,630000,11.496
2026/04/29 15:45:29,631000,11.499
2026/04/29 15:45:29,632000,11.493
2026/04/29 15:45:29,633000,11.490
2026/04/29 15:45:29,634000,11.496
2026/04/29 15:45:29,635000,11.493
2026/04/29 15:45:29,636000,11.487
2026/04/29 15:45:29,637000,11.496
2026/04/29 15:45:29,638000,11.493
2026/04/29 15:45:29,639000,11.493
2026/04/29 15:45:29,640000,11.490
2026/04/29 15:45:29,641000,11.490
2026/04/29 15:45:29,642000,11.493
2026/04/29 15:45:29,643000,11.493
2026/04/29 15:45:29,644000,11.496
2026/04/29 15:45:29,645000,11.496
2026/04/29 15:45:29,646000,11.496
2026/04/29 15:45:29,647000,11.493
2026/04/29 15:45:29,648000,11.496
2026/04/29 15:45:29,649000,11.493
2026/04/29 15:45:29,650000,11.490
2026/04/29 15:45:29,651000,11.499
2026/04/29 15:45:29,652000,11.499
2026/04/29 15:45:29,653000,11.493
2026/04/29 15:45:29,654000,11.493
2026/04/29 15:45:29,655000,11.490
2026/04/29 15:45:29,656000,11.501
2026/04/29 15:45:29,657000,11.496
2026/04/29 15:45:29,658000,11.493
2026/04/29 15:45:29,659000,11.499
2026/04/29 15:45:29,660000,11.490
2026/04/29 15:45:29,661000,11.490
2026/04/29 15:45:29,662000,11.493
2026/04/29 15:45:29,663000,11.485
2026/04/29 15:45:29,664000,11.496
2026/04/29 15:45:29,665000,11.493
2026/04/29 15:45:29,666000,11.499
2026/04/29 15:45:29,667000,11.496
2026/04/29 15:45:29,668000,11.490
2026/04/29 15:45:29,669000,11.493
2026/04/29 15:45:29,670000,11.493
2026/04/29 15:45:29,671000,11.499
2026/04/29 15:45:29,672000,11.499
2026/04/29 15:45:29,673000,11.487
2026/04/29 15:45:29,674000,11.499
2026/04/29 15:45:29,675000,11.499
2026/04/29 15:45:29,676000,11.490
2026/04/29 15:45:29,677000,11.504
2026/04/29 15:45:29,678000,11.499
2026/04/29 15:45:29,679000,11.490
2026/04/29 15:45:29,680000,11.493
2026/04/29 15:45:29,681000,11.499
2026/04/29 15:45:29,682000,11.496
2026/04/29 15:45:29,683000,11.496
2026/04/29 15:45:29,684000,11.499
2026/04/29 15:45:29,685000,11.490
2026/04/29 15:45:29,686000,11.493
2026/04/29 15:45:29,687000,11.493
2026/04/29 15:45:29,688000,11.496
2026/04/29 15:45:29,689000,11.499
2026/04/29 15:45:29,690000,11.493
2026/04/29 15:45:29,691000,11.490
2026/04/29 15:45:29,692000,11.485
2026/04/29 15:45:29,693000,11.485
2026/04/29 15:45:29,694000,11.493
2026/04/29 15:45:29,695000,11.493
2026/04/29 15:45:29,696000,11.496
2026/04/29 15:45:29,697000,11.493
2026/04/29 15:45:29,698000,11.490
2026/04/29 15:45:29,699000,11.493
2026/04/29 15:45:29,700000,11.493
2026/04/29 15:45:29,701000,11.493
2026/04/29 15:45:29,702000,11.504
2026/04/29 15:45:29,703000,11.499
2026/04/29 15:45:29,704000,11.493
2026/04/29 15:45:29,705000,11.496
2026/04/29 15:45:29,706000,11.499
2026/04/29 15:45:29,707000,11.490
2026/04/29 15:45:29,708000,11.496
2026/04/29 15:45:29,709000,11.493
2026/04/29 15:45:29,710000,11.496
2026/04/29 15:45:29,711000,11.493
2026/04/29 15:45:29,712000,11.493
2026/04/29 15:45:29,713000,11.496
2026/04/29 15:45:29,714000,11.493
2026/04/29 15:45:29,715000,11.496
2026/04/29 15:45:29,716000,11.493
2026/04/29 15:45:29,717000,11.499
2026/04/29 15:45:29,718000,11.496
2026/04/29 15:45:29,719000,11.493
2026/04/29 15:45:29,720000,11.493
2026/04/29 15:45:29,721000,11.493
2026/04/29 15:45:29,722000,11.493
2026/04/29 15:45:29,723000,11.490
2026/04/29 15:45:29,724000,11.493
2026/04/29 15:45:29,725000,11.490
2026/04/29 15:45:29,726000,11.493
2026/04/29 15:45:29,727000,11.490
2026/04/29 15:45:29,728000,11.493
2026/04/29 15:45:29,729000,11.496
2026/04/29 15:45:29,730000,11.493
2026/04/29 15:45:29,731000,11.496
2026/04/29 15:45:29,732000,11.490
2026/04/29 15:45:29,733000,11.496
2026/04/29 15:45:29,734000,11.496
2026/04/29 15:45:29,735000,11.493
2026/04/29 15:45:29,736000,11.493
2026/04/29 15:45:29,737000,11.493
2026/04/29 15:45:29,738000,11.499
2026/04/29 15:45:29,739000,11.485
2026/04/29 15:45:29,740000,11.499
2026/04/29 15:45:29,741000,11.490
2026/04/29 15:45:29,742000,11.496
2026/04/29 15:45:29,743000,11.493
2026/04/29 15:45:29,744000,11.490
2026/04/29 15:45:29,745000,11.490
2026/04/29 15:45:29,746000,11.490
2026/04/29 15:45:29,747000,11.493
2026/04/29 15:45:29,748000,11.493
2026/04/29 15:45:29,749000,11.490
2026/04/29 15:45:29,750000,11.496
2026/04/29 15:45:29,751000,11.496
2026/04/29 15:45:29,752000,11.493
2026/04/29 15:45:29,753000,11.493
2026/04/29 15:45:29,754000,11.496
2026/04/29 15:45:29,755000,11.490
2026/04/29 15:45:29,756000,11.487
2026/04/29 15:45:29,757000,11.501
2026/04/29 15:45:29,758000,11.493
2026/04/29 15:45:29,759000,11.493
2026/04/29 15:45:29,760000,11.496
2026/04/29 15:45:29,761000,11.499
2026/04/29 15:45:29,762000,11.496
2026/04/29 15:45:29,763000,11.493
2026/04/29 15:45:29,764000,11.499
2026/04/29 15:45:29,765000,11.493
2026/04/29 15:45:29,766000,11.499
2026/04/29 15:45:29,767000,11.493
2026/04/29 15:45:29,768000,11.493
2026/04/29 15:45:29,769000,11.493
2026/04/29 15:45:29,770000,11.490
2026/04/29 15:45:29,771000,11.499
2026/04/29 15:45:29,772000,11.496
2026/04/29 15:45:29,773000,11.496
2026/04/29 15:45:29,774000,11.493
2026/04/29 15:45:29,775000,11.501
2026/04/29 15:45:29,776000,11.493
2026/04/29 15:45:29,777000,11.493
2026/04/29 15:45:29,778000,11.487
2026/04/29 15:45:29,779000,11.490
2026/04/29 15:45:29,780000,11.487
2026/04/29 15:45:29,781000,11.493
2026/04/29 15:45:29,782000,11.493
2026/04/29 15:45:29,783000,11.493
2026/04/29 15:45:29,784000,11.499
2026/04/29 15:45:29,785000,11.499
2026/04/29 15:45:29,786000,11.490
2026/04/29 15:45:29,787000,11.499
2026/04/29 15:45:29,788000,11.493
2026/04/29 15:45:29,789000,11.499
2026/04/29 15:45:29,790000,11.493
2026/04/29 15:45:29,791000,11.493
2026/04/29 15:45:29,792000,11.499
2026/04/29 15:45:29,793000,11.493
2026/04/29 15:45:29,794000,11.493
2026/04/29 15:45:29,795000,11.490
2026/04/29 15:45:29,796000,11.493
2026/04/29 15:45:29,797000,11.496
2026/04/29 15:45:29,798000,11.499
2026/04/29 15:45:29,799000,11.499
2026/04/29 15:45:29,800000,11.493
2026/04/29 15:45:29,801000,11.493
2026/04/29 15:45:29,802000,11.496
2026/04/29 15:45:29,803000,11.490
2026/04/29 15:45:29,804000,11.496
2026/04/29 15:45:29,805000,11.493
2026/04/29 15:45:29,806000,11.490
2026/04/29 15:45:29,807000,11.496
2026/04/29 15:45:29,808000,11.493
2026/04/29 15:45:29,809000,11.493
2026/04/29 15:45:29,810000,11.493
2026/04/29 15:45:29,811000,11.496
2026/04/29 15:45:29,812000,11.499
2026/04/29 15:45:29,813000,11.501
2026/04/29 15:45:29,814000,11.499
2026/04/29 15:45:29,815000,11.493
2026/04/29 15:45:29,816000,11.496
2026/04/29 15:45:29,817000,11.496
2026/04/29 15:45:29,818000,11.499
2026/04/29 15:45:29,819000,11.499
2026/04/29 15:45:29,820000,11.493
2026/04/29 15:45:29,821000,11.496
2026/04/29 15:45:29,822000,11.493
2026/04/29 15:45:29,823000,11.490
2026/04/29 15:45:29,824000,11.496
2026/04/29 15:45:29,825000,11.487
2026/04/29 15:45:29,826000,11.487
2026/04/29 15:45:29,827000,11.490
2026/04/29 15:45:29,828000,11.490
2026/04/29 15:45:29,829000,11.496
2026/04/29 15:45:29,830000,11.493
2026/04/29 15:45:29,831000,11.493
2026/04/29 15:45:29,832000,11.496
2026/04/29 15:45:29,833000,11.487
2026/04/29 15:45:29,834000,11.499
2026/04/29 15:45:29,835000,11.493
2026/04/29 15:45:29,836000,11.493
2026/04/29 15:45:29,837000,11.490
2026/04/29 15:45:29,838000,11.493
2026/04/29 15:45:29,839000,11.499
2026/04/29 15:45:29,840000,11.501
2026/04/29 15:45:29,841000,11.490
2026/04/29 15:45:29,842000,11.501
2026/04/29 15:45:29,843000,11.496
2026/04/29 15:45:29,844000,11.493
2026/04/29 15:45:29,845000,11.499
2026/04/29 15:45:29,846000,11.487
2026/04/29 15:45:29,847000,11.493
2026/04/29 15:45:29,848000,11.487
2026/04/29 15:45:29,849000,11.490
2026/04/29 15:45:29,850000,11.496
2026/04/29 15:45:29,851000,11.493
2026/04/29 15:45:29,852000,11.496
2026/04/29 15:45:29,853000,11.493
2026/04/29 15:45:29,854000,11.499
2026/04/29 15:45:29,855000,11.499
2026/04/29 15:45:29,856000,11.496
2026/04/29 15:45:29,857000,11.496
2026/04/29 15:45:29,858000,11.499
2026/04/29 15:45:29,859000,11.493
2026/04/29 15:45:29,860000,11.490
2026/04/29 15:45:29,861000,11.493
2026/04/29 15:45:29,862000,11.499
2026/04/29 15:45:29,863000,11.499
2026/04/29 15:45:29,864000,11.496
2026/04/29 15:45:29,865000,11.496
2026/04/29 15:45:29,866000,11.493
2026/04/29 15:45:29,867000,11.493
2026/04/29 15:45:29,868000,11.490
2026/04/29 15:45:29,869000,11.490
2026/04/29 15:45:29,870000,11.493
2026/04/29 15:45:29,871000,11.493
2026/04/29 15:45:29,872000,11.496
2026/04/29 15:45:29,873000,11.493
2026/04/29 15:45:29,874000,11.493
2026/04/29 15:45:29,875000,11.493
2026/04/29 15:45:29,876000,11.501
2026/04/29 15:45:29,877000,11.490
2026/04/29 15:45:29,878000,11.493
2026/04/29 15:45:29,879000,11.499
2026/04/29 15:45:29,880000,11.496
2026/04/29 15:45:29,881000,11.496
2026/04/29 15:45:29,882000,11.496
2026/04/29 15:45:29,883000,11.496
2026/04/29 15:45:29,884000,11.490
2026/04/29 15:45:29,885000,11.493
2026/04/29 15:45:29,886000,11.496
2026/04/29 15:45:29,887000,11.493
2026/04/29 15:45:29,888000,11.493
2026/04/29 15:45:29,889000,11.496
2026/04/29 15:45:29,890000,11.493
2026/04/29 15:45:29,891000,11.493
2026/04/29 15:45:29,892000,11.490
2026/04/29 15:45:29,893000,11.490
2026/04/29 15:45:29,894000,11.496
2026/04/29 15:45:29,895000,11.490
2026/04/29 15:45:29,896000,11.501
2026/04/29 15:45:29,897000,11.499
2026/04/29 15:45:29,898000,11.490
2026/04/29 15:45:29,899000,11.493
2026/04/29 15:45:29,900000,11.493
2026/04/29 15:45:29,901000,11.496
2026/04/29 15:45:29,902000,11.496
2026/04/29 15:45:29,903000,11.490
2026/04/29 15:45:29,904000,11.493
2026/04/29 15:45:29,905000,11.499
2026/04/29 15:45:29,906000,11.493
2026/04/29 15:45:29,907000,11.499
2026/04/29 15:45:29,908000,11.490
2026/04/29 15:45:29,909000,11.499
2026/04/29 15:45:29,910000,11.499
2026/04/29 15:45:29,911000,11.490
2026/04/29 15:45:29,912000,11.490
2026/04/29 15:45:29,913000,11.496
2026/04/29 15:45:29,914000,11.493
2026/04/29 15:45:29,915000,11.493
2026/04/29 15:45:29,916000,11.493
2026/04/29 15:45:29,917000,11.493
2026/04/29 15:45:29,918000,11.493
2026/04/29 15:45:29,919000,11.493
2026/04/29 15:45:29,920000,11.493
2026/04/29 15:45:29,921000,11.496
2026/04/29 15:45:29,922000,11.496
2026/04/29 15:45:29,923000,11.499
2026/04/29 15:45:29,924000,11.490
2026/04/29 15:45:29,925000,11.493
2026/04/29 15:45:29,926000,11.487
2026/04/29 15:45:29,927000,11.507
2026/04/29 15:45:29,928000,11.493
2026/04/29 15:45:29,929000,11.493
2026/04/29 15:45:29,930000,11.490
2026/04/29 15:45:29,931000,11.496
2026/04/29 15:45:29,932000,11.493
2026/04/29 15:45:29,933000,11.499
2026/04/29 15:45:29,934000,11.490
2026/04/29 15:45:29,935000,11.493
2026/04/29 15:45:29,936000,11.496
2026/04/29 15:45:29,937000,11.496
2026/04/29 15:45:29,938000,11.499
2026/04/29 15:45:29,939000,11.493
2026/04/29 15:45:29,940000,11.499
2026/04/29 15:45:29,941000,11.501
2026/04/29 15:45:29,942000,11.499
2026/04/29 15:45:29,943000,11.493
2026/04/29 15:45:29,944000,11.496
2026/04/29 15:45:29,945000,11.490
2026/04/29 15:45:29,946000,11.496
2026/04/29 15:45:29,947000,11.496
2026/04/29 15:45:29,948000,11.496
2026/04/29 15:45:29,949000,11.493
2026/04/29 15:45:29,950000,11.496
2026/04/29 15:45:29,951000,11.496
2026/04/29 15:45:29,952000,11.496
2026/04/29 15:45:29,953000,11.496
2026/04/29 15:45:29,954000,11.496
2026/04/29 15:45:29,955000,11.493
2026/04/29 15:45:29,956000,11.490
2026/04/29 15:45:29,957000,11.493
2026/04/29 15:45:29,958000,11.499
2026/04/29 15:45:29,959000,11.490
2026/04/29 15:45:29,960000,11.496
2026/04/29 15:45:29,961000,11.493
2026/04/29 15:45:29,962000,11.496
2026/04/29 15:45:29,963000,11.496
2026/04/29 15:45:29,964000,11.493
2026/04/29 15:45:29,965000,11.490
2026/04/29 15:45:29,966000,11.490
2026/04/29 15:45:29,967000,11.499
2026/04/29 15:45:29,968000,11.487
2026/04/29 15:45:29,969000,11.493
2026/04/29 15:45:29,970000,11.499
2026/04/29 15:45:29,971000,11.493
2026/04/29 15:45:29,972000,11.490
2026/04/29 15:45:29,973000,11.499
2026/04/29 15:45:29,974000,11.490
2026/04/29 15:45:29,975000,11.493
2026/04/29 15:45:29,976000,11.496
2026/04/29 15:45:29,977000,11.493
2026/04/29 15:45:29,978000,11.493
2026/04/29 15:45:29,979000,11.490
2026/04/29 15:45:29,980000,11.493
2026/04/29 15:45:29,981000,11.493
2026/04/29 15:45:29,982000,11.499
2026/04/29 15:45:29,983000,11.490
2026/04/29 15:45:29,984000,11.496
2026/04/29 15:45:29,985000,11.496
2026/04/29 15:45:29,986000,11.496
2026/04/29 15:45:29,987000,11.496
2026/04/29 15:45:29,988000,11.490
2026/04/29 15:45:29,989000,11.485
2026/04/29 15:45:29,990000,11.490
2026/04/29 15:45:29,991000,11.493
2026/04/29 15:45:29,992000,11.490
2026/04/29 15:45:29,993000,11.499
2026/04/29 15:45:29,994000,11.490
2026/04/29 15:45:29,995000,11.490
2026/04/29 15:45:29,996000,11.496
2026/04/29 15:45:29,997000,11.496
2026/04/29 15:45:29,998000,11.501
2026/04/29 15:45:29,999000,11.493
2026/04/29 15:45:30,000000,11.493
2026/04/29 15:45:30,001000,11.493
2026/04/29 15:45:30,002000,11.493
2026/04/29 15:45:30,003000,11.496
2026/04/29 15:45:30,004000,11.493
2026/04/29 15:45:30,005000,11.501
2026/04/29 15:45:30,006000,11.499
2026/04/29 15:45:30,007000,11.499
2026/04/29 15:45:30,008000,11.499
2026/04/29 15:45:30,009000,11.501
2026/04/29 15:45:30,010000,11.496
2026/04/29 15:45:30,011000,11.493
2026/04/29 15:45:30,012000,11.501
2026/04/29 15:45:30,013000,11.496
2026/04/29 15:45:30,014000,11.490
2026/04/29 15:45:30,015000,11.499
2026/04/29 15:45:30,016000,11.501
2026/04/29 15:45:30,017000,11.496
2026/04/29 15:45:30,018000,11.493
2026/04/29 15:45:30,019000,11.504
2026/04/29 15:45:30,020000,11.493
2026/04/29 15:45:30,021000,11.496
2026/04/29 15:45:30,022000,11.487
2026/04/29 15:45:30,023000,11.490
2026/04/29 15:45:30,024000,11.499
2026/04/29 15:45:30,025000,11.490
2026/04/29 15:45:30,026000,11.493
2026/04/29 15:45:30,027000,11.490
2026/04/29 15:45:30,028000,11.493
2026/04/29 15:45:30,029000,11.493
2026/04/29 15:45:30,030000,11.493
2026/04/29 15:45:30,031000,11.490
2026/04/29 15:45:30,032000,11.496
2026/04/29 15:45:30,033000,11.496
2026/04/29 15:45:30,034000,11.490
2026/04/29 15:45:30,035000,11.493
2026/04/29 15:45:30,036000,11.501
2026/04/29 15:45:30,037000,11.487
2026/04/29 15:45:30,038000,11.493
2026/04/29 15:45:30,039000,11.493
2026/04/29 15:45:30,040000,11.493
2026/04/29 15:45:30,041000,11.493
2026/04/29 15:45:30,042000,11.493
2026/04/29 15:45:30,043000,11.496
2026/04/29 15:45:30,044000,11.493
2026/04/29 15:45:30,045000,11.496
2026/04/29 15:45:30,046000,11.496
2026/04/29 15:45:30,047000,11.499
2026/04/29 15:45:30,048000,11.496
2026/04/29 15:45:30,049000,11.493
2026/04/29 15:45:30,050000,11.499
2026/04/29 15:45:30,051000,11.501
2026/04/29 15:45:30,052000,11.490
2026/04/29 15:45:30,053000,11.493
2026/04/29 15:45:30,054000,11.493
2026/04/29 15:45:30,055000,11.490
2026/04/29 15:45:30,056000,11.499
2026/04/29 15:45:30,057000,11.493
2026/04/29 15:45:30,058000,11.493
2026/04/29 15:45:30,059000,11.501
2026/04/29 15:45:30,060000,11.487
2026/04/29 15:45:30,061000,11.493
2026/04/29 15:45:30,062000,11.496
2026/04/29 15:45:30,063000,11.499
2026/04/29 15:45:30,064000,11.490
2026/04/29 15:45:30,065000,11.499
2026/04/29 15:45:30,066000,11.493
2026/04/29 15:45:30,067000,11.496
2026/04/29 15:45:30,068000,11.490
2026/04/29 15:45:30,069000,11.504
2026/04/29 15:45:30,070000,11.496
2026/04/29 15:45:30,071000,11.499
2026/04/29 15:45:30,072000,11.493
2026/04/29 15:45:30,073000,11.501
2026/04/29 15:45:30,074000,11.496
2026/04/29 15:45:30,075000,11.493
2026/04/29 15:45:30,076000,11.499
2026/04/29 15:45:30,077000,11.496
2026/04/29 15:45:30,078000,11.499
2026/04/29 15:45:30,079000,11.496
2026/04/29 15:45:30,080000,11.499
2026/04/29 15:45:30,081000,11.490
2026/04/29 15:45:30,082000,11.490
2026/04/29 15:45:30,083000,11.493
2026/04/29 15:45:30,084000,11.487
2026/04/29 15:45:30,085000,11.493
2026/04/29 15:45:30,086000,11.493
2026/04/29 15:45:30,087000,11.487
2026/04/29 15:45:30,088000,11.493
2026/04/29 15:45:30,089000,11.496
2026/04/29 15:45:30,090000,11.499
2026/04/29 15:45:30,091000,11.499
2026/04/29 15:45:30,092000,11.499
2026/04/29 15:45:30,093000,11.490
2026/04/29 15:45:30,094000,11.496
2026/04/29 15:45:30,095000,11.493
2026/04/29 15:45:30,096000,11.493
2026/04/29 15:45:30,097000,11.493
2026/04/29 15:45:30,098000,11.499
2026/04/29 15:45:30,099000,11.496
2026/04/29 15:45:30,100000,11.496
2026/04/29 15:45:30,101000,11.490
2026/04/29 15:45:30,102000,11.501
2026/04/29 15:45:30,103000,11.496
2026/04/29 15:45:30,104000,11.490
2026/04/29 15:45:30,105000,11.504
2026/04/29 15:45:30,106000,11.496
2026/04/29 15:45:30,107000,11.499
2026/04/29 15:45:30,108000,11.499
2026/04/29 15:45:30,109000,11.490
2026/04/29 15:45:30,110000,11.496
2026/04/29 15:45:30,111000,11.493
2026/04/29 15:45:30,112000,11.499
2026/04/29 15:45:30,113000,11.493
2026/04/29 15:45:30,114000,11.499
2026/04/29 15:45:30,115000,11.493
2026/04/29 15:45:30,116000,11.493
2026/04/29 15:45:30,117000,11.490
2026/04/29 15:45:30,118000,11.496
2026/04/29 15:45:30,119000,11.496
2026/04/29 15:45:30,120000,11.493
2026/04/29 15:45:30,121000,11.493
2026/04/29 15:45:30,122000,11.490
2026/04/29 15:45:30,123000,11.496
2026/04/29 15:45:30,124000,11.490
2026/04/29 15:45:30,125000,11.493
2026/04/29 15:45:30,126000,11.493
2026/04/29 15:45:30,127000,11.496
2026/04/29 15:45:30,128000,11.496
2026/04/29 15:45:30,129000,11.485
2026/04/29 15:45:30,130000,11.493
2026/04/29 15:45:30,131000,11.493
2026/04/29 15:45:30,132000,11.490
2026/04/29 15:45:30,133000,11.496
2026/04/29 15:45:30,134000,11.499
2026/04/29 15:45:30,135000,11.493
2026/04/29 15:45:30,136000,11.493
2026/04/29 15:45:30,137000,11.493
2026/04/29 15:45:30,138000,11.496
2026/04/29 15:45:30,139000,11.493
2026/04/29 15:45:30,140000,11.499
2026/04/29 15:45:30,141000,11.499
2026/04/29 15:45:30,142000,11.496
2026/04/29 15:45:30,143000,11.490
2026/04/29 15:45:30,144000,11.493
2026/04/29 15:45:30,145000,11.501
2026/04/29 15:45:30,146000,11.501
2026/04/29 15:45:30,147000,11.493
2026/04/29 15:45:30,148000,11.499
2026/04/29 15:45:30,149000,11.501
2026/04/29 15:45:30,150000,11.496
2026/04/29 15:45:30,151000,11.493
2026/04/29 15:45:30,152000,11.499
2026/04/29 15:45:30,153000,11.501
2026/04/29 15:45:30,154000,11.499
2026/04/29 15:45:30,155000,11.496
2026/04/29 15:45:30,156000,11.501
2026/04/29 15:45:30,157000,11.493
2026/04/29 15:45:30,158000,11.496
2026/04/29 15:45:30,159000,11.493
2026/04/29 15:45:30,160000,11.493
2026/04/29 15:45:30,161000,11.499
2026/04/29 15:45:30,162000,11.493
2026/04/29 15:45:30,163000,11.490
2026/04/29 15:45:30,164000,11.499
2026/04/29 15:45:30,165000,11.490
2026/04/29 15:45:30,166000,11.501
2026/04/29 15:45:30,167000,11.493
2026/04/29 15:45:30,168000,11.501
2026/04/29 15:45:30,169000,11.496
2026/04/29 15:45:30,170000,11.496
2026/04/29 15:45:30,171000,11.499
2026/04/29 15:45:30,172000,11.493
2026/04/29 15:45:30,173000,11.496
2026/04/29 15:45:30,174000,11.493
2026/04/29 15:45:30,175000,11.496
2026/04/29 15:45:30,176000,11.490
2026/04/29 15:45:30,177000,11.496
2026/04/29 15:45:30,178000,11.496
2026/04/29 15:45:30,179000,11.493
2026/04/29 15:45:30,180000,11.493
2026/04/29 15:45:30,181000,11.496
2026/04/29 15:45:30,182000,11.496
2026/04/29 15:45:30,183000,11.490
2026/04/29 15:45:30,184000,11.496
2026/04/29 15:45:30,185000,11.496
2026/04/29 15:45:30,186000,11.493
2026/04/29 15:45:30,187000,11.496
2026/04/29 15:45:30,188000,11.499
2026/04/29 15:45:30,189000,11.493
2026/04/29 15:45:30,190000,11.493
2026/04/29 15:45:30,191000,11.493
2026/04/29 15:45:30,192000,11.499
2026/04/29 15:45:30,193000,11.490
2026/04/29 15:45:30,194000,11.496
2026/04/29 15:45:30,195000,11.496
2026/04/29 15:45:30,196000,11.493
2026/04/29 15:45:30,197000,11.493
2026/04/29 15:45:30,198000,11.499
2026/04/29 15:45:30,199000,11.499
2026/04/29 15:45:30,200000,11.490
2026/04/29 15:45:30,201000,11.493
2026/04/29 15:45:30,202000,11.496
2026/04/29 15:45:30,203000,11.496
2026/04/29 15:45:30,204000,11.490
2026/04/29 15:45:30,205000,11.499
2026/04/29 15:45:30,206000,11.501
2026/04/29 15:45:30,207000,11.493
2026/04/29 15:45:30,208000,11.496
2026/04/29 15:45:30,209000,11.493
2026/04/29 15:45:30,210000,11.493
2026/04/29 15:45:30,211000,11.496
2026/04/29 15:45:30,212000,11.493
2026/04/29 15:45:30,213000,11.493
2026/04/29 15:45:30,214000,11.490
2026/04/29 15:45:30,215000,11.499
2026/04/29 15:45:30,216000,11.499
2026/04/29 15:45:30,217000,11.493
2026/04/29 15:45:30,218000,11.499
2026/04/29 15:45:30,219000,11.493
2026/04/29 15:45:30,220000,11.490
2026/04/29 15:45:30,221000,11.487
2026/04/29 15:45:30,222000,11.493
2026/04/29 15:45:30,223000,11.493
2026/04/29 15:45:30,224000,11.493
2026/04/29 15:45:30,225000,11.493
2026/04/29 15:45:30,226000,11.493
2026/04/29 15:45:30,227000,11.487
2026/04/29 15:45:30,228000,11.499
2026/04/29 15:45:30,229000,11.501
2026/04/29 15:45:30,230000,11.496
2026/04/29 15:45:30,231000,11.493
2026/04/29 15:45:30,232000,11.493
2026/04/29 15:45:30,233000,11.493
2026/04/29 15:45:30,234000,11.493
2026/04/29 15:45:30,235000,11.493
2026/04/29 15:45:30,236000,11.499
2026/04/29 15:45:30,237000,11.496
2026/04/29 15:45:30,238000,11.490
2026/04/29 15:45:30,239000,11.499
2026/04/29 15:45:30,240000,11.493
2026/04/29 15:45:30,241000,11.496
2026/04/29 15:45:30,242000,11.490
2026/04/29 15:45:30,243000,11.499
2026/04/29 15:45:30,244000,11.499
2026/04/29 15:45:30,245000,11.493
2026/04/29 15:45:30,246000,11.496
2026/04/29 15:45:30,247000,11.496
2026/04/29 15:45:30,248000,11.504
2026/04/29 15:45:30,249000,11.499
2026/04/29 15:45:30,250000,11.496
2026/04/29 15:45:30,251000,11.493
2026/04/29 15:45:30,252000,11.493
2026/04/29 15:45:30,253000,11.493
2026/04/29 15:45:30,254000,11.501
2026/04/29 15:45:30,255000,11.493
2026/04/29 15:45:30,256000,11.496
2026/04/29 15:45:30,257000,11.493
2026/04/29 15:45:30,258000,11.496
2026/04/29 15:45:30,259000,11.496
2026/04/29 15:45:30,260000,11.493
2026/04/29 15:45:30,261000,11.493
2026/04/29 15:45:30,262000,11.496
2026/04/29 15:45:30,263000,11.499
2026/04/29 15:45:30,264000,11.499
2026/04/29 15:45:30,265000,11.496
2026/04/29 15:45:30,266000,11.496
2026/04/29 15:45:30,267000,11.493
2026/04/29 15:45:30,268000,11.493
2026/04/29 15:45:30,269000,11.496
2026/04/29 15:45:30,270000,11.501
2026/04/29 15:45:30,271000,11.487
2026/04/29 15:45:30,272000,11.499
2026/04/29 15:45:30,273000,11.501
2026/04/29 15:45:30,274000,11.490
2026/04/29 15:45:30,275000,11.499
2026/04/29 15:45:30,276000,11.493
2026/04/29 15:45:30,277000,11.499
2026/04/29 15:45:30,278000,11.501
2026/04/29 15:45:30,279000,11.493
2026/04/29 15:45:30,280000,11.490
2026/04/29 15:45:30,281000,11.493
2026/04/29 15:45:30,282000,11.493
2026/04/29 15:45:30,283000,11.490
2026/04/29 15:45:30,284000,11.499
2026/04/29 15:45:30,285000,11.493
2026/04/29 15:45:30,286000,11.490
2026/04/29 15:45:30,287000,11.499
2026/04/29 15:45:30,288000,11.496
2026/04/29 15:45:30,289000,11.501
2026/04/29 15:45:30,290000,11.499
2026/04/29 15:45:30,291000,11.496
2026/04/29 15:45:30,292000,11.493
2026/04/29 15:45:30,293000,11.496
2026/04/29 15:45:30,294000,11.496
2026/04/29 15:45:30,295000,11.501
2026/04/29 15:45:30,296000,11.496
2026/04/29 15:45:30,297000,11.496
2026/04/29 15:45:30,298000,11.496
2026/04/29 15:45:30,299000,11.493
2026/04/29 15:45:30,300000,11.501
2026/04/29 15:45:30,301000,11.496
2026/04/29 15:45:30,302000,11.493
2026/04/29 15:45:30,303000,11.493
2026/04/29 15:45:30,304000,11.490
2026/04/29 15:45:30,305000,11.485
2026/04/29 15:45:30,306000,11.493
2026/04/29 15:45:30,307000,11.499
2026/04/29 15:45:30,308000,11.496
2026/04/29 15:45:30,309000,11.496
2026/04/29 15:45:30,310000,11.496
2026/04/29 15:45:30,311000,11.490
2026/04/29 15:45:30,312000,11.493
2026/04/29 15:45:30,313000,11.496
2026/04/29 15:45:30,314000,11.493
2026/04/29 15:45:30,315000,11.496
2026/04/29 15:45:30,316000,11.493
2026/04/29 15:45:30,317000,11.493
2026/04/29 15:45:30,318000,11.493
2026/04/29 15:45:30,319000,11.496
2026/04/29 15:45:30,320000,11.499
2026/04/29 15:45:30,321000,11.501
2026/04/29 15:45:30,322000,11.493
2026/04/29 15:45:30,323000,11.499
2026/04/29 15:45:30,324000,11.499
2026/04/29 15:45:30,325000,11.499
2026/04/29 15:45:30,326000,11.496
2026/04/29 15:45:30,327000,11.493
2026/04/29 15:45:30,328000,11.499
2026/04/29 15:45:30,329000,11.490
2026/04/29 15:45:30,330000,11.493
2026/04/29 15:45:30,331000,11.487
2026/04/29 15:45:30,332000,11.499
2026/04/29 15:45:30,333000,11.490
2026/04/29 15:45:30,334000,11.501
2026/04/29 15:45:30,335000,11.499
2026/04/29 15:45:30,336000,11.493
2026/04/29 15:45:30,337000,11.493
2026/04/29 15:45:30,338000,11.493
2026/04/29 15:45:30,339000,11.493
2026/04/29 15:45:30,340000,11.504
2026/04/29 15:45:30,341000,11.499
2026/04/29 15:45:30,342000,11.493
2026/04/29 15:45:30,343000,11.496
2026/04/29 15:45:30,344000,11.499
2026/04/29 15:45:30,345000,11.501
2026/04/29 15:45:30,346000,11.499
2026/04/29 15:45:30,347000,11.493
2026/04/29 15:45:30,348000,11.490
2026/04/29 15:45:30,349000,11.493
2026/04/29 15:45:30,350000,11.496
2026/04/29 15:45:30,351000,11.499
2026/04/29 15:45:30,352000,11.496
2026/04/29 15:45:30,353000,11.490
2026/04/29 15:45:30,354000,11.501
2026/04/29 15:45:30,355000,11.501
2026/04/29 15:45:30,356000,11.490
2026/04/29 15:45:30,357000,11.499
2026/04/29 15:45:30,358000,11.493
2026/04/29 15:45:30,359000,11.496
2026/04/29 15:45:30,360000,11.490
2026/04/29 15:45:30,361000,11.493
2026/04/29 15:45:30,362000,11.490
2026/04/29 15:45:30,363000,11.499
2026/04/29 15:45:30,364000,11.499
2026/04/29 15:45:30,365000,11.493
2026/04/29 15:45:30,366000,11.499
2026/04/29 15:45:30,367000,11.496
2026/04/29 15:45:30,368000,11.496
2026/04/29 15:45:30,369000,11.493
2026/04/29 15:45:30,370000,11.499
2026/04/29 15:45:30,371000,11.493
2026/04/29 15:45:30,372000,11.499
2026/04/29 15:45:30,373000,11.496
2026/04/29 15:45:30,374000,11.490
2026/04/29 15:45:30,375000,11.493
2026/04/29 15:45:30,376000,11.496
2026/04/29 15:45:30,377000,11.496
2026/04/29 15:45:30,378000,11.490
2026/04/29 15:45:30,379000,11.493
2026/04/29 15:45:30,380000,11.496
2026/04/29 15:45:30,381000,11.501
2026/04/29 15:45:30,382000,11.499
2026/04/29 15:45:30,383000,11.493
2026/04/29 15:45:30,384000,11.490
2026/04/29 15:45:30,385000,11.496
2026/04/29 15:45:30,386000,11.493
2026/04/29 15:45:30,387000,11.493
2026/04/29 15:45:30,388000,11.499
2026/04/29 15:45:30,389000,11.493
2026/04/29 15:45:30,390000,11.490
2026/04/29 15:45:30,391000,11.496
2026/04/29 15:45:30,392000,11.499
2026/04/29 15:45:30,393000,11.496
2026/04/29 15:45:30,394000,11.496
2026/04/29 15:45:30,395000,11.496
2026/04/29 15:45:30,396000,11.490
2026/04/29 15:45:30,397000,11.496
2026/04/29 15:45:30,398000,11.496
2026/04/29 15:45:30,399000,11.496
2026/04/29 15:45:30,400000,11.496
2026/04/29 15:45:30,401000,11.496
2026/04/29 15:45:30,402000,11.493
2026/04/29 15:45:30,403000,11.493
2026/04/29 15:45:30,404000,11.496
2026/04/29 15:45:30,405000,11.493
2026/04/29 15:45:30,406000,11.501
2026/04/29 15:45:30,407000,11.493
2026/04/29 15:45:30,408000,11.493
2026/04/29 15:45:30,409000,11.493
2026/04/29 15:45:30,410000,11.501
2026/04/29 15:45:30,411000,11.496
2026/04/29 15:45:30,412000,11.487
2026/04/29 15:45:30,413000,11.496
2026/04/29 15:45:30,414000,11.501
2026/04/29 15:45:30,415000,11.496
2026/04/29 15:45:30,416000,11.493
2026/04/29 15:45:30,417000,11.496
2026/04/29 15:45:30,418000,11.499
2026/04/29 15:45:30,419000,11.493
2026/04/29 15:45:30,420000,11.496
2026/04/29 15:45:30,421000,11.493
2026/04/29 15:45:30,422000,11.493
2026/04/29 15:45:30,423000,11.493
2026/04/29 15:45:30,424000,11.493
2026/04/29 15:45:30,425000,11.493
2026/04/29 15:45:30,426000,11.504
2026/04/29 15:45:30,427000,11.501
2026/04/29 15:45:30,428000,11.501
2026/04/29 15:45:30,429000,11.499
2026/04/29 15:45:30,430000,11.496
2026/04/29 15:45:30,431000,11.504
2026/04/29 15:45:30,432000,11.493
2026/04/29 15:45:30,433000,11.496
2026/04/29 15:45:30,434000,11.501
2026/04/29 15:45:30,435000,11.496
2026/04/29 15:45:30,436000,11.499
2026/04/29 15:45:30,437000,11.493
2026/04/29 15:45:30,438000,11.496
2026/04/29 15:45:30,439000,11.493
2026/04/29 15:45:30,440000,11.490
2026/04/29 15:45:30,441000,11.496
2026/04/29 15:45:30,442000,11.499
2026/04/29 15:45:30,443000,11.493
2026/04/29 15:45:30,444000,11.499
2026/04/29 15:45:30,445000,11.490
2026/04/29 15:45:30,446000,11.496
2026/04/29 15:45:30,447000,11.496
2026/04/29 15:45:30,448000,11.493
2026/04/29 15:45:30,449000,11.499
2026/04/29 15:45:30,450000,11.496
2026/04/29 15:45:30,451000,11.496
2026/04/29 15:45:30,452000,11.499
2026/04/29 15:45:30,453000,11.496
2026/04/29 15:45:30,454000,11.496
2026/04/29 15:45:30,455000,11.501
2026/04/29 15:45:30,456000,11.496
2026/04/29 15:45:30,457000,11.493
2026/04/29 15:45:30,458000,11.501
2026/04/29 15:45:30,459000,11.493
2026/04/29 15:45:30,460000,11.496
2026/04/29 15:45:30,461000,11.490
2026/04/29 15:45:30,462000,11.496
2026/04/29 15:45:30,463000,11.496
2026/04/29 15:45:30,464000,11.493
2026/04/29 15:45:30,465000,11.499
2026/04/29 15:45:30,466000,11.493
2026/04/29 15:45:30,467000,11.496
2026/04/29 15:45:30,468000,11.487
2026/04/29 15:45:30,469000,11.496
2026/04/29 15:45:30,470000,11.499
2026/04/29 15:45:30,471000,11.501
2026/04/29 15:45:30,472000,11.496
2026/04/29 15:45:30,473000,11.496
2026/04/29 15:45:30,474000,11.493
2026/04/29 15:45:30,475000,11.499
2026/04/29 15:45:30,476000,11.493
2026/04/29 15:45:30,477000,11.493
2026/04/29 15:45:30,478000,11.501
2026/04/29 15:45:30,479000,11.490
2026/04/29 15:45:30,480000,11.499
2026/04/29 15:45:30,481000,11.499
2026/04/29 15:45:30,482000,11.493
2026/04/29 15:45:30,483000,11.496
2026/04/29 15:45:30,484000,11.496
2026/04/29 15:45:30,485000,11.493
2026/04/29 15:45:30,486000,11.493
2026/04/29 15:45:30,487000,11.496
2026/04/29 15:45:30,488000,11.493
2026/04/29 15:45:30,489000,11.496
2026/04/29 15:45:30,490000,11.493
2026/04/29 15:45:30,491000,11.501
2026/04/29 15:45:30,492000,11.493
2026/04/29 15:45:30,493000,11.496
2026/04/29 15:45:30,494000,11.490
2026/04/29 15:45:30,495000,11.490
2026/04/29 15:45:30,496000,11.496
2026/04/29 15:45:30,497000,11.493
2026/04/29 15:45:30,498000,11.493
2026/04/29 15:45:30,499000,11.493
2026/04/29 15:45:30,500000,11.496
2026/04/29 15:45:30,501000,11.501
2026/04/29 15:45:30,502000,11.496
2026/04/29 15:45:30,503000,11.493
2026/04/29 15:45:30,504000,11.493
2026/04/29 15:45:30,505000,11.490
2026/04/29 15:45:30,506000,11.496
2026/04/29 15:45:30,507000,11.499
2026/04/29 15:45:30,508000,11.499
2026/04/29 15:45:30,509000,11.499
2026/04/29 15:45:30,510000,11.490
2026/04/29 15:45:30,511000,11.501
2026/04/29 15:45:30,512000,11.493
2026/04/29 15:45:30,513000,11.493
2026/04/29 15:45:30,514000,11.496
2026/04/29 15:45:30,515000,11.490
2026/04/29 15:45:30,516000,11.496
2026/04/29 15:45:30,517000,11.493
2026/04/29 15:45:30,518000,11.490
2026/04/29 15:45:30,519000,11.493
2026/04/29 15:45:30,520000,11.487
2026/04/29 15:45:30,521000,11.496
2026/04/29 15:45:30,522000,11.499
2026/04/29 15:45:30,523000,11.493
2026/04/29 15:45:30,524000,11.490
2026/04/29 15:45:30,525000,11.496
2026/04/29 15:45:30,526000,11.499
2026/04/29 15:45:30,527000,11.499
2026/04/29 15:45:30,528000,11.493
2026/04/29 15:45:30,529000,11.487
2026/04/29 15:45:30,530000,11.496
2026/04/29 15:45:30,531000,11.504
2026/04/29 15:45:30,532000,11.499
2026/04/29 15:45:30,533000,11.499
2026/04/29 15:45:30,534000,11.499
2026/04/29 15:45:30,535000,11.490
2026/04/29 15:45:30,536000,11.493
2026/04/29 15:45:30,537000,11.501
2026/04/29 15:45:30,538000,11.490
2026/04/29 15:45:30,539000,11.490
2026/04/29 15:45:30,540000,11.496
2026/04/29 15:45:30,541000,11.493
2026/04/29 15:45:30,542000,11.496
2026/04/29 15:45:30,543000,11.496
2026/04/29 15:45:30,544000,11.501
2026/04/29 15:45:30,545000,11.493
2026/04/29 15:45:30,546000,11.499
2026/04/29 15:45:30,547000,11.493
2026/04/29 15:45:30,548000,11.501
2026/04/29 15:45:30,549000,11.496
2026/04/29 15:45:30,550000,11.493
2026/04/29 15:45:30,551000,11.499
2026/04/29 15:45:30,552000,11.496
2026/04/29 15:45:30,553000,11.493
2026/04/29 15:45:30,554000,11.496
2026/04/29 15:45:30,555000,11.499
2026/04/29 15:45:30,556000,11.493
2026/04/29 15:45:30,557000,11.501
2026/04/29 15:45:30,558000,11.487
2026/04/29 15:45:30,559000,11.493
2026/04/29 15:45:30,560000,11.493
2026/04/29 15:45:30,561000,11.493
2026/04/29 15:45:30,562000,11.493
2026/04/29 15:45:30,563000,11.493
2026/04/29 15:45:30,564000,11.496
2026/04/29 15:45:30,565000,11.496
2026/04/29 15:45:30,566000,11.499
2026/04/29 15:45:30,567000,11.493
2026/04/29 15:45:30,568000,11.499
2026/04/29 15:45:30,569000,11.493
2026/04/29 15:45:30,570000,11.496
2026/04/29 15:45:30,571000,11.493
2026/04/29 15:45:30,572000,11.493
2026/04/29 15:45:30,573000,11.499
2026/04/29 15:45:30,574000,11.485
2026/04/29 15:45:30,575000,11.499
2026/04/29 15:45:30,576000,11.493
2026/04/29 15:45:30,577000,11.490
2026/04/29 15:45:30,578000,11.493
2026/04/29 15:45:30,579000,11.499
2026/04/29 15:45:30,580000,11.496
2026/04/29 15:45:30,581000,11.499
2026/04/29 15:45:30,582000,11.496
2026/04/29 15:45:30,583000,11.493
2026/04/29 15:45:30,584000,11.499
2026/04/29 15:45:30,585000,11.499
2026/04/29 15:45:30,586000,11.501
2026/04/29 15:45:30,587000,11.499
2026/04/29 15:45:30,588000,11.490
2026/04/29 15:45:30,589000,11.496
2026/04/29 15:45:30,590000,11.496
2026/04/29 15:45:30,591000,11.496
2026/04/29 15:45:30,592000,11.490
2026/04/29 15:45:30,593000,11.493
2026/04/29 15:45:30,594000,11.496
2026/04/29 15:45:30,595000,11.501
2026/04/29 15:45:30,596000,11.499
2026/04/29 15:45:30,597000,11.499
2026/04/29 15:45:30,598000,11.496
2026/04/29 15:45:30,599000,11.504
2026/04/29 15:45:30,600000,11.493
2026/04/29 15:45:30,601000,11.496
2026/04/29 15:45:30,602000,11.493
2026/04/29 15:45:30,603000,11.499
2026/04/29 15:45:30,604000,11.493
2026/04/29 15:45:30,605000,11.499
2026/04/29 15:45:30,606000,11.493
2026/04/29 15:45:30,607000,11.499
2026/04/29 15:45:30,608000,11.493
2026/04/29 15:45:30,609000,11.493
2026/04/29 15:45:30,610000,11.499
2026/04/29 15:45:30,611000,11.501
2026/04/29 15:45:30,612000,11.496
2026/04/29 15:45:30,613000,11.499
2026/04/29 15:45:30,614000,11.496
2026/04/29 15:45:30,615000,11.499
2026/04/29 15:45:30,616000,11.501
2026/04/29 15:45:30,617000,11.490
2026/04/29 15:45:30,618000,11.493
2026/04/29 15:45:30,619000,11.490
2026/04/29 15:45:30,620000,11.496
2026/04/29 15:45:30,621000,11.493
2026/04/29 15:45:30,622000,11.493
2026/04/29 15:45:30,623000,11.499
2026/04/29 15:45:30,624000,11.493
2026/04/29 15:45:30,625000,11.496
2026/04/29 15:45:30,626000,11.496
2026/04/29 15:45:30,627000,11.493
2026/04/29 15:45:30,628000,11.496
2026/04/29 15:45:30,629000,11.493
2026/04/29 15:45:30,630000,11.493
2026/04/29 15:45:30,631000,11.490
2026/04/29 15:45:30,632000,11.496
2026/04/29 15:45:30,633000,11.493
2026/04/29 15:45:30,634000,11.499
2026/04/29 15:45:30,635000,11.493
2026/04/29 15:45:30,636000,11.499
2026/04/29 15:45:30,637000,11.499
2026/04/29 15:45:30,638000,11.496
2026/04/29 15:45:30,639000,11.496
2026/04/29 15:45:30,640000,11.490
2026/04/29 15:45:30,641000,11.496
2026/04/29 15:45:30,642000,11.501
2026/04/29 15:45:30,643000,11.496
2026/04/29 15:45:30,644000,11.501
2026/04/29 15:45:30,645000,11.493
2026/04/29 15:45:30,646000,11.490
2026/04/29 15:45:30,647000,11.501
2026/04/29 15:45:30,648000,11.501
2026/04/29 15:45:30,649000,11.496
2026/04/29 15:45:30,650000,11.501
2026/04/29 15:45:30,651000,11.493
2026/04/29 15:45:30,652000,11.499
2026/04/29 15:45:30,653000,11.493
2026/04/29 15:45:30,654000,11.496
2026/04/29 15:45:30,655000,11.496
2026/04/29 15:45:30,656000,11.496
2026/04/29 15:45:30,657000,11.490
2026/04/29 15:45:30,658000,11.493
2026/04/29 15:45:30,659000,11.490
2026/04/29 15:45:30,660000,11.493
2026/04/29 15:45:30,661000,11.496
2026/04/29 15:45:30,662000,11.493
2026/04/29 15:45:30,663000,11.490
2026/04/29 15:45:30,664000,11.499
2026/04/29 15:45:30,665000,11.499
2026/04/29 15:45:30,666000,11.499
2026/04/29 15:45:30,667000,11.501
2026/04/29 15:45:30,668000,11.490
2026/04/29 15:45:30,669000,11.493
2026/04/29 15:45:30,670000,11.493
2026/04/29 15:45:30,671000,11.496
2026/04/29 15:45:30,672000,11.499
2026/04/29 15:45:30,673000,11.493
2026/04/29 15:45:30,674000,11.496
2026/04/29 15:45:30,675000,11.499
2026/04/29 15:45:30,676000,11.504
2026/04/29 15:45:30,677000,11.490
2026/04/29 15:45:30,678000,11.499
2026/04/29 15:45:30,679000,11.496
2026/04/29 15:45:30,680000,11.493
2026/04/29 15:45:30,681000,11.496
2026/04/29 15:45:30,682000,11.496
2026/04/29 15:45:30,683000,11.501
2026/04/29 15:45:30,684000,11.496
2026/04/29 15:45:30,685000,11.496
2026/04/29 15:45:30,686000,11.493
2026/04/29 15:45:30,687000,11.496
2026/04/29 15:45:30,688000,11.493
2026/04/29 15:45:30,689000,11.499
2026/04/29 15:45:30,690000,11.493
2026/04/29 15:45:30,691000,11.501
2026/04/29 15:45:30,692000,11.496
2026/04/29 15:45:30,693000,11.499
2026/04/29 15:45:30,694000,11.493
2026/04/29 15:45:30,695000,11.493
2026/04/29 15:45:30,696000,11.499
2026/04/29 15:45:30,697000,11.496
2026/04/29 15:45:30,698000,11.504
2026/04/29 15:45:30,699000,11.501
2026/04/29 15:45:30,700000,11.499
2026/04/29 15:45:30,701000,11.496
2026/04/29 15:45:30,702000,11.493
2026/04/29 15:45:30,703000,11.499
2026/04/29 15:45:30,704000,11.493
2026/04/29 15:45:30,705000,11.493
2026/04/29 15:45:30,706000,11.490
2026/04/29 15:45:30,707000,11.496
2026/04/29 15:45:30,708000,11.501
2026/04/29 15:45:30,709000,11.496
2026/04/29 15:45:30,710000,11.496
2026/04/29 15:45:30,711000,11.490
2026/04/29 15:45:30,712000,11.490
2026/04/29 15:45:30,713000,11.499
2026/04/29 15:45:30,714000,11.496
2026/04/29 15:45:30,715000,11.496
2026/04/29 15:45:30,716000,11.493
2026/04/29 15:45:30,717000,11.496
2026/04/29 15:45:30,718000,11.499
2026/04/29 15:45:30,719000,11.493
2026/04/29 15:45:30,720000,11.499
2026/04/29 15:45:30,721000,11.493
2026/04/29 15:45:30,722000,11.499
2026/04/29 15:45:30,723000,11.499
2026/04/29 15:45:30,724000,11.499
2026/04/29 15:45:30,725000,11.496
2026/04/29 15:45:30,726000,11.496
2026/04/29 15:45:30,727000,11.493
2026/04/29 15:45:30,728000,11.493
2026/04/29 15:45:30,729000,11.496
2026/04/29 15:45:30,730000,11.496
2026/04/29 15:45:30,731000,11.499
2026/04/29 15:45:30,732000,11.499
2026/04/29 15:45:30,733000,11.496
2026/04/29 15:45:30,734000,11.493
2026/04/29 15:45:30,735000,11.499
2026/04/29 15:45:30,736000,11.493
2026/04/29 15:45:30,737000,11.496
2026/04/29 15:45:30,738000,11.496
2026/04/29 15:45:30,739000,11.501
2026/04/29 15:45:30,740000,11.496
2026/04/29 15:45:30,741000,11.493
2026/04/29 15:45:30,742000,11.493
2026/04/29 15:45:30,743000,11.490
2026/04/29 15:45:30,744000,11.493
2026/04/29 15:45:30,745000,11.493
2026/04/29 15:45:30,746000,11.496
2026/04/29 15:45:30,747000,11.493
2026/04/29 15:45:30,748000,11.504
2026/04/29 15:45:30,749000,11.493
2026/04/29 15:45:30,750000,11.493
2026/04/29 15:45:30,751000,11.496
2026/04/29 15:45:30,752000,11.496
2026/04/29 15:45:30,753000,11.493
2026/04/29 15:45:30,754000,11.493
2026/04/29 15:45:30,755000,11.496
2026/04/29 15:45:30,756000,11.499
2026/04/29 15:45:30,757000,11.499
2026/04/29 15:45:30,758000,11.499
2026/04/29 15:45:30,759000,11.493
2026/04/29 15:45:30,760000,11.493
2026/04/29 15:45:30,761000,11.499
2026/04/29 15:45:30,762000,11.496
2026/04/29 15:45:30,763000,11.499
2026/04/29 15:45:30,764000,11.487
2026/04/29 15:45:30,765000,11.493
2026/04/29 15:45:30,766000,11.493
2026/04/29 15:45:30,767000,11.493
2026/04/29 15:45:30,768000,11.490
2026/04/29 15:45:30,769000,11.496
2026/04/29 15:45:30,770000,11.499
2026/04/29 15:45:30,771000,11.501
2026/04/29 15:45:30,772000,11.490
2026/04/29 15:45:30,773000,11.499
2026/04/29 15:45:30,774000,11.499
2026/04/29 15:45:30,775000,11.493
2026/04/29 15:45:30,776000,11.501
2026/04/29 15:45:30,777000,11.499
2026/04/29 15:45:30,778000,11.493
2026/04/29 15:45:30,779000,11.493
2026/04/29 15:45:30,780000,11.490
2026/04/29 15:45:30,781000,11.493
2026/04/29 15:45:30,782000,11.504
2026/04/29 15:45:30,783000,11.501
2026/04/29 15:45:30,784000,11.493
2026/04/29 15:45:30,785000,11.493
2026/04/29 15:45:30,786000,11.493
2026/04/29 15:45:30,787000,11.499
2026/04/29 15:45:30,788000,11.490
2026/04/29 15:45:30,789000,11.493
2026/04/29 15:45:30,790000,11.499
2026/04/29 15:45:30,791000,11.493
2026/04/29 15:45:30,792000,11.499
2026/04/29 15:45:30,793000,11.499
2026/04/29 15:45:30,794000,11.496
2026/04/29 15:45:30,795000,11.493
2026/04/29 15:45:30,796000,11.493
2026/04/29 15:45:30,797000,11.501
2026/04/29 15:45:30,798000,11.501
2026/04/29 15:45:30,799000,11.496
2026/04/29 15:45:30,800000,11.493
2026/04/29 15:45:30,801000,11.490
2026/04/29 15:45:30,802000,11.493
2026/04/29 15:45:30,803000,11.493
2026/04/29 15:45:30,804000,11.499
2026/04/29 15:45:30,805000,11.493
2026/04/29 15:45:30,806000,11.493
2026/04/29 15:45:30,807000,11.490
2026/04/29 15:45:30,808000,11.499
2026/04/29 15:45:30,809000,11.493
2026/04/29 15:45:30,810000,11.499
2026/04/29 15:45:30,811000,11.499
2026/04/29 15:45:30,812000,11.501
2026/04/29 15:45:30,813000,11.501
2026/04/29 15:45:30,814000,11.493
2026/04/29 15:45:30,815000,11.490
2026/04/29 15:45:30,816000,11.501
2026/04/29 15:45:30,817000,11.490
2026/04/29 15:45:30,818000,11.507
2026/04/29 15:45:30,819000,11.499
2026/04/29 15:45:30,820000,11.496
2026/04/29 15:45:30,821000,11.499
2026/04/29 15:45:30,822000,11.499
2026/04/29 15:45:30,823000,11.496
2026/04/29 15:45:30,824000,11.487
2026/04/29 15:45:30,825000,11.496
2026/04/29 15:45:30,826000,11.499
2026/04/29 15:45:30,827000,11.499
2026/04/29 15:45:30,828000,11.490
2026/04/29 15:45:30,829000,11.496
2026/04/29 15:45:30,830000,11.499
2026/04/29 15:45:30,831000,11.504
2026/04/29 15:45:30,832000,11.499
2026/04/29 15:45:30,833000,11.490
2026/04/29 15:45:30,834000,11.496
2026/04/29 15:45:30,835000,11.493
2026/04/29 15:45:30,836000,11.493
2026/04/29 15:45:30,837000,11.493
2026/04/29 15:45:30,838000,11.490
2026/04/29 15:45:30,839000,11.490
2026/04/29 15:45:30,840000,11.499
2026/04/29 15:45:30,841000,11.496
2026/04/29 15:45:30,842000,11.487
2026/04/29 15:45:30,843000,11.499
2026/04/29 15:45:30,844000,11.493
2026/04/29 15:45:30,845000,11.493
2026/04/29 15:45:30,846000,11.493
2026/04/29 15:45:30,847000,11.501
2026/04/29 15:45:30,848000,11.493
2026/04/29 15:45:30,849000,11.496
2026/04/29 15:45:30,850000,11.493
2026/04/29 15:45:30,851000,11.496
2026/04/29 15:45:30,852000,11.496
2026/04/29 15:45:30,853000,11.504
2026/04/29 15:45:30,854000,11.496
2026/04/29 15:45:30,855000,11.499
2026/04/29 15:45:30,856000,11.496
2026/04/29 15:45:30,857000,11.496
2026/04/29 15:45:30,858000,11.493
2026/04/29 15:45:30,859000,11.490
2026/04/29 15:45:30,860000,11.499
2026/04/29 15:45:30,861000,11.493
2026/04/29 15:45:30,862000,11.493
2026/04/29 15:45:30,863000,11.499
2026/04/29 15:45:30,864000,11.499
2026/04/29 15:45:30,865000,11.493
2026/04/29 15:45:30,866000,11.487
2026/04/29 15:45:30,867000,11.499
2026/04/29 15:45:30,868000,11.490
2026/04/29 15:45:30,869000,11.493
2026/04/29 15:45:30,870000,11.493
2026/04/29 15:45:30,871000,11.499
2026/04/29 15:45:30,872000,11.490
2026/04/29 15:45:30,873000,11.493
2026/04/29 15:45:30,874000,11.490
2026/04/29 15:45:30,875000,11.493
2026/04/29 15:45:30,876000,11.501
2026/04/29 15:45:30,877000,11.493
2026/04/29 15:45:30,878000,11.493
2026/04/29 15:45:30,879000,11.493
2026/04/29 15:45:30,880000,11.490
2026/04/29 15:45:30,881000,11.490
2026/04/29 15:45:30,882000,11.493
2026/04/29 15:45:30,883000,11.499
2026/04/29 15:45:30,884000,11.496
2026/04/29 15:45:30,885000,11.496
2026/04/29 15:45:30,886000,11.490
2026/04/29 15:45:30,887000,11.493
2026/04/29 15:45:30,888000,11.493
2026/04/29 15:45:30,889000,11.496
2026/04/29 15:45:30,890000,11.490
2026/04/29 15:45:30,891000,11.487
2026/04/29 15:45:30,892000,11.501
2026/04/29 15:45:30,893000,11.496
2026/04/29 15:45:30,894000,11.499
2026/04/29 15:45:30,895000,11.493
2026/04/29 15:45:30,896000,11.493
2026/04/29 15:45:30,897000,11.496
2026/04/29 15:45:30,898000,11.493
2026/04/29 15:45:30,899000,11.499
2026/04/29 15:45:30,900000,11.499
2026/04/29 15:45:30,901000,11.490
2026/04/29 15:45:30,902000,11.493
2026/04/29 15:45:30,903000,11.493
2026/04/29 15:45:30,904000,11.496
2026/04/29 15:45:30,905000,11.499
2026/04/29 15:45:30,906000,11.496
2026/04/29 15:45:30,907000,11.493
2026/04/29 15:45:30,908000,11.490
2026/04/29 15:45:30,909000,11.493
2026/04/29 15:45:30,910000,11.496
2026/04/29 15:45:30,911000,11.496
2026/04/29 15:45:30,912000,11.493
2026/04/29 15:45:30,913000,11.490
2026/04/29 15:45:30,914000,11.496
2026/04/29 15:45:30,915000,11.493
2026/04/29 15:45:30,916000,11.487
2026/04/29 15:45:30,917000,11.501
2026/04/29 15:45:30,918000,11.496
2026/04/29 15:45:30,919000,11.493
2026/04/29 15:45:30,920000,11.501
2026/04/29 15:45:30,921000,11.493
2026/04/29 15:45:30,922000,11.490
2026/04/29 15:45:30,923000,11.496
2026/04/29 15:45:30,924000,11.499
2026/04/29 15:45:30,925000,11.493
2026/04/29 15:45:30,926000,11.499
2026/04/29 15:45:30,927000,11.496
2026/04/29 15:45:30,928000,11.490
2026/04/29 15:45:30,929000,11.496
2026/04/29 15:45:30,930000,11.493
2026/04/29 15:45:30,931000,11.496
2026/04/29 15:45:30,932000,11.496
2026/04/29 15:45:30,933000,11.490
2026/04/29 15:45:30,934000,11.499
2026/04/29 15:45:30,935000,11.493
2026/04/29 15:45:30,936000,11.496
2026/04/29 15:45:30,937000,11.496
2026/04/29 15:45:30,938000,11.490
2026/04/29 15:45:30,939000,11.493
2026/04/29 15:45:30,940000,11.490
2026/04/29 15:45:30,941000,11.501
2026/04/29 15:45:30,942000,11.493
2026/04/29 15:45:30,943000,11.490
2026/04/29 15:45:30,944000,11.496
2026/04/29 15:45:30,945000,11.501
2026/04/29 15:45:30,946000,11.499
2026/04/29 15:45:30,947000,11.499
2026/04/29 15:45:30,948000,11.496
2026/04/29 15:45:30,949000,11.493
2026/04/29 15:45:30,950000,11.490
2026/04/29 15:45:30,951000,11.499
2026/04/29 15:45:30,952000,11.490
2026/04/29 15:45:30,953000,11.490
2026/04/29 15:45:30,954000,11.493
2026/04/29 15:45:30,955000,11.496
2026/04/29 15:45:30,956000,11.496
2026/04/29 15:45:30,957000,11.496
2026/04/29 15:45:30,958000,11.496
2026/04/29 15:45:30,959000,11.496
2026/04/29 15:45:30,960000,11.493
2026/04/29 15:45:30,961000,11.496
2026/04/29 15:45:30,962000,11.496
2026/04/29 15:45:30,963000,11.493
2026/04/29 15:45:30,964000,11.496
2026/04/29 15:45:30,965000,11.496
2026/04/29 15:45:30,966000,11.493
2026/04/29 15:45:30,967000,11.496
2026/04/29 15:45:30,968000,11.499
2026/04/29 15:45:30,969000,11.493
2026/04/29 15:45:30,970000,11.493
2026/04/29 15:45:30,971000,11.493
2026/04/29 15:45:30,972000,11.501
2026/04/29 15:45:30,973000,11.490
2026/04/29 15:45:30,974000,11.487
2026/04/29 15:45:30,975000,11.501
2026/04/29 15:45:30,976000,11.496
2026/04/29 15:45:30,977000,11.490
2026/04/29 15:45:30,978000,11.501
2026/04/29 15:45:30,979000,11.493
2026/04/29 15:45:30,980000,11.496
2026/04/29 15:45:30,981000,11.499
2026/04/29 15:45:30,982000,11.493
2026/04/29 15:45:30,983000,11.496
2026/04/29 15:45:30,984000,11.496
2026/04/29 15:45:30,985000,11.490
2026/04/29 15:45:30,986000,11.493
2026/04/29 15:45:30,987000,11.493
2026/04/29 15:45:30,988000,11.501
2026/04/29 15:45:30,989000,11.493
2026/04/29 15:45:30,990000,11.499
2026/04/29 15:45:30,991000,11.496
2026/04/29 15:45:30,992000,11.504
2026/04/29 15:45:30,993000,11.493
2026/04/29 15:45:30,994000,11.501
2026/04/29 15:45:30,995000,11.501
2026/04/29 15:45:30,996000,11.501
2026/04/29 15:45:30,997000,11.496
2026/04/29 15:45:30,998000,11.499
2026/04/29 15:45:30,999000,11.501
2026/04/29 15:45:31,000000,11.499
2026/04/29 15:45:31,001000,11.499
2026/04/29 15:45:31,002000,11.501
2026/04/29 15:45:31,003000,11.496
2026/04/29 15:45:31,004000,11.496
2026/04/29 15:45:31,005000,11.493
2026/04/29 15:45:31,006000,11.499
2026/04/29 15:45:31,007000,11.496
2026/04/29 15:45:31,008000,11.493
2026/04/29 15:45:31,009000,11.485
2026/04/29 15:45:31,010000,11.496
2026/04/29 15:45:31,011000,11.493
2026/04/29 15:45:31,012000,11.493
2026/04/29 15:45:31,013000,11.490
2026/04/29 15:45:31,014000,11.501
2026/04/29 15:45:31,015000,11.496
2026/04/29 15:45:31,016000,11.501
2026/04/29 15:45:31,017000,11.496
2026/04/29 15:45:31,018000,11.496
2026/04/29 15:45:31,019000,11.493
2026/04/29 15:45:31,020000,11.499
2026/04/29 15:45:31,021000,11.499
2026/04/29 15:45:31,022000,11.490
2026/04/29 15:45:31,023000,11.507
2026/04/29 15:45:31,024000,11.496
2026/04/29 15:45:31,025000,11.501
2026/04/29 15:45:31,026000,11.496
2026/04/29 15:45:31,027000,11.493
2026/04/29 15:45:31,028000,11.493
2026/04/29 15:45:31,029000,11.499
2026/04/29 15:45:31,030000,11.493
2026/04/29 15:45:31,031000,11.493
2026/04/29 15:45:31,032000,11.493
2026/04/29 15:45:31,033000,11.499
2026/04/29 15:45:31,034000,11.501
2026/04/29 15:45:31,035000,11.501
2026/04/29 15:45:31,036000,11.496
2026/04/29 15:45:31,037000,11.496
2026/04/29 15:45:31,038000,11.496
2026/04/29 15:45:31,039000,11.496
2026/04/29 15:45:31,040000,11.493
2026/04/29 15:45:31,041000,11.493
2026/04/29 15:45:31,042000,11.493
2026/04/29 15:45:31,043000,11.496
2026/04/29 15:45:31,044000,11.499
2026/04/29 15:45:31,045000,11.496
2026/04/29 15:45:31,046000,11.493
2026/04/29 15:45:31,047000,11.496
2026/04/29 15:45:31,048000,11.499
2026/04/29 15:45:31,049000,11.490
2026/04/29 15:45:31,050000,11.499
2026/04/29 15:45:31,051000,11.496
2026/04/29 15:45:31,052000,11.493
2026/04/29 15:45:31,053000,11.493
2026/04/29 15:45:31,054000,11.496
2026/04/29 15:45:31,055000,11.496
2026/04/29 15:45:31,056000,11.499
2026/04/29 15:45:31,057000,11.496
2026/04/29 15:45:31,058000,11.493
2026/04/29 15:45:31,059000,11.493
2026/04/29 15:45:31,060000,11.493
2026/04/29 15:45:31,061000,11.493
2026/04/29 15:45:31,062000,11.496
2026/04/29 15:45:31,063000,11.487
2026/04/29 15:45:31,064000,11.499
2026/04/29 15:45:31,065000,11.493
2026/04/29 15:45:31,066000,11.493
2026/04/29 15:45:31,067000,11.496
2026/04/29 15:45:31,068000,11.493
2026/04/29 15:45:31,069000,11.496
2026/04/29 15:45:31,070000,11.496
2026/04/29 15:45:31,071000,11.501
2026/04/29 15:45:31,072000,11.501
2026/04/29 15:45:31,073000,11.493
2026/04/29 15:45:31,074000,11.504
2026/04/29 15:45:31,075000,11.499
2026/04/29 15:45:31,076000,11.496
2026/04/29 15:45:31,077000,11.493
2026/04/29 15:45:31,078000,11.493
2026/04/29 15:45:31,079000,11.493
2026/04/29 15:45:31,080000,11.499
2026/04/29 15:45:31,081000,11.496
2026/04/29 15:45:31,082000,11.490
2026/04/29 15:45:31,083000,11.499
2026/04/29 15:45:31,084000,11.493
2026/04/29 15:45:31,085000,11.493
2026/04/29 15:45:31,086000,11.493
2026/04/29 15:45:31,087000,11.501
2026/04/29 15:45:31,088000,11.499
2026/04/29 15:45:31,089000,11.493
2026/04/29 15:45:31,090000,11.496
2026/04/29 15:45:31,091000,11.499
2026/04/29 15:45:31,092000,11.493
2026/04/29 15:45:31,093000,11.496
2026/04/29 15:45:31,094000,11.499
2026/04/29 15:45:31,095000,11.493
2026/04/29 15:45:31,096000,11.499
2026/04/29 15:45:31,097000,11.496
2026/04/29 15:45:31,098000,11.493
2026/04/29 15:45:31,099000,11.499
2026/04/29 15:45:31,100000,11.493
2026/04/29 15:45:31,101000,11.496
2026/04/29 15:45:31,102000,11.493
2026/04/29 15:45:31,103000,11.499
2026/04/29 15:45:31,104000,11.493
2026/04/29 15:45:31,105000,11.493
2026/04/29 15:45:31,106000,11.496
2026/04/29 15:45:31,107000,11.493
2026/04/29 15:45:31,108000,11.496
2026/04/29 15:45:31,109000,11.499
2026/04/29 15:45:31,110000,11.493
2026/04/29 15:45:31,111000,11.496
2026/04/29 15:45:31,112000,11.493
2026/04/29 15:45:31,113000,11.496
2026/04/29 15:45:31,114000,11.490
2026/04/29 15:45:31,115000,11.493
2026/04/29 15:45:31,116000,11.493
2026/04/29 15:45:31,117000,11.493
2026/04/29 15:45:31,118000,11.496
2026/04/29 15:45:31,119000,11.493
2026/04/29 15:45:31,120000,11.493
2026/04/29 15:45:31,121000,11.493
2026/04/29 15:45:31,122000,11.490
2026/04/29 15:45:31,123000,11.496
2026/04/29 15:45:31,124000,11.499
2026/04/29 15:45:31,125000,11.496
2026/04/29 15:45:31,126000,11.499
2026/04/29 15:45:31,127000,11.493
2026/04/29 15:45:31,128000,11.499
2026/04/29 15:45:31,129000,11.490
2026/04/29 15:45:31,130000,11.493
2026/04/29 15:45:31,131000,11.493
2026/04/29 15:45:31,132000,11.487
2026/04/29 15:45:31,133000,11.499
2026/04/29 15:45:31,134000,11.504
2026/04/29 15:45:31,135000,11.490
2026/04/29 15:45:31,136000,11.493
2026/04/29 15:45:31,137000,11.496
2026/04/29 15:45:31,138000,11.490
2026/04/29 15:45:31,139000,11.496
2026/04/29 15:45:31,140000,11.493
2026/04/29 15:45:31,141000,11.493
2026/04/29 15:45:31,142000,11.493
2026/04/29 15:45:31,143000,11.504
2026/04/29 15:45:31,144000,11.493
2026/04/29 15:45:31,145000,11.493
2026/04/29 15:45:31,146000,11.496
2026/04/29 15:45:31,147000,11.499
2026/04/29 15:45:31,148000,11.490
2026/04/29 15:45:31,149000,11.499
2026/04/29 15:45:31,150000,11.499
2026/04/29 15:45:31,151000,11.496
2026/04/29 15:45:31,152000,11.496
2026/04/29 15:45:31,153000,11.490
2026/04/29 15:45:31,154000,11.493
2026/04/29 15:45:31,155000,11.487
2026/04/29 15:45:31,156000,11.496
2026/04/29 15:45:31,157000,11.501
2026/04/29 15:45:31,158000,11.493
2026/04/29 15:45:31,159000,11.493
2026/04/29 15:45:31,160000,11.496
2026/04/29 15:45:31,161000,11.499
2026/04/29 15:45:31,162000,11.496
2026/04/29 15:45:31,163000,11.487
2026/04/29 15:45:31,164000,11.493
2026/04/29 15:45:31,165000,11.499
2026/04/29 15:45:31,166000,11.499
2026/04/29 15:45:31,167000,11.496
2026/04/29 15:45:31,168000,11.490
2026/04/29 15:45:31,169000,11.499
2026/04/29 15:45:31,170000,11.501
2026/04/29 15:45:31,171000,11.496
2026/04/29 15:45:31,172000,11.493
2026/04/29 15:45:31,173000,11.496
2026/04/29 15:45:31,174000,11.496
2026/04/29 15:45:31,175000,11.493
2026/04/29 15:45:31,176000,11.499
2026/04/29 15:45:31,177000,11.496
2026/04/29 15:45:31,178000,11.496
2026/04/29 15:45:31,179000,11.493
2026/04/29 15:45:31,180000,11.493
2026/04/29 15:45:31,181000,11.493
2026/04/29 15:45:31,182000,11.496
2026/04/29 15:45:31,183000,11.493
2026/04/29 15:45:31,184000,11.493
2026/04/29 15:45:31,185000,11.496
2026/04/29 15:45:31,186000,11.496
2026/04/29 15:45:31,187000,11.499
2026/04/29 15:45:31,188000,11.493
2026/04/29 15:45:31,189000,11.490
2026/04/29 15:45:31,190000,11.493
2026/04/29 15:45:31,191000,11.493
2026/04/29 15:45:31,192000,11.493
2026/04/29 15:45:31,193000,11.493
2026/04/29 15:45:31,194000,11.499
2026/04/29 15:45:31,195000,11.493
2026/04/29 15:45:31,196000,11.496
2026/04/29 15:45:31,197000,11.499
2026/04/29 15:45:31,198000,11.493
2026/04/29 15:45:31,199000,11.493
2026/04/29 15:45:31,200000,11.501
2026/04/29 15:45:31,201000,11.496
2026/04/29 15:45:31,202000,11.499
2026/04/29 15:45:31,203000,11.493
2026/04/29 15:45:31,204000,11.493
2026/04/29 15:45:31,205000,11.501
2026/04/29 15:45:31,206000,11.499
2026/04/29 15:45:31,207000,11.493
2026/04/29 15:45:31,208000,11.499
2026/04/29 15:45:31,209000,11.501
2026/04/29 15:45:31,210000,11.496
2026/04/29 15:45:31,211000,11.496
2026/04/29 15:45:31,212000,11.493
2026/04/29 15:45:31,213000,11.493
2026/04/29 15:45:31,214000,11.496
2026/04/29 15:45:31,215000,11.501
2026/04/29 15:45:31,216000,11.501
2026/04/29 15:45:31,217000,11.496
2026/04/29 15:45:31,218000,11.499
2026/04/29 15:45:31,219000,11.493
2026/04/29 15:45:31,220000,11.493
2026/04/29 15:45:31,221000,11.487
2026/04/29 15:45:31,222000,11.490
2026/04/29 15:45:31,223000,11.507
2026/04/29 15:45:31,224000,11.496
2026/04/29 15:45:31,225000,11.501
2026/04/29 15:45:31,226000,11.493
2026/04/29 15:45:31,227000,11.501
2026/04/29 15:45:31,228000,11.493
2026/04/29 15:45:31,229000,11.496
2026/04/29 15:45:31,230000,11.499
2026/04/29 15:45:31,231000,11.499
2026/04/29 15:45:31,232000,11.493
2026/04/29 15:45:31,233000,11.496
2026/04/29 15:45:31,234000,11.496
2026/04/29 15:45:31,235000,11.493
2026/04/29 15:45:31,236000,11.501
2026/04/29 15:45:31,237000,11.496
2026/04/29 15:45:31,238000,11.499
2026/04/29 15:45:31,239000,11.499
2026/04/29 15:45:31,240000,11.496
2026/04/29 15:45:31,241000,11.501
2026/04/29 15:45:31,242000,11.493
2026/04/29 15:45:31,243000,11.499
2026/04/29 15:45:31,244000,11.493
2026/04/29 15:45:31,245000,11.490
2026/04/29 15:45:31,246000,11.501
2026/04/29 15:45:31,247000,11.499
2026/04/29 15:45:31,248000,11.493
2026/04/29 15:45:31,249000,11.499
2026/04/29 15:45:31,250000,11.493
2026/04/29 15:45:31,251000,11.490
2026/04/29 15:45:31,252000,11.501
2026/04/29 15:45:31,253000,11.493
2026/04/29 15:45:31,254000,11.499
2026/04/29 15:45:31,255000,11.493
2026/04/29 15:45:31,256000,11.496
2026/04/29 15:45:31,257000,11.499
2026/04/29 15:45:31,258000,11.496
2026/04/29 15:45:31,259000,11.487
2026/04/29 15:45:31,260000,11.487
2026/04/29 15:45:31,261000,11.499
2026/04/29 15:45:31,262000,11.499
2026/04/29 15:45:31,263000,11.499
2026/04/29 15:45:31,264000,11.496
2026/04/29 15:45:31,265000,11.496
2026/04/29 15:45:31,266000,11.496
2026/04/29 15:45:31,267000,11.496
2026/04/29 15:45:31,268000,11.501
2026/04/29 15:45:31,269000,11.493
2026/04/29 15:45:31,270000,11.493
2026/04/29 15:45:31,271000,11.501
2026/04/29 15:45:31,272000,11.493
2026/04/29 15:45:31,273000,11.496
2026/04/29 15:45:31,274000,11.499
2026/04/29 15:45:31,275000,11.499
2026/04/29 15:45:31,276000,11.496
2026/04/29 15:45:31,277000,11.499
2026/04/29 15:45:31,278000,11.490
2026/04/29 15:45:31,279000,11.490
2026/04/29 15:45:31,280000,11.499
2026/04/29 15:45:31,281000,11.496
2026/04/29 15:45:31,282000,11.496
2026/04/29 15:45:31,283000,11.490
2026/04/29 15:45:31,284000,11.499
2026/04/29 15:45:31,285000,11.493
2026/04/29 15:45:31,286000,11.496
2026/04/29 15:45:31,287000,11.499
2026/04/29 15:45:31,288000,11.496
2026/04/29 15:45:31,289000,11.501
2026/04/29 15:45:31,290000,11.487
2026/04/29 15:45:31,291000,11.499
2026/04/29 15:45:31,292000,11.496
2026/04/29 15:45:31,293000,11.496
2026/04/29 15:45:31,294000,11.490
2026/04/29 15:45:31,295000,11.493
2026/04/29 15:45:31,296000,11.493
2026/04/29 15:45:31,297000,11.499
2026/04/29 15:45:31,298000,11.499
2026/04/29 15:45:31,299000,11.493
2026/04/29 15:45:31,300000,11.499
2026/04/29 15:45:31,301000,11.493
2026/04/29 15:45:31,302000,11.496
2026/04/29 15:45:31,303000,11.493
2026/04/29 15:45:31,304000,11.496
2026/04/29 15:45:31,305000,11.501
2026/04/29 15:45:31,306000,11.493
2026/04/29 15:45:31,307000,11.493
2026/04/29 15:45:31,308000,11.490
2026/04/29 15:45:31,309000,11.501
2026/04/29 15:45:31,310000,11.499
2026/04/29 15:45:31,311000,11.493
2026/04/29 15:45:31,312000,11.496
2026/04/29 15:45:31,313000,11.496
2026/04/29 15:45:31,314000,11.499
2026/04/29 15:45:31,315000,11.499
2026/04/29 15:45:31,316000,11.499
2026/04/29 15:45:31,317000,11.499
2026/04/29 15:45:31,318000,11.493
2026/04/29 15:45:31,319000,11.490
2026/04/29 15:45:31,320000,11.499
2026/04/29 15:45:31,321000,11.496
2026/04/29 15:45:31,322000,11.499
2026/04/29 15:45:31,323000,11.501
2026/04/29 15:45:31,324000,11.496
2026/04/29 15:45:31,325000,11.496
2026/04/29 15:45:31,326000,11.501
2026/04/29 15:45:31,327000,11.501
2026/04/29 15:45:31,328000,11.496
2026/04/29 15:45:31,329000,11.493
2026/04/29 15:45:31,330000,11.499
2026/04/29 15:45:31,331000,11.496
2026/04/29 15:45:31,332000,11.501
2026/04/29 15:45:31,333000,11.499
2026/04/29 15:45:31,334000,11.496
2026/04/29 15:45:31,335000,11.493
2026/04/29 15:45:31,336000,11.501
2026/04/29 15:45:31,337000,11.490
2026/04/29 15:45:31,338000,11.496
2026/04/29 15:45:31,339000,11.496
2026/04/29 15:45:31,340000,11.499
2026/04/29 15:45:31,341000,11.499
2026/04/29 15:45:31,342000,11.496
2026/04/29 15:45:31,343000,11.493
2026/04/29 15:45:31,344000,11.493
2026/04/29 15:45:31,345000,11.499
2026/04/29 15:45:31,346000,11.493
2026/04/29 15:45:31,347000,11.496
2026/04/29 15:45:31,348000,11.499
2026/04/29 15:45:31,349000,11.493
2026/04/29 15:45:31,350000,11.493
2026/04/29 15:45:31,351000,11.493
2026/04/29 15:45:31,352000,11.493
2026/04/29 15:45:31,353000,11.496
2026/04/29 15:45:31,354000,11.499
2026/04/29 15:45:31,355000,11.493
2026/04/29 15:45:31,356000,11.493
2026/04/29 15:45:31,357000,11.496
2026/04/29 15:45:31,358000,11.496
2026/04/29 15:45:31,359000,11.496
2026/04/29 15:45:31,360000,11.499
2026/04/29 15:45:31,361000,11.496
2026/04/29 15:45:31,362000,11.493
2026/04/29 15:45:31,363000,11.496
2026/04/29 15:45:31,364000,11.496
2026/04/29 15:45:31,365000,11.499
2026/04/29 15:45:31,366000,11.496
2026/04/29 15:45:31,367000,11.496
2026/04/29 15:45:31,368000,11.499
2026/04/29 15:45:31,369000,11.499
2026/04/29 15:45:31,370000,11.493
2026/04/29 15:45:31,371000,11.493
2026/04/29 15:45:31,372000,11.496
2026/04/29 15:45:31,373000,11.499
2026/04/29 15:45:31,374000,11.496
2026/04/29 15:45:31,375000,11.496
2026/04/29 15:45:31,376000,11.499
2026/04/29 15:45:31,377000,11.496
2026/04/29 15:45:31,378000,11.499
2026/04/29 15:45:31,379000,11.499
2026/04/29 15:45:31,380000,11.501
2026/04/29 15:45:31,381000,11.499
2026/04/29 15:45:31,382000,11.501
2026/04/29 15:45:31,383000,11.501
2026/04/29 15:45:31,384000,11.496
2026/04/29 15:45:31,385000,11.499
2026/04/29 15:45:31,386000,11.501
2026/04/29 15:45:31,387000,11.499
2026/04/29 15:45:31,388000,11.496
2026/04/29 15:45:31,389000,11.493
2026/04/29 15:45:31,390000,11.499
2026/04/29 15:45:31,391000,11.493
2026/04/29 15:45:31,392000,11.496
2026/04/29 15:45:31,393000,11.501
2026/04/29 15:45:31,394000,11.499
2026/04/29 15:45:31,395000,11.493
2026/04/29 15:45:31,396000,11.499
2026/04/29 15:45:31,397000,11.501
2026/04/29 15:45:31,398000,11.493
2026/04/29 15:45:31,399000,11.496
2026/04/29 15:45:31,400000,11.499
2026/04/29 15:45:31,401000,11.499
2026/04/29 15:45:31,402000,11.493
2026/04/29 15:45:31,403000,11.501
2026/04/29 15:45:31,404000,11.496
2026/04/29 15:45:31,405000,11.499
2026/04/29 15:45:31,406000,11.496
2026/04/29 15:45:31,407000,11.496
2026/04/29 15:45:31,408000,11.499
2026/04/29 15:45:31,409000,11.493
2026/04/29 15:45:31,410000,11.501
2026/04/29 15:45:31,411000,11.501
2026/04/29 15:45:31,412000,11.501
2026/04/29 15:45:31,413000,11.499
2026/04/29 15:45:31,414000,11.493
2026/04/29 15:45:31,415000,11.496
2026/04/29 15:45:31,416000,11.493
2026/04/29 15:45:31,417000,11.496
2026/04/29 15:45:31,418000,11.493
2026/04/29 15:45:31,419000,11.496
2026/04/29 15:45:31,420000,11.499
2026/04/29 15:45:31,421000,11.499
2026/04/29 15:45:31,422000,11.490
2026/04/29 15:45:31,423000,11.493
2026/04/29 15:45:31,424000,11.504
2026/04/29 15:45:31,425000,11.496
2026/04/29 15:45:31,426000,11.496
2026/04/29 15:45:31,427000,11.493
2026/04/29 15:45:31,428000,11.496
2026/04/29 15:45:31,429000,11.501
2026/04/29 15:45:31,430000,11.490
2026/04/29 15:45:31,431000,11.496
2026/04/29 15:45:31,432000,11.499
2026/04/29 15:45:31,433000,11.499
2026/04/29 15:45:31,434000,11.499
2026/04/29 15:45:31,435000,11.501
2026/04/29 15:45:31,436000,11.493
2026/04/29 15:45:31,437000,11.501
2026/04/29 15:45:31,438000,11.499
2026/04/29 15:45:31,439000,11.496
2026/04/29 15:45:31,440000,11.493
2026/04/29 15:45:31,441000,11.507
2026/04/29 15:45:31,442000,11.496
2026/04/29 15:45:31,443000,11.493
2026/04/29 15:45:31,444000,11.490
2026/04/29 15:45:31,445000,11.493
2026/04/29 15:45:31,446000,11.499
2026/04/29 15:45:31,447000,11.499
2026/04/29 15:45:31,448000,11.510
2026/04/29 15:45:31,449000,11.499
2026/04/29 15:45:31,450000,11.493
2026/04/29 15:45:31,451000,11.493
2026/04/29 15:45:31,452000,11.493
2026/04/29 15:45:31,453000,11.493
2026/04/29 15:45:31,454000,11.493
2026/04/29 15:45:31,455000,11.501
2026/04/29 15:45:31,456000,11.493
2026/04/29 15:45:31,457000,11.493
2026/04/29 15:45:31,458000,11.496
2026/04/29 15:45:31,459000,11.496
2026/04/29 15:45:31,460000,11.496
2026/04/29 15:45:31,461000,11.496
2026/04/29 15:45:31,462000,11.499
2026/04/29 15:45:31,463000,11.496
2026/04/29 15:45:31,464000,11.499
2026/04/29 15:45:31,465000,11.493
2026/04/29 15:45:31,466000,11.493
2026/04/29 15:45:31,467000,11.501
2026/04/29 15:45:31,468000,11.499
2026/04/29 15:45:31,469000,11.496
2026/04/29 15:45:31,470000,11.499
2026/04/29 15:45:31,471000,11.493
2026/04/29 15:45:31,472000,11.496
2026/04/29 15:45:31,473000,11.496
2026/04/29 15:45:31,474000,11.493
2026/04/29 15:45:31,475000,11.496
2026/04/29 15:45:31,476000,11.496
2026/04/29 15:45:31,477000,11.501
2026/04/29 15:45:31,478000,11.501
2026/04/29 15:45:31,479000,11.499
2026/04/29 15:45:31,480000,11.493
2026/04/29 15:45:31,481000,11.496
2026/04/29 15:45:31,482000,11.499
2026/04/29 15:45:31,483000,11.490
2026/04/29 15:45:31,484000,11.493
2026/04/29 15:45:31,485000,11.493
2026/04/29 15:45:31,486000,11.493
2026/04/29 15:45:31,487000,11.493
2026/04/29 15:45:31,488000,11.493
2026/04/29 15:45:31,489000,11.493
2026/04/29 15:45:31,490000,11.496
2026/04/29 15:45:31,491000,11.493
2026/04/29 15:45:31,492000,11.499
2026/04/29 15:45:31,493000,11.493
2026/04/29 15:45:31,494000,11.496
2026/04/29 15:45:31,495000,11.504
2026/04/29 15:45:31,496000,11.493
2026/04/29 15:45:31,497000,11.490
2026/04/29 15:45:31,498000,11.504
2026/04/29 15:45:31,499000,11.499
2026/04/29 15:45:31,500000,11.499
2026/04/29 15:45:31,501000,11.493
2026/04/29 15:45:31,502000,11.493
2026/04/29 15:45:31,503000,11.501
2026/04/29 15:45:31,504000,11.499
2026/04/29 15:45:31,505000,11.499
2026/04/29 15:45:31,506000,11.496
2026/04/29 15:45:31,507000,11.493
2026/04/29 15:45:31,508000,11.493
2026/04/29 15:45:31,509000,11.496
2026/04/29 15:45:31,510000,11.493
2026/04/29 15:45:31,511000,11.499
2026/04/29 15:45:31,512000,11.493
2026/04/29 15:45:31,513000,11.490
2026/04/29 15:45:31,514000,11.496
2026/04/29 15:45:31,515000,11.496
2026/04/29 15:45:31,516000,11.499
2026/04/29 15:45:31,517000,11.501
2026/04/29 15:45:31,518000,11.499
2026/04/29 15:45:31,519000,11.490
2026/04/29 15:45:31,520000,11.499
2026/04/29 15:45:31,521000,11.499
2026/04/29 15:45:31,522000,11.493
2026/04/29 15:45:31,523000,11.490
2026/04/29 15:45:31,524000,11.496
2026/04/29 15:45:31,525000,11.499
2026/04/29 15:45:31,526000,11.499
2026/04/29 15:45:31,527000,11.499
2026/04/29 15:45:31,528000,11.490
2026/04/29 15:45:31,529000,11.496
2026/04/29 15:45:31,530000,11.493
2026/04/29 15:45:31,531000,11.493
2026/04/29 15:45:31,532000,11.496
2026/04/29 15:45:31,533000,11.501
2026/04/29 15:45:31,534000,11.496
2026/04/29 15:45:31,535000,11.493
2026/04/29 15:45:31,536000,11.499
2026/04/29 15:45:31,537000,11.496
2026/04/29 15:45:31,538000,11.496
2026/04/29 15:45:31,539000,11.493
2026/04/29 15:45:31,540000,11.499
2026/04/29 15:45:31,541000,11.496
2026/04/29 15:45:31,542000,11.493
2026/04/29 15:45:31,543000,11.493
2026/04/29 15:45:31,544000,11.490
2026/04/29 15:45:31,545000,11.501
2026/04/29 15:45:31,546000,11.499
2026/04/29 15:45:31,547000,11.499
2026/04/29 15:45:31,548000,11.496
2026/04/29 15:45:31,549000,11.493
2026/04/29 15:45:31,550000,11.490
2026/04/29 15:45:31,551000,11.487
2026/04/29 15:45:31,552000,11.493
2026/04/29 15:45:31,553000,11.493
2026/04/29 15:45:31,554000,11.493
2026/04/29 15:45:31,555000,11.499
2026/04/29 15:45:31,556000,11.499
2026/04/29 15:45:31,557000,11.490
2026/04/29 15:45:31,558000,11.496
2026/04/29 15:45:31,559000,11.496
2026/04/29 15:45:31,560000,11.499
2026/04/29 15:45:31,561000,11.499
2026/04/29 15:45:31,562000,11.504
2026/04/29 15:45:31,563000,11.496
2026/04/29 15:45:31,564000,11.496
2026/04/29 15:45:31,565000,11.493
2026/04/29 15:45:31,566000,11.499
2026/04/29 15:45:31,567000,11.493
2026/04/29 15:45:31,568000,11.496
2026/04/29 15:45:31,569000,11.499
2026/04/29 15:45:31,570000,11.493
2026/04/29 15:45:31,571000,11.501
2026/04/29 15:45:31,572000,11.496
2026/04/29 15:45:31,573000,11.493
2026/04/29 15:45:31,574000,11.496
2026/04/29 15:45:31,575000,11.499
2026/04/29 15:45:31,576000,11.493
2026/04/29 15:45:31,577000,11.490
2026/04/29 15:45:31,578000,11.496
2026/04/29 15:45:31,579000,11.499
2026/04/29 15:45:31,580000,11.493
2026/04/29 15:45:31,581000,11.499
2026/04/29 15:45:31,582000,11.499
2026/04/29 15:45:31,583000,11.496
2026/04/29 15:45:31,584000,11.493
2026/04/29 15:45:31,585000,11.504
2026/04/29 15:45:31,586000,11.499
2026/04/29 15:45:31,587000,11.496
2026/04/29 15:45:31,588000,11.490
2026/04/29 15:45:31,589000,11.496
2026/04/29 15:45:31,590000,11.499
2026/04/29 15:45:31,591000,11.499
2026/04/29 15:45:31,592000,11.499
2026/04/29 15:45:31,593000,11.493
2026/04/29 15:45:31,594000,11.499
2026/04/29 15:45:31,595000,11.499
2026/04/29 15:45:31,596000,11.493
2026/04/29 15:45:31,597000,11.499
2026/04/29 15:45:31,598000,11.493
2026/04/29 15:45:31,599000,11.496
2026/04/29 15:45:31,600000,11.496
2026/04/29 15:45:31,601000,11.496
2026/04/29 15:45:31,602000,11.493
2026/04/29 15:45:31,603000,11.499
2026/04/29 15:45:31,604000,11.493
2026/04/29 15:45:31,605000,11.496
2026/04/29 15:45:31,606000,11.493
2026/04/29 15:45:31,607000,11.499
2026/04/29 15:45:31,608000,11.499
2026/04/29 15:45:31,609000,11.501
2026/04/29 15:45:31,610000,11.490
2026/04/29 15:45:31,611000,11.496
2026/04/29 15:45:31,612000,11.496
2026/04/29 15:45:31,613000,11.499
2026/04/29 15:45:31,614000,11.499
2026/04/29 15:45:31,615000,11.499
2026/04/29 15:45:31,616000,11.493
2026/04/29 15:45:31,617000,11.496
2026/04/29 15:45:31,618000,11.496
2026/04/29 15:45:31,619000,11.499
2026/04/29 15:45:31,620000,11.493
2026/04/29 15:45:31,621000,11.493
2026/04/29 15:45:31,622000,11.496
2026/04/29 15:45:31,623000,11.499
2026/04/29 15:45:31,624000,11.501
2026/04/29 15:45:31,625000,11.501
2026/04/29 15:45:31,626000,11.499
2026/04/29 15:45:31,627000,11.496
2026/04/29 15:45:31,628000,11.499
2026/04/29 15:45:31,629000,11.493
2026/04/29 15:45:31,630000,11.493
2026/04/29 15:45:31,631000,11.493
2026/04/29 15:45:31,632000,11.499
2026/04/29 15:45:31,633000,11.499
2026/04/29 15:45:31,634000,11.504
2026/04/29 15:45:31,635000,11.501
2026/04/29 15:45:31,636000,11.493
2026/04/29 15:45:31,637000,11.493
2026/04/29 15:45:31,638000,11.496
2026/04/29 15:45:31,639000,11.499
2026/04/29 15:45:31,640000,11.499
2026/04/29 15:45:31,641000,11.493
2026/04/29 15:45:31,642000,11.496
2026/04/29 15:45:31,643000,11.499
2026/04/29 15:45:31,644000,11.496
2026/04/29 15:45:31,645000,11.496
2026/04/29 15:45:31,646000,11.504
2026/04/29 15:45:31,647000,11.496
2026/04/29 15:45:31,648000,11.499
2026/04/29 15:45:31,649000,11.490
2026/04/29 15:45:31,650000,11.496
2026/04/29 15:45:31,651000,11.501
2026/04/29 15:45:31,652000,11.496
2026/04/29 15:45:31,653000,11.499
2026/04/29 15:45:31,654000,11.501
2026/04/29 15:45:31,655000,11.493
2026/04/29 15:45:31,656000,11.499
2026/04/29 15:45:31,657000,11.496
2026/04/29 15:45:31,658000,11.493
2026/04/29 15:45:31,659000,11.496
2026/04/29 15:45:31,660000,11.499
2026/04/29 15:45:31,661000,11.493
2026/04/29 15:45:31,662000,11.496
2026/04/29 15:45:31,663000,11.493
2026/04/29 15:45:31,664000,11.499
2026/04/29 15:45:31,665000,11.499
2026/04/29 15:45:31,666000,11.493
2026/04/29 15:45:31,667000,11.493
2026/04/29 15:45:31,668000,11.499
2026/04/29 15:45:31,669000,11.496
2026/04/29 15:45:31,670000,11.504
2026/04/29 15:45:31,671000,11.496
2026/04/29 15:45:31,672000,11.499
2026/04/29 15:45:31,673000,11.499
2026/04/29 15:45:31,674000,11.490
2026/04/29 15:45:31,675000,11.493
2026/04/29 15:45:31,676000,11.493
2026/04/29 15:45:31,677000,11.499
2026/04/29 15:45:31,678000,11.493
2026/04/29 15:45:31,679000,11.493
2026/04/29 15:45:31,680000,11.499
2026/04/29 15:45:31,681000,11.496
2026/04/29 15:45:31,682000,11.496
2026/04/29 15:45:31,683000,11.504
2026/04/29 15:45:31,684000,11.496
2026/04/29 15:45:31,685000,11.496
2026/04/29 15:45:31,686000,11.493
2026/04/29 15:45:31,687000,11.487
2026/04/29 15:45:31,688000,11.493
2026/04/29 15:45:31,689000,11.499
2026/04/29 15:45:31,690000,11.490
2026/04/29 15:45:31,691000,11.504
2026/04/29 15:45:31,692000,11.496
2026/04/29 15:45:31,693000,11.499
2026/04/29 15:45:31,694000,11.496
2026/04/29 15:45:31,695000,11.493
2026/04/29 15:45:31,696000,11.493
2026/04/29 15:45:31,697000,11.496
2026/04/29 15:45:31,698000,11.499
2026/04/29 15:45:31,699000,11.493
2026/04/29 15:45:31,700000,11.496
2026/04/29 15:45:31,701000,11.493
2026/04/29 15:45:31,702000,11.499
2026/04/29 15:45:31,703000,11.493
2026/04/29 15:45:31,704000,11.499
2026/04/29 15:45:31,705000,11.496
2026/04/29 15:45:31,706000,11.499
2026/04/29 15:45:31,707000,11.493
2026/04/29 15:45:31,708000,11.499
2026/04/29 15:45:31,709000,11.493
2026/04/29 15:45:31,710000,11.490
2026/04/29 15:45:31,711000,11.490
2026/04/29 15:45:31,712000,11.496
2026/04/29 15:45:31,713000,11.499
2026/04/29 15:45:31,714000,11.499
2026/04/29 15:45:31,715000,11.496
2026/04/29 15:45:31,716000,11.493
2026/04/29 15:45:31,717000,11.499
2026/04/29 15:45:31,718000,11.496
2026/04/29 15:45:31,719000,11.493
2026/04/29 15:45:31,720000,11.490
2026/04/29 15:45:31,721000,11.504
2026/04/29 15:45:31,722000,11.493
2026/04/29 15:45:31,723000,11.493
2026/04/29 15:45:31,724000,11.496
2026/04/29 15:45:31,725000,11.496
2026/04/29 15:45:31,726000,11.496
2026/04/29 15:45:31,727000,11.496
2026/04/29 15:45:31,728000,11.499
2026/04/29 15:45:31,729000,11.496
2026/04/29 15:45:31,730000,11.490
2026/04/29 15:45:31,731000,11.496
2026/04/29 15:45:31,732000,11.499
2026/04/29 15:45:31,733000,11.496
2026/04/29 15:45:31,734000,11.499
2026/04/29 15:45:31,735000,11.496
2026/04/29 15:45:31,736000,11.499
2026/04/29 15:45:31,737000,11.496
2026/04/29 15:45:31,738000,11.490
2026/04/29 15:45:31,739000,11.499
2026/04/29 15:45:31,740000,11.499
2026/04/29 15:45:31,741000,11.501
2026/04/29 15:45:31,742000,11.499
2026/04/29 15:45:31,743000,11.496
2026/04/29 15:45:31,744000,11.496
2026/04/29 15:45:31,745000,11.496
2026/04/29 15:45:31,746000,11.501
2026/04/29 15:45:31,747000,11.499
2026/04/29 15:45:31,748000,11.493
2026/04/29 15:45:31,749000,11.499
2026/04/29 15:45:31,750000,11.493
2026/04/29 15:45:31,751000,11.499
2026/04/29 15:45:31,752000,11.496
2026/04/29 15:45:31,753000,11.499
2026/04/29 15:45:31,754000,11.496
2026/04/29 15:45:31,755000,11.496
2026/04/29 15:45:31,756000,11.493
2026/04/29 15:45:31,757000,11.490
2026/04/29 15:45:31,758000,11.499
2026/04/29 15:45:31,759000,11.496
2026/04/29 15:45:31,760000,11.493
2026/04/29 15:45:31,761000,11.493
2026/04/29 15:45:31,762000,11.490
2026/04/29 15:45:31,763000,11.493
2026/04/29 15:45:31,764000,11.490
2026/04/29 15:45:31,765000,11.493
2026/04/29 15:45:31,766000,11.496
2026/04/29 15:45:31,767000,11.493
2026/04/29 15:45:31,768000,11.493
2026/04/29 15:45:31,769000,11.493
2026/04/29 15:45:31,770000,11.499
2026/04/29 15:45:31,771000,11.496
2026/04/29 15:45:31,772000,11.499
2026/04/29 15:45:31,773000,11.493
2026/04/29 15:45:31,774000,11.499
2026/04/29 15:45:31,775000,11.490
2026/04/29 15:45:31,776000,11.490
2026/04/29 15:45:31,777000,11.493
2026/04/29 15:45:31,778000,11.490
2026/04/29 15:45:31,779000,11.496
2026/04/29 15:45:31,780000,11.496
2026/04/29 15:45:31,781000,11.499
2026/04/29 15:45:31,782000,11.499
2026/04/29 15:45:31,783000,11.496
2026/04/29 15:45:31,784000,11.496
2026/04/29 15:45:31,785000,11.496
2026/04/29 15:45:31,786000,11.490
2026/04/29 15:45:31,787000,11.493
2026/04/29 15:45:31,788000,11.496
2026/04/29 15:45:31,789000,11.496
2026/04/29 15:45:31,790000,11.496
2026/04/29 15:45:31,791000,11.493
2026/04/29 15:45:31,792000,11.499
2026/04/29 15:45:31,793000,11.501
2026/04/29 15:45:31,794000,11.496
2026/04/29 15:45:31,795000,11.501
2026/04/29 15:45:31,796000,11.493
2026/04/29 15:45:31,797000,11.496
2026/04/29 15:45:31,798000,11.499
2026/04/29 15:45:31,799000,11.493
2026/04/29 15:45:31,800000,11.493
2026/04/29 15:45:31,801000,11.490
2026/04/29 15:45:31,802000,11.496
2026/04/29 15:45:31,803000,11.490
2026/04/29 15:45:31,804000,11.499
2026/04/29 15:45:31,805000,11.493
2026/04/29 15:45:31,806000,11.496
2026/04/29 15:45:31,807000,11.499
2026/04/29 15:45:31,808000,11.499
2026/04/29 15:45:31,809000,11.496
2026/04/29 15:45:31,810000,11.493
2026/04/29 15:45:31,811000,11.493
2026/04/29 15:45:31,812000,11.496
2026/04/29 15:45:31,813000,11.493
2026/04/29 15:45:31,814000,11.493
2026/04/29 15:45:31,815000,11.490
2026/04/29 15:45:31,816000,11.499
2026/04/29 15:45:31,817000,11.501
2026/04/29 15:45:31,818000,11.499
2026/04/29 15:45:31,819000,11.490
2026/04/29 15:45:31,820000,11.490
2026/04/29 15:45:31,821000,11.496
2026/04/29 15:45:31,822000,11.493
2026/04/29 15:45:31,823000,11.487
2026/04/29 15:45:31,824000,11.501
2026/04/29 15:45:31,825000,11.490
2026/04/29 15:45:31,826000,11.501
2026/04/29 15:45:31,827000,11.499
2026/04/29 15:45:31,828000,11.493
2026/04/29 15:45:31,829000,11.496
2026/04/29 15:45:31,830000,11.493
2026/04/29 15:45:31,831000,11.496
2026/04/29 15:45:31,832000,11.490
2026/04/29 15:45:31,833000,11.499
2026/04/29 15:45:31,834000,11.493
2026/04/29 15:45:31,835000,11.493
2026/04/29 15:45:31,836000,11.499
2026/04/29 15:45:31,837000,11.493
2026/04/29 15:45:31,838000,11.499
2026/04/29 15:45:31,839000,11.504
2026/04/29 15:45:31,840000,11.493
2026/04/29 15:45:31,841000,11.493
2026/04/29 15:45:31,842000,11.496
2026/04/29 15:45:31,843000,11.499
2026/04/29 15:45:31,844000,11.501
2026/04/29 15:45:31,845000,11.490
2026/04/29 15:45:31,846000,11.487
2026/04/29 15:45:31,847000,11.493
2026/04/29 15:45:31,848000,11.499
2026/04/29 15:45:31,849000,11.493
2026/04/29 15:45:31,850000,11.499
2026/04/29 15:45:31,851000,11.490
2026/04/29 15:45:31,852000,11.501
2026/04/29 15:45:31,853000,11.493
2026/04/29 15:45:31,854000,11.493
2026/04/29 15:45:31,855000,11.499
2026/04/29 15:45:31,856000,11.499
2026/04/29 15:45:31,857000,11.499
2026/04/29 15:45:31,858000,11.496
2026/04/29 15:45:31,859000,11.493
2026/04/29 15:45:31,860000,11.493
2026/04/29 15:45:31,861000,11.499
2026/04/29 15:45:31,862000,11.496
2026/04/29 15:45:31,863000,11.496
2026/04/29 15:45:31,864000,11.490
2026/04/29 15:45:31,865000,11.499
2026/04/29 15:45:31,866000,11.499
2026/04/29 15:45:31,867000,11.490
2026/04/29 15:45:31,868000,11.496
2026/04/29 15:45:31,869000,11.493
2026/04/29 15:45:31,870000,11.496
2026/04/29 15:45:31,871000,11.493
2026/04/29 15:45:31,872000,11.496
2026/04/29 15:45:31,873000,11.493
2026/04/29 15:45:31,874000,11.496
2026/04/29 15:45:31,875000,11.496
2026/04/29 15:45:31,876000,11.501
2026/04/29 15:45:31,877000,11.499
2026/04/29 15:45:31,878000,11.493
2026/04/29 15:45:31,879000,11.496
2026/04/29 15:45:31,880000,11.490
2026/04/29 15:45:31,881000,11.499
2026/04/29 15:45:31,882000,11.493
2026/04/29 15:45:31,883000,11.496
2026/04/29 15:45:31,884000,11.501
2026/04/29 15:45:31,885000,11.493
2026/04/29 15:45:31,886000,11.499
2026/04/29 15:45:31,887000,11.493
2026/04/29 15:45:31,888000,11.499
2026/04/29 15:45:31,889000,11.490
2026/04/29 15:45:31,890000,11.496
2026/04/29 15:45:31,891000,11.493
2026/04/29 15:45:31,892000,11.501
2026/04/29 15:45:31,893000,11.499
2026/04/29 15:45:31,894000,11.490
2026/04/29 15:45:31,895000,11.496
2026/04/29 15:45:31,896000,11.496
2026/04/29 15:45:31,897000,11.496
2026/04/29 15:45:31,898000,11.501
2026/04/29 15:45:31,899000,11.501
2026/04/29 15:45:31,900000,11.499
2026/04/29 15:45:31,901000,11.493
2026/04/29 15:45:31,902000,11.493
2026/04/29 15:45:31,903000,11.496
2026/04/29 15:45:31,904000,11.493
2026/04/29 15:45:31,905000,11.499
2026/04/29 15:45:31,906000,11.493
2026/04/29 15:45:31,907000,11.496
2026/04/29 15:45:31,908000,11.493
2026/04/29 15:45:31,909000,11.493
2026/04/29 15:45:31,910000,11.499
2026/04/29 15:45:31,911000,11.499
2026/04/29 15:45:31,912000,11.493
2026/04/29 15:45:31,913000,11.493
2026/04/29 15:45:31,914000,11.493
2026/04/29 15:45:31,915000,11.493
2026/04/29 15:45:31,916000,11.504
2026/04/29 15:45:31,917000,11.501
2026/04/29 15:45:31,918000,11.493
2026/04/29 15:45:31,919000,11.501
2026/04/29 15:45:31,920000,11.493
2026/04/29 15:45:31,921000,11.496
2026/04/29 15:45:31,922000,11.493
2026/04/29 15:45:31,923000,11.493
2026/04/29 15:45:31,924000,11.499
2026/04/29 15:45:31,925000,11.496
2026/04/29 15:45:31,926000,11.496
2026/04/29 15:45:31,927000,11.493
2026/04/29 15:45:31,928000,11.493
2026/04/29 15:45:31,929000,11.501
2026/04/29 15:45:31,930000,11.493
2026/04/29 15:45:31,931000,11.490
2026/04/29 15:45:31,932000,11.493
2026/04/29 15:45:31,933000,11.493
2026/04/29 15:45:31,934000,11.499
2026/04/29 15:45:31,935000,11.499
2026/04/29 15:45:31,936000,11.496
2026/04/29 15:45:31,937000,11.499
2026/04/29 15:45:31,938000,11.499
2026/04/29 15:45:31,939000,11.493
2026/04/29 15:45:31,940000,11.493
2026/04/29 15:45:31,941000,11.499
2026/04/29 15:45:31,942000,11.493
2026/04/29 15:45:31,943000,11.490
2026/04/29 15:45:31,944000,11.496
2026/04/29 15:45:31,945000,11.493
2026/04/29 15:45:31,946000,11.499
2026/04/29 15:45:31,947000,11.493
2026/04/29 15:45:31,948000,11.496
2026/04/29 15:45:31,949000,11.490
2026/04/29 15:45:31,950000,11.499
2026/04/29 15:45:31,951000,11.499
2026/04/29 15:45:31,952000,11.501
2026/04/29 15:45:31,953000,11.490
2026/04/29 15:45:31,954000,11.493
2026/04/29 15:45:31,955000,11.493
2026/04/29 15:45:31,956000,11.499
2026/04/29 15:45:31,957000,11.496
2026/04/29 15:45:31,958000,11.499
2026/04/29 15:45:31,959000,11.496
2026/04/29 15:45:31,960000,11.493
2026/04/29 15:45:31,961000,11.496
2026/04/29 15:45:31,962000,11.496
2026/04/29 15:45:31,963000,11.493
2026/04/29 15:45:31,964000,11.490
2026/04/29 15:45:31,965000,11.493
2026/04/29 15:45:31,966000,11.496
2026/04/29 15:45:31,967000,11.496
2026/04/29 15:45:31,968000,11.496
2026/04/29 15:45:31,969000,11.490
2026/04/29 15:45:31,970000,11.496
2026/04/29 15:45:31,971000,11.501
2026/04/29 15:45:31,972000,11.496
2026/04/29 15:45:31,973000,11.496
2026/04/29 15:45:31,974000,11.496
2026/04/29 15:45:31,975000,11.490
2026/04/29 15:45:31,976000,11.496
2026/04/29 15:45:31,977000,11.496
2026/04/29 15:45:31,978000,11.499
2026/04/29 15:45:31,979000,11.493
2026/04/29 15:45:31,980000,11.499
2026/04/29 15:45:31,981000,11.496
2026/04/29 15:45:31,982000,11.496
2026/04/29 15:45:31,983000,11.493
2026/04/29 15:45:31,984000,11.496
2026/04/29 15:45:31,985000,11.499
2026/04/29 15:45:31,986000,11.490
2026/04/29 15:45:31,987000,11.496
2026/04/29 15:45:31,988000,11.499
2026/04/29 15:45:31,989000,11.490
2026/04/29 15:45:31,990000,11.499
2026/04/29 15:45:31,991000,11.490
2026/04/29 15:45:31,992000,11.490
2026/04/29 15:45:31,993000,11.499
2026/04/29 15:45:31,994000,11.496
2026/04/29 15:45:31,995000,11.496
2026/04/29 15:45:31,996000,11.490
2026/04/29 15:45:31,997000,11.493
2026/04/29 15:45:31,998000,11.493
2026/04/29 15:45:31,999000,11.496
2026/04/29 15:45:32,000000,11.501
2026/04/29 15:45:32,001000,11.496
2026/04/29 15:45:32,002000,11.496
2026/04/29 15:45:32,003000,11.490
2026/04/29 15:45:32,004000,11.499
2026/04/29 15:45:32,005000,11.496
2026/04/29 15:45:32,006000,11.493
2026/04/29 15:45:32,007000,11.496
2026/04/29 15:45:32,008000,11.493
2026/04/29 15:45:32,009000,11.501
2026/04/29 15:45:32,010000,11.496
2026/04/29 15:45:32,011000,11.493
2026/04/29 15:45:32,012000,11.490
2026/04/29 15:45:32,013000,11.496
2026/04/29 15:45:32,014000,11.496
2026/04/29 15:45:32,015000,11.499
2026/04/29 15:45:32,016000,11.490
2026/04/29 15:45:32,017000,11.490
2026/04/29 15:45:32,018000,11.493
2026/04/29 15:45:32,019000,11.501
2026/04/29 15:45:32,020000,11.496
2026/04/29 15:45:32,021000,11.493
2026/04/29 15:45:32,022000,11.493
2026/04/29 15:45:32,023000,11.493
2026/04/29 15:45:32,024000,11.493
2026/04/29 15:45:32,025000,11.496
2026/04/29 15:45:32,026000,11.493
2026/04/29 15:45:32,027000,11.496
2026/04/29 15:45:32,028000,11.496
2026/04/29 15:45:32,029000,11.499
2026/04/29 15:45:32,030000,11.496
2026/04/29 15:45:32,031000,11.499
2026/04/29 15:45:32,032000,11.493
2026/04/29 15:45:32,033000,11.490
2026/04/29 15:45:32,034000,11.496
2026/04/29 15:45:32,035000,11.496
2026/04/29 15:45:32,036000,11.499
2026/04/29 15:45:32,037000,11.493
2026/04/29 15:45:32,038000,11.493
2026/04/29 15:45:32,039000,11.493
2026/04/29 15:45:32,040000,11.499
2026/04/29 15:45:32,041000,11.493
2026/04/29 15:45:32,042000,11.499
2026/04/29 15:45:32,043000,11.490
2026/04/29 15:45:32,044000,11.496
2026/04/29 15:45:32,045000,11.496
2026/04/29 15:45:32,046000,11.499
2026/04/29 15:45:32,047000,11.493
2026/04/29 15:45:32,048000,11.499
2026/04/29 15:45:32,049000,11.490
2026/04/29 15:45:32,050000,11.496
2026/04/29 15:45:32,051000,11.493
2026/04/29 15:45:32,052000,11.499
2026/04/29 15:45:32,053000,11.501
2026/04/29 15:45:32,054000,11.499
2026/04/29 15:45:32,055000,11.493
2026/04/29 15:45:32,056000,11.493
2026/04/29 15:45:32,057000,11.493
2026/04/29 15:45:32,058000,11.496
2026/04/29 15:45:32,059000,11.501
2026/04/29 15:45:32,060000,11.499
2026/04/29 15:45:32,061000,11.496
2026/04/29 15:45:32,062000,11.490
2026/04/29 15:45:32,063000,11.501
2026/04/29 15:45:32,064000,11.493
2026/04/29 15:45:32,065000,11.493
2026/04/29 15:45:32,066000,11.501
2026/04/29 15:45:32,067000,11.496
2026/04/29 15:45:32,068000,11.490
2026/04/29 15:45:32,069000,11.493
2026/04/29 15:45:32,070000,11.496
2026/04/29 15:45:32,071000,11.499
2026/04/29 15:45:32,072000,11.493
2026/04/29 15:45:32,073000,11.493
2026/04/29 15:45:32,074000,11.490
2026/04/29 15:45:32,075000,11.496
2026/04/29 15:45:32,076000,11.499
2026/04/29 15:45:32,077000,11.493
2026/04/29 15:45:32,078000,11.504
2026/04/29 15:45:32,079000,11.493
2026/04/29 15:45:32,080000,11.493
2026/04/29 15:45:32,081000,11.501
2026/04/29 15:45:32,082000,11.493
2026/04/29 15:45:32,083000,11.493
2026/04/29 15:45:32,084000,11.499
2026/04/29 15:45:32,085000,11.493
2026/04/29 15:45:32,086000,11.499
2026/04/29 15:45:32,087000,11.501
2026/04/29 15:45:32,088000,11.493
2026/04/29 15:45:32,089000,11.493
2026/04/29 15:45:32,090000,11.493
2026/04/29 15:45:32,091000,11.493
2026/04/29 15:45:32,092000,11.493
2026/04/29 15:45:32,093000,11.496
2026/04/29 15:45:32,094000,11.499
2026/04/29 15:45:32,095000,11.499
2026/04/29 15:45:32,096000,11.485
2026/04/29 15:45:32,097000,11.496
2026/04/29 15:45:32,098000,11.496
2026/04/29 15:45:32,099000,11.504
2026/04/29 15:45:32,100000,11.496
2026/04/29 15:45:32,101000,11.499
2026/04/29 15:45:32,102000,11.493
2026/04/29 15:45:32,103000,11.496
2026/04/29 15:45:32,104000,11.496
2026/04/29 15:45:32,105000,11.496
2026/04/29 15:45:32,106000,11.493
2026/04/29 15:45:32,107000,11.496
2026/04/29 15:45:32,108000,11.499
2026/04/29 15:45:32,109000,11.499
2026/04/29 15:45:32,110000,11.490
2026/04/29 15:45:32,111000,11.490
2026/04/29 15:45:32,112000,11.490
2026/04/29 15:45:32,113000,11.493
2026/04/29 15:45:32,114000,11.493
2026/04/29 15:45:32,115000,11.490
2026/04/29 15:45:32,116000,11.493
2026/04/29 15:45:32,117000,11.493
2026/04/29 15:45:32,118000,11.493
2026/04/29 15:45:32,119000,11.493
2026/04/29 15:45:32,120000,11.496
2026/04/29 15:45:32,121000,11.504
2026/04/29 15:45:32,122000,11.501
2026/04/29 15:45:32,123000,11.496
2026/04/29 15:45:32,124000,11.490
2026/04/29 15:45:32,125000,11.493
2026/04/29 15:45:32,126000,11.499
2026/04/29 15:45:32,127000,11.496
2026/04/29 15:45:32,128000,11.493
2026/04/29 15:45:32,129000,11.499
2026/04/29 15:45:32,130000,11.499
2026/04/29 15:45:32,131000,11.504
2026/04/29 15:45:32,132000,11.499
2026/04/29 15:45:32,133000,11.499
2026/04/29 15:45:32,134000,11.493
2026/04/29 15:45:32,135000,11.496
2026/04/29 15:45:32,136000,11.490
2026/04/29 15:45:32,137000,11.499
2026/04/29 15:45:32,138000,11.487
2026/04/29 15:45:32,139000,11.493
2026/04/29 15:45:32,140000,11.493
2026/04/29 15:45:32,141000,11.487
2026/04/29 15:45:32,142000,11.493
2026/04/29 15:45:32,143000,11.496
2026/04/29 15:45:32,144000,11.496
2026/04/29 15:45:32,145000,11.493
2026/04/29 15:45:32,146000,11.499
2026/04/29 15:45:32,147000,11.490
2026/04/29 15:45:32,148000,11.493
2026/04/29 15:45:32,149000,11.499
2026/04/29 15:45:32,150000,11.499
2026/04/29 15:45:32,151000,11.499
2026/04/29 15:45:32,152000,11.487
2026/04/29 15:45:32,153000,11.496
2026/04/29 15:45:32,154000,11.499
2026/04/29 15:45:32,155000,11.493
2026/04/29 15:45:32,156000,11.493
2026/04/29 15:45:32,157000,11.501
2026/04/29 15:45:32,158000,11.493
2026/04/29 15:45:32,159000,11.496
2026/04/29 15:45:32,160000,11.496
2026/04/29 15:45:32,161000,11.490
2026/04/29 15:45:32,162000,11.499
2026/04/29 15:45:32,163000,11.493
2026/04/29 15:45:32,164000,11.490
2026/04/29 15:45:32,165000,11.499
2026/04/29 15:45:32,166000,11.490
2026/04/29 15:45:32,167000,11.501
2026/04/29 15:45:32,168000,11.493
2026/04/29 15:45:32,169000,11.490
2026/04/29 15:45:32,170000,11.493
2026/04/29 15:45:32,171000,11.490
2026/04/29 15:45:32,172000,11.493
2026/04/29 15:45:32,173000,11.490
2026/04/29 15:45:32,174000,11.496
2026/04/29 15:45:32,175000,11.499
2026/04/29 15:45:32,176000,11.499
2026/04/29 15:45:32,177000,11.496
2026/04/29 15:45:32,178000,11.490
2026/04/29 15:45:32,179000,11.493
2026/04/29 15:45:32,180000,11.496
2026/04/29 15:45:32,181000,11.496
2026/04/29 15:45:32,182000,11.496
2026/04/29 15:45:32,183000,11.493
2026/04/29 15:45:32,184000,11.496
2026/04/29 15:45:32,185000,11.501
2026/04/29 15:45:32,186000,11.493
2026/04/29 15:45:32,187000,11.493
2026/04/29 15:45:32,188000,11.493
2026/04/29 15:45:32,189000,11.496
2026/04/29 15:45:32,190000,11.499
2026/04/29 15:45:32,191000,11.501
2026/04/29 15:45:32,192000,11.493
2026/04/29 15:45:32,193000,11.499
2026/04/29 15:45:32,194000,11.490
2026/04/29 15:45:32,195000,11.490
2026/04/29 15:45:32,196000,11.501
2026/04/29 15:45:32,197000,11.490
2026/04/29 15:45:32,198000,11.496
2026/04/29 15:45:32,199000,11.496
2026/04/29 15:45:32,200000,11.499
2026/04/29 15:45:32,201000,11.493
2026/04/29 15:45:32,202000,11.499
2026/04/29 15:45:32,203000,11.493
2026/04/29 15:45:32,204000,11.490
2026/04/29 15:45:32,205000,11.490
2026/04/29 15:45:32,206000,11.493
2026/04/29 15:45:32,207000,11.496
2026/04/29 15:45:32,208000,11.493
2026/04/29 15:45:32,209000,11.493
2026/04/29 15:45:32,210000,11.496
2026/04/29 15:45:32,211000,11.493
2026/04/29 15:45:32,212000,11.501
2026/04/29 15:45:32,213000,11.493
2026/04/29 15:45:32,214000,11.499
2026/04/29 15:45:32,215000,11.493
2026/04/29 15:45:32,216000,11.501
2026/04/29 15:45:32,217000,11.499
2026/04/29 15:45:32,218000,11.493
2026/04/29 15:45:32,219000,11.493
2026/04/29 15:45:32,220000,11.493
2026/04/29 15:45:32,221000,11.493
2026/04/29 15:45:32,222000,11.499
2026/04/29 15:45:32,223000,11.493
2026/04/29 15:45:32,224000,11.496
2026/04/29 15:45:32,225000,11.493
2026/04/29 15:45:32,226000,11.496
2026/04/29 15:45:32,227000,11.493
2026/04/29 15:45:32,228000,11.504
2026/04/29 15:45:32,229000,11.499
2026/04/29 15:45:32,230000,11.490
2026/04/29 15:45:32,231000,11.499
2026/04/29 15:45:32,232000,11.496
2026/04/29 15:45:32,233000,11.496
2026/04/29 15:45:32,234000,11.501
2026/04/29 15:45:32,235000,11.496
2026/04/29 15:45:32,236000,11.499
2026/04/29 15:45:32,237000,11.496
2026/04/29 15:45:32,238000,11.493
2026/04/29 15:45:32,239000,11.499
2026/04/29 15:45:32,240000,11.499
2026/04/29 15:45:32,241000,11.496
2026/04/29 15:45:32,242000,11.493
2026/04/29 15:45:32,243000,11.493
2026/04/29 15:45:32,244000,11.493
2026/04/29 15:45:32,245000,11.499
2026/04/29 15:45:32,246000,11.493
2026/04/29 15:45:32,247000,11.490
2026/04/29 15:45:32,248000,11.493
2026/04/29 15:45:32,249000,11.499
2026/04/29 15:45:32,250000,11.493
2026/04/29 15:45:32,251000,11.499
2026/04/29 15:45:32,252000,11.496
2026/04/29 15:45:32,253000,11.499
2026/04/29 15:45:32,254000,11.499
2026/04/29 15:45:32,255000,11.496
2026/04/29 15:45:32,256000,11.501
2026/04/29 15:45:32,257000,11.501
2026/04/29 15:45:32,258000,11.490
2026/04/29 15:45:32,259000,11.501
2026/04/29 15:45:32,260000,11.493
2026/04/29 15:45:32,261000,11.493
2026/04/29 15:45:32,262000,11.496
2026/04/29 15:45:32,263000,11.496
2026/04/29 15:45:32,264000,11.496
2026/04/29 15:45:32,265000,11.493
2026/04/29 15:45:32,266000,11.493
2026/04/29 15:45:32,267000,11.499
2026/04/29 15:45:32,268000,11.496
2026/04/29 15:45:32,269000,11.493
2026/04/29 15:45:32,270000,11.496
2026/04/29 15:45:32,271000,11.493
2026/04/29 15:45:32,272000,11.499
2026/04/29 15:45:32,273000,11.493
2026/04/29 15:45:32,274000,11.490
2026/04/29 15:45:32,275000,11.496
2026/04/29 15:45:32,276000,11.490
2026/04/29 15:45:32,277000,11.499
2026/04/29 15:45:32,278000,11.493
2026/04/29 15:45:32,279000,11.496
2026/04/29 15:45:32,280000,11.493
2026/04/29 15:45:32,281000,11.496
2026/04/29 15:45:32,282000,11.490
2026/04/29 15:45:32,283000,11.499
2026/04/29 15:45:32,284000,11.496
2026/04/29 15:45:32,285000,11.493
2026/04/29 15:45:32,286000,11.499
2026/04/29 15:45:32,287000,11.493
2026/04/29 15:45:32,288000,11.501
2026/04/29 15:45:32,289000,11.499
2026/04/29 15:45:32,290000,11.493
2026/04/29 15:45:32,291000,11.493
2026/04/29 15:45:32,292000,11.493
2026/04/29 15:45:32,293000,11.493
2026/04/29 15:45:32,294000,11.496
2026/04/29 15:45:32,295000,11.496
2026/04/29 15:45:32,296000,11.499
2026/04/29 15:45:32,297000,11.493
2026/04/29 15:45:32,298000,11.493
2026/04/29 15:45:32,299000,11.501
2026/04/29 15:45:32,300000,11.496
2026/04/29 15:45:32,301000,11.496
2026/04/29 15:45:32,302000,11.496
2026/04/29 15:45:32,303000,11.487
2026/04/29 15:45:32,304000,11.490
2026/04/29 15:45:32,305000,11.493
2026/04/29 15:45:32,306000,11.496
2026/04/29 15:45:32,307000,11.499
2026/04/29 15:45:32,308000,11.493
2026/04/29 15:45:32,309000,11.493
2026/04/29 15:45:32,310000,11.499
2026/04/29 15:45:32,311000,11.493
2026/04/29 15:45:32,312000,11.499
2026/04/29 15:45:32,313000,11.490
2026/04/29 15:45:32,314000,11.499
2026/04/29 15:45:32,315000,11.490
2026/04/29 15:45:32,316000,11.493
2026/04/29 15:45:32,317000,11.496
2026/04/29 15:45:32,318000,11.499
2026/04/29 15:45:32,319000,11.496
2026/04/29 15:45:32,320000,11.493
2026/04/29 15:45:32,321000,11.490
2026/04/29 15:45:32,322000,11.499
2026/04/29 15:45:32,323000,11.499
2026/04/29 15:45:32,324000,11.493
2026/04/29 15:45:32,325000,11.493
2026/04/29 15:45:32,326000,11.493
2026/04/29 15:45:32,327000,11.499
2026/04/29 15:45:32,328000,11.501
2026/04/29 15:45:32,329000,11.496
2026/04/29 15:45:32,330000,11.501
2026/04/29 15:45:32,331000,11.499
2026/04/29 15:45:32,332000,11.490
2026/04/29 15:45:32,333000,11.493
2026/04/29 15:45:32,334000,11.493
2026/04/29 15:45:32,335000,11.499
2026/04/29 15:45:32,336000,11.499
2026/04/29 15:45:32,337000,11.490
2026/04/29 15:45:32,338000,11.493
2026/04/29 15:45:32,339000,11.490
2026/04/29 15:45:32,340000,11.499
2026/04/29 15:45:32,341000,11.499
2026/04/29 15:45:32,342000,11.496
2026/04/29 15:45:32,343000,11.496
2026/04/29 15:45:32,344000,11.493
2026/04/29 15:45:32,345000,11.496
2026/04/29 15:45:32,346000,11.493
2026/04/29 15:45:32,347000,11.490
2026/04/29 15:45:32,348000,11.501
2026/04/29 15:45:32,349000,11.496
2026/04/29 15:45:32,350000,11.493
2026/04/29 15:45:32,351000,11.490
2026/04/29 15:45:32,352000,11.493
2026/04/29 15:45:32,353000,11.493
2026/04/29 15:45:32,354000,11.493
2026/04/29 15:45:32,355000,11.493
2026/04/29 15:45:32,356000,11.493
2026/04/29 15:45:32,357000,11.499
2026/04/29 15:45:32,358000,11.493
2026/04/29 15:45:32,359000,11.493
2026/04/29 15:45:32,360000,11.496
2026/04/29 15:45:32,361000,11.496
2026/04/29 15:45:32,362000,11.493
2026/04/29 15:45:32,363000,11.493
2026/04/29 15:45:32,364000,11.499
2026/04/29 15:45:32,365000,11.501
2026/04/29 15:45:32,366000,11.493
2026/04/29 15:45:32,367000,11.501
2026/04/29 15:45:32,368000,11.490
2026/04/29 15:45:32,369000,11.490
2026/04/29 15:45:32,370000,11.496
2026/04/29 15:45:32,371000,11.499
2026/04/29 15:45:32,372000,11.493
2026/04/29 15:45:32,373000,11.493
2026/04/29 15:45:32,374000,11.493
2026/04/29 15:45:32,375000,11.496
2026/04/29 15:45:32,376000,11.501
2026/04/29 15:45:32,377000,11.493
2026/04/29 15:45:32,378000,11.499
2026/04/29 15:45:32,379000,11.496
2026/04/29 15:45:32,380000,11.496
2026/04/29 15:45:32,381000,11.499
2026/04/29 15:45:32,382000,11.499
2026/04/29 15:45:32,383000,11.499
2026/04/29 15:45:32,384000,11.499
2026/04/29 15:45:32,385000,11.487
2026/04/29 15:45:32,386000,11.499
2026/04/29 15:45:32,387000,11.499
2026/04/29 15:45:32,388000,11.499
2026/04/29 15:45:32,389000,11.499
2026/04/29 15:45:32,390000,11.499
2026/04/29 15:45:32,391000,11.493
2026/04/29 15:45:32,392000,11.493
2026/04/29 15:45:32,393000,11.496
2026/04/29 15:45:32,394000,11.490
2026/04/29 15:45:32,395000,11.496
2026/04/29 15:45:32,396000,11.499
2026/04/29 15:45:32,397000,11.487
2026/04/29 15:45:32,398000,11.499
2026/04/29 15:45:32,399000,11.493
2026/04/29 15:45:32,400000,11.493
2026/04/29 15:45:32,401000,11.499
2026/04/29 15:45:32,402000,11.499
2026/04/29 15:45:32,403000,11.499
2026/04/29 15:45:32,404000,11.493
2026/04/29 15:45:32,405000,11.496
2026/04/29 15:45:32,406000,11.493
2026/04/29 15:45:32,407000,11.490
2026/04/29 15:45:32,408000,11.496
2026/04/29 15:45:32,409000,11.496
2026/04/29 15:45:32,410000,11.496
2026/04/29 15:45:32,411000,11.493
2026/04/29 15:45:32,412000,11.493
2026/04/29 15:45:32,413000,11.499
2026/04/29 15:45:32,414000,11.499
2026/04/29 15:45:32,415000,11.496
2026/04/29 15:45:32,416000,11.493
2026/04/29 15:45:32,417000,11.496
2026/04/29 15:45:32,418000,11.499
2026/04/29 15:45:32,419000,11.499
2026/04/29 15:45:32,420000,11.496
2026/04/29 15:45:32,421000,11.493
2026/04/29 15:45:32,422000,11.493
2026/04/29 15:45:32,423000,11.501
2026/04/29 15:45:32,424000,11.490
2026/04/29 15:45:32,425000,11.496
2026/04/29 15:45:32,426000,11.499
2026/04/29 15:45:32,427000,11.496
2026/04/29 15:45:32,428000,11.482
2026/04/29 15:45:32,429000,11.501
2026/04/29 15:45:32,430000,11.493
2026/04/29 15:45:32,431000,11.493
2026/04/29 15:45:32,432000,11.496
2026/04/29 15:45:32,433000,11.499
2026/04/29 15:45:32,434000,11.499
2026/04/29 15:45:32,435000,11.493
2026/04/29 15:45:32,436000,11.499
2026/04/29 15:45:32,437000,11.493
2026/04/29 15:45:32,438000,11.490
2026/04/29 15:45:32,439000,11.501
2026/04/29 15:45:32,440000,11.499
2026/04/29 15:45:32,441000,11.501
2026/04/29 15:45:32,442000,11.493
2026/04/29 15:45:32,443000,11.499
2026/04/29 15:45:32,444000,11.490
2026/04/29 15:45:32,445000,11.493
2026/04/29 15:45:32,446000,11.496
2026/04/29 15:45:32,447000,11.493
2026/04/29 15:45:32,448000,11.499
2026/04/29 15:45:32,449000,11.496
2026/04/29 15:45:32,450000,11.490
2026/04/29 15:45:32,451000,11.501
2026/04/29 15:45:32,452000,11.493
2026/04/29 15:45:32,453000,11.493
2026/04/29 15:45:32,454000,11.499
2026/04/29 15:45:32,455000,11.493
2026/04/29 15:45:32,456000,11.493
2026/04/29 15:45:32,457000,11.490
2026/04/29 15:45:32,458000,11.496
2026/04/29 15:45:32,459000,11.493
2026/04/29 15:45:32,460000,11.493
2026/04/29 15:45:32,461000,11.496
2026/04/29 15:45:32,462000,11.490
2026/04/29 15:45:32,463000,11.499
2026/04/29 15:45:32,464000,11.493
2026/04/29 15:45:32,465000,11.499
2026/04/29 15:45:32,466000,11.493
2026/04/29 15:45:32,467000,11.493
2026/04/29 15:45:32,468000,11.499
2026/04/29 15:45:32,469000,11.499
2026/04/29 15:45:32,470000,11.496
2026/04/29 15:45:32,471000,11.499
2026/04/29 15:45:32,472000,11.496
2026/04/29 15:45:32,473000,11.490
2026/04/29 15:45:32,474000,11.496
2026/04/29 15:45:32,475000,11.496
2026/04/29 15:45:32,476000,11.501
2026/04/29 15:45:32,477000,11.496
2026/04/29 15:45:32,478000,11.496
2026/04/29 15:45:32,479000,11.496
2026/04/29 15:45:32,480000,11.499
2026/04/29 15:45:32,481000,11.493
2026/04/29 15:45:32,482000,11.493
2026/04/29 15:45:32,483000,11.493
2026/04/29 15:45:32,484000,11.490
2026/04/29 15:45:32,485000,11.493
2026/04/29 15:45:32,486000,11.496
2026/04/29 15:45:32,487000,11.493
2026/04/29 15:45:32,488000,11.490
2026/04/29 15:45:32,489000,11.496
2026/04/29 15:45:32,490000,11.504
2026/04/29 15:45:32,491000,11.496
2026/04/29 15:45:32,492000,11.493
2026/04/29 15:45:32,493000,11.490
2026/04/29 15:45:32,494000,11.499
2026/04/29 15:45:32,495000,11.490
2026/04/29 15:45:32,496000,11.501
2026/04/29 15:45:32,497000,11.490
2026/04/29 15:45:32,498000,11.493
2026/04/29 15:45:32,499000,11.496
2026/04/29 15:45:32,500000,11.496
2026/04/29 15:45:32,501000,11.496
2026/04/29 15:45:32,502000,11.499
2026/04/29 15:45:32,503000,11.496
2026/04/29 15:45:32,504000,11.490
2026/04/29 15:45:32,505000,11.501
2026/04/29 15:45:32,506000,11.496
2026/04/29 15:45:32,507000,11.499
2026/04/29 15:45:32,508000,11.499
2026/04/29 15:45:32,509000,11.490
2026/04/29 15:45:32,510000,11.496
2026/04/29 15:45:32,511000,11.493
2026/04/29 15:45:32,512000,11.493
2026/04/29 15:45:32,513000,11.490
2026/04/29 15:45:32,514000,11.499
2026/04/29 15:45:32,515000,11.493
2026/04/29 15:45:32,516000,11.493
2026/04/29 15:45:32,517000,11.496
2026/04/29 15:45:32,518000,11.493
2026/04/29 15:45:32,519000,11.493
2026/04/29 15:45:32,520000,11.490
2026/04/29 15:45:32,521000,11.485
2026/04/29 15:45:32,522000,11.501
2026/04/29 15:45:32,523000,11.496
2026/04/29 15:45:32,524000,11.487
2026/04/29 15:45:32,525000,11.490
2026/04/29 15:45:32,526000,11.499
2026/04/29 15:45:32,527000,11.499
2026/04/29 15:45:32,528000,11.496
2026/04/29 15:45:32,529000,11.499
2026/04/29 15:45:32,530000,11.499
2026/04/29 15:45:32,531000,11.499
2026/04/29 15:45:32,532000,11.496
2026/04/29 15:45:32,533000,11.499
2026/04/29 15:45:32,534000,11.493
2026/04/29 15:45:32,535000,11.493
2026/04/29 15:45:32,536000,11.493
2026/04/29 15:45:32,537000,11.499
2026/04/29 15:45:32,538000,11.504
2026/04/29 15:45:32,539000,11.496
2026/04/29 15:45:32,540000,11.487
2026/04/29 15:45:32,541000,11.490
2026/04/29 15:45:32,542000,11.496
2026/04/29 15:45:32,543000,11.499
2026/04/29 15:45:32,544000,11.496
2026/04/29 15:45:32,545000,11.487
2026/04/29 15:45:32,546000,11.493
2026/04/29 15:45:32,547000,11.493
2026/04/29 15:45:32,548000,11.499
2026/04/29 15:45:32,549000,11.501
2026/04/29 15:45:32,550000,11.499
2026/04/29 15:45:32,551000,11.504
2026/04/29 15:45:32,552000,11.496
2026/04/29 15:45:32,553000,11.493
2026/04/29 15:45:32,554000,11.490
2026/04/29 15:45:32,555000,11.493
2026/04/29 15:45:32,556000,11.490
2026/04/29 15:45:32,557000,11.490
2026/04/29 15:45:32,558000,11.496
2026/04/29 15:45:32,559000,11.496
2026/04/29 15:45:32,560000,11.501
2026/04/29 15:45:32,561000,11.496
2026/04/29 15:45:32,562000,11.493
2026/04/29 15:45:32,563000,11.493
2026/04/29 15:45:32,564000,11.493
2026/04/29 15:45:32,565000,11.493
2026/04/29 15:45:32,566000,11.493
2026/04/29 15:45:32,567000,11.499
2026/04/29 15:45:32,568000,11.499
2026/04/29 15:45:32,569000,11.493
2026/04/29 15:45:32,570000,11.493
2026/04/29 15:45:32,571000,11.496
2026/04/29 15:45:32,572000,11.493
2026/04/29 15:45:32,573000,11.493
2026/04/29 15:45:32,574000,11.499
2026/04/29 15:45:32,575000,11.499
2026/04/29 15:45:32,576000,11.496
2026/04/29 15:45:32,577000,11.499
2026/04/29 15:45:32,578000,11.493
2026/04/29 15:45:32,579000,11.493
2026/04/29 15:45:32,580000,11.499
2026/04/29 15:45:32,581000,11.499
2026/04/29 15:45:32,582000,11.493
2026/04/29 15:45:32,583000,11.499
2026/04/29 15:45:32,584000,11.496
2026/04/29 15:45:32,585000,11.499
2026/04/29 15:45:32,586000,11.496
2026/04/29 15:45:32,587000,11.499
2026/04/29 15:45:32,588000,11.501
2026/04/29 15:45:32,589000,11.499
2026/04/29 15:45:32,590000,11.496
2026/04/29 15:45:32,591000,11.501
2026/04/29 15:45:32,592000,11.493
2026/04/29 15:45:32,593000,11.496
2026/04/29 15:45:32,594000,11.496
2026/04/29 15:45:32,595000,11.493
2026/04/29 15:45:32,596000,11.493
2026/04/29 15:45:32,597000,11.499
2026/04/29 15:45:32,598000,11.496
2026/04/29 15:45:32,599000,11.501
2026/04/29 15:45:32,600000,11.496
2026/04/29 15:45:32,601000,11.496
2026/04/29 15:45:32,602000,11.496
2026/04/29 15:45:32,603000,11.493
2026/04/29 15:45:32,604000,11.493
2026/04/29 15:45:32,605000,11.493
2026/04/29 15:45:32,606000,11.490
2026/04/29 15:45:32,607000,11.499
2026/04/29 15:45:32,608000,11.499
2026/04/29 15:45:32,609000,11.493
2026/04/29 15:45:32,610000,11.490
2026/04/29 15:45:32,611000,11.493
2026/04/29 15:45:32,612000,11.496
2026/04/29 15:45:32,613000,11.501
2026/04/29 15:45:32,614000,11.493
2026/04/29 15:45:32,615000,11.501
2026/04/29 15:45:32,616000,11.496
2026/04/29 15:45:32,617000,11.493
2026/04/29 15:45:32,618000,11.493
2026/04/29 15:45:32,619000,11.496
2026/04/29 15:45:32,620000,11.501
2026/04/29 15:45:32,621000,11.499
2026/04/29 15:45:32,622000,11.496
2026/04/29 15:45:32,623000,11.493
2026/04/29 15:45:32,624000,11.493
2026/04/29 15:45:32,625000,11.493
2026/04/29 15:45:32,626000,11.496
2026/04/29 15:45:32,627000,11.496
2026/04/29 15:45:32,628000,11.496
2026/04/29 15:45:32,629000,11.496
2026/04/29 15:45:32,630000,11.490
2026/04/29 15:45:32,631000,11.496
2026/04/29 15:45:32,632000,11.499
2026/04/29 15:45:32,633000,11.496
2026/04/29 15:45:32,634000,11.496
2026/04/29 15:45:32,635000,11.485
2026/04/29 15:45:32,636000,11.496
2026/04/29 15:45:32,637000,11.501
2026/04/29 15:45:32,638000,11.496
2026/04/29 15:45:32,639000,11.493
2026/04/29 15:45:32,640000,11.496
2026/04/29 15:45:32,641000,11.496
2026/04/29 15:45:32,642000,11.499
2026/04/29 15:45:32,643000,11.487
2026/04/29 15:45:32,644000,11.493
2026/04/29 15:45:32,645000,11.493
2026/04/29 15:45:32,646000,11.490
2026/04/29 15:45:32,647000,11.501
2026/04/29 15:45:32,648000,11.499
2026/04/29 15:45:32,649000,11.493
2026/04/29 15:45:32,650000,11.490
2026/04/29 15:45:32,651000,11.490
2026/04/29 15:45:32,652000,11.496
2026/04/29 15:45:32,653000,11.493
2026/04/29 15:45:32,654000,11.493
2026/04/29 15:45:32,655000,11.493
2026/04/29 15:45:32,656000,11.499
2026/04/29 15:45:32,657000,11.493
2026/04/29 15:45:32,658000,11.496
2026/04/29 15:45:32,659000,11.496
2026/04/29 15:45:32,660000,11.490
2026/04/29 15:45:32,661000,11.496
2026/04/29 15:45:32,662000,11.493
2026/04/29 15:45:32,663000,11.493
2026/04/29 15:45:32,664000,11.496
2026/04/29 15:45:32,665000,11.493
2026/04/29 15:45:32,666000,11.499
2026/04/29 15:45:32,667000,11.490
2026/04/29 15:45:32,668000,11.496
2026/04/29 15:45:32,669000,11.499
2026/04/29 15:45:32,670000,11.499
2026/04/29 15:45:32,671000,11.501
2026/04/29 15:45:32,672000,11.493
2026/04/29 15:45:32,673000,11.499
2026/04/29 15:45:32,674000,11.490
2026/04/29 15:45:32,675000,11.499
2026/04/29 15:45:32,676000,11.493
2026/04/29 15:45:32,677000,11.493
2026/04/29 15:45:32,678000,11.499
2026/04/29 15:45:32,679000,11.493
2026/04/29 15:45:32,680000,11.496
2026/04/29 15:45:32,681000,11.493
2026/04/29 15:45:32,682000,11.501
2026/04/29 15:45:32,683000,11.496
2026/04/29 15:45:32,684000,11.496
2026/04/29 15:45:32,685000,11.499
2026/04/29 15:45:32,686000,11.496
2026/04/29 15:45:32,687000,11.487
2026/04/29 15:45:32,688000,11.499
2026/04/29 15:45:32,689000,11.490
2026/04/29 15:45:32,690000,11.493
2026/04/29 15:45:32,691000,11.493
2026/04/29 15:45:32,692000,11.496
2026/04/29 15:45:32,693000,11.490
2026/04/29 15:45:32,694000,11.493
2026/04/29 15:45:32,695000,11.493
2026/04/29 15:45:32,696000,11.496
2026/04/29 15:45:32,697000,11.493
2026/04/29 15:45:32,698000,11.490
2026/04/29 15:45:32,699000,11.493
2026/04/29 15:45:32,700000,11.499
2026/04/29 15:45:32,701000,11.496
2026/04/29 15:45:32,702000,11.496
2026/04/29 15:45:32,703000,11.496
2026/04/29 15:45:32,704000,11.496
2026/04/29 15:45:32,705000,11.496
2026/04/29 15:45:32,706000,11.496
2026/04/29 15:45:32,707000,11.493
2026/04/29 15:45:32,708000,11.499
2026/04/29 15:45:32,709000,11.496
2026/04/29 15:45:32,710000,11.493
2026/04/29 15:45:32,711000,11.493
2026/04/29 15:45:32,712000,11.501
2026/04/29 15:45:32,713000,11.499
2026/04/29 15:45:32,714000,11.496
2026/04/29 15:45:32,715000,11.493
2026/04/29 15:45:32,716000,11.496
2026/04/29 15:45:32,717000,11.504
2026/04/29 15:45:32,718000,11.490
2026/04/29 15:45:32,719000,11.493
2026/04/29 15:45:32,720000,11.493
2026/04/29 15:45:32,721000,11.496
2026/04/29 15:45:32,722000,11.487
2026/04/29 15:45:32,723000,11.499
2026/04/29 15:45:32,724000,11.499
2026/04/29 15:45:32,725000,11.499
2026/04/29 15:45:32,726000,11.496
2026/04/29 15:45:32,727000,11.499
2026/04/29 15:45:32,728000,11.493
2026/04/29 15:45:32,729000,11.490
2026/04/29 15:45:32,730000,11.496
2026/04/29 15:45:32,731000,11.490
2026/04/29 15:45:32,732000,11.493
2026/04/29 15:45:32,733000,11.496
2026/04/29 15:45:32,734000,11.490
2026/04/29 15:45:32,735000,11.499
2026/04/29 15:45:32,736000,11.499
2026/04/29 15:45:32,737000,11.493
2026/04/29 15:45:32,738000,11.493
2026/04/29 15:45:32,739000,11.501
2026/04/29 15:45:32,740000,11.499
2026/04/29 15:45:32,741000,11.507
2026/04/29 15:45:32,742000,11.501
2026/04/29 15:45:32,743000,11.493
2026/04/29 15:45:32,744000,11.499
2026/04/29 15:45:32,745000,11.493
2026/04/29 15:45:32,746000,11.493
2026/04/29 15:45:32,747000,11.490
2026/04/29 15:45:32,748000,11.493
2026/04/29 15:45:32,749000,11.485
2026/04/29 15:45:32,750000,11.499
2026/04/29 15:45:32,751000,11.499
2026/04/29 15:45:32,752000,11.496
2026/04/29 15:45:32,753000,11.499
2026/04/29 15:45:32,754000,11.499
2026/04/29 15:45:32,755000,11.493
2026/04/29 15:45:32,756000,11.490
2026/04/29 15:45:32,757000,11.499
2026/04/29 15:45:32,758000,11.504
2026/04/29 15:45:32,759000,11.493
2026/04/29 15:45:32,760000,11.493
2026/04/29 15:45:32,761000,11.493
2026/04/29 15:45:32,762000,11.499
2026/04/29 15:45:32,763000,11.490
2026/04/29 15:45:32,764000,11.499
2026/04/29 15:45:32,765000,11.499
2026/04/29 15:45:32,766000,11.501
2026/04/29 15:45:32,767000,11.496
2026/04/29 15:45:32,768000,11.499
2026/04/29 15:45:32,769000,11.493
2026/04/29 15:45:32,770000,11.496
2026/04/29 15:45:32,771000,11.499
2026/04/29 15:45:32,772000,11.496
2026/04/29 15:45:32,773000,11.493
2026/04/29 15:45:32,774000,11.493
2026/04/29 15:45:32,775000,11.499
2026/04/29 15:45:32,776000,11.493
2026/04/29 15:45:32,777000,11.499
2026/04/29 15:45:32,778000,11.493
2026/04/29 15:45:32,779000,11.493
2026/04/29 15:45:32,780000,11.493
2026/04/29 15:45:32,781000,11.496
2026/04/29 15:45:32,782000,11.499
2026/04/29 15:45:32,783000,11.496
2026/04/29 15:45:32,784000,11.499
2026/04/29 15:45:32,785000,11.499
2026/04/29 15:45:32,786000,11.496
2026/04/29 15:45:32,787000,11.499
2026/04/29 15:45:32,788000,11.496
2026/04/29 15:45:32,789000,11.493
2026/04/29 15:45:32,790000,11.493
2026/04/29 15:45:32,791000,11.493
2026/04/29 15:45:32,792000,11.499
2026/04/29 15:45:32,793000,11.501
2026/04/29 15:45:32,794000,11.493
2026/04/29 15:45:32,795000,11.490
2026/04/29 15:45:32,796000,11.499
2026/04/29 15:45:32,797000,11.490
2026/04/29 15:45:32,798000,11.496
2026/04/29 15:45:32,799000,11.496
2026/04/29 15:45:32,800000,11.493
2026/04/29 15:45:32,801000,11.499
2026/04/29 15:45:32,802000,11.493
2026/04/29 15:45:32,803000,11.499
2026/04/29 15:45:32,804000,11.493
2026/04/29 15:45:32,805000,11.496
2026/04/29 15:45:32,806000,11.490
2026/04/29 15:45:32,807000,11.499
2026/04/29 15:45:32,808000,11.496
2026/04/29 15:45:32,809000,11.493
2026/04/29 15:45:32,810000,11.493
2026/04/29 15:45:32,811000,11.496
2026/04/29 15:45:32,812000,11.496
2026/04/29 15:45:32,813000,11.493
2026/04/29 15:45:32,814000,11.499
2026/04/29 15:45:32,815000,11.496
2026/04/29 15:45:32,816000,11.496
2026/04/29 15:45:32,817000,11.496
2026/04/29 15:45:32,818000,11.496
2026/04/29 15:45:32,819000,11.496
2026/04/29 15:45:32,820000,11.493
2026/04/29 15:45:32,821000,11.493
2026/04/29 15:45:32,822000,11.496
2026/04/29 15:45:32,823000,11.493
2026/04/29 15:45:32,824000,11.496
2026/04/29 15:45:32,825000,11.504
2026/04/29 15:45:32,826000,11.499
2026/04/29 15:45:32,827000,11.493
2026/04/29 15:45:32,828000,11.496
2026/04/29 15:45:32,829000,11.493
2026/04/29 15:45:32,830000,11.499
2026/04/29 15:45:32,831000,11.490
2026/04/29 15:45:32,832000,11.499
2026/04/29 15:45:32,833000,11.499
2026/04/29 15:45:32,834000,11.496
2026/04/29 15:45:32,835000,11.501
2026/04/29 15:45:32,836000,11.493
2026/04/29 15:45:32,837000,11.493
2026/04/29 15:45:32,838000,11.499
2026/04/29 15:45:32,839000,11.496
2026/04/29 15:45:32,840000,11.499
2026/04/29 15:45:32,841000,11.493
2026/04/29 15:45:32,842000,11.496
2026/04/29 15:45:32,843000,11.499
2026/04/29 15:45:32,844000,11.493
2026/04/29 15:45:32,845000,11.493
2026/04/29 15:45:32,846000,11.501
2026/04/29 15:45:32,847000,11.490
2026/04/29 15:45:32,848000,11.499
2026/04/29 15:45:32,849000,11.496
2026/04/29 15:45:32,850000,11.496
2026/04/29 15:45:32,851000,11.493
2026/04/29 15:45:32,852000,11.493
2026/04/29 15:45:32,853000,11.499
2026/04/29 15:45:32,854000,11.490
2026/04/29 15:45:32,855000,11.490
2026/04/29 15:45:32,856000,11.501
2026/04/29 15:45:32,857000,11.496
2026/04/29 15:45:32,858000,11.493
2026/04/29 15:45:32,859000,11.493
2026/04/29 15:45:32,860000,11.496
2026/04/29 15:45:32,861000,11.493
2026/04/29 15:45:32,862000,11.493
2026/04/29 15:45:32,863000,11.493
2026/04/29 15:45:32,864000,11.493
2026/04/29 15:45:32,865000,11.493
2026/04/29 15:45:32,866000,11.501
2026/04/29 15:45:32,867000,11.496
2026/04/29 15:45:32,868000,11.493
2026/04/29 15:45:32,869000,11.493
2026/04/29 15:45:32,870000,11.493
2026/04/29 15:45:32,871000,11.496
2026/04/29 15:45:32,872000,11.501
2026/04/29 15:45:32,873000,11.499
2026/04/29 15:45:32,874000,11.490
2026/04/29 15:45:32,875000,11.499
2026/04/29 15:45:32,876000,11.499
2026/04/29 15:45:32,877000,11.493
2026/04/29 15:45:32,878000,11.487
2026/04/29 15:45:32,879000,11.496
2026/04/29 15:45:32,880000,11.493
2026/04/29 15:45:32,881000,11.496
2026/04/29 15:45:32,882000,11.496
2026/04/29 15:45:32,883000,11.499
2026/04/29 15:45:32,884000,11.499
2026/04/29 15:45:32,885000,11.493
2026/04/29 15:45:32,886000,11.496
2026/04/29 15:45:32,887000,11.493
2026/04/29 15:45:32,888000,11.496
2026/04/29 15:45:32,889000,11.493
2026/04/29 15:45:32,890000,11.490
2026/04/29 15:45:32,891000,11.490
2026/04/29 15:45:32,892000,11.493
2026/04/29 15:45:32,893000,11.493
2026/04/29 15:45:32,894000,11.496
2026/04/29 15:45:32,895000,11.493
2026/04/29 15:45:32,896000,11.496
2026/04/29 15:45:32,897000,11.493
2026/04/29 15:45:32,898000,11.496
2026/04/29 15:45:32,899000,11.499
2026/04/29 15:45:32,900000,11.493
2026/04/29 15:45:32,901000,11.493
2026/04/29 15:45:32,902000,11.493
2026/04/29 15:45:32,903000,11.493
2026/04/29 15:45:32,904000,11.493
2026/04/29 15:45:32,905000,11.496
2026/04/29 15:45:32,906000,11.501
2026/04/29 15:45:32,907000,11.499
2026/04/29 15:45:32,908000,11.493
2026/04/29 15:45:32,909000,11.493
2026/04/29 15:45:32,910000,11.499
2026/04/29 15:45:32,911000,11.501
2026/04/29 15:45:32,912000,11.496
2026/04/29 15:45:32,913000,11.493
2026/04/29 15:45:32,914000,11.499
2026/04/29 15:45:32,915000,11.493
2026/04/29 15:45:32,916000,11.496
2026/04/29 15:45:32,917000,11.496
2026/04/29 15:45:32,918000,11.493
2026/04/29 15:45:32,919000,11.496
2026/04/29 15:45:32,920000,11.496
2026/04/29 15:45:32,921000,11.496
2026/04/29 15:45:32,922000,11.499
2026/04/29 15:45:32,923000,11.496
2026/04/29 15:45:32,924000,11.493
2026/04/29 15:45:32,925000,11.501
2026/04/29 15:45:32,926000,11.493
2026/04/29 15:45:32,927000,11.493
2026/04/29 15:45:32,928000,11.496
2026/04/29 15:45:32,929000,11.490
2026/04/29 15:45:32,930000,11.501
2026/04/29 15:45:32,931000,11.496
2026/04/29 15:45:32,932000,11.496
2026/04/29 15:45:32,933000,11.496
2026/04/29 15:45:32,934000,11.496
2026/04/29 15:45:32,935000,11.496
2026/04/29 15:45:32,936000,11.499
2026/04/29 15:45:32,937000,11.493
2026/04/29 15:45:32,938000,11.501
2026/04/29 15:45:32,939000,11.496
2026/04/29 15:45:32,940000,11.499
2026/04/29 15:45:32,941000,11.499
2026/04/29 15:45:32,942000,11.501
2026/04/29 15:45:32,943000,11.499
2026/04/29 15:45:32,944000,11.499
2026/04/29 15:45:32,945000,11.499
2026/04/29 15:45:32,946000,11.490
2026/04/29 15:45:32,947000,11.501
2026/04/29 15:45:32,948000,11.496
2026/04/29 15:45:32,949000,11.501
2026/04/29 15:45:32,950000,11.496
2026/04/29 15:45:32,951000,11.490
2026/04/29 15:45:32,952000,11.504
2026/04/29 15:45:32,953000,11.496
2026/04/29 15:45:32,954000,11.501
2026/04/29 15:45:32,955000,11.496
2026/04/29 15:45:32,956000,11.499
2026/04/29 15:45:32,957000,11.490
2026/04/29 15:45:32,958000,11.504
2026/04/29 15:45:32,959000,11.499
2026/04/29 15:45:32,960000,11.490
2026/04/29 15:45:32,961000,11.496
2026/04/29 15:45:32,962000,11.499
2026/04/29 15:45:32,963000,11.501
2026/04/29 15:45:32,964000,11.499
2026/04/29 15:45:32,965000,11.496
2026/04/29 15:45:32,966000,11.499
2026/04/29 15:45:32,967000,11.496
2026/04/29 15:45:32,968000,11.499
2026/04/29 15:45:32,969000,11.493
2026/04/29 15:45:32,970000,11.496
2026/04/29 15:45:32,971000,11.493
2026/04/29 15:45:32,972000,11.487
2026/04/29 15:45:32,973000,11.487
2026/04/29 15:45:32,974000,11.496
2026/04/29 15:45:32,975000,11.501
2026/04/29 15:45:32,976000,11.493
2026/04/29 15:45:32,977000,11.493
2026/04/29 15:45:32,978000,11.496
2026/04/29 15:45:32,979000,11.496
2026/04/29 15:45:32,980000,11.490
2026/04/29 15:45:32,981000,11.493
2026/04/29 15:45:32,982000,11.504
2026/04/29 15:45:32,983000,11.499
2026/04/29 15:45:32,984000,11.493
2026/04/29 15:45:32,985000,11.496
2026/04/29 15:45:32,986000,11.487
2026/04/29 15:45:32,987000,11.493
2026/04/29 15:45:32,988000,11.493
2026/04/29 15:45:32,989000,11.496
2026/04/29 15:45:32,990000,11.499
2026/04/29 15:45:32,991000,11.496
2026/04/29 15:45:32,992000,11.496
2026/04/29 15:45:32,993000,11.490
2026/04/29 15:45:32,994000,11.493
2026/04/29 15:45:32,995000,11.499
2026/04/29 15:45:32,996000,11.501
2026/04/29 15:45:32,997000,11.493
2026/04/29 15:45:32,998000,11.499
2026/04/29 15:45:32,999000,11.496
2026/04/29 15:45:33,000000,11.499
2026/04/29 15:45:33,001000,11.490
2026/04/29 15:45:33,002000,11.493
2026/04/29 15:45:33,003000,11.490
2026/04/29 15:45:33,004000,11.499
2026/04/29 15:45:33,005000,11.493
2026/04/29 15:45:33,006000,11.493
2026/04/29 15:45:33,007000,11.493
2026/04/29 15:45:33,008000,11.496
2026/04/29 15:45:33,009000,11.501
2026/04/29 15:45:33,010000,11.499
2026/04/29 15:45:33,011000,11.496
2026/04/29 15:45:33,012000,11.493
2026/04/29 15:45:33,013000,11.493
2026/04/29 15:45:33,014000,11.496
2026/04/29 15:45:33,015000,11.499
2026/04/29 15:45:33,016000,11.496
2026/04/29 15:45:33,017000,11.493
2026/04/29 15:45:33,018000,11.496
2026/04/29 15:45:33,019000,11.499
2026/04/29 15:45:33,020000,11.501
2026/04/29 15:45:33,021000,11.496
2026/04/29 15:45:33,022000,11.490
2026/04/29 15:45:33,023000,11.487
2026/04/29 15:45:33,024000,11.493
2026/04/29 15:45:33,025000,11.496
2026/04/29 15:45:33,026000,11.499
2026/04/29 15:45:33,027000,11.499
2026/04/29 15:45:33,028000,11.504
2026/04/29 15:45:33,029000,11.493
2026/04/29 15:45:33,030000,11.490
2026/04/29 15:45:33,031000,11.496
2026/04/29 15:45:33,032000,11.496
2026/04/29 15:45:33,033000,11.493
2026/04/29 15:45:33,034000,11.499
2026/04/29 15:45:33,035000,11.487
2026/04/29 15:45:33,036000,11.493
2026/04/29 15:45:33,037000,11.499
2026/04/29 15:45:33,038000,11.493
2026/04/29 15:45:33,039000,11.501
2026/04/29 15:45:33,040000,11.490
2026/04/29 15:45:33,041000,11.493
2026/04/29 15:45:33,042000,11.493
2026/04/29 15:45:33,043000,11.496
2026/04/29 15:45:33,044000,11.493
2026/04/29 15:45:33,045000,11.493
2026/04/29 15:45:33,046000,11.496
2026/04/29 15:45:33,047000,11.493
2026/04/29 15:45:33,048000,11.501
2026/04/29 15:45:33,049000,11.493
2026/04/29 15:45:33,050000,11.499
2026/04/29 15:45:33,051000,11.499
2026/04/29 15:45:33,052000,11.499
2026/04/29 15:45:33,053000,11.499
2026/04/29 15:45:33,054000,11.496
2026/04/29 15:45:33,055000,11.499
2026/04/29 15:45:33,056000,11.493
2026/04/29 15:45:33,057000,11.499
2026/04/29 15:45:33,058000,11.499
2026/04/29 15:45:33,059000,11.499
2026/04/29 15:45:33,060000,11.496
2026/04/29 15:45:33,061000,11.496
2026/04/29 15:45:33,062000,11.496
2026/04/29 15:45:33,063000,11.493
2026/04/29 15:45:33,064000,11.496
2026/04/29 15:45:33,065000,11.496
2026/04/29 15:45:33,066000,11.490
2026/04/29 15:45:33,067000,11.501
2026/04/29 15:45:33,068000,11.496
2026/04/29 15:45:33,069000,11.493
2026/04/29 15:45:33,070000,11.493
2026/04/29 15:45:33,071000,11.499
2026/04/29 15:45:33,072000,11.496
2026/04/29 15:45:33,073000,11.490
2026/04/29 15:45:33,074000,11.507
2026/04/29 15:45:33,075000,11.487
2026/04/29 15:45:33,076000,11.496
2026/04/29 15:45:33,077000,11.496
2026/04/29 15:45:33,078000,11.496
2026/04/29 15:45:33,079000,11.496
2026/04/29 15:45:33,080000,11.496
2026/04/29 15:45:33,081000,11.493
2026/04/29 15:45:33,082000,11.487
2026/04/29 15:45:33,083000,11.493
2026/04/29 15:45:33,084000,11.499
2026/04/29 15:45:33,085000,11.493
2026/04/29 15:45:33,086000,11.499
2026/04/29 15:45:33,087000,11.493
2026/04/29 15:45:33,088000,11.493
2026/04/29 15:45:33,089000,11.496
2026/04/29 15:45:33,090000,11.493
2026/04/29 15:45:33,091000,11.501
2026/04/29 15:45:33,092000,11.499
2026/04/29 15:45:33,093000,11.490
2026/04/29 15:45:33,094000,11.496
2026/04/29 15:45:33,095000,11.496
2026/04/29 15:45:33,096000,11.493
2026/04/29 15:45:33,097000,11.493
2026/04/29 15:45:33,098000,11.490
2026/04/29 15:45:33,099000,11.493
2026/04/29 15:45:33,100000,11.493
2026/04/29 15:45:33,101000,11.490
2026/04/29 15:45:33,102000,11.499
2026/04/29 15:45:33,103000,11.490
2026/04/29 15:45:33,104000,11.496
2026/04/29 15:45:33,105000,11.496
2026/04/29 15:45:33,106000,11.499
2026/04/29 15:45:33,107000,11.493
2026/04/29 15:45:33,108000,11.496
2026/04/29 15:45:33,109000,11.493
2026/04/29 15:45:33,110000,11.490
2026/04/29 15:45:33,111000,11.499
2026/04/29 15:45:33,112000,11.496
2026/04/29 15:45:33,113000,11.499
2026/04/29 15:45:33,114000,11.493
2026/04/29 15:45:33,115000,11.493
2026/04/29 15:45:33,116000,11.487
2026/04/29 15:45:33,117000,11.496
2026/04/29 15:45:33,118000,11.499
2026/04/29 15:45:33,119000,11.490
2026/04/29 15:45:33,120000,11.499
2026/04/29 15:45:33,121000,11.496
2026/04/29 15:45:33,122000,11.499
2026/04/29 15:45:33,123000,11.501
2026/04/29 15:45:33,124000,11.496
2026/04/29 15:45:33,125000,11.493
2026/04/29 15:45:33,126000,11.493
2026/04/29 15:45:33,127000,11.493
2026/04/29 15:45:33,128000,11.490
2026/04/29 15:45:33,129000,11.496
2026/04/29 15:45:33,130000,11.496
2026/04/29 15:45:33,131000,11.499
2026/04/29 15:45:33,132000,11.496
2026/04/29 15:45:33,133000,11.501
2026/04/29 15:45:33,134000,11.487
2026/04/29 15:45:33,135000,11.490
2026/04/29 15:45:33,136000,11.496
2026/04/29 15:45:33,137000,11.493
2026/04/29 15:45:33,138000,11.499
2026/04/29 15:45:33,139000,11.496
2026/04/29 15:45:33,140000,11.499
2026/04/29 15:45:33,141000,11.496
2026/04/29 15:45:33,142000,11.496
2026/04/29 15:45:33,143000,11.496
2026/04/29 15:45:33,144000,11.493
2026/04/29 15:45:33,145000,11.490
2026/04/29 15:45:33,146000,11.493
2026/04/29 15:45:33,147000,11.490
2026/04/29 15:45:33,148000,11.493
2026/04/29 15:45:33,149000,11.496
2026/04/29 15:45:33,150000,11.493
2026/04/29 15:45:33,151000,11.493
2026/04/29 15:45:33,152000,11.493
2026/04/29 15:45:33,153000,11.487
2026/04/29 15:45:33,154000,11.496
2026/04/29 15:45:33,155000,11.493
2026/04/29 15:45:33,156000,11.490
2026/04/29 15:45:33,157000,11.493
2026/04/29 15:45:33,158000,11.496
2026/04/29 15:45:33,159000,11.501
2026/04/29 15:45:33,160000,11.499
2026/04/29 15:45:33,161000,11.501
2026/04/29 15:45:33,162000,11.496
2026/04/29 15:45:33,163000,11.501
2026/04/29 15:45:33,164000,11.496
2026/04/29 15:45:33,165000,11.493
2026/04/29 15:45:33,166000,11.493
2026/04/29 15:45:33,167000,11.496
2026/04/29 15:45:33,168000,11.493
2026/04/29 15:45:33,169000,11.499
2026/04/29 15:45:33,170000,11.496
2026/04/29 15:45:33,171000,11.493
2026/04/29 15:45:33,172000,11.490
2026/04/29 15:45:33,173000,11.493
2026/04/29 15:45:33,174000,11.493
2026/04/29 15:45:33,175000,11.496
2026/04/29 15:45:33,176000,11.496
2026/04/29 15:45:33,177000,11.504
2026/04/29 15:45:33,178000,11.493
2026/04/29 15:45:33,179000,11.499
2026/04/29 15:45:33,180000,11.501
2026/04/29 15:45:33,181000,11.499
2026/04/29 15:45:33,182000,11.493
2026/04/29 15:45:33,183000,11.499
2026/04/29 15:45:33,184000,11.493
2026/04/29 15:45:33,185000,11.496
2026/04/29 15:45:33,186000,11.496
2026/04/29 15:45:33,187000,11.496
2026/04/29 15:45:33,188000,11.501
2026/04/29 15:45:33,189000,11.499
2026/04/29 15:45:33,190000,11.496
2026/04/29 15:45:33,191000,11.493
2026/04/29 15:45:33,192000,11.493
2026/04/29 15:45:33,193000,11.504
2026/04/29 15:45:33,194000,11.501
2026/04/29 15:45:33,195000,11.493
2026/04/29 15:45:33,196000,11.499
2026/04/29 15:45:33,197000,11.493
2026/04/29 15:45:33,198000,11.496
2026/04/29 15:45:33,199000,11.496
2026/04/29 15:45:33,200000,11.493
2026/04/29 15:45:33,201000,11.493
2026/04/29 15:45:33,202000,11.493
2026/04/29 15:45:33,203000,11.496
2026/04/29 15:45:33,204000,11.490
2026/04/29 15:45:33,205000,11.493
2026/04/29 15:45:33,206000,11.493
2026/04/29 15:45:33,207000,11.493
2026/04/29 15:45:33,208000,11.490
2026/04/29 15:45:33,209000,11.496
2026/04/29 15:45:33,210000,11.493
2026/04/29 15:45:33,211000,11.499
2026/04/29 15:45:33,212000,11.499
2026/04/29 15:45:33,213000,11.499
2026/04/29 15:45:33,214000,11.496
2026/04/29 15:45:33,215000,11.493
2026/04/29 15:45:33,216000,11.496
2026/04/29 15:45:33,217000,11.496
2026/04/29 15:45:33,218000,11.490
2026/04/29 15:45:33,219000,11.496
2026/04/29 15:45:33,220000,11.499
2026/04/29 15:45:33,221000,11.496
2026/04/29 15:45:33,222000,11.490
2026/04/29 15:45:33,223000,11.499
2026/04/29 15:45:33,224000,11.499
2026/04/29 15:45:33,225000,11.493
2026/04/29 15:45:33,226000,11.493
2026/04/29 15:45:33,227000,11.493
2026/04/29 15:45:33,228000,11.496
2026/04/29 15:45:33,229000,11.499
2026/04/29 15:45:33,230000,11.504
2026/04/29 15:45:33,231000,11.493
2026/04/29 15:45:33,232000,11.496
2026/04/29 15:45:33,233000,11.496
2026/04/29 15:45:33,234000,11.499
2026/04/29 15:45:33,235000,11.493
2026/04/29 15:45:33,236000,11.499
2026/04/29 15:45:33,237000,11.499
2026/04/29 15:45:33,238000,11.493
2026/04/29 15:45:33,239000,11.493
2026/04/29 15:45:33,240000,11.493
2026/04/29 15:45:33,241000,11.496
2026/04/29 15:45:33,242000,11.501
2026/04/29 15:45:33,243000,11.499
2026/04/29 15:45:33,244000,11.493
2026/04/29 15:45:33,245000,11.499
2026/04/29 15:45:33,246000,11.496
2026/04/29 15:45:33,247000,11.499
2026/04/29 15:45:33,248000,11.496
2026/04/29 15:45:33,249000,11.493
2026/04/29 15:45:33,250000,11.496
2026/04/29 15:45:33,251000,11.493
2026/04/29 15:45:33,252000,11.496
2026/04/29 15:45:33,253000,11.499
2026/04/29 15:45:33,254000,11.499
2026/04/29 15:45:33,255000,11.501
2026/04/29 15:45:33,256000,11.496
2026/04/29 15:45:33,257000,11.496
2026/04/29 15:45:33,258000,11.493
2026/04/29 15:45:33,259000,11.496
2026/04/29 15:45:33,260000,11.496
2026/04/29 15:45:33,261000,11.501
2026/04/29 15:45:33,262000,11.493
2026/04/29 15:45:33,263000,11.490
2026/04/29 15:45:33,264000,11.496
2026/04/29 15:45:33,265000,11.482
2026/04/29 15:45:33,266000,11.493
2026/04/29 15:45:33,267000,11.496
2026/04/29 15:45:33,268000,11.490
2026/04/29 15:45:33,269000,11.493
2026/04/29 15:45:33,270000,11.493
2026/04/29 15:45:33,271000,11.496
2026/04/29 15:45:33,272000,11.496
2026/04/29 15:45:33,273000,11.493
2026/04/29 15:45:33,274000,11.493
2026/04/29 15:45:33,275000,11.482
2026/04/29 15:45:33,276000,11.499
2026/04/29 15:45:33,277000,11.496
2026/04/29 15:45:33,278000,11.490
2026/04/29 15:45:33,279000,11.499
2026/04/29 15:45:33,280000,11.496
2026/04/29 15:45:33,281000,11.493
2026/04/29 15:45:33,282000,11.493
2026/04/29 15:45:33,283000,11.499
2026/04/29 15:45:33,284000,11.499
2026/04/29 15:45:33,285000,11.499
2026/04/29 15:45:33,286000,11.493
2026/04/29 15:45:33,287000,11.493
2026/04/29 15:45:33,288000,11.496
2026/04/29 15:45:33,289000,11.501
2026/04/29 15:45:33,290000,11.496
2026/04/29 15:45:33,291000,11.496
2026/04/29 15:45:33,292000,11.496
2026/04/29 15:45:33,293000,11.496
2026/04/29 15:45:33,294000,11.493
2026/04/29 15:45:33,295000,11.485
2026/04/29 15:45:33,296000,11.499
2026/04/29 15:45:33,297000,11.490
2026/04/29 15:45:33,298000,11.490
2026/04/29 15:45:33,299000,11.496
2026/04/29 15:45:33,300000,11.493
2026/04/29 15:45:33,301000,11.493
2026/04/29 15:45:33,302000,11.496
2026/04/29 15:45:33,303000,11.499
2026/04/29 15:45:33,304000,11.496
2026/04/29 15:45:33,305000,11.499
2026/04/29 15:45:33,306000,11.496
2026/04/29 15:45:33,307000,11.490
2026/04/29 15:45:33,308000,11.499
2026/04/29 15:45:33,309000,11.487
2026/04/29 15:45:33,310000,11.496
2026/04/29 15:45:33,311000,11.493
2026/04/29 15:45:33,312000,11.496
2026/04/29 15:45:33,313000,11.490
2026/04/29 15:45:33,314000,11.490
2026/04/29 15:45:33,315000,11.490
2026/04/29 15:45:33,316000,11.499
2026/04/29 15:45:33,317000,11.493
2026/04/29 15:45:33,318000,11.496
2026/04/29 15:45:33,319000,11.499
2026/04/29 15:45:33,320000,11.490
2026/04/29 15:45:33,321000,11.496
2026/04/29 15:45:33,322000,11.499
2026/04/29 15:45:33,323000,11.496
2026/04/29 15:45:33,324000,11.496
2026/04/29 15:45:33,325000,11.496
2026/04/29 15:45:33,326000,11.493
2026/04/29 15:45:33,327000,11.493
2026/04/29 15:45:33,328000,11.496
2026/04/29 15:45:33,329000,11.493
2026/04/29 15:45:33,330000,11.496
2026/04/29 15:45:33,331000,11.490
2026/04/29 15:45:33,332000,11.493
2026/04/29 15:45:33,333000,11.493
2026/04/29 15:45:33,334000,11.496
2026/04/29 15:45:33,335000,11.490
2026/04/29 15:45:33,336000,11.496
2026/04/29 15:45:33,337000,11.490
2026/04/29 15:45:33,338000,11.493
2026/04/29 15:45:33,339000,11.496
2026/04/29 15:45:33,340000,11.493
2026/04/29 15:45:33,341000,11.490
2026/04/29 15:45:33,342000,11.496
2026/04/29 15:45:33,343000,11.499
2026/04/29 15:45:33,344000,11.490
2026/04/29 15:45:33,345000,11.496
2026/04/29 15:45:33,346000,11.496
2026/04/29 15:45:33,347000,11.499
2026/04/29 15:45:33,348000,11.487
2026/04/29 15:45:33,349000,11.493
2026/04/29 15:45:33,350000,11.496
2026/04/29 15:45:33,351000,11.493
2026/04/29 15:45:33,352000,11.499
2026/04/29 15:45:33,353000,11.496
2026/04/29 15:45:33,354000,11.496
2026/04/29 15:45:33,355000,11.493
2026/04/29 15:45:33,356000,11.496
2026/04/29 15:45:33,357000,11.496
2026/04/29 15:45:33,358000,11.493
2026/04/29 15:45:33,359000,11.501
2026/04/29 15:45:33,360000,11.493
2026/04/29 15:45:33,361000,11.493
2026/04/29 15:45:33,362000,11.493
2026/04/29 15:45:33,363000,11.501
2026/04/29 15:45:33,364000,11.499
2026/04/29 15:45:33,365000,11.493
2026/04/29 15:45:33,366000,11.493
2026/04/29 15:45:33,367000,11.504
2026/04/29 15:45:33,368000,11.493
2026/04/29 15:45:33,369000,11.493
2026/04/29 15:45:33,370000,11.493
2026/04/29 15:45:33,371000,11.496
2026/04/29 15:45:33,372000,11.490
2026/04/29 15:45:33,373000,11.496
2026/04/29 15:45:33,374000,11.501
2026/04/29 15:45:33,375000,11.501
2026/04/29 15:45:33,376000,11.493
2026/04/29 15:45:33,377000,11.493
2026/04/29 15:45:33,378000,11.493
2026/04/29 15:45:33,379000,11.493
2026/04/29 15:45:33,380000,11.496
2026/04/29 15:45:33,381000,11.487
2026/04/29 15:45:33,382000,11.499
2026/04/29 15:45:33,383000,11.490
2026/04/29 15:45:33,384000,11.499
2026/04/29 15:45:33,385000,11.493
2026/04/29 15:45:33,386000,11.493
2026/04/29 15:45:33,387000,11.493
2026/04/29 15:45:33,388000,11.493
2026/04/29 15:45:33,389000,11.496
2026/04/29 15:45:33,390000,11.493
2026/04/29 15:45:33,391000,11.504
2026/04/29 15:45:33,392000,11.496
2026/04/29 15:45:33,393000,11.499
2026/04/29 15:45:33,394000,11.496
2026/04/29 15:45:33,395000,11.493
2026/04/29 15:45:33,396000,11.499
2026/04/29 15:45:33,397000,11.499
2026/04/29 15:45:33,398000,11.499
2026/04/29 15:45:33,399000,11.496
2026/04/29 15:45:33,400000,11.490
2026/04/29 15:45:33,401000,11.499
2026/04/29 15:45:33,402000,11.496
2026/04/29 15:45:33,403000,11.490
2026/04/29 15:45:33,404000,11.499
2026/04/29 15:45:33,405000,11.493
2026/04/29 15:45:33,406000,11.490
2026/04/29 15:45:33,407000,11.490
2026/04/29 15:45:33,408000,11.499
2026/04/29 15:45:33,409000,11.490
2026/04/29 15:45:33,410000,11.496
2026/04/29 15:45:33,411000,11.493
2026/04/29 15:45:33,412000,11.496
2026/04/29 15:45:33,413000,11.499
2026/04/29 15:45:33,414000,11.490
2026/04/29 15:45:33,415000,11.499
2026/04/29 15:45:33,416000,11.496
2026/04/29 15:45:33,417000,11.496
2026/04/29 15:45:33,418000,11.493
2026/04/29 15:45:33,419000,11.499
2026/04/29 15:45:33,420000,11.490
2026/04/29 15:45:33,421000,11.493
2026/04/29 15:45:33,422000,11.496
2026/04/29 15:45:33,423000,11.496
2026/04/29 15:45:33,424000,11.493
2026/04/29 15:45:33,425000,11.496
2026/04/29 15:45:33,426000,11.499
2026/04/29 15:45:33,427000,11.490
2026/04/29 15:45:33,428000,11.493
2026/04/29 15:45:33,429000,11.490
2026/04/29 15:45:33,430000,11.501
2026/04/29 15:45:33,431000,11.499
2026/04/29 15:45:33,432000,11.496
2026/04/29 15:45:33,433000,11.493
2026/04/29 15:45:33,434000,11.493
2026/04/29 15:45:33,435000,11.499
2026/04/29 15:45:33,436000,11.499
2026/04/29 15:45:33,437000,11.501
2026/04/29 15:45:33,438000,11.493
2026/04/29 15:45:33,439000,11.493
2026/04/29 15:45:33,440000,11.493
2026/04/29 15:45:33,441000,11.496
2026/04/29 15:45:33,442000,11.496
2026/04/29 15:45:33,443000,11.501
2026/04/29 15:45:33,444000,11.501
2026/04/29 15:45:33,445000,11.496
2026/04/29 15:45:33,446000,11.501
2026/04/29 15:45:33,447000,11.496
2026/04/29 15:45:33,448000,11.499
2026/04/29 15:45:33,449000,11.493
2026/04/29 15:45:33,450000,11.493
2026/04/29 15:45:33,451000,11.499
2026/04/29 15:45:33,452000,11.493
2026/04/29 15:45:33,453000,11.496
2026/04/29 15:45:33,454000,11.499
2026/04/29 15:45:33,455000,11.499
2026/04/29 15:45:33,456000,11.496
2026/04/29 15:45:33,457000,11.487
2026/04/29 15:45:33,458000,11.496
2026/04/29 15:45:33,459000,11.493
2026/04/29 15:45:33,460000,11.501
2026/04/29 15:45:33,461000,11.496
2026/04/29 15:45:33,462000,11.496
2026/04/29 15:45:33,463000,11.490
2026/04/29 15:45:33,464000,11.496
2026/04/29 15:45:33,465000,11.493
2026/04/29 15:45:33,466000,11.499
2026/04/29 15:45:33,467000,11.496
2026/04/29 15:45:33,468000,11.493
2026/04/29 15:45:33,469000,11.499
2026/04/29 15:45:33,470000,11.493
2026/04/29 15:45:33,471000,11.493
2026/04/29 15:45:33,472000,11.493
2026/04/29 15:45:33,473000,11.496
2026/04/29 15:45:33,474000,11.499
2026/04/29 15:45:33,475000,11.496
2026/04/29 15:45:33,476000,11.499
2026/04/29 15:45:33,477000,11.493
2026/04/29 15:45:33,478000,11.496
2026/04/29 15:45:33,479000,11.493
2026/04/29 15:45:33,480000,11.496
2026/04/29 15:45:33,481000,11.499
2026/04/29 15:45:33,482000,11.499
2026/04/29 15:45:33,483000,11.499
2026/04/29 15:45:33,484000,11.487
2026/04/29 15:45:33,485000,11.493
2026/04/29 15:45:33,486000,11.501
2026/04/29 15:45:33,487000,11.493
2026/04/29 15:45:33,488000,11.493
2026/04/29 15:45:33,489000,11.496
2026/04/29 15:45:33,490000,11.493
2026/04/29 15:45:33,491000,11.490
2026/04/29 15:45:33,492000,11.496
2026/04/29 15:45:33,493000,11.496
2026/04/29 15:45:33,494000,11.493
2026/04/29 15:45:33,495000,11.493
2026/04/29 15:45:33,496000,11.493
2026/04/29 15:45:33,497000,11.490
2026/04/29 15:45:33,498000,11.493
2026/04/29 15:45:33,499000,11.501
2026/04/29 15:45:33,500000,11.499
2026/04/29 15:45:33,501000,11.490
2026/04/29 15:45:33,502000,11.501
2026/04/29 15:45:33,503000,11.499
2026/04/29 15:45:33,504000,11.496
2026/04/29 15:45:33,505000,11.499
2026/04/29 15:45:33,506000,11.496
2026/04/29 15:45:33,507000,11.493
2026/04/29 15:45:33,508000,11.496
2026/04/29 15:45:33,509000,11.499
2026/04/29 15:45:33,510000,11.496
2026/04/29 15:45:33,511000,11.493
2026/04/29 15:45:33,512000,11.490
2026/04/29 15:45:33,513000,11.496
2026/04/29 15:45:33,514000,11.496
2026/04/29 15:45:33,515000,11.490
2026/04/29 15:45:33,516000,11.496
2026/04/29 15:45:33,517000,11.493
2026/04/29 15:45:33,518000,11.490
2026/04/29 15:45:33,519000,11.493
2026/04/29 15:45:33,520000,11.496
2026/04/29 15:45:33,521000,11.499
2026/04/29 15:45:33,522000,11.493
2026/04/29 15:45:33,523000,11.493
2026/04/29 15:45:33,524000,11.499
2026/04/29 15:45:33,525000,11.496
2026/04/29 15:45:33,526000,11.496
2026/04/29 15:45:33,527000,11.493
2026/04/29 15:45:33,528000,11.493
2026/04/29 15:45:33,529000,11.496
2026/04/29 15:45:33,530000,11.501
2026/04/29 15:45:33,531000,11.493
2026/04/29 15:45:33,532000,11.493
2026/04/29 15:45:33,533000,11.493
2026/04/29 15:45:33,534000,11.490
2026/04/29 15:45:33,535000,11.496
2026/04/29 15:45:33,536000,11.501
2026/04/29 15:45:33,537000,11.499
2026/04/29 15:45:33,538000,11.496
2026/04/29 15:45:33,539000,11.490
2026/04/29 15:45:33,540000,11.496
2026/04/29 15:45:33,541000,11.499
2026/04/29 15:45:33,542000,11.496
2026/04/29 15:45:33,543000,11.493
2026/04/29 15:45:33,544000,11.499
2026/04/29 15:45:33,545000,11.496
2026/04/29 15:45:33,546000,11.493
2026/04/29 15:45:33,547000,11.490
2026/04/29 15:45:33,548000,11.490
2026/04/29 15:45:33,549000,11.496
2026/04/29 15:45:33,550000,11.499
2026/04/29 15:45:33,551000,11.493
2026/04/29 15:45:33,552000,11.501
2026/04/29 15:45:33,553000,11.499
2026/04/29 15:45:33,554000,11.501
2026/04/29 15:45:33,555000,11.496
2026/04/29 15:45:33,556000,11.499
2026/04/29 15:45:33,557000,11.490
2026/04/29 15:45:33,558000,11.496
2026/04/29 15:45:33,559000,11.493
2026/04/29 15:45:33,560000,11.499
2026/04/29 15:45:33,561000,11.496
2026/04/29 15:45:33,562000,11.490
2026/04/29 15:45:33,563000,11.493
2026/04/29 15:45:33,564000,11.493
2026/04/29 15:45:33,565000,11.496
2026/04/29 15:45:33,566000,11.496
2026/04/29 15:45:33,567000,11.493
2026/04/29 15:45:33,568000,11.493
2026/04/29 15:45:33,569000,11.493
2026/04/29 15:45:33,570000,11.499
2026/04/29 15:45:33,571000,11.493
2026/04/29 15:45:33,572000,11.499
2026/04/29 15:45:33,573000,11.504
2026/04/29 15:45:33,574000,11.493
2026/04/29 15:45:33,575000,11.493
2026/04/29 15:45:33,576000,11.487
2026/04/29 15:45:33,577000,11.496
2026/04/29 15:45:33,578000,11.493
2026/04/29 15:45:33,579000,11.493
2026/04/29 15:45:33,580000,11.493
2026/04/29 15:45:33,581000,11.493
2026/04/29 15:45:33,582000,11.496
2026/04/29 15:45:33,583000,11.493
2026/04/29 15:45:33,584000,11.496
2026/04/29 15:45:33,585000,11.501
2026/04/29 15:45:33,586000,11.499
2026/04/29 15:45:33,587000,11.493
2026/04/29 15:45:33,588000,11.499
2026/04/29 15:45:33,589000,11.501
2026/04/29 15:45:33,590000,11.496
2026/04/29 15:45:33,591000,11.493
2026/04/29 15:45:33,592000,11.499
2026/04/29 15:45:33,593000,11.490
2026/04/29 15:45:33,594000,11.493
2026/04/29 15:45:33,595000,11.496
2026/04/29 15:45:33,596000,11.493
2026/04/29 15:45:33,597000,11.499
2026/04/29 15:45:33,598000,11.493
2026/04/29 15:45:33,599000,11.499
2026/04/29 15:45:33,600000,11.499
2026/04/29 15:45:33,601000,11.487
2026/04/29 15:45:33,602000,11.493
2026/04/29 15:45:33,603000,11.499
2026/04/29 15:45:33,604000,11.499
2026/04/29 15:45:33,605000,11.490
2026/04/29 15:45:33,606000,11.493
2026/04/29 15:45:33,607000,11.493
2026/04/29 15:45:33,608000,11.493
2026/04/29 15:45:33,609000,11.493
2026/04/29 15:45:33,610000,11.499
2026/04/29 15:45:33,611000,11.501
2026/04/29 15:45:33,612000,11.493
2026/04/29 15:45:33,613000,11.490
2026/04/29 15:45:33,614000,11.490
2026/04/29 15:45:33,615000,11.490
2026/04/29 15:45:33,616000,11.496
2026/04/29 15:45:33,617000,11.496
2026/04/29 15:45:33,618000,11.496
2026/04/29 15:45:33,619000,11.496
2026/04/29 15:45:33,620000,11.490
2026/04/29 15:45:33,621000,11.493
2026/04/29 15:45:33,622000,11.493
2026/04/29 15:45:33,623000,11.493
2026/04/29 15:45:33,624000,11.493
2026/04/29 15:45:33,625000,11.501
2026/04/29 15:45:33,626000,11.496
2026/04/29 15:45:33,627000,11.493
2026/04/29 15:45:33,628000,11.499
2026/04/29 15:45:33,629000,11.493
2026/04/29 15:45:33,630000,11.501
2026/04/29 15:45:33,631000,11.493
2026/04/29 15:45:33,632000,11.487
2026/04/29 15:45:33,633000,11.493
2026/04/29 15:45:33,634000,11.499
2026/04/29 15:45:33,635000,11.496
2026/04/29 15:45:33,636000,11.499
2026/04/29 15:45:33,637000,11.499
2026/04/29 15:45:33,638000,11.501
2026/04/29 15:45:33,639000,11.490
2026/04/29 15:45:33,640000,11.496
2026/04/29 15:45:33,641000,11.490
2026/04/29 15:45:33,642000,11.496
2026/04/29 15:45:33,643000,11.496
2026/04/29 15:45:33,644000,11.496
2026/04/29 15:45:33,645000,11.496
2026/04/29 15:45:33,646000,11.493
2026/04/29 15:45:33,647000,11.501
2026/04/29 15:45:33,648000,11.487
2026/04/29 15:45:33,649000,11.493
2026/04/29 15:45:33,650000,11.490
2026/04/29 15:45:33,651000,11.499
2026/04/29 15:45:33,652000,11.496
2026/04/29 15:45:33,653000,11.493
2026/04/29 15:45:33,654000,11.485
2026/04/29 15:45:33,655000,11.493
2026/04/29 15:45:33,656000,11.490
2026/04/29 15:45:33,657000,11.493
2026/04/29 15:45:33,658000,11.501
2026/04/29 15:45:33,659000,11.493
2026/04/29 15:45:33,660000,11.499
2026/04/29 15:45:33,661000,11.493
2026/04/29 15:45:33,662000,11.493
2026/04/29 15:45:33,663000,11.490
2026/04/29 15:45:33,664000,11.496
2026/04/29 15:45:33,665000,11.496
2026/04/29 15:45:33,666000,11.499
2026/04/29 15:45:33,667000,11.496
2026/04/29 15:45:33,668000,11.493
2026/04/29 15:45:33,669000,11.493
2026/04/29 15:45:33,670000,11.493
2026/04/29 15:45:33,671000,11.490
2026/04/29 15:45:33,672000,11.496
2026/04/29 15:45:33,673000,11.499
2026/04/29 15:45:33,674000,11.501
2026/04/29 15:45:33,675000,11.496
2026/04/29 15:45:33,676000,11.496
2026/04/29 15:45:33,677000,11.499
2026/04/29 15:45:33,678000,11.493
2026/04/29 15:45:33,679000,11.496
2026/04/29 15:45:33,680000,11.501
2026/04/29 15:45:33,681000,11.501
2026/04/29 15:45:33,682000,11.496
2026/04/29 15:45:33,683000,11.501
2026/04/29 15:45:33,684000,11.496
2026/04/29 15:45:33,685000,11.490
2026/04/29 15:45:33,686000,11.493
2026/04/29 15:45:33,687000,11.490
2026/04/29 15:45:33,688000,11.496
2026/04/29 15:45:33,689000,11.499
2026/04/29 15:45:33,690000,11.496
2026/04/29 15:45:33,691000,11.493
2026/04/29 15:45:33,692000,11.496
2026/04/29 15:45:33,693000,11.496
2026/04/29 15:45:33,694000,11.493
2026/04/29 15:45:33,695000,11.493
2026/04/29 15:45:33,696000,11.499
2026/04/29 15:45:33,697000,11.493
2026/04/29 15:45:33,698000,11.493
2026/04/29 15:45:33,699000,11.493
2026/04/29 15:45:33,700000,11.501
2026/04/29 15:45:33,701000,11.493
2026/04/29 15:45:33,702000,11.496
2026/04/29 15:45:33,703000,11.487
2026/04/29 15:45:33,704000,11.490
2026/04/29 15:45:33,705000,11.499
2026/04/29 15:45:33,706000,11.493
2026/04/29 15:45:33,707000,11.493
2026/04/29 15:45:33,708000,11.499
2026/04/29 15:45:33,709000,11.493
2026/04/29 15:45:33,710000,11.490
2026/04/29 15:45:33,711000,11.496
2026/04/29 15:45:33,712000,11.499
2026/04/29 15:45:33,713000,11.496
2026/04/29 15:45:33,714000,11.490
2026/04/29 15:45:33,715000,11.496
2026/04/29 15:45:33,716000,11.493
2026/04/29 15:45:33,717000,11.501
2026/04/29 15:45:33,718000,11.496
2026/04/29 15:45:33,719000,11.499
2026/04/29 15:45:33,720000,11.493
2026/04/29 15:45:33,721000,11.499
2026/04/29 15:45:33,722000,11.496
2026/04/29 15:45:33,723000,11.496
2026/04/29 15:45:33,724000,11.490
2026/04/29 15:45:33,725000,11.493
2026/04/29 15:45:33,726000,11.496
2026/04/29 15:45:33,727000,11.499
2026/04/29 15:45:33,728000,11.499
2026/04/29 15:45:33,729000,11.490
2026/04/29 15:45:33,730000,11.499
2026/04/29 15:45:33,731000,11.493
2026/04/29 15:45:33,732000,11.493
2026/04/29 15:45:33,733000,11.493
2026/04/29 15:45:33,734000,11.501
2026/04/29 15:45:33,735000,11.501
2026/04/29 15:45:33,736000,11.493
2026/04/29 15:45:33,737000,11.496
2026/04/29 15:45:33,738000,11.496
2026/04/29 15:45:33,739000,11.499
2026/04/29 15:45:33,740000,11.493
2026/04/29 15:45:33,741000,11.493
2026/04/29 15:45:33,742000,11.493
2026/04/29 15:45:33,743000,11.496
2026/04/29 15:45:33,744000,11.499
2026/04/29 15:45:33,745000,11.490
2026/04/29 15:45:33,746000,11.493
2026/04/29 15:45:33,747000,11.490
2026/04/29 15:45:33,748000,11.496
2026/04/29 15:45:33,749000,11.493
2026/04/29 15:45:33,750000,11.499
2026/04/29 15:45:33,751000,11.501
2026/04/29 15:45:33,752000,11.499
2026/04/29 15:45:33,753000,11.496
2026/04/29 15:45:33,754000,11.493
2026/04/29 15:45:33,755000,11.496
2026/04/29 15:45:33,756000,11.490
2026/04/29 15:45:33,757000,11.496
2026/04/29 15:45:33,758000,11.499
2026/04/29 15:45:33,759000,11.501
2026/04/29 15:45:33,760000,11.490
2026/04/29 15:45:33,761000,11.493
2026/04/29 15:45:33,762000,11.499
2026/04/29 15:45:33,763000,11.490
2026/04/29 15:45:33,764000,11.499
2026/04/29 15:45:33,765000,11.499
2026/04/29 15:45:33,766000,11.490
2026/04/29 15:45:33,767000,11.493
2026/04/29 15:45:33,768000,11.499
2026/04/29 15:45:33,769000,11.490
2026/04/29 15:45:33,770000,11.490
2026/04/29 15:45:33,771000,11.493
2026/04/29 15:45:33,772000,11.499
2026/04/29 15:45:33,773000,11.493
2026/04/29 15:45:33,774000,11.499
2026/04/29 15:45:33,775000,11.493
2026/04/29 15:45:33,776000,11.496
2026/04/29 15:45:33,777000,11.499
2026/04/29 15:45:33,778000,11.496
2026/04/29 15:45:33,779000,11.501
2026/04/29 15:45:33,780000,11.496
2026/04/29 15:45:33,781000,11.499
2026/04/29 15:45:33,782000,11.493
2026/04/29 15:45:33,783000,11.499
2026/04/29 15:45:33,784000,11.499
2026/04/29 15:45:33,785000,11.493
2026/04/29 15:45:33,786000,11.493
2026/04/29 15:45:33,787000,11.493
2026/04/29 15:45:33,788000,11.493
2026/04/29 15:45:33,789000,11.493
2026/04/29 15:45:33,790000,11.501
2026/04/29 15:45:33,791000,11.493
2026/04/29 15:45:33,792000,11.493
2026/04/29 15:45:33,793000,11.496
2026/04/29 15:45:33,794000,11.493
2026/04/29 15:45:33,795000,11.496
2026/04/29 15:45:33,796000,11.493
2026/04/29 15:45:33,797000,11.493
2026/04/29 15:45:33,798000,11.493
2026/04/29 15:45:33,799000,11.493
2026/04/29 15:45:33,800000,11.499
2026/04/29 15:45:33,801000,11.493
2026/04/29 15:45:33,802000,11.496
2026/04/29 15:45:33,803000,11.496
2026/04/29 15:45:33,804000,11.499
2026/04/29 15:45:33,805000,11.493
2026/04/29 15:45:33,806000,11.493
2026/04/29 15:45:33,807000,11.496
2026/04/29 15:45:33,808000,11.496
2026/04/29 15:45:33,809000,11.496
2026/04/29 15:45:33,810000,11.501
2026/04/29 15:45:33,811000,11.496
2026/04/29 15:45:33,812000,11.490
2026/04/29 15:45:33,813000,11.501
2026/04/29 15:45:33,814000,11.487
2026/04/29 15:45:33,815000,11.493
2026/04/29 15:45:33,816000,11.487
2026/04/29 15:45:33,817000,11.499
2026/04/29 15:45:33,818000,11.493
2026/04/29 15:45:33,819000,11.490
2026/04/29 15:45:33,820000,11.499
2026/04/29 15:45:33,821000,11.493
2026/04/29 15:45:33,822000,11.499
2026/04/29 15:45:33,823000,11.496
2026/04/29 15:45:33,824000,11.499
2026/04/29 15:45:33,825000,11.499
2026/04/29 15:45:33,826000,11.493
2026/04/29 15:45:33,827000,11.493
2026/04/29 15:45:33,828000,11.490
2026/04/29 15:45:33,829000,11.499
2026/04/29 15:45:33,830000,11.501
2026/04/29 15:45:33,831000,11.493
2026/04/29 15:45:33,832000,11.501
2026/04/29 15:45:33,833000,11.493
2026/04/29 15:45:33,834000,11.493
2026/04/29 15:45:33,835000,11.493
2026/04/29 15:45:33,836000,11.501
2026/04/29 15:45:33,837000,11.499
2026/04/29 15:45:33,838000,11.493
2026/04/29 15:45:33,839000,11.490
2026/04/29 15:45:33,840000,11.499
2026/04/29 15:45:33,841000,11.496
2026/04/29 15:45:33,842000,11.496
2026/04/29 15:45:33,843000,11.493
2026/04/29 15:45:33,844000,11.499
2026/04/29 15:45:33,845000,11.499
2026/04/29 15:45:33,846000,11.493
2026/04/29 15:45:33,847000,11.496
2026/04/29 15:45:33,848000,11.499
2026/04/29 15:45:33,849000,11.499
2026/04/29 15:45:33,850000,11.499
2026/04/29 15:45:33,851000,11.496
2026/04/29 15:45:33,852000,11.487
2026/04/29 15:45:33,853000,11.496
2026/04/29 15:45:33,854000,11.496
2026/04/29 15:45:33,855000,11.499
2026/04/29 15:45:33,856000,11.499
2026/04/29 15:45:33,857000,11.496
2026/04/29 15:45:33,858000,11.496
2026/04/29 15:45:33,859000,11.501
2026/04/29 15:45:33,860000,11.493
2026/04/29 15:45:33,861000,11.493
2026/04/29 15:45:33,862000,11.496
2026/04/29 15:45:33,863000,11.493
2026/04/29 15:45:33,864000,11.499
2026/04/29 15:45:33,865000,11.496
2026/04/29 15:45:33,866000,11.496
2026/04/29 15:45:33,867000,11.499
2026/04/29 15:45:33,868000,11.490
2026/04/29 15:45:33,869000,11.490
2026/04/29 15:45:33,870000,11.487
2026/04/29 15:45:33,871000,11.499
2026/04/29 15:45:33,872000,11.496
2026/04/29 15:45:33,873000,11.493
2026/04/29 15:45:33,874000,11.496
2026/04/29 15:45:33,875000,11.490
2026/04/29 15:45:33,876000,11.496
2026/04/29 15:45:33,877000,11.496
2026/04/29 15:45:33,878000,11.496
2026/04/29 15:45:33,879000,11.496
2026/04/29 15:45:33,880000,11.493
2026/04/29 15:45:33,881000,11.493
2026/04/29 15:45:33,882000,11.496
2026/04/29 15:45:33,883000,11.493
2026/04/29 15:45:33,884000,11.493
2026/04/29 15:45:33,885000,11.493
2026/04/29 15:45:33,886000,11.490
2026/04/29 15:45:33,887000,11.496
2026/04/29 15:45:33,888000,11.493
2026/04/29 15:45:33,889000,11.493
2026/04/29 15:45:33,890000,11.490
2026/04/29 15:45:33,891000,11.493
2026/04/29 15:45:33,892000,11.496
2026/04/29 15:45:33,893000,11.490
2026/04/29 15:45:33,894000,11.496
2026/04/29 15:45:33,895000,11.501
2026/04/29 15:45:33,896000,11.496
2026/04/29 15:45:33,897000,11.490
2026/04/29 15:45:33,898000,11.490
2026/04/29 15:45:33,899000,11.499
2026/04/29 15:45:33,900000,11.493
2026/04/29 15:45:33,901000,11.493
2026/04/29 15:45:33,902000,11.493
2026/04/29 15:45:33,903000,11.499
2026/04/29 15:45:33,904000,11.499
2026/04/29 15:45:33,905000,11.490
2026/04/29 15:45:33,906000,11.499
2026/04/29 15:45:33,907000,11.493
2026/04/29 15:45:33,908000,11.499
2026/04/29 15:45:33,909000,11.493
2026/04/29 15:45:33,910000,11.496
2026/04/29 15:45:33,911000,11.493
2026/04/29 15:45:33,912000,11.496
2026/04/29 15:45:33,913000,11.493
2026/04/29 15:45:33,914000,11.496
2026/04/29 15:45:33,915000,11.496
2026/04/29 15:45:33,916000,11.496
2026/04/29 15:45:33,917000,11.499
2026/04/29 15:45:33,918000,11.493
2026/04/29 15:45:33,919000,11.493
2026/04/29 15:45:33,920000,11.501
2026/04/29 15:45:33,921000,11.499
2026/04/29 15:45:33,922000,11.496
2026/04/29 15:45:33,923000,11.501
2026/04/29 15:45:33,924000,11.496
2026/04/29 15:45:33,925000,11.493
2026/04/29 15:45:33,926000,11.493
2026/04/29 15:45:33,927000,11.493
2026/04/29 15:45:33,928000,11.490
2026/04/29 15:45:33,929000,11.485
2026/04/29 15:45:33,930000,11.493
2026/04/29 15:45:33,931000,11.493
2026/04/29 15:45:33,932000,11.496
2026/04/29 15:45:33,933000,11.490
2026/04/29 15:45:33,934000,11.501
2026/04/29 15:45:33,935000,11.493
2026/04/29 15:45:33,936000,11.501
2026/04/29 15:45:33,937000,11.490
2026/04/29 15:45:33,938000,11.499
2026/04/29 15:45:33,939000,11.496
2026/04/29 15:45:33,940000,11.490
2026/04/29 15:45:33,941000,11.493
2026/04/29 15:45:33,942000,11.496
2026/04/29 15:45:33,943000,11.501
2026/04/29 15:45:33,944000,11.501
2026/04/29 15:45:33,945000,11.493
2026/04/29 15:45:33,946000,11.493
2026/04/29 15:45:33,947000,11.501
2026/04/29 15:45:33,948000,11.496
2026/04/29 15:45:33,949000,11.496
2026/04/29 15:45:33,950000,11.499
2026/04/29 15:45:33,951000,11.496
2026/04/29 15:45:33,952000,11.499
2026/04/29 15:45:33,953000,11.493
2026/04/29 15:45:33,954000,11.499
2026/04/29 15:45:33,955000,11.493
2026/04/29 15:45:33,956000,11.490
2026/04/29 15:45:33,957000,11.499
2026/04/29 15:45:33,958000,11.493
2026/04/29 15:45:33,959000,11.493
2026/04/29 15:45:33,960000,11.496
2026/04/29 15:45:33,961000,11.496
2026/04/29 15:45:33,962000,11.490
2026/04/29 15:45:33,963000,11.499
2026/04/29 15:45:33,964000,11.490
2026/04/29 15:45:33,965000,11.493
2026/04/29 15:45:33,966000,11.499
2026/04/29 15:45:33,967000,11.493
2026/04/29 15:45:33,968000,11.490
2026/04/29 15:45:33,969000,11.490
2026/04/29 15:45:33,970000,11.490
2026/04/29 15:45:33,971000,11.496
2026/04/29 15:45:33,972000,11.496
2026/04/29 15:45:33,973000,11.493
2026/04/29 15:45:33,974000,11.493
2026/04/29 15:45:33,975000,11.490
2026/04/29 15:45:33,976000,11.493
2026/04/29 15:45:33,977000,11.496
2026/04/29 15:45:33,978000,11.496
2026/04/29 15:45:33,979000,11.499
2026/04/29 15:45:33,980000,11.499
2026/04/29 15:45:33,981000,11.493
2026/04/29 15:45:33,982000,11.493
2026/04/29 15:45:33,983000,11.496
2026/04/29 15:45:33,984000,11.499
2026/04/29 15:45:33,985000,11.499
2026/04/29 15:45:33,986000,11.496
2026/04/29 15:45:33,987000,11.493
2026/04/29 15:45:33,988000,11.493
2026/04/29 15:45:33,989000,11.496
2026/04/29 15:45:33,990000,11.493
2026/04/29 15:45:33,991000,11.490
2026/04/29 15:45:33,992000,11.499
2026/04/29 15:45:33,993000,11.496
2026/04/29 15:45:33,994000,11.504
2026/04/29 15:45:33,995000,11.490
2026/04/29 15:45:33,996000,11.499
2026/04/29 15:45:33,997000,11.496
2026/04/29 15:45:33,998000,11.490
2026/04/29 15:45:33,999000,11.490
2026/04/29 15:45:34,000000,11.496
2026/04/29 15:45:34,001000,11.493
2026/04/29 15:45:34,002000,11.493
2026/04/29 15:45:34,003000,11.490
2026/04/29 15:45:34,004000,11.496
2026/04/29 15:45:34,005000,11.499
2026/04/29 15:45:34,006000,11.499
2026/04/29 15:45:34,007000,11.499
2026/04/29 15:45:34,008000,11.493
2026/04/29 15:45:34,009000,11.493
2026/04/29 15:45:34,010000,11.499
2026/04/29 15:45:34,011000,11.493
2026/04/29 15:45:34,012000,11.490
2026/04/29 15:45:34,013000,11.493
2026/04/29 15:45:34,014000,11.496
2026/04/29 15:45:34,015000,11.493
2026/04/29 15:45:34,016000,11.493
2026/04/29 15:45:34,017000,11.496
2026/04/29 15:45:34,018000,11.499
2026/04/29 15:45:34,019000,11.496
2026/04/29 15:45:34,020000,11.496
2026/04/29 15:45:34,021000,11.493
2026/04/29 15:45:34,022000,11.490
2026/04/29 15:45:34,023000,11.493
2026/04/29 15:45:34,024000,11.493
2026/04/29 15:45:34,025000,11.499
2026/04/29 15:45:34,026000,11.496
2026/04/29 15:45:34,027000,11.493
2026/04/29 15:45:34,028000,11.496
2026/04/29 15:45:34,029000,11.496
2026/04/29 15:45:34,030000,11.493
2026/04/29 15:45:34,031000,11.501
2026/04/29 15:45:34,032000,11.499
2026/04/29 15:45:34,033000,11.493
2026/04/29 15:45:34,034000,11.487
2026/04/29 15:45:34,035000,11.499
2026/04/29 15:45:34,036000,11.496
2026/04/29 15:45:34,037000,11.493
2026/04/29 15:45:34,038000,11.493
2026/04/29 15:45:34,039000,11.496
2026/04/29 15:45:34,040000,11.499
2026/04/29 15:45:34,041000,11.493
2026/04/29 15:45:34,042000,11.496
2026/04/29 15:45:34,043000,11.499
2026/04/29 15:45:34,044000,11.496
2026/04/29 15:45:34,045000,11.501
2026/04/29 15:45:34,046000,11.490
2026/04/29 15:45:34,047000,11.493
2026/04/29 15:45:34,048000,11.487
2026/04/29 15:45:34,049000,11.496
2026/04/29 15:45:34,050000,11.499
2026/04/29 15:45:34,051000,11.493
2026/04/29 15:45:34,052000,11.499
2026/04/29 15:45:34,053000,11.499
2026/04/29 15:45:34,054000,11.493
2026/04/29 15:45:34,055000,11.496
2026/04/29 15:45:34,056000,11.496
2026/04/29 15:45:34,057000,11.493
2026/04/29 15:45:34,058000,11.493
2026/04/29 15:45:34,059000,11.493
2026/04/29 15:45:34,060000,11.490
2026/04/29 15:45:34,061000,11.490
2026/04/29 15:45:34,062000,11.499
2026/04/29 15:45:34,063000,11.496
2026/04/29 15:45:34,064000,11.499
2026/04/29 15:45:34,065000,11.496
2026/04/29 15:45:34,066000,11.493
2026/04/29 15:45:34,067000,11.496
2026/04/29 15:45:34,068000,11.501
2026/04/29 15:45:34,069000,11.496
2026/04/29 15:45:34,070000,11.493
2026/04/29 15:45:34,071000,11.493
2026/04/29 15:45:34,072000,11.485
2026/04/29 15:45:34,073000,11.493
2026/04/29 15:45:34,074000,11.490
2026/04/29 15:45:34,075000,11.487
2026/04/29 15:45:34,076000,11.499
2026/04/29 15:45:34,077000,11.493
2026/04/29 15:45:34,078000,11.493
2026/04/29 15:45:34,079000,11.499
2026/04/29 15:45:34,080000,11.496
2026/04/29 15:45:34,081000,11.499
2026/04/29 15:45:34,082000,11.499
2026/04/29 15:45:34,083000,11.490
2026/04/29 15:45:34,084000,11.496
2026/04/29 15:45:34,085000,11.499
2026/04/29 15:45:34,086000,11.490
2026/04/29 15:45:34,087000,11.493
2026/04/29 15:45:34,088000,11.493
2026/04/29 15:45:34,089000,11.499
2026/04/29 15:45:34,090000,11.496
2026/04/29 15:45:34,091000,11.496
2026/04/29 15:45:34,092000,11.496
2026/04/29 15:45:34,093000,11.493
2026/04/29 15:45:34,094000,11.493
2026/04/29 15:45:34,095000,11.499
2026/04/29 15:45:34,096000,11.493
2026/04/29 15:45:34,097000,11.496
2026/04/29 15:45:34,098000,11.501
2026/04/29 15:45:34,099000,11.501
2026/04/29 15:45:34,100000,11.493
2026/04/29 15:45:34,101000,11.490
2026/04/29 15:45:34,102000,11.487
2026/04/29 15:45:34,103000,11.490
2026/04/29 15:45:34,104000,11.493
2026/04/29 15:45:34,105000,11.490
2026/04/29 15:45:34,106000,11.499
2026/04/29 15:45:34,107000,11.496
2026/04/29 15:45:34,108000,11.499
2026/04/29 15:45:34,109000,11.496
2026/04/29 15:45:34,110000,11.499
2026/04/29 15:45:34,111000,11.490
2026/04/29 15:45:34,112000,11.493
2026/04/29 15:45:34,113000,11.493
2026/04/29 15:45:34,114000,11.499
2026/04/29 15:45:34,115000,11.496
2026/04/29 15:45:34,116000,11.499
2026/04/29 15:45:34,117000,11.493
2026/04/29 15:45:34,118000,11.499
2026/04/29 15:45:34,119000,11.504
2026/04/29 15:45:34,120000,11.493
2026/04/29 15:45:34,121000,11.499
2026/04/29 15:45:34,122000,11.493
2026/04/29 15:45:34,123000,11.510
2026/04/29 15:45:34,124000,11.499
2026/04/29 15:45:34,125000,11.493
2026/04/29 15:45:34,126000,11.493
2026/04/29 15:45:34,127000,11.493
2026/04/29 15:45:34,128000,11.496
2026/04/29 15:45:34,129000,11.499
2026/04/29 15:45:34,130000,11.496
2026/04/29 15:45:34,131000,11.499
2026/04/29 15:45:34,132000,11.493
2026/04/29 15:45:34,133000,11.493
2026/04/29 15:45:34,134000,11.501
2026/04/29 15:45:34,135000,11.493
2026/04/29 15:45:34,136000,11.499
2026/04/29 15:45:34,137000,11.493
2026/04/29 15:45:34,138000,11.490
2026/04/29 15:45:34,139000,11.501
2026/04/29 15:45:34,140000,11.496
2026/04/29 15:45:34,141000,11.496
2026/04/29 15:45:34,142000,11.496
2026/04/29 15:45:34,143000,11.501
2026/04/29 15:45:34,144000,11.499
2026/04/29 15:45:34,145000,11.499
2026/04/29 15:45:34,146000,11.493
2026/04/29 15:45:34,147000,11.493
2026/04/29 15:45:34,148000,11.499
2026/04/29 15:45:34,149000,11.499
2026/04/29 15:45:34,150000,11.490
2026/04/29 15:45:34,151000,11.499
2026/04/29 15:45:34,152000,11.490
2026/04/29 15:45:34,153000,11.499
2026/04/29 15:45:34,154000,11.490
2026/04/29 15:45:34,155000,11.499
2026/04/29 15:45:34,156000,11.501
2026/04/29 15:45:34,157000,11.499
2026/04/29 15:45:34,158000,11.493
2026/04/29 15:45:34,159000,11.487
2026/04/29 15:45:34,160000,11.493
2026/04/29 15:45:34,161000,11.499
2026/04/29 15:45:34,162000,11.493
2026/04/29 15:45:34,163000,11.499
2026/04/29 15:45:34,164000,11.490
2026/04/29 15:45:34,165000,11.496
2026/04/29 15:45:34,166000,11.499
2026/04/29 15:45:34,167000,11.493
2026/04/29 15:45:34,168000,11.493
2026/04/29 15:45:34,169000,11.499
2026/04/29 15:45:34,170000,11.496
2026/04/29 15:45:34,171000,11.487
2026/04/29 15:45:34,172000,11.490
2026/04/29 15:45:34,173000,11.493
2026/04/29 15:45:34,174000,11.490
2026/04/29 15:45:34,175000,11.493
2026/04/29 15:45:34,176000,11.493
2026/04/29 15:45:34,177000,11.493
2026/04/29 15:45:34,178000,11.490
2026/04/29 15:45:34,179000,11.499
2026/04/29 15:45:34,180000,11.496
2026/04/29 15:45:34,181000,11.499
2026/04/29 15:45:34,182000,11.493
2026/04/29 15:45:34,183000,11.493
2026/04/29 15:45:34,184000,11.496
2026/04/29 15:45:34,185000,11.499
2026/04/29 15:45:34,186000,11.496
2026/04/29 15:45:34,187000,11.499
2026/04/29 15:45:34,188000,11.501
2026/04/29 15:45:34,189000,11.496
2026/04/29 15:45:34,190000,11.501
2026/04/29 15:45:34,191000,11.493
2026/04/29 15:45:34,192000,11.499
2026/04/29 15:45:34,193000,11.493
2026/04/29 15:45:34,194000,11.496
2026/04/29 15:45:34,195000,11.496
2026/04/29 15:45:34,196000,11.490
2026/04/29 15:45:34,197000,11.493
2026/04/29 15:45:34,198000,11.493
2026/04/29 15:45:34,199000,11.493
2026/04/29 15:45:34,200000,11.493
2026/04/29 15:45:34,201000,11.493
2026/04/29 15:45:34,202000,11.499
2026/04/29 15:45:34,203000,11.501
2026/04/29 15:45:34,204000,11.496
2026/04/29 15:45:34,205000,11.499
2026/04/29 15:45:34,206000,11.493
2026/04/29 15:45:34,207000,11.496
2026/04/29 15:45:34,208000,11.504
2026/04/29 15:45:34,209000,11.487
2026/04/29 15:45:34,210000,11.499
2026/04/29 15:45:34,211000,11.493
2026/04/29 15:45:34,212000,11.501
2026/04/29 15:45:34,213000,11.499
2026/04/29 15:45:34,214000,11.490
2026/04/29 15:45:34,215000,11.496
2026/04/29 15:45:34,216000,11.496
2026/04/29 15:45:34,217000,11.499
2026/04/29 15:45:34,218000,11.501
2026/04/29 15:45:34,219000,11.499
2026/04/29 15:45:34,220000,11.501
2026/04/29 15:45:34,221000,11.493
2026/04/29 15:45:34,222000,11.499
2026/04/29 15:45:34,223000,11.490
2026/04/29 15:45:34,224000,11.493
2026/04/29 15:45:34,225000,11.493
2026/04/29 15:45:34,226000,11.490
2026/04/29 15:45:34,227000,11.501
2026/04/29 15:45:34,228000,11.499
2026/04/29 15:45:34,229000,11.496
2026/04/29 15:45:34,230000,11.493
2026/04/29 15:45:34,231000,11.493
2026/04/29 15:45:34,232000,11.499
2026/04/29 15:45:34,233000,11.490
2026/04/29 15:45:34,234000,11.493
2026/04/29 15:45:34,235000,11.496
2026/04/29 15:45:34,236000,11.493
2026/04/29 15:45:34,237000,11.493
2026/04/29 15:45:34,238000,11.487
2026/04/29 15:45:34,239000,11.496
2026/04/29 15:45:34,240000,11.496
2026/04/29 15:45:34,241000,11.490
2026/04/29 15:45:34,242000,11.496
2026/04/29 15:45:34,243000,11.496
2026/04/29 15:45:34,244000,11.496
2026/04/29 15:45:34,245000,11.501
2026/04/29 15:45:34,246000,11.496
2026/04/29 15:45:34,247000,11.490
2026/04/29 15:45:34,248000,11.499
2026/04/29 15:45:34,249000,11.496
2026/04/29 15:45:34,250000,11.501
2026/04/29 15:45:34,251000,11.499
2026/04/29 15:45:34,252000,11.493
2026/04/29 15:45:34,253000,11.496
2026/04/29 15:45:34,254000,11.493
2026/04/29 15:45:34,255000,11.496
2026/04/29 15:45:34,256000,11.493
2026/04/29 15:45:34,257000,11.493
2026/04/29 15:45:34,258000,11.501
2026/04/29 15:45:34,259000,11.493
2026/04/29 15:45:34,260000,11.496
2026/04/29 15:45:34,261000,11.501
2026/04/29 15:45:34,262000,11.496
2026/04/29 15:45:34,263000,11.490
2026/04/29 15:45:34,264000,11.496
2026/04/29 15:45:34,265000,11.490
2026/04/29 15:45:34,266000,11.493
2026/04/29 15:45:34,267000,11.499
2026/04/29 15:45:34,268000,11.499
2026/04/29 15:45:34,269000,11.499
2026/04/29 15:45:34,270000,11.496
2026/04/29 15:45:34,271000,11.487
2026/04/29 15:45:34,272000,11.499
2026/04/29 15:45:34,273000,11.496
2026/04/29 15:45:34,274000,11.499
2026/04/29 15:45:34,275000,11.496
2026/04/29 15:45:34,276000,11.496
2026/04/29 15:45:34,277000,11.493
2026/04/29 15:45:34,278000,11.501
2026/04/29 15:45:34,279000,11.501
2026/04/29 15:45:34,280000,11.496
2026/04/29 15:45:34,281000,11.490
2026/04/29 15:45:34,282000,11.490
2026/04/29 15:45:34,283000,11.493
2026/04/29 15:45:34,284000,11.496
2026/04/29 15:45:34,285000,11.501
2026/04/29 15:45:34,286000,11.485
2026/04/29 15:45:34,287000,11.493
2026/04/29 15:45:34,288000,11.496
2026/04/29 15:45:34,289000,11.493
2026/04/29 15:45:34,290000,11.499
2026/04/29 15:45:34,291000,11.490
2026/04/29 15:45:34,292000,11.501
2026/04/29 15:45:34,293000,11.487
2026/04/29 15:45:34,294000,11.496
2026/04/29 15:45:34,295000,11.493
2026/04/29 15:45:34,296000,11.493
2026/04/29 15:45:34,297000,11.496
2026/04/29 15:45:34,298000,11.493
2026/04/29 15:45:34,299000,11.496
2026/04/29 15:45:34,300000,11.496
2026/04/29 15:45:34,301000,11.490
2026/04/29 15:45:34,302000,11.490
2026/04/29 15:45:34,303000,11.493
2026/04/29 15:45:34,304000,11.493
2026/04/29 15:45:34,305000,11.493
2026/04/29 15:45:34,306000,11.493
2026/04/29 15:45:34,307000,11.493
2026/04/29 15:45:34,308000,11.501
2026/04/29 15:45:34,309000,11.493
2026/04/29 15:45:34,310000,11.493
2026/04/29 15:45:34,311000,11.496
2026/04/29 15:45:34,312000,11.493
2026/04/29 15:45:34,313000,11.490
2026/04/29 15:45:34,314000,11.499
2026/04/29 15:45:34,315000,11.493
2026/04/29 15:45:34,316000,11.496
2026/04/29 15:45:34,317000,11.493
2026/04/29 15:45:34,318000,11.501
2026/04/29 15:45:34,319000,11.499
2026/04/29 15:45:34,320000,11.499
2026/04/29 15:45:34,321000,11.496
2026/04/29 15:45:34,322000,11.501
2026/04/29 15:45:34,323000,11.487
2026/04/29 15:45:34,324000,11.504
2026/04/29 15:45:34,325000,11.493
2026/04/29 15:45:34,326000,11.496
2026/04/29 15:45:34,327000,11.499
2026/04/29 15:45:34,328000,11.493
2026/04/29 15:45:34,329000,11.496
2026/04/29 15:45:34,330000,11.493
2026/04/29 15:45:34,331000,11.493
2026/04/29 15:45:34,332000,11.496
2026/04/29 15:45:34,333000,11.493
2026/04/29 15:45:34,334000,11.493
2026/04/29 15:45:34,335000,11.496
2026/04/29 15:45:34,336000,11.496
2026/04/29 15:45:34,337000,11.490
2026/04/29 15:45:34,338000,11.493
2026/04/29 15:45:34,339000,11.499
2026/04/29 15:45:34,340000,11.493
2026/04/29 15:45:34,341000,11.493
2026/04/29 15:45:34,342000,11.496
2026/04/29 15:45:34,343000,11.490
2026/04/29 15:45:34,344000,11.501
2026/04/29 15:45:34,345000,11.496
2026/04/29 15:45:34,346000,11.496
2026/04/29 15:45:34,347000,11.496
2026/04/29 15:45:34,348000,11.496
2026/04/29 15:45:34,349000,11.493
2026/04/29 15:45:34,350000,11.499
2026/04/29 15:45:34,351000,11.501
2026/04/29 15:45:34,352000,11.496
2026/04/29 15:45:34,353000,11.496
2026/04/29 15:45:34,354000,11.499
2026/04/29 15:45:34,355000,11.493
2026/04/29 15:45:34,356000,11.493
2026/04/29 15:45:34,357000,11.493
2026/04/29 15:45:34,358000,11.496
2026/04/29 15:45:34,359000,11.493
2026/04/29 15:45:34,360000,11.499
2026/04/29 15:45:34,361000,11.493
2026/04/29 15:45:34,362000,11.496
2026/04/29 15:45:34,363000,11.496
2026/04/29 15:45:34,364000,11.501
2026/04/29 15:45:34,365000,11.501
2026/04/29 15:45:34,366000,11.493
2026/04/29 15:45:34,367000,11.493
2026/04/29 15:45:34,368000,11.493
2026/04/29 15:45:34,369000,11.493
2026/04/29 15:45:34,370000,11.493
2026/04/29 15:45:34,371000,11.496
2026/04/29 15:45:34,372000,11.499
2026/04/29 15:45:34,373000,11.499
2026/04/29 15:45:34,374000,11.496
2026/04/29 15:45:34,375000,11.504
2026/04/29 15:45:34,376000,11.499
2026/04/29 15:45:34,377000,11.499
2026/04/29 15:45:34,378000,11.496
2026/04/29 15:45:34,379000,11.496
2026/04/29 15:45:34,380000,11.490
2026/04/29 15:45:34,381000,11.493
2026/04/29 15:45:34,382000,11.499
2026/04/29 15:45:34,383000,11.496
2026/04/29 15:45:34,384000,11.499
2026/04/29 15:45:34,385000,11.493
2026/04/29 15:45:34,386000,11.499
2026/04/29 15:45:34,387000,11.499
2026/04/29 15:45:34,388000,11.499
2026/04/29 15:45:34,389000,11.490
2026/04/29 15:45:34,390000,11.499
2026/04/29 15:45:34,391000,11.493
2026/04/29 15:45:34,392000,11.496
2026/04/29 15:45:34,393000,11.485
2026/04/29 15:45:34,394000,11.499
2026/04/29 15:45:34,395000,11.493
2026/04/29 15:45:34,396000,11.496
2026/04/29 15:45:34,397000,11.501
2026/04/29 15:45:34,398000,11.493
2026/04/29 15:45:34,399000,11.501
2026/04/29 15:45:34,400000,11.496
2026/04/29 15:45:34,401000,11.501
2026/04/29 15:45:34,402000,11.493
2026/04/29 15:45:34,403000,11.493
2026/04/29 15:45:34,404000,11.499
2026/04/29 15:45:34,405000,11.504
2026/04/29 15:45:34,406000,11.499
2026/04/29 15:45:34,407000,11.496
2026/04/29 15:45:34,408000,11.493
2026/04/29 15:45:34,409000,11.490
2026/04/29 15:45:34,410000,11.493
2026/04/29 15:45:34,411000,11.487
2026/04/29 15:45:34,412000,11.493
2026/04/29 15:45:34,413000,11.496
2026/04/29 15:45:34,414000,11.499
2026/04/29 15:45:34,415000,11.499
2026/04/29 15:45:34,416000,11.496
2026/04/29 15:45:34,417000,11.493
2026/04/29 15:45:34,418000,11.493
2026/04/29 15:45:34,419000,11.493
2026/04/29 15:45:34,420000,11.493
2026/04/29 15:45:34,421000,11.493
2026/04/29 15:45:34,422000,11.496
2026/04/29 15:45:34,423000,11.496
2026/04/29 15:45:34,424000,11.496
2026/04/29 15:45:34,425000,11.499
2026/04/29 15:45:34,426000,11.501
2026/04/29 15:45:34,427000,11.496
2026/04/29 15:45:34,428000,11.499
2026/04/29 15:45:34,429000,11.496
2026/04/29 15:45:34,430000,11.496
2026/04/29 15:45:34,431000,11.493
2026/04/29 15:45:34,432000,11.493
2026/04/29 15:45:34,433000,11.493
2026/04/29 15:45:34,434000,11.501
2026/04/29 15:45:34,435000,11.493
2026/04/29 15:45:34,436000,11.496
2026/04/29 15:45:34,437000,11.493
2026/04/29 15:45:34,438000,11.496
2026/04/29 15:45:34,439000,11.499
2026/04/29 15:45:34,440000,11.493
2026/04/29 15:45:34,441000,11.493
2026/04/29 15:45:34,442000,11.499
2026/04/29 15:45:34,443000,11.493
2026/04/29 15:45:34,444000,11.499
2026/04/29 15:45:34,445000,11.493
2026/04/29 15:45:34,446000,11.496
2026/04/29 15:45:34,447000,11.496
2026/04/29 15:45:34,448000,11.496
2026/04/29 15:45:34,449000,11.499
2026/04/29 15:45:34,450000,11.496
2026/04/29 15:45:34,451000,11.490
2026/04/29 15:45:34,452000,11.493
2026/04/29 15:45:34,453000,11.493
2026/04/29 15:45:34,454000,11.493
2026/04/29 15:45:34,455000,11.496
2026/04/29 15:45:34,456000,11.496
2026/04/29 15:45:34,457000,11.496
2026/04/29 15:45:34,458000,11.501
2026/04/29 15:45:34,459000,11.501
2026/04/29 15:45:34,460000,11.501
2026/04/29 15:45:34,461000,11.490
2026/04/29 15:45:34,462000,11.496
2026/04/29 15:45:34,463000,11.501
2026/04/29 15:45:34,464000,11.496
2026/04/29 15:45:34,465000,11.493
2026/04/29 15:45:34,466000,11.493
2026/04/29 15:45:34,467000,11.493
2026/04/29 15:45:34,468000,11.490
2026/04/29 15:45:34,469000,11.493
2026/04/29 15:45:34,470000,11.493
2026/04/29 15:45:34,471000,11.490
2026/04/29 15:45:34,472000,11.493
2026/04/29 15:45:34,473000,11.493
2026/04/29 15:45:34,474000,11.496
2026/04/29 15:45:34,475000,11.496
2026/04/29 15:45:34,476000,11.490
2026/04/29 15:45:34,477000,11.496
2026/04/29 15:45:34,478000,11.496
2026/04/29 15:45:34,479000,11.493
2026/04/29 15:45:34,480000,11.501
2026/04/29 15:45:34,481000,11.496
2026/04/29 15:45:34,482000,11.493
2026/04/29 15:45:34,483000,11.499
2026/04/29 15:45:34,484000,11.493
2026/04/29 15:45:34,485000,11.493
2026/04/29 15:45:34,486000,11.487
2026/04/29 15:45:34,487000,11.499
2026/04/29 15:45:34,488000,11.496
2026/04/29 15:45:34,489000,11.496
2026/04/29 15:45:34,490000,11.493
2026/04/29 15:45:34,491000,11.493
2026/04/29 15:45:34,492000,11.493
2026/04/29 15:45:34,493000,11.496
2026/04/29 15:45:34,494000,11.496
2026/04/29 15:45:34,495000,11.499
2026/04/29 15:45:34,496000,11.487
2026/04/29 15:45:34,497000,11.496
2026/04/29 15:45:34,498000,11.496
2026/04/29 15:45:34,499000,11.499
2026/04/29 15:45:34,500000,11.490
2026/04/29 15:45:34,501000,11.499
2026/04/29 15:45:34,502000,11.504
2026/04/29 15:45:34,503000,11.496
2026/04/29 15:45:34,504000,11.490
2026/04/29 15:45:34,505000,11.496
2026/04/29 15:45:34,506000,11.496
2026/04/29 15:45:34,507000,11.496
2026/04/29 15:45:34,508000,11.493
2026/04/29 15:45:34,509000,11.496
2026/04/29 15:45:34,510000,11.496
2026/04/29 15:45:34,511000,11.493
2026/04/29 15:45:34,512000,11.496
2026/04/29 15:45:34,513000,11.496
2026/04/29 15:45:34,514000,11.493
2026/04/29 15:45:34,515000,11.499
2026/04/29 15:45:34,516000,11.496
2026/04/29 15:45:34,517000,11.496
2026/04/29 15:45:34,518000,11.496
2026/04/29 15:45:34,519000,11.499
2026/04/29 15:45:34,520000,11.504
2026/04/29 15:45:34,521000,11.496
2026/04/29 15:45:34,522000,11.496
2026/04/29 15:45:34,523000,11.496
2026/04/29 15:45:34,524000,11.501
2026/04/29 15:45:34,525000,11.493
2026/04/29 15:45:34,526000,11.499
2026/04/29 15:45:34,527000,11.499
2026/04/29 15:45:34,528000,11.493
2026/04/29 15:45:34,529000,11.499
2026/04/29 15:45:34,530000,11.499
2026/04/29 15:45:34,531000,11.504
2026/04/29 15:45:34,532000,11.490
2026/04/29 15:45:34,533000,11.493
2026/04/29 15:45:34,534000,11.493
2026/04/29 15:45:34,535000,11.496
2026/04/29 15:45:34,536000,11.496
2026/04/29 15:45:34,537000,11.496
2026/04/29 15:45:34,538000,11.493
2026/04/29 15:45:34,539000,11.496
2026/04/29 15:45:34,540000,11.487
2026/04/29 15:45:34,541000,11.496
2026/04/29 15:45:34,542000,11.496
2026/04/29 15:45:34,543000,11.496
2026/04/29 15:45:34,544000,11.501
2026/04/29 15:45:34,545000,11.490
2026/04/29 15:45:34,546000,11.499
2026/04/29 15:45:34,547000,11.496
2026/04/29 15:45:34,548000,11.490
2026/04/29 15:45:34,549000,11.496
2026/04/29 15:45:34,550000,11.493
2026/04/29 15:45:34,551000,11.496
2026/04/29 15:45:34,552000,11.493
2026/04/29 15:45:34,553000,11.493
2026/04/29 15:45:34,554000,11.496
2026/04/29 15:45:34,555000,11.496
2026/04/29 15:45:34,556000,11.496
2026/04/29 15:45:34,557000,11.496
2026/04/29 15:45:34,558000,11.499
2026/04/29 15:45:34,559000,11.493
2026/04/29 15:45:34,560000,11.499
2026/04/29 15:45:34,561000,11.499
2026/04/29 15:45:34,562000,11.496
2026/04/29 15:45:34,563000,11.499
2026/04/29 15:45:34,564000,11.496
2026/04/29 15:45:34,565000,11.496
2026/04/29 15:45:34,566000,11.493
2026/04/29 15:45:34,567000,11.487
2026/04/29 15:45:34,568000,11.493
2026/04/29 15:45:34,569000,11.499
2026/04/29 15:45:34,570000,11.493
2026/04/29 15:45:34,571000,11.499
2026/04/29 15:45:34,572000,11.493
2026/04/29 15:45:34,573000,11.493
2026/04/29 15:45:34,574000,11.496
2026/04/29 15:45:34,575000,11.501
2026/04/29 15:45:34,576000,11.501
2026/04/29 15:45:34,577000,11.496
2026/04/29 15:45:34,578000,11.501
2026/04/29 15:45:34,579000,11.501
2026/04/29 15:45:34,580000,11.493
2026/04/29 15:45:34,581000,11.490
2026/04/29 15:45:34,582000,11.496
2026/04/29 15:45:34,583000,11.493
2026/04/29 15:45:34,584000,11.493
2026/04/29 15:45:34,585000,11.496
2026/04/29 15:45:34,586000,11.501
2026/04/29 15:45:34,587000,11.499
2026/04/29 15:45:34,588000,11.496
2026/04/29 15:45:34,589000,11.493
2026/04/29 15:45:34,590000,11.496
2026/04/29 15:45:34,591000,11.496
2026/04/29 15:45:34,592000,11.490
2026/04/29 15:45:34,593000,11.499
2026/04/29 15:45:34,594000,11.493
2026/04/29 15:45:34,595000,11.493
2026/04/29 15:45:34,596000,11.496
2026/04/29 15:45:34,597000,11.493
2026/04/29 15:45:34,598000,11.501
2026/04/29 15:45:34,599000,11.501
2026/04/29 15:45:34,600000,11.493
2026/04/29 15:45:34,601000,11.499
2026/04/29 15:45:34,602000,11.493
2026/04/29 15:45:34,603000,11.496
2026/04/29 15:45:34,604000,11.499
2026/04/29 15:45:34,605000,11.493
2026/04/29 15:45:34,606000,11.496
2026/04/29 15:45:34,607000,11.501
2026/04/29 15:45:34,608000,11.501
2026/04/29 15:45:34,609000,11.493
2026/04/29 15:45:34,610000,11.493
2026/04/29 15:45:34,611000,11.499
2026/04/29 15:45:34,612000,11.496
2026/04/29 15:45:34,613000,11.493
2026/04/29 15:45:34,614000,11.496
2026/04/29 15:45:34,615000,11.490
2026/04/29 15:45:34,616000,11.493
2026/04/29 15:45:34,617000,11.496
2026/04/29 15:45:34,618000,11.496
2026/04/29 15:45:34,619000,11.490
2026/04/29 15:45:34,620000,11.493
2026/04/29 15:45:34,621000,11.496
2026/04/29 15:45:34,622000,11.493
2026/04/29 15:45:34,623000,11.496
2026/04/29 15:45:34,624000,11.499
2026/04/29 15:45:34,625000,11.493
2026/04/29 15:45:34,626000,11.501
2026/04/29 15:45:34,627000,11.504
2026/04/29 15:45:34,628000,11.490
2026/04/29 15:45:34,629000,11.493
2026/04/29 15:45:34,630000,11.490
2026/04/29 15:45:34,631000,11.496
2026/04/29 15:45:34,632000,11.493
2026/04/29 15:45:34,633000,11.496
2026/04/29 15:45:34,634000,11.493
2026/04/29 15:45:34,635000,11.490
2026/04/29 15:45:34,636000,11.493
2026/04/29 15:45:34,637000,11.501
2026/04/29 15:45:34,638000,11.499
2026/04/29 15:45:34,639000,11.496
2026/04/29 15:45:34,640000,11.493
2026/04/29 15:45:34,641000,11.501
2026/04/29 15:45:34,642000,11.493
2026/04/29 15:45:34,643000,11.496
2026/04/29 15:45:34,644000,11.490
2026/04/29 15:45:34,645000,11.499
2026/04/29 15:45:34,646000,11.496
2026/04/29 15:45:34,647000,11.496
2026/04/29 15:45:34,648000,11.493
2026/04/29 15:45:34,649000,11.493
2026/04/29 15:45:34,650000,11.493
2026/04/29 15:45:34,651000,11.499
2026/04/29 15:45:34,652000,11.501
2026/04/29 15:45:34,653000,11.490
2026/04/29 15:45:34,654000,11.499
2026/04/29 15:45:34,655000,11.496
2026/04/29 15:45:34,656000,11.496
2026/04/29 15:45:34,657000,11.496
2026/04/29 15:45:34,658000,11.493
2026/04/29 15:45:34,659000,11.496
2026/04/29 15:45:34,660000,11.496
2026/04/29 15:45:34,661000,11.490
2026/04/29 15:45:34,662000,11.499
2026/04/29 15:45:34,663000,11.493
2026/04/29 15:45:34,664000,11.501
2026/04/29 15:45:34,665000,11.490
2026/04/29 15:45:34,666000,11.493
2026/04/29 15:45:34,667000,11.496
2026/04/29 15:45:34,668000,11.501
2026/04/29 15:45:34,669000,11.490
2026/04/29 15:45:34,670000,11.493
2026/04/29 15:45:34,671000,11.493
2026/04/29 15:45:34,672000,11.496
2026/04/29 15:45:34,673000,11.493
2026/04/29 15:45:34,674000,11.493
2026/04/29 15:45:34,675000,11.490
2026/04/29 15:45:34,676000,11.496
2026/04/29 15:45:34,677000,11.496
2026/04/29 15:45:34,678000,11.493
2026/04/29 15:45:34,679000,11.493
2026/04/29 15:45:34,680000,11.496
2026/04/29 15:45:34,681000,11.487
2026/04/29 15:45:34,682000,11.496
2026/04/29 15:45:34,683000,11.493
2026/04/29 15:45:34,684000,11.493
2026/04/29 15:45:34,685000,11.496
2026/04/29 15:45:34,686000,11.496
2026/04/29 15:45:34,687000,11.490
2026/04/29 15:45:34,688000,11.493
2026/04/29 15:45:34,689000,11.499
2026/04/29 15:45:34,690000,11.496
2026/04/29 15:45:34,691000,11.487
2026/04/29 15:45:34,692000,11.493
2026/04/29 15:45:34,693000,11.493
2026/04/29 15:45:34,694000,11.490
2026/04/29 15:45:34,695000,11.499
2026/04/29 15:45:34,696000,11.493
2026/04/29 15:45:34,697000,11.499
2026/04/29 15:45:34,698000,11.499
2026/04/29 15:45:34,699000,11.490
2026/04/29 15:45:34,700000,11.493
2026/04/29 15:45:34,701000,11.493
2026/04/29 15:45:34,702000,11.496
2026/04/29 15:45:34,703000,11.490
2026/04/29 15:45:34,704000,11.496
2026/04/29 15:45:34,705000,11.490
2026/04/29 15:45:34,706000,11.496
2026/04/29 15:45:34,707000,11.490
2026/04/29 15:45:34,708000,11.501
2026/04/29 15:45:34,709000,11.499
2026/04/29 15:45:34,710000,11.487
2026/04/29 15:45:34,711000,11.496
2026/04/29 15:45:34,712000,11.496
2026/04/29 15:45:34,713000,11.493
2026/04/29 15:45:34,714000,11.496
2026/04/29 15:45:34,715000,11.496
2026/04/29 15:45:34,716000,11.499
2026/04/29 15:45:34,717000,11.493
2026/04/29 15:45:34,718000,11.496
2026/04/29 15:45:34,719000,11.493
2026/04/29 15:45:34,720000,11.493
2026/04/29 15:45:34,721000,11.499
2026/04/29 15:45:34,722000,11.499
2026/04/29 15:45:34,723000,11.493
2026/04/29 15:45:34,724000,11.493
2026/04/29 15:45:34,725000,11.482
2026/04/29 15:45:34,726000,11.496
2026/04/29 15:45:34,727000,11.493
2026/04/29 15:45:34,728000,11.499
2026/04/29 15:45:34,729000,11.493
2026/04/29 15:45:34,730000,11.490
2026/04/29 15:45:34,731000,11.493
2026/04/29 15:45:34,732000,11.496
2026/04/29 15:45:34,733000,11.496
2026/04/29 15:45:34,734000,11.490
2026/04/29 15:45:34,735000,11.490
2026/04/29 15:45:34,736000,11.499
2026/04/29 15:45:34,737000,11.496
2026/04/29 15:45:34,738000,11.493
2026/04/29 15:45:34,739000,11.487
2026/04/29 15:45:34,740000,11.493
2026/04/29 15:45:34,741000,11.499
2026/04/29 15:45:34,742000,11.496
2026/04/29 15:45:34,743000,11.493
2026/04/29 15:45:34,744000,11.496
2026/04/29 15:45:34,745000,11.493
2026/04/29 15:45:34,746000,11.490
2026/04/29 15:45:34,747000,11.499
2026/04/29 15:45:34,748000,11.499
2026/04/29 15:45:34,749000,11.487
2026/04/29 15:45:34,750000,11.493
2026/04/29 15:45:34,751000,11.499
2026/04/29 15:45:34,752000,11.501
2026/04/29 15:45:34,753000,11.493
2026/04/29 15:45:34,754000,11.501
2026/04/29 15:45:34,755000,11.493
2026/04/29 15:45:34,756000,11.496
2026/04/29 15:45:34,757000,11.496
2026/04/29 15:45:34,758000,11.493
2026/04/29 15:45:34,759000,11.490
2026/04/29 15:45:34,760000,11.490
2026/04/29 15:45:34,761000,11.496
2026/04/29 15:45:34,762000,11.490
2026/04/29 15:45:34,763000,11.493
2026/04/29 15:45:34,764000,11.499
2026/04/29 15:45:34,765000,11.493
2026/04/29 15:45:34,766000,11.499
2026/04/29 15:45:34,767000,11.493
2026/04/29 15:45:34,768000,11.496
2026/04/29 15:45:34,769000,11.496
2026/04/29 15:45:34,770000,11.490
2026/04/29 15:45:34,771000,11.493
2026/04/29 15:45:34,772000,11.499
2026/04/29 15:45:34,773000,11.493
2026/04/29 15:45:34,774000,11.501
2026/04/29 15:45:34,775000,11.499
2026/04/29 15:45:34,776000,11.496
2026/04/29 15:45:34,777000,11.499
2026/04/29 15:45:34,778000,11.501
2026/04/29 15:45:34,779000,11.496
2026/04/29 15:45:34,780000,11.499
2026/04/29 15:45:34,781000,11.490
2026/04/29 15:45:34,782000,11.496
2026/04/29 15:45:34,783000,11.493
2026/04/29 15:45:34,784000,11.493
2026/04/29 15:45:34,785000,11.493
2026/04/29 15:45:34,786000,11.499
2026/04/29 15:45:34,787000,11.493
2026/04/29 15:45:34,788000,11.493
2026/04/29 15:45:34,789000,11.490
2026/04/29 15:45:34,790000,11.493
2026/04/29 15:45:34,791000,11.496
2026/04/29 15:45:34,792000,11.499
2026/04/29 15:45:34,793000,11.499
2026/04/29 15:45:34,794000,11.499
2026/04/29 15:45:34,795000,11.493
2026/04/29 15:45:34,796000,11.499
2026/04/29 15:45:34,797000,11.496
2026/04/29 15:45:34,798000,11.490
2026/04/29 15:45:34,799000,11.493
2026/04/29 15:45:34,800000,11.493
2026/04/29 15:45:34,801000,11.493
2026/04/29 15:45:34,802000,11.496
2026/04/29 15:45:34,803000,11.493
2026/04/29 15:45:34,804000,11.499
2026/04/29 15:45:34,805000,11.496
2026/04/29 15:45:34,806000,11.499
2026/04/29 15:45:34,807000,11.504
2026/04/29 15:45:34,808000,11.493
2026/04/29 15:45:34,809000,11.493
2026/04/29 15:45:34,810000,11.501
2026/04/29 15:45:34,811000,11.493
2026/04/29 15:45:34,812000,11.493
2026/04/29 15:45:34,813000,11.493
2026/04/29 15:45:34,814000,11.485
2026/04/29 15:45:34,815000,11.490
2026/04/29 15:45:34,816000,11.496
2026/04/29 15:45:34,817000,11.490
2026/04/29 15:45:34,818000,11.499
2026/04/29 15:45:34,819000,11.493
2026/04/29 15:45:34,820000,11.499
2026/04/29 15:45:34,821000,11.493
2026/04/29 15:45:34,822000,11.490
2026/04/29 15:45:34,823000,11.499
2026/04/29 15:45:34,824000,11.499
2026/04/29 15:45:34,825000,11.501
2026/04/29 15:45:34,826000,11.499
2026/04/29 15:45:34,827000,11.496
2026/04/29 15:45:34,828000,11.493
2026/04/29 15:45:34,829000,11.499
2026/04/29 15:45:34,830000,11.496
2026/04/29 15:45:34,831000,11.493
2026/04/29 15:45:34,832000,11.499
2026/04/29 15:45:34,833000,11.501
2026/04/29 15:45:34,834000,11.493
2026/04/29 15:45:34,835000,11.496
2026/04/29 15:45:34,836000,11.493
2026/04/29 15:45:34,837000,11.496
2026/04/29 15:45:34,838000,11.493
2026/04/29 15:45:34,839000,11.501
2026/04/29 15:45:34,840000,11.499
2026/04/29 15:45:34,841000,11.487
2026/04/29 15:45:34,842000,11.496
2026/04/29 15:45:34,843000,11.499
2026/04/29 15:45:34,844000,11.496
2026/04/29 15:45:34,845000,11.499
2026/04/29 15:45:34,846000,11.499
2026/04/29 15:45:34,847000,11.493
2026/04/29 15:45:34,848000,11.493
2026/04/29 15:45:34,849000,11.499
2026/04/29 15:45:34,850000,11.496
2026/04/29 15:45:34,851000,11.499
2026/04/29 15:45:34,852000,11.496
2026/04/29 15:45:34,853000,11.490
2026/04/29 15:45:34,854000,11.496
2026/04/29 15:45:34,855000,11.496
2026/04/29 15:45:34,856000,11.496
2026/04/29 15:45:34,857000,11.499
2026/04/29 15:45:34,858000,11.501
2026/04/29 15:45:34,859000,11.493
2026/04/29 15:45:34,860000,11.493
2026/04/29 15:45:34,861000,11.499
2026/04/29 15:45:34,862000,11.499
2026/04/29 15:45:34,863000,11.496
2026/04/29 15:45:34,864000,11.501
2026/04/29 15:45:34,865000,11.493
2026/04/29 15:45:34,866000,11.493
2026/04/29 15:45:34,867000,11.496
2026/04/29 15:45:34,868000,11.499
2026/04/29 15:45:34,869000,11.496
2026/04/29 15:45:34,870000,11.499
2026/04/29 15:45:34,871000,11.501
2026/04/29 15:45:34,872000,11.490
2026/04/29 15:45:34,873000,11.499
2026/04/29 15:45:34,874000,11.493
2026/04/29 15:45:34,875000,11.501
2026/04/29 15:45:34,876000,11.499
2026/04/29 15:45:34,877000,11.496
2026/04/29 15:45:34,878000,11.496
2026/04/29 15:45:34,879000,11.496
2026/04/29 15:45:34,880000,11.496
2026/04/29 15:45:34,881000,11.496
2026/04/29 15:45:34,882000,11.496
2026/04/29 15:45:34,883000,11.496
2026/04/29 15:45:34,884000,11.499
2026/04/29 15:45:34,885000,11.493
2026/04/29 15:45:34,886000,11.493
2026/04/29 15:45:34,887000,11.490
2026/04/29 15:45:34,888000,11.496
2026/04/29 15:45:34,889000,11.499
2026/04/29 15:45:34,890000,11.496
2026/04/29 15:45:34,891000,11.487
2026/04/29 15:45:34,892000,11.490
2026/04/29 15:45:34,893000,11.493
2026/04/29 15:45:34,894000,11.496
2026/04/29 15:45:34,895000,11.496
2026/04/29 15:45:34,896000,11.496
2026/04/29 15:45:34,897000,11.496
2026/04/29 15:45:34,898000,11.496
2026/04/29 15:45:34,899000,11.493
2026/04/29 15:45:34,900000,11.501
2026/04/29 15:45:34,901000,11.493
2026/04/29 15:45:34,902000,11.490
2026/04/29 15:45:34,903000,11.490
2026/04/29 15:45:34,904000,11.493
2026/04/29 15:45:34,905000,11.496
2026/04/29 15:45:34,906000,11.499
2026/04/29 15:45:34,907000,11.496
2026/04/29 15:45:34,908000,11.496
2026/04/29 15:45:34,909000,11.493
2026/04/29 15:45:34,910000,11.487
2026/04/29 15:45:34,911000,11.499
2026/04/29 15:45:34,912000,11.496
2026/04/29 15:45:34,913000,11.499
2026/04/29 15:45:34,914000,11.496
2026/04/29 15:45:34,915000,11.499
2026/04/29 15:45:34,916000,11.496
2026/04/29 15:45:34,917000,11.493
2026/04/29 15:45:34,918000,11.499
2026/04/29 15:45:34,919000,11.501
2026/04/29 15:45:34,920000,11.496
2026/04/29 15:45:34,921000,11.499
2026/04/29 15:45:34,922000,11.493
2026/04/29 15:45:34,923000,11.496
2026/04/29 15:45:34,924000,11.504
2026/04/29 15:45:34,925000,11.490
2026/04/29 15:45:34,926000,11.493
2026/04/29 15:45:34,927000,11.493
2026/04/29 15:45:34,928000,11.493
2026/04/29 15:45:34,929000,11.493
2026/04/29 15:45:34,930000,11.490
2026/04/29 15:45:34,931000,11.493
2026/04/29 15:45:34,932000,11.490
2026/04/29 15:45:34,933000,11.499
2026/04/29 15:45:34,934000,11.496
2026/04/29 15:45:34,935000,11.496
2026/04/29 15:45:34,936000,11.490
2026/04/29 15:45:34,937000,11.504
2026/04/29 15:45:34,938000,11.496
2026/04/29 15:45:34,939000,11.493
2026/04/29 15:45:34,940000,11.501
2026/04/29 15:45:34,941000,11.499
2026/04/29 15:45:34,942000,11.493
2026/04/29 15:45:34,943000,11.493
2026/04/29 15:45:34,944000,11.499
2026/04/29 15:45:34,945000,11.493
2026/04/29 15:45:34,946000,11.499
2026/04/29 15:45:34,947000,11.499
2026/04/29 15:45:34,948000,11.499
2026/04/29 15:45:34,949000,11.501
2026/04/29 15:45:34,950000,11.496
2026/04/29 15:45:34,951000,11.499
2026/04/29 15:45:34,952000,11.487
2026/04/29 15:45:34,953000,11.499
2026/04/29 15:45:34,954000,11.493
2026/04/29 15:45:34,955000,11.501
2026/04/29 15:45:34,956000,11.496
2026/04/29 15:45:34,957000,11.499
2026/04/29 15:45:34,958000,11.496
2026/04/29 15:45:34,959000,11.499
2026/04/29 15:45:34,960000,11.493
2026/04/29 15:45:34,961000,11.496
2026/04/29 15:45:34,962000,11.499
2026/04/29 15:45:34,963000,11.499
2026/04/29 15:45:34,964000,11.496
2026/04/29 15:45:34,965000,11.493
2026/04/29 15:45:34,966000,11.501
2026/04/29 15:45:34,967000,11.493
2026/04/29 15:45:34,968000,11.499
2026/04/29 15:45:34,969000,11.496
2026/04/29 15:45:34,970000,11.499
2026/04/29 15:45:34,971000,11.496
2026/04/29 15:45:34,972000,11.499
2026/04/29 15:45:34,973000,11.493
2026/04/29 15:45:34,974000,11.496
2026/04/29 15:45:34,975000,11.490
2026/04/29 15:45:34,976000,11.499
2026/04/29 15:45:34,977000,11.501
2026/04/29 15:45:34,978000,11.496
2026/04/29 15:45:34,979000,11.496
2026/04/29 15:45:34,980000,11.501
2026/04/29 15:45:34,981000,11.496
2026/04/29 15:45:34,982000,11.499
2026/04/29 15:45:34,983000,11.496
2026/04/29 15:45:34,984000,11.496
2026/04/29 15:45:34,985000,11.499
2026/04/29 15:45:34,986000,11.493
2026/04/29 15:45:34,987000,11.499
2026/04/29 15:45:34,988000,11.499
2026/04/29 15:45:34,989000,11.501
2026/04/29 15:45:34,990000,11.490
2026/04/29 15:45:34,991000,11.493
2026/04/29 15:45:34,992000,11.499
2026/04/29 15:45:34,993000,11.499
2026/04/29 15:45:34,994000,11.496
2026/04/29 15:45:34,995000,11.487
2026/04/29 15:45:34,996000,11.499
2026/04/29 15:45:34,997000,11.499
2026/04/29 15:45:34,998000,11.499
2026/04/29 15:45:34,999000,11.496
2026/04/29 15:45:35,000000,11.504
2026/04/29 15:45:35,001000,11.496
2026/04/29 15:45:35,002000,11.490
2026/04/29 15:45:35,003000,11.499
2026/04/29 15:45:35,004000,11.499
2026/04/29 15:45:35,005000,11.499
2026/04/29 15:45:35,006000,11.499
2026/04/29 15:45:35,007000,11.493
2026/04/29 15:45:35,008000,11.504
2026/04/29 15:45:35,009000,11.490
2026/04/29 15:45:35,010000,11.496
2026/04/29 15:45:35,011000,11.496
2026/04/29 15:45:35,012000,11.499
2026/04/29 15:45:35,013000,11.499
2026/04/29 15:45:35,014000,11.501
2026/04/29 15:45:35,015000,11.501
2026/04/29 15:45:35,016000,11.504
2026/04/29 15:45:35,017000,11.501
2026/04/29 15:45:35,018000,11.499
2026/04/29 15:45:35,019000,11.504
2026/04/29 15:45:35,020000,11.493
2026/04/29 15:45:35,021000,11.501
2026/04/29 15:45:35,022000,11.490
2026/04/29 15:45:35,023000,11.496
2026/04/29 15:45:35,024000,11.493
2026/04/29 15:45:35,025000,11.501
2026/04/29 15:45:35,026000,11.493
2026/04/29 15:45:35,027000,11.501
2026/04/29 15:45:35,028000,11.501
2026/04/29 15:45:35,029000,11.499
2026/04/29 15:45:35,030000,11.501
2026/04/29 15:45:35,031000,11.499
2026/04/29 15:45:35,032000,11.499
2026/04/29 15:45:35,033000,11.496
2026/04/29 15:45:35,034000,11.493
2026/04/29 15:45:35,035000,11.499
2026/04/29 15:45:35,036000,11.493
2026/04/29 15:45:35,037000,11.496
2026/04/29 15:45:35,038000,11.499
2026/04/29 15:45:35,039000,11.493
2026/04/29 15:45:35,040000,11.501
2026/04/29 15:45:35,041000,11.496
2026/04/29 15:45:35,042000,11.493
2026/04/29 15:45:35,043000,11.499
2026/04/29 15:45:35,044000,11.501
2026/04/29 15:45:35,045000,11.496
2026/04/29 15:45:35,046000,11.499
2026/04/29 15:45:35,047000,11.499
2026/04/29 15:45:35,048000,11.496
2026/04/29 15:45:35,049000,11.496
2026/04/29 15:45:35,050000,11.493
2026/04/29 15:45:35,051000,11.501
2026/04/29 15:45:35,052000,11.493
2026/04/29 15:45:35,053000,11.493
2026/04/29 15:45:35,054000,11.501
2026/04/29 15:45:35,055000,11.496
2026/04/29 15:45:35,056000,11.496
2026/04/29 15:45:35,057000,11.501
2026/04/29 15:45:35,058000,11.493
2026/04/29 15:45:35,059000,11.496
2026/04/29 15:45:35,060000,11.501
2026/04/29 15:45:35,061000,11.490
2026/04/29 15:45:35,062000,11.504
2026/04/29 15:45:35,063000,11.501
2026/04/29 15:45:35,064000,11.493
2026/04/29 15:45:35,065000,11.493
2026/04/29 15:45:35,066000,11.493
2026/04/29 15:45:35,067000,11.499
2026/04/29 15:45:35,068000,11.493
2026/04/29 15:45:35,069000,11.499
2026/04/29 15:45:35,070000,11.499
2026/04/29 15:45:35,071000,11.499
2026/04/29 15:45:35,072000,11.499
2026/04/29 15:45:35,073000,11.499
2026/04/29 15:45:35,074000,11.499
2026/04/29 15:45:35,075000,11.496
2026/04/29 15:45:35,076000,11.496
2026/04/29 15:45:35,077000,11.496
2026/04/29 15:45:35,078000,11.490
2026/04/29 15:45:35,079000,11.501
2026/04/29 15:45:35,080000,11.493
2026/04/29 15:45:35,081000,11.504
2026/04/29 15:45:35,082000,11.493
2026/04/29 15:45:35,083000,11.501
2026/04/29 15:45:35,084000,11.493
2026/04/29 15:45:35,085000,11.499
2026/04/29 15:45:35,086000,11.499
2026/04/29 15:45:35,087000,11.496
2026/04/29 15:45:35,088000,11.499
2026/04/29 15:45:35,089000,11.496
2026/04/29 15:45:35,090000,11.496
2026/04/29 15:45:35,091000,11.499
2026/04/29 15:45:35,092000,11.510
2026/04/29 15:45:35,093000,11.499
2026/04/29 15:45:35,094000,11.499
2026/04/29 15:45:35,095000,11.493
2026/04/29 15:45:35,096000,11.496
2026/04/29 15:45:35,097000,11.496
2026/04/29 15:45:35,098000,11.501
2026/04/29 15:45:35,099000,11.499
2026/04/29 15:45:35,100000,11.499
2026/04/29 15:45:35,101000,11.493
2026/04/29 15:45:35,102000,11.499
2026/04/29 15:45:35,103000,11.499
2026/04/29 15:45:35,104000,11.501
2026/04/29 15:45:35,105000,11.493
2026/04/29 15:45:35,106000,11.501
2026/04/29 15:45:35,107000,11.496
2026/04/29 15:45:35,108000,11.496
2026/04/29 15:45:35,109000,11.493
2026/04/29 15:45:35,110000,11.496
2026/04/29 15:45:35,111000,11.501
2026/04/29 15:45:35,112000,11.499
2026/04/29 15:45:35,113000,11.499
2026/04/29 15:45:35,114000,11.493
2026/04/29 15:45:35,115000,11.501
2026/04/29 15:45:35,116000,11.493
2026/04/29 15:45:35,117000,11.496
2026/04/29 15:45:35,118000,11.490
2026/04/29 15:45:35,119000,11.499
2026/04/29 15:45:35,120000,11.499
2026/04/29 15:45:35,121000,11.499
2026/04/29 15:45:35,122000,11.501
2026/04/29 15:45:35,123000,11.493
2026/04/29 15:45:35,124000,11.493
2026/04/29 15:45:35,125000,11.493
2026/04/29 15:45:35,126000,11.499
2026/04/29 15:45:35,127000,11.499
2026/04/29 15:45:35,128000,11.496
2026/04/29 15:45:35,129000,11.490
2026/04/29 15:45:35,130000,11.499
2026/04/29 15:45:35,131000,11.496
2026/04/29 15:45:35,132000,11.496
2026/04/29 15:45:35,133000,11.501
2026/04/29 15:45:35,134000,11.493
2026/04/29 15:45:35,135000,11.504
2026/04/29 15:45:35,136000,11.499
2026/04/29 15:45:35,137000,11.496
2026/04/29 15:45:35,138000,11.496
2026/04/29 15:45:35,139000,11.490
2026/04/29 15:45:35,140000,11.499
2026/04/29 15:45:35,141000,11.501
2026/04/29 15:45:35,142000,11.499
2026/04/29 15:45:35,143000,11.496
2026/04/29 15:45:35,144000,11.493
2026/04/29 15:45:35,145000,11.499
2026/04/29 15:45:35,146000,11.499
2026/04/29 15:45:35,147000,11.496
2026/04/29 15:45:35,148000,11.501
2026/04/29 15:45:35,149000,11.496
2026/04/29 15:45:35,150000,11.499
2026/04/29 15:45:35,151000,11.499
2026/04/29 15:45:35,152000,11.501
2026/04/29 15:45:35,153000,11.499
2026/04/29 15:45:35,154000,11.499
2026/04/29 15:45:35,155000,11.499
2026/04/29 15:45:35,156000,11.499
2026/04/29 15:45:35,157000,11.496
2026/04/29 15:45:35,158000,11.490
2026/04/29 15:45:35,159000,11.499
2026/04/29 15:45:35,160000,11.493
2026/04/29 15:45:35,161000,11.499
2026/04/29 15:45:35,162000,11.496
2026/04/29 15:45:35,163000,11.493
2026/04/29 15:45:35,164000,11.496
2026/04/29 15:45:35,165000,11.501
2026/04/29 15:45:35,166000,11.499
2026/04/29 15:45:35,167000,11.496
2026/04/29 15:45:35,168000,11.499
2026/04/29 15:45:35,169000,11.496
2026/04/29 15:45:35,170000,11.496
2026/04/29 15:45:35,171000,11.501
2026/04/29 15:45:35,172000,11.499
2026/04/29 15:45:35,173000,11.496
2026/04/29 15:45:35,174000,11.499
2026/04/29 15:45:35,175000,11.499
2026/04/29 15:45:35,176000,11.499
2026/04/29 15:45:35,177000,11.499
2026/04/29 15:45:35,178000,11.499
2026/04/29 15:45:35,179000,11.501
2026/04/29 15:45:35,180000,11.493
2026/04/29 15:45:35,181000,11.496
2026/04/29 15:45:35,182000,11.501
2026/04/29 15:45:35,183000,11.499
2026/04/29 15:45:35,184000,11.504
2026/04/29 15:45:35,185000,11.490
2026/04/29 15:45:35,186000,11.490
2026/04/29 15:45:35,187000,11.501
2026/04/29 15:45:35,188000,11.493
2026/04/29 15:45:35,189000,11.504
2026/04/29 15:45:35,190000,11.499
2026/04/29 15:45:35,191000,11.493
2026/04/29 15:45:35,192000,11.499
2026/04/29 15:45:35,193000,11.493
2026/04/29 15:45:35,194000,11.499
2026/04/29 15:45:35,195000,11.501
2026/04/29 15:45:35,196000,11.496
2026/04/29 15:45:35,197000,11.501
2026/04/29 15:45:35,198000,11.499
2026/04/29 15:45:35,199000,11.501
2026/04/29 15:45:35,200000,11.499
2026/04/29 15:45:35,201000,11.496
2026/04/29 15:45:35,202000,11.493
2026/04/29 15:45:35,203000,11.496
2026/04/29 15:45:35,204000,11.499
2026/04/29 15:45:35,205000,11.496
2026/04/29 15:45:35,206000,11.496
2026/04/29 15:45:35,207000,11.499
2026/04/29 15:45:35,208000,11.496
2026/04/29 15:45:35,209000,11.501
2026/04/29 15:45:35,210000,11.493
2026/04/29 15:45:35,211000,11.501
2026/04/29 15:45:35,212000,11.499
2026/04/29 15:45:35,213000,11.501
2026/04/29 15:45:35,214000,11.496
2026/04/29 15:45:35,215000,11.493
2026/04/29 15:45:35,216000,11.499
2026/04/29 15:45:35,217000,11.496
2026/04/29 15:45:35,218000,11.496
2026/04/29 15:45:35,219000,11.499
2026/04/29 15:45:35,220000,11.501
2026/04/29 15:45:35,221000,11.496
2026/04/29 15:45:35,222000,11.501
2026/04/29 15:45:35,223000,11.504
2026/04/29 15:45:35,224000,11.493
2026/04/29 15:45:35,225000,11.493
2026/04/29 15:45:35,226000,11.504
2026/04/29 15:45:35,227000,11.499
2026/04/29 15:45:35,228000,11.493
2026/04/29 15:45:35,229000,11.493
2026/04/29 15:45:35,230000,11.499
2026/04/29 15:45:35,231000,11.493
2026/04/29 15:45:35,232000,11.496
2026/04/29 15:45:35,233000,11.504
2026/04/29 15:45:35,234000,11.496
2026/04/29 15:45:35,235000,11.501
2026/04/29 15:45:35,236000,11.501
2026/04/29 15:45:35,237000,11.499
2026/04/29 15:45:35,238000,11.493
2026/04/29 15:45:35,239000,11.501
2026/04/29 15:45:35,240000,11.496
2026/04/29 15:45:35,241000,11.499
2026/04/29 15:45:35,242000,11.501
2026/04/29 15:45:35,243000,11.501
2026/04/29 15:45:35,244000,11.501
2026/04/29 15:45:35,245000,11.496
2026/04/29 15:45:35,246000,11.501
2026/04/29 15:45:35,247000,11.490
2026/04/29 15:45:35,248000,11.501
2026/04/29 15:45:35,249000,11.499
2026/04/29 15:45:35,250000,11.501
2026/04/29 15:45:35,251000,11.496
2026/04/29 15:45:35,252000,11.496
2026/04/29 15:45:35,253000,11.499
2026/04/29 15:45:35,254000,11.493
2026/04/29 15:45:35,255000,11.499
2026/04/29 15:45:35,256000,11.496
2026/04/29 15:45:35,257000,11.501
2026/04/29 15:45:35,258000,11.493
2026/04/29 15:45:35,259000,11.493
2026/04/29 15:45:35,260000,11.496
2026/04/29 15:45:35,261000,11.493
2026/04/29 15:45:35,262000,11.496
2026/04/29 15:45:35,263000,11.499
2026/04/29 15:45:35,264000,11.496
2026/04/29 15:45:35,265000,11.501
2026/04/29 15:45:35,266000,11.501
2026/04/29 15:45:35,267000,11.496
2026/04/29 15:45:35,268000,11.499
2026/04/29 15:45:35,269000,11.499
2026/04/29 15:45:35,270000,11.493
2026/04/29 15:45:35,271000,11.499
2026/04/29 15:45:35,272000,11.499
2026/04/29 15:45:35,273000,11.493
2026/04/29 15:45:35,274000,11.499
2026/04/29 15:45:35,275000,11.493
2026/04/29 15:45:35,276000,11.493
2026/04/29 15:45:35,277000,11.496
2026/04/29 15:45:35,278000,11.499
2026/04/29 15:45:35,279000,11.496
2026/04/29 15:45:35,280000,11.493
2026/04/29 15:45:35,281000,11.504
2026/04/29 15:45:35,282000,11.496
2026/04/29 15:45:35,283000,11.490
2026/04/29 15:45:35,284000,11.496
2026/04/29 15:45:35,285000,11.499
2026/04/29 15:45:35,286000,11.499
2026/04/29 15:45:35,287000,11.501
2026/04/29 15:45:35,288000,11.499
2026/04/29 15:45:35,289000,11.499
2026/04/29 15:45:35,290000,11.493
2026/04/29 15:45:35,291000,11.501
2026/04/29 15:45:35,292000,11.499
2026/04/29 15:45:35,293000,11.493
2026/04/29 15:45:35,294000,11.493
2026/04/29 15:45:35,295000,11.493
2026/04/29 15:45:35,296000,11.493
2026/04/29 15:45:35,297000,11.493
2026/04/29 15:45:35,298000,11.490
2026/04/29 15:45:35,299000,11.493
2026/04/29 15:45:35,300000,11.499
2026/04/29 15:45:35,301000,11.490
2026/04/29 15:45:35,302000,11.499
2026/04/29 15:45:35,303000,11.499
2026/04/29 15:45:35,304000,11.499
2026/04/29 15:45:35,305000,11.501
2026/04/29 15:45:35,306000,11.496
2026/04/29 15:45:35,307000,11.499
2026/04/29 15:45:35,308000,11.496
2026/04/29 15:45:35,309000,11.493
2026/04/29 15:45:35,310000,11.499
2026/04/29 15:45:35,311000,11.501
2026/04/29 15:45:35,312000,11.496
2026/04/29 15:45:35,313000,11.493
2026/04/29 15:45:35,314000,11.493
2026/04/29 15:45:35,315000,11.493
2026/04/29 15:45:35,316000,11.499
2026/04/29 15:45:35,317000,11.493
2026/04/29 15:45:35,318000,11.496
2026/04/29 15:45:35,319000,11.499
2026/04/29 15:45:35,320000,11.499
2026/04/29 15:45:35,321000,11.499
2026/04/29 15:45:35,322000,11.499
2026/04/29 15:45:35,323000,11.490
2026/04/29 15:45:35,324000,11.501
2026/04/29 15:45:35,325000,11.501
2026/04/29 15:45:35,326000,11.504
2026/04/29 15:45:35,327000,11.496
2026/04/29 15:45:35,328000,11.493
2026/04/29 15:45:35,329000,11.496
2026/04/29 15:45:35,330000,11.496
2026/04/29 15:45:35,331000,11.499
2026/04/29 15:45:35,332000,11.496
2026/04/29 15:45:35,333000,11.496
2026/04/29 15:45:35,334000,11.496
2026/04/29 15:45:35,335000,11.493
2026/04/29 15:45:35,336000,11.496
2026/04/29 15:45:35,337000,11.496
2026/04/29 15:45:35,338000,11.496
2026/04/29 15:45:35,339000,11.499
2026/04/29 15:45:35,340000,11.501
2026/04/29 15:45:35,341000,11.501
2026/04/29 15:45:35,342000,11.493
2026/04/29 15:45:35,343000,11.496
2026/04/29 15:45:35,344000,11.501
2026/04/29 15:45:35,345000,11.496
2026/04/29 15:45:35,346000,11.499
2026/04/29 15:45:35,347000,11.496
2026/04/29 15:45:35,348000,11.493
2026/04/29 15:45:35,349000,11.499
2026/04/29 15:45:35,350000,11.496
2026/04/29 15:45:35,351000,11.499
2026/04/29 15:45:35,352000,11.496
2026/04/29 15:45:35,353000,11.499
2026/04/29 15:45:35,354000,11.493
2026/04/29 15:45:35,355000,11.493
2026/04/29 15:45:35,356000,11.496
2026/04/29 15:45:35,357000,11.493
2026/04/29 15:45:35,358000,11.501
2026/04/29 15:45:35,359000,11.493
2026/04/29 15:45:35,360000,11.493
2026/04/29 15:45:35,361000,11.490
2026/04/29 15:45:35,362000,11.499
2026/04/29 15:45:35,363000,11.493
2026/04/29 15:45:35,364000,11.493
2026/04/29 15:45:35,365000,11.499
2026/04/29 15:45:35,366000,11.496
2026/04/29 15:45:35,367000,11.493
2026/04/29 15:45:35,368000,11.496
2026/04/29 15:45:35,369000,11.496
2026/04/29 15:45:35,370000,11.496
2026/04/29 15:45:35,371000,11.504
2026/04/29 15:45:35,372000,11.493
2026/04/29 15:45:35,373000,11.493
2026/04/29 15:45:35,374000,11.493
2026/04/29 15:45:35,375000,11.499
2026/04/29 15:45:35,376000,11.496
2026/04/29 15:45:35,377000,11.499
2026/04/29 15:45:35,378000,11.496
2026/04/29 15:45:35,379000,11.499
2026/04/29 15:45:35,380000,11.496
2026/04/29 15:45:35,381000,11.501
2026/04/29 15:45:35,382000,11.496
2026/04/29 15:45:35,383000,11.504
2026/04/29 15:45:35,384000,11.496
2026/04/29 15:45:35,385000,11.493
2026/04/29 15:45:35,386000,11.496
2026/04/29 15:45:35,387000,11.493
2026/04/29 15:45:35,388000,11.496
2026/04/29 15:45:35,389000,11.493
2026/04/29 15:45:35,390000,11.490
2026/04/29 15:45:35,391000,11.493
2026/04/29 15:45:35,392000,11.499
2026/04/29 15:45:35,393000,11.496
2026/04/29 15:45:35,394000,11.493
2026/04/29 15:45:35,395000,11.493
2026/04/29 15:45:35,396000,11.501
2026/04/29 15:45:35,397000,11.496
2026/04/29 15:45:35,398000,11.493
2026/04/29 15:45:35,399000,11.493
2026/04/29 15:45:35,400000,11.501
2026/04/29 15:45:35,401000,11.499
2026/04/29 15:45:35,402000,11.496
2026/04/29 15:45:35,403000,11.501
2026/04/29 15:45:35,404000,11.496
2026/04/29 15:45:35,405000,11.493
2026/04/29 15:45:35,406000,11.496
2026/04/29 15:45:35,407000,11.496
2026/04/29 15:45:35,408000,11.499
2026/04/29 15:45:35,409000,11.501
2026/04/29 15:45:35,410000,11.501
2026/04/29 15:45:35,411000,11.496
2026/04/29 15:45:35,412000,11.493
2026/04/29 15:45:35,413000,11.504
2026/04/29 15:45:35,414000,11.493
2026/04/29 15:45:35,415000,11.496
2026/04/29 15:45:35,416000,11.501
2026/04/29 15:45:35,417000,11.499
2026/04/29 15:45:35,418000,11.493
2026/04/29 15:45:35,419000,11.493
2026/04/29 15:45:35,420000,11.501
2026/04/29 15:45:35,421000,11.493
2026/04/29 15:45:35,422000,11.490
2026/04/29 15:45:35,423000,11.496
2026/04/29 15:45:35,424000,11.496
2026/04/29 15:45:35,425000,11.499
2026/04/29 15:45:35,426000,11.493
2026/04/29 15:45:35,427000,11.496
2026/04/29 15:45:35,428000,11.493
2026/04/29 15:45:35,429000,11.496
2026/04/29 15:45:35,430000,11.496
2026/04/29 15:45:35,431000,11.496
2026/04/29 15:45:35,432000,11.493
2026/04/29 15:45:35,433000,11.493
2026/04/29 15:45:35,434000,11.499
2026/04/29 15:45:35,435000,11.493
2026/04/29 15:45:35,436000,11.490
2026/04/29 15:45:35,437000,11.493
2026/04/29 15:45:35,438000,11.496
2026/04/29 15:45:35,439000,11.493
2026/04/29 15:45:35,440000,11.493
2026/04/29 15:45:35,441000,11.499
2026/04/29 15:45:35,442000,11.496
2026/04/29 15:45:35,443000,11.493
2026/04/29 15:45:35,444000,11.499
2026/04/29 15:45:35,445000,11.496
2026/04/29 15:45:35,446000,11.499
2026/04/29 15:45:35,447000,11.496
2026/04/29 15:45:35,448000,11.496
2026/04/29 15:45:35,449000,11.499
2026/04/29 15:45:35,450000,11.493
2026/04/29 15:45:35,451000,11.496
2026/04/29 15:45:35,452000,11.493
2026/04/29 15:45:35,453000,11.493
2026/04/29 15:45:35,454000,11.496
2026/04/29 15:45:35,455000,11.496
2026/04/29 15:45:35,456000,11.493
2026/04/29 15:45:35,457000,11.496
2026/04/29 15:45:35,458000,11.499
2026/04/29 15:45:35,459000,11.496
2026/04/29 15:45:35,460000,11.493
2026/04/29 15:45:35,461000,11.496
2026/04/29 15:45:35,462000,11.499
2026/04/29 15:45:35,463000,11.504
2026/04/29 15:45:35,464000,11.490
2026/04/29 15:45:35,465000,11.493
2026/04/29 15:45:35,466000,11.493
2026/04/29 15:45:35,467000,11.493
2026/04/29 15:45:35,468000,11.501
2026/04/29 15:45:35,469000,11.499
2026/04/29 15:45:35,470000,11.501
2026/04/29 15:45:35,471000,11.499
2026/04/29 15:45:35,472000,11.493
2026/04/29 15:45:35,473000,11.501
2026/04/29 15:45:35,474000,11.496
2026/04/29 15:45:35,475000,11.493
2026/04/29 15:45:35,476000,11.493
2026/04/29 15:45:35,477000,11.496
2026/04/29 15:45:35,478000,11.501
2026/04/29 15:45:35,479000,11.493
2026/04/29 15:45:35,480000,11.496
2026/04/29 15:45:35,481000,11.493
2026/04/29 15:45:35,482000,11.493
2026/04/29 15:45:35,483000,11.496
2026/04/29 15:45:35,484000,11.493
2026/04/29 15:45:35,485000,11.496
2026/04/29 15:45:35,486000,11.487
2026/04/29 15:45:35,487000,11.496
2026/04/29 15:45:35,488000,11.499
2026/04/29 15:45:35,489000,11.493
2026/04/29 15:45:35,490000,11.501
2026/04/29 15:45:35,491000,11.496
2026/04/29 15:45:35,492000,11.499
2026/04/29 15:45:35,493000,11.490
2026/04/29 15:45:35,494000,11.499
2026/04/29 15:45:35,495000,11.496
2026/04/29 15:45:35,496000,11.493
2026/04/29 15:45:35,497000,11.493
2026/04/29 15:45:35,498000,11.496
2026/04/29 15:45:35,499000,11.493
2026/04/29 15:45:35,500000,11.499
2026/04/29 15:45:35,501000,11.493
2026/04/29 15:45:35,502000,11.496
2026/04/29 15:45:35,503000,11.496
2026/04/29 15:45:35,504000,11.501
2026/04/29 15:45:35,505000,11.499
2026/04/29 15:45:35,506000,11.504
2026/04/29 15:45:35,507000,11.496
2026/04/29 15:45:35,508000,11.496
2026/04/29 15:45:35,509000,11.499
2026/04/29 15:45:35,510000,11.499
2026/04/29 15:45:35,511000,11.499
2026/04/29 15:45:35,512000,11.493
2026/04/29 15:45:35,513000,11.499
2026/04/29 15:45:35,514000,11.499
2026/04/29 15:45:35,515000,11.501
2026/04/29 15:45:35,516000,11.493
2026/04/29 15:45:35,517000,11.496
2026/04/29 15:45:35,518000,11.493
2026/04/29 15:45:35,519000,11.499
2026/04/29 15:45:35,520000,11.496
2026/04/29 15:45:35,521000,11.499
2026/04/29 15:45:35,522000,11.493
2026/04/29 15:45:35,523000,11.501
2026/04/29 15:45:35,524000,11.507
2026/04/29 15:45:35,525000,11.493
2026/04/29 15:45:35,526000,11.496
2026/04/29 15:45:35,527000,11.499
2026/04/29 15:45:35,528000,11.493
2026/04/29 15:45:35,529000,11.496
2026/04/29 15:45:35,530000,11.496
2026/04/29 15:45:35,531000,11.499
2026/04/29 15:45:35,532000,11.493
2026/04/29 15:45:35,533000,11.490
2026/04/29 15:45:35,534000,11.496
2026/04/29 15:45:35,535000,11.499
2026/04/29 15:45:35,536000,11.493
2026/04/29 15:45:35,537000,11.504
2026/04/29 15:45:35,538000,11.493
2026/04/29 15:45:35,539000,11.496
2026/04/29 15:45:35,540000,11.487
2026/04/29 15:45:35,541000,11.496
2026/04/29 15:45:35,542000,11.496
2026/04/29 15:45:35,543000,11.493
2026/04/29 15:45:35,544000,11.496
2026/04/29 15:45:35,545000,11.496
2026/04/29 15:45:35,546000,11.490
2026/04/29 15:45:35,547000,11.499
2026/04/29 15:45:35,548000,11.499
2026/04/29 15:45:35,549000,11.496
2026/04/29 15:45:35,550000,11.493
2026/04/29 15:45:35,551000,11.493
2026/04/29 15:45:35,552000,11.496
2026/04/29 15:45:35,553000,11.499
2026/04/29 15:45:35,554000,11.490
2026/04/29 15:45:35,555000,11.493
2026/04/29 15:45:35,556000,11.501
2026/04/29 15:45:35,557000,11.499
2026/04/29 15:45:35,558000,11.499
2026/04/29 15:45:35,559000,11.501
2026/04/29 15:45:35,560000,11.496
2026/04/29 15:45:35,561000,11.499
2026/04/29 15:45:35,562000,11.499
2026/04/29 15:45:35,563000,11.501
2026/04/29 15:45:35,564000,11.501
2026/04/29 15:45:35,565000,11.493
2026/04/29 15:45:35,566000,11.504
2026/04/29 15:45:35,567000,11.499
2026/04/29 15:45:35,568000,11.499
2026/04/29 15:45:35,569000,11.496
2026/04/29 15:45:35,570000,11.493
2026/04/29 15:45:35,571000,11.499
2026/04/29 15:45:35,572000,11.499
2026/04/29 15:45:35,573000,11.487
2026/04/29 15:45:35,574000,11.501
2026/04/29 15:45:35,575000,11.493
2026/04/29 15:45:35,576000,11.493
2026/04/29 15:45:35,577000,11.499
2026/04/29 15:45:35,578000,11.493
2026/04/29 15:45:35,579000,11.493
2026/04/29 15:45:35,580000,11.493
2026/04/29 15:45:35,581000,11.493
2026/04/29 15:45:35,582000,11.496
2026/04/29 15:45:35,583000,11.493
2026/04/29 15:45:35,584000,11.501
2026/04/29 15:45:35,585000,11.496
2026/04/29 15:45:35,586000,11.496
2026/04/29 15:45:35,587000,11.496
2026/04/29 15:45:35,588000,11.501
2026/04/29 15:45:35,589000,11.493
2026/04/29 15:45:35,590000,11.504
2026/04/29 15:45:35,591000,11.493
2026/04/29 15:45:35,592000,11.493
2026/04/29 15:45:35,593000,11.496
2026/04/29 15:45:35,594000,11.496
2026/04/29 15:45:35,595000,11.501
2026/04/29 15:45:35,596000,11.496
2026/04/29 15:45:35,597000,11.493
2026/04/29 15:45:35,598000,11.501
2026/04/29 15:45:35,599000,11.496
2026/04/29 15:45:35,600000,11.496
2026/04/29 15:45:35,601000,11.496
2026/04/29 15:45:35,602000,11.493
2026/04/29 15:45:35,603000,11.499
2026/04/29 15:45:35,604000,11.501
2026/04/29 15:45:35,605000,11.496
2026/04/29 15:45:35,606000,11.499
2026/04/29 15:45:35,607000,11.499
2026/04/29 15:45:35,608000,11.496
2026/04/29 15:45:35,609000,11.504
2026/04/29 15:45:35,610000,11.499
2026/04/29 15:45:35,611000,11.490
2026/04/29 15:45:35,612000,11.501
2026/04/29 15:45:35,613000,11.501
2026/04/29 15:45:35,614000,11.493
2026/04/29 15:45:35,615000,11.499
2026/04/29 15:45:35,616000,11.493
2026/04/29 15:45:35,617000,11.493
2026/04/29 15:45:35,618000,11.496
2026/04/29 15:45:35,619000,11.496
2026/04/29 15:45:35,620000,11.496
2026/04/29 15:45:35,621000,11.499
2026/04/29 15:45:35,622000,11.493
2026/04/29 15:45:35,623000,11.493
2026/04/29 15:45:35,624000,11.496
2026/04/29 15:45:35,625000,11.499
2026/04/29 15:45:35,626000,11.493
2026/04/29 15:45:35,627000,11.496
2026/04/29 15:45:35,628000,11.496
2026/04/29 15:45:35,629000,11.501
2026/04/29 15:45:35,630000,11.499
2026/04/29 15:45:35,631000,11.493
2026/04/29 15:45:35,632000,11.487
2026/04/29 15:45:35,633000,11.499
2026/04/29 15:45:35,634000,11.501
2026/04/29 15:45:35,635000,11.499
2026/04/29 15:45:35,636000,11.496
2026/04/29 15:45:35,637000,11.501
2026/04/29 15:45:35,638000,11.501
2026/04/29 15:45:35,639000,11.499
2026/04/29 15:45:35,640000,11.493
2026/04/29 15:45:35,641000,11.501
2026/04/29 15:45:35,642000,11.496
2026/04/29 15:45:35,643000,11.496
2026/04/29 15:45:35,644000,11.493
2026/04/29 15:45:35,645000,11.496
2026/04/29 15:45:35,646000,11.493
2026/04/29 15:45:35,647000,11.496
2026/04/29 15:45:35,648000,11.499
2026/04/29 15:45:35,649000,11.493
2026/04/29 15:45:35,650000,11.496
2026/04/29 15:45:35,651000,11.496
2026/04/29 15:45:35,652000,11.496
2026/04/29 15:45:35,653000,11.493
2026/04/29 15:45:35,654000,11.504
2026/04/29 15:45:35,655000,11.501
2026/04/29 15:45:35,656000,11.499
2026/04/29 15:45:35,657000,11.496
2026/04/29 15:45:35,658000,11.496
2026/04/29 15:45:35,659000,11.493
2026/04/29 15:45:35,660000,11.493
2026/04/29 15:45:35,661000,11.499
2026/04/29 15:45:35,662000,11.499
2026/04/29 15:45:35,663000,11.499
2026/04/29 15:45:35,664000,11.496
2026/04/29 15:45:35,665000,11.504
2026/04/29 15:45:35,666000,11.499
2026/04/29 15:45:35,667000,11.499
2026/04/29 15:45:35,668000,11.496
2026/04/29 15:45:35,669000,11.496
2026/04/29 15:45:35,670000,11.496
2026/04/29 15:45:35,671000,11.496
2026/04/29 15:45:35,672000,11.499
2026/04/29 15:45:35,673000,11.496
2026/04/29 15:45:35,674000,11.499
2026/04/29 15:45:35,675000,11.496
2026/04/29 15:45:35,676000,11.496
2026/04/29 15:45:35,677000,11.496
2026/04/29 15:45:35,678000,11.493
2026/04/29 15:45:35,679000,11.499
2026/04/29 15:45:35,680000,11.496
2026/04/29 15:45:35,681000,11.493
2026/04/29 15:45:35,682000,11.496
2026/04/29 15:45:35,683000,11.501
2026/04/29 15:45:35,684000,11.501
2026/04/29 15:45:35,685000,11.499
2026/04/29 15:45:35,686000,11.499
2026/04/29 15:45:35,687000,11.496
2026/04/29 15:45:35,688000,11.496
2026/04/29 15:45:35,689000,11.501
2026/04/29 15:45:35,690000,11.493
2026/04/29 15:45:35,691000,11.496
2026/04/29 15:45:35,692000,11.493
2026/04/29 15:45:35,693000,11.499
2026/04/29 15:45:35,694000,11.496
2026/04/29 15:45:35,695000,11.501
2026/04/29 15:45:35,696000,11.499
2026/04/29 15:45:35,697000,11.493
2026/04/29 15:45:35,698000,11.496
2026/04/29 15:45:35,699000,11.499
2026/04/29 15:45:35,700000,11.493
2026/04/29 15:45:35,701000,11.499
2026/04/29 15:45:35,702000,11.496
2026/04/29 15:45:35,703000,11.499
2026/04/29 15:45:35,704000,11.504
2026/04/29 15:45:35,705000,11.499
2026/04/29 15:45:35,706000,11.501
2026/04/29 15:45:35,707000,11.496
2026/04/29 15:45:35,708000,11.499
2026/04/29 15:45:35,709000,11.496
2026/04/29 15:45:35,710000,11.504
2026/04/29 15:45:35,711000,11.496
2026/04/29 15:45:35,712000,11.493
2026/04/29 15:45:35,713000,11.496
2026/04/29 15:45:35,714000,11.501
2026/04/29 15:45:35,715000,11.501
2026/04/29 15:45:35,716000,11.493
2026/04/29 15:45:35,717000,11.499
2026/04/29 15:45:35,718000,11.499
2026/04/29 15:45:35,719000,11.490
2026/04/29 15:45:35,720000,11.493
2026/04/29 15:45:35,721000,11.499
2026/04/29 15:45:35,722000,11.493
2026/04/29 15:45:35,723000,11.496
2026/04/29 15:45:35,724000,11.493
2026/04/29 15:45:35,725000,11.499
2026/04/29 15:45:35,726000,11.501
2026/04/29 15:45:35,727000,11.496
2026/04/29 15:45:35,728000,11.496
2026/04/29 15:45:35,729000,11.493
2026/04/29 15:45:35,730000,11.499
2026/04/29 15:45:35,731000,11.493
2026/04/29 15:45:35,732000,11.499
2026/04/29 15:45:35,733000,11.496
2026/04/29 15:45:35,734000,11.496
2026/04/29 15:45:35,735000,11.493
2026/04/29 15:45:35,736000,11.496
2026/04/29 15:45:35,737000,11.493
2026/04/29 15:45:35,738000,11.499
2026/04/29 15:45:35,739000,11.499
2026/04/29 15:45:35,740000,11.499
2026/04/29 15:45:35,741000,11.490
2026/04/29 15:45:35,742000,11.493
2026/04/29 15:45:35,743000,11.493
2026/04/29 15:45:35,744000,11.493
2026/04/29 15:45:35,745000,11.504
2026/04/29 15:45:35,746000,11.493
2026/04/29 15:45:35,747000,11.499
2026/04/29 15:45:35,748000,11.496
2026/04/29 15:45:35,749000,11.496
2026/04/29 15:45:35,750000,11.493
2026/04/29 15:45:35,751000,11.496
2026/04/29 15:45:35,752000,11.493
2026/04/29 15:45:35,753000,11.496
2026/04/29 15:45:35,754000,11.499
2026/04/29 15:45:35,755000,11.496
2026/04/29 15:45:35,756000,11.499
2026/04/29 15:45:35,757000,11.501
2026/04/29 15:45:35,758000,11.496
2026/04/29 15:45:35,759000,11.493
2026/04/29 15:45:35,760000,11.499
2026/04/29 15:45:35,761000,11.493
2026/04/29 15:45:35,762000,11.501
2026/04/29 15:45:35,763000,11.504
2026/04/29 15:45:35,764000,11.490
2026/04/29 15:45:35,765000,11.493
2026/04/29 15:45:35,766000,11.496
2026/04/29 15:45:35,767000,11.493
2026/04/29 15:45:35,768000,11.499
2026/04/29 15:45:35,769000,11.496
2026/04/29 15:45:35,770000,11.499
2026/04/29 15:45:35,771000,11.493
2026/04/29 15:45:35,772000,11.496
2026/04/29 15:45:35,773000,11.499
2026/04/29 15:45:35,774000,11.493
2026/04/29 15:45:35,775000,11.496
2026/04/29 15:45:35,776000,11.493
2026/04/29 15:45:35,777000,11.493
2026/04/29 15:45:35,778000,11.490
2026/04/29 15:45:35,779000,11.493
2026/04/29 15:45:35,780000,11.499
2026/04/29 15:45:35,781000,11.499
2026/04/29 15:45:35,782000,11.499
2026/04/29 15:45:35,783000,11.496
2026/04/29 15:45:35,784000,11.499
2026/04/29 15:45:35,785000,11.501
2026/04/29 15:45:35,786000,11.499
2026/04/29 15:45:35,787000,11.493
2026/04/29 15:45:35,788000,11.487
2026/04/29 15:45:35,789000,11.493
2026/04/29 15:45:35,790000,11.496
2026/04/29 15:45:35,791000,11.499
2026/04/29 15:45:35,792000,11.504
2026/04/29 15:45:35,793000,11.493
2026/04/29 15:45:35,794000,11.493
2026/04/29 15:45:35,795000,11.496
2026/04/29 15:45:35,796000,11.493
2026/04/29 15:45:35,797000,11.493
2026/04/29 15:45:35,798000,11.504
2026/04/29 15:45:35,799000,11.493
2026/04/29 15:45:35,800000,11.504
2026/04/29 15:45:35,801000,11.496
2026/04/29 15:45:35,802000,11.496
2026/04/29 15:45:35,803000,11.501
2026/04/29 15:45:35,804000,11.496
2026/04/29 15:45:35,805000,11.507
2026/04/29 15:45:35,806000,11.504
2026/04/29 15:45:35,807000,11.499
2026/04/29 15:45:35,808000,11.496
2026/04/29 15:45:35,809000,11.493
2026/04/29 15:45:35,810000,11.499
2026/04/29 15:45:35,811000,11.487
2026/04/29 15:45:35,812000,11.493
2026/04/29 15:45:35,813000,11.496
2026/04/29 15:45:35,814000,11.504
2026/04/29 15:45:35,815000,11.496
2026/04/29 15:45:35,816000,11.493
2026/04/29 15:45:35,817000,11.496
2026/04/29 15:45:35,818000,11.496
2026/04/29 15:45:35,819000,11.496
2026/04/29 15:45:35,820000,11.501
2026/04/29 15:45:35,821000,11.504
2026/04/29 15:45:35,822000,11.496
2026/04/29 15:45:35,823000,11.493
2026/04/29 15:45:35,824000,11.504
2026/04/29 15:45:35,825000,11.501
2026/04/29 15:45:35,826000,11.499
2026/04/29 15:45:35,827000,11.496
2026/04/29 15:45:35,828000,11.499
2026/04/29 15:45:35,829000,11.496
2026/04/29 15:45:35,830000,11.493
2026/04/29 15:45:35,831000,11.496
2026/04/29 15:45:35,832000,11.496
2026/04/29 15:45:35,833000,11.499
2026/04/29 15:45:35,834000,11.501
2026/04/29 15:45:35,835000,11.499
2026/04/29 15:45:35,836000,11.501
2026/04/29 15:45:35,837000,11.496
2026/04/29 15:45:35,838000,11.499
2026/04/29 15:45:35,839000,11.496
2026/04/29 15:45:35,840000,11.493
2026/04/29 15:45:35,841000,11.493
2026/04/29 15:45:35,842000,11.490
2026/04/29 15:45:35,843000,11.499
2026/04/29 15:45:35,844000,11.493
2026/04/29 15:45:35,845000,11.490
2026/04/29 15:45:35,846000,11.499
2026/04/29 15:45:35,847000,11.501
2026/04/29 15:45:35,848000,11.496
2026/04/29 15:45:35,849000,11.499
2026/04/29 15:45:35,850000,11.499
2026/04/29 15:45:35,851000,11.487
2026/04/29 15:45:35,852000,11.499
2026/04/29 15:45:35,853000,11.499
2026/04/29 15:45:35,854000,11.501
2026/04/29 15:45:35,855000,11.493
2026/04/29 15:45:35,856000,11.499
2026/04/29 15:45:35,857000,11.493
2026/04/29 15:45:35,858000,11.496
2026/04/29 15:45:35,859000,11.501
2026/04/29 15:45:35,860000,11.493
2026/04/29 15:45:35,861000,11.496
2026/04/29 15:45:35,862000,11.499
2026/04/29 15:45:35,863000,11.496
2026/04/29 15:45:35,864000,11.493
2026/04/29 15:45:35,865000,11.496
2026/04/29 15:45:35,866000,11.499
2026/04/29 15:45:35,867000,11.501
2026/04/29 15:45:35,868000,11.493
2026/04/29 15:45:35,869000,11.493
2026/04/29 15:45:35,870000,11.496
2026/04/29 15:45:35,871000,11.499
2026/04/29 15:45:35,872000,11.499
2026/04/29 15:45:35,873000,11.496
2026/04/29 15:45:35,874000,11.501
2026/04/29 15:45:35,875000,11.499
2026/04/29 15:45:35,876000,11.501
2026/04/29 15:45:35,877000,11.493
2026/04/29 15:45:35,878000,11.496
2026/04/29 15:45:35,879000,11.504
2026/04/29 15:45:35,880000,11.499
2026/04/29 15:45:35,881000,11.499
2026/04/29 15:45:35,882000,11.493
2026/04/29 15:45:35,883000,11.496
2026/04/29 15:45:35,884000,11.493
2026/04/29 15:45:35,885000,11.493
2026/04/29 15:45:35,886000,11.485
2026/04/29 15:45:35,887000,11.499
2026/04/29 15:45:35,888000,11.499
2026/04/29 15:45:35,889000,11.490
2026/04/29 15:45:35,890000,11.493
2026/04/29 15:45:35,891000,11.490
2026/04/29 15:45:35,892000,11.493
2026/04/29 15:45:35,893000,11.499
2026/04/29 15:45:35,894000,11.496
2026/04/29 15:45:35,895000,11.499
2026/04/29 15:45:35,896000,11.499
2026/04/29 15:45:35,897000,11.493
2026/04/29 15:45:35,898000,11.490
2026/04/29 15:45:35,899000,11.490
2026/04/29 15:45:35,900000,11.504
2026/04/29 15:45:35,901000,11.499
2026/04/29 15:45:35,902000,11.490
2026/04/29 15:45:35,903000,11.499
2026/04/29 15:45:35,904000,11.493
2026/04/29 15:45:35,905000,11.499
2026/04/29 15:45:35,906000,11.496
2026/04/29 15:45:35,907000,11.496
2026/04/29 15:45:35,908000,11.496
2026/04/29 15:45:35,909000,11.499
2026/04/29 15:45:35,910000,11.496
2026/04/29 15:45:35,911000,11.501
2026/04/29 15:45:35,912000,11.496
2026/04/29 15:45:35,913000,11.501
2026/04/29 15:45:35,914000,11.499
2026/04/29 15:45:35,915000,11.487
2026/04/29 15:45:35,916000,11.499
2026/04/29 15:45:35,917000,11.499
2026/04/29 15:45:35,918000,11.504
2026/04/29 15:45:35,919000,11.496
2026/04/29 15:45:35,920000,11.490
2026/04/29 15:45:35,921000,11.487
2026/04/29 15:45:35,922000,11.490
2026/04/29 15:45:35,923000,11.499
2026/04/29 15:45:35,924000,11.496
2026/04/29 15:45:35,925000,11.493
2026/04/29 15:45:35,926000,11.499
2026/04/29 15:45:35,927000,11.490
2026/04/29 15:45:35,928000,11.493
2026/04/29 15:45:35,929000,11.493
2026/04/29 15:45:35,930000,11.496
2026/04/29 15:45:35,931000,11.493
2026/04/29 15:45:35,932000,11.493
2026/04/29 15:45:35,933000,11.499
2026/04/29 15:45:35,934000,11.493
2026/04/29 15:45:35,935000,11.490
2026/04/29 15:45:35,936000,11.490
2026/04/29 15:45:35,937000,11.493
2026/04/29 15:45:35,938000,11.493
2026/04/29 15:45:35,939000,11.501
2026/04/29 15:45:35,940000,11.493
2026/04/29 15:45:35,941000,11.499
2026/04/29 15:45:35,942000,11.490
2026/04/29 15:45:35,943000,11.496
2026/04/29 15:45:35,944000,11.501
2026/04/29 15:45:35,945000,11.493
2026/04/29 15:45:35,946000,11.496
2026/04/29 15:45:35,947000,11.499
2026/04/29 15:45:35,948000,11.496
2026/04/29 15:45:35,949000,11.499
2026/04/29 15:45:35,950000,11.496
2026/04/29 15:45:35,951000,11.499
2026/04/29 15:45:35,952000,11.496
2026/04/29 15:45:35,953000,11.499
2026/04/29 15:45:35,954000,11.499
2026/04/29 15:45:35,955000,11.496
2026/04/29 15:45:35,956000,11.499
2026/04/29 15:45:35,957000,11.501
2026/04/29 15:45:35,958000,11.493
2026/04/29 15:45:35,959000,11.496
2026/04/29 15:45:35,960000,11.499
2026/04/29 15:45:35,961000,11.496
2026/04/29 15:45:35,962000,11.490
2026/04/29 15:45:35,963000,11.499
2026/04/29 15:45:35,964000,11.501
2026/04/29 15:45:35,965000,11.499
2026/04/29 15:45:35,966000,11.499
2026/04/29 15:45:35,967000,11.499
2026/04/29 15:45:35,968000,11.499
2026/04/29 15:45:35,969000,11.496
2026/04/29 15:45:35,970000,11.504
2026/04/29 15:45:35,971000,11.499
2026/04/29 15:45:35,972000,11.496
2026/04/29 15:45:35,973000,11.490
2026/04/29 15:45:35,974000,11.490
2026/04/29 15:45:35,975000,11.493
2026/04/29 15:45:35,976000,11.499
2026/04/29 15:45:35,977000,11.490
2026/04/29 15:45:35,978000,11.499
2026/04/29 15:45:35,979000,11.490
2026/04/29 15:45:35,980000,11.493
2026/04/29 15:45:35,981000,11.499
2026/04/29 15:45:35,982000,11.493
2026/04/29 15:45:35,983000,11.496
2026/04/29 15:45:35,984000,11.499
2026/04/29 15:45:35,985000,11.499
2026/04/29 15:45:35,986000,11.496
2026/04/29 15:45:35,987000,11.496
2026/04/29 15:45:35,988000,11.496
2026/04/29 15:45:35,989000,11.496
2026/04/29 15:45:35,990000,11.493
2026/04/29 15:45:35,991000,11.496
2026/04/29 15:45:35,992000,11.496
2026/04/29 15:45:35,993000,11.496
2026/04/29 15:45:35,994000,11.496
2026/04/29 15:45:35,995000,11.493
2026/04/29 15:45:35,996000,11.496
2026/04/29 15:45:35,997000,11.493
2026/04/29 15:45:35,998000,11.499
2026/04/29 15:45:35,999000,11.499
2026/04/29 15:45:36,000000,11.493
2026/04/29 15:45:36,001000,11.499
2026/04/29 15:45:36,002000,11.496
2026/04/29 15:45:36,003000,11.501
2026/04/29 15:45:36,004000,11.496
2026/04/29 15:45:36,005000,11.496
2026/04/29 15:45:36,006000,11.499
2026/04/29 15:45:36,007000,11.499
2026/04/29 15:45:36,008000,11.504
2026/04/29 15:45:36,009000,11.490
2026/04/29 15:45:36,010000,11.493
2026/04/29 15:45:36,011000,11.493
2026/04/29 15:45:36,012000,11.499
2026/04/29 15:45:36,013000,11.499
2026/04/29 15:45:36,014000,11.496
2026/04/29 15:45:36,015000,11.499
2026/04/29 15:45:36,016000,11.496
2026/04/29 15:45:36,017000,11.496
2026/04/29 15:45:36,018000,11.496
2026/04/29 15:45:36,019000,11.496
2026/04/29 15:45:36,020000,11.493
2026/04/29 15:45:36,021000,11.501
2026/04/29 15:45:36,022000,11.493
2026/04/29 15:45:36,023000,11.493
2026/04/29 15:45:36,024000,11.499
2026/04/29 15:45:36,025000,11.499
2026/04/29 15:45:36,026000,11.499
2026/04/29 15:45:36,027000,11.496
2026/04/29 15:45:36,028000,11.499
2026/04/29 15:45:36,029000,11.493
2026/04/29 15:45:36,030000,11.496
2026/04/29 15:45:36,031000,11.493
2026/04/29 15:45:36,032000,11.501
2026/04/29 15:45:36,033000,11.499
2026/04/29 15:45:36,034000,11.496
2026/04/29 15:45:36,035000,11.493
2026/04/29 15:45:36,036000,11.496
2026/04/29 15:45:36,037000,11.490
2026/04/29 15:45:36,038000,11.501
2026/04/29 15:45:36,039000,11.499
2026/04/29 15:45:36,040000,11.499
2026/04/29 15:45:36,041000,11.501
2026/04/29 15:45:36,042000,11.499
2026/04/29 15:45:36,043000,11.493
2026/04/29 15:45:36,044000,11.493
2026/04/29 15:45:36,045000,11.499
2026/04/29 15:45:36,046000,11.493
2026/04/29 15:45:36,047000,11.499
2026/04/29 15:45:36,048000,11.501
2026/04/29 15:45:36,049000,11.501
2026/04/29 15:45:36,050000,11.496
2026/04/29 15:45:36,051000,11.499
2026/04/29 15:45:36,052000,11.496
2026/04/29 15:45:36,053000,11.493
2026/04/29 15:45:36,054000,11.496
2026/04/29 15:45:36,055000,11.499
2026/04/29 15:45:36,056000,11.493
2026/04/29 15:45:36,057000,11.493
2026/04/29 15:45:36,058000,11.496
2026/04/29 15:45:36,059000,11.499
2026/04/29 15:45:36,060000,11.513
2026/04/29 15:45:36,061000,11.493
2026/04/29 15:45:36,062000,11.501
2026/04/29 15:45:36,063000,11.493
2026/04/29 15:45:36,064000,11.499
2026/04/29 15:45:36,065000,11.496
2026/04/29 15:45:36,066000,11.496
2026/04/29 15:45:36,067000,11.493
2026/04/29 15:45:36,068000,11.496
2026/04/29 15:45:36,069000,11.493
2026/04/29 15:45:36,070000,11.499
2026/04/29 15:45:36,071000,11.496
2026/04/29 15:45:36,072000,11.493
2026/04/29 15:45:36,073000,11.493
2026/04/29 15:45:36,074000,11.499
2026/04/29 15:45:36,075000,11.493
2026/04/29 15:45:36,076000,11.499
2026/04/29 15:45:36,077000,11.496
2026/04/29 15:45:36,078000,11.496
2026/04/29 15:45:36,079000,11.499
2026/04/29 15:45:36,080000,11.493
2026/04/29 15:45:36,081000,11.496
2026/04/29 15:45:36,082000,11.490
2026/04/29 15:45:36,083000,11.496
2026/04/29 15:45:36,084000,11.496
2026/04/29 15:45:36,085000,11.493
2026/04/29 15:45:36,086000,11.496
2026/04/29 15:45:36,087000,11.499
2026/04/29 15:45:36,088000,11.496
2026/04/29 15:45:36,089000,11.496
2026/04/29 15:45:36,090000,11.493
2026/04/29 15:45:36,091000,11.490
2026/04/29 15:45:36,092000,11.496
2026/04/29 15:45:36,093000,11.499
2026/04/29 15:45:36,094000,11.490
2026/04/29 15:45:36,095000,11.490
2026/04/29 15:45:36,096000,11.499
2026/04/29 15:45:36,097000,11.499
2026/04/29 15:45:36,098000,11.499
2026/04/29 15:45:36,099000,11.493
2026/04/29 15:45:36,100000,11.501
2026/04/29 15:45:36,101000,11.501
2026/04/29 15:45:36,102000,11.493
2026/04/29 15:45:36,103000,11.499
2026/04/29 15:45:36,104000,11.496
2026/04/29 15:45:36,105000,11.493
2026/04/29 15:45:36,106000,11.496
2026/04/29 15:45:36,107000,11.496
2026/04/29 15:45:36,108000,11.496
2026/04/29 15:45:36,109000,11.501
2026/04/29 15:45:36,110000,11.493
2026/04/29 15:45:36,111000,11.496
2026/04/29 15:45:36,112000,11.496
2026/04/29 15:45:36,113000,11.493
2026/04/29 15:45:36,114000,11.499
2026/04/29 15:45:36,115000,11.496
2026/04/29 15:45:36,116000,11.501
2026/04/29 15:45:36,117000,11.499
2026/04/29 15:45:36,118000,11.496
2026/04/29 15:45:36,119000,11.504
2026/04/29 15:45:36,120000,11.493
2026/04/29 15:45:36,121000,11.501
2026/04/29 15:45:36,122000,11.499
2026/04/29 15:45:36,123000,11.499
2026/04/29 15:45:36,124000,11.493
2026/04/29 15:45:36,125000,11.501
2026/04/29 15:45:36,126000,11.501
2026/04/29 15:45:36,127000,11.493
2026/04/29 15:45:36,128000,11.496
2026/04/29 15:45:36,129000,11.499
2026/04/29 15:45:36,130000,11.493
2026/04/29 15:45:36,131000,11.496
2026/04/29 15:45:36,132000,11.501
2026/04/29 15:45:36,133000,11.499
2026/04/29 15:45:36,134000,11.499
2026/04/29 15:45:36,135000,11.493
2026/04/29 15:45:36,136000,11.507
2026/04/29 15:45:36,137000,11.496
2026/04/29 15:45:36,138000,11.496
2026/04/29 15:45:36,139000,11.496
2026/04/29 15:45:36,140000,11.493
2026/04/29 15:45:36,141000,11.501
2026/04/29 15:45:36,142000,11.493
2026/04/29 15:45:36,143000,11.504
2026/04/29 15:45:36,144000,11.496
2026/04/29 15:45:36,145000,11.501
2026/04/29 15:45:36,146000,11.496
2026/04/29 15:45:36,147000,11.499
2026/04/29 15:45:36,148000,11.490
2026/04/29 15:45:36,149000,11.501
2026/04/29 15:45:36,150000,11.493
2026/04/29 15:45:36,151000,11.501
2026/04/29 15:45:36,152000,11.496
2026/04/29 15:45:36,153000,11.501
2026/04/29 15:45:36,154000,11.493
2026/04/29 15:45:36,155000,11.504
2026/04/29 15:45:36,156000,11.493
2026/04/29 15:45:36,157000,11.496
2026/04/29 15:45:36,158000,11.499
2026/04/29 15:45:36,159000,11.493
2026/04/29 15:45:36,160000,11.493
2026/04/29 15:45:36,161000,11.493
2026/04/29 15:45:36,162000,11.499
2026/04/29 15:45:36,163000,11.496
2026/04/29 15:45:36,164000,11.499
2026/04/29 15:45:36,165000,11.499
2026/04/29 15:45:36,166000,11.501
2026/04/29 15:45:36,167000,11.499
2026/04/29 15:45:36,168000,11.501
2026/04/29 15:45:36,169000,11.507
2026/04/29 15:45:36,170000,11.493
2026/04/29 15:45:36,171000,11.493
2026/04/29 15:45:36,172000,11.496
2026/04/29 15:45:36,173000,11.493
2026/04/29 15:45:36,174000,11.499
2026/04/29 15:45:36,175000,11.499
2026/04/29 15:45:36,176000,11.499
2026/04/29 15:45:36,177000,11.501
2026/04/29 15:45:36,178000,11.499
2026/04/29 15:45:36,179000,11.496
2026/04/29 15:45:36,180000,11.496
2026/04/29 15:45:36,181000,11.499
2026/04/29 15:45:36,182000,11.501
2026/04/29 15:45:36,183000,11.499
2026/04/29 15:45:36,184000,11.499
2026/04/29 15:45:36,185000,11.499
2026/04/29 15:45:36,186000,11.499
2026/04/29 15:45:36,187000,11.499
2026/04/29 15:45:36,188000,11.496
2026/04/29 15:45:36,189000,11.499
2026/04/29 15:45:36,190000,11.499
2026/04/29 15:45:36,191000,11.496
2026/04/29 15:45:36,192000,11.501
2026/04/29 15:45:36,193000,11.493
2026/04/29 15:45:36,194000,11.499
2026/04/29 15:45:36,195000,11.496
2026/04/29 15:45:36,196000,11.496
2026/04/29 15:45:36,197000,11.499
2026/04/29 15:45:36,198000,11.496
2026/04/29 15:45:36,199000,11.501
2026/04/29 15:45:36,200000,11.496
2026/04/29 15:45:36,201000,11.493
2026/04/29 15:45:36,202000,11.496
2026/04/29 15:45:36,203000,11.501
2026/04/29 15:45:36,204000,11.493
2026/04/29 15:45:36,205000,11.499
2026/04/29 15:45:36,206000,11.496
2026/04/29 15:45:36,207000,11.504
2026/04/29 15:45:36,208000,11.493
2026/04/29 15:45:36,209000,11.496
2026/04/29 15:45:36,210000,11.493
2026/04/29 15:45:36,211000,11.496
2026/04/29 15:45:36,212000,11.499
2026/04/29 15:45:36,213000,11.499
2026/04/29 15:45:36,214000,11.493
2026/04/29 15:45:36,215000,11.493
2026/04/29 15:45:36,216000,11.493
2026/04/29 15:45:36,217000,11.501
2026/04/29 15:45:36,218000,11.499
2026/04/29 15:45:36,219000,11.501
2026/04/29 15:45:36,220000,11.493
2026/04/29 15:45:36,221000,11.499
2026/04/29 15:45:36,222000,11.493
2026/04/29 15:45:36,223000,11.496
2026/04/29 15:45:36,224000,11.496
2026/04/29 15:45:36,225000,11.499
2026/04/29 15:45:36,226000,11.501
2026/04/29 15:45:36,227000,11.499
2026/04/29 15:45:36,228000,11.496
2026/04/29 15:45:36,229000,11.496
2026/04/29 15:45:36,230000,11.501
2026/04/29 15:45:36,231000,11.499
2026/04/29 15:45:36,232000,11.493
2026/04/29 15:45:36,233000,11.501
2026/04/29 15:45:36,234000,11.493
2026/04/29 15:45:36,235000,11.493
2026/04/29 15:45:36,236000,11.504
2026/04/29 15:45:36,237000,11.504
2026/04/29 15:45:36,238000,11.496
2026/04/29 15:45:36,239000,11.493
2026/04/29 15:45:36,240000,11.499
2026/04/29 15:45:36,241000,11.499
2026/04/29 15:45:36,242000,11.501
2026/04/29 15:45:36,243000,11.504
2026/04/29 15:45:36,244000,11.496
2026/04/29 15:45:36,245000,11.499
2026/04/29 15:45:36,246000,11.499
2026/04/29 15:45:36,247000,11.499
2026/04/29 15:45:36,248000,11.499
2026/04/29 15:45:36,249000,11.496
2026/04/29 15:45:36,250000,11.501
2026/04/29 15:45:36,251000,11.501
2026/04/29 15:45:36,252000,11.499
2026/04/29 15:45:36,253000,11.499
2026/04/29 15:45:36,254000,11.490
2026/04/29 15:45:36,255000,11.493
2026/04/29 15:45:36,256000,11.501
2026/04/29 15:45:36,257000,11.496
2026/04/29 15:45:36,258000,11.501
2026/04/29 15:45:36,259000,11.493
2026/04/29 15:45:36,260000,11.499
2026/04/29 15:45:36,261000,11.501
2026/04/29 15:45:36,262000,11.499
2026/04/29 15:45:36,263000,11.501
2026/04/29 15:45:36,264000,11.499
2026/04/29 15:45:36,265000,11.501
2026/04/29 15:45:36,266000,11.496
2026/04/29 15:45:36,267000,11.501
2026/04/29 15:45:36,268000,11.493
2026/04/29 15:45:36,269000,11.501
2026/04/29 15:45:36,270000,11.493
2026/04/29 15:45:36,271000,11.504
2026/04/29 15:45:36,272000,11.501
2026/04/29 15:45:36,273000,11.499
2026/04/29 15:45:36,274000,11.501
2026/04/29 15:45:36,275000,11.504
2026/04/29 15:45:36,276000,11.499
2026/04/29 15:45:36,277000,11.496
2026/04/29 15:45:36,278000,11.496
2026/04/29 15:45:36,279000,11.499
2026/04/29 15:45:36,280000,11.496
2026/04/29 15:45:36,281000,11.501
2026/04/29 15:45:36,282000,11.493
2026/04/29 15:45:36,283000,11.493
2026/04/29 15:45:36,284000,11.493
2026/04/29 15:45:36,285000,11.504
2026/04/29 15:45:36,286000,11.493
2026/04/29 15:45:36,287000,11.499
2026/04/29 15:45:36,288000,11.499
2026/04/29 15:45:36,289000,11.493
2026/04/29 15:45:36,290000,11.493
2026/04/29 15:45:36,291000,11.499
2026/04/29 15:45:36,292000,11.499
2026/04/29 15:45:36,293000,11.493
2026/04/29 15:45:36,294000,11.499
2026/04/29 15:45:36,295000,11.507
2026/04/29 15:45:36,296000,11.499
2026/04/29 15:45:36,297000,11.496
2026/04/29 15:45:36,298000,11.496
2026/04/29 15:45:36,299000,11.493
2026/04/29 15:45:36,300000,11.496
2026/04/29 15:45:36,301000,11.501
2026/04/29 15:45:36,302000,11.499
2026/04/29 15:45:36,303000,11.501
2026/04/29 15:45:36,304000,11.493
2026/04/29 15:45:36,305000,11.504
2026/04/29 15:45:36,306000,11.501
2026/04/29 15:45:36,307000,11.499
2026/04/29 15:45:36,308000,11.499
2026/04/29 15:45:36,309000,11.493
2026/04/29 15:45:36,310000,11.496
2026/04/29 15:45:36,311000,11.496
2026/04/29 15:45:36,312000,11.496
2026/04/29 15:45:36,313000,11.499
2026/04/29 15:45:36,314000,11.499
2026/04/29 15:45:36,315000,11.499
2026/04/29 15:45:36,316000,11.490
2026/04/29 15:45:36,317000,11.496
2026/04/29 15:45:36,318000,11.493
2026/04/29 15:45:36,319000,11.496
2026/04/29 15:45:36,320000,11.499
2026/04/29 15:45:36,321000,11.493
2026/04/29 15:45:36,322000,11.493
2026/04/29 15:45:36,323000,11.501
2026/04/29 15:45:36,324000,11.499
2026/04/29 15:45:36,325000,11.490
2026/04/29 15:45:36,326000,11.493
2026/04/29 15:45:36,327000,11.499
2026/04/29 15:45:36,328000,11.493
2026/04/29 15:45:36,329000,11.493
2026/04/29 15:45:36,330000,11.493
2026/04/29 15:45:36,331000,11.496
2026/04/29 15:45:36,332000,11.496
2026/04/29 15:45:36,333000,11.493
2026/04/29 15:45:36,334000,11.493
2026/04/29 15:45:36,335000,11.493
2026/04/29 15:45:36,336000,11.499
2026/04/29 15:45:36,337000,11.496
2026/04/29 15:45:36,338000,11.496
2026/04/29 15:45:36,339000,11.493
2026/04/29 15:45:36,340000,11.496
2026/04/29 15:45:36,341000,11.493
2026/04/29 15:45:36,342000,11.499
2026/04/29 15:45:36,343000,11.496
2026/04/29 15:45:36,344000,11.493
2026/04/29 15:45:36,345000,11.501
2026/04/29 15:45:36,346000,11.496
2026/04/29 15:45:36,347000,11.496
2026/04/29 15:45:36,348000,11.496
2026/04/29 15:45:36,349000,11.499
2026/04/29 15:45:36,350000,11.504
2026/04/29 15:45:36,351000,11.496
2026/04/29 15:45:36,352000,11.493
2026/04/29 15:45:36,353000,11.496
2026/04/29 15:45:36,354000,11.493
2026/04/29 15:45:36,355000,11.501
2026/04/29 15:45:36,356000,11.501
2026/04/29 15:45:36,357000,11.499
2026/04/29 15:45:36,358000,11.496
2026/04/29 15:45:36,359000,11.499
2026/04/29 15:45:36,360000,11.496
2026/04/29 15:45:36,361000,11.493
2026/04/29 15:45:36,362000,11.496
2026/04/29 15:45:36,363000,11.496
2026/04/29 15:45:36,364000,11.496
2026/04/29 15:45:36,365000,11.493
2026/04/29 15:45:36,366000,11.493
2026/04/29 15:45:36,367000,11.493
2026/04/29 15:45:36,368000,11.501
2026/04/29 15:45:36,369000,11.501
2026/04/29 15:45:36,370000,11.496
2026/04/29 15:45:36,371000,11.501
2026/04/29 15:45:36,372000,11.499
2026/04/29 15:45:36,373000,11.496
2026/04/29 15:45:36,374000,11.501
2026/04/29 15:45:36,375000,11.501
2026/04/29 15:45:36,376000,11.501
2026/04/29 15:45:36,377000,11.496
2026/04/29 15:45:36,378000,11.499
2026/04/29 15:45:36,379000,11.499
2026/04/29 15:45:36,380000,11.493
2026/04/29 15:45:36,381000,11.493
2026/04/29 15:45:36,382000,11.499
2026/04/29 15:45:36,383000,11.496
2026/04/29 15:45:36,384000,11.496
2026/04/29 15:45:36,385000,11.499
2026/04/29 15:45:36,386000,11.493
2026/04/29 15:45:36,387000,11.499
2026/04/29 15:45:36,388000,11.501
2026/04/29 15:45:36,389000,11.501
2026/04/29 15:45:36,390000,11.496
2026/04/29 15:45:36,391000,11.493
2026/04/29 15:45:36,392000,11.493
2026/04/29 15:45:36,393000,11.490
2026/04/29 15:45:36,394000,11.499
2026/04/29 15:45:36,395000,11.501
2026/04/29 15:45:36,396000,11.493
2026/04/29 15:45:36,397000,11.499
2026/04/29 15:45:36,398000,11.499
2026/04/29 15:45:36,399000,11.493
2026/04/29 15:45:36,400000,11.493
2026/04/29 15:45:36,401000,11.493
2026/04/29 15:45:36,402000,11.496
2026/04/29 15:45:36,403000,11.499
2026/04/29 15:45:36,404000,11.499
2026/04/29 15:45:36,405000,11.499
2026/04/29 15:45:36,406000,11.493
2026/04/29 15:45:36,407000,11.493
2026/04/29 15:45:36,408000,11.501
2026/04/29 15:45:36,409000,11.499
2026/04/29 15:45:36,410000,11.493
2026/04/29 15:45:36,411000,11.493
2026/04/29 15:45:36,412000,11.493
2026/04/29 15:45:36,413000,11.493
2026/04/29 15:45:36,414000,11.493
2026/04/29 15:45:36,415000,11.490
2026/04/29 15:45:36,416000,11.499
2026/04/29 15:45:36,417000,11.493
2026/04/29 15:45:36,418000,11.490
2026/04/29 15:45:36,419000,11.496
2026/04/29 15:45:36,420000,11.493
2026/04/29 15:45:36,421000,11.487
2026/04/29 15:45:36,422000,11.499
2026/04/29 15:45:36,423000,11.493
2026/04/29 15:45:36,424000,11.499
2026/04/29 15:45:36,425000,11.499
2026/04/29 15:45:36,426000,11.496
2026/04/29 15:45:36,427000,11.490
2026/04/29 15:45:36,428000,11.496
2026/04/29 15:45:36,429000,11.493
2026/04/29 15:45:36,430000,11.499
2026/04/29 15:45:36,431000,11.490
2026/04/29 15:45:36,432000,11.485
2026/04/29 15:45:36,433000,11.496
2026/04/29 15:45:36,434000,11.493
2026/04/29 15:45:36,435000,11.501
2026/04/29 15:45:36,436000,11.493
2026/04/29 15:45:36,437000,11.490
2026/04/29 15:45:36,438000,11.490
2026/04/29 15:45:36,439000,11.496
2026/04/29 15:45:36,440000,11.493
2026/04/29 15:45:36,441000,11.493
2026/04/29 15:45:36,442000,11.493
2026/04/29 15:45:36,443000,11.499
2026/04/29 15:45:36,444000,11.496
2026/04/29 15:45:36,445000,11.493
2026/04/29 15:45:36,446000,11.493
2026/04/29 15:45:36,447000,11.490
2026/04/29 15:45:36,448000,11.493
2026/04/29 15:45:36,449000,11.490
2026/04/29 15:45:36,450000,11.493
2026/04/29 15:45:36,451000,11.493
2026/04/29 15:45:36,452000,11.493
2026/04/29 15:45:36,453000,11.487
2026/04/29 15:45:36,454000,11.493
2026/04/29 15:45:36,455000,11.496
2026/04/29 15:45:36,456000,11.493
2026/04/29 15:45:36,457000,11.499
2026/04/29 15:45:36,458000,11.490
2026/04/29 15:45:36,459000,11.499
2026/04/29 15:45:36,460000,11.487
2026/04/29 15:45:36,461000,11.499
2026/04/29 15:45:36,462000,11.499
2026/04/29 15:45:36,463000,11.493
2026/04/29 15:45:36,464000,11.490
2026/04/29 15:45:36,465000,11.499
2026/04/29 15:45:36,466000,11.496
2026/04/29 15:45:36,467000,11.493
2026/04/29 15:45:36,468000,11.490
2026/04/29 15:45:36,469000,11.496
2026/04/29 15:45:36,470000,11.496
2026/04/29 15:45:36,471000,11.496
2026/04/29 15:45:36,472000,11.496
2026/04/29 15:45:36,473000,11.499
2026/04/29 15:45:36,474000,11.496
2026/04/29 15:45:36,475000,11.499
2026/04/29 15:45:36,476000,11.493
2026/04/29 15:45:36,477000,11.496
2026/04/29 15:45:36,478000,11.493
2026/04/29 15:45:36,479000,11.487
2026/04/29 15:45:36,480000,11.499
2026/04/29 15:45:36,481000,11.496
2026/04/29 15:45:36,482000,11.493
2026/04/29 15:45:36,483000,11.490
2026/04/29 15:45:36,484000,11.501
2026/04/29 15:45:36,485000,11.493
2026/04/29 15:45:36,486000,11.493
2026/04/29 15:45:36,487000,11.499
2026/04/29 15:45:36,488000,11.499
2026/04/29 15:45:36,489000,11.493
2026/04/29 15:45:36,490000,11.499
2026/04/29 15:45:36,491000,11.490
2026/04/29 15:45:36,492000,11.496
2026/04/29 15:45:36,493000,11.499
2026/04/29 15:45:36,494000,11.493
2026/04/29 15:45:36,495000,11.496
2026/04/29 15:45:36,496000,11.487
2026/04/29 15:45:36,497000,11.493
2026/04/29 15:45:36,498000,11.496
2026/04/29 15:45:36,499000,11.493
2026/04/29 15:45:36,500000,11.499
2026/04/29 15:45:36,501000,11.490
2026/04/29 15:45:36,502000,11.490
2026/04/29 15:45:36,503000,11.499
2026/04/29 15:45:36,504000,11.493
2026/04/29 15:45:36,505000,11.499
2026/04/29 15:45:36,506000,11.499
2026/04/29 15:45:36,507000,11.501
2026/04/29 15:45:36,508000,11.496
2026/04/29 15:45:36,509000,11.499
2026/04/29 15:45:36,510000,11.499
2026/04/29 15:45:36,511000,11.499
2026/04/29 15:45:36,512000,11.493
2026/04/29 15:45:36,513000,11.496
2026/04/29 15:45:36,514000,11.510
2026/04/29 15:45:36,515000,11.496
2026/04/29 15:45:36,516000,11.501
2026/04/29 15:45:36,517000,11.499
2026/04/29 15:45:36,518000,11.490
2026/04/29 15:45:36,519000,11.493
2026/04/29 15:45:36,520000,11.501
2026/04/29 15:45:36,521000,11.501
2026/04/29 15:45:36,522000,11.499
2026/04/29 15:45:36,523000,11.493
2026/04/29 15:45:36,524000,11.493
2026/04/29 15:45:36,525000,11.499
2026/04/29 15:45:36,526000,11.493
2026/04/29 15:45:36,527000,11.501
2026/04/29 15:45:36,528000,11.493
2026/04/29 15:45:36,529000,11.499
2026/04/29 15:45:36,530000,11.490
2026/04/29 15:45:36,531000,11.496
2026/04/29 15:45:36,532000,11.496
2026/04/29 15:45:36,533000,11.499
2026/04/29 15:45:36,534000,11.501
2026/04/29 15:45:36,535000,11.493
2026/04/29 15:45:36,536000,11.499
2026/04/29 15:45:36,537000,11.496
2026/04/29 15:45:36,538000,11.493
2026/04/29 15:45:36,539000,11.493
2026/04/29 15:45:36,540000,11.499
2026/04/29 15:45:36,541000,11.493
2026/04/29 15:45:36,542000,11.496
2026/04/29 15:45:36,543000,11.493
2026/04/29 15:45:36,544000,11.493
2026/04/29 15:45:36,545000,11.493
2026/04/29 15:45:36,546000,11.493
2026/04/29 15:45:36,547000,11.493
2026/04/29 15:45:36,548000,11.499
2026/04/29 15:45:36,549000,11.496
2026/04/29 15:45:36,550000,11.493
2026/04/29 15:45:36,551000,11.493
2026/04/29 15:45:36,552000,11.499
2026/04/29 15:45:36,553000,11.499
2026/04/29 15:45:36,554000,11.490
2026/04/29 15:45:36,555000,11.501
2026/04/29 15:45:36,556000,11.487
2026/04/29 15:45:36,557000,11.496
2026/04/29 15:45:36,558000,11.501
2026/04/29 15:45:36,559000,11.493
2026/04/29 15:45:36,560000,11.496
2026/04/29 15:45:36,561000,11.493
2026/04/29 15:45:36,562000,11.496
2026/04/29 15:45:36,563000,11.499
2026/04/29 15:45:36,564000,11.499
2026/04/29 15:45:36,565000,11.493
2026/04/29 15:45:36,566000,11.496
2026/04/29 15:45:36,567000,11.496
2026/04/29 15:45:36,568000,11.493
2026/04/29 15:45:36,569000,11.499
2026/04/29 15:45:36,570000,11.496
2026/04/29 15:45:36,571000,11.504
2026/04/29 15:45:36,572000,11.499
2026/04/29 15:45:36,573000,11.499
2026/04/29 15:45:36,574000,11.493
2026/04/29 15:45:36,575000,11.493
2026/04/29 15:45:36,576000,11.496
2026/04/29 15:45:36,577000,11.493
2026/04/29 15:45:36,578000,11.496
2026/04/29 15:45:36,579000,11.496
2026/04/29 15:45:36,580000,11.499
2026/04/29 15:45:36,581000,11.493
2026/04/29 15:45:36,582000,11.499
2026/04/29 15:45:36,583000,11.499
2026/04/29 15:45:36,584000,11.501
2026/04/29 15:45:36,585000,11.490
2026/04/29 15:45:36,586000,11.499
2026/04/29 15:45:36,587000,11.496
2026/04/29 15:45:36,588000,11.493
2026/04/29 15:45:36,589000,11.493
2026/04/29 15:45:36,590000,11.499
2026/04/29 15:45:36,591000,11.496
2026/04/29 15:45:36,592000,11.496
2026/04/29 15:45:36,593000,11.493
2026/04/29 15:45:36,594000,11.499
2026/04/29 15:45:36,595000,11.496
2026/04/29 15:45:36,596000,11.496
2026/04/29 15:45:36,597000,11.499
2026/04/29 15:45:36,598000,11.499
2026/04/29 15:45:36,599000,11.499
2026/04/29 15:45:36,600000,11.490
2026/04/29 15:45:36,601000,11.493
2026/04/29 15:45:36,602000,11.496
2026/04/29 15:45:36,603000,11.493
2026/04/29 15:45:36,604000,11.490
2026/04/29 15:45:36,605000,11.496
2026/04/29 15:45:36,606000,11.499
2026/04/29 15:45:36,607000,11.499
2026/04/29 15:45:36,608000,11.499
2026/04/29 15:45:36,609000,11.501
2026/04/29 15:45:36,610000,11.493
2026/04/29 15:45:36,611000,11.496
2026/04/29 15:45:36,612000,11.487
2026/04/29 15:45:36,613000,11.493
2026/04/29 15:45:36,614000,11.496
2026/04/29 15:45:36,615000,11.499
2026/04/29 15:45:36,616000,11.493
2026/04/29 15:45:36,617000,11.493
2026/04/29 15:45:36,618000,11.499
2026/04/29 15:45:36,619000,11.496
2026/04/29 15:45:36,620000,11.493
2026/04/29 15:45:36,621000,11.493
2026/04/29 15:45:36,622000,11.499
2026/04/29 15:45:36,623000,11.493
2026/04/29 15:45:36,624000,11.493
2026/04/29 15:45:36,625000,11.496
2026/04/29 15:45:36,626000,11.499
2026/04/29 15:45:36,627000,11.496
2026/04/29 15:45:36,628000,11.493
2026/04/29 15:45:36,629000,11.493
2026/04/29 15:45:36,630000,11.493
2026/04/29 15:45:36,631000,11.496
2026/04/29 15:45:36,632000,11.501
2026/04/29 15:45:36,633000,11.493
2026/04/29 15:45:36,634000,11.501
2026/04/29 15:45:36,635000,11.496
2026/04/29 15:45:36,636000,11.496
2026/04/29 15:45:36,637000,11.499
2026/04/29 15:45:36,638000,11.504
2026/04/29 15:45:36,639000,11.493
2026/04/29 15:45:36,640000,11.493
2026/04/29 15:45:36,641000,11.493
2026/04/29 15:45:36,642000,11.496
2026/04/29 15:45:36,643000,11.496
2026/04/29 15:45:36,644000,11.504
2026/04/29 15:45:36,645000,11.496
2026/04/29 15:45:36,646000,11.499
2026/04/29 15:45:36,647000,11.493
2026/04/29 15:45:36,648000,11.501
2026/04/29 15:45:36,649000,11.501
2026/04/29 15:45:36,650000,11.493
2026/04/29 15:45:36,651000,11.499
2026/04/29 15:45:36,652000,11.493
2026/04/29 15:45:36,653000,11.504
2026/04/29 15:45:36,654000,11.501
2026/04/29 15:45:36,655000,11.499
2026/04/29 15:45:36,656000,11.490
2026/04/29 15:45:36,657000,11.499
2026/04/29 15:45:36,658000,11.499
2026/04/29 15:45:36,659000,11.501
2026/04/29 15:45:36,660000,11.499
2026/04/29 15:45:36,661000,11.504
2026/04/29 15:45:36,662000,11.496
2026/04/29 15:45:36,663000,11.499
2026/04/29 15:45:36,664000,11.493
2026/04/29 15:45:36,665000,11.499
2026/04/29 15:45:36,666000,11.499
2026/04/29 15:45:36,667000,11.496
2026/04/29 15:45:36,668000,11.499
2026/04/29 15:45:36,669000,11.493
2026/04/29 15:45:36,670000,11.499
2026/04/29 15:45:36,671000,11.496
2026/04/29 15:45:36,672000,11.507
2026/04/29 15:45:36,673000,11.499
2026/04/29 15:45:36,674000,11.493
2026/04/29 15:45:36,675000,11.501
2026/04/29 15:45:36,676000,11.493
2026/04/29 15:45:36,677000,11.501
2026/04/29 15:45:36,678000,11.499
2026/04/29 15:45:36,679000,11.499
2026/04/29 15:45:36,680000,11.496
2026/04/29 15:45:36,681000,11.499
2026/04/29 15:45:36,682000,11.499
2026/04/29 15:45:36,683000,11.499
2026/04/29 15:45:36,684000,11.499
2026/04/29 15:45:36,685000,11.493
2026/04/29 15:45:36,686000,11.499
2026/04/29 15:45:36,687000,11.496
2026/04/29 15:45:36,688000,11.496
2026/04/29 15:45:36,689000,11.499
2026/04/29 15:45:36,690000,11.499
2026/04/29 15:45:36,691000,11.499
2026/04/29 15:45:36,692000,11.493
2026/04/29 15:45:36,693000,11.504
2026/04/29 15:45:36,694000,11.496
2026/04/29 15:45:36,695000,11.496
2026/04/29 15:45:36,696000,11.499
2026/04/29 15:45:36,697000,11.493
2026/04/29 15:45:36,698000,11.490
2026/04/29 15:45:36,699000,11.501
2026/04/29 15:45:36,700000,11.499
2026/04/29 15:45:36,701000,11.496
2026/04/29 15:45:36,702000,11.490
2026/04/29 15:45:36,703000,11.496
2026/04/29 15:45:36,704000,11.499
2026/04/29 15:45:36,705000,11.499
2026/04/29 15:45:36,706000,11.499
2026/04/29 15:45:36,707000,11.493
2026/04/29 15:45:36,708000,11.499
2026/04/29 15:45:36,709000,11.499
2026/04/29 15:45:36,710000,11.493
2026/04/29 15:45:36,711000,11.499
2026/04/29 15:45:36,712000,11.499
2026/04/29 15:45:36,713000,11.501
2026/04/29 15:45:36,714000,11.501
2026/04/29 15:45:36,715000,11.496
2026/04/29 15:45:36,716000,11.499
2026/04/29 15:45:36,717000,11.501
2026/04/29 15:45:36,718000,11.499
2026/04/29 15:45:36,719000,11.499
2026/04/29 15:45:36,720000,11.499
2026/04/29 15:45:36,721000,11.501
2026/04/29 15:45:36,722000,11.499
2026/04/29 15:45:36,723000,11.493
2026/04/29 15:45:36,724000,11.504
2026/04/29 15:45:36,725000,11.499
2026/04/29 15:45:36,726000,11.499
2026/04/29 15:45:36,727000,11.493
2026/04/29 15:45:36,728000,11.501
2026/04/29 15:45:36,729000,11.496
2026/04/29 15:45:36,730000,11.493
2026/04/29 15:45:36,731000,11.490
2026/04/29 15:45:36,732000,11.496
2026/04/29 15:45:36,733000,11.496
2026/04/29 15:45:36,734000,11.499
2026/04/29 15:45:36,735000,11.499
2026/04/29 15:45:36,736000,11.499
2026/04/29 15:45:36,737000,11.496
2026/04/29 15:45:36,738000,11.499
2026/04/29 15:45:36,739000,11.499
2026/04/29 15:45:36,740000,11.496
2026/04/29 15:45:36,741000,11.493
2026/04/29 15:45:36,742000,11.499
2026/04/29 15:45:36,743000,11.493
2026/04/29 15:45:36,744000,11.499
2026/04/29 15:45:36,745000,11.499
2026/04/29 15:45:36,746000,11.499
2026/04/29 15:45:36,747000,11.499
2026/04/29 15:45:36,748000,11.496
2026/04/29 15:45:36,749000,11.504
2026/04/29 15:45:36,750000,11.496
2026/04/29 15:45:36,751000,11.493
2026/04/29 15:45:36,752000,11.493
2026/04/29 15:45:36,753000,11.496
2026/04/29 15:45:36,754000,11.499
2026/04/29 15:45:36,755000,11.499
2026/04/29 15:45:36,756000,11.499
2026/04/29 15:45:36,757000,11.504
2026/04/29 15:45:36,758000,11.501
2026/04/29 15:45:36,759000,11.499
2026/04/29 15:45:36,760000,11.504
2026/04/29 15:45:36,761000,11.493
2026/04/29 15:45:36,762000,11.496
2026/04/29 15:45:36,763000,11.493
2026/04/29 15:45:36,764000,11.493
2026/04/29 15:45:36,765000,11.496
2026/04/29 15:45:36,766000,11.496
2026/04/29 15:45:36,767000,11.493
2026/04/29 15:45:36,768000,11.499
2026/04/29 15:45:36,769000,11.496
2026/04/29 15:45:36,770000,11.499
2026/04/29 15:45:36,771000,11.499
2026/04/29 15:45:36,772000,11.493
2026/04/29 15:45:36,773000,11.496
2026/04/29 15:45:36,774000,11.499
2026/04/29 15:45:36,775000,11.496
2026/04/29 15:45:36,776000,11.496
2026/04/29 15:45:36,777000,11.496
2026/04/29 15:45:36,778000,11.501
2026/04/29 15:45:36,779000,11.496
2026/04/29 15:45:36,780000,11.499
2026/04/29 15:45:36,781000,11.493
2026/04/29 15:45:36,782000,11.496
2026/04/29 15:45:36,783000,11.496
2026/04/29 15:45:36,784000,11.501
2026/04/29 15:45:36,785000,11.496
2026/04/29 15:45:36,786000,11.493
2026/04/29 15:45:36,787000,11.496
2026/04/29 15:45:36,788000,11.499
2026/04/29 15:45:36,789000,11.499
2026/04/29 15:45:36,790000,11.501
2026/04/29 15:45:36,791000,11.499
2026/04/29 15:45:36,792000,11.504
2026/04/29 15:45:36,793000,11.493
2026/04/29 15:45:36,794000,11.499
2026/04/29 15:45:36,795000,11.499
2026/04/29 15:45:36,796000,11.499
2026/04/29 15:45:36,797000,11.499
2026/04/29 15:45:36,798000,11.493
2026/04/29 15:45:36,799000,11.496
2026/04/29 15:45:36,800000,11.496
2026/04/29 15:45:36,801000,11.493
2026/04/29 15:45:36,802000,11.496
2026/04/29 15:45:36,803000,11.496
2026/04/29 15:45:36,804000,11.496
2026/04/29 15:45:36,805000,11.493
2026/04/29 15:45:36,806000,11.499
2026/04/29 15:45:36,807000,11.496
2026/04/29 15:45:36,808000,11.501
2026/04/29 15:45:36,809000,11.496
2026/04/29 15:45:36,810000,11.493
2026/04/29 15:45:36,811000,11.496
2026/04/29 15:45:36,812000,11.496
2026/04/29 15:45:36,813000,11.496
2026/04/29 15:45:36,814000,11.499
2026/04/29 15:45:36,815000,11.493
2026/04/29 15:45:36,816000,11.501
2026/04/29 15:45:36,817000,11.501
2026/04/29 15:45:36,818000,11.493
2026/04/29 15:45:36,819000,11.493
2026/04/29 15:45:36,820000,11.496
2026/04/29 15:45:36,821000,11.493
2026/04/29 15:45:36,822000,11.496
2026/04/29 15:45:36,823000,11.499
2026/04/29 15:45:36,824000,11.499
2026/04/29 15:45:36,825000,11.490
2026/04/29 15:45:36,826000,11.493
2026/04/29 15:45:36,827000,11.499
2026/04/29 15:45:36,828000,11.501
2026/04/29 15:45:36,829000,11.493
2026/04/29 15:45:36,830000,11.496
2026/04/29 15:45:36,831000,11.490
2026/04/29 15:45:36,832000,11.501
2026/04/29 15:45:36,833000,11.499
2026/04/29 15:45:36,834000,11.499
2026/04/29 15:45:36,835000,11.496
2026/04/29 15:45:36,836000,11.504
2026/04/29 15:45:36,837000,11.496
2026/04/29 15:45:36,838000,11.501
2026/04/29 15:45:36,839000,11.496
2026/04/29 15:45:36,840000,11.496
2026/04/29 15:45:36,841000,11.496
2026/04/29 15:45:36,842000,11.499
2026/04/29 15:45:36,843000,11.499
2026/04/29 15:45:36,844000,11.496
2026/04/29 15:45:36,845000,11.499
2026/04/29 15:45:36,846000,11.493
2026/04/29 15:45:36,847000,11.501
2026/04/29 15:45:36,848000,11.493
2026/04/29 15:45:36,849000,11.496
2026/04/29 15:45:36,850000,11.499
2026/04/29 15:45:36,851000,11.493
2026/04/29 15:45:36,852000,11.496
2026/04/29 15:45:36,853000,11.490
2026/04/29 15:45:36,854000,11.493
2026/04/29 15:45:36,855000,11.496
2026/04/29 15:45:36,856000,11.499
2026/04/29 15:45:36,857000,11.501
2026/04/29 15:45:36,858000,11.493
2026/04/29 15:45:36,859000,11.496
2026/04/29 15:45:36,860000,11.496
2026/04/29 15:45:36,861000,11.496
2026/04/29 15:45:36,862000,11.496
2026/04/29 15:45:36,863000,11.501
2026/04/29 15:45:36,864000,11.501
2026/04/29 15:45:36,865000,11.501
2026/04/29 15:45:36,866000,11.499
2026/04/29 15:45:36,867000,11.496
2026/04/29 15:45:36,868000,11.501
2026/04/29 15:45:36,869000,11.496
2026/04/29 15:45:36,870000,11.501
2026/04/29 15:45:36,871000,11.493
2026/04/29 15:45:36,872000,11.493
2026/04/29 15:45:36,873000,11.501
2026/04/29 15:45:36,874000,11.496
2026/04/29 15:45:36,875000,11.499
2026/04/29 15:45:36,876000,11.493
2026/04/29 15:45:36,877000,11.499
2026/04/29 15:45:36,878000,11.501
2026/04/29 15:45:36,879000,11.507
2026/04/29 15:45:36,880000,11.490
2026/04/29 15:45:36,881000,11.493
2026/04/29 15:45:36,882000,11.493
2026/04/29 15:45:36,883000,11.496
2026/04/29 15:45:36,884000,11.499
2026/04/29 15:45:36,885000,11.493
2026/04/29 15:45:36,886000,11.501
2026/04/29 15:45:36,887000,11.493
2026/04/29 15:45:36,888000,11.501
2026/04/29 15:45:36,889000,11.493
2026/04/29 15:45:36,890000,11.496
2026/04/29 15:45:36,891000,11.499
2026/04/29 15:45:36,892000,11.496
2026/04/29 15:45:36,893000,11.493
2026/04/29 15:45:36,894000,11.499
2026/04/29 15:45:36,895000,11.490
2026/04/29 15:45:36,896000,11.496
2026/04/29 15:45:36,897000,11.496
2026/04/29 15:45:36,898000,11.501
2026/04/29 15:45:36,899000,11.501
2026/04/29 15:45:36,900000,11.496
2026/04/29 15:45:36,901000,11.496
2026/04/29 15:45:36,902000,11.496
2026/04/29 15:45:36,903000,11.499
2026/04/29 15:45:36,904000,11.490
2026/04/29 15:45:36,905000,11.493
2026/04/29 15:45:36,906000,11.490
2026/04/29 15:45:36,907000,11.499
2026/04/29 15:45:36,908000,11.499
2026/04/29 15:45:36,909000,11.501
2026/04/29 15:45:36,910000,11.496
2026/04/29 15:45:36,911000,11.493
2026/04/29 15:45:36,912000,11.496
2026/04/29 15:45:36,913000,11.493
2026/04/29 15:45:36,914000,11.493
2026/04/29 15:45:36,915000,11.507
2026/04/29 15:45:36,916000,11.490
2026/04/29 15:45:36,917000,11.499
2026/04/29 15:45:36,918000,11.493
2026/04/29 15:45:36,919000,11.504
2026/04/29 15:45:36,920000,11.490
2026/04/29 15:45:36,921000,11.493
2026/04/29 15:45:36,922000,11.496
2026/04/29 15:45:36,923000,11.493
2026/04/29 15:45:36,924000,11.501
2026/04/29 15:45:36,925000,11.493
2026/04/29 15:45:36,926000,11.513
2026/04/29 15:45:36,927000,11.493
2026/04/29 15:45:36,928000,11.493
2026/04/29 15:45:36,929000,11.499
2026/04/29 15:45:36,930000,11.501
2026/04/29 15:45:36,931000,11.490
2026/04/29 15:45:36,932000,11.499
2026/04/29 15:45:36,933000,11.499
2026/04/29 15:45:36,934000,11.499
2026/04/29 15:45:36,935000,11.499
2026/04/29 15:45:36,936000,11.493
2026/04/29 15:45:36,937000,11.490
2026/04/29 15:45:36,938000,11.496
2026/04/29 15:45:36,939000,11.504
2026/04/29 15:45:36,940000,11.490
2026/04/29 15:45:36,941000,11.501
2026/04/29 15:45:36,942000,11.493
2026/04/29 15:45:36,943000,11.493
2026/04/29 15:45:36,944000,11.493
2026/04/29 15:45:36,945000,11.493
2026/04/29 15:45:36,946000,11.493
2026/04/29 15:45:36,947000,11.499
2026/04/29 15:45:36,948000,11.493
2026/04/29 15:45:36,949000,11.501
2026/04/29 15:45:36,950000,11.499
2026/04/29 15:45:36,951000,11.496
2026/04/29 15:45:36,952000,11.493
2026/04/29 15:45:36,953000,11.501
2026/04/29 15:45:36,954000,11.490
2026/04/29 15:45:36,955000,11.493
2026/04/29 15:45:36,956000,11.493
2026/04/29 15:45:36,957000,11.496
2026/04/29 15:45:36,958000,11.496
2026/04/29 15:45:36,959000,11.501
2026/04/29 15:45:36,960000,11.490
2026/04/29 15:45:36,961000,11.501
2026/04/29 15:45:36,962000,11.493
2026/04/29 15:45:36,963000,11.499
2026/04/29 15:45:36,964000,11.496
2026/04/29 15:45:36,965000,11.499
2026/04/29 15:45:36,966000,11.499
2026/04/29 15:45:36,967000,11.499
2026/04/29 15:45:36,968000,11.490
2026/04/29 15:45:36,969000,11.493
2026/04/29 15:45:36,970000,11.493
2026/04/29 15:45:36,971000,11.496
2026/04/29 15:45:36,972000,11.493
2026/04/29 15:45:36,973000,11.499
2026/04/29 15:45:36,974000,11.499
2026/04/29 15:45:36,975000,11.493
2026/04/29 15:45:36,976000,11.499
2026/04/29 15:45:36,977000,11.501
2026/04/29 15:45:36,978000,11.496
2026/04/29 15:45:36,979000,11.499
2026/04/29 15:45:36,980000,11.501
2026/04/29 15:45:36,981000,11.496
2026/04/29 15:45:36,982000,11.493
2026/04/29 15:45:36,983000,11.499
2026/04/29 15:45:36,984000,11.490
2026/04/29 15:45:36,985000,11.490
2026/04/29 15:45:36,986000,11.499
2026/04/29 15:45:36,987000,11.496
2026/04/29 15:45:36,988000,11.504
2026/04/29 15:45:36,989000,11.499
2026/04/29 15:45:36,990000,11.493
2026/04/29 15:45:36,991000,11.496
2026/04/29 15:45:36,992000,11.493
2026/04/29 15:45:36,993000,11.496
2026/04/29 15:45:36,994000,11.490
2026/04/29 15:45:36,995000,11.490
2026/04/29 15:45:36,996000,11.490
2026/04/29 15:45:36,997000,11.496
2026/04/29 15:45:36,998000,11.499
2026/04/29 15:45:36,999000,11.499
2026/04/29 15:45:37,000000,11.499
2026/04/29 15:45:37,001000,11.501
2026/04/29 15:45:37,002000,11.499
2026/04/29 15:45:37,003000,11.499
2026/04/29 15:45:37,004000,11.496
2026/04/29 15:45:37,005000,11.499
2026/04/29 15:45:37,006000,11.499
2026/04/29 15:45:37,007000,11.499
2026/04/29 15:45:37,008000,11.499
2026/04/29 15:45:37,009000,11.499
2026/04/29 15:45:37,010000,11.490
2026/04/29 15:45:37,011000,11.496
2026/04/29 15:45:37,012000,11.493
2026/04/29 15:45:37,013000,11.490
2026/04/29 15:45:37,014000,11.499
2026/04/29 15:45:37,015000,11.496
2026/04/29 15:45:37,016000,11.496
2026/04/29 15:45:37,017000,11.496
2026/04/29 15:45:37,018000,11.501
2026/04/29 15:45:37,019000,11.493
2026/04/29 15:45:37,020000,11.499
2026/04/29 15:45:37,021000,11.501
2026/04/29 15:45:37,022000,11.496
2026/04/29 15:45:37,023000,11.499
2026/04/29 15:45:37,024000,11.499
2026/04/29 15:45:37,025000,11.499
2026/04/29 15:45:37,026000,11.499
2026/04/29 15:45:37,027000,11.496
2026/04/29 15:45:37,028000,11.501
2026/04/29 15:45:37,029000,11.499
2026/04/29 15:45:37,030000,11.501
2026/04/29 15:45:37,031000,11.490
2026/04/29 15:45:37,032000,11.499
2026/04/29 15:45:37,033000,11.496
2026/04/29 15:45:37,034000,11.496
2026/04/29 15:45:37,035000,11.499
2026/04/29 15:45:37,036000,11.496
2026/04/29 15:45:37,037000,11.493
2026/04/29 15:45:37,038000,11.493
2026/04/29 15:45:37,039000,11.499
2026/04/29 15:45:37,040000,11.496
2026/04/29 15:45:37,041000,11.499
2026/04/29 15:45:37,042000,11.499
2026/04/29 15:45:37,043000,11.490
2026/04/29 15:45:37,044000,11.504
2026/04/29 15:45:37,045000,11.496
2026/04/29 15:45:37,046000,11.496
2026/04/29 15:45:37,047000,11.501
2026/04/29 15:45:37,048000,11.496
2026/04/29 15:45:37,049000,11.496
2026/04/29 15:45:37,050000,11.496
2026/04/29 15:45:37,051000,11.496
2026/04/29 15:45:37,052000,11.499
2026/04/29 15:45:37,053000,11.493
2026/04/29 15:45:37,054000,11.501
2026/04/29 15:45:37,055000,11.501
2026/04/29 15:45:37,056000,11.501
2026/04/29 15:45:37,057000,11.496
2026/04/29 15:45:37,058000,11.496
2026/04/29 15:45:37,059000,11.499
2026/04/29 15:45:37,060000,11.501
2026/04/29 15:45:37,061000,11.493
2026/04/29 15:45:37,062000,11.501
2026/04/29 15:45:37,063000,11.499
2026/04/29 15:45:37,064000,11.490
2026/04/29 15:45:37,065000,11.493
2026/04/29 15:45:37,066000,11.499
2026/04/29 15:45:37,067000,11.499
2026/04/29 15:45:37,068000,11.496
2026/04/29 15:45:37,069000,11.499
2026/04/29 15:45:37,070000,11.493
2026/04/29 15:45:37,071000,11.501
2026/04/29 15:45:37,072000,11.493
2026/04/29 15:45:37,073000,11.499
2026/04/29 15:45:37,074000,11.493
2026/04/29 15:45:37,075000,11.496
2026/04/29 15:45:37,076000,11.496
2026/04/29 15:45:37,077000,11.499
2026/04/29 15:45:37,078000,11.496
2026/04/29 15:45:37,079000,11.504
2026/04/29 15:45:37,080000,11.493
2026/04/29 15:45:37,081000,11.501
2026/04/29 15:45:37,082000,11.501
2026/04/29 15:45:37,083000,11.499
2026/04/29 15:45:37,084000,11.496
2026/04/29 15:45:37,085000,11.496
2026/04/29 15:45:37,086000,11.499
2026/04/29 15:45:37,087000,11.496
2026/04/29 15:45:37,088000,11.496
2026/04/29 15:45:37,089000,11.504
2026/04/29 15:45:37,090000,11.501
2026/04/29 15:45:37,091000,11.499
2026/04/29 15:45:37,092000,11.501
2026/04/29 15:45:37,093000,11.499
2026/04/29 15:45:37,094000,11.496
2026/04/29 15:45:37,095000,11.496
2026/04/29 15:45:37,096000,11.499
2026/04/29 15:45:37,097000,11.496
2026/04/29 15:45:37,098000,11.493
2026/04/29 15:45:37,099000,11.501
2026/04/29 15:45:37,100000,11.499
2026/04/29 15:45:37,101000,11.496
2026/04/29 15:45:37,102000,11.499
2026/04/29 15:45:37,103000,11.507
2026/04/29 15:45:37,104000,11.501
2026/04/29 15:45:37,105000,11.493
2026/04/29 15:45:37,106000,11.490
2026/04/29 15:45:37,107000,11.501
2026/04/29 15:45:37,108000,11.504
2026/04/29 15:45:37,109000,11.499
2026/04/29 15:45:37,110000,11.496
2026/04/29 15:45:37,111000,11.501
2026/04/29 15:45:37,112000,11.499
2026/04/29 15:45:37,113000,11.501
2026/04/29 15:45:37,114000,11.499
2026/04/29 15:45:37,115000,11.496
2026/04/29 15:45:37,116000,11.499
2026/04/29 15:45:37,117000,11.499
2026/04/29 15:45:37,118000,11.499
2026/04/29 15:45:37,119000,11.501
2026/04/29 15:45:37,120000,11.493
2026/04/29 15:45:37,121000,11.493
2026/04/29 15:45:37,122000,11.501
2026/04/29 15:45:37,123000,11.493
2026/04/29 15:45:37,124000,11.499
2026/04/29 15:45:37,125000,11.496
2026/04/29 15:45:37,126000,11.496
2026/04/29 15:45:37,127000,11.499
2026/04/29 15:45:37,128000,11.504
2026/04/29 15:45:37,129000,11.490
2026/04/29 15:45:37,130000,11.493
2026/04/29 15:45:37,131000,11.499
2026/04/29 15:45:37,132000,11.496
2026/04/29 15:45:37,133000,11.499
2026/04/29 15:45:37,134000,11.504
2026/04/29 15:45:37,135000,11.499
2026/04/29 15:45:37,136000,11.496
2026/04/29 15:45:37,137000,11.493
2026/04/29 15:45:37,138000,11.493
2026/04/29 15:45:37,139000,11.490
2026/04/29 15:45:37,140000,11.496
2026/04/29 15:45:37,141000,11.501
2026/04/29 15:45:37,142000,11.499
2026/04/29 15:45:37,143000,11.493
2026/04/29 15:45:37,144000,11.501
2026/04/29 15:45:37,145000,11.496
2026/04/29 15:45:37,146000,11.504
2026/04/29 15:45:37,147000,11.493
2026/04/29 15:45:37,148000,11.493
2026/04/29 15:45:37,149000,11.504
2026/04/29 15:45:37,150000,11.496
2026/04/29 15:45:37,151000,11.493
2026/04/29 15:45:37,152000,11.490
2026/04/29 15:45:37,153000,11.496
2026/04/29 15:45:37,154000,11.504
2026/04/29 15:45:37,155000,11.493
2026/04/29 15:45:37,156000,11.487
2026/04/29 15:45:37,157000,11.501
2026/04/29 15:45:37,158000,11.501
2026/04/29 15:45:37,159000,11.493
2026/04/29 15:45:37,160000,11.493
2026/04/29 15:45:37,161000,11.487
2026/04/29 15:45:37,162000,11.499
2026/04/29 15:45:37,163000,11.493
2026/04/29 15:45:37,164000,11.493
2026/04/29 15:45:37,165000,11.496
2026/04/29 15:45:37,166000,11.499
2026/04/29 15:45:37,167000,11.499
2026/04/29 15:45:37,168000,11.496
2026/04/29 15:45:37,169000,11.501
2026/04/29 15:45:37,170000,11.501
2026/04/29 15:45:37,171000,11.496
2026/04/29 15:45:37,172000,11.504
2026/04/29 15:45:37,173000,11.504
2026/04/29 15:45:37,174000,11.496
2026/04/29 15:45:37,175000,11.493
2026/04/29 15:45:37,176000,11.493
2026/04/29 15:45:37,177000,11.499
2026/04/29 15:45:37,178000,11.501
2026/04/29 15:45:37,179000,11.493
2026/04/29 15:45:37,180000,11.504
2026/04/29 15:45:37,181000,11.499
2026/04/29 15:45:37,182000,11.493
2026/04/29 15:45:37,183000,11.493
2026/04/29 15:45:37,184000,11.499
2026/04/29 15:45:37,185000,11.493
2026/04/29 15:45:37,186000,11.507
2026/04/29 15:45:37,187000,11.496
2026/04/29 15:45:37,188000,11.501
2026/04/29 15:45:37,189000,11.490
2026/04/29 15:45:37,190000,11.493
2026/04/29 15:45:37,191000,11.493
2026/04/29 15:45:37,192000,11.499
2026/04/29 15:45:37,193000,11.501
2026/04/29 15:45:37,194000,11.499
2026/04/29 15:45:37,195000,11.504
2026/04/29 15:45:37,196000,11.493
2026/04/29 15:45:37,197000,11.499
2026/04/29 15:45:37,198000,11.501
2026/04/29 15:45:37,199000,11.499
2026/04/29 15:45:37,200000,11.499
2026/04/29 15:45:37,201000,11.496
2026/04/29 15:45:37,202000,11.504
2026/04/29 15:45:37,203000,11.496
2026/04/29 15:45:37,204000,11.501
2026/04/29 15:45:37,205000,11.499
2026/04/29 15:45:37,206000,11.496
2026/04/29 15:45:37,207000,11.501
2026/04/29 15:45:37,208000,11.501
2026/04/29 15:45:37,209000,11.501
2026/04/29 15:45:37,210000,11.493
2026/04/29 15:45:37,211000,11.499
2026/04/29 15:45:37,212000,11.499
2026/04/29 15:45:37,213000,11.504
2026/04/29 15:45:37,214000,11.496
2026/04/29 15:45:37,215000,11.493
2026/04/29 15:45:37,216000,11.496
2026/04/29 15:45:37,217000,11.501
2026/04/29 15:45:37,218000,11.499
2026/04/29 15:45:37,219000,11.493
2026/04/29 15:45:37,220000,11.499
2026/04/29 15:45:37,221000,11.499
2026/04/29 15:45:37,222000,11.496
2026/04/29 15:45:37,223000,11.499
2026/04/29 15:45:37,224000,11.496
2026/04/29 15:45:37,225000,11.504
2026/04/29 15:45:37,226000,11.493
2026/04/29 15:45:37,227000,11.501
2026/04/29 15:45:37,228000,11.504
2026/04/29 15:45:37,229000,11.504
2026/04/29 15:45:37,230000,11.501
2026/04/29 15:45:37,231000,11.493
2026/04/29 15:45:37,232000,11.504
2026/04/29 15:45:37,233000,11.499
2026/04/29 15:45:37,234000,11.496
2026/04/29 15:45:37,235000,11.499
2026/04/29 15:45:37,236000,11.501
2026/04/29 15:45:37,237000,11.496
2026/04/29 15:45:37,238000,11.501
2026/04/29 15:45:37,239000,11.499
2026/04/29 15:45:37,240000,11.504
2026/04/29 15:45:37,241000,11.501
2026/04/29 15:45:37,242000,11.496
2026/04/29 15:45:37,243000,11.493
2026/04/29 15:45:37,244000,11.493
2026/04/29 15:45:37,245000,11.493
2026/04/29 15:45:37,246000,11.496
2026/04/29 15:45:37,247000,11.496
2026/04/29 15:45:37,248000,11.493
2026/04/29 15:45:37,249000,11.496
2026/04/29 15:45:37,250000,11.501
2026/04/29 15:45:37,251000,11.496
2026/04/29 15:45:37,252000,11.493
2026/04/29 15:45:37,253000,11.496
2026/04/29 15:45:37,254000,11.499
2026/04/29 15:45:37,255000,11.504
2026/04/29 15:45:37,256000,11.499
2026/04/29 15:45:37,257000,11.499
2026/04/29 15:45:37,258000,11.496
2026/04/29 15:45:37,259000,11.501
2026/04/29 15:45:37,260000,11.493
2026/04/29 15:45:37,261000,11.496
2026/04/29 15:45:37,262000,11.499
2026/04/29 15:45:37,263000,11.501
2026/04/29 15:45:37,264000,11.496
2026/04/29 15:45:37,265000,11.490
2026/04/29 15:45:37,266000,11.493
2026/04/29 15:45:37,267000,11.499
2026/04/29 15:45:37,268000,11.499
2026/04/29 15:45:37,269000,11.496
2026/04/29 15:45:37,270000,11.499
2026/04/29 15:45:37,271000,11.496
2026/04/29 15:45:37,272000,11.496
2026/04/29 15:45:37,273000,11.499
2026/04/29 15:45:37,274000,11.499
2026/04/29 15:45:37,275000,11.504
2026/04/29 15:45:37,276000,11.496
2026/04/29 15:45:37,277000,11.493
2026/04/29 15:45:37,278000,11.499
2026/04/29 15:45:37,279000,11.501
2026/04/29 15:45:37,280000,11.499
2026/04/29 15:45:37,281000,11.499
2026/04/29 15:45:37,282000,11.496
2026/04/29 15:45:37,283000,11.499
2026/04/29 15:45:37,284000,11.493
2026/04/29 15:45:37,285000,11.499
2026/04/29 15:45:37,286000,11.490
2026/04/29 15:45:37,287000,11.493
2026/04/29 15:45:37,288000,11.493
2026/04/29 15:45:37,289000,11.493
2026/04/29 15:45:37,290000,11.496
2026/04/29 15:45:37,291000,11.499
2026/04/29 15:45:37,292000,11.490
2026/04/29 15:45:37,293000,11.501
2026/04/29 15:45:37,294000,11.501
2026/04/29 15:45:37,295000,11.490
2026/04/29 15:45:37,296000,11.490
2026/04/29 15:45:37,297000,11.490
2026/04/29 15:45:37,298000,11.499
2026/04/29 15:45:37,299000,11.499
2026/04/29 15:45:37,300000,11.499
2026/04/29 15:45:37,301000,11.493
2026/04/29 15:45:37,302000,11.496
2026/04/29 15:45:37,303000,11.493
2026/04/29 15:45:37,304000,11.496
2026/04/29 15:45:37,305000,11.490
2026/04/29 15:45:37,306000,11.499
2026/04/29 15:45:37,307000,11.501
2026/04/29 15:45:37,308000,11.499
2026/04/29 15:45:37,309000,11.496
2026/04/29 15:45:37,310000,11.499
2026/04/29 15:45:37,311000,11.496
2026/04/29 15:45:37,312000,11.490
2026/04/29 15:45:37,313000,11.493
2026/04/29 15:45:37,314000,11.499
2026/04/29 15:45:37,315000,11.496
2026/04/29 15:45:37,316000,11.499
2026/04/29 15:45:37,317000,11.490
2026/04/29 15:45:37,318000,11.504
2026/04/29 15:45:37,319000,11.493
2026/04/29 15:45:37,320000,11.496
2026/04/29 15:45:37,321000,11.496
2026/04/29 15:45:37,322000,11.499
2026/04/29 15:45:37,323000,11.499
2026/04/29 15:45:37,324000,11.493
2026/04/29 15:45:37,325000,11.499
2026/04/29 15:45:37,326000,11.496
2026/04/29 15:45:37,327000,11.499
2026/04/29 15:45:37,328000,11.493
2026/04/29 15:45:37,329000,11.493
2026/04/29 15:45:37,330000,11.496
2026/04/29 15:45:37,331000,11.499
2026/04/29 15:45:37,332000,11.501
2026/04/29 15:45:37,333000,11.496
2026/04/29 15:45:37,334000,11.499
2026/04/29 15:45:37,335000,11.496
2026/04/29 15:45:37,336000,11.499
2026/04/29 15:45:37,337000,11.496
2026/04/29 15:45:37,338000,11.496
2026/04/29 15:45:37,339000,11.496
2026/04/29 15:45:37,340000,11.493
2026/04/29 15:45:37,341000,11.493
2026/04/29 15:45:37,342000,11.499
2026/04/29 15:45:37,343000,11.493
2026/04/29 15:45:37,344000,11.499
2026/04/29 15:45:37,345000,11.499
2026/04/29 15:45:37,346000,11.501
2026/04/29 15:45:37,347000,11.501
2026/04/29 15:45:37,348000,11.501
2026/04/29 15:45:37,349000,11.496
2026/04/29 15:45:37,350000,11.493
2026/04/29 15:45:37,351000,11.504
2026/04/29 15:45:37,352000,11.499
2026/04/29 15:45:37,353000,11.490
2026/04/29 15:45:37,354000,11.499
2026/04/29 15:45:37,355000,11.496
2026/04/29 15:45:37,356000,11.496
2026/04/29 15:45:37,357000,11.499
2026/04/29 15:45:37,358000,11.496
2026/04/29 15:45:37,359000,11.499
2026/04/29 15:45:37,360000,11.493
2026/04/29 15:45:37,361000,11.499
2026/04/29 15:45:37,362000,11.504
2026/04/29 15:45:37,363000,11.499
2026/04/29 15:45:37,364000,11.499
2026/04/29 15:45:37,365000,11.499
2026/04/29 15:45:37,366000,11.504
2026/04/29 15:45:37,367000,11.493
2026/04/29 15:45:37,368000,11.499
2026/04/29 15:45:37,369000,11.490
2026/04/29 15:45:37,370000,11.493
2026/04/29 15:45:37,371000,11.496
2026/04/29 15:45:37,372000,11.496
2026/04/29 15:45:37,373000,11.501
2026/04/29 15:45:37,374000,11.499
2026/04/29 15:45:37,375000,11.493
2026/04/29 15:45:37,376000,11.501
2026/04/29 15:45:37,377000,11.504
2026/04/29 15:45:37,378000,11.493
2026/04/29 15:45:37,379000,11.499
2026/04/29 15:45:37,380000,11.499
2026/04/29 15:45:37,381000,11.499
2026/04/29 15:45:37,382000,11.496
2026/04/29 15:45:37,383000,11.504
2026/04/29 15:45:37,384000,11.493
2026/04/29 15:45:37,385000,11.493
2026/04/29 15:45:37,386000,11.496
2026/04/29 15:45:37,387000,11.493
2026/04/29 15:45:37,388000,11.493
2026/04/29 15:45:37,389000,11.496
2026/04/29 15:45:37,390000,11.496
2026/04/29 15:45:37,391000,11.496
2026/04/29 15:45:37,392000,11.499
2026/04/29 15:45:37,393000,11.501
2026/04/29 15:45:37,394000,11.501
2026/04/29 15:45:37,395000,11.499
2026/04/29 15:45:37,396000,11.501
2026/04/29 15:45:37,397000,11.493
2026/04/29 15:45:37,398000,11.501
2026/04/29 15:45:37,399000,11.499
2026/04/29 15:45:37,400000,11.490
2026/04/29 15:45:37,401000,11.499
2026/04/29 15:45:37,402000,11.499
2026/04/29 15:45:37,403000,11.501
2026/04/29 15:45:37,404000,11.493
2026/04/29 15:45:37,405000,11.496
2026/04/29 15:45:37,406000,11.499
2026/04/29 15:45:37,407000,11.499
2026/04/29 15:45:37,408000,11.496
2026/04/29 15:45:37,409000,11.499
2026/04/29 15:45:37,410000,11.493
2026/04/29 15:45:37,411000,11.501
2026/04/29 15:45:37,412000,11.499
2026/04/29 15:45:37,413000,11.490
2026/04/29 15:45:37,414000,11.499
2026/04/29 15:45:37,415000,11.496
2026/04/29 15:45:37,416000,11.490
2026/04/29 15:45:37,417000,11.501
2026/04/29 15:45:37,418000,11.499
2026/04/29 15:45:37,419000,11.496
2026/04/29 15:45:37,420000,11.501
2026/04/29 15:45:37,421000,11.490
2026/04/29 15:45:37,422000,11.501
2026/04/29 15:45:37,423000,11.496
2026/04/29 15:45:37,424000,11.501
2026/04/29 15:45:37,425000,11.499
2026/04/29 15:45:37,426000,11.493
2026/04/29 15:45:37,427000,11.490
2026/04/29 15:45:37,428000,11.496
2026/04/29 15:45:37,429000,11.501
2026/04/29 15:45:37,430000,11.493
2026/04/29 15:45:37,431000,11.501
2026/04/29 15:45:37,432000,11.499
2026/04/29 15:45:37,433000,11.493
2026/04/29 15:45:37,434000,11.499
2026/04/29 15:45:37,435000,11.496
2026/04/29 15:45:37,436000,11.501
2026/04/29 15:45:37,437000,11.496
2026/04/29 15:45:37,438000,11.496
2026/04/29 15:45:37,439000,11.496
2026/04/29 15:45:37,440000,11.496
2026/04/29 15:45:37,441000,11.499
2026/04/29 15:45:37,442000,11.496
2026/04/29 15:45:37,443000,11.493
2026/04/29 15:45:37,444000,11.496
2026/04/29 15:45:37,445000,11.499
2026/04/29 15:45:37,446000,11.499
2026/04/29 15:45:37,447000,11.493
2026/04/29 15:45:37,448000,11.496
2026/04/29 15:45:37,449000,11.493
2026/04/29 15:45:37,450000,11.501
2026/04/29 15:45:37,451000,11.493
2026/04/29 15:45:37,452000,11.493
2026/04/29 15:45:37,453000,11.504
2026/04/29 15:45:37,454000,11.501
2026/04/29 15:45:37,455000,11.490
2026/04/29 15:45:37,456000,11.501
2026/04/29 15:45:37,457000,11.501
2026/04/29 15:45:37,458000,11.499
2026/04/29 15:45:37,459000,11.496
2026/04/29 15:45:37,460000,11.496
2026/04/29 15:45:37,461000,11.487
2026/04/29 15:45:37,462000,11.490
2026/04/29 15:45:37,463000,11.496
2026/04/29 15:45:37,464000,11.499
2026/04/29 15:45:37,465000,11.490
2026/04/29 15:45:37,466000,11.499
2026/04/29 15:45:37,467000,11.496
2026/04/29 15:45:37,468000,11.501
2026/04/29 15:45:37,469000,11.496
2026/04/29 15:45:37,470000,11.504
2026/04/29 15:45:37,471000,11.493
2026/04/29 15:45:37,472000,11.496
2026/04/29 15:45:37,473000,11.499
2026/04/29 15:45:37,474000,11.493
2026/04/29 15:45:37,475000,11.501
2026/04/29 15:45:37,476000,11.496
2026/04/29 15:45:37,477000,11.499
2026/04/29 15:45:37,478000,11.496
2026/04/29 15:45:37,479000,11.496
2026/04/29 15:45:37,480000,11.490
2026/04/29 15:45:37,481000,11.496
2026/04/29 15:45:37,482000,11.493
2026/04/29 15:45:37,483000,11.499
2026/04/29 15:45:37,484000,11.493
2026/04/29 15:45:37,485000,11.499
2026/04/29 15:45:37,486000,11.493
2026/04/29 15:45:37,487000,11.499
2026/04/29 15:45:37,488000,11.496
2026/04/29 15:45:37,489000,11.496
2026/04/29 15:45:37,490000,11.493
2026/04/29 15:45:37,491000,11.499
2026/04/29 15:45:37,492000,11.499
2026/04/29 15:45:37,493000,11.496
2026/04/29 15:45:37,494000,11.493
2026/04/29 15:45:37,495000,11.493
2026/04/29 15:45:37,496000,11.496
2026/04/29 15:45:37,497000,11.493
2026/04/29 15:45:37,498000,11.501
2026/04/29 15:45:37,499000,11.496
2026/04/29 15:45:37,500000,11.501
2026/04/29 15:45:37,501000,11.493
2026/04/29 15:45:37,502000,11.496
2026/04/29 15:45:37,503000,11.501
2026/04/29 15:45:37,504000,11.493
2026/04/29 15:45:37,505000,11.499
2026/04/29 15:45:37,506000,11.496
2026/04/29 15:45:37,507000,11.496
2026/04/29 15:45:37,508000,11.493
2026/04/29 15:45:37,509000,11.499
2026/04/29 15:45:37,510000,11.496
2026/04/29 15:45:37,511000,11.493
2026/04/29 15:45:37,512000,11.496
2026/04/29 15:45:37,513000,11.499
2026/04/29 15:45:37,514000,11.490
2026/04/29 15:45:37,515000,11.493
2026/04/29 15:45:37,516000,11.493
2026/04/29 15:45:37,517000,11.499
2026/04/29 15:45:37,518000,11.493
2026/04/29 15:45:37,519000,11.493
2026/04/29 15:45:37,520000,11.496
2026/04/29 15:45:37,521000,11.493
2026/04/29 15:45:37,522000,11.504
2026/04/29 15:45:37,523000,11.499
2026/04/29 15:45:37,524000,11.504
2026/04/29 15:45:37,525000,11.499
2026/04/29 15:45:37,526000,11.499
2026/04/29 15:45:37,527000,11.496
2026/04/29 15:45:37,528000,11.493
2026/04/29 15:45:37,529000,11.493
2026/04/29 15:45:37,530000,11.496
2026/04/29 15:45:37,531000,11.499
2026/04/29 15:45:37,532000,11.501
2026/04/29 15:45:37,533000,11.493
2026/04/29 15:45:37,534000,11.499
2026/04/29 15:45:37,535000,11.493
2026/04/29 15:45:37,536000,11.499
2026/04/29 15:45:37,537000,11.496
2026/04/29 15:45:37,538000,11.499
2026/04/29 15:45:37,539000,11.496
2026/04/29 15:45:37,540000,11.490
2026/04/29 15:45:37,541000,11.496
2026/04/29 15:45:37,542000,11.493
2026/04/29 15:45:37,543000,11.493
2026/04/29 15:45:37,544000,11.493
2026/04/29 15:45:37,545000,11.493
2026/04/29 15:45:37,546000,11.493
2026/04/29 15:45:37,547000,11.493
2026/04/29 15:45:37,548000,11.490
2026/04/29 15:45:37,549000,11.496
2026/04/29 15:45:37,550000,11.496
2026/04/29 15:45:37,551000,11.504
2026/04/29 15:45:37,552000,11.499
2026/04/29 15:45:37,553000,11.499
2026/04/29 15:45:37,554000,11.493
2026/04/29 15:45:37,555000,11.496
2026/04/29 15:45:37,556000,11.490
2026/04/29 15:45:37,557000,11.499
2026/04/29 15:45:37,558000,11.499
2026/04/29 15:45:37,559000,11.499
2026/04/29 15:45:37,560000,11.493
2026/04/29 15:45:37,561000,11.493
2026/04/29 15:45:37,562000,11.490
2026/04/29 15:45:37,563000,11.490
2026/04/29 15:45:37,564000,11.490
2026/04/29 15:45:37,565000,11.496
2026/04/29 15:45:37,566000,11.496
2026/04/29 15:45:37,567000,11.501
2026/04/29 15:45:37,568000,11.493
2026/04/29 15:45:37,569000,11.496
2026/04/29 15:45:37,570000,11.499
2026/04/29 15:45:37,571000,11.496
2026/04/29 15:45:37,572000,11.499
2026/04/29 15:45:37,573000,11.496
2026/04/29 15:45:37,574000,11.496
2026/04/29 15:45:37,575000,11.493
2026/04/29 15:45:37,576000,11.493
2026/04/29 15:45:37,577000,11.493
2026/04/29 15:45:37,578000,11.496
2026/04/29 15:45:37,579000,11.493
2026/04/29 15:45:37,580000,11.501
2026/04/29 15:45:37,581000,11.499
2026/04/29 15:45:37,582000,11.493
2026/04/29 15:45:37,583000,11.501
2026/04/29 15:45:37,584000,11.490
2026/04/29 15:45:37,585000,11.493
2026/04/29 15:45:37,586000,11.496
2026/04/29 15:45:37,587000,11.490
2026/04/29 15:45:37,588000,11.490
2026/04/29 15:45:37,589000,11.496
2026/04/29 15:45:37,590000,11.493
2026/04/29 15:45:37,591000,11.496
2026/04/29 15:45:37,592000,11.493
2026/04/29 15:45:37,593000,11.496
2026/04/29 15:45:37,594000,11.496
2026/04/29 15:45:37,595000,11.493
2026/04/29 15:45:37,596000,11.496
2026/04/29 15:45:37,597000,11.501
2026/04/29 15:45:37,598000,11.496
2026/04/29 15:45:37,599000,11.499
2026/04/29 15:45:37,600000,11.499
2026/04/29 15:45:37,601000,11.499
2026/04/29 15:45:37,602000,11.499
2026/04/29 15:45:37,603000,11.501
2026/04/29 15:45:37,604000,11.493
2026/04/29 15:45:37,605000,11.496
2026/04/29 15:45:37,606000,11.493
2026/04/29 15:45:37,607000,11.493
2026/04/29 15:45:37,608000,11.490
2026/04/29 15:45:37,609000,11.499
2026/04/29 15:45:37,610000,11.493
2026/04/29 15:45:37,611000,11.501
2026/04/29 15:45:37,612000,11.504
2026/04/29 15:45:37,613000,11.493
2026/04/29 15:45:37,614000,11.499
2026/04/29 15:45:37,615000,11.493
2026/04/29 15:45:37,616000,11.496
2026/04/29 15:45:37,617000,11.501
2026/04/29 15:45:37,618000,11.499
2026/04/29 15:45:37,619000,11.493
2026/04/29 15:45:37,620000,11.493
2026/04/29 15:45:37,621000,11.487
2026/04/29 15:45:37,622000,11.493
2026/04/29 15:45:37,623000,11.499
2026/04/29 15:45:37,624000,11.499
2026/04/29 15:45:37,625000,11.490
2026/04/29 15:45:37,626000,11.499
2026/04/29 15:45:37,627000,11.496
2026/04/29 15:45:37,628000,11.499
2026/04/29 15:45:37,629000,11.493
2026/04/29 15:45:37,630000,11.496
2026/04/29 15:45:37,631000,11.499
2026/04/29 15:45:37,632000,11.499
2026/04/29 15:45:37,633000,11.496
2026/04/29 15:45:37,634000,11.493
2026/04/29 15:45:37,635000,11.499
2026/04/29 15:45:37,636000,11.496
2026/04/29 15:45:37,637000,11.499
2026/04/29 15:45:37,638000,11.496
2026/04/29 15:45:37,639000,11.496
2026/04/29 15:45:37,640000,11.496
2026/04/29 15:45:37,641000,11.493
2026/04/29 15:45:37,642000,11.501
2026/04/29 15:45:37,643000,11.504
2026/04/29 15:45:37,644000,11.504
2026/04/29 15:45:37,645000,11.501
2026/04/29 15:45:37,646000,11.493
2026/04/29 15:45:37,647000,11.499
2026/04/29 15:45:37,648000,11.496
2026/04/29 15:45:37,649000,11.487
2026/04/29 15:45:37,650000,11.499
2026/04/29 15:45:37,651000,11.493
2026/04/29 15:45:37,652000,11.499
2026/04/29 15:45:37,653000,11.499
2026/04/29 15:45:37,654000,11.496
2026/04/29 15:45:37,655000,11.501
2026/04/29 15:45:37,656000,11.496
2026/04/29 15:45:37,657000,11.490
2026/04/29 15:45:37,658000,11.504
2026/04/29 15:45:37,659000,11.501
2026/04/29 15:45:37,660000,11.499
2026/04/29 15:45:37,661000,11.493
2026/04/29 15:45:37,662000,11.499
2026/04/29 15:45:37,663000,11.501
2026/04/29 15:45:37,664000,11.499
2026/04/29 15:45:37,665000,11.499
2026/04/29 15:45:37,666000,11.493
2026/04/29 15:45:37,667000,11.499
2026/04/29 15:45:37,668000,11.499
2026/04/29 15:45:37,669000,11.496
2026/04/29 15:45:37,670000,11.493
2026/04/29 15:45:37,671000,11.490
2026/04/29 15:45:37,672000,11.496
2026/04/29 15:45:37,673000,11.499
2026/04/29 15:45:37,674000,11.496
2026/04/29 15:45:37,675000,11.493
2026/04/29 15:45:37,676000,11.490
2026/04/29 15:45:37,677000,11.499
2026/04/29 15:45:37,678000,11.493
2026/04/29 15:45:37,679000,11.499
2026/04/29 15:45:37,680000,11.499
2026/04/29 15:45:37,681000,11.499
2026/04/29 15:45:37,682000,11.490
2026/04/29 15:45:37,683000,11.493
2026/04/29 15:45:37,684000,11.496
2026/04/29 15:45:37,685000,11.499
2026/04/29 15:45:37,686000,11.496
2026/04/29 15:45:37,687000,11.493
2026/04/29 15:45:37,688000,11.496
2026/04/29 15:45:37,689000,11.496
2026/04/29 15:45:37,690000,11.493
2026/04/29 15:45:37,691000,11.496
2026/04/29 15:45:37,692000,11.504
2026/04/29 15:45:37,693000,11.496
2026/04/29 15:45:37,694000,11.496
2026/04/29 15:45:37,695000,11.493
2026/04/29 15:45:37,696000,11.493
2026/04/29 15:45:37,697000,11.496
2026/04/29 15:45:37,698000,11.501
2026/04/29 15:45:37,699000,11.496
2026/04/29 15:45:37,700000,11.501
2026/04/29 15:45:37,701000,11.499
2026/04/29 15:45:37,702000,11.493
2026/04/29 15:45:37,703000,11.496
2026/04/29 15:45:37,704000,11.496
2026/04/29 15:45:37,705000,11.493
2026/04/29 15:45:37,706000,11.493
2026/04/29 15:45:37,707000,11.499
2026/04/29 15:45:37,708000,11.493
2026/04/29 15:45:37,709000,11.493
2026/04/29 15:45:37,710000,11.496
2026/04/29 15:45:37,711000,11.499
2026/04/29 15:45:37,712000,11.493
2026/04/29 15:45:37,713000,11.499
2026/04/29 15:45:37,714000,11.496
2026/04/29 15:45:37,715000,11.499
2026/04/29 15:45:37,716000,11.499
2026/04/29 15:45:37,717000,11.493
2026/04/29 15:45:37,718000,11.496
2026/04/29 15:45:37,719000,11.493
2026/04/29 15:45:37,720000,11.501
2026/04/29 15:45:37,721000,11.499
2026/04/29 15:45:37,722000,11.490
2026/04/29 15:45:37,723000,11.499
2026/04/29 15:45:37,724000,11.493
2026/04/29 15:45:37,725000,11.496
2026/04/29 15:45:37,726000,11.496
2026/04/29 15:45:37,727000,11.499
2026/04/29 15:45:37,728000,11.499
2026/04/29 15:45:37,729000,11.493
2026/04/29 15:45:37,730000,11.493
2026/04/29 15:45:37,731000,11.496
2026/04/29 15:45:37,732000,11.501
2026/04/29 15:45:37,733000,11.496
2026/04/29 15:45:37,734000,11.499
2026/04/29 15:45:37,735000,11.496
2026/04/29 15:45:37,736000,11.493
2026/04/29 15:45:37,737000,11.496
2026/04/29 15:45:37,738000,11.496
2026/04/29 15:45:37,739000,11.493
2026/04/29 15:45:37,740000,11.493
2026/04/29 15:45:37,741000,11.499
2026/04/29 15:45:37,742000,11.493
2026/04/29 15:45:37,743000,11.496
2026/04/29 15:45:37,744000,11.496
2026/04/29 15:45:37,745000,11.496
2026/04/29 15:45:37,746000,11.493
2026/04/29 15:45:37,747000,11.504
2026/04/29 15:45:37,748000,11.496
2026/04/29 15:45:37,749000,11.501
2026/04/29 15:45:37,750000,11.501
2026/04/29 15:45:37,751000,11.499
2026/04/29 15:45:37,752000,11.499
2026/04/29 15:45:37,753000,11.513
2026/04/29 15:45:37,754000,11.499
2026/04/29 15:45:37,755000,11.499
2026/04/29 15:45:37,756000,11.501
2026/04/29 15:45:37,757000,11.499
2026/04/29 15:45:37,758000,11.499
2026/04/29 15:45:37,759000,11.501
2026/04/29 15:45:37,760000,11.501
2026/04/29 15:45:37,761000,11.499
2026/04/29 15:45:37,762000,11.493
2026/04/29 15:45:37,763000,11.496
2026/04/29 15:45:37,764000,11.499
2026/04/29 15:45:37,765000,11.496
2026/04/29 15:45:37,766000,11.499
2026/04/29 15:45:37,767000,11.493
2026/04/29 15:45:37,768000,11.504
2026/04/29 15:45:37,769000,11.493
2026/04/29 15:45:37,770000,11.493
2026/04/29 15:45:37,771000,11.493
2026/04/29 15:45:37,772000,11.499
2026/04/29 15:45:37,773000,11.496
2026/04/29 15:45:37,774000,11.499
2026/04/29 15:45:37,775000,11.504
2026/04/29 15:45:37,776000,11.499
2026/04/29 15:45:37,777000,11.499
2026/04/29 15:45:37,778000,11.499
2026/04/29 15:45:37,779000,11.499
2026/04/29 15:45:37,780000,11.499
2026/04/29 15:45:37,781000,11.496
2026/04/29 15:45:37,782000,11.496
2026/04/29 15:45:37,783000,11.499
2026/04/29 15:45:37,784000,11.493
2026/04/29 15:45:37,785000,11.499
2026/04/29 15:45:37,786000,11.493
2026/04/29 15:45:37,787000,11.501
2026/04/29 15:45:37,788000,11.499
2026/04/29 15:45:37,789000,11.493
2026/04/29 15:45:37,790000,11.493
2026/04/29 15:45:37,791000,11.499
2026/04/29 15:45:37,792000,11.496
2026/04/29 15:45:37,793000,11.499
2026/04/29 15:45:37,794000,11.496
2026/04/29 15:45:37,795000,11.499
2026/04/29 15:45:37,796000,11.501
2026/04/29 15:45:37,797000,11.496
2026/04/29 15:45:37,798000,11.493
2026/04/29 15:45:37,799000,11.499
2026/04/29 15:45:37,800000,11.493
2026/04/29 15:45:37,801000,11.501
2026/04/29 15:45:37,802000,11.501
2026/04/29 15:45:37,803000,11.496
2026/04/29 15:45:37,804000,11.504
2026/04/29 15:45:37,805000,11.493
2026/04/29 15:45:37,806000,11.499
2026/04/29 15:45:37,807000,11.499
2026/04/29 15:45:37,808000,11.496
2026/04/29 15:45:37,809000,11.490
2026/04/29 15:45:37,810000,11.499
2026/04/29 15:45:37,811000,11.496
2026/04/29 15:45:37,812000,11.490
2026/04/29 15:45:37,813000,11.493
2026/04/29 15:45:37,814000,11.499
2026/04/29 15:45:37,815000,11.501
2026/04/29 15:45:37,816000,11.501
2026/04/29 15:45:37,817000,11.499
2026/04/29 15:45:37,818000,11.499
2026/04/29 15:45:37,819000,11.499
2026/04/29 15:45:37,820000,11.496
2026/04/29 15:45:37,821000,11.493
2026/04/29 15:45:37,822000,11.487
2026/04/29 15:45:37,823000,11.493
2026/04/29 15:45:37,824000,11.499
2026/04/29 15:45:37,825000,11.499
2026/04/29 15:45:37,826000,11.496
2026/04/29 15:45:37,827000,11.496
2026/04/29 15:45:37,828000,11.493
2026/04/29 15:45:37,829000,11.501
2026/04/29 15:45:37,830000,11.501
2026/04/29 15:45:37,831000,11.493
2026/04/29 15:45:37,832000,11.496
2026/04/29 15:45:37,833000,11.499
2026/04/29 15:45:37,834000,11.501
2026/04/29 15:45:37,835000,11.493
2026/04/29 15:45:37,836000,11.496
2026/04/29 15:45:37,837000,11.493
2026/04/29 15:45:37,838000,11.499
2026/04/29 15:45:37,839000,11.496
2026/04/29 15:45:37,840000,11.493
2026/04/29 15:45:37,841000,11.493
2026/04/29 15:45:37,842000,11.496
2026/04/29 15:45:37,843000,11.499
2026/04/29 15:45:37,844000,11.493
2026/04/29 15:45:37,845000,11.496
2026/04/29 15:45:37,846000,11.501
2026/04/29 15:45:37,847000,11.496
2026/04/29 15:45:37,848000,11.490
2026/04/29 15:45:37,849000,11.504
2026/04/29 15:45:37,850000,11.499
2026/04/29 15:45:37,851000,11.499
2026/04/29 15:45:37,852000,11.496
2026/04/29 15:45:37,853000,11.504
2026/04/29 15:45:37,854000,11.501
2026/04/29 15:45:37,855000,11.493
2026/04/29 15:45:37,856000,11.493
2026/04/29 15:45:37,857000,11.499
2026/04/29 15:45:37,858000,11.496
2026/04/29 15:45:37,859000,11.493
2026/04/29 15:45:37,860000,11.493
2026/04/29 15:45:37,861000,11.501
2026/04/29 15:45:37,862000,11.493
2026/04/29 15:45:37,863000,11.490
2026/04/29 15:45:37,864000,11.493
2026/04/29 15:45:37,865000,11.493
2026/04/29 15:45:37,866000,11.490
2026/04/29 15:45:37,867000,11.499
2026/04/29 15:45:37,868000,11.499
2026/04/29 15:45:37,869000,11.499
2026/04/29 15:45:37,870000,11.499
2026/04/29 15:45:37,871000,11.496
2026/04/29 15:45:37,872000,11.499
2026/04/29 15:45:37,873000,11.501
2026/04/29 15:45:37,874000,11.493
2026/04/29 15:45:37,875000,11.499
2026/04/29 15:45:37,876000,11.496
2026/04/29 15:45:37,877000,11.490
2026/04/29 15:45:37,878000,11.496
2026/04/29 15:45:37,879000,11.501
2026/04/29 15:45:37,880000,11.496
2026/04/29 15:45:37,881000,11.493
2026/04/29 15:45:37,882000,11.493
2026/04/29 15:45:37,883000,11.499
2026/04/29 15:45:37,884000,11.493
2026/04/29 15:45:37,885000,11.493
2026/04/29 15:45:37,886000,11.496
2026/04/29 15:45:37,887000,11.501
2026/04/29 15:45:37,888000,11.493
2026/04/29 15:45:37,889000,11.490
2026/04/29 15:45:37,890000,11.496
2026/04/29 15:45:37,891000,11.504
2026/04/29 15:45:37,892000,11.493
2026/04/29 15:45:37,893000,11.493
2026/04/29 15:45:37,894000,11.493
2026/04/29 15:45:37,895000,11.493
2026/04/29 15:45:37,896000,11.490
2026/04/29 15:45:37,897000,11.493
2026/04/29 15:45:37,898000,11.493
2026/04/29 15:45:37,899000,11.501
2026/04/29 15:45:37,900000,11.493
2026/04/29 15:45:37,901000,11.499
2026/04/29 15:45:37,902000,11.493
2026/04/29 15:45:37,903000,11.499
2026/04/29 15:45:37,904000,11.499
2026/04/29 15:45:37,905000,11.496
2026/04/29 15:45:37,906000,11.501
2026/04/29 15:45:37,907000,11.496
2026/04/29 15:45:37,908000,11.493
2026/04/29 15:45:37,909000,11.493
2026/04/29 15:45:37,910000,11.499
2026/04/29 15:45:37,911000,11.501
2026/04/29 15:45:37,912000,11.496
2026/04/29 15:45:37,913000,11.496
2026/04/29 15:45:37,914000,11.501
2026/04/29 15:45:37,915000,11.499
2026/04/29 15:45:37,916000,11.493
2026/04/29 15:45:37,917000,11.496
2026/04/29 15:45:37,918000,11.499
2026/04/29 15:45:37,919000,11.493
2026/04/29 15:45:37,920000,11.496
2026/04/29 15:45:37,921000,11.499
2026/04/29 15:45:37,922000,11.493
2026/04/29 15:45:37,923000,11.496
2026/04/29 15:45:37,924000,11.493
2026/04/29 15:45:37,925000,11.490
2026/04/29 15:45:37,926000,11.496
2026/04/29 15:45:37,927000,11.493
2026/04/29 15:45:37,928000,11.499
2026/04/29 15:45:37,929000,11.493
2026/04/29 15:45:37,930000,11.496
2026/04/29 15:45:37,931000,11.493
2026/04/29 15:45:37,932000,11.501
2026/04/29 15:45:37,933000,11.493
2026/04/29 15:45:37,934000,11.499
2026/04/29 15:45:37,935000,11.501
2026/04/29 15:45:37,936000,11.496
2026/04/29 15:45:37,937000,11.499
2026/04/29 15:45:37,938000,11.499
2026/04/29 15:45:37,939000,11.501
2026/04/29 15:45:37,940000,11.499
2026/04/29 15:45:37,941000,11.496
2026/04/29 15:45:37,942000,11.490
2026/04/29 15:45:37,943000,11.501
2026/04/29 15:45:37,944000,11.496
2026/04/29 15:45:37,945000,11.499
2026/04/29 15:45:37,946000,11.499
2026/04/29 15:45:37,947000,11.493
2026/04/29 15:45:37,948000,11.496
2026/04/29 15:45:37,949000,11.493
2026/04/29 15:45:37,950000,11.493
2026/04/29 15:45:37,951000,11.493
2026/04/29 15:45:37,952000,11.490
2026/04/29 15:45:37,953000,11.499
2026/04/29 15:45:37,954000,11.493
2026/04/29 15:45:37,955000,11.496
2026/04/29 15:45:37,956000,11.499
2026/04/29 15:45:37,957000,11.493
2026/04/29 15:45:37,958000,11.499
2026/04/29 15:45:37,959000,11.490
2026/04/29 15:45:37,960000,11.493
2026/04/29 15:45:37,961000,11.493
2026/04/29 15:45:37,962000,11.496
2026/04/29 15:45:37,963000,11.499
2026/04/29 15:45:37,964000,11.493
2026/04/29 15:45:37,965000,11.496
2026/04/29 15:45:37,966000,11.496
2026/04/29 15:45:37,967000,11.493
2026/04/29 15:45:37,968000,11.493
2026/04/29 15:45:37,969000,11.499
2026/04/29 15:45:37,970000,11.501
2026/04/29 15:45:37,971000,11.493
2026/04/29 15:45:37,972000,11.493
2026/04/29 15:45:37,973000,11.499
2026/04/29 15:45:37,974000,11.496
2026/04/29 15:45:37,975000,11.496
2026/04/29 15:45:37,976000,11.499
2026/04/29 15:45:37,977000,11.496
2026/04/29 15:45:37,978000,11.493
2026/04/29 15:45:37,979000,11.493
2026/04/29 15:45:37,980000,11.504
2026/04/29 15:45:37,981000,11.499
2026/04/29 15:45:37,982000,11.493
2026/04/29 15:45:37,983000,11.496
2026/04/29 15:45:37,984000,11.493
2026/04/29 15:45:37,985000,11.496
2026/04/29 15:45:37,986000,11.490
2026/04/29 15:45:37,987000,11.493
2026/04/29 15:45:37,988000,11.496
2026/04/29 15:45:37,989000,11.496
2026/04/29 15:45:37,990000,11.501
2026/04/29 15:45:37,991000,11.496
2026/04/29 15:45:37,992000,11.499
2026/04/29 15:45:37,993000,11.499
2026/04/29 15:45:37,994000,11.493
2026/04/29 15:45:37,995000,11.499
2026/04/29 15:45:37,996000,11.496
2026/04/29 15:45:37,997000,11.493
2026/04/29 15:45:37,998000,11.499
2026/04/29 15:45:37,999000,11.490
2026/04/29 15:45:38,000000,11.493
2026/04/29 15:45:38,001000,11.501
2026/04/29 15:45:38,002000,11.490
2026/04/29 15:45:38,003000,11.496
2026/04/29 15:45:38,004000,11.493
2026/04/29 15:45:38,005000,11.493
2026/04/29 15:45:38,006000,11.493
2026/04/29 15:45:38,007000,11.487
2026/04/29 15:45:38,008000,11.493
2026/04/29 15:45:38,009000,11.493
2026/04/29 15:45:38,010000,11.490
2026/04/29 15:45:38,011000,11.490
2026/04/29 15:45:38,012000,11.490
2026/04/29 15:45:38,013000,11.499
2026/04/29 15:45:38,014000,11.493
2026/04/29 15:45:38,015000,11.501
2026/04/29 15:45:38,016000,11.493
2026/04/29 15:45:38,017000,11.490
2026/04/29 15:45:38,018000,11.493
2026/04/29 15:45:38,019000,11.496
2026/04/29 15:45:38,020000,11.493
2026/04/29 15:45:38,021000,11.493
2026/04/29 15:45:38,022000,11.490
2026/04/29 15:45:38,023000,11.493
2026/04/29 15:45:38,024000,11.496
2026/04/29 15:45:38,025000,11.496
2026/04/29 15:45:38,026000,11.493
2026/04/29 15:45:38,027000,11.490
2026/04/29 15:45:38,028000,11.493
2026/04/29 15:45:38,029000,11.496
2026/04/29 15:45:38,030000,11.496
2026/04/29 15:45:38,031000,11.490
2026/04/29 15:45:38,032000,11.493
2026/04/29 15:45:38,033000,11.487
2026/04/29 15:45:38,034000,11.496
2026/04/29 15:45:38,035000,11.496
2026/04/29 15:45:38,036000,11.493
2026/04/29 15:45:38,037000,11.496
2026/04/29 15:45:38,038000,11.496
2026/04/29 15:45:38,039000,11.499
2026/04/29 15:45:38,040000,11.493
2026/04/29 15:45:38,041000,11.499
2026/04/29 15:45:38,042000,11.496
2026/04/29 15:45:38,043000,11.496
2026/04/29 15:45:38,044000,11.496
2026/04/29 15:45:38,045000,11.499
2026/04/29 15:45:38,046000,11.490
2026/04/29 15:45:38,047000,11.487
2026/04/29 15:45:38,048000,11.501
2026/04/29 15:45:38,049000,11.493
2026/04/29 15:45:38,050000,11.496
2026/04/29 15:45:38,051000,11.496
2026/04/29 15:45:38,052000,11.499
2026/04/29 15:45:38,053000,11.501
2026/04/29 15:45:38,054000,11.504
2026/04/29 15:45:38,055000,11.493
2026/04/29 15:45:38,056000,11.496
2026/04/29 15:45:38,057000,11.496
2026/04/29 15:45:38,058000,11.504
2026/04/29 15:45:38,059000,11.499
2026/04/29 15:45:38,060000,11.490
2026/04/29 15:45:38,061000,11.493
2026/04/29 15:45:38,062000,11.501
2026/04/29 15:45:38,063000,11.493
2026/04/29 15:45:38,064000,11.493
2026/04/29 15:45:38,065000,11.499
2026/04/29 15:45:38,066000,11.496
2026/04/29 15:45:38,067000,11.496
2026/04/29 15:45:38,068000,11.496
2026/04/29 15:45:38,069000,11.496
2026/04/29 15:45:38,070000,11.496
2026/04/29 15:45:38,071000,11.496
2026/04/29 15:45:38,072000,11.501
2026/04/29 15:45:38,073000,11.490
2026/04/29 15:45:38,074000,11.499
2026/04/29 15:45:38,075000,11.493
2026/04/29 15:45:38,076000,11.493
2026/04/29 15:45:38,077000,11.493
2026/04/29 15:45:38,078000,11.493
2026/04/29 15:45:38,079000,11.496
2026/04/29 15:45:38,080000,11.496
2026/04/29 15:45:38,081000,11.499
2026/04/29 15:45:38,082000,11.496
2026/04/29 15:45:38,083000,11.496
2026/04/29 15:45:38,084000,11.493
2026/04/29 15:45:38,085000,11.496
2026/04/29 15:45:38,086000,11.499
2026/04/29 15:45:38,087000,11.504
2026/04/29 15:45:38,088000,11.499
2026/04/29 15:45:38,089000,11.499
2026/04/29 15:45:38,090000,11.493
2026/04/29 15:45:38,091000,11.493
2026/04/29 15:45:38,092000,11.490
2026/04/29 15:45:38,093000,11.499
2026/04/29 15:45:38,094000,11.493
2026/04/29 15:45:38,095000,11.499
2026/04/29 15:45:38,096000,11.493
2026/04/29 15:45:38,097000,11.496
2026/04/29 15:45:38,098000,11.493
2026/04/29 15:45:38,099000,11.496
2026/04/29 15:45:38,100000,11.490
2026/04/29 15:45:38,101000,11.496
2026/04/29 15:45:38,102000,11.496
2026/04/29 15:45:38,103000,11.499
2026/04/29 15:45:38,104000,11.496
2026/04/29 15:45:38,105000,11.496
2026/04/29 15:45:38,106000,11.496
2026/04/29 15:45:38,107000,11.499
2026/04/29 15:45:38,108000,11.504
2026/04/29 15:45:38,109000,11.501
2026/04/29 15:45:38,110000,11.501
2026/04/29 15:45:38,111000,11.499
2026/04/29 15:45:38,112000,11.490
2026/04/29 15:45:38,113000,11.496
2026/04/29 15:45:38,114000,11.499
2026/04/29 15:45:38,115000,11.504
2026/04/29 15:45:38,116000,11.490
2026/04/29 15:45:38,117000,11.496
2026/04/29 15:45:38,118000,11.496
2026/04/29 15:45:38,119000,11.499
2026/04/29 15:45:38,120000,11.499
2026/04/29 15:45:38,121000,11.496
2026/04/29 15:45:38,122000,11.493
2026/04/29 15:45:38,123000,11.501
2026/04/29 15:45:38,124000,11.493
2026/04/29 15:45:38,125000,11.499
2026/04/29 15:45:38,126000,11.499
2026/04/29 15:45:38,127000,11.499
2026/04/29 15:45:38,128000,11.499
2026/04/29 15:45:38,129000,11.496
2026/04/29 15:45:38,130000,11.493
2026/04/29 15:45:38,131000,11.493
2026/04/29 15:45:38,132000,11.493
2026/04/29 15:45:38,133000,11.493
2026/04/29 15:45:38,134000,11.490
2026/04/29 15:45:38,135000,11.499
2026/04/29 15:45:38,136000,11.490
2026/04/29 15:45:38,137000,11.499
2026/04/29 15:45:38,138000,11.493
2026/04/29 15:45:38,139000,11.493
2026/04/29 15:45:38,140000,11.499
2026/04/29 15:45:38,141000,11.496
2026/04/29 15:45:38,142000,11.501
2026/04/29 15:45:38,143000,11.493
2026/04/29 15:45:38,144000,11.493
2026/04/29 15:45:38,145000,11.493
2026/04/29 15:45:38,146000,11.499
2026/04/29 15:45:38,147000,11.496
2026/04/29 15:45:38,148000,11.496
2026/04/29 15:45:38,149000,11.490
2026/04/29 15:45:38,150000,11.501
2026/04/29 15:45:38,151000,11.496
2026/04/29 15:45:38,152000,11.490
2026/04/29 15:45:38,153000,11.496
2026/04/29 15:45:38,154000,11.499
2026/04/29 15:45:38,155000,11.493
2026/04/29 15:45:38,156000,11.496
2026/04/29 15:45:38,157000,11.496
2026/04/29 15:45:38,158000,11.496
2026/04/29 15:45:38,159000,11.493
2026/04/29 15:45:38,160000,11.493
2026/04/29 15:45:38,161000,11.496
2026/04/29 15:45:38,162000,11.501
2026/04/29 15:45:38,163000,11.501
2026/04/29 15:45:38,164000,11.499
2026/04/29 15:45:38,165000,11.499
2026/04/29 15:45:38,166000,11.493
2026/04/29 15:45:38,167000,11.499
2026/04/29 15:45:38,168000,11.490
2026/04/29 15:45:38,169000,11.504
2026/04/29 15:45:38,170000,11.493
2026/04/29 15:45:38,171000,11.499
2026/04/29 15:45:38,172000,11.499
2026/04/29 15:45:38,173000,11.499
2026/04/29 15:45:38,174000,11.493
2026/04/29 15:45:38,175000,11.499
2026/04/29 15:45:38,176000,11.499
2026/04/29 15:45:38,177000,11.493
2026/04/29 15:45:38,178000,11.496
2026/04/29 15:45:38,179000,11.501
2026/04/29 15:45:38,180000,11.499
2026/04/29 15:45:38,181000,11.493
2026/04/29 15:45:38,182000,11.499
2026/04/29 15:45:38,183000,11.496
2026/04/29 15:45:38,184000,11.493
2026/04/29 15:45:38,185000,11.493
2026/04/29 15:45:38,186000,11.496
2026/04/29 15:45:38,187000,11.499
2026/04/29 15:45:38,188000,11.493
2026/04/29 15:45:38,189000,11.496
2026/04/29 15:45:38,190000,11.499
2026/04/29 15:45:38,191000,11.499
2026/04/29 15:45:38,192000,11.493
2026/04/29 15:45:38,193000,11.499
2026/04/29 15:45:38,194000,11.499
2026/04/29 15:45:38,195000,11.493
2026/04/29 15:45:38,196000,11.496
2026/04/29 15:45:38,197000,11.493
2026/04/29 15:45:38,198000,11.501
2026/04/29 15:45:38,199000,11.499
2026/04/29 15:45:38,200000,11.493
2026/04/29 15:45:38,201000,11.496
2026/04/29 15:45:38,202000,11.496
2026/04/29 15:45:38,203000,11.493
2026/04/29 15:45:38,204000,11.501
2026/04/29 15:45:38,205000,11.499
2026/04/29 15:45:38,206000,11.499
2026/04/29 15:45:38,207000,11.493
2026/04/29 15:45:38,208000,11.499
2026/04/29 15:45:38,209000,11.493
2026/04/29 15:45:38,210000,11.493
2026/04/29 15:45:38,211000,11.490
2026/04/29 15:45:38,212000,11.496
2026/04/29 15:45:38,213000,11.501
2026/04/29 15:45:38,214000,11.499
2026/04/29 15:45:38,215000,11.501
2026/04/29 15:45:38,216000,11.501
2026/04/29 15:45:38,217000,11.501
2026/04/29 15:45:38,218000,11.490
2026/04/29 15:45:38,219000,11.496
2026/04/29 15:45:38,220000,11.507
2026/04/29 15:45:38,221000,11.490
2026/04/29 15:45:38,222000,11.499
2026/04/29 15:45:38,223000,11.493
2026/04/29 15:45:38,224000,11.499
2026/04/29 15:45:38,225000,11.496
2026/04/29 15:45:38,226000,11.487
2026/04/29 15:45:38,227000,11.501
2026/04/29 15:45:38,228000,11.496
2026/04/29 15:45:38,229000,11.499
2026/04/29 15:45:38,230000,11.496
2026/04/29 15:45:38,231000,11.493
2026/04/29 15:45:38,232000,11.493
2026/04/29 15:45:38,233000,11.493
2026/04/29 15:45:38,234000,11.501
2026/04/29 15:45:38,235000,11.493
2026/04/29 15:45:38,236000,11.490
2026/04/29 15:45:38,237000,11.499
2026/04/29 15:45:38,238000,11.501
2026/04/29 15:45:38,239000,11.496
2026/04/29 15:45:38,240000,11.490
2026/04/29 15:45:38,241000,11.510
2026/04/29 15:45:38,242000,11.501
2026/04/29 15:45:38,243000,11.496
2026/04/29 15:45:38,244000,11.493
2026/04/29 15:45:38,245000,11.504
2026/04/29 15:45:38,246000,11.504
2026/04/29 15:45:38,247000,11.493
2026/04/29 15:45:38,248000,11.501
2026/04/29 15:45:38,249000,11.501
2026/04/29 15:45:38,250000,11.499
2026/04/29 15:45:38,251000,11.496
2026/04/29 15:45:38,252000,11.501
2026/04/29 15:45:38,253000,11.496
2026/04/29 15:45:38,254000,11.501
2026/04/29 15:45:38,255000,11.501
2026/04/29 15:45:38,256000,11.501
2026/04/29 15:45:38,257000,11.490
2026/04/29 15:45:38,258000,11.496
2026/04/29 15:45:38,259000,11.499
2026/04/29 15:45:38,260000,11.496
2026/04/29 15:45:38,261000,11.499
2026/04/29 15:45:38,262000,11.496
2026/04/29 15:45:38,263000,11.493
2026/04/29 15:45:38,264000,11.501
2026/04/29 15:45:38,265000,11.496
2026/04/29 15:45:38,266000,11.499
2026/04/29 15:45:38,267000,11.499
2026/04/29 15:45:38,268000,11.496
2026/04/29 15:45:38,269000,11.499
2026/04/29 15:45:38,270000,11.493
2026/04/29 15:45:38,271000,11.501
2026/04/29 15:45:38,272000,11.493
2026/04/29 15:45:38,273000,11.504
2026/04/29 15:45:38,274000,11.499
2026/04/29 15:45:38,275000,11.501
2026/04/29 15:45:38,276000,11.501
2026/04/29 15:45:38,277000,11.499
2026/04/29 15:45:38,278000,11.496
2026/04/29 15:45:38,279000,11.496
2026/04/29 15:45:38,280000,11.496
2026/04/29 15:45:38,281000,11.501
2026/04/29 15:45:38,282000,11.496
2026/04/29 15:45:38,283000,11.493
2026/04/29 15:45:38,284000,11.496
2026/04/29 15:45:38,285000,11.499
2026/04/29 15:45:38,286000,11.499
2026/04/29 15:45:38,287000,11.490
2026/04/29 15:45:38,288000,11.504
2026/04/29 15:45:38,289000,11.493
2026/04/29 15:45:38,290000,11.493
2026/04/29 15:45:38,291000,11.499
2026/04/29 15:45:38,292000,11.499
2026/04/29 15:45:38,293000,11.499
2026/04/29 15:45:38,294000,11.493
2026/04/29 15:45:38,295000,11.501
2026/04/29 15:45:38,296000,11.501
2026/04/29 15:45:38,297000,11.501
2026/04/29 15:45:38,298000,11.493
2026/04/29 15:45:38,299000,11.496
2026/04/29 15:45:38,300000,11.499
2026/04/29 15:45:38,301000,11.490
2026/04/29 15:45:38,302000,11.499
2026/04/29 15:45:38,303000,11.490
2026/04/29 15:45:38,304000,11.501
2026/04/29 15:45:38,305000,11.499
2026/04/29 15:45:38,306000,11.493
2026/04/29 15:45:38,307000,11.493
2026/04/29 15:45:38,308000,11.499
2026/04/29 15:45:38,309000,11.499
2026/04/29 15:45:38,310000,11.501
2026/04/29 15:45:38,311000,11.493
2026/04/29 15:45:38,312000,11.499
2026/04/29 15:45:38,313000,11.501
2026/04/29 15:45:38,314000,11.493
2026/04/29 15:45:38,315000,11.496
2026/04/29 15:45:38,316000,11.496
2026/04/29 15:45:38,317000,11.493
2026/04/29 15:45:38,318000,11.490
2026/04/29 15:45:38,319000,11.493
2026/04/29 15:45:38,320000,11.501
2026/04/29 15:45:38,321000,11.499
2026/04/29 15:45:38,322000,11.490
2026/04/29 15:45:38,323000,11.496
2026/04/29 15:45:38,324000,11.499
2026/04/29 15:45:38,325000,11.493
2026/04/29 15:45:38,326000,11.493
2026/04/29 15:45:38,327000,11.504
2026/04/29 15:45:38,328000,11.496
2026/04/29 15:45:38,329000,11.496
2026/04/29 15:45:38,330000,11.490
2026/04/29 15:45:38,331000,11.499
2026/04/29 15:45:38,332000,11.499
2026/04/29 15:45:38,333000,11.499
2026/04/29 15:45:38,334000,11.493
2026/04/29 15:45:38,335000,11.490
2026/04/29 15:45:38,336000,11.493
2026/04/29 15:45:38,337000,11.490
2026/04/29 15:45:38,338000,11.496
2026/04/29 15:45:38,339000,11.493
2026/04/29 15:45:38,340000,11.493
2026/04/29 15:45:38,341000,11.493
2026/04/29 15:45:38,342000,11.493
2026/04/29 15:45:38,343000,11.496
2026/04/29 15:45:38,344000,11.493
2026/04/29 15:45:38,345000,11.493
2026/04/29 15:45:38,346000,11.499
2026/04/29 15:45:38,347000,11.490
2026/04/29 15:45:38,348000,11.493
2026/04/29 15:45:38,349000,11.496
2026/04/29 15:45:38,350000,11.504
2026/04/29 15:45:38,351000,11.496
2026/04/29 15:45:38,352000,11.490
2026/04/29 15:45:38,353000,11.499
2026/04/29 15:45:38,354000,11.496
2026/04/29 15:45:38,355000,11.501
2026/04/29 15:45:38,356000,11.496
2026/04/29 15:45:38,357000,11.499
2026/04/29 15:45:38,358000,11.499
2026/04/29 15:45:38,359000,11.490
2026/04/29 15:45:38,360000,11.490
2026/04/29 15:45:38,361000,11.496
2026/04/29 15:45:38,362000,11.499
2026/04/29 15:45:38,363000,11.499
2026/04/29 15:45:38,364000,11.496
2026/04/29 15:45:38,365000,11.499
2026/04/29 15:45:38,366000,11.499
2026/04/29 15:45:38,367000,11.493
2026/04/29 15:45:38,368000,11.493
2026/04/29 15:45:38,369000,11.496
2026/04/29 15:45:38,370000,11.499
2026/04/29 15:45:38,371000,11.493
2026/04/29 15:45:38,372000,11.490
2026/04/29 15:45:38,373000,11.493
2026/04/29 15:45:38,374000,11.496
2026/04/29 15:45:38,375000,11.490
2026/04/29 15:45:38,376000,11.493
2026/04/29 15:45:38,377000,11.496
2026/04/29 15:45:38,378000,11.496
2026/04/29 15:45:38,379000,11.496
2026/04/29 15:45:38,380000,11.490
2026/04/29 15:45:38,381000,11.493
2026/04/29 15:45:38,382000,11.493
2026/04/29 15:45:38,383000,11.499
2026/04/29 15:45:38,384000,11.490
2026/04/29 15:45:38,385000,11.496
2026/04/29 15:45:38,386000,11.504
2026/04/29 15:45:38,387000,11.493
2026/04/29 15:45:38,388000,11.493
2026/04/29 15:45:38,389000,11.490
2026/04/29 15:45:38,390000,11.493
2026/04/29 15:45:38,391000,11.501
2026/04/29 15:45:38,392000,11.487
2026/04/29 15:45:38,393000,11.499
2026/04/29 15:45:38,394000,11.487
2026/04/29 15:45:38,395000,11.496
2026/04/29 15:45:38,396000,11.501
2026/04/29 15:45:38,397000,11.496
2026/04/29 15:45:38,398000,11.499
2026/04/29 15:45:38,399000,11.499
2026/04/29 15:45:38,400000,11.493
2026/04/29 15:45:38,401000,11.507
2026/04/29 15:45:38,402000,11.493
2026/04/29 15:45:38,403000,11.496
2026/04/29 15:45:38,404000,11.490
2026/04/29 15:45:38,405000,11.496
2026/04/29 15:45:38,406000,11.490
2026/04/29 15:45:38,407000,11.493
2026/04/29 15:45:38,408000,11.499
2026/04/29 15:45:38,409000,11.493
2026/04/29 15:45:38,410000,11.499
2026/04/29 15:45:38,411000,11.493
2026/04/29 15:45:38,412000,11.496
2026/04/29 15:45:38,413000,11.501
2026/04/29 15:45:38,414000,11.499
2026/04/29 15:45:38,415000,11.493
2026/04/29 15:45:38,416000,11.501
2026/04/29 15:45:38,417000,11.493
2026/04/29 15:45:38,418000,11.496
2026/04/29 15:45:38,419000,11.493
2026/04/29 15:45:38,420000,11.496
2026/04/29 15:45:38,421000,11.501
2026/04/29 15:45:38,422000,11.493
2026/04/29 15:45:38,423000,11.490
2026/04/29 15:45:38,424000,11.496
2026/04/29 15:45:38,425000,11.504
2026/04/29 15:45:38,426000,11.493
2026/04/29 15:45:38,427000,11.501
2026/04/29 15:45:38,428000,11.496
2026/04/29 15:45:38,429000,11.499
2026/04/29 15:45:38,430000,11.493
2026/04/29 15:45:38,431000,11.496
2026/04/29 15:45:38,432000,11.496
2026/04/29 15:45:38,433000,11.504
2026/04/29 15:45:38,434000,11.499
2026/04/29 15:45:38,435000,11.493
2026/04/29 15:45:38,436000,11.496
2026/04/29 15:45:38,437000,11.493
2026/04/29 15:45:38,438000,11.501
2026/04/29 15:45:38,439000,11.493
2026/04/29 15:45:38,440000,11.493
2026/04/29 15:45:38,441000,11.501
2026/04/29 15:45:38,442000,11.499
2026/04/29 15:45:38,443000,11.493
2026/04/29 15:45:38,444000,11.496
2026/04/29 15:45:38,445000,11.499
2026/04/29 15:45:38,446000,11.493
2026/04/29 15:45:38,447000,11.499
2026/04/29 15:45:38,448000,11.493
2026/04/29 15:45:38,449000,11.501
2026/04/29 15:45:38,450000,11.493
2026/04/29 15:45:38,451000,11.496
2026/04/29 15:45:38,452000,11.496
2026/04/29 15:45:38,453000,11.493
2026/04/29 15:45:38,454000,11.493
2026/04/29 15:45:38,455000,11.496
2026/04/29 15:45:38,456000,11.496
2026/04/29 15:45:38,457000,11.496
2026/04/29 15:45:38,458000,11.493
2026/04/29 15:45:38,459000,11.493
2026/04/29 15:45:38,460000,11.493
2026/04/29 15:45:38,461000,11.493
2026/04/29 15:45:38,462000,11.493
2026/04/29 15:45:38,463000,11.499
2026/04/29 15:45:38,464000,11.496
2026/04/29 15:45:38,465000,11.493
2026/04/29 15:45:38,466000,11.501
2026/04/29 15:45:38,467000,11.493
2026/04/29 15:45:38,468000,11.499
2026/04/29 15:45:38,469000,11.504
2026/04/29 15:45:38,470000,11.499
2026/04/29 15:45:38,471000,11.490
2026/04/29 15:45:38,472000,11.501
2026/04/29 15:45:38,473000,11.499
2026/04/29 15:45:38,474000,11.493
2026/04/29 15:45:38,475000,11.501
2026/04/29 15:45:38,476000,11.496
2026/04/29 15:45:38,477000,11.499
2026/04/29 15:45:38,478000,11.493
2026/04/29 15:45:38,479000,11.493
2026/04/29 15:45:38,480000,11.499
2026/04/29 15:45:38,481000,11.504
2026/04/29 15:45:38,482000,11.499
2026/04/29 15:45:38,483000,11.501
2026/04/29 15:45:38,484000,11.487
2026/04/29 15:45:38,485000,11.499
2026/04/29 15:45:38,486000,11.501
2026/04/29 15:45:38,487000,11.496
2026/04/29 15:45:38,488000,11.496
2026/04/29 15:45:38,489000,11.493
2026/04/29 15:45:38,490000,11.493
2026/04/29 15:45:38,491000,11.490
2026/04/29 15:45:38,492000,11.493
2026/04/29 15:45:38,493000,11.493
2026/04/29 15:45:38,494000,11.493
2026/04/29 15:45:38,495000,11.493
2026/04/29 15:45:38,496000,11.493
2026/04/29 15:45:38,497000,11.504
2026/04/29 15:45:38,498000,11.496
2026/04/29 15:45:38,499000,11.493
2026/04/29 15:45:38,500000,11.499
2026/04/29 15:45:38,501000,11.493
2026/04/29 15:45:38,502000,11.496
2026/04/29 15:45:38,503000,11.493
2026/04/29 15:45:38,504000,11.490
2026/04/29 15:45:38,505000,11.493
2026/04/29 15:45:38,506000,11.490
2026/04/29 15:45:38,507000,11.490
2026/04/29 15:45:38,508000,11.493
2026/04/29 15:45:38,509000,11.490
2026/04/29 15:45:38,510000,11.493
2026/04/29 15:45:38,511000,11.501
2026/04/29 15:45:38,512000,11.493
2026/04/29 15:45:38,513000,11.501
2026/04/29 15:45:38,514000,11.487
2026/04/29 15:45:38,515000,11.490
2026/04/29 15:45:38,516000,11.499
2026/04/29 15:45:38,517000,11.490
2026/04/29 15:45:38,518000,11.496
2026/04/29 15:45:38,519000,11.493
2026/04/29 15:45:38,520000,11.493
2026/04/29 15:45:38,521000,11.490
2026/04/29 15:45:38,522000,11.493
2026/04/29 15:45:38,523000,11.490
2026/04/29 15:45:38,524000,11.487
2026/04/29 15:45:38,525000,11.493
2026/04/29 15:45:38,526000,11.490
2026/04/29 15:45:38,527000,11.499
2026/04/29 15:45:38,528000,11.490
2026/04/29 15:45:38,529000,11.493
2026/04/29 15:45:38,530000,11.499
2026/04/29 15:45:38,531000,11.490
2026/04/29 15:45:38,532000,11.496
2026/04/29 15:45:38,533000,11.501
2026/04/29 15:45:38,534000,11.501
2026/04/29 15:45:38,535000,11.493
2026/04/29 15:45:38,536000,11.490
2026/04/29 15:45:38,537000,11.501
2026/04/29 15:45:38,538000,11.493
2026/04/29 15:45:38,539000,11.496
2026/04/29 15:45:38,540000,11.493
2026/04/29 15:45:38,541000,11.499
2026/04/29 15:45:38,542000,11.496
2026/04/29 15:45:38,543000,11.493
2026/04/29 15:45:38,544000,11.496
2026/04/29 15:45:38,545000,11.493
2026/04/29 15:45:38,546000,11.490
2026/04/29 15:45:38,547000,11.496
2026/04/29 15:45:38,548000,11.499
2026/04/29 15:45:38,549000,11.499
2026/04/29 15:45:38,550000,11.490
2026/04/29 15:45:38,551000,11.496
2026/04/29 15:45:38,552000,11.493
2026/04/29 15:45:38,553000,11.499
2026/04/29 15:45:38,554000,11.493
2026/04/29 15:45:38,555000,11.499
2026/04/29 15:45:38,556000,11.493
2026/04/29 15:45:38,557000,11.493
2026/04/29 15:45:38,558000,11.499
2026/04/29 15:45:38,559000,11.499
2026/04/29 15:45:38,560000,11.496
2026/04/29 15:45:38,561000,11.493
2026/04/29 15:45:38,562000,11.496
2026/04/29 15:45:38,563000,11.487
2026/04/29 15:45:38,564000,11.499
2026/04/29 15:45:38,565000,11.493
2026/04/29 15:45:38,566000,11.501
2026/04/29 15:45:38,567000,11.490
2026/04/29 15:45:38,568000,11.490
2026/04/29 15:45:38,569000,11.493
2026/04/29 15:45:38,570000,11.490
2026/04/29 15:45:38,571000,11.493
2026/04/29 15:45:38,572000,11.490
2026/04/29 15:45:38,573000,11.499
2026/04/29 15:45:38,574000,11.499
2026/04/29 15:45:38,575000,11.501
2026/04/29 15:45:38,576000,11.493
2026/04/29 15:45:38,577000,11.496
2026/04/29 15:45:38,578000,11.510
2026/04/29 15:45:38,579000,11.493
2026/04/29 15:45:38,580000,11.499
2026/04/29 15:45:38,581000,11.499
2026/04/29 15:45:38,582000,11.493
2026/04/29 15:45:38,583000,11.501
2026/04/29 15:45:38,584000,11.496
2026/04/29 15:45:38,585000,11.496
2026/04/29 15:45:38,586000,11.496
2026/04/29 15:45:38,587000,11.496
2026/04/29 15:45:38,588000,11.499
2026/04/29 15:45:38,589000,11.493
2026/04/29 15:45:38,590000,11.496
2026/04/29 15:45:38,591000,11.493
2026/04/29 15:45:38,592000,11.496
2026/04/29 15:45:38,593000,11.493
2026/04/29 15:45:38,594000,11.499
2026/04/29 15:45:38,595000,11.504
2026/04/29 15:45:38,596000,11.490
2026/04/29 15:45:38,597000,11.501
2026/04/29 15:45:38,598000,11.496
2026/04/29 15:45:38,599000,11.496
2026/04/29 15:45:38,600000,11.499
2026/04/29 15:45:38,601000,11.496
2026/04/29 15:45:38,602000,11.499
2026/04/29 15:45:38,603000,11.493
2026/04/29 15:45:38,604000,11.499
2026/04/29 15:45:38,605000,11.499
2026/04/29 15:45:38,606000,11.493
2026/04/29 15:45:38,607000,11.499
2026/04/29 15:45:38,608000,11.490
2026/04/29 15:45:38,609000,11.493
2026/04/29 15:45:38,610000,11.496
2026/04/29 15:45:38,611000,11.496
2026/04/29 15:45:38,612000,11.499
2026/04/29 15:45:38,613000,11.499
2026/04/29 15:45:38,614000,11.499
2026/04/29 15:45:38,615000,11.499
2026/04/29 15:45:38,616000,11.499
2026/04/29 15:45:38,617000,11.501
2026/04/29 15:45:38,618000,11.493
2026/04/29 15:45:38,619000,11.493
2026/04/29 15:45:38,620000,11.493
2026/04/29 15:45:38,621000,11.496
2026/04/29 15:45:38,622000,11.499
2026/04/29 15:45:38,623000,11.493
2026/04/29 15:45:38,624000,11.496
2026/04/29 15:45:38,625000,11.493
2026/04/29 15:45:38,626000,11.493
2026/04/29 15:45:38,627000,11.493
2026/04/29 15:45:38,628000,11.496
2026/04/29 15:45:38,629000,11.499
2026/04/29 15:45:38,630000,11.493
2026/04/29 15:45:38,631000,11.493
2026/04/29 15:45:38,632000,11.496
2026/04/29 15:45:38,633000,11.501
2026/04/29 15:45:38,634000,11.493
2026/04/29 15:45:38,635000,11.499
2026/04/29 15:45:38,636000,11.490
2026/04/29 15:45:38,637000,11.499
2026/04/29 15:45:38,638000,11.499
2026/04/29 15:45:38,639000,11.499
2026/04/29 15:45:38,640000,11.499
2026/04/29 15:45:38,641000,11.493
2026/04/29 15:45:38,642000,11.496
2026/04/29 15:45:38,643000,11.496
2026/04/29 15:45:38,644000,11.499
2026/04/29 15:45:38,645000,11.501
2026/04/29 15:45:38,646000,11.493
2026/04/29 15:45:38,647000,11.493
2026/04/29 15:45:38,648000,11.499
2026/04/29 15:45:38,649000,11.496
2026/04/29 15:45:38,650000,11.496
2026/04/29 15:45:38,651000,11.493
2026/04/29 15:45:38,652000,11.496
2026/04/29 15:45:38,653000,11.499
2026/04/29 15:45:38,654000,11.493
2026/04/29 15:45:38,655000,11.501
2026/04/29 15:45:38,656000,11.501
2026/04/29 15:45:38,657000,11.493
2026/04/29 15:45:38,658000,11.493
2026/04/29 15:45:38,659000,11.493
2026/04/29 15:45:38,660000,11.499
2026/04/29 15:45:38,661000,11.501
2026/04/29 15:45:38,662000,11.501
2026/04/29 15:45:38,663000,11.493
2026/04/29 15:45:38,664000,11.496
2026/04/29 15:45:38,665000,11.490
2026/04/29 15:45:38,666000,11.493
2026/04/29 15:45:38,667000,11.496
2026/04/29 15:45:38,668000,11.499
2026/04/29 15:45:38,669000,11.499
2026/04/29 15:45:38,670000,11.493
2026/04/29 15:45:38,671000,11.496
2026/04/29 15:45:38,672000,11.499
2026/04/29 15:45:38,673000,11.501
2026/04/29 15:45:38,674000,11.504
2026/04/29 15:45:38,675000,11.501
2026/04/29 15:45:38,676000,11.496
2026/04/29 15:45:38,677000,11.501
2026/04/29 15:45:38,678000,11.501
2026/04/29 15:45:38,679000,11.496
2026/04/29 15:45:38,680000,11.490
2026/04/29 15:45:38,681000,11.490
2026/04/29 15:45:38,682000,11.501
2026/04/29 15:45:38,683000,11.496
2026/04/29 15:45:38,684000,11.496
2026/04/29 15:45:38,685000,11.499
2026/04/29 15:45:38,686000,11.504
2026/04/29 15:45:38,687000,11.499
2026/04/29 15:45:38,688000,11.501
2026/04/29 15:45:38,689000,11.499
2026/04/29 15:45:38,690000,11.493
2026/04/29 15:45:38,691000,11.496
2026/04/29 15:45:38,692000,11.496
2026/04/29 15:45:38,693000,11.493
2026/04/29 15:45:38,694000,11.490
2026/04/29 15:45:38,695000,11.501
2026/04/29 15:45:38,696000,11.496
2026/04/29 15:45:38,697000,11.507
2026/04/29 15:45:38,698000,11.499
2026/04/29 15:45:38,699000,11.499
2026/04/29 15:45:38,700000,11.493
2026/04/29 15:45:38,701000,11.499
2026/04/29 15:45:38,702000,11.501
2026/04/29 15:45:38,703000,11.499
2026/04/29 15:45:38,704000,11.499
2026/04/29 15:45:38,705000,11.496
2026/04/29 15:45:38,706000,11.499
2026/04/29 15:45:38,707000,11.493
2026/04/29 15:45:38,708000,11.496
2026/04/29 15:45:38,709000,11.493
2026/04/29 15:45:38,710000,11.493
2026/04/29 15:45:38,711000,11.493
2026/04/29 15:45:38,712000,11.496
2026/04/29 15:45:38,713000,11.496
2026/04/29 15:45:38,714000,11.493
2026/04/29 15:45:38,715000,11.499
2026/04/29 15:45:38,716000,11.499
2026/04/29 15:45:38,717000,11.499
2026/04/29 15:45:38,718000,11.501
2026/04/29 15:45:38,719000,11.496
2026/04/29 15:45:38,720000,11.496
2026/04/29 15:45:38,721000,11.493
2026/04/29 15:45:38,722000,11.496
2026/04/29 15:45:38,723000,11.499
2026/04/29 15:45:38,724000,11.499
2026/04/29 15:45:38,725000,11.496
2026/04/29 15:45:38,726000,11.501
2026/04/29 15:45:38,727000,11.499
2026/04/29 15:45:38,728000,11.501
2026/04/29 15:45:38,729000,11.496
2026/04/29 15:45:38,730000,11.501
2026/04/29 15:45:38,731000,11.493
2026/04/29 15:45:38,732000,11.496
2026/04/29 15:45:38,733000,11.496
2026/04/29 15:45:38,734000,11.499
2026/04/29 15:45:38,735000,11.501
2026/04/29 15:45:38,736000,11.490
2026/04/29 15:45:38,737000,11.499
2026/04/29 15:45:38,738000,11.487
2026/04/29 15:45:38,739000,11.496
2026/04/29 15:45:38,740000,11.499
2026/04/29 15:45:38,741000,11.499
2026/04/29 15:45:38,742000,11.493
2026/04/29 15:45:38,743000,11.493
2026/04/29 15:45:38,744000,11.499
2026/04/29 15:45:38,745000,11.493
2026/04/29 15:45:38,746000,11.493
2026/04/29 15:45:38,747000,11.496
2026/04/29 15:45:38,748000,11.490
2026/04/29 15:45:38,749000,11.496
2026/04/29 15:45:38,750000,11.499
2026/04/29 15:45:38,751000,11.499
2026/04/29 15:45:38,752000,11.501
2026/04/29 15:45:38,753000,11.501
2026/04/29 15:45:38,754000,11.493
2026/04/29 15:45:38,755000,11.499
2026/04/29 15:45:38,756000,11.501
2026/04/29 15:45:38,757000,11.493
2026/04/29 15:45:38,758000,11.499
2026/04/29 15:45:38,759000,11.496
2026/04/29 15:45:38,760000,11.499
2026/04/29 15:45:38,761000,11.487
2026/04/29 15:45:38,762000,11.496
2026/04/29 15:45:38,763000,11.496
2026/04/29 15:45:38,764000,11.493
2026/04/29 15:45:38,765000,11.501
2026/04/29 15:45:38,766000,11.496
2026/04/29 15:45:38,767000,11.499
2026/04/29 15:45:38,768000,11.496
2026/04/29 15:45:38,769000,11.496
2026/04/29 15:45:38,770000,11.499
2026/04/29 15:45:38,771000,11.501
2026/04/29 15:45:38,772000,11.496
2026/04/29 15:45:38,773000,11.496
2026/04/29 15:45:38,774000,11.499
2026/04/29 15:45:38,775000,11.501
2026/04/29 15:45:38,776000,11.504
2026/04/29 15:45:38,777000,11.496
2026/04/29 15:45:38,778000,11.499
2026/04/29 15:45:38,779000,11.499
2026/04/29 15:45:38,780000,11.496
2026/04/29 15:45:38,781000,11.501
2026/04/29 15:45:38,782000,11.499
2026/04/29 15:45:38,783000,11.501
2026/04/29 15:45:38,784000,11.487
2026/04/29 15:45:38,785000,11.501
2026/04/29 15:45:38,786000,11.499
2026/04/29 15:45:38,787000,11.501
2026/04/29 15:45:38,788000,11.501
2026/04/29 15:45:38,789000,11.493
2026/04/29 15:45:38,790000,11.493
2026/04/29 15:45:38,791000,11.499
2026/04/29 15:45:38,792000,11.493
2026/04/29 15:45:38,793000,11.493
2026/04/29 15:45:38,794000,11.496
2026/04/29 15:45:38,795000,11.499
2026/04/29 15:45:38,796000,11.496
2026/04/29 15:45:38,797000,11.501
2026/04/29 15:45:38,798000,11.496
2026/04/29 15:45:38,799000,11.493
2026/04/29 15:45:38,800000,11.499
2026/04/29 15:45:38,801000,11.501
2026/04/29 15:45:38,802000,11.499
2026/04/29 15:45:38,803000,11.501
2026/04/29 15:45:38,804000,11.499
2026/04/29 15:45:38,805000,11.493
2026/04/29 15:45:38,806000,11.504
2026/04/29 15:45:38,807000,11.499
2026/04/29 15:45:38,808000,11.496
2026/04/29 15:45:38,809000,11.496
2026/04/29 15:45:38,810000,11.501
2026/04/29 15:45:38,811000,11.496
2026/04/29 15:45:38,812000,11.504
2026/04/29 15:45:38,813000,11.496
2026/04/29 15:45:38,814000,11.496
2026/04/29 15:45:38,815000,11.499
2026/04/29 15:45:38,816000,11.501
2026/04/29 15:45:38,817000,11.493
2026/04/29 15:45:38,818000,11.496
2026/04/29 15:45:38,819000,11.504
2026/04/29 15:45:38,820000,11.496
2026/04/29 15:45:38,821000,11.501
2026/04/29 15:45:38,822000,11.504
2026/04/29 15:45:38,823000,11.496
2026/04/29 15:45:38,824000,11.493
2026/04/29 15:45:38,825000,11.496
2026/04/29 15:45:38,826000,11.499
2026/04/29 15:45:38,827000,11.499
2026/04/29 15:45:38,828000,11.493
2026/04/29 15:45:38,829000,11.493
2026/04/29 15:45:38,830000,11.501
2026/04/29 15:45:38,831000,11.496
2026/04/29 15:45:38,832000,11.496
2026/04/29 15:45:38,833000,11.499
2026/04/29 15:45:38,834000,11.493
2026/04/29 15:45:38,835000,11.499
2026/04/29 15:45:38,836000,11.496
2026/04/29 15:45:38,837000,11.496
2026/04/29 15:45:38,838000,11.499
2026/04/29 15:45:38,839000,11.490
2026/04/29 15:45:38,840000,11.490
2026/04/29 15:45:38,841000,11.493
2026/04/29 15:45:38,842000,11.496
2026/04/29 15:45:38,843000,11.496
2026/04/29 15:45:38,844000,11.496
2026/04/29 15:45:38,845000,11.496
2026/04/29 15:45:38,846000,11.496
2026/04/29 15:45:38,847000,11.499
2026/04/29 15:45:38,848000,11.499
2026/04/29 15:45:38,849000,11.493
2026/04/29 15:45:38,850000,11.501
2026/04/29 15:45:38,851000,11.501
2026/04/29 15:45:38,852000,11.496
2026/04/29 15:45:38,853000,11.501
2026/04/29 15:45:38,854000,11.493
2026/04/29 15:45:38,855000,11.493
2026/04/29 15:45:38,856000,11.493
2026/04/29 15:45:38,857000,11.496
2026/04/29 15:45:38,858000,11.493
2026/04/29 15:45:38,859000,11.496
2026/04/29 15:45:38,860000,11.504
2026/04/29 15:45:38,861000,11.501
2026/04/29 15:45:38,862000,11.493
2026/04/29 15:45:38,863000,11.487
2026/04/29 15:45:38,864000,11.496
2026/04/29 15:45:38,865000,11.493
2026/04/29 15:45:38,866000,11.493
2026/04/29 15:45:38,867000,11.493
2026/04/29 15:45:38,868000,11.501
2026/04/29 15:45:38,869000,11.504
2026/04/29 15:45:38,870000,11.496
2026/04/29 15:45:38,871000,11.499
2026/04/29 15:45:38,872000,11.499
2026/04/29 15:45:38,873000,11.499
2026/04/29 15:45:38,874000,11.493
2026/04/29 15:45:38,875000,11.490
2026/04/29 15:45:38,876000,11.499
2026/04/29 15:45:38,877000,11.499
2026/04/29 15:45:38,878000,11.499
2026/04/29 15:45:38,879000,11.499
2026/04/29 15:45:38,880000,11.499
2026/04/29 15:45:38,881000,11.493
2026/04/29 15:45:38,882000,11.499
2026/04/29 15:45:38,883000,11.499
2026/04/29 15:45:38,884000,11.496
2026/04/29 15:45:38,885000,11.501
2026/04/29 15:45:38,886000,11.493
2026/04/29 15:45:38,887000,11.501
2026/04/29 15:45:38,888000,11.501
2026/04/29 15:45:38,889000,11.501
2026/04/29 15:45:38,890000,11.499
2026/04/29 15:45:38,891000,11.499
2026/04/29 15:45:38,892000,11.496
2026/04/29 15:45:38,893000,11.493
2026/04/29 15:45:38,894000,11.499
2026/04/29 15:45:38,895000,11.490
2026/04/29 15:45:38,896000,11.496
2026/04/29 15:45:38,897000,11.493
2026/04/29 15:45:38,898000,11.496
2026/04/29 15:45:38,899000,11.499
2026/04/29 15:45:38,900000,11.490
2026/04/29 15:45:38,901000,11.501
2026/04/29 15:45:38,902000,11.501
2026/04/29 15:45:38,903000,11.499
2026/04/29 15:45:38,904000,11.499
2026/04/29 15:45:38,905000,11.496
2026/04/29 15:45:38,906000,11.493
2026/04/29 15:45:38,907000,11.493
2026/04/29 15:45:38,908000,11.493
2026/04/29 15:45:38,909000,11.499
2026/04/29 15:45:38,910000,11.493
2026/04/29 15:45:38,911000,11.499
2026/04/29 15:45:38,912000,11.496
2026/04/29 15:45:38,913000,11.496
2026/04/29 15:45:38,914000,11.493
2026/04/29 15:45:38,915000,11.493
2026/04/29 15:45:38,916000,11.499
2026/04/29 15:45:38,917000,11.501
2026/04/29 15:45:38,918000,11.496
2026/04/29 15:45:38,919000,11.496
2026/04/29 15:45:38,920000,11.499
2026/04/29 15:45:38,921000,11.493
2026/04/29 15:45:38,922000,11.493
2026/04/29 15:45:38,923000,11.499
2026/04/29 15:45:38,924000,11.499
2026/04/29 15:45:38,925000,11.490
2026/04/29 15:45:38,926000,11.501
2026/04/29 15:45:38,927000,11.499
2026/04/29 15:45:38,928000,11.493
2026/04/29 15:45:38,929000,11.493
2026/04/29 15:45:38,930000,11.499
2026/04/29 15:45:38,931000,11.490
2026/04/29 15:45:38,932000,11.493
2026/04/29 15:45:38,933000,11.499
2026/04/29 15:45:38,934000,11.499
2026/04/29 15:45:38,935000,11.496
2026/04/29 15:45:38,936000,11.496
2026/04/29 15:45:38,937000,11.496
2026/04/29 15:45:38,938000,11.499
2026/04/29 15:45:38,939000,11.496
2026/04/29 15:45:38,940000,11.493
2026/04/29 15:45:38,941000,11.490
2026/04/29 15:45:38,942000,11.493
2026/04/29 15:45:38,943000,11.499
2026/04/29 15:45:38,944000,11.496
2026/04/29 15:45:38,945000,11.496
2026/04/29 15:45:38,946000,11.499
2026/04/29 15:45:38,947000,11.496
2026/04/29 15:45:38,948000,11.499
2026/04/29 15:45:38,949000,11.501
2026/04/29 15:45:38,950000,11.499
2026/04/29 15:45:38,951000,11.499
2026/04/29 15:45:38,952000,11.496
2026/04/29 15:45:38,953000,11.499
2026/04/29 15:45:38,954000,11.496
2026/04/29 15:45:38,955000,11.499
2026/04/29 15:45:38,956000,11.496
2026/04/29 15:45:38,957000,11.487
2026/04/29 15:45:38,958000,11.493
2026/04/29 15:45:38,959000,11.504
2026/04/29 15:45:38,960000,11.493
2026/04/29 15:45:38,961000,11.499
2026/04/29 15:45:38,962000,11.507
2026/04/29 15:45:38,963000,11.496
2026/04/29 15:45:38,964000,11.496
2026/04/29 15:45:38,965000,11.499
2026/04/29 15:45:38,966000,11.490
2026/04/29 15:45:38,967000,11.490
2026/04/29 15:45:38,968000,11.496
2026/04/29 15:45:38,969000,11.493
2026/04/29 15:45:38,970000,11.501
2026/04/29 15:45:38,971000,11.501
2026/04/29 15:45:38,972000,11.493
2026/04/29 15:45:38,973000,11.493
2026/04/29 15:45:38,974000,11.496
2026/04/29 15:45:38,975000,11.499
2026/04/29 15:45:38,976000,11.496
2026/04/29 15:45:38,977000,11.487
2026/04/29 15:45:38,978000,11.501
2026/04/29 15:45:38,979000,11.493
2026/04/29 15:45:38,980000,11.499
2026/04/29 15:45:38,981000,11.499
2026/04/29 15:45:38,982000,11.493
2026/04/29 15:45:38,983000,11.499
2026/04/29 15:45:38,984000,11.499
2026/04/29 15:45:38,985000,11.490
2026/04/29 15:45:38,986000,11.493
2026/04/29 15:45:38,987000,11.496
2026/04/29 15:45:38,988000,11.501
2026/04/29 15:45:38,989000,11.493
2026/04/29 15:45:38,990000,11.496
2026/04/29 15:45:38,991000,11.496
2026/04/29 15:45:38,992000,11.499
2026/04/29 15:45:38,993000,11.499
2026/04/29 15:45:38,994000,11.499
2026/04/29 15:45:38,995000,11.496
2026/04/29 15:45:38,996000,11.499
2026/04/29 15:45:38,997000,11.496
2026/04/29 15:45:38,998000,11.499
2026/04/29 15:45:38,999000,11.496
2026/04/29 15:45:39,000000,11.493
2026/04/29 15:45:39,001000,11.501
2026/04/29 15:45:39,002000,11.496
2026/04/29 15:45:39,003000,11.493
2026/04/29 15:45:39,004000,11.493
2026/04/29 15:45:39,005000,11.493
2026/04/29 15:45:39,006000,11.496
2026/04/29 15:45:39,007000,11.490
2026/04/29 15:45:39,008000,11.493
2026/04/29 15:45:39,009000,11.493
2026/04/29 15:45:39,010000,11.499
2026/04/29 15:45:39,011000,11.493
2026/04/29 15:45:39,012000,11.493
2026/04/29 15:45:39,013000,11.490
2026/04/29 15:45:39,014000,11.496
2026/04/29 15:45:39,015000,11.493
2026/04/29 15:45:39,016000,11.493
2026/04/29 15:45:39,017000,11.496
2026/04/29 15:45:39,018000,11.493
2026/04/29 15:45:39,019000,11.496
2026/04/29 15:45:39,020000,11.493
2026/04/29 15:45:39,021000,11.504
2026/04/29 15:45:39,022000,11.493
2026/04/29 15:45:39,023000,11.499
2026/04/29 15:45:39,024000,11.493
2026/04/29 15:45:39,025000,11.499
2026/04/29 15:45:39,026000,11.496
2026/04/29 15:45:39,027000,11.496
2026/04/29 15:45:39,028000,11.496
2026/04/29 15:45:39,029000,11.490
2026/04/29 15:45:39,030000,11.496
2026/04/29 15:45:39,031000,11.490
2026/04/29 15:45:39,032000,11.490
2026/04/29 15:45:39,033000,11.493
2026/04/29 15:45:39,034000,11.496
2026/04/29 15:45:39,035000,11.493
2026/04/29 15:45:39,036000,11.493
2026/04/29 15:45:39,037000,11.496
2026/04/29 15:45:39,038000,11.499
2026/04/29 15:45:39,039000,11.496
2026/04/29 15:45:39,040000,11.490
2026/04/29 15:45:39,041000,11.499
2026/04/29 15:45:39,042000,11.493
2026/04/29 15:45:39,043000,11.493
2026/04/29 15:45:39,044000,11.493
2026/04/29 15:45:39,045000,11.501
2026/04/29 15:45:39,046000,11.493
2026/04/29 15:45:39,047000,11.493
2026/04/29 15:45:39,048000,11.501
2026/04/29 15:45:39,049000,11.496
2026/04/29 15:45:39,050000,11.501
2026/04/29 15:45:39,051000,11.496
2026/04/29 15:45:39,052000,11.496
2026/04/29 15:45:39,053000,11.496
2026/04/29 15:45:39,054000,11.496
2026/04/29 15:45:39,055000,11.496
2026/04/29 15:45:39,056000,11.499
2026/04/29 15:45:39,057000,11.493
2026/04/29 15:45:39,058000,11.496
2026/04/29 15:45:39,059000,11.496
2026/04/29 15:45:39,060000,11.499
2026/04/29 15:45:39,061000,11.493
2026/04/29 15:45:39,062000,11.499
2026/04/29 15:45:39,063000,11.499
2026/04/29 15:45:39,064000,11.499
2026/04/29 15:45:39,065000,11.496
2026/04/29 15:45:39,066000,11.499
2026/04/29 15:45:39,067000,11.496
2026/04/29 15:45:39,068000,11.501
2026/04/29 15:45:39,069000,11.493
2026/04/29 15:45:39,070000,11.499
2026/04/29 15:45:39,071000,11.493
2026/04/29 15:45:39,072000,11.493
2026/04/29 15:45:39,073000,11.493
2026/04/29 15:45:39,074000,11.496
2026/04/29 15:45:39,075000,11.496
2026/04/29 15:45:39,076000,11.487
2026/04/29 15:45:39,077000,11.499
2026/04/29 15:45:39,078000,11.493
2026/04/29 15:45:39,079000,11.501
2026/04/29 15:45:39,080000,11.499
2026/04/29 15:45:39,081000,11.499
2026/04/29 15:45:39,082000,11.490
2026/04/29 15:45:39,083000,11.496
2026/04/29 15:45:39,084000,11.493
2026/04/29 15:45:39,085000,11.496
2026/04/29 15:45:39,086000,11.496
2026/04/29 15:45:39,087000,11.496
2026/04/29 15:45:39,088000,11.499
2026/04/29 15:45:39,089000,11.499
2026/04/29 15:45:39,090000,11.493
2026/04/29 15:45:39,091000,11.496
2026/04/29 15:45:39,092000,11.493
2026/04/29 15:45:39,093000,11.496
2026/04/29 15:45:39,094000,11.499
2026/04/29 15:45:39,095000,11.493
2026/04/29 15:45:39,096000,11.496
2026/04/29 15:45:39,097000,11.501
2026/04/29 15:45:39,098000,11.499
2026/04/29 15:45:39,099000,11.499
2026/04/29 15:45:39,100000,11.499
2026/04/29 15:45:39,101000,11.496
2026/04/29 15:45:39,102000,11.499
2026/04/29 15:45:39,103000,11.496
2026/04/29 15:45:39,104000,11.493
2026/04/29 15:45:39,105000,11.496
2026/04/29 15:45:39,106000,11.496
2026/04/29 15:45:39,107000,11.490
2026/04/29 15:45:39,108000,11.493
2026/04/29 15:45:39,109000,11.499
2026/04/29 15:45:39,110000,11.496
2026/04/29 15:45:39,111000,11.496
2026/04/29 15:45:39,112000,11.496
2026/04/29 15:45:39,113000,11.501
2026/04/29 15:45:39,114000,11.499
2026/04/29 15:45:39,115000,11.501
2026/04/29 15:45:39,116000,11.493
2026/04/29 15:45:39,117000,11.493
2026/04/29 15:45:39,118000,11.496
2026/04/29 15:45:39,119000,11.496
2026/04/29 15:45:39,120000,11.493
2026/04/29 15:45:39,121000,11.493
2026/04/29 15:45:39,122000,11.499
2026/04/29 15:45:39,123000,11.493
2026/04/29 15:45:39,124000,11.493
2026/04/29 15:45:39,125000,11.499
2026/04/29 15:45:39,126000,11.496
2026/04/29 15:45:39,127000,11.496
2026/04/29 15:45:39,128000,11.496
2026/04/29 15:45:39,129000,11.504
2026/04/29 15:45:39,130000,11.499
2026/04/29 15:45:39,131000,11.499
2026/04/29 15:45:39,132000,11.499
2026/04/29 15:45:39,133000,11.499
2026/04/29 15:45:39,134000,11.493
2026/04/29 15:45:39,135000,11.493
2026/04/29 15:45:39,136000,11.499
2026/04/29 15:45:39,137000,11.499
2026/04/29 15:45:39,138000,11.499
2026/04/29 15:45:39,139000,11.499
2026/04/29 15:45:39,140000,11.499
2026/04/29 15:45:39,141000,11.496
2026/04/29 15:45:39,142000,11.493
2026/04/29 15:45:39,143000,11.490
2026/04/29 15:45:39,144000,11.496
2026/04/29 15:45:39,145000,11.496
2026/04/29 15:45:39,146000,11.493
2026/04/29 15:45:39,147000,11.499
2026/04/29 15:45:39,148000,11.493
2026/04/29 15:45:39,149000,11.501
2026/04/29 15:45:39,150000,11.501
2026/04/29 15:45:39,151000,11.493
2026/04/29 15:45:39,152000,11.493
2026/04/29 15:45:39,153000,11.493
2026/04/29 15:45:39,154000,11.493
2026/04/29 15:45:39,155000,11.496
2026/04/29 15:45:39,156000,11.490
2026/04/29 15:45:39,157000,11.501
2026/04/29 15:45:39,158000,11.499
2026/04/29 15:45:39,159000,11.499
2026/04/29 15:45:39,160000,11.493
2026/04/29 15:45:39,161000,11.501
2026/04/29 15:45:39,162000,11.493
2026/04/29 15:45:39,163000,11.496
2026/04/29 15:45:39,164000,11.499
2026/04/29 15:45:39,165000,11.501
2026/04/29 15:45:39,166000,11.496
2026/04/29 15:45:39,167000,11.490
2026/04/29 15:45:39,168000,11.496
2026/04/29 15:45:39,169000,11.501
2026/04/29 15:45:39,170000,11.493
2026/04/29 15:45:39,171000,11.496
2026/04/29 15:45:39,172000,11.499
2026/04/29 15:45:39,173000,11.493
2026/04/29 15:45:39,174000,11.504
2026/04/29 15:45:39,175000,11.496
2026/04/29 15:45:39,176000,11.501
2026/04/29 15:45:39,177000,11.496
2026/04/29 15:45:39,178000,11.499
2026/04/29 15:45:39,179000,11.499
2026/04/29 15:45:39,180000,11.499
2026/04/29 15:45:39,181000,11.493
2026/04/29 15:45:39,182000,11.496
2026/04/29 15:45:39,183000,11.499
2026/04/29 15:45:39,184000,11.493
2026/04/29 15:45:39,185000,11.496
2026/04/29 15:45:39,186000,11.501
2026/04/29 15:45:39,187000,11.499
2026/04/29 15:45:39,188000,11.496
2026/04/29 15:45:39,189000,11.493
2026/04/29 15:45:39,190000,11.499
2026/04/29 15:45:39,191000,11.499
2026/04/29 15:45:39,192000,11.490
2026/04/29 15:45:39,193000,11.496
2026/04/29 15:45:39,194000,11.496
2026/04/29 15:45:39,195000,11.493
2026/04/29 15:45:39,196000,11.493
2026/04/29 15:45:39,197000,11.496
2026/04/29 15:45:39,198000,11.496
2026/04/29 15:45:39,199000,11.499
2026/04/29 15:45:39,200000,11.493
2026/04/29 15:45:39,201000,11.490
2026/04/29 15:45:39,202000,11.496
2026/04/29 15:45:39,203000,11.501
2026/04/29 15:45:39,204000,11.496
2026/04/29 15:45:39,205000,11.493
2026/04/29 15:45:39,206000,11.499
2026/04/29 15:45:39,207000,11.496
2026/04/29 15:45:39,208000,11.496
2026/04/29 15:45:39,209000,11.499
2026/04/29 15:45:39,210000,11.499
2026/04/29 15:45:39,211000,11.493
2026/04/29 15:45:39,212000,11.499
2026/04/29 15:45:39,213000,11.499
2026/04/29 15:45:39,214000,11.493
2026/04/29 15:45:39,215000,11.499
2026/04/29 15:45:39,216000,11.496
2026/04/29 15:45:39,217000,11.496
2026/04/29 15:45:39,218000,11.501
2026/04/29 15:45:39,219000,11.496
2026/04/29 15:45:39,220000,11.493
2026/04/29 15:45:39,221000,11.487
2026/04/29 15:45:39,222000,11.501
2026/04/29 15:45:39,223000,11.499
2026/04/29 15:45:39,224000,11.493
2026/04/29 15:45:39,225000,11.487
2026/04/29 15:45:39,226000,11.493
2026/04/29 15:45:39,227000,11.490
2026/04/29 15:45:39,228000,11.501
2026/04/29 15:45:39,229000,11.496
2026/04/29 15:45:39,230000,11.499
2026/04/29 15:45:39,231000,11.499
2026/04/29 15:45:39,232000,11.499
2026/04/29 15:45:39,233000,11.501
2026/04/29 15:45:39,234000,11.496
2026/04/29 15:45:39,235000,11.499
2026/04/29 15:45:39,236000,11.496
2026/04/29 15:45:39,237000,11.490
2026/04/29 15:45:39,238000,11.496
2026/04/29 15:45:39,239000,11.501
2026/04/29 15:45:39,240000,11.501
2026/04/29 15:45:39,241000,11.496
2026/04/29 15:45:39,242000,11.499
2026/04/29 15:45:39,243000,11.490
2026/04/29 15:45:39,244000,11.496
2026/04/29 15:45:39,245000,11.499
2026/04/29 15:45:39,246000,11.490
2026/04/29 15:45:39,247000,11.501
2026/04/29 15:45:39,248000,11.499
2026/04/29 15:45:39,249000,11.499
2026/04/29 15:45:39,250000,11.501
2026/04/29 15:45:39,251000,11.499
2026/04/29 15:45:39,252000,11.496
2026/04/29 15:45:39,253000,11.499
2026/04/29 15:45:39,254000,11.496
2026/04/29 15:45:39,255000,11.496
2026/04/29 15:45:39,256000,11.499
2026/04/29 15:45:39,257000,11.493
2026/04/29 15:45:39,258000,11.490
2026/04/29 15:45:39,259000,11.501
2026/04/29 15:45:39,260000,11.499
2026/04/29 15:45:39,261000,11.493
2026/04/29 15:45:39,262000,11.496
2026/04/29 15:45:39,263000,11.496
2026/04/29 15:45:39,264000,11.496
2026/04/29 15:45:39,265000,11.496
2026/04/29 15:45:39,266000,11.499
2026/04/29 15:45:39,267000,11.496
2026/04/29 15:45:39,268000,11.496
2026/04/29 15:45:39,269000,11.493
2026/04/29 15:45:39,270000,11.499
2026/04/29 15:45:39,271000,11.501
2026/04/29 15:45:39,272000,11.499
2026/04/29 15:45:39,273000,11.499
2026/04/29 15:45:39,274000,11.499
2026/04/29 15:45:39,275000,11.499
2026/04/29 15:45:39,276000,11.493
2026/04/29 15:45:39,277000,11.504
2026/04/29 15:45:39,278000,11.490
2026/04/29 15:45:39,279000,11.499
2026/04/29 15:45:39,280000,11.496
2026/04/29 15:45:39,281000,11.496
2026/04/29 15:45:39,282000,11.499
2026/04/29 15:45:39,283000,11.496
2026/04/29 15:45:39,284000,11.507
2026/04/29 15:45:39,285000,11.501
2026/04/29 15:45:39,286000,11.496
2026/04/29 15:45:39,287000,11.493
2026/04/29 15:45:39,288000,11.493
2026/04/29 15:45:39,289000,11.501
2026/04/29 15:45:39,290000,11.496
2026/04/29 15:45:39,291000,11.499
2026/04/29 15:45:39,292000,11.504
2026/04/29 15:45:39,293000,11.496
2026/04/29 15:45:39,294000,11.496
2026/04/29 15:45:39,295000,11.496
2026/04/29 15:45:39,296000,11.499
2026/04/29 15:45:39,297000,11.499
2026/04/29 15:45:39,298000,11.493
2026/04/29 15:45:39,299000,11.499
2026/04/29 15:45:39,300000,11.501
2026/04/29 15:45:39,301000,11.499
2026/04/29 15:45:39,302000,11.501
2026/04/29 15:45:39,303000,11.499
2026/04/29 15:45:39,304000,11.499
2026/04/29 15:45:39,305000,11.496
2026/04/29 15:45:39,306000,11.496
2026/04/29 15:45:39,307000,11.493
2026/04/29 15:45:39,308000,11.499
2026/04/29 15:45:39,309000,11.499
2026/04/29 15:45:39,310000,11.499
2026/04/29 15:45:39,311000,11.496
2026/04/29 15:45:39,312000,11.504
2026/04/29 15:45:39,313000,11.493
2026/04/29 15:45:39,314000,11.496
2026/04/29 15:45:39,315000,11.501
2026/04/29 15:45:39,316000,11.496
2026/04/29 15:45:39,317000,11.499
2026/04/29 15:45:39,318000,11.501
2026/04/29 15:45:39,319000,11.493
2026/04/29 15:45:39,320000,11.501
2026/04/29 15:45:39,321000,11.496
2026/04/29 15:45:39,322000,11.496
2026/04/29 15:45:39,323000,11.499
2026/04/29 15:45:39,324000,11.496
2026/04/29 15:45:39,325000,11.499
2026/04/29 15:45:39,326000,11.499
2026/04/29 15:45:39,327000,11.493
2026/04/29 15:45:39,328000,11.501
2026/04/29 15:45:39,329000,11.499
2026/04/29 15:45:39,330000,11.499
2026/04/29 15:45:39,331000,11.496
2026/04/29 15:45:39,332000,11.496
2026/04/29 15:45:39,333000,11.496
2026/04/29 15:45:39,334000,11.493
2026/04/29 15:45:39,335000,11.501
2026/04/29 15:45:39,336000,11.499
2026/04/29 15:45:39,337000,11.496
2026/04/29 15:45:39,338000,11.501
2026/04/29 15:45:39,339000,11.496
2026/04/29 15:45:39,340000,11.493
2026/04/29 15:45:39,341000,11.499
2026/04/29 15:45:39,342000,11.501
2026/04/29 15:45:39,343000,11.496
2026/04/29 15:45:39,344000,11.496
2026/04/29 15:45:39,345000,11.499
2026/04/29 15:45:39,346000,11.499
2026/04/29 15:45:39,347000,11.499
2026/04/29 15:45:39,348000,11.496
2026/04/29 15:45:39,349000,11.499
2026/04/29 15:45:39,350000,11.499
2026/04/29 15:45:39,351000,11.499
2026/04/29 15:45:39,352000,11.493
2026/04/29 15:45:39,353000,11.499
2026/04/29 15:45:39,354000,11.499
2026/04/29 15:45:39,355000,11.493
2026/04/29 15:45:39,356000,11.504
2026/04/29 15:45:39,357000,11.496
2026/04/29 15:45:39,358000,11.496
2026/04/29 15:45:39,359000,11.499
2026/04/29 15:45:39,360000,11.501
2026/04/29 15:45:39,361000,11.496
2026/04/29 15:45:39,362000,11.499
2026/04/29 15:45:39,363000,11.499
2026/04/29 15:45:39,364000,11.490
2026/04/29 15:45:39,365000,11.493
2026/04/29 15:45:39,366000,11.496
2026/04/29 15:45:39,367000,11.501
2026/04/29 15:45:39,368000,11.501
2026/04/29 15:45:39,369000,11.501
2026/04/29 15:45:39,370000,11.499
2026/04/29 15:45:39,371000,11.501
2026/04/29 15:45:39,372000,11.493
2026/04/29 15:45:39,373000,11.496
2026/04/29 15:45:39,374000,11.496
2026/04/29 15:45:39,375000,11.496
2026/04/29 15:45:39,376000,11.496
2026/04/29 15:45:39,377000,11.501
2026/04/29 15:45:39,378000,11.496
2026/04/29 15:45:39,379000,11.499
2026/04/29 15:45:39,380000,11.499
2026/04/29 15:45:39,381000,11.501
2026/04/29 15:45:39,382000,11.499
2026/04/29 15:45:39,383000,11.496
2026/04/29 15:45:39,384000,11.499
2026/04/29 15:45:39,385000,11.496
2026/04/29 15:45:39,386000,11.496
2026/04/29 15:45:39,387000,11.501
2026/04/29 15:45:39,388000,11.499
2026/04/29 15:45:39,389000,11.496
2026/04/29 15:45:39,390000,11.501
2026/04/29 15:45:39,391000,11.493
2026/04/29 15:45:39,392000,11.496
2026/04/29 15:45:39,393000,11.499
2026/04/29 15:45:39,394000,11.496
2026/04/29 15:45:39,395000,11.493
2026/04/29 15:45:39,396000,11.493
2026/04/29 15:45:39,397000,11.499
2026/04/29 15:45:39,398000,11.499
2026/04/29 15:45:39,399000,11.499
2026/04/29 15:45:39,400000,11.501
2026/04/29 15:45:39,401000,11.501
2026/04/29 15:45:39,402000,11.501
2026/04/29 15:45:39,403000,11.501
2026/04/29 15:45:39,404000,11.501
2026/04/29 15:45:39,405000,11.496
2026/04/29 15:45:39,406000,11.493
2026/04/29 15:45:39,407000,11.499
2026/04/29 15:45:39,408000,11.504
2026/04/29 15:45:39,409000,11.499
2026/04/29 15:45:39,410000,11.493
2026/04/29 15:45:39,411000,11.499
2026/04/29 15:45:39,412000,11.493
2026/04/29 15:45:39,413000,11.501
2026/04/29 15:45:39,414000,11.493
2026/04/29 15:45:39,415000,11.493
2026/04/29 15:45:39,416000,11.499
2026/04/29 15:45:39,417000,11.490
2026/04/29 15:45:39,418000,11.499
2026/04/29 15:45:39,419000,11.499
2026/04/29 15:45:39,420000,11.499
2026/04/29 15:45:39,421000,11.499
2026/04/29 15:45:39,422000,11.501
2026/04/29 15:45:39,423000,11.493
2026/04/29 15:45:39,424000,11.499
2026/04/29 15:45:39,425000,11.496
2026/04/29 15:45:39,426000,11.499
2026/04/29 15:45:39,427000,11.499
2026/04/29 15:45:39,428000,11.496
2026/04/29 15:45:39,429000,11.501
2026/04/29 15:45:39,430000,11.499
2026/04/29 15:45:39,431000,11.499
2026/04/29 15:45:39,432000,11.496
2026/04/29 15:45:39,433000,11.501
2026/04/29 15:45:39,434000,11.499
2026/04/29 15:45:39,435000,11.501
2026/04/29 15:45:39,436000,11.496
2026/04/29 15:45:39,437000,11.501
2026/04/29 15:45:39,438000,11.493
2026/04/29 15:45:39,439000,11.501
2026/04/29 15:45:39,440000,11.493
2026/04/29 15:45:39,441000,11.496
2026/04/29 15:45:39,442000,11.493
2026/04/29 15:45:39,443000,11.493
2026/04/29 15:45:39,444000,11.490
2026/04/29 15:45:39,445000,11.496
2026/04/29 15:45:39,446000,11.504
2026/04/29 15:45:39,447000,11.493
2026/04/29 15:45:39,448000,11.501
2026/04/29 15:45:39,449000,11.493
2026/04/29 15:45:39,450000,11.493
2026/04/29 15:45:39,451000,11.493
2026/04/29 15:45:39,452000,11.499
2026/04/29 15:45:39,453000,11.499
2026/04/29 15:45:39,454000,11.499
2026/04/29 15:45:39,455000,11.496
2026/04/29 15:45:39,456000,11.493
2026/04/29 15:45:39,457000,11.496
2026/04/29 15:45:39,458000,11.490
2026/04/29 15:45:39,459000,11.496
2026/04/29 15:45:39,460000,11.499
2026/04/29 15:45:39,461000,11.493
2026/04/29 15:45:39,462000,11.493
2026/04/29 15:45:39,463000,11.496
2026/04/29 15:45:39,464000,11.496
2026/04/29 15:45:39,465000,11.499
2026/04/29 15:45:39,466000,11.493
2026/04/29 15:45:39,467000,11.496
2026/04/29 15:45:39,468000,11.496
2026/04/29 15:45:39,469000,11.493
2026/04/29 15:45:39,470000,11.496
2026/04/29 15:45:39,471000,11.496
2026/04/29 15:45:39,472000,11.499
2026/04/29 15:45:39,473000,11.493
2026/04/29 15:45:39,474000,11.501
2026/04/29 15:45:39,475000,11.493
2026/04/29 15:45:39,476000,11.496
2026/04/29 15:45:39,477000,11.504
2026/04/29 15:45:39,478000,11.501
2026/04/29 15:45:39,479000,11.499
2026/04/29 15:45:39,480000,11.499
2026/04/29 15:45:39,481000,11.490
2026/04/29 15:45:39,482000,11.493
2026/04/29 15:45:39,483000,11.496
2026/04/29 15:45:39,484000,11.499
2026/04/29 15:45:39,485000,11.493
2026/04/29 15:45:39,486000,11.501
2026/04/29 15:45:39,487000,11.501
2026/04/29 15:45:39,488000,11.496
2026/04/29 15:45:39,489000,11.496
2026/04/29 15:45:39,490000,11.493
2026/04/29 15:45:39,491000,11.493
2026/04/29 15:45:39,492000,11.493
2026/04/29 15:45:39,493000,11.501
2026/04/29 15:45:39,494000,11.496
2026/04/29 15:45:39,495000,11.493
2026/04/29 15:45:39,496000,11.499
2026/04/29 15:45:39,497000,11.496
2026/04/29 15:45:39,498000,11.490
2026/04/29 15:45:39,499000,11.499
2026/04/29 15:45:39,500000,11.496
2026/04/29 15:45:39,501000,11.496
2026/04/29 15:45:39,502000,11.499
2026/04/29 15:45:39,503000,11.499
2026/04/29 15:45:39,504000,11.493
2026/04/29 15:45:39,505000,11.499
2026/04/29 15:45:39,506000,11.493
2026/04/29 15:45:39,507000,11.496
2026/04/29 15:45:39,508000,11.493
2026/04/29 15:45:39,509000,11.496
2026/04/29 15:45:39,510000,11.493
2026/04/29 15:45:39,511000,11.496
2026/04/29 15:45:39,512000,11.499
2026/04/29 15:45:39,513000,11.499
2026/04/29 15:45:39,514000,11.496
2026/04/29 15:45:39,515000,11.496
2026/04/29 15:45:39,516000,11.499
2026/04/29 15:45:39,517000,11.496
2026/04/29 15:45:39,518000,11.499
2026/04/29 15:45:39,519000,11.493
2026/04/29 15:45:39,520000,11.499
2026/04/29 15:45:39,521000,11.496
2026/04/29 15:45:39,522000,11.504
2026/04/29 15:45:39,523000,11.501
2026/04/29 15:45:39,524000,11.499
2026/04/29 15:45:39,525000,11.499
2026/04/29 15:45:39,526000,11.493
2026/04/29 15:45:39,527000,11.499
2026/04/29 15:45:39,528000,11.499
2026/04/29 15:45:39,529000,11.499
2026/04/29 15:45:39,530000,11.499
2026/04/29 15:45:39,531000,11.501
2026/04/29 15:45:39,532000,11.496
2026/04/29 15:45:39,533000,11.485
2026/04/29 15:45:39,534000,11.499
2026/04/29 15:45:39,535000,11.490
2026/04/29 15:45:39,536000,11.493
2026/04/29 15:45:39,537000,11.493
2026/04/29 15:45:39,538000,11.493
2026/04/29 15:45:39,539000,11.499
2026/04/29 15:45:39,540000,11.493
2026/04/29 15:45:39,541000,11.499
2026/04/29 15:45:39,542000,11.499
2026/04/29 15:45:39,543000,11.493
2026/04/29 15:45:39,544000,11.490
2026/04/29 15:45:39,545000,11.496
2026/04/29 15:45:39,546000,11.493
2026/04/29 15:45:39,547000,11.496
2026/04/29 15:45:39,548000,11.496
2026/04/29 15:45:39,549000,11.499
2026/04/29 15:45:39,550000,11.496
2026/04/29 15:45:39,551000,11.499
2026/04/29 15:45:39,552000,11.499
2026/04/29 15:45:39,553000,11.499
2026/04/29 15:45:39,554000,11.499
2026/04/29 15:45:39,555000,11.496
2026/04/29 15:45:39,556000,11.493
2026/04/29 15:45:39,557000,11.493
2026/04/29 15:45:39,558000,11.499
2026/04/29 15:45:39,559000,11.493
2026/04/29 15:45:39,560000,11.493
2026/04/29 15:45:39,561000,11.493
2026/04/29 15:45:39,562000,11.487
2026/04/29 15:45:39,563000,11.496
2026/04/29 15:45:39,564000,11.490
2026/04/29 15:45:39,565000,11.493
2026/04/29 15:45:39,566000,11.496
2026/04/29 15:45:39,567000,11.493
2026/04/29 15:45:39,568000,11.501
2026/04/29 15:45:39,569000,11.499
2026/04/29 15:45:39,570000,11.493
2026/04/29 15:45:39,571000,11.493
2026/04/29 15:45:39,572000,11.499
2026/04/29 15:45:39,573000,11.496
2026/04/29 15:45:39,574000,11.493
2026/04/29 15:45:39,575000,11.496
2026/04/29 15:45:39,576000,11.493
2026/04/29 15:45:39,577000,11.493
2026/04/29 15:45:39,578000,11.499
2026/04/29 15:45:39,579000,11.499
2026/04/29 15:45:39,580000,11.496
2026/04/29 15:45:39,581000,11.499
2026/04/29 15:45:39,582000,11.490
2026/04/29 15:45:39,583000,11.496
2026/04/29 15:45:39,584000,11.493
2026/04/29 15:45:39,585000,11.496
2026/04/29 15:45:39,586000,11.496
2026/04/29 15:45:39,587000,11.496
2026/04/29 15:45:39,588000,11.493
2026/04/29 15:45:39,589000,11.493
2026/04/29 15:45:39,590000,11.496
2026/04/29 15:45:39,591000,11.496
2026/04/29 15:45:39,592000,11.496
2026/04/29 15:45:39,593000,11.493
2026/04/29 15:45:39,594000,11.501
2026/04/29 15:45:39,595000,11.496
2026/04/29 15:45:39,596000,11.493
2026/04/29 15:45:39,597000,11.493
2026/04/29 15:45:39,598000,11.496
2026/04/29 15:45:39,599000,11.493
2026/04/29 15:45:39,600000,11.490
2026/04/29 15:45:39,601000,11.487
2026/04/29 15:45:39,602000,11.496
2026/04/29 15:45:39,603000,11.493
2026/04/29 15:45:39,604000,11.490
2026/04/29 15:45:39,605000,11.496
2026/04/29 15:45:39,606000,11.496
2026/04/29 15:45:39,607000,11.499
2026/04/29 15:45:39,608000,11.496
2026/04/29 15:45:39,609000,11.496
2026/04/29 15:45:39,610000,11.493
2026/04/29 15:45:39,611000,11.493
2026/04/29 15:45:39,612000,11.499
2026/04/29 15:45:39,613000,11.493
2026/04/29 15:45:39,614000,11.496
2026/04/29 15:45:39,615000,11.496
2026/04/29 15:45:39,616000,11.493
2026/04/29 15:45:39,617000,11.499
2026/04/29 15:45:39,618000,11.499
2026/04/29 15:45:39,619000,11.499
2026/04/29 15:45:39,620000,11.493
2026/04/29 15:45:39,621000,11.496
2026/04/29 15:45:39,622000,11.490
2026/04/29 15:45:39,623000,11.501
2026/04/29 15:45:39,624000,11.496
2026/04/29 15:45:39,625000,11.493
2026/04/29 15:45:39,626000,11.493
2026/04/29 15:45:39,627000,11.499
2026/04/29 15:45:39,628000,11.501
2026/04/29 15:45:39,629000,11.496
2026/04/29 15:45:39,630000,11.493
2026/04/29 15:45:39,631000,11.493
2026/04/29 15:45:39,632000,11.490
2026/04/29 15:45:39,633000,11.501
2026/04/29 15:45:39,634000,11.493
2026/04/29 15:45:39,635000,11.490
2026/04/29 15:45:39,636000,11.493
2026/04/29 15:45:39,637000,11.493
2026/04/29 15:45:39,638000,11.496
2026/04/29 15:45:39,639000,11.496
2026/04/29 15:45:39,640000,11.490
2026/04/29 15:45:39,641000,11.493
2026/04/29 15:45:39,642000,11.493
2026/04/29 15:45:39,643000,11.496
2026/04/29 15:45:39,644000,11.493
2026/04/29 15:45:39,645000,11.496
2026/04/29 15:45:39,646000,11.496
2026/04/29 15:45:39,647000,11.493
2026/04/29 15:45:39,648000,11.499
2026/04/29 15:45:39,649000,11.493
2026/04/29 15:45:39,650000,11.499
2026/04/29 15:45:39,651000,11.499
2026/04/29 15:45:39,652000,11.499
2026/04/29 15:45:39,653000,11.496
2026/04/29 15:45:39,654000,11.499
2026/04/29 15:45:39,655000,11.493
2026/04/29 15:45:39,656000,11.496
2026/04/29 15:45:39,657000,11.496
2026/04/29 15:45:39,658000,11.499
2026/04/29 15:45:39,659000,11.493
2026/04/29 15:45:39,660000,11.496
2026/04/29 15:45:39,661000,11.499
2026/04/29 15:45:39,662000,11.499
2026/04/29 15:45:39,663000,11.490
2026/04/29 15:45:39,664000,11.496
2026/04/29 15:45:39,665000,11.496
2026/04/29 15:45:39,666000,11.504
2026/04/29 15:45:39,667000,11.493
2026/04/29 15:45:39,668000,11.499
2026/04/29 15:45:39,669000,11.490
2026/04/29 15:45:39,670000,11.499
2026/04/29 15:45:39,671000,11.490
2026/04/29 15:45:39,672000,11.501
2026/04/29 15:45:39,673000,11.496
2026/04/29 15:45:39,674000,11.496
2026/04/29 15:45:39,675000,11.493
2026/04/29 15:45:39,676000,11.493
2026/04/29 15:45:39,677000,11.501
2026/04/29 15:45:39,678000,11.496
2026/04/29 15:45:39,679000,11.499
2026/04/29 15:45:39,680000,11.493
2026/04/29 15:45:39,681000,11.493
2026/04/29 15:45:39,682000,11.499
2026/04/29 15:45:39,683000,11.490
2026/04/29 15:45:39,684000,11.493
2026/04/29 15:45:39,685000,11.504
2026/04/29 15:45:39,686000,11.490
2026/04/29 15:45:39,687000,11.499
2026/04/29 15:45:39,688000,11.493
2026/04/29 15:45:39,689000,11.493
2026/04/29 15:45:39,690000,11.493
2026/04/29 15:45:39,691000,11.496
2026/04/29 15:45:39,692000,11.499
2026/04/29 15:45:39,693000,11.493
2026/04/29 15:45:39,694000,11.501
2026/04/29 15:45:39,695000,11.490
2026/04/29 15:45:39,696000,11.501
2026/04/29 15:45:39,697000,11.493
2026/04/29 15:45:39,698000,11.496
2026/04/29 15:45:39,699000,11.493
2026/04/29 15:45:39,700000,11.493
2026/04/29 15:45:39,701000,11.496
2026/04/29 15:45:39,702000,11.493
2026/04/29 15:45:39,703000,11.496
2026/04/29 15:45:39,704000,11.493
2026/04/29 15:45:39,705000,11.499
2026/04/29 15:45:39,706000,11.490
2026/04/29 15:45:39,707000,11.499
2026/04/29 15:45:39,708000,11.490
2026/04/29 15:45:39,709000,11.493
2026/04/29 15:45:39,710000,11.501
2026/04/29 15:45:39,711000,11.493
2026/04/29 15:45:39,712000,11.499
2026/04/29 15:45:39,713000,11.501
2026/04/29 15:45:39,714000,11.501
2026/04/29 15:45:39,715000,11.499
2026/04/29 15:45:39,716000,11.496
2026/04/29 15:45:39,717000,11.496
2026/04/29 15:45:39,718000,11.501
2026/04/29 15:45:39,719000,11.496
2026/04/29 15:45:39,720000,11.496
2026/04/29 15:45:39,721000,11.496
2026/04/29 15:45:39,722000,11.501
2026/04/29 15:45:39,723000,11.496
2026/04/29 15:45:39,724000,11.493
2026/04/29 15:45:39,725000,11.499
2026/04/29 15:45:39,726000,11.496
2026/04/29 15:45:39,727000,11.493
2026/04/29 15:45:39,728000,11.496
2026/04/29 15:45:39,729000,11.501
2026/04/29 15:45:39,730000,11.493
2026/04/29 15:45:39,731000,11.496
2026/04/29 15:45:39,732000,11.493
2026/04/29 15:45:39,733000,11.490
2026/04/29 15:45:39,734000,11.496
2026/04/29 15:45:39,735000,11.493
2026/04/29 15:45:39,736000,11.496
2026/04/29 15:45:39,737000,11.496
2026/04/29 15:45:39,738000,11.493
2026/04/29 15:45:39,739000,11.496
2026/04/29 15:45:39,740000,11.499
2026/04/29 15:45:39,741000,11.501
2026/04/29 15:45:39,742000,11.496
2026/04/29 15:45:39,743000,11.493
2026/04/29 15:45:39,744000,11.501
2026/04/29 15:45:39,745000,11.499
2026/04/29 15:45:39,746000,11.493
2026/04/29 15:45:39,747000,11.501
2026/04/29 15:45:39,748000,11.496
2026/04/29 15:45:39,749000,11.499
2026/04/29 15:45:39,750000,11.496
2026/04/29 15:45:39,751000,11.496
2026/04/29 15:45:39,752000,11.493
2026/04/29 15:45:39,753000,11.507
2026/04/29 15:45:39,754000,11.496
2026/04/29 15:45:39,755000,11.496
2026/04/29 15:45:39,756000,11.493
2026/04/29 15:45:39,757000,11.490
2026/04/29 15:45:39,758000,11.496
2026/04/29 15:45:39,759000,11.496
2026/04/29 15:45:39,760000,11.493
2026/04/29 15:45:39,761000,11.501
2026/04/29 15:45:39,762000,11.496
2026/04/29 15:45:39,763000,11.493
2026/04/29 15:45:39,764000,11.496
2026/04/29 15:45:39,765000,11.496
2026/04/29 15:45:39,766000,11.496
2026/04/29 15:45:39,767000,11.501
2026/04/29 15:45:39,768000,11.496
2026/04/29 15:45:39,769000,11.499
2026/04/29 15:45:39,770000,11.499
2026/04/29 15:45:39,771000,11.496
2026/04/29 15:45:39,772000,11.493
2026/04/29 15:45:39,773000,11.493
2026/04/29 15:45:39,774000,11.490
2026/04/29 15:45:39,775000,11.501
2026/04/29 15:45:39,776000,11.496
2026/04/29 15:45:39,777000,11.493
2026/04/29 15:45:39,778000,11.499
2026/04/29 15:45:39,779000,11.499
2026/04/29 15:45:39,780000,11.499
2026/04/29 15:45:39,781000,11.499
2026/04/29 15:45:39,782000,11.490
2026/04/29 15:45:39,783000,11.501
2026/04/29 15:45:39,784000,11.493
2026/04/29 15:45:39,785000,11.496
2026/04/29 15:45:39,786000,11.499
2026/04/29 15:45:39,787000,11.496
2026/04/29 15:45:39,788000,11.501
2026/04/29 15:45:39,789000,11.496
2026/04/29 15:45:39,790000,11.499
2026/04/29 15:45:39,791000,11.499
2026/04/29 15:45:39,792000,11.490
2026/04/29 15:45:39,793000,11.501
2026/04/29 15:45:39,794000,11.496
2026/04/29 15:45:39,795000,11.496
2026/04/29 15:45:39,796000,11.493
2026/04/29 15:45:39,797000,11.499
2026/04/29 15:45:39,798000,11.496
2026/04/29 15:45:39,799000,11.493
2026/04/29 15:45:39,800000,11.499
2026/04/29 15:45:39,801000,11.496
2026/04/29 15:45:39,802000,11.493
2026/04/29 15:45:39,803000,11.496
2026/04/29 15:45:39,804000,11.493
2026/04/29 15:45:39,805000,11.493
2026/04/29 15:45:39,806000,11.499
2026/04/29 15:45:39,807000,11.490
2026/04/29 15:45:39,808000,11.496
2026/04/29 15:45:39,809000,11.493
2026/04/29 15:45:39,810000,11.493
2026/04/29 15:45:39,811000,11.496
2026/04/29 15:45:39,812000,11.499
2026/04/29 15:45:39,813000,11.496
2026/04/29 15:45:39,814000,11.504
2026/04/29 15:45:39,815000,11.496
2026/04/29 15:45:39,816000,11.499
2026/04/29 15:45:39,817000,11.499
2026/04/29 15:45:39,818000,11.490
2026/04/29 15:45:39,819000,11.493
2026/04/29 15:45:39,820000,11.504
2026/04/29 15:45:39,821000,11.499
2026/04/29 15:45:39,822000,11.499
2026/04/29 15:45:39,823000,11.501
2026/04/29 15:45:39,824000,11.499
2026/04/29 15:45:39,825000,11.493
2026/04/29 15:45:39,826000,11.499
2026/04/29 15:45:39,827000,11.496
2026/04/29 15:45:39,828000,11.501
2026/04/29 15:45:39,829000,11.499
2026/04/29 15:45:39,830000,11.499
2026/04/29 15:45:39,831000,11.513
2026/04/29 15:45:39,832000,11.493
2026/04/29 15:45:39,833000,11.493
2026/04/29 15:45:39,834000,11.501
2026/04/29 15:45:39,835000,11.496
2026/04/29 15:45:39,836000,11.499
2026/04/29 15:45:39,837000,11.499
2026/04/29 15:45:39,838000,11.499
2026/04/29 15:45:39,839000,11.496
2026/04/29 15:45:39,840000,11.496
2026/04/29 15:45:39,841000,11.496
2026/04/29 15:45:39,842000,11.496
2026/04/29 15:45:39,843000,11.496
2026/04/29 15:45:39,844000,11.493
2026/04/29 15:45:39,845000,11.490
2026/04/29 15:45:39,846000,11.496
2026/04/29 15:45:39,847000,11.496
2026/04/29 15:45:39,848000,11.499
2026/04/29 15:45:39,849000,11.504
2026/04/29 15:45:39,850000,11.496
2026/04/29 15:45:39,851000,11.493
2026/04/29 15:45:39,852000,11.501
2026/04/29 15:45:39,853000,11.496
2026/04/29 15:45:39,854000,11.499
2026/04/29 15:45:39,855000,11.499
2026/04/29 15:45:39,856000,11.496
2026/04/29 15:45:39,857000,11.504
2026/04/29 15:45:39,858000,11.496
2026/04/29 15:45:39,859000,11.493
2026/04/29 15:45:39,860000,11.499
2026/04/29 15:45:39,861000,11.496
2026/04/29 15:45:39,862000,11.496
2026/04/29 15:45:39,863000,11.493
2026/04/29 15:45:39,864000,11.493
2026/04/29 15:45:39,865000,11.499
2026/04/29 15:45:39,866000,11.499
2026/04/29 15:45:39,867000,11.496
2026/04/29 15:45:39,868000,11.493
2026/04/29 15:45:39,869000,11.501
2026/04/29 15:45:39,870000,11.493
2026/04/29 15:45:39,871000,11.493
2026/04/29 15:45:39,872000,11.496
2026/04/29 15:45:39,873000,11.496
2026/04/29 15:45:39,874000,11.496
2026/04/29 15:45:39,875000,11.493
2026/04/29 15:45:39,876000,11.496
2026/04/29 15:45:39,877000,11.490
2026/04/29 15:45:39,878000,11.490
2026/04/29 15:45:39,879000,11.499
2026/04/29 15:45:39,880000,11.496
2026/04/29 15:45:39,881000,11.496
2026/04/29 15:45:39,882000,11.499
2026/04/29 15:45:39,883000,11.496
2026/04/29 15:45:39,884000,11.499
2026/04/29 15:45:39,885000,11.501
2026/04/29 15:45:39,886000,11.493
2026/04/29 15:45:39,887000,11.499
2026/04/29 15:45:39,888000,11.499
2026/04/29 15:45:39,889000,11.501
2026/04/29 15:45:39,890000,11.493
2026/04/29 15:45:39,891000,11.499
2026/04/29 15:45:39,892000,11.496
2026/04/29 15:45:39,893000,11.496
2026/04/29 15:45:39,894000,11.501
2026/04/29 15:45:39,895000,11.499
2026/04/29 15:45:39,896000,11.490
2026/04/29 15:45:39,897000,11.496
2026/04/29 15:45:39,898000,11.501
2026/04/29 15:45:39,899000,11.499
2026/04/29 15:45:39,900000,11.496
2026/04/29 15:45:39,901000,11.499
2026/04/29 15:45:39,902000,11.496
2026/04/29 15:45:39,903000,11.504
2026/04/29 15:45:39,904000,11.499
2026/04/29 15:45:39,905000,11.499
2026/04/29 15:45:39,906000,11.493
2026/04/29 15:45:39,907000,11.496
2026/04/29 15:45:39,908000,11.499
2026/04/29 15:45:39,909000,11.499
2026/04/29 15:45:39,910000,11.496
2026/04/29 15:45:39,911000,11.496
2026/04/29 15:45:39,912000,11.499
2026/04/29 15:45:39,913000,11.499
2026/04/29 15:45:39,914000,11.499
2026/04/29 15:45:39,915000,11.501
2026/04/29 15:45:39,916000,11.490
2026/04/29 15:45:39,917000,11.501
2026/04/29 15:45:39,918000,11.490
2026/04/29 15:45:39,919000,11.496
2026/04/29 15:45:39,920000,11.501
2026/04/29 15:45:39,921000,11.493
2026/04/29 15:45:39,922000,11.499
2026/04/29 15:45:39,923000,11.496
2026/04/29 15:45:39,924000,11.493
2026/04/29 15:45:39,925000,11.496
2026/04/29 15:45:39,926000,11.499
2026/04/29 15:45:39,927000,11.499
2026/04/29 15:45:39,928000,11.496
2026/04/29 15:45:39,929000,11.499
2026/04/29 15:45:39,930000,11.496
2026/04/29 15:45:39,931000,11.496
2026/04/29 15:45:39,932000,11.490
2026/04/29 15:45:39,933000,11.493
2026/04/29 15:45:39,934000,11.496
2026/04/29 15:45:39,935000,11.493
2026/04/29 15:45:39,936000,11.499
2026/04/29 15:45:39,937000,11.496
2026/04/29 15:45:39,938000,11.501
2026/04/29 15:45:39,939000,11.493
2026/04/29 15:45:39,940000,11.499
2026/04/29 15:45:39,941000,11.499
2026/04/29 15:45:39,942000,11.499
2026/04/29 15:45:39,943000,11.490
2026/04/29 15:45:39,944000,11.496
2026/04/29 15:45:39,945000,11.496
2026/04/29 15:45:39,946000,11.499
2026/04/29 15:45:39,947000,11.493
2026/04/29 15:45:39,948000,11.490
2026/04/29 15:45:39,949000,11.499
2026/04/29 15:45:39,950000,11.501
2026/04/29 15:45:39,951000,11.493
2026/04/29 15:45:39,952000,11.499
2026/04/29 15:45:39,953000,11.499
2026/04/29 15:45:39,954000,11.493
2026/04/29 15:45:39,955000,11.496
2026/04/29 15:45:39,956000,11.504
2026/04/29 15:45:39,957000,11.493
2026/04/29 15:45:39,958000,11.490
2026/04/29 15:45:39,959000,11.499
2026/04/29 15:45:39,960000,11.499
2026/04/29 15:45:39,961000,11.496
2026/04/29 15:45:39,962000,11.499
2026/04/29 15:45:39,963000,11.496
2026/04/29 15:45:39,964000,11.493
2026/04/29 15:45:39,965000,11.493
2026/04/29 15:45:39,966000,11.493
2026/04/29 15:45:39,967000,11.493
2026/04/29 15:45:39,968000,11.499
2026/04/29 15:45:39,969000,11.496
2026/04/29 15:45:39,970000,11.501
2026/04/29 15:45:39,971000,11.496
2026/04/29 15:45:39,972000,11.496
2026/04/29 15:45:39,973000,11.493
2026/04/29 15:45:39,974000,11.499
2026/04/29 15:45:39,975000,11.501
2026/04/29 15:45:39,976000,11.501
2026/04/29 15:45:39,977000,11.493
2026/04/29 15:45:39,978000,11.499
2026/04/29 15:45:39,979000,11.499
2026/04/29 15:45:39,980000,11.501
2026/04/29 15:45:39,981000,11.496
2026/04/29 15:45:39,982000,11.496
2026/04/29 15:45:39,983000,11.493
2026/04/29 15:45:39,984000,11.496
2026/04/29 15:45:39,985000,11.493
2026/04/29 15:45:39,986000,11.499
2026/04/29 15:45:39,987000,11.496
2026/04/29 15:45:39,988000,11.493
2026/04/29 15:45:39,989000,11.496
2026/04/29 15:45:39,990000,11.496
2026/04/29 15:45:39,991000,11.496
2026/04/29 15:45:39,992000,11.490
2026/04/29 15:45:39,993000,11.499
2026/04/29 15:45:39,994000,11.499
2026/04/29 15:45:39,995000,11.499
2026/04/29 15:45:39,996000,11.493
2026/04/29 15:45:39,997000,11.490
2026/04/29 15:45:39,998000,11.496
2026/04/29 15:45:39,999000,11.493
2026/04/29 15:45:40,000000,11.496
2026/04/29 15:45:40,001000,11.496
2026/04/29 15:45:40,002000,11.490
2026/04/29 15:45:40,003000,11.499
2026/04/29 15:45:40,004000,11.501
2026/04/29 15:45:40,005000,11.499
2026/04/29 15:45:40,006000,11.490
2026/04/29 15:45:40,007000,11.496
2026/04/29 15:45:40,008000,11.499
2026/04/29 15:45:40,009000,11.501
2026/04/29 15:45:40,010000,11.496
2026/04/29 15:45:40,011000,11.496
2026/04/29 15:45:40,012000,11.501
2026/04/29 15:45:40,013000,11.493
2026/04/29 15:45:40,014000,11.496
2026/04/29 15:45:40,015000,11.490
2026/04/29 15:45:40,016000,11.501
2026/04/29 15:45:40,017000,11.496
2026/04/29 15:45:40,018000,11.501
2026/04/29 15:45:40,019000,11.496
2026/04/29 15:45:40,020000,11.496
2026/04/29 15:45:40,021000,11.499
2026/04/29 15:45:40,022000,11.496
2026/04/29 15:45:40,023000,11.493
2026/04/29 15:45:40,024000,11.493
2026/04/29 15:45:40,025000,11.496
2026/04/29 15:45:40,026000,11.499
2026/04/29 15:45:40,027000,11.496
2026/04/29 15:45:40,028000,11.493
2026/04/29 15:45:40,029000,11.493
2026/04/29 15:45:40,030000,11.499
2026/04/29 15:45:40,031000,11.493
2026/04/29 15:45:40,032000,11.493
2026/04/29 15:45:40,033000,11.496
2026/04/29 15:45:40,034000,11.493
2026/04/29 15:45:40,035000,11.499
2026/04/29 15:45:40,036000,11.499
2026/04/29 15:45:40,037000,11.496
2026/04/29 15:45:40,038000,11.499
2026/04/29 15:45:40,039000,11.493
2026/04/29 15:45:40,040000,11.499
2026/04/29 15:45:40,041000,11.499
2026/04/29 15:45:40,042000,11.496
2026/04/29 15:45:40,043000,11.499
2026/04/29 15:45:40,044000,11.499
2026/04/29 15:45:40,045000,11.496
2026/04/29 15:45:40,046000,11.493
2026/04/29 15:45:40,047000,11.493
2026/04/29 15:45:40,048000,11.493
2026/04/29 15:45:40,049000,11.493
2026/04/29 15:45:40,050000,11.493
2026/04/29 15:45:40,051000,11.490
2026/04/29 15:45:40,052000,11.499
2026/04/29 15:45:40,053000,11.490
2026/04/29 15:45:40,054000,11.493
2026/04/29 15:45:40,055000,11.493
2026/04/29 15:45:40,056000,11.493
2026/04/29 15:45:40,057000,11.490
2026/04/29 15:45:40,058000,11.499
2026/04/29 15:45:40,059000,11.496
2026/04/29 15:45:40,060000,11.487
2026/04/29 15:45:40,061000,11.490
2026/04/29 15:45:40,062000,11.493
2026/04/29 15:45:40,063000,11.493
2026/04/29 15:45:40,064000,11.496
2026/04/29 15:45:40,065000,11.496
2026/04/29 15:45:40,066000,11.493
2026/04/29 15:45:40,067000,11.490
2026/04/29 15:45:40,068000,11.493
2026/04/29 15:45:40,069000,11.493
2026/04/29 15:45:40,070000,11.493
2026/04/29 15:45:40,071000,11.493
2026/04/29 15:45:40,072000,11.485
2026/04/29 15:45:40,073000,11.493
2026/04/29 15:45:40,074000,11.501
2026/04/29 15:45:40,075000,11.493
2026/04/29 15:45:40,076000,11.493
2026/04/29 15:45:40,077000,11.490
2026/04/29 15:45:40,078000,11.496
2026/04/29 15:45:40,079000,11.493
2026/04/29 15:45:40,080000,11.493
2026/04/29 15:45:40,081000,11.496
2026/04/29 15:45:40,082000,11.496
2026/04/29 15:45:40,083000,11.493
2026/04/29 15:45:40,084000,11.501
2026/04/29 15:45:40,085000,11.493
2026/04/29 15:45:40,086000,11.493
2026/04/29 15:45:40,087000,11.501
2026/04/29 15:45:40,088000,11.496
2026/04/29 15:45:40,089000,11.501
2026/04/29 15:45:40,090000,11.493
2026/04/29 15:45:40,091000,11.493
2026/04/29 15:45:40,092000,11.493
2026/04/29 15:45:40,093000,11.493
2026/04/29 15:45:40,094000,11.501
2026/04/29 15:45:40,095000,11.490
2026/04/29 15:45:40,096000,11.496
2026/04/29 15:45:40,097000,11.501
2026/04/29 15:45:40,098000,11.493
2026/04/29 15:45:40,099000,11.499
2026/04/29 15:45:40,100000,11.496
2026/04/29 15:45:40,101000,11.493
2026/04/29 15:45:40,102000,11.496
2026/04/29 15:45:40,103000,11.501
2026/04/29 15:45:40,104000,11.490
2026/04/29 15:45:40,105000,11.499
2026/04/29 15:45:40,106000,11.499
2026/04/29 15:45:40,107000,11.493
2026/04/29 15:45:40,108000,11.501
2026/04/29 15:45:40,109000,11.499
2026/04/29 15:45:40,110000,11.493
2026/04/29 15:45:40,111000,11.490
2026/04/29 15:45:40,112000,11.499
2026/04/29 15:45:40,113000,11.487
2026/04/29 15:45:40,114000,11.496
2026/04/29 15:45:40,115000,11.501
2026/04/29 15:45:40,116000,11.501
2026/04/29 15:45:40,117000,11.487
2026/04/29 15:45:40,118000,11.487
2026/04/29 15:45:40,119000,11.496
2026/04/29 15:45:40,120000,11.493
2026/04/29 15:45:40,121000,11.501
2026/04/29 15:45:40,122000,11.493
2026/04/29 15:45:40,123000,11.496
2026/04/29 15:45:40,124000,11.496
2026/04/29 15:45:40,125000,11.490
2026/04/29 15:45:40,126000,11.487
2026/04/29 15:45:40,127000,11.496
2026/04/29 15:45:40,128000,11.493
2026/04/29 15:45:40,129000,11.501
2026/04/29 15:45:40,130000,11.493
2026/04/29 15:45:40,131000,11.490
2026/04/29 15:45:40,132000,11.493
2026/04/29 15:45:40,133000,11.496
2026/04/29 15:45:40,134000,11.490
2026/04/29 15:45:40,135000,11.499
2026/04/29 15:45:40,136000,11.493
2026/04/29 15:45:40,137000,11.499
2026/04/29 15:45:40,138000,11.490
2026/04/29 15:45:40,139000,11.493
2026/04/29 15:45:40,140000,11.493
2026/04/29 15:45:40,141000,11.493
2026/04/29 15:45:40,142000,11.490
2026/04/29 15:45:40,143000,11.493
2026/04/29 15:45:40,144000,11.493
2026/04/29 15:45:40,145000,11.496
2026/04/29 15:45:40,146000,11.493
2026/04/29 15:45:40,147000,11.496
2026/04/29 15:45:40,148000,11.499
2026/04/29 15:45:40,149000,11.499
2026/04/29 15:45:40,150000,11.496
2026/04/29 15:45:40,151000,11.493
2026/04/29 15:45:40,152000,11.487
2026/04/29 15:45:40,153000,11.499
2026/04/29 15:45:40,154000,11.501
2026/04/29 15:45:40,155000,11.490
2026/04/29 15:45:40,156000,11.493
2026/04/29 15:45:40,157000,11.493
2026/04/29 15:45:40,158000,11.496
2026/04/29 15:45:40,159000,11.493
2026/04/29 15:45:40,160000,11.499
2026/04/29 15:45:40,161000,11.496
2026/04/29 15:45:40,162000,11.499
2026/04/29 15:45:40,163000,11.493
2026/04/29 15:45:40,164000,11.493
2026/04/29 15:45:40,165000,11.493
2026/04/29 15:45:40,166000,11.501
2026/04/29 15:45:40,167000,11.493
2026/04/29 15:45:40,168000,11.499
2026/04/29 15:45:40,169000,11.493
2026/04/29 15:45:40,170000,11.496
2026/04/29 15:45:40,171000,11.496
2026/04/29 15:45:40,172000,11.499
2026/04/29 15:45:40,173000,11.493
2026/04/29 15:45:40,174000,11.496
2026/04/29 15:45:40,175000,11.496
2026/04/29 15:45:40,176000,11.496
2026/04/29 15:45:40,177000,11.499
2026/04/29 15:45:40,178000,11.496
2026/04/29 15:45:40,179000,11.493
2026/04/29 15:45:40,180000,11.493
2026/04/29 15:45:40,181000,11.496
2026/04/29 15:45:40,182000,11.482
2026/04/29 15:45:40,183000,11.493
2026/04/29 15:45:40,184000,11.493
2026/04/29 15:45:40,185000,11.493
2026/04/29 15:45:40,186000,11.493
2026/04/29 15:45:40,187000,11.493
2026/04/29 15:45:40,188000,11.496
2026/04/29 15:45:40,189000,11.499
2026/04/29 15:45:40,190000,11.496
2026/04/29 15:45:40,191000,11.499
2026/04/29 15:45:40,192000,11.496
2026/04/29 15:45:40,193000,11.493
2026/04/29 15:45:40,194000,11.490
2026/04/29 15:45:40,195000,11.501
2026/04/29 15:45:40,196000,11.499
2026/04/29 15:45:40,197000,11.493
2026/04/29 15:45:40,198000,11.499
2026/04/29 15:45:40,199000,11.493
2026/04/29 15:45:40,200000,11.493
2026/04/29 15:45:40,201000,11.501
2026/04/29 15:45:40,202000,11.490
2026/04/29 15:45:40,203000,11.496
2026/04/29 15:45:40,204000,11.493
2026/04/29 15:45:40,205000,11.493
2026/04/29 15:45:40,206000,11.499
2026/04/29 15:45:40,207000,11.496
2026/04/29 15:45:40,208000,11.496
2026/04/29 15:45:40,209000,11.499
2026/04/29 15:45:40,210000,11.499
2026/04/29 15:45:40,211000,11.499
2026/04/29 15:45:40,212000,11.493
2026/04/29 15:45:40,213000,11.493
2026/04/29 15:45:40,214000,11.496
2026/04/29 15:45:40,215000,11.490
2026/04/29 15:45:40,216000,11.490
2026/04/29 15:45:40,217000,11.490
2026/04/29 15:45:40,218000,11.490
2026/04/29 15:45:40,219000,11.493
2026/04/29 15:45:40,220000,11.499
2026/04/29 15:45:40,221000,11.496
2026/04/29 15:45:40,222000,11.496
2026/04/29 15:45:40,223000,11.496
2026/04/29 15:45:40,224000,11.496
2026/04/29 15:45:40,225000,11.496
2026/04/29 15:45:40,226000,11.496
2026/04/29 15:45:40,227000,11.493
2026/04/29 15:45:40,228000,11.493
2026/04/29 15:45:40,229000,11.496
2026/04/29 15:45:40,230000,11.496
2026/04/29 15:45:40,231000,11.490
2026/04/29 15:45:40,232000,11.493
2026/04/29 15:45:40,233000,11.493
2026/04/29 15:45:40,234000,11.493
2026/04/29 15:45:40,235000,11.501
2026/04/29 15:45:40,236000,11.493
2026/04/29 15:45:40,237000,11.499
2026/04/29 15:45:40,238000,11.499
2026/04/29 15:45:40,239000,11.496
2026/04/29 15:45:40,240000,11.501
2026/04/29 15:45:40,241000,11.496
2026/04/29 15:45:40,242000,11.496
2026/04/29 15:45:40,243000,11.496
2026/04/29 15:45:40,244000,11.493
2026/04/29 15:45:40,245000,11.493
2026/04/29 15:45:40,246000,11.501
2026/04/29 15:45:40,247000,11.501
2026/04/29 15:45:40,248000,11.496
2026/04/29 15:45:40,249000,11.501
2026/04/29 15:45:40,250000,11.499
2026/04/29 15:45:40,251000,11.499
2026/04/29 15:45:40,252000,11.496
2026/04/29 15:45:40,253000,11.496
2026/04/29 15:45:40,254000,11.496
2026/04/29 15:45:40,255000,11.496
2026/04/29 15:45:40,256000,11.504
2026/04/29 15:45:40,257000,11.493
2026/04/29 15:45:40,258000,11.496
2026/04/29 15:45:40,259000,11.496
2026/04/29 15:45:40,260000,11.496
2026/04/29 15:45:40,261000,11.493
2026/04/29 15:45:40,262000,11.493
2026/04/29 15:45:40,263000,11.499
2026/04/29 15:45:40,264000,11.493
2026/04/29 15:45:40,265000,11.499
2026/04/29 15:45:40,266000,11.501
2026/04/29 15:45:40,267000,11.499
2026/04/29 15:45:40,268000,11.501
2026/04/29 15:45:40,269000,11.490
2026/04/29 15:45:40,270000,11.496
2026/04/29 15:45:40,271000,11.496
2026/04/29 15:45:40,272000,11.499
2026/04/29 15:45:40,273000,11.499
2026/04/29 15:45:40,274000,11.504
2026/04/29 15:45:40,275000,11.499
2026/04/29 15:45:40,276000,11.496
2026/04/29 15:45:40,277000,11.504
2026/04/29 15:45:40,278000,11.501
2026/04/29 15:45:40,279000,11.493
2026/04/29 15:45:40,280000,11.496
2026/04/29 15:45:40,281000,11.499
2026/04/29 15:45:40,282000,11.499
2026/04/29 15:45:40,283000,11.499
2026/04/29 15:45:40,284000,11.496
2026/04/29 15:45:40,285000,11.499
2026/04/29 15:45:40,286000,11.493
2026/04/29 15:45:40,287000,11.493
2026/04/29 15:45:40,288000,11.501
2026/04/29 15:45:40,289000,11.496
2026/04/29 15:45:40,290000,11.493
2026/04/29 15:45:40,291000,11.504
2026/04/29 15:45:40,292000,11.496
2026/04/29 15:45:40,293000,11.499
2026/04/29 15:45:40,294000,11.496
2026/04/29 15:45:40,295000,11.501
2026/04/29 15:45:40,296000,11.493
2026/04/29 15:45:40,297000,11.499
2026/04/29 15:45:40,298000,11.496
2026/04/29 15:45:40,299000,11.496
2026/04/29 15:45:40,300000,11.499
2026/04/29 15:45:40,301000,11.501
2026/04/29 15:45:40,302000,11.496
2026/04/29 15:45:40,303000,11.496
2026/04/29 15:45:40,304000,11.499
2026/04/29 15:45:40,305000,11.496
2026/04/29 15:45:40,306000,11.499
2026/04/29 15:45:40,307000,11.496
2026/04/29 15:45:40,308000,11.501
2026/04/29 15:45:40,309000,11.496
2026/04/29 15:45:40,310000,11.499
2026/04/29 15:45:40,311000,11.493
2026/04/29 15:45:40,312000,11.501
2026/04/29 15:45:40,313000,11.501
2026/04/29 15:45:40,314000,11.501
2026/04/29 15:45:40,315000,11.493
2026/04/29 15:45:40,316000,11.496
2026/04/29 15:45:40,317000,11.499
2026/04/29 15:45:40,318000,11.499
2026/04/29 15:45:40,319000,11.501
2026/04/29 15:45:40,320000,11.496
2026/04/29 15:45:40,321000,11.496
2026/04/29 15:45:40,322000,11.499
2026/04/29 15:45:40,323000,11.493
2026/04/29 15:45:40,324000,11.504
2026/04/29 15:45:40,325000,11.493
2026/04/29 15:45:40,326000,11.499
2026/04/29 15:45:40,327000,11.493
2026/04/29 15:45:40,328000,11.493
2026/04/29 15:45:40,329000,11.493
2026/04/29 15:45:40,330000,11.493
2026/04/29 15:45:40,331000,11.496
2026/04/29 15:45:40,332000,11.493
2026/04/29 15:45:40,333000,11.496
2026/04/29 15:45:40,334000,11.496
2026/04/29 15:45:40,335000,11.499
2026/04/29 15:45:40,336000,11.501
2026/04/29 15:45:40,337000,11.499
2026/04/29 15:45:40,338000,11.493
2026/04/29 15:45:40,339000,11.499
2026/04/29 15:45:40,340000,11.499
2026/04/29 15:45:40,341000,11.499
2026/04/29 15:45:40,342000,11.499
2026/04/29 15:45:40,343000,11.501
2026/04/29 15:45:40,344000,11.493
2026/04/29 15:45:40,345000,11.501
2026/04/29 15:45:40,346000,11.499
2026/04/29 15:45:40,347000,11.493
2026/04/29 15:45:40,348000,11.496
2026/04/29 15:45:40,349000,11.493
2026/04/29 15:45:40,350000,11.496
2026/04/29 15:45:40,351000,11.501
2026/04/29 15:45:40,352000,11.493
2026/04/29 15:45:40,353000,11.496
2026/04/29 15:45:40,354000,11.490
2026/04/29 15:45:40,355000,11.499
2026/04/29 15:45:40,356000,11.501
2026/04/29 15:45:40,357000,11.493
2026/04/29 15:45:40,358000,11.496
2026/04/29 15:45:40,359000,11.496
2026/04/29 15:45:40,360000,11.493
2026/04/29 15:45:40,361000,11.499
2026/04/29 15:45:40,362000,11.499
2026/04/29 15:45:40,363000,11.493
2026/04/29 15:45:40,364000,11.501
2026/04/29 15:45:40,365000,11.496
2026/04/29 15:45:40,366000,11.496
2026/04/29 15:45:40,367000,11.501
2026/04/29 15:45:40,368000,11.496
2026/04/29 15:45:40,369000,11.499
2026/04/29 15:45:40,370000,11.493
2026/04/29 15:45:40,371000,11.493
2026/04/29 15:45:40,372000,11.496
2026/04/29 15:45:40,373000,11.499
2026/04/29 15:45:40,374000,11.501
2026/04/29 15:45:40,375000,11.493
2026/04/29 15:45:40,376000,11.501
2026/04/29 15:45:40,377000,11.496
2026/04/29 15:45:40,378000,11.501
2026/04/29 15:45:40,379000,11.490
2026/04/29 15:45:40,380000,11.501
2026/04/29 15:45:40,381000,11.499
2026/04/29 15:45:40,382000,11.499
2026/04/29 15:45:40,383000,11.496
2026/04/29 15:45:40,384000,11.499
2026/04/29 15:45:40,385000,11.490
2026/04/29 15:45:40,386000,11.499
2026/04/29 15:45:40,387000,11.496
2026/04/29 15:45:40,388000,11.496
2026/04/29 15:45:40,389000,11.499
2026/04/29 15:45:40,390000,11.496
2026/04/29 15:45:40,391000,11.499
2026/04/29 15:45:40,392000,11.501
2026/04/29 15:45:40,393000,11.490
2026/04/29 15:45:40,394000,11.496
2026/04/29 15:45:40,395000,11.493
2026/04/29 15:45:40,396000,11.493
2026/04/29 15:45:40,397000,11.493
2026/04/29 15:45:40,398000,11.499
2026/04/29 15:45:40,399000,11.499
2026/04/29 15:45:40,400000,11.490
2026/04/29 15:45:40,401000,11.493
2026/04/29 15:45:40,402000,11.493
2026/04/29 15:45:40,403000,11.496
2026/04/29 15:45:40,404000,11.499
2026/04/29 15:45:40,405000,11.504
2026/04/29 15:45:40,406000,11.493
2026/04/29 15:45:40,407000,11.499
2026/04/29 15:45:40,408000,11.496
2026/04/29 15:45:40,409000,11.501
2026/04/29 15:45:40,410000,11.499
2026/04/29 15:45:40,411000,11.496
2026/04/29 15:45:40,412000,11.493
2026/04/29 15:45:40,413000,11.493
2026/04/29 15:45:40,414000,11.501
2026/04/29 15:45:40,415000,11.490
2026/04/29 15:45:40,416000,11.496
2026/04/29 15:45:40,417000,11.499
2026/04/29 15:45:40,418000,11.499
2026/04/29 15:45:40,419000,11.493
2026/04/29 15:45:40,420000,11.501
2026/04/29 15:45:40,421000,11.493
2026/04/29 15:45:40,422000,11.493
2026/04/29 15:45:40,423000,11.496
2026/04/29 15:45:40,424000,11.499
2026/04/29 15:45:40,425000,11.496
2026/04/29 15:45:40,426000,11.493
2026/04/29 15:45:40,427000,11.496
2026/04/29 15:45:40,428000,11.501
2026/04/29 15:45:40,429000,11.496
2026/04/29 15:45:40,430000,11.493
2026/04/29 15:45:40,431000,11.493
2026/04/29 15:45:40,432000,11.499
2026/04/29 15:45:40,433000,11.493
2026/04/29 15:45:40,434000,11.499
2026/04/29 15:45:40,435000,11.501
2026/04/29 15:45:40,436000,11.501
2026/04/29 15:45:40,437000,11.499
2026/04/29 15:45:40,438000,11.499
2026/04/29 15:45:40,439000,11.487
2026/04/29 15:45:40,440000,11.496
2026/04/29 15:45:40,441000,11.496
2026/04/29 15:45:40,442000,11.496
2026/04/29 15:45:40,443000,11.493
2026/04/29 15:45:40,444000,11.496
2026/04/29 15:45:40,445000,11.496
2026/04/29 15:45:40,446000,11.493
2026/04/29 15:45:40,447000,11.499
2026/04/29 15:45:40,448000,11.493
2026/04/29 15:45:40,449000,11.501
2026/04/29 15:45:40,450000,11.499
2026/04/29 15:45:40,451000,11.499
2026/04/29 15:45:40,452000,11.496
2026/04/29 15:45:40,453000,11.493
2026/04/29 15:45:40,454000,11.493
2026/04/29 15:45:40,455000,11.501
2026/04/29 15:45:40,456000,11.504
2026/04/29 15:45:40,457000,11.496
2026/04/29 15:45:40,458000,11.499
2026/04/29 15:45:40,459000,11.499
2026/04/29 15:45:40,460000,11.513
2026/04/29 15:45:40,461000,11.496
2026/04/29 15:45:40,462000,11.501
2026/04/29 15:45:40,463000,11.493
2026/04/29 15:45:40,464000,11.499
2026/04/29 15:45:40,465000,11.501
2026/04/29 15:45:40,466000,11.490
2026/04/29 15:45:40,467000,11.499
2026/04/29 15:45:40,468000,11.499
2026/04/29 15:45:40,469000,11.490
2026/04/29 15:45:40,470000,11.493
2026/04/29 15:45:40,471000,11.499
2026/04/29 15:45:40,472000,11.490
2026/04/29 15:45:40,473000,11.501
2026/04/29 15:45:40,474000,11.499
2026/04/29 15:45:40,475000,11.499
2026/04/29 15:45:40,476000,11.496
2026/04/29 15:45:40,477000,11.499
2026/04/29 15:45:40,478000,11.499
2026/04/29 15:45:40,479000,11.496
2026/04/29 15:45:40,480000,11.493
2026/04/29 15:45:40,481000,11.501
2026/04/29 15:45:40,482000,11.493
2026/04/29 15:45:40,483000,11.496
2026/04/29 15:45:40,484000,11.501
2026/04/29 15:45:40,485000,11.493
2026/04/29 15:45:40,486000,11.499
2026/04/29 15:45:40,487000,11.501
2026/04/29 15:45:40,488000,11.501
2026/04/29 15:45:40,489000,11.493
2026/04/29 15:45:40,490000,11.499
2026/04/29 15:45:40,491000,11.501
2026/04/29 15:45:40,492000,11.496
2026/04/29 15:45:40,493000,11.490
2026/04/29 15:45:40,494000,11.501
2026/04/29 15:45:40,495000,11.496
2026/04/29 15:45:40,496000,11.499
2026/04/29 15:45:40,497000,11.499
2026/04/29 15:45:40,498000,11.501
2026/04/29 15:45:40,499000,11.493
2026/04/29 15:45:40,500000,11.501
2026/04/29 15:45:40,501000,11.493
2026/04/29 15:45:40,502000,11.493
2026/04/29 15:45:40,503000,11.493
2026/04/29 15:45:40,504000,11.493
2026/04/29 15:45:40,505000,11.499
2026/04/29 15:45:40,506000,11.499
2026/04/29 15:45:40,507000,11.499
2026/04/29 15:45:40,508000,11.493
2026/04/29 15:45:40,509000,11.504
2026/04/29 15:45:40,510000,11.499
2026/04/29 15:45:40,511000,11.496
2026/04/29 15:45:40,512000,11.496
2026/04/29 15:45:40,513000,11.499
2026/04/29 15:45:40,514000,11.499
2026/04/29 15:45:40,515000,11.510
2026/04/29 15:45:40,516000,11.496
2026/04/29 15:45:40,517000,11.499
2026/04/29 15:45:40,518000,11.499
2026/04/29 15:45:40,519000,11.499
2026/04/29 15:45:40,520000,11.499
2026/04/29 15:45:40,521000,11.499
2026/04/29 15:45:40,522000,11.493
2026/04/29 15:45:40,523000,11.496
2026/04/29 15:45:40,524000,11.487
2026/04/29 15:45:40,525000,11.501
2026/04/29 15:45:40,526000,11.499
2026/04/29 15:45:40,527000,11.493
2026/04/29 15:45:40,528000,11.499
2026/04/29 15:45:40,529000,11.493
2026/04/29 15:45:40,530000,11.504
2026/04/29 15:45:40,531000,11.496
2026/04/29 15:45:40,532000,11.493
2026/04/29 15:45:40,533000,11.493
2026/04/29 15:45:40,534000,11.499
2026/04/29 15:45:40,535000,11.496
2026/04/29 15:45:40,536000,11.496
2026/04/29 15:45:40,537000,11.499
2026/04/29 15:45:40,538000,11.496
2026/04/29 15:45:40,539000,11.499
2026/04/29 15:45:40,540000,11.490
2026/04/29 15:45:40,541000,11.507
2026/04/29 15:45:40,542000,11.493
2026/04/29 15:45:40,543000,11.496
2026/04/29 15:45:40,544000,11.496
2026/04/29 15:45:40,545000,11.493
2026/04/29 15:45:40,546000,11.493
2026/04/29 15:45:40,547000,11.499
2026/04/29 15:45:40,548000,11.499
2026/04/29 15:45:40,549000,11.493
2026/04/29 15:45:40,550000,11.499
2026/04/29 15:45:40,551000,11.501
2026/04/29 15:45:40,552000,11.499
2026/04/29 15:45:40,553000,11.493
2026/04/29 15:45:40,554000,11.493
2026/04/29 15:45:40,555000,11.496
2026/04/29 15:45:40,556000,11.493
2026/04/29 15:45:40,557000,11.493
2026/04/29 15:45:40,558000,11.496
2026/04/29 15:45:40,559000,11.499
2026/04/29 15:45:40,560000,11.499
2026/04/29 15:45:40,561000,11.493
2026/04/29 15:45:40,562000,11.493
2026/04/29 15:45:40,563000,11.496
2026/04/29 15:45:40,564000,11.490
2026/04/29 15:45:40,565000,11.490
2026/04/29 15:45:40,566000,11.501
2026/04/29 15:45:40,567000,11.499
2026/04/29 15:45:40,568000,11.501
2026/04/29 15:45:40,569000,11.496
2026/04/29 15:45:40,570000,11.499
2026/04/29 15:45:40,571000,11.496
2026/04/29 15:45:40,572000,11.501
2026/04/29 15:45:40,573000,11.499
2026/04/29 15:45:40,574000,11.496
2026/04/29 15:45:40,575000,11.499
2026/04/29 15:45:40,576000,11.499
2026/04/29 15:45:40,577000,11.493
2026/04/29 15:45:40,578000,11.493
2026/04/29 15:45:40,579000,11.493
2026/04/29 15:45:40,580000,11.493
2026/04/29 15:45:40,581000,11.496
2026/04/29 15:45:40,582000,11.496
2026/04/29 15:45:40,583000,11.490
2026/04/29 15:45:40,584000,11.496
2026/04/29 15:45:40,585000,11.504
2026/04/29 15:45:40,586000,11.490
2026/04/29 15:45:40,587000,11.499
2026/04/29 15:45:40,588000,11.493
2026/04/29 15:45:40,589000,11.493
2026/04/29 15:45:40,590000,11.496
2026/04/29 15:45:40,591000,11.493
2026/04/29 15:45:40,592000,11.496
2026/04/29 15:45:40,593000,11.499
2026/04/29 15:45:40,594000,11.490
2026/04/29 15:45:40,595000,11.496
2026/04/29 15:45:40,596000,11.499
2026/04/29 15:45:40,597000,11.501
2026/04/29 15:45:40,598000,11.501
2026/04/29 15:45:40,599000,11.499
2026/04/29 15:45:40,600000,11.493
2026/04/29 15:45:40,601000,11.499
2026/04/29 15:45:40,602000,11.493
2026/04/29 15:45:40,603000,11.496
2026/04/29 15:45:40,604000,11.493
2026/04/29 15:45:40,605000,11.493
2026/04/29 15:45:40,606000,11.493
2026/04/29 15:45:40,607000,11.493
2026/04/29 15:45:40,608000,11.490
2026/04/29 15:45:40,609000,11.496
2026/04/29 15:45:40,610000,11.493
2026/04/29 15:45:40,611000,11.496
2026/04/29 15:45:40,612000,11.501
2026/04/29 15:45:40,613000,11.499
2026/04/29 15:45:40,614000,11.490
2026/04/29 15:45:40,615000,11.496
2026/04/29 15:45:40,616000,11.501
2026/04/29 15:45:40,617000,11.493
2026/04/29 15:45:40,618000,11.504
2026/04/29 15:45:40,619000,11.496
2026/04/29 15:45:40,620000,11.499
2026/04/29 15:45:40,621000,11.493
2026/04/29 15:45:40,622000,11.496
2026/04/29 15:45:40,623000,11.496
2026/04/29 15:45:40,624000,11.501
2026/04/29 15:45:40,625000,11.493
2026/04/29 15:45:40,626000,11.493
2026/04/29 15:45:40,627000,11.499
2026/04/29 15:45:40,628000,11.493
2026/04/29 15:45:40,629000,11.493
2026/04/29 15:45:40,630000,11.496
2026/04/29 15:45:40,631000,11.499
2026/04/29 15:45:40,632000,11.496
2026/04/29 15:45:40,633000,11.499
2026/04/29 15:45:40,634000,11.499
2026/04/29 15:45:40,635000,11.490
2026/04/29 15:45:40,636000,11.501
2026/04/29 15:45:40,637000,11.496
2026/04/29 15:45:40,638000,11.496
2026/04/29 15:45:40,639000,11.490
2026/04/29 15:45:40,640000,11.499
2026/04/29 15:45:40,641000,11.496
2026/04/29 15:45:40,642000,11.496
2026/04/29 15:45:40,643000,11.496
2026/04/29 15:45:40,644000,11.499
2026/04/29 15:45:40,645000,11.496
2026/04/29 15:45:40,646000,11.501
2026/04/29 15:45:40,647000,11.493
2026/04/29 15:45:40,648000,11.493
2026/04/29 15:45:40,649000,11.496
2026/04/29 15:45:40,650000,11.499
2026/04/29 15:45:40,651000,11.501
2026/04/29 15:45:40,652000,11.499
2026/04/29 15:45:40,653000,11.493
2026/04/29 15:45:40,654000,11.499
2026/04/29 15:45:40,655000,11.493
2026/04/29 15:45:40,656000,11.501
2026/04/29 15:45:40,657000,11.501
2026/04/29 15:45:40,658000,11.501
2026/04/29 15:45:40,659000,11.499
2026/04/29 15:45:40,660000,11.490
2026/04/29 15:45:40,661000,11.501
2026/04/29 15:45:40,662000,11.501
2026/04/29 15:45:40,663000,11.501
2026/04/29 15:45:40,664000,11.496
2026/04/29 15:45:40,665000,11.496
2026/04/29 15:45:40,666000,11.493
2026/04/29 15:45:40,667000,11.493
2026/04/29 15:45:40,668000,11.501
2026/04/29 15:45:40,669000,11.490
2026/04/29 15:45:40,670000,11.496
2026/04/29 15:45:40,671000,11.493
2026/04/29 15:45:40,672000,11.499
2026/04/29 15:45:40,673000,11.501
2026/04/29 15:45:40,674000,11.490
2026/04/29 15:45:40,675000,11.487
2026/04/29 15:45:40,676000,11.501
2026/04/29 15:45:40,677000,11.499
2026/04/29 15:45:40,678000,11.493
2026/04/29 15:45:40,679000,11.499
2026/04/29 15:45:40,680000,11.501
2026/04/29 15:45:40,681000,11.493
2026/04/29 15:45:40,682000,11.501
2026/04/29 15:45:40,683000,11.499
2026/04/29 15:45:40,684000,11.496
2026/04/29 15:45:40,685000,11.499
2026/04/29 15:45:40,686000,11.496
2026/04/29 15:45:40,687000,11.496
2026/04/29 15:45:40,688000,11.496
2026/04/29 15:45:40,689000,11.496
2026/04/29 15:45:40,690000,11.499
2026/04/29 15:45:40,691000,11.501
2026/04/29 15:45:40,692000,11.499
2026/04/29 15:45:40,693000,11.501
2026/04/29 15:45:40,694000,11.493
2026/04/29 15:45:40,695000,11.493
2026/04/29 15:45:40,696000,11.501
2026/04/29 15:45:40,697000,11.496
2026/04/29 15:45:40,698000,11.496
2026/04/29 15:45:40,699000,11.496
2026/04/29 15:45:40,700000,11.496
2026/04/29 15:45:40,701000,11.501
2026/04/29 15:45:40,702000,11.493
2026/04/29 15:45:40,703000,11.490
2026/04/29 15:45:40,704000,11.499
2026/04/29 15:45:40,705000,11.499
2026/04/29 15:45:40,706000,11.493
2026/04/29 15:45:40,707000,11.496
2026/04/29 15:45:40,708000,11.493
2026/04/29 15:45:40,709000,11.496
2026/04/29 15:45:40,710000,11.499
2026/04/29 15:45:40,711000,11.499
2026/04/29 15:45:40,712000,11.501
2026/04/29 15:45:40,713000,11.493
2026/04/29 15:45:40,714000,11.490
2026/04/29 15:45:40,715000,11.493
2026/04/29 15:45:40,716000,11.496
2026/04/29 15:45:40,717000,11.496
2026/04/29 15:45:40,718000,11.499
2026/04/29 15:45:40,719000,11.499
2026/04/29 15:45:40,720000,11.501
2026/04/29 15:45:40,721000,11.496
2026/04/29 15:45:40,722000,11.504
2026/04/29 15:45:40,723000,11.496
2026/04/29 15:45:40,724000,11.493
2026/04/29 15:45:40,725000,11.501
2026/04/29 15:45:40,726000,11.496
2026/04/29 15:45:40,727000,11.496
2026/04/29 15:45:40,728000,11.496
2026/04/29 15:45:40,729000,11.493
2026/04/29 15:45:40,730000,11.499
2026/04/29 15:45:40,731000,11.487
2026/04/29 15:45:40,732000,11.496
2026/04/29 15:45:40,733000,11.496
2026/04/29 15:45:40,734000,11.496
2026/04/29 15:45:40,735000,11.493
2026/04/29 15:45:40,736000,11.499
2026/04/29 15:45:40,737000,11.496
2026/04/29 15:45:40,738000,11.496
2026/04/29 15:45:40,739000,11.501
2026/04/29 15:45:40,740000,11.493
2026/04/29 15:45:40,741000,11.499
2026/04/29 15:45:40,742000,11.496
2026/04/29 15:45:40,743000,11.496
2026/04/29 15:45:40,744000,11.501
2026/04/29 15:45:40,745000,11.493
2026/04/29 15:45:40,746000,11.493
2026/04/29 15:45:40,747000,11.493
2026/04/29 15:45:40,748000,11.490
2026/04/29 15:45:40,749000,11.499
2026/04/29 15:45:40,750000,11.499
2026/04/29 15:45:40,751000,11.499
2026/04/29 15:45:40,752000,11.496
2026/04/29 15:45:40,753000,11.496
2026/04/29 15:45:40,754000,11.490
2026/04/29 15:45:40,755000,11.496
2026/04/29 15:45:40,756000,11.496
2026/04/29 15:45:40,757000,11.499
2026/04/29 15:45:40,758000,11.493
2026/04/29 15:45:40,759000,11.496
2026/04/29 15:45:40,760000,11.496
2026/04/29 15:45:40,761000,11.496
2026/04/29 15:45:40,762000,11.493
2026/04/29 15:45:40,763000,11.496
2026/04/29 15:45:40,764000,11.496
2026/04/29 15:45:40,765000,11.513
2026/04/29 15:45:40,766000,11.499
2026/04/29 15:45:40,767000,11.493
2026/04/29 15:45:40,768000,11.501
2026/04/29 15:45:40,769000,11.499
2026/04/29 15:45:40,770000,11.499
2026/04/29 15:45:40,771000,11.501
2026/04/29 15:45:40,772000,11.493
2026/04/29 15:45:40,773000,11.499
2026/04/29 15:45:40,774000,11.499
2026/04/29 15:45:40,775000,11.499
2026/04/29 15:45:40,776000,11.501
2026/04/29 15:45:40,777000,11.499
2026/04/29 15:45:40,778000,11.499
2026/04/29 15:45:40,779000,11.493
2026/04/29 15:45:40,780000,11.493
2026/04/29 15:45:40,781000,11.496
2026/04/29 15:45:40,782000,11.496
2026/04/29 15:45:40,783000,11.493
2026/04/29 15:45:40,784000,11.499
2026/04/29 15:45:40,785000,11.501
2026/04/29 15:45:40,786000,11.493
2026/04/29 15:45:40,787000,11.496
2026/04/29 15:45:40,788000,11.490
2026/04/29 15:45:40,789000,11.499
2026/04/29 15:45:40,790000,11.496
2026/04/29 15:45:40,791000,11.499
2026/04/29 15:45:40,792000,11.501
2026/04/29 15:45:40,793000,11.501
2026/04/29 15:45:40,794000,11.496
2026/04/29 15:45:40,795000,11.499
2026/04/29 15:45:40,796000,11.496
2026/04/29 15:45:40,797000,11.501
2026/04/29 15:45:40,798000,11.499
2026/04/29 15:45:40,799000,11.496
2026/04/29 15:45:40,800000,11.504
2026/04/29 15:45:40,801000,11.499
2026/04/29 15:45:40,802000,11.499
2026/04/29 15:45:40,803000,11.496
2026/04/29 15:45:40,804000,11.493
2026/04/29 15:45:40,805000,11.496
2026/04/29 15:45:40,806000,11.499
2026/04/29 15:45:40,807000,11.504
2026/04/29 15:45:40,808000,11.504
2026/04/29 15:45:40,809000,11.504
2026/04/29 15:45:40,810000,11.496
2026/04/29 15:45:40,811000,11.496
2026/04/29 15:45:40,812000,11.501
2026/04/29 15:45:40,813000,11.490
2026/04/29 15:45:40,814000,11.493
2026/04/29 15:45:40,815000,11.496
2026/04/29 15:45:40,816000,11.496
2026/04/29 15:45:40,817000,11.499
2026/04/29 15:45:40,818000,11.490
2026/04/29 15:45:40,819000,11.493
2026/04/29 15:45:40,820000,11.499
2026/04/29 15:45:40,821000,11.496
2026/04/29 15:45:40,822000,11.496
2026/04/29 15:45:40,823000,11.493
2026/04/29 15:45:40,824000,11.499
2026/04/29 15:45:40,825000,11.490
2026/04/29 15:45:40,826000,11.493
2026/04/29 15:45:40,827000,11.493
2026/04/29 15:45:40,828000,11.496
2026/04/29 15:45:40,829000,11.504
2026/04/29 15:45:40,830000,11.496
2026/04/29 15:45:40,831000,11.501
2026/04/29 15:45:40,832000,11.496
2026/04/29 15:45:40,833000,11.499
2026/04/29 15:45:40,834000,11.499
2026/04/29 15:45:40,835000,11.496
2026/04/29 15:45:40,836000,11.496
2026/04/29 15:45:40,837000,11.493
2026/04/29 15:45:40,838000,11.501
2026/04/29 15:45:40,839000,11.501
2026/04/29 15:45:40,840000,11.493
2026/04/29 15:45:40,841000,11.501
2026/04/29 15:45:40,842000,11.499
2026/04/29 15:45:40,843000,11.496
2026/04/29 15:45:40,844000,11.490
2026/04/29 15:45:40,845000,11.496
2026/04/29 15:45:40,846000,11.496
2026/04/29 15:45:40,847000,11.499
2026/04/29 15:45:40,848000,11.496
2026/04/29 15:45:40,849000,11.493
2026/04/29 15:45:40,850000,11.499
2026/04/29 15:45:40,851000,11.496
2026/04/29 15:45:40,852000,11.499
2026/04/29 15:45:40,853000,11.501
2026/04/29 15:45:40,854000,11.496
2026/04/29 15:45:40,855000,11.499
2026/04/29 15:45:40,856000,11.501
2026/04/29 15:45:40,857000,11.504
2026/04/29 15:45:40,858000,11.496
2026/04/29 15:45:40,859000,11.499
2026/04/29 15:45:40,860000,11.496
2026/04/29 15:45:40,861000,11.493
2026/04/29 15:45:40,862000,11.496
2026/04/29 15:45:40,863000,11.496
2026/04/29 15:45:40,864000,11.504
2026/04/29 15:45:40,865000,11.501
2026/04/29 15:45:40,866000,11.493
2026/04/29 15:45:40,867000,11.499
2026/04/29 15:45:40,868000,11.493
2026/04/29 15:45:40,869000,11.499
2026/04/29 15:45:40,870000,11.493
2026/04/29 15:45:40,871000,11.493
2026/04/29 15:45:40,872000,11.493
2026/04/29 15:45:40,873000,11.501
2026/04/29 15:45:40,874000,11.496
2026/04/29 15:45:40,875000,11.493
2026/04/29 15:45:40,876000,11.499
2026/04/29 15:45:40,877000,11.496
2026/04/29 15:45:40,878000,11.493
2026/04/29 15:45:40,879000,11.493
2026/04/29 15:45:40,880000,11.504
2026/04/29 15:45:40,881000,11.493
2026/04/29 15:45:40,882000,11.501
2026/04/29 15:45:40,883000,11.496
2026/04/29 15:45:40,884000,11.490
2026/04/29 15:45:40,885000,11.499
2026/04/29 15:45:40,886000,11.501
2026/04/29 15:45:40,887000,11.499
2026/04/29 15:45:40,888000,11.501
2026/04/29 15:45:40,889000,11.493
2026/04/29 15:45:40,890000,11.493
2026/04/29 15:45:40,891000,11.493
2026/04/29 15:45:40,892000,11.496
2026/04/29 15:45:40,893000,11.499
2026/04/29 15:45:40,894000,11.493
2026/04/29 15:45:40,895000,11.493
2026/04/29 15:45:40,896000,11.501
2026/04/29 15:45:40,897000,11.499
2026/04/29 15:45:40,898000,11.496
2026/04/29 15:45:40,899000,11.501
2026/04/29 15:45:40,900000,11.493
2026/04/29 15:45:40,901000,11.499
2026/04/29 15:45:40,902000,11.499
2026/04/29 15:45:40,903000,11.499
2026/04/29 15:45:40,904000,11.496
2026/04/29 15:45:40,905000,11.501
2026/04/29 15:45:40,906000,11.490
2026/04/29 15:45:40,907000,11.496
2026/04/29 15:45:40,908000,11.499
2026/04/29 15:45:40,909000,11.496
2026/04/29 15:45:40,910000,11.493
2026/04/29 15:45:40,911000,11.499
2026/04/29 15:45:40,912000,11.501
2026/04/29 15:45:40,913000,11.496
2026/04/29 15:45:40,914000,11.499
2026/04/29 15:45:40,915000,11.496
2026/04/29 15:45:40,916000,11.496
2026/04/29 15:45:40,917000,11.493
2026/04/29 15:45:40,918000,11.496
2026/04/29 15:45:40,919000,11.499
2026/04/29 15:45:40,920000,11.499
2026/04/29 15:45:40,921000,11.501
2026/04/29 15:45:40,922000,11.496
2026/04/29 15:45:40,923000,11.493
2026/04/29 15:45:40,924000,11.493
2026/04/29 15:45:40,925000,11.496
2026/04/29 15:45:40,926000,11.496
2026/04/29 15:45:40,927000,11.499
2026/04/29 15:45:40,928000,11.496
2026/04/29 15:45:40,929000,11.490
2026/04/29 15:45:40,930000,11.490
2026/04/29 15:45:40,931000,11.493
2026/04/29 15:45:40,932000,11.485
2026/04/29 15:45:40,933000,11.496
2026/04/29 15:45:40,934000,11.496
2026/04/29 15:45:40,935000,11.493
2026/04/29 15:45:40,936000,11.493
2026/04/29 15:45:40,937000,11.490
2026/04/29 15:45:40,938000,11.499
2026/04/29 15:45:40,939000,11.499
2026/04/29 15:45:40,940000,11.496
2026/04/29 15:45:40,941000,11.493
2026/04/29 15:45:40,942000,11.496
2026/04/29 15:45:40,943000,11.493
2026/04/29 15:45:40,944000,11.490
2026/04/29 15:45:40,945000,11.490
2026/04/29 15:45:40,946000,11.496
2026/04/29 15:45:40,947000,11.499
2026/04/29 15:45:40,948000,11.499
2026/04/29 15:45:40,949000,11.499
2026/04/29 15:45:40,950000,11.496
2026/04/29 15:45:40,951000,11.499
2026/04/29 15:45:40,952000,11.499
2026/04/29 15:45:40,953000,11.496
2026/04/29 15:45:40,954000,11.504
2026/04/29 15:45:40,955000,11.493
2026/04/29 15:45:40,956000,11.499
2026/04/29 15:45:40,957000,11.499
2026/04/29 15:45:40,958000,11.499
2026/04/29 15:45:40,959000,11.496
2026/04/29 15:45:40,960000,11.493
2026/04/29 15:45:40,961000,11.504
2026/04/29 15:45:40,962000,11.501
2026/04/29 15:45:40,963000,11.490
2026/04/29 15:45:40,964000,11.496
2026/04/29 15:45:40,965000,11.493
2026/04/29 15:45:40,966000,11.507
2026/04/29 15:45:40,967000,11.501
2026/04/29 15:45:40,968000,11.501
2026/04/29 15:45:40,969000,11.496
2026/04/29 15:45:40,970000,11.496
2026/04/29 15:45:40,971000,11.496
2026/04/29 15:45:40,972000,11.493
2026/04/29 15:45:40,973000,11.496
2026/04/29 15:45:40,974000,11.499
2026/04/29 15:45:40,975000,11.501
2026/04/29 15:45:40,976000,11.493
2026/04/29 15:45:40,977000,11.499
2026/04/29 15:45:40,978000,11.501
2026/04/29 15:45:40,979000,11.499
2026/04/29 15:45:40,980000,11.496
2026/04/29 15:45:40,981000,11.493
2026/04/29 15:45:40,982000,11.493
2026/04/29 15:45:40,983000,11.490
2026/04/29 15:45:40,984000,11.496
2026/04/29 15:45:40,985000,11.499
2026/04/29 15:45:40,986000,11.496
2026/04/29 15:45:40,987000,11.501
2026/04/29 15:45:40,988000,11.490
2026/04/29 15:45:40,989000,11.501
2026/04/29 15:45:40,990000,11.496
2026/04/29 15:45:40,991000,11.499
2026/04/29 15:45:40,992000,11.493
2026/04/29 15:45:40,993000,11.493
2026/04/29 15:45:40,994000,11.501
2026/04/29 15:45:40,995000,11.496
2026/04/29 15:45:40,996000,11.496
2026/04/29 15:45:40,997000,11.501
2026/04/29 15:45:40,998000,11.499
2026/04/29 15:45:40,999000,11.493
2026/04/29 15:45:41,000000,11.496
2026/04/29 15:45:41,001000,11.496
2026/04/29 15:45:41,002000,11.493
2026/04/29 15:45:41,003000,11.504
2026/04/29 15:45:41,004000,11.493
2026/04/29 15:45:41,005000,11.493
2026/04/29 15:45:41,006000,11.493
2026/04/29 15:45:41,007000,11.493
2026/04/29 15:45:41,008000,11.493
2026/04/29 15:45:41,009000,11.493
2026/04/29 15:45:41,010000,11.490
2026/04/29 15:45:41,011000,11.501
2026/04/29 15:45:41,012000,11.496
2026/04/29 15:45:41,013000,11.499
2026/04/29 15:45:41,014000,11.490
2026/04/29 15:45:41,015000,11.490
2026/04/29 15:45:41,016000,11.493
2026/04/29 15:45:41,017000,11.490
2026/04/29 15:45:41,018000,11.499
2026/04/29 15:45:41,019000,11.496
2026/04/29 15:45:41,020000,11.499
2026/04/29 15:45:41,021000,11.493
2026/04/29 15:45:41,022000,11.493
2026/04/29 15:45:41,023000,11.496
2026/04/29 15:45:41,024000,11.490
2026/04/29 15:45:41,025000,11.499
2026/04/29 15:45:41,026000,11.493
2026/04/29 15:45:41,027000,11.504
2026/04/29 15:45:41,028000,11.504
2026/04/29 15:45:41,029000,11.490
2026/04/29 15:45:41,030000,11.496
2026/04/29 15:45:41,031000,11.493
2026/04/29 15:45:41,032000,11.501
2026/04/29 15:45:41,033000,11.499
2026/04/29 15:45:41,034000,11.499
2026/04/29 15:45:41,035000,11.501
2026/04/29 15:45:41,036000,11.499
2026/04/29 15:45:41,037000,11.496
2026/04/29 15:45:41,038000,11.496
2026/04/29 15:45:41,039000,11.493
2026/04/29 15:45:41,040000,11.493
2026/04/29 15:45:41,041000,11.499
2026/04/29 15:45:41,042000,11.499
2026/04/29 15:45:41,043000,11.496
2026/04/29 15:45:41,044000,11.496
2026/04/29 15:45:41,045000,11.496
2026/04/29 15:45:41,046000,11.496
2026/04/29 15:45:41,047000,11.490
2026/04/29 15:45:41,048000,11.490
2026/04/29 15:45:41,049000,11.499
2026/04/29 15:45:41,050000,11.496
2026/04/29 15:45:41,051000,11.493
2026/04/29 15:45:41,052000,11.493
2026/04/29 15:45:41,053000,11.490
2026/04/29 15:45:41,054000,11.501
2026/04/29 15:45:41,055000,11.490
2026/04/29 15:45:41,056000,11.490
2026/04/29 15:45:41,057000,11.490
2026/04/29 15:45:41,058000,11.499
2026/04/29 15:45:41,059000,11.490
2026/04/29 15:45:41,060000,11.490
2026/04/29 15:45:41,061000,11.493
2026/04/29 15:45:41,062000,11.499
2026/04/29 15:45:41,063000,11.499
2026/04/29 15:45:41,064000,11.499
2026/04/29 15:45:41,065000,11.490
2026/04/29 15:45:41,066000,11.496
2026/04/29 15:45:41,067000,11.493
2026/04/29 15:45:41,068000,11.490
2026/04/29 15:45:41,069000,11.499
2026/04/29 15:45:41,070000,11.501
2026/04/29 15:45:41,071000,11.493
2026/04/29 15:45:41,072000,11.493
2026/04/29 15:45:41,073000,11.496
2026/04/29 15:45:41,074000,11.499
2026/04/29 15:45:41,075000,11.493
2026/04/29 15:45:41,076000,11.493
2026/04/29 15:45:41,077000,11.496
2026/04/29 15:45:41,078000,11.496
2026/04/29 15:45:41,079000,11.501
2026/04/29 15:45:41,080000,11.499
2026/04/29 15:45:41,081000,11.501
2026/04/29 15:45:41,082000,11.493
2026/04/29 15:45:41,083000,11.499
2026/04/29 15:45:41,084000,11.493
2026/04/29 15:45:41,085000,11.493
2026/04/29 15:45:41,086000,11.493
2026/04/29 15:45:41,087000,11.499
2026/04/29 15:45:41,088000,11.493
2026/04/29 15:45:41,089000,11.490
2026/04/29 15:45:41,090000,11.499
2026/04/29 15:45:41,091000,11.496
2026/04/29 15:45:41,092000,11.496
2026/04/29 15:45:41,093000,11.499
2026/04/29 15:45:41,094000,11.496
2026/04/29 15:45:41,095000,11.499
2026/04/29 15:45:41,096000,11.493
2026/04/29 15:45:41,097000,11.501
2026/04/29 15:45:41,098000,11.496
2026/04/29 15:45:41,099000,11.499
2026/04/29 15:45:41,100000,11.493
2026/04/29 15:45:41,101000,11.499
2026/04/29 15:45:41,102000,11.490
2026/04/29 15:45:41,103000,11.493
2026/04/29 15:45:41,104000,11.496
2026/04/29 15:45:41,105000,11.499
2026/04/29 15:45:41,106000,11.499
2026/04/29 15:45:41,107000,11.496
2026/04/29 15:45:41,108000,11.493
2026/04/29 15:45:41,109000,11.493
2026/04/29 15:45:41,110000,11.493
2026/04/29 15:45:41,111000,11.496
2026/04/29 15:45:41,112000,11.496
2026/04/29 15:45:41,113000,11.493
2026/04/29 15:45:41,114000,11.490
2026/04/29 15:45:41,115000,11.499
2026/04/29 15:45:41,116000,11.499
2026/04/29 15:45:41,117000,11.493
2026/04/29 15:45:41,118000,11.496
2026/04/29 15:45:41,119000,11.490
2026/04/29 15:45:41,120000,11.496
2026/04/29 15:45:41,121000,11.496
2026/04/29 15:45:41,122000,11.496
2026/04/29 15:45:41,123000,11.496
2026/04/29 15:45:41,124000,11.499
2026/04/29 15:45:41,125000,11.496
2026/04/29 15:45:41,126000,11.496
2026/04/29 15:45:41,127000,11.499
2026/04/29 15:45:41,128000,11.501
2026/04/29 15:45:41,129000,11.496
2026/04/29 15:45:41,130000,11.504
2026/04/29 15:45:41,131000,11.504
2026/04/29 15:45:41,132000,11.499
2026/04/29 15:45:41,133000,11.499
2026/04/29 15:45:41,134000,11.499
2026/04/29 15:45:41,135000,11.501
2026/04/29 15:45:41,136000,11.493
2026/04/29 15:45:41,137000,11.499
2026/04/29 15:45:41,138000,11.499
2026/04/29 15:45:41,139000,11.499
2026/04/29 15:45:41,140000,11.501
2026/04/29 15:45:41,141000,11.493
2026/04/29 15:45:41,142000,11.493
2026/04/29 15:45:41,143000,11.499
2026/04/29 15:45:41,144000,11.493
2026/04/29 15:45:41,145000,11.499
2026/04/29 15:45:41,146000,11.499
2026/04/29 15:45:41,147000,11.496
2026/04/29 15:45:41,148000,11.496
2026/04/29 15:45:41,149000,11.493
2026/04/29 15:45:41,150000,11.501
2026/04/29 15:45:41,151000,11.501
2026/04/29 15:45:41,152000,11.499
2026/04/29 15:45:41,153000,11.499
2026/04/29 15:45:41,154000,11.493
2026/04/29 15:45:41,155000,11.499
2026/04/29 15:45:41,156000,11.490
2026/04/29 15:45:41,157000,11.501
2026/04/29 15:45:41,158000,11.496
2026/04/29 15:45:41,159000,11.501
2026/04/29 15:45:41,160000,11.501
2026/04/29 15:45:41,161000,11.493
2026/04/29 15:45:41,162000,11.499
2026/04/29 15:45:41,163000,11.501
2026/04/29 15:45:41,164000,11.501
2026/04/29 15:45:41,165000,11.493
2026/04/29 15:45:41,166000,11.499
2026/04/29 15:45:41,167000,11.499
2026/04/29 15:45:41,168000,11.496
2026/04/29 15:45:41,169000,11.496
2026/04/29 15:45:41,170000,11.496
2026/04/29 15:45:41,171000,11.496
2026/04/29 15:45:41,172000,11.499
2026/04/29 15:45:41,173000,11.499
2026/04/29 15:45:41,174000,11.496
2026/04/29 15:45:41,175000,11.493
2026/04/29 15:45:41,176000,11.499
2026/04/29 15:45:41,177000,11.499
2026/04/29 15:45:41,178000,11.496
2026/04/29 15:45:41,179000,11.493
2026/04/29 15:45:41,180000,11.493
2026/04/29 15:45:41,181000,11.499
2026/04/29 15:45:41,182000,11.499
2026/04/29 15:45:41,183000,11.499
2026/04/29 15:45:41,184000,11.499
2026/04/29 15:45:41,185000,11.493
2026/04/29 15:45:41,186000,11.493
2026/04/29 15:45:41,187000,11.501
2026/04/29 15:45:41,188000,11.499
2026/04/29 15:45:41,189000,11.499
2026/04/29 15:45:41,190000,11.499
2026/04/29 15:45:41,191000,11.496
2026/04/29 15:45:41,192000,11.493
2026/04/29 15:45:41,193000,11.493
2026/04/29 15:45:41,194000,11.490
2026/04/29 15:45:41,195000,11.499
2026/04/29 15:45:41,196000,11.493
2026/04/29 15:45:41,197000,11.499
2026/04/29 15:45:41,198000,11.499
2026/04/29 15:45:41,199000,11.496
2026/04/29 15:45:41,200000,11.496
2026/04/29 15:45:41,201000,11.499
2026/04/29 15:45:41,202000,11.496
2026/04/29 15:45:41,203000,11.501
2026/04/29 15:45:41,204000,11.501
2026/04/29 15:45:41,205000,11.504
2026/04/29 15:45:41,206000,11.496
2026/04/29 15:45:41,207000,11.496
2026/04/29 15:45:41,208000,11.493
2026/04/29 15:45:41,209000,11.493
2026/04/29 15:45:41,210000,11.499
2026/04/29 15:45:41,211000,11.499
2026/04/29 15:45:41,212000,11.493
2026/04/29 15:45:41,213000,11.493
2026/04/29 15:45:41,214000,11.499
2026/04/29 15:45:41,215000,11.499
2026/04/29 15:45:41,216000,11.501
2026/04/29 15:45:41,217000,11.496
2026/04/29 15:45:41,218000,11.499
2026/04/29 15:45:41,219000,11.493
2026/04/29 15:45:41,220000,11.499
2026/04/29 15:45:41,221000,11.501
2026/04/29 15:45:41,222000,11.496
2026/04/29 15:45:41,223000,11.499
2026/04/29 15:45:41,224000,11.496
2026/04/29 15:45:41,225000,11.499
2026/04/29 15:45:41,226000,11.496
2026/04/29 15:45:41,227000,11.501
2026/04/29 15:45:41,228000,11.496
2026/04/29 15:45:41,229000,11.493
2026/04/29 15:45:41,230000,11.501
2026/04/29 15:45:41,231000,11.496
2026/04/29 15:45:41,232000,11.501
2026/04/29 15:45:41,233000,11.490
2026/04/29 15:45:41,234000,11.493
2026/04/29 15:45:41,235000,11.499
2026/04/29 15:45:41,236000,11.493
2026/04/29 15:45:41,237000,11.496
2026/04/29 15:45:41,238000,11.493
2026/04/29 15:45:41,239000,11.493
2026/04/29 15:45:41,240000,11.499
2026/04/29 15:45:41,241000,11.496
2026/04/29 15:45:41,242000,11.487
2026/04/29 15:45:41,243000,11.493
2026/04/29 15:45:41,244000,11.493
2026/04/29 15:45:41,245000,11.499
2026/04/29 15:45:41,246000,11.504
2026/04/29 15:45:41,247000,11.493
2026/04/29 15:45:41,248000,11.501
2026/04/29 15:45:41,249000,11.496
2026/04/29 15:45:41,250000,11.496
2026/04/29 15:45:41,251000,11.499
2026/04/29 15:45:41,252000,11.496
2026/04/29 15:45:41,253000,11.499
2026/04/29 15:45:41,254000,11.490
2026/04/29 15:45:41,255000,11.499
2026/04/29 15:45:41,256000,11.493
2026/04/29 15:45:41,257000,11.493
2026/04/29 15:45:41,258000,11.496
2026/04/29 15:45:41,259000,11.496
2026/04/29 15:45:41,260000,11.493
2026/04/29 15:45:41,261000,11.501
2026/04/29 15:45:41,262000,11.490
2026/04/29 15:45:41,263000,11.501
2026/04/29 15:45:41,264000,11.499
2026/04/29 15:45:41,265000,11.507
2026/04/29 15:45:41,266000,11.496
2026/04/29 15:45:41,267000,11.496
2026/04/29 15:45:41,268000,11.490
2026/04/29 15:45:41,269000,11.501
2026/04/29 15:45:41,270000,11.493
2026/04/29 15:45:41,271000,11.499
2026/04/29 15:45:41,272000,11.496
2026/04/29 15:45:41,273000,11.493
2026/04/29 15:45:41,274000,11.493
2026/04/29 15:45:41,275000,11.501
2026/04/29 15:45:41,276000,11.499
2026/04/29 15:45:41,277000,11.496
2026/04/29 15:45:41,278000,11.499
2026/04/29 15:45:41,279000,11.501
2026/04/29 15:45:41,280000,11.501
2026/04/29 15:45:41,281000,11.496
2026/04/29 15:45:41,282000,11.493
2026/04/29 15:45:41,283000,11.499
2026/04/29 15:45:41,284000,11.493
2026/04/29 15:45:41,285000,11.493
2026/04/29 15:45:41,286000,11.496
2026/04/29 15:45:41,287000,11.499
2026/04/29 15:45:41,288000,11.507
2026/04/29 15:45:41,289000,11.499
2026/04/29 15:45:41,290000,11.501
2026/04/29 15:45:41,291000,11.499
2026/04/29 15:45:41,292000,11.493
2026/04/29 15:45:41,293000,11.499
2026/04/29 15:45:41,294000,11.499
2026/04/29 15:45:41,295000,11.499
2026/04/29 15:45:41,296000,11.499
2026/04/29 15:45:41,297000,11.499
2026/04/29 15:45:41,298000,11.499
2026/04/29 15:45:41,299000,11.496
2026/04/29 15:45:41,300000,11.501
2026/04/29 15:45:41,301000,11.496
2026/04/29 15:45:41,302000,11.496
2026/04/29 15:45:41,303000,11.493
2026/04/29 15:45:41,304000,11.499
2026/04/29 15:45:41,305000,11.499
2026/04/29 15:45:41,306000,11.496
2026/04/29 15:45:41,307000,11.501
2026/04/29 15:45:41,308000,11.501
2026/04/29 15:45:41,309000,11.493
2026/04/29 15:45:41,310000,11.496
2026/04/29 15:45:41,311000,11.499
2026/04/29 15:45:41,312000,11.493
2026/04/29 15:45:41,313000,11.499
2026/04/29 15:45:41,314000,11.496
2026/04/29 15:45:41,315000,11.499
2026/04/29 15:45:41,316000,11.493
2026/04/29 15:45:41,317000,11.499
2026/04/29 15:45:41,318000,11.493
2026/04/29 15:45:41,319000,11.504
2026/04/29 15:45:41,320000,11.501
2026/04/29 15:45:41,321000,11.496
2026/04/29 15:45:41,322000,11.501
2026/04/29 15:45:41,323000,11.501
2026/04/29 15:45:41,324000,11.496
2026/04/29 15:45:41,325000,11.504
2026/04/29 15:45:41,326000,11.493
2026/04/29 15:45:41,327000,11.499
2026/04/29 15:45:41,328000,11.490
2026/04/29 15:45:41,329000,11.501
2026/04/29 15:45:41,330000,11.499
2026/04/29 15:45:41,331000,11.496
2026/04/29 15:45:41,332000,11.493
2026/04/29 15:45:41,333000,11.496
2026/04/29 15:45:41,334000,11.499
2026/04/29 15:45:41,335000,11.493
2026/04/29 15:45:41,336000,11.501
2026/04/29 15:45:41,337000,11.499
2026/04/29 15:45:41,338000,11.499
2026/04/29 15:45:41,339000,11.499
2026/04/29 15:45:41,340000,11.499
2026/04/29 15:45:41,341000,11.496
2026/04/29 15:45:41,342000,11.496
2026/04/29 15:45:41,343000,11.499
2026/04/29 15:45:41,344000,11.499
2026/04/29 15:45:41,345000,11.501
2026/04/29 15:45:41,346000,11.496
2026/04/29 15:45:41,347000,11.499
2026/04/29 15:45:41,348000,11.501
2026/04/29 15:45:41,349000,11.493
2026/04/29 15:45:41,350000,11.499
2026/04/29 15:45:41,351000,11.501
2026/04/29 15:45:41,352000,11.496
2026/04/29 15:45:41,353000,11.496
2026/04/29 15:45:41,354000,11.493
2026/04/29 15:45:41,355000,11.493
2026/04/29 15:45:41,356000,11.496
2026/04/29 15:45:41,357000,11.493
2026/04/29 15:45:41,358000,11.499
2026/04/29 15:45:41,359000,11.496
2026/04/29 15:45:41,360000,11.496
2026/04/29 15:45:41,361000,11.493
2026/04/29 15:45:41,362000,11.499
2026/04/29 15:45:41,363000,11.499
2026/04/29 15:45:41,364000,11.493
2026/04/29 15:45:41,365000,11.499
2026/04/29 15:45:41,366000,11.501
2026/04/29 15:45:41,367000,11.499
2026/04/29 15:45:41,368000,11.501
2026/04/29 15:45:41,369000,11.493
2026/04/29 15:45:41,370000,11.496
2026/04/29 15:45:41,371000,11.501
2026/04/29 15:45:41,372000,11.496
2026/04/29 15:45:41,373000,11.499
2026/04/29 15:45:41,374000,11.499
2026/04/29 15:45:41,375000,11.499
2026/04/29 15:45:41,376000,11.493
2026/04/29 15:45:41,377000,11.496
2026/04/29 15:45:41,378000,11.501
2026/04/29 15:45:41,379000,11.501
2026/04/29 15:45:41,380000,11.493
2026/04/29 15:45:41,381000,11.501
2026/04/29 15:45:41,382000,11.496
2026/04/29 15:45:41,383000,11.499
2026/04/29 15:45:41,384000,11.496
2026/04/29 15:45:41,385000,11.501
2026/04/29 15:45:41,386000,11.499
2026/04/29 15:45:41,387000,11.501
2026/04/29 15:45:41,388000,11.499
2026/04/29 15:45:41,389000,11.499
2026/04/29 15:45:41,390000,11.504
2026/04/29 15:45:41,391000,11.493
2026/04/29 15:45:41,392000,11.496
2026/04/29 15:45:41,393000,11.493
2026/04/29 15:45:41,394000,11.496
2026/04/29 15:45:41,395000,11.496
2026/04/29 15:45:41,396000,11.501
2026/04/29 15:45:41,397000,11.499
2026/04/29 15:45:41,398000,11.501
2026/04/29 15:45:41,399000,11.496
2026/04/29 15:45:41,400000,11.493
2026/04/29 15:45:41,401000,11.499
2026/04/29 15:45:41,402000,11.496
2026/04/29 15:45:41,403000,11.496
2026/04/29 15:45:41,404000,11.493
2026/04/29 15:45:41,405000,11.493
2026/04/29 15:45:41,406000,11.499
2026/04/29 15:45:41,407000,11.499
2026/04/29 15:45:41,408000,11.499
2026/04/29 15:45:41,409000,11.493
2026/04/29 15:45:41,410000,11.496
2026/04/29 15:45:41,411000,11.496
2026/04/29 15:45:41,412000,11.496
2026/04/29 15:45:41,413000,11.493
2026/04/29 15:45:41,414000,11.493
2026/04/29 15:45:41,415000,11.493
2026/04/29 15:45:41,416000,11.496
2026/04/29 15:45:41,417000,11.499
2026/04/29 15:45:41,418000,11.496
2026/04/29 15:45:41,419000,11.504
2026/04/29 15:45:41,420000,11.499
2026/04/29 15:45:41,421000,11.496
2026/04/29 15:45:41,422000,11.496
2026/04/29 15:45:41,423000,11.493
2026/04/29 15:45:41,424000,11.501
2026/04/29 15:45:41,425000,11.493
2026/04/29 15:45:41,426000,11.496
2026/04/29 15:45:41,427000,11.501
2026/04/29 15:45:41,428000,11.499
2026/04/29 15:45:41,429000,11.496
2026/04/29 15:45:41,430000,11.496
2026/04/29 15:45:41,431000,11.499
2026/04/29 15:45:41,432000,11.496
2026/04/29 15:45:41,433000,11.510
2026/04/29 15:45:41,434000,11.493
2026/04/29 15:45:41,435000,11.504
2026/04/29 15:45:41,436000,11.501
2026/04/29 15:45:41,437000,11.499
2026/04/29 15:45:41,438000,11.496
2026/04/29 15:45:41,439000,11.493
2026/04/29 15:45:41,440000,11.493
2026/04/29 15:45:41,441000,11.496
2026/04/29 15:45:41,442000,11.501
2026/04/29 15:45:41,443000,11.496
2026/04/29 15:45:41,444000,11.499
2026/04/29 15:45:41,445000,11.499
2026/04/29 15:45:41,446000,11.499
2026/04/29 15:45:41,447000,11.501
2026/04/29 15:45:41,448000,11.499
2026/04/29 15:45:41,449000,11.499
2026/04/29 15:45:41,450000,11.499
2026/04/29 15:45:41,451000,11.493
2026/04/29 15:45:41,452000,11.501
2026/04/29 15:45:41,453000,11.501
2026/04/29 15:45:41,454000,11.496
2026/04/29 15:45:41,455000,11.501
2026/04/29 15:45:41,456000,11.501
2026/04/29 15:45:41,457000,11.499
2026/04/29 15:45:41,458000,11.496
2026/04/29 15:45:41,459000,11.501
2026/04/29 15:45:41,460000,11.496
2026/04/29 15:45:41,461000,11.493
2026/04/29 15:45:41,462000,11.496
2026/04/29 15:45:41,463000,11.499
2026/04/29 15:45:41,464000,11.496
2026/04/29 15:45:41,465000,11.493
2026/04/29 15:45:41,466000,11.501
2026/04/29 15:45:41,467000,11.493
2026/04/29 15:45:41,468000,11.501
2026/04/29 15:45:41,469000,11.493
2026/04/29 15:45:41,470000,11.499
2026/04/29 15:45:41,471000,11.501
2026/04/29 15:45:41,472000,11.501
2026/04/29 15:45:41,473000,11.496
2026/04/29 15:45:41,474000,11.499
2026/04/29 15:45:41,475000,11.493
2026/04/29 15:45:41,476000,11.504
2026/04/29 15:45:41,477000,11.504
2026/04/29 15:45:41,478000,11.499
2026/04/29 15:45:41,479000,11.501
2026/04/29 15:45:41,480000,11.496
2026/04/29 15:45:41,481000,11.499
2026/04/29 15:45:41,482000,11.499
2026/04/29 15:45:41,483000,11.499
2026/04/29 15:45:41,484000,11.496
2026/04/29 15:45:41,485000,11.501
2026/04/29 15:45:41,486000,11.496
2026/04/29 15:45:41,487000,11.499
2026/04/29 15:45:41,488000,11.501
2026/04/29 15:45:41,489000,11.493
2026/04/29 15:45:41,490000,11.493
2026/04/29 15:45:41,491000,11.496
2026/04/29 15:45:41,492000,11.493
2026/04/29 15:45:41,493000,11.499
2026/04/29 15:45:41,494000,11.501
2026/04/29 15:45:41,495000,11.493
2026/04/29 15:45:41,496000,11.501
2026/04/29 15:45:41,497000,11.501
2026/04/29 15:45:41,498000,11.499
2026/04/29 15:45:41,499000,11.501
2026/04/29 15:45:41,500000,11.499
2026/04/29 15:45:41,501000,11.499
2026/04/29 15:45:41,502000,11.493
2026/04/29 15:45:41,503000,11.501
2026/04/29 15:45:41,504000,11.504
2026/04/29 15:45:41,505000,11.501
2026/04/29 15:45:41,506000,11.499
2026/04/29 15:45:41,507000,11.496
2026/04/29 15:45:41,508000,11.496
2026/04/29 15:45:41,509000,11.493
2026/04/29 15:45:41,510000,11.496
2026/04/29 15:45:41,511000,11.493
2026/04/29 15:45:41,512000,11.499
2026/04/29 15:45:41,513000,11.493
2026/04/29 15:45:41,514000,11.493
2026/04/29 15:45:41,515000,11.496
2026/04/29 15:45:41,516000,11.493
2026/04/29 15:45:41,517000,11.501
2026/04/29 15:45:41,518000,11.493
2026/04/29 15:45:41,519000,11.496
2026/04/29 15:45:41,520000,11.499
2026/04/29 15:45:41,521000,11.499
2026/04/29 15:45:41,522000,11.501
2026/04/29 15:45:41,523000,11.493
2026/04/29 15:45:41,524000,11.490
2026/04/29 15:45:41,525000,11.496
2026/04/29 15:45:41,526000,11.501
2026/04/29 15:45:41,527000,11.496
2026/04/29 15:45:41,528000,11.493
2026/04/29 15:45:41,529000,11.493
2026/04/29 15:45:41,530000,11.499
2026/04/29 15:45:41,531000,11.493
2026/04/29 15:45:41,532000,11.493
2026/04/29 15:45:41,533000,11.499
2026/04/29 15:45:41,534000,11.496
2026/04/29 15:45:41,535000,11.499
2026/04/29 15:45:41,536000,11.496
2026/04/29 15:45:41,537000,11.496
2026/04/29 15:45:41,538000,11.493
2026/04/29 15:45:41,539000,11.493
2026/04/29 15:45:41,540000,11.496
2026/04/29 15:45:41,541000,11.499
2026/04/29 15:45:41,542000,11.493
2026/04/29 15:45:41,543000,11.496
2026/04/29 15:45:41,544000,11.493
2026/04/29 15:45:41,545000,11.493
2026/04/29 15:45:41,546000,11.493
2026/04/29 15:45:41,547000,11.499
2026/04/29 15:45:41,548000,11.496
2026/04/29 15:45:41,549000,11.507
2026/04/29 15:45:41,550000,11.501
2026/04/29 15:45:41,551000,11.499
2026/04/29 15:45:41,552000,11.499
2026/04/29 15:45:41,553000,11.496
2026/04/29 15:45:41,554000,11.493
2026/04/29 15:45:41,555000,11.493
2026/04/29 15:45:41,556000,11.499
2026/04/29 15:45:41,557000,11.499
2026/04/29 15:45:41,558000,11.499
2026/04/29 15:45:41,559000,11.493
2026/04/29 15:45:41,560000,11.490
2026/04/29 15:45:41,561000,11.499
2026/04/29 15:45:41,562000,11.499
2026/04/29 15:45:41,563000,11.493
2026/04/29 15:45:41,564000,11.496
2026/04/29 15:45:41,565000,11.501
2026/04/29 15:45:41,566000,11.490
2026/04/29 15:45:41,567000,11.499
2026/04/29 15:45:41,568000,11.499
2026/04/29 15:45:41,569000,11.493
2026/04/29 15:45:41,570000,11.496
2026/04/29 15:45:41,571000,11.499
2026/04/29 15:45:41,572000,11.493
2026/04/29 15:45:41,573000,11.493
2026/04/29 15:45:41,574000,11.496
2026/04/29 15:45:41,575000,11.493
2026/04/29 15:45:41,576000,11.501
2026/04/29 15:45:41,577000,11.501
2026/04/29 15:45:41,578000,11.501
2026/04/29 15:45:41,579000,11.501
2026/04/29 15:45:41,580000,11.499
2026/04/29 15:45:41,581000,11.504
2026/04/29 15:45:41,582000,11.499
2026/04/29 15:45:41,583000,11.493
2026/04/29 15:45:41,584000,11.496
2026/04/29 15:45:41,585000,11.496
2026/04/29 15:45:41,586000,11.490
2026/04/29 15:45:41,587000,11.493
2026/04/29 15:45:41,588000,11.496
2026/04/29 15:45:41,589000,11.501
2026/04/29 15:45:41,590000,11.504
2026/04/29 15:45:41,591000,11.490
2026/04/29 15:45:41,592000,11.499
2026/04/29 15:45:41,593000,11.499
2026/04/29 15:45:41,594000,11.496
2026/04/29 15:45:41,595000,11.496
2026/04/29 15:45:41,596000,11.496
2026/04/29 15:45:41,597000,11.490
2026/04/29 15:45:41,598000,11.493
2026/04/29 15:45:41,599000,11.499
2026/04/29 15:45:41,600000,11.496
2026/04/29 15:45:41,601000,11.501
2026/04/29 15:45:41,602000,11.493
2026/04/29 15:45:41,603000,11.493
2026/04/29 15:45:41,604000,11.496
2026/04/29 15:45:41,605000,11.490
2026/04/29 15:45:41,606000,11.496
2026/04/29 15:45:41,607000,11.496
2026/04/29 15:45:41,608000,11.493
2026/04/29 15:45:41,609000,11.493
2026/04/29 15:45:41,610000,11.499
2026/04/29 15:45:41,611000,11.499
2026/04/29 15:45:41,612000,11.493
2026/04/29 15:45:41,613000,11.501
2026/04/29 15:45:41,614000,11.493
2026/04/29 15:45:41,615000,11.496
2026/04/29 15:45:41,616000,11.493
2026/04/29 15:45:41,617000,11.501
2026/04/29 15:45:41,618000,11.493
2026/04/29 15:45:41,619000,11.496
2026/04/29 15:45:41,620000,11.496
2026/04/29 15:45:41,621000,11.493
2026/04/29 15:45:41,622000,11.490
2026/04/29 15:45:41,623000,11.496
2026/04/29 15:45:41,624000,11.496
2026/04/29 15:45:41,625000,11.496
2026/04/29 15:45:41,626000,11.490
2026/04/29 15:45:41,627000,11.496
2026/04/29 15:45:41,628000,11.490
2026/04/29 15:45:41,629000,11.496
2026/04/29 15:45:41,630000,11.493
2026/04/29 15:45:41,631000,11.493
2026/04/29 15:45:41,632000,11.499
2026/04/29 15:45:41,633000,11.496
2026/04/29 15:45:41,634000,11.499
2026/04/29 15:45:41,635000,11.496
2026/04/29 15:45:41,636000,11.493
2026/04/29 15:45:41,637000,11.493
2026/04/29 15:45:41,638000,11.496
2026/04/29 15:45:41,639000,11.493
2026/04/29 15:45:41,640000,11.501
2026/04/29 15:45:41,641000,11.493
2026/04/29 15:45:41,642000,11.490
2026/04/29 15:45:41,643000,11.493
2026/04/29 15:45:41,644000,11.490
2026/04/29 15:45:41,645000,11.499
2026/04/29 15:45:41,646000,11.499
2026/04/29 15:45:41,647000,11.493
2026/04/29 15:45:41,648000,11.493
2026/04/29 15:45:41,649000,11.499
2026/04/29 15:45:41,650000,11.493
2026/04/29 15:45:41,651000,11.496
2026/04/29 15:45:41,652000,11.501
2026/04/29 15:45:41,653000,11.493
2026/04/29 15:45:41,654000,11.496
2026/04/29 15:45:41,655000,11.501
2026/04/29 15:45:41,656000,11.501
2026/04/29 15:45:41,657000,11.499
2026/04/29 15:45:41,658000,11.499
2026/04/29 15:45:41,659000,11.499
2026/04/29 15:45:41,660000,11.496
2026/04/29 15:45:41,661000,11.493
2026/04/29 15:45:41,662000,11.499
2026/04/29 15:45:41,663000,11.496
2026/04/29 15:45:41,664000,11.496
2026/04/29 15:45:41,665000,11.496
2026/04/29 15:45:41,666000,11.496
2026/04/29 15:45:41,667000,11.493
2026/04/29 15:45:41,668000,11.493
2026/04/29 15:45:41,669000,11.496
2026/04/29 15:45:41,670000,11.499
2026/04/29 15:45:41,671000,11.501
2026/04/29 15:45:41,672000,11.496
2026/04/29 15:45:41,673000,11.493
2026/04/29 15:45:41,674000,11.496
2026/04/29 15:45:41,675000,11.499
2026/04/29 15:45:41,676000,11.493
2026/04/29 15:45:41,677000,11.490
2026/04/29 15:45:41,678000,11.487
2026/04/29 15:45:41,679000,11.501
2026/04/29 15:45:41,680000,11.499
2026/04/29 15:45:41,681000,11.499
2026/04/29 15:45:41,682000,11.493
2026/04/29 15:45:41,683000,11.493
2026/04/29 15:45:41,684000,11.496
2026/04/29 15:45:41,685000,11.496
2026/04/29 15:45:41,686000,11.499
2026/04/29 15:45:41,687000,11.493
2026/04/29 15:45:41,688000,11.493
2026/04/29 15:45:41,689000,11.499
2026/04/29 15:45:41,690000,11.493
2026/04/29 15:45:41,691000,11.493
2026/04/29 15:45:41,692000,11.496
2026/04/29 15:45:41,693000,11.493
2026/04/29 15:45:41,694000,11.499
2026/04/29 15:45:41,695000,11.493
2026/04/29 15:45:41,696000,11.496
2026/04/29 15:45:41,697000,11.499
2026/04/29 15:45:41,698000,11.493
2026/04/29 15:45:41,699000,11.499
2026/04/29 15:45:41,700000,11.493
2026/04/29 15:45:41,701000,11.490
2026/04/29 15:45:41,702000,11.496
2026/04/29 15:45:41,703000,11.499
2026/04/29 15:45:41,704000,11.499
2026/04/29 15:45:41,705000,11.493
2026/04/29 15:45:41,706000,11.501
2026/04/29 15:45:41,707000,11.496
2026/04/29 15:45:41,708000,11.501
2026/04/29 15:45:41,709000,11.493
2026/04/29 15:45:41,710000,11.496
2026/04/29 15:45:41,711000,11.496
2026/04/29 15:45:41,712000,11.493
2026/04/29 15:45:41,713000,11.499
2026/04/29 15:45:41,714000,11.501
2026/04/29 15:45:41,715000,11.499
2026/04/29 15:45:41,716000,11.493
2026/04/29 15:45:41,717000,11.496
2026/04/29 15:45:41,718000,11.490
2026/04/29 15:45:41,719000,11.493
2026/04/29 15:45:41,720000,11.501
2026/04/29 15:45:41,721000,11.499
2026/04/29 15:45:41,722000,11.493
2026/04/29 15:45:41,723000,11.496
2026/04/29 15:45:41,724000,11.499
2026/04/29 15:45:41,725000,11.501
2026/04/29 15:45:41,726000,11.490
2026/04/29 15:45:41,727000,11.496
2026/04/29 15:45:41,728000,11.493
2026/04/29 15:45:41,729000,11.493
2026/04/29 15:45:41,730000,11.490
2026/04/29 15:45:41,731000,11.496
2026/04/29 15:45:41,732000,11.496
2026/04/29 15:45:41,733000,11.501
2026/04/29 15:45:41,734000,11.496
2026/04/29 15:45:41,735000,11.496
2026/04/29 15:45:41,736000,11.496
2026/04/29 15:45:41,737000,11.496
2026/04/29 15:45:41,738000,11.499
2026/04/29 15:45:41,739000,11.499
2026/04/29 15:45:41,740000,11.499
2026/04/29 15:45:41,741000,11.499
2026/04/29 15:45:41,742000,11.499
2026/04/29 15:45:41,743000,11.501
2026/04/29 15:45:41,744000,11.493
2026/04/29 15:45:41,745000,11.496
2026/04/29 15:45:41,746000,11.499
2026/04/29 15:45:41,747000,11.490
2026/04/29 15:45:41,748000,11.501
2026/04/29 15:45:41,749000,11.499
2026/04/29 15:45:41,750000,11.496
2026/04/29 15:45:41,751000,11.490
2026/04/29 15:45:41,752000,11.496
2026/04/29 15:45:41,753000,11.493
2026/04/29 15:45:41,754000,11.493
2026/04/29 15:45:41,755000,11.493
2026/04/29 15:45:41,756000,11.496
2026/04/29 15:45:41,757000,11.496
2026/04/29 15:45:41,758000,11.490
2026/04/29 15:45:41,759000,11.493
2026/04/29 15:45:41,760000,11.493
2026/04/29 15:45:41,761000,11.493
2026/04/29 15:45:41,762000,11.499
2026/04/29 15:45:41,763000,11.501
2026/04/29 15:45:41,764000,11.496
2026/04/29 15:45:41,765000,11.493
2026/04/29 15:45:41,766000,11.493
2026/04/29 15:45:41,767000,11.493
2026/04/29 15:45:41,768000,11.496
2026/04/29 15:45:41,769000,11.499
2026/04/29 15:45:41,770000,11.490
2026/04/29 15:45:41,771000,11.499
2026/04/29 15:45:41,772000,11.493
2026/04/29 15:45:41,773000,11.499
2026/04/29 15:45:41,774000,11.501
2026/04/29 15:45:41,775000,11.496
2026/04/29 15:45:41,776000,11.499
2026/04/29 15:45:41,777000,11.496
2026/04/29 15:45:41,778000,11.496
2026/04/29 15:45:41,779000,11.493
2026/04/29 15:45:41,780000,11.504
2026/04/29 15:45:41,781000,11.501
2026/04/29 15:45:41,782000,11.496
2026/04/29 15:45:41,783000,11.493
2026/04/29 15:45:41,784000,11.496
2026/04/29 15:45:41,785000,11.490
2026/04/29 15:45:41,786000,11.499
2026/04/29 15:45:41,787000,11.496
2026/04/29 15:45:41,788000,11.501
2026/04/29 15:45:41,789000,11.493
2026/04/29 15:45:41,790000,11.496
2026/04/29 15:45:41,791000,11.499
2026/04/29 15:45:41,792000,11.501
2026/04/29 15:45:41,793000,11.493
2026/04/29 15:45:41,794000,11.493
2026/04/29 15:45:41,795000,11.499
2026/04/29 15:45:41,796000,11.499
2026/04/29 15:45:41,797000,11.499
2026/04/29 15:45:41,798000,11.490
2026/04/29 15:45:41,799000,11.493
2026/04/29 15:45:41,800000,11.487
2026/04/29 15:45:41,801000,11.499
2026/04/29 15:45:41,802000,11.496
2026/04/29 15:45:41,803000,11.499
2026/04/29 15:45:41,804000,11.496
2026/04/29 15:45:41,805000,11.499
2026/04/29 15:45:41,806000,11.501
2026/04/29 15:45:41,807000,11.493
2026/04/29 15:45:41,808000,11.499
2026/04/29 15:45:41,809000,11.496
2026/04/29 15:45:41,810000,11.493
2026/04/29 15:45:41,811000,11.493
2026/04/29 15:45:41,812000,11.493
2026/04/29 15:45:41,813000,11.493
2026/04/29 15:45:41,814000,11.490
2026/04/29 15:45:41,815000,11.493
2026/04/29 15:45:41,816000,11.496
2026/04/29 15:45:41,817000,11.499
2026/04/29 15:45:41,818000,11.499
2026/04/29 15:45:41,819000,11.499
2026/04/29 15:45:41,820000,11.493
2026/04/29 15:45:41,821000,11.507
2026/04/29 15:45:41,822000,11.496
2026/04/29 15:45:41,823000,11.499
2026/04/29 15:45:41,824000,11.493
2026/04/29 15:45:41,825000,11.490
2026/04/29 15:45:41,826000,11.496
2026/04/29 15:45:41,827000,11.501
2026/04/29 15:45:41,828000,11.499
2026/04/29 15:45:41,829000,11.496
2026/04/29 15:45:41,830000,11.496
2026/04/29 15:45:41,831000,11.490
2026/04/29 15:45:41,832000,11.501
2026/04/29 15:45:41,833000,11.496
2026/04/29 15:45:41,834000,11.490
2026/04/29 15:45:41,835000,11.499
2026/04/29 15:45:41,836000,11.499
2026/04/29 15:45:41,837000,11.493
2026/04/29 15:45:41,838000,11.493
2026/04/29 15:45:41,839000,11.499
2026/04/29 15:45:41,840000,11.496
2026/04/29 15:45:41,841000,11.493
2026/04/29 15:45:41,842000,11.499
2026/04/29 15:45:41,843000,11.493
2026/04/29 15:45:41,844000,11.499
2026/04/29 15:45:41,845000,11.499
2026/04/29 15:45:41,846000,11.496
2026/04/29 15:45:41,847000,11.496
2026/04/29 15:45:41,848000,11.490
2026/04/29 15:45:41,849000,11.496
2026/04/29 15:45:41,850000,11.496
2026/04/29 15:45:41,851000,11.501
2026/04/29 15:45:41,852000,11.501
2026/04/29 15:45:41,853000,11.490
2026/04/29 15:45:41,854000,11.493
2026/04/29 15:45:41,855000,11.490
2026/04/29 15:45:41,856000,11.490
2026/04/29 15:45:41,857000,11.493
2026/04/29 15:45:41,858000,11.499
2026/04/29 15:45:41,859000,11.499
2026/04/29 15:45:41,860000,11.496
2026/04/29 15:45:41,861000,11.499
2026/04/29 15:45:41,862000,11.493
2026/04/29 15:45:41,863000,11.496
2026/04/29 15:45:41,864000,11.499
2026/04/29 15:45:41,865000,11.504
2026/04/29 15:45:41,866000,11.493
2026/04/29 15:45:41,867000,11.490
2026/04/29 15:45:41,868000,11.493
2026/04/29 15:45:41,869000,11.490
2026/04/29 15:45:41,870000,11.496
2026/04/29 15:45:41,871000,11.501
2026/04/29 15:45:41,872000,11.493
2026/04/29 15:45:41,873000,11.493
2026/04/29 15:45:41,874000,11.501
2026/04/29 15:45:41,875000,11.496
2026/04/29 15:45:41,876000,11.499
2026/04/29 15:45:41,877000,11.496
2026/04/29 15:45:41,878000,11.496
2026/04/29 15:45:41,879000,11.490
2026/04/29 15:45:41,880000,11.499
2026/04/29 15:45:41,881000,11.501
2026/04/29 15:45:41,882000,11.499
2026/04/29 15:45:41,883000,11.499
2026/04/29 15:45:41,884000,11.496
2026/04/29 15:45:41,885000,11.496
2026/04/29 15:45:41,886000,11.499
2026/04/29 15:45:41,887000,11.499
2026/04/29 15:45:41,888000,11.499
2026/04/29 15:45:41,889000,11.493
2026/04/29 15:45:41,890000,11.496
2026/04/29 15:45:41,891000,11.499
2026/04/29 15:45:41,892000,11.499
2026/04/29 15:45:41,893000,11.496
2026/04/29 15:45:41,894000,11.499
2026/04/29 15:45:41,895000,11.499
2026/04/29 15:45:41,896000,11.493
2026/04/29 15:45:41,897000,11.493
2026/04/29 15:45:41,898000,11.496
2026/04/29 15:45:41,899000,11.499
2026/04/29 15:45:41,900000,11.496
2026/04/29 15:45:41,901000,11.493
2026/04/29 15:45:41,902000,11.496
2026/04/29 15:45:41,903000,11.496
2026/04/29 15:45:41,904000,11.493
2026/04/29 15:45:41,905000,11.499
2026/04/29 15:45:41,906000,11.493
2026/04/29 15:45:41,907000,11.493
2026/04/29 15:45:41,908000,11.493
2026/04/29 15:45:41,909000,11.490
2026/04/29 15:45:41,910000,11.493
2026/04/29 15:45:41,911000,11.493
2026/04/29 15:45:41,912000,11.499
2026/04/29 15:45:41,913000,11.499
2026/04/29 15:45:41,914000,11.487
2026/04/29 15:45:41,915000,11.490
2026/04/29 15:45:41,916000,11.490
2026/04/29 15:45:41,917000,11.504
2026/04/29 15:45:41,918000,11.493
2026/04/29 15:45:41,919000,11.501
2026/04/29 15:45:41,920000,11.496
2026/04/29 15:45:41,921000,11.499
2026/04/29 15:45:41,922000,11.490
2026/04/29 15:45:41,923000,11.499
2026/04/29 15:45:41,924000,11.490
2026/04/29 15:45:41,925000,11.493
2026/04/29 15:45:41,926000,11.499
2026/04/29 15:45:41,927000,11.493
2026/04/29 15:45:41,928000,11.496
2026/04/29 15:45:41,929000,11.493
2026/04/29 15:45:41,930000,11.496
2026/04/29 15:45:41,931000,11.499
2026/04/29 15:45:41,932000,11.499
2026/04/29 15:45:41,933000,11.501
2026/04/29 15:45:41,934000,11.499
2026/04/29 15:45:41,935000,11.499
2026/04/29 15:45:41,936000,11.499
2026/04/29 15:45:41,937000,11.499
2026/04/29 15:45:41,938000,11.499
2026/04/29 15:45:41,939000,11.493
2026/04/29 15:45:41,940000,11.493
2026/04/29 15:45:41,941000,11.493
2026/04/29 15:45:41,942000,11.496
2026/04/29 15:45:41,943000,11.496
2026/04/29 15:45:41,944000,11.501
2026/04/29 15:45:41,945000,11.499
2026/04/29 15:45:41,946000,11.496
2026/04/29 15:45:41,947000,11.496
2026/04/29 15:45:41,948000,11.493
2026/04/29 15:45:41,949000,11.496
2026/04/29 15:45:41,950000,11.496
2026/04/29 15:45:41,951000,11.501
2026/04/29 15:45:41,952000,11.499
2026/04/29 15:45:41,953000,11.496
2026/04/29 15:45:41,954000,11.493
2026/04/29 15:45:41,955000,11.493
2026/04/29 15:45:41,956000,11.499
2026/04/29 15:45:41,957000,11.499
2026/04/29 15:45:41,958000,11.496
2026/04/29 15:45:41,959000,11.496
2026/04/29 15:45:41,960000,11.501
2026/04/29 15:45:41,961000,11.496
2026/04/29 15:45:41,962000,11.496
2026/04/29 15:45:41,963000,11.496
2026/04/29 15:45:41,964000,11.501
2026/04/29 15:45:41,965000,11.493
2026/04/29 15:45:41,966000,11.499
2026/04/29 15:45:41,967000,11.499
2026/04/29 15:45:41,968000,11.496
2026/04/29 15:45:41,969000,11.501
2026/04/29 15:45:41,970000,11.496
2026/04/29 15:45:41,971000,11.496
2026/04/29 15:45:41,972000,11.493
2026/04/29 15:45:41,973000,11.493
2026/04/29 15:45:41,974000,11.501
2026/04/29 15:45:41,975000,11.493
2026/04/29 15:45:41,976000,11.499
2026/04/29 15:45:41,977000,11.499
2026/04/29 15:45:41,978000,11.499
2026/04/29 15:45:41,979000,11.496
2026/04/29 15:45:41,980000,11.493
2026/04/29 15:45:41,981000,11.490
2026/04/29 15:45:41,982000,11.496
2026/04/29 15:45:41,983000,11.501
2026/04/29 15:45:41,984000,11.496
2026/04/29 15:45:41,985000,11.496
2026/04/29 15:45:41,986000,11.501
2026/04/29 15:45:41,987000,11.499
2026/04/29 15:45:41,988000,11.499
2026/04/29 15:45:41,989000,11.493
2026/04/29 15:45:41,990000,11.496
2026/04/29 15:45:41,991000,11.493
2026/04/29 15:45:41,992000,11.499
2026/04/29 15:45:41,993000,11.501
2026/04/29 15:45:41,994000,11.499
2026/04/29 15:45:41,995000,11.501
2026/04/29 15:45:41,996000,11.490
2026/04/29 15:45:41,997000,11.496
2026/04/29 15:45:41,998000,11.496
2026/04/29 15:45:41,999000,11.496
2026/04/29 15:45:42,000000,11.490
2026/04/29 15:45:42,001000,11.493
2026/04/29 15:45:42,002000,11.501
2026/04/29 15:45:42,003000,11.499
2026/04/29 15:45:42,004000,11.501
2026/04/29 15:45:42,005000,11.493
2026/04/29 15:45:42,006000,11.499
2026/04/29 15:45:42,007000,11.499
2026/04/29 15:45:42,008000,11.499
2026/04/29 15:45:42,009000,11.499
2026/04/29 15:45:42,010000,11.493
2026/04/29 15:45:42,011000,11.496
2026/04/29 15:45:42,012000,11.496
2026/04/29 15:45:42,013000,11.496
2026/04/29 15:45:42,014000,11.501
2026/04/29 15:45:42,015000,11.496
2026/04/29 15:45:42,016000,11.493
2026/04/29 15:45:42,017000,11.493
2026/04/29 15:45:42,018000,11.496
2026/04/29 15:45:42,019000,11.499
2026/04/29 15:45:42,020000,11.499
2026/04/29 15:45:42,021000,11.493
2026/04/29 15:45:42,022000,11.496
2026/04/29 15:45:42,023000,11.499
2026/04/29 15:45:42,024000,11.493
2026/04/29 15:45:42,025000,11.493
2026/04/29 15:45:42,026000,11.496
2026/04/29 15:45:42,027000,11.501
2026/04/29 15:45:42,028000,11.493
2026/04/29 15:45:42,029000,11.487
2026/04/29 15:45:42,030000,11.493
2026/04/29 15:45:42,031000,11.490
2026/04/29 15:45:42,032000,11.499
2026/04/29 15:45:42,033000,11.493
2026/04/29 15:45:42,034000,11.493
2026/04/29 15:45:42,035000,11.493
2026/04/29 15:45:42,036000,11.493
2026/04/29 15:45:42,037000,11.496
2026/04/29 15:45:42,038000,11.496
2026/04/29 15:45:42,039000,11.493
2026/04/29 15:45:42,040000,11.496
2026/04/29 15:45:42,041000,11.501
2026/04/29 15:45:42,042000,11.493
2026/04/29 15:45:42,043000,11.501
2026/04/29 15:45:42,044000,11.501
2026/04/29 15:45:42,045000,11.499
2026/04/29 15:45:42,046000,11.496
2026/04/29 15:45:42,047000,11.496
2026/04/29 15:45:42,048000,11.507
2026/04/29 15:45:42,049000,11.499
2026/04/29 15:45:42,050000,11.496
2026/04/29 15:45:42,051000,11.496
2026/04/29 15:45:42,052000,11.501
2026/04/29 15:45:42,053000,11.496
2026/04/29 15:45:42,054000,11.493
2026/04/29 15:45:42,055000,11.496
2026/04/29 15:45:42,056000,11.501
2026/04/29 15:45:42,057000,11.499
2026/04/29 15:45:42,058000,11.499
2026/04/29 15:45:42,059000,11.493
2026/04/29 15:45:42,060000,11.501
2026/04/29 15:45:42,061000,11.504
2026/04/29 15:45:42,062000,11.501
2026/04/29 15:45:42,063000,11.501
2026/04/29 15:45:42,064000,11.493
2026/04/29 15:45:42,065000,11.501
2026/04/29 15:45:42,066000,11.493
2026/04/29 15:45:42,067000,11.501
2026/04/29 15:45:42,068000,11.501
2026/04/29 15:45:42,069000,11.496
2026/04/29 15:45:42,070000,11.493
2026/04/29 15:45:42,071000,11.499
2026/04/29 15:45:42,072000,11.496
2026/04/29 15:45:42,073000,11.496
2026/04/29 15:45:42,074000,11.496
2026/04/29 15:45:42,075000,11.493
2026/04/29 15:45:42,076000,11.493
2026/04/29 15:45:42,077000,11.493
2026/04/29 15:45:42,078000,11.499
2026/04/29 15:45:42,079000,11.499
2026/04/29 15:45:42,080000,11.501
2026/04/29 15:45:42,081000,11.493
2026/04/29 15:45:42,082000,11.499
2026/04/29 15:45:42,083000,11.496
2026/04/29 15:45:42,084000,11.499
2026/04/29 15:45:42,085000,11.499
2026/04/29 15:45:42,086000,11.501
2026/04/29 15:45:42,087000,11.499
2026/04/29 15:45:42,088000,11.499
2026/04/29 15:45:42,089000,11.496
2026/04/29 15:45:42,090000,11.499
2026/04/29 15:45:42,091000,11.501
2026/04/29 15:45:42,092000,11.493
2026/04/29 15:45:42,093000,11.490
2026/04/29 15:45:42,094000,11.493
2026/04/29 15:45:42,095000,11.501
2026/04/29 15:45:42,096000,11.507
2026/04/29 15:45:42,097000,11.496
2026/04/29 15:45:42,098000,11.499
2026/04/29 15:45:42,099000,11.493
2026/04/29 15:45:42,100000,11.499
2026/04/29 15:45:42,101000,11.496
2026/04/29 15:45:42,102000,11.499
2026/04/29 15:45:42,103000,11.493
2026/04/29 15:45:42,104000,11.501
2026/04/29 15:45:42,105000,11.499
2026/04/29 15:45:42,106000,11.493
2026/04/29 15:45:42,107000,11.493
2026/04/29 15:45:42,108000,11.493
2026/04/29 15:45:42,109000,11.499
2026/04/29 15:45:42,110000,11.499
2026/04/29 15:45:42,111000,11.499
2026/04/29 15:45:42,112000,11.493
2026/04/29 15:45:42,113000,11.501
2026/04/29 15:45:42,114000,11.496
2026/04/29 15:45:42,115000,11.499
2026/04/29 15:45:42,116000,11.493
2026/04/29 15:45:42,117000,11.490
2026/04/29 15:45:42,118000,11.501
2026/04/29 15:45:42,119000,11.499
2026/04/29 15:45:42,120000,11.499
2026/04/29 15:45:42,121000,11.499
2026/04/29 15:45:42,122000,11.501
2026/04/29 15:45:42,123000,11.490
2026/04/29 15:45:42,124000,11.499
2026/04/29 15:45:42,125000,11.493
2026/04/29 15:45:42,126000,11.496
2026/04/29 15:45:42,127000,11.499
2026/04/29 15:45:42,128000,11.496
2026/04/29 15:45:42,129000,11.501
2026/04/29 15:45:42,130000,11.496
2026/04/29 15:45:42,131000,11.493
2026/04/29 15:45:42,132000,11.499
2026/04/29 15:45:42,133000,11.499
2026/04/29 15:45:42,134000,11.501
2026/04/29 15:45:42,135000,11.499
2026/04/29 15:45:42,136000,11.496
2026/04/29 15:45:42,137000,11.493
2026/04/29 15:45:42,138000,11.493
2026/04/29 15:45:42,139000,11.496
2026/04/29 15:45:42,140000,11.496
2026/04/29 15:45:42,141000,11.496
2026/04/29 15:45:42,142000,11.496
2026/04/29 15:45:42,143000,11.493
2026/04/29 15:45:42,144000,11.490
2026/04/29 15:45:42,145000,11.496
2026/04/29 15:45:42,146000,11.499
2026/04/29 15:45:42,147000,11.499
2026/04/29 15:45:42,148000,11.499
2026/04/29 15:45:42,149000,11.493
2026/04/29 15:45:42,150000,11.499
2026/04/29 15:45:42,151000,11.496
2026/04/29 15:45:42,152000,11.496
2026/04/29 15:45:42,153000,11.496
2026/04/29 15:45:42,154000,11.493
2026/04/29 15:45:42,155000,11.496
2026/04/29 15:45:42,156000,11.493
2026/04/29 15:45:42,157000,11.501
2026/04/29 15:45:42,158000,11.493
2026/04/29 15:45:42,159000,11.493
2026/04/29 15:45:42,160000,11.493
2026/04/29 15:45:42,161000,11.501
2026/04/29 15:45:42,162000,11.490
2026/04/29 15:45:42,163000,11.493
2026/04/29 15:45:42,164000,11.496
2026/04/29 15:45:42,165000,11.499
2026/04/29 15:45:42,166000,11.499
2026/04/29 15:45:42,167000,11.487
2026/04/29 15:45:42,168000,11.490
2026/04/29 15:45:42,169000,11.496
2026/04/29 15:45:42,170000,11.501
2026/04/29 15:45:42,171000,11.501
2026/04/29 15:45:42,172000,11.496
2026/04/29 15:45:42,173000,11.496
2026/04/29 15:45:42,174000,11.493
2026/04/29 15:45:42,175000,11.499
2026/04/29 15:45:42,176000,11.496
2026/04/29 15:45:42,177000,11.499
2026/04/29 15:45:42,178000,11.496
2026/04/29 15:45:42,179000,11.496
2026/04/29 15:45:42,180000,11.499
2026/04/29 15:45:42,181000,11.499
2026/04/29 15:45:42,182000,11.490
2026/04/29 15:45:42,183000,11.496
2026/04/29 15:45:42,184000,11.496
2026/04/29 15:45:42,185000,11.499
2026/04/29 15:45:42,186000,11.499
2026/04/29 15:45:42,187000,11.499
2026/04/29 15:45:42,188000,11.496
2026/04/29 15:45:42,189000,11.499
2026/04/29 15:45:42,190000,11.496
2026/04/29 15:45:42,191000,11.496
2026/04/29 15:45:42,192000,11.493
2026/04/29 15:45:42,193000,11.493
2026/04/29 15:45:42,194000,11.501
2026/04/29 15:45:42,195000,11.496
2026/04/29 15:45:42,196000,11.493
2026/04/29 15:45:42,197000,11.501
2026/04/29 15:45:42,198000,11.499
2026/04/29 15:45:42,199000,11.501
2026/04/29 15:45:42,200000,11.499
2026/04/29 15:45:42,201000,11.487
2026/04/29 15:45:42,202000,11.499
2026/04/29 15:45:42,203000,11.496
2026/04/29 15:45:42,204000,11.499
2026/04/29 15:45:42,205000,11.499
2026/04/29 15:45:42,206000,11.499
2026/04/29 15:45:42,207000,11.499
2026/04/29 15:45:42,208000,11.496
2026/04/29 15:45:42,209000,11.499
2026/04/29 15:45:42,210000,11.499
2026/04/29 15:45:42,211000,11.496
2026/04/29 15:45:42,212000,11.493
2026/04/29 15:45:42,213000,11.496
2026/04/29 15:45:42,214000,11.490
2026/04/29 15:45:42,215000,11.501
2026/04/29 15:45:42,216000,11.499
2026/04/29 15:45:42,217000,11.496
2026/04/29 15:45:42,218000,11.493
2026/04/29 15:45:42,219000,11.496
2026/04/29 15:45:42,220000,11.496
2026/04/29 15:45:42,221000,11.501
2026/04/29 15:45:42,222000,11.499
2026/04/29 15:45:42,223000,11.496
2026/04/29 15:45:42,224000,11.493
2026/04/29 15:45:42,225000,11.499
2026/04/29 15:45:42,226000,11.496
2026/04/29 15:45:42,227000,11.490
2026/04/29 15:45:42,228000,11.501
2026/04/29 15:45:42,229000,11.490
2026/04/29 15:45:42,230000,11.501
2026/04/29 15:45:42,231000,11.501
2026/04/29 15:45:42,232000,11.499
2026/04/29 15:45:42,233000,11.501
2026/04/29 15:45:42,234000,11.496
2026/04/29 15:45:42,235000,11.493
2026/04/29 15:45:42,236000,11.496
2026/04/29 15:45:42,237000,11.496
2026/04/29 15:45:42,238000,11.490
2026/04/29 15:45:42,239000,11.493
2026/04/29 15:45:42,240000,11.504
2026/04/29 15:45:42,241000,11.496
2026/04/29 15:45:42,242000,11.499
2026/04/29 15:45:42,243000,11.493
2026/04/29 15:45:42,244000,11.493
2026/04/29 15:45:42,245000,11.493
2026/04/29 15:45:42,246000,11.493
2026/04/29 15:45:42,247000,11.501
2026/04/29 15:45:42,248000,11.499
2026/04/29 15:45:42,249000,11.493
2026/04/29 15:45:42,250000,11.493
2026/04/29 15:45:42,251000,11.499
2026/04/29 15:45:42,252000,11.501
2026/04/29 15:45:42,253000,11.496
2026/04/29 15:45:42,254000,11.496
2026/04/29 15:45:42,255000,11.499
2026/04/29 15:45:42,256000,11.490
2026/04/29 15:45:42,257000,11.499
2026/04/29 15:45:42,258000,11.501
2026/04/29 15:45:42,259000,11.504
2026/04/29 15:45:42,260000,11.493
2026/04/29 15:45:42,261000,11.496
2026/04/29 15:45:42,262000,11.499
2026/04/29 15:45:42,263000,11.507
2026/04/29 15:45:42,264000,11.499
2026/04/29 15:45:42,265000,11.499
2026/04/29 15:45:42,266000,11.499
2026/04/29 15:45:42,267000,11.496
2026/04/29 15:45:42,268000,11.499
2026/04/29 15:45:42,269000,11.499
2026/04/29 15:45:42,270000,11.501
2026/04/29 15:45:42,271000,11.490
2026/04/29 15:45:42,272000,11.501
2026/04/29 15:45:42,273000,11.496
2026/04/29 15:45:42,274000,11.493
2026/04/29 15:45:42,275000,11.499
2026/04/29 15:45:42,276000,11.490
2026/04/29 15:45:42,277000,11.490
2026/04/29 15:45:42,278000,11.496
2026/04/29 15:45:42,279000,11.493
2026/04/29 15:45:42,280000,11.499
2026/04/29 15:45:42,281000,11.499
2026/04/29 15:45:42,282000,11.493
2026/04/29 15:45:42,283000,11.499
2026/04/29 15:45:42,284000,11.496
2026/04/29 15:45:42,285000,11.496
2026/04/29 15:45:42,286000,11.487
2026/04/29 15:45:42,287000,11.499
2026/04/29 15:45:42,288000,11.493
2026/04/29 15:45:42,289000,11.499
2026/04/29 15:45:42,290000,11.499
2026/04/29 15:45:42,291000,11.499
2026/04/29 15:45:42,292000,11.496
2026/04/29 15:45:42,293000,11.493
2026/04/29 15:45:42,294000,11.490
2026/04/29 15:45:42,295000,11.496
2026/04/29 15:45:42,296000,11.501
2026/04/29 15:45:42,297000,11.490
2026/04/29 15:45:42,298000,11.493
2026/04/29 15:45:42,299000,11.493
2026/04/29 15:45:42,300000,11.499
2026/04/29 15:45:42,301000,11.493
2026/04/29 15:45:42,302000,11.496
2026/04/29 15:45:42,303000,11.496
2026/04/29 15:45:42,304000,11.504
2026/04/29 15:45:42,305000,11.496
2026/04/29 15:45:42,306000,11.501
2026/04/29 15:45:42,307000,11.501
2026/04/29 15:45:42,308000,11.501
2026/04/29 15:45:42,309000,11.499
2026/04/29 15:45:42,310000,11.496
2026/04/29 15:45:42,311000,11.496
2026/04/29 15:45:42,312000,11.496
2026/04/29 15:45:42,313000,11.499
2026/04/29 15:45:42,314000,11.496
2026/04/29 15:45:42,315000,11.496
2026/04/29 15:45:42,316000,11.501
2026/04/29 15:45:42,317000,11.501
2026/04/29 15:45:42,318000,11.496
2026/04/29 15:45:42,319000,11.501
2026/04/29 15:45:42,320000,11.499
2026/04/29 15:45:42,321000,11.501
2026/04/29 15:45:42,322000,11.501
2026/04/29 15:45:42,323000,11.493
2026/04/29 15:45:42,324000,11.501
2026/04/29 15:45:42,325000,11.496
2026/04/29 15:45:42,326000,11.493
2026/04/29 15:45:42,327000,11.493
2026/04/29 15:45:42,328000,11.499
2026/04/29 15:45:42,329000,11.501
2026/04/29 15:45:42,330000,11.496
2026/04/29 15:45:42,331000,11.501
2026/04/29 15:45:42,332000,11.493
2026/04/29 15:45:42,333000,11.499
2026/04/29 15:45:42,334000,11.496
2026/04/29 15:45:42,335000,11.501
2026/04/29 15:45:42,336000,11.499
2026/04/29 15:45:42,337000,11.499
2026/04/29 15:45:42,338000,11.499
2026/04/29 15:45:42,339000,11.499
2026/04/29 15:45:42,340000,11.496
2026/04/29 15:45:42,341000,11.496
2026/04/29 15:45:42,342000,11.496
2026/04/29 15:45:42,343000,11.501
2026/04/29 15:45:42,344000,11.490
2026/04/29 15:45:42,345000,11.496
2026/04/29 15:45:42,346000,11.501
2026/04/29 15:45:42,347000,11.493
2026/04/29 15:45:42,348000,11.501
2026/04/29 15:45:42,349000,11.501
2026/04/29 15:45:42,350000,11.501
2026/04/29 15:45:42,351000,11.501
2026/04/29 15:45:42,352000,11.499
2026/04/29 15:45:42,353000,11.490
2026/04/29 15:45:42,354000,11.496
2026/04/29 15:45:42,355000,11.493
2026/04/29 15:45:42,356000,11.501
2026/04/29 15:45:42,357000,11.499
2026/04/29 15:45:42,358000,11.496
2026/04/29 15:45:42,359000,11.501
2026/04/29 15:45:42,360000,11.499
2026/04/29 15:45:42,361000,11.499
2026/04/29 15:45:42,362000,11.490
2026/04/29 15:45:42,363000,11.501
2026/04/29 15:45:42,364000,11.496
2026/04/29 15:45:42,365000,11.501
2026/04/29 15:45:42,366000,11.501
2026/04/29 15:45:42,367000,11.501
2026/04/29 15:45:42,368000,11.493
2026/04/29 15:45:42,369000,11.499
2026/04/29 15:45:42,370000,11.504
2026/04/29 15:45:42,371000,11.493
2026/04/29 15:45:42,372000,11.499
2026/04/29 15:45:42,373000,11.493
2026/04/29 15:45:42,374000,11.493
2026/04/29 15:45:42,375000,11.501
2026/04/29 15:45:42,376000,11.496
2026/04/29 15:45:42,377000,11.496
2026/04/29 15:45:42,378000,11.493
2026/04/29 15:45:42,379000,11.501
2026/04/29 15:45:42,380000,11.493
2026/04/29 15:45:42,381000,11.496
2026/04/29 15:45:42,382000,11.501
2026/04/29 15:45:42,383000,11.493
2026/04/29 15:45:42,384000,11.501
2026/04/29 15:45:42,385000,11.493
2026/04/29 15:45:42,386000,11.499
2026/04/29 15:45:42,387000,11.496
2026/04/29 15:45:42,388000,11.493
2026/04/29 15:45:42,389000,11.493
2026/04/29 15:45:42,390000,11.496
2026/04/29 15:45:42,391000,11.493
2026/04/29 15:45:42,392000,11.499
2026/04/29 15:45:42,393000,11.499
2026/04/29 15:45:42,394000,11.499
2026/04/29 15:45:42,395000,11.499
2026/04/29 15:45:42,396000,11.496
2026/04/29 15:45:42,397000,11.496
2026/04/29 15:45:42,398000,11.496
2026/04/29 15:45:42,399000,11.499
2026/04/29 15:45:42,400000,11.501
2026/04/29 15:45:42,401000,11.499
2026/04/29 15:45:42,402000,11.499
2026/04/29 15:45:42,403000,11.496
2026/04/29 15:45:42,404000,11.496
2026/04/29 15:45:42,405000,11.490
2026/04/29 15:45:42,406000,11.493
2026/04/29 15:45:42,407000,11.496
2026/04/29 15:45:42,408000,11.501
2026/04/29 15:45:42,409000,11.499
2026/04/29 15:45:42,410000,11.499
2026/04/29 15:45:42,411000,11.496
2026/04/29 15:45:42,412000,11.499
2026/04/29 15:45:42,413000,11.496
2026/04/29 15:45:42,414000,11.504
2026/04/29 15:45:42,415000,11.493
2026/04/29 15:45:42,416000,11.490
2026/04/29 15:45:42,417000,11.499
2026/04/29 15:45:42,418000,11.501
2026/04/29 15:45:42,419000,11.501
2026/04/29 15:45:42,420000,11.499
2026/04/29 15:45:42,421000,11.493
2026/04/29 15:45:42,422000,11.501
2026/04/29 15:45:42,423000,11.490
2026/04/29 15:45:42,424000,11.493
2026/04/29 15:45:42,425000,11.499
2026/04/29 15:45:42,426000,11.496
2026/04/29 15:45:42,427000,11.501
2026/04/29 15:45:42,428000,11.493
2026/04/29 15:45:42,429000,11.501
2026/04/29 15:45:42,430000,11.496
2026/04/29 15:45:42,431000,11.501
2026/04/29 15:45:42,432000,11.496
2026/04/29 15:45:42,433000,11.499
2026/04/29 15:45:42,434000,11.499
2026/04/29 15:45:42,435000,11.501
2026/04/29 15:45:42,436000,11.496
2026/04/29 15:45:42,437000,11.499
2026/04/29 15:45:42,438000,11.499
2026/04/29 15:45:42,439000,11.501
2026/04/29 15:45:42,440000,11.499
2026/04/29 15:45:42,441000,11.501
2026/04/29 15:45:42,442000,11.496
2026/04/29 15:45:42,443000,11.501
2026/04/29 15:45:42,444000,11.493
2026/04/29 15:45:42,445000,11.496
2026/04/29 15:45:42,446000,11.493
2026/04/29 15:45:42,447000,11.504
2026/04/29 15:45:42,448000,11.493
2026/04/29 15:45:42,449000,11.496
2026/04/29 15:45:42,450000,11.496
2026/04/29 15:45:42,451000,11.496
2026/04/29 15:45:42,452000,11.499
2026/04/29 15:45:42,453000,11.504
2026/04/29 15:45:42,454000,11.496
2026/04/29 15:45:42,455000,11.501
2026/04/29 15:45:42,456000,11.496
2026/04/29 15:45:42,457000,11.501
2026/04/29 15:45:42,458000,11.493
2026/04/29 15:45:42,459000,11.499
2026/04/29 15:45:42,460000,11.496
2026/04/29 15:45:42,461000,11.499
2026/04/29 15:45:42,462000,11.496
2026/04/29 15:45:42,463000,11.499
2026/04/29 15:45:42,464000,11.493
2026/04/29 15:45:42,465000,11.499
2026/04/29 15:45:42,466000,11.499
2026/04/29 15:45:42,467000,11.501
2026/04/29 15:45:42,468000,11.501
2026/04/29 15:45:42,469000,11.501
2026/04/29 15:45:42,470000,11.501
2026/04/29 15:45:42,471000,11.501
2026/04/29 15:45:42,472000,11.499
2026/04/29 15:45:42,473000,11.493
2026/04/29 15:45:42,474000,11.501
2026/04/29 15:45:42,475000,11.499
2026/04/29 15:45:42,476000,11.496
2026/04/29 15:45:42,477000,11.496
2026/04/29 15:45:42,478000,11.499
2026/04/29 15:45:42,479000,11.499
2026/04/29 15:45:42,480000,11.499
2026/04/29 15:45:42,481000,11.499
2026/04/29 15:45:42,482000,11.501
2026/04/29 15:45:42,483000,11.493
2026/04/29 15:45:42,484000,11.496
2026/04/29 15:45:42,485000,11.490
2026/04/29 15:45:42,486000,11.493
2026/04/29 15:45:42,487000,11.496
2026/04/29 15:45:42,488000,11.499
2026/04/29 15:45:42,489000,11.499
2026/04/29 15:45:42,490000,11.501
2026/04/29 15:45:42,491000,11.499
2026/04/29 15:45:42,492000,11.499
2026/04/29 15:45:42,493000,11.496
2026/04/29 15:45:42,494000,11.499
2026/04/29 15:45:42,495000,11.493
2026/04/29 15:45:42,496000,11.493
2026/04/29 15:45:42,497000,11.496
2026/04/29 15:45:42,498000,11.493
2026/04/29 15:45:42,499000,11.504
2026/04/29 15:45:42,500000,11.501
2026/04/29 15:45:42,501000,11.493
2026/04/29 15:45:42,502000,11.493
2026/04/29 15:45:42,503000,11.499
2026/04/29 15:45:42,504000,11.496
2026/04/29 15:45:42,505000,11.499
2026/04/29 15:45:42,506000,11.496
2026/04/29 15:45:42,507000,11.501
2026/04/29 15:45:42,508000,11.496
2026/04/29 15:45:42,509000,11.493
2026/04/29 15:45:42,510000,11.501
2026/04/29 15:45:42,511000,11.499
2026/04/29 15:45:42,512000,11.501
2026/04/29 15:45:42,513000,11.501
2026/04/29 15:45:42,514000,11.496
2026/04/29 15:45:42,515000,11.499
2026/04/29 15:45:42,516000,11.493
2026/04/29 15:45:42,517000,11.501
2026/04/29 15:45:42,518000,11.493
2026/04/29 15:45:42,519000,11.499
2026/04/29 15:45:42,520000,11.496
2026/04/29 15:45:42,521000,11.499
2026/04/29 15:45:42,522000,11.496
2026/04/29 15:45:42,523000,11.493
2026/04/29 15:45:42,524000,11.496
2026/04/29 15:45:42,525000,11.499
2026/04/29 15:45:42,526000,11.493
2026/04/29 15:45:42,527000,11.490
2026/04/29 15:45:42,528000,11.501
2026/04/29 15:45:42,529000,11.501
2026/04/29 15:45:42,530000,11.501
2026/04/29 15:45:42,531000,11.501
2026/04/29 15:45:42,532000,11.493
2026/04/29 15:45:42,533000,11.499
2026/04/29 15:45:42,534000,11.499
2026/04/29 15:45:42,535000,11.501
2026/04/29 15:45:42,536000,11.493
2026/04/29 15:45:42,537000,11.499
2026/04/29 15:45:42,538000,11.501
2026/04/29 15:45:42,539000,11.493
2026/04/29 15:45:42,540000,11.496
2026/04/29 15:45:42,541000,11.499
2026/04/29 15:45:42,542000,11.504
2026/04/29 15:45:42,543000,11.493
2026/04/29 15:45:42,544000,11.499
2026/04/29 15:45:42,545000,11.499
2026/04/29 15:45:42,546000,11.501
2026/04/29 15:45:42,547000,11.493
2026/04/29 15:45:42,548000,11.499
2026/04/29 15:45:42,549000,11.496
2026/04/29 15:45:42,550000,11.490
2026/04/29 15:45:42,551000,11.493
2026/04/29 15:45:42,552000,11.499
2026/04/29 15:45:42,553000,11.493
2026/04/29 15:45:42,554000,11.496
2026/04/29 15:45:42,555000,11.490
2026/04/29 15:45:42,556000,11.496
2026/04/29 15:45:42,557000,11.493
2026/04/29 15:45:42,558000,11.493
2026/04/29 15:45:42,559000,11.499
2026/04/29 15:45:42,560000,11.493
2026/04/29 15:45:42,561000,11.490
2026/04/29 15:45:42,562000,11.499
2026/04/29 15:45:42,563000,11.493
2026/04/29 15:45:42,564000,11.496
2026/04/29 15:45:42,565000,11.487
2026/04/29 15:45:42,566000,11.487
2026/04/29 15:45:42,567000,11.499
2026/04/29 15:45:42,568000,11.493
2026/04/29 15:45:42,569000,11.499
2026/04/29 15:45:42,570000,11.493
2026/04/29 15:45:42,571000,11.499
2026/04/29 15:45:42,572000,11.490
2026/04/29 15:45:42,573000,11.499
2026/04/29 15:45:42,574000,11.493
2026/04/29 15:45:42,575000,11.501
2026/04/29 15:45:42,576000,11.499
2026/04/29 15:45:42,577000,11.493
2026/04/29 15:45:42,578000,11.490
2026/04/29 15:45:42,579000,11.496
2026/04/29 15:45:42,580000,11.499
2026/04/29 15:45:42,581000,11.493
2026/04/29 15:45:42,582000,11.493
2026/04/29 15:45:42,583000,11.493
2026/04/29 15:45:42,584000,11.499
2026/04/29 15:45:42,585000,11.499
2026/04/29 15:45:42,586000,11.496
2026/04/29 15:45:42,587000,11.499
2026/04/29 15:45:42,588000,11.501
2026/04/29 15:45:42,589000,11.499
2026/04/29 15:45:42,590000,11.501
2026/04/29 15:45:42,591000,11.499
2026/04/29 15:45:42,592000,11.499
2026/04/29 15:45:42,593000,11.496
2026/04/29 15:45:42,594000,11.493
2026/04/29 15:45:42,595000,11.499
2026/04/29 15:45:42,596000,11.496
2026/04/29 15:45:42,597000,11.493
2026/04/29 15:45:42,598000,11.493
2026/04/29 15:45:42,599000,11.504
2026/04/29 15:45:42,600000,11.496
2026/04/29 15:45:42,601000,11.499
2026/04/29 15:45:42,602000,11.501
2026/04/29 15:45:42,603000,11.496
2026/04/29 15:45:42,604000,11.496
2026/04/29 15:45:42,605000,11.501
2026/04/29 15:45:42,606000,11.504
2026/04/29 15:45:42,607000,11.496
2026/04/29 15:45:42,608000,11.496
2026/04/29 15:45:42,609000,11.490
2026/04/29 15:45:42,610000,11.496
2026/04/29 15:45:42,611000,11.493
2026/04/29 15:45:42,612000,11.490
2026/04/29 15:45:42,613000,11.496
2026/04/29 15:45:42,614000,11.499
2026/04/29 15:45:42,615000,11.496
2026/04/29 15:45:42,616000,11.493
2026/04/29 15:45:42,617000,11.496
2026/04/29 15:45:42,618000,11.493
2026/04/29 15:45:42,619000,11.496
2026/04/29 15:45:42,620000,11.493
2026/04/29 15:45:42,621000,11.493
2026/04/29 15:45:42,622000,11.496
2026/04/29 15:45:42,623000,11.499
2026/04/29 15:45:42,624000,11.499
2026/04/29 15:45:42,625000,11.499
2026/04/29 15:45:42,626000,11.501
2026/04/29 15:45:42,627000,11.499
2026/04/29 15:45:42,628000,11.493
2026/04/29 15:45:42,629000,11.493
2026/04/29 15:45:42,630000,11.501
2026/04/29 15:45:42,631000,11.501
2026/04/29 15:45:42,632000,11.496
2026/04/29 15:45:42,633000,11.493
2026/04/29 15:45:42,634000,11.499
2026/04/29 15:45:42,635000,11.501
2026/04/29 15:45:42,636000,11.499
2026/04/29 15:45:42,637000,11.499
2026/04/29 15:45:42,638000,11.490
2026/04/29 15:45:42,639000,11.496
2026/04/29 15:45:42,640000,11.496
2026/04/29 15:45:42,641000,11.499
2026/04/29 15:45:42,642000,11.490
2026/04/29 15:45:42,643000,11.496
2026/04/29 15:45:42,644000,11.496
2026/04/29 15:45:42,645000,11.499
2026/04/29 15:45:42,646000,11.501
2026/04/29 15:45:42,647000,11.490
2026/04/29 15:45:42,648000,11.496
2026/04/29 15:45:42,649000,11.499
2026/04/29 15:45:42,650000,11.496
2026/04/29 15:45:42,651000,11.493
2026/04/29 15:45:42,652000,11.496
2026/04/29 15:45:42,653000,11.490
2026/04/29 15:45:42,654000,11.501
2026/04/29 15:45:42,655000,11.501
2026/04/29 15:45:42,656000,11.499
2026/04/29 15:45:42,657000,11.496
2026/04/29 15:45:42,658000,11.496
2026/04/29 15:45:42,659000,11.493
2026/04/29 15:45:42,660000,11.496
2026/04/29 15:45:42,661000,11.499
2026/04/29 15:45:42,662000,11.493
2026/04/29 15:45:42,663000,11.496
2026/04/29 15:45:42,664000,11.496
2026/04/29 15:45:42,665000,11.493
2026/04/29 15:45:42,666000,11.493
2026/04/29 15:45:42,667000,11.496
2026/04/29 15:45:42,668000,11.499
2026/04/29 15:45:42,669000,11.499
2026/04/29 15:45:42,670000,11.499
2026/04/29 15:45:42,671000,11.496
2026/04/29 15:45:42,672000,11.493
2026/04/29 15:45:42,673000,11.496
2026/04/29 15:45:42,674000,11.499
2026/04/29 15:45:42,675000,11.499
2026/04/29 15:45:42,676000,11.493
2026/04/29 15:45:42,677000,11.504
2026/04/29 15:45:42,678000,11.499
2026/04/29 15:45:42,679000,11.493
2026/04/29 15:45:42,680000,11.496
2026/04/29 15:45:42,681000,11.496
2026/04/29 15:45:42,682000,11.496
2026/04/29 15:45:42,683000,11.493
2026/04/29 15:45:42,684000,11.493
2026/04/29 15:45:42,685000,11.501
2026/04/29 15:45:42,686000,11.490
2026/04/29 15:45:42,687000,11.493
2026/04/29 15:45:42,688000,11.496
2026/04/29 15:45:42,689000,11.499
2026/04/29 15:45:42,690000,11.496
2026/04/29 15:45:42,691000,11.499
2026/04/29 15:45:42,692000,11.493
2026/04/29 15:45:42,693000,11.499
2026/04/29 15:45:42,694000,11.499
2026/04/29 15:45:42,695000,11.501
2026/04/29 15:45:42,696000,11.501
2026/04/29 15:45:42,697000,11.493
2026/04/29 15:45:42,698000,11.499
2026/04/29 15:45:42,699000,11.507
2026/04/29 15:45:42,700000,11.496
2026/04/29 15:45:42,701000,11.501
2026/04/29 15:45:42,702000,11.496
2026/04/29 15:45:42,703000,11.499
2026/04/29 15:45:42,704000,11.493
2026/04/29 15:45:42,705000,11.501
2026/04/29 15:45:42,706000,11.499
2026/04/29 15:45:42,707000,11.493
2026/04/29 15:45:42,708000,11.501
2026/04/29 15:45:42,709000,11.496
2026/04/29 15:45:42,710000,11.493
2026/04/29 15:45:42,711000,11.499
2026/04/29 15:45:42,712000,11.496
2026/04/29 15:45:42,713000,11.499
2026/04/29 15:45:42,714000,11.493
2026/04/29 15:45:42,715000,11.493
2026/04/29 15:45:42,716000,11.493
2026/04/29 15:45:42,717000,11.499
2026/04/29 15:45:42,718000,11.493
2026/04/29 15:45:42,719000,11.499
2026/04/29 15:45:42,720000,11.499
2026/04/29 15:45:42,721000,11.501
2026/04/29 15:45:42,722000,11.501
2026/04/29 15:45:42,723000,11.493
2026/04/29 15:45:42,724000,11.496
2026/04/29 15:45:42,725000,11.501
2026/04/29 15:45:42,726000,11.501
2026/04/29 15:45:42,727000,11.496
2026/04/29 15:45:42,728000,11.501
2026/04/29 15:45:42,729000,11.499
2026/04/29 15:45:42,730000,11.499
2026/04/29 15:45:42,731000,11.501
2026/04/29 15:45:42,732000,11.493
2026/04/29 15:45:42,733000,11.499
2026/04/29 15:45:42,734000,11.493
2026/04/29 15:45:42,735000,11.493
2026/04/29 15:45:42,736000,11.501
2026/04/29 15:45:42,737000,11.490
2026/04/29 15:45:42,738000,11.501
2026/04/29 15:45:42,739000,11.499
2026/04/29 15:45:42,740000,11.496
2026/04/29 15:45:42,741000,11.499
2026/04/29 15:45:42,742000,11.493
2026/04/29 15:45:42,743000,11.499
2026/04/29 15:45:42,744000,11.499
2026/04/29 15:45:42,745000,11.504
2026/04/29 15:45:42,746000,11.493
2026/04/29 15:45:42,747000,11.496
2026/04/29 15:45:42,748000,11.501
2026/04/29 15:45:42,749000,11.496
2026/04/29 15:45:42,750000,11.496
2026/04/29 15:45:42,751000,11.499
2026/04/29 15:45:42,752000,11.493
2026/04/29 15:45:42,753000,11.499
2026/04/29 15:45:42,754000,11.496
2026/04/29 15:45:42,755000,11.501
2026/04/29 15:45:42,756000,11.501
2026/04/29 15:45:42,757000,11.499
2026/04/29 15:45:42,758000,11.496
2026/04/29 15:45:42,759000,11.504
2026/04/29 15:45:42,760000,11.499
2026/04/29 15:45:42,761000,11.501
2026/04/29 15:45:42,762000,11.490
2026/04/29 15:45:42,763000,11.499
2026/04/29 15:45:42,764000,11.501
2026/04/29 15:45:42,765000,11.499
2026/04/29 15:45:42,766000,11.496
2026/04/29 15:45:42,767000,11.496
2026/04/29 15:45:42,768000,11.490
2026/04/29 15:45:42,769000,11.496
2026/04/29 15:45:42,770000,11.499
2026/04/29 15:45:42,771000,11.493
2026/04/29 15:45:42,772000,11.490
2026/04/29 15:45:42,773000,11.499
2026/04/29 15:45:42,774000,11.499
2026/04/29 15:45:42,775000,11.490
2026/04/29 15:45:42,776000,11.493
2026/04/29 15:45:42,777000,11.499
2026/04/29 15:45:42,778000,11.493
2026/04/29 15:45:42,779000,11.493
2026/04/29 15:45:42,780000,11.493
2026/04/29 15:45:42,781000,11.493
2026/04/29 15:45:42,782000,11.496
2026/04/29 15:45:42,783000,11.496
2026/04/29 15:45:42,784000,11.499
2026/04/29 15:45:42,785000,11.493
2026/04/29 15:45:42,786000,11.493
2026/04/29 15:45:42,787000,11.496
2026/04/29 15:45:42,788000,11.499
2026/04/29 15:45:42,789000,11.501
2026/04/29 15:45:42,790000,11.496
2026/04/29 15:45:42,791000,11.496
2026/04/29 15:45:42,792000,11.496
2026/04/29 15:45:42,793000,11.496
2026/04/29 15:45:42,794000,11.493
2026/04/29 15:45:42,795000,11.490
2026/04/29 15:45:42,796000,11.487
2026/04/29 15:45:42,797000,11.493
2026/04/29 15:45:42,798000,11.493
2026/04/29 15:45:42,799000,11.501
2026/04/29 15:45:42,800000,11.496
2026/04/29 15:45:42,801000,11.496
2026/04/29 15:45:42,802000,11.490
2026/04/29 15:45:42,803000,11.496
2026/04/29 15:45:42,804000,11.499
2026/04/29 15:45:42,805000,11.504
2026/04/29 15:45:42,806000,11.496
2026/04/29 15:45:42,807000,11.496
2026/04/29 15:45:42,808000,11.493
2026/04/29 15:45:42,809000,11.499
2026/04/29 15:45:42,810000,11.499
2026/04/29 15:45:42,811000,11.496
2026/04/29 15:45:42,812000,11.496
2026/04/29 15:45:42,813000,11.499
2026/04/29 15:45:42,814000,11.501
2026/04/29 15:45:42,815000,11.499
2026/04/29 15:45:42,816000,11.501
2026/04/29 15:45:42,817000,11.493
2026/04/29 15:45:42,818000,11.493
2026/04/29 15:45:42,819000,11.499
2026/04/29 15:45:42,820000,11.493
2026/04/29 15:45:42,821000,11.499
2026/04/29 15:45:42,822000,11.490
2026/04/29 15:45:42,823000,11.499
2026/04/29 15:45:42,824000,11.499
2026/04/29 15:45:42,825000,11.499
2026/04/29 15:45:42,826000,11.490
2026/04/29 15:45:42,827000,11.490
2026/04/29 15:45:42,828000,11.496
2026/04/29 15:45:42,829000,11.501
2026/04/29 15:45:42,830000,11.493
2026/04/29 15:45:42,831000,11.499
2026/04/29 15:45:42,832000,11.499
2026/04/29 15:45:42,833000,11.496
2026/04/29 15:45:42,834000,11.493
2026/04/29 15:45:42,835000,11.493
2026/04/29 15:45:42,836000,11.499
2026/04/29 15:45:42,837000,11.493
2026/04/29 15:45:42,838000,11.490
2026/04/29 15:45:42,839000,11.499
2026/04/29 15:45:42,840000,11.496
2026/04/29 15:45:42,841000,11.490
2026/04/29 15:45:42,842000,11.493
2026/04/29 15:45:42,843000,11.499
2026/04/29 15:45:42,844000,11.493
2026/04/29 15:45:42,845000,11.499
2026/04/29 15:45:42,846000,11.496
2026/04/29 15:45:42,847000,11.496
2026/04/29 15:45:42,848000,11.496
2026/04/29 15:45:42,849000,11.501
2026/04/29 15:45:42,850000,11.493
2026/04/29 15:45:42,851000,11.504
2026/04/29 15:45:42,852000,11.496
2026/04/29 15:45:42,853000,11.493
2026/04/29 15:45:42,854000,11.496
2026/04/29 15:45:42,855000,11.496
2026/04/29 15:45:42,856000,11.493
2026/04/29 15:45:42,857000,11.499
2026/04/29 15:45:42,858000,11.501
2026/04/29 15:45:42,859000,11.499
2026/04/29 15:45:42,860000,11.496
2026/04/29 15:45:42,861000,11.496
2026/04/29 15:45:42,862000,11.496
2026/04/29 15:45:42,863000,11.496
2026/04/29 15:45:42,864000,11.493
2026/04/29 15:45:42,865000,11.493
2026/04/29 15:45:42,866000,11.493
2026/04/29 15:45:42,867000,11.496
2026/04/29 15:45:42,868000,11.493
2026/04/29 15:45:42,869000,11.504
2026/04/29 15:45:42,870000,11.501
2026/04/29 15:45:42,871000,11.499
2026/04/29 15:45:42,872000,11.496
2026/04/29 15:45:42,873000,11.501
2026/04/29 15:45:42,874000,11.490
2026/04/29 15:45:42,875000,11.493
2026/04/29 15:45:42,876000,11.493
2026/04/29 15:45:42,877000,11.499
2026/04/29 15:45:42,878000,11.499
2026/04/29 15:45:42,879000,11.493
2026/04/29 15:45:42,880000,11.501
2026/04/29 15:45:42,881000,11.496
2026/04/29 15:45:42,882000,11.490
2026/04/29 15:45:42,883000,11.493
2026/04/29 15:45:42,884000,11.499
2026/04/29 15:45:42,885000,11.493
2026/04/29 15:45:42,886000,11.501
2026/04/29 15:45:42,887000,11.487
2026/04/29 15:45:42,888000,11.499
2026/04/29 15:45:42,889000,11.499
2026/04/29 15:45:42,890000,11.493
2026/04/29 15:45:42,891000,11.499
2026/04/29 15:45:42,892000,11.493
2026/04/29 15:45:42,893000,11.499
2026/04/29 15:45:42,894000,11.499
2026/04/29 15:45:42,895000,11.499
2026/04/29 15:45:42,896000,11.499
2026/04/29 15:45:42,897000,11.501
2026/04/29 15:45:42,898000,11.501
2026/04/29 15:45:42,899000,11.499
2026/04/29 15:45:42,900000,11.493
2026/04/29 15:45:42,901000,11.493
2026/04/29 15:45:42,902000,11.499
2026/04/29 15:45:42,903000,11.490
2026/04/29 15:45:42,904000,11.499
2026/04/29 15:45:42,905000,11.493
2026/04/29 15:45:42,906000,11.499
2026/04/29 15:45:42,907000,11.493
2026/04/29 15:45:42,908000,11.496
2026/04/29 15:45:42,909000,11.501
2026/04/29 15:45:42,910000,11.490
2026/04/29 15:45:42,911000,11.496
2026/04/29 15:45:42,912000,11.499
2026/04/29 15:45:42,913000,11.501
2026/04/29 15:45:42,914000,11.496
2026/04/29 15:45:42,915000,11.499
2026/04/29 15:45:42,916000,11.504
2026/04/29 15:45:42,917000,11.501
2026/04/29 15:45:42,918000,11.496
2026/04/29 15:45:42,919000,11.504
2026/04/29 15:45:42,920000,11.493
2026/04/29 15:45:42,921000,11.501
2026/04/29 15:45:42,922000,11.501
2026/04/29 15:45:42,923000,11.493
2026/04/29 15:45:42,924000,11.490
2026/04/29 15:45:42,925000,11.493
2026/04/29 15:45:42,926000,11.499
2026/04/29 15:45:42,927000,11.496
2026/04/29 15:45:42,928000,11.499
2026/04/29 15:45:42,929000,11.493
2026/04/29 15:45:42,930000,11.501
2026/04/29 15:45:42,931000,11.499
2026/04/29 15:45:42,932000,11.496
2026/04/29 15:45:42,933000,11.504
2026/04/29 15:45:42,934000,11.493
2026/04/29 15:45:42,935000,11.496
2026/04/29 15:45:42,936000,11.496
2026/04/29 15:45:42,937000,11.493
2026/04/29 15:45:42,938000,11.499
2026/04/29 15:45:42,939000,11.499
2026/04/29 15:45:42,940000,11.499
2026/04/29 15:45:42,941000,11.501
2026/04/29 15:45:42,942000,11.499
2026/04/29 15:45:42,943000,11.493
2026/04/29 15:45:42,944000,11.493
2026/04/29 15:45:42,945000,11.496
2026/04/29 15:45:42,946000,11.493
2026/04/29 15:45:42,947000,11.499
2026/04/29 15:45:42,948000,11.490
2026/04/29 15:45:42,949000,11.490
2026/04/29 15:45:42,950000,11.501
2026/04/29 15:45:42,951000,11.501
2026/04/29 15:45:42,952000,11.499
2026/04/29 15:45:42,953000,11.501
2026/04/29 15:45:42,954000,11.493
2026/04/29 15:45:42,955000,11.496
2026/04/29 15:45:42,956000,11.499
2026/04/29 15:45:42,957000,11.496
2026/04/29 15:45:42,958000,11.493
2026/04/29 15:45:42,959000,11.496
2026/04/29 15:45:42,960000,11.499
2026/04/29 15:45:42,961000,11.501
2026/04/29 15:45:42,962000,11.499
2026/04/29 15:45:42,963000,11.496
2026/04/29 15:45:42,964000,11.499
2026/04/29 15:45:42,965000,11.496
2026/04/29 15:45:42,966000,11.496
2026/04/29 15:45:42,967000,11.496
2026/04/29 15:45:42,968000,11.496
2026/04/29 15:45:42,969000,11.499
2026/04/29 15:45:42,970000,11.490
2026/04/29 15:45:42,971000,11.490
2026/04/29 15:45:42,972000,11.499
2026/04/29 15:45:42,973000,11.501
2026/04/29 15:45:42,974000,11.493
2026/04/29 15:45:42,975000,11.496
2026/04/29 15:45:42,976000,11.490
2026/04/29 15:45:42,977000,11.499
2026/04/29 15:45:42,978000,11.499
2026/04/29 15:45:42,979000,11.493
2026/04/29 15:45:42,980000,11.493
2026/04/29 15:45:42,981000,11.499
2026/04/29 15:45:42,982000,11.496
2026/04/29 15:45:42,983000,11.493
2026/04/29 15:45:42,984000,11.499
2026/04/29 15:45:42,985000,11.504
2026/04/29 15:45:42,986000,11.499
2026/04/29 15:45:42,987000,11.493
2026/04/29 15:45:42,988000,11.496
2026/04/29 15:45:42,989000,11.493
2026/04/29 15:45:42,990000,11.493
2026/04/29 15:45:42,991000,11.493
2026/04/29 15:45:42,992000,11.490
2026/04/29 15:45:42,993000,11.499
2026/04/29 15:45:42,994000,11.496
2026/04/29 15:45:42,995000,11.499
2026/04/29 15:45:42,996000,11.504
2026/04/29 15:45:42,997000,11.493
2026/04/29 15:45:42,998000,11.493
2026/04/29 15:45:42,999000,11.496
2026/04/29 15:45:43,000000,11.493
2026/04/29 15:45:43,001000,11.496
2026/04/29 15:45:43,002000,11.493
2026/04/29 15:45:43,003000,11.501
2026/04/29 15:45:43,004000,11.501
2026/04/29 15:45:43,005000,11.499
2026/04/29 15:45:43,006000,11.499
2026/04/29 15:45:43,007000,11.501
2026/04/29 15:45:43,008000,11.501
2026/04/29 15:45:43,009000,11.490
2026/04/29 15:45:43,010000,11.496
2026/04/29 15:45:43,011000,11.510
2026/04/29 15:45:43,012000,11.496
2026/04/29 15:45:43,013000,11.493
2026/04/29 15:45:43,014000,11.501
2026/04/29 15:45:43,015000,11.499
2026/04/29 15:45:43,016000,11.499
2026/04/29 15:45:43,017000,11.496
2026/04/29 15:45:43,018000,11.499
2026/04/29 15:45:43,019000,11.493
2026/04/29 15:45:43,020000,11.501
2026/04/29 15:45:43,021000,11.496
2026/04/29 15:45:43,022000,11.501
2026/04/29 15:45:43,023000,11.504
2026/04/29 15:45:43,024000,11.504
2026/04/29 15:45:43,025000,11.499
2026/04/29 15:45:43,026000,11.501
2026/04/29 15:45:43,027000,11.493
2026/04/29 15:45:43,028000,11.501
2026/04/29 15:45:43,029000,11.493
2026/04/29 15:45:43,030000,11.493
2026/04/29 15:45:43,031000,11.490
2026/04/29 15:45:43,032000,11.501
2026/04/29 15:45:43,033000,11.499
2026/04/29 15:45:43,034000,11.501
2026/04/29 15:45:43,035000,11.496
2026/04/29 15:45:43,036000,11.501
2026/04/29 15:45:43,037000,11.496
2026/04/29 15:45:43,038000,11.499
2026/04/29 15:45:43,039000,11.496
2026/04/29 15:45:43,040000,11.501
2026/04/29 15:45:43,041000,11.499
2026/04/29 15:45:43,042000,11.496
2026/04/29 15:45:43,043000,11.496
2026/04/29 15:45:43,044000,11.496
2026/04/29 15:45:43,045000,11.496
2026/04/29 15:45:43,046000,11.496
2026/04/29 15:45:43,047000,11.499
2026/04/29 15:45:43,048000,11.499
2026/04/29 15:45:43,049000,11.501
2026/04/29 15:45:43,050000,11.496
2026/04/29 15:45:43,051000,11.496
2026/04/29 15:45:43,052000,11.496
2026/04/29 15:45:43,053000,11.501
2026/04/29 15:45:43,054000,11.501
2026/04/29 15:45:43,055000,11.501
2026/04/29 15:45:43,056000,11.499
2026/04/29 15:45:43,057000,11.490
2026/04/29 15:45:43,058000,11.501
2026/04/29 15:45:43,059000,11.493
2026/04/29 15:45:43,060000,11.496
2026/04/29 15:45:43,061000,11.496
2026/04/29 15:45:43,062000,11.499
2026/04/29 15:45:43,063000,11.499
2026/04/29 15:45:43,064000,11.499
2026/04/29 15:45:43,065000,11.504
2026/04/29 15:45:43,066000,11.504
2026/04/29 15:45:43,067000,11.493
2026/04/29 15:45:43,068000,11.496
2026/04/29 15:45:43,069000,11.501
2026/04/29 15:45:43,070000,11.496
2026/04/29 15:45:43,071000,11.499
2026/04/29 15:45:43,072000,11.493
2026/04/29 15:45:43,073000,11.493
2026/04/29 15:45:43,074000,11.499
2026/04/29 15:45:43,075000,11.496
2026/04/29 15:45:43,076000,11.499
2026/04/29 15:45:43,077000,11.493
2026/04/29 15:45:43,078000,11.501
2026/04/29 15:45:43,079000,11.504
2026/04/29 15:45:43,080000,11.490
2026/04/29 15:45:43,081000,11.501
2026/04/29 15:45:43,082000,11.499
2026/04/29 15:45:43,083000,11.496
2026/04/29 15:45:43,084000,11.499
2026/04/29 15:45:43,085000,11.499
2026/04/29 15:45:43,086000,11.501
2026/04/29 15:45:43,087000,11.496
2026/04/29 15:45:43,088000,11.499
2026/04/29 15:45:43,089000,11.499
2026/04/29 15:45:43,090000,11.496
2026/04/29 15:45:43,091000,11.493
2026/04/29 15:45:43,092000,11.496
2026/04/29 15:45:43,093000,11.496
2026/04/29 15:45:43,094000,11.496
2026/04/29 15:45:43,095000,11.496
2026/04/29 15:45:43,096000,11.493
2026/04/29 15:45:43,097000,11.499
2026/04/29 15:45:43,098000,11.501
2026/04/29 15:45:43,099000,11.504
2026/04/29 15:45:43,100000,11.501
2026/04/29 15:45:43,101000,11.501
2026/04/29 15:45:43,102000,11.499
2026/04/29 15:45:43,103000,11.496
2026/04/29 15:45:43,104000,11.499
2026/04/29 15:45:43,105000,11.499
2026/04/29 15:45:43,106000,11.499
2026/04/29 15:45:43,107000,11.493
2026/04/29 15:45:43,108000,11.496
2026/04/29 15:45:43,109000,11.499
2026/04/29 15:45:43,110000,11.499
2026/04/29 15:45:43,111000,11.499
2026/04/29 15:45:43,112000,11.501
2026/04/29 15:45:43,113000,11.493
2026/04/29 15:45:43,114000,11.496
2026/04/29 15:45:43,115000,11.501
2026/04/29 15:45:43,116000,11.499
2026/04/29 15:45:43,117000,11.501
2026/04/29 15:45:43,118000,11.493
2026/04/29 15:45:43,119000,11.496
2026/04/29 15:45:43,120000,11.501
2026/04/29 15:45:43,121000,11.496
2026/04/29 15:45:43,122000,11.493
2026/04/29 15:45:43,123000,11.496
2026/04/29 15:45:43,124000,11.490
2026/04/29 15:45:43,125000,11.499
2026/04/29 15:45:43,126000,11.499
2026/04/29 15:45:43,127000,11.501
2026/04/29 15:45:43,128000,11.499
2026/04/29 15:45:43,129000,11.496
2026/04/29 15:45:43,130000,11.499
2026/04/29 15:45:43,131000,11.499
2026/04/29 15:45:43,132000,11.499
2026/04/29 15:45:43,133000,11.501
2026/04/29 15:45:43,134000,11.501
2026/04/29 15:45:43,135000,11.499
2026/04/29 15:45:43,136000,11.496
2026/04/29 15:45:43,137000,11.499
2026/04/29 15:45:43,138000,11.493
2026/04/29 15:45:43,139000,11.496
2026/04/29 15:45:43,140000,11.499
2026/04/29 15:45:43,141000,11.499
2026/04/29 15:45:43,142000,11.499
2026/04/29 15:45:43,143000,11.501
2026/04/29 15:45:43,144000,11.496
2026/04/29 15:45:43,145000,11.499
2026/04/29 15:45:43,146000,11.501
2026/04/29 15:45:43,147000,11.499
2026/04/29 15:45:43,148000,11.496
2026/04/29 15:45:43,149000,11.501
2026/04/29 15:45:43,150000,11.499
2026/04/29 15:45:43,151000,11.499
2026/04/29 15:45:43,152000,11.493
2026/04/29 15:45:43,153000,11.499
2026/04/29 15:45:43,154000,11.496
2026/04/29 15:45:43,155000,11.496
2026/04/29 15:45:43,156000,11.499
2026/04/29 15:45:43,157000,11.496
2026/04/29 15:45:43,158000,11.501
2026/04/29 15:45:43,159000,11.501
2026/04/29 15:45:43,160000,11.499
2026/04/29 15:45:43,161000,11.499
2026/04/29 15:45:43,162000,11.499
2026/04/29 15:45:43,163000,11.499
2026/04/29 15:45:43,164000,11.507
2026/04/29 15:45:43,165000,11.501
2026/04/29 15:45:43,166000,11.496
2026/04/29 15:45:43,167000,11.501
2026/04/29 15:45:43,168000,11.493
2026/04/29 15:45:43,169000,11.499
2026/04/29 15:45:43,170000,11.490
2026/04/29 15:45:43,171000,11.493
2026/04/29 15:45:43,172000,11.490
2026/04/29 15:45:43,173000,11.496
2026/04/29 15:45:43,174000,11.501
2026/04/29 15:45:43,175000,11.496
2026/04/29 15:45:43,176000,11.499
2026/04/29 15:45:43,177000,11.499
2026/04/29 15:45:43,178000,11.496
2026/04/29 15:45:43,179000,11.499
2026/04/29 15:45:43,180000,11.496
2026/04/29 15:45:43,181000,11.496
2026/04/29 15:45:43,182000,11.493
2026/04/29 15:45:43,183000,11.499
2026/04/29 15:45:43,184000,11.496
2026/04/29 15:45:43,185000,11.493
2026/04/29 15:45:43,186000,11.501
2026/04/29 15:45:43,187000,11.499
2026/04/29 15:45:43,188000,11.493
2026/04/29 15:45:43,189000,11.499
2026/04/29 15:45:43,190000,11.493
2026/04/29 15:45:43,191000,11.499
2026/04/29 15:45:43,192000,11.493
2026/04/29 15:45:43,193000,11.493
2026/04/29 15:45:43,194000,11.499
2026/04/29 15:45:43,195000,11.499
2026/04/29 15:45:43,196000,11.499
2026/04/29 15:45:43,197000,11.496
2026/04/29 15:45:43,198000,11.504
2026/04/29 15:45:43,199000,11.499
2026/04/29 15:45:43,200000,11.501
2026/04/29 15:45:43,201000,11.499
2026/04/29 15:45:43,202000,11.499
2026/04/29 15:45:43,203000,11.496
2026/04/29 15:45:43,204000,11.499
2026/04/29 15:45:43,205000,11.496
2026/04/29 15:45:43,206000,11.504
2026/04/29 15:45:43,207000,11.496
2026/04/29 15:45:43,208000,11.499
2026/04/29 15:45:43,209000,11.493
2026/04/29 15:45:43,210000,11.493
2026/04/29 15:45:43,211000,11.496
2026/04/29 15:45:43,212000,11.501
2026/04/29 15:45:43,213000,11.496
2026/04/29 15:45:43,214000,11.504
2026/04/29 15:45:43,215000,11.493
2026/04/29 15:45:43,216000,11.499
2026/04/29 15:45:43,217000,11.499
2026/04/29 15:45:43,218000,11.493
2026/04/29 15:45:43,219000,11.493
2026/04/29 15:45:43,220000,11.501
2026/04/29 15:45:43,221000,11.493
2026/04/29 15:45:43,222000,11.499
2026/04/29 15:45:43,223000,11.496
2026/04/29 15:45:43,224000,11.496
2026/04/29 15:45:43,225000,11.499
2026/04/29 15:45:43,226000,11.499
2026/04/29 15:45:43,227000,11.496
2026/04/29 15:45:43,228000,11.499
2026/04/29 15:45:43,229000,11.499
2026/04/29 15:45:43,230000,11.496
2026/04/29 15:45:43,231000,11.490
2026/04/29 15:45:43,232000,11.499
2026/04/29 15:45:43,233000,11.493
2026/04/29 15:45:43,234000,11.499
2026/04/29 15:45:43,235000,11.493
2026/04/29 15:45:43,236000,11.496
2026/04/29 15:45:43,237000,11.493
2026/04/29 15:45:43,238000,11.499
2026/04/29 15:45:43,239000,11.501
2026/04/29 15:45:43,240000,11.499
2026/04/29 15:45:43,241000,11.496
2026/04/29 15:45:43,242000,11.499
2026/04/29 15:45:43,243000,11.496
2026/04/29 15:45:43,244000,11.493
2026/04/29 15:45:43,245000,11.493
2026/04/29 15:45:43,246000,11.501
2026/04/29 15:45:43,247000,11.499
2026/04/29 15:45:43,248000,11.499
2026/04/29 15:45:43,249000,11.499
2026/04/29 15:45:43,250000,11.501
2026/04/29 15:45:43,251000,11.493
2026/04/29 15:45:43,252000,11.499
2026/04/29 15:45:43,253000,11.493
2026/04/29 15:45:43,254000,11.499
2026/04/29 15:45:43,255000,11.496
2026/04/29 15:45:43,256000,11.496
2026/04/29 15:45:43,257000,11.501
2026/04/29 15:45:43,258000,11.501
2026/04/29 15:45:43,259000,11.493
2026/04/29 15:45:43,260000,11.501
2026/04/29 15:45:43,261000,11.496
2026/04/29 15:45:43,262000,11.501
2026/04/29 15:45:43,263000,11.501
2026/04/29 15:45:43,264000,11.496
2026/04/29 15:45:43,265000,11.499
2026/04/29 15:45:43,266000,11.501
2026/04/29 15:45:43,267000,11.501
2026/04/29 15:45:43,268000,11.499
2026/04/29 15:45:43,269000,11.493
2026/04/29 15:45:43,270000,11.490
2026/04/29 15:45:43,271000,11.496
2026/04/29 15:45:43,272000,11.496
2026/04/29 15:45:43,273000,11.504
2026/04/29 15:45:43,274000,11.490
2026/04/29 15:45:43,275000,11.501
2026/04/29 15:45:43,276000,11.499
2026/04/29 15:45:43,277000,11.496
2026/04/29 15:45:43,278000,11.496
2026/04/29 15:45:43,279000,11.496
2026/04/29 15:45:43,280000,11.493
2026/04/29 15:45:43,281000,11.501
2026/04/29 15:45:43,282000,11.496
2026/04/29 15:45:43,283000,11.501
2026/04/29 15:45:43,284000,11.504
2026/04/29 15:45:43,285000,11.499
2026/04/29 15:45:43,286000,11.499
2026/04/29 15:45:43,287000,11.493
2026/04/29 15:45:43,288000,11.493
2026/04/29 15:45:43,289000,11.499
2026/04/29 15:45:43,290000,11.499
2026/04/29 15:45:43,291000,11.493
2026/04/29 15:45:43,292000,11.496
2026/04/29 15:45:43,293000,11.496
2026/04/29 15:45:43,294000,11.496
2026/04/29 15:45:43,295000,11.499
2026/04/29 15:45:43,296000,11.499
2026/04/29 15:45:43,297000,11.499
2026/04/29 15:45:43,298000,11.499
2026/04/29 15:45:43,299000,11.493
2026/04/29 15:45:43,300000,11.493
2026/04/29 15:45:43,301000,11.499
2026/04/29 15:45:43,302000,11.496
2026/04/29 15:45:43,303000,11.493
2026/04/29 15:45:43,304000,11.499
2026/04/29 15:45:43,305000,11.493
2026/04/29 15:45:43,306000,11.499
2026/04/29 15:45:43,307000,11.496
2026/04/29 15:45:43,308000,11.493
2026/04/29 15:45:43,309000,11.493
2026/04/29 15:45:43,310000,11.493
2026/04/29 15:45:43,311000,11.499
2026/04/29 15:45:43,312000,11.496
2026/04/29 15:45:43,313000,11.496
2026/04/29 15:45:43,314000,11.496
2026/04/29 15:45:43,315000,11.496
2026/04/29 15:45:43,316000,11.499
2026/04/29 15:45:43,317000,11.496
2026/04/29 15:45:43,318000,11.493
2026/04/29 15:45:43,319000,11.493
2026/04/29 15:45:43,320000,11.496
2026/04/29 15:45:43,321000,11.499
2026/04/29 15:45:43,322000,11.504
2026/04/29 15:45:43,323000,11.496
2026/04/29 15:45:43,324000,11.496
2026/04/29 15:45:43,325000,11.499
2026/04/29 15:45:43,326000,11.501
2026/04/29 15:45:43,327000,11.499
2026/04/29 15:45:43,328000,11.493
2026/04/29 15:45:43,329000,11.496
2026/04/29 15:45:43,330000,11.493
2026/04/29 15:45:43,331000,11.496
2026/04/29 15:45:43,332000,11.490
2026/04/29 15:45:43,333000,11.496
2026/04/29 15:45:43,334000,11.499
2026/04/29 15:45:43,335000,11.499
2026/04/29 15:45:43,336000,11.499
2026/04/29 15:45:43,337000,11.496
2026/04/29 15:45:43,338000,11.504
2026/04/29 15:45:43,339000,11.499
2026/04/29 15:45:43,340000,11.496
2026/04/29 15:45:43,341000,11.501
2026/04/29 15:45:43,342000,11.493
2026/04/29 15:45:43,343000,11.499
2026/04/29 15:45:43,344000,11.493
2026/04/29 15:45:43,345000,11.493
2026/04/29 15:45:43,346000,11.501
2026/04/29 15:45:43,347000,11.499
2026/04/29 15:45:43,348000,11.501
2026/04/29 15:45:43,349000,11.493
2026/04/29 15:45:43,350000,11.499
2026/04/29 15:45:43,351000,11.493
2026/04/29 15:45:43,352000,11.499
2026/04/29 15:45:43,353000,11.501
2026/04/29 15:45:43,354000,11.496
2026/04/29 15:45:43,355000,11.496
2026/04/29 15:45:43,356000,11.501
2026/04/29 15:45:43,357000,11.501
2026/04/29 15:45:43,358000,11.501
2026/04/29 15:45:43,359000,11.496
2026/04/29 15:45:43,360000,11.499
2026/04/29 15:45:43,361000,11.496
2026/04/29 15:45:43,362000,11.493
2026/04/29 15:45:43,363000,11.496
2026/04/29 15:45:43,364000,11.499
2026/04/29 15:45:43,365000,11.499
2026/04/29 15:45:43,366000,11.499
2026/04/29 15:45:43,367000,11.501
2026/04/29 15:45:43,368000,11.501
2026/04/29 15:45:43,369000,11.499
2026/04/29 15:45:43,370000,11.496
2026/04/29 15:45:43,371000,11.499
2026/04/29 15:45:43,372000,11.496
2026/04/29 15:45:43,373000,11.493
2026/04/29 15:45:43,374000,11.496
2026/04/29 15:45:43,375000,11.493
2026/04/29 15:45:43,376000,11.504
2026/04/29 15:45:43,377000,11.496
2026/04/29 15:45:43,378000,11.496
2026/04/29 15:45:43,379000,11.496
2026/04/29 15:45:43,380000,11.493
2026/04/29 15:45:43,381000,11.496
2026/04/29 15:45:43,382000,11.501
2026/04/29 15:45:43,383000,11.501
2026/04/29 15:45:43,384000,11.499
2026/04/29 15:45:43,385000,11.496
2026/04/29 15:45:43,386000,11.501
2026/04/29 15:45:43,387000,11.499
2026/04/29 15:45:43,388000,11.496
2026/04/29 15:45:43,389000,11.499
2026/04/29 15:45:43,390000,11.496
2026/04/29 15:45:43,391000,11.496
2026/04/29 15:45:43,392000,11.496
2026/04/29 15:45:43,393000,11.501
2026/04/29 15:45:43,394000,11.496
2026/04/29 15:45:43,395000,11.493
2026/04/29 15:45:43,396000,11.493
2026/04/29 15:45:43,397000,11.501
2026/04/29 15:45:43,398000,11.493
2026/04/29 15:45:43,399000,11.499
2026/04/29 15:45:43,400000,11.493
2026/04/29 15:45:43,401000,11.496
2026/04/29 15:45:43,402000,11.493
2026/04/29 15:45:43,403000,11.496
2026/04/29 15:45:43,404000,11.490
2026/04/29 15:45:43,405000,11.493
2026/04/29 15:45:43,406000,11.493
2026/04/29 15:45:43,407000,11.496
2026/04/29 15:45:43,408000,11.493
2026/04/29 15:45:43,409000,11.496
2026/04/29 15:45:43,410000,11.499
2026/04/29 15:45:43,411000,11.501
2026/04/29 15:45:43,412000,11.499
2026/04/29 15:45:43,413000,11.493
2026/04/29 15:45:43,414000,11.499
2026/04/29 15:45:43,415000,11.499
2026/04/29 15:45:43,416000,11.496
2026/04/29 15:45:43,417000,11.501
2026/04/29 15:45:43,418000,11.499
2026/04/29 15:45:43,419000,11.499
2026/04/29 15:45:43,420000,11.499
2026/04/29 15:45:43,421000,11.501
2026/04/29 15:45:43,422000,11.499
2026/04/29 15:45:43,423000,11.496
2026/04/29 15:45:43,424000,11.493
2026/04/29 15:45:43,425000,11.496
2026/04/29 15:45:43,426000,11.493
2026/04/29 15:45:43,427000,11.499
2026/04/29 15:45:43,428000,11.496
2026/04/29 15:45:43,429000,11.499
2026/04/29 15:45:43,430000,11.501
2026/04/29 15:45:43,431000,11.496
2026/04/29 15:45:43,432000,11.496
2026/04/29 15:45:43,433000,11.499
2026/04/29 15:45:43,434000,11.493
2026/04/29 15:45:43,435000,11.499
2026/04/29 15:45:43,436000,11.493
2026/04/29 15:45:43,437000,11.493
2026/04/29 15:45:43,438000,11.496
2026/04/29 15:45:43,439000,11.493
2026/04/29 15:45:43,440000,11.496
2026/04/29 15:45:43,441000,11.499
2026/04/29 15:45:43,442000,11.496
2026/04/29 15:45:43,443000,11.501
2026/04/29 15:45:43,444000,11.496
2026/04/29 15:45:43,445000,11.496
2026/04/29 15:45:43,446000,11.501
2026/04/29 15:45:43,447000,11.493
2026/04/29 15:45:43,448000,11.499
2026/04/29 15:45:43,449000,11.501
2026/04/29 15:45:43,450000,11.496
2026/04/29 15:45:43,451000,11.504
2026/04/29 15:45:43,452000,11.493
2026/04/29 15:45:43,453000,11.499
2026/04/29 15:45:43,454000,11.496
2026/04/29 15:45:43,455000,11.493
2026/04/29 15:45:43,456000,11.490
2026/04/29 15:45:43,457000,11.499
2026/04/29 15:45:43,458000,11.499
2026/04/29 15:45:43,459000,11.493
2026/04/29 15:45:43,460000,11.499
2026/04/29 15:45:43,461000,11.501
2026/04/29 15:45:43,462000,11.499
2026/04/29 15:45:43,463000,11.496
2026/04/29 15:45:43,464000,11.496
2026/04/29 15:45:43,465000,11.499
2026/04/29 15:45:43,466000,11.499
2026/04/29 15:45:43,467000,11.496
2026/04/29 15:45:43,468000,11.499
2026/04/29 15:45:43,469000,11.499
2026/04/29 15:45:43,470000,11.496
2026/04/29 15:45:43,471000,11.493
2026/04/29 15:45:43,472000,11.499
2026/04/29 15:45:43,473000,11.499
2026/04/29 15:45:43,474000,11.501
2026/04/29 15:45:43,475000,11.501
2026/04/29 15:45:43,476000,11.493
2026/04/29 15:45:43,477000,11.501
2026/04/29 15:45:43,478000,11.496
2026/04/29 15:45:43,479000,11.499
2026/04/29 15:45:43,480000,11.493
2026/04/29 15:45:43,481000,11.496
2026/04/29 15:45:43,482000,11.499
2026/04/29 15:45:43,483000,11.499
2026/04/29 15:45:43,484000,11.501
2026/04/29 15:45:43,485000,11.490
2026/04/29 15:45:43,486000,11.496
2026/04/29 15:45:43,487000,11.499
2026/04/29 15:45:43,488000,11.501
2026/04/29 15:45:43,489000,11.499
2026/04/29 15:45:43,490000,11.501
2026/04/29 15:45:43,491000,11.501
2026/04/29 15:45:43,492000,11.499
2026/04/29 15:45:43,493000,11.496
2026/04/29 15:45:43,494000,11.496
2026/04/29 15:45:43,495000,11.493
2026/04/29 15:45:43,496000,11.501
2026/04/29 15:45:43,497000,11.496
2026/04/29 15:45:43,498000,11.499
2026/04/29 15:45:43,499000,11.496
2026/04/29 15:45:43,500000,11.499
2026/04/29 15:45:43,501000,11.499
2026/04/29 15:45:43,502000,11.493
2026/04/29 15:45:43,503000,11.504
2026/04/29 15:45:43,504000,11.496
2026/04/29 15:45:43,505000,11.493
2026/04/29 15:45:43,506000,11.499
2026/04/29 15:45:43,507000,11.493
2026/04/29 15:45:43,508000,11.499
2026/04/29 15:45:43,509000,11.501
2026/04/29 15:45:43,510000,11.501
2026/04/29 15:45:43,511000,11.504
2026/04/29 15:45:43,512000,11.496
2026/04/29 15:45:43,513000,11.501
2026/04/29 15:45:43,514000,11.501
2026/04/29 15:45:43,515000,11.496
2026/04/29 15:45:43,516000,11.496
2026/04/29 15:45:43,517000,11.496
2026/04/29 15:45:43,518000,11.496
2026/04/29 15:45:43,519000,11.499
2026/04/29 15:45:43,520000,11.499
2026/04/29 15:45:43,521000,11.499
2026/04/29 15:45:43,522000,11.501
2026/04/29 15:45:43,523000,11.496
2026/04/29 15:45:43,524000,11.493
2026/04/29 15:45:43,525000,11.501
2026/04/29 15:45:43,526000,11.504
2026/04/29 15:45:43,527000,11.499
2026/04/29 15:45:43,528000,11.496
2026/04/29 15:45:43,529000,11.504
2026/04/29 15:45:43,530000,11.493
2026/04/29 15:45:43,531000,11.504
2026/04/29 15:45:43,532000,11.499
2026/04/29 15:45:43,533000,11.496
2026/04/29 15:45:43,534000,11.493
2026/04/29 15:45:43,535000,11.499
2026/04/29 15:45:43,536000,11.499
2026/04/29 15:45:43,537000,11.496
2026/04/29 15:45:43,538000,11.499
2026/04/29 15:45:43,539000,11.496
2026/04/29 15:45:43,540000,11.501
2026/04/29 15:45:43,541000,11.496
2026/04/29 15:45:43,542000,11.501
2026/04/29 15:45:43,543000,11.504
2026/04/29 15:45:43,544000,11.496
2026/04/29 15:45:43,545000,11.501
2026/04/29 15:45:43,546000,11.499
2026/04/29 15:45:43,547000,11.499
2026/04/29 15:45:43,548000,11.504
2026/04/29 15:45:43,549000,11.499
2026/04/29 15:45:43,550000,11.499
2026/04/29 15:45:43,551000,11.493
2026/04/29 15:45:43,552000,11.499
2026/04/29 15:45:43,553000,11.501
2026/04/29 15:45:43,554000,11.499
2026/04/29 15:45:43,555000,11.496
2026/04/29 15:45:43,556000,11.493
2026/04/29 15:45:43,557000,11.499
2026/04/29 15:45:43,558000,11.493
2026/04/29 15:45:43,559000,11.493
2026/04/29 15:45:43,560000,11.501
2026/04/29 15:45:43,561000,11.499
2026/04/29 15:45:43,562000,11.504
2026/04/29 15:45:43,563000,11.496
2026/04/29 15:45:43,564000,11.501
2026/04/29 15:45:43,565000,11.493
2026/04/29 15:45:43,566000,11.499
2026/04/29 15:45:43,567000,11.490
2026/04/29 15:45:43,568000,11.501
2026/04/29 15:45:43,569000,11.504
2026/04/29 15:45:43,570000,11.499
2026/04/29 15:45:43,571000,11.496
2026/04/29 15:45:43,572000,11.493
2026/04/29 15:45:43,573000,11.499
2026/04/29 15:45:43,574000,11.487
2026/04/29 15:45:43,575000,11.493
2026/04/29 15:45:43,576000,11.496
2026/04/29 15:45:43,577000,11.493
2026/04/29 15:45:43,578000,11.501
2026/04/29 15:45:43,579000,11.501
2026/04/29 15:45:43,580000,11.493
2026/04/29 15:45:43,581000,11.493
2026/04/29 15:45:43,582000,11.499
2026/04/29 15:45:43,583000,11.496
2026/04/29 15:45:43,584000,11.493
2026/04/29 15:45:43,585000,11.501
2026/04/29 15:45:43,586000,11.499
2026/04/29 15:45:43,587000,11.499
2026/04/29 15:45:43,588000,11.499
2026/04/29 15:45:43,589000,11.490
2026/04/29 15:45:43,590000,11.496
2026/04/29 15:45:43,591000,11.499
2026/04/29 15:45:43,592000,11.493
2026/04/29 15:45:43,593000,11.496
2026/04/29 15:45:43,594000,11.496
2026/04/29 15:45:43,595000,11.501
2026/04/29 15:45:43,596000,11.501
2026/04/29 15:45:43,597000,11.496
2026/04/29 15:45:43,598000,11.496
2026/04/29 15:45:43,599000,11.499
2026/04/29 15:45:43,600000,11.501
2026/04/29 15:45:43,601000,11.493
2026/04/29 15:45:43,602000,11.501
2026/04/29 15:45:43,603000,11.496
2026/04/29 15:45:43,604000,11.493
2026/04/29 15:45:43,605000,11.496
2026/04/29 15:45:43,606000,11.493
2026/04/29 15:45:43,607000,11.499
2026/04/29 15:45:43,608000,11.496
2026/04/29 15:45:43,609000,11.493
2026/04/29 15:45:43,610000,11.496
2026/04/29 15:45:43,611000,11.493
2026/04/29 15:45:43,612000,11.493
2026/04/29 15:45:43,613000,11.499
2026/04/29 15:45:43,614000,11.496
2026/04/29 15:45:43,615000,11.496
2026/04/29 15:45:43,616000,11.499
2026/04/29 15:45:43,617000,11.499
2026/04/29 15:45:43,618000,11.501
2026/04/29 15:45:43,619000,11.496
2026/04/29 15:45:43,620000,11.496
2026/04/29 15:45:43,621000,11.499
2026/04/29 15:45:43,622000,11.496
2026/04/29 15:45:43,623000,11.496
2026/04/29 15:45:43,624000,11.496
2026/04/29 15:45:43,625000,11.496
2026/04/29 15:45:43,626000,11.490
2026/04/29 15:45:43,627000,11.499
2026/04/29 15:45:43,628000,11.499
2026/04/29 15:45:43,629000,11.496
2026/04/29 15:45:43,630000,11.499
2026/04/29 15:45:43,631000,11.490
2026/04/29 15:45:43,632000,11.496
2026/04/29 15:45:43,633000,11.499
2026/04/29 15:45:43,634000,11.496
2026/04/29 15:45:43,635000,11.499
2026/04/29 15:45:43,636000,11.493
2026/04/29 15:45:43,637000,11.499
2026/04/29 15:45:43,638000,11.499
2026/04/29 15:45:43,639000,11.490
2026/04/29 15:45:43,640000,11.490
2026/04/29 15:45:43,641000,11.499
2026/04/29 15:45:43,642000,11.496
2026/04/29 15:45:43,643000,11.490
2026/04/29 15:45:43,644000,11.499
2026/04/29 15:45:43,645000,11.493
2026/04/29 15:45:43,646000,11.493
2026/04/29 15:45:43,647000,11.496
2026/04/29 15:45:43,648000,11.493
2026/04/29 15:45:43,649000,11.493
2026/04/29 15:45:43,650000,11.496
2026/04/29 15:45:43,651000,11.499
2026/04/29 15:45:43,652000,11.501
2026/04/29 15:45:43,653000,11.496
2026/04/29 15:45:43,654000,11.499
2026/04/29 15:45:43,655000,11.501
2026/04/29 15:45:43,656000,11.501
2026/04/29 15:45:43,657000,11.493
2026/04/29 15:45:43,658000,11.493
2026/04/29 15:45:43,659000,11.493
2026/04/29 15:45:43,660000,11.504
2026/04/29 15:45:43,661000,11.496
2026/04/29 15:45:43,662000,11.504
2026/04/29 15:45:43,663000,11.499
2026/04/29 15:45:43,664000,11.501
2026/04/29 15:45:43,665000,11.501
2026/04/29 15:45:43,666000,11.499
2026/04/29 15:45:43,667000,11.493
2026/04/29 15:45:43,668000,11.501
2026/04/29 15:45:43,669000,11.501
2026/04/29 15:45:43,670000,11.493
2026/04/29 15:45:43,671000,11.504
2026/04/29 15:45:43,672000,11.499
2026/04/29 15:45:43,673000,11.496
2026/04/29 15:45:43,674000,11.496
2026/04/29 15:45:43,675000,11.493
2026/04/29 15:45:43,676000,11.496
2026/04/29 15:45:43,677000,11.499
2026/04/29 15:45:43,678000,11.493
2026/04/29 15:45:43,679000,11.501
2026/04/29 15:45:43,680000,11.496
2026/04/29 15:45:43,681000,11.499
2026/04/29 15:45:43,682000,11.501
2026/04/29 15:45:43,683000,11.499
2026/04/29 15:45:43,684000,11.490
2026/04/29 15:45:43,685000,11.504
2026/04/29 15:45:43,686000,11.496
2026/04/29 15:45:43,687000,11.501
2026/04/29 15:45:43,688000,11.493
2026/04/29 15:45:43,689000,11.493
2026/04/29 15:45:43,690000,11.501
2026/04/29 15:45:43,691000,11.499
2026/04/29 15:45:43,692000,11.501
2026/04/29 15:45:43,693000,11.496
2026/04/29 15:45:43,694000,11.493
2026/04/29 15:45:43,695000,11.501
2026/04/29 15:45:43,696000,11.493
2026/04/29 15:45:43,697000,11.501
2026/04/29 15:45:43,698000,11.499
2026/04/29 15:45:43,699000,11.504
2026/04/29 15:45:43,700000,11.493
2026/04/29 15:45:43,701000,11.490
2026/04/29 15:45:43,702000,11.499
2026/04/29 15:45:43,703000,11.499
2026/04/29 15:45:43,704000,11.499
2026/04/29 15:45:43,705000,11.490
2026/04/29 15:45:43,706000,11.496
2026/04/29 15:45:43,707000,11.496
2026/04/29 15:45:43,708000,11.493
2026/04/29 15:45:43,709000,11.501
2026/04/29 15:45:43,710000,11.499
2026/04/29 15:45:43,711000,11.504
2026/04/29 15:45:43,712000,11.493
2026/04/29 15:45:43,713000,11.496
2026/04/29 15:45:43,714000,11.496
2026/04/29 15:45:43,715000,11.496
2026/04/29 15:45:43,716000,11.496
2026/04/29 15:45:43,717000,11.493
2026/04/29 15:45:43,718000,11.496
2026/04/29 15:45:43,719000,11.490
2026/04/29 15:45:43,720000,11.493
2026/04/29 15:45:43,721000,11.499
2026/04/29 15:45:43,722000,11.496
2026/04/29 15:45:43,723000,11.490
2026/04/29 15:45:43,724000,11.499
2026/04/29 15:45:43,725000,11.501
2026/04/29 15:45:43,726000,11.493
2026/04/29 15:45:43,727000,11.501
2026/04/29 15:45:43,728000,11.499
2026/04/29 15:45:43,729000,11.496
2026/04/29 15:45:43,730000,11.493
2026/04/29 15:45:43,731000,11.493
2026/04/29 15:45:43,732000,11.493
2026/04/29 15:45:43,733000,11.499
2026/04/29 15:45:43,734000,11.496
2026/04/29 15:45:43,735000,11.493
2026/04/29 15:45:43,736000,11.499
2026/04/29 15:45:43,737000,11.493
2026/04/29 15:45:43,738000,11.493
2026/04/29 15:45:43,739000,11.493
2026/04/29 15:45:43,740000,11.490
2026/04/29 15:45:43,741000,11.493
2026/04/29 15:45:43,742000,11.504
2026/04/29 15:45:43,743000,11.499
2026/04/29 15:45:43,744000,11.501
2026/04/29 15:45:43,745000,11.499
2026/04/29 15:45:43,746000,11.493
2026/04/29 15:45:43,747000,11.496
2026/04/29 15:45:43,748000,11.493
2026/04/29 15:45:43,749000,11.499
2026/04/29 15:45:43,750000,11.490
2026/04/29 15:45:43,751000,11.493
2026/04/29 15:45:43,752000,11.499
2026/04/29 15:45:43,753000,11.496
2026/04/29 15:45:43,754000,11.493
2026/04/29 15:45:43,755000,11.499
2026/04/29 15:45:43,756000,11.501
2026/04/29 15:45:43,757000,11.499
2026/04/29 15:45:43,758000,11.499
2026/04/29 15:45:43,759000,11.501
2026/04/29 15:45:43,760000,11.504
2026/04/29 15:45:43,761000,11.499
2026/04/29 15:45:43,762000,11.490
2026/04/29 15:45:43,763000,11.493
2026/04/29 15:45:43,764000,11.493
2026/04/29 15:45:43,765000,11.496
2026/04/29 15:45:43,766000,11.499
2026/04/29 15:45:43,767000,11.499
2026/04/29 15:45:43,768000,11.493
2026/04/29 15:45:43,769000,11.496
2026/04/29 15:45:43,770000,11.496
2026/04/29 15:45:43,771000,11.493
2026/04/29 15:45:43,772000,11.499
2026/04/29 15:45:43,773000,11.493
2026/04/29 15:45:43,774000,11.493
2026/04/29 15:45:43,775000,11.496
2026/04/29 15:45:43,776000,11.504
2026/04/29 15:45:43,777000,11.499
2026/04/29 15:45:43,778000,11.499
2026/04/29 15:45:43,779000,11.496
2026/04/29 15:45:43,780000,11.493
2026/04/29 15:45:43,781000,11.493
2026/04/29 15:45:43,782000,11.485
2026/04/29 15:45:43,783000,11.496
2026/04/29 15:45:43,784000,11.493
2026/04/29 15:45:43,785000,11.499
2026/04/29 15:45:43,786000,11.496
2026/04/29 15:45:43,787000,11.493
2026/04/29 15:45:43,788000,11.499
2026/04/29 15:45:43,789000,11.501
2026/04/29 15:45:43,790000,11.501
2026/04/29 15:45:43,791000,11.496
2026/04/29 15:45:43,792000,11.493
2026/04/29 15:45:43,793000,11.493
2026/04/29 15:45:43,794000,11.501
2026/04/29 15:45:43,795000,11.499
2026/04/29 15:45:43,796000,11.499
2026/04/29 15:45:43,797000,11.496
2026/04/29 15:45:43,798000,11.499
2026/04/29 15:45:43,799000,11.501
2026/04/29 15:45:43,800000,11.499
2026/04/29 15:45:43,801000,11.496
2026/04/29 15:45:43,802000,11.496
2026/04/29 15:45:43,803000,11.496
2026/04/29 15:45:43,804000,11.501
2026/04/29 15:45:43,805000,11.496
2026/04/29 15:45:43,806000,11.493
2026/04/29 15:45:43,807000,11.499
2026/04/29 15:45:43,808000,11.501
2026/04/29 15:45:43,809000,11.493
2026/04/29 15:45:43,810000,11.501
2026/04/29 15:45:43,811000,11.493
2026/04/29 15:45:43,812000,11.499
2026/04/29 15:45:43,813000,11.499
2026/04/29 15:45:43,814000,11.499
2026/04/29 15:45:43,815000,11.496
2026/04/29 15:45:43,816000,11.499
2026/04/29 15:45:43,817000,11.493
2026/04/29 15:45:43,818000,11.501
2026/04/29 15:45:43,819000,11.501
2026/04/29 15:45:43,820000,11.493
2026/04/29 15:45:43,821000,11.496
2026/04/29 15:45:43,822000,11.493
2026/04/29 15:45:43,823000,11.501
2026/04/29 15:45:43,824000,11.496
2026/04/29 15:45:43,825000,11.504
2026/04/29 15:45:43,826000,11.493
2026/04/29 15:45:43,827000,11.499
2026/04/29 15:45:43,828000,11.499
2026/04/29 15:45:43,829000,11.493
2026/04/29 15:45:43,830000,11.493
2026/04/29 15:45:43,831000,11.499
2026/04/29 15:45:43,832000,11.496
2026/04/29 15:45:43,833000,11.499
2026/04/29 15:45:43,834000,11.501
2026/04/29 15:45:43,835000,11.499
2026/04/29 15:45:43,836000,11.493
2026/04/29 15:45:43,837000,11.496
2026/04/29 15:45:43,838000,11.499
2026/04/29 15:45:43,839000,11.499
2026/04/29 15:45:43,840000,11.499
2026/04/29 15:45:43,841000,11.496
2026/04/29 15:45:43,842000,11.499
2026/04/29 15:45:43,843000,11.496
2026/04/29 15:45:43,844000,11.493
2026/04/29 15:45:43,845000,11.496
2026/04/29 15:45:43,846000,11.496
2026/04/29 15:45:43,847000,11.496
2026/04/29 15:45:43,848000,11.496
2026/04/29 15:45:43,849000,11.493
2026/04/29 15:45:43,850000,11.499
2026/04/29 15:45:43,851000,11.496
2026/04/29 15:45:43,852000,11.496
2026/04/29 15:45:43,853000,11.499
2026/04/29 15:45:43,854000,11.493
2026/04/29 15:45:43,855000,11.499
2026/04/29 15:45:43,856000,11.496
2026/04/29 15:45:43,857000,11.490
2026/04/29 15:45:43,858000,11.493
2026/04/29 15:45:43,859000,11.496
2026/04/29 15:45:43,860000,11.501
2026/04/29 15:45:43,861000,11.499
2026/04/29 15:45:43,862000,11.501
2026/04/29 15:45:43,863000,11.499
2026/04/29 15:45:43,864000,11.499
2026/04/29 15:45:43,865000,11.504
2026/04/29 15:45:43,866000,11.496
2026/04/29 15:45:43,867000,11.496
2026/04/29 15:45:43,868000,11.496
2026/04/29 15:45:43,869000,11.496
2026/04/29 15:45:43,870000,11.496
2026/04/29 15:45:43,871000,11.499
2026/04/29 15:45:43,872000,11.496
2026/04/29 15:45:43,873000,11.496
2026/04/29 15:45:43,874000,11.501
2026/04/29 15:45:43,875000,11.493
2026/04/29 15:45:43,876000,11.499
2026/04/29 15:45:43,877000,11.499
2026/04/29 15:45:43,878000,11.499
2026/04/29 15:45:43,879000,11.501
2026/04/29 15:45:43,880000,11.496
2026/04/29 15:45:43,881000,11.493
2026/04/29 15:45:43,882000,11.499
2026/04/29 15:45:43,883000,11.496
2026/04/29 15:45:43,884000,11.496
2026/04/29 15:45:43,885000,11.499
2026/04/29 15:45:43,886000,11.499
2026/04/29 15:45:43,887000,11.496
2026/04/29 15:45:43,888000,11.496
2026/04/29 15:45:43,889000,11.496
2026/04/29 15:45:43,890000,11.501
2026/04/29 15:45:43,891000,11.493
2026/04/29 15:45:43,892000,11.499
2026/04/29 15:45:43,893000,11.499
2026/04/29 15:45:43,894000,11.490
2026/04/29 15:45:43,895000,11.496
2026/04/29 15:45:43,896000,11.496
2026/04/29 15:45:43,897000,11.490
2026/04/29 15:45:43,898000,11.496
2026/04/29 15:45:43,899000,11.493
2026/04/29 15:45:43,900000,11.496
2026/04/29 15:45:43,901000,11.496
2026/04/29 15:45:43,902000,11.501
2026/04/29 15:45:43,903000,11.493
2026/04/29 15:45:43,904000,11.499
2026/04/29 15:45:43,905000,11.487
2026/04/29 15:45:43,906000,11.496
2026/04/29 15:45:43,907000,11.499
2026/04/29 15:45:43,908000,11.493
2026/04/29 15:45:43,909000,11.496
2026/04/29 15:45:43,910000,11.496
2026/04/29 15:45:43,911000,11.499
2026/04/29 15:45:43,912000,11.499
2026/04/29 15:45:43,913000,11.493
2026/04/29 15:45:43,914000,11.493
2026/04/29 15:45:43,915000,11.499
2026/04/29 15:45:43,916000,11.499
2026/04/29 15:45:43,917000,11.493
2026/04/29 15:45:43,918000,11.501
2026/04/29 15:45:43,919000,11.499
2026/04/29 15:45:43,920000,11.504
2026/04/29 15:45:43,921000,11.496
2026/04/29 15:45:43,922000,11.493
2026/04/29 15:45:43,923000,11.493
2026/04/29 15:45:43,924000,11.499
2026/04/29 15:45:43,925000,11.493
2026/04/29 15:45:43,926000,11.496
2026/04/29 15:45:43,927000,11.496
2026/04/29 15:45:43,928000,11.496
2026/04/29 15:45:43,929000,11.499
2026/04/29 15:45:43,930000,11.499
2026/04/29 15:45:43,931000,11.499
2026/04/29 15:45:43,932000,11.499
2026/04/29 15:45:43,933000,11.496
2026/04/29 15:45:43,934000,11.490
2026/04/29 15:45:43,935000,11.499
2026/04/29 15:45:43,936000,11.496
2026/04/29 15:45:43,937000,11.499
2026/04/29 15:45:43,938000,11.501
2026/04/29 15:45:43,939000,11.493
2026/04/29 15:45:43,940000,11.499
2026/04/29 15:45:43,941000,11.501
2026/04/29 15:45:43,942000,11.501
2026/04/29 15:45:43,943000,11.501
2026/04/29 15:45:43,944000,11.496
2026/04/29 15:45:43,945000,11.499
2026/04/29 15:45:43,946000,11.493
2026/04/29 15:45:43,947000,11.493
2026/04/29 15:45:43,948000,11.493
2026/04/29 15:45:43,949000,11.504
2026/04/29 15:45:43,950000,11.493
2026/04/29 15:45:43,951000,11.493
2026/04/29 15:45:43,952000,11.493
2026/04/29 15:45:43,953000,11.499
2026/04/29 15:45:43,954000,11.493
2026/04/29 15:45:43,955000,11.499
2026/04/29 15:45:43,956000,11.499
2026/04/29 15:45:43,957000,11.499
2026/04/29 15:45:43,958000,11.499
2026/04/29 15:45:43,959000,11.493
2026/04/29 15:45:43,960000,11.499
2026/04/29 15:45:43,961000,11.493
2026/04/29 15:45:43,962000,11.493
2026/04/29 15:45:43,963000,11.499
2026/04/29 15:45:43,964000,11.493
2026/04/29 15:45:43,965000,11.493
2026/04/29 15:45:43,966000,11.496
2026/04/29 15:45:43,967000,11.496
2026/04/29 15:45:43,968000,11.499
2026/04/29 15:45:43,969000,11.499
2026/04/29 15:45:43,970000,11.493
2026/04/29 15:45:43,971000,11.499
2026/04/29 15:45:43,972000,11.496
2026/04/29 15:45:43,973000,11.496
2026/04/29 15:45:43,974000,11.499
2026/04/29 15:45:43,975000,11.493
2026/04/29 15:45:43,976000,11.501
2026/04/29 15:45:43,977000,11.499
2026/04/29 15:45:43,978000,11.490
2026/04/29 15:45:43,979000,11.496
2026/04/29 15:45:43,980000,11.499
2026/04/29 15:45:43,981000,11.499
2026/04/29 15:45:43,982000,11.496
2026/04/29 15:45:43,983000,11.499
2026/04/29 15:45:43,984000,11.499
2026/04/29 15:45:43,985000,11.499
2026/04/29 15:45:43,986000,11.499
2026/04/29 15:45:43,987000,11.499
2026/04/29 15:45:43,988000,11.493
2026/04/29 15:45:43,989000,11.493
2026/04/29 15:45:43,990000,11.493
2026/04/29 15:45:43,991000,11.499
2026/04/29 15:45:43,992000,11.499
2026/04/29 15:45:43,993000,11.501
2026/04/29 15:45:43,994000,11.499
2026/04/29 15:45:43,995000,11.499
2026/04/29 15:45:43,996000,11.501
2026/04/29 15:45:43,997000,11.490
2026/04/29 15:45:43,998000,11.499
2026/04/29 15:45:43,999000,11.493
2026/04/29 15:45:44,000000,11.496
2026/04/29 15:45:44,001000,11.496
2026/04/29 15:45:44,002000,11.493
2026/04/29 15:45:44,003000,11.499
2026/04/29 15:45:44,004000,11.496
2026/04/29 15:45:44,005000,11.499
2026/04/29 15:45:44,006000,11.499
2026/04/29 15:45:44,007000,11.496
2026/04/29 15:45:44,008000,11.496
2026/04/29 15:45:44,009000,11.501
2026/04/29 15:45:44,010000,11.490
2026/04/29 15:45:44,011000,11.493
2026/04/29 15:45:44,012000,11.499
2026/04/29 15:45:44,013000,11.496
2026/04/29 15:45:44,014000,11.493
2026/04/29 15:45:44,015000,11.501
2026/04/29 15:45:44,016000,11.496
2026/04/29 15:45:44,017000,11.493
2026/04/29 15:45:44,018000,11.490
2026/04/29 15:45:44,019000,11.493
2026/04/29 15:45:44,020000,11.499
2026/04/29 15:45:44,021000,11.496
2026/04/29 15:45:44,022000,11.493
2026/04/29 15:45:44,023000,11.501
2026/04/29 15:45:44,024000,11.496
2026/04/29 15:45:44,025000,11.499
2026/04/29 15:45:44,026000,11.499
2026/04/29 15:45:44,027000,11.499
2026/04/29 15:45:44,028000,11.504
2026/04/29 15:45:44,029000,11.501
2026/04/29 15:45:44,030000,11.501
2026/04/29 15:45:44,031000,11.499
2026/04/29 15:45:44,032000,11.493
2026/04/29 15:45:44,033000,11.493
2026/04/29 15:45:44,034000,11.501
2026/04/29 15:45:44,035000,11.499
2026/04/29 15:45:44,036000,11.496
2026/04/29 15:45:44,037000,11.493
2026/04/29 15:45:44,038000,11.496
2026/04/29 15:45:44,039000,11.501
2026/04/29 15:45:44,040000,11.493
2026/04/29 15:45:44,041000,11.499
2026/04/29 15:45:44,042000,11.499
2026/04/29 15:45:44,043000,11.499
2026/04/29 15:45:44,044000,11.501
2026/04/29 15:45:44,045000,11.499
2026/04/29 15:45:44,046000,11.496
2026/04/29 15:45:44,047000,11.501
2026/04/29 15:45:44,048000,11.501
2026/04/29 15:45:44,049000,11.501
2026/04/29 15:45:44,050000,11.493
2026/04/29 15:45:44,051000,11.499
2026/04/29 15:45:44,052000,11.496
2026/04/29 15:45:44,053000,11.499
2026/04/29 15:45:44,054000,11.496
2026/04/29 15:45:44,055000,11.501
2026/04/29 15:45:44,056000,11.496
2026/04/29 15:45:44,057000,11.499
2026/04/29 15:45:44,058000,11.499
2026/04/29 15:45:44,059000,11.496
2026/04/29 15:45:44,060000,11.496
2026/04/29 15:45:44,061000,11.493
2026/04/29 15:45:44,062000,11.496
2026/04/29 15:45:44,063000,11.496
2026/04/29 15:45:44,064000,11.499
2026/04/29 15:45:44,065000,11.496
2026/04/29 15:45:44,066000,11.493
2026/04/29 15:45:44,067000,11.490
2026/04/29 15:45:44,068000,11.493
2026/04/29 15:45:44,069000,11.501
2026/04/29 15:45:44,070000,11.499
2026/04/29 15:45:44,071000,11.504
2026/04/29 15:45:44,072000,11.496
2026/04/29 15:45:44,073000,11.499
2026/04/29 15:45:44,074000,11.493
2026/04/29 15:45:44,075000,11.501
2026/04/29 15:45:44,076000,11.490
2026/04/29 15:45:44,077000,11.504
2026/04/29 15:45:44,078000,11.499
2026/04/29 15:45:44,079000,11.493
2026/04/29 15:45:44,080000,11.499
2026/04/29 15:45:44,081000,11.501
2026/04/29 15:45:44,082000,11.499
2026/04/29 15:45:44,083000,11.499
2026/04/29 15:45:44,084000,11.496
2026/04/29 15:45:44,085000,11.493
2026/04/29 15:45:44,086000,11.499
2026/04/29 15:45:44,087000,11.499
2026/04/29 15:45:44,088000,11.496
2026/04/29 15:45:44,089000,11.496
2026/04/29 15:45:44,090000,11.496
2026/04/29 15:45:44,091000,11.499
2026/04/29 15:45:44,092000,11.493
2026/04/29 15:45:44,093000,11.485
2026/04/29 15:45:44,094000,11.499
2026/04/29 15:45:44,095000,11.499
2026/04/29 15:45:44,096000,11.496
2026/04/29 15:45:44,097000,11.499
2026/04/29 15:45:44,098000,11.499
2026/04/29 15:45:44,099000,11.496
2026/04/29 15:45:44,100000,11.499
2026/04/29 15:45:44,101000,11.496
2026/04/29 15:45:44,102000,11.493
2026/04/29 15:45:44,103000,11.499
2026/04/29 15:45:44,104000,11.496
2026/04/29 15:45:44,105000,11.499
2026/04/29 15:45:44,106000,11.501
2026/04/29 15:45:44,107000,11.493
2026/04/29 15:45:44,108000,11.499
2026/04/29 15:45:44,109000,11.499
2026/04/29 15:45:44,110000,11.499
2026/04/29 15:45:44,111000,11.496
2026/04/29 15:45:44,112000,11.493
2026/04/29 15:45:44,113000,11.499
2026/04/29 15:45:44,114000,11.499
2026/04/29 15:45:44,115000,11.499
2026/04/29 15:45:44,116000,11.501
2026/04/29 15:45:44,117000,11.499
2026/04/29 15:45:44,118000,11.493
2026/04/29 15:45:44,119000,11.493
2026/04/29 15:45:44,120000,11.501
2026/04/29 15:45:44,121000,11.501
2026/04/29 15:45:44,122000,11.496
2026/04/29 15:45:44,123000,11.493
2026/04/29 15:45:44,124000,11.499
2026/04/29 15:45:44,125000,11.501
2026/04/29 15:45:44,126000,11.499
2026/04/29 15:45:44,127000,11.499
2026/04/29 15:45:44,128000,11.496
2026/04/29 15:45:44,129000,11.499
2026/04/29 15:45:44,130000,11.499
2026/04/29 15:45:44,131000,11.501
2026/04/29 15:45:44,132000,11.501
2026/04/29 15:45:44,133000,11.496
2026/04/29 15:45:44,134000,11.504
2026/04/29 15:45:44,135000,11.496
2026/04/29 15:45:44,136000,11.499
2026/04/29 15:45:44,137000,11.499
2026/04/29 15:45:44,138000,11.504
2026/04/29 15:45:44,139000,11.499
2026/04/29 15:45:44,140000,11.499
2026/04/29 15:45:44,141000,11.496
2026/04/29 15:45:44,142000,11.499
2026/04/29 15:45:44,143000,11.501
2026/04/29 15:45:44,144000,11.496
2026/04/29 15:45:44,145000,11.496
2026/04/29 15:45:44,146000,11.496
2026/04/29 15:45:44,147000,11.501
2026/04/29 15:45:44,148000,11.496
2026/04/29 15:45:44,149000,11.496
2026/04/29 15:45:44,150000,11.493
2026/04/29 15:45:44,151000,11.496
2026/04/29 15:45:44,152000,11.499
2026/04/29 15:45:44,153000,11.496
2026/04/29 15:45:44,154000,11.490
2026/04/29 15:45:44,155000,11.493
2026/04/29 15:45:44,156000,11.496
2026/04/29 15:45:44,157000,11.496
2026/04/29 15:45:44,158000,11.496
2026/04/29 15:45:44,159000,11.487
2026/04/29 15:45:44,160000,11.501
2026/04/29 15:45:44,161000,11.499
2026/04/29 15:45:44,162000,11.496
2026/04/29 15:45:44,163000,11.499
2026/04/29 15:45:44,164000,11.496
2026/04/29 15:45:44,165000,11.496
2026/04/29 15:45:44,166000,11.496
2026/04/29 15:45:44,167000,11.496
2026/04/29 15:45:44,168000,11.499
2026/04/29 15:45:44,169000,11.499
2026/04/29 15:45:44,170000,11.496
2026/04/29 15:45:44,171000,11.499
2026/04/29 15:45:44,172000,11.490
2026/04/29 15:45:44,173000,11.501
2026/04/29 15:45:44,174000,11.501
2026/04/29 15:45:44,175000,11.499
2026/04/29 15:45:44,176000,11.493
2026/04/29 15:45:44,177000,11.496
2026/04/29 15:45:44,178000,11.501
2026/04/29 15:45:44,179000,11.493
2026/04/29 15:45:44,180000,11.501
2026/04/29 15:45:44,181000,11.501
2026/04/29 15:45:44,182000,11.499
2026/04/29 15:45:44,183000,11.496
2026/04/29 15:45:44,184000,11.499
2026/04/29 15:45:44,185000,11.499
2026/04/29 15:45:44,186000,11.499
2026/04/29 15:45:44,187000,11.499
2026/04/29 15:45:44,188000,11.490
2026/04/29 15:45:44,189000,11.496
2026/04/29 15:45:44,190000,11.499
2026/04/29 15:45:44,191000,11.493
2026/04/29 15:45:44,192000,11.501
2026/04/29 15:45:44,193000,11.501
2026/04/29 15:45:44,194000,11.490
2026/04/29 15:45:44,195000,11.504
2026/04/29 15:45:44,196000,11.496
2026/04/29 15:45:44,197000,11.493
2026/04/29 15:45:44,198000,11.499
2026/04/29 15:45:44,199000,11.499
2026/04/29 15:45:44,200000,11.493
2026/04/29 15:45:44,201000,11.496
2026/04/29 15:45:44,202000,11.501
2026/04/29 15:45:44,203000,11.493
2026/04/29 15:45:44,204000,11.501
2026/04/29 15:45:44,205000,11.496
2026/04/29 15:45:44,206000,11.490
2026/04/29 15:45:44,207000,11.504
2026/04/29 15:45:44,208000,11.499
2026/04/29 15:45:44,209000,11.504
2026/04/29 15:45:44,210000,11.499
2026/04/29 15:45:44,211000,11.499
2026/04/29 15:45:44,212000,11.493
2026/04/29 15:45:44,213000,11.499
2026/04/29 15:45:44,214000,11.499
2026/04/29 15:45:44,215000,11.496
2026/04/29 15:45:44,216000,11.496
2026/04/29 15:45:44,217000,11.493
2026/04/29 15:45:44,218000,11.493
2026/04/29 15:45:44,219000,11.493
2026/04/29 15:45:44,220000,11.496
2026/04/29 15:45:44,221000,11.496
2026/04/29 15:45:44,222000,11.496
2026/04/29 15:45:44,223000,11.493
2026/04/29 15:45:44,224000,11.499
2026/04/29 15:45:44,225000,11.493
2026/04/29 15:45:44,226000,11.487
2026/04/29 15:45:44,227000,11.493
2026/04/29 15:45:44,228000,11.499
2026/04/29 15:45:44,229000,11.499
2026/04/29 15:45:44,230000,11.499
2026/04/29 15:45:44,231000,11.496
2026/04/29 15:45:44,232000,11.499
2026/04/29 15:45:44,233000,11.499
2026/04/29 15:45:44,234000,11.499
2026/04/29 15:45:44,235000,11.493
2026/04/29 15:45:44,236000,11.499
2026/04/29 15:45:44,237000,11.493
2026/04/29 15:45:44,238000,11.501
2026/04/29 15:45:44,239000,11.501
2026/04/29 15:45:44,240000,11.496
2026/04/29 15:45:44,241000,11.499
2026/04/29 15:45:44,242000,11.501
2026/04/29 15:45:44,243000,11.493
2026/04/29 15:45:44,244000,11.499
2026/04/29 15:45:44,245000,11.504
2026/04/29 15:45:44,246000,11.499
2026/04/29 15:45:44,247000,11.493
2026/04/29 15:45:44,248000,11.493
2026/04/29 15:45:44,249000,11.499
2026/04/29 15:45:44,250000,11.499
2026/04/29 15:45:44,251000,11.493
2026/04/29 15:45:44,252000,11.496
2026/04/29 15:45:44,253000,11.496
2026/04/29 15:45:44,254000,11.499
2026/04/29 15:45:44,255000,11.496
2026/04/29 15:45:44,256000,11.499
2026/04/29 15:45:44,257000,11.499
2026/04/29 15:45:44,258000,11.496
2026/04/29 15:45:44,259000,11.496
2026/04/29 15:45:44,260000,11.499
2026/04/29 15:45:44,261000,11.490
2026/04/29 15:45:44,262000,11.496
2026/04/29 15:45:44,263000,11.493
2026/04/29 15:45:44,264000,11.490
2026/04/29 15:45:44,265000,11.499
2026/04/29 15:45:44,266000,11.501
2026/04/29 15:45:44,267000,11.496
2026/04/29 15:45:44,268000,11.496
2026/04/29 15:45:44,269000,11.493
2026/04/29 15:45:44,270000,11.499
2026/04/29 15:45:44,271000,11.493
2026/04/29 15:45:44,272000,11.501
2026/04/29 15:45:44,273000,11.499
2026/04/29 15:45:44,274000,11.496
2026/04/29 15:45:44,275000,11.493
2026/04/29 15:45:44,276000,11.501
2026/04/29 15:45:44,277000,11.501
2026/04/29 15:45:44,278000,11.501
2026/04/29 15:45:44,279000,11.493
2026/04/29 15:45:44,280000,11.501
2026/04/29 15:45:44,281000,11.501
2026/04/29 15:45:44,282000,11.496
2026/04/29 15:45:44,283000,11.496
2026/04/29 15:45:44,284000,11.499
2026/04/29 15:45:44,285000,11.493
2026/04/29 15:45:44,286000,11.499
2026/04/29 15:45:44,287000,11.493
2026/04/29 15:45:44,288000,11.499
2026/04/29 15:45:44,289000,11.499
2026/04/29 15:45:44,290000,11.496
2026/04/29 15:45:44,291000,11.501
2026/04/29 15:45:44,292000,11.493
2026/04/29 15:45:44,293000,11.504
2026/04/29 15:45:44,294000,11.493
2026/04/29 15:45:44,295000,11.493
2026/04/29 15:45:44,296000,11.499
2026/04/29 15:45:44,297000,11.501
2026/04/29 15:45:44,298000,11.499
2026/04/29 15:45:44,299000,11.496
2026/04/29 15:45:44,300000,11.496
2026/04/29 15:45:44,301000,11.499
2026/04/29 15:45:44,302000,11.493
2026/04/29 15:45:44,303000,11.496
2026/04/29 15:45:44,304000,11.496
2026/04/29 15:45:44,305000,11.496
2026/04/29 15:45:44,306000,11.496
2026/04/29 15:45:44,307000,11.499
2026/04/29 15:45:44,308000,11.499
2026/04/29 15:45:44,309000,11.501
2026/04/29 15:45:44,310000,11.499
2026/04/29 15:45:44,311000,11.496
2026/04/29 15:45:44,312000,11.496
2026/04/29 15:45:44,313000,11.496
2026/04/29 15:45:44,314000,11.501
2026/04/29 15:45:44,315000,11.493
2026/04/29 15:45:44,316000,11.496
2026/04/29 15:45:44,317000,11.501
2026/04/29 15:45:44,318000,11.501
2026/04/29 15:45:44,319000,11.501
2026/04/29 15:45:44,320000,11.501
2026/04/29 15:45:44,321000,11.499
2026/04/29 15:45:44,322000,11.499
2026/04/29 15:45:44,323000,11.499
2026/04/29 15:45:44,324000,11.499
2026/04/29 15:45:44,325000,11.496
2026/04/29 15:45:44,326000,11.496
2026/04/29 15:45:44,327000,11.499
2026/04/29 15:45:44,328000,11.496
2026/04/29 15:45:44,329000,11.496
2026/04/29 15:45:44,330000,11.501
2026/04/29 15:45:44,331000,11.496
2026/04/29 15:45:44,332000,11.493
2026/04/29 15:45:44,333000,11.493
2026/04/29 15:45:44,334000,11.499
2026/04/29 15:45:44,335000,11.493
2026/04/29 15:45:44,336000,11.499
2026/04/29 15:45:44,337000,11.499
2026/04/29 15:45:44,338000,11.493
2026/04/29 15:45:44,339000,11.499
2026/04/29 15:45:44,340000,11.496
2026/04/29 15:45:44,341000,11.490
2026/04/29 15:45:44,342000,11.501
2026/04/29 15:45:44,343000,11.499
2026/04/29 15:45:44,344000,11.499
2026/04/29 15:45:44,345000,11.493
2026/04/29 15:45:44,346000,11.496
2026/04/29 15:45:44,347000,11.501
2026/04/29 15:45:44,348000,11.496
2026/04/29 15:45:44,349000,11.496
2026/04/29 15:45:44,350000,11.496
2026/04/29 15:45:44,351000,11.496
2026/04/29 15:45:44,352000,11.499
2026/04/29 15:45:44,353000,11.496
2026/04/29 15:45:44,354000,11.496
2026/04/29 15:45:44,355000,11.499
2026/04/29 15:45:44,356000,11.490
2026/04/29 15:45:44,357000,11.493
2026/04/29 15:45:44,358000,11.496
2026/04/29 15:45:44,359000,11.493
2026/04/29 15:45:44,360000,11.487
2026/04/29 15:45:44,361000,11.496
2026/04/29 15:45:44,362000,11.499
2026/04/29 15:45:44,363000,11.496
2026/04/29 15:45:44,364000,11.490
2026/04/29 15:45:44,365000,11.493
2026/04/29 15:45:44,366000,11.501
2026/04/29 15:45:44,367000,11.496
2026/04/29 15:45:44,368000,11.499
2026/04/29 15:45:44,369000,11.504
2026/04/29 15:45:44,370000,11.499
2026/04/29 15:45:44,371000,11.496
2026/04/29 15:45:44,372000,11.499
2026/04/29 15:45:44,373000,11.496
2026/04/29 15:45:44,374000,11.493
2026/04/29 15:45:44,375000,11.496
2026/04/29 15:45:44,376000,11.501
2026/04/29 15:45:44,377000,11.493
2026/04/29 15:45:44,378000,11.493
2026/04/29 15:45:44,379000,11.490
2026/04/29 15:45:44,380000,11.501
2026/04/29 15:45:44,381000,11.510
2026/04/29 15:45:44,382000,11.493
2026/04/29 15:45:44,383000,11.496
2026/04/29 15:45:44,384000,11.496
2026/04/29 15:45:44,385000,11.496
2026/04/29 15:45:44,386000,11.496
2026/04/29 15:45:44,387000,11.496
2026/04/29 15:45:44,388000,11.499
2026/04/29 15:45:44,389000,11.493
2026/04/29 15:45:44,390000,11.490
2026/04/29 15:45:44,391000,11.493
2026/04/29 15:45:44,392000,11.501
2026/04/29 15:45:44,393000,11.496
2026/04/29 15:45:44,394000,11.499
2026/04/29 15:45:44,395000,11.496
2026/04/29 15:45:44,396000,11.501
2026/04/29 15:45:44,397000,11.501
2026/04/29 15:45:44,398000,11.493
2026/04/29 15:45:44,399000,11.496
2026/04/29 15:45:44,400000,11.496
2026/04/29 15:45:44,401000,11.490
2026/04/29 15:45:44,402000,11.496
2026/04/29 15:45:44,403000,11.499
2026/04/29 15:45:44,404000,11.493
2026/04/29 15:45:44,405000,11.496
2026/04/29 15:45:44,406000,11.496
2026/04/29 15:45:44,407000,11.493
2026/04/29 15:45:44,408000,11.499
2026/04/29 15:45:44,409000,11.496
2026/04/29 15:45:44,410000,11.496
2026/04/29 15:45:44,411000,11.496
2026/04/29 15:45:44,412000,11.499
2026/04/29 15:45:44,413000,11.501
2026/04/29 15:45:44,414000,11.493
2026/04/29 15:45:44,415000,11.493
2026/04/29 15:45:44,416000,11.496
2026/04/29 15:45:44,417000,11.496
2026/04/29 15:45:44,418000,11.501
2026/04/29 15:45:44,419000,11.496
2026/04/29 15:45:44,420000,11.493
2026/04/29 15:45:44,421000,11.496
2026/04/29 15:45:44,422000,11.493
2026/04/29 15:45:44,423000,11.496
2026/04/29 15:45:44,424000,11.493
2026/04/29 15:45:44,425000,11.499
2026/04/29 15:45:44,426000,11.496
2026/04/29 15:45:44,427000,11.499
2026/04/29 15:45:44,428000,11.496
2026/04/29 15:45:44,429000,11.493
2026/04/29 15:45:44,430000,11.493
2026/04/29 15:45:44,431000,11.499
2026/04/29 15:45:44,432000,11.496
2026/04/29 15:45:44,433000,11.504
2026/04/29 15:45:44,434000,11.496
2026/04/29 15:45:44,435000,11.496
2026/04/29 15:45:44,436000,11.499
2026/04/29 15:45:44,437000,11.499
2026/04/29 15:45:44,438000,11.496
2026/04/29 15:45:44,439000,11.501
2026/04/29 15:45:44,440000,11.493
2026/04/29 15:45:44,441000,11.499
2026/04/29 15:45:44,442000,11.501
2026/04/29 15:45:44,443000,11.496
2026/04/29 15:45:44,444000,11.499
2026/04/29 15:45:44,445000,11.493
2026/04/29 15:45:44,446000,11.493
2026/04/29 15:45:44,447000,11.493
2026/04/29 15:45:44,448000,11.496
2026/04/29 15:45:44,449000,11.501
2026/04/29 15:45:44,450000,11.499
2026/04/29 15:45:44,451000,11.499
2026/04/29 15:45:44,452000,11.499
2026/04/29 15:45:44,453000,11.499
2026/04/29 15:45:44,454000,11.499
2026/04/29 15:45:44,455000,11.499
2026/04/29 15:45:44,456000,11.499
2026/04/29 15:45:44,457000,11.499
2026/04/29 15:45:44,458000,11.504
2026/04/29 15:45:44,459000,11.496
2026/04/29 15:45:44,460000,11.496
2026/04/29 15:45:44,461000,11.499
2026/04/29 15:45:44,462000,11.499
2026/04/29 15:45:44,463000,11.496
2026/04/29 15:45:44,464000,11.490
2026/04/29 15:45:44,465000,11.501
2026/04/29 15:45:44,466000,11.490
2026/04/29 15:45:44,467000,11.499
2026/04/29 15:45:44,468000,11.496
2026/04/29 15:45:44,469000,11.499
2026/04/29 15:45:44,470000,11.499
2026/04/29 15:45:44,471000,11.501
2026/04/29 15:45:44,472000,11.499
2026/04/29 15:45:44,473000,11.493
2026/04/29 15:45:44,474000,11.496
2026/04/29 15:45:44,475000,11.493
2026/04/29 15:45:44,476000,11.501
2026/04/29 15:45:44,477000,11.496
2026/04/29 15:45:44,478000,11.493
2026/04/29 15:45:44,479000,11.499
2026/04/29 15:45:44,480000,11.499
2026/04/29 15:45:44,481000,11.490
2026/04/29 15:45:44,482000,11.504
2026/04/29 15:45:44,483000,11.496
2026/04/29 15:45:44,484000,11.496
2026/04/29 15:45:44,485000,11.501
2026/04/29 15:45:44,486000,11.501
2026/04/29 15:45:44,487000,11.504
2026/04/29 15:45:44,488000,11.499
2026/04/29 15:45:44,489000,11.501
2026/04/29 15:45:44,490000,11.493
2026/04/29 15:45:44,491000,11.490
2026/04/29 15:45:44,492000,11.501
2026/04/29 15:45:44,493000,11.499
2026/04/29 15:45:44,494000,11.496
2026/04/29 15:45:44,495000,11.496
2026/04/29 15:45:44,496000,11.499
2026/04/29 15:45:44,497000,11.499
2026/04/29 15:45:44,498000,11.499
2026/04/29 15:45:44,499000,11.499
2026/04/29 15:45:44,500000,11.496
2026/04/29 15:45:44,501000,11.493
2026/04/29 15:45:44,502000,11.496
2026/04/29 15:45:44,503000,11.496
2026/04/29 15:45:44,504000,11.499
2026/04/29 15:45:44,505000,11.496
2026/04/29 15:45:44,506000,11.501
2026/04/29 15:45:44,507000,11.499
2026/04/29 15:45:44,508000,11.496
2026/04/29 15:45:44,509000,11.496
2026/04/29 15:45:44,510000,11.501
2026/04/29 15:45:44,511000,11.496
2026/04/29 15:45:44,512000,11.496
2026/04/29 15:45:44,513000,11.499
2026/04/29 15:45:44,514000,11.499
2026/04/29 15:45:44,515000,11.493
2026/04/29 15:45:44,516000,11.501
2026/04/29 15:45:44,517000,11.496
2026/04/29 15:45:44,518000,11.501
2026/04/29 15:45:44,519000,11.496
2026/04/29 15:45:44,520000,11.490
2026/04/29 15:45:44,521000,11.499
2026/04/29 15:45:44,522000,11.493
2026/04/29 15:45:44,523000,11.496
2026/04/29 15:45:44,524000,11.501
2026/04/29 15:45:44,525000,11.493
2026/04/29 15:45:44,526000,11.487
2026/04/29 15:45:44,527000,11.501
2026/04/29 15:45:44,528000,11.499
2026/04/29 15:45:44,529000,11.493
2026/04/29 15:45:44,530000,11.499
2026/04/29 15:45:44,531000,11.493
2026/04/29 15:45:44,532000,11.496
2026/04/29 15:45:44,533000,11.499
2026/04/29 15:45:44,534000,11.501
2026/04/29 15:45:44,535000,11.496
2026/04/29 15:45:44,536000,11.496
2026/04/29 15:45:44,537000,11.504
2026/04/29 15:45:44,538000,11.487
2026/04/29 15:45:44,539000,11.501
2026/04/29 15:45:44,540000,11.499
2026/04/29 15:45:44,541000,11.493
2026/04/29 15:45:44,542000,11.493
2026/04/29 15:45:44,543000,11.496
2026/04/29 15:45:44,544000,11.493
2026/04/29 15:45:44,545000,11.496
2026/04/29 15:45:44,546000,11.501
2026/04/29 15:45:44,547000,11.499
2026/04/29 15:45:44,548000,11.496
2026/04/29 15:45:44,549000,11.499
2026/04/29 15:45:44,550000,11.493
2026/04/29 15:45:44,551000,11.493
2026/04/29 15:45:44,552000,11.485
2026/04/29 15:45:44,553000,11.501
2026/04/29 15:45:44,554000,11.501
2026/04/29 15:45:44,555000,11.496
2026/04/29 15:45:44,556000,11.501
2026/04/29 15:45:44,557000,11.499
2026/04/29 15:45:44,558000,11.490
2026/04/29 15:45:44,559000,11.496
2026/04/29 15:45:44,560000,11.493
2026/04/29 15:45:44,561000,11.496
2026/04/29 15:45:44,562000,11.496
2026/04/29 15:45:44,563000,11.499
2026/04/29 15:45:44,564000,11.499
2026/04/29 15:45:44,565000,11.499
2026/04/29 15:45:44,566000,11.499
2026/04/29 15:45:44,567000,11.501
2026/04/29 15:45:44,568000,11.496
2026/04/29 15:45:44,569000,11.501
2026/04/29 15:45:44,570000,11.499
2026/04/29 15:45:44,571000,11.504
2026/04/29 15:45:44,572000,11.493
2026/04/29 15:45:44,573000,11.496
2026/04/29 15:45:44,574000,11.499
2026/04/29 15:45:44,575000,11.493
2026/04/29 15:45:44,576000,11.499
2026/04/29 15:45:44,577000,11.501
2026/04/29 15:45:44,578000,11.496
2026/04/29 15:45:44,579000,11.499
2026/04/29 15:45:44,580000,11.499
2026/04/29 15:45:44,581000,11.499
2026/04/29 15:45:44,582000,11.499
2026/04/29 15:45:44,583000,11.493
2026/04/29 15:45:44,584000,11.499
2026/04/29 15:45:44,585000,11.499
2026/04/29 15:45:44,586000,11.501
2026/04/29 15:45:44,587000,11.499
2026/04/29 15:45:44,588000,11.499
2026/04/29 15:45:44,589000,11.499
2026/04/29 15:45:44,590000,11.499
2026/04/29 15:45:44,591000,11.496
2026/04/29 15:45:44,592000,11.499
2026/04/29 15:45:44,593000,11.496
2026/04/29 15:45:44,594000,11.493
2026/04/29 15:45:44,595000,11.499
2026/04/29 15:45:44,596000,11.496
2026/04/29 15:45:44,597000,11.490
2026/04/29 15:45:44,598000,11.499
2026/04/29 15:45:44,599000,11.504
2026/04/29 15:45:44,600000,11.493
2026/04/29 15:45:44,601000,11.501
2026/04/29 15:45:44,602000,11.499
2026/04/29 15:45:44,603000,11.499
2026/04/29 15:45:44,604000,11.496
2026/04/29 15:45:44,605000,11.504
2026/04/29 15:45:44,606000,11.501
2026/04/29 15:45:44,607000,11.501
2026/04/29 15:45:44,608000,11.499
2026/04/29 15:45:44,609000,11.499
2026/04/29 15:45:44,610000,11.504
2026/04/29 15:45:44,611000,11.501
2026/04/29 15:45:44,612000,11.496
2026/04/29 15:45:44,613000,11.490
2026/04/29 15:45:44,614000,11.499
2026/04/29 15:45:44,615000,11.504
2026/04/29 15:45:44,616000,11.490
2026/04/29 15:45:44,617000,11.499
2026/04/29 15:45:44,618000,11.501
2026/04/29 15:45:44,619000,11.493
2026/04/29 15:45:44,620000,11.496
2026/04/29 15:45:44,621000,11.490
2026/04/29 15:45:44,622000,11.499
2026/04/29 15:45:44,623000,11.499
2026/04/29 15:45:44,624000,11.499
2026/04/29 15:45:44,625000,11.493
2026/04/29 15:45:44,626000,11.493
2026/04/29 15:45:44,627000,11.493
2026/04/29 15:45:44,628000,11.496
2026/04/29 15:45:44,629000,11.496
2026/04/29 15:45:44,630000,11.496
2026/04/29 15:45:44,631000,11.496
2026/04/29 15:45:44,632000,11.496
2026/04/29 15:45:44,633000,11.499
2026/04/29 15:45:44,634000,11.499
2026/04/29 15:45:44,635000,11.496
2026/04/29 15:45:44,636000,11.490
2026/04/29 15:45:44,637000,11.501
2026/04/29 15:45:44,638000,11.493
2026/04/29 15:45:44,639000,11.499
2026/04/29 15:45:44,640000,11.493
2026/04/29 15:45:44,641000,11.501
2026/04/29 15:45:44,642000,11.501
2026/04/29 15:45:44,643000,11.499
2026/04/29 15:45:44,644000,11.493
2026/04/29 15:45:44,645000,11.493
2026/04/29 15:45:44,646000,11.499
2026/04/29 15:45:44,647000,11.496
2026/04/29 15:45:44,648000,11.501
2026/04/29 15:45:44,649000,11.501
2026/04/29 15:45:44,650000,11.501
2026/04/29 15:45:44,651000,11.496
2026/04/29 15:45:44,652000,11.496
2026/04/29 15:45:44,653000,11.493
2026/04/29 15:45:44,654000,11.499
2026/04/29 15:45:44,655000,11.493
2026/04/29 15:45:44,656000,11.501
2026/04/29 15:45:44,657000,11.496
2026/04/29 15:45:44,658000,11.496
2026/04/29 15:45:44,659000,11.496
2026/04/29 15:45:44,660000,11.496
2026/04/29 15:45:44,661000,11.496
2026/04/29 15:45:44,662000,11.499
2026/04/29 15:45:44,663000,11.493
2026/04/29 15:45:44,664000,11.496
2026/04/29 15:45:44,665000,11.496
2026/04/29 15:45:44,666000,11.496
2026/04/29 15:45:44,667000,11.493
2026/04/29 15:45:44,668000,11.501
2026/04/29 15:45:44,669000,11.493
2026/04/29 15:45:44,670000,11.499
2026/04/29 15:45:44,671000,11.496
2026/04/29 15:45:44,672000,11.499
2026/04/29 15:45:44,673000,11.493
2026/04/29 15:45:44,674000,11.499
2026/04/29 15:45:44,675000,11.499
2026/04/29 15:45:44,676000,11.496
2026/04/29 15:45:44,677000,11.496
2026/04/29 15:45:44,678000,11.496
2026/04/29 15:45:44,679000,11.496
2026/04/29 15:45:44,680000,11.493
2026/04/29 15:45:44,681000,11.499
2026/04/29 15:45:44,682000,11.496
2026/04/29 15:45:44,683000,11.493
2026/04/29 15:45:44,684000,11.499
2026/04/29 15:45:44,685000,11.493
2026/04/29 15:45:44,686000,11.493
2026/04/29 15:45:44,687000,11.493
2026/04/29 15:45:44,688000,11.499
2026/04/29 15:45:44,689000,11.499
2026/04/29 15:45:44,690000,11.501
2026/04/29 15:45:44,691000,11.493
2026/04/29 15:45:44,692000,11.496
2026/04/29 15:45:44,693000,11.501
2026/04/29 15:45:44,694000,11.493
2026/04/29 15:45:44,695000,11.496
2026/04/29 15:45:44,696000,11.493
2026/04/29 15:45:44,697000,11.501
2026/04/29 15:45:44,698000,11.493
2026/04/29 15:45:44,699000,11.493
2026/04/29 15:45:44,700000,11.499
2026/04/29 15:45:44,701000,11.501
2026/04/29 15:45:44,702000,11.496
2026/04/29 15:45:44,703000,11.496
2026/04/29 15:45:44,704000,11.490
2026/04/29 15:45:44,705000,11.496
2026/04/29 15:45:44,706000,11.496
2026/04/29 15:45:44,707000,11.493
2026/04/29 15:45:44,708000,11.490
2026/04/29 15:45:44,709000,11.493
2026/04/29 15:45:44,710000,11.490
2026/04/29 15:45:44,711000,11.490
2026/04/29 15:45:44,712000,11.499
2026/04/29 15:45:44,713000,11.499
2026/04/29 15:45:44,714000,11.499
2026/04/29 15:45:44,715000,11.499
2026/04/29 15:45:44,716000,11.499
2026/04/29 15:45:44,717000,11.496
2026/04/29 15:45:44,718000,11.499
2026/04/29 15:45:44,719000,11.493
2026/04/29 15:45:44,720000,11.499
2026/04/29 15:45:44,721000,11.499
2026/04/29 15:45:44,722000,11.493
2026/04/29 15:45:44,723000,11.496
2026/04/29 15:45:44,724000,11.501
2026/04/29 15:45:44,725000,11.493
2026/04/29 15:45:44,726000,11.496
2026/04/29 15:45:44,727000,11.493
2026/04/29 15:45:44,728000,11.499
2026/04/29 15:45:44,729000,11.493
2026/04/29 15:45:44,730000,11.496
2026/04/29 15:45:44,731000,11.504
2026/04/29 15:45:44,732000,11.499
2026/04/29 15:45:44,733000,11.499
2026/04/29 15:45:44,734000,11.496
2026/04/29 15:45:44,735000,11.496
2026/04/29 15:45:44,736000,11.501
2026/04/29 15:45:44,737000,11.504
2026/04/29 15:45:44,738000,11.504
2026/04/29 15:45:44,739000,11.504
2026/04/29 15:45:44,740000,11.496
2026/04/29 15:45:44,741000,11.501
2026/04/29 15:45:44,742000,11.490
2026/04/29 15:45:44,743000,11.501
2026/04/29 15:45:44,744000,11.499
2026/04/29 15:45:44,745000,11.499
2026/04/29 15:45:44,746000,11.496
2026/04/29 15:45:44,747000,11.490
2026/04/29 15:45:44,748000,11.496
2026/04/29 15:45:44,749000,11.493
2026/04/29 15:45:44,750000,11.493
2026/04/29 15:45:44,751000,11.499
2026/04/29 15:45:44,752000,11.493
2026/04/29 15:45:44,753000,11.496
2026/04/29 15:45:44,754000,11.499
2026/04/29 15:45:44,755000,11.501
2026/04/29 15:45:44,756000,11.496
2026/04/29 15:45:44,757000,11.496
2026/04/29 15:45:44,758000,11.499
2026/04/29 15:45:44,759000,11.496
2026/04/29 15:45:44,760000,11.504
2026/04/29 15:45:44,761000,11.490
2026/04/29 15:45:44,762000,11.499
2026/04/29 15:45:44,763000,11.501
2026/04/29 15:45:44,764000,11.499
2026/04/29 15:45:44,765000,11.499
2026/04/29 15:45:44,766000,11.501
2026/04/29 15:45:44,767000,11.499
2026/04/29 15:45:44,768000,11.496
2026/04/29 15:45:44,769000,11.499
2026/04/29 15:45:44,770000,11.499
2026/04/29 15:45:44,771000,11.493
2026/04/29 15:45:44,772000,11.501
2026/04/29 15:45:44,773000,11.504
2026/04/29 15:45:44,774000,11.499
2026/04/29 15:45:44,775000,11.496
2026/04/29 15:45:44,776000,11.496
2026/04/29 15:45:44,777000,11.496
2026/04/29 15:45:44,778000,11.496
2026/04/29 15:45:44,779000,11.496
2026/04/29 15:45:44,780000,11.496
2026/04/29 15:45:44,781000,11.496
2026/04/29 15:45:44,782000,11.504
2026/04/29 15:45:44,783000,11.499
2026/04/29 15:45:44,784000,11.499
2026/04/29 15:45:44,785000,11.499
2026/04/29 15:45:44,786000,11.493
2026/04/29 15:45:44,787000,11.496
2026/04/29 15:45:44,788000,11.504
2026/04/29 15:45:44,789000,11.501
2026/04/29 15:45:44,790000,11.499
2026/04/29 15:45:44,791000,11.504
2026/04/29 15:45:44,792000,11.490
2026/04/29 15:45:44,793000,11.499
2026/04/29 15:45:44,794000,11.493
2026/04/29 15:45:44,795000,11.496
2026/04/29 15:45:44,796000,11.504
2026/04/29 15:45:44,797000,11.496
2026/04/29 15:45:44,798000,11.499
2026/04/29 15:45:44,799000,11.501
2026/04/29 15:45:44,800000,11.496
2026/04/29 15:45:44,801000,11.496
2026/04/29 15:45:44,802000,11.501
2026/04/29 15:45:44,803000,11.496
2026/04/29 15:45:44,804000,11.496
2026/04/29 15:45:44,805000,11.501
2026/04/29 15:45:44,806000,11.496
2026/04/29 15:45:44,807000,11.499
2026/04/29 15:45:44,808000,11.493
2026/04/29 15:45:44,809000,11.499
2026/04/29 15:45:44,810000,11.499
2026/04/29 15:45:44,811000,11.493
2026/04/29 15:45:44,812000,11.501
2026/04/29 15:45:44,813000,11.496
2026/04/29 15:45:44,814000,11.496
2026/04/29 15:45:44,815000,11.496
2026/04/29 15:45:44,816000,11.496
2026/04/29 15:45:44,817000,11.496
2026/04/29 15:45:44,818000,11.499
2026/04/29 15:45:44,819000,11.496
2026/04/29 15:45:44,820000,11.496
2026/04/29 15:45:44,821000,11.493
2026/04/29 15:45:44,822000,11.499
2026/04/29 15:45:44,823000,11.499
2026/04/29 15:45:44,824000,11.496
2026/04/29 15:45:44,825000,11.499
2026/04/29 15:45:44,826000,11.499
2026/04/29 15:45:44,827000,11.493
2026/04/29 15:45:44,828000,11.496
2026/04/29 15:45:44,829000,11.499
2026/04/29 15:45:44,830000,11.493
2026/04/29 15:45:44,831000,11.501
2026/04/29 15:45:44,832000,11.496
2026/04/29 15:45:44,833000,11.496
2026/04/29 15:45:44,834000,11.496
2026/04/29 15:45:44,835000,11.496
2026/04/29 15:45:44,836000,11.499
2026/04/29 15:45:44,837000,11.490
2026/04/29 15:45:44,838000,11.496
2026/04/29 15:45:44,839000,11.504
2026/04/29 15:45:44,840000,11.493
2026/04/29 15:45:44,841000,11.493
2026/04/29 15:45:44,842000,11.501
2026/04/29 15:45:44,843000,11.499
2026/04/29 15:45:44,844000,11.493
2026/04/29 15:45:44,845000,11.496
2026/04/29 15:45:44,846000,11.493
2026/04/29 15:45:44,847000,11.499
2026/04/29 15:45:44,848000,11.496
2026/04/29 15:45:44,849000,11.496
2026/04/29 15:45:44,850000,11.496
2026/04/29 15:45:44,851000,11.499
2026/04/29 15:45:44,852000,11.499
2026/04/29 15:45:44,853000,11.490
2026/04/29 15:45:44,854000,11.501
2026/04/29 15:45:44,855000,11.504
2026/04/29 15:45:44,856000,11.499
2026/04/29 15:45:44,857000,11.501
2026/04/29 15:45:44,858000,11.501
2026/04/29 15:45:44,859000,11.496
2026/04/29 15:45:44,860000,11.501
2026/04/29 15:45:44,861000,11.499
2026/04/29 15:45:44,862000,11.496
2026/04/29 15:45:44,863000,11.493
2026/04/29 15:45:44,864000,11.499
2026/04/29 15:45:44,865000,11.499
2026/04/29 15:45:44,866000,11.501
2026/04/29 15:45:44,867000,11.496
2026/04/29 15:45:44,868000,11.496
2026/04/29 15:45:44,869000,11.499
2026/04/29 15:45:44,870000,11.501
2026/04/29 15:45:44,871000,11.501
2026/04/29 15:45:44,872000,11.496
2026/04/29 15:45:44,873000,11.496
2026/04/29 15:45:44,874000,11.499
2026/04/29 15:45:44,875000,11.507
2026/04/29 15:45:44,876000,11.499
2026/04/29 15:45:44,877000,11.496
2026/04/29 15:45:44,878000,11.499
2026/04/29 15:45:44,879000,11.499
2026/04/29 15:45:44,880000,11.499
2026/04/29 15:45:44,881000,11.501
2026/04/29 15:45:44,882000,11.499
2026/04/29 15:45:44,883000,11.499
2026/04/29 15:45:44,884000,11.496
2026/04/29 15:45:44,885000,11.496
2026/04/29 15:45:44,886000,11.501
2026/04/29 15:45:44,887000,11.499
2026/04/29 15:45:44,888000,11.493
2026/04/29 15:45:44,889000,11.493
2026/04/29 15:45:44,890000,11.493
2026/04/29 15:45:44,891000,11.501
2026/04/29 15:45:44,892000,11.501
2026/04/29 15:45:44,893000,11.499
2026/04/29 15:45:44,894000,11.501
2026/04/29 15:45:44,895000,11.496
2026/04/29 15:45:44,896000,11.501
2026/04/29 15:45:44,897000,11.499
2026/04/29 15:45:44,898000,11.501
2026/04/29 15:45:44,899000,11.499
2026/04/29 15:45:44,900000,11.493
2026/04/29 15:45:44,901000,11.493
2026/04/29 15:45:44,902000,11.499
2026/04/29 15:45:44,903000,11.493
2026/04/29 15:45:44,904000,11.496
2026/04/29 15:45:44,905000,11.496
2026/04/29 15:45:44,906000,11.493
2026/04/29 15:45:44,907000,11.493
2026/04/29 15:45:44,908000,11.501
2026/04/29 15:45:44,909000,11.493
2026/04/29 15:45:44,910000,11.507
2026/04/29 15:45:44,911000,11.493
2026/04/29 15:45:44,912000,11.499
2026/04/29 15:45:44,913000,11.496
2026/04/29 15:45:44,914000,11.496
2026/04/29 15:45:44,915000,11.499
2026/04/29 15:45:44,916000,11.493
2026/04/29 15:45:44,917000,11.496
2026/04/29 15:45:44,918000,11.496
2026/04/29 15:45:44,919000,11.499
2026/04/29 15:45:44,920000,11.499
2026/04/29 15:45:44,921000,11.493
2026/04/29 15:45:44,922000,11.499
2026/04/29 15:45:44,923000,11.499
2026/04/29 15:45:44,924000,11.493
2026/04/29 15:45:44,925000,11.496
2026/04/29 15:45:44,926000,11.504
2026/04/29 15:45:44,927000,11.493
2026/04/29 15:45:44,928000,11.496
2026/04/29 15:45:44,929000,11.496
2026/04/29 15:45:44,930000,11.499
2026/04/29 15:45:44,931000,11.501
2026/04/29 15:45:44,932000,11.493
2026/04/29 15:45:44,933000,11.496
2026/04/29 15:45:44,934000,11.493
2026/04/29 15:45:44,935000,11.504
2026/04/29 15:45:44,936000,11.496
2026/04/29 15:45:44,937000,11.504
2026/04/29 15:45:44,938000,11.496
2026/04/29 15:45:44,939000,11.496
2026/04/29 15:45:44,940000,11.496
2026/04/29 15:45:44,941000,11.493
2026/04/29 15:45:44,942000,11.493
2026/04/29 15:45:44,943000,11.490
2026/04/29 15:45:44,944000,11.499
2026/04/29 15:45:44,945000,11.490
2026/04/29 15:45:44,946000,11.499
2026/04/29 15:45:44,947000,11.499
2026/04/29 15:45:44,948000,11.501
2026/04/29 15:45:44,949000,11.493
2026/04/29 15:45:44,950000,11.496
2026/04/29 15:45:44,951000,11.501
2026/04/29 15:45:44,952000,11.499
2026/04/29 15:45:44,953000,11.501
2026/04/29 15:45:44,954000,11.507
2026/04/29 15:45:44,955000,11.496
2026/04/29 15:45:44,956000,11.501
2026/04/29 15:45:44,957000,11.504
2026/04/29 15:45:44,958000,11.493
2026/04/29 15:45:44,959000,11.499
2026/04/29 15:45:44,960000,11.493
2026/04/29 15:45:44,961000,11.499
2026/04/29 15:45:44,962000,11.499
2026/04/29 15:45:44,963000,11.493
2026/04/29 15:45:44,964000,11.501
2026/04/29 15:45:44,965000,11.496
2026/04/29 15:45:44,966000,11.496
2026/04/29 15:45:44,967000,11.499
2026/04/29 15:45:44,968000,11.499
2026/04/29 15:45:44,969000,11.501
2026/04/29 15:45:44,970000,11.499
2026/04/29 15:45:44,971000,11.499
2026/04/29 15:45:44,972000,11.496
2026/04/29 15:45:44,973000,11.490
2026/04/29 15:45:44,974000,11.499
2026/04/29 15:45:44,975000,11.499
2026/04/29 15:45:44,976000,11.493
2026/04/29 15:45:44,977000,11.496
2026/04/29 15:45:44,978000,11.496
2026/04/29 15:45:44,979000,11.499
2026/04/29 15:45:44,980000,11.499
2026/04/29 15:45:44,981000,11.490
2026/04/29 15:45:44,982000,11.499
2026/04/29 15:45:44,983000,11.490
2026/04/29 15:45:44,984000,11.499
2026/04/29 15:45:44,985000,11.499
2026/04/29 15:45:44,986000,11.499
2026/04/29 15:45:44,987000,11.501
2026/04/29 15:45:44,988000,11.496
2026/04/29 15:45:44,989000,11.496
2026/04/29 15:45:44,990000,11.496
2026/04/29 15:45:44,991000,11.493
2026/04/29 15:45:44,992000,11.501
2026/04/29 15:45:44,993000,11.501
2026/04/29 15:45:44,994000,11.504
2026/04/29 15:45:44,995000,11.499
2026/04/29 15:45:44,996000,11.501
2026/04/29 15:45:44,997000,11.490
2026/04/29 15:45:44,998000,11.499
2026/04/29 15:45:44,999000,11.499
2026/04/29 15:45:45,000000,11.499
2026/04/29 15:45:45,001000,11.493
2026/04/29 15:45:45,002000,11.499
2026/04/29 15:45:45,003000,11.499
2026/04/29 15:45:45,004000,11.493
2026/04/29 15:45:45,005000,11.496
2026/04/29 15:45:45,006000,11.493
2026/04/29 15:45:45,007000,11.493
2026/04/29 15:45:45,008000,11.499
2026/04/29 15:45:45,009000,11.499
2026/04/29 15:45:45,010000,11.499
2026/04/29 15:45:45,011000,11.493
2026/04/29 15:45:45,012000,11.499
2026/04/29 15:45:45,013000,11.499
2026/04/29 15:45:45,014000,11.493
2026/04/29 15:45:45,015000,11.496
2026/04/29 15:45:45,016000,11.501
2026/04/29 15:45:45,017000,11.499
2026/04/29 15:45:45,018000,11.499
2026/04/29 15:45:45,019000,11.499
2026/04/29 15:45:45,020000,11.499
2026/04/29 15:45:45,021000,11.490
2026/04/29 15:45:45,022000,11.504
2026/04/29 15:45:45,023000,11.499
2026/04/29 15:45:45,024000,11.504
2026/04/29 15:45:45,025000,11.499
2026/04/29 15:45:45,026000,11.493
2026/04/29 15:45:45,027000,11.499
2026/04/29 15:45:45,028000,11.496
2026/04/29 15:45:45,029000,11.496
2026/04/29 15:45:45,030000,11.504
2026/04/29 15:45:45,031000,11.490
2026/04/29 15:45:45,032000,11.496
2026/04/29 15:45:45,033000,11.499
2026/04/29 15:45:45,034000,11.499
2026/04/29 15:45:45,035000,11.499
2026/04/29 15:45:45,036000,11.504
2026/04/29 15:45:45,037000,11.499
2026/04/29 15:45:45,038000,11.499
2026/04/29 15:45:45,039000,11.499
2026/04/29 15:45:45,040000,11.499
2026/04/29 15:45:45,041000,11.507
2026/04/29 15:45:45,042000,11.493
2026/04/29 15:45:45,043000,11.496
2026/04/29 15:45:45,044000,11.501
2026/04/29 15:45:45,045000,11.499
2026/04/29 15:45:45,046000,11.499
2026/04/29 15:45:45,047000,11.499
2026/04/29 15:45:45,048000,11.499
2026/04/29 15:45:45,049000,11.501
2026/04/29 15:45:45,050000,11.493
2026/04/29 15:45:45,051000,11.493
2026/04/29 15:45:45,052000,11.496
2026/04/29 15:45:45,053000,11.501
2026/04/29 15:45:45,054000,11.496
2026/04/29 15:45:45,055000,11.496
2026/04/29 15:45:45,056000,11.501
2026/04/29 15:45:45,057000,11.496
2026/04/29 15:45:45,058000,11.496
2026/04/29 15:45:45,059000,11.493
2026/04/29 15:45:45,060000,11.493
2026/04/29 15:45:45,061000,11.496
2026/04/29 15:45:45,062000,11.499
2026/04/29 15:45:45,063000,11.493
2026/04/29 15:45:45,064000,11.493
2026/04/29 15:45:45,065000,11.496
2026/04/29 15:45:45,066000,11.493
2026/04/29 15:45:45,067000,11.496
2026/04/29 15:45:45,068000,11.499
2026/04/29 15:45:45,069000,11.499
2026/04/29 15:45:45,070000,11.501
2026/04/29 15:45:45,071000,11.493
2026/04/29 15:45:45,072000,11.496
2026/04/29 15:45:45,073000,11.501
2026/04/29 15:45:45,074000,11.504
2026/04/29 15:45:45,075000,11.501
2026/04/29 15:45:45,076000,11.499
2026/04/29 15:45:45,077000,11.496
2026/04/29 15:45:45,078000,11.493
2026/04/29 15:45:45,079000,11.499
2026/04/29 15:45:45,080000,11.496
2026/04/29 15:45:45,081000,11.496
2026/04/29 15:45:45,082000,11.499
2026/04/29 15:45:45,083000,11.493
2026/04/29 15:45:45,084000,11.501
2026/04/29 15:45:45,085000,11.499
2026/04/29 15:45:45,086000,11.493
2026/04/29 15:45:45,087000,11.499
2026/04/29 15:45:45,088000,11.499
2026/04/29 15:45:45,089000,11.490
2026/04/29 15:45:45,090000,11.501
2026/04/29 15:45:45,091000,11.493
2026/04/29 15:45:45,092000,11.499
2026/04/29 15:45:45,093000,11.487
2026/04/29 15:45:45,094000,11.493
2026/04/29 15:45:45,095000,11.490
2026/04/29 15:45:45,096000,11.499
2026/04/29 15:45:45,097000,11.496
2026/04/29 15:45:45,098000,11.501
2026/04/29 15:45:45,099000,11.504
2026/04/29 15:45:45,100000,11.499
2026/04/29 15:45:45,101000,11.493
2026/04/29 15:45:45,102000,11.493
2026/04/29 15:45:45,103000,11.507
2026/04/29 15:45:45,104000,11.493
2026/04/29 15:45:45,105000,11.499
2026/04/29 15:45:45,106000,11.501
2026/04/29 15:45:45,107000,11.493
2026/04/29 15:45:45,108000,11.496
2026/04/29 15:45:45,109000,11.493
2026/04/29 15:45:45,110000,11.499
2026/04/29 15:45:45,111000,11.493
2026/04/29 15:45:45,112000,11.501
2026/04/29 15:45:45,113000,11.501
2026/04/29 15:45:45,114000,11.501
2026/04/29 15:45:45,115000,11.496
2026/04/29 15:45:45,116000,11.499
2026/04/29 15:45:45,117000,11.499
2026/04/29 15:45:45,118000,11.501
2026/04/29 15:45:45,119000,11.496
2026/04/29 15:45:45,120000,11.499
2026/04/29 15:45:45,121000,11.496
2026/04/29 15:45:45,122000,11.501
2026/04/29 15:45:45,123000,11.496
2026/04/29 15:45:45,124000,11.501
2026/04/29 15:45:45,125000,11.499
2026/04/29 15:45:45,126000,11.496
2026/04/29 15:45:45,127000,11.493
2026/04/29 15:45:45,128000,11.496
2026/04/29 15:45:45,129000,11.499
2026/04/29 15:45:45,130000,11.496
2026/04/29 15:45:45,131000,11.499
2026/04/29 15:45:45,132000,11.501
2026/04/29 15:45:45,133000,11.499
2026/04/29 15:45:45,134000,11.496
2026/04/29 15:45:45,135000,11.504
2026/04/29 15:45:45,136000,11.490
2026/04/29 15:45:45,137000,11.499
2026/04/29 15:45:45,138000,11.496
2026/04/29 15:45:45,139000,11.493
2026/04/29 15:45:45,140000,11.496
2026/04/29 15:45:45,141000,11.493
2026/04/29 15:45:45,142000,11.493
2026/04/29 15:45:45,143000,11.490
2026/04/29 15:45:45,144000,11.499
2026/04/29 15:45:45,145000,11.499
2026/04/29 15:45:45,146000,11.499
2026/04/29 15:45:45,147000,11.501
2026/04/29 15:45:45,148000,11.496
2026/04/29 15:45:45,149000,11.496
2026/04/29 15:45:45,150000,11.501
2026/04/29 15:45:45,151000,11.501
2026/04/29 15:45:45,152000,11.493
2026/04/29 15:45:45,153000,11.493
2026/04/29 15:45:45,154000,11.496
2026/04/29 15:45:45,155000,11.493
2026/04/29 15:45:45,156000,11.501
2026/04/29 15:45:45,157000,11.499
2026/04/29 15:45:45,158000,11.496
2026/04/29 15:45:45,159000,11.496
2026/04/29 15:45:45,160000,11.499
2026/04/29 15:45:45,161000,11.499
2026/04/29 15:45:45,162000,11.499
2026/04/29 15:45:45,163000,11.501
2026/04/29 15:45:45,164000,11.496
2026/04/29 15:45:45,165000,11.499
2026/04/29 15:45:45,166000,11.496
2026/04/29 15:45:45,167000,11.496
2026/04/29 15:45:45,168000,11.493
2026/04/29 15:45:45,169000,11.499
2026/04/29 15:45:45,170000,11.496
2026/04/29 15:45:45,171000,11.496
2026/04/29 15:45:45,172000,11.496
2026/04/29 15:45:45,173000,11.499
2026/04/29 15:45:45,174000,11.499
2026/04/29 15:45:45,175000,11.501
2026/04/29 15:45:45,176000,11.493
2026/04/29 15:45:45,177000,11.501
2026/04/29 15:45:45,178000,11.499
2026/04/29 15:45:45,179000,11.490
2026/04/29 15:45:45,180000,11.499
2026/04/29 15:45:45,181000,11.493
2026/04/29 15:45:45,182000,11.501
2026/04/29 15:45:45,183000,11.499
2026/04/29 15:45:45,184000,11.496
2026/04/29 15:45:45,185000,11.496
2026/04/29 15:45:45,186000,11.499
2026/04/29 15:45:45,187000,11.499
2026/04/29 15:45:45,188000,11.504
2026/04/29 15:45:45,189000,11.499
2026/04/29 15:45:45,190000,11.496
2026/04/29 15:45:45,191000,11.493
2026/04/29 15:45:45,192000,11.496
2026/04/29 15:45:45,193000,11.496
2026/04/29 15:45:45,194000,11.493
2026/04/29 15:45:45,195000,11.499
2026/04/29 15:45:45,196000,11.496
2026/04/29 15:45:45,197000,11.490
2026/04/29 15:45:45,198000,11.499
2026/04/29 15:45:45,199000,11.493
2026/04/29 15:45:45,200000,11.499
2026/04/29 15:45:45,201000,11.504
2026/04/29 15:45:45,202000,11.504
2026/04/29 15:45:45,203000,11.499
2026/04/29 15:45:45,204000,11.493
2026/04/29 15:45:45,205000,11.496
2026/04/29 15:45:45,206000,11.501
2026/04/29 15:45:45,207000,11.499
2026/04/29 15:45:45,208000,11.499
2026/04/29 15:45:45,209000,11.493
2026/04/29 15:45:45,210000,11.499
2026/04/29 15:45:45,211000,11.496
2026/04/29 15:45:45,212000,11.499
2026/04/29 15:45:45,213000,11.496
2026/04/29 15:45:45,214000,11.496
2026/04/29 15:45:45,215000,11.499
2026/04/29 15:45:45,216000,11.496
2026/04/29 15:45:45,217000,11.493
2026/04/29 15:45:45,218000,11.499
2026/04/29 15:45:45,219000,11.493
2026/04/29 15:45:45,220000,11.499
2026/04/29 15:45:45,221000,11.501
2026/04/29 15:45:45,222000,11.501
2026/04/29 15:45:45,223000,11.493
2026/04/29 15:45:45,224000,11.490
2026/04/29 15:45:45,225000,11.496
2026/04/29 15:45:45,226000,11.504
2026/04/29 15:45:45,227000,11.496
2026/04/29 15:45:45,228000,11.501
2026/04/29 15:45:45,229000,11.501
2026/04/29 15:45:45,230000,11.499
2026/04/29 15:45:45,231000,11.496
2026/04/29 15:45:45,232000,11.504
2026/04/29 15:45:45,233000,11.499
2026/04/29 15:45:45,234000,11.490
2026/04/29 15:45:45,235000,11.499
2026/04/29 15:45:45,236000,11.496
2026/04/29 15:45:45,237000,11.499
2026/04/29 15:45:45,238000,11.499
2026/04/29 15:45:45,239000,11.499
2026/04/29 15:45:45,240000,11.493
2026/04/29 15:45:45,241000,11.499
2026/04/29 15:45:45,242000,11.501
2026/04/29 15:45:45,243000,11.501
2026/04/29 15:45:45,244000,11.501
2026/04/29 15:45:45,245000,11.501
2026/04/29 15:45:45,246000,11.496
2026/04/29 15:45:45,247000,11.490
2026/04/29 15:45:45,248000,11.493
2026/04/29 15:45:45,249000,11.490
2026/04/29 15:45:45,250000,11.499
2026/04/29 15:45:45,251000,11.493
2026/04/29 15:45:45,252000,11.501
2026/04/29 15:45:45,253000,11.496
2026/04/29 15:45:45,254000,11.499
2026/04/29 15:45:45,255000,11.493
2026/04/29 15:45:45,256000,11.493
2026/04/29 15:45:45,257000,11.499
2026/04/29 15:45:45,258000,11.499
2026/04/29 15:45:45,259000,11.504
2026/04/29 15:45:45,260000,11.496
2026/04/29 15:45:45,261000,11.499
2026/04/29 15:45:45,262000,11.501
2026/04/29 15:45:45,263000,11.490
2026/04/29 15:45:45,264000,11.501
2026/04/29 15:45:45,265000,11.499
2026/04/29 15:45:45,266000,11.496
2026/04/29 15:45:45,267000,11.496
2026/04/29 15:45:45,268000,11.496
2026/04/29 15:45:45,269000,11.504
2026/04/29 15:45:45,270000,11.501
2026/04/29 15:45:45,271000,11.501
2026/04/29 15:45:45,272000,11.493
2026/04/29 15:45:45,273000,11.507
2026/04/29 15:45:45,274000,11.501
2026/04/29 15:45:45,275000,11.501
2026/04/29 15:45:45,276000,11.496
2026/04/29 15:45:45,277000,11.499
2026/04/29 15:45:45,278000,11.499
2026/04/29 15:45:45,279000,11.499
2026/04/29 15:45:45,280000,11.493
2026/04/29 15:45:45,281000,11.496
2026/04/29 15:45:45,282000,11.496
2026/04/29 15:45:45,283000,11.501
2026/04/29 15:45:45,284000,11.501
2026/04/29 15:45:45,285000,11.501
2026/04/29 15:45:45,286000,11.496
2026/04/29 15:45:45,287000,11.499
2026/04/29 15:45:45,288000,11.499
2026/04/29 15:45:45,289000,11.499
2026/04/29 15:45:45,290000,11.499
2026/04/29 15:45:45,291000,11.496
2026/04/29 15:45:45,292000,11.499
2026/04/29 15:45:45,293000,11.493
2026/04/29 15:45:45,294000,11.499
2026/04/29 15:45:45,295000,11.496
2026/04/29 15:45:45,296000,11.493
2026/04/29 15:45:45,297000,11.496
2026/04/29 15:45:45,298000,11.493
2026/04/29 15:45:45,299000,11.499
2026/04/29 15:45:45,300000,11.496
2026/04/29 15:45:45,301000,11.493
2026/04/29 15:45:45,302000,11.504
2026/04/29 15:45:45,303000,11.496
2026/04/29 15:45:45,304000,11.499
2026/04/29 15:45:45,305000,11.499
2026/04/29 15:45:45,306000,11.493
2026/04/29 15:45:45,307000,11.496
2026/04/29 15:45:45,308000,11.496
2026/04/29 15:45:45,309000,11.499
2026/04/29 15:45:45,310000,11.499
2026/04/29 15:45:45,311000,11.496
2026/04/29 15:45:45,312000,11.499
2026/04/29 15:45:45,313000,11.496
2026/04/29 15:45:45,314000,11.493
2026/04/29 15:45:45,315000,11.499
2026/04/29 15:45:45,316000,11.499
2026/04/29 15:45:45,317000,11.501
2026/04/29 15:45:45,318000,11.499
2026/04/29 15:45:45,319000,11.499
2026/04/29 15:45:45,320000,11.499
2026/04/29 15:45:45,321000,11.496
2026/04/29 15:45:45,322000,11.499
2026/04/29 15:45:45,323000,11.501
2026/04/29 15:45:45,324000,11.493
2026/04/29 15:45:45,325000,11.499
2026/04/29 15:45:45,326000,11.493
2026/04/29 15:45:45,327000,11.499
2026/04/29 15:45:45,328000,11.496
2026/04/29 15:45:45,329000,11.499
2026/04/29 15:45:45,330000,11.496
2026/04/29 15:45:45,331000,11.499
2026/04/29 15:45:45,332000,11.496
2026/04/29 15:45:45,333000,11.493
2026/04/29 15:45:45,334000,11.499
2026/04/29 15:45:45,335000,11.496
2026/04/29 15:45:45,336000,11.490
2026/04/29 15:45:45,337000,11.501
2026/04/29 15:45:45,338000,11.501
2026/04/29 15:45:45,339000,11.499
2026/04/29 15:45:45,340000,11.496
2026/04/29 15:45:45,341000,11.496
2026/04/29 15:45:45,342000,11.499
2026/04/29 15:45:45,343000,11.496
2026/04/29 15:45:45,344000,11.493
2026/04/29 15:45:45,345000,11.496
2026/04/29 15:45:45,346000,11.499
2026/04/29 15:45:45,347000,11.499
2026/04/29 15:45:45,348000,11.493
2026/04/29 15:45:45,349000,11.496
2026/04/29 15:45:45,350000,11.496
2026/04/29 15:45:45,351000,11.499
2026/04/29 15:45:45,352000,11.493
2026/04/29 15:45:45,353000,11.496
2026/04/29 15:45:45,354000,11.499
2026/04/29 15:45:45,355000,11.499
2026/04/29 15:45:45,356000,11.499
2026/04/29 15:45:45,357000,11.499
2026/04/29 15:45:45,358000,11.496
2026/04/29 15:45:45,359000,11.496
2026/04/29 15:45:45,360000,11.499
2026/04/29 15:45:45,361000,11.493
2026/04/29 15:45:45,362000,11.499
2026/04/29 15:45:45,363000,11.501
2026/04/29 15:45:45,364000,11.499
2026/04/29 15:45:45,365000,11.501
2026/04/29 15:45:45,366000,11.499
2026/04/29 15:45:45,367000,11.499
2026/04/29 15:45:45,368000,11.501
2026/04/29 15:45:45,369000,11.499
2026/04/29 15:45:45,370000,11.499
2026/04/29 15:45:45,371000,11.501
2026/04/29 15:45:45,372000,11.496
2026/04/29 15:45:45,373000,11.499
2026/04/29 15:45:45,374000,11.499
2026/04/29 15:45:45,375000,11.493
2026/04/29 15:45:45,376000,11.501
2026/04/29 15:45:45,377000,11.496
2026/04/29 15:45:45,378000,11.493
2026/04/29 15:45:45,379000,11.490
2026/04/29 15:45:45,380000,11.493
2026/04/29 15:45:45,381000,11.493
2026/04/29 15:45:45,382000,11.496
2026/04/29 15:45:45,383000,11.501
2026/04/29 15:45:45,384000,11.501
2026/04/29 15:45:45,385000,11.496
2026/04/29 15:45:45,386000,11.499
2026/04/29 15:45:45,387000,11.501
2026/04/29 15:45:45,388000,11.496
2026/04/29 15:45:45,389000,11.501
2026/04/29 15:45:45,390000,11.499
2026/04/29 15:45:45,391000,11.493
2026/04/29 15:45:45,392000,11.496
2026/04/29 15:45:45,393000,11.501
2026/04/29 15:45:45,394000,11.496
2026/04/29 15:45:45,395000,11.499
2026/04/29 15:45:45,396000,11.499
2026/04/29 15:45:45,397000,11.501
2026/04/29 15:45:45,398000,11.499
2026/04/29 15:45:45,399000,11.501
2026/04/29 15:45:45,400000,11.499
2026/04/29 15:45:45,401000,11.496
2026/04/29 15:45:45,402000,11.493
2026/04/29 15:45:45,403000,11.493
2026/04/29 15:45:45,404000,11.493
2026/04/29 15:45:45,405000,11.499
2026/04/29 15:45:45,406000,11.493
2026/04/29 15:45:45,407000,11.499
2026/04/29 15:45:45,408000,11.496
2026/04/29 15:45:45,409000,11.501
2026/04/29 15:45:45,410000,11.496
2026/04/29 15:45:45,411000,11.496
2026/04/29 15:45:45,412000,11.499
2026/04/29 15:45:45,413000,11.496
2026/04/29 15:45:45,414000,11.499
2026/04/29 15:45:45,415000,11.493
2026/04/29 15:45:45,416000,11.501
2026/04/29 15:45:45,417000,11.496
2026/04/29 15:45:45,418000,11.496
2026/04/29 15:45:45,419000,11.499
2026/04/29 15:45:45,420000,11.496
2026/04/29 15:45:45,421000,11.490
2026/04/29 15:45:45,422000,11.490
2026/04/29 15:45:45,423000,11.501
2026/04/29 15:45:45,424000,11.499
2026/04/29 15:45:45,425000,11.499
2026/04/29 15:45:45,426000,11.496
2026/04/29 15:45:45,427000,11.501
2026/04/29 15:45:45,428000,11.496
2026/04/29 15:45:45,429000,11.501
2026/04/29 15:45:45,430000,11.499
2026/04/29 15:45:45,431000,11.499
2026/04/29 15:45:45,432000,11.499
2026/04/29 15:45:45,433000,11.499
2026/04/29 15:45:45,434000,11.493
2026/04/29 15:45:45,435000,11.496
2026/04/29 15:45:45,436000,11.493
2026/04/29 15:45:45,437000,11.490
2026/04/29 15:45:45,438000,11.501
2026/04/29 15:45:45,439000,11.493
2026/04/29 15:45:45,440000,11.504
2026/04/29 15:45:45,441000,11.499
2026/04/29 15:45:45,442000,11.501
2026/04/29 15:45:45,443000,11.496
2026/04/29 15:45:45,444000,11.496
2026/04/29 15:45:45,445000,11.496
2026/04/29 15:45:45,446000,11.499
2026/04/29 15:45:45,447000,11.499
2026/04/29 15:45:45,448000,11.501
2026/04/29 15:45:45,449000,11.501
2026/04/29 15:45:45,450000,11.499
2026/04/29 15:45:45,451000,11.496
2026/04/29 15:45:45,452000,11.499
2026/04/29 15:45:45,453000,11.504
2026/04/29 15:45:45,454000,11.499
2026/04/29 15:45:45,455000,11.499
2026/04/29 15:45:45,456000,11.496
2026/04/29 15:45:45,457000,11.499
2026/04/29 15:45:45,458000,11.493
2026/04/29 15:45:45,459000,11.496
2026/04/29 15:45:45,460000,11.504
2026/04/29 15:45:45,461000,11.499
2026/04/29 15:45:45,462000,11.499
2026/04/29 15:45:45,463000,11.499
2026/04/29 15:45:45,464000,11.490
2026/04/29 15:45:45,465000,11.493
2026/04/29 15:45:45,466000,11.496
2026/04/29 15:45:45,467000,11.496
2026/04/29 15:45:45,468000,11.499
2026/04/29 15:45:45,469000,11.501
2026/04/29 15:45:45,470000,11.499
2026/04/29 15:45:45,471000,11.485
2026/04/29 15:45:45,472000,11.493
2026/04/29 15:45:45,473000,11.493
2026/04/29 15:45:45,474000,11.499
2026/04/29 15:45:45,475000,11.493
2026/04/29 15:45:45,476000,11.499
2026/04/29 15:45:45,477000,11.499
2026/04/29 15:45:45,478000,11.499
2026/04/29 15:45:45,479000,11.501
2026/04/29 15:45:45,480000,11.496
2026/04/29 15:45:45,481000,11.493
2026/04/29 15:45:45,482000,11.496
2026/04/29 15:45:45,483000,11.496
2026/04/29 15:45:45,484000,11.496
2026/04/29 15:45:45,485000,11.504
2026/04/29 15:45:45,486000,11.496
2026/04/29 15:45:45,487000,11.504
2026/04/29 15:45:45,488000,11.493
2026/04/29 15:45:45,489000,11.493
2026/04/29 15:45:45,490000,11.504
2026/04/29 15:45:45,491000,11.501
2026/04/29 15:45:45,492000,11.499
2026/04/29 15:45:45,493000,11.496
2026/04/29 15:45:45,494000,11.493
2026/04/29 15:45:45,495000,11.501
2026/04/29 15:45:45,496000,11.496
2026/04/29 15:45:45,497000,11.493
2026/04/29 15:45:45,498000,11.490
2026/04/29 15:45:45,499000,11.496
2026/04/29 15:45:45,500000,11.490
2026/04/29 15:45:45,501000,11.499
2026/04/29 15:45:45,502000,11.499
2026/04/29 15:45:45,503000,11.496
2026/04/29 15:45:45,504000,11.499
2026/04/29 15:45:45,505000,11.496
2026/04/29 15:45:45,506000,11.496
2026/04/29 15:45:45,507000,11.496
2026/04/29 15:45:45,508000,11.501
2026/04/29 15:45:45,509000,11.493
2026/04/29 15:45:45,510000,11.493
2026/04/29 15:45:45,511000,11.499
2026/04/29 15:45:45,512000,11.493
2026/04/29 15:45:45,513000,11.496
2026/04/29 15:45:45,514000,11.501
2026/04/29 15:45:45,515000,11.493
2026/04/29 15:45:45,516000,11.501
2026/04/29 15:45:45,517000,11.501
2026/04/29 15:45:45,518000,11.504
2026/04/29 15:45:45,519000,11.499
2026/04/29 15:45:45,520000,11.499
2026/04/29 15:45:45,521000,11.504
2026/04/29 15:45:45,522000,11.496
2026/04/29 15:45:45,523000,11.493
2026/04/29 15:45:45,524000,11.501
2026/04/29 15:45:45,525000,11.493
2026/04/29 15:45:45,526000,11.499
2026/04/29 15:45:45,527000,11.496
2026/04/29 15:45:45,528000,11.493
2026/04/29 15:45:45,529000,11.493
2026/04/29 15:45:45,530000,11.501
2026/04/29 15:45:45,531000,11.493
2026/04/29 15:45:45,532000,11.496
2026/04/29 15:45:45,533000,11.504
2026/04/29 15:45:45,534000,11.499
2026/04/29 15:45:45,535000,11.499
2026/04/29 15:45:45,536000,11.493
2026/04/29 15:45:45,537000,11.496
2026/04/29 15:45:45,538000,11.490
2026/04/29 15:45:45,539000,11.490
2026/04/29 15:45:45,540000,11.496
2026/04/29 15:45:45,541000,11.496
2026/04/29 15:45:45,542000,11.490
2026/04/29 15:45:45,543000,11.499
2026/04/29 15:45:45,544000,11.499
2026/04/29 15:45:45,545000,11.493
2026/04/29 15:45:45,546000,11.499
2026/04/29 15:45:45,547000,11.504
2026/04/29 15:45:45,548000,11.501
2026/04/29 15:45:45,549000,11.496
2026/04/29 15:45:45,550000,11.499
2026/04/29 15:45:45,551000,11.499
2026/04/29 15:45:45,552000,11.496
2026/04/29 15:45:45,553000,11.493
2026/04/29 15:45:45,554000,11.496
2026/04/29 15:45:45,555000,11.496
2026/04/29 15:45:45,556000,11.501
2026/04/29 15:45:45,557000,11.504
2026/04/29 15:45:45,558000,11.493
2026/04/29 15:45:45,559000,11.496
2026/04/29 15:45:45,560000,11.501
2026/04/29 15:45:45,561000,11.501
2026/04/29 15:45:45,562000,11.501
2026/04/29 15:45:45,563000,11.496
2026/04/29 15:45:45,564000,11.493
2026/04/29 15:45:45,565000,11.493
2026/04/29 15:45:45,566000,11.493
2026/04/29 15:45:45,567000,11.499
2026/04/29 15:45:45,568000,11.493
2026/04/29 15:45:45,569000,11.501
2026/04/29 15:45:45,570000,11.496
2026/04/29 15:45:45,571000,11.490
2026/04/29 15:45:45,572000,11.487
2026/04/29 15:45:45,573000,11.496
2026/04/29 15:45:45,574000,11.504
2026/04/29 15:45:45,575000,11.499
2026/04/29 15:45:45,576000,11.493
2026/04/29 15:45:45,577000,11.496
2026/04/29 15:45:45,578000,11.501
2026/04/29 15:45:45,579000,11.499
2026/04/29 15:45:45,580000,11.499
2026/04/29 15:45:45,581000,11.493
2026/04/29 15:45:45,582000,11.496
2026/04/29 15:45:45,583000,11.501
2026/04/29 15:45:45,584000,11.493
2026/04/29 15:45:45,585000,11.501
2026/04/29 15:45:45,586000,11.499
2026/04/29 15:45:45,587000,11.499
2026/04/29 15:45:45,588000,11.496
2026/04/29 15:45:45,589000,11.499
2026/04/29 15:45:45,590000,11.493
2026/04/29 15:45:45,591000,11.496
2026/04/29 15:45:45,592000,11.501
2026/04/29 15:45:45,593000,11.493
2026/04/29 15:45:45,594000,11.493
2026/04/29 15:45:45,595000,11.499
2026/04/29 15:45:45,596000,11.499
2026/04/29 15:45:45,597000,11.499
2026/04/29 15:45:45,598000,11.493
2026/04/29 15:45:45,599000,11.496
2026/04/29 15:45:45,600000,11.499
2026/04/29 15:45:45,601000,11.499
2026/04/29 15:45:45,602000,11.499
2026/04/29 15:45:45,603000,11.501
2026/04/29 15:45:45,604000,11.501
2026/04/29 15:45:45,605000,11.496
2026/04/29 15:45:45,606000,11.499
2026/04/29 15:45:45,607000,11.496
2026/04/29 15:45:45,608000,11.490
2026/04/29 15:45:45,609000,11.496
2026/04/29 15:45:45,610000,11.501
2026/04/29 15:45:45,611000,11.504
2026/04/29 15:45:45,612000,11.499
2026/04/29 15:45:45,613000,11.496
2026/04/29 15:45:45,614000,11.501
2026/04/29 15:45:45,615000,11.493
2026/04/29 15:45:45,616000,11.496
2026/04/29 15:45:45,617000,11.501
2026/04/29 15:45:45,618000,11.499
2026/04/29 15:45:45,619000,11.501
2026/04/29 15:45:45,620000,11.493
2026/04/29 15:45:45,621000,11.501
2026/04/29 15:45:45,622000,11.493
2026/04/29 15:45:45,623000,11.504
2026/04/29 15:45:45,624000,11.496
2026/04/29 15:45:45,625000,11.499
2026/04/29 15:45:45,626000,11.490
2026/04/29 15:45:45,627000,11.501
2026/04/29 15:45:45,628000,11.496
2026/04/29 15:45:45,629000,11.493
2026/04/29 15:45:45,630000,11.496
2026/04/29 15:45:45,631000,11.493
2026/04/29 15:45:45,632000,11.496
2026/04/29 15:45:45,633000,11.493
2026/04/29 15:45:45,634000,11.493
2026/04/29 15:45:45,635000,11.493
2026/04/29 15:45:45,636000,11.493
2026/04/29 15:45:45,637000,11.496
2026/04/29 15:45:45,638000,11.496
2026/04/29 15:45:45,639000,11.493
2026/04/29 15:45:45,640000,11.499
2026/04/29 15:45:45,641000,11.496
2026/04/29 15:45:45,642000,11.493
2026/04/29 15:45:45,643000,11.501
2026/04/29 15:45:45,644000,11.496
2026/04/29 15:45:45,645000,11.499
2026/04/29 15:45:45,646000,11.499
2026/04/29 15:45:45,647000,11.499
2026/04/29 15:45:45,648000,11.504
2026/04/29 15:45:45,649000,11.501
2026/04/29 15:45:45,650000,11.501
2026/04/29 15:45:45,651000,11.499
2026/04/29 15:45:45,652000,11.496
2026/04/29 15:45:45,653000,11.499
2026/04/29 15:45:45,654000,11.499
2026/04/29 15:45:45,655000,11.504
2026/04/29 15:45:45,656000,11.501
2026/04/29 15:45:45,657000,11.499
2026/04/29 15:45:45,658000,11.493
2026/04/29 15:45:45,659000,11.493
2026/04/29 15:45:45,660000,11.499
2026/04/29 15:45:45,661000,11.496
2026/04/29 15:45:45,662000,11.493
2026/04/29 15:45:45,663000,11.493
2026/04/29 15:45:45,664000,11.490
2026/04/29 15:45:45,665000,11.496
2026/04/29 15:45:45,666000,11.501
2026/04/29 15:45:45,667000,11.501
2026/04/29 15:45:45,668000,11.501
2026/04/29 15:45:45,669000,11.496
2026/04/29 15:45:45,670000,11.493
2026/04/29 15:45:45,671000,11.490
2026/04/29 15:45:45,672000,11.496
2026/04/29 15:45:45,673000,11.496
2026/04/29 15:45:45,674000,11.496
2026/04/29 15:45:45,675000,11.493
2026/04/29 15:45:45,676000,11.499
2026/04/29 15:45:45,677000,11.496
2026/04/29 15:45:45,678000,11.493
2026/04/29 15:45:45,679000,11.501
2026/04/29 15:45:45,680000,11.499
2026/04/29 15:45:45,681000,11.501
2026/04/29 15:45:45,682000,11.499
2026/04/29 15:45:45,683000,11.496
2026/04/29 15:45:45,684000,11.496
2026/04/29 15:45:45,685000,11.501
2026/04/29 15:45:45,686000,11.499
2026/04/29 15:45:45,687000,11.496
2026/04/29 15:45:45,688000,11.499
2026/04/29 15:45:45,689000,11.493
2026/04/29 15:45:45,690000,11.493
2026/04/29 15:45:45,691000,11.504
2026/04/29 15:45:45,692000,11.496
2026/04/29 15:45:45,693000,11.496
2026/04/29 15:45:45,694000,11.501
2026/04/29 15:45:45,695000,11.504
2026/04/29 15:45:45,696000,11.496
2026/04/29 15:45:45,697000,11.482
2026/04/29 15:45:45,698000,11.496
2026/04/29 15:45:45,699000,11.504
2026/04/29 15:45:45,700000,11.496
2026/04/29 15:45:45,701000,11.499
2026/04/29 15:45:45,702000,11.499
2026/04/29 15:45:45,703000,11.493
2026/04/29 15:45:45,704000,11.499
2026/04/29 15:45:45,705000,11.493
2026/04/29 15:45:45,706000,11.493
2026/04/29 15:45:45,707000,11.493
2026/04/29 15:45:45,708000,11.501
2026/04/29 15:45:45,709000,11.499
2026/04/29 15:45:45,710000,11.501
2026/04/29 15:45:45,711000,11.499
2026/04/29 15:45:45,712000,11.496
2026/04/29 15:45:45,713000,11.496
2026/04/29 15:45:45,714000,11.504
2026/04/29 15:45:45,715000,11.493
2026/04/29 15:45:45,716000,11.493
2026/04/29 15:45:45,717000,11.496
2026/04/29 15:45:45,718000,11.496
2026/04/29 15:45:45,719000,11.501
2026/04/29 15:45:45,720000,11.499
2026/04/29 15:45:45,721000,11.504
2026/04/29 15:45:45,722000,11.493
2026/04/29 15:45:45,723000,11.499
2026/04/29 15:45:45,724000,11.493
2026/04/29 15:45:45,725000,11.493
2026/04/29 15:45:45,726000,11.501
2026/04/29 15:45:45,727000,11.499
2026/04/29 15:45:45,728000,11.496
2026/04/29 15:45:45,729000,11.496
2026/04/29 15:45:45,730000,11.501
2026/04/29 15:45:45,731000,11.501
2026/04/29 15:45:45,732000,11.499
2026/04/29 15:45:45,733000,11.501
2026/04/29 15:45:45,734000,11.490
2026/04/29 15:45:45,735000,11.490
2026/04/29 15:45:45,736000,11.501
2026/04/29 15:45:45,737000,11.499
2026/04/29 15:45:45,738000,11.493
2026/04/29 15:45:45,739000,11.496
2026/04/29 15:45:45,740000,11.499
2026/04/29 15:45:45,741000,11.499
2026/04/29 15:45:45,742000,11.490
2026/04/29 15:45:45,743000,11.499
2026/04/29 15:45:45,744000,11.493
2026/04/29 15:45:45,745000,11.493
2026/04/29 15:45:45,746000,11.499
2026/04/29 15:45:45,747000,11.493
2026/04/29 15:45:45,748000,11.499
2026/04/29 15:45:45,749000,11.499
2026/04/29 15:45:45,750000,11.496
2026/04/29 15:45:45,751000,11.496
2026/04/29 15:45:45,752000,11.493
2026/04/29 15:45:45,753000,11.499
2026/04/29 15:45:45,754000,11.499
2026/04/29 15:45:45,755000,11.501
2026/04/29 15:45:45,756000,11.493
2026/04/29 15:45:45,757000,11.499
2026/04/29 15:45:45,758000,11.499
2026/04/29 15:45:45,759000,11.499
2026/04/29 15:45:45,760000,11.493
2026/04/29 15:45:45,761000,11.499
2026/04/29 15:45:45,762000,11.510
2026/04/29 15:45:45,763000,11.501
2026/04/29 15:45:45,764000,11.499
2026/04/29 15:45:45,765000,11.504
2026/04/29 15:45:45,766000,11.501
2026/04/29 15:45:45,767000,11.501
2026/04/29 15:45:45,768000,11.499
2026/04/29 15:45:45,769000,11.493
2026/04/29 15:45:45,770000,11.501
2026/04/29 15:45:45,771000,11.499
2026/04/29 15:45:45,772000,11.496
2026/04/29 15:45:45,773000,11.493
2026/04/29 15:45:45,774000,11.499
2026/04/29 15:45:45,775000,11.504
2026/04/29 15:45:45,776000,11.490
2026/04/29 15:45:45,777000,11.493
2026/04/29 15:45:45,778000,11.499
2026/04/29 15:45:45,779000,11.493
2026/04/29 15:45:45,780000,11.499
2026/04/29 15:45:45,781000,11.499
2026/04/29 15:45:45,782000,11.499
2026/04/29 15:45:45,783000,11.501
2026/04/29 15:45:45,784000,11.499
2026/04/29 15:45:45,785000,11.499
2026/04/29 15:45:45,786000,11.499
2026/04/29 15:45:45,787000,11.499
2026/04/29 15:45:45,788000,11.504
2026/04/29 15:45:45,789000,11.493
2026/04/29 15:45:45,790000,11.493
2026/04/29 15:45:45,791000,11.493
2026/04/29 15:45:45,792000,11.487
2026/04/29 15:45:45,793000,11.496
2026/04/29 15:45:45,794000,11.496
2026/04/29 15:45:45,795000,11.499
2026/04/29 15:45:45,796000,11.496
2026/04/29 15:45:45,797000,11.499
2026/04/29 15:45:45,798000,11.499
2026/04/29 15:45:45,799000,11.501
2026/04/29 15:45:45,800000,11.493
2026/04/29 15:45:45,801000,11.499
2026/04/29 15:45:45,802000,11.496
2026/04/29 15:45:45,803000,11.499
2026/04/29 15:45:45,804000,11.499
2026/04/29 15:45:45,805000,11.499
2026/04/29 15:45:45,806000,11.496
2026/04/29 15:45:45,807000,11.504
2026/04/29 15:45:45,808000,11.493
2026/04/29 15:45:45,809000,11.501
2026/04/29 15:45:45,810000,11.499
2026/04/29 15:45:45,811000,11.499
2026/04/29 15:45:45,812000,11.496
2026/04/29 15:45:45,813000,11.501
2026/04/29 15:45:45,814000,11.493
2026/04/29 15:45:45,815000,11.493
2026/04/29 15:45:45,816000,11.496
2026/04/29 15:45:45,817000,11.496
2026/04/29 15:45:45,818000,11.501
2026/04/29 15:45:45,819000,11.496
2026/04/29 15:45:45,820000,11.504
2026/04/29 15:45:45,821000,11.490
2026/04/29 15:45:45,822000,11.493
2026/04/29 15:45:45,823000,11.499
2026/04/29 15:45:45,824000,11.501
2026/04/29 15:45:45,825000,11.496
2026/04/29 15:45:45,826000,11.499
2026/04/29 15:45:45,827000,11.490
2026/04/29 15:45:45,828000,11.499
2026/04/29 15:45:45,829000,11.499
2026/04/29 15:45:45,830000,11.507
2026/04/29 15:45:45,831000,11.493
2026/04/29 15:45:45,832000,11.499
2026/04/29 15:45:45,833000,11.493
2026/04/29 15:45:45,834000,11.496
2026/04/29 15:45:45,835000,11.499
2026/04/29 15:45:45,836000,11.493
2026/04/29 15:45:45,837000,11.496
2026/04/29 15:45:45,838000,11.496
2026/04/29 15:45:45,839000,11.499
2026/04/29 15:45:45,840000,11.501
2026/04/29 15:45:45,841000,11.493
2026/04/29 15:45:45,842000,11.493
2026/04/29 15:45:45,843000,11.493
2026/04/29 15:45:45,844000,11.501
2026/04/29 15:45:45,845000,11.496
2026/04/29 15:45:45,846000,11.501
2026/04/29 15:45:45,847000,11.501
2026/04/29 15:45:45,848000,11.493
2026/04/29 15:45:45,849000,11.499
2026/04/29 15:45:45,850000,11.493
2026/04/29 15:45:45,851000,11.496
2026/04/29 15:45:45,852000,11.493
2026/04/29 15:45:45,853000,11.490
2026/04/29 15:45:45,854000,11.493
2026/04/29 15:45:45,855000,11.493
2026/04/29 15:45:45,856000,11.496
2026/04/29 15:45:45,857000,11.499
2026/04/29 15:45:45,858000,11.496
2026/04/29 15:45:45,859000,11.493
2026/04/29 15:45:45,860000,11.493
2026/04/29 15:45:45,861000,11.499
2026/04/29 15:45:45,862000,11.499
2026/04/29 15:45:45,863000,11.499
2026/04/29 15:45:45,864000,11.496
2026/04/29 15:45:45,865000,11.501
2026/04/29 15:45:45,866000,11.501
2026/04/29 15:45:45,867000,11.499
2026/04/29 15:45:45,868000,11.499
2026/04/29 15:45:45,869000,11.496
2026/04/29 15:45:45,870000,11.493
2026/04/29 15:45:45,871000,11.496
2026/04/29 15:45:45,872000,11.501
2026/04/29 15:45:45,873000,11.490
2026/04/29 15:45:45,874000,11.499
2026/04/29 15:45:45,875000,11.493
2026/04/29 15:45:45,876000,11.501
2026/04/29 15:45:45,877000,11.493
2026/04/29 15:45:45,878000,11.496
2026/04/29 15:45:45,879000,11.499
2026/04/29 15:45:45,880000,11.496
2026/04/29 15:45:45,881000,11.504
2026/04/29 15:45:45,882000,11.496
2026/04/29 15:45:45,883000,11.501
2026/04/29 15:45:45,884000,11.493
2026/04/29 15:45:45,885000,11.490
2026/04/29 15:45:45,886000,11.499
2026/04/29 15:45:45,887000,11.501
2026/04/29 15:45:45,888000,11.504
2026/04/29 15:45:45,889000,11.496
2026/04/29 15:45:45,890000,11.499
2026/04/29 15:45:45,891000,11.499
2026/04/29 15:45:45,892000,11.501
2026/04/29 15:45:45,893000,11.501
2026/04/29 15:45:45,894000,11.499
2026/04/29 15:45:45,895000,11.493
2026/04/29 15:45:45,896000,11.496
2026/04/29 15:45:45,897000,11.496
2026/04/29 15:45:45,898000,11.499
2026/04/29 15:45:45,899000,11.496
2026/04/29 15:45:45,900000,11.493
2026/04/29 15:45:45,901000,11.499
2026/04/29 15:45:45,902000,11.496
2026/04/29 15:45:45,903000,11.499
2026/04/29 15:45:45,904000,11.496
2026/04/29 15:45:45,905000,11.496
2026/04/29 15:45:45,906000,11.496
2026/04/29 15:45:45,907000,11.496
2026/04/29 15:45:45,908000,11.496
2026/04/29 15:45:45,909000,11.496
2026/04/29 15:45:45,910000,11.499
2026/04/29 15:45:45,911000,11.496
2026/04/29 15:45:45,912000,11.499
2026/04/29 15:45:45,913000,11.499
2026/04/29 15:45:45,914000,11.493
2026/04/29 15:45:45,915000,11.493
2026/04/29 15:45:45,916000,11.501
2026/04/29 15:45:45,917000,11.499
2026/04/29 15:45:45,918000,11.499
2026/04/29 15:45:45,919000,11.501
2026/04/29 15:45:45,920000,11.493
2026/04/29 15:45:45,921000,11.496
2026/04/29 15:45:45,922000,11.496
2026/04/29 15:45:45,923000,11.499
2026/04/29 15:45:45,924000,11.499
2026/04/29 15:45:45,925000,11.501
2026/04/29 15:45:45,926000,11.493
2026/04/29 15:45:45,927000,11.493
2026/04/29 15:45:45,928000,11.501
2026/04/29 15:45:45,929000,11.504
2026/04/29 15:45:45,930000,11.499
2026/04/29 15:45:45,931000,11.499
2026/04/29 15:45:45,932000,11.499
2026/04/29 15:45:45,933000,11.504
2026/04/29 15:45:45,934000,11.496
2026/04/29 15:45:45,935000,11.496
2026/04/29 15:45:45,936000,11.499
2026/04/29 15:45:45,937000,11.496
2026/04/29 15:45:45,938000,11.499
2026/04/29 15:45:45,939000,11.493
2026/04/29 15:45:45,940000,11.490
2026/04/29 15:45:45,941000,11.496
2026/04/29 15:45:45,942000,11.499
2026/04/29 15:45:45,943000,11.501
2026/04/29 15:45:45,944000,11.499
2026/04/29 15:45:45,945000,11.499
2026/04/29 15:45:45,946000,11.493
2026/04/29 15:45:45,947000,11.493
2026/04/29 15:45:45,948000,11.501
2026/04/29 15:45:45,949000,11.493
2026/04/29 15:45:45,950000,11.493
2026/04/29 15:45:45,951000,11.493
2026/04/29 15:45:45,952000,11.499
2026/04/29 15:45:45,953000,11.499
2026/04/29 15:45:45,954000,11.490
2026/04/29 15:45:45,955000,11.493
2026/04/29 15:45:45,956000,11.493
2026/04/29 15:45:45,957000,11.496
2026/04/29 15:45:45,958000,11.496
2026/04/29 15:45:45,959000,11.501
2026/04/29 15:45:45,960000,11.499
2026/04/29 15:45:45,961000,11.499
2026/04/29 15:45:45,962000,11.499
2026/04/29 15:45:45,963000,11.496
2026/04/29 15:45:45,964000,11.499
2026/04/29 15:45:45,965000,11.493
2026/04/29 15:45:45,966000,11.507
2026/04/29 15:45:45,967000,11.493
2026/04/29 15:45:45,968000,11.493
2026/04/29 15:45:45,969000,11.501
2026/04/29 15:45:45,970000,11.493
2026/04/29 15:45:45,971000,11.496
2026/04/29 15:45:45,972000,11.499
2026/04/29 15:45:45,973000,11.496
2026/04/29 15:45:45,974000,11.496
2026/04/29 15:45:45,975000,11.496
2026/04/29 15:45:45,976000,11.487
2026/04/29 15:45:45,977000,11.499
2026/04/29 15:45:45,978000,11.496
2026/04/29 15:45:45,979000,11.499
2026/04/29 15:45:45,980000,11.501
2026/04/29 15:45:45,981000,11.499
2026/04/29 15:45:45,982000,11.493
2026/04/29 15:45:45,983000,11.496
2026/04/29 15:45:45,984000,11.493
2026/04/29 15:45:45,985000,11.496
2026/04/29 15:45:45,986000,11.493
2026/04/29 15:45:45,987000,11.499
2026/04/29 15:45:45,988000,11.496
2026/04/29 15:45:45,989000,11.499
2026/04/29 15:45:45,990000,11.490
2026/04/29 15:45:45,991000,11.493
2026/04/29 15:45:45,992000,11.499
2026/04/29 15:45:45,993000,11.499
2026/04/29 15:45:45,994000,11.496
2026/04/29 15:45:45,995000,11.493
2026/04/29 15:45:45,996000,11.496
2026/04/29 15:45:45,997000,11.493
2026/04/29 15:45:45,998000,11.499
2026/04/29 15:45:45,999000,11.496
2026/04/29 15:45:46,000000,11.501
2026/04/29 15:45:46,001000,11.490
2026/04/29 15:45:46,002000,11.493
2026/04/29 15:45:46,003000,11.493
2026/04/29 15:45:46,004000,11.493
2026/04/29 15:45:46,005000,11.493
2026/04/29 15:45:46,006000,11.501
2026/04/29 15:45:46,007000,11.499
2026/04/29 15:45:46,008000,11.493
2026/04/29 15:45:46,009000,11.499
2026/04/29 15:45:46,010000,11.501
2026/04/29 15:45:46,011000,11.499
2026/04/29 15:45:46,012000,11.493
2026/04/29 15:45:46,013000,11.499
2026/04/29 15:45:46,014000,11.496
2026/04/29 15:45:46,015000,11.493
2026/04/29 15:45:46,016000,11.493
2026/04/29 15:45:46,017000,11.493
2026/04/29 15:45:46,018000,11.496
2026/04/29 15:45:46,019000,11.496
2026/04/29 15:45:46,020000,11.499
2026/04/29 15:45:46,021000,11.496
2026/04/29 15:45:46,022000,11.496
2026/04/29 15:45:46,023000,11.499
2026/04/29 15:45:46,024000,11.493
2026/04/29 15:45:46,025000,11.493
2026/04/29 15:45:46,026000,11.493
2026/04/29 15:45:46,027000,11.510
2026/04/29 15:45:46,028000,11.493
2026/04/29 15:45:46,029000,11.499
2026/04/29 15:45:46,030000,11.496
2026/04/29 15:45:46,031000,11.501
2026/04/29 15:45:46,032000,11.493
2026/04/29 15:45:46,033000,11.499
2026/04/29 15:45:46,034000,11.496
2026/04/29 15:45:46,035000,11.496
2026/04/29 15:45:46,036000,11.499
2026/04/29 15:45:46,037000,11.499
2026/04/29 15:45:46,038000,11.499
2026/04/29 15:45:46,039000,11.499
2026/04/29 15:45:46,040000,11.496
2026/04/29 15:45:46,041000,11.499
2026/04/29 15:45:46,042000,11.499
2026/04/29 15:45:46,043000,11.499
2026/04/29 15:45:46,044000,11.496
2026/04/29 15:45:46,045000,11.496
2026/04/29 15:45:46,046000,11.496
2026/04/29 15:45:46,047000,11.496
2026/04/29 15:45:46,048000,11.499
2026/04/29 15:45:46,049000,11.496
2026/04/29 15:45:46,050000,11.499
2026/04/29 15:45:46,051000,11.501
2026/04/29 15:45:46,052000,11.496
2026/04/29 15:45:46,053000,11.496
2026/04/29 15:45:46,054000,11.496
2026/04/29 15:45:46,055000,11.493
2026/04/29 15:45:46,056000,11.493
2026/04/29 15:45:46,057000,11.496
2026/04/29 15:45:46,058000,11.496
2026/04/29 15:45:46,059000,11.490
2026/04/29 15:45:46,060000,11.493
2026/04/29 15:45:46,061000,11.496
2026/04/29 15:45:46,062000,11.499
2026/04/29 15:45:46,063000,11.496
2026/04/29 15:45:46,064000,11.510
2026/04/29 15:45:46,065000,11.504
2026/04/29 15:45:46,066000,11.499
2026/04/29 15:45:46,067000,11.501
2026/04/29 15:45:46,068000,11.490
2026/04/29 15:45:46,069000,11.499
2026/04/29 15:45:46,070000,11.493
2026/04/29 15:45:46,071000,11.499
2026/04/29 15:45:46,072000,11.496
2026/04/29 15:45:46,073000,11.499
2026/04/29 15:45:46,074000,11.501
2026/04/29 15:45:46,075000,11.499
2026/04/29 15:45:46,076000,11.496
2026/04/29 15:45:46,077000,11.499
2026/04/29 15:45:46,078000,11.499
2026/04/29 15:45:46,079000,11.496
2026/04/29 15:45:46,080000,11.493
2026/04/29 15:45:46,081000,11.499
2026/04/29 15:45:46,082000,11.496
2026/04/29 15:45:46,083000,11.499
2026/04/29 15:45:46,084000,11.499
2026/04/29 15:45:46,085000,11.499
2026/04/29 15:45:46,086000,11.493
2026/04/29 15:45:46,087000,11.496
2026/04/29 15:45:46,088000,11.496
2026/04/29 15:45:46,089000,11.493
2026/04/29 15:45:46,090000,11.493
2026/04/29 15:45:46,091000,11.496
2026/04/29 15:45:46,092000,11.499
2026/04/29 15:45:46,093000,11.499
2026/04/29 15:45:46,094000,11.496
2026/04/29 15:45:46,095000,11.499
2026/04/29 15:45:46,096000,11.501
2026/04/29 15:45:46,097000,11.501
2026/04/29 15:45:46,098000,11.501
2026/04/29 15:45:46,099000,11.490
2026/04/29 15:45:46,100000,11.499
2026/04/29 15:45:46,101000,11.499
2026/04/29 15:45:46,102000,11.493
2026/04/29 15:45:46,103000,11.499
2026/04/29 15:45:46,104000,11.496
2026/04/29 15:45:46,105000,11.496
2026/04/29 15:45:46,106000,11.493
2026/04/29 15:45:46,107000,11.499
2026/04/29 15:45:46,108000,11.496
2026/04/29 15:45:46,109000,11.501
2026/04/29 15:45:46,110000,11.499
2026/04/29 15:45:46,111000,11.493
2026/04/29 15:45:46,112000,11.501
2026/04/29 15:45:46,113000,11.496
2026/04/29 15:45:46,114000,11.490
2026/04/29 15:45:46,115000,11.487
2026/04/29 15:45:46,116000,11.496
2026/04/29 15:45:46,117000,11.493
2026/04/29 15:45:46,118000,11.501
2026/04/29 15:45:46,119000,11.499
2026/04/29 15:45:46,120000,11.499
2026/04/29 15:45:46,121000,11.499
2026/04/29 15:45:46,122000,11.490
2026/04/29 15:45:46,123000,11.496
2026/04/29 15:45:46,124000,11.496
2026/04/29 15:45:46,125000,11.501
2026/04/29 15:45:46,126000,11.499
2026/04/29 15:45:46,127000,11.501
2026/04/29 15:45:46,128000,11.499
2026/04/29 15:45:46,129000,11.496
2026/04/29 15:45:46,130000,11.501
2026/04/29 15:45:46,131000,11.496
2026/04/29 15:45:46,132000,11.493
2026/04/29 15:45:46,133000,11.499
2026/04/29 15:45:46,134000,11.504
2026/04/29 15:45:46,135000,11.499
2026/04/29 15:45:46,136000,11.496
2026/04/29 15:45:46,137000,11.493
2026/04/29 15:45:46,138000,11.493
2026/04/29 15:45:46,139000,11.499
2026/04/29 15:45:46,140000,11.499
2026/04/29 15:45:46,141000,11.496
2026/04/29 15:45:46,142000,11.496
2026/04/29 15:45:46,143000,11.501
2026/04/29 15:45:46,144000,11.499
2026/04/29 15:45:46,145000,11.499
2026/04/29 15:45:46,146000,11.499
2026/04/29 15:45:46,147000,11.496
2026/04/29 15:45:46,148000,11.501
2026/04/29 15:45:46,149000,11.504
2026/04/29 15:45:46,150000,11.499
2026/04/29 15:45:46,151000,11.499
2026/04/29 15:45:46,152000,11.499
2026/04/29 15:45:46,153000,11.496
2026/04/29 15:45:46,154000,11.499
2026/04/29 15:45:46,155000,11.501
2026/04/29 15:45:46,156000,11.496
2026/04/29 15:45:46,157000,11.499
2026/04/29 15:45:46,158000,11.499
2026/04/29 15:45:46,159000,11.499
2026/04/29 15:45:46,160000,11.501
2026/04/29 15:45:46,161000,11.496
2026/04/29 15:45:46,162000,11.493
2026/04/29 15:45:46,163000,11.499
2026/04/29 15:45:46,164000,11.496
2026/04/29 15:45:46,165000,11.501
2026/04/29 15:45:46,166000,11.501
2026/04/29 15:45:46,167000,11.499
2026/04/29 15:45:46,168000,11.499
2026/04/29 15:45:46,169000,11.501
2026/04/29 15:45:46,170000,11.496
2026/04/29 15:45:46,171000,11.501
2026/04/29 15:45:46,172000,11.501
2026/04/29 15:45:46,173000,11.496
2026/04/29 15:45:46,174000,11.501
2026/04/29 15:45:46,175000,11.493
2026/04/29 15:45:46,176000,11.501
2026/04/29 15:45:46,177000,11.496
2026/04/29 15:45:46,178000,11.501
2026/04/29 15:45:46,179000,11.501
2026/04/29 15:45:46,180000,11.499
2026/04/29 15:45:46,181000,11.496
2026/04/29 15:45:46,182000,11.493
2026/04/29 15:45:46,183000,11.496
2026/04/29 15:45:46,184000,11.499
2026/04/29 15:45:46,185000,11.493
2026/04/29 15:45:46,186000,11.496
2026/04/29 15:45:46,187000,11.501
2026/04/29 15:45:46,188000,11.496
2026/04/29 15:45:46,189000,11.496
2026/04/29 15:45:46,190000,11.496
2026/04/29 15:45:46,191000,11.499
2026/04/29 15:45:46,192000,11.499
2026/04/29 15:45:46,193000,11.504
2026/04/29 15:45:46,194000,11.496
2026/04/29 15:45:46,195000,11.504
2026/04/29 15:45:46,196000,11.493
2026/04/29 15:45:46,197000,11.499
2026/04/29 15:45:46,198000,11.496
2026/04/29 15:45:46,199000,11.499
2026/04/29 15:45:46,200000,11.493
2026/04/29 15:45:46,201000,11.496
2026/04/29 15:45:46,202000,11.496
2026/04/29 15:45:46,203000,11.499
2026/04/29 15:45:46,204000,11.496
2026/04/29 15:45:46,205000,11.499
2026/04/29 15:45:46,206000,11.499
2026/04/29 15:45:46,207000,11.499
2026/04/29 15:45:46,208000,11.501
2026/04/29 15:45:46,209000,11.499
2026/04/29 15:45:46,210000,11.499
2026/04/29 15:45:46,211000,11.493
2026/04/29 15:45:46,212000,11.499
2026/04/29 15:45:46,213000,11.501
2026/04/29 15:45:46,214000,11.490
2026/04/29 15:45:46,215000,11.490
2026/04/29 15:45:46,216000,11.496
2026/04/29 15:45:46,217000,11.501
2026/04/29 15:45:46,218000,11.496
2026/04/29 15:45:46,219000,11.499
2026/04/29 15:45:46,220000,11.496
2026/04/29 15:45:46,221000,11.490
2026/04/29 15:45:46,222000,11.501
2026/04/29 15:45:46,223000,11.501
2026/04/29 15:45:46,224000,11.499
2026/04/29 15:45:46,225000,11.496
2026/04/29 15:45:46,226000,11.496
2026/04/29 15:45:46,227000,11.496
2026/04/29 15:45:46,228000,11.496
2026/04/29 15:45:46,229000,11.493
2026/04/29 15:45:46,230000,11.499
2026/04/29 15:45:46,231000,11.499
2026/04/29 15:45:46,232000,11.493
2026/04/29 15:45:46,233000,11.496
2026/04/29 15:45:46,234000,11.499
2026/04/29 15:45:46,235000,11.501
2026/04/29 15:45:46,236000,11.499
2026/04/29 15:45:46,237000,11.485
2026/04/29 15:45:46,238000,11.499
2026/04/29 15:45:46,239000,11.499
2026/04/29 15:45:46,240000,11.493
2026/04/29 15:45:46,241000,11.493
2026/04/29 15:45:46,242000,11.493
2026/04/29 15:45:46,243000,11.496
2026/04/29 15:45:46,244000,11.501
2026/04/29 15:45:46,245000,11.493
2026/04/29 15:45:46,246000,11.499
2026/04/29 15:45:46,247000,11.499
2026/04/29 15:45:46,248000,11.499
2026/04/29 15:45:46,249000,11.499
2026/04/29 15:45:46,250000,11.501
2026/04/29 15:45:46,251000,11.496
2026/04/29 15:45:46,252000,11.501
2026/04/29 15:45:46,253000,11.499
2026/04/29 15:45:46,254000,11.493
2026/04/29 15:45:46,255000,11.493
2026/04/29 15:45:46,256000,11.501
2026/04/29 15:45:46,257000,11.490
2026/04/29 15:45:46,258000,11.499
2026/04/29 15:45:46,259000,11.493
2026/04/29 15:45:46,260000,11.499
2026/04/29 15:45:46,261000,11.501
2026/04/29 15:45:46,262000,11.501
2026/04/29 15:45:46,263000,11.493
2026/04/29 15:45:46,264000,11.499
2026/04/29 15:45:46,265000,11.499
2026/04/29 15:45:46,266000,11.496
2026/04/29 15:45:46,267000,11.490
2026/04/29 15:45:46,268000,11.504
2026/04/29 15:45:46,269000,11.496
2026/04/29 15:45:46,270000,11.501
2026/04/29 15:45:46,271000,11.499
2026/04/29 15:45:46,272000,11.499
2026/04/29 15:45:46,273000,11.493
2026/04/29 15:45:46,274000,11.501
2026/04/29 15:45:46,275000,11.501
2026/04/29 15:45:46,276000,11.493
2026/04/29 15:45:46,277000,11.499
2026/04/29 15:45:46,278000,11.499
2026/04/29 15:45:46,279000,11.496
2026/04/29 15:45:46,280000,11.501
2026/04/29 15:45:46,281000,11.499
2026/04/29 15:45:46,282000,11.499
2026/04/29 15:45:46,283000,11.499
2026/04/29 15:45:46,284000,11.496
2026/04/29 15:45:46,285000,11.496
2026/04/29 15:45:46,286000,11.504
2026/04/29 15:45:46,287000,11.501
2026/04/29 15:45:46,288000,11.499
2026/04/29 15:45:46,289000,11.501
2026/04/29 15:45:46,290000,11.499
2026/04/29 15:45:46,291000,11.493
2026/04/29 15:45:46,292000,11.499
2026/04/29 15:45:46,293000,11.490
2026/04/29 15:45:46,294000,11.493
2026/04/29 15:45:46,295000,11.493
2026/04/29 15:45:46,296000,11.493
2026/04/29 15:45:46,297000,11.501
2026/04/29 15:45:46,298000,11.496
2026/04/29 15:45:46,299000,11.499
2026/04/29 15:45:46,300000,11.490
2026/04/29 15:45:46,301000,11.493
2026/04/29 15:45:46,302000,11.496
2026/04/29 15:45:46,303000,11.496
2026/04/29 15:45:46,304000,11.499
2026/04/29 15:45:46,305000,11.487
2026/04/29 15:45:46,306000,11.501
2026/04/29 15:45:46,307000,11.496
2026/04/29 15:45:46,308000,11.493
2026/04/29 15:45:46,309000,11.501
2026/04/29 15:45:46,310000,11.496
2026/04/29 15:45:46,311000,11.504
2026/04/29 15:45:46,312000,11.501
2026/04/29 15:45:46,313000,11.496
2026/04/29 15:45:46,314000,11.493
2026/04/29 15:45:46,315000,11.493
2026/04/29 15:45:46,316000,11.493
2026/04/29 15:45:46,317000,11.501
2026/04/29 15:45:46,318000,11.499
2026/04/29 15:45:46,319000,11.496
2026/04/29 15:45:46,320000,11.493
2026/04/29 15:45:46,321000,11.496
2026/04/29 15:45:46,322000,11.496
2026/04/29 15:45:46,323000,11.493
2026/04/29 15:45:46,324000,11.499
2026/04/29 15:45:46,325000,11.507
2026/04/29 15:45:46,326000,11.499
2026/04/29 15:45:46,327000,11.496
2026/04/29 15:45:46,328000,11.493
2026/04/29 15:45:46,329000,11.496
2026/04/29 15:45:46,330000,11.493
2026/04/29 15:45:46,331000,11.496
2026/04/29 15:45:46,332000,11.496
2026/04/29 15:45:46,333000,11.496
2026/04/29 15:45:46,334000,11.496
2026/04/29 15:45:46,335000,11.501
2026/04/29 15:45:46,336000,11.499
2026/04/29 15:45:46,337000,11.493
2026/04/29 15:45:46,338000,11.496
2026/04/29 15:45:46,339000,11.499
2026/04/29 15:45:46,340000,11.496
2026/04/29 15:45:46,341000,11.493
2026/04/29 15:45:46,342000,11.501
2026/04/29 15:45:46,343000,11.493
2026/04/29 15:45:46,344000,11.501
2026/04/29 15:45:46,345000,11.499
2026/04/29 15:45:46,346000,11.499
2026/04/29 15:45:46,347000,11.493
2026/04/29 15:45:46,348000,11.496
2026/04/29 15:45:46,349000,11.496
2026/04/29 15:45:46,350000,11.496
2026/04/29 15:45:46,351000,11.490
2026/04/29 15:45:46,352000,11.496
2026/04/29 15:45:46,353000,11.499
2026/04/29 15:45:46,354000,11.499
2026/04/29 15:45:46,355000,11.493
2026/04/29 15:45:46,356000,11.499
2026/04/29 15:45:46,357000,11.504
2026/04/29 15:45:46,358000,11.499
2026/04/29 15:45:46,359000,11.493
2026/04/29 15:45:46,360000,11.490
2026/04/29 15:45:46,361000,11.499
2026/04/29 15:45:46,362000,11.499
2026/04/29 15:45:46,363000,11.499
2026/04/29 15:45:46,364000,11.501
2026/04/29 15:45:46,365000,11.499
2026/04/29 15:45:46,366000,11.504
2026/04/29 15:45:46,367000,11.501
2026/04/29 15:45:46,368000,11.496
2026/04/29 15:45:46,369000,11.504
2026/04/29 15:45:46,370000,11.504
2026/04/29 15:45:46,371000,11.490
2026/04/29 15:45:46,372000,11.493
2026/04/29 15:45:46,373000,11.499
2026/04/29 15:45:46,374000,11.493
2026/04/29 15:45:46,375000,11.499
2026/04/29 15:45:46,376000,11.504
2026/04/29 15:45:46,377000,11.504
2026/04/29 15:45:46,378000,11.501
2026/04/29 15:45:46,379000,11.501
2026/04/29 15:45:46,380000,11.490
2026/04/29 15:45:46,381000,11.499
2026/04/29 15:45:46,382000,11.493
2026/04/29 15:45:46,383000,11.493
2026/04/29 15:45:46,384000,11.496
2026/04/29 15:45:46,385000,11.499
2026/04/29 15:45:46,386000,11.493
2026/04/29 15:45:46,387000,11.496
2026/04/29 15:45:46,388000,11.496
2026/04/29 15:45:46,389000,11.493
2026/04/29 15:45:46,390000,11.499
2026/04/29 15:45:46,391000,11.499
2026/04/29 15:45:46,392000,11.490
2026/04/29 15:45:46,393000,11.496
2026/04/29 15:45:46,394000,11.496
2026/04/29 15:45:46,395000,11.496
2026/04/29 15:45:46,396000,11.501
2026/04/29 15:45:46,397000,11.496
2026/04/29 15:45:46,398000,11.501
2026/04/29 15:45:46,399000,11.493
2026/04/29 15:45:46,400000,11.499
2026/04/29 15:45:46,401000,11.501
2026/04/29 15:45:46,402000,11.501
2026/04/29 15:45:46,403000,11.490
2026/04/29 15:45:46,404000,11.493
2026/04/29 15:45:46,405000,11.493
2026/04/29 15:45:46,406000,11.499
2026/04/29 15:45:46,407000,11.496
2026/04/29 15:45:46,408000,11.501
2026/04/29 15:45:46,409000,11.493
2026/04/29 15:45:46,410000,11.501
2026/04/29 15:45:46,411000,11.496
2026/04/29 15:45:46,412000,11.496
2026/04/29 15:45:46,413000,11.499
2026/04/29 15:45:46,414000,11.493
2026/04/29 15:45:46,415000,11.490
2026/04/29 15:45:46,416000,11.493
2026/04/29 15:45:46,417000,11.501
2026/04/29 15:45:46,418000,11.501
2026/04/29 15:45:46,419000,11.496
2026/04/29 15:45:46,420000,11.493
2026/04/29 15:45:46,421000,11.496
2026/04/29 15:45:46,422000,11.493
2026/04/29 15:45:46,423000,11.496
2026/04/29 15:45:46,424000,11.499
2026/04/29 15:45:46,425000,11.501
2026/04/29 15:45:46,426000,11.496
2026/04/29 15:45:46,427000,11.499
2026/04/29 15:45:46,428000,11.493
2026/04/29 15:45:46,429000,11.499
2026/04/29 15:45:46,430000,11.499
2026/04/29 15:45:46,431000,11.501
2026/04/29 15:45:46,432000,11.499
2026/04/29 15:45:46,433000,11.499
2026/04/29 15:45:46,434000,11.490
2026/04/29 15:45:46,435000,11.493
2026/04/29 15:45:46,436000,11.501
2026/04/29 15:45:46,437000,11.493
2026/04/29 15:45:46,438000,11.504
2026/04/29 15:45:46,439000,11.499
2026/04/29 15:45:46,440000,11.501
2026/04/29 15:45:46,441000,11.499
2026/04/29 15:45:46,442000,11.499
2026/04/29 15:45:46,443000,11.493
2026/04/29 15:45:46,444000,11.493
2026/04/29 15:45:46,445000,11.499
2026/04/29 15:45:46,446000,11.501
2026/04/29 15:45:46,447000,11.496
2026/04/29 15:45:46,448000,11.490
2026/04/29 15:45:46,449000,11.493
2026/04/29 15:45:46,450000,11.499
2026/04/29 15:45:46,451000,11.493
2026/04/29 15:45:46,452000,11.493
2026/04/29 15:45:46,453000,11.504
2026/04/29 15:45:46,454000,11.501
2026/04/29 15:45:46,455000,11.499
2026/04/29 15:45:46,456000,11.493
2026/04/29 15:45:46,457000,11.493
2026/04/29 15:45:46,458000,11.496
2026/04/29 15:45:46,459000,11.501
2026/04/29 15:45:46,460000,11.499
2026/04/29 15:45:46,461000,11.501
2026/04/29 15:45:46,462000,11.499
2026/04/29 15:45:46,463000,11.501
2026/04/29 15:45:46,464000,11.499
2026/04/29 15:45:46,465000,11.493
2026/04/29 15:45:46,466000,11.496
2026/04/29 15:45:46,467000,11.496
2026/04/29 15:45:46,468000,11.496
2026/04/29 15:45:46,469000,11.490
2026/04/29 15:45:46,470000,11.501
2026/04/29 15:45:46,471000,11.499
2026/04/29 15:45:46,472000,11.493
2026/04/29 15:45:46,473000,11.496
2026/04/29 15:45:46,474000,11.501
2026/04/29 15:45:46,475000,11.493
2026/04/29 15:45:46,476000,11.493
2026/04/29 15:45:46,477000,11.493
2026/04/29 15:45:46,478000,11.501
2026/04/29 15:45:46,479000,11.499
2026/04/29 15:45:46,480000,11.493
2026/04/29 15:45:46,481000,11.501
2026/04/29 15:45:46,482000,11.496
2026/04/29 15:45:46,483000,11.493
2026/04/29 15:45:46,484000,11.496
2026/04/29 15:45:46,485000,11.504
2026/04/29 15:45:46,486000,11.499
2026/04/29 15:45:46,487000,11.499
2026/04/29 15:45:46,488000,11.493
2026/04/29 15:45:46,489000,11.499
2026/04/29 15:45:46,490000,11.504
2026/04/29 15:45:46,491000,11.496
2026/04/29 15:45:46,492000,11.493
2026/04/29 15:45:46,493000,11.493
2026/04/29 15:45:46,494000,11.493
2026/04/29 15:45:46,495000,11.490
2026/04/29 15:45:46,496000,11.493
2026/04/29 15:45:46,497000,11.499
2026/04/29 15:45:46,498000,11.496
2026/04/29 15:45:46,499000,11.504
2026/04/29 15:45:46,500000,11.496
2026/04/29 15:45:46,501000,11.496
2026/04/29 15:45:46,502000,11.493
2026/04/29 15:45:46,503000,11.496
2026/04/29 15:45:46,504000,11.490
2026/04/29 15:45:46,505000,11.493
2026/04/29 15:45:46,506000,11.493
2026/04/29 15:45:46,507000,11.499
2026/04/29 15:45:46,508000,11.493
2026/04/29 15:45:46,509000,11.499
2026/04/29 15:45:46,510000,11.501
2026/04/29 15:45:46,511000,11.499
2026/04/29 15:45:46,512000,11.499
2026/04/29 15:45:46,513000,11.499
2026/04/29 15:45:46,514000,11.501
2026/04/29 15:45:46,515000,11.496
2026/04/29 15:45:46,516000,11.496
2026/04/29 15:45:46,517000,11.493
2026/04/29 15:45:46,518000,11.501
2026/04/29 15:45:46,519000,11.499
2026/04/29 15:45:46,520000,11.499
2026/04/29 15:45:46,521000,11.496
2026/04/29 15:45:46,522000,11.501
2026/04/29 15:45:46,523000,11.499
2026/04/29 15:45:46,524000,11.493
2026/04/29 15:45:46,525000,11.493
2026/04/29 15:45:46,526000,11.499
2026/04/29 15:45:46,527000,11.501
2026/04/29 15:45:46,528000,11.499
2026/04/29 15:45:46,529000,11.493
2026/04/29 15:45:46,530000,11.501
2026/04/29 15:45:46,531000,11.501
2026/04/29 15:45:46,532000,11.493
2026/04/29 15:45:46,533000,11.493
2026/04/29 15:45:46,534000,11.501
2026/04/29 15:45:46,535000,11.499
2026/04/29 15:45:46,536000,11.490
2026/04/29 15:45:46,537000,11.501
2026/04/29 15:45:46,538000,11.496
2026/04/29 15:45:46,539000,11.499
2026/04/29 15:45:46,540000,11.501
2026/04/29 15:45:46,541000,11.501
2026/04/29 15:45:46,542000,11.499
2026/04/29 15:45:46,543000,11.490
2026/04/29 15:45:46,544000,11.499
2026/04/29 15:45:46,545000,11.493
2026/04/29 15:45:46,546000,11.496
2026/04/29 15:45:46,547000,11.493
2026/04/29 15:45:46,548000,11.493
2026/04/29 15:45:46,549000,11.501
2026/04/29 15:45:46,550000,11.496
2026/04/29 15:45:46,551000,11.501
2026/04/29 15:45:46,552000,11.493
2026/04/29 15:45:46,553000,11.485
2026/04/29 15:45:46,554000,11.493
2026/04/29 15:45:46,555000,11.499
2026/04/29 15:45:46,556000,11.493
2026/04/29 15:45:46,557000,11.493
2026/04/29 15:45:46,558000,11.499
2026/04/29 15:45:46,559000,11.499
2026/04/29 15:45:46,560000,11.499
2026/04/29 15:45:46,561000,11.499
2026/04/29 15:45:46,562000,11.499
2026/04/29 15:45:46,563000,11.493
2026/04/29 15:45:46,564000,11.499
2026/04/29 15:45:46,565000,11.501
2026/04/29 15:45:46,566000,11.499
2026/04/29 15:45:46,567000,11.496
2026/04/29 15:45:46,568000,11.496
2026/04/29 15:45:46,569000,11.499
2026/04/29 15:45:46,570000,11.496
2026/04/29 15:45:46,571000,11.504
2026/04/29 15:45:46,572000,11.504
2026/04/29 15:45:46,573000,11.501
2026/04/29 15:45:46,574000,11.499
2026/04/29 15:45:46,575000,11.499
2026/04/29 15:45:46,576000,11.501
2026/04/29 15:45:46,577000,11.499
2026/04/29 15:45:46,578000,11.496
2026/04/29 15:45:46,579000,11.499
2026/04/29 15:45:46,580000,11.499
2026/04/29 15:45:46,581000,11.496
2026/04/29 15:45:46,582000,11.490
2026/04/29 15:45:46,583000,11.493
2026/04/29 15:45:46,584000,11.504
2026/04/29 15:45:46,585000,11.501
2026/04/29 15:45:46,586000,11.493
2026/04/29 15:45:46,587000,11.496
2026/04/29 15:45:46,588000,11.493
2026/04/29 15:45:46,589000,11.501
2026/04/29 15:45:46,590000,11.496
2026/04/29 15:45:46,591000,11.504
2026/04/29 15:45:46,592000,11.499
2026/04/29 15:45:46,593000,11.493
2026/04/29 15:45:46,594000,11.493
2026/04/29 15:45:46,595000,11.499
2026/04/29 15:45:46,596000,11.493
2026/04/29 15:45:46,597000,11.504
2026/04/29 15:45:46,598000,11.499
2026/04/29 15:45:46,599000,11.496
2026/04/29 15:45:46,600000,11.493
2026/04/29 15:45:46,601000,11.499
2026/04/29 15:45:46,602000,11.501
2026/04/29 15:45:46,603000,11.496
2026/04/29 15:45:46,604000,11.493
2026/04/29 15:45:46,605000,11.493
2026/04/29 15:45:46,606000,11.499
2026/04/29 15:45:46,607000,11.493
2026/04/29 15:45:46,608000,11.493
2026/04/29 15:45:46,609000,11.496
2026/04/29 15:45:46,610000,11.493
2026/04/29 15:45:46,611000,11.499
2026/04/29 15:45:46,612000,11.499
2026/04/29 15:45:46,613000,11.496
2026/04/29 15:45:46,614000,11.496
2026/04/29 15:45:46,615000,11.496
2026/04/29 15:45:46,616000,11.493
2026/04/29 15:45:46,617000,11.490
2026/04/29 15:45:46,618000,11.501
2026/04/29 15:45:46,619000,11.490
2026/04/29 15:45:46,620000,11.493
2026/04/29 15:45:46,621000,11.504
2026/04/29 15:45:46,622000,11.496
2026/04/29 15:45:46,623000,11.501
2026/04/29 15:45:46,624000,11.493
2026/04/29 15:45:46,625000,11.496
2026/04/29 15:45:46,626000,11.499
2026/04/29 15:45:46,627000,11.499
2026/04/29 15:45:46,628000,11.499
2026/04/29 15:45:46,629000,11.499
2026/04/29 15:45:46,630000,11.504
2026/04/29 15:45:46,631000,11.493
2026/04/29 15:45:46,632000,11.501
2026/04/29 15:45:46,633000,11.496
2026/04/29 15:45:46,634000,11.501
2026/04/29 15:45:46,635000,11.499
2026/04/29 15:45:46,636000,11.499
2026/04/29 15:45:46,637000,11.493
2026/04/29 15:45:46,638000,11.499
2026/04/29 15:45:46,639000,11.499
2026/04/29 15:45:46,640000,11.496
2026/04/29 15:45:46,641000,11.496
2026/04/29 15:45:46,642000,11.501
2026/04/29 15:45:46,643000,11.496
2026/04/29 15:45:46,644000,11.504
2026/04/29 15:45:46,645000,11.504
2026/04/29 15:45:46,646000,11.501
2026/04/29 15:45:46,647000,11.501
2026/04/29 15:45:46,648000,11.493
2026/04/29 15:45:46,649000,11.496
2026/04/29 15:45:46,650000,11.501
2026/04/29 15:45:46,651000,11.504
2026/04/29 15:45:46,652000,11.493
2026/04/29 15:45:46,653000,11.499
2026/04/29 15:45:46,654000,11.501
2026/04/29 15:45:46,655000,11.496
2026/04/29 15:45:46,656000,11.490
2026/04/29 15:45:46,657000,11.501
2026/04/29 15:45:46,658000,11.501
2026/04/29 15:45:46,659000,11.499
2026/04/29 15:45:46,660000,11.496
2026/04/29 15:45:46,661000,11.493
2026/04/29 15:45:46,662000,11.501
2026/04/29 15:45:46,663000,11.496
2026/04/29 15:45:46,664000,11.504
2026/04/29 15:45:46,665000,11.501
2026/04/29 15:45:46,666000,11.499
2026/04/29 15:45:46,667000,11.493
2026/04/29 15:45:46,668000,11.501
2026/04/29 15:45:46,669000,11.501
2026/04/29 15:45:46,670000,11.490
2026/04/29 15:45:46,671000,11.499
2026/04/29 15:45:46,672000,11.499
2026/04/29 15:45:46,673000,11.496
2026/04/29 15:45:46,674000,11.504
2026/04/29 15:45:46,675000,11.496
2026/04/29 15:45:46,676000,11.504
2026/04/29 15:45:46,677000,11.499
2026/04/29 15:45:46,678000,11.490
2026/04/29 15:45:46,679000,11.493
2026/04/29 15:45:46,680000,11.493
2026/04/29 15:45:46,681000,11.499
2026/04/29 15:45:46,682000,11.496
2026/04/29 15:45:46,683000,11.501
2026/04/29 15:45:46,684000,11.499
2026/04/29 15:45:46,685000,11.504
2026/04/29 15:45:46,686000,11.496
2026/04/29 15:45:46,687000,11.499
2026/04/29 15:45:46,688000,11.499
2026/04/29 15:45:46,689000,11.499
2026/04/29 15:45:46,690000,11.493
2026/04/29 15:45:46,691000,11.493
2026/04/29 15:45:46,692000,11.493
2026/04/29 15:45:46,693000,11.496
2026/04/29 15:45:46,694000,11.496
2026/04/29 15:45:46,695000,11.501
2026/04/29 15:45:46,696000,11.493
2026/04/29 15:45:46,697000,11.493
2026/04/29 15:45:46,698000,11.496
2026/04/29 15:45:46,699000,11.499
2026/04/29 15:45:46,700000,11.487
2026/04/29 15:45:46,701000,11.501
2026/04/29 15:45:46,702000,11.490
2026/04/29 15:45:46,703000,11.501
2026/04/29 15:45:46,704000,11.499
2026/04/29 15:45:46,705000,11.493
2026/04/29 15:45:46,706000,11.493
2026/04/29 15:45:46,707000,11.493
2026/04/29 15:45:46,708000,11.493
2026/04/29 15:45:46,709000,11.499
2026/04/29 15:45:46,710000,11.496
2026/04/29 15:45:46,711000,11.493
2026/04/29 15:45:46,712000,11.504
2026/04/29 15:45:46,713000,11.499
2026/04/29 15:45:46,714000,11.499
2026/04/29 15:45:46,715000,11.496
2026/04/29 15:45:46,716000,11.499
2026/04/29 15:45:46,717000,11.496
2026/04/29 15:45:46,718000,11.499
2026/04/29 15:45:46,719000,11.493
2026/04/29 15:45:46,720000,11.499
2026/04/29 15:45:46,721000,11.493
2026/04/29 15:45:46,722000,11.490
2026/04/29 15:45:46,723000,11.496
2026/04/29 15:45:46,724000,11.501
2026/04/29 15:45:46,725000,11.496
2026/04/29 15:45:46,726000,11.493
2026/04/29 15:45:46,727000,11.499
2026/04/29 15:45:46,728000,11.493
2026/04/29 15:45:46,729000,11.496
2026/04/29 15:45:46,730000,11.499
2026/04/29 15:45:46,731000,11.496
2026/04/29 15:45:46,732000,11.487
2026/04/29 15:45:46,733000,11.493
2026/04/29 15:45:46,734000,11.493
2026/04/29 15:45:46,735000,11.496
2026/04/29 15:45:46,736000,11.499
2026/04/29 15:45:46,737000,11.496
2026/04/29 15:45:46,738000,11.501
2026/04/29 15:45:46,739000,11.493
2026/04/29 15:45:46,740000,11.493
2026/04/29 15:45:46,741000,11.499
2026/04/29 15:45:46,742000,11.493
2026/04/29 15:45:46,743000,11.493
2026/04/29 15:45:46,744000,11.501
2026/04/29 15:45:46,745000,11.496
2026/04/29 15:45:46,746000,11.496
2026/04/29 15:45:46,747000,11.501
2026/04/29 15:45:46,748000,11.496
2026/04/29 15:45:46,749000,11.501
2026/04/29 15:45:46,750000,11.496
2026/04/29 15:45:46,751000,11.499
2026/04/29 15:45:46,752000,11.493
2026/04/29 15:45:46,753000,11.501
2026/04/29 15:45:46,754000,11.490
2026/04/29 15:45:46,755000,11.493
2026/04/29 15:45:46,756000,11.490
2026/04/29 15:45:46,757000,11.496
2026/04/29 15:45:46,758000,11.501
2026/04/29 15:45:46,759000,11.501
2026/04/29 15:45:46,760000,11.496
2026/04/29 15:45:46,761000,11.493
2026/04/29 15:45:46,762000,11.496
2026/04/29 15:45:46,763000,11.501
2026/04/29 15:45:46,764000,11.499
2026/04/29 15:45:46,765000,11.496
2026/04/29 15:45:46,766000,11.499
2026/04/29 15:45:46,767000,11.493
2026/04/29 15:45:46,768000,11.493
2026/04/29 15:45:46,769000,11.496
2026/04/29 15:45:46,770000,11.501
2026/04/29 15:45:46,771000,11.496
2026/04/29 15:45:46,772000,11.501
2026/04/29 15:45:46,773000,11.499
2026/04/29 15:45:46,774000,11.496
2026/04/29 15:45:46,775000,11.496
2026/04/29 15:45:46,776000,11.496
2026/04/29 15:45:46,777000,11.496
2026/04/29 15:45:46,778000,11.501
2026/04/29 15:45:46,779000,11.490
2026/04/29 15:45:46,780000,11.496
2026/04/29 15:45:46,781000,11.493
2026/04/29 15:45:46,782000,11.493
2026/04/29 15:45:46,783000,11.496
2026/04/29 15:45:46,784000,11.493
2026/04/29 15:45:46,785000,11.487
2026/04/29 15:45:46,786000,11.499
2026/04/29 15:45:46,787000,11.499
2026/04/29 15:45:46,788000,11.501
2026/04/29 15:45:46,789000,11.496
2026/04/29 15:45:46,790000,11.499
2026/04/29 15:45:46,791000,11.496
2026/04/29 15:45:46,792000,11.493
2026/04/29 15:45:46,793000,11.496
2026/04/29 15:45:46,794000,11.490
2026/04/29 15:45:46,795000,11.493
2026/04/29 15:45:46,796000,11.493
2026/04/29 15:45:46,797000,11.496
2026/04/29 15:45:46,798000,11.493
2026/04/29 15:45:46,799000,11.493
2026/04/29 15:45:46,800000,11.496
2026/04/29 15:45:46,801000,11.504
2026/04/29 15:45:46,802000,11.496
2026/04/29 15:45:46,803000,11.499
2026/04/29 15:45:46,804000,11.499
2026/04/29 15:45:46,805000,11.493
2026/04/29 15:45:46,806000,11.499
2026/04/29 15:45:46,807000,11.501
2026/04/29 15:45:46,808000,11.499
2026/04/29 15:45:46,809000,11.493
2026/04/29 15:45:46,810000,11.499
2026/04/29 15:45:46,811000,11.490
2026/04/29 15:45:46,812000,11.493
2026/04/29 15:45:46,813000,11.499
2026/04/29 15:45:46,814000,11.490
2026/04/29 15:45:46,815000,11.493
2026/04/29 15:45:46,816000,11.496
2026/04/29 15:45:46,817000,11.496
2026/04/29 15:45:46,818000,11.499
2026/04/29 15:45:46,819000,11.501
2026/04/29 15:45:46,820000,11.504
2026/04/29 15:45:46,821000,11.496
2026/04/29 15:45:46,822000,11.499
2026/04/29 15:45:46,823000,11.499
2026/04/29 15:45:46,824000,11.496
2026/04/29 15:45:46,825000,11.501
2026/04/29 15:45:46,826000,11.499
2026/04/29 15:45:46,827000,11.499
2026/04/29 15:45:46,828000,11.499
2026/04/29 15:45:46,829000,11.496
2026/04/29 15:45:46,830000,11.490
2026/04/29 15:45:46,831000,11.496
2026/04/29 15:45:46,832000,11.499
2026/04/29 15:45:46,833000,11.493
2026/04/29 15:45:46,834000,11.496
2026/04/29 15:45:46,835000,11.493
2026/04/29 15:45:46,836000,11.499
2026/04/29 15:45:46,837000,11.496
2026/04/29 15:45:46,838000,11.496
2026/04/29 15:45:46,839000,11.501
2026/04/29 15:45:46,840000,11.499
2026/04/29 15:45:46,841000,11.493
2026/04/29 15:45:46,842000,11.499
2026/04/29 15:45:46,843000,11.490
2026/04/29 15:45:46,844000,11.496
2026/04/29 15:45:46,845000,11.496
2026/04/29 15:45:46,846000,11.499
2026/04/29 15:45:46,847000,11.490
2026/04/29 15:45:46,848000,11.493
2026/04/29 15:45:46,849000,11.496
2026/04/29 15:45:46,850000,11.504
2026/04/29 15:45:46,851000,11.501
2026/04/29 15:45:46,852000,11.499
2026/04/29 15:45:46,853000,11.499
2026/04/29 15:45:46,854000,11.493
2026/04/29 15:45:46,855000,11.496
2026/04/29 15:45:46,856000,11.499
2026/04/29 15:45:46,857000,11.501
2026/04/29 15:45:46,858000,11.499
2026/04/29 15:45:46,859000,11.496
2026/04/29 15:45:46,860000,11.496
2026/04/29 15:45:46,861000,11.499
2026/04/29 15:45:46,862000,11.496
2026/04/29 15:45:46,863000,11.499
2026/04/29 15:45:46,864000,11.493
2026/04/29 15:45:46,865000,11.501
2026/04/29 15:45:46,866000,11.499
2026/04/29 15:45:46,867000,11.499
2026/04/29 15:45:46,868000,11.493
2026/04/29 15:45:46,869000,11.501
2026/04/29 15:45:46,870000,11.493
2026/04/29 15:45:46,871000,11.501
2026/04/29 15:45:46,872000,11.493
2026/04/29 15:45:46,873000,11.493
2026/04/29 15:45:46,874000,11.493
2026/04/29 15:45:46,875000,11.493
2026/04/29 15:45:46,876000,11.504
2026/04/29 15:45:46,877000,11.499
2026/04/29 15:45:46,878000,11.499
2026/04/29 15:45:46,879000,11.493
2026/04/29 15:45:46,880000,11.499
2026/04/29 15:45:46,881000,11.504
2026/04/29 15:45:46,882000,11.499
2026/04/29 15:45:46,883000,11.499
2026/04/29 15:45:46,884000,11.504
2026/04/29 15:45:46,885000,11.501
2026/04/29 15:45:46,886000,11.501
2026/04/29 15:45:46,887000,11.499
2026/04/29 15:45:46,888000,11.499
2026/04/29 15:45:46,889000,11.501
2026/04/29 15:45:46,890000,11.493
2026/04/29 15:45:46,891000,11.499
2026/04/29 15:45:46,892000,11.496
2026/04/29 15:45:46,893000,11.493
2026/04/29 15:45:46,894000,11.499
2026/04/29 15:45:46,895000,11.504
2026/04/29 15:45:46,896000,11.499
2026/04/29 15:45:46,897000,11.504
2026/04/29 15:45:46,898000,11.490
2026/04/29 15:45:46,899000,11.493
2026/04/29 15:45:46,900000,11.499
2026/04/29 15:45:46,901000,11.499
2026/04/29 15:45:46,902000,11.499
2026/04/29 15:45:46,903000,11.496
2026/04/29 15:45:46,904000,11.496
2026/04/29 15:45:46,905000,11.499
2026/04/29 15:45:46,906000,11.496
2026/04/29 15:45:46,907000,11.499
2026/04/29 15:45:46,908000,11.490
2026/04/29 15:45:46,909000,11.493
2026/04/29 15:45:46,910000,11.493
2026/04/29 15:45:46,911000,11.496
2026/04/29 15:45:46,912000,11.496
2026/04/29 15:45:46,913000,11.496
2026/04/29 15:45:46,914000,11.493
2026/04/29 15:45:46,915000,11.501
2026/04/29 15:45:46,916000,11.501
2026/04/29 15:45:46,917000,11.499
2026/04/29 15:45:46,918000,11.499
2026/04/29 15:45:46,919000,11.499
2026/04/29 15:45:46,920000,11.496
2026/04/29 15:45:46,921000,11.496
2026/04/29 15:45:46,922000,11.493
2026/04/29 15:45:46,923000,11.501
2026/04/29 15:45:46,924000,11.501
2026/04/29 15:45:46,925000,11.496
2026/04/29 15:45:46,926000,11.490
2026/04/29 15:45:46,927000,11.496
2026/04/29 15:45:46,928000,11.499
2026/04/29 15:45:46,929000,11.501
2026/04/29 15:45:46,930000,11.501
2026/04/29 15:45:46,931000,11.499
2026/04/29 15:45:46,932000,11.499
2026/04/29 15:45:46,933000,11.496
2026/04/29 15:45:46,934000,11.493
2026/04/29 15:45:46,935000,11.501
2026/04/29 15:45:46,936000,11.501
2026/04/29 15:45:46,937000,11.504
2026/04/29 15:45:46,938000,11.501
2026/04/29 15:45:46,939000,11.496
2026/04/29 15:45:46,940000,11.496
2026/04/29 15:45:46,941000,11.499
2026/04/29 15:45:46,942000,11.499
2026/04/29 15:45:46,943000,11.501
2026/04/29 15:45:46,944000,11.493
2026/04/29 15:45:46,945000,11.496
2026/04/29 15:45:46,946000,11.499
2026/04/29 15:45:46,947000,11.496
2026/04/29 15:45:46,948000,11.496
2026/04/29 15:45:46,949000,11.496
2026/04/29 15:45:46,950000,11.490
2026/04/29 15:45:46,951000,11.499
2026/04/29 15:45:46,952000,11.493
2026/04/29 15:45:46,953000,11.504
2026/04/29 15:45:46,954000,11.496
2026/04/29 15:45:46,955000,11.493
2026/04/29 15:45:46,956000,11.493
2026/04/29 15:45:46,957000,11.493
2026/04/29 15:45:46,958000,11.490
2026/04/29 15:45:46,959000,11.501
2026/04/29 15:45:46,960000,11.493
2026/04/29 15:45:46,961000,11.493
2026/04/29 15:45:46,962000,11.499
2026/04/29 15:45:46,963000,11.499
2026/04/29 15:45:46,964000,11.501
2026/04/29 15:45:46,965000,11.504
2026/04/29 15:45:46,966000,11.493
2026/04/29 15:45:46,967000,11.493
2026/04/29 15:45:46,968000,11.504
2026/04/29 15:45:46,969000,11.493
2026/04/29 15:45:46,970000,11.496
2026/04/29 15:45:46,971000,11.496
2026/04/29 15:45:46,972000,11.504
2026/04/29 15:45:46,973000,11.496
2026/04/29 15:45:46,974000,11.493
2026/04/29 15:45:46,975000,11.499
2026/04/29 15:45:46,976000,11.504
2026/04/29 15:45:46,977000,11.499
2026/04/29 15:45:46,978000,11.493
2026/04/29 15:45:46,979000,11.490
2026/04/29 15:45:46,980000,11.493
2026/04/29 15:45:46,981000,11.499
2026/04/29 15:45:46,982000,11.499
2026/04/29 15:45:46,983000,11.501
2026/04/29 15:45:46,984000,11.499
2026/04/29 15:45:46,985000,11.499
2026/04/29 15:45:46,986000,11.496
2026/04/29 15:45:46,987000,11.499
2026/04/29 15:45:46,988000,11.499
2026/04/29 15:45:46,989000,11.490
2026/04/29 15:45:46,990000,11.501
2026/04/29 15:45:46,991000,11.501
2026/04/29 15:45:46,992000,11.501
2026/04/29 15:45:46,993000,11.499
2026/04/29 15:45:46,994000,11.496
2026/04/29 15:45:46,995000,11.499
2026/04/29 15:45:46,996000,11.501
2026/04/29 15:45:46,997000,11.501
2026/04/29 15:45:46,998000,11.499
2026/04/29 15:45:46,999000,11.499
2026/04/29 15:45:47,000000,11.493
2026/04/29 15:45:47,001000,11.499
2026/04/29 15:45:47,002000,11.499
2026/04/29 15:45:47,003000,11.496
2026/04/29 15:45:47,004000,11.493
2026/04/29 15:45:47,005000,11.493
2026/04/29 15:45:47,006000,11.499
2026/04/29 15:45:47,007000,11.501
2026/04/29 15:45:47,008000,11.501
2026/04/29 15:45:47,009000,11.504
2026/04/29 15:45:47,010000,11.499
2026/04/29 15:45:47,011000,11.501
2026/04/29 15:45:47,012000,11.493
2026/04/29 15:45:47,013000,11.499
2026/04/29 15:45:47,014000,11.490
2026/04/29 15:45:47,015000,11.496
2026/04/29 15:45:47,016000,11.501
2026/04/29 15:45:47,017000,11.496
2026/04/29 15:45:47,018000,11.493
2026/04/29 15:45:47,019000,11.499
2026/04/29 15:45:47,020000,11.501
2026/04/29 15:45:47,021000,11.499
2026/04/29 15:45:47,022000,11.501
2026/04/29 15:45:47,023000,11.496
2026/04/29 15:45:47,024000,11.501
2026/04/29 15:45:47,025000,11.501
2026/04/29 15:45:47,026000,11.493
2026/04/29 15:45:47,027000,11.499
2026/04/29 15:45:47,028000,11.493
2026/04/29 15:45:47,029000,11.499
2026/04/29 15:45:47,030000,11.499
2026/04/29 15:45:47,031000,11.496
2026/04/29 15:45:47,032000,11.501
2026/04/29 15:45:47,033000,11.501
2026/04/29 15:45:47,034000,11.501
2026/04/29 15:45:47,035000,11.496
2026/04/29 15:45:47,036000,11.493
2026/04/29 15:45:47,037000,11.493
2026/04/29 15:45:47,038000,11.496
2026/04/29 15:45:47,039000,11.496
2026/04/29 15:45:47,040000,11.499
2026/04/29 15:45:47,041000,11.501
2026/04/29 15:45:47,042000,11.499
2026/04/29 15:45:47,043000,11.496
2026/04/29 15:45:47,044000,11.499
2026/04/29 15:45:47,045000,11.499
2026/04/29 15:45:47,046000,11.499
2026/04/29 15:45:47,047000,11.490
2026/04/29 15:45:47,048000,11.499
2026/04/29 15:45:47,049000,11.496
2026/04/29 15:45:47,050000,11.493
2026/04/29 15:45:47,051000,11.493
2026/04/29 15:45:47,052000,11.493
2026/04/29 15:45:47,053000,11.493
2026/04/29 15:45:47,054000,11.496
2026/04/29 15:45:47,055000,11.499
2026/04/29 15:45:47,056000,11.493
2026/04/29 15:45:47,057000,11.496
2026/04/29 15:45:47,058000,11.499
2026/04/29 15:45:47,059000,11.504
2026/04/29 15:45:47,060000,11.496
2026/04/29 15:45:47,061000,11.496
2026/04/29 15:45:47,062000,11.501
2026/04/29 15:45:47,063000,11.496
2026/04/29 15:45:47,064000,11.501
2026/04/29 15:45:47,065000,11.490
2026/04/29 15:45:47,066000,11.499
2026/04/29 15:45:47,067000,11.493
2026/04/29 15:45:47,068000,11.496
2026/04/29 15:45:47,069000,11.493
2026/04/29 15:45:47,070000,11.499
2026/04/29 15:45:47,071000,11.496
2026/04/29 15:45:47,072000,11.501
2026/04/29 15:45:47,073000,11.499
2026/04/29 15:45:47,074000,11.504
2026/04/29 15:45:47,075000,11.496
2026/04/29 15:45:47,076000,11.504
2026/04/29 15:45:47,077000,11.501
2026/04/29 15:45:47,078000,11.501
2026/04/29 15:45:47,079000,11.499
2026/04/29 15:45:47,080000,11.507
2026/04/29 15:45:47,081000,11.499
2026/04/29 15:45:47,082000,11.504
2026/04/29 15:45:47,083000,11.499
2026/04/29 15:45:47,084000,11.501
2026/04/29 15:45:47,085000,11.499
2026/04/29 15:45:47,086000,11.493
2026/04/29 15:45:47,087000,11.493
2026/04/29 15:45:47,088000,11.496
2026/04/29 15:45:47,089000,11.499
2026/04/29 15:45:47,090000,11.499
2026/04/29 15:45:47,091000,11.504
2026/04/29 15:45:47,092000,11.496
2026/04/29 15:45:47,093000,11.499
2026/04/29 15:45:47,094000,11.493
2026/04/29 15:45:47,095000,11.496
2026/04/29 15:45:47,096000,11.504
2026/04/29 15:45:47,097000,11.496
2026/04/29 15:45:47,098000,11.493
2026/04/29 15:45:47,099000,11.501
2026/04/29 15:45:47,100000,11.501
2026/04/29 15:45:47,101000,11.501
2026/04/29 15:45:47,102000,11.499
2026/04/29 15:45:47,103000,11.496
2026/04/29 15:45:47,104000,11.499
2026/04/29 15:45:47,105000,11.499
2026/04/29 15:45:47,106000,11.501
2026/04/29 15:45:47,107000,11.499
2026/04/29 15:45:47,108000,11.496
2026/04/29 15:45:47,109000,11.496
2026/04/29 15:45:47,110000,11.501
2026/04/29 15:45:47,111000,11.499
2026/04/29 15:45:47,112000,11.493
2026/04/29 15:45:47,113000,11.501
2026/04/29 15:45:47,114000,11.501
2026/04/29 15:45:47,115000,11.499
2026/04/29 15:45:47,116000,11.499
2026/04/29 15:45:47,117000,11.499
2026/04/29 15:45:47,118000,11.490
2026/04/29 15:45:47,119000,11.499
2026/04/29 15:45:47,120000,11.490
2026/04/29 15:45:47,121000,11.499
2026/04/29 15:45:47,122000,11.493
2026/04/29 15:45:47,123000,11.493
2026/04/29 15:45:47,124000,11.499
2026/04/29 15:45:47,125000,11.496
2026/04/29 15:45:47,126000,11.496
2026/04/29 15:45:47,127000,11.493
2026/04/29 15:45:47,128000,11.499
2026/04/29 15:45:47,129000,11.493
2026/04/29 15:45:47,130000,11.501
2026/04/29 15:45:47,131000,11.499
2026/04/29 15:45:47,132000,11.499
2026/04/29 15:45:47,133000,11.499
2026/04/29 15:45:47,134000,11.499
2026/04/29 15:45:47,135000,11.493
2026/04/29 15:45:47,136000,11.496
2026/04/29 15:45:47,137000,11.496
2026/04/29 15:45:47,138000,11.501
2026/04/29 15:45:47,139000,11.493
2026/04/29 15:45:47,140000,11.493
2026/04/29 15:45:47,141000,11.496
2026/04/29 15:45:47,142000,11.493
2026/04/29 15:45:47,143000,11.499
2026/04/29 15:45:47,144000,11.496
2026/04/29 15:45:47,145000,11.496
2026/04/29 15:45:47,146000,11.496
2026/04/29 15:45:47,147000,11.504
2026/04/29 15:45:47,148000,11.499
2026/04/29 15:45:47,149000,11.501
2026/04/29 15:45:47,150000,11.496
2026/04/29 15:45:47,151000,11.504
2026/04/29 15:45:47,152000,11.499
2026/04/29 15:45:47,153000,11.496
2026/04/29 15:45:47,154000,11.501
2026/04/29 15:45:47,155000,11.499
2026/04/29 15:45:47,156000,11.493
2026/04/29 15:45:47,157000,11.499
2026/04/29 15:45:47,158000,11.499
2026/04/29 15:45:47,159000,11.496
2026/04/29 15:45:47,160000,11.496
2026/04/29 15:45:47,161000,11.493
2026/04/29 15:45:47,162000,11.499
2026/04/29 15:45:47,163000,11.499
2026/04/29 15:45:47,164000,11.501
2026/04/29 15:45:47,165000,11.496
2026/04/29 15:45:47,166000,11.496
2026/04/29 15:45:47,167000,11.499
2026/04/29 15:45:47,168000,11.496
2026/04/29 15:45:47,169000,11.496
2026/04/29 15:45:47,170000,11.501
2026/04/29 15:45:47,171000,11.493
2026/04/29 15:45:47,172000,11.499
2026/04/29 15:45:47,173000,11.501
2026/04/29 15:45:47,174000,11.499
2026/04/29 15:45:47,175000,11.499
2026/04/29 15:45:47,176000,11.499
2026/04/29 15:45:47,177000,11.496
2026/04/29 15:45:47,178000,11.493
2026/04/29 15:45:47,179000,11.504
2026/04/29 15:45:47,180000,11.493
2026/04/29 15:45:47,181000,11.499
2026/04/29 15:45:47,182000,11.501
2026/04/29 15:45:47,183000,11.493
2026/04/29 15:45:47,184000,11.496
2026/04/29 15:45:47,185000,11.499
2026/04/29 15:45:47,186000,11.499
2026/04/29 15:45:47,187000,11.499
2026/04/29 15:45:47,188000,11.499
2026/04/29 15:45:47,189000,11.499
2026/04/29 15:45:47,190000,11.493
2026/04/29 15:45:47,191000,11.499
2026/04/29 15:45:47,192000,11.499
2026/04/29 15:45:47,193000,11.499
2026/04/29 15:45:47,194000,11.499
2026/04/29 15:45:47,195000,11.496
2026/04/29 15:45:47,196000,11.499
2026/04/29 15:45:47,197000,11.499
2026/04/29 15:45:47,198000,11.490
2026/04/29 15:45:47,199000,11.501
2026/04/29 15:45:47,200000,11.493
2026/04/29 15:45:47,201000,11.499
2026/04/29 15:45:47,202000,11.493
2026/04/29 15:45:47,203000,11.493
2026/04/29 15:45:47,204000,11.501
2026/04/29 15:45:47,205000,11.501
2026/04/29 15:45:47,206000,11.493
2026/04/29 15:45:47,207000,11.496
2026/04/29 15:45:47,208000,11.496
2026/04/29 15:45:47,209000,11.490
2026/04/29 15:45:47,210000,11.496
2026/04/29 15:45:47,211000,11.501
2026/04/29 15:45:47,212000,11.496
2026/04/29 15:45:47,213000,11.496
2026/04/29 15:45:47,214000,11.499
2026/04/29 15:45:47,215000,11.501
2026/04/29 15:45:47,216000,11.499
2026/04/29 15:45:47,217000,11.496
2026/04/29 15:45:47,218000,11.493
2026/04/29 15:45:47,219000,11.496
2026/04/29 15:45:47,220000,11.490
2026/04/29 15:45:47,221000,11.493
2026/04/29 15:45:47,222000,11.493
2026/04/29 15:45:47,223000,11.493
2026/04/29 15:45:47,224000,11.501
2026/04/29 15:45:47,225000,11.499
2026/04/29 15:45:47,226000,11.496
2026/04/29 15:45:47,227000,11.493
2026/04/29 15:45:47,228000,11.501
2026/04/29 15:45:47,229000,11.493
2026/04/29 15:45:47,230000,11.496
2026/04/29 15:45:47,231000,11.501
2026/04/29 15:45:47,232000,11.496
2026/04/29 15:45:47,233000,11.499
2026/04/29 15:45:47,234000,11.493
2026/04/29 15:45:47,235000,11.499
2026/04/29 15:45:47,236000,11.501
2026/04/29 15:45:47,237000,11.501
2026/04/29 15:45:47,238000,11.496
2026/04/29 15:45:47,239000,11.490
2026/04/29 15:45:47,240000,11.496
2026/04/29 15:45:47,241000,11.499
2026/04/29 15:45:47,242000,11.499
2026/04/29 15:45:47,243000,11.490
2026/04/29 15:45:47,244000,11.501
2026/04/29 15:45:47,245000,11.496
2026/04/29 15:45:47,246000,11.499
2026/04/29 15:45:47,247000,11.493
2026/04/29 15:45:47,248000,11.501
2026/04/29 15:45:47,249000,11.493
2026/04/29 15:45:47,250000,11.501
2026/04/29 15:45:47,251000,11.499
2026/04/29 15:45:47,252000,11.499
2026/04/29 15:45:47,253000,11.501
2026/04/29 15:45:47,254000,11.499
2026/04/29 15:45:47,255000,11.490
2026/04/29 15:45:47,256000,11.496
2026/04/29 15:45:47,257000,11.493
2026/04/29 15:45:47,258000,11.499
2026/04/29 15:45:47,259000,11.499
2026/04/29 15:45:47,260000,11.499
2026/04/29 15:45:47,261000,11.496
2026/04/29 15:45:47,262000,11.493
2026/04/29 15:45:47,263000,11.496
2026/04/29 15:45:47,264000,11.493
2026/04/29 15:45:47,265000,11.493
2026/04/29 15:45:47,266000,11.496
2026/04/29 15:45:47,267000,11.501
2026/04/29 15:45:47,268000,11.493
2026/04/29 15:45:47,269000,11.499
2026/04/29 15:45:47,270000,11.496
2026/04/29 15:45:47,271000,11.496
2026/04/29 15:45:47,272000,11.499
2026/04/29 15:45:47,273000,11.496
2026/04/29 15:45:47,274000,11.499
2026/04/29 15:45:47,275000,11.501
2026/04/29 15:45:47,276000,11.501
2026/04/29 15:45:47,277000,11.493
2026/04/29 15:45:47,278000,11.496
2026/04/29 15:45:47,279000,11.493
2026/04/29 15:45:47,280000,11.496
2026/04/29 15:45:47,281000,11.496
2026/04/29 15:45:47,282000,11.499
2026/04/29 15:45:47,283000,11.499
2026/04/29 15:45:47,284000,11.485
2026/04/29 15:45:47,285000,11.499
2026/04/29 15:45:47,286000,11.490
2026/04/29 15:45:47,287000,11.499
2026/04/29 15:45:47,288000,11.499
2026/04/29 15:45:47,289000,11.493
2026/04/29 15:45:47,290000,11.499
2026/04/29 15:45:47,291000,11.499
2026/04/29 15:45:47,292000,11.499
2026/04/29 15:45:47,293000,11.493
2026/04/29 15:45:47,294000,11.499
2026/04/29 15:45:47,295000,11.493
2026/04/29 15:45:47,296000,11.499
2026/04/29 15:45:47,297000,11.504
2026/04/29 15:45:47,298000,11.493
2026/04/29 15:45:47,299000,11.501
2026/04/29 15:45:47,300000,11.496
2026/04/29 15:45:47,301000,11.499
2026/04/29 15:45:47,302000,11.493
2026/04/29 15:45:47,303000,11.490
2026/04/29 15:45:47,304000,11.504
2026/04/29 15:45:47,305000,11.501
2026/04/29 15:45:47,306000,11.493
2026/04/29 15:45:47,307000,11.496
2026/04/29 15:45:47,308000,11.496
2026/04/29 15:45:47,309000,11.499
2026/04/29 15:45:47,310000,11.499
2026/04/29 15:45:47,311000,11.501
2026/04/29 15:45:47,312000,11.496
2026/04/29 15:45:47,313000,11.499
2026/04/29 15:45:47,314000,11.493
2026/04/29 15:45:47,315000,11.496
2026/04/29 15:45:47,316000,11.499
2026/04/29 15:45:47,317000,11.496
2026/04/29 15:45:47,318000,11.493
2026/04/29 15:45:47,319000,11.501
2026/04/29 15:45:47,320000,11.496
2026/04/29 15:45:47,321000,11.490
2026/04/29 15:45:47,322000,11.501
2026/04/29 15:45:47,323000,11.490
2026/04/29 15:45:47,324000,11.499
2026/04/29 15:45:47,325000,11.490
2026/04/29 15:45:47,326000,11.493
2026/04/29 15:45:47,327000,11.493
2026/04/29 15:45:47,328000,11.499
2026/04/29 15:45:47,329000,11.507
2026/04/29 15:45:47,330000,11.493
2026/04/29 15:45:47,331000,11.496
2026/04/29 15:45:47,332000,11.504
2026/04/29 15:45:47,333000,11.496
2026/04/29 15:45:47,334000,11.493
2026/04/29 15:45:47,335000,11.493
2026/04/29 15:45:47,336000,11.501
2026/04/29 15:45:47,337000,11.493
2026/04/29 15:45:47,338000,11.504
2026/04/29 15:45:47,339000,11.496
2026/04/29 15:45:47,340000,11.496
2026/04/29 15:45:47,341000,11.493
2026/04/29 15:45:47,342000,11.493
2026/04/29 15:45:47,343000,11.493
2026/04/29 15:45:47,344000,11.496
2026/04/29 15:45:47,345000,11.493
2026/04/29 15:45:47,346000,11.504
2026/04/29 15:45:47,347000,11.493
2026/04/29 15:45:47,348000,11.493
2026/04/29 15:45:47,349000,11.501
2026/04/29 15:45:47,350000,11.499
2026/04/29 15:45:47,351000,11.499
2026/04/29 15:45:47,352000,11.499
2026/04/29 15:45:47,353000,11.504
2026/04/29 15:45:47,354000,11.493
2026/04/29 15:45:47,355000,11.493
2026/04/29 15:45:47,356000,11.496
2026/04/29 15:45:47,357000,11.499
2026/04/29 15:45:47,358000,11.493
2026/04/29 15:45:47,359000,11.490
2026/04/29 15:45:47,360000,11.496
2026/04/29 15:45:47,361000,11.501
2026/04/29 15:45:47,362000,11.501
2026/04/29 15:45:47,363000,11.499
2026/04/29 15:45:47,364000,11.496
2026/04/29 15:45:47,365000,11.493
2026/04/29 15:45:47,366000,11.496
2026/04/29 15:45:47,367000,11.496
2026/04/29 15:45:47,368000,11.499
2026/04/29 15:45:47,369000,11.499
2026/04/29 15:45:47,370000,11.493
2026/04/29 15:45:47,371000,11.499
2026/04/29 15:45:47,372000,11.499
2026/04/29 15:45:47,373000,11.496
2026/04/29 15:45:47,374000,11.493
2026/04/29 15:45:47,375000,11.504
2026/04/29 15:45:47,376000,11.501
2026/04/29 15:45:47,377000,11.493
2026/04/29 15:45:47,378000,11.496
2026/04/29 15:45:47,379000,11.501
2026/04/29 15:45:47,380000,11.504
2026/04/29 15:45:47,381000,11.496
2026/04/29 15:45:47,382000,11.501
2026/04/29 15:45:47,383000,11.499
2026/04/29 15:45:47,384000,11.499
2026/04/29 15:45:47,385000,11.501
2026/04/29 15:45:47,386000,11.496
2026/04/29 15:45:47,387000,11.499
2026/04/29 15:45:47,388000,11.499
2026/04/29 15:45:47,389000,11.493
2026/04/29 15:45:47,390000,11.501
2026/04/29 15:45:47,391000,11.493
2026/04/29 15:45:47,392000,11.499
2026/04/29 15:45:47,393000,11.499
2026/04/29 15:45:47,394000,11.496
2026/04/29 15:45:47,395000,11.496
2026/04/29 15:45:47,396000,11.496
2026/04/29 15:45:47,397000,11.496
2026/04/29 15:45:47,398000,11.504
2026/04/29 15:45:47,399000,11.499
2026/04/29 15:45:47,400000,11.493
2026/04/29 15:45:47,401000,11.499
2026/04/29 15:45:47,402000,11.496
2026/04/29 15:45:47,403000,11.493
2026/04/29 15:45:47,404000,11.496
2026/04/29 15:45:47,405000,11.499
2026/04/29 15:45:47,406000,11.504
2026/04/29 15:45:47,407000,11.496
2026/04/29 15:45:47,408000,11.499
2026/04/29 15:45:47,409000,11.493
2026/04/29 15:45:47,410000,11.501
2026/04/29 15:45:47,411000,11.499
2026/04/29 15:45:47,412000,11.496
2026/04/29 15:45:47,413000,11.499
2026/04/29 15:45:47,414000,11.493
2026/04/29 15:45:47,415000,11.501
2026/04/29 15:45:47,416000,11.499
2026/04/29 15:45:47,417000,11.499
2026/04/29 15:45:47,418000,11.499
2026/04/29 15:45:47,419000,11.496
2026/04/29 15:45:47,420000,11.496
2026/04/29 15:45:47,421000,11.501
2026/04/29 15:45:47,422000,11.493
2026/04/29 15:45:47,423000,11.496
2026/04/29 15:45:47,424000,11.504
2026/04/29 15:45:47,425000,11.499
2026/04/29 15:45:47,426000,11.501
2026/04/29 15:45:47,427000,11.499
2026/04/29 15:45:47,428000,11.501
2026/04/29 15:45:47,429000,11.504
2026/04/29 15:45:47,430000,11.493
2026/04/29 15:45:47,431000,11.504
2026/04/29 15:45:47,432000,11.496
2026/04/29 15:45:47,433000,11.501
2026/04/29 15:45:47,434000,11.496
2026/04/29 15:45:47,435000,11.490
2026/04/29 15:45:47,436000,11.499
2026/04/29 15:45:47,437000,11.499
2026/04/29 15:45:47,438000,11.501
2026/04/29 15:45:47,439000,11.493
2026/04/29 15:45:47,440000,11.493
2026/04/29 15:45:47,441000,11.496
2026/04/29 15:45:47,442000,11.499
2026/04/29 15:45:47,443000,11.496
2026/04/29 15:45:47,444000,11.501
2026/04/29 15:45:47,445000,11.496
2026/04/29 15:45:47,446000,11.496
2026/04/29 15:45:47,447000,11.493
2026/04/29 15:45:47,448000,11.501
2026/04/29 15:45:47,449000,11.501
2026/04/29 15:45:47,450000,11.499
2026/04/29 15:45:47,451000,11.499
2026/04/29 15:45:47,452000,11.501
2026/04/29 15:45:47,453000,11.501
2026/04/29 15:45:47,454000,11.496
2026/04/29 15:45:47,455000,11.493
2026/04/29 15:45:47,456000,11.501
2026/04/29 15:45:47,457000,11.501
2026/04/29 15:45:47,458000,11.496
2026/04/29 15:45:47,459000,11.499
2026/04/29 15:45:47,460000,11.499
2026/04/29 15:45:47,461000,11.499
2026/04/29 15:45:47,462000,11.496
2026/04/29 15:45:47,463000,11.499
2026/04/29 15:45:47,464000,11.499
2026/04/29 15:45:47,465000,11.499
2026/04/29 15:45:47,466000,11.499
2026/04/29 15:45:47,467000,11.496
2026/04/29 15:45:47,468000,11.499
2026/04/29 15:45:47,469000,11.490
2026/04/29 15:45:47,470000,11.496
2026/04/29 15:45:47,471000,11.504
2026/04/29 15:45:47,472000,11.501
2026/04/29 15:45:47,473000,11.496
2026/04/29 15:45:47,474000,11.496
2026/04/29 15:45:47,475000,11.499
2026/04/29 15:45:47,476000,11.501
2026/04/29 15:45:47,477000,11.501
2026/04/29 15:45:47,478000,11.499
2026/04/29 15:45:47,479000,11.499
2026/04/29 15:45:47,480000,11.504
2026/04/29 15:45:47,481000,11.499
2026/04/29 15:45:47,482000,11.496
2026/04/29 15:45:47,483000,11.501
2026/04/29 15:45:47,484000,11.501
2026/04/29 15:45:47,485000,11.493
2026/04/29 15:45:47,486000,11.499
2026/04/29 15:45:47,487000,11.496
2026/04/29 15:45:47,488000,11.496
2026/04/29 15:45:47,489000,11.501
2026/04/29 15:45:47,490000,11.496
2026/04/29 15:45:47,491000,11.504
2026/04/29 15:45:47,492000,11.504
2026/04/29 15:45:47,493000,11.496
2026/04/29 15:45:47,494000,11.496
2026/04/29 15:45:47,495000,11.496
2026/04/29 15:45:47,496000,11.496
2026/04/29 15:45:47,497000,11.501
2026/04/29 15:45:47,498000,11.504
2026/04/29 15:45:47,499000,11.499
2026/04/29 15:45:47,500000,11.499
2026/04/29 15:45:47,501000,11.501
2026/04/29 15:45:47,502000,11.504
2026/04/29 15:45:47,503000,11.504
2026/04/29 15:45:47,504000,11.496
2026/04/29 15:45:47,505000,11.496
2026/04/29 15:45:47,506000,11.499
2026/04/29 15:45:47,507000,11.499
2026/04/29 15:45:47,508000,11.501
2026/04/29 15:45:47,509000,11.493
2026/04/29 15:45:47,510000,11.499
2026/04/29 15:45:47,511000,11.499
2026/04/29 15:45:47,512000,11.499
2026/04/29 15:45:47,513000,11.499
2026/04/29 15:45:47,514000,11.499
2026/04/29 15:45:47,515000,11.499
2026/04/29 15:45:47,516000,11.499
2026/04/29 15:45:47,517000,11.496
2026/04/29 15:45:47,518000,11.504
2026/04/29 15:45:47,519000,11.493
2026/04/29 15:45:47,520000,11.499
2026/04/29 15:45:47,521000,11.501
2026/04/29 15:45:47,522000,11.501
2026/04/29 15:45:47,523000,11.493
2026/04/29 15:45:47,524000,11.496
2026/04/29 15:45:47,525000,11.504
2026/04/29 15:45:47,526000,11.504
2026/04/29 15:45:47,527000,11.501
2026/04/29 15:45:47,528000,11.499
2026/04/29 15:45:47,529000,11.499
2026/04/29 15:45:47,530000,11.496
2026/04/29 15:45:47,531000,11.496
2026/04/29 15:45:47,532000,11.501
2026/04/29 15:45:47,533000,11.496
2026/04/29 15:45:47,534000,11.501
2026/04/29 15:45:47,535000,11.493
2026/04/29 15:45:47,536000,11.504
2026/04/29 15:45:47,537000,11.496
2026/04/29 15:45:47,538000,11.499
2026/04/29 15:45:47,539000,11.501
2026/04/29 15:45:47,540000,11.496
2026/04/29 15:45:47,541000,11.499
2026/04/29 15:45:47,542000,11.499
2026/04/29 15:45:47,543000,11.496
2026/04/29 15:45:47,544000,11.499
2026/04/29 15:45:47,545000,11.501
2026/04/29 15:45:47,546000,11.499
2026/04/29 15:45:47,547000,11.501
2026/04/29 15:45:47,548000,11.496
2026/04/29 15:45:47,549000,11.501
2026/04/29 15:45:47,550000,11.499
2026/04/29 15:45:47,551000,11.496
2026/04/29 15:45:47,552000,11.493
2026/04/29 15:45:47,553000,11.501
2026/04/29 15:45:47,554000,11.496
2026/04/29 15:45:47,555000,11.493
2026/04/29 15:45:47,556000,11.499
2026/04/29 15:45:47,557000,11.499
2026/04/29 15:45:47,558000,11.499
2026/04/29 15:45:47,559000,11.510
2026/04/29 15:45:47,560000,11.499
2026/04/29 15:45:47,561000,11.499
2026/04/29 15:45:47,562000,11.496
2026/04/29 15:45:47,563000,11.504
2026/04/29 15:45:47,564000,11.499
2026/04/29 15:45:47,565000,11.499
2026/04/29 15:45:47,566000,11.501
2026/04/29 15:45:47,567000,11.499
2026/04/29 15:45:47,568000,11.490
2026/04/29 15:45:47,569000,11.493
2026/04/29 15:45:47,570000,11.496
2026/04/29 15:45:47,571000,11.493
2026/04/29 15:45:47,572000,11.499
2026/04/29 15:45:47,573000,11.496
2026/04/29 15:45:47,574000,11.499
2026/04/29 15:45:47,575000,11.496
2026/04/29 15:45:47,576000,11.501
2026/04/29 15:45:47,577000,11.493
2026/04/29 15:45:47,578000,11.501
2026/04/29 15:45:47,579000,11.499
2026/04/29 15:45:47,580000,11.501
2026/04/29 15:45:47,581000,11.504
2026/04/29 15:45:47,582000,11.499
2026/04/29 15:45:47,583000,11.499
2026/04/29 15:45:47,584000,11.499
2026/04/29 15:45:47,585000,11.501
2026/04/29 15:45:47,586000,11.504
2026/04/29 15:45:47,587000,11.493
2026/04/29 15:45:47,588000,11.499
2026/04/29 15:45:47,589000,11.499
2026/04/29 15:45:47,590000,11.493
2026/04/29 15:45:47,591000,11.493
2026/04/29 15:45:47,592000,11.499
2026/04/29 15:45:47,593000,11.504
2026/04/29 15:45:47,594000,11.501
2026/04/29 15:45:47,595000,11.496
2026/04/29 15:45:47,596000,11.496
2026/04/29 15:45:47,597000,11.499
2026/04/29 15:45:47,598000,11.493
2026/04/29 15:45:47,599000,11.504
2026/04/29 15:45:47,600000,11.496
2026/04/29 15:45:47,601000,11.504
2026/04/29 15:45:47,602000,11.499
2026/04/29 15:45:47,603000,11.501
2026/04/29 15:45:47,604000,11.499
2026/04/29 15:45:47,605000,11.496
2026/04/29 15:45:47,606000,11.499
2026/04/29 15:45:47,607000,11.501
2026/04/29 15:45:47,608000,11.501
2026/04/29 15:45:47,609000,11.501
2026/04/29 15:45:47,610000,11.501
2026/04/29 15:45:47,611000,11.493
2026/04/29 15:45:47,612000,11.499
2026/04/29 15:45:47,613000,11.501
2026/04/29 15:45:47,614000,11.499
2026/04/29 15:45:47,615000,11.496
2026/04/29 15:45:47,616000,11.499
2026/04/29 15:45:47,617000,11.504
2026/04/29 15:45:47,618000,11.504
2026/04/29 15:45:47,619000,11.493
2026/04/29 15:45:47,620000,11.496
2026/04/29 15:45:47,621000,11.496
2026/04/29 15:45:47,622000,11.496
2026/04/29 15:45:47,623000,11.501
2026/04/29 15:45:47,624000,11.493
2026/04/29 15:45:47,625000,11.501
2026/04/29 15:45:47,626000,11.493
2026/04/29 15:45:47,627000,11.504
2026/04/29 15:45:47,628000,11.499
2026/04/29 15:45:47,629000,11.493
2026/04/29 15:45:47,630000,11.499
2026/04/29 15:45:47,631000,11.499
2026/04/29 15:45:47,632000,11.493
2026/04/29 15:45:47,633000,11.501
2026/04/29 15:45:47,634000,11.501
2026/04/29 15:45:47,635000,11.499
2026/04/29 15:45:47,636000,11.499
2026/04/29 15:45:47,637000,11.499
2026/04/29 15:45:47,638000,11.499
2026/04/29 15:45:47,639000,11.493
2026/04/29 15:45:47,640000,11.499
2026/04/29 15:45:47,641000,11.504
2026/04/29 15:45:47,642000,11.501
2026/04/29 15:45:47,643000,11.499
2026/04/29 15:45:47,644000,11.496
2026/04/29 15:45:47,645000,11.499
2026/04/29 15:45:47,646000,11.501
2026/04/29 15:45:47,647000,11.501
2026/04/29 15:45:47,648000,11.499
2026/04/29 15:45:47,649000,11.496
2026/04/29 15:45:47,650000,11.493
2026/04/29 15:45:47,651000,11.501
2026/04/29 15:45:47,652000,11.493
2026/04/29 15:45:47,653000,11.504
2026/04/29 15:45:47,654000,11.496
2026/04/29 15:45:47,655000,11.493
2026/04/29 15:45:47,656000,11.499
2026/04/29 15:45:47,657000,11.501
2026/04/29 15:45:47,658000,11.504
2026/04/29 15:45:47,659000,11.501
2026/04/29 15:45:47,660000,11.499
2026/04/29 15:45:47,661000,11.499
2026/04/29 15:45:47,662000,11.493
2026/04/29 15:45:47,663000,11.501
2026/04/29 15:45:47,664000,11.504
2026/04/29 15:45:47,665000,11.499
2026/04/29 15:45:47,666000,11.493
2026/04/29 15:45:47,667000,11.499
2026/04/29 15:45:47,668000,11.493
2026/04/29 15:45:47,669000,11.496
2026/04/29 15:45:47,670000,11.490
2026/04/29 15:45:47,671000,11.501
2026/04/29 15:45:47,672000,11.499
2026/04/29 15:45:47,673000,11.501
2026/04/29 15:45:47,674000,11.493
2026/04/29 15:45:47,675000,11.499
2026/04/29 15:45:47,676000,11.493
2026/04/29 15:45:47,677000,11.496
2026/04/29 15:45:47,678000,11.499
2026/04/29 15:45:47,679000,11.499
2026/04/29 15:45:47,680000,11.499
2026/04/29 15:45:47,681000,11.496
2026/04/29 15:45:47,682000,11.499
2026/04/29 15:45:47,683000,11.496
2026/04/29 15:45:47,684000,11.501
2026/04/29 15:45:47,685000,11.501
2026/04/29 15:45:47,686000,11.496
2026/04/29 15:45:47,687000,11.499
2026/04/29 15:45:47,688000,11.493
2026/04/29 15:45:47,689000,11.501
2026/04/29 15:45:47,690000,11.499
2026/04/29 15:45:47,691000,11.499
2026/04/29 15:45:47,692000,11.504
2026/04/29 15:45:47,693000,11.499
2026/04/29 15:45:47,694000,11.496
2026/04/29 15:45:47,695000,11.493
2026/04/29 15:45:47,696000,11.496
2026/04/29 15:45:47,697000,11.499
2026/04/29 15:45:47,698000,11.499
2026/04/29 15:45:47,699000,11.499
2026/04/29 15:45:47,700000,11.496
2026/04/29 15:45:47,701000,11.504
2026/04/29 15:45:47,702000,11.499
2026/04/29 15:45:47,703000,11.501
2026/04/29 15:45:47,704000,11.501
2026/04/29 15:45:47,705000,11.496
2026/04/29 15:45:47,706000,11.496
2026/04/29 15:45:47,707000,11.496
2026/04/29 15:45:47,708000,11.496
2026/04/29 15:45:47,709000,11.499
2026/04/29 15:45:47,710000,11.499
2026/04/29 15:45:47,711000,11.496
2026/04/29 15:45:47,712000,11.499
2026/04/29 15:45:47,713000,11.496
2026/04/29 15:45:47,714000,11.496
2026/04/29 15:45:47,715000,11.496
2026/04/29 15:45:47,716000,11.496
2026/04/29 15:45:47,717000,11.501
2026/04/29 15:45:47,718000,11.501
2026/04/29 15:45:47,719000,11.499
2026/04/29 15:45:47,720000,11.490
2026/04/29 15:45:47,721000,11.504
2026/04/29 15:45:47,722000,11.496
2026/04/29 15:45:47,723000,11.499
2026/04/29 15:45:47,724000,11.499
2026/04/29 15:45:47,725000,11.493
2026/04/29 15:45:47,726000,11.493
2026/04/29 15:45:47,727000,11.501
2026/04/29 15:45:47,728000,11.499
2026/04/29 15:45:47,729000,11.499
2026/04/29 15:45:47,730000,11.501
2026/04/29 15:45:47,731000,11.499
2026/04/29 15:45:47,732000,11.493
2026/04/29 15:45:47,733000,11.493
2026/04/29 15:45:47,734000,11.496
2026/04/29 15:45:47,735000,11.496
2026/04/29 15:45:47,736000,11.490
2026/04/29 15:45:47,737000,11.499
2026/04/29 15:45:47,738000,11.499
2026/04/29 15:45:47,739000,11.496
2026/04/29 15:45:47,740000,11.496
2026/04/29 15:45:47,741000,11.501
2026/04/29 15:45:47,742000,11.496
2026/04/29 15:45:47,743000,11.496
2026/04/29 15:45:47,744000,11.496
2026/04/29 15:45:47,745000,11.493
2026/04/29 15:45:47,746000,11.501
2026/04/29 15:45:47,747000,11.493
2026/04/29 15:45:47,748000,11.499
2026/04/29 15:45:47,749000,11.493
2026/04/29 15:45:47,750000,11.501
2026/04/29 15:45:47,751000,11.504
2026/04/29 15:45:47,752000,11.499
2026/04/29 15:45:47,753000,11.496
2026/04/29 15:45:47,754000,11.499
2026/04/29 15:45:47,755000,11.499
2026/04/29 15:45:47,756000,11.501
2026/04/29 15:45:47,757000,11.501
2026/04/29 15:45:47,758000,11.499
2026/04/29 15:45:47,759000,11.499
2026/04/29 15:45:47,760000,11.496
2026/04/29 15:45:47,761000,11.493
2026/04/29 15:45:47,762000,11.493
2026/04/29 15:45:47,763000,11.487
2026/04/29 15:45:47,764000,11.496
2026/04/29 15:45:47,765000,11.499
2026/04/29 15:45:47,766000,11.501
2026/04/29 15:45:47,767000,11.501
2026/04/29 15:45:47,768000,11.496
2026/04/29 15:45:47,769000,11.499
2026/04/29 15:45:47,770000,11.499
2026/04/29 15:45:47,771000,11.493
2026/04/29 15:45:47,772000,11.501
2026/04/29 15:45:47,773000,11.496
2026/04/29 15:45:47,774000,11.493
2026/04/29 15:45:47,775000,11.493
2026/04/29 15:45:47,776000,11.496
2026/04/29 15:45:47,777000,11.493
2026/04/29 15:45:47,778000,11.496
2026/04/29 15:45:47,779000,11.499
2026/04/29 15:45:47,780000,11.493
2026/04/29 15:45:47,781000,11.493
2026/04/29 15:45:47,782000,11.499
2026/04/29 15:45:47,783000,11.490
2026/04/29 15:45:47,784000,11.499
2026/04/29 15:45:47,785000,11.504
2026/04/29 15:45:47,786000,11.490
2026/04/29 15:45:47,787000,11.493
2026/04/29 15:45:47,788000,11.501
2026/04/29 15:45:47,789000,11.496
2026/04/29 15:45:47,790000,11.499
2026/04/29 15:45:47,791000,11.493
2026/04/29 15:45:47,792000,11.501
2026/04/29 15:45:47,793000,11.499
2026/04/29 15:45:47,794000,11.501
2026/04/29 15:45:47,795000,11.501
2026/04/29 15:45:47,796000,11.499
2026/04/29 15:45:47,797000,11.496
2026/04/29 15:45:47,798000,11.496
2026/04/29 15:45:47,799000,11.493
2026/04/29 15:45:47,800000,11.499
2026/04/29 15:45:47,801000,11.501
2026/04/29 15:45:47,802000,11.499
2026/04/29 15:45:47,803000,11.499
2026/04/29 15:45:47,804000,11.499
2026/04/29 15:45:47,805000,11.496
2026/04/29 15:45:47,806000,11.501
2026/04/29 15:45:47,807000,11.496
2026/04/29 15:45:47,808000,11.499
2026/04/29 15:45:47,809000,11.501
2026/04/29 15:45:47,810000,11.496
2026/04/29 15:45:47,811000,11.496
2026/04/29 15:45:47,812000,11.504
2026/04/29 15:45:47,813000,11.501
2026/04/29 15:45:47,814000,11.496
2026/04/29 15:45:47,815000,11.493
2026/04/29 15:45:47,816000,11.496
2026/04/29 15:45:47,817000,11.493
2026/04/29 15:45:47,818000,11.496
2026/04/29 15:45:47,819000,11.499
2026/04/29 15:45:47,820000,11.499
2026/04/29 15:45:47,821000,11.499
2026/04/29 15:45:47,822000,11.493
2026/04/29 15:45:47,823000,11.499
2026/04/29 15:45:47,824000,11.501
2026/04/29 15:45:47,825000,11.493
2026/04/29 15:45:47,826000,11.496
2026/04/29 15:45:47,827000,11.496
2026/04/29 15:45:47,828000,11.499
2026/04/29 15:45:47,829000,11.496
2026/04/29 15:45:47,830000,11.496
2026/04/29 15:45:47,831000,11.493
2026/04/29 15:45:47,832000,11.499
2026/04/29 15:45:47,833000,11.499
2026/04/29 15:45:47,834000,11.504
2026/04/29 15:45:47,835000,11.499
2026/04/29 15:45:47,836000,11.493
2026/04/29 15:45:47,837000,11.493
2026/04/29 15:45:47,838000,11.499
2026/04/29 15:45:47,839000,11.493
2026/04/29 15:45:47,840000,11.499
2026/04/29 15:45:47,841000,11.493
2026/04/29 15:45:47,842000,11.493
2026/04/29 15:45:47,843000,11.504
2026/04/29 15:45:47,844000,11.501
2026/04/29 15:45:47,845000,11.496
2026/04/29 15:45:47,846000,11.493
2026/04/29 15:45:47,847000,11.496
2026/04/29 15:45:47,848000,11.499
2026/04/29 15:45:47,849000,11.496
2026/04/29 15:45:47,850000,11.496
2026/04/29 15:45:47,851000,11.493
2026/04/29 15:45:47,852000,11.493
2026/04/29 15:45:47,853000,11.501
2026/04/29 15:45:47,854000,11.496
2026/04/29 15:45:47,855000,11.496
2026/04/29 15:45:47,856000,11.499
2026/04/29 15:45:47,857000,11.493
2026/04/29 15:45:47,858000,11.496
2026/04/29 15:45:47,859000,11.496
2026/04/29 15:45:47,860000,11.499
2026/04/29 15:45:47,861000,11.499
2026/04/29 15:45:47,862000,11.493
2026/04/29 15:45:47,863000,11.496
2026/04/29 15:45:47,864000,11.493
2026/04/29 15:45:47,865000,11.501
2026/04/29 15:45:47,866000,11.496
2026/04/29 15:45:47,867000,11.499
2026/04/29 15:45:47,868000,11.499
2026/04/29 15:45:47,869000,11.499
2026/04/29 15:45:47,870000,11.493
2026/04/29 15:45:47,871000,11.496
2026/04/29 15:45:47,872000,11.499
2026/04/29 15:45:47,873000,11.499
2026/04/29 15:45:47,874000,11.496
2026/04/29 15:45:47,875000,11.496
2026/04/29 15:45:47,876000,11.501
2026/04/29 15:45:47,877000,11.496
2026/04/29 15:45:47,878000,11.493
2026/04/29 15:45:47,879000,11.493
2026/04/29 15:45:47,880000,11.499
2026/04/29 15:45:47,881000,11.493
2026/04/29 15:45:47,882000,11.499
2026/04/29 15:45:47,883000,11.496
2026/04/29 15:45:47,884000,11.496
2026/04/29 15:45:47,885000,11.501
2026/04/29 15:45:47,886000,11.493
2026/04/29 15:45:47,887000,11.499
2026/04/29 15:45:47,888000,11.493
2026/04/29 15:45:47,889000,11.499
2026/04/29 15:45:47,890000,11.501
2026/04/29 15:45:47,891000,11.496
2026/04/29 15:45:47,892000,11.493
2026/04/29 15:45:47,893000,11.501
2026/04/29 15:45:47,894000,11.499
2026/04/29 15:45:47,895000,11.501
2026/04/29 15:45:47,896000,11.496
2026/04/29 15:45:47,897000,11.499
2026/04/29 15:45:47,898000,11.499
2026/04/29 15:45:47,899000,11.496
2026/04/29 15:45:47,900000,11.504
2026/04/29 15:45:47,901000,11.493
2026/04/29 15:45:47,902000,11.501
2026/04/29 15:45:47,903000,11.499
2026/04/29 15:45:47,904000,11.490
2026/04/29 15:45:47,905000,11.493
2026/04/29 15:45:47,906000,11.499
2026/04/29 15:45:47,907000,11.499
2026/04/29 15:45:47,908000,11.499
2026/04/29 15:45:47,909000,11.499
2026/04/29 15:45:47,910000,11.490
2026/04/29 15:45:47,911000,11.496
2026/04/29 15:45:47,912000,11.493
2026/04/29 15:45:47,913000,11.493
2026/04/29 15:45:47,914000,11.496
2026/04/29 15:45:47,915000,11.501
2026/04/29 15:45:47,916000,11.493
2026/04/29 15:45:47,917000,11.493
2026/04/29 15:45:47,918000,11.490
2026/04/29 15:45:47,919000,11.496
2026/04/29 15:45:47,920000,11.504
2026/04/29 15:45:47,921000,11.496
2026/04/29 15:45:47,922000,11.499
2026/04/29 15:45:47,923000,11.493
2026/04/29 15:45:47,924000,11.501
2026/04/29 15:45:47,925000,11.501
2026/04/29 15:45:47,926000,11.499
2026/04/29 15:45:47,927000,11.496
2026/04/29 15:45:47,928000,11.499
2026/04/29 15:45:47,929000,11.496
2026/04/29 15:45:47,930000,11.496
2026/04/29 15:45:47,931000,11.493
2026/04/29 15:45:47,932000,11.490
2026/04/29 15:45:47,933000,11.496
2026/04/29 15:45:47,934000,11.496
2026/04/29 15:45:47,935000,11.499
2026/04/29 15:45:47,936000,11.496
2026/04/29 15:45:47,937000,11.499
2026/04/29 15:45:47,938000,11.504
2026/04/29 15:45:47,939000,11.493
2026/04/29 15:45:47,940000,11.493
2026/04/29 15:45:47,941000,11.499
2026/04/29 15:45:47,942000,11.493
2026/04/29 15:45:47,943000,11.499
2026/04/29 15:45:47,944000,11.493
2026/04/29 15:45:47,945000,11.501
2026/04/29 15:45:47,946000,11.496
2026/04/29 15:45:47,947000,11.493
2026/04/29 15:45:47,948000,11.504
2026/04/29 15:45:47,949000,11.496
2026/04/29 15:45:47,950000,11.493
2026/04/29 15:45:47,951000,11.490
2026/04/29 15:45:47,952000,11.501
2026/04/29 15:45:47,953000,11.493
2026/04/29 15:45:47,954000,11.496
2026/04/29 15:45:47,955000,11.501
2026/04/29 15:45:47,956000,11.499
2026/04/29 15:45:47,957000,11.499
2026/04/29 15:45:47,958000,11.493
2026/04/29 15:45:47,959000,11.504
2026/04/29 15:45:47,960000,11.499
2026/04/29 15:45:47,961000,11.499
2026/04/29 15:45:47,962000,11.501
2026/04/29 15:45:47,963000,11.496
2026/04/29 15:45:47,964000,11.493
2026/04/29 15:45:47,965000,11.499
2026/04/29 15:45:47,966000,11.496
2026/04/29 15:45:47,967000,11.499
2026/04/29 15:45:47,968000,11.493
2026/04/29 15:45:47,969000,11.499
2026/04/29 15:45:47,970000,11.493
2026/04/29 15:45:47,971000,11.501
2026/04/29 15:45:47,972000,11.496
2026/04/29 15:45:47,973000,11.501
2026/04/29 15:45:47,974000,11.496
2026/04/29 15:45:47,975000,11.490
2026/04/29 15:45:47,976000,11.504
2026/04/29 15:45:47,977000,11.490
2026/04/29 15:45:47,978000,11.499
2026/04/29 15:45:47,979000,11.499
2026/04/29 15:45:47,980000,11.499
2026/04/29 15:45:47,981000,11.496
2026/04/29 15:45:47,982000,11.496
2026/04/29 15:45:47,983000,11.493
2026/04/29 15:45:47,984000,11.504
2026/04/29 15:45:47,985000,11.510
2026/04/29 15:45:47,986000,11.493
2026/04/29 15:45:47,987000,11.490
2026/04/29 15:45:47,988000,11.493
2026/04/29 15:45:47,989000,11.501
2026/04/29 15:45:47,990000,11.499
2026/04/29 15:45:47,991000,11.496
2026/04/29 15:45:47,992000,11.499
2026/04/29 15:45:47,993000,11.499
2026/04/29 15:45:47,994000,11.499
2026/04/29 15:45:47,995000,11.499
2026/04/29 15:45:47,996000,11.493
2026/04/29 15:45:47,997000,11.499
2026/04/29 15:45:47,998000,11.499
2026/04/29 15:45:47,999000,11.499
2026/04/29 15:45:48,000000,11.490
2026/04/29 15:45:48,001000,11.496
2026/04/29 15:45:48,002000,11.499
2026/04/29 15:45:48,003000,11.499
2026/04/29 15:45:48,004000,11.499
2026/04/29 15:45:48,005000,11.490
2026/04/29 15:45:48,006000,11.493
2026/04/29 15:45:48,007000,11.496
2026/04/29 15:45:48,008000,11.504
2026/04/29 15:45:48,009000,11.499
2026/04/29 15:45:48,010000,11.499
2026/04/29 15:45:48,011000,11.496
2026/04/29 15:45:48,012000,11.499
2026/04/29 15:45:48,013000,11.493
2026/04/29 15:45:48,014000,11.496
2026/04/29 15:45:48,015000,11.496
2026/04/29 15:45:48,016000,11.501
2026/04/29 15:45:48,017000,11.501
2026/04/29 15:45:48,018000,11.499
2026/04/29 15:45:48,019000,11.504
2026/04/29 15:45:48,020000,11.493
2026/04/29 15:45:48,021000,11.493
2026/04/29 15:45:48,022000,11.496
2026/04/29 15:45:48,023000,11.493
2026/04/29 15:45:48,024000,11.496
2026/04/29 15:45:48,025000,11.499
2026/04/29 15:45:48,026000,11.501
2026/04/29 15:45:48,027000,11.496
2026/04/29 15:45:48,028000,11.501
2026/04/29 15:45:48,029000,11.496
2026/04/29 15:45:48,030000,11.501
2026/04/29 15:45:48,031000,11.496
2026/04/29 15:45:48,032000,11.501
2026/04/29 15:45:48,033000,11.496
2026/04/29 15:45:48,034000,11.501
2026/04/29 15:45:48,035000,11.501
2026/04/29 15:45:48,036000,11.496
2026/04/29 15:45:48,037000,11.499
2026/04/29 15:45:48,038000,11.501
2026/04/29 15:45:48,039000,11.496
2026/04/29 15:45:48,040000,11.496
2026/04/29 15:45:48,041000,11.501
2026/04/29 15:45:48,042000,11.496
2026/04/29 15:45:48,043000,11.496
2026/04/29 15:45:48,044000,11.499
2026/04/29 15:45:48,045000,11.501
2026/04/29 15:45:48,046000,11.496
2026/04/29 15:45:48,047000,11.499
2026/04/29 15:45:48,048000,11.499
2026/04/29 15:45:48,049000,11.499
2026/04/29 15:45:48,050000,11.504
2026/04/29 15:45:48,051000,11.504
2026/04/29 15:45:48,052000,11.504
2026/04/29 15:45:48,053000,11.501
2026/04/29 15:45:48,054000,11.496
2026/04/29 15:45:48,055000,11.499
2026/04/29 15:45:48,056000,11.501
2026/04/29 15:45:48,057000,11.499
2026/04/29 15:45:48,058000,11.493
2026/04/29 15:45:48,059000,11.499
2026/04/29 15:45:48,060000,11.501
2026/04/29 15:45:48,061000,11.496
2026/04/29 15:45:48,062000,11.493
2026/04/29 15:45:48,063000,11.501
2026/04/29 15:45:48,064000,11.499
2026/04/29 15:45:48,065000,11.499
2026/04/29 15:45:48,066000,11.499
2026/04/29 15:45:48,067000,11.499
2026/04/29 15:45:48,068000,11.493
2026/04/29 15:45:48,069000,11.496
2026/04/29 15:45:48,070000,11.493
2026/04/29 15:45:48,071000,11.499
2026/04/29 15:45:48,072000,11.501
2026/04/29 15:45:48,073000,11.496
2026/04/29 15:45:48,074000,11.493
2026/04/29 15:45:48,075000,11.496
2026/04/29 15:45:48,076000,11.499
2026/04/29 15:45:48,077000,11.499
2026/04/29 15:45:48,078000,11.493
2026/04/29 15:45:48,079000,11.501
2026/04/29 15:45:48,080000,11.496
2026/04/29 15:45:48,081000,11.496
2026/04/29 15:45:48,082000,11.501
2026/04/29 15:45:48,083000,11.490
2026/04/29 15:45:48,084000,11.496
2026/04/29 15:45:48,085000,11.493
2026/04/29 15:45:48,086000,11.493
2026/04/29 15:45:48,087000,11.501
2026/04/29 15:45:48,088000,11.496
2026/04/29 15:45:48,089000,11.496
2026/04/29 15:45:48,090000,11.499
2026/04/29 15:45:48,091000,11.499
2026/04/29 15:45:48,092000,11.501
2026/04/29 15:45:48,093000,11.501
2026/04/29 15:45:48,094000,11.493
2026/04/29 15:45:48,095000,11.493
2026/04/29 15:45:48,096000,11.501
2026/04/29 15:45:48,097000,11.501
2026/04/29 15:45:48,098000,11.493
2026/04/29 15:45:48,099000,11.499
2026/04/29 15:45:48,100000,11.493
2026/04/29 15:45:48,101000,11.499
2026/04/29 15:45:48,102000,11.493
2026/04/29 15:45:48,103000,11.493
2026/04/29 15:45:48,104000,11.501
2026/04/29 15:45:48,105000,11.499
2026/04/29 15:45:48,106000,11.499
2026/04/29 15:45:48,107000,11.499
2026/04/29 15:45:48,108000,11.496
2026/04/29 15:45:48,109000,11.499
2026/04/29 15:45:48,110000,11.504
2026/04/29 15:45:48,111000,11.496
2026/04/29 15:45:48,112000,11.496
2026/04/29 15:45:48,113000,11.499
2026/04/29 15:45:48,114000,11.499
2026/04/29 15:45:48,115000,11.493
2026/04/29 15:45:48,116000,11.493
2026/04/29 15:45:48,117000,11.501
2026/04/29 15:45:48,118000,11.499
2026/04/29 15:45:48,119000,11.487
2026/04/29 15:45:48,120000,11.499
2026/04/29 15:45:48,121000,11.496
2026/04/29 15:45:48,122000,11.496
2026/04/29 15:45:48,123000,11.499
2026/04/29 15:45:48,124000,11.501
2026/04/29 15:45:48,125000,11.496
2026/04/29 15:45:48,126000,11.493
2026/04/29 15:45:48,127000,11.490
2026/04/29 15:45:48,128000,11.499
2026/04/29 15:45:48,129000,11.499
2026/04/29 15:45:48,130000,11.493
2026/04/29 15:45:48,131000,11.496
2026/04/29 15:45:48,132000,11.504
2026/04/29 15:45:48,133000,11.507
2026/04/29 15:45:48,134000,11.499
2026/04/29 15:45:48,135000,11.501
2026/04/29 15:45:48,136000,11.501
2026/04/29 15:45:48,137000,11.496
2026/04/29 15:45:48,138000,11.499
2026/04/29 15:45:48,139000,11.496
2026/04/29 15:45:48,140000,11.499
2026/04/29 15:45:48,141000,11.496
2026/04/29 15:45:48,142000,11.496
2026/04/29 15:45:48,143000,11.496
2026/04/29 15:45:48,144000,11.504
2026/04/29 15:45:48,145000,11.499
2026/04/29 15:45:48,146000,11.496
2026/04/29 15:45:48,147000,11.493
2026/04/29 15:45:48,148000,11.499
2026/04/29 15:45:48,149000,11.501
2026/04/29 15:45:48,150000,11.504
2026/04/29 15:45:48,151000,11.504
2026/04/29 15:45:48,152000,11.499
2026/04/29 15:45:48,153000,11.493
2026/04/29 15:45:48,154000,11.499
2026/04/29 15:45:48,155000,11.496
2026/04/29 15:45:48,156000,11.499
2026/04/29 15:45:48,157000,11.493
2026/04/29 15:45:48,158000,11.501
2026/04/29 15:45:48,159000,11.501
2026/04/29 15:45:48,160000,11.493
2026/04/29 15:45:48,161000,11.504
2026/04/29 15:45:48,162000,11.496
2026/04/29 15:45:48,163000,11.496
2026/04/29 15:45:48,164000,11.501
2026/04/29 15:45:48,165000,11.499
2026/04/29 15:45:48,166000,11.496
2026/04/29 15:45:48,167000,11.496
2026/04/29 15:45:48,168000,11.493
2026/04/29 15:45:48,169000,11.499
2026/04/29 15:45:48,170000,11.493
2026/04/29 15:45:48,171000,11.501
2026/04/29 15:45:48,172000,11.499
2026/04/29 15:45:48,173000,11.496
2026/04/29 15:45:48,174000,11.490
2026/04/29 15:45:48,175000,11.493
2026/04/29 15:45:48,176000,11.499
2026/04/29 15:45:48,177000,11.496
2026/04/29 15:45:48,178000,11.499
2026/04/29 15:45:48,179000,11.496
2026/04/29 15:45:48,180000,11.499
2026/04/29 15:45:48,181000,11.504
2026/04/29 15:45:48,182000,11.504
2026/04/29 15:45:48,183000,11.501
2026/04/29 15:45:48,184000,11.496
2026/04/29 15:45:48,185000,11.501
2026/04/29 15:45:48,186000,11.499
2026/04/29 15:45:48,187000,11.490
2026/04/29 15:45:48,188000,11.496
2026/04/29 15:45:48,189000,11.496
2026/04/29 15:45:48,190000,11.499
2026/04/29 15:45:48,191000,11.504
2026/04/29 15:45:48,192000,11.496
2026/04/29 15:45:48,193000,11.499
2026/04/29 15:45:48,194000,11.499
2026/04/29 15:45:48,195000,11.499
2026/04/29 15:45:48,196000,11.499
2026/04/29 15:45:48,197000,11.499
2026/04/29 15:45:48,198000,11.496
2026/04/29 15:45:48,199000,11.499
2026/04/29 15:45:48,200000,11.496
2026/04/29 15:45:48,201000,11.496
2026/04/29 15:45:48,202000,11.501
2026/04/29 15:45:48,203000,11.493
2026/04/29 15:45:48,204000,11.496
2026/04/29 15:45:48,205000,11.499
2026/04/29 15:45:48,206000,11.501
2026/04/29 15:45:48,207000,11.496
2026/04/29 15:45:48,208000,11.490
2026/04/29 15:45:48,209000,11.513
2026/04/29 15:45:48,210000,11.499
2026/04/29 15:45:48,211000,11.499
2026/04/29 15:45:48,212000,11.496
2026/04/29 15:45:48,213000,11.501
2026/04/29 15:45:48,214000,11.499
2026/04/29 15:45:48,215000,11.504
2026/04/29 15:45:48,216000,11.499
2026/04/29 15:45:48,217000,11.493
2026/04/29 15:45:48,218000,11.496
2026/04/29 15:45:48,219000,11.496
2026/04/29 15:45:48,220000,11.496
2026/04/29 15:45:48,221000,11.501
2026/04/29 15:45:48,222000,11.499
2026/04/29 15:45:48,223000,11.499
2026/04/29 15:45:48,224000,11.501
2026/04/29 15:45:48,225000,11.496
2026/04/29 15:45:48,226000,11.501
2026/04/29 15:45:48,227000,11.499
2026/04/29 15:45:48,228000,11.493
2026/04/29 15:45:48,229000,11.501
2026/04/29 15:45:48,230000,11.499
2026/04/29 15:45:48,231000,11.499
2026/04/29 15:45:48,232000,11.493
2026/04/29 15:45:48,233000,11.501
2026/04/29 15:45:48,234000,11.499
2026/04/29 15:45:48,235000,11.496
2026/04/29 15:45:48,236000,11.499
2026/04/29 15:45:48,237000,11.496
2026/04/29 15:45:48,238000,11.501
2026/04/29 15:45:48,239000,11.507
2026/04/29 15:45:48,240000,11.499
2026/04/29 15:45:48,241000,11.496
2026/04/29 15:45:48,242000,11.501
2026/04/29 15:45:48,243000,11.501
2026/04/29 15:45:48,244000,11.499
2026/04/29 15:45:48,245000,11.501
2026/04/29 15:45:48,246000,11.501
2026/04/29 15:45:48,247000,11.501
2026/04/29 15:45:48,248000,11.496
2026/04/29 15:45:48,249000,11.501
2026/04/29 15:45:48,250000,11.496
2026/04/29 15:45:48,251000,11.499
2026/04/29 15:45:48,252000,11.493
2026/04/29 15:45:48,253000,11.501
2026/04/29 15:45:48,254000,11.496
2026/04/29 15:45:48,255000,11.499
2026/04/29 15:45:48,256000,11.501
2026/04/29 15:45:48,257000,11.501
2026/04/29 15:45:48,258000,11.501
2026/04/29 15:45:48,259000,11.496
2026/04/29 15:45:48,260000,11.499
2026/04/29 15:45:48,261000,11.496
2026/04/29 15:45:48,262000,11.504
2026/04/29 15:45:48,263000,11.501
2026/04/29 15:45:48,264000,11.496
2026/04/29 15:45:48,265000,11.490
2026/04/29 15:45:48,266000,11.493
2026/04/29 15:45:48,267000,11.499
2026/04/29 15:45:48,268000,11.504
2026/04/29 15:45:48,269000,11.496
2026/04/29 15:45:48,270000,11.493
2026/04/29 15:45:48,271000,11.501
2026/04/29 15:45:48,272000,11.493
2026/04/29 15:45:48,273000,11.499
2026/04/29 15:45:48,274000,11.501
2026/04/29 15:45:48,275000,11.501
2026/04/29 15:45:48,276000,11.501
2026/04/29 15:45:48,277000,11.496
2026/04/29 15:45:48,278000,11.499
2026/04/29 15:45:48,279000,11.499
2026/04/29 15:45:48,280000,11.496
2026/04/29 15:45:48,281000,11.499
2026/04/29 15:45:48,282000,11.501
2026/04/29 15:45:48,283000,11.499
2026/04/29 15:45:48,284000,11.493
2026/04/29 15:45:48,285000,11.496
2026/04/29 15:45:48,286000,11.496
2026/04/29 15:45:48,287000,11.499
2026/04/29 15:45:48,288000,11.499
2026/04/29 15:45:48,289000,11.493
2026/04/29 15:45:48,290000,11.499
2026/04/29 15:45:48,291000,11.499
2026/04/29 15:45:48,292000,11.499
2026/04/29 15:45:48,293000,11.493
2026/04/29 15:45:48,294000,11.493
2026/04/29 15:45:48,295000,11.493
2026/04/29 15:45:48,296000,11.496
2026/04/29 15:45:48,297000,11.499
2026/04/29 15:45:48,298000,11.501
2026/04/29 15:45:48,299000,11.499
2026/04/29 15:45:48,300000,11.496
2026/04/29 15:45:48,301000,11.493
2026/04/29 15:45:48,302000,11.499
2026/04/29 15:45:48,303000,11.493
2026/04/29 15:45:48,304000,11.496
2026/04/29 15:45:48,305000,11.496
2026/04/29 15:45:48,306000,11.499
2026/04/29 15:45:48,307000,11.504
2026/04/29 15:45:48,308000,11.499
2026/04/29 15:45:48,309000,11.501
2026/04/29 15:45:48,310000,11.496
2026/04/29 15:45:48,311000,11.499
2026/04/29 15:45:48,312000,11.499
2026/04/29 15:45:48,313000,11.501
2026/04/29 15:45:48,314000,11.504
2026/04/29 15:45:48,315000,11.504
2026/04/29 15:45:48,316000,11.493
2026/04/29 15:45:48,317000,11.493
2026/04/29 15:45:48,318000,11.499
2026/04/29 15:45:48,319000,11.496
2026/04/29 15:45:48,320000,11.496
2026/04/29 15:45:48,321000,11.493
2026/04/29 15:45:48,322000,11.501
2026/04/29 15:45:48,323000,11.496
2026/04/29 15:45:48,324000,11.499
2026/04/29 15:45:48,325000,11.496
2026/04/29 15:45:48,326000,11.499
2026/04/29 15:45:48,327000,11.499
2026/04/29 15:45:48,328000,11.499
2026/04/29 15:45:48,329000,11.493
2026/04/29 15:45:48,330000,11.504
2026/04/29 15:45:48,331000,11.501
2026/04/29 15:45:48,332000,11.499
2026/04/29 15:45:48,333000,11.496
2026/04/29 15:45:48,334000,11.490
2026/04/29 15:45:48,335000,11.501
2026/04/29 15:45:48,336000,11.493
2026/04/29 15:45:48,337000,11.499
2026/04/29 15:45:48,338000,11.499
2026/04/29 15:45:48,339000,11.501
2026/04/29 15:45:48,340000,11.496
2026/04/29 15:45:48,341000,11.493
2026/04/29 15:45:48,342000,11.499
2026/04/29 15:45:48,343000,11.493
2026/04/29 15:45:48,344000,11.499
2026/04/29 15:45:48,345000,11.501
2026/04/29 15:45:48,346000,11.499
2026/04/29 15:45:48,347000,11.490
2026/04/29 15:45:48,348000,11.499
2026/04/29 15:45:48,349000,11.493
2026/04/29 15:45:48,350000,11.504
2026/04/29 15:45:48,351000,11.496
2026/04/29 15:45:48,352000,11.490
2026/04/29 15:45:48,353000,11.504
2026/04/29 15:45:48,354000,11.499
2026/04/29 15:45:48,355000,11.496
2026/04/29 15:45:48,356000,11.487
2026/04/29 15:45:48,357000,11.501
2026/04/29 15:45:48,358000,11.496
2026/04/29 15:45:48,359000,11.496
2026/04/29 15:45:48,360000,11.493
2026/04/29 15:45:48,361000,11.493
2026/04/29 15:45:48,362000,11.496
2026/04/29 15:45:48,363000,11.499
2026/04/29 15:45:48,364000,11.499
2026/04/29 15:45:48,365000,11.501
2026/04/29 15:45:48,366000,11.496
2026/04/29 15:45:48,367000,11.493
2026/04/29 15:45:48,368000,11.499
2026/04/29 15:45:48,369000,11.493
2026/04/29 15:45:48,370000,11.493
2026/04/29 15:45:48,371000,11.499
2026/04/29 15:45:48,372000,11.504
2026/04/29 15:45:48,373000,11.496
2026/04/29 15:45:48,374000,11.496
2026/04/29 15:45:48,375000,11.499
2026/04/29 15:45:48,376000,11.499
2026/04/29 15:45:48,377000,11.493
2026/04/29 15:45:48,378000,11.496
2026/04/29 15:45:48,379000,11.493
2026/04/29 15:45:48,380000,11.499
2026/04/29 15:45:48,381000,11.493
2026/04/29 15:45:48,382000,11.493
2026/04/29 15:45:48,383000,11.499
2026/04/29 15:45:48,384000,11.501
2026/04/29 15:45:48,385000,11.504
2026/04/29 15:45:48,386000,11.501
2026/04/29 15:45:48,387000,11.504
2026/04/29 15:45:48,388000,11.501
2026/04/29 15:45:48,389000,11.496
2026/04/29 15:45:48,390000,11.501
2026/04/29 15:45:48,391000,11.496
2026/04/29 15:45:48,392000,11.496
2026/04/29 15:45:48,393000,11.499
2026/04/29 15:45:48,394000,11.496
2026/04/29 15:45:48,395000,11.496
2026/04/29 15:45:48,396000,11.499
2026/04/29 15:45:48,397000,11.504
2026/04/29 15:45:48,398000,11.499
2026/04/29 15:45:48,399000,11.493
2026/04/29 15:45:48,400000,11.493
2026/04/29 15:45:48,401000,11.493
2026/04/29 15:45:48,402000,11.499
2026/04/29 15:45:48,403000,11.493
2026/04/29 15:45:48,404000,11.496
2026/04/29 15:45:48,405000,11.493
2026/04/29 15:45:48,406000,11.493
2026/04/29 15:45:48,407000,11.499
2026/04/29 15:45:48,408000,11.496
2026/04/29 15:45:48,409000,11.490
2026/04/29 15:45:48,410000,11.499
2026/04/29 15:45:48,411000,11.493
2026/04/29 15:45:48,412000,11.496
2026/04/29 15:45:48,413000,11.493
2026/04/29 15:45:48,414000,11.501
2026/04/29 15:45:48,415000,11.496
2026/04/29 15:45:48,416000,11.496
2026/04/29 15:45:48,417000,11.496
2026/04/29 15:45:48,418000,11.501
2026/04/29 15:45:48,419000,11.499
2026/04/29 15:45:48,420000,11.490
2026/04/29 15:45:48,421000,11.501
2026/04/29 15:45:48,422000,11.490
2026/04/29 15:45:48,423000,11.496
2026/04/29 15:45:48,424000,11.493
2026/04/29 15:45:48,425000,11.496
2026/04/29 15:45:48,426000,11.493
2026/04/29 15:45:48,427000,11.499
2026/04/29 15:45:48,428000,11.501
2026/04/29 15:45:48,429000,11.499
2026/04/29 15:45:48,430000,11.499
2026/04/29 15:45:48,431000,11.499
2026/04/29 15:45:48,432000,11.499
2026/04/29 15:45:48,433000,11.499
2026/04/29 15:45:48,434000,11.501
2026/04/29 15:45:48,435000,11.496
2026/04/29 15:45:48,436000,11.499
2026/04/29 15:45:48,437000,11.493
2026/04/29 15:45:48,438000,11.496
2026/04/29 15:45:48,439000,11.493
2026/04/29 15:45:48,440000,11.493
2026/04/29 15:45:48,441000,11.496
2026/04/29 15:45:48,442000,11.493
2026/04/29 15:45:48,443000,11.496
2026/04/29 15:45:48,444000,11.493
2026/04/29 15:45:48,445000,11.499
2026/04/29 15:45:48,446000,11.493
2026/04/29 15:45:48,447000,11.496
2026/04/29 15:45:48,448000,11.499
2026/04/29 15:45:48,449000,11.499
2026/04/29 15:45:48,450000,11.493
2026/04/29 15:45:48,451000,11.490
2026/04/29 15:45:48,452000,11.496
2026/04/29 15:45:48,453000,11.496
2026/04/29 15:45:48,454000,11.496
2026/04/29 15:45:48,455000,11.499
2026/04/29 15:45:48,456000,11.501
2026/04/29 15:45:48,457000,11.499
2026/04/29 15:45:48,458000,11.490
2026/04/29 15:45:48,459000,11.499
2026/04/29 15:45:48,460000,11.496
2026/04/29 15:45:48,461000,11.496
2026/04/29 15:45:48,462000,11.501
2026/04/29 15:45:48,463000,11.499
2026/04/29 15:45:48,464000,11.493
2026/04/29 15:45:48,465000,11.493
2026/04/29 15:45:48,466000,11.496
2026/04/29 15:45:48,467000,11.499
2026/04/29 15:45:48,468000,11.496
2026/04/29 15:45:48,469000,11.501
2026/04/29 15:45:48,470000,11.493
2026/04/29 15:45:48,471000,11.501
2026/04/29 15:45:48,472000,11.496
2026/04/29 15:45:48,473000,11.493
2026/04/29 15:45:48,474000,11.493
2026/04/29 15:45:48,475000,11.501
2026/04/29 15:45:48,476000,11.504
2026/04/29 15:45:48,477000,11.499
2026/04/29 15:45:48,478000,11.496
2026/04/29 15:45:48,479000,11.490
2026/04/29 15:45:48,480000,11.496
2026/04/29 15:45:48,481000,11.496
2026/04/29 15:45:48,482000,11.496
2026/04/29 15:45:48,483000,11.499
2026/04/29 15:45:48,484000,11.499
2026/04/29 15:45:48,485000,11.501
2026/04/29 15:45:48,486000,11.493
2026/04/29 15:45:48,487000,11.496
2026/04/29 15:45:48,488000,11.499
2026/04/29 15:45:48,489000,11.501
2026/04/29 15:45:48,490000,11.496
2026/04/29 15:45:48,491000,11.493
2026/04/29 15:45:48,492000,11.496
2026/04/29 15:45:48,493000,11.496
2026/04/29 15:45:48,494000,11.496
2026/04/29 15:45:48,495000,11.493
2026/04/29 15:45:48,496000,11.493
2026/04/29 15:45:48,497000,11.496
2026/04/29 15:45:48,498000,11.493
2026/04/29 15:45:48,499000,11.496
2026/04/29 15:45:48,500000,11.496
2026/04/29 15:45:48,501000,11.499
2026/04/29 15:45:48,502000,11.499
2026/04/29 15:45:48,503000,11.501
2026/04/29 15:45:48,504000,11.493
2026/04/29 15:45:48,505000,11.493
2026/04/29 15:45:48,506000,11.499
2026/04/29 15:45:48,507000,11.499
2026/04/29 15:45:48,508000,11.493
2026/04/29 15:45:48,509000,11.493
2026/04/29 15:45:48,510000,11.499
2026/04/29 15:45:48,511000,11.501
2026/04/29 15:45:48,512000,11.501
2026/04/29 15:45:48,513000,11.493
2026/04/29 15:45:48,514000,11.501
2026/04/29 15:45:48,515000,11.496
2026/04/29 15:45:48,516000,11.496
2026/04/29 15:45:48,517000,11.493
2026/04/29 15:45:48,518000,11.499
2026/04/29 15:45:48,519000,11.499
2026/04/29 15:45:48,520000,11.499
2026/04/29 15:45:48,521000,11.493
2026/04/29 15:45:48,522000,11.496
2026/04/29 15:45:48,523000,11.499
2026/04/29 15:45:48,524000,11.496
2026/04/29 15:45:48,525000,11.493
2026/04/29 15:45:48,526000,11.493
2026/04/29 15:45:48,527000,11.499
2026/04/29 15:45:48,528000,11.499
2026/04/29 15:45:48,529000,11.499
2026/04/29 15:45:48,530000,11.501
2026/04/29 15:45:48,531000,11.499
2026/04/29 15:45:48,532000,11.496
2026/04/29 15:45:48,533000,11.504
2026/04/29 15:45:48,534000,11.499
2026/04/29 15:45:48,535000,11.496
2026/04/29 15:45:48,536000,11.499
2026/04/29 15:45:48,537000,11.496
2026/04/29 15:45:48,538000,11.493
2026/04/29 15:45:48,539000,11.493
2026/04/29 15:45:48,540000,11.493
2026/04/29 15:45:48,541000,11.501
2026/04/29 15:45:48,542000,11.493
2026/04/29 15:45:48,543000,11.501
2026/04/29 15:45:48,544000,11.499
2026/04/29 15:45:48,545000,11.496
2026/04/29 15:45:48,546000,11.482
2026/04/29 15:45:48,547000,11.499
2026/04/29 15:45:48,548000,11.499
2026/04/29 15:45:48,549000,11.501
2026/04/29 15:45:48,550000,11.501
2026/04/29 15:45:48,551000,11.501
2026/04/29 15:45:48,552000,11.487
2026/04/29 15:45:48,553000,11.499
2026/04/29 15:45:48,554000,11.493
2026/04/29 15:45:48,555000,11.499
2026/04/29 15:45:48,556000,11.499
2026/04/29 15:45:48,557000,11.501
2026/04/29 15:45:48,558000,11.499
2026/04/29 15:45:48,559000,11.493
2026/04/29 15:45:48,560000,11.496
2026/04/29 15:45:48,561000,11.496
2026/04/29 15:45:48,562000,11.504
2026/04/29 15:45:48,563000,11.493
2026/04/29 15:45:48,564000,11.499
2026/04/29 15:45:48,565000,11.499
2026/04/29 15:45:48,566000,11.499
2026/04/29 15:45:48,567000,11.496
2026/04/29 15:45:48,568000,11.493
2026/04/29 15:45:48,569000,11.501
2026/04/29 15:45:48,570000,11.501
2026/04/29 15:45:48,571000,11.499
2026/04/29 15:45:48,572000,11.501
2026/04/29 15:45:48,573000,11.493
2026/04/29 15:45:48,574000,11.496
2026/04/29 15:45:48,575000,11.504
2026/04/29 15:45:48,576000,11.499
2026/04/29 15:45:48,577000,11.499
2026/04/29 15:45:48,578000,11.501
2026/04/29 15:45:48,579000,11.499
2026/04/29 15:45:48,580000,11.496
2026/04/29 15:45:48,581000,11.504
2026/04/29 15:45:48,582000,11.499
2026/04/29 15:45:48,583000,11.501
2026/04/29 15:45:48,584000,11.504
2026/04/29 15:45:48,585000,11.493
2026/04/29 15:45:48,586000,11.493
2026/04/29 15:45:48,587000,11.496
2026/04/29 15:45:48,588000,11.493
2026/04/29 15:45:48,589000,11.499
2026/04/29 15:45:48,590000,11.499
2026/04/29 15:45:48,591000,11.499
2026/04/29 15:45:48,592000,11.496
2026/04/29 15:45:48,593000,11.496
2026/04/29 15:45:48,594000,11.501
2026/04/29 15:45:48,595000,11.501
2026/04/29 15:45:48,596000,11.501
2026/04/29 15:45:48,597000,11.501
2026/04/29 15:45:48,598000,11.493
2026/04/29 15:45:48,599000,11.501
2026/04/29 15:45:48,600000,11.496
2026/04/29 15:45:48,601000,11.501
2026/04/29 15:45:48,602000,11.499
2026/04/29 15:45:48,603000,11.496
2026/04/29 15:45:48,604000,11.493
2026/04/29 15:45:48,605000,11.501
2026/04/29 15:45:48,606000,11.501
2026/04/29 15:45:48,607000,11.493
2026/04/29 15:45:48,608000,11.499
2026/04/29 15:45:48,609000,11.496
2026/04/29 15:45:48,610000,11.504
2026/04/29 15:45:48,611000,11.493
2026/04/29 15:45:48,612000,11.493
2026/04/29 15:45:48,613000,11.499
2026/04/29 15:45:48,614000,11.496
2026/04/29 15:45:48,615000,11.493
2026/04/29 15:45:48,616000,11.501
2026/04/29 15:45:48,617000,11.493
2026/04/29 15:45:48,618000,11.496
2026/04/29 15:45:48,619000,11.496
2026/04/29 15:45:48,620000,11.496
2026/04/29 15:45:48,621000,11.493
2026/04/29 15:45:48,622000,11.510
2026/04/29 15:45:48,623000,11.499
2026/04/29 15:45:48,624000,11.499
2026/04/29 15:45:48,625000,11.501
2026/04/29 15:45:48,626000,11.496
2026/04/29 15:45:48,627000,11.499
2026/04/29 15:45:48,628000,11.496
2026/04/29 15:45:48,629000,11.501
2026/04/29 15:45:48,630000,11.496
2026/04/29 15:45:48,631000,11.501
2026/04/29 15:45:48,632000,11.499
2026/04/29 15:45:48,633000,11.501
2026/04/29 15:45:48,634000,11.499
2026/04/29 15:45:48,635000,11.499
2026/04/29 15:45:48,636000,11.501
2026/04/29 15:45:48,637000,11.499
2026/04/29 15:45:48,638000,11.493
2026/04/29 15:45:48,639000,11.493
2026/04/29 15:45:48,640000,11.499
2026/04/29 15:45:48,641000,11.490
2026/04/29 15:45:48,642000,11.496
2026/04/29 15:45:48,643000,11.496
2026/04/29 15:45:48,644000,11.496
2026/04/29 15:45:48,645000,11.499
2026/04/29 15:45:48,646000,11.496
2026/04/29 15:45:48,647000,11.501
2026/04/29 15:45:48,648000,11.493
2026/04/29 15:45:48,649000,11.496
2026/04/29 15:45:48,650000,11.496
2026/04/29 15:45:48,651000,11.504
2026/04/29 15:45:48,652000,11.493
2026/04/29 15:45:48,653000,11.493
2026/04/29 15:45:48,654000,11.499
2026/04/29 15:45:48,655000,11.504
2026/04/29 15:45:48,656000,11.501
2026/04/29 15:45:48,657000,11.493
2026/04/29 15:45:48,658000,11.501
2026/04/29 15:45:48,659000,11.501
2026/04/29 15:45:48,660000,11.501
2026/04/29 15:45:48,661000,11.499
2026/04/29 15:45:48,662000,11.501
2026/04/29 15:45:48,663000,11.499
2026/04/29 15:45:48,664000,11.496
2026/04/29 15:45:48,665000,11.493
2026/04/29 15:45:48,666000,11.496
2026/04/29 15:45:48,667000,11.501
2026/04/29 15:45:48,668000,11.501
2026/04/29 15:45:48,669000,11.501
2026/04/29 15:45:48,670000,11.493
2026/04/29 15:45:48,671000,11.501
2026/04/29 15:45:48,672000,11.501
2026/04/29 15:45:48,673000,11.504
2026/04/29 15:45:48,674000,11.496
2026/04/29 15:45:48,675000,11.496
2026/04/29 15:45:48,676000,11.496
2026/04/29 15:45:48,677000,11.501
2026/04/29 15:45:48,678000,11.499
2026/04/29 15:45:48,679000,11.499
2026/04/29 15:45:48,680000,11.501
2026/04/29 15:45:48,681000,11.496
2026/04/29 15:45:48,682000,11.501
2026/04/29 15:45:48,683000,11.499
2026/04/29 15:45:48,684000,11.493
2026/04/29 15:45:48,685000,11.499
2026/04/29 15:45:48,686000,11.493
2026/04/29 15:45:48,687000,11.493
2026/04/29 15:45:48,688000,11.499
2026/04/29 15:45:48,689000,11.501
2026/04/29 15:45:48,690000,11.501
2026/04/29 15:45:48,691000,11.501
2026/04/29 15:45:48,692000,11.507
2026/04/29 15:45:48,693000,11.493
2026/04/29 15:45:48,694000,11.499
2026/04/29 15:45:48,695000,11.496
2026/04/29 15:45:48,696000,11.501
2026/04/29 15:45:48,697000,11.499
2026/04/29 15:45:48,698000,11.493
2026/04/29 15:45:48,699000,11.499
2026/04/29 15:45:48,700000,11.493
2026/04/29 15:45:48,701000,11.499
2026/04/29 15:45:48,702000,11.504
2026/04/29 15:45:48,703000,11.499
2026/04/29 15:45:48,704000,11.493
2026/04/29 15:45:48,705000,11.493
2026/04/29 15:45:48,706000,11.493
2026/04/29 15:45:48,707000,11.499
2026/04/29 15:45:48,708000,11.499
2026/04/29 15:45:48,709000,11.496
2026/04/29 15:45:48,710000,11.496
2026/04/29 15:45:48,711000,11.499
2026/04/29 15:45:48,712000,11.493
2026/04/29 15:45:48,713000,11.499
2026/04/29 15:45:48,714000,11.496
2026/04/29 15:45:48,715000,11.493
2026/04/29 15:45:48,716000,11.496
2026/04/29 15:45:48,717000,11.496
2026/04/29 15:45:48,718000,11.496
2026/04/29 15:45:48,719000,11.501
2026/04/29 15:45:48,720000,11.493
2026/04/29 15:45:48,721000,11.501
2026/04/29 15:45:48,722000,11.496
2026/04/29 15:45:48,723000,11.499
2026/04/29 15:45:48,724000,11.499
2026/04/29 15:45:48,725000,11.493
2026/04/29 15:45:48,726000,11.499
2026/04/29 15:45:48,727000,11.499
2026/04/29 15:45:48,728000,11.501
2026/04/29 15:45:48,729000,11.493
2026/04/29 15:45:48,730000,11.501
2026/04/29 15:45:48,731000,11.507
2026/04/29 15:45:48,732000,11.499
2026/04/29 15:45:48,733000,11.493
2026/04/29 15:45:48,734000,11.493
2026/04/29 15:45:48,735000,11.496
2026/04/29 15:45:48,736000,11.501
2026/04/29 15:45:48,737000,11.496
2026/04/29 15:45:48,738000,11.501
2026/04/29 15:45:48,739000,11.501
2026/04/29 15:45:48,740000,11.496
2026/04/29 15:45:48,741000,11.499
2026/04/29 15:45:48,742000,11.496
2026/04/29 15:45:48,743000,11.496
2026/04/29 15:45:48,744000,11.496
2026/04/29 15:45:48,745000,11.499
2026/04/29 15:45:48,746000,11.501
2026/04/29 15:45:48,747000,11.496
2026/04/29 15:45:48,748000,11.493
2026/04/29 15:45:48,749000,11.501
2026/04/29 15:45:48,750000,11.496
2026/04/29 15:45:48,751000,11.499
2026/04/29 15:45:48,752000,11.496
2026/04/29 15:45:48,753000,11.496
2026/04/29 15:45:48,754000,11.504
2026/04/29 15:45:48,755000,11.499
2026/04/29 15:45:48,756000,11.493
2026/04/29 15:45:48,757000,11.499
2026/04/29 15:45:48,758000,11.496
2026/04/29 15:45:48,759000,11.493
2026/04/29 15:45:48,760000,11.501
2026/04/29 15:45:48,761000,11.496
2026/04/29 15:45:48,762000,11.499
2026/04/29 15:45:48,763000,11.496
2026/04/29 15:45:48,764000,11.493
2026/04/29 15:45:48,765000,11.493
2026/04/29 15:45:48,766000,11.501
2026/04/29 15:45:48,767000,11.496
2026/04/29 15:45:48,768000,11.499
2026/04/29 15:45:48,769000,11.499
2026/04/29 15:45:48,770000,11.499
2026/04/29 15:45:48,771000,11.499
2026/04/29 15:45:48,772000,11.499
2026/04/29 15:45:48,773000,11.490
2026/04/29 15:45:48,774000,11.499
2026/04/29 15:45:48,775000,11.507
2026/04/29 15:45:48,776000,11.501
2026/04/29 15:45:48,777000,11.493
2026/04/29 15:45:48,778000,11.499
2026/04/29 15:45:48,779000,11.493
2026/04/29 15:45:48,780000,11.499
2026/04/29 15:45:48,781000,11.493
2026/04/29 15:45:48,782000,11.501
2026/04/29 15:45:48,783000,11.499
2026/04/29 15:45:48,784000,11.501
2026/04/29 15:45:48,785000,11.496
2026/04/29 15:45:48,786000,11.499
2026/04/29 15:45:48,787000,11.493
2026/04/29 15:45:48,788000,11.499
2026/04/29 15:45:48,789000,11.493
2026/04/29 15:45:48,790000,11.493
2026/04/29 15:45:48,791000,11.496
2026/04/29 15:45:48,792000,11.496
2026/04/29 15:45:48,793000,11.496
2026/04/29 15:45:48,794000,11.504
2026/04/29 15:45:48,795000,11.496
2026/04/29 15:45:48,796000,11.493
2026/04/29 15:45:48,797000,11.501
2026/04/29 15:45:48,798000,11.493
2026/04/29 15:45:48,799000,11.501
2026/04/29 15:45:48,800000,11.493
2026/04/29 15:45:48,801000,11.499
2026/04/29 15:45:48,802000,11.504
2026/04/29 15:45:48,803000,11.501
2026/04/29 15:45:48,804000,11.493
2026/04/29 15:45:48,805000,11.504
2026/04/29 15:45:48,806000,11.499
2026/04/29 15:45:48,807000,11.501
2026/04/29 15:45:48,808000,11.499
2026/04/29 15:45:48,809000,11.493
2026/04/29 15:45:48,810000,11.499
2026/04/29 15:45:48,811000,11.499
2026/04/29 15:45:48,812000,11.501
2026/04/29 15:45:48,813000,11.499
2026/04/29 15:45:48,814000,11.499
2026/04/29 15:45:48,815000,11.499
2026/04/29 15:45:48,816000,11.496
2026/04/29 15:45:48,817000,11.493
2026/04/29 15:45:48,818000,11.499
2026/04/29 15:45:48,819000,11.496
2026/04/29 15:45:48,820000,11.499
2026/04/29 15:45:48,821000,11.501
2026/04/29 15:45:48,822000,11.496
2026/04/29 15:45:48,823000,11.499
2026/04/29 15:45:48,824000,11.496
2026/04/29 15:45:48,825000,11.493
2026/04/29 15:45:48,826000,11.501
2026/04/29 15:45:48,827000,11.499
2026/04/29 15:45:48,828000,11.499
2026/04/29 15:45:48,829000,11.499
2026/04/29 15:45:48,830000,11.501
2026/04/29 15:45:48,831000,11.496
2026/04/29 15:45:48,832000,11.499
2026/04/29 15:45:48,833000,11.496
2026/04/29 15:45:48,834000,11.493
2026/04/29 15:45:48,835000,11.504
2026/04/29 15:45:48,836000,11.501
2026/04/29 15:45:48,837000,11.499
2026/04/29 15:45:48,838000,11.499
2026/04/29 15:45:48,839000,11.499
2026/04/29 15:45:48,840000,11.493
2026/04/29 15:45:48,841000,11.493
2026/04/29 15:45:48,842000,11.496
2026/04/29 15:45:48,843000,11.493
2026/04/29 15:45:48,844000,11.496
2026/04/29 15:45:48,845000,11.499
2026/04/29 15:45:48,846000,11.499
2026/04/29 15:45:48,847000,11.499
2026/04/29 15:45:48,848000,11.501
2026/04/29 15:45:48,849000,11.490
2026/04/29 15:45:48,850000,11.496
2026/04/29 15:45:48,851000,11.493
2026/04/29 15:45:48,852000,11.499
2026/04/29 15:45:48,853000,11.501
2026/04/29 15:45:48,854000,11.493
2026/04/29 15:45:48,855000,11.496
2026/04/29 15:45:48,856000,11.485
2026/04/29 15:45:48,857000,11.496
2026/04/29 15:45:48,858000,11.499
2026/04/29 15:45:48,859000,11.493
2026/04/29 15:45:48,860000,11.490
2026/04/29 15:45:48,861000,11.493
2026/04/29 15:45:48,862000,11.493
2026/04/29 15:45:48,863000,11.493
2026/04/29 15:45:48,864000,11.501
2026/04/29 15:45:48,865000,11.490
2026/04/29 15:45:48,866000,11.499
2026/04/29 15:45:48,867000,11.501
2026/04/29 15:45:48,868000,11.499
2026/04/29 15:45:48,869000,11.499
2026/04/29 15:45:48,870000,11.496
2026/04/29 15:45:48,871000,11.501
2026/04/29 15:45:48,872000,11.496
2026/04/29 15:45:48,873000,11.493
2026/04/29 15:45:48,874000,11.499
2026/04/29 15:45:48,875000,11.493
2026/04/29 15:45:48,876000,11.499
2026/04/29 15:45:48,877000,11.496
2026/04/29 15:45:48,878000,11.493
2026/04/29 15:45:48,879000,11.501
2026/04/29 15:45:48,880000,11.501
2026/04/29 15:45:48,881000,11.499
2026/04/29 15:45:48,882000,11.499
2026/04/29 15:45:48,883000,11.493
2026/04/29 15:45:48,884000,11.493
2026/04/29 15:45:48,885000,11.499
2026/04/29 15:45:48,886000,11.496
2026/04/29 15:45:48,887000,11.499
2026/04/29 15:45:48,888000,11.496
2026/04/29 15:45:48,889000,11.501
2026/04/29 15:45:48,890000,11.501
2026/04/29 15:45:48,891000,11.493
2026/04/29 15:45:48,892000,11.496
2026/04/29 15:45:48,893000,11.490
2026/04/29 15:45:48,894000,11.501
2026/04/29 15:45:48,895000,11.499
2026/04/29 15:45:48,896000,11.490
2026/04/29 15:45:48,897000,11.496
2026/04/29 15:45:48,898000,11.490
2026/04/29 15:45:48,899000,11.499
2026/04/29 15:45:48,900000,11.496
2026/04/29 15:45:48,901000,11.504
2026/04/29 15:45:48,902000,11.499
2026/04/29 15:45:48,903000,11.496
2026/04/29 15:45:48,904000,11.499
2026/04/29 15:45:48,905000,11.499
2026/04/29 15:45:48,906000,11.501
2026/04/29 15:45:48,907000,11.499
2026/04/29 15:45:48,908000,11.496
2026/04/29 15:45:48,909000,11.499
2026/04/29 15:45:48,910000,11.496
2026/04/29 15:45:48,911000,11.493
2026/04/29 15:45:48,912000,11.493
2026/04/29 15:45:48,913000,11.496
2026/04/29 15:45:48,914000,11.493
2026/04/29 15:45:48,915000,11.493
2026/04/29 15:45:48,916000,11.499
2026/04/29 15:45:48,917000,11.493
2026/04/29 15:45:48,918000,11.501
2026/04/29 15:45:48,919000,11.501
2026/04/29 15:45:48,920000,11.496
2026/04/29 15:45:48,921000,11.496
2026/04/29 15:45:48,922000,11.499
2026/04/29 15:45:48,923000,11.493
2026/04/29 15:45:48,924000,11.499
2026/04/29 15:45:48,925000,11.499
2026/04/29 15:45:48,926000,11.493
2026/04/29 15:45:48,927000,11.496
2026/04/29 15:45:48,928000,11.499
2026/04/29 15:45:48,929000,11.493
2026/04/29 15:45:48,930000,11.493
2026/04/29 15:45:48,931000,11.493
2026/04/29 15:45:48,932000,11.501
2026/04/29 15:45:48,933000,11.499
2026/04/29 15:45:48,934000,11.493
2026/04/29 15:45:48,935000,11.499
2026/04/29 15:45:48,936000,11.493
2026/04/29 15:45:48,937000,11.496
2026/04/29 15:45:48,938000,11.501
2026/04/29 15:45:48,939000,11.499
2026/04/29 15:45:48,940000,11.499
2026/04/29 15:45:48,941000,11.499
2026/04/29 15:45:48,942000,11.501
2026/04/29 15:45:48,943000,11.493
2026/04/29 15:45:48,944000,11.493
2026/04/29 15:45:48,945000,11.493
2026/04/29 15:45:48,946000,11.499
2026/04/29 15:45:48,947000,11.493
2026/04/29 15:45:48,948000,11.499
2026/04/29 15:45:48,949000,11.493
2026/04/29 15:45:48,950000,11.496
2026/04/29 15:45:48,951000,11.496
2026/04/29 15:45:48,952000,11.490
2026/04/29 15:45:48,953000,11.501
2026/04/29 15:45:48,954000,11.493
2026/04/29 15:45:48,955000,11.501
2026/04/29 15:45:48,956000,11.490
2026/04/29 15:45:48,957000,11.496
2026/04/29 15:45:48,958000,11.499
2026/04/29 15:45:48,959000,11.499
2026/04/29 15:45:48,960000,11.499
2026/04/29 15:45:48,961000,11.499
2026/04/29 15:45:48,962000,11.496
2026/04/29 15:45:48,963000,11.499
2026/04/29 15:45:48,964000,11.493
2026/04/29 15:45:48,965000,11.496
2026/04/29 15:45:48,966000,11.499
2026/04/29 15:45:48,967000,11.496
2026/04/29 15:45:48,968000,11.490
2026/04/29 15:45:48,969000,11.493
2026/04/29 15:45:48,970000,11.501
2026/04/29 15:45:48,971000,11.501
2026/04/29 15:45:48,972000,11.496
2026/04/29 15:45:48,973000,11.493
2026/04/29 15:45:48,974000,11.499
2026/04/29 15:45:48,975000,11.501
2026/04/29 15:45:48,976000,11.499
2026/04/29 15:45:48,977000,11.496
2026/04/29 15:45:48,978000,11.493
2026/04/29 15:45:48,979000,11.493
2026/04/29 15:45:48,980000,11.501
2026/04/29 15:45:48,981000,11.499
2026/04/29 15:45:48,982000,11.493
2026/04/29 15:45:48,983000,11.499
2026/04/29 15:45:48,984000,11.501
2026/04/29 15:45:48,985000,11.493
2026/04/29 15:45:48,986000,11.493
2026/04/29 15:45:48,987000,11.501
2026/04/29 15:45:48,988000,11.496
2026/04/29 15:45:48,989000,11.493
2026/04/29 15:45:48,990000,11.496
2026/04/29 15:45:48,991000,11.493
2026/04/29 15:45:48,992000,11.493
2026/04/29 15:45:48,993000,11.499
2026/04/29 15:45:48,994000,11.496
2026/04/29 15:45:48,995000,11.493
2026/04/29 15:45:48,996000,11.499
2026/04/29 15:45:48,997000,11.499
2026/04/29 15:45:48,998000,11.493
2026/04/29 15:45:48,999000,11.501
2026/04/29 15:45:49,000000,11.496
2026/04/29 15:45:49,001000,11.496
2026/04/29 15:45:49,002000,11.499
2026/04/29 15:45:49,003000,11.496
2026/04/29 15:45:49,004000,11.504
2026/04/29 15:45:49,005000,11.496
2026/04/29 15:45:49,006000,11.496
2026/04/29 15:45:49,007000,11.496
2026/04/29 15:45:49,008000,11.496
2026/04/29 15:45:49,009000,11.499
2026/04/29 15:45:49,010000,11.499
2026/04/29 15:45:49,011000,11.493
2026/04/29 15:45:49,012000,11.507
2026/04/29 15:45:49,013000,11.496
2026/04/29 15:45:49,014000,11.493
2026/04/29 15:45:49,015000,11.493
2026/04/29 15:45:49,016000,11.504
2026/04/29 15:45:49,017000,11.496
2026/04/29 15:45:49,018000,11.501
2026/04/29 15:45:49,019000,11.493
2026/04/29 15:45:49,020000,11.493
2026/04/29 15:45:49,021000,11.496
2026/04/29 15:45:49,022000,11.496
2026/04/29 15:45:49,023000,11.501
2026/04/29 15:45:49,024000,11.501
2026/04/29 15:45:49,025000,11.501
2026/04/29 15:45:49,026000,11.499
2026/04/29 15:45:49,027000,11.499
2026/04/29 15:45:49,028000,11.496
2026/04/29 15:45:49,029000,11.501
2026/04/29 15:45:49,030000,11.493
2026/04/29 15:45:49,031000,11.496
2026/04/29 15:45:49,032000,11.499
2026/04/29 15:45:49,033000,11.493
2026/04/29 15:45:49,034000,11.493
2026/04/29 15:45:49,035000,11.501
2026/04/29 15:45:49,036000,11.507
2026/04/29 15:45:49,037000,11.490
2026/04/29 15:45:49,038000,11.493
2026/04/29 15:45:49,039000,11.499
2026/04/29 15:45:49,040000,11.496
2026/04/29 15:45:49,041000,11.496
2026/04/29 15:45:49,042000,11.504
2026/04/29 15:45:49,043000,11.496
2026/04/29 15:45:49,044000,11.501
2026/04/29 15:45:49,045000,11.499
2026/04/29 15:45:49,046000,11.501
2026/04/29 15:45:49,047000,11.499
2026/04/29 15:45:49,048000,11.501
2026/04/29 15:45:49,049000,11.496
2026/04/29 15:45:49,050000,11.493
2026/04/29 15:45:49,051000,11.499
2026/04/29 15:45:49,052000,11.501
2026/04/29 15:45:49,053000,11.499
2026/04/29 15:45:49,054000,11.501
2026/04/29 15:45:49,055000,11.501
2026/04/29 15:45:49,056000,11.499
2026/04/29 15:45:49,057000,11.501
2026/04/29 15:45:49,058000,11.493
2026/04/29 15:45:49,059000,11.504
2026/04/29 15:45:49,060000,11.501
2026/04/29 15:45:49,061000,11.501
2026/04/29 15:45:49,062000,11.496
2026/04/29 15:45:49,063000,11.496
2026/04/29 15:45:49,064000,11.496
2026/04/29 15:45:49,065000,11.499
2026/04/29 15:45:49,066000,11.496
2026/04/29 15:45:49,067000,11.496
2026/04/29 15:45:49,068000,11.501
2026/04/29 15:45:49,069000,11.499
2026/04/29 15:45:49,070000,11.501
2026/04/29 15:45:49,071000,11.501
2026/04/29 15:45:49,072000,11.496
2026/04/29 15:45:49,073000,11.493
2026/04/29 15:45:49,074000,11.501
2026/04/29 15:45:49,075000,11.499
2026/04/29 15:45:49,076000,11.499
2026/04/29 15:45:49,077000,11.499
2026/04/29 15:45:49,078000,11.496
2026/04/29 15:45:49,079000,11.496
2026/04/29 15:45:49,080000,11.493
2026/04/29 15:45:49,081000,11.496
2026/04/29 15:45:49,082000,11.493
2026/04/29 15:45:49,083000,11.496
2026/04/29 15:45:49,084000,11.493
2026/04/29 15:45:49,085000,11.499
2026/04/29 15:45:49,086000,11.504
2026/04/29 15:45:49,087000,11.501
2026/04/29 15:45:49,088000,11.496
2026/04/29 15:45:49,089000,11.499
2026/04/29 15:45:49,090000,11.499
2026/04/29 15:45:49,091000,11.496
2026/04/29 15:45:49,092000,11.504
2026/04/29 15:45:49,093000,11.496
2026/04/29 15:45:49,094000,11.501
2026/04/29 15:45:49,095000,11.493
2026/04/29 15:45:49,096000,11.501
2026/04/29 15:45:49,097000,11.496
2026/04/29 15:45:49,098000,11.499
2026/04/29 15:45:49,099000,11.496
2026/04/29 15:45:49,100000,11.501
2026/04/29 15:45:49,101000,11.490
2026/04/29 15:45:49,102000,11.501
2026/04/29 15:45:49,103000,11.501
2026/04/29 15:45:49,104000,11.496
2026/04/29 15:45:49,105000,11.499
2026/04/29 15:45:49,106000,11.501
2026/04/29 15:45:49,107000,11.499
2026/04/29 15:45:49,108000,11.501
2026/04/29 15:45:49,109000,11.490
2026/04/29 15:45:49,110000,11.496
2026/04/29 15:45:49,111000,11.496
2026/04/29 15:45:49,112000,11.504
2026/04/29 15:45:49,113000,11.499
2026/04/29 15:45:49,114000,11.499
2026/04/29 15:45:49,115000,11.501
2026/04/29 15:45:49,116000,11.499
2026/04/29 15:45:49,117000,11.504
2026/04/29 15:45:49,118000,11.499
2026/04/29 15:45:49,119000,11.499
2026/04/29 15:45:49,120000,11.499
2026/04/29 15:45:49,121000,11.504
2026/04/29 15:45:49,122000,11.504
2026/04/29 15:45:49,123000,11.493
2026/04/29 15:45:49,124000,11.504
2026/04/29 15:45:49,125000,11.499
2026/04/29 15:45:49,126000,11.493
2026/04/29 15:45:49,127000,11.493
2026/04/29 15:45:49,128000,11.493
2026/04/29 15:45:49,129000,11.496
2026/04/29 15:45:49,130000,11.499
2026/04/29 15:45:49,131000,11.499
2026/04/29 15:45:49,132000,11.504
2026/04/29 15:45:49,133000,11.499
2026/04/29 15:45:49,134000,11.504
2026/04/29 15:45:49,135000,11.501
2026/04/29 15:45:49,136000,11.490
2026/04/29 15:45:49,137000,11.499
2026/04/29 15:45:49,138000,11.501
2026/04/29 15:45:49,139000,11.496
2026/04/29 15:45:49,140000,11.499
2026/04/29 15:45:49,141000,11.499
2026/04/29 15:45:49,142000,11.496
2026/04/29 15:45:49,143000,11.496
2026/04/29 15:45:49,144000,11.493
2026/04/29 15:45:49,145000,11.501
2026/04/29 15:45:49,146000,11.504
2026/04/29 15:45:49,147000,11.499
2026/04/29 15:45:49,148000,11.499
2026/04/29 15:45:49,149000,11.496
2026/04/29 15:45:49,150000,11.499
2026/04/29 15:45:49,151000,11.493
2026/04/29 15:45:49,152000,11.501
2026/04/29 15:45:49,153000,11.493
2026/04/29 15:45:49,154000,11.501
2026/04/29 15:45:49,155000,11.499
2026/04/29 15:45:49,156000,11.501
2026/04/29 15:45:49,157000,11.499
2026/04/29 15:45:49,158000,11.501
2026/04/29 15:45:49,159000,11.499
2026/04/29 15:45:49,160000,11.496
2026/04/29 15:45:49,161000,11.499
2026/04/29 15:45:49,162000,11.496
2026/04/29 15:45:49,163000,11.499
2026/04/29 15:45:49,164000,11.501
2026/04/29 15:45:49,165000,11.499
2026/04/29 15:45:49,166000,11.493
2026/04/29 15:45:49,167000,11.496
2026/04/29 15:45:49,168000,11.499
2026/04/29 15:45:49,169000,11.499
2026/04/29 15:45:49,170000,11.499
2026/04/29 15:45:49,171000,11.496
2026/04/29 15:45:49,172000,11.493
2026/04/29 15:45:49,173000,11.501
2026/04/29 15:45:49,174000,11.499
2026/04/29 15:45:49,175000,11.501
2026/04/29 15:45:49,176000,11.501
2026/04/29 15:45:49,177000,11.499
2026/04/29 15:45:49,178000,11.493
2026/04/29 15:45:49,179000,11.507
2026/04/29 15:45:49,180000,11.493
2026/04/29 15:45:49,181000,11.501
2026/04/29 15:45:49,182000,11.499
2026/04/29 15:45:49,183000,11.501
2026/04/29 15:45:49,184000,11.499
2026/04/29 15:45:49,185000,11.496
2026/04/29 15:45:49,186000,11.499
2026/04/29 15:45:49,187000,11.504
2026/04/29 15:45:49,188000,11.501
2026/04/29 15:45:49,189000,11.499
2026/04/29 15:45:49,190000,11.490
2026/04/29 15:45:49,191000,11.499
2026/04/29 15:45:49,192000,11.501
2026/04/29 15:45:49,193000,11.501
2026/04/29 15:45:49,194000,11.493
2026/04/29 15:45:49,195000,11.496
2026/04/29 15:45:49,196000,11.501
2026/04/29 15:45:49,197000,11.493
2026/04/29 15:45:49,198000,11.499
2026/04/29 15:45:49,199000,11.504
2026/04/29 15:45:49,200000,11.499
2026/04/29 15:45:49,201000,11.496
2026/04/29 15:45:49,202000,11.493
2026/04/29 15:45:49,203000,11.493
2026/04/29 15:45:49,204000,11.499
2026/04/29 15:45:49,205000,11.501
2026/04/29 15:45:49,206000,11.501
2026/04/29 15:45:49,207000,11.501
2026/04/29 15:45:49,208000,11.501
2026/04/29 15:45:49,209000,11.499
2026/04/29 15:45:49,210000,11.496
2026/04/29 15:45:49,211000,11.487
2026/04/29 15:45:49,212000,11.499
2026/04/29 15:45:49,213000,11.499
2026/04/29 15:45:49,214000,11.499
2026/04/29 15:45:49,215000,11.499
2026/04/29 15:45:49,216000,11.496
2026/04/29 15:45:49,217000,11.499
2026/04/29 15:45:49,218000,11.493
2026/04/29 15:45:49,219000,11.496
2026/04/29 15:45:49,220000,11.504
2026/04/29 15:45:49,221000,11.493
2026/04/29 15:45:49,222000,11.499
2026/04/29 15:45:49,223000,11.501
2026/04/29 15:45:49,224000,11.499
2026/04/29 15:45:49,225000,11.504
2026/04/29 15:45:49,226000,11.499
2026/04/29 15:45:49,227000,11.496
2026/04/29 15:45:49,228000,11.499
2026/04/29 15:45:49,229000,11.501
2026/04/29 15:45:49,230000,11.493
2026/04/29 15:45:49,231000,11.499
2026/04/29 15:45:49,232000,11.499
2026/04/29 15:45:49,233000,11.499
2026/04/29 15:45:49,234000,11.501
2026/04/29 15:45:49,235000,11.499
2026/04/29 15:45:49,236000,11.501
2026/04/29 15:45:49,237000,11.499
2026/04/29 15:45:49,238000,11.501
2026/04/29 15:45:49,239000,11.493
2026/04/29 15:45:49,240000,11.501
2026/04/29 15:45:49,241000,11.499
2026/04/29 15:45:49,242000,11.499
2026/04/29 15:45:49,243000,11.496
2026/04/29 15:45:49,244000,11.501
2026/04/29 15:45:49,245000,11.499
2026/04/29 15:45:49,246000,11.499
2026/04/29 15:45:49,247000,11.496
2026/04/29 15:45:49,248000,11.499
2026/04/29 15:45:49,249000,11.499
2026/04/29 15:45:49,250000,11.499
2026/04/29 15:45:49,251000,11.501
2026/04/29 15:45:49,252000,11.501
2026/04/29 15:45:49,253000,11.501
2026/04/29 15:45:49,254000,11.499
2026/04/29 15:45:49,255000,11.496
2026/04/29 15:45:49,256000,11.496
2026/04/29 15:45:49,257000,11.496
2026/04/29 15:45:49,258000,11.493
2026/04/29 15:45:49,259000,11.501
2026/04/29 15:45:49,260000,11.496
2026/04/29 15:45:49,261000,11.499
2026/04/29 15:45:49,262000,11.499
2026/04/29 15:45:49,263000,11.496
2026/04/29 15:45:49,264000,11.499
2026/04/29 15:45:49,265000,11.496
2026/04/29 15:45:49,266000,11.501
2026/04/29 15:45:49,267000,11.496
2026/04/29 15:45:49,268000,11.499
2026/04/29 15:45:49,269000,11.490
2026/04/29 15:45:49,270000,11.493
2026/04/29 15:45:49,271000,11.496
2026/04/29 15:45:49,272000,11.493
2026/04/29 15:45:49,273000,11.493
2026/04/29 15:45:49,274000,11.501
2026/04/29 15:45:49,275000,11.501
2026/04/29 15:45:49,276000,11.496
2026/04/29 15:45:49,277000,11.501
2026/04/29 15:45:49,278000,11.499
2026/04/29 15:45:49,279000,11.496
2026/04/29 15:45:49,280000,11.493
2026/04/29 15:45:49,281000,11.499
2026/04/29 15:45:49,282000,11.493
2026/04/29 15:45:49,283000,11.496
2026/04/29 15:45:49,284000,11.499
2026/04/29 15:45:49,285000,11.501
2026/04/29 15:45:49,286000,11.499
2026/04/29 15:45:49,287000,11.496
2026/04/29 15:45:49,288000,11.487
2026/04/29 15:45:49,289000,11.493
2026/04/29 15:45:49,290000,11.496
2026/04/29 15:45:49,291000,11.496
2026/04/29 15:45:49,292000,11.493
2026/04/29 15:45:49,293000,11.499
2026/04/29 15:45:49,294000,11.504
2026/04/29 15:45:49,295000,11.501
2026/04/29 15:45:49,296000,11.493
2026/04/29 15:45:49,297000,11.499
2026/04/29 15:45:49,298000,11.504
2026/04/29 15:45:49,299000,11.493
2026/04/29 15:45:49,300000,11.496
2026/04/29 15:45:49,301000,11.499
2026/04/29 15:45:49,302000,11.504
2026/04/29 15:45:49,303000,11.496
2026/04/29 15:45:49,304000,11.496
2026/04/29 15:45:49,305000,11.493
2026/04/29 15:45:49,306000,11.496
2026/04/29 15:45:49,307000,11.499
2026/04/29 15:45:49,308000,11.496
2026/04/29 15:45:49,309000,11.499
2026/04/29 15:45:49,310000,11.499
2026/04/29 15:45:49,311000,11.493
2026/04/29 15:45:49,312000,11.501
2026/04/29 15:45:49,313000,11.499
2026/04/29 15:45:49,314000,11.499
2026/04/29 15:45:49,315000,11.499
2026/04/29 15:45:49,316000,11.501
2026/04/29 15:45:49,317000,11.490
2026/04/29 15:45:49,318000,11.493
2026/04/29 15:45:49,319000,11.496
2026/04/29 15:45:49,320000,11.499
2026/04/29 15:45:49,321000,11.501
2026/04/29 15:45:49,322000,11.499
2026/04/29 15:45:49,323000,11.499
2026/04/29 15:45:49,324000,11.493
2026/04/29 15:45:49,325000,11.499
2026/04/29 15:45:49,326000,11.499
2026/04/29 15:45:49,327000,11.501
2026/04/29 15:45:49,328000,11.501
2026/04/29 15:45:49,329000,11.493
2026/04/29 15:45:49,330000,11.490
2026/04/29 15:45:49,331000,11.499
2026/04/29 15:45:49,332000,11.493
2026/04/29 15:45:49,333000,11.496
2026/04/29 15:45:49,334000,11.501
2026/04/29 15:45:49,335000,11.496
2026/04/29 15:45:49,336000,11.499
2026/04/29 15:45:49,337000,11.504
2026/04/29 15:45:49,338000,11.493
2026/04/29 15:45:49,339000,11.490
2026/04/29 15:45:49,340000,11.490
2026/04/29 15:45:49,341000,11.499
2026/04/29 15:45:49,342000,11.499
2026/04/29 15:45:49,343000,11.501
2026/04/29 15:45:49,344000,11.496
2026/04/29 15:45:49,345000,11.496
2026/04/29 15:45:49,346000,11.501
2026/04/29 15:45:49,347000,11.504
2026/04/29 15:45:49,348000,11.501
2026/04/29 15:45:49,349000,11.501
2026/04/29 15:45:49,350000,11.504
2026/04/29 15:45:49,351000,11.499
2026/04/29 15:45:49,352000,11.496
2026/04/29 15:45:49,353000,11.496
2026/04/29 15:45:49,354000,11.499
2026/04/29 15:45:49,355000,11.493
2026/04/29 15:45:49,356000,11.496
2026/04/29 15:45:49,357000,11.501
2026/04/29 15:45:49,358000,11.493
2026/04/29 15:45:49,359000,11.499
2026/04/29 15:45:49,360000,11.501
2026/04/29 15:45:49,361000,11.493
2026/04/29 15:45:49,362000,11.501
2026/04/29 15:45:49,363000,11.493
2026/04/29 15:45:49,364000,11.499
2026/04/29 15:45:49,365000,11.496
2026/04/29 15:45:49,366000,11.496
2026/04/29 15:45:49,367000,11.496
2026/04/29 15:45:49,368000,11.501
2026/04/29 15:45:49,369000,11.501
2026/04/29 15:45:49,370000,11.499
2026/04/29 15:45:49,371000,11.499
2026/04/29 15:45:49,372000,11.496
2026/04/29 15:45:49,373000,11.496
2026/04/29 15:45:49,374000,11.490
2026/04/29 15:45:49,375000,11.499
2026/04/29 15:45:49,376000,11.504
2026/04/29 15:45:49,377000,11.499
2026/04/29 15:45:49,378000,11.493
2026/04/29 15:45:49,379000,11.501
2026/04/29 15:45:49,380000,11.493
2026/04/29 15:45:49,381000,11.493
2026/04/29 15:45:49,382000,11.496
2026/04/29 15:45:49,383000,11.493
2026/04/29 15:45:49,384000,11.496
2026/04/29 15:45:49,385000,11.493
2026/04/29 15:45:49,386000,11.496
2026/04/29 15:45:49,387000,11.499
2026/04/29 15:45:49,388000,11.501
2026/04/29 15:45:49,389000,11.493
2026/04/29 15:45:49,390000,11.493
2026/04/29 15:45:49,391000,11.499
2026/04/29 15:45:49,392000,11.499
2026/04/29 15:45:49,393000,11.499
2026/04/29 15:45:49,394000,11.499
2026/04/29 15:45:49,395000,11.496
2026/04/29 15:45:49,396000,11.496
2026/04/29 15:45:49,397000,11.499
2026/04/29 15:45:49,398000,11.493
2026/04/29 15:45:49,399000,11.493
2026/04/29 15:45:49,400000,11.493
2026/04/29 15:45:49,401000,11.493
2026/04/29 15:45:49,402000,11.499
2026/04/29 15:45:49,403000,11.496
2026/04/29 15:45:49,404000,11.499
2026/04/29 15:45:49,405000,11.499
2026/04/29 15:45:49,406000,11.496
2026/04/29 15:45:49,407000,11.499
2026/04/29 15:45:49,408000,11.496
2026/04/29 15:45:49,409000,11.493
2026/04/29 15:45:49,410000,11.490
2026/04/29 15:45:49,411000,11.493
2026/04/29 15:45:49,412000,11.499
2026/04/29 15:45:49,413000,11.499
2026/04/29 15:45:49,414000,11.501
2026/04/29 15:45:49,415000,11.501
2026/04/29 15:45:49,416000,11.496
2026/04/29 15:45:49,417000,11.501
2026/04/29 15:45:49,418000,11.504
2026/04/29 15:45:49,419000,11.499
2026/04/29 15:45:49,420000,11.501
2026/04/29 15:45:49,421000,11.490
2026/04/29 15:45:49,422000,11.496
2026/04/29 15:45:49,423000,11.499
2026/04/29 15:45:49,424000,11.499
2026/04/29 15:45:49,425000,11.493
2026/04/29 15:45:49,426000,11.501
2026/04/29 15:45:49,427000,11.504
2026/04/29 15:45:49,428000,11.490
2026/04/29 15:45:49,429000,11.501
2026/04/29 15:45:49,430000,11.501
2026/04/29 15:45:49,431000,11.499
2026/04/29 15:45:49,432000,11.499
2026/04/29 15:45:49,433000,11.496
2026/04/29 15:45:49,434000,11.499
2026/04/29 15:45:49,435000,11.499
2026/04/29 15:45:49,436000,11.490
2026/04/29 15:45:49,437000,11.501
2026/04/29 15:45:49,438000,11.496
2026/04/29 15:45:49,439000,11.499
2026/04/29 15:45:49,440000,11.501
2026/04/29 15:45:49,441000,11.501
2026/04/29 15:45:49,442000,11.499
2026/04/29 15:45:49,443000,11.496
2026/04/29 15:45:49,444000,11.493
2026/04/29 15:45:49,445000,11.501
2026/04/29 15:45:49,446000,11.499
2026/04/29 15:45:49,447000,11.496
2026/04/29 15:45:49,448000,11.499
2026/04/29 15:45:49,449000,11.496
2026/04/29 15:45:49,450000,11.499
2026/04/29 15:45:49,451000,11.493
2026/04/29 15:45:49,452000,11.496
2026/04/29 15:45:49,453000,11.496
2026/04/29 15:45:49,454000,11.496
2026/04/29 15:45:49,455000,11.499
2026/04/29 15:45:49,456000,11.499
2026/04/29 15:45:49,457000,11.499
2026/04/29 15:45:49,458000,11.499
2026/04/29 15:45:49,459000,11.496
2026/04/29 15:45:49,460000,11.493
2026/04/29 15:45:49,461000,11.493
2026/04/29 15:45:49,462000,11.496
2026/04/29 15:45:49,463000,11.499
2026/04/29 15:45:49,464000,11.493
2026/04/29 15:45:49,465000,11.490
2026/04/29 15:45:49,466000,11.496
2026/04/29 15:45:49,467000,11.493
2026/04/29 15:45:49,468000,11.501
2026/04/29 15:45:49,469000,11.501
2026/04/29 15:45:49,470000,11.496
2026/04/29 15:45:49,471000,11.496
2026/04/29 15:45:49,472000,11.493
2026/04/29 15:45:49,473000,11.496
2026/04/29 15:45:49,474000,11.499
2026/04/29 15:45:49,475000,11.490
2026/04/29 15:45:49,476000,11.504
2026/04/29 15:45:49,477000,11.496
2026/04/29 15:45:49,478000,11.493
2026/04/29 15:45:49,479000,11.493
2026/04/29 15:45:49,480000,11.493
2026/04/29 15:45:49,481000,11.499
2026/04/29 15:45:49,482000,11.499
2026/04/29 15:45:49,483000,11.493
2026/04/29 15:45:49,484000,11.490
2026/04/29 15:45:49,485000,11.499
2026/04/29 15:45:49,486000,11.496
2026/04/29 15:45:49,487000,11.504
2026/04/29 15:45:49,488000,11.499
2026/04/29 15:45:49,489000,11.499
2026/04/29 15:45:49,490000,11.496
2026/04/29 15:45:49,491000,11.499
2026/04/29 15:45:49,492000,11.493
2026/04/29 15:45:49,493000,11.499
2026/04/29 15:45:49,494000,11.496
2026/04/29 15:45:49,495000,11.507
2026/04/29 15:45:49,496000,11.501
2026/04/29 15:45:49,497000,11.499
2026/04/29 15:45:49,498000,11.496
2026/04/29 15:45:49,499000,11.496
2026/04/29 15:45:49,500000,11.496
2026/04/29 15:45:49,501000,11.496
2026/04/29 15:45:49,502000,11.501
2026/04/29 15:45:49,503000,11.499
2026/04/29 15:45:49,504000,11.499
2026/04/29 15:45:49,505000,11.499
2026/04/29 15:45:49,506000,11.499
2026/04/29 15:45:49,507000,11.499
2026/04/29 15:45:49,508000,11.496
2026/04/29 15:45:49,509000,11.493
2026/04/29 15:45:49,510000,11.496
2026/04/29 15:45:49,511000,11.504
2026/04/29 15:45:49,512000,11.501
2026/04/29 15:45:49,513000,11.493
2026/04/29 15:45:49,514000,11.501
2026/04/29 15:45:49,515000,11.496
2026/04/29 15:45:49,516000,11.501
2026/04/29 15:45:49,517000,11.501
2026/04/29 15:45:49,518000,11.501
2026/04/29 15:45:49,519000,11.499
2026/04/29 15:45:49,520000,11.499
2026/04/29 15:45:49,521000,11.493
2026/04/29 15:45:49,522000,11.496
2026/04/29 15:45:49,523000,11.504
2026/04/29 15:45:49,524000,11.490
2026/04/29 15:45:49,525000,11.493
2026/04/29 15:45:49,526000,11.493
2026/04/29 15:45:49,527000,11.496
2026/04/29 15:45:49,528000,11.496
2026/04/29 15:45:49,529000,11.493
2026/04/29 15:45:49,530000,11.499
2026/04/29 15:45:49,531000,11.496
2026/04/29 15:45:49,532000,11.499
2026/04/29 15:45:49,533000,11.493
2026/04/29 15:45:49,534000,11.493
2026/04/29 15:45:49,535000,11.496
2026/04/29 15:45:49,536000,11.493
2026/04/29 15:45:49,537000,11.499
2026/04/29 15:45:49,538000,11.496
2026/04/29 15:45:49,539000,11.499
2026/04/29 15:45:49,540000,11.493
2026/04/29 15:45:49,541000,11.501
2026/04/29 15:45:49,542000,11.499
2026/04/29 15:45:49,543000,11.499
2026/04/29 15:45:49,544000,11.496
2026/04/29 15:45:49,545000,11.501
2026/04/29 15:45:49,546000,11.501
2026/04/29 15:45:49,547000,11.499
2026/04/29 15:45:49,548000,11.501
2026/04/29 15:45:49,549000,11.499
2026/04/29 15:45:49,550000,11.496
2026/04/29 15:45:49,551000,11.499
2026/04/29 15:45:49,552000,11.496
2026/04/29 15:45:49,553000,11.496
2026/04/29 15:45:49,554000,11.493
2026/04/29 15:45:49,555000,11.496
2026/04/29 15:45:49,556000,11.496
2026/04/29 15:45:49,557000,11.501
2026/04/29 15:45:49,558000,11.501
2026/04/29 15:45:49,559000,11.501
2026/04/29 15:45:49,560000,11.501
2026/04/29 15:45:49,561000,11.504
2026/04/29 15:45:49,562000,11.501
2026/04/29 15:45:49,563000,11.496
2026/04/29 15:45:49,564000,11.504
2026/04/29 15:45:49,565000,11.493
2026/04/29 15:45:49,566000,11.501
2026/04/29 15:45:49,567000,11.496
2026/04/29 15:45:49,568000,11.499
2026/04/29 15:45:49,569000,11.499
2026/04/29 15:45:49,570000,11.501
2026/04/29 15:45:49,571000,11.493
2026/04/29 15:45:49,572000,11.493
2026/04/29 15:45:49,573000,11.496
2026/04/29 15:45:49,574000,11.496
2026/04/29 15:45:49,575000,11.496
2026/04/29 15:45:49,576000,11.499
2026/04/29 15:45:49,577000,11.493
2026/04/29 15:45:49,578000,11.501
2026/04/29 15:45:49,579000,11.499
2026/04/29 15:45:49,580000,11.493
2026/04/29 15:45:49,581000,11.499
2026/04/29 15:45:49,582000,11.493
2026/04/29 15:45:49,583000,11.501
2026/04/29 15:45:49,584000,11.496
2026/04/29 15:45:49,585000,11.501
2026/04/29 15:45:49,586000,11.493
2026/04/29 15:45:49,587000,11.493
2026/04/29 15:45:49,588000,11.499
2026/04/29 15:45:49,589000,11.496
2026/04/29 15:45:49,590000,11.501
2026/04/29 15:45:49,591000,11.501
2026/04/29 15:45:49,592000,11.499
2026/04/29 15:45:49,593000,11.501
2026/04/29 15:45:49,594000,11.499
2026/04/29 15:45:49,595000,11.501
2026/04/29 15:45:49,596000,11.499
2026/04/29 15:45:49,597000,11.493
2026/04/29 15:45:49,598000,11.499
2026/04/29 15:45:49,599000,11.496
2026/04/29 15:45:49,600000,11.504
2026/04/29 15:45:49,601000,11.496
2026/04/29 15:45:49,602000,11.499
2026/04/29 15:45:49,603000,11.501
2026/04/29 15:45:49,604000,11.504
2026/04/29 15:45:49,605000,11.504
2026/04/29 15:45:49,606000,11.501
2026/04/29 15:45:49,607000,11.499
2026/04/29 15:45:49,608000,11.493
2026/04/29 15:45:49,609000,11.499
2026/04/29 15:45:49,610000,11.501
2026/04/29 15:45:49,611000,11.499
2026/04/29 15:45:49,612000,11.493
2026/04/29 15:45:49,613000,11.496
2026/04/29 15:45:49,614000,11.496
2026/04/29 15:45:49,615000,11.499
2026/04/29 15:45:49,616000,11.490
2026/04/29 15:45:49,617000,11.499
2026/04/29 15:45:49,618000,11.493
2026/04/29 15:45:49,619000,11.504
2026/04/29 15:45:49,620000,11.501
2026/04/29 15:45:49,621000,11.501
2026/04/29 15:45:49,622000,11.501
2026/04/29 15:45:49,623000,11.496
2026/04/29 15:45:49,624000,11.493
2026/04/29 15:45:49,625000,11.501
2026/04/29 15:45:49,626000,11.493
2026/04/29 15:45:49,627000,11.496
2026/04/29 15:45:49,628000,11.499
2026/04/29 15:45:49,629000,11.504
2026/04/29 15:45:49,630000,11.499
2026/04/29 15:45:49,631000,11.501
2026/04/29 15:45:49,632000,11.499
2026/04/29 15:45:49,633000,11.499
2026/04/29 15:45:49,634000,11.493
2026/04/29 15:45:49,635000,11.496
2026/04/29 15:45:49,636000,11.496
2026/04/29 15:45:49,637000,11.496
2026/04/29 15:45:49,638000,11.496
2026/04/29 15:45:49,639000,11.499
2026/04/29 15:45:49,640000,11.499
2026/04/29 15:45:49,641000,11.501
2026/04/29 15:45:49,642000,11.501
2026/04/29 15:45:49,643000,11.499
2026/04/29 15:45:49,644000,11.499
2026/04/29 15:45:49,645000,11.499
2026/04/29 15:45:49,646000,11.496
2026/04/29 15:45:49,647000,11.496
2026/04/29 15:45:49,648000,11.499
2026/04/29 15:45:49,649000,11.507
2026/04/29 15:45:49,650000,11.501
2026/04/29 15:45:49,651000,11.499
2026/04/29 15:45:49,652000,11.499
2026/04/29 15:45:49,653000,11.499
2026/04/29 15:45:49,654000,11.496
2026/04/29 15:45:49,655000,11.493
2026/04/29 15:45:49,656000,11.501
2026/04/29 15:45:49,657000,11.490
2026/04/29 15:45:49,658000,11.504
2026/04/29 15:45:49,659000,11.496
2026/04/29 15:45:49,660000,11.499
2026/04/29 15:45:49,661000,11.501
2026/04/29 15:45:49,662000,11.501
2026/04/29 15:45:49,663000,11.496
2026/04/29 15:45:49,664000,11.499
2026/04/29 15:45:49,665000,11.501
2026/04/29 15:45:49,666000,11.496
2026/04/29 15:45:49,667000,11.496
2026/04/29 15:45:49,668000,11.501
2026/04/29 15:45:49,669000,11.499
2026/04/29 15:45:49,670000,11.493
2026/04/29 15:45:49,671000,11.493
2026/04/29 15:45:49,672000,11.501
2026/04/29 15:45:49,673000,11.499
2026/04/29 15:45:49,674000,11.496
2026/04/29 15:45:49,675000,11.499
2026/04/29 15:45:49,676000,11.493
2026/04/29 15:45:49,677000,11.501
2026/04/29 15:45:49,678000,11.501
2026/04/29 15:45:49,679000,11.499
2026/04/29 15:45:49,680000,11.493
2026/04/29 15:45:49,681000,11.504
2026/04/29 15:45:49,682000,11.501
2026/04/29 15:45:49,683000,11.504
2026/04/29 15:45:49,684000,11.501
2026/04/29 15:45:49,685000,11.496
2026/04/29 15:45:49,686000,11.496
2026/04/29 15:45:49,687000,11.499
2026/04/29 15:45:49,688000,11.496
2026/04/29 15:45:49,689000,11.499
2026/04/29 15:45:49,690000,11.493
2026/04/29 15:45:49,691000,11.499
2026/04/29 15:45:49,692000,11.501
2026/04/29 15:45:49,693000,11.496
2026/04/29 15:45:49,694000,11.499
2026/04/29 15:45:49,695000,11.499
2026/04/29 15:45:49,696000,11.501
2026/04/29 15:45:49,697000,11.501
2026/04/29 15:45:49,698000,11.493
2026/04/29 15:45:49,699000,11.501
2026/04/29 15:45:49,700000,11.499
2026/04/29 15:45:49,701000,11.493
2026/04/29 15:45:49,702000,11.493
2026/04/29 15:45:49,703000,11.501
2026/04/29 15:45:49,704000,11.501
2026/04/29 15:45:49,705000,11.501
2026/04/29 15:45:49,706000,11.499
2026/04/29 15:45:49,707000,11.499
2026/04/29 15:45:49,708000,11.499
2026/04/29 15:45:49,709000,11.501
2026/04/29 15:45:49,710000,11.504
2026/04/29 15:45:49,711000,11.496
2026/04/29 15:45:49,712000,11.504
2026/04/29 15:45:49,713000,11.501
2026/04/29 15:45:49,714000,11.504
2026/04/29 15:45:49,715000,11.501
2026/04/29 15:45:49,716000,11.499
2026/04/29 15:45:49,717000,11.496
2026/04/29 15:45:49,718000,11.501
2026/04/29 15:45:49,719000,11.493
2026/04/29 15:45:49,720000,11.501
2026/04/29 15:45:49,721000,11.499
2026/04/29 15:45:49,722000,11.499
2026/04/29 15:45:49,723000,11.499
2026/04/29 15:45:49,724000,11.499
2026/04/29 15:45:49,725000,11.501
2026/04/29 15:45:49,726000,11.499
2026/04/29 15:45:49,727000,11.496
2026/04/29 15:45:49,728000,11.499
2026/04/29 15:45:49,729000,11.499
2026/04/29 15:45:49,730000,11.499
2026/04/29 15:45:49,731000,11.493
2026/04/29 15:45:49,732000,11.504
2026/04/29 15:45:49,733000,11.501
2026/04/29 15:45:49,734000,11.501
2026/04/29 15:45:49,735000,11.496
2026/04/29 15:45:49,736000,11.496
2026/04/29 15:45:49,737000,11.499
2026/04/29 15:45:49,738000,11.493
2026/04/29 15:45:49,739000,11.496
2026/04/29 15:45:49,740000,11.493
2026/04/29 15:45:49,741000,11.499
2026/04/29 15:45:49,742000,11.501
2026/04/29 15:45:49,743000,11.496
2026/04/29 15:45:49,744000,11.496
2026/04/29 15:45:49,745000,11.499
2026/04/29 15:45:49,746000,11.496
2026/04/29 15:45:49,747000,11.501
2026/04/29 15:45:49,748000,11.496
2026/04/29 15:45:49,749000,11.496
2026/04/29 15:45:49,750000,11.493
2026/04/29 15:45:49,751000,11.499
2026/04/29 15:45:49,752000,11.504
2026/04/29 15:45:49,753000,11.496
2026/04/29 15:45:49,754000,11.501
2026/04/29 15:45:49,755000,11.501
2026/04/29 15:45:49,756000,11.499
2026/04/29 15:45:49,757000,11.496
2026/04/29 15:45:49,758000,11.501
2026/04/29 15:45:49,759000,11.501
2026/04/29 15:45:49,760000,11.504
2026/04/29 15:45:49,761000,11.493
2026/04/29 15:45:49,762000,11.499
2026/04/29 15:45:49,763000,11.501
2026/04/29 15:45:49,764000,11.496
2026/04/29 15:45:49,765000,11.504
2026/04/29 15:45:49,766000,11.499
2026/04/29 15:45:49,767000,11.496
2026/04/29 15:45:49,768000,11.501
2026/04/29 15:45:49,769000,11.501
2026/04/29 15:45:49,770000,11.493
2026/04/29 15:45:49,771000,11.499
2026/04/29 15:45:49,772000,11.501
2026/04/29 15:45:49,773000,11.499
2026/04/29 15:45:49,774000,11.499
2026/04/29 15:45:49,775000,11.501
2026/04/29 15:45:49,776000,11.496
2026/04/29 15:45:49,777000,11.496
2026/04/29 15:45:49,778000,11.504
2026/04/29 15:45:49,779000,11.501
2026/04/29 15:45:49,780000,11.499
2026/04/29 15:45:49,781000,11.499
2026/04/29 15:45:49,782000,11.499
2026/04/29 15:45:49,783000,11.501
2026/04/29 15:45:49,784000,11.496
2026/04/29 15:45:49,785000,11.496
2026/04/29 15:45:49,786000,11.501
2026/04/29 15:45:49,787000,11.496
2026/04/29 15:45:49,788000,11.493
2026/04/29 15:45:49,789000,11.499
2026/04/29 15:45:49,790000,11.496
2026/04/29 15:45:49,791000,11.499
2026/04/29 15:45:49,792000,11.504
2026/04/29 15:45:49,793000,11.493
2026/04/29 15:45:49,794000,11.499
2026/04/29 15:45:49,795000,11.496
2026/04/29 15:45:49,796000,11.499
2026/04/29 15:45:49,797000,11.496
2026/04/29 15:45:49,798000,11.501
2026/04/29 15:45:49,799000,11.499
2026/04/29 15:45:49,800000,11.493
2026/04/29 15:45:49,801000,11.499
2026/04/29 15:45:49,802000,11.496
2026/04/29 15:45:49,803000,11.493
2026/04/29 15:45:49,804000,11.499
2026/04/29 15:45:49,805000,11.496
2026/04/29 15:45:49,806000,11.501
2026/04/29 15:45:49,807000,11.499
2026/04/29 15:45:49,808000,11.499
2026/04/29 15:45:49,809000,11.499
2026/04/29 15:45:49,810000,11.499
2026/04/29 15:45:49,811000,11.499
2026/04/29 15:45:49,812000,11.501
2026/04/29 15:45:49,813000,11.493
2026/04/29 15:45:49,814000,11.501
2026/04/29 15:45:49,815000,11.499
2026/04/29 15:45:49,816000,11.487
2026/04/29 15:45:49,817000,11.501
2026/04/29 15:45:49,818000,11.501
2026/04/29 15:45:49,819000,11.493
2026/04/29 15:45:49,820000,11.501
2026/04/29 15:45:49,821000,11.499
2026/04/29 15:45:49,822000,11.501
2026/04/29 15:45:49,823000,11.496
2026/04/29 15:45:49,824000,11.501
2026/04/29 15:45:49,825000,11.499
2026/04/29 15:45:49,826000,11.499
2026/04/29 15:45:49,827000,11.499
2026/04/29 15:45:49,828000,11.496
2026/04/29 15:45:49,829000,11.501
2026/04/29 15:45:49,830000,11.501
2026/04/29 15:45:49,831000,11.493
2026/04/29 15:45:49,832000,11.499
2026/04/29 15:45:49,833000,11.496
2026/04/29 15:45:49,834000,11.499
2026/04/29 15:45:49,835000,11.493
2026/04/29 15:45:49,836000,11.499
2026/04/29 15:45:49,837000,11.499
2026/04/29 15:45:49,838000,11.499
2026/04/29 15:45:49,839000,11.496
2026/04/29 15:45:49,840000,11.501
2026/04/29 15:45:49,841000,11.499
2026/04/29 15:45:49,842000,11.499
2026/04/29 15:45:49,843000,11.499
2026/04/29 15:45:49,844000,11.493
2026/04/29 15:45:49,845000,11.504
2026/04/29 15:45:49,846000,11.493
2026/04/29 15:45:49,847000,11.496
2026/04/29 15:45:49,848000,11.513
2026/04/29 15:45:49,849000,11.496
2026/04/29 15:45:49,850000,11.496
2026/04/29 15:45:49,851000,11.493
2026/04/29 15:45:49,852000,11.499
2026/04/29 15:45:49,853000,11.496
2026/04/29 15:45:49,854000,11.496
2026/04/29 15:45:49,855000,11.501
2026/04/29 15:45:49,856000,11.501
2026/04/29 15:45:49,857000,11.493
2026/04/29 15:45:49,858000,11.499
2026/04/29 15:45:49,859000,11.496
2026/04/29 15:45:49,860000,11.499
2026/04/29 15:45:49,861000,11.496
2026/04/29 15:45:49,862000,11.493
2026/04/29 15:45:49,863000,11.499
2026/04/29 15:45:49,864000,11.496
2026/04/29 15:45:49,865000,11.501
2026/04/29 15:45:49,866000,11.490
2026/04/29 15:45:49,867000,11.499
2026/04/29 15:45:49,868000,11.496
2026/04/29 15:45:49,869000,11.501
2026/04/29 15:45:49,870000,11.493
2026/04/29 15:45:49,871000,11.493
2026/04/29 15:45:49,872000,11.499
2026/04/29 15:45:49,873000,11.496
2026/04/29 15:45:49,874000,11.499
2026/04/29 15:45:49,875000,11.504
2026/04/29 15:45:49,876000,11.496
2026/04/29 15:45:49,877000,11.496
2026/04/29 15:45:49,878000,11.493
2026/04/29 15:45:49,879000,11.493
2026/04/29 15:45:49,880000,11.499
2026/04/29 15:45:49,881000,11.496
2026/04/29 15:45:49,882000,11.499
2026/04/29 15:45:49,883000,11.496
2026/04/29 15:45:49,884000,11.493
2026/04/29 15:45:49,885000,11.496
2026/04/29 15:45:49,886000,11.499
2026/04/29 15:45:49,887000,11.493
2026/04/29 15:45:49,888000,11.493
2026/04/29 15:45:49,889000,11.499
2026/04/29 15:45:49,890000,11.493
2026/04/29 15:45:49,891000,11.504
2026/04/29 15:45:49,892000,11.499
2026/04/29 15:45:49,893000,11.499
2026/04/29 15:45:49,894000,11.499
2026/04/29 15:45:49,895000,11.501
2026/04/29 15:45:49,896000,11.499
2026/04/29 15:45:49,897000,11.499
2026/04/29 15:45:49,898000,11.490
2026/04/29 15:45:49,899000,11.496
2026/04/29 15:45:49,900000,11.496
2026/04/29 15:45:49,901000,11.501
2026/04/29 15:45:49,902000,11.496
2026/04/29 15:45:49,903000,11.501
2026/04/29 15:45:49,904000,11.499
2026/04/29 15:45:49,905000,11.499
2026/04/29 15:45:49,906000,11.499
2026/04/29 15:45:49,907000,11.499
2026/04/29 15:45:49,908000,11.493
2026/04/29 15:45:49,909000,11.499
2026/04/29 15:45:49,910000,11.501
2026/04/29 15:45:49,911000,11.493
2026/04/29 15:45:49,912000,11.493
2026/04/29 15:45:49,913000,11.499
2026/04/29 15:45:49,914000,11.493
2026/04/29 15:45:49,915000,11.493
2026/04/29 15:45:49,916000,11.499
2026/04/29 15:45:49,917000,11.499
2026/04/29 15:45:49,918000,11.493
2026/04/29 15:45:49,919000,11.499
2026/04/29 15:45:49,920000,11.496
2026/04/29 15:45:49,921000,11.493
2026/04/29 15:45:49,922000,11.501
2026/04/29 15:45:49,923000,11.496
2026/04/29 15:45:49,924000,11.493
2026/04/29 15:45:49,925000,11.490
2026/04/29 15:45:49,926000,11.496
2026/04/29 15:45:49,927000,11.499
2026/04/29 15:45:49,928000,11.499
2026/04/29 15:45:49,929000,11.493
2026/04/29 15:45:49,930000,11.493
2026/04/29 15:45:49,931000,11.496
2026/04/29 15:45:49,932000,11.490
2026/04/29 15:45:49,933000,11.501
2026/04/29 15:45:49,934000,11.499
2026/04/29 15:45:49,935000,11.501
2026/04/29 15:45:49,936000,11.496
2026/04/29 15:45:49,937000,11.493
2026/04/29 15:45:49,938000,11.493
2026/04/29 15:45:49,939000,11.496
2026/04/29 15:45:49,940000,11.499
2026/04/29 15:45:49,941000,11.493
2026/04/29 15:45:49,942000,11.496
2026/04/29 15:45:49,943000,11.501
2026/04/29 15:45:49,944000,11.493
2026/04/29 15:45:49,945000,11.493
2026/04/29 15:45:49,946000,11.493
2026/04/29 15:45:49,947000,11.496
2026/04/29 15:45:49,948000,11.499
2026/04/29 15:45:49,949000,11.493
2026/04/29 15:45:49,950000,11.496
2026/04/29 15:45:49,951000,11.496
2026/04/29 15:45:49,952000,11.501
2026/04/29 15:45:49,953000,11.501
2026/04/29 15:45:49,954000,11.501
2026/04/29 15:45:49,955000,11.499
2026/04/29 15:45:49,956000,11.499
2026/04/29 15:45:49,957000,11.504
2026/04/29 15:45:49,958000,11.496
2026/04/29 15:45:49,959000,11.499
2026/04/29 15:45:49,960000,11.499
2026/04/29 15:45:49,961000,11.501
2026/04/29 15:45:49,962000,11.493
2026/04/29 15:45:49,963000,11.499
2026/04/29 15:45:49,964000,11.496
2026/04/29 15:45:49,965000,11.493
2026/04/29 15:45:49,966000,11.490
2026/04/29 15:45:49,967000,11.496
2026/04/29 15:45:49,968000,11.501
2026/04/29 15:45:49,969000,11.499
2026/04/29 15:45:49,970000,11.499
2026/04/29 15:45:49,971000,11.507
2026/04/29 15:45:49,972000,11.490
2026/04/29 15:45:49,973000,11.493
2026/04/29 15:45:49,974000,11.493
2026/04/29 15:45:49,975000,11.501
2026/04/29 15:45:49,976000,11.499
2026/04/29 15:45:49,977000,11.499
2026/04/29 15:45:49,978000,11.493
2026/04/29 15:45:49,979000,11.493
2026/04/29 15:45:49,980000,11.501
2026/04/29 15:45:49,981000,11.496
2026/04/29 15:45:49,982000,11.493
2026/04/29 15:45:49,983000,11.493
2026/04/29 15:45:49,984000,11.499
2026/04/29 15:45:49,985000,11.496
2026/04/29 15:45:49,986000,11.499
2026/04/29 15:45:49,987000,11.501
2026/04/29 15:45:49,988000,11.499
2026/04/29 15:45:49,989000,11.496
2026/04/29 15:45:49,990000,11.493
2026/04/29 15:45:49,991000,11.499
2026/04/29 15:45:49,992000,11.504
2026/04/29 15:45:49,993000,11.496
2026/04/29 15:45:49,994000,11.501
2026/04/29 15:45:49,995000,11.499
2026/04/29 15:45:49,996000,11.499
2026/04/29 15:45:49,997000,11.501
2026/04/29 15:45:49,998000,11.496
2026/04/29 15:45:49,999000,11.499
2026/04/29 15:45:50,000000,11.496
2026/04/29 15:45:50,001000,11.499
2026/04/29 15:45:50,002000,11.493
2026/04/29 15:45:50,003000,11.496
2026/04/29 15:45:50,004000,11.499
2026/04/29 15:45:50,005000,11.493
2026/04/29 15:45:50,006000,11.496
2026/04/29 15:45:50,007000,11.501
2026/04/29 15:45:50,008000,11.496
2026/04/29 15:45:50,009000,11.493
2026/04/29 15:45:50,010000,11.501
2026/04/29 15:45:50,011000,11.507
2026/04/29 15:45:50,012000,11.501
2026/04/29 15:45:50,013000,11.499
2026/04/29 15:45:50,014000,11.504
2026/04/29 15:45:50,015000,11.493
2026/04/29 15:45:50,016000,11.499
2026/04/29 15:45:50,017000,11.499
2026/04/29 15:45:50,018000,11.496
2026/04/29 15:45:50,019000,11.501
2026/04/29 15:45:50,020000,11.496
2026/04/29 15:45:50,021000,11.501
2026/04/29 15:45:50,022000,11.496
2026/04/29 15:45:50,023000,11.496
2026/04/29 15:45:50,024000,11.496
2026/04/29 15:45:50,025000,11.496
2026/04/29 15:45:50,026000,11.499
2026/04/29 15:45:50,027000,11.504
2026/04/29 15:45:50,028000,11.493
2026/04/29 15:45:50,029000,11.493
2026/04/29 15:45:50,030000,11.501
2026/04/29 15:45:50,031000,11.499
2026/04/29 15:45:50,032000,11.499
2026/04/29 15:45:50,033000,11.501
2026/04/29 15:45:50,034000,11.499
2026/04/29 15:45:50,035000,11.504
2026/04/29 15:45:50,036000,11.493
2026/04/29 15:45:50,037000,11.499
2026/04/29 15:45:50,038000,11.501
2026/04/29 15:45:50,039000,11.499
2026/04/29 15:45:50,040000,11.493
2026/04/29 15:45:50,041000,11.499
2026/04/29 15:45:50,042000,11.496
2026/04/29 15:45:50,043000,11.501
2026/04/29 15:45:50,044000,11.501
2026/04/29 15:45:50,045000,11.499
2026/04/29 15:45:50,046000,11.496
2026/04/29 15:45:50,047000,11.493
2026/04/29 15:45:50,048000,11.493
2026/04/29 15:45:50,049000,11.501
2026/04/29 15:45:50,050000,11.499
2026/04/29 15:45:50,051000,11.501
2026/04/29 15:45:50,052000,11.493
2026/04/29 15:45:50,053000,11.499
2026/04/29 15:45:50,054000,11.501
2026/04/29 15:45:50,055000,11.501
2026/04/29 15:45:50,056000,11.496
2026/04/29 15:45:50,057000,11.496
2026/04/29 15:45:50,058000,11.504
2026/04/29 15:45:50,059000,11.499
2026/04/29 15:45:50,060000,11.501
2026/04/29 15:45:50,061000,11.501
2026/04/29 15:45:50,062000,11.501
2026/04/29 15:45:50,063000,11.496
2026/04/29 15:45:50,064000,11.501
2026/04/29 15:45:50,065000,11.496
2026/04/29 15:45:50,066000,11.499
2026/04/29 15:45:50,067000,11.496
2026/04/29 15:45:50,068000,11.507
2026/04/29 15:45:50,069000,11.501
2026/04/29 15:45:50,070000,11.499
2026/04/29 15:45:50,071000,11.499
2026/04/29 15:45:50,072000,11.499
2026/04/29 15:45:50,073000,11.499
2026/04/29 15:45:50,074000,11.493
2026/04/29 15:45:50,075000,11.493
2026/04/29 15:45:50,076000,11.496
2026/04/29 15:45:50,077000,11.499
2026/04/29 15:45:50,078000,11.493
2026/04/29 15:45:50,079000,11.501
2026/04/29 15:45:50,080000,11.499
2026/04/29 15:45:50,081000,11.504
2026/04/29 15:45:50,082000,11.499
2026/04/29 15:45:50,083000,11.501
2026/04/29 15:45:50,084000,11.501
2026/04/29 15:45:50,085000,11.501
2026/04/29 15:45:50,086000,11.499
2026/04/29 15:45:50,087000,11.499
2026/04/29 15:45:50,088000,11.501
2026/04/29 15:45:50,089000,11.490
2026/04/29 15:45:50,090000,11.493
2026/04/29 15:45:50,091000,11.504
2026/04/29 15:45:50,092000,11.490
2026/04/29 15:45:50,093000,11.499
2026/04/29 15:45:50,094000,11.501
2026/04/29 15:45:50,095000,11.493
2026/04/29 15:45:50,096000,11.493
2026/04/29 15:45:50,097000,11.501
2026/04/29 15:45:50,098000,11.501
2026/04/29 15:45:50,099000,11.496
2026/04/29 15:45:50,100000,11.499
2026/04/29 15:45:50,101000,11.499
2026/04/29 15:45:50,102000,11.499
2026/04/29 15:45:50,103000,11.496
2026/04/29 15:45:50,104000,11.499
2026/04/29 15:45:50,105000,11.499
2026/04/29 15:45:50,106000,11.496
2026/04/29 15:45:50,107000,11.493
2026/04/29 15:45:50,108000,11.499
2026/04/29 15:45:50,109000,11.496
2026/04/29 15:45:50,110000,11.501
2026/04/29 15:45:50,111000,11.499
2026/04/29 15:45:50,112000,11.493
2026/04/29 15:45:50,113000,11.504
2026/04/29 15:45:50,114000,11.496
2026/04/29 15:45:50,115000,11.499
2026/04/29 15:45:50,116000,11.493
2026/04/29 15:45:50,117000,11.499
2026/04/29 15:45:50,118000,11.499
2026/04/29 15:45:50,119000,11.499
2026/04/29 15:45:50,120000,11.501
2026/04/29 15:45:50,121000,11.499
2026/04/29 15:45:50,122000,11.501
2026/04/29 15:45:50,123000,11.499
2026/04/29 15:45:50,124000,11.496
2026/04/29 15:45:50,125000,11.499
2026/04/29 15:45:50,126000,11.499
2026/04/29 15:45:50,127000,11.499
2026/04/29 15:45:50,128000,11.504
2026/04/29 15:45:50,129000,11.496
2026/04/29 15:45:50,130000,11.501
2026/04/29 15:45:50,131000,11.496
2026/04/29 15:45:50,132000,11.501
2026/04/29 15:45:50,133000,11.499
2026/04/29 15:45:50,134000,11.496
2026/04/29 15:45:50,135000,11.501
2026/04/29 15:45:50,136000,11.499
2026/04/29 15:45:50,137000,11.493
2026/04/29 15:45:50,138000,11.493
2026/04/29 15:45:50,139000,11.493
2026/04/29 15:45:50,140000,11.501
2026/04/29 15:45:50,141000,11.496
2026/04/29 15:45:50,142000,11.499
2026/04/29 15:45:50,143000,11.496
2026/04/29 15:45:50,144000,11.493
2026/04/29 15:45:50,145000,11.499
2026/04/29 15:45:50,146000,11.496
2026/04/29 15:45:50,147000,11.499
2026/04/29 15:45:50,148000,11.496
2026/04/29 15:45:50,149000,11.501
2026/04/29 15:45:50,150000,11.501
2026/04/29 15:45:50,151000,11.499
2026/04/29 15:45:50,152000,11.499
2026/04/29 15:45:50,153000,11.499
2026/04/29 15:45:50,154000,11.499
2026/04/29 15:45:50,155000,11.501
2026/04/29 15:45:50,156000,11.501
2026/04/29 15:45:50,157000,11.504
2026/04/29 15:45:50,158000,11.493
2026/04/29 15:45:50,159000,11.499
2026/04/29 15:45:50,160000,11.501
2026/04/29 15:45:50,161000,11.504
2026/04/29 15:45:50,162000,11.493
2026/04/29 15:45:50,163000,11.504
2026/04/29 15:45:50,164000,11.499
2026/04/29 15:45:50,165000,11.501
2026/04/29 15:45:50,166000,11.496
2026/04/29 15:45:50,167000,11.499
2026/04/29 15:45:50,168000,11.499
2026/04/29 15:45:50,169000,11.501
2026/04/29 15:45:50,170000,11.499
2026/04/29 15:45:50,171000,11.501
2026/04/29 15:45:50,172000,11.499
2026/04/29 15:45:50,173000,11.493
2026/04/29 15:45:50,174000,11.493
2026/04/29 15:45:50,175000,11.504
2026/04/29 15:45:50,176000,11.499
2026/04/29 15:45:50,177000,11.501
2026/04/29 15:45:50,178000,11.504
2026/04/29 15:45:50,179000,11.499
2026/04/29 15:45:50,180000,11.501
2026/04/29 15:45:50,181000,11.501
2026/04/29 15:45:50,182000,11.499
2026/04/29 15:45:50,183000,11.501
2026/04/29 15:45:50,184000,11.496
2026/04/29 15:45:50,185000,11.496
2026/04/29 15:45:50,186000,11.496
2026/04/29 15:45:50,187000,11.499
2026/04/29 15:45:50,188000,11.496
2026/04/29 15:45:50,189000,11.507
2026/04/29 15:45:50,190000,11.499
2026/04/29 15:45:50,191000,11.501
2026/04/29 15:45:50,192000,11.496
2026/04/29 15:45:50,193000,11.499
2026/04/29 15:45:50,194000,11.496
2026/04/29 15:45:50,195000,11.501
2026/04/29 15:45:50,196000,11.501
2026/04/29 15:45:50,197000,11.499
2026/04/29 15:45:50,198000,11.501
2026/04/29 15:45:50,199000,11.493
2026/04/29 15:45:50,200000,11.499
2026/04/29 15:45:50,201000,11.501
2026/04/29 15:45:50,202000,11.493
2026/04/29 15:45:50,203000,11.501
2026/04/29 15:45:50,204000,11.499
2026/04/29 15:45:50,205000,11.493
2026/04/29 15:45:50,206000,11.496
2026/04/29 15:45:50,207000,11.493
2026/04/29 15:45:50,208000,11.496
2026/04/29 15:45:50,209000,11.493
2026/04/29 15:45:50,210000,11.501
2026/04/29 15:45:50,211000,11.504
2026/04/29 15:45:50,212000,11.501
2026/04/29 15:45:50,213000,11.504
2026/04/29 15:45:50,214000,11.493
2026/04/29 15:45:50,215000,11.499
2026/04/29 15:45:50,216000,11.499
2026/04/29 15:45:50,217000,11.499
2026/04/29 15:45:50,218000,11.496
2026/04/29 15:45:50,219000,11.496
2026/04/29 15:45:50,220000,11.499
2026/04/29 15:45:50,221000,11.493
2026/04/29 15:45:50,222000,11.499
2026/04/29 15:45:50,223000,11.504
2026/04/29 15:45:50,224000,11.499
2026/04/29 15:45:50,225000,11.496
2026/04/29 15:45:50,226000,11.501
2026/04/29 15:45:50,227000,11.507
2026/04/29 15:45:50,228000,11.499
2026/04/29 15:45:50,229000,11.496
2026/04/29 15:45:50,230000,11.496
2026/04/29 15:45:50,231000,11.501
2026/04/29 15:45:50,232000,11.496
2026/04/29 15:45:50,233000,11.501
2026/04/29 15:45:50,234000,11.501
2026/04/29 15:45:50,235000,11.499
2026/04/29 15:45:50,236000,11.499
2026/04/29 15:45:50,237000,11.504
2026/04/29 15:45:50,238000,11.499
2026/04/29 15:45:50,239000,11.501
2026/04/29 15:45:50,240000,11.504
2026/04/29 15:45:50,241000,11.501
2026/04/29 15:45:50,242000,11.501
2026/04/29 15:45:50,243000,11.501
2026/04/29 15:45:50,244000,11.504
2026/04/29 15:45:50,245000,11.496
2026/04/29 15:45:50,246000,11.504
2026/04/29 15:45:50,247000,11.499
2026/04/29 15:45:50,248000,11.504
2026/04/29 15:45:50,249000,11.499
2026/04/29 15:45:50,250000,11.496
2026/04/29 15:45:50,251000,11.490
2026/04/29 15:45:50,252000,11.499
2026/04/29 15:45:50,253000,11.499
2026/04/29 15:45:50,254000,11.490
2026/04/29 15:45:50,255000,11.499
2026/04/29 15:45:50,256000,11.496
2026/04/29 15:45:50,257000,11.501
2026/04/29 15:45:50,258000,11.493
2026/04/29 15:45:50,259000,11.501
2026/04/29 15:45:50,260000,11.501
2026/04/29 15:45:50,261000,11.499
2026/04/29 15:45:50,262000,11.501
2026/04/29 15:45:50,263000,11.499
2026/04/29 15:45:50,264000,11.496
2026/04/29 15:45:50,265000,11.501
2026/04/29 15:45:50,266000,11.496
2026/04/29 15:45:50,267000,11.499
2026/04/29 15:45:50,268000,11.496
2026/04/29 15:45:50,269000,11.501
2026/04/29 15:45:50,270000,11.504
2026/04/29 15:45:50,271000,11.501
2026/04/29 15:45:50,272000,11.493
2026/04/29 15:45:50,273000,11.496
2026/04/29 15:45:50,274000,11.501
2026/04/29 15:45:50,275000,11.499
2026/04/29 15:45:50,276000,11.493
2026/04/29 15:45:50,277000,11.499
2026/04/29 15:45:50,278000,11.499
2026/04/29 15:45:50,279000,11.499
2026/04/29 15:45:50,280000,11.501
2026/04/29 15:45:50,281000,11.504
2026/04/29 15:45:50,282000,11.493
2026/04/29 15:45:50,283000,11.496
2026/04/29 15:45:50,284000,11.501
2026/04/29 15:45:50,285000,11.499
2026/04/29 15:45:50,286000,11.496
2026/04/29 15:45:50,287000,11.501
2026/04/29 15:45:50,288000,11.496
2026/04/29 15:45:50,289000,11.504
2026/04/29 15:45:50,290000,11.496
2026/04/29 15:45:50,291000,11.493
2026/04/29 15:45:50,292000,11.499
2026/04/29 15:45:50,293000,11.501
2026/04/29 15:45:50,294000,11.496
2026/04/29 15:45:50,295000,11.493
2026/04/29 15:45:50,296000,11.496
2026/04/29 15:45:50,297000,11.501
2026/04/29 15:45:50,298000,11.493
2026/04/29 15:45:50,299000,11.493
2026/04/29 15:45:50,300000,11.493
2026/04/29 15:45:50,301000,11.496
2026/04/29 15:45:50,302000,11.496
2026/04/29 15:45:50,303000,11.499
2026/04/29 15:45:50,304000,11.501
2026/04/29 15:45:50,305000,11.499
2026/04/29 15:45:50,306000,11.493
2026/04/29 15:45:50,307000,11.496
2026/04/29 15:45:50,308000,11.496
2026/04/29 15:45:50,309000,11.499
2026/04/29 15:45:50,310000,11.496
2026/04/29 15:45:50,311000,11.501
2026/04/29 15:45:50,312000,11.499
2026/04/29 15:45:50,313000,11.499
2026/04/29 15:45:50,314000,11.501
2026/04/29 15:45:50,315000,11.493
2026/04/29 15:45:50,316000,11.493
2026/04/29 15:45:50,317000,11.501
2026/04/29 15:45:50,318000,11.499
2026/04/29 15:45:50,319000,11.496
2026/04/29 15:45:50,320000,11.493
2026/04/29 15:45:50,321000,11.501
2026/04/29 15:45:50,322000,11.501
2026/04/29 15:45:50,323000,11.496
2026/04/29 15:45:50,324000,11.496
2026/04/29 15:45:50,325000,11.493
2026/04/29 15:45:50,326000,11.493
2026/04/29 15:45:50,327000,11.496
2026/04/29 15:45:50,328000,11.501
2026/04/29 15:45:50,329000,11.493
2026/04/29 15:45:50,330000,11.501
2026/04/29 15:45:50,331000,11.496
2026/04/29 15:45:50,332000,11.499
2026/04/29 15:45:50,333000,11.496
2026/04/29 15:45:50,334000,11.499
2026/04/29 15:45:50,335000,11.493
2026/04/29 15:45:50,336000,11.501
2026/04/29 15:45:50,337000,11.496
2026/04/29 15:45:50,338000,11.496
2026/04/29 15:45:50,339000,11.499
2026/04/29 15:45:50,340000,11.496
2026/04/29 15:45:50,341000,11.507
2026/04/29 15:45:50,342000,11.485
2026/04/29 15:45:50,343000,11.501
2026/04/29 15:45:50,344000,11.501
2026/04/29 15:45:50,345000,11.499
2026/04/29 15:45:50,346000,11.499
2026/04/29 15:45:50,347000,11.499
2026/04/29 15:45:50,348000,11.496
2026/04/29 15:45:50,349000,11.496
2026/04/29 15:45:50,350000,11.499
2026/04/29 15:45:50,351000,11.499
2026/04/29 15:45:50,352000,11.493
2026/04/29 15:45:50,353000,11.499
2026/04/29 15:45:50,354000,11.504
2026/04/29 15:45:50,355000,11.501
2026/04/29 15:45:50,356000,11.496
2026/04/29 15:45:50,357000,11.493
2026/04/29 15:45:50,358000,11.499
2026/04/29 15:45:50,359000,11.501
2026/04/29 15:45:50,360000,11.499
2026/04/29 15:45:50,361000,11.501
2026/04/29 15:45:50,362000,11.501
2026/04/29 15:45:50,363000,11.493
2026/04/29 15:45:50,364000,11.499
2026/04/29 15:45:50,365000,11.496
2026/04/29 15:45:50,366000,11.493
2026/04/29 15:45:50,367000,11.499
2026/04/29 15:45:50,368000,11.496
2026/04/29 15:45:50,369000,11.501
2026/04/29 15:45:50,370000,11.501
2026/04/29 15:45:50,371000,11.499
2026/04/29 15:45:50,372000,11.504
2026/04/29 15:45:50,373000,11.496
2026/04/29 15:45:50,374000,11.499
2026/04/29 15:45:50,375000,11.496
2026/04/29 15:45:50,376000,11.493
2026/04/29 15:45:50,377000,11.499
2026/04/29 15:45:50,378000,11.496
2026/04/29 15:45:50,379000,11.493
2026/04/29 15:45:50,380000,11.496
2026/04/29 15:45:50,381000,11.499
2026/04/29 15:45:50,382000,11.499
2026/04/29 15:45:50,383000,11.499
2026/04/29 15:45:50,384000,11.496
2026/04/29 15:45:50,385000,11.504
2026/04/29 15:45:50,386000,11.496
2026/04/29 15:45:50,387000,11.493
2026/04/29 15:45:50,388000,11.493
2026/04/29 15:45:50,389000,11.504
2026/04/29 15:45:50,390000,11.504
2026/04/29 15:45:50,391000,11.499
2026/04/29 15:45:50,392000,11.487
2026/04/29 15:45:50,393000,11.499
2026/04/29 15:45:50,394000,11.499
2026/04/29 15:45:50,395000,11.499
2026/04/29 15:45:50,396000,11.496
2026/04/29 15:45:50,397000,11.496
2026/04/29 15:45:50,398000,11.496
2026/04/29 15:45:50,399000,11.504
2026/04/29 15:45:50,400000,11.499
2026/04/29 15:45:50,401000,11.496
2026/04/29 15:45:50,402000,11.496
2026/04/29 15:45:50,403000,11.493
2026/04/29 15:45:50,404000,11.504
2026/04/29 15:45:50,405000,11.493
2026/04/29 15:45:50,406000,11.499
2026/04/29 15:45:50,407000,11.496
2026/04/29 15:45:50,408000,11.493
2026/04/29 15:45:50,409000,11.496
2026/04/29 15:45:50,410000,11.496
2026/04/29 15:45:50,411000,11.496
2026/04/29 15:45:50,412000,11.501
2026/04/29 15:45:50,413000,11.493
2026/04/29 15:45:50,414000,11.504
2026/04/29 15:45:50,415000,11.493
2026/04/29 15:45:50,416000,11.501
2026/04/29 15:45:50,417000,11.499
2026/04/29 15:45:50,418000,11.496
2026/04/29 15:45:50,419000,11.496
2026/04/29 15:45:50,420000,11.493
2026/04/29 15:45:50,421000,11.499
2026/04/29 15:45:50,422000,11.493
2026/04/29 15:45:50,423000,11.499
2026/04/29 15:45:50,424000,11.499
2026/04/29 15:45:50,425000,11.496
2026/04/29 15:45:50,426000,11.496
2026/04/29 15:45:50,427000,11.496
2026/04/29 15:45:50,428000,11.496
2026/04/29 15:45:50,429000,11.496
2026/04/29 15:45:50,430000,11.493
2026/04/29 15:45:50,431000,11.499
2026/04/29 15:45:50,432000,11.493
2026/04/29 15:45:50,433000,11.501
2026/04/29 15:45:50,434000,11.501
2026/04/29 15:45:50,435000,11.501
2026/04/29 15:45:50,436000,11.499
2026/04/29 15:45:50,437000,11.499
2026/04/29 15:45:50,438000,11.504
2026/04/29 15:45:50,439000,11.496
2026/04/29 15:45:50,440000,11.493
2026/04/29 15:45:50,441000,11.493
2026/04/29 15:45:50,442000,11.504
2026/04/29 15:45:50,443000,11.499
2026/04/29 15:45:50,444000,11.499
2026/04/29 15:45:50,445000,11.501
2026/04/29 15:45:50,446000,11.496
2026/04/29 15:45:50,447000,11.496
2026/04/29 15:45:50,448000,11.493
2026/04/29 15:45:50,449000,11.496
2026/04/29 15:45:50,450000,11.496
2026/04/29 15:45:50,451000,11.501
2026/04/29 15:45:50,452000,11.496
2026/04/29 15:45:50,453000,11.499
2026/04/29 15:45:50,454000,11.496
2026/04/29 15:45:50,455000,11.499
2026/04/29 15:45:50,456000,11.496
2026/04/29 15:45:50,457000,11.493
2026/04/29 15:45:50,458000,11.499
2026/04/29 15:45:50,459000,11.501
2026/04/29 15:45:50,460000,11.493
2026/04/29 15:45:50,461000,11.501
2026/04/29 15:45:50,462000,11.496
2026/04/29 15:45:50,463000,11.493
2026/04/29 15:45:50,464000,11.496
2026/04/29 15:45:50,465000,11.496
2026/04/29 15:45:50,466000,11.499
2026/04/29 15:45:50,467000,11.499
2026/04/29 15:45:50,468000,11.501
2026/04/29 15:45:50,469000,11.490
2026/04/29 15:45:50,470000,11.501
2026/04/29 15:45:50,471000,11.499
2026/04/29 15:45:50,472000,11.501
2026/04/29 15:45:50,473000,11.493
2026/04/29 15:45:50,474000,11.501
2026/04/29 15:45:50,475000,11.496
2026/04/29 15:45:50,476000,11.504
2026/04/29 15:45:50,477000,11.493
2026/04/29 15:45:50,478000,11.499
2026/04/29 15:45:50,479000,11.501
2026/04/29 15:45:50,480000,11.493
2026/04/29 15:45:50,481000,11.493
2026/04/29 15:45:50,482000,11.493
2026/04/29 15:45:50,483000,11.493
2026/04/29 15:45:50,484000,11.496
2026/04/29 15:45:50,485000,11.499
2026/04/29 15:45:50,486000,11.501
2026/04/29 15:45:50,487000,11.499
2026/04/29 15:45:50,488000,11.493
2026/04/29 15:45:50,489000,11.499
2026/04/29 15:45:50,490000,11.493
2026/04/29 15:45:50,491000,11.496
2026/04/29 15:45:50,492000,11.499
2026/04/29 15:45:50,493000,11.499
2026/04/29 15:45:50,494000,11.499
2026/04/29 15:45:50,495000,11.499
2026/04/29 15:45:50,496000,11.496
2026/04/29 15:45:50,497000,11.496
2026/04/29 15:45:50,498000,11.501
2026/04/29 15:45:50,499000,11.499
2026/04/29 15:45:50,500000,11.501
2026/04/29 15:45:50,501000,11.496
2026/04/29 15:45:50,502000,11.493
2026/04/29 15:45:50,503000,11.496
2026/04/29 15:45:50,504000,11.493
2026/04/29 15:45:50,505000,11.501
2026/04/29 15:45:50,506000,11.499
2026/04/29 15:45:50,507000,11.493
2026/04/29 15:45:50,508000,11.499
2026/04/29 15:45:50,509000,11.499
2026/04/29 15:45:50,510000,11.496
2026/04/29 15:45:50,511000,11.490
2026/04/29 15:45:50,512000,11.499
2026/04/29 15:45:50,513000,11.496
2026/04/29 15:45:50,514000,11.499
2026/04/29 15:45:50,515000,11.501
2026/04/29 15:45:50,516000,11.490
2026/04/29 15:45:50,517000,11.493
2026/04/29 15:45:50,518000,11.499
2026/04/29 15:45:50,519000,11.499
2026/04/29 15:45:50,520000,11.501
2026/04/29 15:45:50,521000,11.504
2026/04/29 15:45:50,522000,11.499
2026/04/29 15:45:50,523000,11.499
2026/04/29 15:45:50,524000,11.496
2026/04/29 15:45:50,525000,11.504
2026/04/29 15:45:50,526000,11.493
2026/04/29 15:45:50,527000,11.501
2026/04/29 15:45:50,528000,11.496
2026/04/29 15:45:50,529000,11.493
2026/04/29 15:45:50,530000,11.493
2026/04/29 15:45:50,531000,11.496
2026/04/29 15:45:50,532000,11.504
2026/04/29 15:45:50,533000,11.499
2026/04/29 15:45:50,534000,11.496
2026/04/29 15:45:50,535000,11.496
2026/04/29 15:45:50,536000,11.496
2026/04/29 15:45:50,537000,11.496
2026/04/29 15:45:50,538000,11.499
2026/04/29 15:45:50,539000,11.501
2026/04/29 15:45:50,540000,11.499
2026/04/29 15:45:50,541000,11.490
2026/04/29 15:45:50,542000,11.496
2026/04/29 15:45:50,543000,11.499
2026/04/29 15:45:50,544000,11.501
2026/04/29 15:45:50,545000,11.501
2026/04/29 15:45:50,546000,11.499
2026/04/29 15:45:50,547000,11.493
2026/04/29 15:45:50,548000,11.499
2026/04/29 15:45:50,549000,11.496
2026/04/29 15:45:50,550000,11.499
2026/04/29 15:45:50,551000,11.493
2026/04/29 15:45:50,552000,11.504
2026/04/29 15:45:50,553000,11.499
2026/04/29 15:45:50,554000,11.501
2026/04/29 15:45:50,555000,11.499
2026/04/29 15:45:50,556000,11.499
2026/04/29 15:45:50,557000,11.499
2026/04/29 15:45:50,558000,11.496
2026/04/29 15:45:50,559000,11.496
2026/04/29 15:45:50,560000,11.493
2026/04/29 15:45:50,561000,11.496
2026/04/29 15:45:50,562000,11.501
2026/04/29 15:45:50,563000,11.499
2026/04/29 15:45:50,564000,11.501
2026/04/29 15:45:50,565000,11.496
2026/04/29 15:45:50,566000,11.496
2026/04/29 15:45:50,567000,11.496
2026/04/29 15:45:50,568000,11.501
2026/04/29 15:45:50,569000,11.493
2026/04/29 15:45:50,570000,11.501
2026/04/29 15:45:50,571000,11.496
2026/04/29 15:45:50,572000,11.499
2026/04/29 15:45:50,573000,11.490
2026/04/29 15:45:50,574000,11.493
2026/04/29 15:45:50,575000,11.496
2026/04/29 15:45:50,576000,11.496
2026/04/29 15:45:50,577000,11.499
2026/04/29 15:45:50,578000,11.501
2026/04/29 15:45:50,579000,11.501
2026/04/29 15:45:50,580000,11.501
2026/04/29 15:45:50,581000,11.501
2026/04/29 15:45:50,582000,11.499
2026/04/29 15:45:50,583000,11.490
2026/04/29 15:45:50,584000,11.493
2026/04/29 15:45:50,585000,11.501
2026/04/29 15:45:50,586000,11.501
2026/04/29 15:45:50,587000,11.499
2026/04/29 15:45:50,588000,11.493
2026/04/29 15:45:50,589000,11.496
2026/04/29 15:45:50,590000,11.501
2026/04/29 15:45:50,591000,11.499
2026/04/29 15:45:50,592000,11.501
2026/04/29 15:45:50,593000,11.496
2026/04/29 15:45:50,594000,11.499
2026/04/29 15:45:50,595000,11.499
2026/04/29 15:45:50,596000,11.496
2026/04/29 15:45:50,597000,11.504
2026/04/29 15:45:50,598000,11.496
2026/04/29 15:45:50,599000,11.499
2026/04/29 15:45:50,600000,11.496
2026/04/29 15:45:50,601000,11.493
2026/04/29 15:45:50,602000,11.499
2026/04/29 15:45:50,603000,11.499
2026/04/29 15:45:50,604000,11.496
2026/04/29 15:45:50,605000,11.493
2026/04/29 15:45:50,606000,11.493
2026/04/29 15:45:50,607000,11.493
2026/04/29 15:45:50,608000,11.496
2026/04/29 15:45:50,609000,11.504
2026/04/29 15:45:50,610000,11.499
2026/04/29 15:45:50,611000,11.501
2026/04/29 15:45:50,612000,11.501
2026/04/29 15:45:50,613000,11.496
2026/04/29 15:45:50,614000,11.493
2026/04/29 15:45:50,615000,11.501
2026/04/29 15:45:50,616000,11.496
2026/04/29 15:45:50,617000,11.499
2026/04/29 15:45:50,618000,11.496
2026/04/29 15:45:50,619000,11.501
2026/04/29 15:45:50,620000,11.499
2026/04/29 15:45:50,621000,11.490
2026/04/29 15:45:50,622000,11.501
2026/04/29 15:45:50,623000,11.496
2026/04/29 15:45:50,624000,11.496
2026/04/29 15:45:50,625000,11.501
2026/04/29 15:45:50,626000,11.499
2026/04/29 15:45:50,627000,11.499
2026/04/29 15:45:50,628000,11.501
2026/04/29 15:45:50,629000,11.496
2026/04/29 15:45:50,630000,11.496
2026/04/29 15:45:50,631000,11.496
2026/04/29 15:45:50,632000,11.493
2026/04/29 15:45:50,633000,11.496
2026/04/29 15:45:50,634000,11.499
2026/04/29 15:45:50,635000,11.504
2026/04/29 15:45:50,636000,11.496
2026/04/29 15:45:50,637000,11.501
2026/04/29 15:45:50,638000,11.501
2026/04/29 15:45:50,639000,11.496
2026/04/29 15:45:50,640000,11.493
2026/04/29 15:45:50,641000,11.499
2026/04/29 15:45:50,642000,11.493
2026/04/29 15:45:50,643000,11.490
2026/04/29 15:45:50,644000,11.501
2026/04/29 15:45:50,645000,11.499
2026/04/29 15:45:50,646000,11.496
2026/04/29 15:45:50,647000,11.496
2026/04/29 15:45:50,648000,11.501
2026/04/29 15:45:50,649000,11.496
2026/04/29 15:45:50,650000,11.499
2026/04/29 15:45:50,651000,11.501
2026/04/29 15:45:50,652000,11.499
2026/04/29 15:45:50,653000,11.499
2026/04/29 15:45:50,654000,11.499
2026/04/29 15:45:50,655000,11.504
2026/04/29 15:45:50,656000,11.496
2026/04/29 15:45:50,657000,11.496
2026/04/29 15:45:50,658000,11.499
2026/04/29 15:45:50,659000,11.496
2026/04/29 15:45:50,660000,11.496
2026/04/29 15:45:50,661000,11.496
2026/04/29 15:45:50,662000,11.501
2026/04/29 15:45:50,663000,11.493
2026/04/29 15:45:50,664000,11.499
2026/04/29 15:45:50,665000,11.496
2026/04/29 15:45:50,666000,11.496
2026/04/29 15:45:50,667000,11.496
2026/04/29 15:45:50,668000,11.499
2026/04/29 15:45:50,669000,11.493
2026/04/29 15:45:50,670000,11.496
2026/04/29 15:45:50,671000,11.501
2026/04/29 15:45:50,672000,11.493
2026/04/29 15:45:50,673000,11.504
2026/04/29 15:45:50,674000,11.496
2026/04/29 15:45:50,675000,11.493
2026/04/29 15:45:50,676000,11.504
2026/04/29 15:45:50,677000,11.499
2026/04/29 15:45:50,678000,11.499
2026/04/29 15:45:50,679000,11.493
2026/04/29 15:45:50,680000,11.493
2026/04/29 15:45:50,681000,11.499
2026/04/29 15:45:50,682000,11.499
2026/04/29 15:45:50,683000,11.501
2026/04/29 15:45:50,684000,11.499
2026/04/29 15:45:50,685000,11.499
2026/04/29 15:45:50,686000,11.496
2026/04/29 15:45:50,687000,11.501
2026/04/29 15:45:50,688000,11.499
2026/04/29 15:45:50,689000,11.496
2026/04/29 15:45:50,690000,11.493
2026/04/29 15:45:50,691000,11.499
2026/04/29 15:45:50,692000,11.499
2026/04/29 15:45:50,693000,11.499
2026/04/29 15:45:50,694000,11.499
2026/04/29 15:45:50,695000,11.499
2026/04/29 15:45:50,696000,11.499
2026/04/29 15:45:50,697000,11.496
2026/04/29 15:45:50,698000,11.499
2026/04/29 15:45:50,699000,11.499
2026/04/29 15:45:50,700000,11.501
2026/04/29 15:45:50,701000,11.493
2026/04/29 15:45:50,702000,11.499
2026/04/29 15:45:50,703000,11.501
2026/04/29 15:45:50,704000,11.493
2026/04/29 15:45:50,705000,11.501
2026/04/29 15:45:50,706000,11.501
2026/04/29 15:45:50,707000,11.501
2026/04/29 15:45:50,708000,11.496
2026/04/29 15:45:50,709000,11.496
2026/04/29 15:45:50,710000,11.499
2026/04/29 15:45:50,711000,11.499
2026/04/29 15:45:50,712000,11.496
2026/04/29 15:45:50,713000,11.499
2026/04/29 15:45:50,714000,11.496
2026/04/29 15:45:50,715000,11.493
2026/04/29 15:45:50,716000,11.501
2026/04/29 15:45:50,717000,11.501
2026/04/29 15:45:50,718000,11.499
2026/04/29 15:45:50,719000,11.496
2026/04/29 15:45:50,720000,11.499
2026/04/29 15:45:50,721000,11.499
2026/04/29 15:45:50,722000,11.501
2026/04/29 15:45:50,723000,11.496
2026/04/29 15:45:50,724000,11.496
2026/04/29 15:45:50,725000,11.499
2026/04/29 15:45:50,726000,11.499
2026/04/29 15:45:50,727000,11.493
2026/04/29 15:45:50,728000,11.501
2026/04/29 15:45:50,729000,11.493
2026/04/29 15:45:50,730000,11.501
2026/04/29 15:45:50,731000,11.493
2026/04/29 15:45:50,732000,11.496
2026/04/29 15:45:50,733000,11.496
2026/04/29 15:45:50,734000,11.499
2026/04/29 15:45:50,735000,11.496
2026/04/29 15:45:50,736000,11.493
2026/04/29 15:45:50,737000,11.493
2026/04/29 15:45:50,738000,11.504
2026/04/29 15:45:50,739000,11.499
2026/04/29 15:45:50,740000,11.501
2026/04/29 15:45:50,741000,11.501
2026/04/29 15:45:50,742000,11.496
2026/04/29 15:45:50,743000,11.496
2026/04/29 15:45:50,744000,11.507
2026/04/29 15:45:50,745000,11.504
2026/04/29 15:45:50,746000,11.501
2026/04/29 15:45:50,747000,11.499
2026/04/29 15:45:50,748000,11.496
2026/04/29 15:45:50,749000,11.493
2026/04/29 15:45:50,750000,11.501
2026/04/29 15:45:50,751000,11.496
2026/04/29 15:45:50,752000,11.499
2026/04/29 15:45:50,753000,11.496
2026/04/29 15:45:50,754000,11.493
2026/04/29 15:45:50,755000,11.499
2026/04/29 15:45:50,756000,11.490
2026/04/29 15:45:50,757000,11.493
2026/04/29 15:45:50,758000,11.504
2026/04/29 15:45:50,759000,11.493
2026/04/29 15:45:50,760000,11.499
2026/04/29 15:45:50,761000,11.499
2026/04/29 15:45:50,762000,11.499
2026/04/29 15:45:50,763000,11.504
2026/04/29 15:45:50,764000,11.501
2026/04/29 15:45:50,765000,11.499
2026/04/29 15:45:50,766000,11.499
2026/04/29 15:45:50,767000,11.501
2026/04/29 15:45:50,768000,11.496
2026/04/29 15:45:50,769000,11.501
2026/04/29 15:45:50,770000,11.501
2026/04/29 15:45:50,771000,11.499
2026/04/29 15:45:50,772000,11.504
2026/04/29 15:45:50,773000,11.499
2026/04/29 15:45:50,774000,11.499
2026/04/29 15:45:50,775000,11.501
2026/04/29 15:45:50,776000,11.496
2026/04/29 15:45:50,777000,11.499
2026/04/29 15:45:50,778000,11.493
2026/04/29 15:45:50,779000,11.493
2026/04/29 15:45:50,780000,11.499
2026/04/29 15:45:50,781000,11.496
2026/04/29 15:45:50,782000,11.496
2026/04/29 15:45:50,783000,11.501
2026/04/29 15:45:50,784000,11.501
2026/04/29 15:45:50,785000,11.507
2026/04/29 15:45:50,786000,11.499
2026/04/29 15:45:50,787000,11.496
2026/04/29 15:45:50,788000,11.499
2026/04/29 15:45:50,789000,11.499
2026/04/29 15:45:50,790000,11.501
2026/04/29 15:45:50,791000,11.504
2026/04/29 15:45:50,792000,11.504
2026/04/29 15:45:50,793000,11.499
2026/04/29 15:45:50,794000,11.499
2026/04/29 15:45:50,795000,11.501
2026/04/29 15:45:50,796000,11.493
2026/04/29 15:45:50,797000,11.499
2026/04/29 15:45:50,798000,11.496
2026/04/29 15:45:50,799000,11.501
2026/04/29 15:45:50,800000,11.499
2026/04/29 15:45:50,801000,11.487
2026/04/29 15:45:50,802000,11.496
2026/04/29 15:45:50,803000,11.493
2026/04/29 15:45:50,804000,11.499
2026/04/29 15:45:50,805000,11.496
2026/04/29 15:45:50,806000,11.496
2026/04/29 15:45:50,807000,11.504
2026/04/29 15:45:50,808000,11.499
2026/04/29 15:45:50,809000,11.493
2026/04/29 15:45:50,810000,11.496
2026/04/29 15:45:50,811000,11.499
2026/04/29 15:45:50,812000,11.504
2026/04/29 15:45:50,813000,11.504
2026/04/29 15:45:50,814000,11.499
2026/04/29 15:45:50,815000,11.499
2026/04/29 15:45:50,816000,11.499
2026/04/29 15:45:50,817000,11.493
2026/04/29 15:45:50,818000,11.499
2026/04/29 15:45:50,819000,11.501
2026/04/29 15:45:50,820000,11.499
2026/04/29 15:45:50,821000,11.504
2026/04/29 15:45:50,822000,11.501
2026/04/29 15:45:50,823000,11.496
2026/04/29 15:45:50,824000,11.501
2026/04/29 15:45:50,825000,11.499
2026/04/29 15:45:50,826000,11.501
2026/04/29 15:45:50,827000,11.501
2026/04/29 15:45:50,828000,11.496
2026/04/29 15:45:50,829000,11.493
2026/04/29 15:45:50,830000,11.496
2026/04/29 15:45:50,831000,11.493
2026/04/29 15:45:50,832000,11.504
2026/04/29 15:45:50,833000,11.496
2026/04/29 15:45:50,834000,11.496
2026/04/29 15:45:50,835000,11.501
2026/04/29 15:45:50,836000,11.496
2026/04/29 15:45:50,837000,11.493
2026/04/29 15:45:50,838000,11.504
2026/04/29 15:45:50,839000,11.504
2026/04/29 15:45:50,840000,11.499
2026/04/29 15:45:50,841000,11.504
2026/04/29 15:45:50,842000,11.501
2026/04/29 15:45:50,843000,11.496
2026/04/29 15:45:50,844000,11.499
2026/04/29 15:45:50,845000,11.499
2026/04/29 15:45:50,846000,11.499
2026/04/29 15:45:50,847000,11.493
2026/04/29 15:45:50,848000,11.501
2026/04/29 15:45:50,849000,11.496
2026/04/29 15:45:50,850000,11.504
2026/04/29 15:45:50,851000,11.499
2026/04/29 15:45:50,852000,11.501
2026/04/29 15:45:50,853000,11.496
2026/04/29 15:45:50,854000,11.501
2026/04/29 15:45:50,855000,11.501
2026/04/29 15:45:50,856000,11.501
2026/04/29 15:45:50,857000,11.499
2026/04/29 15:45:50,858000,11.499
2026/04/29 15:45:50,859000,11.485
2026/04/29 15:45:50,860000,11.499
2026/04/29 15:45:50,861000,11.499
2026/04/29 15:45:50,862000,11.501
2026/04/29 15:45:50,863000,11.499
2026/04/29 15:45:50,864000,11.496
2026/04/29 15:45:50,865000,11.493
2026/04/29 15:45:50,866000,11.493
2026/04/29 15:45:50,867000,11.501
2026/04/29 15:45:50,868000,11.499
2026/04/29 15:45:50,869000,11.499
2026/04/29 15:45:50,870000,11.496
2026/04/29 15:45:50,871000,11.501
2026/04/29 15:45:50,872000,11.496
2026/04/29 15:45:50,873000,11.499
2026/04/29 15:45:50,874000,11.496
2026/04/29 15:45:50,875000,11.499
2026/04/29 15:45:50,876000,11.501
2026/04/29 15:45:50,877000,11.493
2026/04/29 15:45:50,878000,11.499
2026/04/29 15:45:50,879000,11.507
2026/04/29 15:45:50,880000,11.501
2026/04/29 15:45:50,881000,11.499
2026/04/29 15:45:50,882000,11.496
2026/04/29 15:45:50,883000,11.496
2026/04/29 15:45:50,884000,11.504
2026/04/29 15:45:50,885000,11.499
2026/04/29 15:45:50,886000,11.499
2026/04/29 15:45:50,887000,11.501
2026/04/29 15:45:50,888000,11.496
2026/04/29 15:45:50,889000,11.499
2026/04/29 15:45:50,890000,11.504
2026/04/29 15:45:50,891000,11.493
2026/04/29 15:45:50,892000,11.501
2026/04/29 15:45:50,893000,11.496
2026/04/29 15:45:50,894000,11.499
2026/04/29 15:45:50,895000,11.496
2026/04/29 15:45:50,896000,11.493
2026/04/29 15:45:50,897000,11.496
2026/04/29 15:45:50,898000,11.499
2026/04/29 15:45:50,899000,11.499
2026/04/29 15:45:50,900000,11.501
2026/04/29 15:45:50,901000,11.504
2026/04/29 15:45:50,902000,11.493
2026/04/29 15:45:50,903000,11.493
2026/04/29 15:45:50,904000,11.496
2026/04/29 15:45:50,905000,11.501
2026/04/29 15:45:50,906000,11.499
2026/04/29 15:45:50,907000,11.501
2026/04/29 15:45:50,908000,11.496
2026/04/29 15:45:50,909000,11.501
2026/04/29 15:45:50,910000,11.493
2026/04/29 15:45:50,911000,11.493
2026/04/29 15:45:50,912000,11.504
2026/04/29 15:45:50,913000,11.499
2026/04/29 15:45:50,914000,11.501
2026/04/29 15:45:50,915000,11.493
2026/04/29 15:45:50,916000,11.493
2026/04/29 15:45:50,917000,11.499
2026/04/29 15:45:50,918000,11.499
2026/04/29 15:45:50,919000,11.499
2026/04/29 15:45:50,920000,11.493
2026/04/29 15:45:50,921000,11.493
2026/04/29 15:45:50,922000,11.496
2026/04/29 15:45:50,923000,11.496
2026/04/29 15:45:50,924000,11.499
2026/04/29 15:45:50,925000,11.501
2026/04/29 15:45:50,926000,11.499
2026/04/29 15:45:50,927000,11.504
2026/04/29 15:45:50,928000,11.493
2026/04/29 15:45:50,929000,11.499
2026/04/29 15:45:50,930000,11.501
2026/04/29 15:45:50,931000,11.501
2026/04/29 15:45:50,932000,11.499
2026/04/29 15:45:50,933000,11.493
2026/04/29 15:45:50,934000,11.499
2026/04/29 15:45:50,935000,11.499
2026/04/29 15:45:50,936000,11.501
2026/04/29 15:45:50,937000,11.496
2026/04/29 15:45:50,938000,11.493
2026/04/29 15:45:50,939000,11.496
2026/04/29 15:45:50,940000,11.499
2026/04/29 15:45:50,941000,11.501
2026/04/29 15:45:50,942000,11.493
2026/04/29 15:45:50,943000,11.499
2026/04/29 15:45:50,944000,11.496
2026/04/29 15:45:50,945000,11.496
2026/04/29 15:45:50,946000,11.499
2026/04/29 15:45:50,947000,11.499
2026/04/29 15:45:50,948000,11.496
2026/04/29 15:45:50,949000,11.499
2026/04/29 15:45:50,950000,11.499
2026/04/29 15:45:50,951000,11.499
2026/04/29 15:45:50,952000,11.496
2026/04/29 15:45:50,953000,11.499
2026/04/29 15:45:50,954000,11.501
2026/04/29 15:45:50,955000,11.493
2026/04/29 15:45:50,956000,11.499
2026/04/29 15:45:50,957000,11.496
2026/04/29 15:45:50,958000,11.493
2026/04/29 15:45:50,959000,11.496
2026/04/29 15:45:50,960000,11.493
2026/04/29 15:45:50,961000,11.496
2026/04/29 15:45:50,962000,11.496
2026/04/29 15:45:50,963000,11.496
2026/04/29 15:45:50,964000,11.499
2026/04/29 15:45:50,965000,11.499
2026/04/29 15:45:50,966000,11.493
2026/04/29 15:45:50,967000,11.499
2026/04/29 15:45:50,968000,11.501
2026/04/29 15:45:50,969000,11.501
2026/04/29 15:45:50,970000,11.501
2026/04/29 15:45:50,971000,11.499
2026/04/29 15:45:50,972000,11.493
2026/04/29 15:45:50,973000,11.496
2026/04/29 15:45:50,974000,11.499
2026/04/29 15:45:50,975000,11.501
2026/04/29 15:45:50,976000,11.499
2026/04/29 15:45:50,977000,11.501
2026/04/29 15:45:50,978000,11.490
2026/04/29 15:45:50,979000,11.493
2026/04/29 15:45:50,980000,11.496
2026/04/29 15:45:50,981000,11.499
2026/04/29 15:45:50,982000,11.501
2026/04/29 15:45:50,983000,11.496
2026/04/29 15:45:50,984000,11.493
2026/04/29 15:45:50,985000,11.504
2026/04/29 15:45:50,986000,11.496
2026/04/29 15:45:50,987000,11.490
2026/04/29 15:45:50,988000,11.499
2026/04/29 15:45:50,989000,11.501
2026/04/29 15:45:50,990000,11.499
2026/04/29 15:45:50,991000,11.501
2026/04/29 15:45:50,992000,11.499
2026/04/29 15:45:50,993000,11.496
2026/04/29 15:45:50,994000,11.499
2026/04/29 15:45:50,995000,11.499
2026/04/29 15:45:50,996000,11.499
2026/04/29 15:45:50,997000,11.501
2026/04/29 15:45:50,998000,11.496
2026/04/29 15:45:50,999000,11.499
2026/04/29 15:45:51,000000,11.499
2026/04/29 15:45:51,001000,11.499
2026/04/29 15:45:51,002000,11.499
2026/04/29 15:45:51,003000,11.496
2026/04/29 15:45:51,004000,11.496
2026/04/29 15:45:51,005000,11.493
2026/04/29 15:45:51,006000,11.496
2026/04/29 15:45:51,007000,11.496
2026/04/29 15:45:51,008000,11.496
2026/04/29 15:45:51,009000,11.493
2026/04/29 15:45:51,010000,11.490
2026/04/29 15:45:51,011000,11.504
2026/04/29 15:45:51,012000,11.499
2026/04/29 15:45:51,013000,11.496
2026/04/29 15:45:51,014000,11.496
2026/04/29 15:45:51,015000,11.496
2026/04/29 15:45:51,016000,11.496
2026/04/29 15:45:51,017000,11.493
2026/04/29 15:45:51,018000,11.496
2026/04/29 15:45:51,019000,11.499
2026/04/29 15:45:51,020000,11.496
2026/04/29 15:45:51,021000,11.501
2026/04/29 15:45:51,022000,11.501
2026/04/29 15:45:51,023000,11.501
2026/04/29 15:45:51,024000,11.496
2026/04/29 15:45:51,025000,11.499
2026/04/29 15:45:51,026000,11.501
2026/04/29 15:45:51,027000,11.493
2026/04/29 15:45:51,028000,11.493
2026/04/29 15:45:51,029000,11.493
2026/04/29 15:45:51,030000,11.499
2026/04/29 15:45:51,031000,11.501
2026/04/29 15:45:51,032000,11.496
2026/04/29 15:45:51,033000,11.493
2026/04/29 15:45:51,034000,11.496
2026/04/29 15:45:51,035000,11.496
2026/04/29 15:45:51,036000,11.501
2026/04/29 15:45:51,037000,11.496
2026/04/29 15:45:51,038000,11.499
2026/04/29 15:45:51,039000,11.499
2026/04/29 15:45:51,040000,11.493
2026/04/29 15:45:51,041000,11.501
2026/04/29 15:45:51,042000,11.493
2026/04/29 15:45:51,043000,11.496
2026/04/29 15:45:51,044000,11.501
2026/04/29 15:45:51,045000,11.501
2026/04/29 15:45:51,046000,11.493
2026/04/29 15:45:51,047000,11.499
2026/04/29 15:45:51,048000,11.493
2026/04/29 15:45:51,049000,11.496
2026/04/29 15:45:51,050000,11.496
2026/04/29 15:45:51,051000,11.499
2026/04/29 15:45:51,052000,11.493
2026/04/29 15:45:51,053000,11.501
2026/04/29 15:45:51,054000,11.499
2026/04/29 15:45:51,055000,11.499
2026/04/29 15:45:51,056000,11.496
2026/04/29 15:45:51,057000,11.496
2026/04/29 15:45:51,058000,11.499
2026/04/29 15:45:51,059000,11.496
2026/04/29 15:45:51,060000,11.499
2026/04/29 15:45:51,061000,11.501
2026/04/29 15:45:51,062000,11.501
2026/04/29 15:45:51,063000,11.501
2026/04/29 15:45:51,064000,11.496
2026/04/29 15:45:51,065000,11.496
2026/04/29 15:45:51,066000,11.499
2026/04/29 15:45:51,067000,11.504
2026/04/29 15:45:51,068000,11.501
2026/04/29 15:45:51,069000,11.501
2026/04/29 15:45:51,070000,11.499
2026/04/29 15:45:51,071000,11.499
2026/04/29 15:45:51,072000,11.496
2026/04/29 15:45:51,073000,11.496
2026/04/29 15:45:51,074000,11.499
2026/04/29 15:45:51,075000,11.493
2026/04/29 15:45:51,076000,11.499
2026/04/29 15:45:51,077000,11.504
2026/04/29 15:45:51,078000,11.501
2026/04/29 15:45:51,079000,11.501
2026/04/29 15:45:51,080000,11.504
2026/04/29 15:45:51,081000,11.499
2026/04/29 15:45:51,082000,11.493
2026/04/29 15:45:51,083000,11.496
2026/04/29 15:45:51,084000,11.499
2026/04/29 15:45:51,085000,11.496
2026/04/29 15:45:51,086000,11.499
2026/04/29 15:45:51,087000,11.501
2026/04/29 15:45:51,088000,11.499
2026/04/29 15:45:51,089000,11.496
2026/04/29 15:45:51,090000,11.507
2026/04/29 15:45:51,091000,11.493
2026/04/29 15:45:51,092000,11.499
2026/04/29 15:45:51,093000,11.501
2026/04/29 15:45:51,094000,11.493
2026/04/29 15:45:51,095000,11.499
2026/04/29 15:45:51,096000,11.504
2026/04/29 15:45:51,097000,11.504
2026/04/29 15:45:51,098000,11.501
2026/04/29 15:45:51,099000,11.499
2026/04/29 15:45:51,100000,11.487
2026/04/29 15:45:51,101000,11.499
2026/04/29 15:45:51,102000,11.496
2026/04/29 15:45:51,103000,11.501
2026/04/29 15:45:51,104000,11.499
2026/04/29 15:45:51,105000,11.493
2026/04/29 15:45:51,106000,11.499
2026/04/29 15:45:51,107000,11.504
2026/04/29 15:45:51,108000,11.504
2026/04/29 15:45:51,109000,11.493
2026/04/29 15:45:51,110000,11.496
2026/04/29 15:45:51,111000,11.493
2026/04/29 15:45:51,112000,11.499
2026/04/29 15:45:51,113000,11.496
2026/04/29 15:45:51,114000,11.501
2026/04/29 15:45:51,115000,11.499
2026/04/29 15:45:51,116000,11.504
2026/04/29 15:45:51,117000,11.499
2026/04/29 15:45:51,118000,11.496
2026/04/29 15:45:51,119000,11.496
2026/04/29 15:45:51,120000,11.499
2026/04/29 15:45:51,121000,11.493
2026/04/29 15:45:51,122000,11.493
2026/04/29 15:45:51,123000,11.501
2026/04/29 15:45:51,124000,11.496
2026/04/29 15:45:51,125000,11.496
2026/04/29 15:45:51,126000,11.496
2026/04/29 15:45:51,127000,11.504
2026/04/29 15:45:51,128000,11.504
2026/04/29 15:45:51,129000,11.496
2026/04/29 15:45:51,130000,11.504
2026/04/29 15:45:51,131000,11.496
2026/04/29 15:45:51,132000,11.501
2026/04/29 15:45:51,133000,11.499
2026/04/29 15:45:51,134000,11.501
2026/04/29 15:45:51,135000,11.504
2026/04/29 15:45:51,136000,11.501
2026/04/29 15:45:51,137000,11.496
2026/04/29 15:45:51,138000,11.496
2026/04/29 15:45:51,139000,11.496
2026/04/29 15:45:51,140000,11.496
2026/04/29 15:45:51,141000,11.501
2026/04/29 15:45:51,142000,11.496
2026/04/29 15:45:51,143000,11.493
2026/04/29 15:45:51,144000,11.504
2026/04/29 15:45:51,145000,11.496
2026/04/29 15:45:51,146000,11.493
2026/04/29 15:45:51,147000,11.501
2026/04/29 15:45:51,148000,11.501
2026/04/29 15:45:51,149000,11.499
2026/04/29 15:45:51,150000,11.496
2026/04/29 15:45:51,151000,11.501
2026/04/29 15:45:51,152000,11.499
2026/04/29 15:45:51,153000,11.496
2026/04/29 15:45:51,154000,11.496
2026/04/29 15:45:51,155000,11.499
2026/04/29 15:45:51,156000,11.499
2026/04/29 15:45:51,157000,11.501
2026/04/29 15:45:51,158000,11.501
2026/04/29 15:45:51,159000,11.499
2026/04/29 15:45:51,160000,11.501
2026/04/29 15:45:51,161000,11.501
2026/04/29 15:45:51,162000,11.501
2026/04/29 15:45:51,163000,11.496
2026/04/29 15:45:51,164000,11.496
2026/04/29 15:45:51,165000,11.493
2026/04/29 15:45:51,166000,11.501
2026/04/29 15:45:51,167000,11.501
2026/04/29 15:45:51,168000,11.501
2026/04/29 15:45:51,169000,11.499
2026/04/29 15:45:51,170000,11.499
2026/04/29 15:45:51,171000,11.496
2026/04/29 15:45:51,172000,11.499
2026/04/29 15:45:51,173000,11.499
2026/04/29 15:45:51,174000,11.499
2026/04/29 15:45:51,175000,11.501
2026/04/29 15:45:51,176000,11.499
2026/04/29 15:45:51,177000,11.496
2026/04/29 15:45:51,178000,11.499
2026/04/29 15:45:51,179000,11.487
2026/04/29 15:45:51,180000,11.499
2026/04/29 15:45:51,181000,11.499
2026/04/29 15:45:51,182000,11.496
2026/04/29 15:45:51,183000,11.499
2026/04/29 15:45:51,184000,11.499
2026/04/29 15:45:51,185000,11.496
2026/04/29 15:45:51,186000,11.493
2026/04/29 15:45:51,187000,11.493
2026/04/29 15:45:51,188000,11.496
2026/04/29 15:45:51,189000,11.496
2026/04/29 15:45:51,190000,11.493
2026/04/29 15:45:51,191000,11.501
2026/04/29 15:45:51,192000,11.507
2026/04/29 15:45:51,193000,11.501
2026/04/29 15:45:51,194000,11.493
2026/04/29 15:45:51,195000,11.499
2026/04/29 15:45:51,196000,11.499
2026/04/29 15:45:51,197000,11.499
2026/04/29 15:45:51,198000,11.501
2026/04/29 15:45:51,199000,11.493
2026/04/29 15:45:51,200000,11.499
2026/04/29 15:45:51,201000,11.496
2026/04/29 15:45:51,202000,11.499
2026/04/29 15:45:51,203000,11.499
2026/04/29 15:45:51,204000,11.493
2026/04/29 15:45:51,205000,11.496
2026/04/29 15:45:51,206000,11.493
2026/04/29 15:45:51,207000,11.504
2026/04/29 15:45:51,208000,11.507
2026/04/29 15:45:51,209000,11.496
2026/04/29 15:45:51,210000,11.493
2026/04/29 15:45:51,211000,11.499
2026/04/29 15:45:51,212000,11.496
2026/04/29 15:45:51,213000,11.501
2026/04/29 15:45:51,214000,11.496
2026/04/29 15:45:51,215000,11.490
2026/04/29 15:45:51,216000,11.499
2026/04/29 15:45:51,217000,11.493
2026/04/29 15:45:51,218000,11.499
2026/04/29 15:45:51,219000,11.501
2026/04/29 15:45:51,220000,11.496
2026/04/29 15:45:51,221000,11.493
2026/04/29 15:45:51,222000,11.499
2026/04/29 15:45:51,223000,11.499
2026/04/29 15:45:51,224000,11.501
2026/04/29 15:45:51,225000,11.504
2026/04/29 15:45:51,226000,11.493
2026/04/29 15:45:51,227000,11.499
2026/04/29 15:45:51,228000,11.501
2026/04/29 15:45:51,229000,11.493
2026/04/29 15:45:51,230000,11.496
2026/04/29 15:45:51,231000,11.493
2026/04/29 15:45:51,232000,11.499
2026/04/29 15:45:51,233000,11.507
2026/04/29 15:45:51,234000,11.504
2026/04/29 15:45:51,235000,11.499
2026/04/29 15:45:51,236000,11.504
2026/04/29 15:45:51,237000,11.507
2026/04/29 15:45:51,238000,11.499
2026/04/29 15:45:51,239000,11.501
2026/04/29 15:45:51,240000,11.499
2026/04/29 15:45:51,241000,11.499
2026/04/29 15:45:51,242000,11.499
2026/04/29 15:45:51,243000,11.499
2026/04/29 15:45:51,244000,11.496
2026/04/29 15:45:51,245000,11.493
2026/04/29 15:45:51,246000,11.504
2026/04/29 15:45:51,247000,11.499
2026/04/29 15:45:51,248000,11.499
2026/04/29 15:45:51,249000,11.499
2026/04/29 15:45:51,250000,11.496
2026/04/29 15:45:51,251000,11.499
2026/04/29 15:45:51,252000,11.499
2026/04/29 15:45:51,253000,11.493
2026/04/29 15:45:51,254000,11.493
2026/04/29 15:45:51,255000,11.501
2026/04/29 15:45:51,256000,11.504
2026/04/29 15:45:51,257000,11.499
2026/04/29 15:45:51,258000,11.499
2026/04/29 15:45:51,259000,11.499
2026/04/29 15:45:51,260000,11.510
2026/04/29 15:45:51,261000,11.499
2026/04/29 15:45:51,262000,11.496
2026/04/29 15:45:51,263000,11.499
2026/04/29 15:45:51,264000,11.496
2026/04/29 15:45:51,265000,11.499
2026/04/29 15:45:51,266000,11.499
2026/04/29 15:45:51,267000,11.501
2026/04/29 15:45:51,268000,11.499
2026/04/29 15:45:51,269000,11.501
2026/04/29 15:45:51,270000,11.501
2026/04/29 15:45:51,271000,11.499
2026/04/29 15:45:51,272000,11.493
2026/04/29 15:45:51,273000,11.496
2026/04/29 15:45:51,274000,11.499
2026/04/29 15:45:51,275000,11.501
2026/04/29 15:45:51,276000,11.496
2026/04/29 15:45:51,277000,11.499
2026/04/29 15:45:51,278000,11.499
2026/04/29 15:45:51,279000,11.499
2026/04/29 15:45:51,280000,11.493
2026/04/29 15:45:51,281000,11.501
2026/04/29 15:45:51,282000,11.496
2026/04/29 15:45:51,283000,11.501
2026/04/29 15:45:51,284000,11.504
2026/04/29 15:45:51,285000,11.504
2026/04/29 15:45:51,286000,11.501
2026/04/29 15:45:51,287000,11.501
2026/04/29 15:45:51,288000,11.496
2026/04/29 15:45:51,289000,11.499
2026/04/29 15:45:51,290000,11.499
2026/04/29 15:45:51,291000,11.499
2026/04/29 15:45:51,292000,11.499
2026/04/29 15:45:51,293000,11.499
2026/04/29 15:45:51,294000,11.501
2026/04/29 15:45:51,295000,11.499
2026/04/29 15:45:51,296000,11.504
2026/04/29 15:45:51,297000,11.501
2026/04/29 15:45:51,298000,11.501
2026/04/29 15:45:51,299000,11.493
2026/04/29 15:45:51,300000,11.499
2026/04/29 15:45:51,301000,11.501
2026/04/29 15:45:51,302000,11.504
2026/04/29 15:45:51,303000,11.499
2026/04/29 15:45:51,304000,11.493
2026/04/29 15:45:51,305000,11.499
2026/04/29 15:45:51,306000,11.501
2026/04/29 15:45:51,307000,11.501
2026/04/29 15:45:51,308000,11.496
2026/04/29 15:45:51,309000,11.493
2026/04/29 15:45:51,310000,11.499
2026/04/29 15:45:51,311000,11.499
2026/04/29 15:45:51,312000,11.499
2026/04/29 15:45:51,313000,11.499
2026/04/29 15:45:51,314000,11.501
2026/04/29 15:45:51,315000,11.501
2026/04/29 15:45:51,316000,11.499
2026/04/29 15:45:51,317000,11.493
2026/04/29 15:45:51,318000,11.496
2026/04/29 15:45:51,319000,11.490
2026/04/29 15:45:51,320000,11.504
2026/04/29 15:45:51,321000,11.493
2026/04/29 15:45:51,322000,11.504
2026/04/29 15:45:51,323000,11.499
2026/04/29 15:45:51,324000,11.501
2026/04/29 15:45:51,325000,11.499
2026/04/29 15:45:51,326000,11.496
2026/04/29 15:45:51,327000,11.499
2026/04/29 15:45:51,328000,11.499
2026/04/29 15:45:51,329000,11.496
2026/04/29 15:45:51,330000,11.501
2026/04/29 15:45:51,331000,11.499
2026/04/29 15:45:51,332000,11.501
2026/04/29 15:45:51,333000,11.496
2026/04/29 15:45:51,334000,11.496
2026/04/29 15:45:51,335000,11.501
2026/04/29 15:45:51,336000,11.499
2026/04/29 15:45:51,337000,11.493
2026/04/29 15:45:51,338000,11.499
2026/04/29 15:45:51,339000,11.499
2026/04/29 15:45:51,340000,11.499
2026/04/29 15:45:51,341000,11.499
2026/04/29 15:45:51,342000,11.501
2026/04/29 15:45:51,343000,11.493
2026/04/29 15:45:51,344000,11.499
2026/04/29 15:45:51,345000,11.501
2026/04/29 15:45:51,346000,11.496
2026/04/29 15:45:51,347000,11.499
2026/04/29 15:45:51,348000,11.496
2026/04/29 15:45:51,349000,11.501
2026/04/29 15:45:51,350000,11.499
2026/04/29 15:45:51,351000,11.501
2026/04/29 15:45:51,352000,11.499
2026/04/29 15:45:51,353000,11.499
2026/04/29 15:45:51,354000,11.490
2026/04/29 15:45:51,355000,11.499
2026/04/29 15:45:51,356000,11.499
2026/04/29 15:45:51,357000,11.496
2026/04/29 15:45:51,358000,11.501
2026/04/29 15:45:51,359000,11.499
2026/04/29 15:45:51,360000,11.501
2026/04/29 15:45:51,361000,11.493
2026/04/29 15:45:51,362000,11.496
2026/04/29 15:45:51,363000,11.501
2026/04/29 15:45:51,364000,11.496
2026/04/29 15:45:51,365000,11.501
2026/04/29 15:45:51,366000,11.496
2026/04/29 15:45:51,367000,11.496
2026/04/29 15:45:51,368000,11.493
2026/04/29 15:45:51,369000,11.499
2026/04/29 15:45:51,370000,11.496
2026/04/29 15:45:51,371000,11.499
2026/04/29 15:45:51,372000,11.499
2026/04/29 15:45:51,373000,11.501
2026/04/29 15:45:51,374000,11.501
2026/04/29 15:45:51,375000,11.501
2026/04/29 15:45:51,376000,11.501
2026/04/29 15:45:51,377000,11.501
2026/04/29 15:45:51,378000,11.493
2026/04/29 15:45:51,379000,11.496
2026/04/29 15:45:51,380000,11.499
2026/04/29 15:45:51,381000,11.501
2026/04/29 15:45:51,382000,11.501
2026/04/29 15:45:51,383000,11.501
2026/04/29 15:45:51,384000,11.504
2026/04/29 15:45:51,385000,11.501
2026/04/29 15:45:51,386000,11.496
2026/04/29 15:45:51,387000,11.496
2026/04/29 15:45:51,388000,11.499
2026/04/29 15:45:51,389000,11.493
2026/04/29 15:45:51,390000,11.493
2026/04/29 15:45:51,391000,11.501
2026/04/29 15:45:51,392000,11.496
2026/04/29 15:45:51,393000,11.496
2026/04/29 15:45:51,394000,11.501
2026/04/29 15:45:51,395000,11.501
2026/04/29 15:45:51,396000,11.493
2026/04/29 15:45:51,397000,11.490
2026/04/29 15:45:51,398000,11.493
2026/04/29 15:45:51,399000,11.499
2026/04/29 15:45:51,400000,11.501
2026/04/29 15:45:51,401000,11.499
2026/04/29 15:45:51,402000,11.499
2026/04/29 15:45:51,403000,11.496
2026/04/29 15:45:51,404000,11.501
2026/04/29 15:45:51,405000,11.499
2026/04/29 15:45:51,406000,11.504
2026/04/29 15:45:51,407000,11.499
2026/04/29 15:45:51,408000,11.499
2026/04/29 15:45:51,409000,11.499
2026/04/29 15:45:51,410000,11.499
2026/04/29 15:45:51,411000,11.499
2026/04/29 15:45:51,412000,11.501
2026/04/29 15:45:51,413000,11.496
2026/04/29 15:45:51,414000,11.499
2026/04/29 15:45:51,415000,11.501
2026/04/29 15:45:51,416000,11.496
2026/04/29 15:45:51,417000,11.493
2026/04/29 15:45:51,418000,11.499
2026/04/29 15:45:51,419000,11.493
2026/04/29 15:45:51,420000,11.504
2026/04/29 15:45:51,421000,11.499
2026/04/29 15:45:51,422000,11.496
2026/04/29 15:45:51,423000,11.499
2026/04/29 15:45:51,424000,11.501
2026/04/29 15:45:51,425000,11.496
2026/04/29 15:45:51,426000,11.499
2026/04/29 15:45:51,427000,11.501
2026/04/29 15:45:51,428000,11.493
2026/04/29 15:45:51,429000,11.499
2026/04/29 15:45:51,430000,11.499
2026/04/29 15:45:51,431000,11.499
2026/04/29 15:45:51,432000,11.496
2026/04/29 15:45:51,433000,11.499
2026/04/29 15:45:51,434000,11.496
2026/04/29 15:45:51,435000,11.501
2026/04/29 15:45:51,436000,11.499
2026/04/29 15:45:51,437000,11.501
2026/04/29 15:45:51,438000,11.501
2026/04/29 15:45:51,439000,11.501
2026/04/29 15:45:51,440000,11.504
2026/04/29 15:45:51,441000,11.499
2026/04/29 15:45:51,442000,11.501
2026/04/29 15:45:51,443000,11.499
2026/04/29 15:45:51,444000,11.493
2026/04/29 15:45:51,445000,11.499
2026/04/29 15:45:51,446000,11.513
2026/04/29 15:45:51,447000,11.493
2026/04/29 15:45:51,448000,11.499
2026/04/29 15:45:51,449000,11.496
2026/04/29 15:45:51,450000,11.496
2026/04/29 15:45:51,451000,11.499
2026/04/29 15:45:51,452000,11.490
2026/04/29 15:45:51,453000,11.496
2026/04/29 15:45:51,454000,11.501
2026/04/29 15:45:51,455000,11.499
2026/04/29 15:45:51,456000,11.496
2026/04/29 15:45:51,457000,11.499
2026/04/29 15:45:51,458000,11.504
2026/04/29 15:45:51,459000,11.493
2026/04/29 15:45:51,460000,11.493
2026/04/29 15:45:51,461000,11.504
2026/04/29 15:45:51,462000,11.493
2026/04/29 15:45:51,463000,11.499
2026/04/29 15:45:51,464000,11.507
2026/04/29 15:45:51,465000,11.499
2026/04/29 15:45:51,466000,11.493
2026/04/29 15:45:51,467000,11.504
2026/04/29 15:45:51,468000,11.496
2026/04/29 15:45:51,469000,11.499
2026/04/29 15:45:51,470000,11.493
2026/04/29 15:45:51,471000,11.501
2026/04/29 15:45:51,472000,11.496
2026/04/29 15:45:51,473000,11.501
2026/04/29 15:45:51,474000,11.501
2026/04/29 15:45:51,475000,11.499
2026/04/29 15:45:51,476000,11.499
2026/04/29 15:45:51,477000,11.499
2026/04/29 15:45:51,478000,11.499
2026/04/29 15:45:51,479000,11.493
2026/04/29 15:45:51,480000,11.496
2026/04/29 15:45:51,481000,11.499
2026/04/29 15:45:51,482000,11.493
2026/04/29 15:45:51,483000,11.504
2026/04/29 15:45:51,484000,11.496
2026/04/29 15:45:51,485000,11.501
2026/04/29 15:45:51,486000,11.493
2026/04/29 15:45:51,487000,11.493
2026/04/29 15:45:51,488000,11.493
2026/04/29 15:45:51,489000,11.493
2026/04/29 15:45:51,490000,11.501
2026/04/29 15:45:51,491000,11.501
2026/04/29 15:45:51,492000,11.499
2026/04/29 15:45:51,493000,11.496
2026/04/29 15:45:51,494000,11.493
2026/04/29 15:45:51,495000,11.496
2026/04/29 15:45:51,496000,11.493
2026/04/29 15:45:51,497000,11.501
2026/04/29 15:45:51,498000,11.504
2026/04/29 15:45:51,499000,11.496
2026/04/29 15:45:51,500000,11.496
2026/04/29 15:45:51,501000,11.504
2026/04/29 15:45:51,502000,11.501
2026/04/29 15:45:51,503000,11.501
2026/04/29 15:45:51,504000,11.501
2026/04/29 15:45:51,505000,11.499
2026/04/29 15:45:51,506000,11.496
2026/04/29 15:45:51,507000,11.493
2026/04/29 15:45:51,508000,11.493
2026/04/29 15:45:51,509000,11.499
2026/04/29 15:45:51,510000,11.504
2026/04/29 15:45:51,511000,11.496
2026/04/29 15:45:51,512000,11.496
2026/04/29 15:45:51,513000,11.501
2026/04/29 15:45:51,514000,11.499
2026/04/29 15:45:51,515000,11.499
2026/04/29 15:45:51,516000,11.499
2026/04/29 15:45:51,517000,11.493
2026/04/29 15:45:51,518000,11.496
2026/04/29 15:45:51,519000,11.496
2026/04/29 15:45:51,520000,11.499
2026/04/29 15:45:51,521000,11.493
2026/04/29 15:45:51,522000,11.501
2026/04/29 15:45:51,523000,11.493
2026/04/29 15:45:51,524000,11.493
2026/04/29 15:45:51,525000,11.496
2026/04/29 15:45:51,526000,11.499
2026/04/29 15:45:51,527000,11.499
2026/04/29 15:45:51,528000,11.499
2026/04/29 15:45:51,529000,11.501
2026/04/29 15:45:51,530000,11.501
2026/04/29 15:45:51,531000,11.496
2026/04/29 15:45:51,532000,11.499
2026/04/29 15:45:51,533000,11.501
2026/04/29 15:45:51,534000,11.493
2026/04/29 15:45:51,535000,11.499
2026/04/29 15:45:51,536000,11.493
2026/04/29 15:45:51,537000,11.499
2026/04/29 15:45:51,538000,11.499
2026/04/29 15:45:51,539000,11.504
2026/04/29 15:45:51,540000,11.496
2026/04/29 15:45:51,541000,11.496
2026/04/29 15:45:51,542000,11.490
2026/04/29 15:45:51,543000,11.493
2026/04/29 15:45:51,544000,11.493
2026/04/29 15:45:51,545000,11.499
2026/04/29 15:45:51,546000,11.493
2026/04/29 15:45:51,547000,11.499
2026/04/29 15:45:51,548000,11.501
2026/04/29 15:45:51,549000,11.499
2026/04/29 15:45:51,550000,11.487
2026/04/29 15:45:51,551000,11.501
2026/04/29 15:45:51,552000,11.499
2026/04/29 15:45:51,553000,11.499
2026/04/29 15:45:51,554000,11.496
2026/04/29 15:45:51,555000,11.504
2026/04/29 15:45:51,556000,11.496
2026/04/29 15:45:51,557000,11.493
2026/04/29 15:45:51,558000,11.493
2026/04/29 15:45:51,559000,11.501
2026/04/29 15:45:51,560000,11.499
2026/04/29 15:45:51,561000,11.493
2026/04/29 15:45:51,562000,11.493
2026/04/29 15:45:51,563000,11.499
2026/04/29 15:45:51,564000,11.487
2026/04/29 15:45:51,565000,11.493
2026/04/29 15:45:51,566000,11.496
2026/04/29 15:45:51,567000,11.493
2026/04/29 15:45:51,568000,11.499
2026/04/29 15:45:51,569000,11.501
2026/04/29 15:45:51,570000,11.493
2026/04/29 15:45:51,571000,11.499
2026/04/29 15:45:51,572000,11.501
2026/04/29 15:45:51,573000,11.501
2026/04/29 15:45:51,574000,11.496
2026/04/29 15:45:51,575000,11.496
2026/04/29 15:45:51,576000,11.504
2026/04/29 15:45:51,577000,11.501
2026/04/29 15:45:51,578000,11.499
2026/04/29 15:45:51,579000,11.499
2026/04/29 15:45:51,580000,11.501
2026/04/29 15:45:51,581000,11.501
2026/04/29 15:45:51,582000,11.496
2026/04/29 15:45:51,583000,11.501
2026/04/29 15:45:51,584000,11.499
2026/04/29 15:45:51,585000,11.493
2026/04/29 15:45:51,586000,11.501
2026/04/29 15:45:51,587000,11.496
2026/04/29 15:45:51,588000,11.499
2026/04/29 15:45:51,589000,11.499
2026/04/29 15:45:51,590000,11.496
2026/04/29 15:45:51,591000,11.493
2026/04/29 15:45:51,592000,11.496
2026/04/29 15:45:51,593000,11.499
2026/04/29 15:45:51,594000,11.493
2026/04/29 15:45:51,595000,11.499
2026/04/29 15:45:51,596000,11.496
2026/04/29 15:45:51,597000,11.496
2026/04/29 15:45:51,598000,11.496
2026/04/29 15:45:51,599000,11.496
2026/04/29 15:45:51,600000,11.496
2026/04/29 15:45:51,601000,11.499
2026/04/29 15:45:51,602000,11.496
2026/04/29 15:45:51,603000,11.493
2026/04/29 15:45:51,604000,11.499
2026/04/29 15:45:51,605000,11.504
2026/04/29 15:45:51,606000,11.496
2026/04/29 15:45:51,607000,11.499
2026/04/29 15:45:51,608000,11.496
2026/04/29 15:45:51,609000,11.501
2026/04/29 15:45:51,610000,11.501
2026/04/29 15:45:51,611000,11.493
2026/04/29 15:45:51,612000,11.501
2026/04/29 15:45:51,613000,11.499
2026/04/29 15:45:51,614000,11.493
2026/04/29 15:45:51,615000,11.499
2026/04/29 15:45:51,616000,11.501
2026/04/29 15:45:51,617000,11.499
2026/04/29 15:45:51,618000,11.499
2026/04/29 15:45:51,619000,11.493
2026/04/29 15:45:51,620000,11.499
2026/04/29 15:45:51,621000,11.499
2026/04/29 15:45:51,622000,11.493
2026/04/29 15:45:51,623000,11.501
2026/04/29 15:45:51,624000,11.501
2026/04/29 15:45:51,625000,11.501
2026/04/29 15:45:51,626000,11.501
2026/04/29 15:45:51,627000,11.501
2026/04/29 15:45:51,628000,11.499
2026/04/29 15:45:51,629000,11.490
2026/04/29 15:45:51,630000,11.496
2026/04/29 15:45:51,631000,11.501
2026/04/29 15:45:51,632000,11.499
2026/04/29 15:45:51,633000,11.501
2026/04/29 15:45:51,634000,11.496
2026/04/29 15:45:51,635000,11.499
2026/04/29 15:45:51,636000,11.496
2026/04/29 15:45:51,637000,11.501
2026/04/29 15:45:51,638000,11.496
2026/04/29 15:45:51,639000,11.499
2026/04/29 15:45:51,640000,11.501
2026/04/29 15:45:51,641000,11.501
2026/04/29 15:45:51,642000,11.493
2026/04/29 15:45:51,643000,11.501
2026/04/29 15:45:51,644000,11.501
2026/04/29 15:45:51,645000,11.501
2026/04/29 15:45:51,646000,11.496
2026/04/29 15:45:51,647000,11.496
2026/04/29 15:45:51,648000,11.499
2026/04/29 15:45:51,649000,11.501
2026/04/29 15:45:51,650000,11.493
2026/04/29 15:45:51,651000,11.501
2026/04/29 15:45:51,652000,11.501
2026/04/29 15:45:51,653000,11.493
2026/04/29 15:45:51,654000,11.499
2026/04/29 15:45:51,655000,11.499
2026/04/29 15:45:51,656000,11.496
2026/04/29 15:45:51,657000,11.496
2026/04/29 15:45:51,658000,11.504
2026/04/29 15:45:51,659000,11.499
2026/04/29 15:45:51,660000,11.493
2026/04/29 15:45:51,661000,11.504
2026/04/29 15:45:51,662000,11.493
2026/04/29 15:45:51,663000,11.501
2026/04/29 15:45:51,664000,11.496
2026/04/29 15:45:51,665000,11.499
2026/04/29 15:45:51,666000,11.493
2026/04/29 15:45:51,667000,11.501
2026/04/29 15:45:51,668000,11.499
2026/04/29 15:45:51,669000,11.496
2026/04/29 15:45:51,670000,11.499
2026/04/29 15:45:51,671000,11.496
2026/04/29 15:45:51,672000,11.499
2026/04/29 15:45:51,673000,11.496
2026/04/29 15:45:51,674000,11.496
2026/04/29 15:45:51,675000,11.496
2026/04/29 15:45:51,676000,11.501
2026/04/29 15:45:51,677000,11.499
2026/04/29 15:45:51,678000,11.496
2026/04/29 15:45:51,679000,11.504
2026/04/29 15:45:51,680000,11.499
2026/04/29 15:45:51,681000,11.493
2026/04/29 15:45:51,682000,11.499
2026/04/29 15:45:51,683000,11.496
2026/04/29 15:45:51,684000,11.496
2026/04/29 15:45:51,685000,11.504
2026/04/29 15:45:51,686000,11.499
2026/04/29 15:45:51,687000,11.496
2026/04/29 15:45:51,688000,11.496
2026/04/29 15:45:51,689000,11.501
2026/04/29 15:45:51,690000,11.499
2026/04/29 15:45:51,691000,11.496
2026/04/29 15:45:51,692000,11.499
2026/04/29 15:45:51,693000,11.499
2026/04/29 15:45:51,694000,11.493
2026/04/29 15:45:51,695000,11.501
2026/04/29 15:45:51,696000,11.504
2026/04/29 15:45:51,697000,11.499
2026/04/29 15:45:51,698000,11.499
2026/04/29 15:45:51,699000,11.507
2026/04/29 15:45:51,700000,11.504
2026/04/29 15:45:51,701000,11.501
2026/04/29 15:45:51,702000,11.490
2026/04/29 15:45:51,703000,11.490
2026/04/29 15:45:51,704000,11.499
2026/04/29 15:45:51,705000,11.499
2026/04/29 15:45:51,706000,11.501
2026/04/29 15:45:51,707000,11.504
2026/04/29 15:45:51,708000,11.499
2026/04/29 15:45:51,709000,11.499
2026/04/29 15:45:51,710000,11.501
2026/04/29 15:45:51,711000,11.490
2026/04/29 15:45:51,712000,11.501
2026/04/29 15:45:51,713000,11.499
2026/04/29 15:45:51,714000,11.504
2026/04/29 15:45:51,715000,11.493
2026/04/29 15:45:51,716000,11.501
2026/04/29 15:45:51,717000,11.499
2026/04/29 15:45:51,718000,11.501
2026/04/29 15:45:51,719000,11.496
2026/04/29 15:45:51,720000,11.501
2026/04/29 15:45:51,721000,11.501
2026/04/29 15:45:51,722000,11.504
2026/04/29 15:45:51,723000,11.501
2026/04/29 15:45:51,724000,11.501
2026/04/29 15:45:51,725000,11.496
2026/04/29 15:45:51,726000,11.499
2026/04/29 15:45:51,727000,11.501
2026/04/29 15:45:51,728000,11.490
2026/04/29 15:45:51,729000,11.499
2026/04/29 15:45:51,730000,11.499
2026/04/29 15:45:51,731000,11.499
2026/04/29 15:45:51,732000,11.499
2026/04/29 15:45:51,733000,11.499
2026/04/29 15:45:51,734000,11.496
2026/04/29 15:45:51,735000,11.501
2026/04/29 15:45:51,736000,11.496
2026/04/29 15:45:51,737000,11.496
2026/04/29 15:45:51,738000,11.504
2026/04/29 15:45:51,739000,11.496
2026/04/29 15:45:51,740000,11.501
2026/04/29 15:45:51,741000,11.499
2026/04/29 15:45:51,742000,11.501
2026/04/29 15:45:51,743000,11.499
2026/04/29 15:45:51,744000,11.507
2026/04/29 15:45:51,745000,11.507
2026/04/29 15:45:51,746000,11.493
2026/04/29 15:45:51,747000,11.499
2026/04/29 15:45:51,748000,11.499
2026/04/29 15:45:51,749000,11.504
2026/04/29 15:45:51,750000,11.496
2026/04/29 15:45:51,751000,11.504
2026/04/29 15:45:51,752000,11.504
2026/04/29 15:45:51,753000,11.501
2026/04/29 15:45:51,754000,11.501
2026/04/29 15:45:51,755000,11.490
2026/04/29 15:45:51,756000,11.499
2026/04/29 15:45:51,757000,11.496
2026/04/29 15:45:51,758000,11.496
2026/04/29 15:45:51,759000,11.504
2026/04/29 15:45:51,760000,11.499
2026/04/29 15:45:51,761000,11.499
2026/04/29 15:45:51,762000,11.496
2026/04/29 15:45:51,763000,11.499
2026/04/29 15:45:51,764000,11.499
2026/04/29 15:45:51,765000,11.496
2026/04/29 15:45:51,766000,11.499
2026/04/29 15:45:51,767000,11.499
2026/04/29 15:45:51,768000,11.493
2026/04/29 15:45:51,769000,11.496
2026/04/29 15:45:51,770000,11.496
2026/04/29 15:45:51,771000,11.499
2026/04/29 15:45:51,772000,11.499
2026/04/29 15:45:51,773000,11.493
2026/04/29 15:45:51,774000,11.499
2026/04/29 15:45:51,775000,11.501
2026/04/29 15:45:51,776000,11.493
2026/04/29 15:45:51,777000,11.504
2026/04/29 15:45:51,778000,11.499
2026/04/29 15:45:51,779000,11.501
2026/04/29 15:45:51,780000,11.496
2026/04/29 15:45:51,781000,11.493
2026/04/29 15:45:51,782000,11.496
2026/04/29 15:45:51,783000,11.501
2026/04/29 15:45:51,784000,11.499
2026/04/29 15:45:51,785000,11.501
2026/04/29 15:45:51,786000,11.499
2026/04/29 15:45:51,787000,11.499
2026/04/29 15:45:51,788000,11.501
2026/04/29 15:45:51,789000,11.499
2026/04/29 15:45:51,790000,11.496
2026/04/29 15:45:51,791000,11.493
2026/04/29 15:45:51,792000,11.496
2026/04/29 15:45:51,793000,11.496
2026/04/29 15:45:51,794000,11.499
2026/04/29 15:45:51,795000,11.499
2026/04/29 15:45:51,796000,11.504
2026/04/29 15:45:51,797000,11.499
2026/04/29 15:45:51,798000,11.499
2026/04/29 15:45:51,799000,11.504
2026/04/29 15:45:51,800000,11.493
2026/04/29 15:45:51,801000,11.499
2026/04/29 15:45:51,802000,11.493
2026/04/29 15:45:51,803000,11.501
2026/04/29 15:45:51,804000,11.501
2026/04/29 15:45:51,805000,11.501
2026/04/29 15:45:51,806000,11.499
2026/04/29 15:45:51,807000,11.490
2026/04/29 15:45:51,808000,11.499
2026/04/29 15:45:51,809000,11.499
2026/04/29 15:45:51,810000,11.499
2026/04/29 15:45:51,811000,11.493
2026/04/29 15:45:51,812000,11.499
2026/04/29 15:45:51,813000,11.496
2026/04/29 15:45:51,814000,11.501
2026/04/29 15:45:51,815000,11.499
2026/04/29 15:45:51,816000,11.493
2026/04/29 15:45:51,817000,11.496
2026/04/29 15:45:51,818000,11.507
2026/04/29 15:45:51,819000,11.499
2026/04/29 15:45:51,820000,11.501
2026/04/29 15:45:51,821000,11.499
2026/04/29 15:45:51,822000,11.499
2026/04/29 15:45:51,823000,11.499
2026/04/29 15:45:51,824000,11.490
2026/04/29 15:45:51,825000,11.496
2026/04/29 15:45:51,826000,11.501
2026/04/29 15:45:51,827000,11.496
2026/04/29 15:45:51,828000,11.501
2026/04/29 15:45:51,829000,11.501
2026/04/29 15:45:51,830000,11.504
2026/04/29 15:45:51,831000,11.493
2026/04/29 15:45:51,832000,11.499
2026/04/29 15:45:51,833000,11.496
2026/04/29 15:45:51,834000,11.499
2026/04/29 15:45:51,835000,11.501
2026/04/29 15:45:51,836000,11.501
2026/04/29 15:45:51,837000,11.499
2026/04/29 15:45:51,838000,11.501
2026/04/29 15:45:51,839000,11.493
2026/04/29 15:45:51,840000,11.499
2026/04/29 15:45:51,841000,11.501
2026/04/29 15:45:51,842000,11.501
2026/04/29 15:45:51,843000,11.499
2026/04/29 15:45:51,844000,11.504
2026/04/29 15:45:51,845000,11.493
2026/04/29 15:45:51,846000,11.499
2026/04/29 15:45:51,847000,11.499
2026/04/29 15:45:51,848000,11.501
2026/04/29 15:45:51,849000,11.499
2026/04/29 15:45:51,850000,11.501
2026/04/29 15:45:51,851000,11.499
2026/04/29 15:45:51,852000,11.493
2026/04/29 15:45:51,853000,11.496
2026/04/29 15:45:51,854000,11.504
2026/04/29 15:45:51,855000,11.499
2026/04/29 15:45:51,856000,11.496
2026/04/29 15:45:51,857000,11.499
2026/04/29 15:45:51,858000,11.496
2026/04/29 15:45:51,859000,11.493
2026/04/29 15:45:51,860000,11.499
2026/04/29 15:45:51,861000,11.499
2026/04/29 15:45:51,862000,11.501
2026/04/29 15:45:51,863000,11.501
2026/04/29 15:45:51,864000,11.501
2026/04/29 15:45:51,865000,11.499
2026/04/29 15:45:51,866000,11.501
2026/04/29 15:45:51,867000,11.493
2026/04/29 15:45:51,868000,11.496
2026/04/29 15:45:51,869000,11.496
2026/04/29 15:45:51,870000,11.496
2026/04/29 15:45:51,871000,11.493
2026/04/29 15:45:51,872000,11.499
2026/04/29 15:45:51,873000,11.499
2026/04/29 15:45:51,874000,11.493
2026/04/29 15:45:51,875000,11.493
2026/04/29 15:45:51,876000,11.501
2026/04/29 15:45:51,877000,11.496
2026/04/29 15:45:51,878000,11.499
2026/04/29 15:45:51,879000,11.501
2026/04/29 15:45:51,880000,11.493
2026/04/29 15:45:51,881000,11.496
2026/04/29 15:45:51,882000,11.496
2026/04/29 15:45:51,883000,11.501
2026/04/29 15:45:51,884000,11.493
2026/04/29 15:45:51,885000,11.499
2026/04/29 15:45:51,886000,11.501
2026/04/29 15:45:51,887000,11.496
2026/04/29 15:45:51,888000,11.501
2026/04/29 15:45:51,889000,11.499
2026/04/29 15:45:51,890000,11.496
2026/04/29 15:45:51,891000,11.493
2026/04/29 15:45:51,892000,11.501
2026/04/29 15:45:51,893000,11.499
2026/04/29 15:45:51,894000,11.499
2026/04/29 15:45:51,895000,11.499
2026/04/29 15:45:51,896000,11.496
2026/04/29 15:45:51,897000,11.493
2026/04/29 15:45:51,898000,11.499
2026/04/29 15:45:51,899000,11.496
2026/04/29 15:45:51,900000,11.496
2026/04/29 15:45:51,901000,11.501
2026/04/29 15:45:51,902000,11.496
2026/04/29 15:45:51,903000,11.499
2026/04/29 15:45:51,904000,11.496
2026/04/29 15:45:51,905000,11.499
2026/04/29 15:45:51,906000,11.499
2026/04/29 15:45:51,907000,11.493
2026/04/29 15:45:51,908000,11.501
2026/04/29 15:45:51,909000,11.499
2026/04/29 15:45:51,910000,11.504
2026/04/29 15:45:51,911000,11.499
2026/04/29 15:45:51,912000,11.501
2026/04/29 15:45:51,913000,11.499
2026/04/29 15:45:51,914000,11.493
2026/04/29 15:45:51,915000,11.504
2026/04/29 15:45:51,916000,11.496
2026/04/29 15:45:51,917000,11.499
2026/04/29 15:45:51,918000,11.490
2026/04/29 15:45:51,919000,11.490
2026/04/29 15:45:51,920000,11.496
2026/04/29 15:45:51,921000,11.504
2026/04/29 15:45:51,922000,11.504
2026/04/29 15:45:51,923000,11.493
2026/04/29 15:45:51,924000,11.499
2026/04/29 15:45:51,925000,11.499
2026/04/29 15:45:51,926000,11.504
2026/04/29 15:45:51,927000,11.499
2026/04/29 15:45:51,928000,11.501
2026/04/29 15:45:51,929000,11.499
2026/04/29 15:45:51,930000,11.504
2026/04/29 15:45:51,931000,11.501
2026/04/29 15:45:51,932000,11.496
2026/04/29 15:45:51,933000,11.499
2026/04/29 15:45:51,934000,11.499
2026/04/29 15:45:51,935000,11.493
2026/04/29 15:45:51,936000,11.493
2026/04/29 15:45:51,937000,11.499
2026/04/29 15:45:51,938000,11.496
2026/04/29 15:45:51,939000,11.499
2026/04/29 15:45:51,940000,11.499
2026/04/29 15:45:51,941000,11.490
2026/04/29 15:45:51,942000,11.504
2026/04/29 15:45:51,943000,11.496
2026/04/29 15:45:51,944000,11.499
2026/04/29 15:45:51,945000,11.499
2026/04/29 15:45:51,946000,11.499
2026/04/29 15:45:51,947000,11.496
2026/04/29 15:45:51,948000,11.493
2026/04/29 15:45:51,949000,11.499
2026/04/29 15:45:51,950000,11.490
2026/04/29 15:45:51,951000,11.501
2026/04/29 15:45:51,952000,11.496
2026/04/29 15:45:51,953000,11.493
2026/04/29 15:45:51,954000,11.499
2026/04/29 15:45:51,955000,11.493
2026/04/29 15:45:51,956000,11.496
2026/04/29 15:45:51,957000,11.496
2026/04/29 15:45:51,958000,11.501
2026/04/29 15:45:51,959000,11.499
2026/04/29 15:45:51,960000,11.499
2026/04/29 15:45:51,961000,11.499
2026/04/29 15:45:51,962000,11.504
2026/04/29 15:45:51,963000,11.499
2026/04/29 15:45:51,964000,11.501
2026/04/29 15:45:51,965000,11.493
2026/04/29 15:45:51,966000,11.499
2026/04/29 15:45:51,967000,11.499
2026/04/29 15:45:51,968000,11.493
2026/04/29 15:45:51,969000,11.493
2026/04/29 15:45:51,970000,11.496
2026/04/29 15:45:51,971000,11.499
2026/04/29 15:45:51,972000,11.496
2026/04/29 15:45:51,973000,11.493
2026/04/29 15:45:51,974000,11.499
2026/04/29 15:45:51,975000,11.504
2026/04/29 15:45:51,976000,11.499
2026/04/29 15:45:51,977000,11.501
2026/04/29 15:45:51,978000,11.496
2026/04/29 15:45:51,979000,11.496
2026/04/29 15:45:51,980000,11.501
2026/04/29 15:45:51,981000,11.496
2026/04/29 15:45:51,982000,11.501
2026/04/29 15:45:51,983000,11.493
2026/04/29 15:45:51,984000,11.504
2026/04/29 15:45:51,985000,11.496
2026/04/29 15:45:51,986000,11.493
2026/04/29 15:45:51,987000,11.499
2026/04/29 15:45:51,988000,11.504
2026/04/29 15:45:51,989000,11.499
2026/04/29 15:45:51,990000,11.493
2026/04/29 15:45:51,991000,11.493
2026/04/29 15:45:51,992000,11.496
2026/04/29 15:45:51,993000,11.501
2026/04/29 15:45:51,994000,11.501
2026/04/29 15:45:51,995000,11.496
2026/04/29 15:45:51,996000,11.490
2026/04/29 15:45:51,997000,11.499
2026/04/29 15:45:51,998000,11.501
2026/04/29 15:45:51,999000,11.499
2026/04/29 15:45:52,000000,11.496
2026/04/29 15:45:52,001000,11.504
2026/04/29 15:45:52,002000,11.496
2026/04/29 15:45:52,003000,11.501
2026/04/29 15:45:52,004000,11.493
2026/04/29 15:45:52,005000,11.490
2026/04/29 15:45:52,006000,11.493
2026/04/29 15:45:52,007000,11.501
2026/04/29 15:45:52,008000,11.499
2026/04/29 15:45:52,009000,11.496
2026/04/29 15:45:52,010000,11.501
2026/04/29 15:45:52,011000,11.499
2026/04/29 15:45:52,012000,11.499
2026/04/29 15:45:52,013000,11.499
2026/04/29 15:45:52,014000,11.493
2026/04/29 15:45:52,015000,11.496
2026/04/29 15:45:52,016000,11.501
2026/04/29 15:45:52,017000,11.499
2026/04/29 15:45:52,018000,11.499
2026/04/29 15:45:52,019000,11.504
2026/04/29 15:45:52,020000,11.499
2026/04/29 15:45:52,021000,11.496
2026/04/29 15:45:52,022000,11.496
2026/04/29 15:45:52,023000,11.493
2026/04/29 15:45:52,024000,11.499
2026/04/29 15:45:52,025000,11.496
2026/04/29 15:45:52,026000,11.504
2026/04/29 15:45:52,027000,11.496
2026/04/29 15:45:52,028000,11.504
2026/04/29 15:45:52,029000,11.496
2026/04/29 15:45:52,030000,11.496
2026/04/29 15:45:52,031000,11.499
2026/04/29 15:45:52,032000,11.501
2026/04/29 15:45:52,033000,11.501
2026/04/29 15:45:52,034000,11.504
2026/04/29 15:45:52,035000,11.499
2026/04/29 15:45:52,036000,11.499
2026/04/29 15:45:52,037000,11.496
2026/04/29 15:45:52,038000,11.493
2026/04/29 15:45:52,039000,11.507
2026/04/29 15:45:52,040000,11.499
2026/04/29 15:45:52,041000,11.501
2026/04/29 15:45:52,042000,11.487
2026/04/29 15:45:52,043000,11.499
2026/04/29 15:45:52,044000,11.496
2026/04/29 15:45:52,045000,11.496
2026/04/29 15:45:52,046000,11.493
2026/04/29 15:45:52,047000,11.493
2026/04/29 15:45:52,048000,11.493
2026/04/29 15:45:52,049000,11.499
2026/04/29 15:45:52,050000,11.499
2026/04/29 15:45:52,051000,11.501
2026/04/29 15:45:52,052000,11.493
2026/04/29 15:45:52,053000,11.499
2026/04/29 15:45:52,054000,11.499
2026/04/29 15:45:52,055000,11.493
2026/04/29 15:45:52,056000,11.496
2026/04/29 15:45:52,057000,11.496
2026/04/29 15:45:52,058000,11.501
2026/04/29 15:45:52,059000,11.496
2026/04/29 15:45:52,060000,11.493
2026/04/29 15:45:52,061000,11.499
2026/04/29 15:45:52,062000,11.493
2026/04/29 15:45:52,063000,11.504
2026/04/29 15:45:52,064000,11.493
2026/04/29 15:45:52,065000,11.490
2026/04/29 15:45:52,066000,11.496
2026/04/29 15:45:52,067000,11.501
2026/04/29 15:45:52,068000,11.499
2026/04/29 15:45:52,069000,11.501
2026/04/29 15:45:52,070000,11.499
2026/04/29 15:45:52,071000,11.501
2026/04/29 15:45:52,072000,11.499
2026/04/29 15:45:52,073000,11.499
2026/04/29 15:45:52,074000,11.499
2026/04/29 15:45:52,075000,11.493
2026/04/29 15:45:52,076000,11.501
2026/04/29 15:45:52,077000,11.501
2026/04/29 15:45:52,078000,11.499
2026/04/29 15:45:52,079000,11.493
2026/04/29 15:45:52,080000,11.501
2026/04/29 15:45:52,081000,11.493
2026/04/29 15:45:52,082000,11.501
2026/04/29 15:45:52,083000,11.499
2026/04/29 15:45:52,084000,11.499
2026/04/29 15:45:52,085000,11.496
2026/04/29 15:45:52,086000,11.501
2026/04/29 15:45:52,087000,11.493
2026/04/29 15:45:52,088000,11.496
2026/04/29 15:45:52,089000,11.501
2026/04/29 15:45:52,090000,11.504
2026/04/29 15:45:52,091000,11.499
2026/04/29 15:45:52,092000,11.493
2026/04/29 15:45:52,093000,11.499
2026/04/29 15:45:52,094000,11.493
2026/04/29 15:45:52,095000,11.499
2026/04/29 15:45:52,096000,11.499
2026/04/29 15:45:52,097000,11.496
2026/04/29 15:45:52,098000,11.496
2026/04/29 15:45:52,099000,11.499
2026/04/29 15:45:52,100000,11.501
2026/04/29 15:45:52,101000,11.496
2026/04/29 15:45:52,102000,11.504
2026/04/29 15:45:52,103000,11.499
2026/04/29 15:45:52,104000,11.493
2026/04/29 15:45:52,105000,11.499
2026/04/29 15:45:52,106000,11.501
2026/04/29 15:45:52,107000,11.499
2026/04/29 15:45:52,108000,11.499
2026/04/29 15:45:52,109000,11.501
2026/04/29 15:45:52,110000,11.504
2026/04/29 15:45:52,111000,11.496
2026/04/29 15:45:52,112000,11.496
2026/04/29 15:45:52,113000,11.499
2026/04/29 15:45:52,114000,11.496
2026/04/29 15:45:52,115000,11.504
2026/04/29 15:45:52,116000,11.504
2026/04/29 15:45:52,117000,11.493
2026/04/29 15:45:52,118000,11.496
2026/04/29 15:45:52,119000,11.496
2026/04/29 15:45:52,120000,11.499
2026/04/29 15:45:52,121000,11.499
2026/04/29 15:45:52,122000,11.493
2026/04/29 15:45:52,123000,11.496
2026/04/29 15:45:52,124000,11.493
2026/04/29 15:45:52,125000,11.496
2026/04/29 15:45:52,126000,11.496
2026/04/29 15:45:52,127000,11.499
2026/04/29 15:45:52,128000,11.501
2026/04/29 15:45:52,129000,11.493
2026/04/29 15:45:52,130000,11.490
2026/04/29 15:45:52,131000,11.501
2026/04/29 15:45:52,132000,11.499
2026/04/29 15:45:52,133000,11.499
2026/04/29 15:45:52,134000,11.504
2026/04/29 15:45:52,135000,11.501
2026/04/29 15:45:52,136000,11.499
2026/04/29 15:45:52,137000,11.496
2026/04/29 15:45:52,138000,11.499
2026/04/29 15:45:52,139000,11.493
2026/04/29 15:45:52,140000,11.496
2026/04/29 15:45:52,141000,11.496
2026/04/29 15:45:52,142000,11.501
2026/04/29 15:45:52,143000,11.496
2026/04/29 15:45:52,144000,11.493
2026/04/29 15:45:52,145000,11.499
2026/04/29 15:45:52,146000,11.501
2026/04/29 15:45:52,147000,11.493
2026/04/29 15:45:52,148000,11.499
2026/04/29 15:45:52,149000,11.499
2026/04/29 15:45:52,150000,11.501
2026/04/29 15:45:52,151000,11.499
2026/04/29 15:45:52,152000,11.499
2026/04/29 15:45:52,153000,11.490
2026/04/29 15:45:52,154000,11.496
2026/04/29 15:45:52,155000,11.493
2026/04/29 15:45:52,156000,11.493
2026/04/29 15:45:52,157000,11.496
2026/04/29 15:45:52,158000,11.518
2026/04/29 15:45:52,159000,11.499
2026/04/29 15:45:52,160000,11.496
2026/04/29 15:45:52,161000,11.504
2026/04/29 15:45:52,162000,11.496
2026/04/29 15:45:52,163000,11.501
2026/04/29 15:45:52,164000,11.504
2026/04/29 15:45:52,165000,11.496
2026/04/29 15:45:52,166000,11.499
2026/04/29 15:45:52,167000,11.499
2026/04/29 15:45:52,168000,11.504
2026/04/29 15:45:52,169000,11.499
2026/04/29 15:45:52,170000,11.499
2026/04/29 15:45:52,171000,11.496
2026/04/29 15:45:52,172000,11.493
2026/04/29 15:45:52,173000,11.493
2026/04/29 15:45:52,174000,11.501
2026/04/29 15:45:52,175000,11.504
2026/04/29 15:45:52,176000,11.499
2026/04/29 15:45:52,177000,11.499
2026/04/29 15:45:52,178000,11.501
2026/04/29 15:45:52,179000,11.496
2026/04/29 15:45:52,180000,11.499
2026/04/29 15:45:52,181000,11.496
2026/04/29 15:45:52,182000,11.499
2026/04/29 15:45:52,183000,11.501
2026/04/29 15:45:52,184000,11.504
2026/04/29 15:45:52,185000,11.496
2026/04/29 15:45:52,186000,11.493
2026/04/29 15:45:52,187000,11.504
2026/04/29 15:45:52,188000,11.501
2026/04/29 15:45:52,189000,11.496
2026/04/29 15:45:52,190000,11.499
2026/04/29 15:45:52,191000,11.501
2026/04/29 15:45:52,192000,11.493
2026/04/29 15:45:52,193000,11.493
2026/04/29 15:45:52,194000,11.496
2026/04/29 15:45:52,195000,11.493
2026/04/29 15:45:52,196000,11.499
2026/04/29 15:45:52,197000,11.496
2026/04/29 15:45:52,198000,11.501
2026/04/29 15:45:52,199000,11.496
2026/04/29 15:45:52,200000,11.504
2026/04/29 15:45:52,201000,11.501
2026/04/29 15:45:52,202000,11.496
2026/04/29 15:45:52,203000,11.499
2026/04/29 15:45:52,204000,11.499
2026/04/29 15:45:52,205000,11.493
2026/04/29 15:45:52,206000,11.501
2026/04/29 15:45:52,207000,11.501
2026/04/29 15:45:52,208000,11.499
2026/04/29 15:45:52,209000,11.501
2026/04/29 15:45:52,210000,11.496
2026/04/29 15:45:52,211000,11.499
2026/04/29 15:45:52,212000,11.501
2026/04/29 15:45:52,213000,11.493
2026/04/29 15:45:52,214000,11.499
2026/04/29 15:45:52,215000,11.496
2026/04/29 15:45:52,216000,11.496
2026/04/29 15:45:52,217000,11.499
2026/04/29 15:45:52,218000,11.499
2026/04/29 15:45:52,219000,11.496
2026/04/29 15:45:52,220000,11.499
2026/04/29 15:45:52,221000,11.501
2026/04/29 15:45:52,222000,11.499
2026/04/29 15:45:52,223000,11.501
2026/04/29 15:45:52,224000,11.490
2026/04/29 15:45:52,225000,11.496
2026/04/29 15:45:52,226000,11.504
2026/04/29 15:45:52,227000,11.501
2026/04/29 15:45:52,228000,11.487
2026/04/29 15:45:52,229000,11.487
2026/04/29 15:45:52,230000,11.493
2026/04/29 15:45:52,231000,11.499
2026/04/29 15:45:52,232000,11.499
2026/04/29 15:45:52,233000,11.499
2026/04/29 15:45:52,234000,11.499
2026/04/29 15:45:52,235000,11.499
2026/04/29 15:45:52,236000,11.493
2026/04/29 15:45:52,237000,11.496
2026/04/29 15:45:52,238000,11.493
2026/04/29 15:45:52,239000,11.493
2026/04/29 15:45:52,240000,11.493
2026/04/29 15:45:52,241000,11.496
2026/04/29 15:45:52,242000,11.501
2026/04/29 15:45:52,243000,11.501
2026/04/29 15:45:52,244000,11.501
2026/04/29 15:45:52,245000,11.499
2026/04/29 15:45:52,246000,11.499
2026/04/29 15:45:52,247000,11.504
2026/04/29 15:45:52,248000,11.499
2026/04/29 15:45:52,249000,11.501
2026/04/29 15:45:52,250000,11.501
2026/04/29 15:45:52,251000,11.501
2026/04/29 15:45:52,252000,11.496
2026/04/29 15:45:52,253000,11.504
2026/04/29 15:45:52,254000,11.501
2026/04/29 15:45:52,255000,11.496
2026/04/29 15:45:52,256000,11.504
2026/04/29 15:45:52,257000,11.496
2026/04/29 15:45:52,258000,11.501
2026/04/29 15:45:52,259000,11.496
2026/04/29 15:45:52,260000,11.496
2026/04/29 15:45:52,261000,11.499
2026/04/29 15:45:52,262000,11.499
2026/04/29 15:45:52,263000,11.501
2026/04/29 15:45:52,264000,11.501
2026/04/29 15:45:52,265000,11.499
2026/04/29 15:45:52,266000,11.499
2026/04/29 15:45:52,267000,11.501
2026/04/29 15:45:52,268000,11.499
2026/04/29 15:45:52,269000,11.501
2026/04/29 15:45:52,270000,11.496
2026/04/29 15:45:52,271000,11.493
2026/04/29 15:45:52,272000,11.496
2026/04/29 15:45:52,273000,11.493
2026/04/29 15:45:52,274000,11.499
2026/04/29 15:45:52,275000,11.496
2026/04/29 15:45:52,276000,11.499
2026/04/29 15:45:52,277000,11.499
2026/04/29 15:45:52,278000,11.496
2026/04/29 15:45:52,279000,11.510
2026/04/29 15:45:52,280000,11.493
2026/04/29 15:45:52,281000,11.501
2026/04/29 15:45:52,282000,11.496
2026/04/29 15:45:52,283000,11.487
2026/04/29 15:45:52,284000,11.504
2026/04/29 15:45:52,285000,11.499
2026/04/29 15:45:52,286000,11.496
2026/04/29 15:45:52,287000,11.496
2026/04/29 15:45:52,288000,11.501
2026/04/29 15:45:52,289000,11.493
2026/04/29 15:45:52,290000,11.501
2026/04/29 15:45:52,291000,11.493
2026/04/29 15:45:52,292000,11.499
2026/04/29 15:45:52,293000,11.499
2026/04/29 15:45:52,294000,11.507
2026/04/29 15:45:52,295000,11.499
2026/04/29 15:45:52,296000,11.496
2026/04/29 15:45:52,297000,11.501
2026/04/29 15:45:52,298000,11.499
2026/04/29 15:45:52,299000,11.496
2026/04/29 15:45:52,300000,11.501
2026/04/29 15:45:52,301000,11.499
2026/04/29 15:45:52,302000,11.496
2026/04/29 15:45:52,303000,11.493
2026/04/29 15:45:52,304000,11.501
2026/04/29 15:45:52,305000,11.499
2026/04/29 15:45:52,306000,11.496
2026/04/29 15:45:52,307000,11.501
2026/04/29 15:45:52,308000,11.504
2026/04/29 15:45:52,309000,11.499
2026/04/29 15:45:52,310000,11.499
2026/04/29 15:45:52,311000,11.496
2026/04/29 15:45:52,312000,11.499
2026/04/29 15:45:52,313000,11.501
2026/04/29 15:45:52,314000,11.501
2026/04/29 15:45:52,315000,11.499
2026/04/29 15:45:52,316000,11.499
2026/04/29 15:45:52,317000,11.504
2026/04/29 15:45:52,318000,11.496
2026/04/29 15:45:52,319000,11.499
2026/04/29 15:45:52,320000,11.496
2026/04/29 15:45:52,321000,11.501
2026/04/29 15:45:52,322000,11.501
2026/04/29 15:45:52,323000,11.504
2026/04/29 15:45:52,324000,11.490
2026/04/29 15:45:52,325000,11.499
2026/04/29 15:45:52,326000,11.499
2026/04/29 15:45:52,327000,11.493
2026/04/29 15:45:52,328000,11.501
2026/04/29 15:45:52,329000,11.499
2026/04/29 15:45:52,330000,11.499
2026/04/29 15:45:52,331000,11.501
2026/04/29 15:45:52,332000,11.493
2026/04/29 15:45:52,333000,11.493
2026/04/29 15:45:52,334000,11.496
2026/04/29 15:45:52,335000,11.499
2026/04/29 15:45:52,336000,11.501
2026/04/29 15:45:52,337000,11.499
2026/04/29 15:45:52,338000,11.493
2026/04/29 15:45:52,339000,11.499
2026/04/29 15:45:52,340000,11.501
2026/04/29 15:45:52,341000,11.499
2026/04/29 15:45:52,342000,11.496
2026/04/29 15:45:52,343000,11.493
2026/04/29 15:45:52,344000,11.504
2026/04/29 15:45:52,345000,11.501
2026/04/29 15:45:52,346000,11.501
2026/04/29 15:45:52,347000,11.496
2026/04/29 15:45:52,348000,11.493
2026/04/29 15:45:52,349000,11.493
2026/04/29 15:45:52,350000,11.493
2026/04/29 15:45:52,351000,11.499
2026/04/29 15:45:52,352000,11.493
2026/04/29 15:45:52,353000,11.499
2026/04/29 15:45:52,354000,11.501
2026/04/29 15:45:52,355000,11.499
2026/04/29 15:45:52,356000,11.501
2026/04/29 15:45:52,357000,11.496
2026/04/29 15:45:52,358000,11.499
2026/04/29 15:45:52,359000,11.496
2026/04/29 15:45:52,360000,11.493
2026/04/29 15:45:52,361000,11.493
2026/04/29 15:45:52,362000,11.499
2026/04/29 15:45:52,363000,11.501
2026/04/29 15:45:52,364000,11.493
2026/04/29 15:45:52,365000,11.507
2026/04/29 15:45:52,366000,11.490
2026/04/29 15:45:52,367000,11.501
2026/04/29 15:45:52,368000,11.499
2026/04/29 15:45:52,369000,11.493
2026/04/29 15:45:52,370000,11.499
2026/04/29 15:45:52,371000,11.501
2026/04/29 15:45:52,372000,11.493
2026/04/29 15:45:52,373000,11.501
2026/04/29 15:45:52,374000,11.501
2026/04/29 15:45:52,375000,11.499
2026/04/29 15:45:52,376000,11.493
2026/04/29 15:45:52,377000,11.493
2026/04/29 15:45:52,378000,11.501
2026/04/29 15:45:52,379000,11.501
2026/04/29 15:45:52,380000,11.496
2026/04/29 15:45:52,381000,11.504
2026/04/29 15:45:52,382000,11.501
2026/04/29 15:45:52,383000,11.496
2026/04/29 15:45:52,384000,11.499
2026/04/29 15:45:52,385000,11.501
2026/04/29 15:45:52,386000,11.499
2026/04/29 15:45:52,387000,11.496
2026/04/29 15:45:52,388000,11.493
2026/04/29 15:45:52,389000,11.496
2026/04/29 15:45:52,390000,11.496
2026/04/29 15:45:52,391000,11.499
2026/04/29 15:45:52,392000,11.496
2026/04/29 15:45:52,393000,11.493
2026/04/29 15:45:52,394000,11.499
2026/04/29 15:45:52,395000,11.499
2026/04/29 15:45:52,396000,11.499
2026/04/29 15:45:52,397000,11.499
2026/04/29 15:45:52,398000,11.496
2026/04/29 15:45:52,399000,11.501
2026/04/29 15:45:52,400000,11.504
2026/04/29 15:45:52,401000,11.493
2026/04/29 15:45:52,402000,11.496
2026/04/29 15:45:52,403000,11.496
2026/04/29 15:45:52,404000,11.499
2026/04/29 15:45:52,405000,11.504
2026/04/29 15:45:52,406000,11.499
2026/04/29 15:45:52,407000,11.496
2026/04/29 15:45:52,408000,11.496
2026/04/29 15:45:52,409000,11.493
2026/04/29 15:45:52,410000,11.499
2026/04/29 15:45:52,411000,11.496
2026/04/29 15:45:52,412000,11.501
2026/04/29 15:45:52,413000,11.501
2026/04/29 15:45:52,414000,11.493
2026/04/29 15:45:52,415000,11.496
2026/04/29 15:45:52,416000,11.504
2026/04/29 15:45:52,417000,11.496
2026/04/29 15:45:52,418000,11.499
2026/04/29 15:45:52,419000,11.496
2026/04/29 15:45:52,420000,11.501
2026/04/29 15:45:52,421000,11.504
2026/04/29 15:45:52,422000,11.499
2026/04/29 15:45:52,423000,11.499
2026/04/29 15:45:52,424000,11.501
2026/04/29 15:45:52,425000,11.499
2026/04/29 15:45:52,426000,11.493
2026/04/29 15:45:52,427000,11.493
2026/04/29 15:45:52,428000,11.496
2026/04/29 15:45:52,429000,11.515
2026/04/29 15:45:52,430000,11.493
2026/04/29 15:45:52,431000,11.499
2026/04/29 15:45:52,432000,11.493
2026/04/29 15:45:52,433000,11.499
2026/04/29 15:45:52,434000,11.499
2026/04/29 15:45:52,435000,11.490
2026/04/29 15:45:52,436000,11.501
2026/04/29 15:45:52,437000,11.496
2026/04/29 15:45:52,438000,11.493
2026/04/29 15:45:52,439000,11.493
2026/04/29 15:45:52,440000,11.501
2026/04/29 15:45:52,441000,11.496
2026/04/29 15:45:52,442000,11.496
2026/04/29 15:45:52,443000,11.493
2026/04/29 15:45:52,444000,11.493
2026/04/29 15:45:52,445000,11.499
2026/04/29 15:45:52,446000,11.493
2026/04/29 15:45:52,447000,11.501
2026/04/29 15:45:52,448000,11.504
2026/04/29 15:45:52,449000,11.501
2026/04/29 15:45:52,450000,11.493
2026/04/29 15:45:52,451000,11.499
2026/04/29 15:45:52,452000,11.499
2026/04/29 15:45:52,453000,11.490
2026/04/29 15:45:52,454000,11.499
2026/04/29 15:45:52,455000,11.499
2026/04/29 15:45:52,456000,11.499
2026/04/29 15:45:52,457000,11.496
2026/04/29 15:45:52,458000,11.490
2026/04/29 15:45:52,459000,11.493
2026/04/29 15:45:52,460000,11.493
2026/04/29 15:45:52,461000,11.499
2026/04/29 15:45:52,462000,11.493
2026/04/29 15:45:52,463000,11.504
2026/04/29 15:45:52,464000,11.499
2026/04/29 15:45:52,465000,11.490
2026/04/29 15:45:52,466000,11.499
2026/04/29 15:45:52,467000,11.493
2026/04/29 15:45:52,468000,11.501
2026/04/29 15:45:52,469000,11.501
2026/04/29 15:45:52,470000,11.504
2026/04/29 15:45:52,471000,11.496
2026/04/29 15:45:52,472000,11.499
2026/04/29 15:45:52,473000,11.499
2026/04/29 15:45:52,474000,11.501
2026/04/29 15:45:52,475000,11.493
2026/04/29 15:45:52,476000,11.496
2026/04/29 15:45:52,477000,11.496
2026/04/29 15:45:52,478000,11.504
2026/04/29 15:45:52,479000,11.493
2026/04/29 15:45:52,480000,11.496
2026/04/29 15:45:52,481000,11.501
2026/04/29 15:45:52,482000,11.504
2026/04/29 15:45:52,483000,11.496
2026/04/29 15:45:52,484000,11.504
2026/04/29 15:45:52,485000,11.501
2026/04/29 15:45:52,486000,11.504
2026/04/29 15:45:52,487000,11.499
2026/04/29 15:45:52,488000,11.499
2026/04/29 15:45:52,489000,11.499
2026/04/29 15:45:52,490000,11.493
2026/04/29 15:45:52,491000,11.499
2026/04/29 15:45:52,492000,11.499
2026/04/29 15:45:52,493000,11.496
2026/04/29 15:45:52,494000,11.499
2026/04/29 15:45:52,495000,11.499
2026/04/29 15:45:52,496000,11.493
2026/04/29 15:45:52,497000,11.499
2026/04/29 15:45:52,498000,11.493
2026/04/29 15:45:52,499000,11.493
2026/04/29 15:45:52,500000,11.501
2026/04/29 15:45:52,501000,11.493
2026/04/29 15:45:52,502000,11.501
2026/04/29 15:45:52,503000,11.499
2026/04/29 15:45:52,504000,11.496
2026/04/29 15:45:52,505000,11.496
2026/04/29 15:45:52,506000,11.493
2026/04/29 15:45:52,507000,11.499
2026/04/29 15:45:52,508000,11.496
2026/04/29 15:45:52,509000,11.499
2026/04/29 15:45:52,510000,11.501
2026/04/29 15:45:52,511000,11.501
2026/04/29 15:45:52,512000,11.493
2026/04/29 15:45:52,513000,11.501
2026/04/29 15:45:52,514000,11.496
2026/04/29 15:45:52,515000,11.501
2026/04/29 15:45:52,516000,11.499
2026/04/29 15:45:52,517000,11.499
2026/04/29 15:45:52,518000,11.496
2026/04/29 15:45:52,519000,11.499
2026/04/29 15:45:52,520000,11.507
2026/04/29 15:45:52,521000,11.501
2026/04/29 15:45:52,522000,11.499
2026/04/29 15:45:52,523000,11.496
2026/04/29 15:45:52,524000,11.496
2026/04/29 15:45:52,525000,11.496
2026/04/29 15:45:52,526000,11.499
2026/04/29 15:45:52,527000,11.504
2026/04/29 15:45:52,528000,11.501
2026/04/29 15:45:52,529000,11.501
2026/04/29 15:45:52,530000,11.499
2026/04/29 15:45:52,531000,11.501
2026/04/29 15:45:52,532000,11.499
2026/04/29 15:45:52,533000,11.499
2026/04/29 15:45:52,534000,11.493
2026/04/29 15:45:52,535000,11.493
2026/04/29 15:45:52,536000,11.493
2026/04/29 15:45:52,537000,11.504
2026/04/29 15:45:52,538000,11.499
2026/04/29 15:45:52,539000,11.499
2026/04/29 15:45:52,540000,11.499
2026/04/29 15:45:52,541000,11.499
2026/04/29 15:45:52,542000,11.496
2026/04/29 15:45:52,543000,11.493
2026/04/29 15:45:52,544000,11.501
2026/04/29 15:45:52,545000,11.499
2026/04/29 15:45:52,546000,11.501
2026/04/29 15:45:52,547000,11.496
2026/04/29 15:45:52,548000,11.499
2026/04/29 15:45:52,549000,11.499
2026/04/29 15:45:52,550000,11.499
2026/04/29 15:45:52,551000,11.499
2026/04/29 15:45:52,552000,11.493
2026/04/29 15:45:52,553000,11.499
2026/04/29 15:45:52,554000,11.496
2026/04/29 15:45:52,555000,11.499
2026/04/29 15:45:52,556000,11.499
2026/04/29 15:45:52,557000,11.499
2026/04/29 15:45:52,558000,11.499
2026/04/29 15:45:52,559000,11.499
2026/04/29 15:45:52,560000,11.493
2026/04/29 15:45:52,561000,11.504
2026/04/29 15:45:52,562000,11.496
2026/04/29 15:45:52,563000,11.493
2026/04/29 15:45:52,564000,11.496
2026/04/29 15:45:52,565000,11.496
2026/04/29 15:45:52,566000,11.496
2026/04/29 15:45:52,567000,11.493
2026/04/29 15:45:52,568000,11.493
2026/04/29 15:45:52,569000,11.496
2026/04/29 15:45:52,570000,11.496
2026/04/29 15:45:52,571000,11.496
2026/04/29 15:45:52,572000,11.496
2026/04/29 15:45:52,573000,11.493
2026/04/29 15:45:52,574000,11.493
2026/04/29 15:45:52,575000,11.501
2026/04/29 15:45:52,576000,11.499
2026/04/29 15:45:52,577000,11.496
2026/04/29 15:45:52,578000,11.499
2026/04/29 15:45:52,579000,11.496
2026/04/29 15:45:52,580000,11.501
2026/04/29 15:45:52,581000,11.493
2026/04/29 15:45:52,582000,11.487
2026/04/29 15:45:52,583000,11.501
2026/04/29 15:45:52,584000,11.496
2026/04/29 15:45:52,585000,11.499
2026/04/29 15:45:52,586000,11.499
2026/04/29 15:45:52,587000,11.499
2026/04/29 15:45:52,588000,11.496
2026/04/29 15:45:52,589000,11.496
2026/04/29 15:45:52,590000,11.496
2026/04/29 15:45:52,591000,11.496
2026/04/29 15:45:52,592000,11.499
2026/04/29 15:45:52,593000,11.493
2026/04/29 15:45:52,594000,11.496
2026/04/29 15:45:52,595000,11.493
2026/04/29 15:45:52,596000,11.499
2026/04/29 15:45:52,597000,11.499
2026/04/29 15:45:52,598000,11.496
2026/04/29 15:45:52,599000,11.493
2026/04/29 15:45:52,600000,11.499
2026/04/29 15:45:52,601000,11.496
2026/04/29 15:45:52,602000,11.501
2026/04/29 15:45:52,603000,11.501
2026/04/29 15:45:52,604000,11.499
2026/04/29 15:45:52,605000,11.496
2026/04/29 15:45:52,606000,11.496
2026/04/29 15:45:52,607000,11.493
2026/04/29 15:45:52,608000,11.499
2026/04/29 15:45:52,609000,11.493
2026/04/29 15:45:52,610000,11.499
2026/04/29 15:45:52,611000,11.493
2026/04/29 15:45:52,612000,11.496
2026/04/29 15:45:52,613000,11.501
2026/04/29 15:45:52,614000,11.499
2026/04/29 15:45:52,615000,11.499
2026/04/29 15:45:52,616000,11.499
2026/04/29 15:45:52,617000,11.496
2026/04/29 15:45:52,618000,11.496
2026/04/29 15:45:52,619000,11.496
2026/04/29 15:45:52,620000,11.504
2026/04/29 15:45:52,621000,11.501
2026/04/29 15:45:52,622000,11.504
2026/04/29 15:45:52,623000,11.499
2026/04/29 15:45:52,624000,11.496
2026/04/29 15:45:52,625000,11.496
2026/04/29 15:45:52,626000,11.499
2026/04/29 15:45:52,627000,11.493
2026/04/29 15:45:52,628000,11.501
2026/04/29 15:45:52,629000,11.493
2026/04/29 15:45:52,630000,11.493
2026/04/29 15:45:52,631000,11.504
2026/04/29 15:45:52,632000,11.493
2026/04/29 15:45:52,633000,11.499
2026/04/29 15:45:52,634000,11.501
2026/04/29 15:45:52,635000,11.499
2026/04/29 15:45:52,636000,11.496
2026/04/29 15:45:52,637000,11.501
2026/04/29 15:45:52,638000,11.501
2026/04/29 15:45:52,639000,11.493
2026/04/29 15:45:52,640000,11.501
2026/04/29 15:45:52,641000,11.504
2026/04/29 15:45:52,642000,11.490
2026/04/29 15:45:52,643000,11.493
2026/04/29 15:45:52,644000,11.499
2026/04/29 15:45:52,645000,11.493
2026/04/29 15:45:52,646000,11.493
2026/04/29 15:45:52,647000,11.499
2026/04/29 15:45:52,648000,11.499
2026/04/29 15:45:52,649000,11.499
2026/04/29 15:45:52,650000,11.496
2026/04/29 15:45:52,651000,11.501
2026/04/29 15:45:52,652000,11.501
2026/04/29 15:45:52,653000,11.499
2026/04/29 15:45:52,654000,11.496
2026/04/29 15:45:52,655000,11.496
2026/04/29 15:45:52,656000,11.499
2026/04/29 15:45:52,657000,11.493
2026/04/29 15:45:52,658000,11.501
2026/04/29 15:45:52,659000,11.499
2026/04/29 15:45:52,660000,11.493
2026/04/29 15:45:52,661000,11.493
2026/04/29 15:45:52,662000,11.496
2026/04/29 15:45:52,663000,11.499
2026/04/29 15:45:52,664000,11.504
2026/04/29 15:45:52,665000,11.496
2026/04/29 15:45:52,666000,11.501
2026/04/29 15:45:52,667000,11.496
2026/04/29 15:45:52,668000,11.501
2026/04/29 15:45:52,669000,11.499
2026/04/29 15:45:52,670000,11.493
2026/04/29 15:45:52,671000,11.496
2026/04/29 15:45:52,672000,11.493
2026/04/29 15:45:52,673000,11.487
2026/04/29 15:45:52,674000,11.501
2026/04/29 15:45:52,675000,11.501
2026/04/29 15:45:52,676000,11.499
2026/04/29 15:45:52,677000,11.501
2026/04/29 15:45:52,678000,11.499
2026/04/29 15:45:52,679000,11.501
2026/04/29 15:45:52,680000,11.499
2026/04/29 15:45:52,681000,11.499
2026/04/29 15:45:52,682000,11.501
2026/04/29 15:45:52,683000,11.501
2026/04/29 15:45:52,684000,11.501
2026/04/29 15:45:52,685000,11.501
2026/04/29 15:45:52,686000,11.499
2026/04/29 15:45:52,687000,11.493
2026/04/29 15:45:52,688000,11.499
2026/04/29 15:45:52,689000,11.501
2026/04/29 15:45:52,690000,11.493
2026/04/29 15:45:52,691000,11.499
2026/04/29 15:45:52,692000,11.501
2026/04/29 15:45:52,693000,11.501
2026/04/29 15:45:52,694000,11.501
2026/04/29 15:45:52,695000,11.501
2026/04/29 15:45:52,696000,11.493
2026/04/29 15:45:52,697000,11.493
2026/04/29 15:45:52,698000,11.501
2026/04/29 15:45:52,699000,11.501
2026/04/29 15:45:52,700000,11.499
2026/04/29 15:45:52,701000,11.501
2026/04/29 15:45:52,702000,11.493
2026/04/29 15:45:52,703000,11.499
2026/04/29 15:45:52,704000,11.501
2026/04/29 15:45:52,705000,11.501
2026/04/29 15:45:52,706000,11.499
2026/04/29 15:45:52,707000,11.493
2026/04/29 15:45:52,708000,11.501
2026/04/29 15:45:52,709000,11.499
2026/04/29 15:45:52,710000,11.501
2026/04/29 15:45:52,711000,11.499
2026/04/29 15:45:52,712000,11.499
2026/04/29 15:45:52,713000,11.504
2026/04/29 15:45:52,714000,11.501
2026/04/29 15:45:52,715000,11.501
2026/04/29 15:45:52,716000,11.499
2026/04/29 15:45:52,717000,11.496
2026/04/29 15:45:52,718000,11.501
2026/04/29 15:45:52,719000,11.501
2026/04/29 15:45:52,720000,11.493
2026/04/29 15:45:52,721000,11.501
2026/04/29 15:45:52,722000,11.501
2026/04/29 15:45:52,723000,11.504
2026/04/29 15:45:52,724000,11.501
2026/04/29 15:45:52,725000,11.496
2026/04/29 15:45:52,726000,11.499
2026/04/29 15:45:52,727000,11.496
2026/04/29 15:45:52,728000,11.504
2026/04/29 15:45:52,729000,11.496
2026/04/29 15:45:52,730000,11.499
2026/04/29 15:45:52,731000,11.501
2026/04/29 15:45:52,732000,11.496
2026/04/29 15:45:52,733000,11.499
2026/04/29 15:45:52,734000,11.496
2026/04/29 15:45:52,735000,11.496
2026/04/29 15:45:52,736000,11.501
2026/04/29 15:45:52,737000,11.496
2026/04/29 15:45:52,738000,11.496
2026/04/29 15:45:52,739000,11.499
2026/04/29 15:45:52,740000,11.499
2026/04/29 15:45:52,741000,11.499
2026/04/29 15:45:52,742000,11.499
2026/04/29 15:45:52,743000,11.504
2026/04/29 15:45:52,744000,11.499
2026/04/29 15:45:52,745000,11.499
2026/04/29 15:45:52,746000,11.499
2026/04/29 15:45:52,747000,11.501
2026/04/29 15:45:52,748000,11.499
2026/04/29 15:45:52,749000,11.496
2026/04/29 15:45:52,750000,11.499
2026/04/29 15:45:52,751000,11.499
2026/04/29 15:45:52,752000,11.499
2026/04/29 15:45:52,753000,11.499
2026/04/29 15:45:52,754000,11.501
2026/04/29 15:45:52,755000,11.501
2026/04/29 15:45:52,756000,11.499
2026/04/29 15:45:52,757000,11.499
2026/04/29 15:45:52,758000,11.493
2026/04/29 15:45:52,759000,11.493
2026/04/29 15:45:52,760000,11.499
2026/04/29 15:45:52,761000,11.499
2026/04/29 15:45:52,762000,11.493
2026/04/29 15:45:52,763000,11.499
2026/04/29 15:45:52,764000,11.504
2026/04/29 15:45:52,765000,11.501
2026/04/29 15:45:52,766000,11.501
2026/04/29 15:45:52,767000,11.496
2026/04/29 15:45:52,768000,11.501
2026/04/29 15:45:52,769000,11.499
2026/04/29 15:45:52,770000,11.499
2026/04/29 15:45:52,771000,11.504
2026/04/29 15:45:52,772000,11.496
2026/04/29 15:45:52,773000,11.501
2026/04/29 15:45:52,774000,11.504
2026/04/29 15:45:52,775000,11.493
2026/04/29 15:45:52,776000,11.499
2026/04/29 15:45:52,777000,11.504
2026/04/29 15:45:52,778000,11.496
2026/04/29 15:45:52,779000,11.501
2026/04/29 15:45:52,780000,11.499
2026/04/29 15:45:52,781000,11.499
2026/04/29 15:45:52,782000,11.499
2026/04/29 15:45:52,783000,11.496
2026/04/29 15:45:52,784000,11.496
2026/04/29 15:45:52,785000,11.493
2026/04/29 15:45:52,786000,11.499
2026/04/29 15:45:52,787000,11.496
2026/04/29 15:45:52,788000,11.499
2026/04/29 15:45:52,789000,11.493
2026/04/29 15:45:52,790000,11.499
2026/04/29 15:45:52,791000,11.504
2026/04/29 15:45:52,792000,11.499
2026/04/29 15:45:52,793000,11.490
2026/04/29 15:45:52,794000,11.496
2026/04/29 15:45:52,795000,11.499
2026/04/29 15:45:52,796000,11.501
2026/04/29 15:45:52,797000,11.504
2026/04/29 15:45:52,798000,11.504
2026/04/29 15:45:52,799000,11.496
2026/04/29 15:45:52,800000,11.493
2026/04/29 15:45:52,801000,11.499
2026/04/29 15:45:52,802000,11.496
2026/04/29 15:45:52,803000,11.499
2026/04/29 15:45:52,804000,11.496
2026/04/29 15:45:52,805000,11.499
2026/04/29 15:45:52,806000,11.501
2026/04/29 15:45:52,807000,11.507
2026/04/29 15:45:52,808000,11.490
2026/04/29 15:45:52,809000,11.493
2026/04/29 15:45:52,810000,11.499
2026/04/29 15:45:52,811000,11.501
2026/04/29 15:45:52,812000,11.496
2026/04/29 15:45:52,813000,11.501
2026/04/29 15:45:52,814000,11.496
2026/04/29 15:45:52,815000,11.499
2026/04/29 15:45:52,816000,11.499
2026/04/29 15:45:52,817000,11.501
2026/04/29 15:45:52,818000,11.501
2026/04/29 15:45:52,819000,11.499
2026/04/29 15:45:52,820000,11.499
2026/04/29 15:45:52,821000,11.499
2026/04/29 15:45:52,822000,11.493
2026/04/29 15:45:52,823000,11.493
2026/04/29 15:45:52,824000,11.501
2026/04/29 15:45:52,825000,11.499
2026/04/29 15:45:52,826000,11.501
2026/04/29 15:45:52,827000,11.501
2026/04/29 15:45:52,828000,11.499
2026/04/29 15:45:52,829000,11.493
2026/04/29 15:45:52,830000,11.504
2026/04/29 15:45:52,831000,11.499
2026/04/29 15:45:52,832000,11.493
2026/04/29 15:45:52,833000,11.499
2026/04/29 15:45:52,834000,11.499
2026/04/29 15:45:52,835000,11.499
2026/04/29 15:45:52,836000,11.499
2026/04/29 15:45:52,837000,11.496
2026/04/29 15:45:52,838000,11.501
2026/04/29 15:45:52,839000,11.493
2026/04/29 15:45:52,840000,11.499
2026/04/29 15:45:52,841000,11.501
2026/04/29 15:45:52,842000,11.499
2026/04/29 15:45:52,843000,11.504
2026/04/29 15:45:52,844000,11.501
2026/04/29 15:45:52,845000,11.493
2026/04/29 15:45:52,846000,11.496
2026/04/29 15:45:52,847000,11.496
2026/04/29 15:45:52,848000,11.499
2026/04/29 15:45:52,849000,11.493
2026/04/29 15:45:52,850000,11.501
2026/04/29 15:45:52,851000,11.504
2026/04/29 15:45:52,852000,11.499
2026/04/29 15:45:52,853000,11.499
2026/04/29 15:45:52,854000,11.499
2026/04/29 15:45:52,855000,11.496
2026/04/29 15:45:52,856000,11.493
2026/04/29 15:45:52,857000,11.504
2026/04/29 15:45:52,858000,11.493
2026/04/29 15:45:52,859000,11.499
2026/04/29 15:45:52,860000,11.496
2026/04/29 15:45:52,861000,11.501
2026/04/29 15:45:52,862000,11.499
2026/04/29 15:45:52,863000,11.493
2026/04/29 15:45:52,864000,11.496
2026/04/29 15:45:52,865000,11.499
2026/04/29 15:45:52,866000,11.499
2026/04/29 15:45:52,867000,11.499
2026/04/29 15:45:52,868000,11.499
2026/04/29 15:45:52,869000,11.504
2026/04/29 15:45:52,870000,11.496
2026/04/29 15:45:52,871000,11.499
2026/04/29 15:45:52,872000,11.496
2026/04/29 15:45:52,873000,11.496
2026/04/29 15:45:52,874000,11.493
2026/04/29 15:45:52,875000,11.507
2026/04/29 15:45:52,876000,11.496
2026/04/29 15:45:52,877000,11.499
2026/04/29 15:45:52,878000,11.501
2026/04/29 15:45:52,879000,11.501
2026/04/29 15:45:52,880000,11.496
2026/04/29 15:45:52,881000,11.496
2026/04/29 15:45:52,882000,11.496
2026/04/29 15:45:52,883000,11.501
2026/04/29 15:45:52,884000,11.501
2026/04/29 15:45:52,885000,11.501
2026/04/29 15:45:52,886000,11.499
2026/04/29 15:45:52,887000,11.496
2026/04/29 15:45:52,888000,11.504
2026/04/29 15:45:52,889000,11.499
2026/04/29 15:45:52,890000,11.499
2026/04/29 15:45:52,891000,11.504
2026/04/29 15:45:52,892000,11.493
2026/04/29 15:45:52,893000,11.501
2026/04/29 15:45:52,894000,11.501
2026/04/29 15:45:52,895000,11.507
2026/04/29 15:45:52,896000,11.499
2026/04/29 15:45:52,897000,11.496
2026/04/29 15:45:52,898000,11.501
2026/04/29 15:45:52,899000,11.490
2026/04/29 15:45:52,900000,11.493
2026/04/29 15:45:52,901000,11.501
2026/04/29 15:45:52,902000,11.499
2026/04/29 15:45:52,903000,11.499
2026/04/29 15:45:52,904000,11.504
2026/04/29 15:45:52,905000,11.499
2026/04/29 15:45:52,906000,11.501
2026/04/29 15:45:52,907000,11.501
2026/04/29 15:45:52,908000,11.496
2026/04/29 15:45:52,909000,11.504
2026/04/29 15:45:52,910000,11.501
2026/04/29 15:45:52,911000,11.507
2026/04/29 15:45:52,912000,11.499
2026/04/29 15:45:52,913000,11.493
2026/04/29 15:45:52,914000,11.499
2026/04/29 15:45:52,915000,11.499
2026/04/29 15:45:52,916000,11.493
2026/04/29 15:45:52,917000,11.493
2026/04/29 15:45:52,918000,11.499
2026/04/29 15:45:52,919000,11.501
2026/04/29 15:45:52,920000,11.499
2026/04/29 15:45:52,921000,11.493
2026/04/29 15:45:52,922000,11.501
2026/04/29 15:45:52,923000,11.501
2026/04/29 15:45:52,924000,11.496
2026/04/29 15:45:52,925000,11.501
2026/04/29 15:45:52,926000,11.496
2026/04/29 15:45:52,927000,11.490
2026/04/29 15:45:52,928000,11.499
2026/04/29 15:45:52,929000,11.496
2026/04/29 15:45:52,930000,11.501
2026/04/29 15:45:52,931000,11.499
2026/04/29 15:45:52,932000,11.501
2026/04/29 15:45:52,933000,11.504
2026/04/29 15:45:52,934000,11.499
2026/04/29 15:45:52,935000,11.499
2026/04/29 15:45:52,936000,11.496
2026/04/29 15:45:52,937000,11.496
2026/04/29 15:45:52,938000,11.499
2026/04/29 15:45:52,939000,11.499
2026/04/29 15:45:52,940000,11.499
2026/04/29 15:45:52,941000,11.499
2026/04/29 15:45:52,942000,11.501
2026/04/29 15:45:52,943000,11.499
2026/04/29 15:45:52,944000,11.490
2026/04/29 15:45:52,945000,11.499
2026/04/29 15:45:52,946000,11.504
2026/04/29 15:45:52,947000,11.493
2026/04/29 15:45:52,948000,11.499
2026/04/29 15:45:52,949000,11.496
2026/04/29 15:45:52,950000,11.499
2026/04/29 15:45:52,951000,11.496
2026/04/29 15:45:52,952000,11.499
2026/04/29 15:45:52,953000,11.493
2026/04/29 15:45:52,954000,11.496
2026/04/29 15:45:52,955000,11.496
2026/04/29 15:45:52,956000,11.501
2026/04/29 15:45:52,957000,11.496
2026/04/29 15:45:52,958000,11.501
2026/04/29 15:45:52,959000,11.496
2026/04/29 15:45:52,960000,11.504
2026/04/29 15:45:52,961000,11.493
2026/04/29 15:45:52,962000,11.504
2026/04/29 15:45:52,963000,11.501
2026/04/29 15:45:52,964000,11.493
2026/04/29 15:45:52,965000,11.499
2026/04/29 15:45:52,966000,11.496
2026/04/29 15:45:52,967000,11.501
2026/04/29 15:45:52,968000,11.499
2026/04/29 15:45:52,969000,11.496
2026/04/29 15:45:52,970000,11.499
2026/04/29 15:45:52,971000,11.493
2026/04/29 15:45:52,972000,11.499
2026/04/29 15:45:52,973000,11.496
2026/04/29 15:45:52,974000,11.496
2026/04/29 15:45:52,975000,11.496
2026/04/29 15:45:52,976000,11.499
2026/04/29 15:45:52,977000,11.499
2026/04/29 15:45:52,978000,11.493
2026/04/29 15:45:52,979000,11.499
2026/04/29 15:45:52,980000,11.499
2026/04/29 15:45:52,981000,11.501
2026/04/29 15:45:52,982000,11.496
2026/04/29 15:45:52,983000,11.496
2026/04/29 15:45:52,984000,11.504
2026/04/29 15:45:52,985000,11.501
2026/04/29 15:45:52,986000,11.499
2026/04/29 15:45:52,987000,11.496
2026/04/29 15:45:52,988000,11.501
2026/04/29 15:45:52,989000,11.504
2026/04/29 15:45:52,990000,11.496
2026/04/29 15:45:52,991000,11.496
2026/04/29 15:45:52,992000,11.493
2026/04/29 15:45:52,993000,11.493
2026/04/29 15:45:52,994000,11.501
2026/04/29 15:45:52,995000,11.493
2026/04/29 15:45:52,996000,11.499
2026/04/29 15:45:52,997000,11.501
2026/04/29 15:45:52,998000,11.496
2026/04/29 15:45:52,999000,11.501
2026/04/29 15:45:53,000000,11.501
2026/04/29 15:45:53,001000,11.490
2026/04/29 15:45:53,002000,11.493
2026/04/29 15:45:53,003000,11.501
2026/04/29 15:45:53,004000,11.501
2026/04/29 15:45:53,005000,11.496
2026/04/29 15:45:53,006000,11.499
2026/04/29 15:45:53,007000,11.507
2026/04/29 15:45:53,008000,11.493
2026/04/29 15:45:53,009000,11.501
2026/04/29 15:45:53,010000,11.499
2026/04/29 15:45:53,011000,11.501
2026/04/29 15:45:53,012000,11.501
2026/04/29 15:45:53,013000,11.490
2026/04/29 15:45:53,014000,11.493
2026/04/29 15:45:53,015000,11.496
2026/04/29 15:45:53,016000,11.499
2026/04/29 15:45:53,017000,11.496
2026/04/29 15:45:53,018000,11.504
2026/04/29 15:45:53,019000,11.504
2026/04/29 15:45:53,020000,11.510
2026/04/29 15:45:53,021000,11.501
2026/04/29 15:45:53,022000,11.499
2026/04/29 15:45:53,023000,11.493
2026/04/29 15:45:53,024000,11.493
2026/04/29 15:45:53,025000,11.493
2026/04/29 15:45:53,026000,11.490
2026/04/29 15:45:53,027000,11.496
2026/04/29 15:45:53,028000,11.504
2026/04/29 15:45:53,029000,11.496
2026/04/29 15:45:53,030000,11.496
2026/04/29 15:45:53,031000,11.490
2026/04/29 15:45:53,032000,11.496
2026/04/29 15:45:53,033000,11.501
2026/04/29 15:45:53,034000,11.496
2026/04/29 15:45:53,035000,11.493
2026/04/29 15:45:53,036000,11.493
2026/04/29 15:45:53,037000,11.490
2026/04/29 15:45:53,038000,11.504
2026/04/29 15:45:53,039000,11.496
2026/04/29 15:45:53,040000,11.501
2026/04/29 15:45:53,041000,11.499
2026/04/29 15:45:53,042000,11.499
2026/04/29 15:45:53,043000,11.490
2026/04/29 15:45:53,044000,11.499
2026/04/29 15:45:53,045000,11.496
2026/04/29 15:45:53,046000,11.493
2026/04/29 15:45:53,047000,11.493
2026/04/29 15:45:53,048000,11.499
2026/04/29 15:45:53,049000,11.499
2026/04/29 15:45:53,050000,11.499
2026/04/29 15:45:53,051000,11.499
2026/04/29 15:45:53,052000,11.490
2026/04/29 15:45:53,053000,11.499
2026/04/29 15:45:53,054000,11.499
2026/04/29 15:45:53,055000,11.501
2026/04/29 15:45:53,056000,11.499
2026/04/29 15:45:53,057000,11.501
2026/04/29 15:45:53,058000,11.499
2026/04/29 15:45:53,059000,11.490
2026/04/29 15:45:53,060000,11.493
2026/04/29 15:45:53,061000,11.499
2026/04/29 15:45:53,062000,11.499
2026/04/29 15:45:53,063000,11.490
2026/04/29 15:45:53,064000,11.504
2026/04/29 15:45:53,065000,11.496
2026/04/29 15:45:53,066000,11.496
2026/04/29 15:45:53,067000,11.496
2026/04/29 15:45:53,068000,11.487
2026/04/29 15:45:53,069000,11.507
2026/04/29 15:45:53,070000,11.496
2026/04/29 15:45:53,071000,11.496
2026/04/29 15:45:53,072000,11.499
2026/04/29 15:45:53,073000,11.501
2026/04/29 15:45:53,074000,11.496
2026/04/29 15:45:53,075000,11.493
2026/04/29 15:45:53,076000,11.499
2026/04/29 15:45:53,077000,11.501
2026/04/29 15:45:53,078000,11.493
2026/04/29 15:45:53,079000,11.493
2026/04/29 15:45:53,080000,11.496
2026/04/29 15:45:53,081000,11.496
2026/04/29 15:45:53,082000,11.490
2026/04/29 15:45:53,083000,11.499
2026/04/29 15:45:53,084000,11.496
2026/04/29 15:45:53,085000,11.496
2026/04/29 15:45:53,086000,11.501
2026/04/29 15:45:53,087000,11.499
2026/04/29 15:45:53,088000,11.501
2026/04/29 15:45:53,089000,11.501
2026/04/29 15:45:53,090000,11.496
2026/04/29 15:45:53,091000,11.501
2026/04/29 15:45:53,092000,11.499
2026/04/29 15:45:53,093000,11.493
2026/04/29 15:45:53,094000,11.504
2026/04/29 15:45:53,095000,11.496
2026/04/29 15:45:53,096000,11.493
2026/04/29 15:45:53,097000,11.496
2026/04/29 15:45:53,098000,11.513
2026/04/29 15:45:53,099000,11.501
2026/04/29 15:45:53,100000,11.501
2026/04/29 15:45:53,101000,11.499
2026/04/29 15:45:53,102000,11.499
2026/04/29 15:45:53,103000,11.499
2026/04/29 15:45:53,104000,11.496
2026/04/29 15:45:53,105000,11.504
2026/04/29 15:45:53,106000,11.499
2026/04/29 15:45:53,107000,11.496
2026/04/29 15:45:53,108000,11.499
2026/04/29 15:45:53,109000,11.499
2026/04/29 15:45:53,110000,11.499
2026/04/29 15:45:53,111000,11.501
2026/04/29 15:45:53,112000,11.496
2026/04/29 15:45:53,113000,11.496
2026/04/29 15:45:53,114000,11.501
2026/04/29 15:45:53,115000,11.493
2026/04/29 15:45:53,116000,11.490
2026/04/29 15:45:53,117000,11.501
2026/04/29 15:45:53,118000,11.499
2026/04/29 15:45:53,119000,11.499
2026/04/29 15:45:53,120000,11.499
2026/04/29 15:45:53,121000,11.499
2026/04/29 15:45:53,122000,11.501
2026/04/29 15:45:53,123000,11.493
2026/04/29 15:45:53,124000,11.493
2026/04/29 15:45:53,125000,11.490
2026/04/29 15:45:53,126000,11.501
2026/04/29 15:45:53,127000,11.496
2026/04/29 15:45:53,128000,11.501
2026/04/29 15:45:53,129000,11.499
2026/04/29 15:45:53,130000,11.499
2026/04/29 15:45:53,131000,11.496
2026/04/29 15:45:53,132000,11.499
2026/04/29 15:45:53,133000,11.499
2026/04/29 15:45:53,134000,11.499
2026/04/29 15:45:53,135000,11.496
2026/04/29 15:45:53,136000,11.499
2026/04/29 15:45:53,137000,11.501
2026/04/29 15:45:53,138000,11.496
2026/04/29 15:45:53,139000,11.499
2026/04/29 15:45:53,140000,11.501
2026/04/29 15:45:53,141000,11.499
2026/04/29 15:45:53,142000,11.501
2026/04/29 15:45:53,143000,11.499
2026/04/29 15:45:53,144000,11.501
2026/04/29 15:45:53,145000,11.496
2026/04/29 15:45:53,146000,11.496
2026/04/29 15:45:53,147000,11.501
2026/04/29 15:45:53,148000,11.493
2026/04/29 15:45:53,149000,11.496
2026/04/29 15:45:53,150000,11.490
2026/04/29 15:45:53,151000,11.496
2026/04/29 15:45:53,152000,11.507
2026/04/29 15:45:53,153000,11.493
2026/04/29 15:45:53,154000,11.490
2026/04/29 15:45:53,155000,11.499
2026/04/29 15:45:53,156000,11.496
2026/04/29 15:45:53,157000,11.501
2026/04/29 15:45:53,158000,11.496
2026/04/29 15:45:53,159000,11.496
2026/04/29 15:45:53,160000,11.499
2026/04/29 15:45:53,161000,11.504
2026/04/29 15:45:53,162000,11.501
2026/04/29 15:45:53,163000,11.501
2026/04/29 15:45:53,164000,11.504
2026/04/29 15:45:53,165000,11.493
2026/04/29 15:45:53,166000,11.499
2026/04/29 15:45:53,167000,11.499
2026/04/29 15:45:53,168000,11.499
2026/04/29 15:45:53,169000,11.496
2026/04/29 15:45:53,170000,11.499
2026/04/29 15:45:53,171000,11.496
2026/04/29 15:45:53,172000,11.496
2026/04/29 15:45:53,173000,11.499
2026/04/29 15:45:53,174000,11.501
2026/04/29 15:45:53,175000,11.493
2026/04/29 15:45:53,176000,11.493
2026/04/29 15:45:53,177000,11.490
2026/04/29 15:45:53,178000,11.499
2026/04/29 15:45:53,179000,11.496
2026/04/29 15:45:53,180000,11.499
2026/04/29 15:45:53,181000,11.501
2026/04/29 15:45:53,182000,11.493
2026/04/29 15:45:53,183000,11.504
2026/04/29 15:45:53,184000,11.499
2026/04/29 15:45:53,185000,11.496
2026/04/29 15:45:53,186000,11.501
2026/04/29 15:45:53,187000,11.504
2026/04/29 15:45:53,188000,11.490
2026/04/29 15:45:53,189000,11.493
2026/04/29 15:45:53,190000,11.499
2026/04/29 15:45:53,191000,11.499
2026/04/29 15:45:53,192000,11.501
2026/04/29 15:45:53,193000,11.501
2026/04/29 15:45:53,194000,11.501
2026/04/29 15:45:53,195000,11.499
2026/04/29 15:45:53,196000,11.496
2026/04/29 15:45:53,197000,11.490
2026/04/29 15:45:53,198000,11.501
2026/04/29 15:45:53,199000,11.499
2026/04/29 15:45:53,200000,11.499
2026/04/29 15:45:53,201000,11.499
2026/04/29 15:45:53,202000,11.504
2026/04/29 15:45:53,203000,11.501
2026/04/29 15:45:53,204000,11.501
2026/04/29 15:45:53,205000,11.490
2026/04/29 15:45:53,206000,11.501
2026/04/29 15:45:53,207000,11.501
2026/04/29 15:45:53,208000,11.490
2026/04/29 15:45:53,209000,11.496
2026/04/29 15:45:53,210000,11.493
2026/04/29 15:45:53,211000,11.499
2026/04/29 15:45:53,212000,11.499
2026/04/29 15:45:53,213000,11.493
2026/04/29 15:45:53,214000,11.501
2026/04/29 15:45:53,215000,11.501
2026/04/29 15:45:53,216000,11.493
2026/04/29 15:45:53,217000,11.493
2026/04/29 15:45:53,218000,11.499
2026/04/29 15:45:53,219000,11.504
2026/04/29 15:45:53,220000,11.501
2026/04/29 15:45:53,221000,11.501
2026/04/29 15:45:53,222000,11.493
2026/04/29 15:45:53,223000,11.496
2026/04/29 15:45:53,224000,11.504
2026/04/29 15:45:53,225000,11.496
2026/04/29 15:45:53,226000,11.499
2026/04/29 15:45:53,227000,11.504
2026/04/29 15:45:53,228000,11.499
2026/04/29 15:45:53,229000,11.499
2026/04/29 15:45:53,230000,11.496
2026/04/29 15:45:53,231000,11.493
2026/04/29 15:45:53,232000,11.499
2026/04/29 15:45:53,233000,11.501
2026/04/29 15:45:53,234000,11.501
2026/04/29 15:45:53,235000,11.499
2026/04/29 15:45:53,236000,11.499
2026/04/29 15:45:53,237000,11.501
2026/04/29 15:45:53,238000,11.499
2026/04/29 15:45:53,239000,11.493
2026/04/29 15:45:53,240000,11.504
2026/04/29 15:45:53,241000,11.504
2026/04/29 15:45:53,242000,11.499
2026/04/29 15:45:53,243000,11.496
2026/04/29 15:45:53,244000,11.501
2026/04/29 15:45:53,245000,11.493
2026/04/29 15:45:53,246000,11.501
2026/04/29 15:45:53,247000,11.496
2026/04/29 15:45:53,248000,11.496
2026/04/29 15:45:53,249000,11.499
2026/04/29 15:45:53,250000,11.501
2026/04/29 15:45:53,251000,11.501
2026/04/29 15:45:53,252000,11.501
2026/04/29 15:45:53,253000,11.496
2026/04/29 15:45:53,254000,11.490
2026/04/29 15:45:53,255000,11.496
2026/04/29 15:45:53,256000,11.499
2026/04/29 15:45:53,257000,11.499
2026/04/29 15:45:53,258000,11.499
2026/04/29 15:45:53,259000,11.504
2026/04/29 15:45:53,260000,11.490
2026/04/29 15:45:53,261000,11.499
2026/04/29 15:45:53,262000,11.496
2026/04/29 15:45:53,263000,11.493
2026/04/29 15:45:53,264000,11.501
2026/04/29 15:45:53,265000,11.493
2026/04/29 15:45:53,266000,11.501
2026/04/29 15:45:53,267000,11.496
2026/04/29 15:45:53,268000,11.504
2026/04/29 15:45:53,269000,11.499
2026/04/29 15:45:53,270000,11.504
2026/04/29 15:45:53,271000,11.499
2026/04/29 15:45:53,272000,11.496
2026/04/29 15:45:53,273000,11.496
2026/04/29 15:45:53,274000,11.493
2026/04/29 15:45:53,275000,11.501
2026/04/29 15:45:53,276000,11.493
2026/04/29 15:45:53,277000,11.499
2026/04/29 15:45:53,278000,11.501
2026/04/29 15:45:53,279000,11.496
2026/04/29 15:45:53,280000,11.493
2026/04/29 15:45:53,281000,11.504
2026/04/29 15:45:53,282000,11.493
2026/04/29 15:45:53,283000,11.496
2026/04/29 15:45:53,284000,11.501
2026/04/29 15:45:53,285000,11.490
2026/04/29 15:45:53,286000,11.499
2026/04/29 15:45:53,287000,11.501
2026/04/29 15:45:53,288000,11.496
2026/04/29 15:45:53,289000,11.496
2026/04/29 15:45:53,290000,11.493
2026/04/29 15:45:53,291000,11.493
2026/04/29 15:45:53,292000,11.493
2026/04/29 15:45:53,293000,11.490
2026/04/29 15:45:53,294000,11.501
2026/04/29 15:45:53,295000,11.496
2026/04/29 15:45:53,296000,11.501
2026/04/29 15:45:53,297000,11.501
2026/04/29 15:45:53,298000,11.499
2026/04/29 15:45:53,299000,11.493
2026/04/29 15:45:53,300000,11.493
2026/04/29 15:45:53,301000,11.499
2026/04/29 15:45:53,302000,11.504
2026/04/29 15:45:53,303000,11.507
2026/04/29 15:45:53,304000,11.499
2026/04/29 15:45:53,305000,11.499
2026/04/29 15:45:53,306000,11.496
2026/04/29 15:45:53,307000,11.499
2026/04/29 15:45:53,308000,11.499
2026/04/29 15:45:53,309000,11.501
2026/04/29 15:45:53,310000,11.499
2026/04/29 15:45:53,311000,11.499
2026/04/29 15:45:53,312000,11.501
2026/04/29 15:45:53,313000,11.501
2026/04/29 15:45:53,314000,11.504
2026/04/29 15:45:53,315000,11.496
2026/04/29 15:45:53,316000,11.499
2026/04/29 15:45:53,317000,11.496
2026/04/29 15:45:53,318000,11.501
2026/04/29 15:45:53,319000,11.499
2026/04/29 15:45:53,320000,11.493
2026/04/29 15:45:53,321000,11.496
2026/04/29 15:45:53,322000,11.499
2026/04/29 15:45:53,323000,11.499
2026/04/29 15:45:53,324000,11.499
2026/04/29 15:45:53,325000,11.499
2026/04/29 15:45:53,326000,11.496
2026/04/29 15:45:53,327000,11.504
2026/04/29 15:45:53,328000,11.504
2026/04/29 15:45:53,329000,11.499
2026/04/29 15:45:53,330000,11.496
2026/04/29 15:45:53,331000,11.501
2026/04/29 15:45:53,332000,11.496
2026/04/29 15:45:53,333000,11.499
2026/04/29 15:45:53,334000,11.490
2026/04/29 15:45:53,335000,11.493
2026/04/29 15:45:53,336000,11.499
2026/04/29 15:45:53,337000,11.496
2026/04/29 15:45:53,338000,11.496
2026/04/29 15:45:53,339000,11.501
2026/04/29 15:45:53,340000,11.499
2026/04/29 15:45:53,341000,11.499
2026/04/29 15:45:53,342000,11.501
2026/04/29 15:45:53,343000,11.499
2026/04/29 15:45:53,344000,11.501
2026/04/29 15:45:53,345000,11.496
2026/04/29 15:45:53,346000,11.493
2026/04/29 15:45:53,347000,11.504
2026/04/29 15:45:53,348000,11.501
2026/04/29 15:45:53,349000,11.499
2026/04/29 15:45:53,350000,11.504
2026/04/29 15:45:53,351000,11.496
2026/04/29 15:45:53,352000,11.499
2026/04/29 15:45:53,353000,11.499
2026/04/29 15:45:53,354000,11.499
2026/04/29 15:45:53,355000,11.501
2026/04/29 15:45:53,356000,11.499
2026/04/29 15:45:53,357000,11.496
2026/04/29 15:45:53,358000,11.499
2026/04/29 15:45:53,359000,11.499
2026/04/29 15:45:53,360000,11.499
2026/04/29 15:45:53,361000,11.504
2026/04/29 15:45:53,362000,11.499
2026/04/29 15:45:53,363000,11.493
2026/04/29 15:45:53,364000,11.504
2026/04/29 15:45:53,365000,11.493
2026/04/29 15:45:53,366000,11.496
2026/04/29 15:45:53,367000,11.501
2026/04/29 15:45:53,368000,11.496
2026/04/29 15:45:53,369000,11.496
2026/04/29 15:45:53,370000,11.493
2026/04/29 15:45:53,371000,11.496
2026/04/29 15:45:53,372000,11.496
2026/04/29 15:45:53,373000,11.496
2026/04/29 15:45:53,374000,11.504
2026/04/29 15:45:53,375000,11.499
2026/04/29 15:45:53,376000,11.501
2026/04/29 15:45:53,377000,11.499
2026/04/29 15:45:53,378000,11.493
2026/04/29 15:45:53,379000,11.501
2026/04/29 15:45:53,380000,11.499
2026/04/29 15:45:53,381000,11.501
2026/04/29 15:45:53,382000,11.493
2026/04/29 15:45:53,383000,11.501
2026/04/29 15:45:53,384000,11.496
2026/04/29 15:45:53,385000,11.496
2026/04/29 15:45:53,386000,11.501
2026/04/29 15:45:53,387000,11.501
2026/04/29 15:45:53,388000,11.499
2026/04/29 15:45:53,389000,11.496
2026/04/29 15:45:53,390000,11.493
2026/04/29 15:45:53,391000,11.501
2026/04/29 15:45:53,392000,11.493
2026/04/29 15:45:53,393000,11.496
2026/04/29 15:45:53,394000,11.496
2026/04/29 15:45:53,395000,11.493
2026/04/29 15:45:53,396000,11.499
2026/04/29 15:45:53,397000,11.501
2026/04/29 15:45:53,398000,11.499
2026/04/29 15:45:53,399000,11.499
2026/04/29 15:45:53,400000,11.504
2026/04/29 15:45:53,401000,11.501
2026/04/29 15:45:53,402000,11.499
2026/04/29 15:45:53,403000,11.501
2026/04/29 15:45:53,404000,11.501
2026/04/29 15:45:53,405000,11.499
2026/04/29 15:45:53,406000,11.493
2026/04/29 15:45:53,407000,11.499
2026/04/29 15:45:53,408000,11.493
2026/04/29 15:45:53,409000,11.507
2026/04/29 15:45:53,410000,11.493
2026/04/29 15:45:53,411000,11.501
2026/04/29 15:45:53,412000,11.499
2026/04/29 15:45:53,413000,11.501
2026/04/29 15:45:53,414000,11.496
2026/04/29 15:45:53,415000,11.501
2026/04/29 15:45:53,416000,11.499
2026/04/29 15:45:53,417000,11.501
2026/04/29 15:45:53,418000,11.496
2026/04/29 15:45:53,419000,11.504
2026/04/29 15:45:53,420000,11.499
2026/04/29 15:45:53,421000,11.501
2026/04/29 15:45:53,422000,11.501
2026/04/29 15:45:53,423000,11.499
2026/04/29 15:45:53,424000,11.496
2026/04/29 15:45:53,425000,11.499
2026/04/29 15:45:53,426000,11.493
2026/04/29 15:45:53,427000,11.504
2026/04/29 15:45:53,428000,11.499
2026/04/29 15:45:53,429000,11.496
2026/04/29 15:45:53,430000,11.499
2026/04/29 15:45:53,431000,11.501
2026/04/29 15:45:53,432000,11.496
2026/04/29 15:45:53,433000,11.499
2026/04/29 15:45:53,434000,11.493
2026/04/29 15:45:53,435000,11.501
2026/04/29 15:45:53,436000,11.493
2026/04/29 15:45:53,437000,11.501
2026/04/29 15:45:53,438000,11.493
2026/04/29 15:45:53,439000,11.501
2026/04/29 15:45:53,440000,11.493
2026/04/29 15:45:53,441000,11.496
2026/04/29 15:45:53,442000,11.499
2026/04/29 15:45:53,443000,11.496
2026/04/29 15:45:53,444000,11.499
2026/04/29 15:45:53,445000,11.501
2026/04/29 15:45:53,446000,11.499
2026/04/29 15:45:53,447000,11.496
2026/04/29 15:45:53,448000,11.496
2026/04/29 15:45:53,449000,11.501
2026/04/29 15:45:53,450000,11.501
2026/04/29 15:45:53,451000,11.493
2026/04/29 15:45:53,452000,11.493
2026/04/29 15:45:53,453000,11.501
2026/04/29 15:45:53,454000,11.501
2026/04/29 15:45:53,455000,11.499
2026/04/29 15:45:53,456000,11.499
2026/04/29 15:45:53,457000,11.501
2026/04/29 15:45:53,458000,11.504
2026/04/29 15:45:53,459000,11.501
2026/04/29 15:45:53,460000,11.496
2026/04/29 15:45:53,461000,11.504
2026/04/29 15:45:53,462000,11.496
2026/04/29 15:45:53,463000,11.501
2026/04/29 15:45:53,464000,11.499
2026/04/29 15:45:53,465000,11.493
2026/04/29 15:45:53,466000,11.496
2026/04/29 15:45:53,467000,11.499
2026/04/29 15:45:53,468000,11.501
2026/04/29 15:45:53,469000,11.496
2026/04/29 15:45:53,470000,11.496
2026/04/29 15:45:53,471000,11.501
2026/04/29 15:45:53,472000,11.504
2026/04/29 15:45:53,473000,11.487
2026/04/29 15:45:53,474000,11.496
2026/04/29 15:45:53,475000,11.496
2026/04/29 15:45:53,476000,11.493
2026/04/29 15:45:53,477000,11.496
2026/04/29 15:45:53,478000,11.501
2026/04/29 15:45:53,479000,11.493
2026/04/29 15:45:53,480000,11.496
2026/04/29 15:45:53,481000,11.499
2026/04/29 15:45:53,482000,11.499
2026/04/29 15:45:53,483000,11.496
2026/04/29 15:45:53,484000,11.504
2026/04/29 15:45:53,485000,11.501
2026/04/29 15:45:53,486000,11.501
2026/04/29 15:45:53,487000,11.496
2026/04/29 15:45:53,488000,11.493
2026/04/29 15:45:53,489000,11.499
2026/04/29 15:45:53,490000,11.499
2026/04/29 15:45:53,491000,11.493
2026/04/29 15:45:53,492000,11.496
2026/04/29 15:45:53,493000,11.499
2026/04/29 15:45:53,494000,11.499
2026/04/29 15:45:53,495000,11.501
2026/04/29 15:45:53,496000,11.493
2026/04/29 15:45:53,497000,11.493
2026/04/29 15:45:53,498000,11.499
2026/04/29 15:45:53,499000,11.496
2026/04/29 15:45:53,500000,11.499
2026/04/29 15:45:53,501000,11.496
2026/04/29 15:45:53,502000,11.496
2026/04/29 15:45:53,503000,11.499
2026/04/29 15:45:53,504000,11.499
2026/04/29 15:45:53,505000,11.496
2026/04/29 15:45:53,506000,11.504
2026/04/29 15:45:53,507000,11.504
2026/04/29 15:45:53,508000,11.501
2026/04/29 15:45:53,509000,11.493
2026/04/29 15:45:53,510000,11.501
2026/04/29 15:45:53,511000,11.490
2026/04/29 15:45:53,512000,11.501
2026/04/29 15:45:53,513000,11.496
2026/04/29 15:45:53,514000,11.496
2026/04/29 15:45:53,515000,11.493
2026/04/29 15:45:53,516000,11.493
2026/04/29 15:45:53,517000,11.499
2026/04/29 15:45:53,518000,11.501
2026/04/29 15:45:53,519000,11.501
2026/04/29 15:45:53,520000,11.490
2026/04/29 15:45:53,521000,11.493
2026/04/29 15:45:53,522000,11.499
2026/04/29 15:45:53,523000,11.499
2026/04/29 15:45:53,524000,11.493
2026/04/29 15:45:53,525000,11.501
2026/04/29 15:45:53,526000,11.501
2026/04/29 15:45:53,527000,11.493
2026/04/29 15:45:53,528000,11.493
2026/04/29 15:45:53,529000,11.504
2026/04/29 15:45:53,530000,11.493
2026/04/29 15:45:53,531000,11.490
2026/04/29 15:45:53,532000,11.496
2026/04/29 15:45:53,533000,11.499
2026/04/29 15:45:53,534000,11.501
2026/04/29 15:45:53,535000,11.499
2026/04/29 15:45:53,536000,11.499
2026/04/29 15:45:53,537000,11.496
2026/04/29 15:45:53,538000,11.501
2026/04/29 15:45:53,539000,11.499
2026/04/29 15:45:53,540000,11.493
2026/04/29 15:45:53,541000,11.499
2026/04/29 15:45:53,542000,11.496
2026/04/29 15:45:53,543000,11.501
2026/04/29 15:45:53,544000,11.496
2026/04/29 15:45:53,545000,11.507
2026/04/29 15:45:53,546000,11.499
2026/04/29 15:45:53,547000,11.493
2026/04/29 15:45:53,548000,11.493
2026/04/29 15:45:53,549000,11.499
2026/04/29 15:45:53,550000,11.496
2026/04/29 15:45:53,551000,11.501
2026/04/29 15:45:53,552000,11.496
2026/04/29 15:45:53,553000,11.499
2026/04/29 15:45:53,554000,11.501
2026/04/29 15:45:53,555000,11.499
2026/04/29 15:45:53,556000,11.499
2026/04/29 15:45:53,557000,11.493
2026/04/29 15:45:53,558000,11.493
2026/04/29 15:45:53,559000,11.493
2026/04/29 15:45:53,560000,11.499
2026/04/29 15:45:53,561000,11.496
2026/04/29 15:45:53,562000,11.499
2026/04/29 15:45:53,563000,11.499
2026/04/29 15:45:53,564000,11.496
2026/04/29 15:45:53,565000,11.501
2026/04/29 15:45:53,566000,11.493
2026/04/29 15:45:53,567000,11.490
2026/04/29 15:45:53,568000,11.496
2026/04/29 15:45:53,569000,11.501
2026/04/29 15:45:53,570000,11.493
2026/04/29 15:45:53,571000,11.490
2026/04/29 15:45:53,572000,11.504
2026/04/29 15:45:53,573000,11.501
2026/04/29 15:45:53,574000,11.496
2026/04/29 15:45:53,575000,11.493
2026/04/29 15:45:53,576000,11.496
2026/04/29 15:45:53,577000,11.496
2026/04/29 15:45:53,578000,11.493
2026/04/29 15:45:53,579000,11.490
2026/04/29 15:45:53,580000,11.493
2026/04/29 15:45:53,581000,11.499
2026/04/29 15:45:53,582000,11.499
2026/04/29 15:45:53,583000,11.496
2026/04/29 15:45:53,584000,11.496
2026/04/29 15:45:53,585000,11.493
2026/04/29 15:45:53,586000,11.496
2026/04/29 15:45:53,587000,11.501
2026/04/29 15:45:53,588000,11.499
2026/04/29 15:45:53,589000,11.501
2026/04/29 15:45:53,590000,11.496
2026/04/29 15:45:53,591000,11.496
2026/04/29 15:45:53,592000,11.501
2026/04/29 15:45:53,593000,11.496
2026/04/29 15:45:53,594000,11.499
2026/04/29 15:45:53,595000,11.499
2026/04/29 15:45:53,596000,11.499
2026/04/29 15:45:53,597000,11.496
2026/04/29 15:45:53,598000,11.499
2026/04/29 15:45:53,599000,11.490
2026/04/29 15:45:53,600000,11.496
2026/04/29 15:45:53,601000,11.501
2026/04/29 15:45:53,602000,11.490
2026/04/29 15:45:53,603000,11.496
2026/04/29 15:45:53,604000,11.499
2026/04/29 15:45:53,605000,11.499
2026/04/29 15:45:53,606000,11.501
2026/04/29 15:45:53,607000,11.496
2026/04/29 15:45:53,608000,11.496
2026/04/29 15:45:53,609000,11.499
2026/04/29 15:45:53,610000,11.501
2026/04/29 15:45:53,611000,11.490
2026/04/29 15:45:53,612000,11.496
2026/04/29 15:45:53,613000,11.499
2026/04/29 15:45:53,614000,11.493
2026/04/29 15:45:53,615000,11.499
2026/04/29 15:45:53,616000,11.501
2026/04/29 15:45:53,617000,11.496
2026/04/29 15:45:53,618000,11.496
2026/04/29 15:45:53,619000,11.490
2026/04/29 15:45:53,620000,11.490
2026/04/29 15:45:53,621000,11.496
2026/04/29 15:45:53,622000,11.496
2026/04/29 15:45:53,623000,11.493
2026/04/29 15:45:53,624000,11.501
2026/04/29 15:45:53,625000,11.496
2026/04/29 15:45:53,626000,11.496
2026/04/29 15:45:53,627000,11.496
2026/04/29 15:45:53,628000,11.496
2026/04/29 15:45:53,629000,11.496
2026/04/29 15:45:53,630000,11.501
2026/04/29 15:45:53,631000,11.493
2026/04/29 15:45:53,632000,11.499
2026/04/29 15:45:53,633000,11.490
2026/04/29 15:45:53,634000,11.501
2026/04/29 15:45:53,635000,11.499
2026/04/29 15:45:53,636000,11.501
2026/04/29 15:45:53,637000,11.504
2026/04/29 15:45:53,638000,11.493
2026/04/29 15:45:53,639000,11.499
2026/04/29 15:45:53,640000,11.493
2026/04/29 15:45:53,641000,11.501
2026/04/29 15:45:53,642000,11.499
2026/04/29 15:45:53,643000,11.493
2026/04/29 15:45:53,644000,11.499
2026/04/29 15:45:53,645000,11.493
2026/04/29 15:45:53,646000,11.493
2026/04/29 15:45:53,647000,11.499
2026/04/29 15:45:53,648000,11.493
2026/04/29 15:45:53,649000,11.496
2026/04/29 15:45:53,650000,11.493
2026/04/29 15:45:53,651000,11.499
2026/04/29 15:45:53,652000,11.493
2026/04/29 15:45:53,653000,11.499
2026/04/29 15:45:53,654000,11.499
2026/04/29 15:45:53,655000,11.499
2026/04/29 15:45:53,656000,11.493
2026/04/29 15:45:53,657000,11.496
2026/04/29 15:45:53,658000,11.499
2026/04/29 15:45:53,659000,11.499
2026/04/29 15:45:53,660000,11.493
2026/04/29 15:45:53,661000,11.496
2026/04/29 15:45:53,662000,11.501
2026/04/29 15:45:53,663000,11.501
2026/04/29 15:45:53,664000,11.496
2026/04/29 15:45:53,665000,11.501
2026/04/29 15:45:53,666000,11.499
2026/04/29 15:45:53,667000,11.501
2026/04/29 15:45:53,668000,11.496
2026/04/29 15:45:53,669000,11.493
2026/04/29 15:45:53,670000,11.499
2026/04/29 15:45:53,671000,11.499
2026/04/29 15:45:53,672000,11.493
2026/04/29 15:45:53,673000,11.499
2026/04/29 15:45:53,674000,11.499
2026/04/29 15:45:53,675000,11.501
2026/04/29 15:45:53,676000,11.496
2026/04/29 15:45:53,677000,11.493
2026/04/29 15:45:53,678000,11.496
2026/04/29 15:45:53,679000,11.499
2026/04/29 15:45:53,680000,11.496
2026/04/29 15:45:53,681000,11.496
2026/04/29 15:45:53,682000,11.490
2026/04/29 15:45:53,683000,11.499
2026/04/29 15:45:53,684000,11.501
2026/04/29 15:45:53,685000,11.499
2026/04/29 15:45:53,686000,11.496
2026/04/29 15:45:53,687000,11.504
2026/04/29 15:45:53,688000,11.499
2026/04/29 15:45:53,689000,11.504
2026/04/29 15:45:53,690000,11.499
2026/04/29 15:45:53,691000,11.496
2026/04/29 15:45:53,692000,11.496
2026/04/29 15:45:53,693000,11.496
2026/04/29 15:45:53,694000,11.496
2026/04/29 15:45:53,695000,11.493
2026/04/29 15:45:53,696000,11.501
2026/04/29 15:45:53,697000,11.499
2026/04/29 15:45:53,698000,11.493
2026/04/29 15:45:53,699000,11.499
2026/04/29 15:45:53,700000,11.493
2026/04/29 15:45:53,701000,11.496
2026/04/29 15:45:53,702000,11.493
2026/04/29 15:45:53,703000,11.496
2026/04/29 15:45:53,704000,11.493
2026/04/29 15:45:53,705000,11.501
2026/04/29 15:45:53,706000,11.496
2026/04/29 15:45:53,707000,11.490
2026/04/29 15:45:53,708000,11.499
2026/04/29 15:45:53,709000,11.499
2026/04/29 15:45:53,710000,11.496
2026/04/29 15:45:53,711000,11.499
2026/04/29 15:45:53,712000,11.501
2026/04/29 15:45:53,713000,11.496
2026/04/29 15:45:53,714000,11.493
2026/04/29 15:45:53,715000,11.499
2026/04/29 15:45:53,716000,11.493
2026/04/29 15:45:53,717000,11.501
2026/04/29 15:45:53,718000,11.496
2026/04/29 15:45:53,719000,11.493
2026/04/29 15:45:53,720000,11.501
2026/04/29 15:45:53,721000,11.499
2026/04/29 15:45:53,722000,11.490
2026/04/29 15:45:53,723000,11.499
2026/04/29 15:45:53,724000,11.493
2026/04/29 15:45:53,725000,11.496
2026/04/29 15:45:53,726000,11.499
2026/04/29 15:45:53,727000,11.493
2026/04/29 15:45:53,728000,11.499
2026/04/29 15:45:53,729000,11.501
2026/04/29 15:45:53,730000,11.496
2026/04/29 15:45:53,731000,11.493
2026/04/29 15:45:53,732000,11.501
2026/04/29 15:45:53,733000,11.504
2026/04/29 15:45:53,734000,11.499
2026/04/29 15:45:53,735000,11.504
2026/04/29 15:45:53,736000,11.501
2026/04/29 15:45:53,737000,11.493
2026/04/29 15:45:53,738000,11.499
2026/04/29 15:45:53,739000,11.493
2026/04/29 15:45:53,740000,11.493
2026/04/29 15:45:53,741000,11.499
2026/04/29 15:45:53,742000,11.501
2026/04/29 15:45:53,743000,11.501
2026/04/29 15:45:53,744000,11.493
2026/04/29 15:45:53,745000,11.499
2026/04/29 15:45:53,746000,11.499
2026/04/29 15:45:53,747000,11.496
2026/04/29 15:45:53,748000,11.499
2026/04/29 15:45:53,749000,11.496
2026/04/29 15:45:53,750000,11.490
2026/04/29 15:45:53,751000,11.496
2026/04/29 15:45:53,752000,11.496
2026/04/29 15:45:53,753000,11.493
2026/04/29 15:45:53,754000,11.496
2026/04/29 15:45:53,755000,11.499
2026/04/29 15:45:53,756000,11.501
2026/04/29 15:45:53,757000,11.501
2026/04/29 15:45:53,758000,11.496
2026/04/29 15:45:53,759000,11.499
2026/04/29 15:45:53,760000,11.499
2026/04/29 15:45:53,761000,11.496
2026/04/29 15:45:53,762000,11.501
2026/04/29 15:45:53,763000,11.487
2026/04/29 15:45:53,764000,11.496
2026/04/29 15:45:53,765000,11.499
2026/04/29 15:45:53,766000,11.504
2026/04/29 15:45:53,767000,11.501
2026/04/29 15:45:53,768000,11.496
2026/04/29 15:45:53,769000,11.496
2026/04/29 15:45:53,770000,11.496
2026/04/29 15:45:53,771000,11.499
2026/04/29 15:45:53,772000,11.499
2026/04/29 15:45:53,773000,11.496
2026/04/29 15:45:53,774000,11.499
2026/04/29 15:45:53,775000,11.496
2026/04/29 15:45:53,776000,11.496
2026/04/29 15:45:53,777000,11.496
2026/04/29 15:45:53,778000,11.499
2026/04/29 15:45:53,779000,11.501
2026/04/29 15:45:53,780000,11.501
2026/04/29 15:45:53,781000,11.496
2026/04/29 15:45:53,782000,11.499
2026/04/29 15:45:53,783000,11.493
2026/04/29 15:45:53,784000,11.496
2026/04/29 15:45:53,785000,11.501
2026/04/29 15:45:53,786000,11.493
2026/04/29 15:45:53,787000,11.499
2026/04/29 15:45:53,788000,11.504
2026/04/29 15:45:53,789000,11.507
2026/04/29 15:45:53,790000,11.499
2026/04/29 15:45:53,791000,11.496
2026/04/29 15:45:53,792000,11.501
2026/04/29 15:45:53,793000,11.493
2026/04/29 15:45:53,794000,11.493
2026/04/29 15:45:53,795000,11.499
2026/04/29 15:45:53,796000,11.501
2026/04/29 15:45:53,797000,11.501
2026/04/29 15:45:53,798000,11.496
2026/04/29 15:45:53,799000,11.501
2026/04/29 15:45:53,800000,11.501
2026/04/29 15:45:53,801000,11.499
2026/04/29 15:45:53,802000,11.496
2026/04/29 15:45:53,803000,11.493
2026/04/29 15:45:53,804000,11.501
2026/04/29 15:45:53,805000,11.501
2026/04/29 15:45:53,806000,11.496
2026/04/29 15:45:53,807000,11.499
2026/04/29 15:45:53,808000,11.496
2026/04/29 15:45:53,809000,11.501
2026/04/29 15:45:53,810000,11.501
2026/04/29 15:45:53,811000,11.504
2026/04/29 15:45:53,812000,11.499
2026/04/29 15:45:53,813000,11.501
2026/04/29 15:45:53,814000,11.507
2026/04/29 15:45:53,815000,11.496
2026/04/29 15:45:53,816000,11.496
2026/04/29 15:45:53,817000,11.499
2026/04/29 15:45:53,818000,11.501
2026/04/29 15:45:53,819000,11.504
2026/04/29 15:45:53,820000,11.501
2026/04/29 15:45:53,821000,11.501
2026/04/29 15:45:53,822000,11.499
2026/04/29 15:45:53,823000,11.501
2026/04/29 15:45:53,824000,11.499
2026/04/29 15:45:53,825000,11.496
2026/04/29 15:45:53,826000,11.499
2026/04/29 15:45:53,827000,11.496
2026/04/29 15:45:53,828000,11.496
2026/04/29 15:45:53,829000,11.504
2026/04/29 15:45:53,830000,11.496
2026/04/29 15:45:53,831000,11.499
2026/04/29 15:45:53,832000,11.496
2026/04/29 15:45:53,833000,11.499
2026/04/29 15:45:53,834000,11.501
2026/04/29 15:45:53,835000,11.501
2026/04/29 15:45:53,836000,11.496
2026/04/29 15:45:53,837000,11.496
2026/04/29 15:45:53,838000,11.499
2026/04/29 15:45:53,839000,11.499
2026/04/29 15:45:53,840000,11.496
2026/04/29 15:45:53,841000,11.499
2026/04/29 15:45:53,842000,11.504
2026/04/29 15:45:53,843000,11.499
2026/04/29 15:45:53,844000,11.499
2026/04/29 15:45:53,845000,11.496
2026/04/29 15:45:53,846000,11.493
2026/04/29 15:45:53,847000,11.496
2026/04/29 15:45:53,848000,11.504
2026/04/29 15:45:53,849000,11.504
2026/04/29 15:45:53,850000,11.493
2026/04/29 15:45:53,851000,11.496
2026/04/29 15:45:53,852000,11.499
2026/04/29 15:45:53,853000,11.504
2026/04/29 15:45:53,854000,11.501
2026/04/29 15:45:53,855000,11.496
2026/04/29 15:45:53,856000,11.499
2026/04/29 15:45:53,857000,11.501
2026/04/29 15:45:53,858000,11.501
2026/04/29 15:45:53,859000,11.499
2026/04/29 15:45:53,860000,11.504
2026/04/29 15:45:53,861000,11.493
2026/04/29 15:45:53,862000,11.499
2026/04/29 15:45:53,863000,11.501
2026/04/29 15:45:53,864000,11.499
2026/04/29 15:45:53,865000,11.501
2026/04/29 15:45:53,866000,11.499
2026/04/29 15:45:53,867000,11.493
2026/04/29 15:45:53,868000,11.496
2026/04/29 15:45:53,869000,11.493
2026/04/29 15:45:53,870000,11.493
2026/04/29 15:45:53,871000,11.504
2026/04/29 15:45:53,872000,11.504
2026/04/29 15:45:53,873000,11.501
2026/04/29 15:45:53,874000,11.493
2026/04/29 15:45:53,875000,11.496
2026/04/29 15:45:53,876000,11.499
2026/04/29 15:45:53,877000,11.501
2026/04/29 15:45:53,878000,11.499
2026/04/29 15:45:53,879000,11.493
2026/04/29 15:45:53,880000,11.504
2026/04/29 15:45:53,881000,11.496
2026/04/29 15:45:53,882000,11.496
2026/04/29 15:45:53,883000,11.496
2026/04/29 15:45:53,884000,11.507
2026/04/29 15:45:53,885000,11.499
2026/04/29 15:45:53,886000,11.501
2026/04/29 15:45:53,887000,11.496
2026/04/29 15:45:53,888000,11.499
2026/04/29 15:45:53,889000,11.499
2026/04/29 15:45:53,890000,11.501
2026/04/29 15:45:53,891000,11.499
2026/04/29 15:45:53,892000,11.496
2026/04/29 15:45:53,893000,11.496
2026/04/29 15:45:53,894000,11.490
2026/04/29 15:45:53,895000,11.501
2026/04/29 15:45:53,896000,11.496
2026/04/29 15:45:53,897000,11.499
2026/04/29 15:45:53,898000,11.504
2026/04/29 15:45:53,899000,11.501
2026/04/29 15:45:53,900000,11.499
2026/04/29 15:45:53,901000,11.504
2026/04/29 15:45:53,902000,11.499
2026/04/29 15:45:53,903000,11.499
2026/04/29 15:45:53,904000,11.499
2026/04/29 15:45:53,905000,11.496
2026/04/29 15:45:53,906000,11.493
2026/04/29 15:45:53,907000,11.501
2026/04/29 15:45:53,908000,11.501
2026/04/29 15:45:53,909000,11.496
2026/04/29 15:45:53,910000,11.501
2026/04/29 15:45:53,911000,11.496
2026/04/29 15:45:53,912000,11.496
2026/04/29 15:45:53,913000,11.499
2026/04/29 15:45:53,914000,11.504
2026/04/29 15:45:53,915000,11.499
2026/04/29 15:45:53,916000,11.496
2026/04/29 15:45:53,917000,11.499
2026/04/29 15:45:53,918000,11.499
2026/04/29 15:45:53,919000,11.490
2026/04/29 15:45:53,920000,11.499
2026/04/29 15:45:53,921000,11.499
2026/04/29 15:45:53,922000,11.493
2026/04/29 15:45:53,923000,11.496
2026/04/29 15:45:53,924000,11.496
2026/04/29 15:45:53,925000,11.499
2026/04/29 15:45:53,926000,11.499
2026/04/29 15:45:53,927000,11.499
2026/04/29 15:45:53,928000,11.499
2026/04/29 15:45:53,929000,11.493
2026/04/29 15:45:53,930000,11.493
2026/04/29 15:45:53,931000,11.499
2026/04/29 15:45:53,932000,11.490
2026/04/29 15:45:53,933000,11.499
2026/04/29 15:45:53,934000,11.499
2026/04/29 15:45:53,935000,11.499
2026/04/29 15:45:53,936000,11.501
2026/04/29 15:45:53,937000,11.501
2026/04/29 15:45:53,938000,11.499
2026/04/29 15:45:53,939000,11.501
2026/04/29 15:45:53,940000,11.496
2026/04/29 15:45:53,941000,11.493
2026/04/29 15:45:53,942000,11.501
2026/04/29 15:45:53,943000,11.496
2026/04/29 15:45:53,944000,11.507
2026/04/29 15:45:53,945000,11.499
2026/04/29 15:45:53,946000,11.501
2026/04/29 15:45:53,947000,11.499
2026/04/29 15:45:53,948000,11.496
2026/04/29 15:45:53,949000,11.501
2026/04/29 15:45:53,950000,11.493
2026/04/29 15:45:53,951000,11.501
2026/04/29 15:45:53,952000,11.493
2026/04/29 15:45:53,953000,11.504
2026/04/29 15:45:53,954000,11.493
2026/04/29 15:45:53,955000,11.499
2026/04/29 15:45:53,956000,11.496
2026/04/29 15:45:53,957000,11.493
2026/04/29 15:45:53,958000,11.499
2026/04/29 15:45:53,959000,11.504
2026/04/29 15:45:53,960000,11.499
2026/04/29 15:45:53,961000,11.507
2026/04/29 15:45:53,962000,11.496
2026/04/29 15:45:53,963000,11.504
2026/04/29 15:45:53,964000,11.499
2026/04/29 15:45:53,965000,11.496
2026/04/29 15:45:53,966000,11.493
2026/04/29 15:45:53,967000,11.496
2026/04/29 15:45:53,968000,11.490
2026/04/29 15:45:53,969000,11.493
2026/04/29 15:45:53,970000,11.496
2026/04/29 15:45:53,971000,11.499
2026/04/29 15:45:53,972000,11.499
2026/04/29 15:45:53,973000,11.493
2026/04/29 15:45:53,974000,11.499
2026/04/29 15:45:53,975000,11.499
2026/04/29 15:45:53,976000,11.499
2026/04/29 15:45:53,977000,11.499
2026/04/29 15:45:53,978000,11.493
2026/04/29 15:45:53,979000,11.507
2026/04/29 15:45:53,980000,11.501
2026/04/29 15:45:53,981000,11.499
2026/04/29 15:45:53,982000,11.499
2026/04/29 15:45:53,983000,11.496
2026/04/29 15:45:53,984000,11.499
2026/04/29 15:45:53,985000,11.501
2026/04/29 15:45:53,986000,11.499
2026/04/29 15:45:53,987000,11.499
2026/04/29 15:45:53,988000,11.501
2026/04/29 15:45:53,989000,11.496
2026/04/29 15:45:53,990000,11.499
2026/04/29 15:45:53,991000,11.499
2026/04/29 15:45:53,992000,11.496
2026/04/29 15:45:53,993000,11.499
2026/04/29 15:45:53,994000,11.499
2026/04/29 15:45:53,995000,11.513
2026/04/29 15:45:53,996000,11.501
2026/04/29 15:45:53,997000,11.501
2026/04/29 15:45:53,998000,11.499
2026/04/29 15:45:53,999000,11.501
2026/04/29 15:45:54,000000,11.499
2026/04/29 15:45:54,001000,11.493
2026/04/29 15:45:54,002000,11.496
2026/04/29 15:45:54,003000,11.501
2026/04/29 15:45:54,004000,11.501
2026/04/29 15:45:54,005000,11.507
2026/04/29 15:45:54,006000,11.504
2026/04/29 15:45:54,007000,11.501
2026/04/29 15:45:54,008000,11.501
2026/04/29 15:45:54,009000,11.499
2026/04/29 15:45:54,010000,11.501
2026/04/29 15:45:54,011000,11.493
2026/04/29 15:45:54,012000,11.510
2026/04/29 15:45:54,013000,11.493
2026/04/29 15:45:54,014000,11.501
2026/04/29 15:45:54,015000,11.499
2026/04/29 15:45:54,016000,11.499
2026/04/29 15:45:54,017000,11.499
2026/04/29 15:45:54,018000,11.501
2026/04/29 15:45:54,019000,11.499
2026/04/29 15:45:54,020000,11.493
2026/04/29 15:45:54,021000,11.499
2026/04/29 15:45:54,022000,11.501
2026/04/29 15:45:54,023000,11.501
2026/04/29 15:45:54,024000,11.493
2026/04/29 15:45:54,025000,11.496
2026/04/29 15:45:54,026000,11.496
2026/04/29 15:45:54,027000,11.499
2026/04/29 15:45:54,028000,11.501
2026/04/29 15:45:54,029000,11.501
2026/04/29 15:45:54,030000,11.499
2026/04/29 15:45:54,031000,11.504
2026/04/29 15:45:54,032000,11.499
2026/04/29 15:45:54,033000,11.496
2026/04/29 15:45:54,034000,11.499
2026/04/29 15:45:54,035000,11.501
2026/04/29 15:45:54,036000,11.499
2026/04/29 15:45:54,037000,11.499
2026/04/29 15:45:54,038000,11.490
2026/04/29 15:45:54,039000,11.501
2026/04/29 15:45:54,040000,11.493
2026/04/29 15:45:54,041000,11.504
2026/04/29 15:45:54,042000,11.499
2026/04/29 15:45:54,043000,11.499
2026/04/29 15:45:54,044000,11.493
2026/04/29 15:45:54,045000,11.499
2026/04/29 15:45:54,046000,11.499
2026/04/29 15:45:54,047000,11.499
2026/04/29 15:45:54,048000,11.496
2026/04/29 15:45:54,049000,11.493
2026/04/29 15:45:54,050000,11.496
2026/04/29 15:45:54,051000,11.499
2026/04/29 15:45:54,052000,11.490
2026/04/29 15:45:54,053000,11.496
2026/04/29 15:45:54,054000,11.499
2026/04/29 15:45:54,055000,11.496
2026/04/29 15:45:54,056000,11.493
2026/04/29 15:45:54,057000,11.499
2026/04/29 15:45:54,058000,11.493
2026/04/29 15:45:54,059000,11.501
2026/04/29 15:45:54,060000,11.493
2026/04/29 15:45:54,061000,11.499
2026/04/29 15:45:54,062000,11.493
2026/04/29 15:45:54,063000,11.504
2026/04/29 15:45:54,064000,11.499
2026/04/29 15:45:54,065000,11.496
2026/04/29 15:45:54,066000,11.496
2026/04/29 15:45:54,067000,11.496
2026/04/29 15:45:54,068000,11.501
2026/04/29 15:45:54,069000,11.501
2026/04/29 15:45:54,070000,11.496
2026/04/29 15:45:54,071000,11.504
2026/04/29 15:45:54,072000,11.499
2026/04/29 15:45:54,073000,11.499
2026/04/29 15:45:54,074000,11.496
2026/04/29 15:45:54,075000,11.493
2026/04/29 15:45:54,076000,11.501
2026/04/29 15:45:54,077000,11.496
2026/04/29 15:45:54,078000,11.493
2026/04/29 15:45:54,079000,11.501
2026/04/29 15:45:54,080000,11.493
2026/04/29 15:45:54,081000,11.496
2026/04/29 15:45:54,082000,11.496
2026/04/29 15:45:54,083000,11.493
2026/04/29 15:45:54,084000,11.496
2026/04/29 15:45:54,085000,11.499
2026/04/29 15:45:54,086000,11.496
2026/04/29 15:45:54,087000,11.493
2026/04/29 15:45:54,088000,11.493
2026/04/29 15:45:54,089000,11.496
2026/04/29 15:45:54,090000,11.496
2026/04/29 15:45:54,091000,11.496
2026/04/29 15:45:54,092000,11.493
2026/04/29 15:45:54,093000,11.504
2026/04/29 15:45:54,094000,11.496
2026/04/29 15:45:54,095000,11.499
2026/04/29 15:45:54,096000,11.499
2026/04/29 15:45:54,097000,11.499
2026/04/29 15:45:54,098000,11.499
2026/04/29 15:45:54,099000,11.501
2026/04/29 15:45:54,100000,11.490
2026/04/29 15:45:54,101000,11.501
2026/04/29 15:45:54,102000,11.496
2026/04/29 15:45:54,103000,11.499
2026/04/29 15:45:54,104000,11.493
2026/04/29 15:45:54,105000,11.496
2026/04/29 15:45:54,106000,11.499
2026/04/29 15:45:54,107000,11.493
2026/04/29 15:45:54,108000,11.499
2026/04/29 15:45:54,109000,11.499
2026/04/29 15:45:54,110000,11.499
2026/04/29 15:45:54,111000,11.496
2026/04/29 15:45:54,112000,11.496
2026/04/29 15:45:54,113000,11.496
2026/04/29 15:45:54,114000,11.501
2026/04/29 15:45:54,115000,11.501
2026/04/29 15:45:54,116000,11.496
2026/04/29 15:45:54,117000,11.496
2026/04/29 15:45:54,118000,11.490
2026/04/29 15:45:54,119000,11.499
2026/04/29 15:45:54,120000,11.493
2026/04/29 15:45:54,121000,11.493
2026/04/29 15:45:54,122000,11.493
2026/04/29 15:45:54,123000,11.493
2026/04/29 15:45:54,124000,11.493
2026/04/29 15:45:54,125000,11.496
2026/04/29 15:45:54,126000,11.499
2026/04/29 15:45:54,127000,11.493
2026/04/29 15:45:54,128000,11.499
2026/04/29 15:45:54,129000,11.493
2026/04/29 15:45:54,130000,11.493
2026/04/29 15:45:54,131000,11.496
2026/04/29 15:45:54,132000,11.493
2026/04/29 15:45:54,133000,11.496
2026/04/29 15:45:54,134000,11.499
2026/04/29 15:45:54,135000,11.493
2026/04/29 15:45:54,136000,11.501
2026/04/29 15:45:54,137000,11.496
2026/04/29 15:45:54,138000,11.493
2026/04/29 15:45:54,139000,11.496
2026/04/29 15:45:54,140000,11.493
2026/04/29 15:45:54,141000,11.496
2026/04/29 15:45:54,142000,11.493
2026/04/29 15:45:54,143000,11.499
2026/04/29 15:45:54,144000,11.496
2026/04/29 15:45:54,145000,11.501
2026/04/29 15:45:54,146000,11.496
2026/04/29 15:45:54,147000,11.496
2026/04/29 15:45:54,148000,11.496
2026/04/29 15:45:54,149000,11.490
2026/04/29 15:45:54,150000,11.490
2026/04/29 15:45:54,151000,11.496
2026/04/29 15:45:54,152000,11.499
2026/04/29 15:45:54,153000,11.499
2026/04/29 15:45:54,154000,11.493
2026/04/29 15:45:54,155000,11.496
2026/04/29 15:45:54,156000,11.493
2026/04/29 15:45:54,157000,11.501
2026/04/29 15:45:54,158000,11.490
2026/04/29 15:45:54,159000,11.487
2026/04/29 15:45:54,160000,11.496
2026/04/29 15:45:54,161000,11.493
2026/04/29 15:45:54,162000,11.501
2026/04/29 15:45:54,163000,11.496
2026/04/29 15:45:54,164000,11.499
2026/04/29 15:45:54,165000,11.485
2026/04/29 15:45:54,166000,11.493
2026/04/29 15:45:54,167000,11.499
2026/04/29 15:45:54,168000,11.499
2026/04/29 15:45:54,169000,11.499
2026/04/29 15:45:54,170000,11.496
2026/04/29 15:45:54,171000,11.496
2026/04/29 15:45:54,172000,11.490
2026/04/29 15:45:54,173000,11.499
2026/04/29 15:45:54,174000,11.501
2026/04/29 15:45:54,175000,11.496
2026/04/29 15:45:54,176000,11.499
2026/04/29 15:45:54,177000,11.493
2026/04/29 15:45:54,178000,11.493
2026/04/29 15:45:54,179000,11.499
2026/04/29 15:45:54,180000,11.499
2026/04/29 15:45:54,181000,11.499
2026/04/29 15:45:54,182000,11.501
2026/04/29 15:45:54,183000,11.496
2026/04/29 15:45:54,184000,11.493
2026/04/29 15:45:54,185000,11.499
2026/04/29 15:45:54,186000,11.493
2026/04/29 15:45:54,187000,11.499
2026/04/29 15:45:54,188000,11.501
2026/04/29 15:45:54,189000,11.501
2026/04/29 15:45:54,190000,11.496
2026/04/29 15:45:54,191000,11.499
2026/04/29 15:45:54,192000,11.493
2026/04/29 15:45:54,193000,11.501
2026/04/29 15:45:54,194000,11.501
2026/04/29 15:45:54,195000,11.501
2026/04/29 15:45:54,196000,11.493
2026/04/29 15:45:54,197000,11.496
2026/04/29 15:45:54,198000,11.499
2026/04/29 15:45:54,199000,11.499
2026/04/29 15:45:54,200000,11.496
2026/04/29 15:45:54,201000,11.499
2026/04/29 15:45:54,202000,11.501
2026/04/29 15:45:54,203000,11.504
2026/04/29 15:45:54,204000,11.496
2026/04/29 15:45:54,205000,11.496
2026/04/29 15:45:54,206000,11.493
2026/04/29 15:45:54,207000,11.499
2026/04/29 15:45:54,208000,11.499
2026/04/29 15:45:54,209000,11.499
2026/04/29 15:45:54,210000,11.493
2026/04/29 15:45:54,211000,11.496
2026/04/29 15:45:54,212000,11.499
2026/04/29 15:45:54,213000,11.493
2026/04/29 15:45:54,214000,11.504
2026/04/29 15:45:54,215000,11.496
2026/04/29 15:45:54,216000,11.496
2026/04/29 15:45:54,217000,11.493
2026/04/29 15:45:54,218000,11.493
2026/04/29 15:45:54,219000,11.496
2026/04/29 15:45:54,220000,11.501
2026/04/29 15:45:54,221000,11.499
2026/04/29 15:45:54,222000,11.501
2026/04/29 15:45:54,223000,11.496
2026/04/29 15:45:54,224000,11.493
2026/04/29 15:45:54,225000,11.496
2026/04/29 15:45:54,226000,11.501
2026/04/29 15:45:54,227000,11.499
2026/04/29 15:45:54,228000,11.501
2026/04/29 15:45:54,229000,11.499
2026/04/29 15:45:54,230000,11.499
2026/04/29 15:45:54,231000,11.499
2026/04/29 15:45:54,232000,11.493
2026/04/29 15:45:54,233000,11.493
2026/04/29 15:45:54,234000,11.499
2026/04/29 15:45:54,235000,11.493
2026/04/29 15:45:54,236000,11.493
2026/04/29 15:45:54,237000,11.499
2026/04/29 15:45:54,238000,11.501
2026/04/29 15:45:54,239000,11.496
2026/04/29 15:45:54,240000,11.501
2026/04/29 15:45:54,241000,11.499
2026/04/29 15:45:54,242000,11.501
2026/04/29 15:45:54,243000,11.501
2026/04/29 15:45:54,244000,11.499
2026/04/29 15:45:54,245000,11.496
2026/04/29 15:45:54,246000,11.501
2026/04/29 15:45:54,247000,11.501
2026/04/29 15:45:54,248000,11.493
2026/04/29 15:45:54,249000,11.496
2026/04/29 15:45:54,250000,11.496
2026/04/29 15:45:54,251000,11.490
2026/04/29 15:45:54,252000,11.501
2026/04/29 15:45:54,253000,11.501
2026/04/29 15:45:54,254000,11.499
2026/04/29 15:45:54,255000,11.501
2026/04/29 15:45:54,256000,11.501
2026/04/29 15:45:54,257000,11.499
2026/04/29 15:45:54,258000,11.493
2026/04/29 15:45:54,259000,11.499
2026/04/29 15:45:54,260000,11.499
2026/04/29 15:45:54,261000,11.501
2026/04/29 15:45:54,262000,11.496
2026/04/29 15:45:54,263000,11.493
2026/04/29 15:45:54,264000,11.501
2026/04/29 15:45:54,265000,11.493
2026/04/29 15:45:54,266000,11.493
2026/04/29 15:45:54,267000,11.496
2026/04/29 15:45:54,268000,11.501
2026/04/29 15:45:54,269000,11.499
2026/04/29 15:45:54,270000,11.499
2026/04/29 15:45:54,271000,11.501
2026/04/29 15:45:54,272000,11.499
2026/04/29 15:45:54,273000,11.496
2026/04/29 15:45:54,274000,11.499
2026/04/29 15:45:54,275000,11.496
2026/04/29 15:45:54,276000,11.496
2026/04/29 15:45:54,277000,11.496
2026/04/29 15:45:54,278000,11.493
2026/04/29 15:45:54,279000,11.499
2026/04/29 15:45:54,280000,11.496
2026/04/29 15:45:54,281000,11.501
2026/04/29 15:45:54,282000,11.496
2026/04/29 15:45:54,283000,11.493
2026/04/29 15:45:54,284000,11.499
2026/04/29 15:45:54,285000,11.499
2026/04/29 15:45:54,286000,11.499
2026/04/29 15:45:54,287000,11.501
2026/04/29 15:45:54,288000,11.499
2026/04/29 15:45:54,289000,11.499
2026/04/29 15:45:54,290000,11.501
2026/04/29 15:45:54,291000,11.504
2026/04/29 15:45:54,292000,11.499
2026/04/29 15:45:54,293000,11.499
2026/04/29 15:45:54,294000,11.493
2026/04/29 15:45:54,295000,11.504
2026/04/29 15:45:54,296000,11.496
2026/04/29 15:45:54,297000,11.496
2026/04/29 15:45:54,298000,11.501
2026/04/29 15:45:54,299000,11.499
2026/04/29 15:45:54,300000,11.501
2026/04/29 15:45:54,301000,11.493
2026/04/29 15:45:54,302000,11.499
2026/04/29 15:45:54,303000,11.499
2026/04/29 15:45:54,304000,11.504
2026/04/29 15:45:54,305000,11.501
2026/04/29 15:45:54,306000,11.499
2026/04/29 15:45:54,307000,11.493
2026/04/29 15:45:54,308000,11.501
2026/04/29 15:45:54,309000,11.504
2026/04/29 15:45:54,310000,11.499
2026/04/29 15:45:54,311000,11.499
2026/04/29 15:45:54,312000,11.499
2026/04/29 15:45:54,313000,11.496
2026/04/29 15:45:54,314000,11.499
2026/04/29 15:45:54,315000,11.493
2026/04/29 15:45:54,316000,11.501
2026/04/29 15:45:54,317000,11.496
2026/04/29 15:45:54,318000,11.501
2026/04/29 15:45:54,319000,11.493
2026/04/29 15:45:54,320000,11.496
2026/04/29 15:45:54,321000,11.493
2026/04/29 15:45:54,322000,11.499
2026/04/29 15:45:54,323000,11.496
2026/04/29 15:45:54,324000,11.504
2026/04/29 15:45:54,325000,11.501
2026/04/29 15:45:54,326000,11.496
2026/04/29 15:45:54,327000,11.496
2026/04/29 15:45:54,328000,11.501
2026/04/29 15:45:54,329000,11.504
2026/04/29 15:45:54,330000,11.501
2026/04/29 15:45:54,331000,11.499
2026/04/29 15:45:54,332000,11.499
2026/04/29 15:45:54,333000,11.501
2026/04/29 15:45:54,334000,11.493
2026/04/29 15:45:54,335000,11.490
2026/04/29 15:45:54,336000,11.499
2026/04/29 15:45:54,337000,11.501
2026/04/29 15:45:54,338000,11.499
2026/04/29 15:45:54,339000,11.496
2026/04/29 15:45:54,340000,11.493
2026/04/29 15:45:54,341000,11.501
2026/04/29 15:45:54,342000,11.504
2026/04/29 15:45:54,343000,11.499
2026/04/29 15:45:54,344000,11.499
2026/04/29 15:45:54,345000,11.493
2026/04/29 15:45:54,346000,11.501
2026/04/29 15:45:54,347000,11.499
2026/04/29 15:45:54,348000,11.493
2026/04/29 15:45:54,349000,11.496
2026/04/29 15:45:54,350000,11.499
2026/04/29 15:45:54,351000,11.490
2026/04/29 15:45:54,352000,11.504
2026/04/29 15:45:54,353000,11.499
2026/04/29 15:45:54,354000,11.499
2026/04/29 15:45:54,355000,11.496
2026/04/29 15:45:54,356000,11.496
2026/04/29 15:45:54,357000,11.501
2026/04/29 15:45:54,358000,11.499
2026/04/29 15:45:54,359000,11.499
2026/04/29 15:45:54,360000,11.493
2026/04/29 15:45:54,361000,11.499
2026/04/29 15:45:54,362000,11.493
2026/04/29 15:45:54,363000,11.501
2026/04/29 15:45:54,364000,11.496
2026/04/29 15:45:54,365000,11.493
2026/04/29 15:45:54,366000,11.501
2026/04/29 15:45:54,367000,11.499
2026/04/29 15:45:54,368000,11.499
2026/04/29 15:45:54,369000,11.499
2026/04/29 15:45:54,370000,11.501
2026/04/29 15:45:54,371000,11.501
2026/04/29 15:45:54,372000,11.485
2026/04/29 15:45:54,373000,11.499
2026/04/29 15:45:54,374000,11.499
2026/04/29 15:45:54,375000,11.496
2026/04/29 15:45:54,376000,11.501
2026/04/29 15:45:54,377000,11.496
2026/04/29 15:45:54,378000,11.499
2026/04/29 15:45:54,379000,11.501
2026/04/29 15:45:54,380000,11.493
2026/04/29 15:45:54,381000,11.501
2026/04/29 15:45:54,382000,11.499
2026/04/29 15:45:54,383000,11.485
2026/04/29 15:45:54,384000,11.496
2026/04/29 15:45:54,385000,11.496
2026/04/29 15:45:54,386000,11.493
2026/04/29 15:45:54,387000,11.499
2026/04/29 15:45:54,388000,11.493
2026/04/29 15:45:54,389000,11.490
2026/04/29 15:45:54,390000,11.501
2026/04/29 15:45:54,391000,11.499
2026/04/29 15:45:54,392000,11.504
2026/04/29 15:45:54,393000,11.501
2026/04/29 15:45:54,394000,11.499
2026/04/29 15:45:54,395000,11.501
2026/04/29 15:45:54,396000,11.504
2026/04/29 15:45:54,397000,11.499
2026/04/29 15:45:54,398000,11.493
2026/04/29 15:45:54,399000,11.501
2026/04/29 15:45:54,400000,11.499
2026/04/29 15:45:54,401000,11.499
2026/04/29 15:45:54,402000,11.499
2026/04/29 15:45:54,403000,11.499
2026/04/29 15:45:54,404000,11.496
2026/04/29 15:45:54,405000,11.493
2026/04/29 15:45:54,406000,11.499
2026/04/29 15:45:54,407000,11.496
2026/04/29 15:45:54,408000,11.493
2026/04/29 15:45:54,409000,11.499
2026/04/29 15:45:54,410000,11.499
2026/04/29 15:45:54,411000,11.499
2026/04/29 15:45:54,412000,11.499
2026/04/29 15:45:54,413000,11.501
2026/04/29 15:45:54,414000,11.499
2026/04/29 15:45:54,415000,11.499
2026/04/29 15:45:54,416000,11.507
2026/04/29 15:45:54,417000,11.496
2026/04/29 15:45:54,418000,11.496
2026/04/29 15:45:54,419000,11.493
2026/04/29 15:45:54,420000,11.490
2026/04/29 15:45:54,421000,11.493
2026/04/29 15:45:54,422000,11.493
2026/04/29 15:45:54,423000,11.501
2026/04/29 15:45:54,424000,11.504
2026/04/29 15:45:54,425000,11.499
2026/04/29 15:45:54,426000,11.496
2026/04/29 15:45:54,427000,11.496
2026/04/29 15:45:54,428000,11.490
2026/04/29 15:45:54,429000,11.499
2026/04/29 15:45:54,430000,11.501
2026/04/29 15:45:54,431000,11.504
2026/04/29 15:45:54,432000,11.499
2026/04/29 15:45:54,433000,11.496
2026/04/29 15:45:54,434000,11.501
2026/04/29 15:45:54,435000,11.490
2026/04/29 15:45:54,436000,11.504
2026/04/29 15:45:54,437000,11.504
2026/04/29 15:45:54,438000,11.499
2026/04/29 15:45:54,439000,11.499
2026/04/29 15:45:54,440000,11.493
2026/04/29 15:45:54,441000,11.493
2026/04/29 15:45:54,442000,11.507
2026/04/29 15:45:54,443000,11.499
2026/04/29 15:45:54,444000,11.501
2026/04/29 15:45:54,445000,11.501
2026/04/29 15:45:54,446000,11.499
2026/04/29 15:45:54,447000,11.504
2026/04/29 15:45:54,448000,11.499
2026/04/29 15:45:54,449000,11.493
2026/04/29 15:45:54,450000,11.501
2026/04/29 15:45:54,451000,11.501
2026/04/29 15:45:54,452000,11.496
2026/04/29 15:45:54,453000,11.496
2026/04/29 15:45:54,454000,11.496
2026/04/29 15:45:54,455000,11.496
2026/04/29 15:45:54,456000,11.493
2026/04/29 15:45:54,457000,11.496
2026/04/29 15:45:54,458000,11.499
2026/04/29 15:45:54,459000,11.493
2026/04/29 15:45:54,460000,11.496
2026/04/29 15:45:54,461000,11.501
2026/04/29 15:45:54,462000,11.499
2026/04/29 15:45:54,463000,11.493
2026/04/29 15:45:54,464000,11.499
2026/04/29 15:45:54,465000,11.501
2026/04/29 15:45:54,466000,11.493
2026/04/29 15:45:54,467000,11.496
2026/04/29 15:45:54,468000,11.499
2026/04/29 15:45:54,469000,11.501
2026/04/29 15:45:54,470000,11.499
2026/04/29 15:45:54,471000,11.499
2026/04/29 15:45:54,472000,11.501
2026/04/29 15:45:54,473000,11.501
2026/04/29 15:45:54,474000,11.499
2026/04/29 15:45:54,475000,11.499
2026/04/29 15:45:54,476000,11.499
2026/04/29 15:45:54,477000,11.504
2026/04/29 15:45:54,478000,11.493
2026/04/29 15:45:54,479000,11.499
2026/04/29 15:45:54,480000,11.499
2026/04/29 15:45:54,481000,11.493
2026/04/29 15:45:54,482000,11.499
2026/04/29 15:45:54,483000,11.499
2026/04/29 15:45:54,484000,11.507
2026/04/29 15:45:54,485000,11.501
2026/04/29 15:45:54,486000,11.496
2026/04/29 15:45:54,487000,11.496
2026/04/29 15:45:54,488000,11.496
2026/04/29 15:45:54,489000,11.501
2026/04/29 15:45:54,490000,11.493
2026/04/29 15:45:54,491000,11.493
2026/04/29 15:45:54,492000,11.499
2026/04/29 15:45:54,493000,11.490
2026/04/29 15:45:54,494000,11.499
2026/04/29 15:45:54,495000,11.499
2026/04/29 15:45:54,496000,11.490
2026/04/29 15:45:54,497000,11.496
2026/04/29 15:45:54,498000,11.499
2026/04/29 15:45:54,499000,11.504
2026/04/29 15:45:54,500000,11.504
2026/04/29 15:45:54,501000,11.493
2026/04/29 15:45:54,502000,11.493
2026/04/29 15:45:54,503000,11.499
2026/04/29 15:45:54,504000,11.501
2026/04/29 15:45:54,505000,11.499
2026/04/29 15:45:54,506000,11.499
2026/04/29 15:45:54,507000,11.501
2026/04/29 15:45:54,508000,11.496
2026/04/29 15:45:54,509000,11.496
2026/04/29 15:45:54,510000,11.496
2026/04/29 15:45:54,511000,11.496
2026/04/29 15:45:54,512000,11.499
2026/04/29 15:45:54,513000,11.499
2026/04/29 15:45:54,514000,11.496
2026/04/29 15:45:54,515000,11.493
2026/04/29 15:45:54,516000,11.496
2026/04/29 15:45:54,517000,11.496
2026/04/29 15:45:54,518000,11.501
2026/04/29 15:45:54,519000,11.496
2026/04/29 15:45:54,520000,11.496
2026/04/29 15:45:54,521000,11.504
2026/04/29 15:45:54,522000,11.504
2026/04/29 15:45:54,523000,11.496
2026/04/29 15:45:54,524000,11.501
2026/04/29 15:45:54,525000,11.496
2026/04/29 15:45:54,526000,11.499
2026/04/29 15:45:54,527000,11.499
2026/04/29 15:45:54,528000,11.493
2026/04/29 15:45:54,529000,11.499
2026/04/29 15:45:54,530000,11.493
2026/04/29 15:45:54,531000,11.496
2026/04/29 15:45:54,532000,11.499
2026/04/29 15:45:54,533000,11.496
2026/04/29 15:45:54,534000,11.496
2026/04/29 15:45:54,535000,11.499
2026/04/29 15:45:54,536000,11.496
2026/04/29 15:45:54,537000,11.493
2026/04/29 15:45:54,538000,11.496
2026/04/29 15:45:54,539000,11.496
2026/04/29 15:45:54,540000,11.493
2026/04/29 15:45:54,541000,11.493
2026/04/29 15:45:54,542000,11.496
2026/04/29 15:45:54,543000,11.501
2026/04/29 15:45:54,544000,11.499
2026/04/29 15:45:54,545000,11.499
2026/04/29 15:45:54,546000,11.496
2026/04/29 15:45:54,547000,11.499
2026/04/29 15:45:54,548000,11.493
2026/04/29 15:45:54,549000,11.496
2026/04/29 15:45:54,550000,11.504
2026/04/29 15:45:54,551000,11.501
2026/04/29 15:45:54,552000,11.499
2026/04/29 15:45:54,553000,11.493
2026/04/29 15:45:54,554000,11.499
2026/04/29 15:45:54,555000,11.496
2026/04/29 15:45:54,556000,11.501
2026/04/29 15:45:54,557000,11.493
2026/04/29 15:45:54,558000,11.496
2026/04/29 15:45:54,559000,11.496
2026/04/29 15:45:54,560000,11.496
2026/04/29 15:45:54,561000,11.501
2026/04/29 15:45:54,562000,11.493
2026/04/29 15:45:54,563000,11.501
2026/04/29 15:45:54,564000,11.496
2026/04/29 15:45:54,565000,11.504
2026/04/29 15:45:54,566000,11.496
2026/04/29 15:45:54,567000,11.501
2026/04/29 15:45:54,568000,11.493
2026/04/29 15:45:54,569000,11.499
2026/04/29 15:45:54,570000,11.493
2026/04/29 15:45:54,571000,11.496
2026/04/29 15:45:54,572000,11.499
2026/04/29 15:45:54,573000,11.496
2026/04/29 15:45:54,574000,11.487
2026/04/29 15:45:54,575000,11.493
2026/04/29 15:45:54,576000,11.496
2026/04/29 15:45:54,577000,11.496
2026/04/29 15:45:54,578000,11.496
2026/04/29 15:45:54,579000,11.501
2026/04/29 15:45:54,580000,11.499
2026/04/29 15:45:54,581000,11.496
2026/04/29 15:45:54,582000,11.504
2026/04/29 15:45:54,583000,11.493
2026/04/29 15:45:54,584000,11.493
2026/04/29 15:45:54,585000,11.496
2026/04/29 15:45:54,586000,11.501
2026/04/29 15:45:54,587000,11.496
2026/04/29 15:45:54,588000,11.496
2026/04/29 15:45:54,589000,11.496
2026/04/29 15:45:54,590000,11.499
2026/04/29 15:45:54,591000,11.490
2026/04/29 15:45:54,592000,11.493
2026/04/29 15:45:54,593000,11.499
2026/04/29 15:45:54,594000,11.499
2026/04/29 15:45:54,595000,11.496
2026/04/29 15:45:54,596000,11.499
2026/04/29 15:45:54,597000,11.501
2026/04/29 15:45:54,598000,11.504
2026/04/29 15:45:54,599000,11.499
2026/04/29 15:45:54,600000,11.496
2026/04/29 15:45:54,601000,11.499
2026/04/29 15:45:54,602000,11.496
2026/04/29 15:45:54,603000,11.493
2026/04/29 15:45:54,604000,11.493
2026/04/29 15:45:54,605000,11.499
2026/04/29 15:45:54,606000,11.493
2026/04/29 15:45:54,607000,11.501
2026/04/29 15:45:54,608000,11.501
2026/04/29 15:45:54,609000,11.496
2026/04/29 15:45:54,610000,11.499
2026/04/29 15:45:54,611000,11.496
2026/04/29 15:45:54,612000,11.496
2026/04/29 15:45:54,613000,11.501
2026/04/29 15:45:54,614000,11.499
2026/04/29 15:45:54,615000,11.493
2026/04/29 15:45:54,616000,11.499
2026/04/29 15:45:54,617000,11.496
2026/04/29 15:45:54,618000,11.496
2026/04/29 15:45:54,619000,11.493
2026/04/29 15:45:54,620000,11.493
2026/04/29 15:45:54,621000,11.499
2026/04/29 15:45:54,622000,11.499
2026/04/29 15:45:54,623000,11.501
2026/04/29 15:45:54,624000,11.496
2026/04/29 15:45:54,625000,11.496
2026/04/29 15:45:54,626000,11.496
2026/04/29 15:45:54,627000,11.490
2026/04/29 15:45:54,628000,11.496
2026/04/29 15:45:54,629000,11.501
2026/04/29 15:45:54,630000,11.490
2026/04/29 15:45:54,631000,11.501
2026/04/29 15:45:54,632000,11.499
2026/04/29 15:45:54,633000,11.496
2026/04/29 15:45:54,634000,11.499
2026/04/29 15:45:54,635000,11.496
2026/04/29 15:45:54,636000,11.499
2026/04/29 15:45:54,637000,11.493
2026/04/29 15:45:54,638000,11.487
2026/04/29 15:45:54,639000,11.499
2026/04/29 15:45:54,640000,11.496
2026/04/29 15:45:54,641000,11.501
2026/04/29 15:45:54,642000,11.504
2026/04/29 15:45:54,643000,11.501
2026/04/29 15:45:54,644000,11.504
2026/04/29 15:45:54,645000,11.501
2026/04/29 15:45:54,646000,11.499
2026/04/29 15:45:54,647000,11.499
2026/04/29 15:45:54,648000,11.493
2026/04/29 15:45:54,649000,11.501
2026/04/29 15:45:54,650000,11.496
2026/04/29 15:45:54,651000,11.504
2026/04/29 15:45:54,652000,11.493
2026/04/29 15:45:54,653000,11.499
2026/04/29 15:45:54,654000,11.496
2026/04/29 15:45:54,655000,11.496
2026/04/29 15:45:54,656000,11.501
2026/04/29 15:45:54,657000,11.496
2026/04/29 15:45:54,658000,11.499
2026/04/29 15:45:54,659000,11.501
2026/04/29 15:45:54,660000,11.496
2026/04/29 15:45:54,661000,11.499
2026/04/29 15:45:54,662000,11.499
2026/04/29 15:45:54,663000,11.501
2026/04/29 15:45:54,664000,11.493
2026/04/29 15:45:54,665000,11.499
2026/04/29 15:45:54,666000,11.493
2026/04/29 15:45:54,667000,11.496
2026/04/29 15:45:54,668000,11.496
2026/04/29 15:45:54,669000,11.493
2026/04/29 15:45:54,670000,11.496
2026/04/29 15:45:54,671000,11.499
2026/04/29 15:45:54,672000,11.496
2026/04/29 15:45:54,673000,11.493
2026/04/29 15:45:54,674000,11.493
2026/04/29 15:45:54,675000,11.493
2026/04/29 15:45:54,676000,11.504
2026/04/29 15:45:54,677000,11.496
2026/04/29 15:45:54,678000,11.490
2026/04/29 15:45:54,679000,11.499
2026/04/29 15:45:54,680000,11.499
2026/04/29 15:45:54,681000,11.499
2026/04/29 15:45:54,682000,11.496
2026/04/29 15:45:54,683000,11.504
2026/04/29 15:45:54,684000,11.493
2026/04/29 15:45:54,685000,11.493
2026/04/29 15:45:54,686000,11.496
2026/04/29 15:45:54,687000,11.499
2026/04/29 15:45:54,688000,11.493
2026/04/29 15:45:54,689000,11.493
2026/04/29 15:45:54,690000,11.496
2026/04/29 15:45:54,691000,11.496
2026/04/29 15:45:54,692000,11.490
2026/04/29 15:45:54,693000,11.493
2026/04/29 15:45:54,694000,11.496
2026/04/29 15:45:54,695000,11.496
2026/04/29 15:45:54,696000,11.493
2026/04/29 15:45:54,697000,11.490
2026/04/29 15:45:54,698000,11.499
2026/04/29 15:45:54,699000,11.504
2026/04/29 15:45:54,700000,11.493
2026/04/29 15:45:54,701000,11.501
2026/04/29 15:45:54,702000,11.499
2026/04/29 15:45:54,703000,11.501
2026/04/29 15:45:54,704000,11.493
2026/04/29 15:45:54,705000,11.499
2026/04/29 15:45:54,706000,11.499
2026/04/29 15:45:54,707000,11.496
2026/04/29 15:45:54,708000,11.493
2026/04/29 15:45:54,709000,11.499
2026/04/29 15:45:54,710000,11.499
2026/04/29 15:45:54,711000,11.496
2026/04/29 15:45:54,712000,11.501
2026/04/29 15:45:54,713000,11.501
2026/04/29 15:45:54,714000,11.499
2026/04/29 15:45:54,715000,11.493
2026/04/29 15:45:54,716000,11.499
2026/04/29 15:45:54,717000,11.496
2026/04/29 15:45:54,718000,11.501
2026/04/29 15:45:54,719000,11.496
2026/04/29 15:45:54,720000,11.490
2026/04/29 15:45:54,721000,11.496
2026/04/29 15:45:54,722000,11.496
2026/04/29 15:45:54,723000,11.499
2026/04/29 15:45:54,724000,11.499
2026/04/29 15:45:54,725000,11.499
2026/04/29 15:45:54,726000,11.490
2026/04/29 15:45:54,727000,11.501
2026/04/29 15:45:54,728000,11.499
2026/04/29 15:45:54,729000,11.496
2026/04/29 15:45:54,730000,11.504
2026/04/29 15:45:54,731000,11.504
2026/04/29 15:45:54,732000,11.493
2026/04/29 15:45:54,733000,11.496
2026/04/29 15:45:54,734000,11.501
2026/04/29 15:45:54,735000,11.499
2026/04/29 15:45:54,736000,11.499
2026/04/29 15:45:54,737000,11.499
2026/04/29 15:45:54,738000,11.499
2026/04/29 15:45:54,739000,11.501
2026/04/29 15:45:54,740000,11.499
2026/04/29 15:45:54,741000,11.496
2026/04/29 15:45:54,742000,11.504
2026/04/29 15:45:54,743000,11.507
2026/04/29 15:45:54,744000,11.496
2026/04/29 15:45:54,745000,11.501
2026/04/29 15:45:54,746000,11.501
2026/04/29 15:45:54,747000,11.493
2026/04/29 15:45:54,748000,11.499
2026/04/29 15:45:54,749000,11.496
2026/04/29 15:45:54,750000,11.496
2026/04/29 15:45:54,751000,11.493
2026/04/29 15:45:54,752000,11.496
2026/04/29 15:45:54,753000,11.501
2026/04/29 15:45:54,754000,11.499
2026/04/29 15:45:54,755000,11.496
2026/04/29 15:45:54,756000,11.499
2026/04/29 15:45:54,757000,11.496
2026/04/29 15:45:54,758000,11.501
2026/04/29 15:45:54,759000,11.496
2026/04/29 15:45:54,760000,11.501
2026/04/29 15:45:54,761000,11.504
2026/04/29 15:45:54,762000,11.499
2026/04/29 15:45:54,763000,11.493
2026/04/29 15:45:54,764000,11.499
2026/04/29 15:45:54,765000,11.501
2026/04/29 15:45:54,766000,11.499
2026/04/29 15:45:54,767000,11.496
2026/04/29 15:45:54,768000,11.493
2026/04/29 15:45:54,769000,11.499
2026/04/29 15:45:54,770000,11.493
2026/04/29 15:45:54,771000,11.490
2026/04/29 15:45:54,772000,11.501
2026/04/29 15:45:54,773000,11.499
2026/04/29 15:45:54,774000,11.496
2026/04/29 15:45:54,775000,11.501
2026/04/29 15:45:54,776000,11.496
2026/04/29 15:45:54,777000,11.496
2026/04/29 15:45:54,778000,11.501
2026/04/29 15:45:54,779000,11.496
2026/04/29 15:45:54,780000,11.496
2026/04/29 15:45:54,781000,11.501
2026/04/29 15:45:54,782000,11.493
2026/04/29 15:45:54,783000,11.493
2026/04/29 15:45:54,784000,11.504
2026/04/29 15:45:54,785000,11.499
2026/04/29 15:45:54,786000,11.501
2026/04/29 15:45:54,787000,11.501
2026/04/29 15:45:54,788000,11.501
2026/04/29 15:45:54,789000,11.499
2026/04/29 15:45:54,790000,11.501
2026/04/29 15:45:54,791000,11.490
2026/04/29 15:45:54,792000,11.501
2026/04/29 15:45:54,793000,11.499
2026/04/29 15:45:54,794000,11.499
2026/04/29 15:45:54,795000,11.501
2026/04/29 15:45:54,796000,11.501
2026/04/29 15:45:54,797000,11.501
2026/04/29 15:45:54,798000,11.499
2026/04/29 15:45:54,799000,11.499
2026/04/29 15:45:54,800000,11.499
2026/04/29 15:45:54,801000,11.501
2026/04/29 15:45:54,802000,11.499
2026/04/29 15:45:54,803000,11.499
2026/04/29 15:45:54,804000,11.499
2026/04/29 15:45:54,805000,11.493
2026/04/29 15:45:54,806000,11.501
2026/04/29 15:45:54,807000,11.493
2026/04/29 15:45:54,808000,11.504
2026/04/29 15:45:54,809000,11.501
2026/04/29 15:45:54,810000,11.496
2026/04/29 15:45:54,811000,11.493
2026/04/29 15:45:54,812000,11.499
2026/04/29 15:45:54,813000,11.493
2026/04/29 15:45:54,814000,11.507
2026/04/29 15:45:54,815000,11.496
2026/04/29 15:45:54,816000,11.504
2026/04/29 15:45:54,817000,11.499
2026/04/29 15:45:54,818000,11.496
2026/04/29 15:45:54,819000,11.504
2026/04/29 15:45:54,820000,11.493
2026/04/29 15:45:54,821000,11.499
2026/04/29 15:45:54,822000,11.504
2026/04/29 15:45:54,823000,11.496
2026/04/29 15:45:54,824000,11.490
2026/04/29 15:45:54,825000,11.496
2026/04/29 15:45:54,826000,11.499
2026/04/29 15:45:54,827000,11.499
2026/04/29 15:45:54,828000,11.501
2026/04/29 15:45:54,829000,11.496
2026/04/29 15:45:54,830000,11.499
2026/04/29 15:45:54,831000,11.499
2026/04/29 15:45:54,832000,11.493
2026/04/29 15:45:54,833000,11.499
2026/04/29 15:45:54,834000,11.496
2026/04/29 15:45:54,835000,11.501
2026/04/29 15:45:54,836000,11.499
2026/04/29 15:45:54,837000,11.496
2026/04/29 15:45:54,838000,11.499
2026/04/29 15:45:54,839000,11.501
2026/04/29 15:45:54,840000,11.501
2026/04/29 15:45:54,841000,11.499
2026/04/29 15:45:54,842000,11.501
2026/04/29 15:45:54,843000,11.499
2026/04/29 15:45:54,844000,11.493
2026/04/29 15:45:54,845000,11.501
2026/04/29 15:45:54,846000,11.496
2026/04/29 15:45:54,847000,11.499
2026/04/29 15:45:54,848000,11.501
2026/04/29 15:45:54,849000,11.496
2026/04/29 15:45:54,850000,11.499
2026/04/29 15:45:54,851000,11.501
2026/04/29 15:45:54,852000,11.496
2026/04/29 15:45:54,853000,11.499
2026/04/29 15:45:54,854000,11.501
2026/04/29 15:45:54,855000,11.493
2026/04/29 15:45:54,856000,11.496
2026/04/29 15:45:54,857000,11.504
2026/04/29 15:45:54,858000,11.499
2026/04/29 15:45:54,859000,11.507
2026/04/29 15:45:54,860000,11.496
2026/04/29 15:45:54,861000,11.493
2026/04/29 15:45:54,862000,11.493
2026/04/29 15:45:54,863000,11.499
2026/04/29 15:45:54,864000,11.501
2026/04/29 15:45:54,865000,11.501
2026/04/29 15:45:54,866000,11.499
2026/04/29 15:45:54,867000,11.496
2026/04/29 15:45:54,868000,11.499
2026/04/29 15:45:54,869000,11.499
2026/04/29 15:45:54,870000,11.499
2026/04/29 15:45:54,871000,11.501
2026/04/29 15:45:54,872000,11.501
2026/04/29 15:45:54,873000,11.493
2026/04/29 15:45:54,874000,11.496
2026/04/29 15:45:54,875000,11.499
2026/04/29 15:45:54,876000,11.493
2026/04/29 15:45:54,877000,11.499
2026/04/29 15:45:54,878000,11.493
2026/04/29 15:45:54,879000,11.496
2026/04/29 15:45:54,880000,11.499
2026/04/29 15:45:54,881000,11.499
2026/04/29 15:45:54,882000,11.496
2026/04/29 15:45:54,883000,11.499
2026/04/29 15:45:54,884000,11.493
2026/04/29 15:45:54,885000,11.499
2026/04/29 15:45:54,886000,11.493
2026/04/29 15:45:54,887000,11.501
2026/04/29 15:45:54,888000,11.496
2026/04/29 15:45:54,889000,11.499
2026/04/29 15:45:54,890000,11.499
2026/04/29 15:45:54,891000,11.493
2026/04/29 15:45:54,892000,11.496
2026/04/29 15:45:54,893000,11.493
2026/04/29 15:45:54,894000,11.496
2026/04/29 15:45:54,895000,11.493
2026/04/29 15:45:54,896000,11.493
2026/04/29 15:45:54,897000,11.499
2026/04/29 15:45:54,898000,11.501
2026/04/29 15:45:54,899000,11.496
2026/04/29 15:45:54,900000,11.499
2026/04/29 15:45:54,901000,11.496
2026/04/29 15:45:54,902000,11.499
2026/04/29 15:45:54,903000,11.504
2026/04/29 15:45:54,904000,11.504
2026/04/29 15:45:54,905000,11.501
2026/04/29 15:45:54,906000,11.490
2026/04/29 15:45:54,907000,11.499
2026/04/29 15:45:54,908000,11.490
2026/04/29 15:45:54,909000,11.496
2026/04/29 15:45:54,910000,11.493
2026/04/29 15:45:54,911000,11.501
2026/04/29 15:45:54,912000,11.499
2026/04/29 15:45:54,913000,11.501
2026/04/29 15:45:54,914000,11.499
2026/04/29 15:45:54,915000,11.501
2026/04/29 15:45:54,916000,11.496
2026/04/29 15:45:54,917000,11.496
2026/04/29 15:45:54,918000,11.501
2026/04/29 15:45:54,919000,11.504
2026/04/29 15:45:54,920000,11.504
2026/04/29 15:45:54,921000,11.504
2026/04/29 15:45:54,922000,11.499
2026/04/29 15:45:54,923000,11.496
2026/04/29 15:45:54,924000,11.501
2026/04/29 15:45:54,925000,11.496
2026/04/29 15:45:54,926000,11.504
2026/04/29 15:45:54,927000,11.493
2026/04/29 15:45:54,928000,11.496
2026/04/29 15:45:54,929000,11.501
2026/04/29 15:45:54,930000,11.496
2026/04/29 15:45:54,931000,11.499
2026/04/29 15:45:54,932000,11.499
2026/04/29 15:45:54,933000,11.493
2026/04/29 15:45:54,934000,11.504
2026/04/29 15:45:54,935000,11.499
2026/04/29 15:45:54,936000,11.501
2026/04/29 15:45:54,937000,11.499
2026/04/29 15:45:54,938000,11.499
2026/04/29 15:45:54,939000,11.493
2026/04/29 15:45:54,940000,11.501
2026/04/29 15:45:54,941000,11.499
2026/04/29 15:45:54,942000,11.493
2026/04/29 15:45:54,943000,11.501
2026/04/29 15:45:54,944000,11.496
2026/04/29 15:45:54,945000,11.496
2026/04/29 15:45:54,946000,11.499
2026/04/29 15:45:54,947000,11.490
2026/04/29 15:45:54,948000,11.504
2026/04/29 15:45:54,949000,11.501
2026/04/29 15:45:54,950000,11.496
2026/04/29 15:45:54,951000,11.501
2026/04/29 15:45:54,952000,11.493
2026/04/29 15:45:54,953000,11.493
2026/04/29 15:45:54,954000,11.496
2026/04/29 15:45:54,955000,11.501
2026/04/29 15:45:54,956000,11.499
2026/04/29 15:45:54,957000,11.493
2026/04/29 15:45:54,958000,11.499
2026/04/29 15:45:54,959000,11.496
2026/04/29 15:45:54,960000,11.499
2026/04/29 15:45:54,961000,11.499
2026/04/29 15:45:54,962000,11.504
2026/04/29 15:45:54,963000,11.499
2026/04/29 15:45:54,964000,11.496
2026/04/29 15:45:54,965000,11.501
2026/04/29 15:45:54,966000,11.501
2026/04/29 15:45:54,967000,11.496
2026/04/29 15:45:54,968000,11.499
2026/04/29 15:45:54,969000,11.501
2026/04/29 15:45:54,970000,11.493
2026/04/29 15:45:54,971000,11.499
2026/04/29 15:45:54,972000,11.496
2026/04/29 15:45:54,973000,11.496
2026/04/29 15:45:54,974000,11.499
2026/04/29 15:45:54,975000,11.499
2026/04/29 15:45:54,976000,11.501
2026/04/29 15:45:54,977000,11.493
2026/04/29 15:45:54,978000,11.496
2026/04/29 15:45:54,979000,11.499
2026/04/29 15:45:54,980000,11.493
2026/04/29 15:45:54,981000,11.501
2026/04/29 15:45:54,982000,11.493
2026/04/29 15:45:54,983000,11.490
2026/04/29 15:45:54,984000,11.493
2026/04/29 15:45:54,985000,11.487
2026/04/29 15:45:54,986000,11.499
2026/04/29 15:45:54,987000,11.493
2026/04/29 15:45:54,988000,11.499
2026/04/29 15:45:54,989000,11.499
2026/04/29 15:45:54,990000,11.499
2026/04/29 15:45:54,991000,11.501
2026/04/29 15:45:54,992000,11.496
2026/04/29 15:45:54,993000,11.501
2026/04/29 15:45:54,994000,11.496
2026/04/29 15:45:54,995000,11.499
2026/04/29 15:45:54,996000,11.499
2026/04/29 15:45:54,997000,11.499
2026/04/29 15:45:54,998000,11.496
2026/04/29 15:45:54,999000,11.504
2026/04/29 15:45:55,000000,11.501
2026/04/29 15:45:55,001000,11.499
2026/04/29 15:45:55,002000,11.501
2026/04/29 15:45:55,003000,11.493
2026/04/29 15:45:55,004000,11.493
2026/04/29 15:45:55,005000,11.499
2026/04/29 15:45:55,006000,11.499
2026/04/29 15:45:55,007000,11.501
2026/04/29 15:45:55,008000,11.487
2026/04/29 15:45:55,009000,11.493
2026/04/29 15:45:55,010000,11.501
2026/04/29 15:45:55,011000,11.504
2026/04/29 15:45:55,012000,11.504
2026/04/29 15:45:55,013000,11.496
2026/04/29 15:45:55,014000,11.487
2026/04/29 15:45:55,015000,11.493
2026/04/29 15:45:55,016000,11.493
2026/04/29 15:45:55,017000,11.501
2026/04/29 15:45:55,018000,11.496
2026/04/29 15:45:55,019000,11.501
2026/04/29 15:45:55,020000,11.501
2026/04/29 15:45:55,021000,11.499
2026/04/29 15:45:55,022000,11.501
2026/04/29 15:45:55,023000,11.501
2026/04/29 15:45:55,024000,11.496
2026/04/29 15:45:55,025000,11.499
2026/04/29 15:45:55,026000,11.501
2026/04/29 15:45:55,027000,11.499
2026/04/29 15:45:55,028000,11.499
2026/04/29 15:45:55,029000,11.501
2026/04/29 15:45:55,030000,11.501
2026/04/29 15:45:55,031000,11.499
2026/04/29 15:45:55,032000,11.499
2026/04/29 15:45:55,033000,11.499
2026/04/29 15:45:55,034000,11.499
2026/04/29 15:45:55,035000,11.493
2026/04/29 15:45:55,036000,11.501
2026/04/29 15:45:55,037000,11.493
2026/04/29 15:45:55,038000,11.496
2026/04/29 15:45:55,039000,11.493
2026/04/29 15:45:55,040000,11.499
2026/04/29 15:45:55,041000,11.501
2026/04/29 15:45:55,042000,11.496
2026/04/29 15:45:55,043000,11.496
2026/04/29 15:45:55,044000,11.493
2026/04/29 15:45:55,045000,11.501
2026/04/29 15:45:55,046000,11.501
2026/04/29 15:45:55,047000,11.493
2026/04/29 15:45:55,048000,11.499
2026/04/29 15:45:55,049000,11.501
2026/04/29 15:45:55,050000,11.496
2026/04/29 15:45:55,051000,11.496
2026/04/29 15:45:55,052000,11.499
2026/04/29 15:45:55,053000,11.504
2026/04/29 15:45:55,054000,11.499
2026/04/29 15:45:55,055000,11.501
2026/04/29 15:45:55,056000,11.499
2026/04/29 15:45:55,057000,11.501
2026/04/29 15:45:55,058000,11.496
2026/04/29 15:45:55,059000,11.496
2026/04/29 15:45:55,060000,11.499
2026/04/29 15:45:55,061000,11.499
2026/04/29 15:45:55,062000,11.504
2026/04/29 15:45:55,063000,11.496
2026/04/29 15:45:55,064000,11.496
2026/04/29 15:45:55,065000,11.493
2026/04/29 15:45:55,066000,11.496
2026/04/29 15:45:55,067000,11.501
2026/04/29 15:45:55,068000,11.490
2026/04/29 15:45:55,069000,11.490
2026/04/29 15:45:55,070000,11.499
2026/04/29 15:45:55,071000,11.496
2026/04/29 15:45:55,072000,11.496
2026/04/29 15:45:55,073000,11.499
2026/04/29 15:45:55,074000,11.499
2026/04/29 15:45:55,075000,11.496
2026/04/29 15:45:55,076000,11.504
2026/04/29 15:45:55,077000,11.496
2026/04/29 15:45:55,078000,11.499
2026/04/29 15:45:55,079000,11.499
2026/04/29 15:45:55,080000,11.501
2026/04/29 15:45:55,081000,11.499
2026/04/29 15:45:55,082000,11.504
2026/04/29 15:45:55,083000,11.501
2026/04/29 15:45:55,084000,11.499
2026/04/29 15:45:55,085000,11.499
2026/04/29 15:45:55,086000,11.499
2026/04/29 15:45:55,087000,11.499
2026/04/29 15:45:55,088000,11.493
2026/04/29 15:45:55,089000,11.499
2026/04/29 15:45:55,090000,11.490
2026/04/29 15:45:55,091000,11.499
2026/04/29 15:45:55,092000,11.501
2026/04/29 15:45:55,093000,11.490
2026/04/29 15:45:55,094000,11.490
2026/04/29 15:45:55,095000,11.496
2026/04/29 15:45:55,096000,11.490
2026/04/29 15:45:55,097000,11.499
2026/04/29 15:45:55,098000,11.490
2026/04/29 15:45:55,099000,11.499
2026/04/29 15:45:55,100000,11.504
2026/04/29 15:45:55,101000,11.499
2026/04/29 15:45:55,102000,11.496
2026/04/29 15:45:55,103000,11.493
2026/04/29 15:45:55,104000,11.499
2026/04/29 15:45:55,105000,11.493
2026/04/29 15:45:55,106000,11.493
2026/04/29 15:45:55,107000,11.496
2026/04/29 15:45:55,108000,11.499
2026/04/29 15:45:55,109000,11.504
2026/04/29 15:45:55,110000,11.496
2026/04/29 15:45:55,111000,11.493
2026/04/29 15:45:55,112000,11.493
2026/04/29 15:45:55,113000,11.499
2026/04/29 15:45:55,114000,11.499
2026/04/29 15:45:55,115000,11.496
2026/04/29 15:45:55,116000,11.496
2026/04/29 15:45:55,117000,11.499
2026/04/29 15:45:55,118000,11.499
2026/04/29 15:45:55,119000,11.504
2026/04/29 15:45:55,120000,11.499
2026/04/29 15:45:55,121000,11.496
2026/04/29 15:45:55,122000,11.493
2026/04/29 15:45:55,123000,11.499
2026/04/29 15:45:55,124000,11.496
2026/04/29 15:45:55,125000,11.499
2026/04/29 15:45:55,126000,11.493
2026/04/29 15:45:55,127000,11.493
2026/04/29 15:45:55,128000,11.499
2026/04/29 15:45:55,129000,11.496
2026/04/29 15:45:55,130000,11.493
2026/04/29 15:45:55,131000,11.499
2026/04/29 15:45:55,132000,11.499
2026/04/29 15:45:55,133000,11.496
2026/04/29 15:45:55,134000,11.499
2026/04/29 15:45:55,135000,11.499
2026/04/29 15:45:55,136000,11.493
2026/04/29 15:45:55,137000,11.493
2026/04/29 15:45:55,138000,11.496
2026/04/29 15:45:55,139000,11.496
2026/04/29 15:45:55,140000,11.499
2026/04/29 15:45:55,141000,11.499
2026/04/29 15:45:55,142000,11.496
2026/04/29 15:45:55,143000,11.499
2026/04/29 15:45:55,144000,11.490
2026/04/29 15:45:55,145000,11.499
2026/04/29 15:45:55,146000,11.496
2026/04/29 15:45:55,147000,11.499
2026/04/29 15:45:55,148000,11.507
2026/04/29 15:45:55,149000,11.499
2026/04/29 15:45:55,150000,11.501
2026/04/29 15:45:55,151000,11.499
2026/04/29 15:45:55,152000,11.501
2026/04/29 15:45:55,153000,11.499
2026/04/29 15:45:55,154000,11.496
2026/04/29 15:45:55,155000,11.490
2026/04/29 15:45:55,156000,11.493
2026/04/29 15:45:55,157000,11.490
2026/04/29 15:45:55,158000,11.499
2026/04/29 15:45:55,159000,11.501
2026/04/29 15:45:55,160000,11.499
2026/04/29 15:45:55,161000,11.499
2026/04/29 15:45:55,162000,11.504
2026/04/29 15:45:55,163000,11.499
2026/04/29 15:45:55,164000,11.501
2026/04/29 15:45:55,165000,11.499
2026/04/29 15:45:55,166000,11.496
2026/04/29 15:45:55,167000,11.493
2026/04/29 15:45:55,168000,11.496
2026/04/29 15:45:55,169000,11.499
2026/04/29 15:45:55,170000,11.501
2026/04/29 15:45:55,171000,11.493
2026/04/29 15:45:55,172000,11.493
2026/04/29 15:45:55,173000,11.496
2026/04/29 15:45:55,174000,11.501
2026/04/29 15:45:55,175000,11.501
2026/04/29 15:45:55,176000,11.493
2026/04/29 15:45:55,177000,11.496
2026/04/29 15:45:55,178000,11.493
2026/04/29 15:45:55,179000,11.499
2026/04/29 15:45:55,180000,11.496
2026/04/29 15:45:55,181000,11.499
2026/04/29 15:45:55,182000,11.499
2026/04/29 15:45:55,183000,11.496
2026/04/29 15:45:55,184000,11.490
2026/04/29 15:45:55,185000,11.493
2026/04/29 15:45:55,186000,11.496
2026/04/29 15:45:55,187000,11.493
2026/04/29 15:45:55,188000,11.493
2026/04/29 15:45:55,189000,11.496
2026/04/29 15:45:55,190000,11.496
2026/04/29 15:45:55,191000,11.493
2026/04/29 15:45:55,192000,11.496
2026/04/29 15:45:55,193000,11.501
2026/04/29 15:45:55,194000,11.493
2026/04/29 15:45:55,195000,11.496
2026/04/29 15:45:55,196000,11.493
2026/04/29 15:45:55,197000,11.496
2026/04/29 15:45:55,198000,11.499
2026/04/29 15:45:55,199000,11.496
2026/04/29 15:45:55,200000,11.504
2026/04/29 15:45:55,201000,11.499
2026/04/29 15:45:55,202000,11.499
2026/04/29 15:45:55,203000,11.493
2026/04/29 15:45:55,204000,11.496
2026/04/29 15:45:55,205000,11.496
2026/04/29 15:45:55,206000,11.496
2026/04/29 15:45:55,207000,11.499
2026/04/29 15:45:55,208000,11.496
2026/04/29 15:45:55,209000,11.501
2026/04/29 15:45:55,210000,11.499
2026/04/29 15:45:55,211000,11.499
2026/04/29 15:45:55,212000,11.496
2026/04/29 15:45:55,213000,11.501
2026/04/29 15:45:55,214000,11.501
2026/04/29 15:45:55,215000,11.493
2026/04/29 15:45:55,216000,11.499
2026/04/29 15:45:55,217000,11.499
2026/04/29 15:45:55,218000,11.499
2026/04/29 15:45:55,219000,11.493
2026/04/29 15:45:55,220000,11.504
2026/04/29 15:45:55,221000,11.501
2026/04/29 15:45:55,222000,11.501
2026/04/29 15:45:55,223000,11.501
2026/04/29 15:45:55,224000,11.496
2026/04/29 15:45:55,225000,11.496
2026/04/29 15:45:55,226000,11.504
2026/04/29 15:45:55,227000,11.496
2026/04/29 15:45:55,228000,11.501
2026/04/29 15:45:55,229000,11.504
2026/04/29 15:45:55,230000,11.496
2026/04/29 15:45:55,231000,11.496
2026/04/29 15:45:55,232000,11.496
2026/04/29 15:45:55,233000,11.485
2026/04/29 15:45:55,234000,11.490
2026/04/29 15:45:55,235000,11.493
2026/04/29 15:45:55,236000,11.501
2026/04/29 15:45:55,237000,11.490
2026/04/29 15:45:55,238000,11.499
2026/04/29 15:45:55,239000,11.496
2026/04/29 15:45:55,240000,11.496
2026/04/29 15:45:55,241000,11.499
2026/04/29 15:45:55,242000,11.499
2026/04/29 15:45:55,243000,11.499
2026/04/29 15:45:55,244000,11.496
2026/04/29 15:45:55,245000,11.501
2026/04/29 15:45:55,246000,11.501
2026/04/29 15:45:55,247000,11.496
2026/04/29 15:45:55,248000,11.499
2026/04/29 15:45:55,249000,11.501
2026/04/29 15:45:55,250000,11.496
2026/04/29 15:45:55,251000,11.504
2026/04/29 15:45:55,252000,11.496
2026/04/29 15:45:55,253000,11.501
2026/04/29 15:45:55,254000,11.499
2026/04/29 15:45:55,255000,11.490
2026/04/29 15:45:55,256000,11.496
2026/04/29 15:45:55,257000,11.487
2026/04/29 15:45:55,258000,11.496
2026/04/29 15:45:55,259000,11.499
2026/04/29 15:45:55,260000,11.496
2026/04/29 15:45:55,261000,11.501
2026/04/29 15:45:55,262000,11.499
2026/04/29 15:45:55,263000,11.499
2026/04/29 15:45:55,264000,11.499
2026/04/29 15:45:55,265000,11.496
2026/04/29 15:45:55,266000,11.496
2026/04/29 15:45:55,267000,11.496
2026/04/29 15:45:55,268000,11.496
2026/04/29 15:45:55,269000,11.499
2026/04/29 15:45:55,270000,11.496
2026/04/29 15:45:55,271000,11.499
2026/04/29 15:45:55,272000,11.493
2026/04/29 15:45:55,273000,11.499
2026/04/29 15:45:55,274000,11.499
2026/04/29 15:45:55,275000,11.499
2026/04/29 15:45:55,276000,11.504
2026/04/29 15:45:55,277000,11.501
2026/04/29 15:45:55,278000,11.499
2026/04/29 15:45:55,279000,11.499
2026/04/29 15:45:55,280000,11.507
2026/04/29 15:45:55,281000,11.499
2026/04/29 15:45:55,282000,11.496
2026/04/29 15:45:55,283000,11.490
2026/04/29 15:45:55,284000,11.496
2026/04/29 15:45:55,285000,11.504
2026/04/29 15:45:55,286000,11.493
2026/04/29 15:45:55,287000,11.501
2026/04/29 15:45:55,288000,11.493
2026/04/29 15:45:55,289000,11.504
2026/04/29 15:45:55,290000,11.496
2026/04/29 15:45:55,291000,11.501
2026/04/29 15:45:55,292000,11.496
2026/04/29 15:45:55,293000,11.499
2026/04/29 15:45:55,294000,11.496
2026/04/29 15:45:55,295000,11.493
2026/04/29 15:45:55,296000,11.499
2026/04/29 15:45:55,297000,11.496
2026/04/29 15:45:55,298000,11.499
2026/04/29 15:45:55,299000,11.496
2026/04/29 15:45:55,300000,11.499
2026/04/29 15:45:55,301000,11.499
2026/04/29 15:45:55,302000,11.496
2026/04/29 15:45:55,303000,11.499
2026/04/29 15:45:55,304000,11.501
2026/04/29 15:45:55,305000,11.493
2026/04/29 15:45:55,306000,11.499
2026/04/29 15:45:55,307000,11.501
2026/04/29 15:45:55,308000,11.493
2026/04/29 15:45:55,309000,11.501
2026/04/29 15:45:55,310000,11.496
2026/04/29 15:45:55,311000,11.496
2026/04/29 15:45:55,312000,11.493
2026/04/29 15:45:55,313000,11.490
2026/04/29 15:45:55,314000,11.493
2026/04/29 15:45:55,315000,11.501
2026/04/29 15:45:55,316000,11.499
2026/04/29 15:45:55,317000,11.501
2026/04/29 15:45:55,318000,11.504
2026/04/29 15:45:55,319000,11.499
2026/04/29 15:45:55,320000,11.504
2026/04/29 15:45:55,321000,11.501
2026/04/29 15:45:55,322000,11.493
2026/04/29 15:45:55,323000,11.499
2026/04/29 15:45:55,324000,11.499
2026/04/29 15:45:55,325000,11.499
2026/04/29 15:45:55,326000,11.499
2026/04/29 15:45:55,327000,11.499
2026/04/29 15:45:55,328000,11.493
2026/04/29 15:45:55,329000,11.501
2026/04/29 15:45:55,330000,11.501
2026/04/29 15:45:55,331000,11.493
2026/04/29 15:45:55,332000,11.493
2026/04/29 15:45:55,333000,11.496
2026/04/29 15:45:55,334000,11.496
2026/04/29 15:45:55,335000,11.499
2026/04/29 15:45:55,336000,11.496
2026/04/29 15:45:55,337000,11.501
2026/04/29 15:45:55,338000,11.501
2026/04/29 15:45:55,339000,11.504
2026/04/29 15:45:55,340000,11.499
2026/04/29 15:45:55,341000,11.493
2026/04/29 15:45:55,342000,11.501
2026/04/29 15:45:55,343000,11.490
2026/04/29 15:45:55,344000,11.496
2026/04/29 15:45:55,345000,11.504
2026/04/29 15:45:55,346000,11.499
2026/04/29 15:45:55,347000,11.499
2026/04/29 15:45:55,348000,11.493
2026/04/29 15:45:55,349000,11.499
2026/04/29 15:45:55,350000,11.496
2026/04/29 15:45:55,351000,11.499
2026/04/29 15:45:55,352000,11.504
2026/04/29 15:45:55,353000,11.487
2026/04/29 15:45:55,354000,11.501
2026/04/29 15:45:55,355000,11.493
2026/04/29 15:45:55,356000,11.501
2026/04/29 15:45:55,357000,11.499
2026/04/29 15:45:55,358000,11.504
2026/04/29 15:45:55,359000,11.496
2026/04/29 15:45:55,360000,11.510
2026/04/29 15:45:55,361000,11.499
2026/04/29 15:45:55,362000,11.496
2026/04/29 15:45:55,363000,11.501
2026/04/29 15:45:55,364000,11.501
2026/04/29 15:45:55,365000,11.499
2026/04/29 15:45:55,366000,11.493
2026/04/29 15:45:55,367000,11.501
2026/04/29 15:45:55,368000,11.496
2026/04/29 15:45:55,369000,11.493
2026/04/29 15:45:55,370000,11.501
2026/04/29 15:45:55,371000,11.499
2026/04/29 15:45:55,372000,11.499
2026/04/29 15:45:55,373000,11.496
2026/04/29 15:45:55,374000,11.496
2026/04/29 15:45:55,375000,11.496
2026/04/29 15:45:55,376000,11.501
2026/04/29 15:45:55,377000,11.501
2026/04/29 15:45:55,378000,11.499
2026/04/29 15:45:55,379000,11.499
2026/04/29 15:45:55,380000,11.496
2026/04/29 15:45:55,381000,11.501
2026/04/29 15:45:55,382000,11.493
2026/04/29 15:45:55,383000,11.499
2026/04/29 15:45:55,384000,11.499
2026/04/29 15:45:55,385000,11.501
2026/04/29 15:45:55,386000,11.499
2026/04/29 15:45:55,387000,11.499
2026/04/29 15:45:55,388000,11.493
2026/04/29 15:45:55,389000,11.493
2026/04/29 15:45:55,390000,11.501
2026/04/29 15:45:55,391000,11.501
2026/04/29 15:45:55,392000,11.487
2026/04/29 15:45:55,393000,11.496
2026/04/29 15:45:55,394000,11.496
2026/04/29 15:45:55,395000,11.499
2026/04/29 15:45:55,396000,11.501
2026/04/29 15:45:55,397000,11.496
2026/04/29 15:45:55,398000,11.501
2026/04/29 15:45:55,399000,11.501
2026/04/29 15:45:55,400000,11.499
2026/04/29 15:45:55,401000,11.504
2026/04/29 15:45:55,402000,11.499
2026/04/29 15:45:55,403000,11.496
2026/04/29 15:45:55,404000,11.493
2026/04/29 15:45:55,405000,11.501
2026/04/29 15:45:55,406000,11.493
2026/04/29 15:45:55,407000,11.499
2026/04/29 15:45:55,408000,11.499
2026/04/29 15:45:55,409000,11.499
2026/04/29 15:45:55,410000,11.499
2026/04/29 15:45:55,411000,11.501
2026/04/29 15:45:55,412000,11.499
2026/04/29 15:45:55,413000,11.501
2026/04/29 15:45:55,414000,11.490
2026/04/29 15:45:55,415000,11.499
2026/04/29 15:45:55,416000,11.499
2026/04/29 15:45:55,417000,11.496
2026/04/29 15:45:55,418000,11.501
2026/04/29 15:45:55,419000,11.501
2026/04/29 15:45:55,420000,11.496
2026/04/29 15:45:55,421000,11.499
2026/04/29 15:45:55,422000,11.501
2026/04/29 15:45:55,423000,11.501
2026/04/29 15:45:55,424000,11.499
2026/04/29 15:45:55,425000,11.501
2026/04/29 15:45:55,426000,11.501
2026/04/29 15:45:55,427000,11.496
2026/04/29 15:45:55,428000,11.499
2026/04/29 15:45:55,429000,11.499
2026/04/29 15:45:55,430000,11.496
2026/04/29 15:45:55,431000,11.499
2026/04/29 15:45:55,432000,11.501
2026/04/29 15:45:55,433000,11.493
2026/04/29 15:45:55,434000,11.493
2026/04/29 15:45:55,435000,11.501
2026/04/29 15:45:55,436000,11.501
2026/04/29 15:45:55,437000,11.496
2026/04/29 15:45:55,438000,11.501
2026/04/29 15:45:55,439000,11.499
2026/04/29 15:45:55,440000,11.501
2026/04/29 15:45:55,441000,11.496
2026/04/29 15:45:55,442000,11.496
2026/04/29 15:45:55,443000,11.499
2026/04/29 15:45:55,444000,11.499
2026/04/29 15:45:55,445000,11.499
2026/04/29 15:45:55,446000,11.496
2026/04/29 15:45:55,447000,11.499
2026/04/29 15:45:55,448000,11.496
2026/04/29 15:45:55,449000,11.501
2026/04/29 15:45:55,450000,11.499
2026/04/29 15:45:55,451000,11.496
2026/04/29 15:45:55,452000,11.499
2026/04/29 15:45:55,453000,11.501
2026/04/29 15:45:55,454000,11.499
2026/04/29 15:45:55,455000,11.499
2026/04/29 15:45:55,456000,11.496
2026/04/29 15:45:55,457000,11.501
2026/04/29 15:45:55,458000,11.499
2026/04/29 15:45:55,459000,11.496
2026/04/29 15:45:55,460000,11.501
2026/04/29 15:45:55,461000,11.499
2026/04/29 15:45:55,462000,11.501
2026/04/29 15:45:55,463000,11.496
2026/04/29 15:45:55,464000,11.499
2026/04/29 15:45:55,465000,11.504
2026/04/29 15:45:55,466000,11.496
2026/04/29 15:45:55,467000,11.496
2026/04/29 15:45:55,468000,11.499
2026/04/29 15:45:55,469000,11.493
2026/04/29 15:45:55,470000,11.493
2026/04/29 15:45:55,471000,11.499
2026/04/29 15:45:55,472000,11.493
2026/04/29 15:45:55,473000,11.493
2026/04/29 15:45:55,474000,11.510
2026/04/29 15:45:55,475000,11.496
2026/04/29 15:45:55,476000,11.496
2026/04/29 15:45:55,477000,11.499
2026/04/29 15:45:55,478000,11.501
2026/04/29 15:45:55,479000,11.501
2026/04/29 15:45:55,480000,11.496
2026/04/29 15:45:55,481000,11.493
2026/04/29 15:45:55,482000,11.496
2026/04/29 15:45:55,483000,11.501
2026/04/29 15:45:55,484000,11.499
2026/04/29 15:45:55,485000,11.501
2026/04/29 15:45:55,486000,11.493
2026/04/29 15:45:55,487000,11.501
2026/04/29 15:45:55,488000,11.496
2026/04/29 15:45:55,489000,11.501
2026/04/29 15:45:55,490000,11.496
2026/04/29 15:45:55,491000,11.501
2026/04/29 15:45:55,492000,11.499
2026/04/29 15:45:55,493000,11.499
2026/04/29 15:45:55,494000,11.496
2026/04/29 15:45:55,495000,11.496
2026/04/29 15:45:55,496000,11.501
2026/04/29 15:45:55,497000,11.496
2026/04/29 15:45:55,498000,11.499
2026/04/29 15:45:55,499000,11.496
2026/04/29 15:45:55,500000,11.501
2026/04/29 15:45:55,501000,11.504
2026/04/29 15:45:55,502000,11.496
2026/04/29 15:45:55,503000,11.501
2026/04/29 15:45:55,504000,11.496
2026/04/29 15:45:55,505000,11.499
2026/04/29 15:45:55,506000,11.499
2026/04/29 15:45:55,507000,11.493
2026/04/29 15:45:55,508000,11.493
2026/04/29 15:45:55,509000,11.499
2026/04/29 15:45:55,510000,11.499
2026/04/29 15:45:55,511000,11.496
2026/04/29 15:45:55,512000,11.496
2026/04/29 15:45:55,513000,11.499
2026/04/29 15:45:55,514000,11.493
2026/04/29 15:45:55,515000,11.496
2026/04/29 15:45:55,516000,11.501
2026/04/29 15:45:55,517000,11.496
2026/04/29 15:45:55,518000,11.493
2026/04/29 15:45:55,519000,11.504
2026/04/29 15:45:55,520000,11.504
2026/04/29 15:45:55,521000,11.499
2026/04/29 15:45:55,522000,11.499
2026/04/29 15:45:55,523000,11.499
2026/04/29 15:45:55,524000,11.493
2026/04/29 15:45:55,525000,11.490
2026/04/29 15:45:55,526000,11.496
2026/04/29 15:45:55,527000,11.496
2026/04/29 15:45:55,528000,11.501
2026/04/29 15:45:55,529000,11.496
2026/04/29 15:45:55,530000,11.501
2026/04/29 15:45:55,531000,11.499
2026/04/29 15:45:55,532000,11.504
2026/04/29 15:45:55,533000,11.501
2026/04/29 15:45:55,534000,11.496
2026/04/29 15:45:55,535000,11.496
2026/04/29 15:45:55,536000,11.499
2026/04/29 15:45:55,537000,11.504
2026/04/29 15:45:55,538000,11.504
2026/04/29 15:45:55,539000,11.501
2026/04/29 15:45:55,540000,11.493
2026/04/29 15:45:55,541000,11.501
2026/04/29 15:45:55,542000,11.496
2026/04/29 15:45:55,543000,11.499
2026/04/29 15:45:55,544000,11.496
2026/04/29 15:45:55,545000,11.493
2026/04/29 15:45:55,546000,11.499
2026/04/29 15:45:55,547000,11.496
2026/04/29 15:45:55,548000,11.501
2026/04/29 15:45:55,549000,11.493
2026/04/29 15:45:55,550000,11.496
2026/04/29 15:45:55,551000,11.496
2026/04/29 15:45:55,552000,11.493
2026/04/29 15:45:55,553000,11.493
2026/04/29 15:45:55,554000,11.499
2026/04/29 15:45:55,555000,11.501
2026/04/29 15:45:55,556000,11.496
2026/04/29 15:45:55,557000,11.501
2026/04/29 15:45:55,558000,11.496
2026/04/29 15:45:55,559000,11.493
2026/04/29 15:45:55,560000,11.496
2026/04/29 15:45:55,561000,11.490
2026/04/29 15:45:55,562000,11.501
2026/04/29 15:45:55,563000,11.499
2026/04/29 15:45:55,564000,11.496
2026/04/29 15:45:55,565000,11.493
2026/04/29 15:45:55,566000,11.496
2026/04/29 15:45:55,567000,11.493
2026/04/29 15:45:55,568000,11.499
2026/04/29 15:45:55,569000,11.493
2026/04/29 15:45:55,570000,11.499
2026/04/29 15:45:55,571000,11.501
2026/04/29 15:45:55,572000,11.496
2026/04/29 15:45:55,573000,11.493
2026/04/29 15:45:55,574000,11.499
2026/04/29 15:45:55,575000,11.501
2026/04/29 15:45:55,576000,11.499
2026/04/29 15:45:55,577000,11.496
2026/04/29 15:45:55,578000,11.496
2026/04/29 15:45:55,579000,11.496
2026/04/29 15:45:55,580000,11.499
2026/04/29 15:45:55,581000,11.490
2026/04/29 15:45:55,582000,11.493
2026/04/29 15:45:55,583000,11.493
2026/04/29 15:45:55,584000,11.499
2026/04/29 15:45:55,585000,11.496
2026/04/29 15:45:55,586000,11.499
2026/04/29 15:45:55,587000,11.496
2026/04/29 15:45:55,588000,11.499
2026/04/29 15:45:55,589000,11.493
2026/04/29 15:45:55,590000,11.493
2026/04/29 15:45:55,591000,11.499
2026/04/29 15:45:55,592000,11.499
2026/04/29 15:45:55,593000,11.496
2026/04/29 15:45:55,594000,11.501
2026/04/29 15:45:55,595000,11.496
2026/04/29 15:45:55,596000,11.496
2026/04/29 15:45:55,597000,11.499
2026/04/29 15:45:55,598000,11.499
2026/04/29 15:45:55,599000,11.496
2026/04/29 15:45:55,600000,11.501
2026/04/29 15:45:55,601000,11.496
2026/04/29 15:45:55,602000,11.493
2026/04/29 15:45:55,603000,11.499
2026/04/29 15:45:55,604000,11.499
2026/04/29 15:45:55,605000,11.496
2026/04/29 15:45:55,606000,11.496
2026/04/29 15:45:55,607000,11.496
2026/04/29 15:45:55,608000,11.496
2026/04/29 15:45:55,609000,11.499
2026/04/29 15:45:55,610000,11.499
2026/04/29 15:45:55,611000,11.499
2026/04/29 15:45:55,612000,11.499
2026/04/29 15:45:55,613000,11.496
2026/04/29 15:45:55,614000,11.493
2026/04/29 15:45:55,615000,11.499
2026/04/29 15:45:55,616000,11.496
2026/04/29 15:45:55,617000,11.501
2026/04/29 15:45:55,618000,11.499
2026/04/29 15:45:55,619000,11.499
2026/04/29 15:45:55,620000,11.496
2026/04/29 15:45:55,621000,11.499
2026/04/29 15:45:55,622000,11.499
2026/04/29 15:45:55,623000,11.496
2026/04/29 15:45:55,624000,11.499
2026/04/29 15:45:55,625000,11.499
2026/04/29 15:45:55,626000,11.501
2026/04/29 15:45:55,627000,11.499
2026/04/29 15:45:55,628000,11.490
2026/04/29 15:45:55,629000,11.493
2026/04/29 15:45:55,630000,11.499
2026/04/29 15:45:55,631000,11.493
2026/04/29 15:45:55,632000,11.499
2026/04/29 15:45:55,633000,11.501
2026/04/29 15:45:55,634000,11.504
2026/04/29 15:45:55,635000,11.499
2026/04/29 15:45:55,636000,11.499
2026/04/29 15:45:55,637000,11.490
2026/04/29 15:45:55,638000,11.501
2026/04/29 15:45:55,639000,11.501
2026/04/29 15:45:55,640000,11.501
2026/04/29 15:45:55,641000,11.493
2026/04/29 15:45:55,642000,11.496
2026/04/29 15:45:55,643000,11.493
2026/04/29 15:45:55,644000,11.496
2026/04/29 15:45:55,645000,11.496
2026/04/29 15:45:55,646000,11.496
2026/04/29 15:45:55,647000,11.493
2026/04/29 15:45:55,648000,11.499
2026/04/29 15:45:55,649000,11.499
2026/04/29 15:45:55,650000,11.493
2026/04/29 15:45:55,651000,11.499
2026/04/29 15:45:55,652000,11.499
2026/04/29 15:45:55,653000,11.496
2026/04/29 15:45:55,654000,11.493
2026/04/29 15:45:55,655000,11.499
2026/04/29 15:45:55,656000,11.493
2026/04/29 15:45:55,657000,11.496
2026/04/29 15:45:55,658000,11.501
2026/04/29 15:45:55,659000,11.499
2026/04/29 15:45:55,660000,11.493
2026/04/29 15:45:55,661000,11.496
2026/04/29 15:45:55,662000,11.490
2026/04/29 15:45:55,663000,11.499
2026/04/29 15:45:55,664000,11.493
2026/04/29 15:45:55,665000,11.493
2026/04/29 15:45:55,666000,11.490
2026/04/29 15:45:55,667000,11.493
2026/04/29 15:45:55,668000,11.496
2026/04/29 15:45:55,669000,11.493
2026/04/29 15:45:55,670000,11.501
2026/04/29 15:45:55,671000,11.493
2026/04/29 15:45:55,672000,11.496
2026/04/29 15:45:55,673000,11.493
2026/04/29 15:45:55,674000,11.493
2026/04/29 15:45:55,675000,11.496
2026/04/29 15:45:55,676000,11.499
2026/04/29 15:45:55,677000,11.496
2026/04/29 15:45:55,678000,11.496
2026/04/29 15:45:55,679000,11.493
2026/04/29 15:45:55,680000,11.499
2026/04/29 15:45:55,681000,11.493
2026/04/29 15:45:55,682000,11.490
2026/04/29 15:45:55,683000,11.493
2026/04/29 15:45:55,684000,11.501
2026/04/29 15:45:55,685000,11.490
2026/04/29 15:45:55,686000,11.493
2026/04/29 15:45:55,687000,11.493
2026/04/29 15:45:55,688000,11.499
2026/04/29 15:45:55,689000,11.493
2026/04/29 15:45:55,690000,11.499
2026/04/29 15:45:55,691000,11.499
2026/04/29 15:45:55,692000,11.490
2026/04/29 15:45:55,693000,11.499
2026/04/29 15:45:55,694000,11.504
2026/04/29 15:45:55,695000,11.496
2026/04/29 15:45:55,696000,11.499
2026/04/29 15:45:55,697000,11.501
2026/04/29 15:45:55,698000,11.496
2026/04/29 15:45:55,699000,11.501
2026/04/29 15:45:55,700000,11.493
2026/04/29 15:45:55,701000,11.493
2026/04/29 15:45:55,702000,11.493
2026/04/29 15:45:55,703000,11.493
2026/04/29 15:45:55,704000,11.499
2026/04/29 15:45:55,705000,11.499
2026/04/29 15:45:55,706000,11.499
2026/04/29 15:45:55,707000,11.501
2026/04/29 15:45:55,708000,11.501
2026/04/29 15:45:55,709000,11.499
2026/04/29 15:45:55,710000,11.501
2026/04/29 15:45:55,711000,11.501
2026/04/29 15:45:55,712000,11.499
2026/04/29 15:45:55,713000,11.493
2026/04/29 15:45:55,714000,11.499
2026/04/29 15:45:55,715000,11.490
2026/04/29 15:45:55,716000,11.499
2026/04/29 15:45:55,717000,11.490
2026/04/29 15:45:55,718000,11.493
2026/04/29 15:45:55,719000,11.496
2026/04/29 15:45:55,720000,11.504
2026/04/29 15:45:55,721000,11.499
2026/04/29 15:45:55,722000,11.501
2026/04/29 15:45:55,723000,11.499
2026/04/29 15:45:55,724000,11.493
2026/04/29 15:45:55,725000,11.496
2026/04/29 15:45:55,726000,11.496
2026/04/29 15:45:55,727000,11.499
2026/04/29 15:45:55,728000,11.499
2026/04/29 15:45:55,729000,11.501
2026/04/29 15:45:55,730000,11.493
2026/04/29 15:45:55,731000,11.493
2026/04/29 15:45:55,732000,11.499
2026/04/29 15:45:55,733000,11.493
2026/04/29 15:45:55,734000,11.499
2026/04/29 15:45:55,735000,11.501
2026/04/29 15:45:55,736000,11.499
2026/04/29 15:45:55,737000,11.493
2026/04/29 15:45:55,738000,11.501
2026/04/29 15:45:55,739000,11.496
2026/04/29 15:45:55,740000,11.499
2026/04/29 15:45:55,741000,11.493
2026/04/29 15:45:55,742000,11.493
2026/04/29 15:45:55,743000,11.493
2026/04/29 15:45:55,744000,11.490
2026/04/29 15:45:55,745000,11.499
2026/04/29 15:45:55,746000,11.499
2026/04/29 15:45:55,747000,11.499
2026/04/29 15:45:55,748000,11.499
2026/04/29 15:45:55,749000,11.496
2026/04/29 15:45:55,750000,11.499
2026/04/29 15:45:55,751000,11.490
2026/04/29 15:45:55,752000,11.499
2026/04/29 15:45:55,753000,11.496
2026/04/29 15:45:55,754000,11.499
2026/04/29 15:45:55,755000,11.493
2026/04/29 15:45:55,756000,11.496
2026/04/29 15:45:55,757000,11.501
2026/04/29 15:45:55,758000,11.496
2026/04/29 15:45:55,759000,11.499
2026/04/29 15:45:55,760000,11.499
2026/04/29 15:45:55,761000,11.499
2026/04/29 15:45:55,762000,11.493
2026/04/29 15:45:55,763000,11.501
2026/04/29 15:45:55,764000,11.493
2026/04/29 15:45:55,765000,11.507
2026/04/29 15:45:55,766000,11.501
2026/04/29 15:45:55,767000,11.501
2026/04/29 15:45:55,768000,11.493
2026/04/29 15:45:55,769000,11.496
2026/04/29 15:45:55,770000,11.499
2026/04/29 15:45:55,771000,11.504
2026/04/29 15:45:55,772000,11.499
2026/04/29 15:45:55,773000,11.499
2026/04/29 15:45:55,774000,11.499
2026/04/29 15:45:55,775000,11.501
2026/04/29 15:45:55,776000,11.499
2026/04/29 15:45:55,777000,11.499
2026/04/29 15:45:55,778000,11.493
2026/04/29 15:45:55,779000,11.493
2026/04/29 15:45:55,780000,11.496
2026/04/29 15:45:55,781000,11.501
2026/04/29 15:45:55,782000,11.496
2026/04/29 15:45:55,783000,11.499
2026/04/29 15:45:55,784000,11.496
2026/04/29 15:45:55,785000,11.493
2026/04/29 15:45:55,786000,11.499
2026/04/29 15:45:55,787000,11.496
2026/04/29 15:45:55,788000,11.501
2026/04/29 15:45:55,789000,11.493
2026/04/29 15:45:55,790000,11.499
2026/04/29 15:45:55,791000,11.496
2026/04/29 15:45:55,792000,11.501
2026/04/29 15:45:55,793000,11.493
2026/04/29 15:45:55,794000,11.493
2026/04/29 15:45:55,795000,11.496
2026/04/29 15:45:55,796000,11.493
2026/04/29 15:45:55,797000,11.496
2026/04/29 15:45:55,798000,11.501
2026/04/29 15:45:55,799000,11.501
2026/04/29 15:45:55,800000,11.499
2026/04/29 15:45:55,801000,11.490
2026/04/29 15:45:55,802000,11.493
2026/04/29 15:45:55,803000,11.499
2026/04/29 15:45:55,804000,11.507
2026/04/29 15:45:55,805000,11.493
2026/04/29 15:45:55,806000,11.496
2026/04/29 15:45:55,807000,11.501
2026/04/29 15:45:55,808000,11.493
2026/04/29 15:45:55,809000,11.504
2026/04/29 15:45:55,810000,11.496
2026/04/29 15:45:55,811000,11.493
2026/04/29 15:45:55,812000,11.496
2026/04/29 15:45:55,813000,11.490
2026/04/29 15:45:55,814000,11.499
2026/04/29 15:45:55,815000,11.501
2026/04/29 15:45:55,816000,11.493
2026/04/29 15:45:55,817000,11.496
2026/04/29 15:45:55,818000,11.496
2026/04/29 15:45:55,819000,11.496
2026/04/29 15:45:55,820000,11.493
2026/04/29 15:45:55,821000,11.499
2026/04/29 15:45:55,822000,11.501
2026/04/29 15:45:55,823000,11.499
2026/04/29 15:45:55,824000,11.499
2026/04/29 15:45:55,825000,11.493
2026/04/29 15:45:55,826000,11.501
2026/04/29 15:45:55,827000,11.501
2026/04/29 15:45:55,828000,11.493
2026/04/29 15:45:55,829000,11.499
2026/04/29 15:45:55,830000,11.499
2026/04/29 15:45:55,831000,11.504
2026/04/29 15:45:55,832000,11.501
2026/04/29 15:45:55,833000,11.493
2026/04/29 15:45:55,834000,11.504
2026/04/29 15:45:55,835000,11.504
2026/04/29 15:45:55,836000,11.493
2026/04/29 15:45:55,837000,11.499
2026/04/29 15:45:55,838000,11.501
2026/04/29 15:45:55,839000,11.496
2026/04/29 15:45:55,840000,11.499
2026/04/29 15:45:55,841000,11.501
2026/04/29 15:45:55,842000,11.496
2026/04/29 15:45:55,843000,11.504
2026/04/29 15:45:55,844000,11.493
2026/04/29 15:45:55,845000,11.490
2026/04/29 15:45:55,846000,11.493
2026/04/29 15:45:55,847000,11.499
2026/04/29 15:45:55,848000,11.499
2026/04/29 15:45:55,849000,11.493
2026/04/29 15:45:55,850000,11.504
2026/04/29 15:45:55,851000,11.501
2026/04/29 15:45:55,852000,11.501
2026/04/29 15:45:55,853000,11.493
2026/04/29 15:45:55,854000,11.493
2026/04/29 15:45:55,855000,11.499
2026/04/29 15:45:55,856000,11.504
2026/04/29 15:45:55,857000,11.501
2026/04/29 15:45:55,858000,11.496
2026/04/29 15:45:55,859000,11.499
2026/04/29 15:45:55,860000,11.504
2026/04/29 15:45:55,861000,11.496
2026/04/29 15:45:55,862000,11.499
2026/04/29 15:45:55,863000,11.490
2026/04/29 15:45:55,864000,11.499
2026/04/29 15:45:55,865000,11.499
2026/04/29 15:45:55,866000,11.499
2026/04/29 15:45:55,867000,11.504
2026/04/29 15:45:55,868000,11.493
2026/04/29 15:45:55,869000,11.490
2026/04/29 15:45:55,870000,11.501
2026/04/29 15:45:55,871000,11.504
2026/04/29 15:45:55,872000,11.496
2026/04/29 15:45:55,873000,11.499
2026/04/29 15:45:55,874000,11.504
2026/04/29 15:45:55,875000,11.496
2026/04/29 15:45:55,876000,11.499
2026/04/29 15:45:55,877000,11.504
2026/04/29 15:45:55,878000,11.496
2026/04/29 15:45:55,879000,11.496
2026/04/29 15:45:55,880000,11.496
2026/04/29 15:45:55,881000,11.496
2026/04/29 15:45:55,882000,11.496
2026/04/29 15:45:55,883000,11.499
2026/04/29 15:45:55,884000,11.499
2026/04/29 15:45:55,885000,11.493
2026/04/29 15:45:55,886000,11.499
2026/04/29 15:45:55,887000,11.496
2026/04/29 15:45:55,888000,11.493
2026/04/29 15:45:55,889000,11.496
2026/04/29 15:45:55,890000,11.496
2026/04/29 15:45:55,891000,11.507
2026/04/29 15:45:55,892000,11.501
2026/04/29 15:45:55,893000,11.499
2026/04/29 15:45:55,894000,11.501
2026/04/29 15:45:55,895000,11.496
2026/04/29 15:45:55,896000,11.501
2026/04/29 15:45:55,897000,11.504
2026/04/29 15:45:55,898000,11.496
2026/04/29 15:45:55,899000,11.496
2026/04/29 15:45:55,900000,11.499
2026/04/29 15:45:55,901000,11.504
2026/04/29 15:45:55,902000,11.504
2026/04/29 15:45:55,903000,11.493
2026/04/29 15:45:55,904000,11.501
2026/04/29 15:45:55,905000,11.493
2026/04/29 15:45:55,906000,11.501
2026/04/29 15:45:55,907000,11.504
2026/04/29 15:45:55,908000,11.496
2026/04/29 15:45:55,909000,11.499
2026/04/29 15:45:55,910000,11.499
2026/04/29 15:45:55,911000,11.499
2026/04/29 15:45:55,912000,11.496
2026/04/29 15:45:55,913000,11.501
2026/04/29 15:45:55,914000,11.493
2026/04/29 15:45:55,915000,11.499
2026/04/29 15:45:55,916000,11.499
2026/04/29 15:45:55,917000,11.499
2026/04/29 15:45:55,918000,11.501
2026/04/29 15:45:55,919000,11.499
2026/04/29 15:45:55,920000,11.499
2026/04/29 15:45:55,921000,11.493
2026/04/29 15:45:55,922000,11.501
2026/04/29 15:45:55,923000,11.501
2026/04/29 15:45:55,924000,11.493
2026/04/29 15:45:55,925000,11.499
2026/04/29 15:45:55,926000,11.501
2026/04/29 15:45:55,927000,11.507
2026/04/29 15:45:55,928000,11.499
2026/04/29 15:45:55,929000,11.493
2026/04/29 15:45:55,930000,11.496
2026/04/29 15:45:55,931000,11.499
2026/04/29 15:45:55,932000,11.493
2026/04/29 15:45:55,933000,11.499
2026/04/29 15:45:55,934000,11.499
2026/04/29 15:45:55,935000,11.499
2026/04/29 15:45:55,936000,11.501
2026/04/29 15:45:55,937000,11.496
2026/04/29 15:45:55,938000,11.493
2026/04/29 15:45:55,939000,11.496
2026/04/29 15:45:55,940000,11.499
2026/04/29 15:45:55,941000,11.496
2026/04/29 15:45:55,942000,11.501
2026/04/29 15:45:55,943000,11.499
2026/04/29 15:45:55,944000,11.504
2026/04/29 15:45:55,945000,11.504
2026/04/29 15:45:55,946000,11.496
2026/04/29 15:45:55,947000,11.496
2026/04/29 15:45:55,948000,11.493
2026/04/29 15:45:55,949000,11.499
2026/04/29 15:45:55,950000,11.499
2026/04/29 15:45:55,951000,11.496
2026/04/29 15:45:55,952000,11.501
2026/04/29 15:45:55,953000,11.499
2026/04/29 15:45:55,954000,11.493
2026/04/29 15:45:55,955000,11.501
2026/04/29 15:45:55,956000,11.501
2026/04/29 15:45:55,957000,11.499
2026/04/29 15:45:55,958000,11.496
2026/04/29 15:45:55,959000,11.501
2026/04/29 15:45:55,960000,11.496
2026/04/29 15:45:55,961000,11.493
2026/04/29 15:45:55,962000,11.499
2026/04/29 15:45:55,963000,11.499
2026/04/29 15:45:55,964000,11.496
2026/04/29 15:45:55,965000,11.499
2026/04/29 15:45:55,966000,11.496
2026/04/29 15:45:55,967000,11.496
2026/04/29 15:45:55,968000,11.504
2026/04/29 15:45:55,969000,11.499
2026/04/29 15:45:55,970000,11.501
2026/04/29 15:45:55,971000,11.493
2026/04/29 15:45:55,972000,11.504
2026/04/29 15:45:55,973000,11.496
2026/04/29 15:45:55,974000,11.499
2026/04/29 15:45:55,975000,11.496
2026/04/29 15:45:55,976000,11.501
2026/04/29 15:45:55,977000,11.504
2026/04/29 15:45:55,978000,11.499
2026/04/29 15:45:55,979000,11.501
2026/04/29 15:45:55,980000,11.501
2026/04/29 15:45:55,981000,11.499
2026/04/29 15:45:55,982000,11.499
2026/04/29 15:45:55,983000,11.499
2026/04/29 15:45:55,984000,11.496
2026/04/29 15:45:55,985000,11.499
2026/04/29 15:45:55,986000,11.496
2026/04/29 15:45:55,987000,11.501
2026/04/29 15:45:55,988000,11.499
2026/04/29 15:45:55,989000,11.501
2026/04/29 15:45:55,990000,11.496
2026/04/29 15:45:55,991000,11.496
2026/04/29 15:45:55,992000,11.496
2026/04/29 15:45:55,993000,11.496
2026/04/29 15:45:55,994000,11.499
2026/04/29 15:45:55,995000,11.499
2026/04/29 15:45:55,996000,11.504
2026/04/29 15:45:55,997000,11.496
2026/04/29 15:45:55,998000,11.499
2026/04/29 15:45:55,999000,11.507
2026/04/29 15:45:56,000000,11.493
2026/04/29 15:45:56,001000,11.504
2026/04/29 15:45:56,002000,11.501
2026/04/29 15:45:56,003000,11.501
2026/04/29 15:45:56,004000,11.499
2026/04/29 15:45:56,005000,11.501
2026/04/29 15:45:56,006000,11.507
2026/04/29 15:45:56,007000,11.501
2026/04/29 15:45:56,008000,11.493
2026/04/29 15:45:56,009000,11.499
2026/04/29 15:45:56,010000,11.499
2026/04/29 15:45:56,011000,11.501
2026/04/29 15:45:56,012000,11.501
2026/04/29 15:45:56,013000,11.499
2026/04/29 15:45:56,014000,11.499
2026/04/29 15:45:56,015000,11.496
2026/04/29 15:45:56,016000,11.496
2026/04/29 15:45:56,017000,11.490
2026/04/29 15:45:56,018000,11.501
2026/04/29 15:45:56,019000,11.504
2026/04/29 15:45:56,020000,11.496
2026/04/29 15:45:56,021000,11.504
2026/04/29 15:45:56,022000,11.499
2026/04/29 15:45:56,023000,11.501
2026/04/29 15:45:56,024000,11.499
2026/04/29 15:45:56,025000,11.499
2026/04/29 15:45:56,026000,11.507
2026/04/29 15:45:56,027000,11.493
2026/04/29 15:45:56,028000,11.501
2026/04/29 15:45:56,029000,11.499
2026/04/29 15:45:56,030000,11.501
2026/04/29 15:45:56,031000,11.501
2026/04/29 15:45:56,032000,11.493
2026/04/29 15:45:56,033000,11.501
2026/04/29 15:45:56,034000,11.496
2026/04/29 15:45:56,035000,11.501
2026/04/29 15:45:56,036000,11.493
2026/04/29 15:45:56,037000,11.499
2026/04/29 15:45:56,038000,11.504
2026/04/29 15:45:56,039000,11.499
2026/04/29 15:45:56,040000,11.499
2026/04/29 15:45:56,041000,11.493
2026/04/29 15:45:56,042000,11.501
2026/04/29 15:45:56,043000,11.499
2026/04/29 15:45:56,044000,11.499
2026/04/29 15:45:56,045000,11.499
2026/04/29 15:45:56,046000,11.501
2026/04/29 15:45:56,047000,11.496
2026/04/29 15:45:56,048000,11.501
2026/04/29 15:45:56,049000,11.507
2026/04/29 15:45:56,050000,11.499
2026/04/29 15:45:56,051000,11.501
2026/04/29 15:45:56,052000,11.499
2026/04/29 15:45:56,053000,11.504
2026/04/29 15:45:56,054000,11.499
2026/04/29 15:45:56,055000,11.496
2026/04/29 15:45:56,056000,11.496
2026/04/29 15:45:56,057000,11.496
2026/04/29 15:45:56,058000,11.499
2026/04/29 15:45:56,059000,11.501
2026/04/29 15:45:56,060000,11.499
2026/04/29 15:45:56,061000,11.496
2026/04/29 15:45:56,062000,11.496
2026/04/29 15:45:56,063000,11.501
2026/04/29 15:45:56,064000,11.499
2026/04/29 15:45:56,065000,11.499
2026/04/29 15:45:56,066000,11.499
2026/04/29 15:45:56,067000,11.501
2026/04/29 15:45:56,068000,11.501
2026/04/29 15:45:56,069000,11.493
2026/04/29 15:45:56,070000,11.499
2026/04/29 15:45:56,071000,11.501
2026/04/29 15:45:56,072000,11.493
2026/04/29 15:45:56,073000,11.499
2026/04/29 15:45:56,074000,11.499
2026/04/29 15:45:56,075000,11.496
2026/04/29 15:45:56,076000,11.493
2026/04/29 15:45:56,077000,11.499
2026/04/29 15:45:56,078000,11.504
2026/04/29 15:45:56,079000,11.499
2026/04/29 15:45:56,080000,11.499
2026/04/29 15:45:56,081000,11.501
2026/04/29 15:45:56,082000,11.499
2026/04/29 15:45:56,083000,11.499
2026/04/29 15:45:56,084000,11.499
2026/04/29 15:45:56,085000,11.493
2026/04/29 15:45:56,086000,11.501
2026/04/29 15:45:56,087000,11.501
2026/04/29 15:45:56,088000,11.501
2026/04/29 15:45:56,089000,11.496
2026/04/29 15:45:56,090000,11.499
2026/04/29 15:45:56,091000,11.499
2026/04/29 15:45:56,092000,11.496
2026/04/29 15:45:56,093000,11.493
2026/04/29 15:45:56,094000,11.499
2026/04/29 15:45:56,095000,11.501
2026/04/29 15:45:56,096000,11.499
2026/04/29 15:45:56,097000,11.499
2026/04/29 15:45:56,098000,11.496
2026/04/29 15:45:56,099000,11.499
2026/04/29 15:45:56,100000,11.499
2026/04/29 15:45:56,101000,11.496
2026/04/29 15:45:56,102000,11.501
2026/04/29 15:45:56,103000,11.496
2026/04/29 15:45:56,104000,11.501
2026/04/29 15:45:56,105000,11.493
2026/04/29 15:45:56,106000,11.499
2026/04/29 15:45:56,107000,11.496
2026/04/29 15:45:56,108000,11.501
2026/04/29 15:45:56,109000,11.496
2026/04/29 15:45:56,110000,11.501
2026/04/29 15:45:56,111000,11.501
2026/04/29 15:45:56,112000,11.501
2026/04/29 15:45:56,113000,11.499
2026/04/29 15:45:56,114000,11.499
2026/04/29 15:45:56,115000,11.499
2026/04/29 15:45:56,116000,11.496
2026/04/29 15:45:56,117000,11.501
2026/04/29 15:45:56,118000,11.493
2026/04/29 15:45:56,119000,11.499
2026/04/29 15:45:56,120000,11.504
2026/04/29 15:45:56,121000,11.499
2026/04/29 15:45:56,122000,11.504
2026/04/29 15:45:56,123000,11.499
2026/04/29 15:45:56,124000,11.499
2026/04/29 15:45:56,125000,11.496
2026/04/29 15:45:56,126000,11.501
2026/04/29 15:45:56,127000,11.499
2026/04/29 15:45:56,128000,11.501
2026/04/29 15:45:56,129000,11.504
2026/04/29 15:45:56,130000,11.501
2026/04/29 15:45:56,131000,11.496
2026/04/29 15:45:56,132000,11.496
2026/04/29 15:45:56,133000,11.496
2026/04/29 15:45:56,134000,11.496
2026/04/29 15:45:56,135000,11.501
2026/04/29 15:45:56,136000,11.501
2026/04/29 15:45:56,137000,11.499
2026/04/29 15:45:56,138000,11.499
2026/04/29 15:45:56,139000,11.501
2026/04/29 15:45:56,140000,11.493
2026/04/29 15:45:56,141000,11.499
2026/04/29 15:45:56,142000,11.496
2026/04/29 15:45:56,143000,11.501
2026/04/29 15:45:56,144000,11.499
2026/04/29 15:45:56,145000,11.496
2026/04/29 15:45:56,146000,11.501
2026/04/29 15:45:56,147000,11.501
2026/04/29 15:45:56,148000,11.499
2026/04/29 15:45:56,149000,11.496
2026/04/29 15:45:56,150000,11.493
2026/04/29 15:45:56,151000,11.496
2026/04/29 15:45:56,152000,11.504
2026/04/29 15:45:56,153000,11.499
2026/04/29 15:45:56,154000,11.493
2026/04/29 15:45:56,155000,11.499
2026/04/29 15:45:56,156000,11.493
2026/04/29 15:45:56,157000,11.501
2026/04/29 15:45:56,158000,11.499
2026/04/29 15:45:56,159000,11.496
2026/04/29 15:45:56,160000,11.499
2026/04/29 15:45:56,161000,11.501
2026/04/29 15:45:56,162000,11.496
2026/04/29 15:45:56,163000,11.499
2026/04/29 15:45:56,164000,11.501
2026/04/29 15:45:56,165000,11.499
2026/04/29 15:45:56,166000,11.501
2026/04/29 15:45:56,167000,11.499
2026/04/29 15:45:56,168000,11.493
2026/04/29 15:45:56,169000,11.496
2026/04/29 15:45:56,170000,11.501
2026/04/29 15:45:56,171000,11.499
2026/04/29 15:45:56,172000,11.496
2026/04/29 15:45:56,173000,11.493
2026/04/29 15:45:56,174000,11.493
2026/04/29 15:45:56,175000,11.501
2026/04/29 15:45:56,176000,11.499
2026/04/29 15:45:56,177000,11.501
2026/04/29 15:45:56,178000,11.501
2026/04/29 15:45:56,179000,11.493
2026/04/29 15:45:56,180000,11.496
2026/04/29 15:45:56,181000,11.504
2026/04/29 15:45:56,182000,11.493
2026/04/29 15:45:56,183000,11.499
2026/04/29 15:45:56,184000,11.499
2026/04/29 15:45:56,185000,11.493
2026/04/29 15:45:56,186000,11.496
2026/04/29 15:45:56,187000,11.490
2026/04/29 15:45:56,188000,11.493
2026/04/29 15:45:56,189000,11.501
2026/04/29 15:45:56,190000,11.501
2026/04/29 15:45:56,191000,11.501
2026/04/29 15:45:56,192000,11.499
2026/04/29 15:45:56,193000,11.499
2026/04/29 15:45:56,194000,11.496
2026/04/29 15:45:56,195000,11.501
2026/04/29 15:45:56,196000,11.499
2026/04/29 15:45:56,197000,11.499
2026/04/29 15:45:56,198000,11.496
2026/04/29 15:45:56,199000,11.493
2026/04/29 15:45:56,200000,11.499
2026/04/29 15:45:56,201000,11.496
2026/04/29 15:45:56,202000,11.499
2026/04/29 15:45:56,203000,11.501
2026/04/29 15:45:56,204000,11.501
2026/04/29 15:45:56,205000,11.499
2026/04/29 15:45:56,206000,11.493
2026/04/29 15:45:56,207000,11.501
2026/04/29 15:45:56,208000,11.501
2026/04/29 15:45:56,209000,11.504
2026/04/29 15:45:56,210000,11.493
2026/04/29 15:45:56,211000,11.499
2026/04/29 15:45:56,212000,11.499
2026/04/29 15:45:56,213000,11.493
2026/04/29 15:45:56,214000,11.499
2026/04/29 15:45:56,215000,11.504
2026/04/29 15:45:56,216000,11.493
2026/04/29 15:45:56,217000,11.496
2026/04/29 15:45:56,218000,11.499
2026/04/29 15:45:56,219000,11.493
2026/04/29 15:45:56,220000,11.496
2026/04/29 15:45:56,221000,11.501
2026/04/29 15:45:56,222000,11.501
2026/04/29 15:45:56,223000,11.501
2026/04/29 15:45:56,224000,11.496
2026/04/29 15:45:56,225000,11.499
2026/04/29 15:45:56,226000,11.501
2026/04/29 15:45:56,227000,11.499
2026/04/29 15:45:56,228000,11.499
2026/04/29 15:45:56,229000,11.504
2026/04/29 15:45:56,230000,11.504
2026/04/29 15:45:56,231000,11.490
2026/04/29 15:45:56,232000,11.504
2026/04/29 15:45:56,233000,11.499
2026/04/29 15:45:56,234000,11.493
2026/04/29 15:45:56,235000,11.504
2026/04/29 15:45:56,236000,11.496
2026/04/29 15:45:56,237000,11.499
2026/04/29 15:45:56,238000,11.499
2026/04/29 15:45:56,239000,11.504
2026/04/29 15:45:56,240000,11.501
2026/04/29 15:45:56,241000,11.493
2026/04/29 15:45:56,242000,11.499
2026/04/29 15:45:56,243000,11.493
2026/04/29 15:45:56,244000,11.493
2026/04/29 15:45:56,245000,11.496
2026/04/29 15:45:56,246000,11.499
2026/04/29 15:45:56,247000,11.496
2026/04/29 15:45:56,248000,11.501
2026/04/29 15:45:56,249000,11.501
2026/04/29 15:45:56,250000,11.499
2026/04/29 15:45:56,251000,11.499
2026/04/29 15:45:56,252000,11.499
2026/04/29 15:45:56,253000,11.499
2026/04/29 15:45:56,254000,11.501
2026/04/29 15:45:56,255000,11.493
2026/04/29 15:45:56,256000,11.499
2026/04/29 15:45:56,257000,11.501
2026/04/29 15:45:56,258000,11.501
2026/04/29 15:45:56,259000,11.496
2026/04/29 15:45:56,260000,11.493
2026/04/29 15:45:56,261000,11.501
2026/04/29 15:45:56,262000,11.501
2026/04/29 15:45:56,263000,11.504
2026/04/29 15:45:56,264000,11.501
2026/04/29 15:45:56,265000,11.496
2026/04/29 15:45:56,266000,11.507
2026/04/29 15:45:56,267000,11.496
2026/04/29 15:45:56,268000,11.501
2026/04/29 15:45:56,269000,11.499
2026/04/29 15:45:56,270000,11.499
2026/04/29 15:45:56,271000,11.499
2026/04/29 15:45:56,272000,11.496
2026/04/29 15:45:56,273000,11.504
2026/04/29 15:45:56,274000,11.499
2026/04/29 15:45:56,275000,11.499
2026/04/29 15:45:56,276000,11.504
2026/04/29 15:45:56,277000,11.504
2026/04/29 15:45:56,278000,11.496
2026/04/29 15:45:56,279000,11.499
2026/04/29 15:45:56,280000,11.496
2026/04/29 15:45:56,281000,11.504
2026/04/29 15:45:56,282000,11.493
2026/04/29 15:45:56,283000,11.499
2026/04/29 15:45:56,284000,11.501
2026/04/29 15:45:56,285000,11.501
2026/04/29 15:45:56,286000,11.499
2026/04/29 15:45:56,287000,11.496
2026/04/29 15:45:56,288000,11.504
2026/04/29 15:45:56,289000,11.496
2026/04/29 15:45:56,290000,11.501
2026/04/29 15:45:56,291000,11.499
2026/04/29 15:45:56,292000,11.496
2026/04/29 15:45:56,293000,11.496
2026/04/29 15:45:56,294000,11.499
2026/04/29 15:45:56,295000,11.493
2026/04/29 15:45:56,296000,11.496
2026/04/29 15:45:56,297000,11.499
2026/04/29 15:45:56,298000,11.501
2026/04/29 15:45:56,299000,11.499
2026/04/29 15:45:56,300000,11.504
2026/04/29 15:45:56,301000,11.490
2026/04/29 15:45:56,302000,11.501
2026/04/29 15:45:56,303000,11.496
2026/04/29 15:45:56,304000,11.496
2026/04/29 15:45:56,305000,11.501
2026/04/29 15:45:56,306000,11.499
2026/04/29 15:45:56,307000,11.496
2026/04/29 15:45:56,308000,11.499
2026/04/29 15:45:56,309000,11.501
2026/04/29 15:45:56,310000,11.501
2026/04/29 15:45:56,311000,11.496
2026/04/29 15:45:56,312000,11.501
2026/04/29 15:45:56,313000,11.496
2026/04/29 15:45:56,314000,11.499
2026/04/29 15:45:56,315000,11.501
2026/04/29 15:45:56,316000,11.493
2026/04/29 15:45:56,317000,11.504
2026/04/29 15:45:56,318000,11.499
2026/04/29 15:45:56,319000,11.501
2026/04/29 15:45:56,320000,11.499
2026/04/29 15:45:56,321000,11.496
2026/04/29 15:45:56,322000,11.499
2026/04/29 15:45:56,323000,11.504
2026/04/29 15:45:56,324000,11.501
2026/04/29 15:45:56,325000,11.501
2026/04/29 15:45:56,326000,11.507
2026/04/29 15:45:56,327000,11.496
2026/04/29 15:45:56,328000,11.499
2026/04/29 15:45:56,329000,11.501
2026/04/29 15:45:56,330000,11.499
2026/04/29 15:45:56,331000,11.501
2026/04/29 15:45:56,332000,11.501
2026/04/29 15:45:56,333000,11.499
2026/04/29 15:45:56,334000,11.507
2026/04/29 15:45:56,335000,11.499
2026/04/29 15:45:56,336000,11.499
2026/04/29 15:45:56,337000,11.501
2026/04/29 15:45:56,338000,11.499
2026/04/29 15:45:56,339000,11.499
2026/04/29 15:45:56,340000,11.496
2026/04/29 15:45:56,341000,11.501
2026/04/29 15:45:56,342000,11.501
2026/04/29 15:45:56,343000,11.499
2026/04/29 15:45:56,344000,11.496
2026/04/29 15:45:56,345000,11.501
2026/04/29 15:45:56,346000,11.499
2026/04/29 15:45:56,347000,11.499
2026/04/29 15:45:56,348000,11.501
2026/04/29 15:45:56,349000,11.499
2026/04/29 15:45:56,350000,11.504
2026/04/29 15:45:56,351000,11.501
2026/04/29 15:45:56,352000,11.499
2026/04/29 15:45:56,353000,11.499
2026/04/29 15:45:56,354000,11.496
2026/04/29 15:45:56,355000,11.499
2026/04/29 15:45:56,356000,11.504
2026/04/29 15:45:56,357000,11.496
2026/04/29 15:45:56,358000,11.499
2026/04/29 15:45:56,359000,11.501
2026/04/29 15:45:56,360000,11.499
2026/04/29 15:45:56,361000,11.493
2026/04/29 15:45:56,362000,11.499
2026/04/29 15:45:56,363000,11.496
2026/04/29 15:45:56,364000,11.499
2026/04/29 15:45:56,365000,11.499
2026/04/29 15:45:56,366000,11.493
2026/04/29 15:45:56,367000,11.496
2026/04/29 15:45:56,368000,11.493
2026/04/29 15:45:56,369000,11.496
2026/04/29 15:45:56,370000,11.493
2026/04/29 15:45:56,371000,11.504
2026/04/29 15:45:56,372000,11.496
2026/04/29 15:45:56,373000,11.499
2026/04/29 15:45:56,374000,11.493
2026/04/29 15:45:56,375000,11.490
2026/04/29 15:45:56,376000,11.504
2026/04/29 15:45:56,377000,11.501
2026/04/29 15:45:56,378000,11.499
2026/04/29 15:45:56,379000,11.493
2026/04/29 15:45:56,380000,11.507
2026/04/29 15:45:56,381000,11.496
2026/04/29 15:45:56,382000,11.499
2026/04/29 15:45:56,383000,11.493
2026/04/29 15:45:56,384000,11.496
2026/04/29 15:45:56,385000,11.501
2026/04/29 15:45:56,386000,11.496
2026/04/29 15:45:56,387000,11.499
2026/04/29 15:45:56,388000,11.499
2026/04/29 15:45:56,389000,11.501
2026/04/29 15:45:56,390000,11.499
2026/04/29 15:45:56,391000,11.496
2026/04/29 15:45:56,392000,11.496
2026/04/29 15:45:56,393000,11.493
2026/04/29 15:45:56,394000,11.496
2026/04/29 15:45:56,395000,11.499
2026/04/29 15:45:56,396000,11.504
2026/04/29 15:45:56,397000,11.496
2026/04/29 15:45:56,398000,11.493
2026/04/29 15:45:56,399000,11.501
2026/04/29 15:45:56,400000,11.499
2026/04/29 15:45:56,401000,11.496
2026/04/29 15:45:56,402000,11.501
2026/04/29 15:45:56,403000,11.504
2026/04/29 15:45:56,404000,11.501
2026/04/29 15:45:56,405000,11.499
2026/04/29 15:45:56,406000,11.496
2026/04/29 15:45:56,407000,11.501
2026/04/29 15:45:56,408000,11.496
2026/04/29 15:45:56,409000,11.493
2026/04/29 15:45:56,410000,11.501
2026/04/29 15:45:56,411000,11.499
2026/04/29 15:45:56,412000,11.499
2026/04/29 15:45:56,413000,11.499
2026/04/29 15:45:56,414000,11.499
2026/04/29 15:45:56,415000,11.501
2026/04/29 15:45:56,416000,11.499
2026/04/29 15:45:56,417000,11.499
2026/04/29 15:45:56,418000,11.499
2026/04/29 15:45:56,419000,11.504
2026/04/29 15:45:56,420000,11.499
2026/04/29 15:45:56,421000,11.499
2026/04/29 15:45:56,422000,11.504
2026/04/29 15:45:56,423000,11.496
2026/04/29 15:45:56,424000,11.504
2026/04/29 15:45:56,425000,11.499
2026/04/29 15:45:56,426000,11.493
2026/04/29 15:45:56,427000,11.499
2026/04/29 15:45:56,428000,11.493
2026/04/29 15:45:56,429000,11.504
2026/04/29 15:45:56,430000,11.496
2026/04/29 15:45:56,431000,11.499
2026/04/29 15:45:56,432000,11.504
2026/04/29 15:45:56,433000,11.490
2026/04/29 15:45:56,434000,11.499
2026/04/29 15:45:56,435000,11.499
2026/04/29 15:45:56,436000,11.499
2026/04/29 15:45:56,437000,11.499
2026/04/29 15:45:56,438000,11.493
2026/04/29 15:45:56,439000,11.496
2026/04/29 15:45:56,440000,11.499
2026/04/29 15:45:56,441000,11.499
2026/04/29 15:45:56,442000,11.496
2026/04/29 15:45:56,443000,11.496
2026/04/29 15:45:56,444000,11.499
2026/04/29 15:45:56,445000,11.496
2026/04/29 15:45:56,446000,11.496
2026/04/29 15:45:56,447000,11.507
2026/04/29 15:45:56,448000,11.493
2026/04/29 15:45:56,449000,11.496
2026/04/29 15:45:56,450000,11.501
2026/04/29 15:45:56,451000,11.496
2026/04/29 15:45:56,452000,11.490
2026/04/29 15:45:56,453000,11.501
2026/04/29 15:45:56,454000,11.504
2026/04/29 15:45:56,455000,11.499
2026/04/29 15:45:56,456000,11.504
2026/04/29 15:45:56,457000,11.499
2026/04/29 15:45:56,458000,11.504
2026/04/29 15:45:56,459000,11.496
2026/04/29 15:45:56,460000,11.501
2026/04/29 15:45:56,461000,11.499
2026/04/29 15:45:56,462000,11.496
2026/04/29 15:45:56,463000,11.493
2026/04/29 15:45:56,464000,11.496
2026/04/29 15:45:56,465000,11.499
2026/04/29 15:45:56,466000,11.490
2026/04/29 15:45:56,467000,11.499
2026/04/29 15:45:56,468000,11.499
2026/04/29 15:45:56,469000,11.496
2026/04/29 15:45:56,470000,11.499
2026/04/29 15:45:56,471000,11.499
2026/04/29 15:45:56,472000,11.501
2026/04/29 15:45:56,473000,11.499
2026/04/29 15:45:56,474000,11.499
2026/04/29 15:45:56,475000,11.487
2026/04/29 15:45:56,476000,11.501
2026/04/29 15:45:56,477000,11.504
2026/04/29 15:45:56,478000,11.504
2026/04/29 15:45:56,479000,11.499
2026/04/29 15:45:56,480000,11.501
2026/04/29 15:45:56,481000,11.501
2026/04/29 15:45:56,482000,11.501
2026/04/29 15:45:56,483000,11.501
2026/04/29 15:45:56,484000,11.496
2026/04/29 15:45:56,485000,11.499
2026/04/29 15:45:56,486000,11.499
2026/04/29 15:45:56,487000,11.501
2026/04/29 15:45:56,488000,11.496
2026/04/29 15:45:56,489000,11.501
2026/04/29 15:45:56,490000,11.501
2026/04/29 15:45:56,491000,11.501
2026/04/29 15:45:56,492000,11.501
2026/04/29 15:45:56,493000,11.493
2026/04/29 15:45:56,494000,11.490
2026/04/29 15:45:56,495000,11.501
2026/04/29 15:45:56,496000,11.501
2026/04/29 15:45:56,497000,11.499
2026/04/29 15:45:56,498000,11.496
2026/04/29 15:45:56,499000,11.490
2026/04/29 15:45:56,500000,11.501
2026/04/29 15:45:56,501000,11.501
2026/04/29 15:45:56,502000,11.501
2026/04/29 15:45:56,503000,11.501
2026/04/29 15:45:56,504000,11.501
2026/04/29 15:45:56,505000,11.496
2026/04/29 15:45:56,506000,11.504
2026/04/29 15:45:56,507000,11.504
2026/04/29 15:45:56,508000,11.504
2026/04/29 15:45:56,509000,11.501
2026/04/29 15:45:56,510000,11.499
2026/04/29 15:45:56,511000,11.499
2026/04/29 15:45:56,512000,11.501
2026/04/29 15:45:56,513000,11.499
2026/04/29 15:45:56,514000,11.499
2026/04/29 15:45:56,515000,11.499
2026/04/29 15:45:56,516000,11.501
2026/04/29 15:45:56,517000,11.499
2026/04/29 15:45:56,518000,11.496
2026/04/29 15:45:56,519000,11.501
2026/04/29 15:45:56,520000,11.496
2026/04/29 15:45:56,521000,11.510
2026/04/29 15:45:56,522000,11.496
2026/04/29 15:45:56,523000,11.496
2026/04/29 15:45:56,524000,11.496
2026/04/29 15:45:56,525000,11.501
2026/04/29 15:45:56,526000,11.499
2026/04/29 15:45:56,527000,11.493
2026/04/29 15:45:56,528000,11.496
2026/04/29 15:45:56,529000,11.493
2026/04/29 15:45:56,530000,11.493
2026/04/29 15:45:56,531000,11.499
2026/04/29 15:45:56,532000,11.487
2026/04/29 15:45:56,533000,11.490
2026/04/29 15:45:56,534000,11.493
2026/04/29 15:45:56,535000,11.504
2026/04/29 15:45:56,536000,11.501
2026/04/29 15:45:56,537000,11.501
2026/04/29 15:45:56,538000,11.504
2026/04/29 15:45:56,539000,11.499
2026/04/29 15:45:56,540000,11.496
2026/04/29 15:45:56,541000,11.496
2026/04/29 15:45:56,542000,11.501
2026/04/29 15:45:56,543000,11.499
2026/04/29 15:45:56,544000,11.499
2026/04/29 15:45:56,545000,11.501
2026/04/29 15:45:56,546000,11.496
2026/04/29 15:45:56,547000,11.501
2026/04/29 15:45:56,548000,11.499
2026/04/29 15:45:56,549000,11.499
2026/04/29 15:45:56,550000,11.496
2026/04/29 15:45:56,551000,11.501
2026/04/29 15:45:56,552000,11.499
2026/04/29 15:45:56,553000,11.496
2026/04/29 15:45:56,554000,11.501
2026/04/29 15:45:56,555000,11.496
2026/04/29 15:45:56,556000,11.501
2026/04/29 15:45:56,557000,11.496
2026/04/29 15:45:56,558000,11.501
2026/04/29 15:45:56,559000,11.496
2026/04/29 15:45:56,560000,11.501
2026/04/29 15:45:56,561000,11.493
2026/04/29 15:45:56,562000,11.493
2026/04/29 15:45:56,563000,11.499
2026/04/29 15:45:56,564000,11.496
2026/04/29 15:45:56,565000,11.501
2026/04/29 15:45:56,566000,11.501
2026/04/29 15:45:56,567000,11.501
2026/04/29 15:45:56,568000,11.493
2026/04/29 15:45:56,569000,11.499
2026/04/29 15:45:56,570000,11.501
2026/04/29 15:45:56,571000,11.501
2026/04/29 15:45:56,572000,11.493
2026/04/29 15:45:56,573000,11.504
2026/04/29 15:45:56,574000,11.496
2026/04/29 15:45:56,575000,11.493
2026/04/29 15:45:56,576000,11.499
2026/04/29 15:45:56,577000,11.499
2026/04/29 15:45:56,578000,11.501
2026/04/29 15:45:56,579000,11.501
2026/04/29 15:45:56,580000,11.501
2026/04/29 15:45:56,581000,11.493
2026/04/29 15:45:56,582000,11.501
2026/04/29 15:45:56,583000,11.493
2026/04/29 15:45:56,584000,11.496
2026/04/29 15:45:56,585000,11.499
2026/04/29 15:45:56,586000,11.493
2026/04/29 15:45:56,587000,11.493
2026/04/29 15:45:56,588000,11.496
2026/04/29 15:45:56,589000,11.507
2026/04/29 15:45:56,590000,11.501
2026/04/29 15:45:56,591000,11.496
2026/04/29 15:45:56,592000,11.499
2026/04/29 15:45:56,593000,11.499
2026/04/29 15:45:56,594000,11.499
2026/04/29 15:45:56,595000,11.504
2026/04/29 15:45:56,596000,11.499
2026/04/29 15:45:56,597000,11.504
2026/04/29 15:45:56,598000,11.499
2026/04/29 15:45:56,599000,11.493
2026/04/29 15:45:56,600000,11.501
2026/04/29 15:45:56,601000,11.501
2026/04/29 15:45:56,602000,11.499
2026/04/29 15:45:56,603000,11.504
2026/04/29 15:45:56,604000,11.496
2026/04/29 15:45:56,605000,11.499
2026/04/29 15:45:56,606000,11.493
2026/04/29 15:45:56,607000,11.504
2026/04/29 15:45:56,608000,11.496
2026/04/29 15:45:56,609000,11.501
2026/04/29 15:45:56,610000,11.499
2026/04/29 15:45:56,611000,11.501
2026/04/29 15:45:56,612000,11.499
2026/04/29 15:45:56,613000,11.499
2026/04/29 15:45:56,614000,11.499
2026/04/29 15:45:56,615000,11.501
2026/04/29 15:45:56,616000,11.501
2026/04/29 15:45:56,617000,11.499
2026/04/29 15:45:56,618000,11.501
2026/04/29 15:45:56,619000,11.499
2026/04/29 15:45:56,620000,11.496
2026/04/29 15:45:56,621000,11.501
2026/04/29 15:45:56,622000,11.501
2026/04/29 15:45:56,623000,11.499
2026/04/29 15:45:56,624000,11.499
2026/04/29 15:45:56,625000,11.501
2026/04/29 15:45:56,626000,11.501
2026/04/29 15:45:56,627000,11.501
2026/04/29 15:45:56,628000,11.501
2026/04/29 15:45:56,629000,11.499
2026/04/29 15:45:56,630000,11.499
2026/04/29 15:45:56,631000,11.496
2026/04/29 15:45:56,632000,11.496
2026/04/29 15:45:56,633000,11.496
2026/04/29 15:45:56,634000,11.499
2026/04/29 15:45:56,635000,11.501
2026/04/29 15:45:56,636000,11.493
2026/04/29 15:45:56,637000,11.496
2026/04/29 15:45:56,638000,11.499
2026/04/29 15:45:56,639000,11.499
2026/04/29 15:45:56,640000,11.499
2026/04/29 15:45:56,641000,11.499
2026/04/29 15:45:56,642000,11.501
2026/04/29 15:45:56,643000,11.493
2026/04/29 15:45:56,644000,11.493
2026/04/29 15:45:56,645000,11.499
2026/04/29 15:45:56,646000,11.499
2026/04/29 15:45:56,647000,11.499
2026/04/29 15:45:56,648000,11.499
2026/04/29 15:45:56,649000,11.501
2026/04/29 15:45:56,650000,11.501
2026/04/29 15:45:56,651000,11.496
2026/04/29 15:45:56,652000,11.496
2026/04/29 15:45:56,653000,11.501
2026/04/29 15:45:56,654000,11.501
2026/04/29 15:45:56,655000,11.493
2026/04/29 15:45:56,656000,11.499
2026/04/29 15:45:56,657000,11.501
2026/04/29 15:45:56,658000,11.499
2026/04/29 15:45:56,659000,11.496
2026/04/29 15:45:56,660000,11.490
2026/04/29 15:45:56,661000,11.499
2026/04/29 15:45:56,662000,11.496
2026/04/29 15:45:56,663000,11.496
2026/04/29 15:45:56,664000,11.496
2026/04/29 15:45:56,665000,11.496
2026/04/29 15:45:56,666000,11.504
2026/04/29 15:45:56,667000,11.501
2026/04/29 15:45:56,668000,11.501
2026/04/29 15:45:56,669000,11.499
2026/04/29 15:45:56,670000,11.496
2026/04/29 15:45:56,671000,11.496
2026/04/29 15:45:56,672000,11.496
2026/04/29 15:45:56,673000,11.499
2026/04/29 15:45:56,674000,11.496
2026/04/29 15:45:56,675000,11.493
2026/04/29 15:45:56,676000,11.504
2026/04/29 15:45:56,677000,11.499
2026/04/29 15:45:56,678000,11.496
2026/04/29 15:45:56,679000,11.504
2026/04/29 15:45:56,680000,11.496
2026/04/29 15:45:56,681000,11.499
2026/04/29 15:45:56,682000,11.504
2026/04/29 15:45:56,683000,11.499
2026/04/29 15:45:56,684000,11.501
2026/04/29 15:45:56,685000,11.499
2026/04/29 15:45:56,686000,11.496
2026/04/29 15:45:56,687000,11.499
2026/04/29 15:45:56,688000,11.499
2026/04/29 15:45:56,689000,11.499
2026/04/29 15:45:56,690000,11.501
2026/04/29 15:45:56,691000,11.499
2026/04/29 15:45:56,692000,11.501
2026/04/29 15:45:56,693000,11.493
2026/04/29 15:45:56,694000,11.496
2026/04/29 15:45:56,695000,11.496
2026/04/29 15:45:56,696000,11.493
2026/04/29 15:45:56,697000,11.501
2026/04/29 15:45:56,698000,11.499
2026/04/29 15:45:56,699000,11.501
2026/04/29 15:45:56,700000,11.499
2026/04/29 15:45:56,701000,11.496
2026/04/29 15:45:56,702000,11.504
2026/04/29 15:45:56,703000,11.504
2026/04/29 15:45:56,704000,11.493
2026/04/29 15:45:56,705000,11.504
2026/04/29 15:45:56,706000,11.496
2026/04/29 15:45:56,707000,11.504
2026/04/29 15:45:56,708000,11.501
2026/04/29 15:45:56,709000,11.501
2026/04/29 15:45:56,710000,11.499
2026/04/29 15:45:56,711000,11.490
2026/04/29 15:45:56,712000,11.501
2026/04/29 15:45:56,713000,11.501
2026/04/29 15:45:56,714000,11.504
2026/04/29 15:45:56,715000,11.499
2026/04/29 15:45:56,716000,11.504
2026/04/29 15:45:56,717000,11.499
2026/04/29 15:45:56,718000,11.504
2026/04/29 15:45:56,719000,11.504
2026/04/29 15:45:56,720000,11.496
2026/04/29 15:45:56,721000,11.496
2026/04/29 15:45:56,722000,11.501
2026/04/29 15:45:56,723000,11.490
2026/04/29 15:45:56,724000,11.493
2026/04/29 15:45:56,725000,11.499
2026/04/29 15:45:56,726000,11.499
2026/04/29 15:45:56,727000,11.501
2026/04/29 15:45:56,728000,11.499
2026/04/29 15:45:56,729000,11.493
2026/04/29 15:45:56,730000,11.499
2026/04/29 15:45:56,731000,11.501
2026/04/29 15:45:56,732000,11.499
2026/04/29 15:45:56,733000,11.493
2026/04/29 15:45:56,734000,11.496
2026/04/29 15:45:56,735000,11.499
2026/04/29 15:45:56,736000,11.493
2026/04/29 15:45:56,737000,11.499
2026/04/29 15:45:56,738000,11.504
2026/04/29 15:45:56,739000,11.499
2026/04/29 15:45:56,740000,11.496
2026/04/29 15:45:56,741000,11.496
2026/04/29 15:45:56,742000,11.496
2026/04/29 15:45:56,743000,11.499
2026/04/29 15:45:56,744000,11.501
2026/04/29 15:45:56,745000,11.504
2026/04/29 15:45:56,746000,11.496
2026/04/29 15:45:56,747000,11.499
2026/04/29 15:45:56,748000,11.499
2026/04/29 15:45:56,749000,11.499
2026/04/29 15:45:56,750000,11.496
2026/04/29 15:45:56,751000,11.499
2026/04/29 15:45:56,752000,11.496
2026/04/29 15:45:56,753000,11.499
2026/04/29 15:45:56,754000,11.501
2026/04/29 15:45:56,755000,11.496
2026/04/29 15:45:56,756000,11.501
2026/04/29 15:45:56,757000,11.501
2026/04/29 15:45:56,758000,11.493
2026/04/29 15:45:56,759000,11.501
2026/04/29 15:45:56,760000,11.501
2026/04/29 15:45:56,761000,11.504
2026/04/29 15:45:56,762000,11.499
2026/04/29 15:45:56,763000,11.493
2026/04/29 15:45:56,764000,11.501
2026/04/29 15:45:56,765000,11.501
2026/04/29 15:45:56,766000,11.501
2026/04/29 15:45:56,767000,11.496
2026/04/29 15:45:56,768000,11.493
2026/04/29 15:45:56,769000,11.493
2026/04/29 15:45:56,770000,11.496
2026/04/29 15:45:56,771000,11.501
2026/04/29 15:45:56,772000,11.501
2026/04/29 15:45:56,773000,11.501
2026/04/29 15:45:56,774000,11.493
2026/04/29 15:45:56,775000,11.499
2026/04/29 15:45:56,776000,11.501
2026/04/29 15:45:56,777000,11.499
2026/04/29 15:45:56,778000,11.493
2026/04/29 15:45:56,779000,11.499
2026/04/29 15:45:56,780000,11.501
2026/04/29 15:45:56,781000,11.493
2026/04/29 15:45:56,782000,11.493
2026/04/29 15:45:56,783000,11.496
2026/04/29 15:45:56,784000,11.493
2026/04/29 15:45:56,785000,11.499
2026/04/29 15:45:56,786000,11.496
2026/04/29 15:45:56,787000,11.499
2026/04/29 15:45:56,788000,11.499
2026/04/29 15:45:56,789000,11.496
2026/04/29 15:45:56,790000,11.499
2026/04/29 15:45:56,791000,11.504
2026/04/29 15:45:56,792000,11.496
2026/04/29 15:45:56,793000,11.496
2026/04/29 15:45:56,794000,11.496
2026/04/29 15:45:56,795000,11.499
2026/04/29 15:45:56,796000,11.499
2026/04/29 15:45:56,797000,11.499
2026/04/29 15:45:56,798000,11.501
2026/04/29 15:45:56,799000,11.496
2026/04/29 15:45:56,800000,11.504
2026/04/29 15:45:56,801000,11.499
2026/04/29 15:45:56,802000,11.499
2026/04/29 15:45:56,803000,11.493
2026/04/29 15:45:56,804000,11.501
2026/04/29 15:45:56,805000,11.501
2026/04/29 15:45:56,806000,11.499
2026/04/29 15:45:56,807000,11.499
2026/04/29 15:45:56,808000,11.501
2026/04/29 15:45:56,809000,11.501
2026/04/29 15:45:56,810000,11.493
2026/04/29 15:45:56,811000,11.496
2026/04/29 15:45:56,812000,11.501
2026/04/29 15:45:56,813000,11.496
2026/04/29 15:45:56,814000,11.499
2026/04/29 15:45:56,815000,11.499
2026/04/29 15:45:56,816000,11.493
2026/04/29 15:45:56,817000,11.501
2026/04/29 15:45:56,818000,11.501
2026/04/29 15:45:56,819000,11.493
2026/04/29 15:45:56,820000,11.496
2026/04/29 15:45:56,821000,11.493
2026/04/29 15:45:56,822000,11.499
2026/04/29 15:45:56,823000,11.493
2026/04/29 15:45:56,824000,11.499
2026/04/29 15:45:56,825000,11.490
2026/04/29 15:45:56,826000,11.501
2026/04/29 15:45:56,827000,11.493
2026/04/29 15:45:56,828000,11.504
2026/04/29 15:45:56,829000,11.499
2026/04/29 15:45:56,830000,11.493
2026/04/29 15:45:56,831000,11.504
2026/04/29 15:45:56,832000,11.501
2026/04/29 15:45:56,833000,11.501
2026/04/29 15:45:56,834000,11.493
2026/04/29 15:45:56,835000,11.504
2026/04/29 15:45:56,836000,11.496
2026/04/29 15:45:56,837000,11.499
2026/04/29 15:45:56,838000,11.501
2026/04/29 15:45:56,839000,11.496
2026/04/29 15:45:56,840000,11.499
2026/04/29 15:45:56,841000,11.501
2026/04/29 15:45:56,842000,11.499
2026/04/29 15:45:56,843000,11.501
2026/04/29 15:45:56,844000,11.501
2026/04/29 15:45:56,845000,11.493
2026/04/29 15:45:56,846000,11.493
2026/04/29 15:45:56,847000,11.499
2026/04/29 15:45:56,848000,11.499
2026/04/29 15:45:56,849000,11.496
2026/04/29 15:45:56,850000,11.493
2026/04/29 15:45:56,851000,11.496
2026/04/29 15:45:56,852000,11.499
2026/04/29 15:45:56,853000,11.501
2026/04/29 15:45:56,854000,11.501
2026/04/29 15:45:56,855000,11.496
2026/04/29 15:45:56,856000,11.499
2026/04/29 15:45:56,857000,11.501
2026/04/29 15:45:56,858000,11.496
2026/04/29 15:45:56,859000,11.496
2026/04/29 15:45:56,860000,11.501
2026/04/29 15:45:56,861000,11.501
2026/04/29 15:45:56,862000,11.501
2026/04/29 15:45:56,863000,11.504
2026/04/29 15:45:56,864000,11.493
2026/04/29 15:45:56,865000,11.496
2026/04/29 15:45:56,866000,11.496
2026/04/29 15:45:56,867000,11.490
2026/04/29 15:45:56,868000,11.499
2026/04/29 15:45:56,869000,11.501
2026/04/29 15:45:56,870000,11.504
2026/04/29 15:45:56,871000,11.499
2026/04/29 15:45:56,872000,11.493
2026/04/29 15:45:56,873000,11.499
2026/04/29 15:45:56,874000,11.499
2026/04/29 15:45:56,875000,11.496
2026/04/29 15:45:56,876000,11.496
2026/04/29 15:45:56,877000,11.499
2026/04/29 15:45:56,878000,11.504
2026/04/29 15:45:56,879000,11.499
2026/04/29 15:45:56,880000,11.499
2026/04/29 15:45:56,881000,11.493
2026/04/29 15:45:56,882000,11.504
2026/04/29 15:45:56,883000,11.496
2026/04/29 15:45:56,884000,11.499
2026/04/29 15:45:56,885000,11.501
2026/04/29 15:45:56,886000,11.507
2026/04/29 15:45:56,887000,11.496
2026/04/29 15:45:56,888000,11.493
2026/04/29 15:45:56,889000,11.501
2026/04/29 15:45:56,890000,11.499
2026/04/29 15:45:56,891000,11.493
2026/04/29 15:45:56,892000,11.493
2026/04/29 15:45:56,893000,11.515
2026/04/29 15:45:56,894000,11.501
2026/04/29 15:45:56,895000,11.496
2026/04/29 15:45:56,896000,11.504
2026/04/29 15:45:56,897000,11.499
2026/04/29 15:45:56,898000,11.501
2026/04/29 15:45:56,899000,11.501
2026/04/29 15:45:56,900000,11.501
2026/04/29 15:45:56,901000,11.493
2026/04/29 15:45:56,902000,11.496
2026/04/29 15:45:56,903000,11.501
2026/04/29 15:45:56,904000,11.501
2026/04/29 15:45:56,905000,11.499
2026/04/29 15:45:56,906000,11.499
2026/04/29 15:45:56,907000,11.490
2026/04/29 15:45:56,908000,11.496
2026/04/29 15:45:56,909000,11.496
2026/04/29 15:45:56,910000,11.496
2026/04/29 15:45:56,911000,11.496
2026/04/29 15:45:56,912000,11.496
2026/04/29 15:45:56,913000,11.496
2026/04/29 15:45:56,914000,11.499
2026/04/29 15:45:56,915000,11.499
2026/04/29 15:45:56,916000,11.493
2026/04/29 15:45:56,917000,11.499
2026/04/29 15:45:56,918000,11.499
2026/04/29 15:45:56,919000,11.496
2026/04/29 15:45:56,920000,11.501
2026/04/29 15:45:56,921000,11.493
2026/04/29 15:45:56,922000,11.499
2026/04/29 15:45:56,923000,11.493
2026/04/29 15:45:56,924000,11.499
2026/04/29 15:45:56,925000,11.501
2026/04/29 15:45:56,926000,11.496
2026/04/29 15:45:56,927000,11.499
2026/04/29 15:45:56,928000,11.496
2026/04/29 15:45:56,929000,11.501
2026/04/29 15:45:56,930000,11.493
2026/04/29 15:45:56,931000,11.496
2026/04/29 15:45:56,932000,11.501
2026/04/29 15:45:56,933000,11.499
2026/04/29 15:45:56,934000,11.493
2026/04/29 15:45:56,935000,11.501
2026/04/29 15:45:56,936000,11.496
2026/04/29 15:45:56,937000,11.501
2026/04/29 15:45:56,938000,11.499
2026/04/29 15:45:56,939000,11.493
2026/04/29 15:45:56,940000,11.493
2026/04/29 15:45:56,941000,11.496
2026/04/29 15:45:56,942000,11.499
2026/04/29 15:45:56,943000,11.499
2026/04/29 15:45:56,944000,11.496
2026/04/29 15:45:56,945000,11.499
2026/04/29 15:45:56,946000,11.504
2026/04/29 15:45:56,947000,11.493
2026/04/29 15:45:56,948000,11.493
2026/04/29 15:45:56,949000,11.504
2026/04/29 15:45:56,950000,11.501
2026/04/29 15:45:56,951000,11.501
2026/04/29 15:45:56,952000,11.501
2026/04/29 15:45:56,953000,11.499
2026/04/29 15:45:56,954000,11.499
2026/04/29 15:45:56,955000,11.499
2026/04/29 15:45:56,956000,11.499
2026/04/29 15:45:56,957000,11.496
2026/04/29 15:45:56,958000,11.501
2026/04/29 15:45:56,959000,11.496
2026/04/29 15:45:56,960000,11.499
2026/04/29 15:45:56,961000,11.496
2026/04/29 15:45:56,962000,11.501
2026/04/29 15:45:56,963000,11.501
2026/04/29 15:45:56,964000,11.493
2026/04/29 15:45:56,965000,11.504
2026/04/29 15:45:56,966000,11.501
2026/04/29 15:45:56,967000,11.501
2026/04/29 15:45:56,968000,11.490
2026/04/29 15:45:56,969000,11.490
2026/04/29 15:45:56,970000,11.499
2026/04/29 15:45:56,971000,11.499
2026/04/29 15:45:56,972000,11.499
2026/04/29 15:45:56,973000,11.504
2026/04/29 15:45:56,974000,11.496
2026/04/29 15:45:56,975000,11.504
2026/04/29 15:45:56,976000,11.499
2026/04/29 15:45:56,977000,11.499
2026/04/29 15:45:56,978000,11.496
2026/04/29 15:45:56,979000,11.499
2026/04/29 15:45:56,980000,11.504
2026/04/29 15:45:56,981000,11.501
2026/04/29 15:45:56,982000,11.496
2026/04/29 15:45:56,983000,11.493
2026/04/29 15:45:56,984000,11.496
2026/04/29 15:45:56,985000,11.501
2026/04/29 15:45:56,986000,11.496
2026/04/29 15:45:56,987000,11.496
2026/04/29 15:45:56,988000,11.493
2026/04/29 15:45:56,989000,11.496
2026/04/29 15:45:56,990000,11.496
2026/04/29 15:45:56,991000,11.493
2026/04/29 15:45:56,992000,11.499
2026/04/29 15:45:56,993000,11.499
2026/04/29 15:45:56,994000,11.499
2026/04/29 15:45:56,995000,11.493
2026/04/29 15:45:56,996000,11.499
2026/04/29 15:45:56,997000,11.501
2026/04/29 15:45:56,998000,11.501
2026/04/29 15:45:56,999000,11.499
2026/04/29 15:45:57,000000,11.499
2026/04/29 15:45:57,001000,11.499
2026/04/29 15:45:57,002000,11.501
2026/04/29 15:45:57,003000,11.499
2026/04/29 15:45:57,004000,11.501
2026/04/29 15:45:57,005000,11.499
2026/04/29 15:45:57,006000,11.501
2026/04/29 15:45:57,007000,11.499
2026/04/29 15:45:57,008000,11.496
2026/04/29 15:45:57,009000,11.501
2026/04/29 15:45:57,010000,11.496
2026/04/29 15:45:57,011000,11.496
2026/04/29 15:45:57,012000,11.501
2026/04/29 15:45:57,013000,11.499
2026/04/29 15:45:57,014000,11.501
2026/04/29 15:45:57,015000,11.499
2026/04/29 15:45:57,016000,11.499
2026/04/29 15:45:57,017000,11.496
2026/04/29 15:45:57,018000,11.499
2026/04/29 15:45:57,019000,11.499
2026/04/29 15:45:57,020000,11.493
2026/04/29 15:45:57,021000,11.496
2026/04/29 15:45:57,022000,11.499
2026/04/29 15:45:57,023000,11.493
2026/04/29 15:45:57,024000,11.496
2026/04/29 15:45:57,025000,11.496
2026/04/29 15:45:57,026000,11.499
2026/04/29 15:45:57,027000,11.493
2026/04/29 15:45:57,028000,11.496
2026/04/29 15:45:57,029000,11.496
2026/04/29 15:45:57,030000,11.501
2026/04/29 15:45:57,031000,11.493
2026/04/29 15:45:57,032000,11.496
2026/04/29 15:45:57,033000,11.499
2026/04/29 15:45:57,034000,11.501
2026/04/29 15:45:57,035000,11.501
2026/04/29 15:45:57,036000,11.499
2026/04/29 15:45:57,037000,11.504
2026/04/29 15:45:57,038000,11.493
2026/04/29 15:45:57,039000,11.501
2026/04/29 15:45:57,040000,11.504
2026/04/29 15:45:57,041000,11.499
2026/04/29 15:45:57,042000,11.496
2026/04/29 15:45:57,043000,11.501
2026/04/29 15:45:57,044000,11.499
2026/04/29 15:45:57,045000,11.501
2026/04/29 15:45:57,046000,11.496
2026/04/29 15:45:57,047000,11.490
2026/04/29 15:45:57,048000,11.499
2026/04/29 15:45:57,049000,11.496
2026/04/29 15:45:57,050000,11.499
2026/04/29 15:45:57,051000,11.499
2026/04/29 15:45:57,052000,11.496
2026/04/29 15:45:57,053000,11.504
2026/04/29 15:45:57,054000,11.501
2026/04/29 15:45:57,055000,11.504
2026/04/29 15:45:57,056000,11.499
2026/04/29 15:45:57,057000,11.496
2026/04/29 15:45:57,058000,11.496
2026/04/29 15:45:57,059000,11.501
2026/04/29 15:45:57,060000,11.493
2026/04/29 15:45:57,061000,11.501
2026/04/29 15:45:57,062000,11.501
2026/04/29 15:45:57,063000,11.499
2026/04/29 15:45:57,064000,11.496
2026/04/29 15:45:57,065000,11.496
2026/04/29 15:45:57,066000,11.496
2026/04/29 15:45:57,067000,11.496
2026/04/29 15:45:57,068000,11.499
2026/04/29 15:45:57,069000,11.499
2026/04/29 15:45:57,070000,11.493
2026/04/29 15:45:57,071000,11.490
2026/04/29 15:45:57,072000,11.493
2026/04/29 15:45:57,073000,11.501
2026/04/29 15:45:57,074000,11.493
2026/04/29 15:45:57,075000,11.499
2026/04/29 15:45:57,076000,11.499
2026/04/29 15:45:57,077000,11.493
2026/04/29 15:45:57,078000,11.501
2026/04/29 15:45:57,079000,11.499
2026/04/29 15:45:57,080000,11.499
2026/04/29 15:45:57,081000,11.499
2026/04/29 15:45:57,082000,11.507
2026/04/29 15:45:57,083000,11.499
2026/04/29 15:45:57,084000,11.493
2026/04/29 15:45:57,085000,11.499
2026/04/29 15:45:57,086000,11.501
2026/04/29 15:45:57,087000,11.496
2026/04/29 15:45:57,088000,11.496
2026/04/29 15:45:57,089000,11.501
2026/04/29 15:45:57,090000,11.499
2026/04/29 15:45:57,091000,11.501
2026/04/29 15:45:57,092000,11.496
2026/04/29 15:45:57,093000,11.493
2026/04/29 15:45:57,094000,11.501
2026/04/29 15:45:57,095000,11.501
2026/04/29 15:45:57,096000,11.496
2026/04/29 15:45:57,097000,11.507
2026/04/29 15:45:57,098000,11.499
2026/04/29 15:45:57,099000,11.493
2026/04/29 15:45:57,100000,11.499
2026/04/29 15:45:57,101000,11.501
2026/04/29 15:45:57,102000,11.496
2026/04/29 15:45:57,103000,11.501
2026/04/29 15:45:57,104000,11.501
2026/04/29 15:45:57,105000,11.501
2026/04/29 15:45:57,106000,11.499
2026/04/29 15:45:57,107000,11.501
2026/04/29 15:45:57,108000,11.499
2026/04/29 15:45:57,109000,11.499
2026/04/29 15:45:57,110000,11.496
2026/04/29 15:45:57,111000,11.499
2026/04/29 15:45:57,112000,11.501
2026/04/29 15:45:57,113000,11.499
2026/04/29 15:45:57,114000,11.504
2026/04/29 15:45:57,115000,11.499
2026/04/29 15:45:57,116000,11.499
2026/04/29 15:45:57,117000,11.496
2026/04/29 15:45:57,118000,11.501
2026/04/29 15:45:57,119000,11.499
2026/04/29 15:45:57,120000,11.504
2026/04/29 15:45:57,121000,11.496
2026/04/29 15:45:57,122000,11.499
2026/04/29 15:45:57,123000,11.501
2026/04/29 15:45:57,124000,11.496
2026/04/29 15:45:57,125000,11.499
2026/04/29 15:45:57,126000,11.493
2026/04/29 15:45:57,127000,11.501
2026/04/29 15:45:57,128000,11.501
2026/04/29 15:45:57,129000,11.493
2026/04/29 15:45:57,130000,11.501
2026/04/29 15:45:57,131000,11.499
2026/04/29 15:45:57,132000,11.496
2026/04/29 15:45:57,133000,11.496
2026/04/29 15:45:57,134000,11.499
2026/04/29 15:45:57,135000,11.496
2026/04/29 15:45:57,136000,11.496
2026/04/29 15:45:57,137000,11.501
2026/04/29 15:45:57,138000,11.499
2026/04/29 15:45:57,139000,11.499
2026/04/29 15:45:57,140000,11.499
2026/04/29 15:45:57,141000,11.504
2026/04/29 15:45:57,142000,11.496
2026/04/29 15:45:57,143000,11.499
2026/04/29 15:45:57,144000,11.493
2026/04/29 15:45:57,145000,11.501
2026/04/29 15:45:57,146000,11.493
2026/04/29 15:45:57,147000,11.493
2026/04/29 15:45:57,148000,11.507
2026/04/29 15:45:57,149000,11.493
2026/04/29 15:45:57,150000,11.501
2026/04/29 15:45:57,151000,11.496
2026/04/29 15:45:57,152000,11.493
2026/04/29 15:45:57,153000,11.501
2026/04/29 15:45:57,154000,11.496
2026/04/29 15:45:57,155000,11.493
2026/04/29 15:45:57,156000,11.496
2026/04/29 15:45:57,157000,11.493
2026/04/29 15:45:57,158000,11.501
2026/04/29 15:45:57,159000,11.496
2026/04/29 15:45:57,160000,11.501
2026/04/29 15:45:57,161000,11.499
2026/04/29 15:45:57,162000,11.493
2026/04/29 15:45:57,163000,11.501
2026/04/29 15:45:57,164000,11.496
2026/04/29 15:45:57,165000,11.504
2026/04/29 15:45:57,166000,11.501
2026/04/29 15:45:57,167000,11.496
2026/04/29 15:45:57,168000,11.496
2026/04/29 15:45:57,169000,11.493
2026/04/29 15:45:57,170000,11.501
2026/04/29 15:45:57,171000,11.499
2026/04/29 15:45:57,172000,11.499
2026/04/29 15:45:57,173000,11.499
2026/04/29 15:45:57,174000,11.501
2026/04/29 15:45:57,175000,11.507
2026/04/29 15:45:57,176000,11.490
2026/04/29 15:45:57,177000,11.499
2026/04/29 15:45:57,178000,11.501
2026/04/29 15:45:57,179000,11.499
2026/04/29 15:45:57,180000,11.499
2026/04/29 15:45:57,181000,11.499
2026/04/29 15:45:57,182000,11.501
2026/04/29 15:45:57,183000,11.493
2026/04/29 15:45:57,184000,11.501
2026/04/29 15:45:57,185000,11.496
2026/04/29 15:45:57,186000,11.504
2026/04/29 15:45:57,187000,11.493
2026/04/29 15:45:57,188000,11.496
2026/04/29 15:45:57,189000,11.499
2026/04/29 15:45:57,190000,11.496
2026/04/29 15:45:57,191000,11.499
2026/04/29 15:45:57,192000,11.501
2026/04/29 15:45:57,193000,11.499
2026/04/29 15:45:57,194000,11.499
2026/04/29 15:45:57,195000,11.504
2026/04/29 15:45:57,196000,11.499
2026/04/29 15:45:57,197000,11.499
2026/04/29 15:45:57,198000,11.496
2026/04/29 15:45:57,199000,11.496
2026/04/29 15:45:57,200000,11.496
2026/04/29 15:45:57,201000,11.501
2026/04/29 15:45:57,202000,11.499
2026/04/29 15:45:57,203000,11.501
2026/04/29 15:45:57,204000,11.501
2026/04/29 15:45:57,205000,11.499
2026/04/29 15:45:57,206000,11.490
2026/04/29 15:45:57,207000,11.499
2026/04/29 15:45:57,208000,11.493
2026/04/29 15:45:57,209000,11.496
2026/04/29 15:45:57,210000,11.499
2026/04/29 15:45:57,211000,11.493
2026/04/29 15:45:57,212000,11.499
2026/04/29 15:45:57,213000,11.501
2026/04/29 15:45:57,214000,11.501
2026/04/29 15:45:57,215000,11.501
2026/04/29 15:45:57,216000,11.501
2026/04/29 15:45:57,217000,11.499
2026/04/29 15:45:57,218000,11.493
2026/04/29 15:45:57,219000,11.496
2026/04/29 15:45:57,220000,11.501
2026/04/29 15:45:57,221000,11.499
2026/04/29 15:45:57,222000,11.496
2026/04/29 15:45:57,223000,11.501
2026/04/29 15:45:57,224000,11.493
2026/04/29 15:45:57,225000,11.499
2026/04/29 15:45:57,226000,11.496
2026/04/29 15:45:57,227000,11.501
2026/04/29 15:45:57,228000,11.499
2026/04/29 15:45:57,229000,11.499
2026/04/29 15:45:57,230000,11.504
2026/04/29 15:45:57,231000,11.496
2026/04/29 15:45:57,232000,11.496
2026/04/29 15:45:57,233000,11.493
2026/04/29 15:45:57,234000,11.499
2026/04/29 15:45:57,235000,11.496
2026/04/29 15:45:57,236000,11.496
2026/04/29 15:45:57,237000,11.499
2026/04/29 15:45:57,238000,11.499
2026/04/29 15:45:57,239000,11.501
2026/04/29 15:45:57,240000,11.499
2026/04/29 15:45:57,241000,11.504
2026/04/29 15:45:57,242000,11.499
2026/04/29 15:45:57,243000,11.499
2026/04/29 15:45:57,244000,11.496
2026/04/29 15:45:57,245000,11.501
2026/04/29 15:45:57,246000,11.496
2026/04/29 15:45:57,247000,11.501
2026/04/29 15:45:57,248000,11.501
2026/04/29 15:45:57,249000,11.496
2026/04/29 15:45:57,250000,11.499
2026/04/29 15:45:57,251000,11.496
2026/04/29 15:45:57,252000,11.501
2026/04/29 15:45:57,253000,11.499
2026/04/29 15:45:57,254000,11.501
2026/04/29 15:45:57,255000,11.501
2026/04/29 15:45:57,256000,11.501
2026/04/29 15:45:57,257000,11.501
2026/04/29 15:45:57,258000,11.504
2026/04/29 15:45:57,259000,11.501
2026/04/29 15:45:57,260000,11.496
2026/04/29 15:45:57,261000,11.496
2026/04/29 15:45:57,262000,11.501
2026/04/29 15:45:57,263000,11.499
2026/04/29 15:45:57,264000,11.493
2026/04/29 15:45:57,265000,11.496
2026/04/29 15:45:57,266000,11.499
2026/04/29 15:45:57,267000,11.496
2026/04/29 15:45:57,268000,11.499
2026/04/29 15:45:57,269000,11.504
2026/04/29 15:45:57,270000,11.501
2026/04/29 15:45:57,271000,11.496
2026/04/29 15:45:57,272000,11.499
2026/04/29 15:45:57,273000,11.499
2026/04/29 15:45:57,274000,11.501
2026/04/29 15:45:57,275000,11.496
2026/04/29 15:45:57,276000,11.496
2026/04/29 15:45:57,277000,11.499
2026/04/29 15:45:57,278000,11.501
2026/04/29 15:45:57,279000,11.493
2026/04/29 15:45:57,280000,11.504
2026/04/29 15:45:57,281000,11.496
2026/04/29 15:45:57,282000,11.499
2026/04/29 15:45:57,283000,11.496
2026/04/29 15:45:57,284000,11.499
2026/04/29 15:45:57,285000,11.499
2026/04/29 15:45:57,286000,11.499
2026/04/29 15:45:57,287000,11.490
2026/04/29 15:45:57,288000,11.501
2026/04/29 15:45:57,289000,11.499
2026/04/29 15:45:57,290000,11.501
2026/04/29 15:45:57,291000,11.507
2026/04/29 15:45:57,292000,11.501
2026/04/29 15:45:57,293000,11.499
2026/04/29 15:45:57,294000,11.504
2026/04/29 15:45:57,295000,11.493
2026/04/29 15:45:57,296000,11.504
2026/04/29 15:45:57,297000,11.490
2026/04/29 15:45:57,298000,11.499
2026/04/29 15:45:57,299000,11.504
2026/04/29 15:45:57,300000,11.504
2026/04/29 15:45:57,301000,11.499
2026/04/29 15:45:57,302000,11.496
2026/04/29 15:45:57,303000,11.501
2026/04/29 15:45:57,304000,11.504
2026/04/29 15:45:57,305000,11.501
2026/04/29 15:45:57,306000,11.504
2026/04/29 15:45:57,307000,11.499
2026/04/29 15:45:57,308000,11.499
2026/04/29 15:45:57,309000,11.499
2026/04/29 15:45:57,310000,11.499
2026/04/29 15:45:57,311000,11.501
2026/04/29 15:45:57,312000,11.496
2026/04/29 15:45:57,313000,11.501
2026/04/29 15:45:57,314000,11.499
2026/04/29 15:45:57,315000,11.501
2026/04/29 15:45:57,316000,11.499
2026/04/29 15:45:57,317000,11.496
2026/04/29 15:45:57,318000,11.501
2026/04/29 15:45:57,319000,11.501
2026/04/29 15:45:57,320000,11.499
2026/04/29 15:45:57,321000,11.501
2026/04/29 15:45:57,322000,11.493
2026/04/29 15:45:57,323000,11.499
2026/04/29 15:45:57,324000,11.496
2026/04/29 15:45:57,325000,11.496
2026/04/29 15:45:57,326000,11.504
2026/04/29 15:45:57,327000,11.493
2026/04/29 15:45:57,328000,11.493
2026/04/29 15:45:57,329000,11.490
2026/04/29 15:45:57,330000,11.496
2026/04/29 15:45:57,331000,11.499
2026/04/29 15:45:57,332000,11.493
2026/04/29 15:45:57,333000,11.496
2026/04/29 15:45:57,334000,11.499
2026/04/29 15:45:57,335000,11.501
2026/04/29 15:45:57,336000,11.499
2026/04/29 15:45:57,337000,11.504
2026/04/29 15:45:57,338000,11.496
2026/04/29 15:45:57,339000,11.504
2026/04/29 15:45:57,340000,11.507
2026/04/29 15:45:57,341000,11.496
2026/04/29 15:45:57,342000,11.501
2026/04/29 15:45:57,343000,11.496
2026/04/29 15:45:57,344000,11.501
2026/04/29 15:45:57,345000,11.501
2026/04/29 15:45:57,346000,11.499
2026/04/29 15:45:57,347000,11.499
2026/04/29 15:45:57,348000,11.501
2026/04/29 15:45:57,349000,11.496
2026/04/29 15:45:57,350000,11.499
2026/04/29 15:45:57,351000,11.496
2026/04/29 15:45:57,352000,11.504
2026/04/29 15:45:57,353000,11.496
2026/04/29 15:45:57,354000,11.493
2026/04/29 15:45:57,355000,11.499
2026/04/29 15:45:57,356000,11.501
2026/04/29 15:45:57,357000,11.499
2026/04/29 15:45:57,358000,11.490
2026/04/29 15:45:57,359000,11.501
2026/04/29 15:45:57,360000,11.501
2026/04/29 15:45:57,361000,11.501
2026/04/29 15:45:57,362000,11.493
2026/04/29 15:45:57,363000,11.493
2026/04/29 15:45:57,364000,11.496
2026/04/29 15:45:57,365000,11.499
2026/04/29 15:45:57,366000,11.493
2026/04/29 15:45:57,367000,11.501
2026/04/29 15:45:57,368000,11.499
2026/04/29 15:45:57,369000,11.501
2026/04/29 15:45:57,370000,11.499
2026/04/29 15:45:57,371000,11.496
2026/04/29 15:45:57,372000,11.501
2026/04/29 15:45:57,373000,11.501
2026/04/29 15:45:57,374000,11.499
2026/04/29 15:45:57,375000,11.496
2026/04/29 15:45:57,376000,11.493
2026/04/29 15:45:57,377000,11.499
2026/04/29 15:45:57,378000,11.501
2026/04/29 15:45:57,379000,11.496
2026/04/29 15:45:57,380000,11.504
2026/04/29 15:45:57,381000,11.493
2026/04/29 15:45:57,382000,11.496
2026/04/29 15:45:57,383000,11.501
2026/04/29 15:45:57,384000,11.504
2026/04/29 15:45:57,385000,11.499
2026/04/29 15:45:57,386000,11.501
2026/04/29 15:45:57,387000,11.487
2026/04/29 15:45:57,388000,11.499
2026/04/29 15:45:57,389000,11.504
2026/04/29 15:45:57,390000,11.496
2026/04/29 15:45:57,391000,11.501
2026/04/29 15:45:57,392000,11.499
2026/04/29 15:45:57,393000,11.499
2026/04/29 15:45:57,394000,11.501
2026/04/29 15:45:57,395000,11.499
2026/04/29 15:45:57,396000,11.499
2026/04/29 15:45:57,397000,11.499
2026/04/29 15:45:57,398000,11.499
2026/04/29 15:45:57,399000,11.496
2026/04/29 15:45:57,400000,11.501
2026/04/29 15:45:57,401000,11.504
2026/04/29 15:45:57,402000,11.499
2026/04/29 15:45:57,403000,11.499
2026/04/29 15:45:57,404000,11.501
2026/04/29 15:45:57,405000,11.493
2026/04/29 15:45:57,406000,11.499
2026/04/29 15:45:57,407000,11.493
2026/04/29 15:45:57,408000,11.493
2026/04/29 15:45:57,409000,11.496
2026/04/29 15:45:57,410000,11.501
2026/04/29 15:45:57,411000,11.499
2026/04/29 15:45:57,412000,11.496
2026/04/29 15:45:57,413000,11.499
2026/04/29 15:45:57,414000,11.501
2026/04/29 15:45:57,415000,11.499
2026/04/29 15:45:57,416000,11.501
2026/04/29 15:45:57,417000,11.504
2026/04/29 15:45:57,418000,11.496
2026/04/29 15:45:57,419000,11.493
2026/04/29 15:45:57,420000,11.499
2026/04/29 15:45:57,421000,11.499
2026/04/29 15:45:57,422000,11.493
2026/04/29 15:45:57,423000,11.499
2026/04/29 15:45:57,424000,11.501
2026/04/29 15:45:57,425000,11.499
2026/04/29 15:45:57,426000,11.496
2026/04/29 15:45:57,427000,11.499
2026/04/29 15:45:57,428000,11.493
2026/04/29 15:45:57,429000,11.501
2026/04/29 15:45:57,430000,11.501
2026/04/29 15:45:57,431000,11.493
2026/04/29 15:45:57,432000,11.493
2026/04/29 15:45:57,433000,11.496
2026/04/29 15:45:57,434000,11.499
2026/04/29 15:45:57,435000,11.496
2026/04/29 15:45:57,436000,11.501
2026/04/29 15:45:57,437000,11.504
2026/04/29 15:45:57,438000,11.493
2026/04/29 15:45:57,439000,11.504
2026/04/29 15:45:57,440000,11.496
2026/04/29 15:45:57,441000,11.499
2026/04/29 15:45:57,442000,11.499
2026/04/29 15:45:57,443000,11.501
2026/04/29 15:45:57,444000,11.499
2026/04/29 15:45:57,445000,11.504
2026/04/29 15:45:57,446000,11.501
2026/04/29 15:45:57,447000,11.501
2026/04/29 15:45:57,448000,11.504
2026/04/29 15:45:57,449000,11.499
2026/04/29 15:45:57,450000,11.490
2026/04/29 15:45:57,451000,11.504
2026/04/29 15:45:57,452000,11.499
2026/04/29 15:45:57,453000,11.496
2026/04/29 15:45:57,454000,11.499
2026/04/29 15:45:57,455000,11.501
2026/04/29 15:45:57,456000,11.493
2026/04/29 15:45:57,457000,11.490
2026/04/29 15:45:57,458000,11.499
2026/04/29 15:45:57,459000,11.499
2026/04/29 15:45:57,460000,11.499
2026/04/29 15:45:57,461000,11.499
2026/04/29 15:45:57,462000,11.496
2026/04/29 15:45:57,463000,11.499
2026/04/29 15:45:57,464000,11.493
2026/04/29 15:45:57,465000,11.501
2026/04/29 15:45:57,466000,11.499
2026/04/29 15:45:57,467000,11.501
2026/04/29 15:45:57,468000,11.499
2026/04/29 15:45:57,469000,11.501
2026/04/29 15:45:57,470000,11.496
2026/04/29 15:45:57,471000,11.493
2026/04/29 15:45:57,472000,11.499
2026/04/29 15:45:57,473000,11.496
2026/04/29 15:45:57,474000,11.499
2026/04/29 15:45:57,475000,11.507
2026/04/29 15:45:57,476000,11.499
2026/04/29 15:45:57,477000,11.499
2026/04/29 15:45:57,478000,11.496
2026/04/29 15:45:57,479000,11.499
2026/04/29 15:45:57,480000,11.501
2026/04/29 15:45:57,481000,11.501
2026/04/29 15:45:57,482000,11.501
2026/04/29 15:45:57,483000,11.499
2026/04/29 15:45:57,484000,11.499
2026/04/29 15:45:57,485000,11.504
2026/04/29 15:45:57,486000,11.499
2026/04/29 15:45:57,487000,11.496
2026/04/29 15:45:57,488000,11.501
2026/04/29 15:45:57,489000,11.499
2026/04/29 15:45:57,490000,11.493
2026/04/29 15:45:57,491000,11.504
2026/04/29 15:45:57,492000,11.499
2026/04/29 15:45:57,493000,11.499
2026/04/29 15:45:57,494000,11.501
2026/04/29 15:45:57,495000,11.504
2026/04/29 15:45:57,496000,11.499
2026/04/29 15:45:57,497000,11.496
2026/04/29 15:45:57,498000,11.499
2026/04/29 15:45:57,499000,11.499
2026/04/29 15:45:57,500000,11.504
2026/04/29 15:45:57,501000,11.499
2026/04/29 15:45:57,502000,11.499
2026/04/29 15:45:57,503000,11.496
2026/04/29 15:45:57,504000,11.496
2026/04/29 15:45:57,505000,11.499
2026/04/29 15:45:57,506000,11.499
2026/04/29 15:45:57,507000,11.496
2026/04/29 15:45:57,508000,11.499
2026/04/29 15:45:57,509000,11.499
2026/04/29 15:45:57,510000,11.499
2026/04/29 15:45:57,511000,11.496
2026/04/29 15:45:57,512000,11.501
2026/04/29 15:45:57,513000,11.501
2026/04/29 15:45:57,514000,11.496
2026/04/29 15:45:57,515000,11.499
2026/04/29 15:45:57,516000,11.499
2026/04/29 15:45:57,517000,11.501
2026/04/29 15:45:57,518000,11.496
2026/04/29 15:45:57,519000,11.496
2026/04/29 15:45:57,520000,11.499
2026/04/29 15:45:57,521000,11.493
2026/04/29 15:45:57,522000,11.499
2026/04/29 15:45:57,523000,11.496
2026/04/29 15:45:57,524000,11.501
2026/04/29 15:45:57,525000,11.501
2026/04/29 15:45:57,526000,11.499
2026/04/29 15:45:57,527000,11.499
2026/04/29 15:45:57,528000,11.493
2026/04/29 15:45:57,529000,11.501
2026/04/29 15:45:57,530000,11.499
2026/04/29 15:45:57,531000,11.499
2026/04/29 15:45:57,532000,11.501
2026/04/29 15:45:57,533000,11.499
2026/04/29 15:45:57,534000,11.499
2026/04/29 15:45:57,535000,11.504
2026/04/29 15:45:57,536000,11.501
2026/04/29 15:45:57,537000,11.499
2026/04/29 15:45:57,538000,11.499
2026/04/29 15:45:57,539000,11.496
2026/04/29 15:45:57,540000,11.499
2026/04/29 15:45:57,541000,11.501
2026/04/29 15:45:57,542000,11.496
2026/04/29 15:45:57,543000,11.499
2026/04/29 15:45:57,544000,11.499
2026/04/29 15:45:57,545000,11.515
2026/04/29 15:45:57,546000,11.493
2026/04/29 15:45:57,547000,11.499
2026/04/29 15:45:57,548000,11.496
2026/04/29 15:45:57,549000,11.501
2026/04/29 15:45:57,550000,11.499
2026/04/29 15:45:57,551000,11.501
2026/04/29 15:45:57,552000,11.496
2026/04/29 15:45:57,553000,11.499
2026/04/29 15:45:57,554000,11.499
2026/04/29 15:45:57,555000,11.496
2026/04/29 15:45:57,556000,11.493
2026/04/29 15:45:57,557000,11.493
2026/04/29 15:45:57,558000,11.499
2026/04/29 15:45:57,559000,11.501
2026/04/29 15:45:57,560000,11.501
2026/04/29 15:45:57,561000,11.490
2026/04/29 15:45:57,562000,11.501
2026/04/29 15:45:57,563000,11.490
2026/04/29 15:45:57,564000,11.501
2026/04/29 15:45:57,565000,11.501
2026/04/29 15:45:57,566000,11.501
2026/04/29 15:45:57,567000,11.499
2026/04/29 15:45:57,568000,11.490
2026/04/29 15:45:57,569000,11.499
2026/04/29 15:45:57,570000,11.499
2026/04/29 15:45:57,571000,11.496
2026/04/29 15:45:57,572000,11.496
2026/04/29 15:45:57,573000,11.499
2026/04/29 15:45:57,574000,11.496
2026/04/29 15:45:57,575000,11.499
2026/04/29 15:45:57,576000,11.501
2026/04/29 15:45:57,577000,11.504
2026/04/29 15:45:57,578000,11.493
2026/04/29 15:45:57,579000,11.499
2026/04/29 15:45:57,580000,11.493
2026/04/29 15:45:57,581000,11.504
2026/04/29 15:45:57,582000,11.499
2026/04/29 15:45:57,583000,11.501
2026/04/29 15:45:57,584000,11.493
2026/04/29 15:45:57,585000,11.496
2026/04/29 15:45:57,586000,11.504
2026/04/29 15:45:57,587000,11.499
2026/04/29 15:45:57,588000,11.499
2026/04/29 15:45:57,589000,11.499
2026/04/29 15:45:57,590000,11.493
2026/04/29 15:45:57,591000,11.501
2026/04/29 15:45:57,592000,11.499
2026/04/29 15:45:57,593000,11.496
2026/04/29 15:45:57,594000,11.504
2026/04/29 15:45:57,595000,11.501
2026/04/29 15:45:57,596000,11.501
2026/04/29 15:45:57,597000,11.501
2026/04/29 15:45:57,598000,11.499
2026/04/29 15:45:57,599000,11.496
2026/04/29 15:45:57,600000,11.501
2026/04/29 15:45:57,601000,11.501
2026/04/29 15:45:57,602000,11.499
2026/04/29 15:45:57,603000,11.501
2026/04/29 15:45:57,604000,11.499
2026/04/29 15:45:57,605000,11.496
2026/04/29 15:45:57,606000,11.493
2026/04/29 15:45:57,607000,11.499
2026/04/29 15:45:57,608000,11.496
2026/04/29 15:45:57,609000,11.496
2026/04/29 15:45:57,610000,11.493
2026/04/29 15:45:57,611000,11.493
2026/04/29 15:45:57,612000,11.499
2026/04/29 15:45:57,613000,11.501
2026/04/29 15:45:57,614000,11.499
2026/04/29 15:45:57,615000,11.504
2026/04/29 15:45:57,616000,11.499
2026/04/29 15:45:57,617000,11.499
2026/04/29 15:45:57,618000,11.504
2026/04/29 15:45:57,619000,11.499
2026/04/29 15:45:57,620000,11.499
2026/04/29 15:45:57,621000,11.499
2026/04/29 15:45:57,622000,11.501
2026/04/29 15:45:57,623000,11.490
2026/04/29 15:45:57,624000,11.504
2026/04/29 15:45:57,625000,11.501
2026/04/29 15:45:57,626000,11.504
2026/04/29 15:45:57,627000,11.499
2026/04/29 15:45:57,628000,11.499
2026/04/29 15:45:57,629000,11.493
2026/04/29 15:45:57,630000,11.504
2026/04/29 15:45:57,631000,11.499
2026/04/29 15:45:57,632000,11.499
2026/04/29 15:45:57,633000,11.499
2026/04/29 15:45:57,634000,11.499
2026/04/29 15:45:57,635000,11.496
2026/04/29 15:45:57,636000,11.496
2026/04/29 15:45:57,637000,11.496
2026/04/29 15:45:57,638000,11.499
2026/04/29 15:45:57,639000,11.496
2026/04/29 15:45:57,640000,11.493
2026/04/29 15:45:57,641000,11.493
2026/04/29 15:45:57,642000,11.493
2026/04/29 15:45:57,643000,11.496
2026/04/29 15:45:57,644000,11.501
2026/04/29 15:45:57,645000,11.501
2026/04/29 15:45:57,646000,11.493
2026/04/29 15:45:57,647000,11.504
2026/04/29 15:45:57,648000,11.501
2026/04/29 15:45:57,649000,11.501
2026/04/29 15:45:57,650000,11.501
2026/04/29 15:45:57,651000,11.499
2026/04/29 15:45:57,652000,11.493
2026/04/29 15:45:57,653000,11.501
2026/04/29 15:45:57,654000,11.499
2026/04/29 15:45:57,655000,11.499
2026/04/29 15:45:57,656000,11.499
2026/04/29 15:45:57,657000,11.501
2026/04/29 15:45:57,658000,11.496
2026/04/29 15:45:57,659000,11.501
2026/04/29 15:45:57,660000,11.499
2026/04/29 15:45:57,661000,11.496
2026/04/29 15:45:57,662000,11.496
2026/04/29 15:45:57,663000,11.504
2026/04/29 15:45:57,664000,11.499
2026/04/29 15:45:57,665000,11.499
2026/04/29 15:45:57,666000,11.496
2026/04/29 15:45:57,667000,11.496
2026/04/29 15:45:57,668000,11.496
2026/04/29 15:45:57,669000,11.501
2026/04/29 15:45:57,670000,11.499
2026/04/29 15:45:57,671000,11.499
2026/04/29 15:45:57,672000,11.499
2026/04/29 15:45:57,673000,11.499
2026/04/29 15:45:57,674000,11.496
2026/04/29 15:45:57,675000,11.499
2026/04/29 15:45:57,676000,11.501
2026/04/29 15:45:57,677000,11.499
2026/04/29 15:45:57,678000,11.504
2026/04/29 15:45:57,679000,11.499
2026/04/29 15:45:57,680000,11.493
2026/04/29 15:45:57,681000,11.496
2026/04/29 15:45:57,682000,11.501
2026/04/29 15:45:57,683000,11.501
2026/04/29 15:45:57,684000,11.501
2026/04/29 15:45:57,685000,11.496
2026/04/29 15:45:57,686000,11.499
2026/04/29 15:45:57,687000,11.499
2026/04/29 15:45:57,688000,11.504
2026/04/29 15:45:57,689000,11.499
2026/04/29 15:45:57,690000,11.501
2026/04/29 15:45:57,691000,11.490
2026/04/29 15:45:57,692000,11.496
2026/04/29 15:45:57,693000,11.501
2026/04/29 15:45:57,694000,11.499
2026/04/29 15:45:57,695000,11.501
2026/04/29 15:45:57,696000,11.493
2026/04/29 15:45:57,697000,11.493
2026/04/29 15:45:57,698000,11.499
2026/04/29 15:45:57,699000,11.496
2026/04/29 15:45:57,700000,11.499
2026/04/29 15:45:57,701000,11.501
2026/04/29 15:45:57,702000,11.496
2026/04/29 15:45:57,703000,11.496
2026/04/29 15:45:57,704000,11.493
2026/04/29 15:45:57,705000,11.496
2026/04/29 15:45:57,706000,11.493
2026/04/29 15:45:57,707000,11.496
2026/04/29 15:45:57,708000,11.507
2026/04/29 15:45:57,709000,11.499
2026/04/29 15:45:57,710000,11.501
2026/04/29 15:45:57,711000,11.496
2026/04/29 15:45:57,712000,11.496
2026/04/29 15:45:57,713000,11.499
2026/04/29 15:45:57,714000,11.504
2026/04/29 15:45:57,715000,11.499
2026/04/29 15:45:57,716000,11.499
2026/04/29 15:45:57,717000,11.501
2026/04/29 15:45:57,718000,11.501
2026/04/29 15:45:57,719000,11.501
2026/04/29 15:45:57,720000,11.496
2026/04/29 15:45:57,721000,11.501
2026/04/29 15:45:57,722000,11.501
2026/04/29 15:45:57,723000,11.496
2026/04/29 15:45:57,724000,11.501
2026/04/29 15:45:57,725000,11.499
2026/04/29 15:45:57,726000,11.496
2026/04/29 15:45:57,727000,11.493
2026/04/29 15:45:57,728000,11.499
2026/04/29 15:45:57,729000,11.499
2026/04/29 15:45:57,730000,11.496
2026/04/29 15:45:57,731000,11.499
2026/04/29 15:45:57,732000,11.496
2026/04/29 15:45:57,733000,11.501
2026/04/29 15:45:57,734000,11.499
2026/04/29 15:45:57,735000,11.501
2026/04/29 15:45:57,736000,11.501
2026/04/29 15:45:57,737000,11.501
2026/04/29 15:45:57,738000,11.504
2026/04/29 15:45:57,739000,11.499
2026/04/29 15:45:57,740000,11.496
2026/04/29 15:45:57,741000,11.501
2026/04/29 15:45:57,742000,11.507
2026/04/29 15:45:57,743000,11.493
2026/04/29 15:45:57,744000,11.499
2026/04/29 15:45:57,745000,11.493
2026/04/29 15:45:57,746000,11.499
2026/04/29 15:45:57,747000,11.499
2026/04/29 15:45:57,748000,11.501
2026/04/29 15:45:57,749000,11.499
2026/04/29 15:45:57,750000,11.499
2026/04/29 15:45:57,751000,11.499
2026/04/29 15:45:57,752000,11.504
2026/04/29 15:45:57,753000,11.496
2026/04/29 15:45:57,754000,11.499
2026/04/29 15:45:57,755000,11.501
2026/04/29 15:45:57,756000,11.496
2026/04/29 15:45:57,757000,11.496
2026/04/29 15:45:57,758000,11.493
2026/04/29 15:45:57,759000,11.501
2026/04/29 15:45:57,760000,11.499
2026/04/29 15:45:57,761000,11.501
2026/04/29 15:45:57,762000,11.501
2026/04/29 15:45:57,763000,11.501
2026/04/29 15:45:57,764000,11.501
2026/04/29 15:45:57,765000,11.496
2026/04/29 15:45:57,766000,11.504
2026/04/29 15:45:57,767000,11.504
2026/04/29 15:45:57,768000,11.499
2026/04/29 15:45:57,769000,11.496
2026/04/29 15:45:57,770000,11.499
2026/04/29 15:45:57,771000,11.493
2026/04/29 15:45:57,772000,11.501
2026/04/29 15:45:57,773000,11.493
2026/04/29 15:45:57,774000,11.499
2026/04/29 15:45:57,775000,11.501
2026/04/29 15:45:57,776000,11.499
2026/04/29 15:45:57,777000,11.501
2026/04/29 15:45:57,778000,11.499
2026/04/29 15:45:57,779000,11.501
2026/04/29 15:45:57,780000,11.504
2026/04/29 15:45:57,781000,11.496
2026/04/29 15:45:57,782000,11.499
2026/04/29 15:45:57,783000,11.499
2026/04/29 15:45:57,784000,11.501
2026/04/29 15:45:57,785000,11.504
2026/04/29 15:45:57,786000,11.499
2026/04/29 15:45:57,787000,11.501
2026/04/29 15:45:57,788000,11.496
2026/04/29 15:45:57,789000,11.499
2026/04/29 15:45:57,790000,11.501
2026/04/29 15:45:57,791000,11.499
2026/04/29 15:45:57,792000,11.499
2026/04/29 15:45:57,793000,11.501
2026/04/29 15:45:57,794000,11.496
2026/04/29 15:45:57,795000,11.501
2026/04/29 15:45:57,796000,11.496
2026/04/29 15:45:57,797000,11.493
2026/04/29 15:45:57,798000,11.496
2026/04/29 15:45:57,799000,11.496
2026/04/29 15:45:57,800000,11.504
2026/04/29 15:45:57,801000,11.501
2026/04/29 15:45:57,802000,11.499
2026/04/29 15:45:57,803000,11.490
2026/04/29 15:45:57,804000,11.496
2026/04/29 15:45:57,805000,11.496
2026/04/29 15:45:57,806000,11.501
2026/04/29 15:45:57,807000,11.499
2026/04/29 15:45:57,808000,11.499
2026/04/29 15:45:57,809000,11.501
2026/04/29 15:45:57,810000,11.499
2026/04/29 15:45:57,811000,11.501
2026/04/29 15:45:57,812000,11.499
2026/04/29 15:45:57,813000,11.501
2026/04/29 15:45:57,814000,11.499
2026/04/29 15:45:57,815000,11.501
2026/04/29 15:45:57,816000,11.499
2026/04/29 15:45:57,817000,11.490
2026/04/29 15:45:57,818000,11.504
2026/04/29 15:45:57,819000,11.493
2026/04/29 15:45:57,820000,11.501
2026/04/29 15:45:57,821000,11.501
2026/04/29 15:45:57,822000,11.499
2026/04/29 15:45:57,823000,11.501
2026/04/29 15:45:57,824000,11.499
2026/04/29 15:45:57,825000,11.501
2026/04/29 15:45:57,826000,11.499
2026/04/29 15:45:57,827000,11.504
2026/04/29 15:45:57,828000,11.504
2026/04/29 15:45:57,829000,11.501
2026/04/29 15:45:57,830000,11.496
2026/04/29 15:45:57,831000,11.499
2026/04/29 15:45:57,832000,11.501
2026/04/29 15:45:57,833000,11.496
2026/04/29 15:45:57,834000,11.510
2026/04/29 15:45:57,835000,11.493
2026/04/29 15:45:57,836000,11.499
2026/04/29 15:45:57,837000,11.499
2026/04/29 15:45:57,838000,11.499
2026/04/29 15:45:57,839000,11.499
2026/04/29 15:45:57,840000,11.501
2026/04/29 15:45:57,841000,11.499
2026/04/29 15:45:57,842000,11.504
2026/04/29 15:45:57,843000,11.496
2026/04/29 15:45:57,844000,11.501
2026/04/29 15:45:57,845000,11.493
2026/04/29 15:45:57,846000,11.507
2026/04/29 15:45:57,847000,11.501
2026/04/29 15:45:57,848000,11.504
2026/04/29 15:45:57,849000,11.490
2026/04/29 15:45:57,850000,11.499
2026/04/29 15:45:57,851000,11.499
2026/04/29 15:45:57,852000,11.499
2026/04/29 15:45:57,853000,11.499
2026/04/29 15:45:57,854000,11.504
2026/04/29 15:45:57,855000,11.499
2026/04/29 15:45:57,856000,11.499
2026/04/29 15:45:57,857000,11.493
2026/04/29 15:45:57,858000,11.510
2026/04/29 15:45:57,859000,11.496
2026/04/29 15:45:57,860000,11.501
2026/04/29 15:45:57,861000,11.501
2026/04/29 15:45:57,862000,11.499
2026/04/29 15:45:57,863000,11.501
2026/04/29 15:45:57,864000,11.501
2026/04/29 15:45:57,865000,11.501
2026/04/29 15:45:57,866000,11.499
2026/04/29 15:45:57,867000,11.501
2026/04/29 15:45:57,868000,11.501
2026/04/29 15:45:57,869000,11.496
2026/04/29 15:45:57,870000,11.501
2026/04/29 15:45:57,871000,11.493
2026/04/29 15:45:57,872000,11.499
2026/04/29 15:45:57,873000,11.501
2026/04/29 15:45:57,874000,11.501
2026/04/29 15:45:57,875000,11.501
2026/04/29 15:45:57,876000,11.501
2026/04/29 15:45:57,877000,11.496
2026/04/29 15:45:57,878000,11.504
2026/04/29 15:45:57,879000,11.501
2026/04/29 15:45:57,880000,11.496
2026/04/29 15:45:57,881000,11.496
2026/04/29 15:45:57,882000,11.496
2026/04/29 15:45:57,883000,11.499
2026/04/29 15:45:57,884000,11.501
2026/04/29 15:45:57,885000,11.501
2026/04/29 15:45:57,886000,11.499
2026/04/29 15:45:57,887000,11.507
2026/04/29 15:45:57,888000,11.501
2026/04/29 15:45:57,889000,11.499
2026/04/29 15:45:57,890000,11.499
2026/04/29 15:45:57,891000,11.499
2026/04/29 15:45:57,892000,11.499
2026/04/29 15:45:57,893000,11.499
2026/04/29 15:45:57,894000,11.493
2026/04/29 15:45:57,895000,11.501
2026/04/29 15:45:57,896000,11.499
2026/04/29 15:45:57,897000,11.499
2026/04/29 15:45:57,898000,11.501
2026/04/29 15:45:57,899000,11.504
2026/04/29 15:45:57,900000,11.504
2026/04/29 15:45:57,901000,11.499
2026/04/29 15:45:57,902000,11.501
2026/04/29 15:45:57,903000,11.501
2026/04/29 15:45:57,904000,11.493
2026/04/29 15:45:57,905000,11.499
2026/04/29 15:45:57,906000,11.496
2026/04/29 15:45:57,907000,11.493
2026/04/29 15:45:57,908000,11.499
2026/04/29 15:45:57,909000,11.501
2026/04/29 15:45:57,910000,11.501
2026/04/29 15:45:57,911000,11.501
2026/04/29 15:45:57,912000,11.501
2026/04/29 15:45:57,913000,11.499
2026/04/29 15:45:57,914000,11.496
2026/04/29 15:45:57,915000,11.496
2026/04/29 15:45:57,916000,11.504
2026/04/29 15:45:57,917000,11.504
2026/04/29 15:45:57,918000,11.504
2026/04/29 15:45:57,919000,11.493
2026/04/29 15:45:57,920000,11.493
2026/04/29 15:45:57,921000,11.499
2026/04/29 15:45:57,922000,11.493
2026/04/29 15:45:57,923000,11.499
2026/04/29 15:45:57,924000,11.501
2026/04/29 15:45:57,925000,11.499
2026/04/29 15:45:57,926000,11.496
2026/04/29 15:45:57,927000,11.499
2026/04/29 15:45:57,928000,11.499
2026/04/29 15:45:57,929000,11.493
2026/04/29 15:45:57,930000,11.496
2026/04/29 15:45:57,931000,11.501
2026/04/29 15:45:57,932000,11.499
2026/04/29 15:45:57,933000,11.501
2026/04/29 15:45:57,934000,11.493
2026/04/29 15:45:57,935000,11.499
2026/04/29 15:45:57,936000,11.496
2026/04/29 15:45:57,937000,11.499
2026/04/29 15:45:57,938000,11.493
2026/04/29 15:45:57,939000,11.493
2026/04/29 15:45:57,940000,11.496
2026/04/29 15:45:57,941000,11.501
2026/04/29 15:45:57,942000,11.504
2026/04/29 15:45:57,943000,11.501
2026/04/29 15:45:57,944000,11.501
2026/04/29 15:45:57,945000,11.499
2026/04/29 15:45:57,946000,11.499
2026/04/29 15:45:57,947000,11.499
2026/04/29 15:45:57,948000,11.496
2026/04/29 15:45:57,949000,11.499
2026/04/29 15:45:57,950000,11.496
2026/04/29 15:45:57,951000,11.501
2026/04/29 15:45:57,952000,11.499
2026/04/29 15:45:57,953000,11.499
2026/04/29 15:45:57,954000,11.499
2026/04/29 15:45:57,955000,11.501
2026/04/29 15:45:57,956000,11.504
2026/04/29 15:45:57,957000,11.501
2026/04/29 15:45:57,958000,11.493
2026/04/29 15:45:57,959000,11.499
2026/04/29 15:45:57,960000,11.504
2026/04/29 15:45:57,961000,11.499
2026/04/29 15:45:57,962000,11.499
2026/04/29 15:45:57,963000,11.496
2026/04/29 15:45:57,964000,11.499
2026/04/29 15:45:57,965000,11.501
2026/04/29 15:45:57,966000,11.501
2026/04/29 15:45:57,967000,11.504
2026/04/29 15:45:57,968000,11.501
2026/04/29 15:45:57,969000,11.501
2026/04/29 15:45:57,970000,11.499
2026/04/29 15:45:57,971000,11.493
2026/04/29 15:45:57,972000,11.504
2026/04/29 15:45:57,973000,11.499
2026/04/29 15:45:57,974000,11.499
2026/04/29 15:45:57,975000,11.499
2026/04/29 15:45:57,976000,11.496
2026/04/29 15:45:57,977000,11.496
2026/04/29 15:45:57,978000,11.499
2026/04/29 15:45:57,979000,11.501
2026/04/29 15:45:57,980000,11.504
2026/04/29 15:45:57,981000,11.504
2026/04/29 15:45:57,982000,11.501
2026/04/29 15:45:57,983000,11.504
2026/04/29 15:45:57,984000,11.501
2026/04/29 15:45:57,985000,11.501
2026/04/29 15:45:57,986000,11.496
2026/04/29 15:45:57,987000,11.499
2026/04/29 15:45:57,988000,11.499
2026/04/29 15:45:57,989000,11.501
2026/04/29 15:45:57,990000,11.493
2026/04/29 15:45:57,991000,11.501
2026/04/29 15:45:57,992000,11.501
2026/04/29 15:45:57,993000,11.499
2026/04/29 15:45:57,994000,11.501
2026/04/29 15:45:57,995000,11.504
2026/04/29 15:45:57,996000,11.504
2026/04/29 15:45:57,997000,11.501
2026/04/29 15:45:57,998000,11.501
2026/04/29 15:45:57,999000,11.490
2026/04/29 15:45:58,000000,11.496
2026/04/29 15:45:58,001000,11.504
2026/04/29 15:45:58,002000,11.499
2026/04/29 15:45:58,003000,11.504
2026/04/29 15:45:58,004000,11.493
2026/04/29 15:45:58,005000,11.499
2026/04/29 15:45:58,006000,11.496
2026/04/29 15:45:58,007000,11.504
2026/04/29 15:45:58,008000,11.501
2026/04/29 15:45:58,009000,11.496
2026/04/29 15:45:58,010000,11.496
2026/04/29 15:45:58,011000,11.504
2026/04/29 15:45:58,012000,11.493
2026/04/29 15:45:58,013000,11.493
2026/04/29 15:45:58,014000,11.504
2026/04/29 15:45:58,015000,11.499
2026/04/29 15:45:58,016000,11.499
2026/04/29 15:45:58,017000,11.496
2026/04/29 15:45:58,018000,11.496
2026/04/29 15:45:58,019000,11.496
2026/04/29 15:45:58,020000,11.496
2026/04/29 15:45:58,021000,11.499
2026/04/29 15:45:58,022000,11.501
2026/04/29 15:45:58,023000,11.496
2026/04/29 15:45:58,024000,11.501
2026/04/29 15:45:58,025000,11.501
2026/04/29 15:45:58,026000,11.496
2026/04/29 15:45:58,027000,11.499
2026/04/29 15:45:58,028000,11.493
2026/04/29 15:45:58,029000,11.499
2026/04/29 15:45:58,030000,11.496
2026/04/29 15:45:58,031000,11.496
2026/04/29 15:45:58,032000,11.496
2026/04/29 15:45:58,033000,11.501
2026/04/29 15:45:58,034000,11.499
2026/04/29 15:45:58,035000,11.490
2026/04/29 15:45:58,036000,11.501
2026/04/29 15:45:58,037000,11.501
2026/04/29 15:45:58,038000,11.501
2026/04/29 15:45:58,039000,11.490
2026/04/29 15:45:58,040000,11.499
2026/04/29 15:45:58,041000,11.496
2026/04/29 15:45:58,042000,11.493
2026/04/29 15:45:58,043000,11.499
2026/04/29 15:45:58,044000,11.501
2026/04/29 15:45:58,045000,11.493
2026/04/29 15:45:58,046000,11.496
2026/04/29 15:45:58,047000,11.507
2026/04/29 15:45:58,048000,11.499
2026/04/29 15:45:58,049000,11.496
2026/04/29 15:45:58,050000,11.499
2026/04/29 15:45:58,051000,11.490
2026/04/29 15:45:58,052000,11.501
2026/04/29 15:45:58,053000,11.499
2026/04/29 15:45:58,054000,11.501
2026/04/29 15:45:58,055000,11.501
2026/04/29 15:45:58,056000,11.501
2026/04/29 15:45:58,057000,11.499
2026/04/29 15:45:58,058000,11.507
2026/04/29 15:45:58,059000,11.499
2026/04/29 15:45:58,060000,11.499
2026/04/29 15:45:58,061000,11.501
2026/04/29 15:45:58,062000,11.496
2026/04/29 15:45:58,063000,11.501
2026/04/29 15:45:58,064000,11.501
2026/04/29 15:45:58,065000,11.499
2026/04/29 15:45:58,066000,11.504
2026/04/29 15:45:58,067000,11.496
2026/04/29 15:45:58,068000,11.499
2026/04/29 15:45:58,069000,11.499
2026/04/29 15:45:58,070000,11.496
2026/04/29 15:45:58,071000,11.499
2026/04/29 15:45:58,072000,11.496
2026/04/29 15:45:58,073000,11.496
2026/04/29 15:45:58,074000,11.499
2026/04/29 15:45:58,075000,11.501
2026/04/29 15:45:58,076000,11.499
2026/04/29 15:45:58,077000,11.496
2026/04/29 15:45:58,078000,11.501
2026/04/29 15:45:58,079000,11.501
2026/04/29 15:45:58,080000,11.499
2026/04/29 15:45:58,081000,11.499
2026/04/29 15:45:58,082000,11.499
2026/04/29 15:45:58,083000,11.499
2026/04/29 15:45:58,084000,11.499
2026/04/29 15:45:58,085000,11.499
2026/04/29 15:45:58,086000,11.496
2026/04/29 15:45:58,087000,11.499
2026/04/29 15:45:58,088000,11.501
2026/04/29 15:45:58,089000,11.501
2026/04/29 15:45:58,090000,11.499
2026/04/29 15:45:58,091000,11.499
2026/04/29 15:45:58,092000,11.499
2026/04/29 15:45:58,093000,11.504
2026/04/29 15:45:58,094000,11.496
2026/04/29 15:45:58,095000,11.499
2026/04/29 15:45:58,096000,11.501
2026/04/29 15:45:58,097000,11.493
2026/04/29 15:45:58,098000,11.501
2026/04/29 15:45:58,099000,11.493
2026/04/29 15:45:58,100000,11.501
2026/04/29 15:45:58,101000,11.496
2026/04/29 15:45:58,102000,11.496
2026/04/29 15:45:58,103000,11.501
2026/04/29 15:45:58,104000,11.501
2026/04/29 15:45:58,105000,11.499
2026/04/29 15:45:58,106000,11.499
2026/04/29 15:45:58,107000,11.499
2026/04/29 15:45:58,108000,11.493
2026/04/29 15:45:58,109000,11.496
2026/04/29 15:45:58,110000,11.501
2026/04/29 15:45:58,111000,11.493
2026/04/29 15:45:58,112000,11.496
2026/04/29 15:45:58,113000,11.501
2026/04/29 15:45:58,114000,11.501
2026/04/29 15:45:58,115000,11.493
2026/04/29 15:45:58,116000,11.493
2026/04/29 15:45:58,117000,11.504
2026/04/29 15:45:58,118000,11.496
2026/04/29 15:45:58,119000,11.499
2026/04/29 15:45:58,120000,11.496
2026/04/29 15:45:58,121000,11.499
2026/04/29 15:45:58,122000,11.504
2026/04/29 15:45:58,123000,11.499
2026/04/29 15:45:58,124000,11.501
2026/04/29 15:45:58,125000,11.496
2026/04/29 15:45:58,126000,11.501
2026/04/29 15:45:58,127000,11.501
2026/04/29 15:45:58,128000,11.496
2026/04/29 15:45:58,129000,11.496
2026/04/29 15:45:58,130000,11.499
2026/04/29 15:45:58,131000,11.493
2026/04/29 15:45:58,132000,11.496
2026/04/29 15:45:58,133000,11.496
2026/04/29 15:45:58,134000,11.496
2026/04/29 15:45:58,135000,11.499
2026/04/29 15:45:58,136000,11.499
2026/04/29 15:45:58,137000,11.499
2026/04/29 15:45:58,138000,11.501
2026/04/29 15:45:58,139000,11.504
2026/04/29 15:45:58,140000,11.496
2026/04/29 15:45:58,141000,11.501
2026/04/29 15:45:58,142000,11.499
2026/04/29 15:45:58,143000,11.499
2026/04/29 15:45:58,144000,11.501
2026/04/29 15:45:58,145000,11.501
2026/04/29 15:45:58,146000,11.496
2026/04/29 15:45:58,147000,11.499
2026/04/29 15:45:58,148000,11.496
2026/04/29 15:45:58,149000,11.501
2026/04/29 15:45:58,150000,11.499
2026/04/29 15:45:58,151000,11.493
2026/04/29 15:45:58,152000,11.501
2026/04/29 15:45:58,153000,11.496
2026/04/29 15:45:58,154000,11.501
2026/04/29 15:45:58,155000,11.499
2026/04/29 15:45:58,156000,11.501
2026/04/29 15:45:58,157000,11.493
2026/04/29 15:45:58,158000,11.496
2026/04/29 15:45:58,159000,11.504
2026/04/29 15:45:58,160000,11.493
2026/04/29 15:45:58,161000,11.499
2026/04/29 15:45:58,162000,11.493
2026/04/29 15:45:58,163000,11.496
2026/04/29 15:45:58,164000,11.499
2026/04/29 15:45:58,165000,11.496
2026/04/29 15:45:58,166000,11.499
2026/04/29 15:45:58,167000,11.499
2026/04/29 15:45:58,168000,11.501
2026/04/29 15:45:58,169000,11.496
2026/04/29 15:45:58,170000,11.501
2026/04/29 15:45:58,171000,11.499
2026/04/29 15:45:58,172000,11.499
2026/04/29 15:45:58,173000,11.496
2026/04/29 15:45:58,174000,11.501
2026/04/29 15:45:58,175000,11.501
2026/04/29 15:45:58,176000,11.499
2026/04/29 15:45:58,177000,11.496
2026/04/29 15:45:58,178000,11.499
2026/04/29 15:45:58,179000,11.501
2026/04/29 15:45:58,180000,11.499
2026/04/29 15:45:58,181000,11.499
2026/04/29 15:45:58,182000,11.501
2026/04/29 15:45:58,183000,11.496
2026/04/29 15:45:58,184000,11.499
2026/04/29 15:45:58,185000,11.499
2026/04/29 15:45:58,186000,11.496
2026/04/29 15:45:58,187000,11.501
2026/04/29 15:45:58,188000,11.496
2026/04/29 15:45:58,189000,11.501
2026/04/29 15:45:58,190000,11.496
2026/04/29 15:45:58,191000,11.501
2026/04/29 15:45:58,192000,11.496
2026/04/29 15:45:58,193000,11.499
2026/04/29 15:45:58,194000,11.496
2026/04/29 15:45:58,195000,11.496
2026/04/29 15:45:58,196000,11.501
2026/04/29 15:45:58,197000,11.501
2026/04/29 15:45:58,198000,11.496
2026/04/29 15:45:58,199000,11.501
2026/04/29 15:45:58,200000,11.496
2026/04/29 15:45:58,201000,11.493
2026/04/29 15:45:58,202000,11.507
2026/04/29 15:45:58,203000,11.501
2026/04/29 15:45:58,204000,11.496
2026/04/29 15:45:58,205000,11.499
2026/04/29 15:45:58,206000,11.501
2026/04/29 15:45:58,207000,11.499
2026/04/29 15:45:58,208000,11.493
2026/04/29 15:45:58,209000,11.504
2026/04/29 15:45:58,210000,11.496
2026/04/29 15:45:58,211000,11.499
2026/04/29 15:45:58,212000,11.499
2026/04/29 15:45:58,213000,11.504
2026/04/29 15:45:58,214000,11.499
2026/04/29 15:45:58,215000,11.493
2026/04/29 15:45:58,216000,11.501
2026/04/29 15:45:58,217000,11.501
2026/04/29 15:45:58,218000,11.496
2026/04/29 15:45:58,219000,11.499
2026/04/29 15:45:58,220000,11.499
2026/04/29 15:45:58,221000,11.496
2026/04/29 15:45:58,222000,11.496
2026/04/29 15:45:58,223000,11.504
2026/04/29 15:45:58,224000,11.496
2026/04/29 15:45:58,225000,11.501
2026/04/29 15:45:58,226000,11.501
2026/04/29 15:45:58,227000,11.499
2026/04/29 15:45:58,228000,11.496
2026/04/29 15:45:58,229000,11.496
2026/04/29 15:45:58,230000,11.501
2026/04/29 15:45:58,231000,11.496
2026/04/29 15:45:58,232000,11.501
2026/04/29 15:45:58,233000,11.496
2026/04/29 15:45:58,234000,11.499
2026/04/29 15:45:58,235000,11.504
2026/04/29 15:45:58,236000,11.501
2026/04/29 15:45:58,237000,11.501
2026/04/29 15:45:58,238000,11.499
2026/04/29 15:45:58,239000,11.499
2026/04/29 15:45:58,240000,11.501
2026/04/29 15:45:58,241000,11.501
2026/04/29 15:45:58,242000,11.493
2026/04/29 15:45:58,243000,11.499
2026/04/29 15:45:58,244000,11.493
2026/04/29 15:45:58,245000,11.501
2026/04/29 15:45:58,246000,11.499
2026/04/29 15:45:58,247000,11.496
2026/04/29 15:45:58,248000,11.501
2026/04/29 15:45:58,249000,11.499
2026/04/29 15:45:58,250000,11.501
2026/04/29 15:45:58,251000,11.496
2026/04/29 15:45:58,252000,11.504
2026/04/29 15:45:58,253000,11.496
2026/04/29 15:45:58,254000,11.499
2026/04/29 15:45:58,255000,11.496
2026/04/29 15:45:58,256000,11.493
2026/04/29 15:45:58,257000,11.501
2026/04/29 15:45:58,258000,11.504
2026/04/29 15:45:58,259000,11.499
2026/04/29 15:45:58,260000,11.496
2026/04/29 15:45:58,261000,11.499
2026/04/29 15:45:58,262000,11.499
2026/04/29 15:45:58,263000,11.501
2026/04/29 15:45:58,264000,11.499
2026/04/29 15:45:58,265000,11.496
2026/04/29 15:45:58,266000,11.496
2026/04/29 15:45:58,267000,11.493
2026/04/29 15:45:58,268000,11.501
2026/04/29 15:45:58,269000,11.499
2026/04/29 15:45:58,270000,11.504
2026/04/29 15:45:58,271000,11.499
2026/04/29 15:45:58,272000,11.496
2026/04/29 15:45:58,273000,11.496
2026/04/29 15:45:58,274000,11.504
2026/04/29 15:45:58,275000,11.501
2026/04/29 15:45:58,276000,11.493
2026/04/29 15:45:58,277000,11.499
2026/04/29 15:45:58,278000,11.501
2026/04/29 15:45:58,279000,11.499
2026/04/29 15:45:58,280000,11.507
2026/04/29 15:45:58,281000,11.501
2026/04/29 15:45:58,282000,11.493
2026/04/29 15:45:58,283000,11.496
2026/04/29 15:45:58,284000,11.496
2026/04/29 15:45:58,285000,11.499
2026/04/29 15:45:58,286000,11.501
2026/04/29 15:45:58,287000,11.501
2026/04/29 15:45:58,288000,11.499
2026/04/29 15:45:58,289000,11.496
2026/04/29 15:45:58,290000,11.501
2026/04/29 15:45:58,291000,11.501
2026/04/29 15:45:58,292000,11.501
2026/04/29 15:45:58,293000,11.501
2026/04/29 15:45:58,294000,11.504
2026/04/29 15:45:58,295000,11.496
2026/04/29 15:45:58,296000,11.499
2026/04/29 15:45:58,297000,11.499
2026/04/29 15:45:58,298000,11.504
2026/04/29 15:45:58,299000,11.499
2026/04/29 15:45:58,300000,11.496
2026/04/29 15:45:58,301000,11.499
2026/04/29 15:45:58,302000,11.499
2026/04/29 15:45:58,303000,11.499
2026/04/29 15:45:58,304000,11.499
2026/04/29 15:45:58,305000,11.499
2026/04/29 15:45:58,306000,11.490
2026/04/29 15:45:58,307000,11.496
2026/04/29 15:45:58,308000,11.493
2026/04/29 15:45:58,309000,11.499
2026/04/29 15:45:58,310000,11.496
2026/04/29 15:45:58,311000,11.504
2026/04/29 15:45:58,312000,11.504
2026/04/29 15:45:58,313000,11.501
2026/04/29 15:45:58,314000,11.504
2026/04/29 15:45:58,315000,11.496
2026/04/29 15:45:58,316000,11.499
2026/04/29 15:45:58,317000,11.496
2026/04/29 15:45:58,318000,11.499
2026/04/29 15:45:58,319000,11.499
2026/04/29 15:45:58,320000,11.496
2026/04/29 15:45:58,321000,11.501
2026/04/29 15:45:58,322000,11.499
2026/04/29 15:45:58,323000,11.496
2026/04/29 15:45:58,324000,11.499
2026/04/29 15:45:58,325000,11.501
2026/04/29 15:45:58,326000,11.490
2026/04/29 15:45:58,327000,11.504
2026/04/29 15:45:58,328000,11.501
2026/04/29 15:45:58,329000,11.496
2026/04/29 15:45:58,330000,11.499
2026/04/29 15:45:58,331000,11.496
2026/04/29 15:45:58,332000,11.493
2026/04/29 15:45:58,333000,11.499
2026/04/29 15:45:58,334000,11.493
2026/04/29 15:45:58,335000,11.499
2026/04/29 15:45:58,336000,11.499
2026/04/29 15:45:58,337000,11.499
2026/04/29 15:45:58,338000,11.493
2026/04/29 15:45:58,339000,11.499
2026/04/29 15:45:58,340000,11.499
2026/04/29 15:45:58,341000,11.499
2026/04/29 15:45:58,342000,11.493
2026/04/29 15:45:58,343000,11.499
2026/04/29 15:45:58,344000,11.499
2026/04/29 15:45:58,345000,11.504
2026/04/29 15:45:58,346000,11.499
2026/04/29 15:45:58,347000,11.493
2026/04/29 15:45:58,348000,11.496
2026/04/29 15:45:58,349000,11.499
2026/04/29 15:45:58,350000,11.501
2026/04/29 15:45:58,351000,11.501
2026/04/29 15:45:58,352000,11.490
2026/04/29 15:45:58,353000,11.496
2026/04/29 15:45:58,354000,11.499
2026/04/29 15:45:58,355000,11.499
2026/04/29 15:45:58,356000,11.501
2026/04/29 15:45:58,357000,11.496
2026/04/29 15:45:58,358000,11.507
2026/04/29 15:45:58,359000,11.493
2026/04/29 15:45:58,360000,11.499
2026/04/29 15:45:58,361000,11.504
2026/04/29 15:45:58,362000,11.499
2026/04/29 15:45:58,363000,11.496
2026/04/29 15:45:58,364000,11.499
2026/04/29 15:45:58,365000,11.499
2026/04/29 15:45:58,366000,11.501
2026/04/29 15:45:58,367000,11.499
2026/04/29 15:45:58,368000,11.496
2026/04/29 15:45:58,369000,11.499
2026/04/29 15:45:58,370000,11.496
2026/04/29 15:45:58,371000,11.496
2026/04/29 15:45:58,372000,11.499
2026/04/29 15:45:58,373000,11.496
2026/04/29 15:45:58,374000,11.501
2026/04/29 15:45:58,375000,11.493
2026/04/29 15:45:58,376000,11.496
2026/04/29 15:45:58,377000,11.501
2026/04/29 15:45:58,378000,11.496
2026/04/29 15:45:58,379000,11.501
2026/04/29 15:45:58,380000,11.493
2026/04/29 15:45:58,381000,11.493
2026/04/29 15:45:58,382000,11.504
2026/04/29 15:45:58,383000,11.501
2026/04/29 15:45:58,384000,11.499
2026/04/29 15:45:58,385000,11.496
2026/04/29 15:45:58,386000,11.499
2026/04/29 15:45:58,387000,11.501
2026/04/29 15:45:58,388000,11.499
2026/04/29 15:45:58,389000,11.493
2026/04/29 15:45:58,390000,11.493
2026/04/29 15:45:58,391000,11.490
2026/04/29 15:45:58,392000,11.499
2026/04/29 15:45:58,393000,11.499
2026/04/29 15:45:58,394000,11.499
2026/04/29 15:45:58,395000,11.504
2026/04/29 15:45:58,396000,11.501
2026/04/29 15:45:58,397000,11.493
2026/04/29 15:45:58,398000,11.501
2026/04/29 15:45:58,399000,11.490
2026/04/29 15:45:58,400000,11.501
2026/04/29 15:45:58,401000,11.504
2026/04/29 15:45:58,402000,11.499
2026/04/29 15:45:58,403000,11.501
2026/04/29 15:45:58,404000,11.501
2026/04/29 15:45:58,405000,11.499
2026/04/29 15:45:58,406000,11.499
2026/04/29 15:45:58,407000,11.496
2026/04/29 15:45:58,408000,11.485
2026/04/29 15:45:58,409000,11.496
2026/04/29 15:45:58,410000,11.501
2026/04/29 15:45:58,411000,11.499
2026/04/29 15:45:58,412000,11.499
2026/04/29 15:45:58,413000,11.499
2026/04/29 15:45:58,414000,11.499
2026/04/29 15:45:58,415000,11.499
2026/04/29 15:45:58,416000,11.493
2026/04/29 15:45:58,417000,11.499
2026/04/29 15:45:58,418000,11.504
2026/04/29 15:45:58,419000,11.501
2026/04/29 15:45:58,420000,11.504
2026/04/29 15:45:58,421000,11.501
2026/04/29 15:45:58,422000,11.501
2026/04/29 15:45:58,423000,11.501
2026/04/29 15:45:58,424000,11.501
2026/04/29 15:45:58,425000,11.493
2026/04/29 15:45:58,426000,11.499
2026/04/29 15:45:58,427000,11.499
2026/04/29 15:45:58,428000,11.499
2026/04/29 15:45:58,429000,11.493
2026/04/29 15:45:58,430000,11.501
2026/04/29 15:45:58,431000,11.504
2026/04/29 15:45:58,432000,11.493
2026/04/29 15:45:58,433000,11.501
2026/04/29 15:45:58,434000,11.496
2026/04/29 15:45:58,435000,11.501
2026/04/29 15:45:58,436000,11.499
2026/04/29 15:45:58,437000,11.496
2026/04/29 15:45:58,438000,11.496
2026/04/29 15:45:58,439000,11.496
2026/04/29 15:45:58,440000,11.501
2026/04/29 15:45:58,441000,11.499
2026/04/29 15:45:58,442000,11.499
2026/04/29 15:45:58,443000,11.499
2026/04/29 15:45:58,444000,11.501
2026/04/29 15:45:58,445000,11.499
2026/04/29 15:45:58,446000,11.499
2026/04/29 15:45:58,447000,11.496
2026/04/29 15:45:58,448000,11.501
2026/04/29 15:45:58,449000,11.504
2026/04/29 15:45:58,450000,11.493
2026/04/29 15:45:58,451000,11.499
2026/04/29 15:45:58,452000,11.490
2026/04/29 15:45:58,453000,11.493
2026/04/29 15:45:58,454000,11.496
2026/04/29 15:45:58,455000,11.501
2026/04/29 15:45:58,456000,11.496
2026/04/29 15:45:58,457000,11.499
2026/04/29 15:45:58,458000,11.496
2026/04/29 15:45:58,459000,11.496
2026/04/29 15:45:58,460000,11.493
2026/04/29 15:45:58,461000,11.504
2026/04/29 15:45:58,462000,11.496
2026/04/29 15:45:58,463000,11.501
2026/04/29 15:45:58,464000,11.501
2026/04/29 15:45:58,465000,11.501
2026/04/29 15:45:58,466000,11.499
2026/04/29 15:45:58,467000,11.499
2026/04/29 15:45:58,468000,11.496
2026/04/29 15:45:58,469000,11.496
2026/04/29 15:45:58,470000,11.496
2026/04/29 15:45:58,471000,11.493
2026/04/29 15:45:58,472000,11.499
2026/04/29 15:45:58,473000,11.504
2026/04/29 15:45:58,474000,11.499
2026/04/29 15:45:58,475000,11.501
2026/04/29 15:45:58,476000,11.496
2026/04/29 15:45:58,477000,11.504
2026/04/29 15:45:58,478000,11.501
2026/04/29 15:45:58,479000,11.501
2026/04/29 15:45:58,480000,11.496
2026/04/29 15:45:58,481000,11.490
2026/04/29 15:45:58,482000,11.496
2026/04/29 15:45:58,483000,11.507
2026/04/29 15:45:58,484000,11.496
2026/04/29 15:45:58,485000,11.499
2026/04/29 15:45:58,486000,11.499
2026/04/29 15:45:58,487000,11.499
2026/04/29 15:45:58,488000,11.501
2026/04/29 15:45:58,489000,11.493
2026/04/29 15:45:58,490000,11.501
2026/04/29 15:45:58,491000,11.504
2026/04/29 15:45:58,492000,11.501
2026/04/29 15:45:58,493000,11.493
2026/04/29 15:45:58,494000,11.501
2026/04/29 15:45:58,495000,11.504
2026/04/29 15:45:58,496000,11.496
2026/04/29 15:45:58,497000,11.496
2026/04/29 15:45:58,498000,11.493
2026/04/29 15:45:58,499000,11.504
2026/04/29 15:45:58,500000,11.501
2026/04/29 15:45:58,501000,11.499
2026/04/29 15:45:58,502000,11.501
2026/04/29 15:45:58,503000,11.501
2026/04/29 15:45:58,504000,11.499
2026/04/29 15:45:58,505000,11.510
2026/04/29 15:45:58,506000,11.499
2026/04/29 15:45:58,507000,11.501
2026/04/29 15:45:58,508000,11.499
2026/04/29 15:45:58,509000,11.504
2026/04/29 15:45:58,510000,11.501
2026/04/29 15:45:58,511000,11.499
2026/04/29 15:45:58,512000,11.499
2026/04/29 15:45:58,513000,11.501
2026/04/29 15:45:58,514000,11.499
2026/04/29 15:45:58,515000,11.504
2026/04/29 15:45:58,516000,11.496
2026/04/29 15:45:58,517000,11.501
2026/04/29 15:45:58,518000,11.499
2026/04/29 15:45:58,519000,11.501
2026/04/29 15:45:58,520000,11.499
2026/04/29 15:45:58,521000,11.501
2026/04/29 15:45:58,522000,11.499
2026/04/29 15:45:58,523000,11.501
2026/04/29 15:45:58,524000,11.496
2026/04/29 15:45:58,525000,11.496
2026/04/29 15:45:58,526000,11.496
2026/04/29 15:45:58,527000,11.501
2026/04/29 15:45:58,528000,11.501
2026/04/29 15:45:58,529000,11.501
2026/04/29 15:45:58,530000,11.499
2026/04/29 15:45:58,531000,11.493
2026/04/29 15:45:58,532000,11.499
2026/04/29 15:45:58,533000,11.499
2026/04/29 15:45:58,534000,11.496
2026/04/29 15:45:58,535000,11.493
2026/04/29 15:45:58,536000,11.496
2026/04/29 15:45:58,537000,11.504
2026/04/29 15:45:58,538000,11.496
2026/04/29 15:45:58,539000,11.493
2026/04/29 15:45:58,540000,11.501
2026/04/29 15:45:58,541000,11.499
2026/04/29 15:45:58,542000,11.501
2026/04/29 15:45:58,543000,11.504
2026/04/29 15:45:58,544000,11.504
2026/04/29 15:45:58,545000,11.496
2026/04/29 15:45:58,546000,11.493
2026/04/29 15:45:58,547000,11.504
2026/04/29 15:45:58,548000,11.499
2026/04/29 15:45:58,549000,11.496
2026/04/29 15:45:58,550000,11.501
2026/04/29 15:45:58,551000,11.499
2026/04/29 15:45:58,552000,11.499
2026/04/29 15:45:58,553000,11.499
2026/04/29 15:45:58,554000,11.504
2026/04/29 15:45:58,555000,11.496
2026/04/29 15:45:58,556000,11.499
2026/04/29 15:45:58,557000,11.504
2026/04/29 15:45:58,558000,11.496
2026/04/29 15:45:58,559000,11.496
2026/04/29 15:45:58,560000,11.493
2026/04/29 15:45:58,561000,11.499
2026/04/29 15:45:58,562000,11.496
2026/04/29 15:45:58,563000,11.493
2026/04/29 15:45:58,564000,11.499
2026/04/29 15:45:58,565000,11.493
2026/04/29 15:45:58,566000,11.496
2026/04/29 15:45:58,567000,11.499
2026/04/29 15:45:58,568000,11.496
2026/04/29 15:45:58,569000,11.499
2026/04/29 15:45:58,570000,11.501
2026/04/29 15:45:58,571000,11.496
2026/04/29 15:45:58,572000,11.493
2026/04/29 15:45:58,573000,11.504
2026/04/29 15:45:58,574000,11.499
2026/04/29 15:45:58,575000,11.501
2026/04/29 15:45:58,576000,11.499
2026/04/29 15:45:58,577000,11.501
2026/04/29 15:45:58,578000,11.507
2026/04/29 15:45:58,579000,11.499
2026/04/29 15:45:58,580000,11.499
2026/04/29 15:45:58,581000,11.501
2026/04/29 15:45:58,582000,11.496
2026/04/29 15:45:58,583000,11.493
2026/04/29 15:45:58,584000,11.493
2026/04/29 15:45:58,585000,11.496
2026/04/29 15:45:58,586000,11.499
2026/04/29 15:45:58,587000,11.499
2026/04/29 15:45:58,588000,11.493
2026/04/29 15:45:58,589000,11.496
2026/04/29 15:45:58,590000,11.501
2026/04/29 15:45:58,591000,11.499
2026/04/29 15:45:58,592000,11.496
2026/04/29 15:45:58,593000,11.499
2026/04/29 15:45:58,594000,11.496
2026/04/29 15:45:58,595000,11.501
2026/04/29 15:45:58,596000,11.501
2026/04/29 15:45:58,597000,11.493
2026/04/29 15:45:58,598000,11.499
2026/04/29 15:45:58,599000,11.493
2026/04/29 15:45:58,600000,11.496
2026/04/29 15:45:58,601000,11.496
2026/04/29 15:45:58,602000,11.501
2026/04/29 15:45:58,603000,11.499
2026/04/29 15:45:58,604000,11.501
2026/04/29 15:45:58,605000,11.499
2026/04/29 15:45:58,606000,11.499
2026/04/29 15:45:58,607000,11.493
2026/04/29 15:45:58,608000,11.493
2026/04/29 15:45:58,609000,11.496
2026/04/29 15:45:58,610000,11.496
2026/04/29 15:45:58,611000,11.501
2026/04/29 15:45:58,612000,11.501
2026/04/29 15:45:58,613000,11.501
2026/04/29 15:45:58,614000,11.493
2026/04/29 15:45:58,615000,11.499
2026/04/29 15:45:58,616000,11.493
2026/04/29 15:45:58,617000,11.499
2026/04/29 15:45:58,618000,11.501
2026/04/29 15:45:58,619000,11.501
2026/04/29 15:45:58,620000,11.501
2026/04/29 15:45:58,621000,11.493
2026/04/29 15:45:58,622000,11.496
2026/04/29 15:45:58,623000,11.499
2026/04/29 15:45:58,624000,11.499
2026/04/29 15:45:58,625000,11.490
2026/04/29 15:45:58,626000,11.501
2026/04/29 15:45:58,627000,11.499
2026/04/29 15:45:58,628000,11.499
2026/04/29 15:45:58,629000,11.493
2026/04/29 15:45:58,630000,11.496
2026/04/29 15:45:58,631000,11.496
2026/04/29 15:45:58,632000,11.496
2026/04/29 15:45:58,633000,11.496
2026/04/29 15:45:58,634000,11.501
2026/04/29 15:45:58,635000,11.496
2026/04/29 15:45:58,636000,11.496
2026/04/29 15:45:58,637000,11.493
2026/04/29 15:45:58,638000,11.499
2026/04/29 15:45:58,639000,11.507
2026/04/29 15:45:58,640000,11.499
2026/04/29 15:45:58,641000,11.504
2026/04/29 15:45:58,642000,11.501
2026/04/29 15:45:58,643000,11.501
2026/04/29 15:45:58,644000,11.504
2026/04/29 15:45:58,645000,11.499
2026/04/29 15:45:58,646000,11.496
2026/04/29 15:45:58,647000,11.496
2026/04/29 15:45:58,648000,11.496
2026/04/29 15:45:58,649000,11.504
2026/04/29 15:45:58,650000,11.499
2026/04/29 15:45:58,651000,11.501
2026/04/29 15:45:58,652000,11.499
2026/04/29 15:45:58,653000,11.499
2026/04/29 15:45:58,654000,11.499
2026/04/29 15:45:58,655000,11.501
2026/04/29 15:45:58,656000,11.501
2026/04/29 15:45:58,657000,11.499
2026/04/29 15:45:58,658000,11.493
2026/04/29 15:45:58,659000,11.490
2026/04/29 15:45:58,660000,11.499
2026/04/29 15:45:58,661000,11.496
2026/04/29 15:45:58,662000,11.499
2026/04/29 15:45:58,663000,11.493
2026/04/29 15:45:58,664000,11.501
2026/04/29 15:45:58,665000,11.501
2026/04/29 15:45:58,666000,11.499
2026/04/29 15:45:58,667000,11.501
2026/04/29 15:45:58,668000,11.493
2026/04/29 15:45:58,669000,11.499
2026/04/29 15:45:58,670000,11.496
2026/04/29 15:45:58,671000,11.501
2026/04/29 15:45:58,672000,11.490
2026/04/29 15:45:58,673000,11.499
2026/04/29 15:45:58,674000,11.496
2026/04/29 15:45:58,675000,11.493
2026/04/29 15:45:58,676000,11.496
2026/04/29 15:45:58,677000,11.496
2026/04/29 15:45:58,678000,11.504
2026/04/29 15:45:58,679000,11.496
2026/04/29 15:45:58,680000,11.496
2026/04/29 15:45:58,681000,11.501
2026/04/29 15:45:58,682000,11.501
2026/04/29 15:45:58,683000,11.499
2026/04/29 15:45:58,684000,11.499
2026/04/29 15:45:58,685000,11.499
2026/04/29 15:45:58,686000,11.493
2026/04/29 15:45:58,687000,11.493
2026/04/29 15:45:58,688000,11.504
2026/04/29 15:45:58,689000,11.496
2026/04/29 15:45:58,690000,11.499
2026/04/29 15:45:58,691000,11.501
2026/04/29 15:45:58,692000,11.496
2026/04/29 15:45:58,693000,11.499
2026/04/29 15:45:58,694000,11.501
2026/04/29 15:45:58,695000,11.499
2026/04/29 15:45:58,696000,11.496
2026/04/29 15:45:58,697000,11.493
2026/04/29 15:45:58,698000,11.496
2026/04/29 15:45:58,699000,11.496
2026/04/29 15:45:58,700000,11.501
2026/04/29 15:45:58,701000,11.501
2026/04/29 15:45:58,702000,11.496
2026/04/29 15:45:58,703000,11.496
2026/04/29 15:45:58,704000,11.499
2026/04/29 15:45:58,705000,11.496
2026/04/29 15:45:58,706000,11.499
2026/04/29 15:45:58,707000,11.493
2026/04/29 15:45:58,708000,11.496
2026/04/29 15:45:58,709000,11.501
2026/04/29 15:45:58,710000,11.499
2026/04/29 15:45:58,711000,11.493
2026/04/29 15:45:58,712000,11.501
2026/04/29 15:45:58,713000,11.504
2026/04/29 15:45:58,714000,11.501
2026/04/29 15:45:58,715000,11.501
2026/04/29 15:45:58,716000,11.499
2026/04/29 15:45:58,717000,11.496
2026/04/29 15:45:58,718000,11.496
2026/04/29 15:45:58,719000,11.496
2026/04/29 15:45:58,720000,11.499
2026/04/29 15:45:58,721000,11.496
2026/04/29 15:45:58,722000,11.499
2026/04/29 15:45:58,723000,11.493
2026/04/29 15:45:58,724000,11.499
2026/04/29 15:45:58,725000,11.504
2026/04/29 15:45:58,726000,11.496
2026/04/29 15:45:58,727000,11.501
2026/04/29 15:45:58,728000,11.499
2026/04/29 15:45:58,729000,11.493
2026/04/29 15:45:58,730000,11.504
2026/04/29 15:45:58,731000,11.499
2026/04/29 15:45:58,732000,11.501
2026/04/29 15:45:58,733000,11.501
2026/04/29 15:45:58,734000,11.501
2026/04/29 15:45:58,735000,11.496
2026/04/29 15:45:58,736000,11.496
2026/04/29 15:45:58,737000,11.504
2026/04/29 15:45:58,738000,11.499
2026/04/29 15:45:58,739000,11.499
2026/04/29 15:45:58,740000,11.499
2026/04/29 15:45:58,741000,11.501
2026/04/29 15:45:58,742000,11.499
2026/04/29 15:45:58,743000,11.499
2026/04/29 15:45:58,744000,11.501
2026/04/29 15:45:58,745000,11.499
2026/04/29 15:45:58,746000,11.499
2026/04/29 15:45:58,747000,11.493
2026/04/29 15:45:58,748000,11.499
2026/04/29 15:45:58,749000,11.504
2026/04/29 15:45:58,750000,11.501
2026/04/29 15:45:58,751000,11.496
2026/04/29 15:45:58,752000,11.496
2026/04/29 15:45:58,753000,11.496
2026/04/29 15:45:58,754000,11.493
2026/04/29 15:45:58,755000,11.496
2026/04/29 15:45:58,756000,11.501
2026/04/29 15:45:58,757000,11.499
2026/04/29 15:45:58,758000,11.499
2026/04/29 15:45:58,759000,11.490
2026/04/29 15:45:58,760000,11.499
2026/04/29 15:45:58,761000,11.504
2026/04/29 15:45:58,762000,11.501
2026/04/29 15:45:58,763000,11.499
2026/04/29 15:45:58,764000,11.501
2026/04/29 15:45:58,765000,11.501
2026/04/29 15:45:58,766000,11.504
2026/04/29 15:45:58,767000,11.493
2026/04/29 15:45:58,768000,11.507
2026/04/29 15:45:58,769000,11.493
2026/04/29 15:45:58,770000,11.499
2026/04/29 15:45:58,771000,11.499
2026/04/29 15:45:58,772000,11.499
2026/04/29 15:45:58,773000,11.493
2026/04/29 15:45:58,774000,11.496
2026/04/29 15:45:58,775000,11.501
2026/04/29 15:45:58,776000,11.499
2026/04/29 15:45:58,777000,11.499
2026/04/29 15:45:58,778000,11.490
2026/04/29 15:45:58,779000,11.496
2026/04/29 15:45:58,780000,11.496
2026/04/29 15:45:58,781000,11.499
2026/04/29 15:45:58,782000,11.493
2026/04/29 15:45:58,783000,11.499
2026/04/29 15:45:58,784000,11.504
2026/04/29 15:45:58,785000,11.504
2026/04/29 15:45:58,786000,11.496
2026/04/29 15:45:58,787000,11.501
2026/04/29 15:45:58,788000,11.493
2026/04/29 15:45:58,789000,11.501
2026/04/29 15:45:58,790000,11.499
2026/04/29 15:45:58,791000,11.499
2026/04/29 15:45:58,792000,11.501
2026/04/29 15:45:58,793000,11.496
2026/04/29 15:45:58,794000,11.504
2026/04/29 15:45:58,795000,11.501
2026/04/29 15:45:58,796000,11.499
2026/04/29 15:45:58,797000,11.493
2026/04/29 15:45:58,798000,11.501
2026/04/29 15:45:58,799000,11.501
2026/04/29 15:45:58,800000,11.499
2026/04/29 15:45:58,801000,11.496
2026/04/29 15:45:58,802000,11.496
2026/04/29 15:45:58,803000,11.493
2026/04/29 15:45:58,804000,11.496
2026/04/29 15:45:58,805000,11.496
2026/04/29 15:45:58,806000,11.501
2026/04/29 15:45:58,807000,11.499
2026/04/29 15:45:58,808000,11.496
2026/04/29 15:45:58,809000,11.499
2026/04/29 15:45:58,810000,11.496
2026/04/29 15:45:58,811000,11.499
2026/04/29 15:45:58,812000,11.493
2026/04/29 15:45:58,813000,11.496
2026/04/29 15:45:58,814000,11.504
2026/04/29 15:45:58,815000,11.504
2026/04/29 15:45:58,816000,11.499
2026/04/29 15:45:58,817000,11.501
2026/04/29 15:45:58,818000,11.496
2026/04/29 15:45:58,819000,11.493
2026/04/29 15:45:58,820000,11.499
2026/04/29 15:45:58,821000,11.493
2026/04/29 15:45:58,822000,11.499
2026/04/29 15:45:58,823000,11.501
2026/04/29 15:45:58,824000,11.493
2026/04/29 15:45:58,825000,11.501
2026/04/29 15:45:58,826000,11.507
2026/04/29 15:45:58,827000,11.499
2026/04/29 15:45:58,828000,11.496
2026/04/29 15:45:58,829000,11.504
2026/04/29 15:45:58,830000,11.501
2026/04/29 15:45:58,831000,11.496
2026/04/29 15:45:58,832000,11.499
2026/04/29 15:45:58,833000,11.499
2026/04/29 15:45:58,834000,11.501
2026/04/29 15:45:58,835000,11.496
2026/04/29 15:45:58,836000,11.499
2026/04/29 15:45:58,837000,11.496
2026/04/29 15:45:58,838000,11.496
2026/04/29 15:45:58,839000,11.504
2026/04/29 15:45:58,840000,11.501
2026/04/29 15:45:58,841000,11.501
2026/04/29 15:45:58,842000,11.496
2026/04/29 15:45:58,843000,11.499
2026/04/29 15:45:58,844000,11.499
2026/04/29 15:45:58,845000,11.493
2026/04/29 15:45:58,846000,11.501
2026/04/29 15:45:58,847000,11.493
2026/04/29 15:45:58,848000,11.499
2026/04/29 15:45:58,849000,11.496
2026/04/29 15:45:58,850000,11.504
2026/04/29 15:45:58,851000,11.493
2026/04/29 15:45:58,852000,11.496
2026/04/29 15:45:58,853000,11.499
2026/04/29 15:45:58,854000,11.496
2026/04/29 15:45:58,855000,11.496
2026/04/29 15:45:58,856000,11.499
2026/04/29 15:45:58,857000,11.493
2026/04/29 15:45:58,858000,11.496
2026/04/29 15:45:58,859000,11.493
2026/04/29 15:45:58,860000,11.501
2026/04/29 15:45:58,861000,11.499
2026/04/29 15:45:58,862000,11.501
2026/04/29 15:45:58,863000,11.499
2026/04/29 15:45:58,864000,11.501
2026/04/29 15:45:58,865000,11.499
2026/04/29 15:45:58,866000,11.501
2026/04/29 15:45:58,867000,11.499
2026/04/29 15:45:58,868000,11.499
2026/04/29 15:45:58,869000,11.501
2026/04/29 15:45:58,870000,11.493
2026/04/29 15:45:58,871000,11.499
2026/04/29 15:45:58,872000,11.501
2026/04/29 15:45:58,873000,11.496
2026/04/29 15:45:58,874000,11.499
2026/04/29 15:45:58,875000,11.499
2026/04/29 15:45:58,876000,11.496
2026/04/29 15:45:58,877000,11.499
2026/04/29 15:45:58,878000,11.501
2026/04/29 15:45:58,879000,11.496
2026/04/29 15:45:58,880000,11.501
2026/04/29 15:45:58,881000,11.499
2026/04/29 15:45:58,882000,11.496
2026/04/29 15:45:58,883000,11.493
2026/04/29 15:45:58,884000,11.499
2026/04/29 15:45:58,885000,11.501
2026/04/29 15:45:58,886000,11.499
2026/04/29 15:45:58,887000,11.493
2026/04/29 15:45:58,888000,11.504
2026/04/29 15:45:58,889000,11.493
2026/04/29 15:45:58,890000,11.501
2026/04/29 15:45:58,891000,11.499
2026/04/29 15:45:58,892000,11.496
2026/04/29 15:45:58,893000,11.499
2026/04/29 15:45:58,894000,11.501
2026/04/29 15:45:58,895000,11.499
2026/04/29 15:45:58,896000,11.496
2026/04/29 15:45:58,897000,11.499
2026/04/29 15:45:58,898000,11.504
2026/04/29 15:45:58,899000,11.501
2026/04/29 15:45:58,900000,11.499
2026/04/29 15:45:58,901000,11.501
2026/04/29 15:45:58,902000,11.499
2026/04/29 15:45:58,903000,11.496
2026/04/29 15:45:58,904000,11.493
2026/04/29 15:45:58,905000,11.496
2026/04/29 15:45:58,906000,11.496
2026/04/29 15:45:58,907000,11.493
2026/04/29 15:45:58,908000,11.501
2026/04/29 15:45:58,909000,11.499
2026/04/29 15:45:58,910000,11.499
2026/04/29 15:45:58,911000,11.496
2026/04/29 15:45:58,912000,11.496
2026/04/29 15:45:58,913000,11.496
2026/04/29 15:45:58,914000,11.499
2026/04/29 15:45:58,915000,11.501
2026/04/29 15:45:58,916000,11.499
2026/04/29 15:45:58,917000,11.496
2026/04/29 15:45:58,918000,11.496
2026/04/29 15:45:58,919000,11.501
2026/04/29 15:45:58,920000,11.493
2026/04/29 15:45:58,921000,11.501
2026/04/29 15:45:58,922000,11.510
2026/04/29 15:45:58,923000,11.493
2026/04/29 15:45:58,924000,11.499
2026/04/29 15:45:58,925000,11.493
2026/04/29 15:45:58,926000,11.490
2026/04/29 15:45:58,927000,11.499
2026/04/29 15:45:58,928000,11.496
2026/04/29 15:45:58,929000,11.499
2026/04/29 15:45:58,930000,11.499
2026/04/29 15:45:58,931000,11.504
2026/04/29 15:45:58,932000,11.496
2026/04/29 15:45:58,933000,11.499
2026/04/29 15:45:58,934000,11.499
2026/04/29 15:45:58,935000,11.501
2026/04/29 15:45:58,936000,11.501
2026/04/29 15:45:58,937000,11.499
2026/04/29 15:45:58,938000,11.493
2026/04/29 15:45:58,939000,11.496
2026/04/29 15:45:58,940000,11.496
2026/04/29 15:45:58,941000,11.496
2026/04/29 15:45:58,942000,11.504
2026/04/29 15:45:58,943000,11.499
2026/04/29 15:45:58,944000,11.501
2026/04/29 15:45:58,945000,11.499
2026/04/29 15:45:58,946000,11.493
2026/04/29 15:45:58,947000,11.496
2026/04/29 15:45:58,948000,11.493
2026/04/29 15:45:58,949000,11.499
2026/04/29 15:45:58,950000,11.501
2026/04/29 15:45:58,951000,11.501
2026/04/29 15:45:58,952000,11.496
2026/04/29 15:45:58,953000,11.501
2026/04/29 15:45:58,954000,11.499
2026/04/29 15:45:58,955000,11.501
2026/04/29 15:45:58,956000,11.501
2026/04/29 15:45:58,957000,11.499
2026/04/29 15:45:58,958000,11.493
2026/04/29 15:45:58,959000,11.499
2026/04/29 15:45:58,960000,11.499
2026/04/29 15:45:58,961000,11.496
2026/04/29 15:45:58,962000,11.501
2026/04/29 15:45:58,963000,11.496
2026/04/29 15:45:58,964000,11.499
2026/04/29 15:45:58,965000,11.499
2026/04/29 15:45:58,966000,11.493
2026/04/29 15:45:58,967000,11.504
2026/04/29 15:45:58,968000,11.493
2026/04/29 15:45:58,969000,11.499
2026/04/29 15:45:58,970000,11.513
2026/04/29 15:45:58,971000,11.499
2026/04/29 15:45:58,972000,11.501
2026/04/29 15:45:58,973000,11.504
2026/04/29 15:45:58,974000,11.493
2026/04/29 15:45:58,975000,11.499
2026/04/29 15:45:58,976000,11.499
2026/04/29 15:45:58,977000,11.496
2026/04/29 15:45:58,978000,11.499
2026/04/29 15:45:58,979000,11.499
2026/04/29 15:45:58,980000,11.501
2026/04/29 15:45:58,981000,11.501
2026/04/29 15:45:58,982000,11.496
2026/04/29 15:45:58,983000,11.501
2026/04/29 15:45:58,984000,11.499
2026/04/29 15:45:58,985000,11.496
2026/04/29 15:45:58,986000,11.493
2026/04/29 15:45:58,987000,11.504
2026/04/29 15:45:58,988000,11.499
2026/04/29 15:45:58,989000,11.499
2026/04/29 15:45:58,990000,11.490
2026/04/29 15:45:58,991000,11.499
2026/04/29 15:45:58,992000,11.496
2026/04/29 15:45:58,993000,11.499
2026/04/29 15:45:58,994000,11.504
2026/04/29 15:45:58,995000,11.499
2026/04/29 15:45:58,996000,11.499
2026/04/29 15:45:58,997000,11.499
2026/04/29 15:45:58,998000,11.501
2026/04/29 15:45:58,999000,11.499
2026/04/29 15:45:59,000000,11.496
2026/04/29 15:45:59,001000,11.504
2026/04/29 15:45:59,002000,11.499
2026/04/29 15:45:59,003000,11.501
2026/04/29 15:45:59,004000,11.493
2026/04/29 15:45:59,005000,11.496
2026/04/29 15:45:59,006000,11.499
2026/04/29 15:45:59,007000,11.501
2026/04/29 15:45:59,008000,11.504
2026/04/29 15:45:59,009000,11.501
2026/04/29 15:45:59,010000,11.499
2026/04/29 15:45:59,011000,11.493
2026/04/29 15:45:59,012000,11.499
2026/04/29 15:45:59,013000,11.501
2026/04/29 15:45:59,014000,11.496
2026/04/29 15:45:59,015000,11.493
2026/04/29 15:45:59,016000,11.496
2026/04/29 15:45:59,017000,11.493
2026/04/29 15:45:59,018000,11.499
2026/04/29 15:45:59,019000,11.501
2026/04/29 15:45:59,020000,11.499
2026/04/29 15:45:59,021000,11.501
2026/04/29 15:45:59,022000,11.499
2026/04/29 15:45:59,023000,11.496
2026/04/29 15:45:59,024000,11.499
2026/04/29 15:45:59,025000,11.504
2026/04/29 15:45:59,026000,11.496
2026/04/29 15:45:59,027000,11.510
2026/04/29 15:45:59,028000,11.499
2026/04/29 15:45:59,029000,11.499
2026/04/29 15:45:59,030000,11.496
2026/04/29 15:45:59,031000,11.496
2026/04/29 15:45:59,032000,11.501
2026/04/29 15:45:59,033000,11.496
2026/04/29 15:45:59,034000,11.501
2026/04/29 15:45:59,035000,11.501
2026/04/29 15:45:59,036000,11.499
2026/04/29 15:45:59,037000,11.504
2026/04/29 15:45:59,038000,11.504
2026/04/29 15:45:59,039000,11.501
2026/04/29 15:45:59,040000,11.499
2026/04/29 15:45:59,041000,11.499
2026/04/29 15:45:59,042000,11.501
2026/04/29 15:45:59,043000,11.499
2026/04/29 15:45:59,044000,11.501
2026/04/29 15:45:59,045000,11.501
2026/04/29 15:45:59,046000,11.496
2026/04/29 15:45:59,047000,11.499
2026/04/29 15:45:59,048000,11.493
2026/04/29 15:45:59,049000,11.499
2026/04/29 15:45:59,050000,11.496
2026/04/29 15:45:59,051000,11.501
2026/04/29 15:45:59,052000,11.493
2026/04/29 15:45:59,053000,11.493
2026/04/29 15:45:59,054000,11.499
2026/04/29 15:45:59,055000,11.496
2026/04/29 15:45:59,056000,11.501
2026/04/29 15:45:59,057000,11.501
2026/04/29 15:45:59,058000,11.493
2026/04/29 15:45:59,059000,11.501
2026/04/29 15:45:59,060000,11.499
2026/04/29 15:45:59,061000,11.504
2026/04/29 15:45:59,062000,11.499
2026/04/29 15:45:59,063000,11.501
2026/04/29 15:45:59,064000,11.496
2026/04/29 15:45:59,065000,11.493
2026/04/29 15:45:59,066000,11.499
2026/04/29 15:45:59,067000,11.499
2026/04/29 15:45:59,068000,11.493
2026/04/29 15:45:59,069000,11.499
2026/04/29 15:45:59,070000,11.493
2026/04/29 15:45:59,071000,11.499
2026/04/29 15:45:59,072000,11.496
2026/04/29 15:45:59,073000,11.507
2026/04/29 15:45:59,074000,11.499
2026/04/29 15:45:59,075000,11.499
2026/04/29 15:45:59,076000,11.496
2026/04/29 15:45:59,077000,11.496
2026/04/29 15:45:59,078000,11.496
2026/04/29 15:45:59,079000,11.493
2026/04/29 15:45:59,080000,11.499
2026/04/29 15:45:59,081000,11.499
2026/04/29 15:45:59,082000,11.501
2026/04/29 15:45:59,083000,11.496
2026/04/29 15:45:59,084000,11.501
2026/04/29 15:45:59,085000,11.504
2026/04/29 15:45:59,086000,11.501
2026/04/29 15:45:59,087000,11.493
2026/04/29 15:45:59,088000,11.501
2026/04/29 15:45:59,089000,11.504
2026/04/29 15:45:59,090000,11.493
2026/04/29 15:45:59,091000,11.496
2026/04/29 15:45:59,092000,11.496
2026/04/29 15:45:59,093000,11.496
2026/04/29 15:45:59,094000,11.501
2026/04/29 15:45:59,095000,11.501
2026/04/29 15:45:59,096000,11.501
2026/04/29 15:45:59,097000,11.496
2026/04/29 15:45:59,098000,11.499
2026/04/29 15:45:59,099000,11.499
2026/04/29 15:45:59,100000,11.499
2026/04/29 15:45:59,101000,11.499
2026/04/29 15:45:59,102000,11.501
2026/04/29 15:45:59,103000,11.499
2026/04/29 15:45:59,104000,11.501
2026/04/29 15:45:59,105000,11.496
2026/04/29 15:45:59,106000,11.496
2026/04/29 15:45:59,107000,11.501
2026/04/29 15:45:59,108000,11.493
2026/04/29 15:45:59,109000,11.496
2026/04/29 15:45:59,110000,11.499
2026/04/29 15:45:59,111000,11.507
2026/04/29 15:45:59,112000,11.499
2026/04/29 15:45:59,113000,11.499
2026/04/29 15:45:59,114000,11.496
2026/04/29 15:45:59,115000,11.499
2026/04/29 15:45:59,116000,11.499
2026/04/29 15:45:59,117000,11.501
2026/04/29 15:45:59,118000,11.499
2026/04/29 15:45:59,119000,11.493
2026/04/29 15:45:59,120000,11.499
2026/04/29 15:45:59,121000,11.501
2026/04/29 15:45:59,122000,11.493
2026/04/29 15:45:59,123000,11.496
2026/04/29 15:45:59,124000,11.499
2026/04/29 15:45:59,125000,11.504
2026/04/29 15:45:59,126000,11.496
2026/04/29 15:45:59,127000,11.504
2026/04/29 15:45:59,128000,11.499
2026/04/29 15:45:59,129000,11.496
2026/04/29 15:45:59,130000,11.501
2026/04/29 15:45:59,131000,11.496
2026/04/29 15:45:59,132000,11.496
2026/04/29 15:45:59,133000,11.499
2026/04/29 15:45:59,134000,11.499
2026/04/29 15:45:59,135000,11.499
2026/04/29 15:45:59,136000,11.504
2026/04/29 15:45:59,137000,11.504
2026/04/29 15:45:59,138000,11.496
2026/04/29 15:45:59,139000,11.501
2026/04/29 15:45:59,140000,11.493
2026/04/29 15:45:59,141000,11.499
2026/04/29 15:45:59,142000,11.501
2026/04/29 15:45:59,143000,11.501
2026/04/29 15:45:59,144000,11.493
2026/04/29 15:45:59,145000,11.493
2026/04/29 15:45:59,146000,11.499
2026/04/29 15:45:59,147000,11.496
2026/04/29 15:45:59,148000,11.501
2026/04/29 15:45:59,149000,11.501
2026/04/29 15:45:59,150000,11.501
2026/04/29 15:45:59,151000,11.496
2026/04/29 15:45:59,152000,11.493
2026/04/29 15:45:59,153000,11.499
2026/04/29 15:45:59,154000,11.493
2026/04/29 15:45:59,155000,11.496
2026/04/29 15:45:59,156000,11.493
2026/04/29 15:45:59,157000,11.499
2026/04/29 15:45:59,158000,11.493
2026/04/29 15:45:59,159000,11.501
2026/04/29 15:45:59,160000,11.501
2026/04/29 15:45:59,161000,11.496
2026/04/29 15:45:59,162000,11.507
2026/04/29 15:45:59,163000,11.499
2026/04/29 15:45:59,164000,11.493
2026/04/29 15:45:59,165000,11.499
2026/04/29 15:45:59,166000,11.496
2026/04/29 15:45:59,167000,11.501
2026/04/29 15:45:59,168000,11.499
2026/04/29 15:45:59,169000,11.499
2026/04/29 15:45:59,170000,11.499
2026/04/29 15:45:59,171000,11.496
2026/04/29 15:45:59,172000,11.496
2026/04/29 15:45:59,173000,11.499
2026/04/29 15:45:59,174000,11.499
2026/04/29 15:45:59,175000,11.499
2026/04/29 15:45:59,176000,11.499
2026/04/29 15:45:59,177000,11.501
2026/04/29 15:45:59,178000,11.493
2026/04/29 15:45:59,179000,11.499
2026/04/29 15:45:59,180000,11.501
2026/04/29 15:45:59,181000,11.496
2026/04/29 15:45:59,182000,11.499
2026/04/29 15:45:59,183000,11.496
2026/04/29 15:45:59,184000,11.499
2026/04/29 15:45:59,185000,11.507
2026/04/29 15:45:59,186000,11.499
2026/04/29 15:45:59,187000,11.501
2026/04/29 15:45:59,188000,11.504
2026/04/29 15:45:59,189000,11.493
2026/04/29 15:45:59,190000,11.501
2026/04/29 15:45:59,191000,11.499
2026/04/29 15:45:59,192000,11.496
2026/04/29 15:45:59,193000,11.499
2026/04/29 15:45:59,194000,11.499
2026/04/29 15:45:59,195000,11.499
2026/04/29 15:45:59,196000,11.499
2026/04/29 15:45:59,197000,11.493
2026/04/29 15:45:59,198000,11.499
2026/04/29 15:45:59,199000,11.496
2026/04/29 15:45:59,200000,11.501
2026/04/29 15:45:59,201000,11.504
2026/04/29 15:45:59,202000,11.499
2026/04/29 15:45:59,203000,11.499
2026/04/29 15:45:59,204000,11.499
2026/04/29 15:45:59,205000,11.493
2026/04/29 15:45:59,206000,11.510
2026/04/29 15:45:59,207000,11.504
2026/04/29 15:45:59,208000,11.501
2026/04/29 15:45:59,209000,11.499
2026/04/29 15:45:59,210000,11.493
2026/04/29 15:45:59,211000,11.496
2026/04/29 15:45:59,212000,11.501
2026/04/29 15:45:59,213000,11.501
2026/04/29 15:45:59,214000,11.493
2026/04/29 15:45:59,215000,11.501
2026/04/29 15:45:59,216000,11.499
2026/04/29 15:45:59,217000,11.507
2026/04/29 15:45:59,218000,11.496
2026/04/29 15:45:59,219000,11.499
2026/04/29 15:45:59,220000,11.499
2026/04/29 15:45:59,221000,11.501
2026/04/29 15:45:59,222000,11.499
2026/04/29 15:45:59,223000,11.499
2026/04/29 15:45:59,224000,11.496
2026/04/29 15:45:59,225000,11.504
2026/04/29 15:45:59,226000,11.499
2026/04/29 15:45:59,227000,11.493
2026/04/29 15:45:59,228000,11.499
2026/04/29 15:45:59,229000,11.493
2026/04/29 15:45:59,230000,11.501
2026/04/29 15:45:59,231000,11.499
2026/04/29 15:45:59,232000,11.493
2026/04/29 15:45:59,233000,11.499
2026/04/29 15:45:59,234000,11.504
2026/04/29 15:45:59,235000,11.499
2026/04/29 15:45:59,236000,11.501
2026/04/29 15:45:59,237000,11.496
2026/04/29 15:45:59,238000,11.493
2026/04/29 15:45:59,239000,11.499
2026/04/29 15:45:59,240000,11.507
2026/04/29 15:45:59,241000,11.496
2026/04/29 15:45:59,242000,11.507
2026/04/29 15:45:59,243000,11.499
2026/04/29 15:45:59,244000,11.499
2026/04/29 15:45:59,245000,11.501
2026/04/29 15:45:59,246000,11.501
2026/04/29 15:45:59,247000,11.499
2026/04/29 15:45:59,248000,11.493
2026/04/29 15:45:59,249000,11.493
2026/04/29 15:45:59,250000,11.501
2026/04/29 15:45:59,251000,11.501
2026/04/29 15:45:59,252000,11.501
2026/04/29 15:45:59,253000,11.501
2026/04/29 15:45:59,254000,11.501
2026/04/29 15:45:59,255000,11.499
2026/04/29 15:45:59,256000,11.499
2026/04/29 15:45:59,257000,11.487
2026/04/29 15:45:59,258000,11.499
2026/04/29 15:45:59,259000,11.499
2026/04/29 15:45:59,260000,11.499
2026/04/29 15:45:59,261000,11.501
2026/04/29 15:45:59,262000,11.499
2026/04/29 15:45:59,263000,11.499
2026/04/29 15:45:59,264000,11.493
2026/04/29 15:45:59,265000,11.501
2026/04/29 15:45:59,266000,11.496
2026/04/29 15:45:59,267000,11.499
2026/04/29 15:45:59,268000,11.504
2026/04/29 15:45:59,269000,11.496
2026/04/29 15:45:59,270000,11.499
2026/04/29 15:45:59,271000,11.493
2026/04/29 15:45:59,272000,11.499
2026/04/29 15:45:59,273000,11.501
2026/04/29 15:45:59,274000,11.501
2026/04/29 15:45:59,275000,11.499
2026/04/29 15:45:59,276000,11.496
2026/04/29 15:45:59,277000,11.501
2026/04/29 15:45:59,278000,11.501
2026/04/29 15:45:59,279000,11.499
2026/04/29 15:45:59,280000,11.493
2026/04/29 15:45:59,281000,11.496
2026/04/29 15:45:59,282000,11.501
2026/04/29 15:45:59,283000,11.504
2026/04/29 15:45:59,284000,11.499
2026/04/29 15:45:59,285000,11.496
2026/04/29 15:45:59,286000,11.501
2026/04/29 15:45:59,287000,11.496
2026/04/29 15:45:59,288000,11.501
2026/04/29 15:45:59,289000,11.501
2026/04/29 15:45:59,290000,11.501
2026/04/29 15:45:59,291000,11.499
2026/04/29 15:45:59,292000,11.510
2026/04/29 15:45:59,293000,11.496
2026/04/29 15:45:59,294000,11.504
2026/04/29 15:45:59,295000,11.499
2026/04/29 15:45:59,296000,11.501
2026/04/29 15:45:59,297000,11.499
2026/04/29 15:45:59,298000,11.499
2026/04/29 15:45:59,299000,11.501
2026/04/29 15:45:59,300000,11.501
2026/04/29 15:45:59,301000,11.501
2026/04/29 15:45:59,302000,11.499
2026/04/29 15:45:59,303000,11.490
2026/04/29 15:45:59,304000,11.493
2026/04/29 15:45:59,305000,11.496
2026/04/29 15:45:59,306000,11.501
2026/04/29 15:45:59,307000,11.499
2026/04/29 15:45:59,308000,11.499
2026/04/29 15:45:59,309000,11.493
2026/04/29 15:45:59,310000,11.504
2026/04/29 15:45:59,311000,11.499
2026/04/29 15:45:59,312000,11.504
2026/04/29 15:45:59,313000,11.501
2026/04/29 15:45:59,314000,11.496
2026/04/29 15:45:59,315000,11.499
2026/04/29 15:45:59,316000,11.501
2026/04/29 15:45:59,317000,11.499
2026/04/29 15:45:59,318000,11.501
2026/04/29 15:45:59,319000,11.501
2026/04/29 15:45:59,320000,11.493
2026/04/29 15:45:59,321000,11.490
2026/04/29 15:45:59,322000,11.496
2026/04/29 15:45:59,323000,11.496
2026/04/29 15:45:59,324000,11.501
2026/04/29 15:45:59,325000,11.490
2026/04/29 15:45:59,326000,11.501
2026/04/29 15:45:59,327000,11.496
2026/04/29 15:45:59,328000,11.496
2026/04/29 15:45:59,329000,11.501
2026/04/29 15:45:59,330000,11.493
2026/04/29 15:45:59,331000,11.496
2026/04/29 15:45:59,332000,11.501
2026/04/29 15:45:59,333000,11.496
2026/04/29 15:45:59,334000,11.496
2026/04/29 15:45:59,335000,11.499
2026/04/29 15:45:59,336000,11.499
2026/04/29 15:45:59,337000,11.499
2026/04/29 15:45:59,338000,11.501
2026/04/29 15:45:59,339000,11.504
2026/04/29 15:45:59,340000,11.496
2026/04/29 15:45:59,341000,11.499
2026/04/29 15:45:59,342000,11.493
2026/04/29 15:45:59,343000,11.496
2026/04/29 15:45:59,344000,11.499
2026/04/29 15:45:59,345000,11.493
2026/04/29 15:45:59,346000,11.501
2026/04/29 15:45:59,347000,11.496
2026/04/29 15:45:59,348000,11.487
2026/04/29 15:45:59,349000,11.493
2026/04/29 15:45:59,350000,11.501
2026/04/29 15:45:59,351000,11.499
2026/04/29 15:45:59,352000,11.504
2026/04/29 15:45:59,353000,11.499
2026/04/29 15:45:59,354000,11.496
2026/04/29 15:45:59,355000,11.493
2026/04/29 15:45:59,356000,11.496
2026/04/29 15:45:59,357000,11.499
2026/04/29 15:45:59,358000,11.499
2026/04/29 15:45:59,359000,11.496
2026/04/29 15:45:59,360000,11.496
2026/04/29 15:45:59,361000,11.501
2026/04/29 15:45:59,362000,11.501
2026/04/29 15:45:59,363000,11.499
2026/04/29 15:45:59,364000,11.493
2026/04/29 15:45:59,365000,11.493
2026/04/29 15:45:59,366000,11.499
2026/04/29 15:45:59,367000,11.504
2026/04/29 15:45:59,368000,11.493
2026/04/29 15:45:59,369000,11.499
2026/04/29 15:45:59,370000,11.504
2026/04/29 15:45:59,371000,11.501
2026/04/29 15:45:59,372000,11.496
2026/04/29 15:45:59,373000,11.501
2026/04/29 15:45:59,374000,11.499
2026/04/29 15:45:59,375000,11.501
2026/04/29 15:45:59,376000,11.499
2026/04/29 15:45:59,377000,11.496
2026/04/29 15:45:59,378000,11.501
2026/04/29 15:45:59,379000,11.496
2026/04/29 15:45:59,380000,11.496
2026/04/29 15:45:59,381000,11.504
2026/04/29 15:45:59,382000,11.496
2026/04/29 15:45:59,383000,11.496
2026/04/29 15:45:59,384000,11.499
2026/04/29 15:45:59,385000,11.504
2026/04/29 15:45:59,386000,11.499
2026/04/29 15:45:59,387000,11.496
2026/04/29 15:45:59,388000,11.490
2026/04/29 15:45:59,389000,11.493
2026/04/29 15:45:59,390000,11.501
2026/04/29 15:45:59,391000,11.499
2026/04/29 15:45:59,392000,11.499
2026/04/29 15:45:59,393000,11.496
2026/04/29 15:45:59,394000,11.493
2026/04/29 15:45:59,395000,11.501
2026/04/29 15:45:59,396000,11.504
2026/04/29 15:45:59,397000,11.499
2026/04/29 15:45:59,398000,11.501
2026/04/29 15:45:59,399000,11.499
2026/04/29 15:45:59,400000,11.496
2026/04/29 15:45:59,401000,11.499
2026/04/29 15:45:59,402000,11.499
2026/04/29 15:45:59,403000,11.501
2026/04/29 15:45:59,404000,11.493
2026/04/29 15:45:59,405000,11.504
2026/04/29 15:45:59,406000,11.499
2026/04/29 15:45:59,407000,11.499
2026/04/29 15:45:59,408000,11.499
2026/04/29 15:45:59,409000,11.499
2026/04/29 15:45:59,410000,11.504
2026/04/29 15:45:59,411000,11.493
2026/04/29 15:45:59,412000,11.496
2026/04/29 15:45:59,413000,11.499
2026/04/29 15:45:59,414000,11.501
2026/04/29 15:45:59,415000,11.504
2026/04/29 15:45:59,416000,11.496
2026/04/29 15:45:59,417000,11.501
2026/04/29 15:45:59,418000,11.496
2026/04/29 15:45:59,419000,11.499
2026/04/29 15:45:59,420000,11.496
2026/04/29 15:45:59,421000,11.493
2026/04/29 15:45:59,422000,11.496
2026/04/29 15:45:59,423000,11.501
2026/04/29 15:45:59,424000,11.499
2026/04/29 15:45:59,425000,11.496
2026/04/29 15:45:59,426000,11.493
2026/04/29 15:45:59,427000,11.501
2026/04/29 15:45:59,428000,11.504
2026/04/29 15:45:59,429000,11.496
2026/04/29 15:45:59,430000,11.499
2026/04/29 15:45:59,431000,11.499
2026/04/29 15:45:59,432000,11.499
2026/04/29 15:45:59,433000,11.493
2026/04/29 15:45:59,434000,11.496
2026/04/29 15:45:59,435000,11.501
2026/04/29 15:45:59,436000,11.501
2026/04/29 15:45:59,437000,11.499
2026/04/29 15:45:59,438000,11.504
2026/04/29 15:45:59,439000,11.507
2026/04/29 15:45:59,440000,11.496
2026/04/29 15:45:59,441000,11.501
2026/04/29 15:45:59,442000,11.499
2026/04/29 15:45:59,443000,11.499
2026/04/29 15:45:59,444000,11.496
2026/04/29 15:45:59,445000,11.496
2026/04/29 15:45:59,446000,11.501
2026/04/29 15:45:59,447000,11.501
2026/04/29 15:45:59,448000,11.499
2026/04/29 15:45:59,449000,11.496
2026/04/29 15:45:59,450000,11.496
2026/04/29 15:45:59,451000,11.496
2026/04/29 15:45:59,452000,11.496
2026/04/29 15:45:59,453000,11.504
2026/04/29 15:45:59,454000,11.504
2026/04/29 15:45:59,455000,11.499
2026/04/29 15:45:59,456000,11.493
2026/04/29 15:45:59,457000,11.501
2026/04/29 15:45:59,458000,11.490
2026/04/29 15:45:59,459000,11.501
2026/04/29 15:45:59,460000,11.501
2026/04/29 15:45:59,461000,11.499
2026/04/29 15:45:59,462000,11.501
2026/04/29 15:45:59,463000,11.504
2026/04/29 15:45:59,464000,11.499
2026/04/29 15:45:59,465000,11.490
2026/04/29 15:45:59,466000,11.496
2026/04/29 15:45:59,467000,11.499
2026/04/29 15:45:59,468000,11.496
2026/04/29 15:45:59,469000,11.499
2026/04/29 15:45:59,470000,11.493
2026/04/29 15:45:59,471000,11.501
2026/04/29 15:45:59,472000,11.501
2026/04/29 15:45:59,473000,11.499
2026/04/29 15:45:59,474000,11.501
2026/04/29 15:45:59,475000,11.499
2026/04/29 15:45:59,476000,11.501
2026/04/29 15:45:59,477000,11.504
2026/04/29 15:45:59,478000,11.493
2026/04/29 15:45:59,479000,11.507
2026/04/29 15:45:59,480000,11.499
2026/04/29 15:45:59,481000,11.499
2026/04/29 15:45:59,482000,11.496
2026/04/29 15:45:59,483000,11.493
2026/04/29 15:45:59,484000,11.499
2026/04/29 15:45:59,485000,11.499
2026/04/29 15:45:59,486000,11.493
2026/04/29 15:45:59,487000,11.493
2026/04/29 15:45:59,488000,11.504
2026/04/29 15:45:59,489000,11.499
2026/04/29 15:45:59,490000,11.501
2026/04/29 15:45:59,491000,11.501
2026/04/29 15:45:59,492000,11.501
2026/04/29 15:45:59,493000,11.501
2026/04/29 15:45:59,494000,11.499
2026/04/29 15:45:59,495000,11.493
2026/04/29 15:45:59,496000,11.496
2026/04/29 15:45:59,497000,11.496
2026/04/29 15:45:59,498000,11.504
2026/04/29 15:45:59,499000,11.507
2026/04/29 15:45:59,500000,11.493
2026/04/29 15:45:59,501000,11.501
2026/04/29 15:45:59,502000,11.499
2026/04/29 15:45:59,503000,11.499
2026/04/29 15:45:59,504000,11.496
2026/04/29 15:45:59,505000,11.499
2026/04/29 15:45:59,506000,11.493
2026/04/29 15:45:59,507000,11.496
2026/04/29 15:45:59,508000,11.499
2026/04/29 15:45:59,509000,11.504
2026/04/29 15:45:59,510000,11.496
2026/04/29 15:45:59,511000,11.496
2026/04/29 15:45:59,512000,11.501
2026/04/29 15:45:59,513000,11.501
2026/04/29 15:45:59,514000,11.496
2026/04/29 15:45:59,515000,11.493
2026/04/29 15:45:59,516000,11.496
2026/04/29 15:45:59,517000,11.496
2026/04/29 15:45:59,518000,11.496
2026/04/29 15:45:59,519000,11.496
2026/04/29 15:45:59,520000,11.496
2026/04/29 15:45:59,521000,11.501
2026/04/29 15:45:59,522000,11.499
2026/04/29 15:45:59,523000,11.496
2026/04/29 15:45:59,524000,11.501
2026/04/29 15:45:59,525000,11.501
2026/04/29 15:45:59,526000,11.499
2026/04/29 15:45:59,527000,11.493
2026/04/29 15:45:59,528000,11.499
2026/04/29 15:45:59,529000,11.504
2026/04/29 15:45:59,530000,11.496
2026/04/29 15:45:59,531000,11.496
2026/04/29 15:45:59,532000,11.499
2026/04/29 15:45:59,533000,11.496
2026/04/29 15:45:59,534000,11.501
2026/04/29 15:45:59,535000,11.499
2026/04/29 15:45:59,536000,11.499
2026/04/29 15:45:59,537000,11.499
2026/04/29 15:45:59,538000,11.499
2026/04/29 15:45:59,539000,11.504
2026/04/29 15:45:59,540000,11.499
2026/04/29 15:45:59,541000,11.496
2026/04/29 15:45:59,542000,11.496
2026/04/29 15:45:59,543000,11.504
2026/04/29 15:45:59,544000,11.496
2026/04/29 15:45:59,545000,11.510
2026/04/29 15:45:59,546000,11.493
2026/04/29 15:45:59,547000,11.499
2026/04/29 15:45:59,548000,11.496
2026/04/29 15:45:59,549000,11.493
2026/04/29 15:45:59,550000,11.504
2026/04/29 15:45:59,551000,11.496
2026/04/29 15:45:59,552000,11.499
2026/04/29 15:45:59,553000,11.496
2026/04/29 15:45:59,554000,11.496
2026/04/29 15:45:59,555000,11.496
2026/04/29 15:45:59,556000,11.496
2026/04/29 15:45:59,557000,11.499
2026/04/29 15:45:59,558000,11.499
2026/04/29 15:45:59,559000,11.499
2026/04/29 15:45:59,560000,11.499
2026/04/29 15:45:59,561000,11.499
2026/04/29 15:45:59,562000,11.504
2026/04/29 15:45:59,563000,11.496
2026/04/29 15:45:59,564000,11.493
2026/04/29 15:45:59,565000,11.499
2026/04/29 15:45:59,566000,11.493
2026/04/29 15:45:59,567000,11.490
2026/04/29 15:45:59,568000,11.496
2026/04/29 15:45:59,569000,11.493
2026/04/29 15:45:59,570000,11.499
2026/04/29 15:45:59,571000,11.496
2026/04/29 15:45:59,572000,11.501
2026/04/29 15:45:59,573000,11.504
2026/04/29 15:45:59,574000,11.501
2026/04/29 15:45:59,575000,11.499
2026/04/29 15:45:59,576000,11.496
2026/04/29 15:45:59,577000,11.499
2026/04/29 15:45:59,578000,11.496
2026/04/29 15:45:59,579000,11.499
2026/04/29 15:45:59,580000,11.501
2026/04/29 15:45:59,581000,11.501
2026/04/29 15:45:59,582000,11.504
2026/04/29 15:45:59,583000,11.496
2026/04/29 15:45:59,584000,11.501
2026/04/29 15:45:59,585000,11.504
2026/04/29 15:45:59,586000,11.493
2026/04/29 15:45:59,587000,11.501
2026/04/29 15:45:59,588000,11.504
2026/04/29 15:45:59,589000,11.501
2026/04/29 15:45:59,590000,11.501
2026/04/29 15:45:59,591000,11.499
2026/04/29 15:45:59,592000,11.493
2026/04/29 15:45:59,593000,11.499
2026/04/29 15:45:59,594000,11.496
2026/04/29 15:45:59,595000,11.501
2026/04/29 15:45:59,596000,11.501
2026/04/29 15:45:59,597000,11.493
2026/04/29 15:45:59,598000,11.493
2026/04/29 15:45:59,599000,11.499
2026/04/29 15:45:59,600000,11.496
2026/04/29 15:45:59,601000,11.499
2026/04/29 15:45:59,602000,11.499
2026/04/29 15:45:59,603000,11.499
2026/04/29 15:45:59,604000,11.501
2026/04/29 15:45:59,605000,11.499
2026/04/29 15:45:59,606000,11.496
2026/04/29 15:45:59,607000,11.493
2026/04/29 15:45:59,608000,11.496
2026/04/29 15:45:59,609000,11.496
2026/04/29 15:45:59,610000,11.501
2026/04/29 15:45:59,611000,11.501
2026/04/29 15:45:59,612000,11.493
2026/04/29 15:45:59,613000,11.499
2026/04/29 15:45:59,614000,11.493
2026/04/29 15:45:59,615000,11.501
2026/04/29 15:45:59,616000,11.490
2026/04/29 15:45:59,617000,11.493
2026/04/29 15:45:59,618000,11.499
2026/04/29 15:45:59,619000,11.501
2026/04/29 15:45:59,620000,11.493
2026/04/29 15:45:59,621000,11.499
2026/04/29 15:45:59,622000,11.496
2026/04/29 15:45:59,623000,11.501
2026/04/29 15:45:59,624000,11.501
2026/04/29 15:45:59,625000,11.496
2026/04/29 15:45:59,626000,11.499
2026/04/29 15:45:59,627000,11.499
2026/04/29 15:45:59,628000,11.496
2026/04/29 15:45:59,629000,11.501
2026/04/29 15:45:59,630000,11.501
2026/04/29 15:45:59,631000,11.499
2026/04/29 15:45:59,632000,11.501
2026/04/29 15:45:59,633000,11.501
2026/04/29 15:45:59,634000,11.499
2026/04/29 15:45:59,635000,11.499
2026/04/29 15:45:59,636000,11.496
2026/04/29 15:45:59,637000,11.493
2026/04/29 15:45:59,638000,11.499
2026/04/29 15:45:59,639000,11.493
2026/04/29 15:45:59,640000,11.499
2026/04/29 15:45:59,641000,11.504
2026/04/29 15:45:59,642000,11.496
2026/04/29 15:45:59,643000,11.501
2026/04/29 15:45:59,644000,11.493
2026/04/29 15:45:59,645000,11.499
2026/04/29 15:45:59,646000,11.499
2026/04/29 15:45:59,647000,11.499
2026/04/29 15:45:59,648000,11.501
2026/04/29 15:45:59,649000,11.504
2026/04/29 15:45:59,650000,11.504
2026/04/29 15:45:59,651000,11.501
2026/04/29 15:45:59,652000,11.493
2026/04/29 15:45:59,653000,11.499
2026/04/29 15:45:59,654000,11.496
2026/04/29 15:45:59,655000,11.496
2026/04/29 15:45:59,656000,11.501
2026/04/29 15:45:59,657000,11.501
2026/04/29 15:45:59,658000,11.499
2026/04/29 15:45:59,659000,11.501
2026/04/29 15:45:59,660000,11.499
2026/04/29 15:45:59,661000,11.496
2026/04/29 15:45:59,662000,11.496
2026/04/29 15:45:59,663000,11.501
2026/04/29 15:45:59,664000,11.493
2026/04/29 15:45:59,665000,11.504
2026/04/29 15:45:59,666000,11.496
2026/04/29 15:45:59,667000,11.499
2026/04/29 15:45:59,668000,11.501
2026/04/29 15:45:59,669000,11.499
2026/04/29 15:45:59,670000,11.499
2026/04/29 15:45:59,671000,11.496
2026/04/29 15:45:59,672000,11.499
2026/04/29 15:45:59,673000,11.493
2026/04/29 15:45:59,674000,11.499
2026/04/29 15:45:59,675000,11.499
2026/04/29 15:45:59,676000,11.496
2026/04/29 15:45:59,677000,11.496
2026/04/29 15:45:59,678000,11.493
2026/04/29 15:45:59,679000,11.499
2026/04/29 15:45:59,680000,11.501
2026/04/29 15:45:59,681000,11.493
2026/04/29 15:45:59,682000,11.501
2026/04/29 15:45:59,683000,11.496
2026/04/29 15:45:59,684000,11.499
2026/04/29 15:45:59,685000,11.490
2026/04/29 15:45:59,686000,11.493
2026/04/29 15:45:59,687000,11.493
2026/04/29 15:45:59,688000,11.499
2026/04/29 15:45:59,689000,11.490
2026/04/29 15:45:59,690000,11.501
2026/04/29 15:45:59,691000,11.493
2026/04/29 15:45:59,692000,11.499
2026/04/29 15:45:59,693000,11.499
2026/04/29 15:45:59,694000,11.499
2026/04/29 15:45:59,695000,11.493
2026/04/29 15:45:59,696000,11.501
2026/04/29 15:45:59,697000,11.501
2026/04/29 15:45:59,698000,11.501
2026/04/29 15:45:59,699000,11.499
2026/04/29 15:45:59,700000,11.496
2026/04/29 15:45:59,701000,11.499
2026/04/29 15:45:59,702000,11.496
2026/04/29 15:45:59,703000,11.499
2026/04/29 15:45:59,704000,11.493
2026/04/29 15:45:59,705000,11.501
2026/04/29 15:45:59,706000,11.501
2026/04/29 15:45:59,707000,11.496
2026/04/29 15:45:59,708000,11.493
2026/04/29 15:45:59,709000,11.493
2026/04/29 15:45:59,710000,11.490
2026/04/29 15:45:59,711000,11.496
2026/04/29 15:45:59,712000,11.504
2026/04/29 15:45:59,713000,11.504
2026/04/29 15:45:59,714000,11.493
2026/04/29 15:45:59,715000,11.501
2026/04/29 15:45:59,716000,11.493
2026/04/29 15:45:59,717000,11.496
2026/04/29 15:45:59,718000,11.496
2026/04/29 15:45:59,719000,11.501
2026/04/29 15:45:59,720000,11.493
2026/04/29 15:45:59,721000,11.501
2026/04/29 15:45:59,722000,11.496
2026/04/29 15:45:59,723000,11.504
2026/04/29 15:45:59,724000,11.499
2026/04/29 15:45:59,725000,11.504
2026/04/29 15:45:59,726000,11.501
2026/04/29 15:45:59,727000,11.496
2026/04/29 15:45:59,728000,11.499
2026/04/29 15:45:59,729000,11.493
2026/04/29 15:45:59,730000,11.496
2026/04/29 15:45:59,731000,11.493
2026/04/29 15:45:59,732000,11.493
2026/04/29 15:45:59,733000,11.496
2026/04/29 15:45:59,734000,11.493
2026/04/29 15:45:59,735000,11.499
2026/04/29 15:45:59,736000,11.499
2026/04/29 15:45:59,737000,11.507
2026/04/29 15:45:59,738000,11.504
2026/04/29 15:45:59,739000,11.499
2026/04/29 15:45:59,740000,11.499
2026/04/29 15:45:59,741000,11.501
2026/04/29 15:45:59,742000,11.499
2026/04/29 15:45:59,743000,11.493
2026/04/29 15:45:59,744000,11.499
2026/04/29 15:45:59,745000,11.501
2026/04/29 15:45:59,746000,11.504
2026/04/29 15:45:59,747000,11.496
2026/04/29 15:45:59,748000,11.501
2026/04/29 15:45:59,749000,11.501
2026/04/29 15:45:59,750000,11.501
2026/04/29 15:45:59,751000,11.501
2026/04/29 15:45:59,752000,11.493
2026/04/29 15:45:59,753000,11.499
2026/04/29 15:45:59,754000,11.496
2026/04/29 15:45:59,755000,11.493
2026/04/29 15:45:59,756000,11.499
2026/04/29 15:45:59,757000,11.501
2026/04/29 15:45:59,758000,11.499
2026/04/29 15:45:59,759000,11.499
2026/04/29 15:45:59,760000,11.499
2026/04/29 15:45:59,761000,11.493
2026/04/29 15:45:59,762000,11.499
2026/04/29 15:45:59,763000,11.501
2026/04/29 15:45:59,764000,11.499
2026/04/29 15:45:59,765000,11.499
2026/04/29 15:45:59,766000,11.499
2026/04/29 15:45:59,767000,11.499
2026/04/29 15:45:59,768000,11.499
2026/04/29 15:45:59,769000,11.499
2026/04/29 15:45:59,770000,11.501
2026/04/29 15:45:59,771000,11.493
2026/04/29 15:45:59,772000,11.499
2026/04/29 15:45:59,773000,11.501
2026/04/29 15:45:59,774000,11.499
2026/04/29 15:45:59,775000,11.499
2026/04/29 15:45:59,776000,11.501
2026/04/29 15:45:59,777000,11.499
2026/04/29 15:45:59,778000,11.504
2026/04/29 15:45:59,779000,11.499
2026/04/29 15:45:59,780000,11.499
2026/04/29 15:45:59,781000,11.493
2026/04/29 15:45:59,782000,11.499
2026/04/29 15:45:59,783000,11.499
2026/04/29 15:45:59,784000,11.496
2026/04/29 15:45:59,785000,11.496
2026/04/29 15:45:59,786000,11.493
2026/04/29 15:45:59,787000,11.496
2026/04/29 15:45:59,788000,11.496
2026/04/29 15:45:59,789000,11.501
2026/04/29 15:45:59,790000,11.499
2026/04/29 15:45:59,791000,11.499
2026/04/29 15:45:59,792000,11.496
2026/04/29 15:45:59,793000,11.499
2026/04/29 15:45:59,794000,11.501
2026/04/29 15:45:59,795000,11.499
2026/04/29 15:45:59,796000,11.493
2026/04/29 15:45:59,797000,11.496
2026/04/29 15:45:59,798000,11.496
2026/04/29 15:45:59,799000,11.499
2026/04/29 15:45:59,800000,11.504
2026/04/29 15:45:59,801000,11.496
2026/04/29 15:45:59,802000,11.499
2026/04/29 15:45:59,803000,11.496
2026/04/29 15:45:59,804000,11.493
2026/04/29 15:45:59,805000,11.493
2026/04/29 15:45:59,806000,11.501
2026/04/29 15:45:59,807000,11.499
2026/04/29 15:45:59,808000,11.499
2026/04/29 15:45:59,809000,11.501
2026/04/29 15:45:59,810000,11.499
2026/04/29 15:45:59,811000,11.501
2026/04/29 15:45:59,812000,11.499
2026/04/29 15:45:59,813000,11.504
2026/04/29 15:45:59,814000,11.510
2026/04/29 15:45:59,815000,11.499
2026/04/29 15:45:59,816000,11.499
2026/04/29 15:45:59,817000,11.493
2026/04/29 15:45:59,818000,11.496
2026/04/29 15:45:59,819000,11.499
2026/04/29 15:45:59,820000,11.496
2026/04/29 15:45:59,821000,11.504
2026/04/29 15:45:59,822000,11.493
2026/04/29 15:45:59,823000,11.499
2026/04/29 15:45:59,824000,11.499
2026/04/29 15:45:59,825000,11.499
2026/04/29 15:45:59,826000,11.504
2026/04/29 15:45:59,827000,11.493
2026/04/29 15:45:59,828000,11.493
2026/04/29 15:45:59,829000,11.504
2026/04/29 15:45:59,830000,11.499
2026/04/29 15:45:59,831000,11.501
2026/04/29 15:45:59,832000,11.499
2026/04/29 15:45:59,833000,11.493
2026/04/29 15:45:59,834000,11.499
2026/04/29 15:45:59,835000,11.501
2026/04/29 15:45:59,836000,11.501
2026/04/29 15:45:59,837000,11.504
2026/04/29 15:45:59,838000,11.501
2026/04/29 15:45:59,839000,11.493
2026/04/29 15:45:59,840000,11.496
2026/04/29 15:45:59,841000,11.496
2026/04/29 15:45:59,842000,11.499
2026/04/29 15:45:59,843000,11.504
2026/04/29 15:45:59,844000,11.499
2026/04/29 15:45:59,845000,11.499
2026/04/29 15:45:59,846000,11.499
2026/04/29 15:45:59,847000,11.496
2026/04/29 15:45:59,848000,11.499
2026/04/29 15:45:59,849000,11.501
2026/04/29 15:45:59,850000,11.507
2026/04/29 15:45:59,851000,11.496
2026/04/29 15:45:59,852000,11.504
2026/04/29 15:45:59,853000,11.501
2026/04/29 15:45:59,854000,11.499
2026/04/29 15:45:59,855000,11.496
2026/04/29 15:45:59,856000,11.496
2026/04/29 15:45:59,857000,11.493
2026/04/29 15:45:59,858000,11.499
2026/04/29 15:45:59,859000,11.499
2026/04/29 15:45:59,860000,11.501
2026/04/29 15:45:59,861000,11.499
2026/04/29 15:45:59,862000,11.501
2026/04/29 15:45:59,863000,11.499
2026/04/29 15:45:59,864000,11.493
2026/04/29 15:45:59,865000,11.499
2026/04/29 15:45:59,866000,11.496
2026/04/29 15:45:59,867000,11.504
2026/04/29 15:45:59,868000,11.499
2026/04/29 15:45:59,869000,11.496
2026/04/29 15:45:59,870000,11.499
2026/04/29 15:45:59,871000,11.499
2026/04/29 15:45:59,872000,11.499
2026/04/29 15:45:59,873000,11.504
2026/04/29 15:45:59,874000,11.507
2026/04/29 15:45:59,875000,11.496
2026/04/29 15:45:59,876000,11.496
2026/04/29 15:45:59,877000,11.504
2026/04/29 15:45:59,878000,11.499
2026/04/29 15:45:59,879000,11.493
2026/04/29 15:45:59,880000,11.507
2026/04/29 15:45:59,881000,11.493
2026/04/29 15:45:59,882000,11.499
2026/04/29 15:45:59,883000,11.499
2026/04/29 15:45:59,884000,11.499
2026/04/29 15:45:59,885000,11.501
2026/04/29 15:45:59,886000,11.501
2026/04/29 15:45:59,887000,11.499
2026/04/29 15:45:59,888000,11.499
2026/04/29 15:45:59,889000,11.496
2026/04/29 15:45:59,890000,11.504
2026/04/29 15:45:59,891000,11.499
2026/04/29 15:45:59,892000,11.496
2026/04/29 15:45:59,893000,11.493
2026/04/29 15:45:59,894000,11.499
2026/04/29 15:45:59,895000,11.499
2026/04/29 15:45:59,896000,11.501
2026/04/29 15:45:59,897000,11.493
2026/04/29 15:45:59,898000,11.499
2026/04/29 15:45:59,899000,11.496
2026/04/29 15:45:59,900000,11.501
2026/04/29 15:45:59,901000,11.496
2026/04/29 15:45:59,902000,11.496
2026/04/29 15:45:59,903000,11.493
2026/04/29 15:45:59,904000,11.496
2026/04/29 15:45:59,905000,11.499
2026/04/29 15:45:59,906000,11.496
2026/04/29 15:45:59,907000,11.501
2026/04/29 15:45:59,908000,11.499
2026/04/29 15:45:59,909000,11.499
2026/04/29 15:45:59,910000,11.501
2026/04/29 15:45:59,911000,11.499
2026/04/29 15:45:59,912000,11.496
2026/04/29 15:45:59,913000,11.496
2026/04/29 15:45:59,914000,11.501
2026/04/29 15:45:59,915000,11.496
2026/04/29 15:45:59,916000,11.496
2026/04/29 15:45:59,917000,11.499
2026/04/29 15:45:59,918000,11.499
2026/04/29 15:45:59,919000,11.496
2026/04/29 15:45:59,920000,11.496
2026/04/29 15:45:59,921000,11.496
2026/04/29 15:45:59,922000,11.499
2026/04/29 15:45:59,923000,11.496
2026/04/29 15:45:59,924000,11.496
2026/04/29 15:45:59,925000,11.496
2026/04/29 15:45:59,926000,11.493
2026/04/29 15:45:59,927000,11.499
2026/04/29 15:45:59,928000,11.490
2026/04/29 15:45:59,929000,11.499
2026/04/29 15:45:59,930000,11.496
2026/04/29 15:45:59,931000,11.501
2026/04/29 15:45:59,932000,11.501
2026/04/29 15:45:59,933000,11.504
2026/04/29 15:45:59,934000,11.499
2026/04/29 15:45:59,935000,11.504
2026/04/29 15:45:59,936000,11.501
2026/04/29 15:45:59,937000,11.496
2026/04/29 15:45:59,938000,11.493
2026/04/29 15:45:59,939000,11.504
2026/04/29 15:45:59,940000,11.507
2026/04/29 15:45:59,941000,11.501
2026/04/29 15:45:59,942000,11.501
2026/04/29 15:45:59,943000,11.496
2026/04/29 15:45:59,944000,11.496
2026/04/29 15:45:59,945000,11.504
2026/04/29 15:45:59,946000,11.499
2026/04/29 15:45:59,947000,11.499
2026/04/29 15:45:59,948000,11.499
2026/04/29 15:45:59,949000,11.499
2026/04/29 15:45:59,950000,11.499
2026/04/29 15:45:59,951000,11.501
2026/04/29 15:45:59,952000,11.493
2026/04/29 15:45:59,953000,11.496
2026/04/29 15:45:59,954000,11.499
2026/04/29 15:45:59,955000,11.496
2026/04/29 15:45:59,956000,11.493
2026/04/29 15:45:59,957000,11.499
2026/04/29 15:45:59,958000,11.493
2026/04/29 15:45:59,959000,11.493
2026/04/29 15:45:59,960000,11.490
2026/04/29 15:45:59,961000,11.496
2026/04/29 15:45:59,962000,11.501
2026/04/29 15:45:59,963000,11.496
2026/04/29 15:45:59,964000,11.499
2026/04/29 15:45:59,965000,11.499
2026/04/29 15:45:59,966000,11.499
2026/04/29 15:45:59,967000,11.496
2026/04/29 15:45:59,968000,11.499
2026/04/29 15:45:59,969000,11.501
2026/04/29 15:45:59,970000,11.499
2026/04/29 15:45:59,971000,11.499
2026/04/29 15:45:59,972000,11.496
2026/04/29 15:45:59,973000,11.499
2026/04/29 15:45:59,974000,11.499
2026/04/29 15:45:59,975000,11.499
2026/04/29 15:45:59,976000,11.499
2026/04/29 15:45:59,977000,11.499
2026/04/29 15:45:59,978000,11.496
2026/04/29 15:45:59,979000,11.501
2026/04/29 15:45:59,980000,11.504
2026/04/29 15:45:59,981000,11.490
2026/04/29 15:45:59,982000,11.504
2026/04/29 15:45:59,983000,11.504
2026/04/29 15:45:59,984000,11.501
2026/04/29 15:45:59,985000,11.501
2026/04/29 15:45:59,986000,11.501
2026/04/29 15:45:59,987000,11.501
2026/04/29 15:45:59,988000,11.499
2026/04/29 15:45:59,989000,11.493
2026/04/29 15:45:59,990000,11.496
2026/04/29 15:45:59,991000,11.496
2026/04/29 15:45:59,992000,11.499
2026/04/29 15:45:59,993000,11.496
2026/04/29 15:45:59,994000,11.499
2026/04/29 15:45:59,995000,11.504
2026/04/29 15:45:59,996000,11.499
2026/04/29 15:45:59,997000,11.496
2026/04/29 15:45:59,998000,11.504
2026/04/29 15:45:59,999000,11.501
2026/04/29 15:46:00,000000,11.493
2026/04/29 15:46:00,001000,11.493
2026/04/29 15:46:00,002000,11.496
2026/04/29 15:46:00,003000,11.499
2026/04/29 15:46:00,004000,11.499
2026/04/29 15:46:00,005000,11.493
2026/04/29 15:46:00,006000,11.504
2026/04/29 15:46:00,007000,11.499
2026/04/29 15:46:00,008000,11.496
2026/04/29 15:46:00,009000,11.501
2026/04/29 15:46:00,010000,11.496
2026/04/29 15:46:00,011000,11.499
2026/04/29 15:46:00,012000,11.499
2026/04/29 15:46:00,013000,11.501
2026/04/29 15:46:00,014000,11.493
2026/04/29 15:46:00,015000,11.493
2026/04/29 15:46:00,016000,11.496
2026/04/29 15:46:00,017000,11.499
2026/04/29 15:46:00,018000,11.504
2026/04/29 15:46:00,019000,11.496
2026/04/29 15:46:00,020000,11.496
2026/04/29 15:46:00,021000,11.490
2026/04/29 15:46:00,022000,11.496
2026/04/29 15:46:00,023000,11.504
2026/04/29 15:46:00,024000,11.496
2026/04/29 15:46:00,025000,11.504
2026/04/29 15:46:00,026000,11.499
2026/04/29 15:46:00,027000,11.499
2026/04/29 15:46:00,028000,11.504
2026/04/29 15:46:00,029000,11.501
2026/04/29 15:46:00,030000,11.499
2026/04/29 15:46:00,031000,11.499
2026/04/29 15:46:00,032000,11.496
2026/04/29 15:46:00,033000,11.501
2026/04/29 15:46:00,034000,11.501
2026/04/29 15:46:00,035000,11.496
2026/04/29 15:46:00,036000,11.501
2026/04/29 15:46:00,037000,11.496
2026/04/29 15:46:00,038000,11.496
2026/04/29 15:46:00,039000,11.501
2026/04/29 15:46:00,040000,11.499
2026/04/29 15:46:00,041000,11.496
2026/04/29 15:46:00,042000,11.499
2026/04/29 15:46:00,043000,11.499
2026/04/29 15:46:00,044000,11.501
2026/04/29 15:46:00,045000,11.501
2026/04/29 15:46:00,046000,11.499
2026/04/29 15:46:00,047000,11.507
2026/04/29 15:46:00,048000,11.499
2026/04/29 15:46:00,049000,11.501
2026/04/29 15:46:00,050000,11.499
2026/04/29 15:46:00,051000,11.499
2026/04/29 15:46:00,052000,11.496
2026/04/29 15:46:00,053000,11.501
2026/04/29 15:46:00,054000,11.499
2026/04/29 15:46:00,055000,11.499
2026/04/29 15:46:00,056000,11.499
2026/04/29 15:46:00,057000,11.501
2026/04/29 15:46:00,058000,11.499
2026/04/29 15:46:00,059000,11.499
2026/04/29 15:46:00,060000,11.499
2026/04/29 15:46:00,061000,11.499
2026/04/29 15:46:00,062000,11.496
2026/04/29 15:46:00,063000,11.499
2026/04/29 15:46:00,064000,11.499
2026/04/29 15:46:00,065000,11.499
2026/04/29 15:46:00,066000,11.499
2026/04/29 15:46:00,067000,11.499
2026/04/29 15:46:00,068000,11.501
2026/04/29 15:46:00,069000,11.496
2026/04/29 15:46:00,070000,11.501
2026/04/29 15:46:00,071000,11.493
2026/04/29 15:46:00,072000,11.496
2026/04/29 15:46:00,073000,11.499
2026/04/29 15:46:00,074000,11.499
2026/04/29 15:46:00,075000,11.499
2026/04/29 15:46:00,076000,11.493
2026/04/29 15:46:00,077000,11.493
2026/04/29 15:46:00,078000,11.501
2026/04/29 15:46:00,079000,11.499
2026/04/29 15:46:00,080000,11.504
2026/04/29 15:46:00,081000,11.501
2026/04/29 15:46:00,082000,11.501
2026/04/29 15:46:00,083000,11.490
2026/04/29 15:46:00,084000,11.504
2026/04/29 15:46:00,085000,11.493
2026/04/29 15:46:00,086000,11.493
2026/04/29 15:46:00,087000,11.499
2026/04/29 15:46:00,088000,11.499
2026/04/29 15:46:00,089000,11.504
2026/04/29 15:46:00,090000,11.493
2026/04/29 15:46:00,091000,11.499
2026/04/29 15:46:00,092000,11.496
2026/04/29 15:46:00,093000,11.496
2026/04/29 15:46:00,094000,11.499
2026/04/29 15:46:00,095000,11.501
2026/04/29 15:46:00,096000,11.499
2026/04/29 15:46:00,097000,11.499
2026/04/29 15:46:00,098000,11.499
2026/04/29 15:46:00,099000,11.499
2026/04/29 15:46:00,100000,11.504
2026/04/29 15:46:00,101000,11.499
2026/04/29 15:46:00,102000,11.496
2026/04/29 15:46:00,103000,11.493
2026/04/29 15:46:00,104000,11.499
2026/04/29 15:46:00,105000,11.499
2026/04/29 15:46:00,106000,11.504
2026/04/29 15:46:00,107000,11.496
2026/04/29 15:46:00,108000,11.501
2026/04/29 15:46:00,109000,11.499
2026/04/29 15:46:00,110000,11.501
2026/04/29 15:46:00,111000,11.499
2026/04/29 15:46:00,112000,11.499
2026/04/29 15:46:00,113000,11.499
2026/04/29 15:46:00,114000,11.499
2026/04/29 15:46:00,115000,11.499
2026/04/29 15:46:00,116000,11.496
2026/04/29 15:46:00,117000,11.499
2026/04/29 15:46:00,118000,11.501
2026/04/29 15:46:00,119000,11.501
2026/04/29 15:46:00,120000,11.501
2026/04/29 15:46:00,121000,11.499
2026/04/29 15:46:00,122000,11.499
2026/04/29 15:46:00,123000,11.499
2026/04/29 15:46:00,124000,11.499
2026/04/29 15:46:00,125000,11.496
2026/04/29 15:46:00,126000,11.499
2026/04/29 15:46:00,127000,11.499
2026/04/29 15:46:00,128000,11.493
2026/04/29 15:46:00,129000,11.501
2026/04/29 15:46:00,130000,11.499
2026/04/29 15:46:00,131000,11.504
2026/04/29 15:46:00,132000,11.501
2026/04/29 15:46:00,133000,11.496
2026/04/29 15:46:00,134000,11.496
2026/04/29 15:46:00,135000,11.496
2026/04/29 15:46:00,136000,11.493
2026/04/29 15:46:00,137000,11.496
2026/04/29 15:46:00,138000,11.493
2026/04/29 15:46:00,139000,11.499
2026/04/29 15:46:00,140000,11.499
2026/04/29 15:46:00,141000,11.499
2026/04/29 15:46:00,142000,11.501
2026/04/29 15:46:00,143000,11.496
2026/04/29 15:46:00,144000,11.496
2026/04/29 15:46:00,145000,11.499
2026/04/29 15:46:00,146000,11.496
2026/04/29 15:46:00,147000,11.499
2026/04/29 15:46:00,148000,11.499
2026/04/29 15:46:00,149000,11.496
2026/04/29 15:46:00,150000,11.493
2026/04/29 15:46:00,151000,11.496
2026/04/29 15:46:00,152000,11.493
2026/04/29 15:46:00,153000,11.501
2026/04/29 15:46:00,154000,11.496
2026/04/29 15:46:00,155000,11.493
2026/04/29 15:46:00,156000,11.493
2026/04/29 15:46:00,157000,11.490
2026/04/29 15:46:00,158000,11.496
2026/04/29 15:46:00,159000,11.493
2026/04/29 15:46:00,160000,11.499
2026/04/29 15:46:00,161000,11.499
2026/04/29 15:46:00,162000,11.496
2026/04/29 15:46:00,163000,11.496
2026/04/29 15:46:00,164000,11.493
2026/04/29 15:46:00,165000,11.496
2026/04/29 15:46:00,166000,11.499
2026/04/29 15:46:00,167000,11.501
2026/04/29 15:46:00,168000,11.501
2026/04/29 15:46:00,169000,11.501
2026/04/29 15:46:00,170000,11.493
2026/04/29 15:46:00,171000,11.501
2026/04/29 15:46:00,172000,11.501
2026/04/29 15:46:00,173000,11.499
2026/04/29 15:46:00,174000,11.507
2026/04/29 15:46:00,175000,11.501
2026/04/29 15:46:00,176000,11.504
2026/04/29 15:46:00,177000,11.501
2026/04/29 15:46:00,178000,11.496
2026/04/29 15:46:00,179000,11.504
2026/04/29 15:46:00,180000,11.504
2026/04/29 15:46:00,181000,11.499
2026/04/29 15:46:00,182000,11.499
2026/04/29 15:46:00,183000,11.493
2026/04/29 15:46:00,184000,11.493
2026/04/29 15:46:00,185000,11.499
2026/04/29 15:46:00,186000,11.493
2026/04/29 15:46:00,187000,11.501
2026/04/29 15:46:00,188000,11.499
2026/04/29 15:46:00,189000,11.499
2026/04/29 15:46:00,190000,11.504
2026/04/29 15:46:00,191000,11.499
2026/04/29 15:46:00,192000,11.496
2026/04/29 15:46:00,193000,11.493
2026/04/29 15:46:00,194000,11.499
2026/04/29 15:46:00,195000,11.499
2026/04/29 15:46:00,196000,11.504
2026/04/29 15:46:00,197000,11.501
2026/04/29 15:46:00,198000,11.493
2026/04/29 15:46:00,199000,11.493
2026/04/29 15:46:00,200000,11.501
2026/04/29 15:46:00,201000,11.499
2026/04/29 15:46:00,202000,11.501
2026/04/29 15:46:00,203000,11.499
2026/04/29 15:46:00,204000,11.496
2026/04/29 15:46:00,205000,11.501
2026/04/29 15:46:00,206000,11.493
2026/04/29 15:46:00,207000,11.496
2026/04/29 15:46:00,208000,11.501
2026/04/29 15:46:00,209000,11.499
2026/04/29 15:46:00,210000,11.499
2026/04/29 15:46:00,211000,11.501
2026/04/29 15:46:00,212000,11.493
2026/04/29 15:46:00,213000,11.496
2026/04/29 15:46:00,214000,11.499
2026/04/29 15:46:00,215000,11.501
2026/04/29 15:46:00,216000,11.504
2026/04/29 15:46:00,217000,11.493
2026/04/29 15:46:00,218000,11.499
2026/04/29 15:46:00,219000,11.501
2026/04/29 15:46:00,220000,11.496
2026/04/29 15:46:00,221000,11.496
2026/04/29 15:46:00,222000,11.499
2026/04/29 15:46:00,223000,11.501
2026/04/29 15:46:00,224000,11.496
2026/04/29 15:46:00,225000,11.499
2026/04/29 15:46:00,226000,11.496
2026/04/29 15:46:00,227000,11.493
2026/04/29 15:46:00,228000,11.496
2026/04/29 15:46:00,229000,11.496
2026/04/29 15:46:00,230000,11.501
2026/04/29 15:46:00,231000,11.493
2026/04/29 15:46:00,232000,11.493
2026/04/29 15:46:00,233000,11.501
2026/04/29 15:46:00,234000,11.501
2026/04/29 15:46:00,235000,11.490
2026/04/29 15:46:00,236000,11.499
2026/04/29 15:46:00,237000,11.499
2026/04/29 15:46:00,238000,11.496
2026/04/29 15:46:00,239000,11.496
2026/04/29 15:46:00,240000,11.501
2026/04/29 15:46:00,241000,11.501
2026/04/29 15:46:00,242000,11.496
2026/04/29 15:46:00,243000,11.496
2026/04/29 15:46:00,244000,11.499
2026/04/29 15:46:00,245000,11.496
2026/04/29 15:46:00,246000,11.499
2026/04/29 15:46:00,247000,11.501
2026/04/29 15:46:00,248000,11.499
2026/04/29 15:46:00,249000,11.499
2026/04/29 15:46:00,250000,11.499
2026/04/29 15:46:00,251000,11.496
2026/04/29 15:46:00,252000,11.496
2026/04/29 15:46:00,253000,11.499
2026/04/29 15:46:00,254000,11.499
2026/04/29 15:46:00,255000,11.499
2026/04/29 15:46:00,256000,11.487
2026/04/29 15:46:00,257000,11.496
2026/04/29 15:46:00,258000,11.501
2026/04/29 15:46:00,259000,11.496
2026/04/29 15:46:00,260000,11.501
2026/04/29 15:46:00,261000,11.496
2026/04/29 15:46:00,262000,11.493
2026/04/29 15:46:00,263000,11.499
2026/04/29 15:46:00,264000,11.504
2026/04/29 15:46:00,265000,11.499
2026/04/29 15:46:00,266000,11.504
2026/04/29 15:46:00,267000,11.501
2026/04/29 15:46:00,268000,11.499
2026/04/29 15:46:00,269000,11.504
2026/04/29 15:46:00,270000,11.496
2026/04/29 15:46:00,271000,11.493
2026/04/29 15:46:00,272000,11.496
2026/04/29 15:46:00,273000,11.504
2026/04/29 15:46:00,274000,11.504
2026/04/29 15:46:00,275000,11.493
2026/04/29 15:46:00,276000,11.501
2026/04/29 15:46:00,277000,11.499
2026/04/29 15:46:00,278000,11.501
2026/04/29 15:46:00,279000,11.499
2026/04/29 15:46:00,280000,11.493
2026/04/29 15:46:00,281000,11.499
2026/04/29 15:46:00,282000,11.493
2026/04/29 15:46:00,283000,11.501
2026/04/29 15:46:00,284000,11.499
2026/04/29 15:46:00,285000,11.493
2026/04/29 15:46:00,286000,11.501
2026/04/29 15:46:00,287000,11.499
2026/04/29 15:46:00,288000,11.496
2026/04/29 15:46:00,289000,11.496
2026/04/29 15:46:00,290000,11.490
2026/04/29 15:46:00,291000,11.493
2026/04/29 15:46:00,292000,11.496
2026/04/29 15:46:00,293000,11.501
2026/04/29 15:46:00,294000,11.499
2026/04/29 15:46:00,295000,11.499
2026/04/29 15:46:00,296000,11.499
2026/04/29 15:46:00,297000,11.499
2026/04/29 15:46:00,298000,11.499
2026/04/29 15:46:00,299000,11.493
2026/04/29 15:46:00,300000,11.490
2026/04/29 15:46:00,301000,11.501
2026/04/29 15:46:00,302000,11.499
2026/04/29 15:46:00,303000,11.501
2026/04/29 15:46:00,304000,11.490
2026/04/29 15:46:00,305000,11.499
2026/04/29 15:46:00,306000,11.496
2026/04/29 15:46:00,307000,11.496
2026/04/29 15:46:00,308000,11.493
2026/04/29 15:46:00,309000,11.501
2026/04/29 15:46:00,310000,11.504
2026/04/29 15:46:00,311000,11.501
2026/04/29 15:46:00,312000,11.490
2026/04/29 15:46:00,313000,11.496
2026/04/29 15:46:00,314000,11.499
2026/04/29 15:46:00,315000,11.493
2026/04/29 15:46:00,316000,11.499
2026/04/29 15:46:00,317000,11.499
2026/04/29 15:46:00,318000,11.499
2026/04/29 15:46:00,319000,11.499
2026/04/29 15:46:00,320000,11.499
2026/04/29 15:46:00,321000,11.499
2026/04/29 15:46:00,322000,11.493
2026/04/29 15:46:00,323000,11.499
2026/04/29 15:46:00,324000,11.496
2026/04/29 15:46:00,325000,11.499
2026/04/29 15:46:00,326000,11.499
2026/04/29 15:46:00,327000,11.496
2026/04/29 15:46:00,328000,11.499
2026/04/29 15:46:00,329000,11.501
2026/04/29 15:46:00,330000,11.499
2026/04/29 15:46:00,331000,11.499
2026/04/29 15:46:00,332000,11.493
2026/04/29 15:46:00,333000,11.501
2026/04/29 15:46:00,334000,11.496
2026/04/29 15:46:00,335000,11.501
2026/04/29 15:46:00,336000,11.496
2026/04/29 15:46:00,337000,11.501
2026/04/29 15:46:00,338000,11.496
2026/04/29 15:46:00,339000,11.499
2026/04/29 15:46:00,340000,11.499
2026/04/29 15:46:00,341000,11.499
2026/04/29 15:46:00,342000,11.507
2026/04/29 15:46:00,343000,11.496
2026/04/29 15:46:00,344000,11.493
2026/04/29 15:46:00,345000,11.504
2026/04/29 15:46:00,346000,11.501
2026/04/29 15:46:00,347000,11.493
2026/04/29 15:46:00,348000,11.493
2026/04/29 15:46:00,349000,11.501
2026/04/29 15:46:00,350000,11.501
2026/04/29 15:46:00,351000,11.504
2026/04/29 15:46:00,352000,11.499
2026/04/29 15:46:00,353000,11.501
2026/04/29 15:46:00,354000,11.499
2026/04/29 15:46:00,355000,11.496
2026/04/29 15:46:00,356000,11.496
2026/04/29 15:46:00,357000,11.493
2026/04/29 15:46:00,358000,11.493
2026/04/29 15:46:00,359000,11.490
2026/04/29 15:46:00,360000,11.496
2026/04/29 15:46:00,361000,11.496
2026/04/29 15:46:00,362000,11.499
2026/04/29 15:46:00,363000,11.499
2026/04/29 15:46:00,364000,11.496
2026/04/29 15:46:00,365000,11.504
2026/04/29 15:46:00,366000,11.499
2026/04/29 15:46:00,367000,11.499
2026/04/29 15:46:00,368000,11.499
2026/04/29 15:46:00,369000,11.499
2026/04/29 15:46:00,370000,11.490
2026/04/29 15:46:00,371000,11.499
2026/04/29 15:46:00,372000,11.499
2026/04/29 15:46:00,373000,11.496
2026/04/29 15:46:00,374000,11.499
2026/04/29 15:46:00,375000,11.496
2026/04/29 15:46:00,376000,11.493
2026/04/29 15:46:00,377000,11.499
2026/04/29 15:46:00,378000,11.501
2026/04/29 15:46:00,379000,11.499
2026/04/29 15:46:00,380000,11.504
2026/04/29 15:46:00,381000,11.501
2026/04/29 15:46:00,382000,11.493
2026/04/29 15:46:00,383000,11.499
2026/04/29 15:46:00,384000,11.499
2026/04/29 15:46:00,385000,11.493
2026/04/29 15:46:00,386000,11.501
2026/04/29 15:46:00,387000,11.499
2026/04/29 15:46:00,388000,11.493
2026/04/29 15:46:00,389000,11.499
2026/04/29 15:46:00,390000,11.499
2026/04/29 15:46:00,391000,11.499
2026/04/29 15:46:00,392000,11.501
2026/04/29 15:46:00,393000,11.504
2026/04/29 15:46:00,394000,11.493
2026/04/29 15:46:00,395000,11.499
2026/04/29 15:46:00,396000,11.504
2026/04/29 15:46:00,397000,11.496
2026/04/29 15:46:00,398000,11.496
2026/04/29 15:46:00,399000,11.504
2026/04/29 15:46:00,400000,11.499
2026/04/29 15:46:00,401000,11.499
2026/04/29 15:46:00,402000,11.493
2026/04/29 15:46:00,403000,11.504
2026/04/29 15:46:00,404000,11.501
2026/04/29 15:46:00,405000,11.501
2026/04/29 15:46:00,406000,11.499
2026/04/29 15:46:00,407000,11.501
2026/04/29 15:46:00,408000,11.499
2026/04/29 15:46:00,409000,11.499
2026/04/29 15:46:00,410000,11.499
2026/04/29 15:46:00,411000,11.493
2026/04/29 15:46:00,412000,11.501
2026/04/29 15:46:00,413000,11.487
2026/04/29 15:46:00,414000,11.493
2026/04/29 15:46:00,415000,11.496
2026/04/29 15:46:00,416000,11.493
2026/04/29 15:46:00,417000,11.501
2026/04/29 15:46:00,418000,11.501
2026/04/29 15:46:00,419000,11.501
2026/04/29 15:46:00,420000,11.493
2026/04/29 15:46:00,421000,11.501
2026/04/29 15:46:00,422000,11.499
2026/04/29 15:46:00,423000,11.501
2026/04/29 15:46:00,424000,11.501
2026/04/29 15:46:00,425000,11.493
2026/04/29 15:46:00,426000,11.501
2026/04/29 15:46:00,427000,11.499
2026/04/29 15:46:00,428000,11.499
2026/04/29 15:46:00,429000,11.501
2026/04/29 15:46:00,430000,11.493
2026/04/29 15:46:00,431000,11.504
2026/04/29 15:46:00,432000,11.496
2026/04/29 15:46:00,433000,11.499
2026/04/29 15:46:00,434000,11.501
2026/04/29 15:46:00,435000,11.499
2026/04/29 15:46:00,436000,11.496
2026/04/29 15:46:00,437000,11.501
2026/04/29 15:46:00,438000,11.499
2026/04/29 15:46:00,439000,11.496
2026/04/29 15:46:00,440000,11.501
2026/04/29 15:46:00,441000,11.501
2026/04/29 15:46:00,442000,11.490
2026/04/29 15:46:00,443000,11.499
2026/04/29 15:46:00,444000,11.501
2026/04/29 15:46:00,445000,11.493
2026/04/29 15:46:00,446000,11.501
2026/04/29 15:46:00,447000,11.496
2026/04/29 15:46:00,448000,11.499
2026/04/29 15:46:00,449000,11.499
2026/04/29 15:46:00,450000,11.496
2026/04/29 15:46:00,451000,11.501
2026/04/29 15:46:00,452000,11.499
2026/04/29 15:46:00,453000,11.499
2026/04/29 15:46:00,454000,11.490
2026/04/29 15:46:00,455000,11.493
2026/04/29 15:46:00,456000,11.504
2026/04/29 15:46:00,457000,11.499
2026/04/29 15:46:00,458000,11.499
2026/04/29 15:46:00,459000,11.499
2026/04/29 15:46:00,460000,11.499
2026/04/29 15:46:00,461000,11.493
2026/04/29 15:46:00,462000,11.501
2026/04/29 15:46:00,463000,11.496
2026/04/29 15:46:00,464000,11.499
2026/04/29 15:46:00,465000,11.493
2026/04/29 15:46:00,466000,11.496
2026/04/29 15:46:00,467000,11.501
2026/04/29 15:46:00,468000,11.499
2026/04/29 15:46:00,469000,11.496
2026/04/29 15:46:00,470000,11.499
2026/04/29 15:46:00,471000,11.493
2026/04/29 15:46:00,472000,11.499
2026/04/29 15:46:00,473000,11.501
2026/04/29 15:46:00,474000,11.501
2026/04/29 15:46:00,475000,11.493
2026/04/29 15:46:00,476000,11.499
2026/04/29 15:46:00,477000,11.493
2026/04/29 15:46:00,478000,11.501
2026/04/29 15:46:00,479000,11.501
2026/04/29 15:46:00,480000,11.490
2026/04/29 15:46:00,481000,11.496
2026/04/29 15:46:00,482000,11.501
2026/04/29 15:46:00,483000,11.499
2026/04/29 15:46:00,484000,11.501
2026/04/29 15:46:00,485000,11.496
2026/04/29 15:46:00,486000,11.499
2026/04/29 15:46:00,487000,11.501
2026/04/29 15:46:00,488000,11.501
2026/04/29 15:46:00,489000,11.496
2026/04/29 15:46:00,490000,11.496
2026/04/29 15:46:00,491000,11.493
2026/04/29 15:46:00,492000,11.496
2026/04/29 15:46:00,493000,11.501
2026/04/29 15:46:00,494000,11.496
2026/04/29 15:46:00,495000,11.493
2026/04/29 15:46:00,496000,11.499
2026/04/29 15:46:00,497000,11.501
2026/04/29 15:46:00,498000,11.496
2026/04/29 15:46:00,499000,11.499
2026/04/29 15:46:00,500000,11.496
2026/04/29 15:46:00,501000,11.499
2026/04/29 15:46:00,502000,11.493
2026/04/29 15:46:00,503000,11.499
2026/04/29 15:46:00,504000,11.499
2026/04/29 15:46:00,505000,11.499
2026/04/29 15:46:00,506000,11.501
2026/04/29 15:46:00,507000,11.499
2026/04/29 15:46:00,508000,11.496
2026/04/29 15:46:00,509000,11.499
2026/04/29 15:46:00,510000,11.501
2026/04/29 15:46:00,511000,11.496
2026/04/29 15:46:00,512000,11.501
2026/04/29 15:46:00,513000,11.493
2026/04/29 15:46:00,514000,11.501
2026/04/29 15:46:00,515000,11.499
2026/04/29 15:46:00,516000,11.501
2026/04/29 15:46:00,517000,11.499
2026/04/29 15:46:00,518000,11.493
2026/04/29 15:46:00,519000,11.501
2026/04/29 15:46:00,520000,11.493
2026/04/29 15:46:00,521000,11.493
2026/04/29 15:46:00,522000,11.493
2026/04/29 15:46:00,523000,11.493
2026/04/29 15:46:00,524000,11.499
2026/04/29 15:46:00,525000,11.501
2026/04/29 15:46:00,526000,11.496
2026/04/29 15:46:00,527000,11.499
2026/04/29 15:46:00,528000,11.496
2026/04/29 15:46:00,529000,11.501
2026/04/29 15:46:00,530000,11.499
2026/04/29 15:46:00,531000,11.499
2026/04/29 15:46:00,532000,11.501
2026/04/29 15:46:00,533000,11.496
2026/04/29 15:46:00,534000,11.499
2026/04/29 15:46:00,535000,11.499
2026/04/29 15:46:00,536000,11.493
2026/04/29 15:46:00,537000,11.496
2026/04/29 15:46:00,538000,11.499
2026/04/29 15:46:00,539000,11.499
2026/04/29 15:46:00,540000,11.490
2026/04/29 15:46:00,541000,11.496
2026/04/29 15:46:00,542000,11.501
2026/04/29 15:46:00,543000,11.493
2026/04/29 15:46:00,544000,11.499
2026/04/29 15:46:00,545000,11.499
2026/04/29 15:46:00,546000,11.499
2026/04/29 15:46:00,547000,11.499
2026/04/29 15:46:00,548000,11.496
2026/04/29 15:46:00,549000,11.496
2026/04/29 15:46:00,550000,11.501
2026/04/29 15:46:00,551000,11.499
2026/04/29 15:46:00,552000,11.496
2026/04/29 15:46:00,553000,11.493
2026/04/29 15:46:00,554000,11.501
2026/04/29 15:46:00,555000,11.496
2026/04/29 15:46:00,556000,11.496
2026/04/29 15:46:00,557000,11.493
2026/04/29 15:46:00,558000,11.496
2026/04/29 15:46:00,559000,11.499
2026/04/29 15:46:00,560000,11.490
2026/04/29 15:46:00,561000,11.496
2026/04/29 15:46:00,562000,11.499
2026/04/29 15:46:00,563000,11.499
2026/04/29 15:46:00,564000,11.499
2026/04/29 15:46:00,565000,11.496
2026/04/29 15:46:00,566000,11.499
2026/04/29 15:46:00,567000,11.501
2026/04/29 15:46:00,568000,11.501
2026/04/29 15:46:00,569000,11.504
2026/04/29 15:46:00,570000,11.501
2026/04/29 15:46:00,571000,11.501
2026/04/29 15:46:00,572000,11.499
2026/04/29 15:46:00,573000,11.496
2026/04/29 15:46:00,574000,11.499
2026/04/29 15:46:00,575000,11.501
2026/04/29 15:46:00,576000,11.493
2026/04/29 15:46:00,577000,11.504
2026/04/29 15:46:00,578000,11.499
2026/04/29 15:46:00,579000,11.493
2026/04/29 15:46:00,580000,11.493
2026/04/29 15:46:00,581000,11.501
2026/04/29 15:46:00,582000,11.501
2026/04/29 15:46:00,583000,11.499
2026/04/29 15:46:00,584000,11.487
2026/04/29 15:46:00,585000,11.496
2026/04/29 15:46:00,586000,11.493
2026/04/29 15:46:00,587000,11.501
2026/04/29 15:46:00,588000,11.501
2026/04/29 15:46:00,589000,11.493
2026/04/29 15:46:00,590000,11.499
2026/04/29 15:46:00,591000,11.499
2026/04/29 15:46:00,592000,11.504
2026/04/29 15:46:00,593000,11.499
2026/04/29 15:46:00,594000,11.496
2026/04/29 15:46:00,595000,11.499
2026/04/29 15:46:00,596000,11.499
2026/04/29 15:46:00,597000,11.496
2026/04/29 15:46:00,598000,11.496
2026/04/29 15:46:00,599000,11.499
2026/04/29 15:46:00,600000,11.493
2026/04/29 15:46:00,601000,11.493
2026/04/29 15:46:00,602000,11.496
2026/04/29 15:46:00,603000,11.493
2026/04/29 15:46:00,604000,11.499
2026/04/29 15:46:00,605000,11.501
2026/04/29 15:46:00,606000,11.501
2026/04/29 15:46:00,607000,11.504
2026/04/29 15:46:00,608000,11.490
2026/04/29 15:46:00,609000,11.501
2026/04/29 15:46:00,610000,11.496
2026/04/29 15:46:00,611000,11.496
2026/04/29 15:46:00,612000,11.501
2026/04/29 15:46:00,613000,11.499
2026/04/29 15:46:00,614000,11.496
2026/04/29 15:46:00,615000,11.499
2026/04/29 15:46:00,616000,11.501
2026/04/29 15:46:00,617000,11.496
2026/04/29 15:46:00,618000,11.501
2026/04/29 15:46:00,619000,11.496
2026/04/29 15:46:00,620000,11.493
2026/04/29 15:46:00,621000,11.499
2026/04/29 15:46:00,622000,11.504
2026/04/29 15:46:00,623000,11.499
2026/04/29 15:46:00,624000,11.496
2026/04/29 15:46:00,625000,11.499
2026/04/29 15:46:00,626000,11.499
2026/04/29 15:46:00,627000,11.501
2026/04/29 15:46:00,628000,11.493
2026/04/29 15:46:00,629000,11.493
2026/04/29 15:46:00,630000,11.496
2026/04/29 15:46:00,631000,11.501
2026/04/29 15:46:00,632000,11.499
2026/04/29 15:46:00,633000,11.499
2026/04/29 15:46:00,634000,11.499
2026/04/29 15:46:00,635000,11.496
2026/04/29 15:46:00,636000,11.496
2026/04/29 15:46:00,637000,11.499
2026/04/29 15:46:00,638000,11.501
2026/04/29 15:46:00,639000,11.501
2026/04/29 15:46:00,640000,11.496
2026/04/29 15:46:00,641000,11.501
2026/04/29 15:46:00,642000,11.493
2026/04/29 15:46:00,643000,11.504
2026/04/29 15:46:00,644000,11.499
2026/04/29 15:46:00,645000,11.501
2026/04/29 15:46:00,646000,11.493
2026/04/29 15:46:00,647000,11.499
2026/04/29 15:46:00,648000,11.499
2026/04/29 15:46:00,649000,11.501
2026/04/29 15:46:00,650000,11.499
2026/04/29 15:46:00,651000,11.490
2026/04/29 15:46:00,652000,11.493
2026/04/29 15:46:00,653000,11.496
2026/04/29 15:46:00,654000,11.499
2026/04/29 15:46:00,655000,11.496
2026/04/29 15:46:00,656000,11.501
2026/04/29 15:46:00,657000,11.499
2026/04/29 15:46:00,658000,11.501
2026/04/29 15:46:00,659000,11.496
2026/04/29 15:46:00,660000,11.501
2026/04/29 15:46:00,661000,11.501
2026/04/29 15:46:00,662000,11.504
2026/04/29 15:46:00,663000,11.499
2026/04/29 15:46:00,664000,11.493
2026/04/29 15:46:00,665000,11.496
2026/04/29 15:46:00,666000,11.501
2026/04/29 15:46:00,667000,11.501
2026/04/29 15:46:00,668000,11.496
2026/04/29 15:46:00,669000,11.496
2026/04/29 15:46:00,670000,11.496
2026/04/29 15:46:00,671000,11.496
2026/04/29 15:46:00,672000,11.499
2026/04/29 15:46:00,673000,11.493
2026/04/29 15:46:00,674000,11.493
2026/04/29 15:46:00,675000,11.504
2026/04/29 15:46:00,676000,11.493
2026/04/29 15:46:00,677000,11.493
2026/04/29 15:46:00,678000,11.499
2026/04/29 15:46:00,679000,11.490
2026/04/29 15:46:00,680000,11.507
2026/04/29 15:46:00,681000,11.499
2026/04/29 15:46:00,682000,11.501
2026/04/29 15:46:00,683000,11.501
2026/04/29 15:46:00,684000,11.499
2026/04/29 15:46:00,685000,11.493
2026/04/29 15:46:00,686000,11.496
2026/04/29 15:46:00,687000,11.501
2026/04/29 15:46:00,688000,11.496
2026/04/29 15:46:00,689000,11.501
2026/04/29 15:46:00,690000,11.504
2026/04/29 15:46:00,691000,11.501
2026/04/29 15:46:00,692000,11.501
2026/04/29 15:46:00,693000,11.501
2026/04/29 15:46:00,694000,11.501
2026/04/29 15:46:00,695000,11.499
2026/04/29 15:46:00,696000,11.499
2026/04/29 15:46:00,697000,11.496
2026/04/29 15:46:00,698000,11.499
2026/04/29 15:46:00,699000,11.499
2026/04/29 15:46:00,700000,11.499
2026/04/29 15:46:00,701000,11.499
2026/04/29 15:46:00,702000,11.496
2026/04/29 15:46:00,703000,11.496
2026/04/29 15:46:00,704000,11.496
2026/04/29 15:46:00,705000,11.490
2026/04/29 15:46:00,706000,11.487
2026/04/29 15:46:00,707000,11.499
2026/04/29 15:46:00,708000,11.493
2026/04/29 15:46:00,709000,11.496
2026/04/29 15:46:00,710000,11.501
2026/04/29 15:46:00,711000,11.499
2026/04/29 15:46:00,712000,11.493
2026/04/29 15:46:00,713000,11.499
2026/04/29 15:46:00,714000,11.493
2026/04/29 15:46:00,715000,11.493
2026/04/29 15:46:00,716000,11.499
2026/04/29 15:46:00,717000,11.499
2026/04/29 15:46:00,718000,11.490
2026/04/29 15:46:00,719000,11.499
2026/04/29 15:46:00,720000,11.501
2026/04/29 15:46:00,721000,11.493
2026/04/29 15:46:00,722000,11.493
2026/04/29 15:46:00,723000,11.499
2026/04/29 15:46:00,724000,11.499
2026/04/29 15:46:00,725000,11.499
2026/04/29 15:46:00,726000,11.493
2026/04/29 15:46:00,727000,11.493
2026/04/29 15:46:00,728000,11.493
2026/04/29 15:46:00,729000,11.493
2026/04/29 15:46:00,730000,11.493
2026/04/29 15:46:00,731000,11.496
2026/04/29 15:46:00,732000,11.496
2026/04/29 15:46:00,733000,11.504
2026/04/29 15:46:00,734000,11.501
2026/04/29 15:46:00,735000,11.501
2026/04/29 15:46:00,736000,11.496
2026/04/29 15:46:00,737000,11.501
2026/04/29 15:46:00,738000,11.499
2026/04/29 15:46:00,739000,11.499
2026/04/29 15:46:00,740000,11.504
2026/04/29 15:46:00,741000,11.493
2026/04/29 15:46:00,742000,11.499
2026/04/29 15:46:00,743000,11.501
2026/04/29 15:46:00,744000,11.496
2026/04/29 15:46:00,745000,11.499
2026/04/29 15:46:00,746000,11.493
2026/04/29 15:46:00,747000,11.507
2026/04/29 15:46:00,748000,11.504
2026/04/29 15:46:00,749000,11.496
2026/04/29 15:46:00,750000,11.499
2026/04/29 15:46:00,751000,11.493
2026/04/29 15:46:00,752000,11.493
2026/04/29 15:46:00,753000,11.496
2026/04/29 15:46:00,754000,11.496
2026/04/29 15:46:00,755000,11.496
2026/04/29 15:46:00,756000,11.501
2026/04/29 15:46:00,757000,11.499
2026/04/29 15:46:00,758000,11.499
2026/04/29 15:46:00,759000,11.499
2026/04/29 15:46:00,760000,11.499
2026/04/29 15:46:00,761000,11.499
2026/04/29 15:46:00,762000,11.499
2026/04/29 15:46:00,763000,11.499
2026/04/29 15:46:00,764000,11.504
2026/04/29 15:46:00,765000,11.499
2026/04/29 15:46:00,766000,11.499
2026/04/29 15:46:00,767000,11.496
2026/04/29 15:46:00,768000,11.499
2026/04/29 15:46:00,769000,11.501
2026/04/29 15:46:00,770000,11.496
2026/04/29 15:46:00,771000,11.496
2026/04/29 15:46:00,772000,11.493
2026/04/29 15:46:00,773000,11.496
2026/04/29 15:46:00,774000,11.496
2026/04/29 15:46:00,775000,11.496
2026/04/29 15:46:00,776000,11.501
2026/04/29 15:46:00,777000,11.499
2026/04/29 15:46:00,778000,11.499
2026/04/29 15:46:00,779000,11.496
2026/04/29 15:46:00,780000,11.501
2026/04/29 15:46:00,781000,11.499
2026/04/29 15:46:00,782000,11.499
2026/04/29 15:46:00,783000,11.499
2026/04/29 15:46:00,784000,11.499
2026/04/29 15:46:00,785000,11.493
2026/04/29 15:46:00,786000,11.499
2026/04/29 15:46:00,787000,11.496
2026/04/29 15:46:00,788000,11.499
2026/04/29 15:46:00,789000,11.499
2026/04/29 15:46:00,790000,11.504
2026/04/29 15:46:00,791000,11.490
2026/04/29 15:46:00,792000,11.499
2026/04/29 15:46:00,793000,11.499
2026/04/29 15:46:00,794000,11.496
2026/04/29 15:46:00,795000,11.499
2026/04/29 15:46:00,796000,11.493
2026/04/29 15:46:00,797000,11.496
2026/04/29 15:46:00,798000,11.504
2026/04/29 15:46:00,799000,11.496
2026/04/29 15:46:00,800000,11.490
2026/04/29 15:46:00,801000,11.501
2026/04/29 15:46:00,802000,11.507
2026/04/29 15:46:00,803000,11.499
2026/04/29 15:46:00,804000,11.496
2026/04/29 15:46:00,805000,11.496
2026/04/29 15:46:00,806000,11.499
2026/04/29 15:46:00,807000,11.499
2026/04/29 15:46:00,808000,11.493
2026/04/29 15:46:00,809000,11.499
2026/04/29 15:46:00,810000,11.501
2026/04/29 15:46:00,811000,11.496
2026/04/29 15:46:00,812000,11.493
2026/04/29 15:46:00,813000,11.496
2026/04/29 15:46:00,814000,11.501
2026/04/29 15:46:00,815000,11.499
2026/04/29 15:46:00,816000,11.496
2026/04/29 15:46:00,817000,11.501
2026/04/29 15:46:00,818000,11.499
2026/04/29 15:46:00,819000,11.499
2026/04/29 15:46:00,820000,11.499
2026/04/29 15:46:00,821000,11.501
2026/04/29 15:46:00,822000,11.493
2026/04/29 15:46:00,823000,11.493
2026/04/29 15:46:00,824000,11.496
2026/04/29 15:46:00,825000,11.493
2026/04/29 15:46:00,826000,11.493
2026/04/29 15:46:00,827000,11.496
2026/04/29 15:46:00,828000,11.499
2026/04/29 15:46:00,829000,11.501
2026/04/29 15:46:00,830000,11.499
2026/04/29 15:46:00,831000,11.493
2026/04/29 15:46:00,832000,11.499
2026/04/29 15:46:00,833000,11.504
2026/04/29 15:46:00,834000,11.496
2026/04/29 15:46:00,835000,11.501
2026/04/29 15:46:00,836000,11.496
2026/04/29 15:46:00,837000,11.501
2026/04/29 15:46:00,838000,11.499
2026/04/29 15:46:00,839000,11.499
2026/04/29 15:46:00,840000,11.493
2026/04/29 15:46:00,841000,11.496
2026/04/29 15:46:00,842000,11.499
2026/04/29 15:46:00,843000,11.496
2026/04/29 15:46:00,844000,11.496
2026/04/29 15:46:00,845000,11.496
2026/04/29 15:46:00,846000,11.496
2026/04/29 15:46:00,847000,11.499
2026/04/29 15:46:00,848000,11.501
2026/04/29 15:46:00,849000,11.501
2026/04/29 15:46:00,850000,11.501
2026/04/29 15:46:00,851000,11.501
2026/04/29 15:46:00,852000,11.493
2026/04/29 15:46:00,853000,11.501
2026/04/29 15:46:00,854000,11.501
2026/04/29 15:46:00,855000,11.496
2026/04/29 15:46:00,856000,11.499
2026/04/29 15:46:00,857000,11.496
2026/04/29 15:46:00,858000,11.493
2026/04/29 15:46:00,859000,11.499
2026/04/29 15:46:00,860000,11.499
2026/04/29 15:46:00,861000,11.499
2026/04/29 15:46:00,862000,11.501
2026/04/29 15:46:00,863000,11.504
2026/04/29 15:46:00,864000,11.499
2026/04/29 15:46:00,865000,11.496
2026/04/29 15:46:00,866000,11.501
2026/04/29 15:46:00,867000,11.496
2026/04/29 15:46:00,868000,11.499
2026/04/29 15:46:00,869000,11.496
2026/04/29 15:46:00,870000,11.493
2026/04/29 15:46:00,871000,11.499
2026/04/29 15:46:00,872000,11.496
2026/04/29 15:46:00,873000,11.501
2026/04/29 15:46:00,874000,11.501
2026/04/29 15:46:00,875000,11.499
2026/04/29 15:46:00,876000,11.501
2026/04/29 15:46:00,877000,11.501
2026/04/29 15:46:00,878000,11.504
2026/04/29 15:46:00,879000,11.499
2026/04/29 15:46:00,880000,11.504
2026/04/29 15:46:00,881000,11.496
2026/04/29 15:46:00,882000,11.496
2026/04/29 15:46:00,883000,11.496
2026/04/29 15:46:00,884000,11.496
2026/04/29 15:46:00,885000,11.493
2026/04/29 15:46:00,886000,11.501
2026/04/29 15:46:00,887000,11.493
2026/04/29 15:46:00,888000,11.493
2026/04/29 15:46:00,889000,11.496
2026/04/29 15:46:00,890000,11.499
2026/04/29 15:46:00,891000,11.499
2026/04/29 15:46:00,892000,11.499
2026/04/29 15:46:00,893000,11.496
2026/04/29 15:46:00,894000,11.501
2026/04/29 15:46:00,895000,11.499
2026/04/29 15:46:00,896000,11.501
2026/04/29 15:46:00,897000,11.496
2026/04/29 15:46:00,898000,11.496
2026/04/29 15:46:00,899000,11.499
2026/04/29 15:46:00,900000,11.496
2026/04/29 15:46:00,901000,11.493
2026/04/29 15:46:00,902000,11.496
2026/04/29 15:46:00,903000,11.496
2026/04/29 15:46:00,904000,11.499
2026/04/29 15:46:00,905000,11.499
2026/04/29 15:46:00,906000,11.496
2026/04/29 15:46:00,907000,11.496
2026/04/29 15:46:00,908000,11.501
2026/04/29 15:46:00,909000,11.501
2026/04/29 15:46:00,910000,11.496
2026/04/29 15:46:00,911000,11.490
2026/04/29 15:46:00,912000,11.496
2026/04/29 15:46:00,913000,11.501
2026/04/29 15:46:00,914000,11.496
2026/04/29 15:46:00,915000,11.493
2026/04/29 15:46:00,916000,11.504
2026/04/29 15:46:00,917000,11.499
2026/04/29 15:46:00,918000,11.493
2026/04/29 15:46:00,919000,11.501
2026/04/29 15:46:00,920000,11.499
2026/04/29 15:46:00,921000,11.501
2026/04/29 15:46:00,922000,11.501
2026/04/29 15:46:00,923000,11.501
2026/04/29 15:46:00,924000,11.499
2026/04/29 15:46:00,925000,11.499
2026/04/29 15:46:00,926000,11.499
2026/04/29 15:46:00,927000,11.493
2026/04/29 15:46:00,928000,11.499
2026/04/29 15:46:00,929000,11.499
2026/04/29 15:46:00,930000,11.499
2026/04/29 15:46:00,931000,11.501
2026/04/29 15:46:00,932000,11.493
2026/04/29 15:46:00,933000,11.490
2026/04/29 15:46:00,934000,11.493
2026/04/29 15:46:00,935000,11.499
2026/04/29 15:46:00,936000,11.493
2026/04/29 15:46:00,937000,11.501
2026/04/29 15:46:00,938000,11.499
2026/04/29 15:46:00,939000,11.493
2026/04/29 15:46:00,940000,11.496
2026/04/29 15:46:00,941000,11.504
2026/04/29 15:46:00,942000,11.493
2026/04/29 15:46:00,943000,11.499
2026/04/29 15:46:00,944000,11.496
2026/04/29 15:46:00,945000,11.499
2026/04/29 15:46:00,946000,11.499
2026/04/29 15:46:00,947000,11.499
2026/04/29 15:46:00,948000,11.496
2026/04/29 15:46:00,949000,11.493
2026/04/29 15:46:00,950000,11.493
2026/04/29 15:46:00,951000,11.499
2026/04/29 15:46:00,952000,11.501
2026/04/29 15:46:00,953000,11.496
2026/04/29 15:46:00,954000,11.493
2026/04/29 15:46:00,955000,11.504
2026/04/29 15:46:00,956000,11.501
2026/04/29 15:46:00,957000,11.496
2026/04/29 15:46:00,958000,11.496
2026/04/29 15:46:00,959000,11.493
2026/04/29 15:46:00,960000,11.493
2026/04/29 15:46:00,961000,11.496
2026/04/29 15:46:00,962000,11.499
2026/04/29 15:46:00,963000,11.501
2026/04/29 15:46:00,964000,11.496
2026/04/29 15:46:00,965000,11.496
2026/04/29 15:46:00,966000,11.490
2026/04/29 15:46:00,967000,11.504
2026/04/29 15:46:00,968000,11.496
2026/04/29 15:46:00,969000,11.499
2026/04/29 15:46:00,970000,11.496
2026/04/29 15:46:00,971000,11.496
2026/04/29 15:46:00,972000,11.496
2026/04/29 15:46:00,973000,11.499
2026/04/29 15:46:00,974000,11.499
2026/04/29 15:46:00,975000,11.504
2026/04/29 15:46:00,976000,11.499
2026/04/29 15:46:00,977000,11.499
2026/04/29 15:46:00,978000,11.501
2026/04/29 15:46:00,979000,11.496
2026/04/29 15:46:00,980000,11.496
2026/04/29 15:46:00,981000,11.501
2026/04/29 15:46:00,982000,11.501
2026/04/29 15:46:00,983000,11.499
2026/04/29 15:46:00,984000,11.501
2026/04/29 15:46:00,985000,11.499
2026/04/29 15:46:00,986000,11.499
2026/04/29 15:46:00,987000,11.504
2026/04/29 15:46:00,988000,11.501
2026/04/29 15:46:00,989000,11.499
2026/04/29 15:46:00,990000,11.490
2026/04/29 15:46:00,991000,11.493
2026/04/29 15:46:00,992000,11.501
2026/04/29 15:46:00,993000,11.499
2026/04/29 15:46:00,994000,11.499
2026/04/29 15:46:00,995000,11.493
2026/04/29 15:46:00,996000,11.501
2026/04/29 15:46:00,997000,11.493
2026/04/29 15:46:00,998000,11.493
2026/04/29 15:46:00,999000,11.499
2026/04/29 15:46:01,000000,11.496
2026/04/29 15:46:01,001000,11.499
2026/04/29 15:46:01,002000,11.493
2026/04/29 15:46:01,003000,11.501
2026/04/29 15:46:01,004000,11.501
2026/04/29 15:46:01,005000,11.504
2026/04/29 15:46:01,006000,11.496
2026/04/29 15:46:01,007000,11.496
2026/04/29 15:46:01,008000,11.501
2026/04/29 15:46:01,009000,11.496
2026/04/29 15:46:01,010000,11.501
2026/04/29 15:46:01,011000,11.499
2026/04/29 15:46:01,012000,11.499
2026/04/29 15:46:01,013000,11.493
2026/04/29 15:46:01,014000,11.499
2026/04/29 15:46:01,015000,11.499
2026/04/29 15:46:01,016000,11.499
2026/04/29 15:46:01,017000,11.501
2026/04/29 15:46:01,018000,11.496
2026/04/29 15:46:01,019000,11.496
2026/04/29 15:46:01,020000,11.499
2026/04/29 15:46:01,021000,11.501
2026/04/29 15:46:01,022000,11.499
2026/04/29 15:46:01,023000,11.501
2026/04/29 15:46:01,024000,11.501
2026/04/29 15:46:01,025000,11.501
2026/04/29 15:46:01,026000,11.499
2026/04/29 15:46:01,027000,11.499
2026/04/29 15:46:01,028000,11.493
2026/04/29 15:46:01,029000,11.499
2026/04/29 15:46:01,030000,11.493
2026/04/29 15:46:01,031000,11.496
2026/04/29 15:46:01,032000,11.499
2026/04/29 15:46:01,033000,11.499
2026/04/29 15:46:01,034000,11.496
2026/04/29 15:46:01,035000,11.493
2026/04/29 15:46:01,036000,11.496
2026/04/29 15:46:01,037000,11.499
2026/04/29 15:46:01,038000,11.496
2026/04/29 15:46:01,039000,11.499
2026/04/29 15:46:01,040000,11.504
2026/04/29 15:46:01,041000,11.499
2026/04/29 15:46:01,042000,11.499
2026/04/29 15:46:01,043000,11.493
2026/04/29 15:46:01,044000,11.499
2026/04/29 15:46:01,045000,11.501
2026/04/29 15:46:01,046000,11.499
2026/04/29 15:46:01,047000,11.493
2026/04/29 15:46:01,048000,11.496
2026/04/29 15:46:01,049000,11.499
2026/04/29 15:46:01,050000,11.501
2026/04/29 15:46:01,051000,11.499
2026/04/29 15:46:01,052000,11.496
2026/04/29 15:46:01,053000,11.493
2026/04/29 15:46:01,054000,11.501
2026/04/29 15:46:01,055000,11.501
2026/04/29 15:46:01,056000,11.501
2026/04/29 15:46:01,057000,11.493
2026/04/29 15:46:01,058000,11.499
2026/04/29 15:46:01,059000,11.499
2026/04/29 15:46:01,060000,11.493
2026/04/29 15:46:01,061000,11.499
2026/04/29 15:46:01,062000,11.504
2026/04/29 15:46:01,063000,11.496
2026/04/29 15:46:01,064000,11.496
2026/04/29 15:46:01,065000,11.499
2026/04/29 15:46:01,066000,11.499
2026/04/29 15:46:01,067000,11.493
2026/04/29 15:46:01,068000,11.493
2026/04/29 15:46:01,069000,11.496
2026/04/29 15:46:01,070000,11.496
2026/04/29 15:46:01,071000,11.501
2026/04/29 15:46:01,072000,11.493
2026/04/29 15:46:01,073000,11.501
2026/04/29 15:46:01,074000,11.499
2026/04/29 15:46:01,075000,11.499
2026/04/29 15:46:01,076000,11.490
2026/04/29 15:46:01,077000,11.496
2026/04/29 15:46:01,078000,11.501
2026/04/29 15:46:01,079000,11.496
2026/04/29 15:46:01,080000,11.499
2026/04/29 15:46:01,081000,11.507
2026/04/29 15:46:01,082000,11.493
2026/04/29 15:46:01,083000,11.499
2026/04/29 15:46:01,084000,11.501
2026/04/29 15:46:01,085000,11.499
2026/04/29 15:46:01,086000,11.493
2026/04/29 15:46:01,087000,11.493
2026/04/29 15:46:01,088000,11.496
2026/04/29 15:46:01,089000,11.504
2026/04/29 15:46:01,090000,11.499
2026/04/29 15:46:01,091000,11.499
2026/04/29 15:46:01,092000,11.496
2026/04/29 15:46:01,093000,11.496
2026/04/29 15:46:01,094000,11.493
2026/04/29 15:46:01,095000,11.501
2026/04/29 15:46:01,096000,11.499
2026/04/29 15:46:01,097000,11.496
2026/04/29 15:46:01,098000,11.501
2026/04/29 15:46:01,099000,11.496
2026/04/29 15:46:01,100000,11.496
2026/04/29 15:46:01,101000,11.499
2026/04/29 15:46:01,102000,11.499
2026/04/29 15:46:01,103000,11.504
2026/04/29 15:46:01,104000,11.496
2026/04/29 15:46:01,105000,11.501
2026/04/29 15:46:01,106000,11.499
2026/04/29 15:46:01,107000,11.496
2026/04/29 15:46:01,108000,11.496
2026/04/29 15:46:01,109000,11.499
2026/04/29 15:46:01,110000,11.499
2026/04/29 15:46:01,111000,11.496
2026/04/29 15:46:01,112000,11.499
2026/04/29 15:46:01,113000,11.490
2026/04/29 15:46:01,114000,11.504
2026/04/29 15:46:01,115000,11.496
2026/04/29 15:46:01,116000,11.496
2026/04/29 15:46:01,117000,11.501
2026/04/29 15:46:01,118000,11.496
2026/04/29 15:46:01,119000,11.496
2026/04/29 15:46:01,120000,11.493
2026/04/29 15:46:01,121000,11.499
2026/04/29 15:46:01,122000,11.501
2026/04/29 15:46:01,123000,11.501
2026/04/29 15:46:01,124000,11.504
2026/04/29 15:46:01,125000,11.493
2026/04/29 15:46:01,126000,11.490
2026/04/29 15:46:01,127000,11.501
2026/04/29 15:46:01,128000,11.501
2026/04/29 15:46:01,129000,11.504
2026/04/29 15:46:01,130000,11.496
2026/04/29 15:46:01,131000,11.499
2026/04/29 15:46:01,132000,11.501
2026/04/29 15:46:01,133000,11.496
2026/04/29 15:46:01,134000,11.493
2026/04/29 15:46:01,135000,11.499
2026/04/29 15:46:01,136000,11.501
2026/04/29 15:46:01,137000,11.499
2026/04/29 15:46:01,138000,11.493
2026/04/29 15:46:01,139000,11.504
2026/04/29 15:46:01,140000,11.499
2026/04/29 15:46:01,141000,11.499
2026/04/29 15:46:01,142000,11.496
2026/04/29 15:46:01,143000,11.501
2026/04/29 15:46:01,144000,11.499
2026/04/29 15:46:01,145000,11.501
2026/04/29 15:46:01,146000,11.493
2026/04/29 15:46:01,147000,11.493
2026/04/29 15:46:01,148000,11.499
2026/04/29 15:46:01,149000,11.493
2026/04/29 15:46:01,150000,11.501
2026/04/29 15:46:01,151000,11.499
2026/04/29 15:46:01,152000,11.496
2026/04/29 15:46:01,153000,11.504
2026/04/29 15:46:01,154000,11.501
2026/04/29 15:46:01,155000,11.493
2026/04/29 15:46:01,156000,11.501
2026/04/29 15:46:01,157000,11.499
2026/04/29 15:46:01,158000,11.504
2026/04/29 15:46:01,159000,11.504
2026/04/29 15:46:01,160000,11.493
2026/04/29 15:46:01,161000,11.496
2026/04/29 15:46:01,162000,11.496
2026/04/29 15:46:01,163000,11.496
2026/04/29 15:46:01,164000,11.493
2026/04/29 15:46:01,165000,11.496
2026/04/29 15:46:01,166000,11.493
2026/04/29 15:46:01,167000,11.496
2026/04/29 15:46:01,168000,11.499
2026/04/29 15:46:01,169000,11.501
2026/04/29 15:46:01,170000,11.496
2026/04/29 15:46:01,171000,11.499
2026/04/29 15:46:01,172000,11.493
2026/04/29 15:46:01,173000,11.499
2026/04/29 15:46:01,174000,11.499
2026/04/29 15:46:01,175000,11.493
2026/04/29 15:46:01,176000,11.493
2026/04/29 15:46:01,177000,11.499
2026/04/29 15:46:01,178000,11.504
2026/04/29 15:46:01,179000,11.501
2026/04/29 15:46:01,180000,11.501
2026/04/29 15:46:01,181000,11.496
2026/04/29 15:46:01,182000,11.501
2026/04/29 15:46:01,183000,11.496
2026/04/29 15:46:01,184000,11.501
2026/04/29 15:46:01,185000,11.499
2026/04/29 15:46:01,186000,11.501
2026/04/29 15:46:01,187000,11.504
2026/04/29 15:46:01,188000,11.501
2026/04/29 15:46:01,189000,11.499
2026/04/29 15:46:01,190000,11.504
2026/04/29 15:46:01,191000,11.499
2026/04/29 15:46:01,192000,11.501
2026/04/29 15:46:01,193000,11.496
2026/04/29 15:46:01,194000,11.499
2026/04/29 15:46:01,195000,11.504
2026/04/29 15:46:01,196000,11.496
2026/04/29 15:46:01,197000,11.496
2026/04/29 15:46:01,198000,11.493
2026/04/29 15:46:01,199000,11.501
2026/04/29 15:46:01,200000,11.496
2026/04/29 15:46:01,201000,11.499
2026/04/29 15:46:01,202000,11.499
2026/04/29 15:46:01,203000,11.501
2026/04/29 15:46:01,204000,11.493
2026/04/29 15:46:01,205000,11.501
2026/04/29 15:46:01,206000,11.493
2026/04/29 15:46:01,207000,11.496
2026/04/29 15:46:01,208000,11.501
2026/04/29 15:46:01,209000,11.507
2026/04/29 15:46:01,210000,11.501
2026/04/29 15:46:01,211000,11.504
2026/04/29 15:46:01,212000,11.493
2026/04/29 15:46:01,213000,11.499
2026/04/29 15:46:01,214000,11.504
2026/04/29 15:46:01,215000,11.499
2026/04/29 15:46:01,216000,11.499
2026/04/29 15:46:01,217000,11.499
2026/04/29 15:46:01,218000,11.501
2026/04/29 15:46:01,219000,11.501
2026/04/29 15:46:01,220000,11.501
2026/04/29 15:46:01,221000,11.493
2026/04/29 15:46:01,222000,11.493
2026/04/29 15:46:01,223000,11.496
2026/04/29 15:46:01,224000,11.501
2026/04/29 15:46:01,225000,11.496
2026/04/29 15:46:01,226000,11.499
2026/04/29 15:46:01,227000,11.493
2026/04/29 15:46:01,228000,11.496
2026/04/29 15:46:01,229000,11.499
2026/04/29 15:46:01,230000,11.493
2026/04/29 15:46:01,231000,11.499
2026/04/29 15:46:01,232000,11.499
2026/04/29 15:46:01,233000,11.490
2026/04/29 15:46:01,234000,11.493
2026/04/29 15:46:01,235000,11.496
2026/04/29 15:46:01,236000,11.493
2026/04/29 15:46:01,237000,11.499
2026/04/29 15:46:01,238000,11.496
2026/04/29 15:46:01,239000,11.496
2026/04/29 15:46:01,240000,11.499
2026/04/29 15:46:01,241000,11.499
2026/04/29 15:46:01,242000,11.496
2026/04/29 15:46:01,243000,11.499
2026/04/29 15:46:01,244000,11.499
2026/04/29 15:46:01,245000,11.501
2026/04/29 15:46:01,246000,11.501
2026/04/29 15:46:01,247000,11.501
2026/04/29 15:46:01,248000,11.501
2026/04/29 15:46:01,249000,11.496
2026/04/29 15:46:01,250000,11.499
2026/04/29 15:46:01,251000,11.504
2026/04/29 15:46:01,252000,11.504
2026/04/29 15:46:01,253000,11.501
2026/04/29 15:46:01,254000,11.493
2026/04/29 15:46:01,255000,11.499
2026/04/29 15:46:01,256000,11.496
2026/04/29 15:46:01,257000,11.504
2026/04/29 15:46:01,258000,11.501
2026/04/29 15:46:01,259000,11.501
2026/04/29 15:46:01,260000,11.501
2026/04/29 15:46:01,261000,11.499
2026/04/29 15:46:01,262000,11.496
2026/04/29 15:46:01,263000,11.501
2026/04/29 15:46:01,264000,11.493
2026/04/29 15:46:01,265000,11.501
2026/04/29 15:46:01,266000,11.493
2026/04/29 15:46:01,267000,11.496
2026/04/29 15:46:01,268000,11.499
2026/04/29 15:46:01,269000,11.499
2026/04/29 15:46:01,270000,11.501
2026/04/29 15:46:01,271000,11.501
2026/04/29 15:46:01,272000,11.499
2026/04/29 15:46:01,273000,11.501
2026/04/29 15:46:01,274000,11.499
2026/04/29 15:46:01,275000,11.493
2026/04/29 15:46:01,276000,11.496
2026/04/29 15:46:01,277000,11.496
2026/04/29 15:46:01,278000,11.501
2026/04/29 15:46:01,279000,11.499
2026/04/29 15:46:01,280000,11.504
2026/04/29 15:46:01,281000,11.499
2026/04/29 15:46:01,282000,11.499
2026/04/29 15:46:01,283000,11.501
2026/04/29 15:46:01,284000,11.501
2026/04/29 15:46:01,285000,11.501
2026/04/29 15:46:01,286000,11.501
2026/04/29 15:46:01,287000,11.493
2026/04/29 15:46:01,288000,11.496
2026/04/29 15:46:01,289000,11.496
2026/04/29 15:46:01,290000,11.499
2026/04/29 15:46:01,291000,11.499
2026/04/29 15:46:01,292000,11.493
2026/04/29 15:46:01,293000,11.499
2026/04/29 15:46:01,294000,11.496
2026/04/29 15:46:01,295000,11.499
2026/04/29 15:46:01,296000,11.504
2026/04/29 15:46:01,297000,11.499
2026/04/29 15:46:01,298000,11.507
2026/04/29 15:46:01,299000,11.493
2026/04/29 15:46:01,300000,11.501
2026/04/29 15:46:01,301000,11.496
2026/04/29 15:46:01,302000,11.501
2026/04/29 15:46:01,303000,11.504
2026/04/29 15:46:01,304000,11.499
2026/04/29 15:46:01,305000,11.499
2026/04/29 15:46:01,306000,11.499
2026/04/29 15:46:01,307000,11.504
2026/04/29 15:46:01,308000,11.504
2026/04/29 15:46:01,309000,11.501
2026/04/29 15:46:01,310000,11.504
2026/04/29 15:46:01,311000,11.504
2026/04/29 15:46:01,312000,11.501
2026/04/29 15:46:01,313000,11.501
2026/04/29 15:46:01,314000,11.501
2026/04/29 15:46:01,315000,11.499
2026/04/29 15:46:01,316000,11.499
2026/04/29 15:46:01,317000,11.499
2026/04/29 15:46:01,318000,11.493
2026/04/29 15:46:01,319000,11.501
2026/04/29 15:46:01,320000,11.501
2026/04/29 15:46:01,321000,11.504
2026/04/29 15:46:01,322000,11.499
2026/04/29 15:46:01,323000,11.493
2026/04/29 15:46:01,324000,11.501
2026/04/29 15:46:01,325000,11.493
2026/04/29 15:46:01,326000,11.504
2026/04/29 15:46:01,327000,11.501
2026/04/29 15:46:01,328000,11.499
2026/04/29 15:46:01,329000,11.501
2026/04/29 15:46:01,330000,11.504
2026/04/29 15:46:01,331000,11.504
2026/04/29 15:46:01,332000,11.501
2026/04/29 15:46:01,333000,11.496
2026/04/29 15:46:01,334000,11.501
2026/04/29 15:46:01,335000,11.499
2026/04/29 15:46:01,336000,11.496
2026/04/29 15:46:01,337000,11.499
2026/04/29 15:46:01,338000,11.499
2026/04/29 15:46:01,339000,11.501
2026/04/29 15:46:01,340000,11.496
2026/04/29 15:46:01,341000,11.501
2026/04/29 15:46:01,342000,11.499
2026/04/29 15:46:01,343000,11.496
2026/04/29 15:46:01,344000,11.499
2026/04/29 15:46:01,345000,11.499
2026/04/29 15:46:01,346000,11.499
2026/04/29 15:46:01,347000,11.499
2026/04/29 15:46:01,348000,11.501
2026/04/29 15:46:01,349000,11.499
2026/04/29 15:46:01,350000,11.501
2026/04/29 15:46:01,351000,11.499
2026/04/29 15:46:01,352000,11.496
2026/04/29 15:46:01,353000,11.499
2026/04/29 15:46:01,354000,11.499
2026/04/29 15:46:01,355000,11.501
2026/04/29 15:46:01,356000,11.493
2026/04/29 15:46:01,357000,11.496
2026/04/29 15:46:01,358000,11.493
2026/04/29 15:46:01,359000,11.496
2026/04/29 15:46:01,360000,11.496
2026/04/29 15:46:01,361000,11.493
2026/04/29 15:46:01,362000,11.510
2026/04/29 15:46:01,363000,11.499
2026/04/29 15:46:01,364000,11.499
2026/04/29 15:46:01,365000,11.499
2026/04/29 15:46:01,366000,11.499
2026/04/29 15:46:01,367000,11.496
2026/04/29 15:46:01,368000,11.507
2026/04/29 15:46:01,369000,11.499
2026/04/29 15:46:01,370000,11.499
2026/04/29 15:46:01,371000,11.501
2026/04/29 15:46:01,372000,11.493
2026/04/29 15:46:01,373000,11.501
2026/04/29 15:46:01,374000,11.501
2026/04/29 15:46:01,375000,11.499
2026/04/29 15:46:01,376000,11.496
2026/04/29 15:46:01,377000,11.501
2026/04/29 15:46:01,378000,11.493
2026/04/29 15:46:01,379000,11.504
2026/04/29 15:46:01,380000,11.501
2026/04/29 15:46:01,381000,11.499
2026/04/29 15:46:01,382000,11.501
2026/04/29 15:46:01,383000,11.501
2026/04/29 15:46:01,384000,11.501
2026/04/29 15:46:01,385000,11.499
2026/04/29 15:46:01,386000,11.496
2026/04/29 15:46:01,387000,11.496
2026/04/29 15:46:01,388000,11.499
2026/04/29 15:46:01,389000,11.496
2026/04/29 15:46:01,390000,11.499
2026/04/29 15:46:01,391000,11.499
2026/04/29 15:46:01,392000,11.501
2026/04/29 15:46:01,393000,11.501
2026/04/29 15:46:01,394000,11.493
2026/04/29 15:46:01,395000,11.493
2026/04/29 15:46:01,396000,11.504
2026/04/29 15:46:01,397000,11.499
2026/04/29 15:46:01,398000,11.496
2026/04/29 15:46:01,399000,11.493
2026/04/29 15:46:01,400000,11.501
2026/04/29 15:46:01,401000,11.499
2026/04/29 15:46:01,402000,11.493
2026/04/29 15:46:01,403000,11.499
2026/04/29 15:46:01,404000,11.499
2026/04/29 15:46:01,405000,11.499
2026/04/29 15:46:01,406000,11.496
2026/04/29 15:46:01,407000,11.501
2026/04/29 15:46:01,408000,11.499
2026/04/29 15:46:01,409000,11.499
2026/04/29 15:46:01,410000,11.499
2026/04/29 15:46:01,411000,11.501
2026/04/29 15:46:01,412000,11.493
2026/04/29 15:46:01,413000,11.504
2026/04/29 15:46:01,414000,11.493
2026/04/29 15:46:01,415000,11.499
2026/04/29 15:46:01,416000,11.501
2026/04/29 15:46:01,417000,11.499
2026/04/29 15:46:01,418000,11.499
2026/04/29 15:46:01,419000,11.501
2026/04/29 15:46:01,420000,11.499
2026/04/29 15:46:01,421000,11.501
2026/04/29 15:46:01,422000,11.501
2026/04/29 15:46:01,423000,11.499
2026/04/29 15:46:01,424000,11.501
2026/04/29 15:46:01,425000,11.501
2026/04/29 15:46:01,426000,11.499
2026/04/29 15:46:01,427000,11.504
2026/04/29 15:46:01,428000,11.499
2026/04/29 15:46:01,429000,11.496
2026/04/29 15:46:01,430000,11.493
2026/04/29 15:46:01,431000,11.501
2026/04/29 15:46:01,432000,11.493
2026/04/29 15:46:01,433000,11.499
2026/04/29 15:46:01,434000,11.501
2026/04/29 15:46:01,435000,11.501
2026/04/29 15:46:01,436000,11.499
2026/04/29 15:46:01,437000,11.501
2026/04/29 15:46:01,438000,11.501
2026/04/29 15:46:01,439000,11.499
2026/04/29 15:46:01,440000,11.510
2026/04/29 15:46:01,441000,11.499
2026/04/29 15:46:01,442000,11.499
2026/04/29 15:46:01,443000,11.501
2026/04/29 15:46:01,444000,11.501
2026/04/29 15:46:01,445000,11.499
2026/04/29 15:46:01,446000,11.504
2026/04/29 15:46:01,447000,11.499
2026/04/29 15:46:01,448000,11.493
2026/04/29 15:46:01,449000,11.499
2026/04/29 15:46:01,450000,11.496
2026/04/29 15:46:01,451000,11.501
2026/04/29 15:46:01,452000,11.499
2026/04/29 15:46:01,453000,11.490
2026/04/29 15:46:01,454000,11.501
2026/04/29 15:46:01,455000,11.496
2026/04/29 15:46:01,456000,11.499
2026/04/29 15:46:01,457000,11.496
2026/04/29 15:46:01,458000,11.499
2026/04/29 15:46:01,459000,11.493
2026/04/29 15:46:01,460000,11.501
2026/04/29 15:46:01,461000,11.507
2026/04/29 15:46:01,462000,11.496
2026/04/29 15:46:01,463000,11.504
2026/04/29 15:46:01,464000,11.496
2026/04/29 15:46:01,465000,11.496
2026/04/29 15:46:01,466000,11.496
2026/04/29 15:46:01,467000,11.499
2026/04/29 15:46:01,468000,11.499
2026/04/29 15:46:01,469000,11.496
2026/04/29 15:46:01,470000,11.499
2026/04/29 15:46:01,471000,11.499
2026/04/29 15:46:01,472000,11.490
2026/04/29 15:46:01,473000,11.499
2026/04/29 15:46:01,474000,11.507
2026/04/29 15:46:01,475000,11.499
2026/04/29 15:46:01,476000,11.493
2026/04/29 15:46:01,477000,11.499
2026/04/29 15:46:01,478000,11.490
2026/04/29 15:46:01,479000,11.496
2026/04/29 15:46:01,480000,11.499
2026/04/29 15:46:01,481000,11.501
2026/04/29 15:46:01,482000,11.501
2026/04/29 15:46:01,483000,11.496
2026/04/29 15:46:01,484000,11.499
2026/04/29 15:46:01,485000,11.499
2026/04/29 15:46:01,486000,11.493
2026/04/29 15:46:01,487000,11.507
2026/04/29 15:46:01,488000,11.507
2026/04/29 15:46:01,489000,11.496
2026/04/29 15:46:01,490000,11.501
2026/04/29 15:46:01,491000,11.493
2026/04/29 15:46:01,492000,11.493
2026/04/29 15:46:01,493000,11.504
2026/04/29 15:46:01,494000,11.501
2026/04/29 15:46:01,495000,11.496
2026/04/29 15:46:01,496000,11.501
2026/04/29 15:46:01,497000,11.496
2026/04/29 15:46:01,498000,11.501
2026/04/29 15:46:01,499000,11.490
2026/04/29 15:46:01,500000,11.496
2026/04/29 15:46:01,501000,11.496
2026/04/29 15:46:01,502000,11.501
2026/04/29 15:46:01,503000,11.499
2026/04/29 15:46:01,504000,11.501
2026/04/29 15:46:01,505000,11.493
2026/04/29 15:46:01,506000,11.501
2026/04/29 15:46:01,507000,11.499
2026/04/29 15:46:01,508000,11.493
2026/04/29 15:46:01,509000,11.501
2026/04/29 15:46:01,510000,11.499
2026/04/29 15:46:01,511000,11.496
2026/04/29 15:46:01,512000,11.496
2026/04/29 15:46:01,513000,11.490
2026/04/29 15:46:01,514000,11.496
2026/04/29 15:46:01,515000,11.496
2026/04/29 15:46:01,516000,11.499
2026/04/29 15:46:01,517000,11.499
2026/04/29 15:46:01,518000,11.499
2026/04/29 15:46:01,519000,11.496
2026/04/29 15:46:01,520000,11.499
2026/04/29 15:46:01,521000,11.493
2026/04/29 15:46:01,522000,11.490
2026/04/29 15:46:01,523000,11.501
2026/04/29 15:46:01,524000,11.496
2026/04/29 15:46:01,525000,11.499
2026/04/29 15:46:01,526000,11.499
2026/04/29 15:46:01,527000,11.499
2026/04/29 15:46:01,528000,11.499
2026/04/29 15:46:01,529000,11.499
2026/04/29 15:46:01,530000,11.499
2026/04/29 15:46:01,531000,11.496
2026/04/29 15:46:01,532000,11.496
2026/04/29 15:46:01,533000,11.501
2026/04/29 15:46:01,534000,11.493
2026/04/29 15:46:01,535000,11.496
2026/04/29 15:46:01,536000,11.499
2026/04/29 15:46:01,537000,11.499
2026/04/29 15:46:01,538000,11.499
2026/04/29 15:46:01,539000,11.507
2026/04/29 15:46:01,540000,11.501
2026/04/29 15:46:01,541000,11.493
2026/04/29 15:46:01,542000,11.499
2026/04/29 15:46:01,543000,11.504
2026/04/29 15:46:01,544000,11.504
2026/04/29 15:46:01,545000,11.496
2026/04/29 15:46:01,546000,11.490
2026/04/29 15:46:01,547000,11.493
2026/04/29 15:46:01,548000,11.501
2026/04/29 15:46:01,549000,11.504
2026/04/29 15:46:01,550000,11.496
2026/04/29 15:46:01,551000,11.501
2026/04/29 15:46:01,552000,11.490
2026/04/29 15:46:01,553000,11.496
2026/04/29 15:46:01,554000,11.501
2026/04/29 15:46:01,555000,11.501
2026/04/29 15:46:01,556000,11.499
2026/04/29 15:46:01,557000,11.496
2026/04/29 15:46:01,558000,11.499
2026/04/29 15:46:01,559000,11.496
2026/04/29 15:46:01,560000,11.499
2026/04/29 15:46:01,561000,11.496
2026/04/29 15:46:01,562000,11.493
2026/04/29 15:46:01,563000,11.501
2026/04/29 15:46:01,564000,11.496
2026/04/29 15:46:01,565000,11.499
2026/04/29 15:46:01,566000,11.501
2026/04/29 15:46:01,567000,11.501
2026/04/29 15:46:01,568000,11.496
2026/04/29 15:46:01,569000,11.499
2026/04/29 15:46:01,570000,11.501
2026/04/29 15:46:01,571000,11.507
2026/04/29 15:46:01,572000,11.501
2026/04/29 15:46:01,573000,11.496
2026/04/29 15:46:01,574000,11.496
2026/04/29 15:46:01,575000,11.499
2026/04/29 15:46:01,576000,11.501
2026/04/29 15:46:01,577000,11.496
2026/04/29 15:46:01,578000,11.501
2026/04/29 15:46:01,579000,11.504
2026/04/29 15:46:01,580000,11.499
2026/04/29 15:46:01,581000,11.501
2026/04/29 15:46:01,582000,11.501
2026/04/29 15:46:01,583000,11.499
2026/04/29 15:46:01,584000,11.499
2026/04/29 15:46:01,585000,11.493
2026/04/29 15:46:01,586000,11.499
2026/04/29 15:46:01,587000,11.499
2026/04/29 15:46:01,588000,11.496
2026/04/29 15:46:01,589000,11.490
2026/04/29 15:46:01,590000,11.496
2026/04/29 15:46:01,591000,11.499
2026/04/29 15:46:01,592000,11.501
2026/04/29 15:46:01,593000,11.501
2026/04/29 15:46:01,594000,11.499
2026/04/29 15:46:01,595000,11.499
2026/04/29 15:46:01,596000,11.501
2026/04/29 15:46:01,597000,11.504
2026/04/29 15:46:01,598000,11.493
2026/04/29 15:46:01,599000,11.499
2026/04/29 15:46:01,600000,11.499
2026/04/29 15:46:01,601000,11.510
2026/04/29 15:46:01,602000,11.496
2026/04/29 15:46:01,603000,11.501
2026/04/29 15:46:01,604000,11.496
2026/04/29 15:46:01,605000,11.493
2026/04/29 15:46:01,606000,11.496
2026/04/29 15:46:01,607000,11.499
2026/04/29 15:46:01,608000,11.496
2026/04/29 15:46:01,609000,11.501
2026/04/29 15:46:01,610000,11.499
2026/04/29 15:46:01,611000,11.496
2026/04/29 15:46:01,612000,11.496
2026/04/29 15:46:01,613000,11.499
2026/04/29 15:46:01,614000,11.510
2026/04/29 15:46:01,615000,11.496
2026/04/29 15:46:01,616000,11.499
2026/04/29 15:46:01,617000,11.496
2026/04/29 15:46:01,618000,11.499
2026/04/29 15:46:01,619000,11.493
2026/04/29 15:46:01,620000,11.499
2026/04/29 15:46:01,621000,11.499
2026/04/29 15:46:01,622000,11.496
2026/04/29 15:46:01,623000,11.496
2026/04/29 15:46:01,624000,11.493
2026/04/29 15:46:01,625000,11.499
2026/04/29 15:46:01,626000,11.499
2026/04/29 15:46:01,627000,11.501
2026/04/29 15:46:01,628000,11.499
2026/04/29 15:46:01,629000,11.493
2026/04/29 15:46:01,630000,11.501
2026/04/29 15:46:01,631000,11.499
2026/04/29 15:46:01,632000,11.496
2026/04/29 15:46:01,633000,11.504
2026/04/29 15:46:01,634000,11.501
2026/04/29 15:46:01,635000,11.499
2026/04/29 15:46:01,636000,11.501
2026/04/29 15:46:01,637000,11.501
2026/04/29 15:46:01,638000,11.493
2026/04/29 15:46:01,639000,11.496
2026/04/29 15:46:01,640000,11.493
2026/04/29 15:46:01,641000,11.493
2026/04/29 15:46:01,642000,11.499
2026/04/29 15:46:01,643000,11.501
2026/04/29 15:46:01,644000,11.493
2026/04/29 15:46:01,645000,11.499
2026/04/29 15:46:01,646000,11.501
2026/04/29 15:46:01,647000,11.493
2026/04/29 15:46:01,648000,11.499
2026/04/29 15:46:01,649000,11.501
2026/04/29 15:46:01,650000,11.501
2026/04/29 15:46:01,651000,11.499
2026/04/29 15:46:01,652000,11.493
2026/04/29 15:46:01,653000,11.493
2026/04/29 15:46:01,654000,11.496
2026/04/29 15:46:01,655000,11.499
2026/04/29 15:46:01,656000,11.496
2026/04/29 15:46:01,657000,11.493
2026/04/29 15:46:01,658000,11.496
2026/04/29 15:46:01,659000,11.501
2026/04/29 15:46:01,660000,11.496
2026/04/29 15:46:01,661000,11.496
2026/04/29 15:46:01,662000,11.501
2026/04/29 15:46:01,663000,11.499
2026/04/29 15:46:01,664000,11.499
2026/04/29 15:46:01,665000,11.499
2026/04/29 15:46:01,666000,11.493
2026/04/29 15:46:01,667000,11.499
2026/04/29 15:46:01,668000,11.499
2026/04/29 15:46:01,669000,11.501
2026/04/29 15:46:01,670000,11.501
2026/04/29 15:46:01,671000,11.499
2026/04/29 15:46:01,672000,11.499
2026/04/29 15:46:01,673000,11.501
2026/04/29 15:46:01,674000,11.499
2026/04/29 15:46:01,675000,11.499
2026/04/29 15:46:01,676000,11.501
2026/04/29 15:46:01,677000,11.501
2026/04/29 15:46:01,678000,11.501
2026/04/29 15:46:01,679000,11.499
2026/04/29 15:46:01,680000,11.496
2026/04/29 15:46:01,681000,11.501
2026/04/29 15:46:01,682000,11.493
2026/04/29 15:46:01,683000,11.496
2026/04/29 15:46:01,684000,11.493
2026/04/29 15:46:01,685000,11.493
2026/04/29 15:46:01,686000,11.499
2026/04/29 15:46:01,687000,11.499
2026/04/29 15:46:01,688000,11.501
2026/04/29 15:46:01,689000,11.501
2026/04/29 15:46:01,690000,11.496
2026/04/29 15:46:01,691000,11.501
2026/04/29 15:46:01,692000,11.499
2026/04/29 15:46:01,693000,11.501
2026/04/29 15:46:01,694000,11.499
2026/04/29 15:46:01,695000,11.496
2026/04/29 15:46:01,696000,11.493
2026/04/29 15:46:01,697000,11.496
2026/04/29 15:46:01,698000,11.499
2026/04/29 15:46:01,699000,11.504
2026/04/29 15:46:01,700000,11.499
2026/04/29 15:46:01,701000,11.504
2026/04/29 15:46:01,702000,11.504
2026/04/29 15:46:01,703000,11.499
2026/04/29 15:46:01,704000,11.499
2026/04/29 15:46:01,705000,11.501
2026/04/29 15:46:01,706000,11.499
2026/04/29 15:46:01,707000,11.499
2026/04/29 15:46:01,708000,11.501
2026/04/29 15:46:01,709000,11.499
2026/04/29 15:46:01,710000,11.504
2026/04/29 15:46:01,711000,11.496
2026/04/29 15:46:01,712000,11.501
2026/04/29 15:46:01,713000,11.496
2026/04/29 15:46:01,714000,11.499
2026/04/29 15:46:01,715000,11.496
2026/04/29 15:46:01,716000,11.496
2026/04/29 15:46:01,717000,11.496
2026/04/29 15:46:01,718000,11.499
2026/04/29 15:46:01,719000,11.501
2026/04/29 15:46:01,720000,11.501
2026/04/29 15:46:01,721000,11.493
2026/04/29 15:46:01,722000,11.496
2026/04/29 15:46:01,723000,11.499
2026/04/29 15:46:01,724000,11.499
2026/04/29 15:46:01,725000,11.490
2026/04/29 15:46:01,726000,11.501
2026/04/29 15:46:01,727000,11.501
2026/04/29 15:46:01,728000,11.496
2026/04/29 15:46:01,729000,11.501
2026/04/29 15:46:01,730000,11.496
2026/04/29 15:46:01,731000,11.496
2026/04/29 15:46:01,732000,11.499
2026/04/29 15:46:01,733000,11.501
2026/04/29 15:46:01,734000,11.499
2026/04/29 15:46:01,735000,11.496
2026/04/29 15:46:01,736000,11.499
2026/04/29 15:46:01,737000,11.501
2026/04/29 15:46:01,738000,11.501
2026/04/29 15:46:01,739000,11.496
2026/04/29 15:46:01,740000,11.493
2026/04/29 15:46:01,741000,11.499
2026/04/29 15:46:01,742000,11.504
2026/04/29 15:46:01,743000,11.504
2026/04/29 15:46:01,744000,11.496
2026/04/29 15:46:01,745000,11.501
2026/04/29 15:46:01,746000,11.501
2026/04/29 15:46:01,747000,11.510
2026/04/29 15:46:01,748000,11.496
2026/04/29 15:46:01,749000,11.499
2026/04/29 15:46:01,750000,11.493
2026/04/29 15:46:01,751000,11.504
2026/04/29 15:46:01,752000,11.501
2026/04/29 15:46:01,753000,11.499
2026/04/29 15:46:01,754000,11.501
2026/04/29 15:46:01,755000,11.501
2026/04/29 15:46:01,756000,11.501
2026/04/29 15:46:01,757000,11.501
2026/04/29 15:46:01,758000,11.501
2026/04/29 15:46:01,759000,11.499
2026/04/29 15:46:01,760000,11.493
2026/04/29 15:46:01,761000,11.496
2026/04/29 15:46:01,762000,11.501
2026/04/29 15:46:01,763000,11.501
2026/04/29 15:46:01,764000,11.499
2026/04/29 15:46:01,765000,11.499
2026/04/29 15:46:01,766000,11.499
2026/04/29 15:46:01,767000,11.501
2026/04/29 15:46:01,768000,11.499
2026/04/29 15:46:01,769000,11.499
2026/04/29 15:46:01,770000,11.501
2026/04/29 15:46:01,771000,11.499
2026/04/29 15:46:01,772000,11.496
2026/04/29 15:46:01,773000,11.504
2026/04/29 15:46:01,774000,11.499
2026/04/29 15:46:01,775000,11.504
2026/04/29 15:46:01,776000,11.496
2026/04/29 15:46:01,777000,11.504
2026/04/29 15:46:01,778000,11.499
2026/04/29 15:46:01,779000,11.493
2026/04/29 15:46:01,780000,11.501
2026/04/29 15:46:01,781000,11.501
2026/04/29 15:46:01,782000,11.493
2026/04/29 15:46:01,783000,11.501
2026/04/29 15:46:01,784000,11.493
2026/04/29 15:46:01,785000,11.501
2026/04/29 15:46:01,786000,11.501
2026/04/29 15:46:01,787000,11.504
2026/04/29 15:46:01,788000,11.501
2026/04/29 15:46:01,789000,11.496
2026/04/29 15:46:01,790000,11.501
2026/04/29 15:46:01,791000,11.496
2026/04/29 15:46:01,792000,11.504
2026/04/29 15:46:01,793000,11.499
2026/04/29 15:46:01,794000,11.501
2026/04/29 15:46:01,795000,11.507
2026/04/29 15:46:01,796000,11.501
2026/04/29 15:46:01,797000,11.499
2026/04/29 15:46:01,798000,11.504
2026/04/29 15:46:01,799000,11.499
2026/04/29 15:46:01,800000,11.504
2026/04/29 15:46:01,801000,11.496
2026/04/29 15:46:01,802000,11.504
2026/04/29 15:46:01,803000,11.499
2026/04/29 15:46:01,804000,11.499
2026/04/29 15:46:01,805000,11.496
2026/04/29 15:46:01,806000,11.499
2026/04/29 15:46:01,807000,11.501
2026/04/29 15:46:01,808000,11.499
2026/04/29 15:46:01,809000,11.499
2026/04/29 15:46:01,810000,11.504
2026/04/29 15:46:01,811000,11.501
2026/04/29 15:46:01,812000,11.496
2026/04/29 15:46:01,813000,11.501
2026/04/29 15:46:01,814000,11.501
2026/04/29 15:46:01,815000,11.501
2026/04/29 15:46:01,816000,11.501
2026/04/29 15:46:01,817000,11.499
2026/04/29 15:46:01,818000,11.501
2026/04/29 15:46:01,819000,11.501
2026/04/29 15:46:01,820000,11.496
2026/04/29 15:46:01,821000,11.504
2026/04/29 15:46:01,822000,11.504
2026/04/29 15:46:01,823000,11.499
2026/04/29 15:46:01,824000,11.496
2026/04/29 15:46:01,825000,11.501
2026/04/29 15:46:01,826000,11.499
2026/04/29 15:46:01,827000,11.501
2026/04/29 15:46:01,828000,11.499
2026/04/29 15:46:01,829000,11.499
2026/04/29 15:46:01,830000,11.501
2026/04/29 15:46:01,831000,11.501
2026/04/29 15:46:01,832000,11.507
2026/04/29 15:46:01,833000,11.493
2026/04/29 15:46:01,834000,11.501
2026/04/29 15:46:01,835000,11.499
2026/04/29 15:46:01,836000,11.501
2026/04/29 15:46:01,837000,11.501
2026/04/29 15:46:01,838000,11.499
2026/04/29 15:46:01,839000,11.493
2026/04/29 15:46:01,840000,11.501
2026/04/29 15:46:01,841000,11.499
2026/04/29 15:46:01,842000,11.496
2026/04/29 15:46:01,843000,11.496
2026/04/29 15:46:01,844000,11.496
2026/04/29 15:46:01,845000,11.501
2026/04/29 15:46:01,846000,11.501
2026/04/29 15:46:01,847000,11.504
2026/04/29 15:46:01,848000,11.496
2026/04/29 15:46:01,849000,11.496
2026/04/29 15:46:01,850000,11.501
2026/04/29 15:46:01,851000,11.501
2026/04/29 15:46:01,852000,11.501
2026/04/29 15:46:01,853000,11.499
2026/04/29 15:46:01,854000,11.499
2026/04/29 15:46:01,855000,11.499
2026/04/29 15:46:01,856000,11.499
2026/04/29 15:46:01,857000,11.493
2026/04/29 15:46:01,858000,11.499
2026/04/29 15:46:01,859000,11.504
2026/04/29 15:46:01,860000,11.496
2026/04/29 15:46:01,861000,11.501
2026/04/29 15:46:01,862000,11.501
2026/04/29 15:46:01,863000,11.501
2026/04/29 15:46:01,864000,11.496
2026/04/29 15:46:01,865000,11.501
2026/04/29 15:46:01,866000,11.499
2026/04/29 15:46:01,867000,11.501
2026/04/29 15:46:01,868000,11.499
2026/04/29 15:46:01,869000,11.501
2026/04/29 15:46:01,870000,11.501
2026/04/29 15:46:01,871000,11.499
2026/04/29 15:46:01,872000,11.504
2026/04/29 15:46:01,873000,11.504
2026/04/29 15:46:01,874000,11.501
2026/04/29 15:46:01,875000,11.496
2026/04/29 15:46:01,876000,11.496
2026/04/29 15:46:01,877000,11.499
2026/04/29 15:46:01,878000,11.501
2026/04/29 15:46:01,879000,11.493
2026/04/29 15:46:01,880000,11.501
2026/04/29 15:46:01,881000,11.496
2026/04/29 15:46:01,882000,11.501
2026/04/29 15:46:01,883000,11.496
2026/04/29 15:46:01,884000,11.499
2026/04/29 15:46:01,885000,11.504
2026/04/29 15:46:01,886000,11.507
2026/04/29 15:46:01,887000,11.501
2026/04/29 15:46:01,888000,11.499
2026/04/29 15:46:01,889000,11.493
2026/04/29 15:46:01,890000,11.504
2026/04/29 15:46:01,891000,11.499
2026/04/29 15:46:01,892000,11.490
2026/04/29 15:46:01,893000,11.496
2026/04/29 15:46:01,894000,11.504
2026/04/29 15:46:01,895000,11.501
2026/04/29 15:46:01,896000,11.501
2026/04/29 15:46:01,897000,11.490
2026/04/29 15:46:01,898000,11.501
2026/04/29 15:46:01,899000,11.501
2026/04/29 15:46:01,900000,11.501
2026/04/29 15:46:01,901000,11.504
2026/04/29 15:46:01,902000,11.499
2026/04/29 15:46:01,903000,11.499
2026/04/29 15:46:01,904000,11.504
2026/04/29 15:46:01,905000,11.496
2026/04/29 15:46:01,906000,11.496
2026/04/29 15:46:01,907000,11.496
2026/04/29 15:46:01,908000,11.499
2026/04/29 15:46:01,909000,11.496
2026/04/29 15:46:01,910000,11.501
2026/04/29 15:46:01,911000,11.493
2026/04/29 15:46:01,912000,11.499
2026/04/29 15:46:01,913000,11.496
2026/04/29 15:46:01,914000,11.504
2026/04/29 15:46:01,915000,11.493
2026/04/29 15:46:01,916000,11.499
2026/04/29 15:46:01,917000,11.499
2026/04/29 15:46:01,918000,11.499
2026/04/29 15:46:01,919000,11.496
2026/04/29 15:46:01,920000,11.499
2026/04/29 15:46:01,921000,11.496
2026/04/29 15:46:01,922000,11.499
2026/04/29 15:46:01,923000,11.501
2026/04/29 15:46:01,924000,11.504
2026/04/29 15:46:01,925000,11.501
2026/04/29 15:46:01,926000,11.496
2026/04/29 15:46:01,927000,11.493
2026/04/29 15:46:01,928000,11.496
2026/04/29 15:46:01,929000,11.501
2026/04/29 15:46:01,930000,11.501
2026/04/29 15:46:01,931000,11.493
2026/04/29 15:46:01,932000,11.493
2026/04/29 15:46:01,933000,11.499
2026/04/29 15:46:01,934000,11.501
2026/04/29 15:46:01,935000,11.504
2026/04/29 15:46:01,936000,11.493
2026/04/29 15:46:01,937000,11.501
2026/04/29 15:46:01,938000,11.493
2026/04/29 15:46:01,939000,11.504
2026/04/29 15:46:01,940000,11.501
2026/04/29 15:46:01,941000,11.499
2026/04/29 15:46:01,942000,11.501
2026/04/29 15:46:01,943000,11.504
2026/04/29 15:46:01,944000,11.501
2026/04/29 15:46:01,945000,11.499
2026/04/29 15:46:01,946000,11.496
2026/04/29 15:46:01,947000,11.493
2026/04/29 15:46:01,948000,11.496
2026/04/29 15:46:01,949000,11.499
2026/04/29 15:46:01,950000,11.499
2026/04/29 15:46:01,951000,11.501
2026/04/29 15:46:01,952000,11.499
2026/04/29 15:46:01,953000,11.499
2026/04/29 15:46:01,954000,11.501
2026/04/29 15:46:01,955000,11.499
2026/04/29 15:46:01,956000,11.504
2026/04/29 15:46:01,957000,11.499
2026/04/29 15:46:01,958000,11.496
2026/04/29 15:46:01,959000,11.499
2026/04/29 15:46:01,960000,11.501
2026/04/29 15:46:01,961000,11.501
2026/04/29 15:46:01,962000,11.501
2026/04/29 15:46:01,963000,11.499
2026/04/29 15:46:01,964000,11.501
2026/04/29 15:46:01,965000,11.496
2026/04/29 15:46:01,966000,11.496
2026/04/29 15:46:01,967000,11.504
2026/04/29 15:46:01,968000,11.501
2026/04/29 15:46:01,969000,11.496
2026/04/29 15:46:01,970000,11.493
2026/04/29 15:46:01,971000,11.499
2026/04/29 15:46:01,972000,11.504
2026/04/29 15:46:01,973000,11.504
2026/04/29 15:46:01,974000,11.499
2026/04/29 15:46:01,975000,11.501
2026/04/29 15:46:01,976000,11.499
2026/04/29 15:46:01,977000,11.499
2026/04/29 15:46:01,978000,11.496
2026/04/29 15:46:01,979000,11.501
2026/04/29 15:46:01,980000,11.499
2026/04/29 15:46:01,981000,11.501
2026/04/29 15:46:01,982000,11.499
2026/04/29 15:46:01,983000,11.501
2026/04/29 15:46:01,984000,11.493
2026/04/29 15:46:01,985000,11.499
2026/04/29 15:46:01,986000,11.499
2026/04/29 15:46:01,987000,11.499
2026/04/29 15:46:01,988000,11.504
2026/04/29 15:46:01,989000,11.496
2026/04/29 15:46:01,990000,11.499
2026/04/29 15:46:01,991000,11.501
2026/04/29 15:46:01,992000,11.499
2026/04/29 15:46:01,993000,11.501
2026/04/29 15:46:01,994000,11.499
2026/04/29 15:46:01,995000,11.504
2026/04/29 15:46:01,996000,11.499
2026/04/29 15:46:01,997000,11.501
2026/04/29 15:46:01,998000,11.501
2026/04/29 15:46:01,999000,11.501
2026/04/29 15:46:02,000000,11.504
2026/04/29 15:46:02,001000,11.490
2026/04/29 15:46:02,002000,11.499
2026/04/29 15:46:02,003000,11.493
2026/04/29 15:46:02,004000,11.501
2026/04/29 15:46:02,005000,11.501
2026/04/29 15:46:02,006000,11.501
2026/04/29 15:46:02,007000,11.501
2026/04/29 15:46:02,008000,11.499
2026/04/29 15:46:02,009000,11.499
2026/04/29 15:46:02,010000,11.493
2026/04/29 15:46:02,011000,11.501
2026/04/29 15:46:02,012000,11.496
2026/04/29 15:46:02,013000,11.499
2026/04/29 15:46:02,014000,11.501
2026/04/29 15:46:02,015000,11.504
2026/04/29 15:46:02,016000,11.501
2026/04/29 15:46:02,017000,11.499
2026/04/29 15:46:02,018000,11.499
2026/04/29 15:46:02,019000,11.501
2026/04/29 15:46:02,020000,11.499
2026/04/29 15:46:02,021000,11.496
2026/04/29 15:46:02,022000,11.504
2026/04/29 15:46:02,023000,11.499
2026/04/29 15:46:02,024000,11.493
2026/04/29 15:46:02,025000,11.499
2026/04/29 15:46:02,026000,11.501
2026/04/29 15:46:02,027000,11.499
2026/04/29 15:46:02,028000,11.496
2026/04/29 15:46:02,029000,11.504
2026/04/29 15:46:02,030000,11.501
2026/04/29 15:46:02,031000,11.499
2026/04/29 15:46:02,032000,11.496
2026/04/29 15:46:02,033000,11.501
2026/04/29 15:46:02,034000,11.501
2026/04/29 15:46:02,035000,11.501
2026/04/29 15:46:02,036000,11.499
2026/04/29 15:46:02,037000,11.501
2026/04/29 15:46:02,038000,11.501
2026/04/29 15:46:02,039000,11.501
2026/04/29 15:46:02,040000,11.496
2026/04/29 15:46:02,041000,11.487
2026/04/29 15:46:02,042000,11.499
2026/04/29 15:46:02,043000,11.501
2026/04/29 15:46:02,044000,11.499
2026/04/29 15:46:02,045000,11.493
2026/04/29 15:46:02,046000,11.501
2026/04/29 15:46:02,047000,11.496
2026/04/29 15:46:02,048000,11.496
2026/04/29 15:46:02,049000,11.501
2026/04/29 15:46:02,050000,11.496
2026/04/29 15:46:02,051000,11.493
2026/04/29 15:46:02,052000,11.501
2026/04/29 15:46:02,053000,11.501
2026/04/29 15:46:02,054000,11.501
2026/04/29 15:46:02,055000,11.504
2026/04/29 15:46:02,056000,11.493
2026/04/29 15:46:02,057000,11.490
2026/04/29 15:46:02,058000,11.496
2026/04/29 15:46:02,059000,11.499
2026/04/29 15:46:02,060000,11.499
2026/04/29 15:46:02,061000,11.501
2026/04/29 15:46:02,062000,11.501
2026/04/29 15:46:02,063000,11.504
2026/04/29 15:46:02,064000,11.496
2026/04/29 15:46:02,065000,11.493
2026/04/29 15:46:02,066000,11.496
2026/04/29 15:46:02,067000,11.496
2026/04/29 15:46:02,068000,11.501
2026/04/29 15:46:02,069000,11.496
2026/04/29 15:46:02,070000,11.496
2026/04/29 15:46:02,071000,11.499
2026/04/29 15:46:02,072000,11.504
2026/04/29 15:46:02,073000,11.496
2026/04/29 15:46:02,074000,11.499
2026/04/29 15:46:02,075000,11.493
2026/04/29 15:46:02,076000,11.499
2026/04/29 15:46:02,077000,11.499
2026/04/29 15:46:02,078000,11.501
2026/04/29 15:46:02,079000,11.501
2026/04/29 15:46:02,080000,11.504
2026/04/29 15:46:02,081000,11.504
2026/04/29 15:46:02,082000,11.501
2026/04/29 15:46:02,083000,11.499
2026/04/29 15:46:02,084000,11.490
2026/04/29 15:46:02,085000,11.501
2026/04/29 15:46:02,086000,11.499
2026/04/29 15:46:02,087000,11.507
2026/04/29 15:46:02,088000,11.496
2026/04/29 15:46:02,089000,11.501
2026/04/29 15:46:02,090000,11.501
2026/04/29 15:46:02,091000,11.490
2026/04/29 15:46:02,092000,11.501
2026/04/29 15:46:02,093000,11.499
2026/04/29 15:46:02,094000,11.496
2026/04/29 15:46:02,095000,11.499
2026/04/29 15:46:02,096000,11.504
2026/04/29 15:46:02,097000,11.499
2026/04/29 15:46:02,098000,11.504
2026/04/29 15:46:02,099000,11.501
2026/04/29 15:46:02,100000,11.499
2026/04/29 15:46:02,101000,11.499
2026/04/29 15:46:02,102000,11.510
2026/04/29 15:46:02,103000,11.496
2026/04/29 15:46:02,104000,11.501
2026/04/29 15:46:02,105000,11.499
2026/04/29 15:46:02,106000,11.504
2026/04/29 15:46:02,107000,11.499
2026/04/29 15:46:02,108000,11.499
2026/04/29 15:46:02,109000,11.490
2026/04/29 15:46:02,110000,11.499
2026/04/29 15:46:02,111000,11.499
2026/04/29 15:46:02,112000,11.499
2026/04/29 15:46:02,113000,11.499
2026/04/29 15:46:02,114000,11.493
2026/04/29 15:46:02,115000,11.493
2026/04/29 15:46:02,116000,11.504
2026/04/29 15:46:02,117000,11.501
2026/04/29 15:46:02,118000,11.501
2026/04/29 15:46:02,119000,11.496
2026/04/29 15:46:02,120000,11.499
2026/04/29 15:46:02,121000,11.490
2026/04/29 15:46:02,122000,11.493
2026/04/29 15:46:02,123000,11.504
2026/04/29 15:46:02,124000,11.504
2026/04/29 15:46:02,125000,11.496
2026/04/29 15:46:02,126000,11.490
2026/04/29 15:46:02,127000,11.499
2026/04/29 15:46:02,128000,11.496
2026/04/29 15:46:02,129000,11.501
2026/04/29 15:46:02,130000,11.499
2026/04/29 15:46:02,131000,11.499
2026/04/29 15:46:02,132000,11.490
2026/04/29 15:46:02,133000,11.493
2026/04/29 15:46:02,134000,11.496
2026/04/29 15:46:02,135000,11.499
2026/04/29 15:46:02,136000,11.496
2026/04/29 15:46:02,137000,11.499
2026/04/29 15:46:02,138000,11.496
2026/04/29 15:46:02,139000,11.501
2026/04/29 15:46:02,140000,11.501
2026/04/29 15:46:02,141000,11.501
2026/04/29 15:46:02,142000,11.490
2026/04/29 15:46:02,143000,11.493
2026/04/29 15:46:02,144000,11.499
2026/04/29 15:46:02,145000,11.499
2026/04/29 15:46:02,146000,11.501
2026/04/29 15:46:02,147000,11.499
2026/04/29 15:46:02,148000,11.499
2026/04/29 15:46:02,149000,11.496
2026/04/29 15:46:02,150000,11.496
2026/04/29 15:46:02,151000,11.496
2026/04/29 15:46:02,152000,11.501
2026/04/29 15:46:02,153000,11.496
2026/04/29 15:46:02,154000,11.496
2026/04/29 15:46:02,155000,11.493
2026/04/29 15:46:02,156000,11.499
2026/04/29 15:46:02,157000,11.499
2026/04/29 15:46:02,158000,11.493
2026/04/29 15:46:02,159000,11.493
2026/04/29 15:46:02,160000,11.504
2026/04/29 15:46:02,161000,11.501
2026/04/29 15:46:02,162000,11.499
2026/04/29 15:46:02,163000,11.501
2026/04/29 15:46:02,164000,11.501
2026/04/29 15:46:02,165000,11.504
2026/04/29 15:46:02,166000,11.499
2026/04/29 15:46:02,167000,11.490
2026/04/29 15:46:02,168000,11.501
2026/04/29 15:46:02,169000,11.501
2026/04/29 15:46:02,170000,11.499
2026/04/29 15:46:02,171000,11.501
2026/04/29 15:46:02,172000,11.496
2026/04/29 15:46:02,173000,11.487
2026/04/29 15:46:02,174000,11.499
2026/04/29 15:46:02,175000,11.501
2026/04/29 15:46:02,176000,11.496
2026/04/29 15:46:02,177000,11.501
2026/04/29 15:46:02,178000,11.501
2026/04/29 15:46:02,179000,11.501
2026/04/29 15:46:02,180000,11.501
2026/04/29 15:46:02,181000,11.499
2026/04/29 15:46:02,182000,11.507
2026/04/29 15:46:02,183000,11.499
2026/04/29 15:46:02,184000,11.501
2026/04/29 15:46:02,185000,11.493
2026/04/29 15:46:02,186000,11.501
2026/04/29 15:46:02,187000,11.507
2026/04/29 15:46:02,188000,11.496
2026/04/29 15:46:02,189000,11.501
2026/04/29 15:46:02,190000,11.504
2026/04/29 15:46:02,191000,11.499
2026/04/29 15:46:02,192000,11.501
2026/04/29 15:46:02,193000,11.499
2026/04/29 15:46:02,194000,11.499
2026/04/29 15:46:02,195000,11.496
2026/04/29 15:46:02,196000,11.504
2026/04/29 15:46:02,197000,11.501
2026/04/29 15:46:02,198000,11.501
2026/04/29 15:46:02,199000,11.499
2026/04/29 15:46:02,200000,11.501
2026/04/29 15:46:02,201000,11.501
2026/04/29 15:46:02,202000,11.496
2026/04/29 15:46:02,203000,11.501
2026/04/29 15:46:02,204000,11.499
2026/04/29 15:46:02,205000,11.504
2026/04/29 15:46:02,206000,11.501
2026/04/29 15:46:02,207000,11.499
2026/04/29 15:46:02,208000,11.501
2026/04/29 15:46:02,209000,11.501
2026/04/29 15:46:02,210000,11.499
2026/04/29 15:46:02,211000,11.501
2026/04/29 15:46:02,212000,11.499
2026/04/29 15:46:02,213000,11.493
2026/04/29 15:46:02,214000,11.496
2026/04/29 15:46:02,215000,11.499
2026/04/29 15:46:02,216000,11.501
2026/04/29 15:46:02,217000,11.501
2026/04/29 15:46:02,218000,11.504
2026/04/29 15:46:02,219000,11.499
2026/04/29 15:46:02,220000,11.499
2026/04/29 15:46:02,221000,11.499
2026/04/29 15:46:02,222000,11.493
2026/04/29 15:46:02,223000,11.501
2026/04/29 15:46:02,224000,11.496
2026/04/29 15:46:02,225000,11.499
2026/04/29 15:46:02,226000,11.499
2026/04/29 15:46:02,227000,11.501
2026/04/29 15:46:02,228000,11.499
2026/04/29 15:46:02,229000,11.496
2026/04/29 15:46:02,230000,11.501
2026/04/29 15:46:02,231000,11.496
2026/04/29 15:46:02,232000,11.499
2026/04/29 15:46:02,233000,11.496
2026/04/29 15:46:02,234000,11.496
2026/04/29 15:46:02,235000,11.496
2026/04/29 15:46:02,236000,11.499
2026/04/29 15:46:02,237000,11.499
2026/04/29 15:46:02,238000,11.504
2026/04/29 15:46:02,239000,11.501
2026/04/29 15:46:02,240000,11.496
2026/04/29 15:46:02,241000,11.501
2026/04/29 15:46:02,242000,11.496
2026/04/29 15:46:02,243000,11.499
2026/04/29 15:46:02,244000,11.499
2026/04/29 15:46:02,245000,11.499
2026/04/29 15:46:02,246000,11.496
2026/04/29 15:46:02,247000,11.499
2026/04/29 15:46:02,248000,11.499
2026/04/29 15:46:02,249000,11.513
2026/04/29 15:46:02,250000,11.499
2026/04/29 15:46:02,251000,11.504
2026/04/29 15:46:02,252000,11.496
2026/04/29 15:46:02,253000,11.499
2026/04/29 15:46:02,254000,11.501
2026/04/29 15:46:02,255000,11.493
2026/04/29 15:46:02,256000,11.496
2026/04/29 15:46:02,257000,11.504
2026/04/29 15:46:02,258000,11.499
2026/04/29 15:46:02,259000,11.501
2026/04/29 15:46:02,260000,11.499
2026/04/29 15:46:02,261000,11.496
2026/04/29 15:46:02,262000,11.493
2026/04/29 15:46:02,263000,11.504
2026/04/29 15:46:02,264000,11.501
2026/04/29 15:46:02,265000,11.501
2026/04/29 15:46:02,266000,11.496
2026/04/29 15:46:02,267000,11.499
2026/04/29 15:46:02,268000,11.493
2026/04/29 15:46:02,269000,11.496
2026/04/29 15:46:02,270000,11.504
2026/04/29 15:46:02,271000,11.496
2026/04/29 15:46:02,272000,11.504
2026/04/29 15:46:02,273000,11.496
2026/04/29 15:46:02,274000,11.507
2026/04/29 15:46:02,275000,11.496
2026/04/29 15:46:02,276000,11.501
2026/04/29 15:46:02,277000,11.510
2026/04/29 15:46:02,278000,11.499
2026/04/29 15:46:02,279000,11.499
2026/04/29 15:46:02,280000,11.499
2026/04/29 15:46:02,281000,11.493
2026/04/29 15:46:02,282000,11.493
2026/04/29 15:46:02,283000,11.490
2026/04/29 15:46:02,284000,11.493
2026/04/29 15:46:02,285000,11.496
2026/04/29 15:46:02,286000,11.501
2026/04/29 15:46:02,287000,11.499
2026/04/29 15:46:02,288000,11.496
2026/04/29 15:46:02,289000,11.499
2026/04/29 15:46:02,290000,11.496
2026/04/29 15:46:02,291000,11.501
2026/04/29 15:46:02,292000,11.501
2026/04/29 15:46:02,293000,11.499
2026/04/29 15:46:02,294000,11.496
2026/04/29 15:46:02,295000,11.499
2026/04/29 15:46:02,296000,11.493
2026/04/29 15:46:02,297000,11.496
2026/04/29 15:46:02,298000,11.496
2026/04/29 15:46:02,299000,11.490
2026/04/29 15:46:02,300000,11.501
2026/04/29 15:46:02,301000,11.501
2026/04/29 15:46:02,302000,11.499
2026/04/29 15:46:02,303000,11.504
2026/04/29 15:46:02,304000,11.501
2026/04/29 15:46:02,305000,11.499
2026/04/29 15:46:02,306000,11.496
2026/04/29 15:46:02,307000,11.496
2026/04/29 15:46:02,308000,11.501
2026/04/29 15:46:02,309000,11.499
2026/04/29 15:46:02,310000,11.504
2026/04/29 15:46:02,311000,11.501
2026/04/29 15:46:02,312000,11.501
2026/04/29 15:46:02,313000,11.499
2026/04/29 15:46:02,314000,11.499
2026/04/29 15:46:02,315000,11.499
2026/04/29 15:46:02,316000,11.501
2026/04/29 15:46:02,317000,11.490
2026/04/29 15:46:02,318000,11.499
2026/04/29 15:46:02,319000,11.501
2026/04/29 15:46:02,320000,11.496
2026/04/29 15:46:02,321000,11.504
2026/04/29 15:46:02,322000,11.501
2026/04/29 15:46:02,323000,11.501
2026/04/29 15:46:02,324000,11.501
2026/04/29 15:46:02,325000,11.496
2026/04/29 15:46:02,326000,11.499
2026/04/29 15:46:02,327000,11.490
2026/04/29 15:46:02,328000,11.496
2026/04/29 15:46:02,329000,11.501
2026/04/29 15:46:02,330000,11.496
2026/04/29 15:46:02,331000,11.504
2026/04/29 15:46:02,332000,11.496
2026/04/29 15:46:02,333000,11.499
2026/04/29 15:46:02,334000,11.499
2026/04/29 15:46:02,335000,11.499
2026/04/29 15:46:02,336000,11.501
2026/04/29 15:46:02,337000,11.501
2026/04/29 15:46:02,338000,11.501
2026/04/29 15:46:02,339000,11.504
2026/04/29 15:46:02,340000,11.501
2026/04/29 15:46:02,341000,11.499
2026/04/29 15:46:02,342000,11.499
2026/04/29 15:46:02,343000,11.496
2026/04/29 15:46:02,344000,11.496
2026/04/29 15:46:02,345000,11.493
2026/04/29 15:46:02,346000,11.501
2026/04/29 15:46:02,347000,11.499
2026/04/29 15:46:02,348000,11.499
2026/04/29 15:46:02,349000,11.499
2026/04/29 15:46:02,350000,11.501
2026/04/29 15:46:02,351000,11.499
2026/04/29 15:46:02,352000,11.499
2026/04/29 15:46:02,353000,11.496
2026/04/29 15:46:02,354000,11.501
2026/04/29 15:46:02,355000,11.499
2026/04/29 15:46:02,356000,11.496
2026/04/29 15:46:02,357000,11.501
2026/04/29 15:46:02,358000,11.513
2026/04/29 15:46:02,359000,11.504
2026/04/29 15:46:02,360000,11.499
2026/04/29 15:46:02,361000,11.504
2026/04/29 15:46:02,362000,11.499
2026/04/29 15:46:02,363000,11.499
2026/04/29 15:46:02,364000,11.499
2026/04/29 15:46:02,365000,11.501
2026/04/29 15:46:02,366000,11.507
2026/04/29 15:46:02,367000,11.499
2026/04/29 15:46:02,368000,11.504
2026/04/29 15:46:02,369000,11.504
2026/04/29 15:46:02,370000,11.496
2026/04/29 15:46:02,371000,11.504
2026/04/29 15:46:02,372000,11.499
2026/04/29 15:46:02,373000,11.496
2026/04/29 15:46:02,374000,11.499
2026/04/29 15:46:02,375000,11.504
2026/04/29 15:46:02,376000,11.499
2026/04/29 15:46:02,377000,11.501
2026/04/29 15:46:02,378000,11.499
2026/04/29 15:46:02,379000,11.501
2026/04/29 15:46:02,380000,11.501
2026/04/29 15:46:02,381000,11.499
2026/04/29 15:46:02,382000,11.493
2026/04/29 15:46:02,383000,11.501
2026/04/29 15:46:02,384000,11.504
2026/04/29 15:46:02,385000,11.499
2026/04/29 15:46:02,386000,11.496
2026/04/29 15:46:02,387000,11.504
2026/04/29 15:46:02,388000,11.504
2026/04/29 15:46:02,389000,11.501
2026/04/29 15:46:02,390000,11.501
2026/04/29 15:46:02,391000,11.501
2026/04/29 15:46:02,392000,11.496
2026/04/29 15:46:02,393000,11.501
2026/04/29 15:46:02,394000,11.504
2026/04/29 15:46:02,395000,11.496
2026/04/29 15:46:02,396000,11.493
2026/04/29 15:46:02,397000,11.504
2026/04/29 15:46:02,398000,11.496
2026/04/29 15:46:02,399000,11.496
2026/04/29 15:46:02,400000,11.501
2026/04/29 15:46:02,401000,11.501
2026/04/29 15:46:02,402000,11.504
2026/04/29 15:46:02,403000,11.496
2026/04/29 15:46:02,404000,11.501
2026/04/29 15:46:02,405000,11.507
2026/04/29 15:46:02,406000,11.501
2026/04/29 15:46:02,407000,11.501
2026/04/29 15:46:02,408000,11.504
2026/04/29 15:46:02,409000,11.493
2026/04/29 15:46:02,410000,11.499
2026/04/29 15:46:02,411000,11.496
2026/04/29 15:46:02,412000,11.496
2026/04/29 15:46:02,413000,11.504
2026/04/29 15:46:02,414000,11.499
2026/04/29 15:46:02,415000,11.504
2026/04/29 15:46:02,416000,11.504
2026/04/29 15:46:02,417000,11.499
2026/04/29 15:46:02,418000,11.499
2026/04/29 15:46:02,419000,11.501
2026/04/29 15:46:02,420000,11.501
2026/04/29 15:46:02,421000,11.501
2026/04/29 15:46:02,422000,11.493
2026/04/29 15:46:02,423000,11.499
2026/04/29 15:46:02,424000,11.496
2026/04/29 15:46:02,425000,11.493
2026/04/29 15:46:02,426000,11.496
2026/04/29 15:46:02,427000,11.499
2026/04/29 15:46:02,428000,11.501
2026/04/29 15:46:02,429000,11.504
2026/04/29 15:46:02,430000,11.504
2026/04/29 15:46:02,431000,11.501
2026/04/29 15:46:02,432000,11.501
2026/04/29 15:46:02,433000,11.496
2026/04/29 15:46:02,434000,11.499
2026/04/29 15:46:02,435000,11.501
2026/04/29 15:46:02,436000,11.501
2026/04/29 15:46:02,437000,11.499
2026/04/29 15:46:02,438000,11.499
2026/04/29 15:46:02,439000,11.501
2026/04/29 15:46:02,440000,11.510
2026/04/29 15:46:02,441000,11.504
2026/04/29 15:46:02,442000,11.501
2026/04/29 15:46:02,443000,11.501
2026/04/29 15:46:02,444000,11.501
2026/04/29 15:46:02,445000,11.496
2026/04/29 15:46:02,446000,11.501
2026/04/29 15:46:02,447000,11.496
2026/04/29 15:46:02,448000,11.499
2026/04/29 15:46:02,449000,11.501
2026/04/29 15:46:02,450000,11.501
2026/04/29 15:46:02,451000,11.499
2026/04/29 15:46:02,452000,11.493
2026/04/29 15:46:02,453000,11.507
2026/04/29 15:46:02,454000,11.501
2026/04/29 15:46:02,455000,11.504
2026/04/29 15:46:02,456000,11.496
2026/04/29 15:46:02,457000,11.493
2026/04/29 15:46:02,458000,11.501
2026/04/29 15:46:02,459000,11.493
2026/04/29 15:46:02,460000,11.501
2026/04/29 15:46:02,461000,11.501
2026/04/29 15:46:02,462000,11.499
2026/04/29 15:46:02,463000,11.501
2026/04/29 15:46:02,464000,11.499
2026/04/29 15:46:02,465000,11.499
2026/04/29 15:46:02,466000,11.501
2026/04/29 15:46:02,467000,11.501
2026/04/29 15:46:02,468000,11.499
2026/04/29 15:46:02,469000,11.499
2026/04/29 15:46:02,470000,11.501
2026/04/29 15:46:02,471000,11.493
2026/04/29 15:46:02,472000,11.493
2026/04/29 15:46:02,473000,11.499
2026/04/29 15:46:02,474000,11.504
2026/04/29 15:46:02,475000,11.499
2026/04/29 15:46:02,476000,11.504
2026/04/29 15:46:02,477000,11.510
2026/04/29 15:46:02,478000,11.493
2026/04/29 15:46:02,479000,11.504
2026/04/29 15:46:02,480000,11.496
2026/04/29 15:46:02,481000,11.499
2026/04/29 15:46:02,482000,11.499
2026/04/29 15:46:02,483000,11.501
2026/04/29 15:46:02,484000,11.501
2026/04/29 15:46:02,485000,11.499
2026/04/29 15:46:02,486000,11.501
2026/04/29 15:46:02,487000,11.496
2026/04/29 15:46:02,488000,11.499
2026/04/29 15:46:02,489000,11.504
2026/04/29 15:46:02,490000,11.501
2026/04/29 15:46:02,491000,11.496
2026/04/29 15:46:02,492000,11.496
2026/04/29 15:46:02,493000,11.501
2026/04/29 15:46:02,494000,11.499
2026/04/29 15:46:02,495000,11.501
2026/04/29 15:46:02,496000,11.501
2026/04/29 15:46:02,497000,11.499
2026/04/29 15:46:02,498000,11.493
2026/04/29 15:46:02,499000,11.496
2026/04/29 15:46:02,500000,11.493
2026/04/29 15:46:02,501000,11.496
2026/04/29 15:46:02,502000,11.501
2026/04/29 15:46:02,503000,11.499
2026/04/29 15:46:02,504000,11.496
2026/04/29 15:46:02,505000,11.499
2026/04/29 15:46:02,506000,11.496
2026/04/29 15:46:02,507000,11.499
2026/04/29 15:46:02,508000,11.499
2026/04/29 15:46:02,509000,11.496
2026/04/29 15:46:02,510000,11.501
2026/04/29 15:46:02,511000,11.496
2026/04/29 15:46:02,512000,11.496
2026/04/29 15:46:02,513000,11.499
2026/04/29 15:46:02,514000,11.493
2026/04/29 15:46:02,515000,11.501
2026/04/29 15:46:02,516000,11.493
2026/04/29 15:46:02,517000,11.499
2026/04/29 15:46:02,518000,11.499
2026/04/29 15:46:02,519000,11.493
2026/04/29 15:46:02,520000,11.501
2026/04/29 15:46:02,521000,11.501
2026/04/29 15:46:02,522000,11.496
2026/04/29 15:46:02,523000,11.496
2026/04/29 15:46:02,524000,11.501
2026/04/29 15:46:02,525000,11.499
2026/04/29 15:46:02,526000,11.501
2026/04/29 15:46:02,527000,11.504
2026/04/29 15:46:02,528000,11.501
2026/04/29 15:46:02,529000,11.501
2026/04/29 15:46:02,530000,11.496
2026/04/29 15:46:02,531000,11.501
2026/04/29 15:46:02,532000,11.501
2026/04/29 15:46:02,533000,11.496
2026/04/29 15:46:02,534000,11.499
2026/04/29 15:46:02,535000,11.499
2026/04/29 15:46:02,536000,11.493
2026/04/29 15:46:02,537000,11.496
2026/04/29 15:46:02,538000,11.499
2026/04/29 15:46:02,539000,11.504
2026/04/29 15:46:02,540000,11.499
2026/04/29 15:46:02,541000,11.493
2026/04/29 15:46:02,542000,11.504
2026/04/29 15:46:02,543000,11.496
2026/04/29 15:46:02,544000,11.501
2026/04/29 15:46:02,545000,11.504
2026/04/29 15:46:02,546000,11.493
2026/04/29 15:46:02,547000,11.499
2026/04/29 15:46:02,548000,11.507
2026/04/29 15:46:02,549000,11.493
2026/04/29 15:46:02,550000,11.501
2026/04/29 15:46:02,551000,11.499
2026/04/29 15:46:02,552000,11.504
2026/04/29 15:46:02,553000,11.493
2026/04/29 15:46:02,554000,11.504
2026/04/29 15:46:02,555000,11.499
2026/04/29 15:46:02,556000,11.493
2026/04/29 15:46:02,557000,11.496
2026/04/29 15:46:02,558000,11.499
2026/04/29 15:46:02,559000,11.501
2026/04/29 15:46:02,560000,11.501
2026/04/29 15:46:02,561000,11.501
2026/04/29 15:46:02,562000,11.501
2026/04/29 15:46:02,563000,11.496
2026/04/29 15:46:02,564000,11.493
2026/04/29 15:46:02,565000,11.507
2026/04/29 15:46:02,566000,11.493
2026/04/29 15:46:02,567000,11.501
2026/04/29 15:46:02,568000,11.504
2026/04/29 15:46:02,569000,11.499
2026/04/29 15:46:02,570000,11.499
2026/04/29 15:46:02,571000,11.507
2026/04/29 15:46:02,572000,11.499
2026/04/29 15:46:02,573000,11.493
2026/04/29 15:46:02,574000,11.493
2026/04/29 15:46:02,575000,11.501
2026/04/29 15:46:02,576000,11.496
2026/04/29 15:46:02,577000,11.499
2026/04/29 15:46:02,578000,11.490
2026/04/29 15:46:02,579000,11.496
2026/04/29 15:46:02,580000,11.504
2026/04/29 15:46:02,581000,11.499
2026/04/29 15:46:02,582000,11.496
2026/04/29 15:46:02,583000,11.499
2026/04/29 15:46:02,584000,11.504
2026/04/29 15:46:02,585000,11.496
2026/04/29 15:46:02,586000,11.496
2026/04/29 15:46:02,587000,11.496
2026/04/29 15:46:02,588000,11.501
2026/04/29 15:46:02,589000,11.499
2026/04/29 15:46:02,590000,11.501
2026/04/29 15:46:02,591000,11.499
2026/04/29 15:46:02,592000,11.496
2026/04/29 15:46:02,593000,11.504
2026/04/29 15:46:02,594000,11.499
2026/04/29 15:46:02,595000,11.499
2026/04/29 15:46:02,596000,11.499
2026/04/29 15:46:02,597000,11.501
2026/04/29 15:46:02,598000,11.501
2026/04/29 15:46:02,599000,11.504
2026/04/29 15:46:02,600000,11.493
2026/04/29 15:46:02,601000,11.499
2026/04/29 15:46:02,602000,11.499
2026/04/29 15:46:02,603000,11.501
2026/04/29 15:46:02,604000,11.499
2026/04/29 15:46:02,605000,11.499
2026/04/29 15:46:02,606000,11.501
2026/04/29 15:46:02,607000,11.496
2026/04/29 15:46:02,608000,11.501
2026/04/29 15:46:02,609000,11.499
2026/04/29 15:46:02,610000,11.499
2026/04/29 15:46:02,611000,11.493
2026/04/29 15:46:02,612000,11.501
2026/04/29 15:46:02,613000,11.499
2026/04/29 15:46:02,614000,11.496
2026/04/29 15:46:02,615000,11.493
2026/04/29 15:46:02,616000,11.501
2026/04/29 15:46:02,617000,11.499
2026/04/29 15:46:02,618000,11.501
2026/04/29 15:46:02,619000,11.493
2026/04/29 15:46:02,620000,11.493
2026/04/29 15:46:02,621000,11.496
2026/04/29 15:46:02,622000,11.499
2026/04/29 15:46:02,623000,11.501
2026/04/29 15:46:02,624000,11.499
2026/04/29 15:46:02,625000,11.496
2026/04/29 15:46:02,626000,11.499
2026/04/29 15:46:02,627000,11.493
2026/04/29 15:46:02,628000,11.499
2026/04/29 15:46:02,629000,11.499
2026/04/29 15:46:02,630000,11.499
2026/04/29 15:46:02,631000,11.499
2026/04/29 15:46:02,632000,11.499
2026/04/29 15:46:02,633000,11.496
2026/04/29 15:46:02,634000,11.501
2026/04/29 15:46:02,635000,11.499
2026/04/29 15:46:02,636000,11.496
2026/04/29 15:46:02,637000,11.499
2026/04/29 15:46:02,638000,11.501
2026/04/29 15:46:02,639000,11.496
2026/04/29 15:46:02,640000,11.499
2026/04/29 15:46:02,641000,11.499
2026/04/29 15:46:02,642000,11.496
2026/04/29 15:46:02,643000,11.499
2026/04/29 15:46:02,644000,11.499
2026/04/29 15:46:02,645000,11.501
2026/04/29 15:46:02,646000,11.501
2026/04/29 15:46:02,647000,11.496
2026/04/29 15:46:02,648000,11.496
2026/04/29 15:46:02,649000,11.501
2026/04/29 15:46:02,650000,11.496
2026/04/29 15:46:02,651000,11.496
2026/04/29 15:46:02,652000,11.504
2026/04/29 15:46:02,653000,11.496
2026/04/29 15:46:02,654000,11.493
2026/04/29 15:46:02,655000,11.496
2026/04/29 15:46:02,656000,11.496
2026/04/29 15:46:02,657000,11.499
2026/04/29 15:46:02,658000,11.499
2026/04/29 15:46:02,659000,11.499
2026/04/29 15:46:02,660000,11.496
2026/04/29 15:46:02,661000,11.499
2026/04/29 15:46:02,662000,11.493
2026/04/29 15:46:02,663000,11.496
2026/04/29 15:46:02,664000,11.499
2026/04/29 15:46:02,665000,11.496
2026/04/29 15:46:02,666000,11.499
2026/04/29 15:46:02,667000,11.501
2026/04/29 15:46:02,668000,11.499
2026/04/29 15:46:02,669000,11.499
2026/04/29 15:46:02,670000,11.493
2026/04/29 15:46:02,671000,11.499
2026/04/29 15:46:02,672000,11.499
2026/04/29 15:46:02,673000,11.496
2026/04/29 15:46:02,674000,11.499
2026/04/29 15:46:02,675000,11.499
2026/04/29 15:46:02,676000,11.504
2026/04/29 15:46:02,677000,11.501
2026/04/29 15:46:02,678000,11.499
2026/04/29 15:46:02,679000,11.501
2026/04/29 15:46:02,680000,11.496
2026/04/29 15:46:02,681000,11.499
2026/04/29 15:46:02,682000,11.499
2026/04/29 15:46:02,683000,11.499
2026/04/29 15:46:02,684000,11.499
2026/04/29 15:46:02,685000,11.499
2026/04/29 15:46:02,686000,11.501
2026/04/29 15:46:02,687000,11.504
2026/04/29 15:46:02,688000,11.499
2026/04/29 15:46:02,689000,11.501
2026/04/29 15:46:02,690000,11.499
2026/04/29 15:46:02,691000,11.493
2026/04/29 15:46:02,692000,11.501
2026/04/29 15:46:02,693000,11.496
2026/04/29 15:46:02,694000,11.501
2026/04/29 15:46:02,695000,11.499
2026/04/29 15:46:02,696000,11.496
2026/04/29 15:46:02,697000,11.501
2026/04/29 15:46:02,698000,11.504
2026/04/29 15:46:02,699000,11.499
2026/04/29 15:46:02,700000,11.501
2026/04/29 15:46:02,701000,11.501
2026/04/29 15:46:02,702000,11.501
2026/04/29 15:46:02,703000,11.501
2026/04/29 15:46:02,704000,11.499
2026/04/29 15:46:02,705000,11.499
2026/04/29 15:46:02,706000,11.499
2026/04/29 15:46:02,707000,11.501
2026/04/29 15:46:02,708000,11.501
2026/04/29 15:46:02,709000,11.496
2026/04/29 15:46:02,710000,11.504
2026/04/29 15:46:02,711000,11.499
2026/04/29 15:46:02,712000,11.496
2026/04/29 15:46:02,713000,11.496
2026/04/29 15:46:02,714000,11.499
2026/04/29 15:46:02,715000,11.490
2026/04/29 15:46:02,716000,11.504
2026/04/29 15:46:02,717000,11.499
2026/04/29 15:46:02,718000,11.496
2026/04/29 15:46:02,719000,11.493
2026/04/29 15:46:02,720000,11.501
2026/04/29 15:46:02,721000,11.499
2026/04/29 15:46:02,722000,11.504
2026/04/29 15:46:02,723000,11.501
2026/04/29 15:46:02,724000,11.501
2026/04/29 15:46:02,725000,11.493
2026/04/29 15:46:02,726000,11.496
2026/04/29 15:46:02,727000,11.496
2026/04/29 15:46:02,728000,11.501
2026/04/29 15:46:02,729000,11.501
2026/04/29 15:46:02,730000,11.501
2026/04/29 15:46:02,731000,11.501
2026/04/29 15:46:02,732000,11.499
2026/04/29 15:46:02,733000,11.499
2026/04/29 15:46:02,734000,11.496
2026/04/29 15:46:02,735000,11.501
2026/04/29 15:46:02,736000,11.499
2026/04/29 15:46:02,737000,11.501
2026/04/29 15:46:02,738000,11.499
2026/04/29 15:46:02,739000,11.499
2026/04/29 15:46:02,740000,11.501
2026/04/29 15:46:02,741000,11.499
2026/04/29 15:46:02,742000,11.499
2026/04/29 15:46:02,743000,11.493
2026/04/29 15:46:02,744000,11.499
2026/04/29 15:46:02,745000,11.499
2026/04/29 15:46:02,746000,11.501
2026/04/29 15:46:02,747000,11.499
2026/04/29 15:46:02,748000,11.501
2026/04/29 15:46:02,749000,11.504
2026/04/29 15:46:02,750000,11.499
2026/04/29 15:46:02,751000,11.499
2026/04/29 15:46:02,752000,11.501
2026/04/29 15:46:02,753000,11.496
2026/04/29 15:46:02,754000,11.499
2026/04/29 15:46:02,755000,11.501
2026/04/29 15:46:02,756000,11.490
2026/04/29 15:46:02,757000,11.496
2026/04/29 15:46:02,758000,11.496
2026/04/29 15:46:02,759000,11.499
2026/04/29 15:46:02,760000,11.501
2026/04/29 15:46:02,761000,11.501
2026/04/29 15:46:02,762000,11.504
2026/04/29 15:46:02,763000,11.504
2026/04/29 15:46:02,764000,11.507
2026/04/29 15:46:02,765000,11.501
2026/04/29 15:46:02,766000,11.499
2026/04/29 15:46:02,767000,11.501
2026/04/29 15:46:02,768000,11.496
2026/04/29 15:46:02,769000,11.496
2026/04/29 15:46:02,770000,11.499
2026/04/29 15:46:02,771000,11.493
2026/04/29 15:46:02,772000,11.493
2026/04/29 15:46:02,773000,11.501
2026/04/29 15:46:02,774000,11.499
2026/04/29 15:46:02,775000,11.496
2026/04/29 15:46:02,776000,11.499
2026/04/29 15:46:02,777000,11.496
2026/04/29 15:46:02,778000,11.499
2026/04/29 15:46:02,779000,11.501
2026/04/29 15:46:02,780000,11.496
2026/04/29 15:46:02,781000,11.501
2026/04/29 15:46:02,782000,11.499
2026/04/29 15:46:02,783000,11.504
2026/04/29 15:46:02,784000,11.496
2026/04/29 15:46:02,785000,11.504
2026/04/29 15:46:02,786000,11.496
2026/04/29 15:46:02,787000,11.501
2026/04/29 15:46:02,788000,11.499
2026/04/29 15:46:02,789000,11.496
2026/04/29 15:46:02,790000,11.493
2026/04/29 15:46:02,791000,11.496
2026/04/29 15:46:02,792000,11.499
2026/04/29 15:46:02,793000,11.499
2026/04/29 15:46:02,794000,11.501
2026/04/29 15:46:02,795000,11.501
2026/04/29 15:46:02,796000,11.501
2026/04/29 15:46:02,797000,11.499
2026/04/29 15:46:02,798000,11.499
2026/04/29 15:46:02,799000,11.501
2026/04/29 15:46:02,800000,11.504
2026/04/29 15:46:02,801000,11.499
2026/04/29 15:46:02,802000,11.499
2026/04/29 15:46:02,803000,11.504
2026/04/29 15:46:02,804000,11.496
2026/04/29 15:46:02,805000,11.499
2026/04/29 15:46:02,806000,11.501
2026/04/29 15:46:02,807000,11.499
2026/04/29 15:46:02,808000,11.499
2026/04/29 15:46:02,809000,11.501
2026/04/29 15:46:02,810000,11.493
2026/04/29 15:46:02,811000,11.504
2026/04/29 15:46:02,812000,11.499
2026/04/29 15:46:02,813000,11.501
2026/04/29 15:46:02,814000,11.499
2026/04/29 15:46:02,815000,11.499
2026/04/29 15:46:02,816000,11.504
2026/04/29 15:46:02,817000,11.496
2026/04/29 15:46:02,818000,11.499
2026/04/29 15:46:02,819000,11.501
2026/04/29 15:46:02,820000,11.499
2026/04/29 15:46:02,821000,11.496
2026/04/29 15:46:02,822000,11.499
2026/04/29 15:46:02,823000,11.496
2026/04/29 15:46:02,824000,11.504
2026/04/29 15:46:02,825000,11.499
2026/04/29 15:46:02,826000,11.504
2026/04/29 15:46:02,827000,11.504
2026/04/29 15:46:02,828000,11.504
2026/04/29 15:46:02,829000,11.501
2026/04/29 15:46:02,830000,11.499
2026/04/29 15:46:02,831000,11.499
2026/04/29 15:46:02,832000,11.493
2026/04/29 15:46:02,833000,11.496
2026/04/29 15:46:02,834000,11.493
2026/04/29 15:46:02,835000,11.499
2026/04/29 15:46:02,836000,11.499
2026/04/29 15:46:02,837000,11.501
2026/04/29 15:46:02,838000,11.499
2026/04/29 15:46:02,839000,11.501
2026/04/29 15:46:02,840000,11.496
2026/04/29 15:46:02,841000,11.493
2026/04/29 15:46:02,842000,11.493
2026/04/29 15:46:02,843000,11.501
2026/04/29 15:46:02,844000,11.496
2026/04/29 15:46:02,845000,11.501
2026/04/29 15:46:02,846000,11.501
2026/04/29 15:46:02,847000,11.499
2026/04/29 15:46:02,848000,11.504
2026/04/29 15:46:02,849000,11.501
2026/04/29 15:46:02,850000,11.499
2026/04/29 15:46:02,851000,11.499
2026/04/29 15:46:02,852000,11.496
2026/04/29 15:46:02,853000,11.501
2026/04/29 15:46:02,854000,11.499
2026/04/29 15:46:02,855000,11.501
2026/04/29 15:46:02,856000,11.499
2026/04/29 15:46:02,857000,11.501
2026/04/29 15:46:02,858000,11.493
2026/04/29 15:46:02,859000,11.504
2026/04/29 15:46:02,860000,11.499
2026/04/29 15:46:02,861000,11.504
2026/04/29 15:46:02,862000,11.499
2026/04/29 15:46:02,863000,11.510
2026/04/29 15:46:02,864000,11.507
2026/04/29 15:46:02,865000,11.507
2026/04/29 15:46:02,866000,11.499
2026/04/29 15:46:02,867000,11.499
2026/04/29 15:46:02,868000,11.504
2026/04/29 15:46:02,869000,11.499
2026/04/29 15:46:02,870000,11.499
2026/04/29 15:46:02,871000,11.499
2026/04/29 15:46:02,872000,11.501
2026/04/29 15:46:02,873000,11.501
2026/04/29 15:46:02,874000,11.504
2026/04/29 15:46:02,875000,11.504
2026/04/29 15:46:02,876000,11.501
2026/04/29 15:46:02,877000,11.496
2026/04/29 15:46:02,878000,11.501
2026/04/29 15:46:02,879000,11.499
2026/04/29 15:46:02,880000,11.499
2026/04/29 15:46:02,881000,11.499
2026/04/29 15:46:02,882000,11.499
2026/04/29 15:46:02,883000,11.496
2026/04/29 15:46:02,884000,11.501
2026/04/29 15:46:02,885000,11.501
2026/04/29 15:46:02,886000,11.504
2026/04/29 15:46:02,887000,11.501
2026/04/29 15:46:02,888000,11.496
2026/04/29 15:46:02,889000,11.499
2026/04/29 15:46:02,890000,11.501
2026/04/29 15:46:02,891000,11.496
2026/04/29 15:46:02,892000,11.499
2026/04/29 15:46:02,893000,11.499
2026/04/29 15:46:02,894000,11.501
2026/04/29 15:46:02,895000,11.499
2026/04/29 15:46:02,896000,11.499
2026/04/29 15:46:02,897000,11.501
2026/04/29 15:46:02,898000,11.499
2026/04/29 15:46:02,899000,11.496
2026/04/29 15:46:02,900000,11.499
2026/04/29 15:46:02,901000,11.496
2026/04/29 15:46:02,902000,11.501
2026/04/29 15:46:02,903000,11.501
2026/04/29 15:46:02,904000,11.504
2026/04/29 15:46:02,905000,11.501
2026/04/29 15:46:02,906000,11.510
2026/04/29 15:46:02,907000,11.501
2026/04/29 15:46:02,908000,11.504
2026/04/29 15:46:02,909000,11.499
2026/04/29 15:46:02,910000,11.499
2026/04/29 15:46:02,911000,11.501
2026/04/29 15:46:02,912000,11.504
2026/04/29 15:46:02,913000,11.499
2026/04/29 15:46:02,914000,11.490
2026/04/29 15:46:02,915000,11.501
2026/04/29 15:46:02,916000,11.499
2026/04/29 15:46:02,917000,11.496
2026/04/29 15:46:02,918000,11.499
2026/04/29 15:46:02,919000,11.501
2026/04/29 15:46:02,920000,11.507
2026/04/29 15:46:02,921000,11.501
2026/04/29 15:46:02,922000,11.496
2026/04/29 15:46:02,923000,11.499
2026/04/29 15:46:02,924000,11.504
2026/04/29 15:46:02,925000,11.499
2026/04/29 15:46:02,926000,11.504
2026/04/29 15:46:02,927000,11.496
2026/04/29 15:46:02,928000,11.501
2026/04/29 15:46:02,929000,11.499
2026/04/29 15:46:02,930000,11.496
2026/04/29 15:46:02,931000,11.499
2026/04/29 15:46:02,932000,11.501
2026/04/29 15:46:02,933000,11.499
2026/04/29 15:46:02,934000,11.499
2026/04/29 15:46:02,935000,11.504
2026/04/29 15:46:02,936000,11.499
2026/04/29 15:46:02,937000,11.501
2026/04/29 15:46:02,938000,11.504
2026/04/29 15:46:02,939000,11.496
2026/04/29 15:46:02,940000,11.499
2026/04/29 15:46:02,941000,11.496
2026/04/29 15:46:02,942000,11.501
2026/04/29 15:46:02,943000,11.493
2026/04/29 15:46:02,944000,11.499
2026/04/29 15:46:02,945000,11.501
2026/04/29 15:46:02,946000,11.496
2026/04/29 15:46:02,947000,11.499
2026/04/29 15:46:02,948000,11.501
2026/04/29 15:46:02,949000,11.493
2026/04/29 15:46:02,950000,11.490
2026/04/29 15:46:02,951000,11.501
2026/04/29 15:46:02,952000,11.490
2026/04/29 15:46:02,953000,11.507
2026/04/29 15:46:02,954000,11.501
2026/04/29 15:46:02,955000,11.501
2026/04/29 15:46:02,956000,11.499
2026/04/29 15:46:02,957000,11.504
2026/04/29 15:46:02,958000,11.501
2026/04/29 15:46:02,959000,11.496
2026/04/29 15:46:02,960000,11.499
2026/04/29 15:46:02,961000,11.499
2026/04/29 15:46:02,962000,11.501
2026/04/29 15:46:02,963000,11.499
2026/04/29 15:46:02,964000,11.496
2026/04/29 15:46:02,965000,11.499
2026/04/29 15:46:02,966000,11.493
2026/04/29 15:46:02,967000,11.496
2026/04/29 15:46:02,968000,11.493
2026/04/29 15:46:02,969000,11.501
2026/04/29 15:46:02,970000,11.501
2026/04/29 15:46:02,971000,11.501
2026/04/29 15:46:02,972000,11.501
2026/04/29 15:46:02,973000,11.499
2026/04/29 15:46:02,974000,11.504
2026/04/29 15:46:02,975000,11.499
2026/04/29 15:46:02,976000,11.499
2026/04/29 15:46:02,977000,11.499
2026/04/29 15:46:02,978000,11.501
2026/04/29 15:46:02,979000,11.501
2026/04/29 15:46:02,980000,11.493
2026/04/29 15:46:02,981000,11.501
2026/04/29 15:46:02,982000,11.499
2026/04/29 15:46:02,983000,11.493
2026/04/29 15:46:02,984000,11.496
2026/04/29 15:46:02,985000,11.493
2026/04/29 15:46:02,986000,11.496
2026/04/29 15:46:02,987000,11.504
2026/04/29 15:46:02,988000,11.493
2026/04/29 15:46:02,989000,11.504
2026/04/29 15:46:02,990000,11.496
2026/04/29 15:46:02,991000,11.501
2026/04/29 15:46:02,992000,11.501
2026/04/29 15:46:02,993000,11.499
2026/04/29 15:46:02,994000,11.493
2026/04/29 15:46:02,995000,11.496
2026/04/29 15:46:02,996000,11.499
2026/04/29 15:46:02,997000,11.501
2026/04/29 15:46:02,998000,11.501
2026/04/29 15:46:02,999000,11.501
2026/04/29 15:46:03,000000,11.504
2026/04/29 15:46:03,001000,11.501
2026/04/29 15:46:03,002000,11.499
2026/04/29 15:46:03,003000,11.496
2026/04/29 15:46:03,004000,11.496
2026/04/29 15:46:03,005000,11.513
2026/04/29 15:46:03,006000,11.499
2026/04/29 15:46:03,007000,11.499
2026/04/29 15:46:03,008000,11.496
2026/04/29 15:46:03,009000,11.496
2026/04/29 15:46:03,010000,11.504
2026/04/29 15:46:03,011000,11.499
2026/04/29 15:46:03,012000,11.504
2026/04/29 15:46:03,013000,11.496
2026/04/29 15:46:03,014000,11.499
2026/04/29 15:46:03,015000,11.501
2026/04/29 15:46:03,016000,11.504
2026/04/29 15:46:03,017000,11.504
2026/04/29 15:46:03,018000,11.499
2026/04/29 15:46:03,019000,11.499
2026/04/29 15:46:03,020000,11.501
2026/04/29 15:46:03,021000,11.499
2026/04/29 15:46:03,022000,11.496
2026/04/29 15:46:03,023000,11.501
2026/04/29 15:46:03,024000,11.496
2026/04/29 15:46:03,025000,11.504
2026/04/29 15:46:03,026000,11.501
2026/04/29 15:46:03,027000,11.499
2026/04/29 15:46:03,028000,11.496
2026/04/29 15:46:03,029000,11.499
2026/04/29 15:46:03,030000,11.493
2026/04/29 15:46:03,031000,11.499
2026/04/29 15:46:03,032000,11.493
2026/04/29 15:46:03,033000,11.493
2026/04/29 15:46:03,034000,11.504
2026/04/29 15:46:03,035000,11.493
2026/04/29 15:46:03,036000,11.501
2026/04/29 15:46:03,037000,11.499
2026/04/29 15:46:03,038000,11.499
2026/04/29 15:46:03,039000,11.499
2026/04/29 15:46:03,040000,11.501
2026/04/29 15:46:03,041000,11.493
2026/04/29 15:46:03,042000,11.493
2026/04/29 15:46:03,043000,11.496
2026/04/29 15:46:03,044000,11.501
2026/04/29 15:46:03,045000,11.493
2026/04/29 15:46:03,046000,11.499
2026/04/29 15:46:03,047000,11.501
2026/04/29 15:46:03,048000,11.490
2026/04/29 15:46:03,049000,11.499
2026/04/29 15:46:03,050000,11.499
2026/04/29 15:46:03,051000,11.499
2026/04/29 15:46:03,052000,11.496
2026/04/29 15:46:03,053000,11.493
2026/04/29 15:46:03,054000,11.493
2026/04/29 15:46:03,055000,11.499
2026/04/29 15:46:03,056000,11.496
2026/04/29 15:46:03,057000,11.501
2026/04/29 15:46:03,058000,11.501
2026/04/29 15:46:03,059000,11.501
2026/04/29 15:46:03,060000,11.493
2026/04/29 15:46:03,061000,11.501
2026/04/29 15:46:03,062000,11.496
2026/04/29 15:46:03,063000,11.499
2026/04/29 15:46:03,064000,11.499
2026/04/29 15:46:03,065000,11.501
2026/04/29 15:46:03,066000,11.499
2026/04/29 15:46:03,067000,11.501
2026/04/29 15:46:03,068000,11.499
2026/04/29 15:46:03,069000,11.499
2026/04/29 15:46:03,070000,11.499
2026/04/29 15:46:03,071000,11.499
2026/04/29 15:46:03,072000,11.501
2026/04/29 15:46:03,073000,11.493
2026/04/29 15:46:03,074000,11.501
2026/04/29 15:46:03,075000,11.504
2026/04/29 15:46:03,076000,11.499
2026/04/29 15:46:03,077000,11.501
2026/04/29 15:46:03,078000,11.496
2026/04/29 15:46:03,079000,11.501
2026/04/29 15:46:03,080000,11.499
2026/04/29 15:46:03,081000,11.499
2026/04/29 15:46:03,082000,11.504
2026/04/29 15:46:03,083000,11.499
2026/04/29 15:46:03,084000,11.496
2026/04/29 15:46:03,085000,11.499
2026/04/29 15:46:03,086000,11.499
2026/04/29 15:46:03,087000,11.493
2026/04/29 15:46:03,088000,11.499
2026/04/29 15:46:03,089000,11.499
2026/04/29 15:46:03,090000,11.501
2026/04/29 15:46:03,091000,11.496
2026/04/29 15:46:03,092000,11.496
2026/04/29 15:46:03,093000,11.499
2026/04/29 15:46:03,094000,11.499
2026/04/29 15:46:03,095000,11.493
2026/04/29 15:46:03,096000,11.504
2026/04/29 15:46:03,097000,11.499
2026/04/29 15:46:03,098000,11.501
2026/04/29 15:46:03,099000,11.501
2026/04/29 15:46:03,100000,11.501
2026/04/29 15:46:03,101000,11.493
2026/04/29 15:46:03,102000,11.499
2026/04/29 15:46:03,103000,11.499
2026/04/29 15:46:03,104000,11.493
2026/04/29 15:46:03,105000,11.496
2026/04/29 15:46:03,106000,11.499
2026/04/29 15:46:03,107000,11.496
2026/04/29 15:46:03,108000,11.499
2026/04/29 15:46:03,109000,11.501
2026/04/29 15:46:03,110000,11.501
2026/04/29 15:46:03,111000,11.496
2026/04/29 15:46:03,112000,11.504
2026/04/29 15:46:03,113000,11.499
2026/04/29 15:46:03,114000,11.493
2026/04/29 15:46:03,115000,11.499
2026/04/29 15:46:03,116000,11.496
2026/04/29 15:46:03,117000,11.501
2026/04/29 15:46:03,118000,11.499
2026/04/29 15:46:03,119000,11.496
2026/04/29 15:46:03,120000,11.499
2026/04/29 15:46:03,121000,11.499
2026/04/29 15:46:03,122000,11.501
2026/04/29 15:46:03,123000,11.496
2026/04/29 15:46:03,124000,11.499
2026/04/29 15:46:03,125000,11.493
2026/04/29 15:46:03,126000,11.499
2026/04/29 15:46:03,127000,11.501
2026/04/29 15:46:03,128000,11.499
2026/04/29 15:46:03,129000,11.499
2026/04/29 15:46:03,130000,11.501
2026/04/29 15:46:03,131000,11.499
2026/04/29 15:46:03,132000,11.501
2026/04/29 15:46:03,133000,11.499
2026/04/29 15:46:03,134000,11.496
2026/04/29 15:46:03,135000,11.501
2026/04/29 15:46:03,136000,11.499
2026/04/29 15:46:03,137000,11.499
2026/04/29 15:46:03,138000,11.499
2026/04/29 15:46:03,139000,11.493
2026/04/29 15:46:03,140000,11.499
2026/04/29 15:46:03,141000,11.501
2026/04/29 15:46:03,142000,11.499
2026/04/29 15:46:03,143000,11.501
2026/04/29 15:46:03,144000,11.499
2026/04/29 15:46:03,145000,11.496
2026/04/29 15:46:03,146000,11.493
2026/04/29 15:46:03,147000,11.501
2026/04/29 15:46:03,148000,11.496
2026/04/29 15:46:03,149000,11.496
2026/04/29 15:46:03,150000,11.493
2026/04/29 15:46:03,151000,11.496
2026/04/29 15:46:03,152000,11.501
2026/04/29 15:46:03,153000,11.501
2026/04/29 15:46:03,154000,11.501
2026/04/29 15:46:03,155000,11.496
2026/04/29 15:46:03,156000,11.501
2026/04/29 15:46:03,157000,11.496
2026/04/29 15:46:03,158000,11.499
2026/04/29 15:46:03,159000,11.493
2026/04/29 15:46:03,160000,11.496
2026/04/29 15:46:03,161000,11.496
2026/04/29 15:46:03,162000,11.501
2026/04/29 15:46:03,163000,11.496
2026/04/29 15:46:03,164000,11.496
2026/04/29 15:46:03,165000,11.499
2026/04/29 15:46:03,166000,11.501
2026/04/29 15:46:03,167000,11.499
2026/04/29 15:46:03,168000,11.501
2026/04/29 15:46:03,169000,11.499
2026/04/29 15:46:03,170000,11.496
2026/04/29 15:46:03,171000,11.504
2026/04/29 15:46:03,172000,11.499
2026/04/29 15:46:03,173000,11.493
2026/04/29 15:46:03,174000,11.501
2026/04/29 15:46:03,175000,11.499
2026/04/29 15:46:03,176000,11.496
2026/04/29 15:46:03,177000,11.496
2026/04/29 15:46:03,178000,11.501
2026/04/29 15:46:03,179000,11.496
2026/04/29 15:46:03,180000,11.496
2026/04/29 15:46:03,181000,11.496
2026/04/29 15:46:03,182000,11.499
2026/04/29 15:46:03,183000,11.501
2026/04/29 15:46:03,184000,11.493
2026/04/29 15:46:03,185000,11.501
2026/04/29 15:46:03,186000,11.493
2026/04/29 15:46:03,187000,11.501
2026/04/29 15:46:03,188000,11.499
2026/04/29 15:46:03,189000,11.499
2026/04/29 15:46:03,190000,11.501
2026/04/29 15:46:03,191000,11.499
2026/04/29 15:46:03,192000,11.499
2026/04/29 15:46:03,193000,11.501
2026/04/29 15:46:03,194000,11.496
2026/04/29 15:46:03,195000,11.501
2026/04/29 15:46:03,196000,11.501
2026/04/29 15:46:03,197000,11.499
2026/04/29 15:46:03,198000,11.499
2026/04/29 15:46:03,199000,11.501
2026/04/29 15:46:03,200000,11.501
2026/04/29 15:46:03,201000,11.493
2026/04/29 15:46:03,202000,11.499
2026/04/29 15:46:03,203000,11.501
2026/04/29 15:46:03,204000,11.496
2026/04/29 15:46:03,205000,11.496
2026/04/29 15:46:03,206000,11.493
2026/04/29 15:46:03,207000,11.499
2026/04/29 15:46:03,208000,11.496
2026/04/29 15:46:03,209000,11.501
2026/04/29 15:46:03,210000,11.499
2026/04/29 15:46:03,211000,11.499
2026/04/29 15:46:03,212000,11.496
2026/04/29 15:46:03,213000,11.493
2026/04/29 15:46:03,214000,11.501
2026/04/29 15:46:03,215000,11.504
2026/04/29 15:46:03,216000,11.501
2026/04/29 15:46:03,217000,11.504
2026/04/29 15:46:03,218000,11.496
2026/04/29 15:46:03,219000,11.510
2026/04/29 15:46:03,220000,11.499
2026/04/29 15:46:03,221000,11.493
2026/04/29 15:46:03,222000,11.496
2026/04/29 15:46:03,223000,11.507
2026/04/29 15:46:03,224000,11.501
2026/04/29 15:46:03,225000,11.504
2026/04/29 15:46:03,226000,11.501
2026/04/29 15:46:03,227000,11.504
2026/04/29 15:46:03,228000,11.499
2026/04/29 15:46:03,229000,11.499
2026/04/29 15:46:03,230000,11.499
2026/04/29 15:46:03,231000,11.496
2026/04/29 15:46:03,232000,11.499
2026/04/29 15:46:03,233000,11.504
2026/04/29 15:46:03,234000,11.496
2026/04/29 15:46:03,235000,11.501
2026/04/29 15:46:03,236000,11.501
2026/04/29 15:46:03,237000,11.499
2026/04/29 15:46:03,238000,11.501
2026/04/29 15:46:03,239000,11.496
2026/04/29 15:46:03,240000,11.496
2026/04/29 15:46:03,241000,11.499
2026/04/29 15:46:03,242000,11.501
2026/04/29 15:46:03,243000,11.499
2026/04/29 15:46:03,244000,11.496
2026/04/29 15:46:03,245000,11.499
2026/04/29 15:46:03,246000,11.499
2026/04/29 15:46:03,247000,11.501
2026/04/29 15:46:03,248000,11.499
2026/04/29 15:46:03,249000,11.496
2026/04/29 15:46:03,250000,11.499
2026/04/29 15:46:03,251000,11.501
2026/04/29 15:46:03,252000,11.501
2026/04/29 15:46:03,253000,11.501
2026/04/29 15:46:03,254000,11.499
2026/04/29 15:46:03,255000,11.499
2026/04/29 15:46:03,256000,11.493
2026/04/29 15:46:03,257000,11.496
2026/04/29 15:46:03,258000,11.499
2026/04/29 15:46:03,259000,11.493
2026/04/29 15:46:03,260000,11.496
2026/04/29 15:46:03,261000,11.493
2026/04/29 15:46:03,262000,11.496
2026/04/29 15:46:03,263000,11.501
2026/04/29 15:46:03,264000,11.501
2026/04/29 15:46:03,265000,11.501
2026/04/29 15:46:03,266000,11.501
2026/04/29 15:46:03,267000,11.501
2026/04/29 15:46:03,268000,11.499
2026/04/29 15:46:03,269000,11.496
2026/04/29 15:46:03,270000,11.496
2026/04/29 15:46:03,271000,11.499
2026/04/29 15:46:03,272000,11.499
2026/04/29 15:46:03,273000,11.496
2026/04/29 15:46:03,274000,11.499
2026/04/29 15:46:03,275000,11.496
2026/04/29 15:46:03,276000,11.499
2026/04/29 15:46:03,277000,11.510
2026/04/29 15:46:03,278000,11.499
2026/04/29 15:46:03,279000,11.499
2026/04/29 15:46:03,280000,11.499
2026/04/29 15:46:03,281000,11.499
2026/04/29 15:46:03,282000,11.499
2026/04/29 15:46:03,283000,11.507
2026/04/29 15:46:03,284000,11.501
2026/04/29 15:46:03,285000,11.499
2026/04/29 15:46:03,286000,11.501
2026/04/29 15:46:03,287000,11.501
2026/04/29 15:46:03,288000,11.501
2026/04/29 15:46:03,289000,11.501
2026/04/29 15:46:03,290000,11.496
2026/04/29 15:46:03,291000,11.493
2026/04/29 15:46:03,292000,11.501
2026/04/29 15:46:03,293000,11.501
2026/04/29 15:46:03,294000,11.499
2026/04/29 15:46:03,295000,11.501
2026/04/29 15:46:03,296000,11.501
2026/04/29 15:46:03,297000,11.501
2026/04/29 15:46:03,298000,11.493
2026/04/29 15:46:03,299000,11.499
2026/04/29 15:46:03,300000,11.493
2026/04/29 15:46:03,301000,11.499
2026/04/29 15:46:03,302000,11.499
2026/04/29 15:46:03,303000,11.496
2026/04/29 15:46:03,304000,11.504
2026/04/29 15:46:03,305000,11.501
2026/04/29 15:46:03,306000,11.499
2026/04/29 15:46:03,307000,11.501
2026/04/29 15:46:03,308000,11.504
2026/04/29 15:46:03,309000,11.496
2026/04/29 15:46:03,310000,11.501
2026/04/29 15:46:03,311000,11.499
2026/04/29 15:46:03,312000,11.493
2026/04/29 15:46:03,313000,11.501
2026/04/29 15:46:03,314000,11.501
2026/04/29 15:46:03,315000,11.499
2026/04/29 15:46:03,316000,11.499
2026/04/29 15:46:03,317000,11.499
2026/04/29 15:46:03,318000,11.499
2026/04/29 15:46:03,319000,11.496
2026/04/29 15:46:03,320000,11.499
2026/04/29 15:46:03,321000,11.501
2026/04/29 15:46:03,322000,11.501
2026/04/29 15:46:03,323000,11.501
2026/04/29 15:46:03,324000,11.501
2026/04/29 15:46:03,325000,11.501
2026/04/29 15:46:03,326000,11.499
2026/04/29 15:46:03,327000,11.499
2026/04/29 15:46:03,328000,11.504
2026/04/29 15:46:03,329000,11.501
2026/04/29 15:46:03,330000,11.499
2026/04/29 15:46:03,331000,11.499
2026/04/29 15:46:03,332000,11.499
2026/04/29 15:46:03,333000,11.501
2026/04/29 15:46:03,334000,11.501
2026/04/29 15:46:03,335000,11.493
2026/04/29 15:46:03,336000,11.501
2026/04/29 15:46:03,337000,11.493
2026/04/29 15:46:03,338000,11.501
2026/04/29 15:46:03,339000,11.499
2026/04/29 15:46:03,340000,11.499
2026/04/29 15:46:03,341000,11.504
2026/04/29 15:46:03,342000,11.501
2026/04/29 15:46:03,343000,11.501
2026/04/29 15:46:03,344000,11.490
2026/04/29 15:46:03,345000,11.499
2026/04/29 15:46:03,346000,11.501
2026/04/29 15:46:03,347000,11.499
2026/04/29 15:46:03,348000,11.504
2026/04/29 15:46:03,349000,11.504
2026/04/29 15:46:03,350000,11.501
2026/04/29 15:46:03,351000,11.499
2026/04/29 15:46:03,352000,11.499
2026/04/29 15:46:03,353000,11.496
2026/04/29 15:46:03,354000,11.499
2026/04/29 15:46:03,355000,11.501
2026/04/29 15:46:03,356000,11.501
2026/04/29 15:46:03,357000,11.501
2026/04/29 15:46:03,358000,11.499
2026/04/29 15:46:03,359000,11.496
2026/04/29 15:46:03,360000,11.501
2026/04/29 15:46:03,361000,11.501
2026/04/29 15:46:03,362000,11.499
2026/04/29 15:46:03,363000,11.504
2026/04/29 15:46:03,364000,11.496
2026/04/29 15:46:03,365000,11.501
2026/04/29 15:46:03,366000,11.493
2026/04/29 15:46:03,367000,11.504
2026/04/29 15:46:03,368000,11.501
2026/04/29 15:46:03,369000,11.504
2026/04/29 15:46:03,370000,11.507
2026/04/29 15:46:03,371000,11.496
2026/04/29 15:46:03,372000,11.501
2026/04/29 15:46:03,373000,11.496
2026/04/29 15:46:03,374000,11.501
2026/04/29 15:46:03,375000,11.499
2026/04/29 15:46:03,376000,11.501
2026/04/29 15:46:03,377000,11.504
2026/04/29 15:46:03,378000,11.499
2026/04/29 15:46:03,379000,11.504
2026/04/29 15:46:03,380000,11.496
2026/04/29 15:46:03,381000,11.504
2026/04/29 15:46:03,382000,11.504
2026/04/29 15:46:03,383000,11.504
2026/04/29 15:46:03,384000,11.501
2026/04/29 15:46:03,385000,11.496
2026/04/29 15:46:03,386000,11.504
2026/04/29 15:46:03,387000,11.504
2026/04/29 15:46:03,388000,11.501
2026/04/29 15:46:03,389000,11.504
2026/04/29 15:46:03,390000,11.496
2026/04/29 15:46:03,391000,11.504
2026/04/29 15:46:03,392000,11.504
2026/04/29 15:46:03,393000,11.501
2026/04/29 15:46:03,394000,11.501
2026/04/29 15:46:03,395000,11.504
2026/04/29 15:46:03,396000,11.504
2026/04/29 15:46:03,397000,11.504
2026/04/29 15:46:03,398000,11.501
2026/04/29 15:46:03,399000,11.496
2026/04/29 15:46:03,400000,11.499
2026/04/29 15:46:03,401000,11.499
2026/04/29 15:46:03,402000,11.501
2026/04/29 15:46:03,403000,11.501
2026/04/29 15:46:03,404000,11.501
2026/04/29 15:46:03,405000,11.499
2026/04/29 15:46:03,406000,11.496
2026/04/29 15:46:03,407000,11.499
2026/04/29 15:46:03,408000,11.496
2026/04/29 15:46:03,409000,11.501
2026/04/29 15:46:03,410000,11.501
2026/04/29 15:46:03,411000,11.501
2026/04/29 15:46:03,412000,11.501
2026/04/29 15:46:03,413000,11.501
2026/04/29 15:46:03,414000,11.499
2026/04/29 15:46:03,415000,11.501
2026/04/29 15:46:03,416000,11.504
2026/04/29 15:46:03,417000,11.501
2026/04/29 15:46:03,418000,11.499
2026/04/29 15:46:03,419000,11.499
2026/04/29 15:46:03,420000,11.499
2026/04/29 15:46:03,421000,11.499
2026/04/29 15:46:03,422000,11.499
2026/04/29 15:46:03,423000,11.501
2026/04/29 15:46:03,424000,11.496
2026/04/29 15:46:03,425000,11.499
2026/04/29 15:46:03,426000,11.499
2026/04/29 15:46:03,427000,11.504
2026/04/29 15:46:03,428000,11.501
2026/04/29 15:46:03,429000,11.504
2026/04/29 15:46:03,430000,11.501
2026/04/29 15:46:03,431000,11.496
2026/04/29 15:46:03,432000,11.496
2026/04/29 15:46:03,433000,11.490
2026/04/29 15:46:03,434000,11.501
2026/04/29 15:46:03,435000,11.504
2026/04/29 15:46:03,436000,11.507
2026/04/29 15:46:03,437000,11.504
2026/04/29 15:46:03,438000,11.504
2026/04/29 15:46:03,439000,11.493
2026/04/29 15:46:03,440000,11.499
2026/04/29 15:46:03,441000,11.496
2026/04/29 15:46:03,442000,11.501
2026/04/29 15:46:03,443000,11.504
2026/04/29 15:46:03,444000,11.501
2026/04/29 15:46:03,445000,11.493
2026/04/29 15:46:03,446000,11.499
2026/04/29 15:46:03,447000,11.501
2026/04/29 15:46:03,448000,11.499
2026/04/29 15:46:03,449000,11.501
2026/04/29 15:46:03,450000,11.499
2026/04/29 15:46:03,451000,11.501
2026/04/29 15:46:03,452000,11.496
2026/04/29 15:46:03,453000,11.499
2026/04/29 15:46:03,454000,11.501
2026/04/29 15:46:03,455000,11.504
2026/04/29 15:46:03,456000,11.493
2026/04/29 15:46:03,457000,11.501
2026/04/29 15:46:03,458000,11.507
2026/04/29 15:46:03,459000,11.499
2026/04/29 15:46:03,460000,11.499
2026/04/29 15:46:03,461000,11.504
2026/04/29 15:46:03,462000,11.493
2026/04/29 15:46:03,463000,11.501
2026/04/29 15:46:03,464000,11.504
2026/04/29 15:46:03,465000,11.501
2026/04/29 15:46:03,466000,11.501
2026/04/29 15:46:03,467000,11.499
2026/04/29 15:46:03,468000,11.504
2026/04/29 15:46:03,469000,11.501
2026/04/29 15:46:03,470000,11.493
2026/04/29 15:46:03,471000,11.493
2026/04/29 15:46:03,472000,11.496
2026/04/29 15:46:03,473000,11.504
2026/04/29 15:46:03,474000,11.504
2026/04/29 15:46:03,475000,11.499
2026/04/29 15:46:03,476000,11.501
2026/04/29 15:46:03,477000,11.501
2026/04/29 15:46:03,478000,11.499
2026/04/29 15:46:03,479000,11.499
2026/04/29 15:46:03,480000,11.501
2026/04/29 15:46:03,481000,11.499
2026/04/29 15:46:03,482000,11.496
2026/04/29 15:46:03,483000,11.501
2026/04/29 15:46:03,484000,11.499
2026/04/29 15:46:03,485000,11.499
2026/04/29 15:46:03,486000,11.501
2026/04/29 15:46:03,487000,11.496
2026/04/29 15:46:03,488000,11.501
2026/04/29 15:46:03,489000,11.501
2026/04/29 15:46:03,490000,11.501
2026/04/29 15:46:03,491000,11.504
2026/04/29 15:46:03,492000,11.501
2026/04/29 15:46:03,493000,11.501
2026/04/29 15:46:03,494000,11.499
2026/04/29 15:46:03,495000,11.496
2026/04/29 15:46:03,496000,11.499
2026/04/29 15:46:03,497000,11.499
2026/04/29 15:46:03,498000,11.501
2026/04/29 15:46:03,499000,11.504
2026/04/29 15:46:03,500000,11.504
2026/04/29 15:46:03,501000,11.490
2026/04/29 15:46:03,502000,11.499
2026/04/29 15:46:03,503000,11.493
2026/04/29 15:46:03,504000,11.496
2026/04/29 15:46:03,505000,11.507
2026/04/29 15:46:03,506000,11.493
2026/04/29 15:46:03,507000,11.499
2026/04/29 15:46:03,508000,11.496
2026/04/29 15:46:03,509000,11.496
2026/04/29 15:46:03,510000,11.501
2026/04/29 15:46:03,511000,11.501
2026/04/29 15:46:03,512000,11.501
2026/04/29 15:46:03,513000,11.501
2026/04/29 15:46:03,514000,11.501
2026/04/29 15:46:03,515000,11.504
2026/04/29 15:46:03,516000,11.496
2026/04/29 15:46:03,517000,11.499
2026/04/29 15:46:03,518000,11.499
2026/04/29 15:46:03,519000,11.496
2026/04/29 15:46:03,520000,11.496
2026/04/29 15:46:03,521000,11.499
2026/04/29 15:46:03,522000,11.504
2026/04/29 15:46:03,523000,11.499
2026/04/29 15:46:03,524000,11.501
2026/04/29 15:46:03,525000,11.501
2026/04/29 15:46:03,526000,11.504
2026/04/29 15:46:03,527000,11.499
2026/04/29 15:46:03,528000,11.496
2026/04/29 15:46:03,529000,11.501
2026/04/29 15:46:03,530000,11.501
2026/04/29 15:46:03,531000,11.499
2026/04/29 15:46:03,532000,11.493
2026/04/29 15:46:03,533000,11.499
2026/04/29 15:46:03,534000,11.501
2026/04/29 15:46:03,535000,11.493
2026/04/29 15:46:03,536000,11.501
2026/04/29 15:46:03,537000,11.501
2026/04/29 15:46:03,538000,11.501
2026/04/29 15:46:03,539000,11.496
2026/04/29 15:46:03,540000,11.501
2026/04/29 15:46:03,541000,11.499
2026/04/29 15:46:03,542000,11.499
2026/04/29 15:46:03,543000,11.501
2026/04/29 15:46:03,544000,11.496
2026/04/29 15:46:03,545000,11.501
2026/04/29 15:46:03,546000,11.501
2026/04/29 15:46:03,547000,11.496
2026/04/29 15:46:03,548000,11.499
2026/04/29 15:46:03,549000,11.496
2026/04/29 15:46:03,550000,11.499
2026/04/29 15:46:03,551000,11.499
2026/04/29 15:46:03,552000,11.501
2026/04/29 15:46:03,553000,11.496
2026/04/29 15:46:03,554000,11.501
2026/04/29 15:46:03,555000,11.501
2026/04/29 15:46:03,556000,11.499
2026/04/29 15:46:03,557000,11.501
2026/04/29 15:46:03,558000,11.501
2026/04/29 15:46:03,559000,11.496
2026/04/29 15:46:03,560000,11.493
2026/04/29 15:46:03,561000,11.499
2026/04/29 15:46:03,562000,11.493
2026/04/29 15:46:03,563000,11.499
2026/04/29 15:46:03,564000,11.496
2026/04/29 15:46:03,565000,11.493
2026/04/29 15:46:03,566000,11.501
2026/04/29 15:46:03,567000,11.499
2026/04/29 15:46:03,568000,11.496
2026/04/29 15:46:03,569000,11.504
2026/04/29 15:46:03,570000,11.499
2026/04/29 15:46:03,571000,11.504
2026/04/29 15:46:03,572000,11.499
2026/04/29 15:46:03,573000,11.499
2026/04/29 15:46:03,574000,11.496
2026/04/29 15:46:03,575000,11.496
2026/04/29 15:46:03,576000,11.496
2026/04/29 15:46:03,577000,11.490
2026/04/29 15:46:03,578000,11.499
2026/04/29 15:46:03,579000,11.501
2026/04/29 15:46:03,580000,11.493
2026/04/29 15:46:03,581000,11.499
2026/04/29 15:46:03,582000,11.493
2026/04/29 15:46:03,583000,11.501
2026/04/29 15:46:03,584000,11.499
2026/04/29 15:46:03,585000,11.501
2026/04/29 15:46:03,586000,11.504
2026/04/29 15:46:03,587000,11.499
2026/04/29 15:46:03,588000,11.501
2026/04/29 15:46:03,589000,11.501
2026/04/29 15:46:03,590000,11.496
2026/04/29 15:46:03,591000,11.510
2026/04/29 15:46:03,592000,11.499
2026/04/29 15:46:03,593000,11.499
2026/04/29 15:46:03,594000,11.499
2026/04/29 15:46:03,595000,11.504
2026/04/29 15:46:03,596000,11.501
2026/04/29 15:46:03,597000,11.485
2026/04/29 15:46:03,598000,11.501
2026/04/29 15:46:03,599000,11.496
2026/04/29 15:46:03,600000,11.501
2026/04/29 15:46:03,601000,11.504
2026/04/29 15:46:03,602000,11.493
2026/04/29 15:46:03,603000,11.499
2026/04/29 15:46:03,604000,11.499
2026/04/29 15:46:03,605000,11.496
2026/04/29 15:46:03,606000,11.499
2026/04/29 15:46:03,607000,11.499
2026/04/29 15:46:03,608000,11.499
2026/04/29 15:46:03,609000,11.499
2026/04/29 15:46:03,610000,11.501
2026/04/29 15:46:03,611000,11.499
2026/04/29 15:46:03,612000,11.501
2026/04/29 15:46:03,613000,11.499
2026/04/29 15:46:03,614000,11.501
2026/04/29 15:46:03,615000,11.501
2026/04/29 15:46:03,616000,11.496
2026/04/29 15:46:03,617000,11.499
2026/04/29 15:46:03,618000,11.493
2026/04/29 15:46:03,619000,11.499
2026/04/29 15:46:03,620000,11.504
2026/04/29 15:46:03,621000,11.499
2026/04/29 15:46:03,622000,11.493
2026/04/29 15:46:03,623000,11.493
2026/04/29 15:46:03,624000,11.496
2026/04/29 15:46:03,625000,11.504
2026/04/29 15:46:03,626000,11.501
2026/04/29 15:46:03,627000,11.499
2026/04/29 15:46:03,628000,11.493
2026/04/29 15:46:03,629000,11.501
2026/04/29 15:46:03,630000,11.499
2026/04/29 15:46:03,631000,11.493
2026/04/29 15:46:03,632000,11.501
2026/04/29 15:46:03,633000,11.499
2026/04/29 15:46:03,634000,11.496
2026/04/29 15:46:03,635000,11.499
2026/04/29 15:46:03,636000,11.499
2026/04/29 15:46:03,637000,11.504
2026/04/29 15:46:03,638000,11.499
2026/04/29 15:46:03,639000,11.496
2026/04/29 15:46:03,640000,11.499
2026/04/29 15:46:03,641000,11.501
2026/04/29 15:46:03,642000,11.499
2026/04/29 15:46:03,643000,11.499
2026/04/29 15:46:03,644000,11.496
2026/04/29 15:46:03,645000,11.496
2026/04/29 15:46:03,646000,11.501
2026/04/29 15:46:03,647000,11.496
2026/04/29 15:46:03,648000,11.501
2026/04/29 15:46:03,649000,11.499
2026/04/29 15:46:03,650000,11.496
2026/04/29 15:46:03,651000,11.499
2026/04/29 15:46:03,652000,11.501
2026/04/29 15:46:03,653000,11.504
2026/04/29 15:46:03,654000,11.496
2026/04/29 15:46:03,655000,11.496
2026/04/29 15:46:03,656000,11.499
2026/04/29 15:46:03,657000,11.501
2026/04/29 15:46:03,658000,11.496
2026/04/29 15:46:03,659000,11.493
2026/04/29 15:46:03,660000,11.499
2026/04/29 15:46:03,661000,11.504
2026/04/29 15:46:03,662000,11.499
2026/04/29 15:46:03,663000,11.499
2026/04/29 15:46:03,664000,11.499
2026/04/29 15:46:03,665000,11.501
2026/04/29 15:46:03,666000,11.496
2026/04/29 15:46:03,667000,11.487
2026/04/29 15:46:03,668000,11.501
2026/04/29 15:46:03,669000,11.499
2026/04/29 15:46:03,670000,11.493
2026/04/29 15:46:03,671000,11.504
2026/04/29 15:46:03,672000,11.504
2026/04/29 15:46:03,673000,11.499
2026/04/29 15:46:03,674000,11.499
2026/04/29 15:46:03,675000,11.499
2026/04/29 15:46:03,676000,11.501
2026/04/29 15:46:03,677000,11.493
2026/04/29 15:46:03,678000,11.501
2026/04/29 15:46:03,679000,11.496
2026/04/29 15:46:03,680000,11.499
2026/04/29 15:46:03,681000,11.496
2026/04/29 15:46:03,682000,11.499
2026/04/29 15:46:03,683000,11.496
2026/04/29 15:46:03,684000,11.499
2026/04/29 15:46:03,685000,11.501
2026/04/29 15:46:03,686000,11.496
2026/04/29 15:46:03,687000,11.496
2026/04/29 15:46:03,688000,11.490
2026/04/29 15:46:03,689000,11.490
2026/04/29 15:46:03,690000,11.499
2026/04/29 15:46:03,691000,11.499
2026/04/29 15:46:03,692000,11.499
2026/04/29 15:46:03,693000,11.496
2026/04/29 15:46:03,694000,11.499
2026/04/29 15:46:03,695000,11.499
2026/04/29 15:46:03,696000,11.499
2026/04/29 15:46:03,697000,11.501
2026/04/29 15:46:03,698000,11.499
2026/04/29 15:46:03,699000,11.499
2026/04/29 15:46:03,700000,11.496
2026/04/29 15:46:03,701000,11.496
2026/04/29 15:46:03,702000,11.496
2026/04/29 15:46:03,703000,11.493
2026/04/29 15:46:03,704000,11.496
2026/04/29 15:46:03,705000,11.501
2026/04/29 15:46:03,706000,11.499
2026/04/29 15:46:03,707000,11.499
2026/04/29 15:46:03,708000,11.499
2026/04/29 15:46:03,709000,11.496
2026/04/29 15:46:03,710000,11.501
2026/04/29 15:46:03,711000,11.501
2026/04/29 15:46:03,712000,11.501
2026/04/29 15:46:03,713000,11.493
2026/04/29 15:46:03,714000,11.501
2026/04/29 15:46:03,715000,11.504
2026/04/29 15:46:03,716000,11.499
2026/04/29 15:46:03,717000,11.496
2026/04/29 15:46:03,718000,11.501
2026/04/29 15:46:03,719000,11.501
2026/04/29 15:46:03,720000,11.501
2026/04/29 15:46:03,721000,11.504
2026/04/29 15:46:03,722000,11.504
2026/04/29 15:46:03,723000,11.501
2026/04/29 15:46:03,724000,11.490
2026/04/29 15:46:03,725000,11.499
2026/04/29 15:46:03,726000,11.504
2026/04/29 15:46:03,727000,11.501
2026/04/29 15:46:03,728000,11.504
2026/04/29 15:46:03,729000,11.496
2026/04/29 15:46:03,730000,11.501
2026/04/29 15:46:03,731000,11.499
2026/04/29 15:46:03,732000,11.507
2026/04/29 15:46:03,733000,11.493
2026/04/29 15:46:03,734000,11.499
2026/04/29 15:46:03,735000,11.501
2026/04/29 15:46:03,736000,11.507
2026/04/29 15:46:03,737000,11.493
2026/04/29 15:46:03,738000,11.499
2026/04/29 15:46:03,739000,11.499
2026/04/29 15:46:03,740000,11.501
2026/04/29 15:46:03,741000,11.496
2026/04/29 15:46:03,742000,11.499
2026/04/29 15:46:03,743000,11.499
2026/04/29 15:46:03,744000,11.499
2026/04/29 15:46:03,745000,11.501
2026/04/29 15:46:03,746000,11.501
2026/04/29 15:46:03,747000,11.501
2026/04/29 15:46:03,748000,11.499
2026/04/29 15:46:03,749000,11.499
2026/04/29 15:46:03,750000,11.499
2026/04/29 15:46:03,751000,11.499
2026/04/29 15:46:03,752000,11.496
2026/04/29 15:46:03,753000,11.501
2026/04/29 15:46:03,754000,11.501
2026/04/29 15:46:03,755000,11.496
2026/04/29 15:46:03,756000,11.493
2026/04/29 15:46:03,757000,11.493
2026/04/29 15:46:03,758000,11.504
2026/04/29 15:46:03,759000,11.504
2026/04/29 15:46:03,760000,11.496
2026/04/29 15:46:03,761000,11.504
2026/04/29 15:46:03,762000,11.493
2026/04/29 15:46:03,763000,11.499
2026/04/29 15:46:03,764000,11.504
2026/04/29 15:46:03,765000,11.499
2026/04/29 15:46:03,766000,11.493
2026/04/29 15:46:03,767000,11.496
2026/04/29 15:46:03,768000,11.499
2026/04/29 15:46:03,769000,11.499
2026/04/29 15:46:03,770000,11.501
2026/04/29 15:46:03,771000,11.504
2026/04/29 15:46:03,772000,11.501
2026/04/29 15:46:03,773000,11.501
2026/04/29 15:46:03,774000,11.499
2026/04/29 15:46:03,775000,11.499
2026/04/29 15:46:03,776000,11.501
2026/04/29 15:46:03,777000,11.499
2026/04/29 15:46:03,778000,11.496
2026/04/29 15:46:03,779000,11.496
2026/04/29 15:46:03,780000,11.499
2026/04/29 15:46:03,781000,11.496
2026/04/29 15:46:03,782000,11.504
2026/04/29 15:46:03,783000,11.499
2026/04/29 15:46:03,784000,11.504
2026/04/29 15:46:03,785000,11.499
2026/04/29 15:46:03,786000,11.499
2026/04/29 15:46:03,787000,11.493
2026/04/29 15:46:03,788000,11.501
2026/04/29 15:46:03,789000,11.499
2026/04/29 15:46:03,790000,11.496
2026/04/29 15:46:03,791000,11.501
2026/04/29 15:46:03,792000,11.496
2026/04/29 15:46:03,793000,11.499
2026/04/29 15:46:03,794000,11.501
2026/04/29 15:46:03,795000,11.504
2026/04/29 15:46:03,796000,11.501
2026/04/29 15:46:03,797000,11.493
2026/04/29 15:46:03,798000,11.499
2026/04/29 15:46:03,799000,11.501
2026/04/29 15:46:03,800000,11.499
2026/04/29 15:46:03,801000,11.499
2026/04/29 15:46:03,802000,11.499
2026/04/29 15:46:03,803000,11.501
2026/04/29 15:46:03,804000,11.496
2026/04/29 15:46:03,805000,11.499
2026/04/29 15:46:03,806000,11.504
2026/04/29 15:46:03,807000,11.493
2026/04/29 15:46:03,808000,11.490
2026/04/29 15:46:03,809000,11.496
2026/04/29 15:46:03,810000,11.493
2026/04/29 15:46:03,811000,11.504
2026/04/29 15:46:03,812000,11.499
2026/04/29 15:46:03,813000,11.496
2026/04/29 15:46:03,814000,11.499
2026/04/29 15:46:03,815000,11.504
2026/04/29 15:46:03,816000,11.496
2026/04/29 15:46:03,817000,11.501
2026/04/29 15:46:03,818000,11.496
2026/04/29 15:46:03,819000,11.496
2026/04/29 15:46:03,820000,11.501
2026/04/29 15:46:03,821000,11.499
2026/04/29 15:46:03,822000,11.501
2026/04/29 15:46:03,823000,11.501
2026/04/29 15:46:03,824000,11.501
2026/04/29 15:46:03,825000,11.499
2026/04/29 15:46:03,826000,11.504
2026/04/29 15:46:03,827000,11.493
2026/04/29 15:46:03,828000,11.507
2026/04/29 15:46:03,829000,11.496
2026/04/29 15:46:03,830000,11.499
2026/04/29 15:46:03,831000,11.501
2026/04/29 15:46:03,832000,11.501
2026/04/29 15:46:03,833000,11.493
2026/04/29 15:46:03,834000,11.504
2026/04/29 15:46:03,835000,11.504
2026/04/29 15:46:03,836000,11.501
2026/04/29 15:46:03,837000,11.501
2026/04/29 15:46:03,838000,11.504
2026/04/29 15:46:03,839000,11.496
2026/04/29 15:46:03,840000,11.499
2026/04/29 15:46:03,841000,11.496
2026/04/29 15:46:03,842000,11.499
2026/04/29 15:46:03,843000,11.499
2026/04/29 15:46:03,844000,11.504
2026/04/29 15:46:03,845000,11.499
2026/04/29 15:46:03,846000,11.496
2026/04/29 15:46:03,847000,11.504
2026/04/29 15:46:03,848000,11.499
2026/04/29 15:46:03,849000,11.501
2026/04/29 15:46:03,850000,11.501
2026/04/29 15:46:03,851000,11.504
2026/04/29 15:46:03,852000,11.499
2026/04/29 15:46:03,853000,11.496
2026/04/29 15:46:03,854000,11.504
2026/04/29 15:46:03,855000,11.493
2026/04/29 15:46:03,856000,11.496
2026/04/29 15:46:03,857000,11.499
2026/04/29 15:46:03,858000,11.496
2026/04/29 15:46:03,859000,11.493
2026/04/29 15:46:03,860000,11.501
2026/04/29 15:46:03,861000,11.501
2026/04/29 15:46:03,862000,11.499
2026/04/29 15:46:03,863000,11.499
2026/04/29 15:46:03,864000,11.493
2026/04/29 15:46:03,865000,11.501
2026/04/29 15:46:03,866000,11.499
2026/04/29 15:46:03,867000,11.499
2026/04/29 15:46:03,868000,11.499
2026/04/29 15:46:03,869000,11.496
2026/04/29 15:46:03,870000,11.499
2026/04/29 15:46:03,871000,11.501
2026/04/29 15:46:03,872000,11.496
2026/04/29 15:46:03,873000,11.499
2026/04/29 15:46:03,874000,11.496
2026/04/29 15:46:03,875000,11.496
2026/04/29 15:46:03,876000,11.499
2026/04/29 15:46:03,877000,11.504
2026/04/29 15:46:03,878000,11.501
2026/04/29 15:46:03,879000,11.501
2026/04/29 15:46:03,880000,11.499
2026/04/29 15:46:03,881000,11.499
2026/04/29 15:46:03,882000,11.501
2026/04/29 15:46:03,883000,11.499
2026/04/29 15:46:03,884000,11.493
2026/04/29 15:46:03,885000,11.501
2026/04/29 15:46:03,886000,11.501
2026/04/29 15:46:03,887000,11.493
2026/04/29 15:46:03,888000,11.501
2026/04/29 15:46:03,889000,11.499
2026/04/29 15:46:03,890000,11.504
2026/04/29 15:46:03,891000,11.501
2026/04/29 15:46:03,892000,11.496
2026/04/29 15:46:03,893000,11.501
2026/04/29 15:46:03,894000,11.499
2026/04/29 15:46:03,895000,11.501
2026/04/29 15:46:03,896000,11.504
2026/04/29 15:46:03,897000,11.501
2026/04/29 15:46:03,898000,11.501
2026/04/29 15:46:03,899000,11.496
2026/04/29 15:46:03,900000,11.499
2026/04/29 15:46:03,901000,11.490
2026/04/29 15:46:03,902000,11.499
2026/04/29 15:46:03,903000,11.499
2026/04/29 15:46:03,904000,11.499
2026/04/29 15:46:03,905000,11.499
2026/04/29 15:46:03,906000,11.493
2026/04/29 15:46:03,907000,11.507
2026/04/29 15:46:03,908000,11.504
2026/04/29 15:46:03,909000,11.499
2026/04/29 15:46:03,910000,11.504
2026/04/29 15:46:03,911000,11.496
2026/04/29 15:46:03,912000,11.499
2026/04/29 15:46:03,913000,11.504
2026/04/29 15:46:03,914000,11.499
2026/04/29 15:46:03,915000,11.499
2026/04/29 15:46:03,916000,11.504
2026/04/29 15:46:03,917000,11.499
2026/04/29 15:46:03,918000,11.499
2026/04/29 15:46:03,919000,11.493
2026/04/29 15:46:03,920000,11.501
2026/04/29 15:46:03,921000,11.499
2026/04/29 15:46:03,922000,11.501
2026/04/29 15:46:03,923000,11.501
2026/04/29 15:46:03,924000,11.504
2026/04/29 15:46:03,925000,11.501
2026/04/29 15:46:03,926000,11.493
2026/04/29 15:46:03,927000,11.501
2026/04/29 15:46:03,928000,11.501
2026/04/29 15:46:03,929000,11.499
2026/04/29 15:46:03,930000,11.501
2026/04/29 15:46:03,931000,11.499
2026/04/29 15:46:03,932000,11.504
2026/04/29 15:46:03,933000,11.493
2026/04/29 15:46:03,934000,11.499
2026/04/29 15:46:03,935000,11.496
2026/04/29 15:46:03,936000,11.501
2026/04/29 15:46:03,937000,11.496
2026/04/29 15:46:03,938000,11.501
2026/04/29 15:46:03,939000,11.499
2026/04/29 15:46:03,940000,11.499
2026/04/29 15:46:03,941000,11.499
2026/04/29 15:46:03,942000,11.504
2026/04/29 15:46:03,943000,11.499
2026/04/29 15:46:03,944000,11.501
2026/04/29 15:46:03,945000,11.501
2026/04/29 15:46:03,946000,11.507
2026/04/29 15:46:03,947000,11.496
2026/04/29 15:46:03,948000,11.504
2026/04/29 15:46:03,949000,11.493
2026/04/29 15:46:03,950000,11.496
2026/04/29 15:46:03,951000,11.499
2026/04/29 15:46:03,952000,11.496
2026/04/29 15:46:03,953000,11.507
2026/04/29 15:46:03,954000,11.501
2026/04/29 15:46:03,955000,11.504
2026/04/29 15:46:03,956000,11.501
2026/04/29 15:46:03,957000,11.493
2026/04/29 15:46:03,958000,11.496
2026/04/29 15:46:03,959000,11.501
2026/04/29 15:46:03,960000,11.499
2026/04/29 15:46:03,961000,11.493
2026/04/29 15:46:03,962000,11.493
2026/04/29 15:46:03,963000,11.501
2026/04/29 15:46:03,964000,11.499
2026/04/29 15:46:03,965000,11.499
2026/04/29 15:46:03,966000,11.499
2026/04/29 15:46:03,967000,11.501
2026/04/29 15:46:03,968000,11.499
2026/04/29 15:46:03,969000,11.493
2026/04/29 15:46:03,970000,11.507
2026/04/29 15:46:03,971000,11.501
2026/04/29 15:46:03,972000,11.496
2026/04/29 15:46:03,973000,11.496
2026/04/29 15:46:03,974000,11.499
2026/04/29 15:46:03,975000,11.496
2026/04/29 15:46:03,976000,11.499
2026/04/29 15:46:03,977000,11.507
2026/04/29 15:46:03,978000,11.499
2026/04/29 15:46:03,979000,11.501
2026/04/29 15:46:03,980000,11.501
2026/04/29 15:46:03,981000,11.499
2026/04/29 15:46:03,982000,11.501
2026/04/29 15:46:03,983000,11.499
2026/04/29 15:46:03,984000,11.504
2026/04/29 15:46:03,985000,11.499
2026/04/29 15:46:03,986000,11.501
2026/04/29 15:46:03,987000,11.493
2026/04/29 15:46:03,988000,11.496
2026/04/29 15:46:03,989000,11.499
2026/04/29 15:46:03,990000,11.499
2026/04/29 15:46:03,991000,11.501
2026/04/29 15:46:03,992000,11.501
2026/04/29 15:46:03,993000,11.496
2026/04/29 15:46:03,994000,11.493
2026/04/29 15:46:03,995000,11.493
2026/04/29 15:46:03,996000,11.499
2026/04/29 15:46:03,997000,11.504
2026/04/29 15:46:03,998000,11.501
2026/04/29 15:46:03,999000,11.499
2026/04/29 15:46:04,000000,11.504
2026/04/29 15:46:04,001000,11.496
2026/04/29 15:46:04,002000,11.496
2026/04/29 15:46:04,003000,11.499
2026/04/29 15:46:04,004000,11.499
2026/04/29 15:46:04,005000,11.504
2026/04/29 15:46:04,006000,11.501
2026/04/29 15:46:04,007000,11.493
2026/04/29 15:46:04,008000,11.493
2026/04/29 15:46:04,009000,11.499
2026/04/29 15:46:04,010000,11.499
2026/04/29 15:46:04,011000,11.493
2026/04/29 15:46:04,012000,11.499
2026/04/29 15:46:04,013000,11.496
2026/04/29 15:46:04,014000,11.501
2026/04/29 15:46:04,015000,11.499
2026/04/29 15:46:04,016000,11.499
2026/04/29 15:46:04,017000,11.496
2026/04/29 15:46:04,018000,11.496
2026/04/29 15:46:04,019000,11.496
2026/04/29 15:46:04,020000,11.499
2026/04/29 15:46:04,021000,11.496
2026/04/29 15:46:04,022000,11.493
2026/04/29 15:46:04,023000,11.499
2026/04/29 15:46:04,024000,11.493
2026/04/29 15:46:04,025000,11.493
2026/04/29 15:46:04,026000,11.501
2026/04/29 15:46:04,027000,11.499
2026/04/29 15:46:04,028000,11.507
2026/04/29 15:46:04,029000,11.496
2026/04/29 15:46:04,030000,11.496
2026/04/29 15:46:04,031000,11.501
2026/04/29 15:46:04,032000,11.501
2026/04/29 15:46:04,033000,11.501
2026/04/29 15:46:04,034000,11.504
2026/04/29 15:46:04,035000,11.490
2026/04/29 15:46:04,036000,11.501
2026/04/29 15:46:04,037000,11.499
2026/04/29 15:46:04,038000,11.493
2026/04/29 15:46:04,039000,11.504
2026/04/29 15:46:04,040000,11.496
2026/04/29 15:46:04,041000,11.507
2026/04/29 15:46:04,042000,11.501
2026/04/29 15:46:04,043000,11.501
2026/04/29 15:46:04,044000,11.501
2026/04/29 15:46:04,045000,11.501
2026/04/29 15:46:04,046000,11.499
2026/04/29 15:46:04,047000,11.504
2026/04/29 15:46:04,048000,11.501
2026/04/29 15:46:04,049000,11.499
2026/04/29 15:46:04,050000,11.501
2026/04/29 15:46:04,051000,11.499
2026/04/29 15:46:04,052000,11.496
2026/04/29 15:46:04,053000,11.493
2026/04/29 15:46:04,054000,11.501
2026/04/29 15:46:04,055000,11.499
2026/04/29 15:46:04,056000,11.501
2026/04/29 15:46:04,057000,11.499
2026/04/29 15:46:04,058000,11.496
2026/04/29 15:46:04,059000,11.499
2026/04/29 15:46:04,060000,11.496
2026/04/29 15:46:04,061000,11.493
2026/04/29 15:46:04,062000,11.499
2026/04/29 15:46:04,063000,11.501
2026/04/29 15:46:04,064000,11.490
2026/04/29 15:46:04,065000,11.501
2026/04/29 15:46:04,066000,11.501
2026/04/29 15:46:04,067000,11.499
2026/04/29 15:46:04,068000,11.501
2026/04/29 15:46:04,069000,11.504
2026/04/29 15:46:04,070000,11.501
2026/04/29 15:46:04,071000,11.504
2026/04/29 15:46:04,072000,11.490
2026/04/29 15:46:04,073000,11.499
2026/04/29 15:46:04,074000,11.504
2026/04/29 15:46:04,075000,11.501
2026/04/29 15:46:04,076000,11.499
2026/04/29 15:46:04,077000,11.493
2026/04/29 15:46:04,078000,11.504
2026/04/29 15:46:04,079000,11.496
2026/04/29 15:46:04,080000,11.493
2026/04/29 15:46:04,081000,11.507
2026/04/29 15:46:04,082000,11.496
2026/04/29 15:46:04,083000,11.496
2026/04/29 15:46:04,084000,11.504
2026/04/29 15:46:04,085000,11.496
2026/04/29 15:46:04,086000,11.490
2026/04/29 15:46:04,087000,11.490
2026/04/29 15:46:04,088000,11.501
2026/04/29 15:46:04,089000,11.490
2026/04/29 15:46:04,090000,11.499
2026/04/29 15:46:04,091000,11.499
2026/04/29 15:46:04,092000,11.499
2026/04/29 15:46:04,093000,11.501
2026/04/29 15:46:04,094000,11.499
2026/04/29 15:46:04,095000,11.501
2026/04/29 15:46:04,096000,11.499
2026/04/29 15:46:04,097000,11.501
2026/04/29 15:46:04,098000,11.496
2026/04/29 15:46:04,099000,11.496
2026/04/29 15:46:04,100000,11.493
2026/04/29 15:46:04,101000,11.493
2026/04/29 15:46:04,102000,11.487
2026/04/29 15:46:04,103000,11.499
2026/04/29 15:46:04,104000,11.493
2026/04/29 15:46:04,105000,11.496
2026/04/29 15:46:04,106000,11.501
2026/04/29 15:46:04,107000,11.501
2026/04/29 15:46:04,108000,11.499
2026/04/29 15:46:04,109000,11.493
2026/04/29 15:46:04,110000,11.496
2026/04/29 15:46:04,111000,11.493
2026/04/29 15:46:04,112000,11.493
2026/04/29 15:46:04,113000,11.493
2026/04/29 15:46:04,114000,11.499
2026/04/29 15:46:04,115000,11.499
2026/04/29 15:46:04,116000,11.501
2026/04/29 15:46:04,117000,11.501
2026/04/29 15:46:04,118000,11.501
2026/04/29 15:46:04,119000,11.501
2026/04/29 15:46:04,120000,11.496
2026/04/29 15:46:04,121000,11.496
2026/04/29 15:46:04,122000,11.504
2026/04/29 15:46:04,123000,11.496
2026/04/29 15:46:04,124000,11.499
2026/04/29 15:46:04,125000,11.499
2026/04/29 15:46:04,126000,11.499
2026/04/29 15:46:04,127000,11.496
2026/04/29 15:46:04,128000,11.501
2026/04/29 15:46:04,129000,11.496
2026/04/29 15:46:04,130000,11.493
2026/04/29 15:46:04,131000,11.507
2026/04/29 15:46:04,132000,11.499
2026/04/29 15:46:04,133000,11.504
2026/04/29 15:46:04,134000,11.504
2026/04/29 15:46:04,135000,11.499
2026/04/29 15:46:04,136000,11.490
2026/04/29 15:46:04,137000,11.496
2026/04/29 15:46:04,138000,11.493
2026/04/29 15:46:04,139000,11.499
2026/04/29 15:46:04,140000,11.501
2026/04/29 15:46:04,141000,11.504
2026/04/29 15:46:04,142000,11.499
2026/04/29 15:46:04,143000,11.493
2026/04/29 15:46:04,144000,11.501
2026/04/29 15:46:04,145000,11.499
2026/04/29 15:46:04,146000,11.496
2026/04/29 15:46:04,147000,11.507
2026/04/29 15:46:04,148000,11.499
2026/04/29 15:46:04,149000,11.496
2026/04/29 15:46:04,150000,11.496
2026/04/29 15:46:04,151000,11.501
2026/04/29 15:46:04,152000,11.490
2026/04/29 15:46:04,153000,11.499
2026/04/29 15:46:04,154000,11.501
2026/04/29 15:46:04,155000,11.499
2026/04/29 15:46:04,156000,11.493
2026/04/29 15:46:04,157000,11.501
2026/04/29 15:46:04,158000,11.499
2026/04/29 15:46:04,159000,11.501
2026/04/29 15:46:04,160000,11.501
2026/04/29 15:46:04,161000,11.504
2026/04/29 15:46:04,162000,11.487
2026/04/29 15:46:04,163000,11.499
2026/04/29 15:46:04,164000,11.499
2026/04/29 15:46:04,165000,11.501
2026/04/29 15:46:04,166000,11.499
2026/04/29 15:46:04,167000,11.499
2026/04/29 15:46:04,168000,11.499
2026/04/29 15:46:04,169000,11.496
2026/04/29 15:46:04,170000,11.499
2026/04/29 15:46:04,171000,11.501
2026/04/29 15:46:04,172000,11.501
2026/04/29 15:46:04,173000,11.499
2026/04/29 15:46:04,174000,11.501
2026/04/29 15:46:04,175000,11.504
2026/04/29 15:46:04,176000,11.499
2026/04/29 15:46:04,177000,11.493
2026/04/29 15:46:04,178000,11.504
2026/04/29 15:46:04,179000,11.493
2026/04/29 15:46:04,180000,11.499
2026/04/29 15:46:04,181000,11.496
2026/04/29 15:46:04,182000,11.499
2026/04/29 15:46:04,183000,11.499
2026/04/29 15:46:04,184000,11.499
2026/04/29 15:46:04,185000,11.496
2026/04/29 15:46:04,186000,11.493
2026/04/29 15:46:04,187000,11.496
2026/04/29 15:46:04,188000,11.499
2026/04/29 15:46:04,189000,11.496
2026/04/29 15:46:04,190000,11.499
2026/04/29 15:46:04,191000,11.496
2026/04/29 15:46:04,192000,11.501
2026/04/29 15:46:04,193000,11.499
2026/04/29 15:46:04,194000,11.490
2026/04/29 15:46:04,195000,11.496
2026/04/29 15:46:04,196000,11.499
2026/04/29 15:46:04,197000,11.496
2026/04/29 15:46:04,198000,11.487
2026/04/29 15:46:04,199000,11.499
2026/04/29 15:46:04,200000,11.499
2026/04/29 15:46:04,201000,11.496
2026/04/29 15:46:04,202000,11.499
2026/04/29 15:46:04,203000,11.499
2026/04/29 15:46:04,204000,11.496
2026/04/29 15:46:04,205000,11.493
2026/04/29 15:46:04,206000,11.493
2026/04/29 15:46:04,207000,11.496
2026/04/29 15:46:04,208000,11.504
2026/04/29 15:46:04,209000,11.499
2026/04/29 15:46:04,210000,11.496
2026/04/29 15:46:04,211000,11.507
2026/04/29 15:46:04,212000,11.493
2026/04/29 15:46:04,213000,11.496
2026/04/29 15:46:04,214000,11.496
2026/04/29 15:46:04,215000,11.490
2026/04/29 15:46:04,216000,11.501
2026/04/29 15:46:04,217000,11.496
2026/04/29 15:46:04,218000,11.499
2026/04/29 15:46:04,219000,11.501
2026/04/29 15:46:04,220000,11.496
2026/04/29 15:46:04,221000,11.501
2026/04/29 15:46:04,222000,11.493
2026/04/29 15:46:04,223000,11.499
2026/04/29 15:46:04,224000,11.496
2026/04/29 15:46:04,225000,11.499
2026/04/29 15:46:04,226000,11.504
2026/04/29 15:46:04,227000,11.499
2026/04/29 15:46:04,228000,11.496
2026/04/29 15:46:04,229000,11.496
2026/04/29 15:46:04,230000,11.501
2026/04/29 15:46:04,231000,11.499
2026/04/29 15:46:04,232000,11.499
2026/04/29 15:46:04,233000,11.501
2026/04/29 15:46:04,234000,11.499
2026/04/29 15:46:04,235000,11.496
2026/04/29 15:46:04,236000,11.499
2026/04/29 15:46:04,237000,11.501
2026/04/29 15:46:04,238000,11.493
2026/04/29 15:46:04,239000,11.499
2026/04/29 15:46:04,240000,11.499
2026/04/29 15:46:04,241000,11.501
2026/04/29 15:46:04,242000,11.499
2026/04/29 15:46:04,243000,11.501
2026/04/29 15:46:04,244000,11.499
2026/04/29 15:46:04,245000,11.493
2026/04/29 15:46:04,246000,11.496
2026/04/29 15:46:04,247000,11.499
2026/04/29 15:46:04,248000,11.496
2026/04/29 15:46:04,249000,11.501
2026/04/29 15:46:04,250000,11.496
2026/04/29 15:46:04,251000,11.501
2026/04/29 15:46:04,252000,11.504
2026/04/29 15:46:04,253000,11.499
2026/04/29 15:46:04,254000,11.499
2026/04/29 15:46:04,255000,11.496
2026/04/29 15:46:04,256000,11.496
2026/04/29 15:46:04,257000,11.504
2026/04/29 15:46:04,258000,11.501
2026/04/29 15:46:04,259000,11.496
2026/04/29 15:46:04,260000,11.499
2026/04/29 15:46:04,261000,11.499
2026/04/29 15:46:04,262000,11.496
2026/04/29 15:46:04,263000,11.501
2026/04/29 15:46:04,264000,11.499
2026/04/29 15:46:04,265000,11.493
2026/04/29 15:46:04,266000,11.501
2026/04/29 15:46:04,267000,11.496
2026/04/29 15:46:04,268000,11.499
2026/04/29 15:46:04,269000,11.499
2026/04/29 15:46:04,270000,11.499
2026/04/29 15:46:04,271000,11.493
2026/04/29 15:46:04,272000,11.501
2026/04/29 15:46:04,273000,11.496
2026/04/29 15:46:04,274000,11.496
2026/04/29 15:46:04,275000,11.504
2026/04/29 15:46:04,276000,11.501
2026/04/29 15:46:04,277000,11.493
2026/04/29 15:46:04,278000,11.501
2026/04/29 15:46:04,279000,11.501
2026/04/29 15:46:04,280000,11.499
2026/04/29 15:46:04,281000,11.499
2026/04/29 15:46:04,282000,11.496
2026/04/29 15:46:04,283000,11.499
2026/04/29 15:46:04,284000,11.499
2026/04/29 15:46:04,285000,11.493
2026/04/29 15:46:04,286000,11.504
2026/04/29 15:46:04,287000,11.496
2026/04/29 15:46:04,288000,11.501
2026/04/29 15:46:04,289000,11.501
2026/04/29 15:46:04,290000,11.499
2026/04/29 15:46:04,291000,11.499
2026/04/29 15:46:04,292000,11.501
2026/04/29 15:46:04,293000,11.501
2026/04/29 15:46:04,294000,11.499
2026/04/29 15:46:04,295000,11.499
2026/04/29 15:46:04,296000,11.496
2026/04/29 15:46:04,297000,11.501
2026/04/29 15:46:04,298000,11.496
2026/04/29 15:46:04,299000,11.499
2026/04/29 15:46:04,300000,11.501
2026/04/29 15:46:04,301000,11.501
2026/04/29 15:46:04,302000,11.501
2026/04/29 15:46:04,303000,11.501
2026/04/29 15:46:04,304000,11.499
2026/04/29 15:46:04,305000,11.504
2026/04/29 15:46:04,306000,11.499
2026/04/29 15:46:04,307000,11.496
2026/04/29 15:46:04,308000,11.504
2026/04/29 15:46:04,309000,11.487
2026/04/29 15:46:04,310000,11.504
2026/04/29 15:46:04,311000,11.499
2026/04/29 15:46:04,312000,11.499
2026/04/29 15:46:04,313000,11.499
2026/04/29 15:46:04,314000,11.504
2026/04/29 15:46:04,315000,11.507
2026/04/29 15:46:04,316000,11.499
2026/04/29 15:46:04,317000,11.496
2026/04/29 15:46:04,318000,11.493
2026/04/29 15:46:04,319000,11.501
2026/04/29 15:46:04,320000,11.496
2026/04/29 15:46:04,321000,11.501
2026/04/29 15:46:04,322000,11.496
2026/04/29 15:46:04,323000,11.501
2026/04/29 15:46:04,324000,11.501
2026/04/29 15:46:04,325000,11.504
2026/04/29 15:46:04,326000,11.501
2026/04/29 15:46:04,327000,11.499
2026/04/29 15:46:04,328000,11.499
2026/04/29 15:46:04,329000,11.496
2026/04/29 15:46:04,330000,11.501
2026/04/29 15:46:04,331000,11.493
2026/04/29 15:46:04,332000,11.493
2026/04/29 15:46:04,333000,11.496
2026/04/29 15:46:04,334000,11.496
2026/04/29 15:46:04,335000,11.493
2026/04/29 15:46:04,336000,11.496
2026/04/29 15:46:04,337000,11.504
2026/04/29 15:46:04,338000,11.490
2026/04/29 15:46:04,339000,11.499
2026/04/29 15:46:04,340000,11.499
2026/04/29 15:46:04,341000,11.501
2026/04/29 15:46:04,342000,11.499
2026/04/29 15:46:04,343000,11.499
2026/04/29 15:46:04,344000,11.501
2026/04/29 15:46:04,345000,11.499
2026/04/29 15:46:04,346000,11.501
2026/04/29 15:46:04,347000,11.499
2026/04/29 15:46:04,348000,11.501
2026/04/29 15:46:04,349000,11.499
2026/04/29 15:46:04,350000,11.499
2026/04/29 15:46:04,351000,11.499
2026/04/29 15:46:04,352000,11.501
2026/04/29 15:46:04,353000,11.493
2026/04/29 15:46:04,354000,11.501
2026/04/29 15:46:04,355000,11.501
2026/04/29 15:46:04,356000,11.501
2026/04/29 15:46:04,357000,11.507
2026/04/29 15:46:04,358000,11.499
2026/04/29 15:46:04,359000,11.499
2026/04/29 15:46:04,360000,11.499
2026/04/29 15:46:04,361000,11.499
2026/04/29 15:46:04,362000,11.501
2026/04/29 15:46:04,363000,11.499
2026/04/29 15:46:04,364000,11.501
2026/04/29 15:46:04,365000,11.501
2026/04/29 15:46:04,366000,11.499
2026/04/29 15:46:04,367000,11.501
2026/04/29 15:46:04,368000,11.499
2026/04/29 15:46:04,369000,11.493
2026/04/29 15:46:04,370000,11.501
2026/04/29 15:46:04,371000,11.504
2026/04/29 15:46:04,372000,11.499
2026/04/29 15:46:04,373000,11.507
2026/04/29 15:46:04,374000,11.499
2026/04/29 15:46:04,375000,11.496
2026/04/29 15:46:04,376000,11.501
2026/04/29 15:46:04,377000,11.490
2026/04/29 15:46:04,378000,11.501
2026/04/29 15:46:04,379000,11.496
2026/04/29 15:46:04,380000,11.501
2026/04/29 15:46:04,381000,11.499
2026/04/29 15:46:04,382000,11.496
2026/04/29 15:46:04,383000,11.496
2026/04/29 15:46:04,384000,11.496
2026/04/29 15:46:04,385000,11.510
2026/04/29 15:46:04,386000,11.499
2026/04/29 15:46:04,387000,11.501
2026/04/29 15:46:04,388000,11.499
2026/04/29 15:46:04,389000,11.496
2026/04/29 15:46:04,390000,11.496
2026/04/29 15:46:04,391000,11.499
2026/04/29 15:46:04,392000,11.496
2026/04/29 15:46:04,393000,11.493
2026/04/29 15:46:04,394000,11.499
2026/04/29 15:46:04,395000,11.504
2026/04/29 15:46:04,396000,11.501
2026/04/29 15:46:04,397000,11.499
2026/04/29 15:46:04,398000,11.499
2026/04/29 15:46:04,399000,11.496
2026/04/29 15:46:04,400000,11.504
2026/04/29 15:46:04,401000,11.499
2026/04/29 15:46:04,402000,11.501
2026/04/29 15:46:04,403000,11.501
2026/04/29 15:46:04,404000,11.501
2026/04/29 15:46:04,405000,11.496
2026/04/29 15:46:04,406000,11.499
2026/04/29 15:46:04,407000,11.496
2026/04/29 15:46:04,408000,11.501
2026/04/29 15:46:04,409000,11.501
2026/04/29 15:46:04,410000,11.499
2026/04/29 15:46:04,411000,11.501
2026/04/29 15:46:04,412000,11.499
2026/04/29 15:46:04,413000,11.499
2026/04/29 15:46:04,414000,11.499
2026/04/29 15:46:04,415000,11.501
2026/04/29 15:46:04,416000,11.501
2026/04/29 15:46:04,417000,11.501
2026/04/29 15:46:04,418000,11.501
2026/04/29 15:46:04,419000,11.501
2026/04/29 15:46:04,420000,11.496
2026/04/29 15:46:04,421000,11.496
2026/04/29 15:46:04,422000,11.499
2026/04/29 15:46:04,423000,11.501
2026/04/29 15:46:04,424000,11.501
2026/04/29 15:46:04,425000,11.499
2026/04/29 15:46:04,426000,11.496
2026/04/29 15:46:04,427000,11.499
2026/04/29 15:46:04,428000,11.504
2026/04/29 15:46:04,429000,11.504
2026/04/29 15:46:04,430000,11.493
2026/04/29 15:46:04,431000,11.501
2026/04/29 15:46:04,432000,11.501
2026/04/29 15:46:04,433000,11.501
2026/04/29 15:46:04,434000,11.496
2026/04/29 15:46:04,435000,11.499
2026/04/29 15:46:04,436000,11.499
2026/04/29 15:46:04,437000,11.504
2026/04/29 15:46:04,438000,11.496
2026/04/29 15:46:04,439000,11.496
2026/04/29 15:46:04,440000,11.504
2026/04/29 15:46:04,441000,11.501
2026/04/29 15:46:04,442000,11.501
2026/04/29 15:46:04,443000,11.501
2026/04/29 15:46:04,444000,11.490
2026/04/29 15:46:04,445000,11.499
2026/04/29 15:46:04,446000,11.501
2026/04/29 15:46:04,447000,11.504
2026/04/29 15:46:04,448000,11.496
2026/04/29 15:46:04,449000,11.496
2026/04/29 15:46:04,450000,11.499
2026/04/29 15:46:04,451000,11.501
2026/04/29 15:46:04,452000,11.507
2026/04/29 15:46:04,453000,11.499
2026/04/29 15:46:04,454000,11.496
2026/04/29 15:46:04,455000,11.501
2026/04/29 15:46:04,456000,11.499
2026/04/29 15:46:04,457000,11.496
2026/04/29 15:46:04,458000,11.504
2026/04/29 15:46:04,459000,11.501
2026/04/29 15:46:04,460000,11.501
2026/04/29 15:46:04,461000,11.499
2026/04/29 15:46:04,462000,11.501
2026/04/29 15:46:04,463000,11.501
2026/04/29 15:46:04,464000,11.504
2026/04/29 15:46:04,465000,11.504
2026/04/29 15:46:04,466000,11.499
2026/04/29 15:46:04,467000,11.501
2026/04/29 15:46:04,468000,11.499
2026/04/29 15:46:04,469000,11.493
2026/04/29 15:46:04,470000,11.499
2026/04/29 15:46:04,471000,11.496
2026/04/29 15:46:04,472000,11.504
2026/04/29 15:46:04,473000,11.499
2026/04/29 15:46:04,474000,11.493
2026/04/29 15:46:04,475000,11.501
2026/04/29 15:46:04,476000,11.496
2026/04/29 15:46:04,477000,11.504
2026/04/29 15:46:04,478000,11.493
2026/04/29 15:46:04,479000,11.499
2026/04/29 15:46:04,480000,11.501
2026/04/29 15:46:04,481000,11.499
2026/04/29 15:46:04,482000,11.504
2026/04/29 15:46:04,483000,11.501
2026/04/29 15:46:04,484000,11.504
2026/04/29 15:46:04,485000,11.499
2026/04/29 15:46:04,486000,11.504
2026/04/29 15:46:04,487000,11.499
2026/04/29 15:46:04,488000,11.499
2026/04/29 15:46:04,489000,11.499
2026/04/29 15:46:04,490000,11.504
2026/04/29 15:46:04,491000,11.490
2026/04/29 15:46:04,492000,11.499
2026/04/29 15:46:04,493000,11.496
2026/04/29 15:46:04,494000,11.499
2026/04/29 15:46:04,495000,11.499
2026/04/29 15:46:04,496000,11.499
2026/04/29 15:46:04,497000,11.496
2026/04/29 15:46:04,498000,11.501
2026/04/29 15:46:04,499000,11.496
2026/04/29 15:46:04,500000,11.501
2026/04/29 15:46:04,501000,11.501
2026/04/29 15:46:04,502000,11.496
2026/04/29 15:46:04,503000,11.496
2026/04/29 15:46:04,504000,11.493
2026/04/29 15:46:04,505000,11.501
2026/04/29 15:46:04,506000,11.493
2026/04/29 15:46:04,507000,11.493
2026/04/29 15:46:04,508000,11.499
2026/04/29 15:46:04,509000,11.499
2026/04/29 15:46:04,510000,11.501
2026/04/29 15:46:04,511000,11.501
2026/04/29 15:46:04,512000,11.499
2026/04/29 15:46:04,513000,11.499
2026/04/29 15:46:04,514000,11.487
2026/04/29 15:46:04,515000,11.504
2026/04/29 15:46:04,516000,11.496
2026/04/29 15:46:04,517000,11.499
2026/04/29 15:46:04,518000,11.501
2026/04/29 15:46:04,519000,11.496
2026/04/29 15:46:04,520000,11.501
2026/04/29 15:46:04,521000,11.501
2026/04/29 15:46:04,522000,11.493
2026/04/29 15:46:04,523000,11.493
2026/04/29 15:46:04,524000,11.501
2026/04/29 15:46:04,525000,11.499
2026/04/29 15:46:04,526000,11.499
2026/04/29 15:46:04,527000,11.499
2026/04/29 15:46:04,528000,11.504
2026/04/29 15:46:04,529000,11.499
2026/04/29 15:46:04,530000,11.501
2026/04/29 15:46:04,531000,11.499
2026/04/29 15:46:04,532000,11.496
2026/04/29 15:46:04,533000,11.501
2026/04/29 15:46:04,534000,11.496
2026/04/29 15:46:04,535000,11.499
2026/04/29 15:46:04,536000,11.499
2026/04/29 15:46:04,537000,11.493
2026/04/29 15:46:04,538000,11.501
2026/04/29 15:46:04,539000,11.499
2026/04/29 15:46:04,540000,11.499
2026/04/29 15:46:04,541000,11.501
2026/04/29 15:46:04,542000,11.499
2026/04/29 15:46:04,543000,11.499
2026/04/29 15:46:04,544000,11.504
2026/04/29 15:46:04,545000,11.499
2026/04/29 15:46:04,546000,11.496
2026/04/29 15:46:04,547000,11.499
2026/04/29 15:46:04,548000,11.501
2026/04/29 15:46:04,549000,11.499
2026/04/29 15:46:04,550000,11.501
2026/04/29 15:46:04,551000,11.504
2026/04/29 15:46:04,552000,11.499
2026/04/29 15:46:04,553000,11.496
2026/04/29 15:46:04,554000,11.496
2026/04/29 15:46:04,555000,11.501
2026/04/29 15:46:04,556000,11.496
2026/04/29 15:46:04,557000,11.501
2026/04/29 15:46:04,558000,11.496
2026/04/29 15:46:04,559000,11.496
2026/04/29 15:46:04,560000,11.499
2026/04/29 15:46:04,561000,11.501
2026/04/29 15:46:04,562000,11.499
2026/04/29 15:46:04,563000,11.499
2026/04/29 15:46:04,564000,11.496
2026/04/29 15:46:04,565000,11.499
2026/04/29 15:46:04,566000,11.501
2026/04/29 15:46:04,567000,11.504
2026/04/29 15:46:04,568000,11.496
2026/04/29 15:46:04,569000,11.501
2026/04/29 15:46:04,570000,11.499
2026/04/29 15:46:04,571000,11.496
2026/04/29 15:46:04,572000,11.501
2026/04/29 15:46:04,573000,11.499
2026/04/29 15:46:04,574000,11.501
2026/04/29 15:46:04,575000,11.496
2026/04/29 15:46:04,576000,11.499
2026/04/29 15:46:04,577000,11.496
2026/04/29 15:46:04,578000,11.499
2026/04/29 15:46:04,579000,11.499
2026/04/29 15:46:04,580000,11.501
2026/04/29 15:46:04,581000,11.499
2026/04/29 15:46:04,582000,11.493
2026/04/29 15:46:04,583000,11.493
2026/04/29 15:46:04,584000,11.499
2026/04/29 15:46:04,585000,11.501
2026/04/29 15:46:04,586000,11.499
2026/04/29 15:46:04,587000,11.504
2026/04/29 15:46:04,588000,11.501
2026/04/29 15:46:04,589000,11.504
2026/04/29 15:46:04,590000,11.501
2026/04/29 15:46:04,591000,11.499
2026/04/29 15:46:04,592000,11.501
2026/04/29 15:46:04,593000,11.504
2026/04/29 15:46:04,594000,11.501
2026/04/29 15:46:04,595000,11.504
2026/04/29 15:46:04,596000,11.496
2026/04/29 15:46:04,597000,11.493
2026/04/29 15:46:04,598000,11.499
2026/04/29 15:46:04,599000,11.496
2026/04/29 15:46:04,600000,11.504
2026/04/29 15:46:04,601000,11.501
2026/04/29 15:46:04,602000,11.493
2026/04/29 15:46:04,603000,11.499
2026/04/29 15:46:04,604000,11.496
2026/04/29 15:46:04,605000,11.504
2026/04/29 15:46:04,606000,11.499
2026/04/29 15:46:04,607000,11.496
2026/04/29 15:46:04,608000,11.496
2026/04/29 15:46:04,609000,11.501
2026/04/29 15:46:04,610000,11.496
2026/04/29 15:46:04,611000,11.496
2026/04/29 15:46:04,612000,11.501
2026/04/29 15:46:04,613000,11.499
2026/04/29 15:46:04,614000,11.499
2026/04/29 15:46:04,615000,11.501
2026/04/29 15:46:04,616000,11.493
2026/04/29 15:46:04,617000,11.493
2026/04/29 15:46:04,618000,11.501
2026/04/29 15:46:04,619000,11.499
2026/04/29 15:46:04,620000,11.496
2026/04/29 15:46:04,621000,11.501
2026/04/29 15:46:04,622000,11.496
2026/04/29 15:46:04,623000,11.501
2026/04/29 15:46:04,624000,11.496
2026/04/29 15:46:04,625000,11.501
2026/04/29 15:46:04,626000,11.496
2026/04/29 15:46:04,627000,11.493
2026/04/29 15:46:04,628000,11.496
2026/04/29 15:46:04,629000,11.493
2026/04/29 15:46:04,630000,11.504
2026/04/29 15:46:04,631000,11.501
2026/04/29 15:46:04,632000,11.504
2026/04/29 15:46:04,633000,11.493
2026/04/29 15:46:04,634000,11.504
2026/04/29 15:46:04,635000,11.499
2026/04/29 15:46:04,636000,11.499
2026/04/29 15:46:04,637000,11.499
2026/04/29 15:46:04,638000,11.499
2026/04/29 15:46:04,639000,11.493
2026/04/29 15:46:04,640000,11.499
2026/04/29 15:46:04,641000,11.499
2026/04/29 15:46:04,642000,11.501
2026/04/29 15:46:04,643000,11.504
2026/04/29 15:46:04,644000,11.501
2026/04/29 15:46:04,645000,11.493
2026/04/29 15:46:04,646000,11.496
2026/04/29 15:46:04,647000,11.504
2026/04/29 15:46:04,648000,11.501
2026/04/29 15:46:04,649000,11.496
2026/04/29 15:46:04,650000,11.496
2026/04/29 15:46:04,651000,11.496
2026/04/29 15:46:04,652000,11.501
2026/04/29 15:46:04,653000,11.496
2026/04/29 15:46:04,654000,11.501
2026/04/29 15:46:04,655000,11.501
2026/04/29 15:46:04,656000,11.493
2026/04/29 15:46:04,657000,11.496
2026/04/29 15:46:04,658000,11.499
2026/04/29 15:46:04,659000,11.496
2026/04/29 15:46:04,660000,11.496
2026/04/29 15:46:04,661000,11.493
2026/04/29 15:46:04,662000,11.499
2026/04/29 15:46:04,663000,11.501
2026/04/29 15:46:04,664000,11.496
2026/04/29 15:46:04,665000,11.504
2026/04/29 15:46:04,666000,11.499
2026/04/29 15:46:04,667000,11.501
2026/04/29 15:46:04,668000,11.499
2026/04/29 15:46:04,669000,11.499
2026/04/29 15:46:04,670000,11.493
2026/04/29 15:46:04,671000,11.496
2026/04/29 15:46:04,672000,11.496
2026/04/29 15:46:04,673000,11.501
2026/04/29 15:46:04,674000,11.501
2026/04/29 15:46:04,675000,11.493
2026/04/29 15:46:04,676000,11.499
2026/04/29 15:46:04,677000,11.496
2026/04/29 15:46:04,678000,11.499
2026/04/29 15:46:04,679000,11.501
2026/04/29 15:46:04,680000,11.496
2026/04/29 15:46:04,681000,11.499
2026/04/29 15:46:04,682000,11.499
2026/04/29 15:46:04,683000,11.504
2026/04/29 15:46:04,684000,11.493
2026/04/29 15:46:04,685000,11.493
2026/04/29 15:46:04,686000,11.499
2026/04/29 15:46:04,687000,11.504
2026/04/29 15:46:04,688000,11.501
2026/04/29 15:46:04,689000,11.493
2026/04/29 15:46:04,690000,11.499
2026/04/29 15:46:04,691000,11.504
2026/04/29 15:46:04,692000,11.501
2026/04/29 15:46:04,693000,11.496
2026/04/29 15:46:04,694000,11.499
2026/04/29 15:46:04,695000,11.496
2026/04/29 15:46:04,696000,11.493
2026/04/29 15:46:04,697000,11.499
2026/04/29 15:46:04,698000,11.499
2026/04/29 15:46:04,699000,11.501
2026/04/29 15:46:04,700000,11.496
2026/04/29 15:46:04,701000,11.496
2026/04/29 15:46:04,702000,11.499
2026/04/29 15:46:04,703000,11.496
2026/04/29 15:46:04,704000,11.504
2026/04/29 15:46:04,705000,11.499
2026/04/29 15:46:04,706000,11.496
2026/04/29 15:46:04,707000,11.499
2026/04/29 15:46:04,708000,11.493
2026/04/29 15:46:04,709000,11.496
2026/04/29 15:46:04,710000,11.499
2026/04/29 15:46:04,711000,11.499
2026/04/29 15:46:04,712000,11.496
2026/04/29 15:46:04,713000,11.504
2026/04/29 15:46:04,714000,11.501
2026/04/29 15:46:04,715000,11.499
2026/04/29 15:46:04,716000,11.496
2026/04/29 15:46:04,717000,11.501
2026/04/29 15:46:04,718000,11.501
2026/04/29 15:46:04,719000,11.499
2026/04/29 15:46:04,720000,11.504
2026/04/29 15:46:04,721000,11.501
2026/04/29 15:46:04,722000,11.504
2026/04/29 15:46:04,723000,11.501
2026/04/29 15:46:04,724000,11.499
2026/04/29 15:46:04,725000,11.496
2026/04/29 15:46:04,726000,11.504
2026/04/29 15:46:04,727000,11.499
2026/04/29 15:46:04,728000,11.504
2026/04/29 15:46:04,729000,11.499
2026/04/29 15:46:04,730000,11.490
2026/04/29 15:46:04,731000,11.501
2026/04/29 15:46:04,732000,11.507
2026/04/29 15:46:04,733000,11.493
2026/04/29 15:46:04,734000,11.496
2026/04/29 15:46:04,735000,11.499
2026/04/29 15:46:04,736000,11.496
2026/04/29 15:46:04,737000,11.493
2026/04/29 15:46:04,738000,11.496
2026/04/29 15:46:04,739000,11.501
2026/04/29 15:46:04,740000,11.501
2026/04/29 15:46:04,741000,11.499
2026/04/29 15:46:04,742000,11.499
2026/04/29 15:46:04,743000,11.496
2026/04/29 15:46:04,744000,11.493
2026/04/29 15:46:04,745000,11.499
2026/04/29 15:46:04,746000,11.504
2026/04/29 15:46:04,747000,11.501
2026/04/29 15:46:04,748000,11.499
2026/04/29 15:46:04,749000,11.496
2026/04/29 15:46:04,750000,11.499
2026/04/29 15:46:04,751000,11.499
2026/04/29 15:46:04,752000,11.507
2026/04/29 15:46:04,753000,11.501
2026/04/29 15:46:04,754000,11.499
2026/04/29 15:46:04,755000,11.493
2026/04/29 15:46:04,756000,11.493
2026/04/29 15:46:04,757000,11.499
2026/04/29 15:46:04,758000,11.499
2026/04/29 15:46:04,759000,11.496
2026/04/29 15:46:04,760000,11.499
2026/04/29 15:46:04,761000,11.496
2026/04/29 15:46:04,762000,11.507
2026/04/29 15:46:04,763000,11.496
2026/04/29 15:46:04,764000,11.501
2026/04/29 15:46:04,765000,11.499
2026/04/29 15:46:04,766000,11.499
2026/04/29 15:46:04,767000,11.504
2026/04/29 15:46:04,768000,11.499
2026/04/29 15:46:04,769000,11.501
2026/04/29 15:46:04,770000,11.496
2026/04/29 15:46:04,771000,11.496
2026/04/29 15:46:04,772000,11.499
2026/04/29 15:46:04,773000,11.496
2026/04/29 15:46:04,774000,11.493
2026/04/29 15:46:04,775000,11.496
2026/04/29 15:46:04,776000,11.493
2026/04/29 15:46:04,777000,11.499
2026/04/29 15:46:04,778000,11.501
2026/04/29 15:46:04,779000,11.501
2026/04/29 15:46:04,780000,11.496
2026/04/29 15:46:04,781000,11.496
2026/04/29 15:46:04,782000,11.499
2026/04/29 15:46:04,783000,11.496
2026/04/29 15:46:04,784000,11.499
2026/04/29 15:46:04,785000,11.496
2026/04/29 15:46:04,786000,11.496
2026/04/29 15:46:04,787000,11.499
2026/04/29 15:46:04,788000,11.499
2026/04/29 15:46:04,789000,11.501
2026/04/29 15:46:04,790000,11.499
2026/04/29 15:46:04,791000,11.496
2026/04/29 15:46:04,792000,11.496
2026/04/29 15:46:04,793000,11.493
2026/04/29 15:46:04,794000,11.499
2026/04/29 15:46:04,795000,11.504
2026/04/29 15:46:04,796000,11.496
2026/04/29 15:46:04,797000,11.499
2026/04/29 15:46:04,798000,11.493
2026/04/29 15:46:04,799000,11.496
2026/04/29 15:46:04,800000,11.493
2026/04/29 15:46:04,801000,11.501
2026/04/29 15:46:04,802000,11.496
2026/04/29 15:46:04,803000,11.499
2026/04/29 15:46:04,804000,11.499
2026/04/29 15:46:04,805000,11.496
2026/04/29 15:46:04,806000,11.493
2026/04/29 15:46:04,807000,11.499
2026/04/29 15:46:04,808000,11.493
2026/04/29 15:46:04,809000,11.499
2026/04/29 15:46:04,810000,11.499
2026/04/29 15:46:04,811000,11.496
2026/04/29 15:46:04,812000,11.501
2026/04/29 15:46:04,813000,11.493
2026/04/29 15:46:04,814000,11.499
2026/04/29 15:46:04,815000,11.499
2026/04/29 15:46:04,816000,11.499
2026/04/29 15:46:04,817000,11.499
2026/04/29 15:46:04,818000,11.493
2026/04/29 15:46:04,819000,11.496
2026/04/29 15:46:04,820000,11.496
2026/04/29 15:46:04,821000,11.499
2026/04/29 15:46:04,822000,11.499
2026/04/29 15:46:04,823000,11.501
2026/04/29 15:46:04,824000,11.504
2026/04/29 15:46:04,825000,11.504
2026/04/29 15:46:04,826000,11.501
2026/04/29 15:46:04,827000,11.499
2026/04/29 15:46:04,828000,11.501
2026/04/29 15:46:04,829000,11.499
2026/04/29 15:46:04,830000,11.501
2026/04/29 15:46:04,831000,11.501
2026/04/29 15:46:04,832000,11.499
2026/04/29 15:46:04,833000,11.493
2026/04/29 15:46:04,834000,11.499
2026/04/29 15:46:04,835000,11.496
2026/04/29 15:46:04,836000,11.499
2026/04/29 15:46:04,837000,11.496
2026/04/29 15:46:04,838000,11.504
2026/04/29 15:46:04,839000,11.499
2026/04/29 15:46:04,840000,11.493
2026/04/29 15:46:04,841000,11.499
2026/04/29 15:46:04,842000,11.501
2026/04/29 15:46:04,843000,11.499
2026/04/29 15:46:04,844000,11.499
2026/04/29 15:46:04,845000,11.499
2026/04/29 15:46:04,846000,11.496
2026/04/29 15:46:04,847000,11.493
2026/04/29 15:46:04,848000,11.499
2026/04/29 15:46:04,849000,11.499
2026/04/29 15:46:04,850000,11.496
2026/04/29 15:46:04,851000,11.499
2026/04/29 15:46:04,852000,11.504
2026/04/29 15:46:04,853000,11.499
2026/04/29 15:46:04,854000,11.496
2026/04/29 15:46:04,855000,11.496
2026/04/29 15:46:04,856000,11.501
2026/04/29 15:46:04,857000,11.499
2026/04/29 15:46:04,858000,11.499
2026/04/29 15:46:04,859000,11.507
2026/04/29 15:46:04,860000,11.499
2026/04/29 15:46:04,861000,11.499
2026/04/29 15:46:04,862000,11.496
2026/04/29 15:46:04,863000,11.501
2026/04/29 15:46:04,864000,11.501
2026/04/29 15:46:04,865000,11.499
2026/04/29 15:46:04,866000,11.496
2026/04/29 15:46:04,867000,11.507
2026/04/29 15:46:04,868000,11.501
2026/04/29 15:46:04,869000,11.501
2026/04/29 15:46:04,870000,11.501
2026/04/29 15:46:04,871000,11.499
2026/04/29 15:46:04,872000,11.501
2026/04/29 15:46:04,873000,11.499
2026/04/29 15:46:04,874000,11.499
2026/04/29 15:46:04,875000,11.496
2026/04/29 15:46:04,876000,11.501
2026/04/29 15:46:04,877000,11.501
2026/04/29 15:46:04,878000,11.501
2026/04/29 15:46:04,879000,11.504
2026/04/29 15:46:04,880000,11.496
2026/04/29 15:46:04,881000,11.501
2026/04/29 15:46:04,882000,11.496
2026/04/29 15:46:04,883000,11.499
2026/04/29 15:46:04,884000,11.496
2026/04/29 15:46:04,885000,11.499
2026/04/29 15:46:04,886000,11.499
2026/04/29 15:46:04,887000,11.504
2026/04/29 15:46:04,888000,11.496
2026/04/29 15:46:04,889000,11.501
2026/04/29 15:46:04,890000,11.504
2026/04/29 15:46:04,891000,11.501
2026/04/29 15:46:04,892000,11.499
2026/04/29 15:46:04,893000,11.504
2026/04/29 15:46:04,894000,11.499
2026/04/29 15:46:04,895000,11.501
2026/04/29 15:46:04,896000,11.501
2026/04/29 15:46:04,897000,11.501
2026/04/29 15:46:04,898000,11.499
2026/04/29 15:46:04,899000,11.501
2026/04/29 15:46:04,900000,11.501
2026/04/29 15:46:04,901000,11.507
2026/04/29 15:46:04,902000,11.504
2026/04/29 15:46:04,903000,11.501
2026/04/29 15:46:04,904000,11.499
2026/04/29 15:46:04,905000,11.501
2026/04/29 15:46:04,906000,11.499
2026/04/29 15:46:04,907000,11.499
2026/04/29 15:46:04,908000,11.499
2026/04/29 15:46:04,909000,11.504
2026/04/29 15:46:04,910000,11.499
2026/04/29 15:46:04,911000,11.501
2026/04/29 15:46:04,912000,11.499
2026/04/29 15:46:04,913000,11.499
2026/04/29 15:46:04,914000,11.501
2026/04/29 15:46:04,915000,11.499
2026/04/29 15:46:04,916000,11.493
2026/04/29 15:46:04,917000,11.501
2026/04/29 15:46:04,918000,11.496
2026/04/29 15:46:04,919000,11.493
2026/04/29 15:46:04,920000,11.496
2026/04/29 15:46:04,921000,11.499
2026/04/29 15:46:04,922000,11.501
2026/04/29 15:46:04,923000,11.499
2026/04/29 15:46:04,924000,11.499
2026/04/29 15:46:04,925000,11.504
2026/04/29 15:46:04,926000,11.501
2026/04/29 15:46:04,927000,11.501
2026/04/29 15:46:04,928000,11.499
2026/04/29 15:46:04,929000,11.493
2026/04/29 15:46:04,930000,11.504
2026/04/29 15:46:04,931000,11.501
2026/04/29 15:46:04,932000,11.499
2026/04/29 15:46:04,933000,11.499
2026/04/29 15:46:04,934000,11.499
2026/04/29 15:46:04,935000,11.499
2026/04/29 15:46:04,936000,11.499
2026/04/29 15:46:04,937000,11.499
2026/04/29 15:46:04,938000,11.493
2026/04/29 15:46:04,939000,11.501
2026/04/29 15:46:04,940000,11.513
2026/04/29 15:46:04,941000,11.493
2026/04/29 15:46:04,942000,11.507
2026/04/29 15:46:04,943000,11.501
2026/04/29 15:46:04,944000,11.501
2026/04/29 15:46:04,945000,11.499
2026/04/29 15:46:04,946000,11.501
2026/04/29 15:46:04,947000,11.496
2026/04/29 15:46:04,948000,11.499
2026/04/29 15:46:04,949000,11.496
2026/04/29 15:46:04,950000,11.499
2026/04/29 15:46:04,951000,11.493
2026/04/29 15:46:04,952000,11.504
2026/04/29 15:46:04,953000,11.501
2026/04/29 15:46:04,954000,11.499
2026/04/29 15:46:04,955000,11.499
2026/04/29 15:46:04,956000,11.499
2026/04/29 15:46:04,957000,11.501
2026/04/29 15:46:04,958000,11.496
2026/04/29 15:46:04,959000,11.507
2026/04/29 15:46:04,960000,11.496
2026/04/29 15:46:04,961000,11.501
2026/04/29 15:46:04,962000,11.501
2026/04/29 15:46:04,963000,11.499
2026/04/29 15:46:04,964000,11.499
2026/04/29 15:46:04,965000,11.499
2026/04/29 15:46:04,966000,11.493
2026/04/29 15:46:04,967000,11.504
2026/04/29 15:46:04,968000,11.499
2026/04/29 15:46:04,969000,11.493
2026/04/29 15:46:04,970000,11.501
2026/04/29 15:46:04,971000,11.496
2026/04/29 15:46:04,972000,11.501
2026/04/29 15:46:04,973000,11.499
2026/04/29 15:46:04,974000,11.499
2026/04/29 15:46:04,975000,11.499
2026/04/29 15:46:04,976000,11.499
2026/04/29 15:46:04,977000,11.501
2026/04/29 15:46:04,978000,11.496
2026/04/29 15:46:04,979000,11.504
2026/04/29 15:46:04,980000,11.504
2026/04/29 15:46:04,981000,11.504
2026/04/29 15:46:04,982000,11.493
2026/04/29 15:46:04,983000,11.499
2026/04/29 15:46:04,984000,11.499
2026/04/29 15:46:04,985000,11.496
2026/04/29 15:46:04,986000,11.501
2026/04/29 15:46:04,987000,11.501
2026/04/29 15:46:04,988000,11.501
2026/04/29 15:46:04,989000,11.499
2026/04/29 15:46:04,990000,11.493
2026/04/29 15:46:04,991000,11.496
2026/04/29 15:46:04,992000,11.501
2026/04/29 15:46:04,993000,11.499
2026/04/29 15:46:04,994000,11.499
2026/04/29 15:46:04,995000,11.504
2026/04/29 15:46:04,996000,11.499
2026/04/29 15:46:04,997000,11.493
2026/04/29 15:46:04,998000,11.499
2026/04/29 15:46:04,999000,11.499
2026/04/29 15:46:05,000000,11.499
2026/04/29 15:46:05,001000,11.510
2026/04/29 15:46:05,002000,11.504
2026/04/29 15:46:05,003000,11.501
2026/04/29 15:46:05,004000,11.501
2026/04/29 15:46:05,005000,11.496
2026/04/29 15:46:05,006000,11.501
2026/04/29 15:46:05,007000,11.496
2026/04/29 15:46:05,008000,11.504
2026/04/29 15:46:05,009000,11.504
2026/04/29 15:46:05,010000,11.496
2026/04/29 15:46:05,011000,11.510
2026/04/29 15:46:05,012000,11.501
2026/04/29 15:46:05,013000,11.501
2026/04/29 15:46:05,014000,11.501
2026/04/29 15:46:05,015000,11.499
2026/04/29 15:46:05,016000,11.507
2026/04/29 15:46:05,017000,11.504
2026/04/29 15:46:05,018000,11.499
2026/04/29 15:46:05,019000,11.501
2026/04/29 15:46:05,020000,11.493
2026/04/29 15:46:05,021000,11.499
2026/04/29 15:46:05,022000,11.496
2026/04/29 15:46:05,023000,11.499
2026/04/29 15:46:05,024000,11.496
2026/04/29 15:46:05,025000,11.496
2026/04/29 15:46:05,026000,11.501
2026/04/29 15:46:05,027000,11.501
2026/04/29 15:46:05,028000,11.501
2026/04/29 15:46:05,029000,11.501
2026/04/29 15:46:05,030000,11.499
2026/04/29 15:46:05,031000,11.501
2026/04/29 15:46:05,032000,11.501
2026/04/29 15:46:05,033000,11.496
2026/04/29 15:46:05,034000,11.493
2026/04/29 15:46:05,035000,11.510
2026/04/29 15:46:05,036000,11.499
2026/04/29 15:46:05,037000,11.504
2026/04/29 15:46:05,038000,11.499
2026/04/29 15:46:05,039000,11.499
2026/04/29 15:46:05,040000,11.496
2026/04/29 15:46:05,041000,11.499
2026/04/29 15:46:05,042000,11.499
2026/04/29 15:46:05,043000,11.499
2026/04/29 15:46:05,044000,11.496
2026/04/29 15:46:05,045000,11.496
2026/04/29 15:46:05,046000,11.501
2026/04/29 15:46:05,047000,11.501
2026/04/29 15:46:05,048000,11.501
2026/04/29 15:46:05,049000,11.501
2026/04/29 15:46:05,050000,11.496
2026/04/29 15:46:05,051000,11.499
2026/04/29 15:46:05,052000,11.499
2026/04/29 15:46:05,053000,11.499
2026/04/29 15:46:05,054000,11.501
2026/04/29 15:46:05,055000,11.501
2026/04/29 15:46:05,056000,11.499
2026/04/29 15:46:05,057000,11.501
2026/04/29 15:46:05,058000,11.499
2026/04/29 15:46:05,059000,11.501
2026/04/29 15:46:05,060000,11.499
2026/04/29 15:46:05,061000,11.501
2026/04/29 15:46:05,062000,11.499
2026/04/29 15:46:05,063000,11.499
2026/04/29 15:46:05,064000,11.496
2026/04/29 15:46:05,065000,11.496
2026/04/29 15:46:05,066000,11.501
2026/04/29 15:46:05,067000,11.504
2026/04/29 15:46:05,068000,11.499
2026/04/29 15:46:05,069000,11.504
2026/04/29 15:46:05,070000,11.496
2026/04/29 15:46:05,071000,11.499
2026/04/29 15:46:05,072000,11.504
2026/04/29 15:46:05,073000,11.501
2026/04/29 15:46:05,074000,11.496
2026/04/29 15:46:05,075000,11.504
2026/04/29 15:46:05,076000,11.499
2026/04/29 15:46:05,077000,11.501
2026/04/29 15:46:05,078000,11.496
2026/04/29 15:46:05,079000,11.501
2026/04/29 15:46:05,080000,11.499
2026/04/29 15:46:05,081000,11.496
2026/04/29 15:46:05,082000,11.504
2026/04/29 15:46:05,083000,11.496
2026/04/29 15:46:05,084000,11.499
2026/04/29 15:46:05,085000,11.504
2026/04/29 15:46:05,086000,11.501
2026/04/29 15:46:05,087000,11.501
2026/04/29 15:46:05,088000,11.504
2026/04/29 15:46:05,089000,11.496
2026/04/29 15:46:05,090000,11.499
2026/04/29 15:46:05,091000,11.499
2026/04/29 15:46:05,092000,11.499
2026/04/29 15:46:05,093000,11.499
2026/04/29 15:46:05,094000,11.501
2026/04/29 15:46:05,095000,11.496
2026/04/29 15:46:05,096000,11.504
2026/04/29 15:46:05,097000,11.499
2026/04/29 15:46:05,098000,11.501
2026/04/29 15:46:05,099000,11.499
2026/04/29 15:46:05,100000,11.499
2026/04/29 15:46:05,101000,11.496
2026/04/29 15:46:05,102000,11.504
2026/04/29 15:46:05,103000,11.499
2026/04/29 15:46:05,104000,11.499
2026/04/29 15:46:05,105000,11.499
2026/04/29 15:46:05,106000,11.499
2026/04/29 15:46:05,107000,11.501
2026/04/29 15:46:05,108000,11.499
2026/04/29 15:46:05,109000,11.501
2026/04/29 15:46:05,110000,11.499
2026/04/29 15:46:05,111000,11.499
2026/04/29 15:46:05,112000,11.499
2026/04/29 15:46:05,113000,11.501
2026/04/29 15:46:05,114000,11.501
2026/04/29 15:46:05,115000,11.499
2026/04/29 15:46:05,116000,11.499
2026/04/29 15:46:05,117000,11.496
2026/04/29 15:46:05,118000,11.501
2026/04/29 15:46:05,119000,11.493
2026/04/29 15:46:05,120000,11.496
2026/04/29 15:46:05,121000,11.496
2026/04/29 15:46:05,122000,11.499
2026/04/29 15:46:05,123000,11.504
2026/04/29 15:46:05,124000,11.501
2026/04/29 15:46:05,125000,11.504
2026/04/29 15:46:05,126000,11.501
2026/04/29 15:46:05,127000,11.493
2026/04/29 15:46:05,128000,11.507
2026/04/29 15:46:05,129000,11.496
2026/04/29 15:46:05,130000,11.499
2026/04/29 15:46:05,131000,11.499
2026/04/29 15:46:05,132000,11.493
2026/04/29 15:46:05,133000,11.501
2026/04/29 15:46:05,134000,11.499
2026/04/29 15:46:05,135000,11.504
2026/04/29 15:46:05,136000,11.496
2026/04/29 15:46:05,137000,11.501
2026/04/29 15:46:05,138000,11.499
2026/04/29 15:46:05,139000,11.496
2026/04/29 15:46:05,140000,11.501
2026/04/29 15:46:05,141000,11.499
2026/04/29 15:46:05,142000,11.499
2026/04/29 15:46:05,143000,11.504
2026/04/29 15:46:05,144000,11.496
2026/04/29 15:46:05,145000,11.496
2026/04/29 15:46:05,146000,11.504
2026/04/29 15:46:05,147000,11.499
2026/04/29 15:46:05,148000,11.493
2026/04/29 15:46:05,149000,11.499
2026/04/29 15:46:05,150000,11.499
2026/04/29 15:46:05,151000,11.501
2026/04/29 15:46:05,152000,11.499
2026/04/29 15:46:05,153000,11.501
2026/04/29 15:46:05,154000,11.493
2026/04/29 15:46:05,155000,11.501
2026/04/29 15:46:05,156000,11.504
2026/04/29 15:46:05,157000,11.501
2026/04/29 15:46:05,158000,11.499
2026/04/29 15:46:05,159000,11.501
2026/04/29 15:46:05,160000,11.501
2026/04/29 15:46:05,161000,11.499
2026/04/29 15:46:05,162000,11.499
2026/04/29 15:46:05,163000,11.496
2026/04/29 15:46:05,164000,11.487
2026/04/29 15:46:05,165000,11.499
2026/04/29 15:46:05,166000,11.499
2026/04/29 15:46:05,167000,11.499
2026/04/29 15:46:05,168000,11.496
2026/04/29 15:46:05,169000,11.499
2026/04/29 15:46:05,170000,11.493
2026/04/29 15:46:05,171000,11.499
2026/04/29 15:46:05,172000,11.501
2026/04/29 15:46:05,173000,11.499
2026/04/29 15:46:05,174000,11.493
2026/04/29 15:46:05,175000,11.493
2026/04/29 15:46:05,176000,11.496
2026/04/29 15:46:05,177000,11.499
2026/04/29 15:46:05,178000,11.496
2026/04/29 15:46:05,179000,11.496
2026/04/29 15:46:05,180000,11.499
2026/04/29 15:46:05,181000,11.496
2026/04/29 15:46:05,182000,11.493
2026/04/29 15:46:05,183000,11.501
2026/04/29 15:46:05,184000,11.499
2026/04/29 15:46:05,185000,11.499
2026/04/29 15:46:05,186000,11.501
2026/04/29 15:46:05,187000,11.499
2026/04/29 15:46:05,188000,11.504
2026/04/29 15:46:05,189000,11.501
2026/04/29 15:46:05,190000,11.499
2026/04/29 15:46:05,191000,11.504
2026/04/29 15:46:05,192000,11.501
2026/04/29 15:46:05,193000,11.496
2026/04/29 15:46:05,194000,11.499
2026/04/29 15:46:05,195000,11.499
2026/04/29 15:46:05,196000,11.496
2026/04/29 15:46:05,197000,11.493
2026/04/29 15:46:05,198000,11.496
2026/04/29 15:46:05,199000,11.501
2026/04/29 15:46:05,200000,11.493
2026/04/29 15:46:05,201000,11.501
2026/04/29 15:46:05,202000,11.501
2026/04/29 15:46:05,203000,11.501
2026/04/29 15:46:05,204000,11.499
2026/04/29 15:46:05,205000,11.499
2026/04/29 15:46:05,206000,11.504
2026/04/29 15:46:05,207000,11.501
2026/04/29 15:46:05,208000,11.496
2026/04/29 15:46:05,209000,11.499
2026/04/29 15:46:05,210000,11.504
2026/04/29 15:46:05,211000,11.496
2026/04/29 15:46:05,212000,11.501
2026/04/29 15:46:05,213000,11.501
2026/04/29 15:46:05,214000,11.493
2026/04/29 15:46:05,215000,11.496
2026/04/29 15:46:05,216000,11.499
2026/04/29 15:46:05,217000,11.496
2026/04/29 15:46:05,218000,11.499
2026/04/29 15:46:05,219000,11.499
2026/04/29 15:46:05,220000,11.499
2026/04/29 15:46:05,221000,11.499
2026/04/29 15:46:05,222000,11.499
2026/04/29 15:46:05,223000,11.496
2026/04/29 15:46:05,224000,11.499
2026/04/29 15:46:05,225000,11.493
2026/04/29 15:46:05,226000,11.499
2026/04/29 15:46:05,227000,11.501
2026/04/29 15:46:05,228000,11.496
2026/04/29 15:46:05,229000,11.504
2026/04/29 15:46:05,230000,11.496
2026/04/29 15:46:05,231000,11.501
2026/04/29 15:46:05,232000,11.501
2026/04/29 15:46:05,233000,11.501
2026/04/29 15:46:05,234000,11.504
2026/04/29 15:46:05,235000,11.499
2026/04/29 15:46:05,236000,11.496
2026/04/29 15:46:05,237000,11.501
2026/04/29 15:46:05,238000,11.504
2026/04/29 15:46:05,239000,11.496
2026/04/29 15:46:05,240000,11.496
2026/04/29 15:46:05,241000,11.504
2026/04/29 15:46:05,242000,11.496
2026/04/29 15:46:05,243000,11.501
2026/04/29 15:46:05,244000,11.501
2026/04/29 15:46:05,245000,11.504
2026/04/29 15:46:05,246000,11.501
2026/04/29 15:46:05,247000,11.501
2026/04/29 15:46:05,248000,11.501
2026/04/29 15:46:05,249000,11.501
2026/04/29 15:46:05,250000,11.496
2026/04/29 15:46:05,251000,11.499
2026/04/29 15:46:05,252000,11.501
2026/04/29 15:46:05,253000,11.499
2026/04/29 15:46:05,254000,11.496
2026/04/29 15:46:05,255000,11.499
2026/04/29 15:46:05,256000,11.499
2026/04/29 15:46:05,257000,11.493
2026/04/29 15:46:05,258000,11.496
2026/04/29 15:46:05,259000,11.501
2026/04/29 15:46:05,260000,11.501
2026/04/29 15:46:05,261000,11.501
2026/04/29 15:46:05,262000,11.496
2026/04/29 15:46:05,263000,11.499
2026/04/29 15:46:05,264000,11.501
2026/04/29 15:46:05,265000,11.504
2026/04/29 15:46:05,266000,11.493
2026/04/29 15:46:05,267000,11.501
2026/04/29 15:46:05,268000,11.499
2026/04/29 15:46:05,269000,11.499
2026/04/29 15:46:05,270000,11.496
2026/04/29 15:46:05,271000,11.496
2026/04/29 15:46:05,272000,11.507
2026/04/29 15:46:05,273000,11.496
2026/04/29 15:46:05,274000,11.499
2026/04/29 15:46:05,275000,11.499
2026/04/29 15:46:05,276000,11.499
2026/04/29 15:46:05,277000,11.499
2026/04/29 15:46:05,278000,11.501
2026/04/29 15:46:05,279000,11.501
2026/04/29 15:46:05,280000,11.501
2026/04/29 15:46:05,281000,11.501
2026/04/29 15:46:05,282000,11.501
2026/04/29 15:46:05,283000,11.493
2026/04/29 15:46:05,284000,11.499
2026/04/29 15:46:05,285000,11.504
2026/04/29 15:46:05,286000,11.501
2026/04/29 15:46:05,287000,11.499
2026/04/29 15:46:05,288000,11.496
2026/04/29 15:46:05,289000,11.496
2026/04/29 15:46:05,290000,11.490
2026/04/29 15:46:05,291000,11.504
2026/04/29 15:46:05,292000,11.493
2026/04/29 15:46:05,293000,11.501
2026/04/29 15:46:05,294000,11.501
2026/04/29 15:46:05,295000,11.493
2026/04/29 15:46:05,296000,11.496
2026/04/29 15:46:05,297000,11.499
2026/04/29 15:46:05,298000,11.501
2026/04/29 15:46:05,299000,11.501
2026/04/29 15:46:05,300000,11.501
2026/04/29 15:46:05,301000,11.496
2026/04/29 15:46:05,302000,11.499
2026/04/29 15:46:05,303000,11.499
2026/04/29 15:46:05,304000,11.496
2026/04/29 15:46:05,305000,11.496
2026/04/29 15:46:05,306000,11.499
2026/04/29 15:46:05,307000,11.501
2026/04/29 15:46:05,308000,11.499
2026/04/29 15:46:05,309000,11.493
2026/04/29 15:46:05,310000,11.501
2026/04/29 15:46:05,311000,11.493
2026/04/29 15:46:05,312000,11.499
2026/04/29 15:46:05,313000,11.499
2026/04/29 15:46:05,314000,11.501
2026/04/29 15:46:05,315000,11.499
2026/04/29 15:46:05,316000,11.499
2026/04/29 15:46:05,317000,11.499
2026/04/29 15:46:05,318000,11.499
2026/04/29 15:46:05,319000,11.501
2026/04/29 15:46:05,320000,11.499
2026/04/29 15:46:05,321000,11.501
2026/04/29 15:46:05,322000,11.496
2026/04/29 15:46:05,323000,11.496
2026/04/29 15:46:05,324000,11.504
2026/04/29 15:46:05,325000,11.501
2026/04/29 15:46:05,326000,11.501
2026/04/29 15:46:05,327000,11.499
2026/04/29 15:46:05,328000,11.499
2026/04/29 15:46:05,329000,11.499
2026/04/29 15:46:05,330000,11.501
2026/04/29 15:46:05,331000,11.496
2026/04/29 15:46:05,332000,11.490
2026/04/29 15:46:05,333000,11.501
2026/04/29 15:46:05,334000,11.501
2026/04/29 15:46:05,335000,11.501
2026/04/29 15:46:05,336000,11.499
2026/04/29 15:46:05,337000,11.501
2026/04/29 15:46:05,338000,11.493
2026/04/29 15:46:05,339000,11.499
2026/04/29 15:46:05,340000,11.501
2026/04/29 15:46:05,341000,11.496
2026/04/29 15:46:05,342000,11.496
2026/04/29 15:46:05,343000,11.499
2026/04/29 15:46:05,344000,11.496
2026/04/29 15:46:05,345000,11.499
2026/04/29 15:46:05,346000,11.499
2026/04/29 15:46:05,347000,11.501
2026/04/29 15:46:05,348000,11.496
2026/04/29 15:46:05,349000,11.493
2026/04/29 15:46:05,350000,11.499
2026/04/29 15:46:05,351000,11.499
2026/04/29 15:46:05,352000,11.501
2026/04/29 15:46:05,353000,11.501
2026/04/29 15:46:05,354000,11.496
2026/04/29 15:46:05,355000,11.493
2026/04/29 15:46:05,356000,11.499
2026/04/29 15:46:05,357000,11.501
2026/04/29 15:46:05,358000,11.504
2026/04/29 15:46:05,359000,11.501
2026/04/29 15:46:05,360000,11.501
2026/04/29 15:46:05,361000,11.499
2026/04/29 15:46:05,362000,11.501
2026/04/29 15:46:05,363000,11.499
2026/04/29 15:46:05,364000,11.501
2026/04/29 15:46:05,365000,11.501
2026/04/29 15:46:05,366000,11.499
2026/04/29 15:46:05,367000,11.496
2026/04/29 15:46:05,368000,11.504
2026/04/29 15:46:05,369000,11.493
2026/04/29 15:46:05,370000,11.501
2026/04/29 15:46:05,371000,11.501
2026/04/29 15:46:05,372000,11.501
2026/04/29 15:46:05,373000,11.510
2026/04/29 15:46:05,374000,11.499
2026/04/29 15:46:05,375000,11.501
2026/04/29 15:46:05,376000,11.496
2026/04/29 15:46:05,377000,11.499
2026/04/29 15:46:05,378000,11.504
2026/04/29 15:46:05,379000,11.496
2026/04/29 15:46:05,380000,11.504
2026/04/29 15:46:05,381000,11.501
2026/04/29 15:46:05,382000,11.501
2026/04/29 15:46:05,383000,11.504
2026/04/29 15:46:05,384000,11.501
2026/04/29 15:46:05,385000,11.499
2026/04/29 15:46:05,386000,11.504
2026/04/29 15:46:05,387000,11.496
2026/04/29 15:46:05,388000,11.493
2026/04/29 15:46:05,389000,11.493
2026/04/29 15:46:05,390000,11.493
2026/04/29 15:46:05,391000,11.499
2026/04/29 15:46:05,392000,11.501
2026/04/29 15:46:05,393000,11.504
2026/04/29 15:46:05,394000,11.501
2026/04/29 15:46:05,395000,11.496
2026/04/29 15:46:05,396000,11.499
2026/04/29 15:46:05,397000,11.499
2026/04/29 15:46:05,398000,11.499
2026/04/29 15:46:05,399000,11.493
2026/04/29 15:46:05,400000,11.501
2026/04/29 15:46:05,401000,11.504
2026/04/29 15:46:05,402000,11.501
2026/04/29 15:46:05,403000,11.501
2026/04/29 15:46:05,404000,11.490
2026/04/29 15:46:05,405000,11.501
2026/04/29 15:46:05,406000,11.499
2026/04/29 15:46:05,407000,11.504
2026/04/29 15:46:05,408000,11.496
2026/04/29 15:46:05,409000,11.504
2026/04/29 15:46:05,410000,11.496
2026/04/29 15:46:05,411000,11.499
2026/04/29 15:46:05,412000,11.507
2026/04/29 15:46:05,413000,11.501
2026/04/29 15:46:05,414000,11.499
2026/04/29 15:46:05,415000,11.501
2026/04/29 15:46:05,416000,11.501
2026/04/29 15:46:05,417000,11.501
2026/04/29 15:46:05,418000,11.493
2026/04/29 15:46:05,419000,11.504
2026/04/29 15:46:05,420000,11.504
2026/04/29 15:46:05,421000,11.501
2026/04/29 15:46:05,422000,11.504
2026/04/29 15:46:05,423000,11.499
2026/04/29 15:46:05,424000,11.501
2026/04/29 15:46:05,425000,11.499
2026/04/29 15:46:05,426000,11.496
2026/04/29 15:46:05,427000,11.501
2026/04/29 15:46:05,428000,11.501
2026/04/29 15:46:05,429000,11.499
2026/04/29 15:46:05,430000,11.499
2026/04/29 15:46:05,431000,11.496
2026/04/29 15:46:05,432000,11.499
2026/04/29 15:46:05,433000,11.499
2026/04/29 15:46:05,434000,11.493
2026/04/29 15:46:05,435000,11.499
2026/04/29 15:46:05,436000,11.499
2026/04/29 15:46:05,437000,11.499
2026/04/29 15:46:05,438000,11.493
2026/04/29 15:46:05,439000,11.499
2026/04/29 15:46:05,440000,11.496
2026/04/29 15:46:05,441000,11.496
2026/04/29 15:46:05,442000,11.493
2026/04/29 15:46:05,443000,11.493
2026/04/29 15:46:05,444000,11.499
2026/04/29 15:46:05,445000,11.507
2026/04/29 15:46:05,446000,11.499
2026/04/29 15:46:05,447000,11.496
2026/04/29 15:46:05,448000,11.496
2026/04/29 15:46:05,449000,11.499
2026/04/29 15:46:05,450000,11.501
2026/04/29 15:46:05,451000,11.501
2026/04/29 15:46:05,452000,11.496
2026/04/29 15:46:05,453000,11.496
2026/04/29 15:46:05,454000,11.493
2026/04/29 15:46:05,455000,11.499
2026/04/29 15:46:05,456000,11.504
2026/04/29 15:46:05,457000,11.496
2026/04/29 15:46:05,458000,11.501
2026/04/29 15:46:05,459000,11.504
2026/04/29 15:46:05,460000,11.496
2026/04/29 15:46:05,461000,11.504
2026/04/29 15:46:05,462000,11.501
2026/04/29 15:46:05,463000,11.501
2026/04/29 15:46:05,464000,11.501
2026/04/29 15:46:05,465000,11.504
2026/04/29 15:46:05,466000,11.499
2026/04/29 15:46:05,467000,11.501
2026/04/29 15:46:05,468000,11.499
2026/04/29 15:46:05,469000,11.493
2026/04/29 15:46:05,470000,11.499
2026/04/29 15:46:05,471000,11.499
2026/04/29 15:46:05,472000,11.496
2026/04/29 15:46:05,473000,11.499
2026/04/29 15:46:05,474000,11.499
2026/04/29 15:46:05,475000,11.499
2026/04/29 15:46:05,476000,11.504
2026/04/29 15:46:05,477000,11.501
2026/04/29 15:46:05,478000,11.501
2026/04/29 15:46:05,479000,11.501
2026/04/29 15:46:05,480000,11.496
2026/04/29 15:46:05,481000,11.504
2026/04/29 15:46:05,482000,11.499
2026/04/29 15:46:05,483000,11.501
2026/04/29 15:46:05,484000,11.501
2026/04/29 15:46:05,485000,11.501
2026/04/29 15:46:05,486000,11.501
2026/04/29 15:46:05,487000,11.510
2026/04/29 15:46:05,488000,11.501
2026/04/29 15:46:05,489000,11.496
2026/04/29 15:46:05,490000,11.499
2026/04/29 15:46:05,491000,11.499
2026/04/29 15:46:05,492000,11.499
2026/04/29 15:46:05,493000,11.504
2026/04/29 15:46:05,494000,11.499
2026/04/29 15:46:05,495000,11.499
2026/04/29 15:46:05,496000,11.499
2026/04/29 15:46:05,497000,11.504
2026/04/29 15:46:05,498000,11.507
2026/04/29 15:46:05,499000,11.501
2026/04/29 15:46:05,500000,11.499
2026/04/29 15:46:05,501000,11.501
2026/04/29 15:46:05,502000,11.499
2026/04/29 15:46:05,503000,11.499
2026/04/29 15:46:05,504000,11.501
2026/04/29 15:46:05,505000,11.504
2026/04/29 15:46:05,506000,11.499
2026/04/29 15:46:05,507000,11.504
2026/04/29 15:46:05,508000,11.499
2026/04/29 15:46:05,509000,11.501
2026/04/29 15:46:05,510000,11.501
2026/04/29 15:46:05,511000,11.504
2026/04/29 15:46:05,512000,11.499
2026/04/29 15:46:05,513000,11.499
2026/04/29 15:46:05,514000,11.501
2026/04/29 15:46:05,515000,11.501
2026/04/29 15:46:05,516000,11.496
2026/04/29 15:46:05,517000,11.501
2026/04/29 15:46:05,518000,11.501
2026/04/29 15:46:05,519000,11.504
2026/04/29 15:46:05,520000,11.499
2026/04/29 15:46:05,521000,11.504
2026/04/29 15:46:05,522000,11.496
2026/04/29 15:46:05,523000,11.501
2026/04/29 15:46:05,524000,11.496
2026/04/29 15:46:05,525000,11.504
2026/04/29 15:46:05,526000,11.493
2026/04/29 15:46:05,527000,11.501
2026/04/29 15:46:05,528000,11.490
2026/04/29 15:46:05,529000,11.496
2026/04/29 15:46:05,530000,11.496
2026/04/29 15:46:05,531000,11.499
2026/04/29 15:46:05,532000,11.501
2026/04/29 15:46:05,533000,11.504
2026/04/29 15:46:05,534000,11.499
2026/04/29 15:46:05,535000,11.501
2026/04/29 15:46:05,536000,11.499
2026/04/29 15:46:05,537000,11.507
2026/04/29 15:46:05,538000,11.499
2026/04/29 15:46:05,539000,11.501
2026/04/29 15:46:05,540000,11.501
2026/04/29 15:46:05,541000,11.501
2026/04/29 15:46:05,542000,11.496
2026/04/29 15:46:05,543000,11.501
2026/04/29 15:46:05,544000,11.504
2026/04/29 15:46:05,545000,11.496
2026/04/29 15:46:05,546000,11.501
2026/04/29 15:46:05,547000,11.499
2026/04/29 15:46:05,548000,11.496
2026/04/29 15:46:05,549000,11.496
2026/04/29 15:46:05,550000,11.501
2026/04/29 15:46:05,551000,11.501
2026/04/29 15:46:05,552000,11.499
2026/04/29 15:46:05,553000,11.504
2026/04/29 15:46:05,554000,11.496
2026/04/29 15:46:05,555000,11.499
2026/04/29 15:46:05,556000,11.504
2026/04/29 15:46:05,557000,11.493
2026/04/29 15:46:05,558000,11.501
2026/04/29 15:46:05,559000,11.499
2026/04/29 15:46:05,560000,11.496
2026/04/29 15:46:05,561000,11.501
2026/04/29 15:46:05,562000,11.499
2026/04/29 15:46:05,563000,11.501
2026/04/29 15:46:05,564000,11.496
2026/04/29 15:46:05,565000,11.504
2026/04/29 15:46:05,566000,11.493
2026/04/29 15:46:05,567000,11.496
2026/04/29 15:46:05,568000,11.501
2026/04/29 15:46:05,569000,11.499
2026/04/29 15:46:05,570000,11.504
2026/04/29 15:46:05,571000,11.493
2026/04/29 15:46:05,572000,11.499
2026/04/29 15:46:05,573000,11.499
2026/04/29 15:46:05,574000,11.499
2026/04/29 15:46:05,575000,11.496
2026/04/29 15:46:05,576000,11.499
2026/04/29 15:46:05,577000,11.499
2026/04/29 15:46:05,578000,11.501
2026/04/29 15:46:05,579000,11.504
2026/04/29 15:46:05,580000,11.496
2026/04/29 15:46:05,581000,11.501
2026/04/29 15:46:05,582000,11.496
2026/04/29 15:46:05,583000,11.499
2026/04/29 15:46:05,584000,11.504
2026/04/29 15:46:05,585000,11.504
2026/04/29 15:46:05,586000,11.496
2026/04/29 15:46:05,587000,11.493
2026/04/29 15:46:05,588000,11.510
2026/04/29 15:46:05,589000,11.496
2026/04/29 15:46:05,590000,11.496
2026/04/29 15:46:05,591000,11.499
2026/04/29 15:46:05,592000,11.499
2026/04/29 15:46:05,593000,11.496
2026/04/29 15:46:05,594000,11.501
2026/04/29 15:46:05,595000,11.493
2026/04/29 15:46:05,596000,11.493
2026/04/29 15:46:05,597000,11.501
2026/04/29 15:46:05,598000,11.496
2026/04/29 15:46:05,599000,11.496
2026/04/29 15:46:05,600000,11.507
2026/04/29 15:46:05,601000,11.501
2026/04/29 15:46:05,602000,11.496
2026/04/29 15:46:05,603000,11.501
2026/04/29 15:46:05,604000,11.496
2026/04/29 15:46:05,605000,11.499
2026/04/29 15:46:05,606000,11.499
2026/04/29 15:46:05,607000,11.501
2026/04/29 15:46:05,608000,11.496
2026/04/29 15:46:05,609000,11.504
2026/04/29 15:46:05,610000,11.493
2026/04/29 15:46:05,611000,11.501
2026/04/29 15:46:05,612000,11.501
2026/04/29 15:46:05,613000,11.499
2026/04/29 15:46:05,614000,11.501
2026/04/29 15:46:05,615000,11.499
2026/04/29 15:46:05,616000,11.499
2026/04/29 15:46:05,617000,11.499
2026/04/29 15:46:05,618000,11.501
2026/04/29 15:46:05,619000,11.499
2026/04/29 15:46:05,620000,11.496
2026/04/29 15:46:05,621000,11.501
2026/04/29 15:46:05,622000,11.501
2026/04/29 15:46:05,623000,11.496
2026/04/29 15:46:05,624000,11.499
2026/04/29 15:46:05,625000,11.499
2026/04/29 15:46:05,626000,11.501
2026/04/29 15:46:05,627000,11.501
2026/04/29 15:46:05,628000,11.496
2026/04/29 15:46:05,629000,11.499
2026/04/29 15:46:05,630000,11.499
2026/04/29 15:46:05,631000,11.501
2026/04/29 15:46:05,632000,11.501
2026/04/29 15:46:05,633000,11.499
2026/04/29 15:46:05,634000,11.501
2026/04/29 15:46:05,635000,11.496
2026/04/29 15:46:05,636000,11.496
2026/04/29 15:46:05,637000,11.496
2026/04/29 15:46:05,638000,11.504
2026/04/29 15:46:05,639000,11.499
2026/04/29 15:46:05,640000,11.499
2026/04/29 15:46:05,641000,11.499
2026/04/29 15:46:05,642000,11.499
2026/04/29 15:46:05,643000,11.496
2026/04/29 15:46:05,644000,11.501
2026/04/29 15:46:05,645000,11.493
2026/04/29 15:46:05,646000,11.496
2026/04/29 15:46:05,647000,11.504
2026/04/29 15:46:05,648000,11.499
2026/04/29 15:46:05,649000,11.499
2026/04/29 15:46:05,650000,11.499
2026/04/29 15:46:05,651000,11.501
2026/04/29 15:46:05,652000,11.496
2026/04/29 15:46:05,653000,11.504
2026/04/29 15:46:05,654000,11.499
2026/04/29 15:46:05,655000,11.499
2026/04/29 15:46:05,656000,11.499
2026/04/29 15:46:05,657000,11.493
2026/04/29 15:46:05,658000,11.499
2026/04/29 15:46:05,659000,11.501
2026/04/29 15:46:05,660000,11.493
2026/04/29 15:46:05,661000,11.501
2026/04/29 15:46:05,662000,11.496
2026/04/29 15:46:05,663000,11.496
2026/04/29 15:46:05,664000,11.499
2026/04/29 15:46:05,665000,11.493
2026/04/29 15:46:05,666000,11.499
2026/04/29 15:46:05,667000,11.499
2026/04/29 15:46:05,668000,11.490
2026/04/29 15:46:05,669000,11.501
2026/04/29 15:46:05,670000,11.499
2026/04/29 15:46:05,671000,11.496
2026/04/29 15:46:05,672000,11.499
2026/04/29 15:46:05,673000,11.499
2026/04/29 15:46:05,674000,11.493
2026/04/29 15:46:05,675000,11.496
2026/04/29 15:46:05,676000,11.501
2026/04/29 15:46:05,677000,11.501
2026/04/29 15:46:05,678000,11.499
2026/04/29 15:46:05,679000,11.496
2026/04/29 15:46:05,680000,11.496
2026/04/29 15:46:05,681000,11.493
2026/04/29 15:46:05,682000,11.499
2026/04/29 15:46:05,683000,11.499
2026/04/29 15:46:05,684000,11.504
2026/04/29 15:46:05,685000,11.493
2026/04/29 15:46:05,686000,11.501
2026/04/29 15:46:05,687000,11.493
2026/04/29 15:46:05,688000,11.496
2026/04/29 15:46:05,689000,11.504
2026/04/29 15:46:05,690000,11.504
2026/04/29 15:46:05,691000,11.496
2026/04/29 15:46:05,692000,11.499
2026/04/29 15:46:05,693000,11.496
2026/04/29 15:46:05,694000,11.499
2026/04/29 15:46:05,695000,11.501
2026/04/29 15:46:05,696000,11.499
2026/04/29 15:46:05,697000,11.501
2026/04/29 15:46:05,698000,11.499
2026/04/29 15:46:05,699000,11.499
2026/04/29 15:46:05,700000,11.504
2026/04/29 15:46:05,701000,11.504
2026/04/29 15:46:05,702000,11.504
2026/04/29 15:46:05,703000,11.499
2026/04/29 15:46:05,704000,11.501
2026/04/29 15:46:05,705000,11.501
2026/04/29 15:46:05,706000,11.499
2026/04/29 15:46:05,707000,11.496
2026/04/29 15:46:05,708000,11.496
2026/04/29 15:46:05,709000,11.504
2026/04/29 15:46:05,710000,11.493
2026/04/29 15:46:05,711000,11.496
2026/04/29 15:46:05,712000,11.490
2026/04/29 15:46:05,713000,11.501
2026/04/29 15:46:05,714000,11.499
2026/04/29 15:46:05,715000,11.493
2026/04/29 15:46:05,716000,11.493
2026/04/29 15:46:05,717000,11.490
2026/04/29 15:46:05,718000,11.501
2026/04/29 15:46:05,719000,11.501
2026/04/29 15:46:05,720000,11.501
2026/04/29 15:46:05,721000,11.504
2026/04/29 15:46:05,722000,11.496
2026/04/29 15:46:05,723000,11.499
2026/04/29 15:46:05,724000,11.499
2026/04/29 15:46:05,725000,11.501
2026/04/29 15:46:05,726000,11.499
2026/04/29 15:46:05,727000,11.499
2026/04/29 15:46:05,728000,11.501
2026/04/29 15:46:05,729000,11.493
2026/04/29 15:46:05,730000,11.501
2026/04/29 15:46:05,731000,11.507
2026/04/29 15:46:05,732000,11.501
2026/04/29 15:46:05,733000,11.496
2026/04/29 15:46:05,734000,11.496
2026/04/29 15:46:05,735000,11.499
2026/04/29 15:46:05,736000,11.499
2026/04/29 15:46:05,737000,11.490
2026/04/29 15:46:05,738000,11.496
2026/04/29 15:46:05,739000,11.501
2026/04/29 15:46:05,740000,11.499
2026/04/29 15:46:05,741000,11.504
2026/04/29 15:46:05,742000,11.496
2026/04/29 15:46:05,743000,11.496
2026/04/29 15:46:05,744000,11.496
2026/04/29 15:46:05,745000,11.499
2026/04/29 15:46:05,746000,11.499
2026/04/29 15:46:05,747000,11.493
2026/04/29 15:46:05,748000,11.496
2026/04/29 15:46:05,749000,11.499
2026/04/29 15:46:05,750000,11.499
2026/04/29 15:46:05,751000,11.499
2026/04/29 15:46:05,752000,11.493
2026/04/29 15:46:05,753000,11.496
2026/04/29 15:46:05,754000,11.499
2026/04/29 15:46:05,755000,11.496
2026/04/29 15:46:05,756000,11.496
2026/04/29 15:46:05,757000,11.499
2026/04/29 15:46:05,758000,11.501
2026/04/29 15:46:05,759000,11.499
2026/04/29 15:46:05,760000,11.496
2026/04/29 15:46:05,761000,11.499
2026/04/29 15:46:05,762000,11.501
2026/04/29 15:46:05,763000,11.501
2026/04/29 15:46:05,764000,11.501
2026/04/29 15:46:05,765000,11.507
2026/04/29 15:46:05,766000,11.501
2026/04/29 15:46:05,767000,11.499
2026/04/29 15:46:05,768000,11.496
2026/04/29 15:46:05,769000,11.499
2026/04/29 15:46:05,770000,11.501
2026/04/29 15:46:05,771000,11.499
2026/04/29 15:46:05,772000,11.501
2026/04/29 15:46:05,773000,11.501
2026/04/29 15:46:05,774000,11.501
2026/04/29 15:46:05,775000,11.504
2026/04/29 15:46:05,776000,11.501
2026/04/29 15:46:05,777000,11.501
2026/04/29 15:46:05,778000,11.501
2026/04/29 15:46:05,779000,11.496
2026/04/29 15:46:05,780000,11.493
2026/04/29 15:46:05,781000,11.496
2026/04/29 15:46:05,782000,11.504
2026/04/29 15:46:05,783000,11.490
2026/04/29 15:46:05,784000,11.499
2026/04/29 15:46:05,785000,11.496
2026/04/29 15:46:05,786000,11.499
2026/04/29 15:46:05,787000,11.504
2026/04/29 15:46:05,788000,11.496
2026/04/29 15:46:05,789000,11.496
2026/04/29 15:46:05,790000,11.504
2026/04/29 15:46:05,791000,11.501
2026/04/29 15:46:05,792000,11.493
2026/04/29 15:46:05,793000,11.496
2026/04/29 15:46:05,794000,11.493
2026/04/29 15:46:05,795000,11.499
2026/04/29 15:46:05,796000,11.501
2026/04/29 15:46:05,797000,11.501
2026/04/29 15:46:05,798000,11.501
2026/04/29 15:46:05,799000,11.496
2026/04/29 15:46:05,800000,11.501
2026/04/29 15:46:05,801000,11.499
2026/04/29 15:46:05,802000,11.499
2026/04/29 15:46:05,803000,11.496
2026/04/29 15:46:05,804000,11.496
2026/04/29 15:46:05,805000,11.496
2026/04/29 15:46:05,806000,11.507
2026/04/29 15:46:05,807000,11.507
2026/04/29 15:46:05,808000,11.499
2026/04/29 15:46:05,809000,11.499
2026/04/29 15:46:05,810000,11.504
2026/04/29 15:46:05,811000,11.499
2026/04/29 15:46:05,812000,11.504
2026/04/29 15:46:05,813000,11.504
2026/04/29 15:46:05,814000,11.496
2026/04/29 15:46:05,815000,11.501
2026/04/29 15:46:05,816000,11.499
2026/04/29 15:46:05,817000,11.496
2026/04/29 15:46:05,818000,11.496
2026/04/29 15:46:05,819000,11.501
2026/04/29 15:46:05,820000,11.493
2026/04/29 15:46:05,821000,11.493
2026/04/29 15:46:05,822000,11.504
2026/04/29 15:46:05,823000,11.496
2026/04/29 15:46:05,824000,11.499
2026/04/29 15:46:05,825000,11.496
2026/04/29 15:46:05,826000,11.499
2026/04/29 15:46:05,827000,11.490
2026/04/29 15:46:05,828000,11.496
2026/04/29 15:46:05,829000,11.496
2026/04/29 15:46:05,830000,11.501
2026/04/29 15:46:05,831000,11.493
2026/04/29 15:46:05,832000,11.501
2026/04/29 15:46:05,833000,11.496
2026/04/29 15:46:05,834000,11.501
2026/04/29 15:46:05,835000,11.501
2026/04/29 15:46:05,836000,11.499
2026/04/29 15:46:05,837000,11.499
2026/04/29 15:46:05,838000,11.496
2026/04/29 15:46:05,839000,11.501
2026/04/29 15:46:05,840000,11.496
2026/04/29 15:46:05,841000,11.501
2026/04/29 15:46:05,842000,11.499
2026/04/29 15:46:05,843000,11.499
2026/04/29 15:46:05,844000,11.501
2026/04/29 15:46:05,845000,11.499
2026/04/29 15:46:05,846000,11.501
2026/04/29 15:46:05,847000,11.496
2026/04/29 15:46:05,848000,11.493
2026/04/29 15:46:05,849000,11.496
2026/04/29 15:46:05,850000,11.501
2026/04/29 15:46:05,851000,11.504
2026/04/29 15:46:05,852000,11.499
2026/04/29 15:46:05,853000,11.496
2026/04/29 15:46:05,854000,11.496
2026/04/29 15:46:05,855000,11.501
2026/04/29 15:46:05,856000,11.501
2026/04/29 15:46:05,857000,11.504
2026/04/29 15:46:05,858000,11.501
2026/04/29 15:46:05,859000,11.493
2026/04/29 15:46:05,860000,11.496
2026/04/29 15:46:05,861000,11.501
2026/04/29 15:46:05,862000,11.499
2026/04/29 15:46:05,863000,11.501
2026/04/29 15:46:05,864000,11.493
2026/04/29 15:46:05,865000,11.504
2026/04/29 15:46:05,866000,11.490
2026/04/29 15:46:05,867000,11.501
2026/04/29 15:46:05,868000,11.499
2026/04/29 15:46:05,869000,11.499
2026/04/29 15:46:05,870000,11.499
2026/04/29 15:46:05,871000,11.496
2026/04/29 15:46:05,872000,11.501
2026/04/29 15:46:05,873000,11.499
2026/04/29 15:46:05,874000,11.499
2026/04/29 15:46:05,875000,11.504
2026/04/29 15:46:05,876000,11.493
2026/04/29 15:46:05,877000,11.499
2026/04/29 15:46:05,878000,11.501
2026/04/29 15:46:05,879000,11.501
2026/04/29 15:46:05,880000,11.504
2026/04/29 15:46:05,881000,11.501
2026/04/29 15:46:05,882000,11.504
2026/04/29 15:46:05,883000,11.501
2026/04/29 15:46:05,884000,11.501
2026/04/29 15:46:05,885000,11.499
2026/04/29 15:46:05,886000,11.501
2026/04/29 15:46:05,887000,11.501
2026/04/29 15:46:05,888000,11.493
2026/04/29 15:46:05,889000,11.504
2026/04/29 15:46:05,890000,11.493
2026/04/29 15:46:05,891000,11.501
2026/04/29 15:46:05,892000,11.507
2026/04/29 15:46:05,893000,11.501
2026/04/29 15:46:05,894000,11.501
2026/04/29 15:46:05,895000,11.499
2026/04/29 15:46:05,896000,11.501
2026/04/29 15:46:05,897000,11.499
2026/04/29 15:46:05,898000,11.504
2026/04/29 15:46:05,899000,11.504
2026/04/29 15:46:05,900000,11.501
2026/04/29 15:46:05,901000,11.499
2026/04/29 15:46:05,902000,11.504
2026/04/29 15:46:05,903000,11.501
2026/04/29 15:46:05,904000,11.499
2026/04/29 15:46:05,905000,11.501
2026/04/29 15:46:05,906000,11.499
2026/04/29 15:46:05,907000,11.501
2026/04/29 15:46:05,908000,11.499
2026/04/29 15:46:05,909000,11.504
2026/04/29 15:46:05,910000,11.504
2026/04/29 15:46:05,911000,11.501
2026/04/29 15:46:05,912000,11.501
2026/04/29 15:46:05,913000,11.501
2026/04/29 15:46:05,914000,11.499
2026/04/29 15:46:05,915000,11.499
2026/04/29 15:46:05,916000,11.499
2026/04/29 15:46:05,917000,11.499
2026/04/29 15:46:05,918000,11.499
2026/04/29 15:46:05,919000,11.499
2026/04/29 15:46:05,920000,11.493
2026/04/29 15:46:05,921000,11.499
2026/04/29 15:46:05,922000,11.493
2026/04/29 15:46:05,923000,11.496
2026/04/29 15:46:05,924000,11.499
2026/04/29 15:46:05,925000,11.499
2026/04/29 15:46:05,926000,11.499
2026/04/29 15:46:05,927000,11.501
2026/04/29 15:46:05,928000,11.493
2026/04/29 15:46:05,929000,11.501
2026/04/29 15:46:05,930000,11.501
2026/04/29 15:46:05,931000,11.496
2026/04/29 15:46:05,932000,11.499
2026/04/29 15:46:05,933000,11.501
2026/04/29 15:46:05,934000,11.501
2026/04/29 15:46:05,935000,11.501
2026/04/29 15:46:05,936000,11.501
2026/04/29 15:46:05,937000,11.499
2026/04/29 15:46:05,938000,11.504
2026/04/29 15:46:05,939000,11.496
2026/04/29 15:46:05,940000,11.496
2026/04/29 15:46:05,941000,11.501
2026/04/29 15:46:05,942000,11.501
2026/04/29 15:46:05,943000,11.501
2026/04/29 15:46:05,944000,11.501
2026/04/29 15:46:05,945000,11.499
2026/04/29 15:46:05,946000,11.501
2026/04/29 15:46:05,947000,11.499
2026/04/29 15:46:05,948000,11.501
2026/04/29 15:46:05,949000,11.501
2026/04/29 15:46:05,950000,11.496
2026/04/29 15:46:05,951000,11.513
2026/04/29 15:46:05,952000,11.504
2026/04/29 15:46:05,953000,11.499
2026/04/29 15:46:05,954000,11.499
2026/04/29 15:46:05,955000,11.496
2026/04/29 15:46:05,956000,11.496
2026/04/29 15:46:05,957000,11.501
2026/04/29 15:46:05,958000,11.504
2026/04/29 15:46:05,959000,11.493
2026/04/29 15:46:05,960000,11.493
2026/04/29 15:46:05,961000,11.507
2026/04/29 15:46:05,962000,11.504
2026/04/29 15:46:05,963000,11.504
2026/04/29 15:46:05,964000,11.501
2026/04/29 15:46:05,965000,11.496
2026/04/29 15:46:05,966000,11.499
2026/04/29 15:46:05,967000,11.496
2026/04/29 15:46:05,968000,11.507
2026/04/29 15:46:05,969000,11.499
2026/04/29 15:46:05,970000,11.501
2026/04/29 15:46:05,971000,11.499
2026/04/29 15:46:05,972000,11.501
2026/04/29 15:46:05,973000,11.496
2026/04/29 15:46:05,974000,11.504
2026/04/29 15:46:05,975000,11.504
2026/04/29 15:46:05,976000,11.499
2026/04/29 15:46:05,977000,11.499
2026/04/29 15:46:05,978000,11.499
2026/04/29 15:46:05,979000,11.499
2026/04/29 15:46:05,980000,11.499
2026/04/29 15:46:05,981000,11.504
2026/04/29 15:46:05,982000,11.496
2026/04/29 15:46:05,983000,11.499
2026/04/29 15:46:05,984000,11.504
2026/04/29 15:46:05,985000,11.504
2026/04/29 15:46:05,986000,11.499
2026/04/29 15:46:05,987000,11.499
2026/04/29 15:46:05,988000,11.507
2026/04/29 15:46:05,989000,11.496
2026/04/29 15:46:05,990000,11.501
2026/04/29 15:46:05,991000,11.499
2026/04/29 15:46:05,992000,11.493
2026/04/29 15:46:05,993000,11.501
2026/04/29 15:46:05,994000,11.507
2026/04/29 15:46:05,995000,11.499
2026/04/29 15:46:05,996000,11.501
2026/04/29 15:46:05,997000,11.499
2026/04/29 15:46:05,998000,11.496
2026/04/29 15:46:05,999000,11.496
2026/04/29 15:46:06,000000,11.501
2026/04/29 15:46:06,001000,11.504
2026/04/29 15:46:06,002000,11.499
2026/04/29 15:46:06,003000,11.501
2026/04/29 15:46:06,004000,11.493
2026/04/29 15:46:06,005000,11.496
2026/04/29 15:46:06,006000,11.499
2026/04/29 15:46:06,007000,11.496
2026/04/29 15:46:06,008000,11.501
2026/04/29 15:46:06,009000,11.499
2026/04/29 15:46:06,010000,11.501
2026/04/29 15:46:06,011000,11.501
2026/04/29 15:46:06,012000,11.501
2026/04/29 15:46:06,013000,11.499
2026/04/29 15:46:06,014000,11.499
2026/04/29 15:46:06,015000,11.501
2026/04/29 15:46:06,016000,11.501
2026/04/29 15:46:06,017000,11.499
2026/04/29 15:46:06,018000,11.507
2026/04/29 15:46:06,019000,11.499
2026/04/29 15:46:06,020000,11.493
2026/04/29 15:46:06,021000,11.499
2026/04/29 15:46:06,022000,11.501
2026/04/29 15:46:06,023000,11.501
2026/04/29 15:46:06,024000,11.501
2026/04/29 15:46:06,025000,11.501
2026/04/29 15:46:06,026000,11.501
2026/04/29 15:46:06,027000,11.496
2026/04/29 15:46:06,028000,11.501
2026/04/29 15:46:06,029000,11.493
2026/04/29 15:46:06,030000,11.496
2026/04/29 15:46:06,031000,11.501
2026/04/29 15:46:06,032000,11.501
2026/04/29 15:46:06,033000,11.501
2026/04/29 15:46:06,034000,11.501
2026/04/29 15:46:06,035000,11.504
2026/04/29 15:46:06,036000,11.501
2026/04/29 15:46:06,037000,11.496
2026/04/29 15:46:06,038000,11.496
2026/04/29 15:46:06,039000,11.504
2026/04/29 15:46:06,040000,11.501
2026/04/29 15:46:06,041000,11.496
2026/04/29 15:46:06,042000,11.499
2026/04/29 15:46:06,043000,11.504
2026/04/29 15:46:06,044000,11.501
2026/04/29 15:46:06,045000,11.499
2026/04/29 15:46:06,046000,11.501
2026/04/29 15:46:06,047000,11.501
2026/04/29 15:46:06,048000,11.499
2026/04/29 15:46:06,049000,11.501
2026/04/29 15:46:06,050000,11.493
2026/04/29 15:46:06,051000,11.499
2026/04/29 15:46:06,052000,11.499
2026/04/29 15:46:06,053000,11.499
2026/04/29 15:46:06,054000,11.496
2026/04/29 15:46:06,055000,11.501
2026/04/29 15:46:06,056000,11.499
2026/04/29 15:46:06,057000,11.501
2026/04/29 15:46:06,058000,11.493
2026/04/29 15:46:06,059000,11.493
2026/04/29 15:46:06,060000,11.499
2026/04/29 15:46:06,061000,11.499
2026/04/29 15:46:06,062000,11.501
2026/04/29 15:46:06,063000,11.493
2026/04/29 15:46:06,064000,11.504
2026/04/29 15:46:06,065000,11.501
2026/04/29 15:46:06,066000,11.501
2026/04/29 15:46:06,067000,11.496
2026/04/29 15:46:06,068000,11.501
2026/04/29 15:46:06,069000,11.496
2026/04/29 15:46:06,070000,11.501
2026/04/29 15:46:06,071000,11.501
2026/04/29 15:46:06,072000,11.499
2026/04/29 15:46:06,073000,11.504
2026/04/29 15:46:06,074000,11.501
2026/04/29 15:46:06,075000,11.499
2026/04/29 15:46:06,076000,11.493
2026/04/29 15:46:06,077000,11.499
2026/04/29 15:46:06,078000,11.499
2026/04/29 15:46:06,079000,11.499
2026/04/29 15:46:06,080000,11.493
2026/04/29 15:46:06,081000,11.501
2026/04/29 15:46:06,082000,11.493
2026/04/29 15:46:06,083000,11.501
2026/04/29 15:46:06,084000,11.504
2026/04/29 15:46:06,085000,11.499
2026/04/29 15:46:06,086000,11.499
2026/04/29 15:46:06,087000,11.499
2026/04/29 15:46:06,088000,11.499
2026/04/29 15:46:06,089000,11.496
2026/04/29 15:46:06,090000,11.499
2026/04/29 15:46:06,091000,11.496
2026/04/29 15:46:06,092000,11.490
2026/04/29 15:46:06,093000,11.499
2026/04/29 15:46:06,094000,11.499
2026/04/29 15:46:06,095000,11.501
2026/04/29 15:46:06,096000,11.493
2026/04/29 15:46:06,097000,11.496
2026/04/29 15:46:06,098000,11.501
2026/04/29 15:46:06,099000,11.507
2026/04/29 15:46:06,100000,11.493
2026/04/29 15:46:06,101000,11.504
2026/04/29 15:46:06,102000,11.499
2026/04/29 15:46:06,103000,11.504
2026/04/29 15:46:06,104000,11.499
2026/04/29 15:46:06,105000,11.496
2026/04/29 15:46:06,106000,11.504
2026/04/29 15:46:06,107000,11.496
2026/04/29 15:46:06,108000,11.501
2026/04/29 15:46:06,109000,11.501
2026/04/29 15:46:06,110000,11.499
2026/04/29 15:46:06,111000,11.496
2026/04/29 15:46:06,112000,11.499
2026/04/29 15:46:06,113000,11.499
2026/04/29 15:46:06,114000,11.496
2026/04/29 15:46:06,115000,11.501
2026/04/29 15:46:06,116000,11.499
2026/04/29 15:46:06,117000,11.501
2026/04/29 15:46:06,118000,11.501
2026/04/29 15:46:06,119000,11.499
2026/04/29 15:46:06,120000,11.499
2026/04/29 15:46:06,121000,11.507
2026/04/29 15:46:06,122000,11.496
2026/04/29 15:46:06,123000,11.504
2026/04/29 15:46:06,124000,11.501
2026/04/29 15:46:06,125000,11.501
2026/04/29 15:46:06,126000,11.501
2026/04/29 15:46:06,127000,11.507
2026/04/29 15:46:06,128000,11.499
2026/04/29 15:46:06,129000,11.496
2026/04/29 15:46:06,130000,11.504
2026/04/29 15:46:06,131000,11.501
2026/04/29 15:46:06,132000,11.496
2026/04/29 15:46:06,133000,11.499
2026/04/29 15:46:06,134000,11.490
2026/04/29 15:46:06,135000,11.499
2026/04/29 15:46:06,136000,11.499
2026/04/29 15:46:06,137000,11.496
2026/04/29 15:46:06,138000,11.493
2026/04/29 15:46:06,139000,11.499
2026/04/29 15:46:06,140000,11.487
2026/04/29 15:46:06,141000,11.499
2026/04/29 15:46:06,142000,11.501
2026/04/29 15:46:06,143000,11.499
2026/04/29 15:46:06,144000,11.499
2026/04/29 15:46:06,145000,11.499
2026/04/29 15:46:06,146000,11.499
2026/04/29 15:46:06,147000,11.501
2026/04/29 15:46:06,148000,11.493
2026/04/29 15:46:06,149000,11.493
2026/04/29 15:46:06,150000,11.496
2026/04/29 15:46:06,151000,11.499
2026/04/29 15:46:06,152000,11.501
2026/04/29 15:46:06,153000,11.499
2026/04/29 15:46:06,154000,11.496
2026/04/29 15:46:06,155000,11.501
2026/04/29 15:46:06,156000,11.496
2026/04/29 15:46:06,157000,11.501
2026/04/29 15:46:06,158000,11.496
2026/04/29 15:46:06,159000,11.501
2026/04/29 15:46:06,160000,11.499
2026/04/29 15:46:06,161000,11.499
2026/04/29 15:46:06,162000,11.504
2026/04/29 15:46:06,163000,11.499
2026/04/29 15:46:06,164000,11.493
2026/04/29 15:46:06,165000,11.499
2026/04/29 15:46:06,166000,11.499
2026/04/29 15:46:06,167000,11.493
2026/04/29 15:46:06,168000,11.493
2026/04/29 15:46:06,169000,11.499
2026/04/29 15:46:06,170000,11.499
2026/04/29 15:46:06,171000,11.499
2026/04/29 15:46:06,172000,11.501
2026/04/29 15:46:06,173000,11.496
2026/04/29 15:46:06,174000,11.504
2026/04/29 15:46:06,175000,11.490
2026/04/29 15:46:06,176000,11.501
2026/04/29 15:46:06,177000,11.504
2026/04/29 15:46:06,178000,11.499
2026/04/29 15:46:06,179000,11.504
2026/04/29 15:46:06,180000,11.499
2026/04/29 15:46:06,181000,11.496
2026/04/29 15:46:06,182000,11.504
2026/04/29 15:46:06,183000,11.501
2026/04/29 15:46:06,184000,11.493
2026/04/29 15:46:06,185000,11.499
2026/04/29 15:46:06,186000,11.499
2026/04/29 15:46:06,187000,11.501
2026/04/29 15:46:06,188000,11.487
2026/04/29 15:46:06,189000,11.496
2026/04/29 15:46:06,190000,11.499
2026/04/29 15:46:06,191000,11.496
2026/04/29 15:46:06,192000,11.501
2026/04/29 15:46:06,193000,11.501
2026/04/29 15:46:06,194000,11.493
2026/04/29 15:46:06,195000,11.501
2026/04/29 15:46:06,196000,11.493
2026/04/29 15:46:06,197000,11.507
2026/04/29 15:46:06,198000,11.499
2026/04/29 15:46:06,199000,11.490
2026/04/29 15:46:06,200000,11.501
2026/04/29 15:46:06,201000,11.507
2026/04/29 15:46:06,202000,11.499
2026/04/29 15:46:06,203000,11.501
2026/04/29 15:46:06,204000,11.501
2026/04/29 15:46:06,205000,11.510
2026/04/29 15:46:06,206000,11.496
2026/04/29 15:46:06,207000,11.496
2026/04/29 15:46:06,208000,11.501
2026/04/29 15:46:06,209000,11.499
2026/04/29 15:46:06,210000,11.501
2026/04/29 15:46:06,211000,11.501
2026/04/29 15:46:06,212000,11.504
2026/04/29 15:46:06,213000,11.496
2026/04/29 15:46:06,214000,11.504
2026/04/29 15:46:06,215000,11.501
2026/04/29 15:46:06,216000,11.499
2026/04/29 15:46:06,217000,11.496
2026/04/29 15:46:06,218000,11.499
2026/04/29 15:46:06,219000,11.499
2026/04/29 15:46:06,220000,11.499
2026/04/29 15:46:06,221000,11.496
2026/04/29 15:46:06,222000,11.499
2026/04/29 15:46:06,223000,11.496
2026/04/29 15:46:06,224000,11.499
2026/04/29 15:46:06,225000,11.496
2026/04/29 15:46:06,226000,11.496
2026/04/29 15:46:06,227000,11.493
2026/04/29 15:46:06,228000,11.496
2026/04/29 15:46:06,229000,11.490
2026/04/29 15:46:06,230000,11.499
2026/04/29 15:46:06,231000,11.499
2026/04/29 15:46:06,232000,11.501
2026/04/29 15:46:06,233000,11.501
2026/04/29 15:46:06,234000,11.496
2026/04/29 15:46:06,235000,11.490
2026/04/29 15:46:06,236000,11.499
2026/04/29 15:46:06,237000,11.499
2026/04/29 15:46:06,238000,11.496
2026/04/29 15:46:06,239000,11.501
2026/04/29 15:46:06,240000,11.499
2026/04/29 15:46:06,241000,11.504
2026/04/29 15:46:06,242000,11.496
2026/04/29 15:46:06,243000,11.501
2026/04/29 15:46:06,244000,11.501
2026/04/29 15:46:06,245000,11.501
2026/04/29 15:46:06,246000,11.501
2026/04/29 15:46:06,247000,11.499
2026/04/29 15:46:06,248000,11.499
2026/04/29 15:46:06,249000,11.499
2026/04/29 15:46:06,250000,11.501
2026/04/29 15:46:06,251000,11.496
2026/04/29 15:46:06,252000,11.499
2026/04/29 15:46:06,253000,11.501
2026/04/29 15:46:06,254000,11.499
2026/04/29 15:46:06,255000,11.501
2026/04/29 15:46:06,256000,11.499
2026/04/29 15:46:06,257000,11.501
2026/04/29 15:46:06,258000,11.496
2026/04/29 15:46:06,259000,11.501
2026/04/29 15:46:06,260000,11.499
2026/04/29 15:46:06,261000,11.501
2026/04/29 15:46:06,262000,11.496
2026/04/29 15:46:06,263000,11.499
2026/04/29 15:46:06,264000,11.493
2026/04/29 15:46:06,265000,11.507
2026/04/29 15:46:06,266000,11.501
2026/04/29 15:46:06,267000,11.501
2026/04/29 15:46:06,268000,11.490
2026/04/29 15:46:06,269000,11.501
2026/04/29 15:46:06,270000,11.493
2026/04/29 15:46:06,271000,11.501
2026/04/29 15:46:06,272000,11.493
2026/04/29 15:46:06,273000,11.496
2026/04/29 15:46:06,274000,11.499
2026/04/29 15:46:06,275000,11.493
2026/04/29 15:46:06,276000,11.496
2026/04/29 15:46:06,277000,11.499
2026/04/29 15:46:06,278000,11.496
2026/04/29 15:46:06,279000,11.499
2026/04/29 15:46:06,280000,11.504
2026/04/29 15:46:06,281000,11.496
2026/04/29 15:46:06,282000,11.493
2026/04/29 15:46:06,283000,11.507
2026/04/29 15:46:06,284000,11.499
2026/04/29 15:46:06,285000,11.493
2026/04/29 15:46:06,286000,11.496
2026/04/29 15:46:06,287000,11.499
2026/04/29 15:46:06,288000,11.493
2026/04/29 15:46:06,289000,11.501
2026/04/29 15:46:06,290000,11.496
2026/04/29 15:46:06,291000,11.496
2026/04/29 15:46:06,292000,11.501
2026/04/29 15:46:06,293000,11.496
2026/04/29 15:46:06,294000,11.499
2026/04/29 15:46:06,295000,11.501
2026/04/29 15:46:06,296000,11.501
2026/04/29 15:46:06,297000,11.496
2026/04/29 15:46:06,298000,11.496
2026/04/29 15:46:06,299000,11.504
2026/04/29 15:46:06,300000,11.499
2026/04/29 15:46:06,301000,11.501
2026/04/29 15:46:06,302000,11.504
2026/04/29 15:46:06,303000,11.499
2026/04/29 15:46:06,304000,11.496
2026/04/29 15:46:06,305000,11.501
2026/04/29 15:46:06,306000,11.499
2026/04/29 15:46:06,307000,11.504
2026/04/29 15:46:06,308000,11.496
2026/04/29 15:46:06,309000,11.493
2026/04/29 15:46:06,310000,11.493
2026/04/29 15:46:06,311000,11.501
2026/04/29 15:46:06,312000,11.496
2026/04/29 15:46:06,313000,11.499
2026/04/29 15:46:06,314000,11.496
2026/04/29 15:46:06,315000,11.501
2026/04/29 15:46:06,316000,11.496
2026/04/29 15:46:06,317000,11.499
2026/04/29 15:46:06,318000,11.501
2026/04/29 15:46:06,319000,11.499
2026/04/29 15:46:06,320000,11.499
2026/04/29 15:46:06,321000,11.501
2026/04/29 15:46:06,322000,11.504
2026/04/29 15:46:06,323000,11.496
2026/04/29 15:46:06,324000,11.499
2026/04/29 15:46:06,325000,11.496
2026/04/29 15:46:06,326000,11.499
2026/04/29 15:46:06,327000,11.493
2026/04/29 15:46:06,328000,11.499
2026/04/29 15:46:06,329000,11.499
2026/04/29 15:46:06,330000,11.493
2026/04/29 15:46:06,331000,11.496
2026/04/29 15:46:06,332000,11.499
2026/04/29 15:46:06,333000,11.499
2026/04/29 15:46:06,334000,11.496
2026/04/29 15:46:06,335000,11.499
2026/04/29 15:46:06,336000,11.493
2026/04/29 15:46:06,337000,11.499
2026/04/29 15:46:06,338000,11.496
2026/04/29 15:46:06,339000,11.496
2026/04/29 15:46:06,340000,11.501
2026/04/29 15:46:06,341000,11.499
2026/04/29 15:46:06,342000,11.501
2026/04/29 15:46:06,343000,11.496
2026/04/29 15:46:06,344000,11.501
2026/04/29 15:46:06,345000,11.501
2026/04/29 15:46:06,346000,11.496
2026/04/29 15:46:06,347000,11.501
2026/04/29 15:46:06,348000,11.493
2026/04/29 15:46:06,349000,11.493
2026/04/29 15:46:06,350000,11.501
2026/04/29 15:46:06,351000,11.493
2026/04/29 15:46:06,352000,11.501
2026/04/29 15:46:06,353000,11.501
2026/04/29 15:46:06,354000,11.501
2026/04/29 15:46:06,355000,11.501
2026/04/29 15:46:06,356000,11.493
2026/04/29 15:46:06,357000,11.499
2026/04/29 15:46:06,358000,11.501
2026/04/29 15:46:06,359000,11.499
2026/04/29 15:46:06,360000,11.504
2026/04/29 15:46:06,361000,11.496
2026/04/29 15:46:06,362000,11.499
2026/04/29 15:46:06,363000,11.499
2026/04/29 15:46:06,364000,11.499
2026/04/29 15:46:06,365000,11.499
2026/04/29 15:46:06,366000,11.499
2026/04/29 15:46:06,367000,11.499
2026/04/29 15:46:06,368000,11.496
2026/04/29 15:46:06,369000,11.499
2026/04/29 15:46:06,370000,11.501
2026/04/29 15:46:06,371000,11.499
2026/04/29 15:46:06,372000,11.499
2026/04/29 15:46:06,373000,11.501
2026/04/29 15:46:06,374000,11.499
2026/04/29 15:46:06,375000,11.496
2026/04/29 15:46:06,376000,11.499
2026/04/29 15:46:06,377000,11.499
2026/04/29 15:46:06,378000,11.496
2026/04/29 15:46:06,379000,11.496
2026/04/29 15:46:06,380000,11.504
2026/04/29 15:46:06,381000,11.501
2026/04/29 15:46:06,382000,11.496
2026/04/29 15:46:06,383000,11.499
2026/04/29 15:46:06,384000,11.504
2026/04/29 15:46:06,385000,11.504
2026/04/29 15:46:06,386000,11.501
2026/04/29 15:46:06,387000,11.493
2026/04/29 15:46:06,388000,11.501
2026/04/29 15:46:06,389000,11.501
2026/04/29 15:46:06,390000,11.504
2026/04/29 15:46:06,391000,11.499
2026/04/29 15:46:06,392000,11.501
2026/04/29 15:46:06,393000,11.504
2026/04/29 15:46:06,394000,11.501
2026/04/29 15:46:06,395000,11.496
2026/04/29 15:46:06,396000,11.499
2026/04/29 15:46:06,397000,11.496
2026/04/29 15:46:06,398000,11.501
2026/04/29 15:46:06,399000,11.499
2026/04/29 15:46:06,400000,11.493
2026/04/29 15:46:06,401000,11.504
2026/04/29 15:46:06,402000,11.499
2026/04/29 15:46:06,403000,11.501
2026/04/29 15:46:06,404000,11.496
2026/04/29 15:46:06,405000,11.501
2026/04/29 15:46:06,406000,11.504
2026/04/29 15:46:06,407000,11.499
2026/04/29 15:46:06,408000,11.496
2026/04/29 15:46:06,409000,11.496
2026/04/29 15:46:06,410000,11.493
2026/04/29 15:46:06,411000,11.496
2026/04/29 15:46:06,412000,11.504
2026/04/29 15:46:06,413000,11.501
2026/04/29 15:46:06,414000,11.499
2026/04/29 15:46:06,415000,11.496
2026/04/29 15:46:06,416000,11.499
2026/04/29 15:46:06,417000,11.504
2026/04/29 15:46:06,418000,11.493
2026/04/29 15:46:06,419000,11.499
2026/04/29 15:46:06,420000,11.496
2026/04/29 15:46:06,421000,11.499
2026/04/29 15:46:06,422000,11.496
2026/04/29 15:46:06,423000,11.496
2026/04/29 15:46:06,424000,11.496
2026/04/29 15:46:06,425000,11.501
2026/04/29 15:46:06,426000,11.499
2026/04/29 15:46:06,427000,11.499
2026/04/29 15:46:06,428000,11.499
2026/04/29 15:46:06,429000,11.501
2026/04/29 15:46:06,430000,11.501
2026/04/29 15:46:06,431000,11.501
2026/04/29 15:46:06,432000,11.496
2026/04/29 15:46:06,433000,11.504
2026/04/29 15:46:06,434000,11.501
2026/04/29 15:46:06,435000,11.499
2026/04/29 15:46:06,436000,11.499
2026/04/29 15:46:06,437000,11.501
2026/04/29 15:46:06,438000,11.493
2026/04/29 15:46:06,439000,11.501
2026/04/29 15:46:06,440000,11.499
2026/04/29 15:46:06,441000,11.496
2026/04/29 15:46:06,442000,11.504
2026/04/29 15:46:06,443000,11.504
2026/04/29 15:46:06,444000,11.493
2026/04/29 15:46:06,445000,11.501
2026/04/29 15:46:06,446000,11.490
2026/04/29 15:46:06,447000,11.504
2026/04/29 15:46:06,448000,11.501
2026/04/29 15:46:06,449000,11.501
2026/04/29 15:46:06,450000,11.496
2026/04/29 15:46:06,451000,11.499
2026/04/29 15:46:06,452000,11.499
2026/04/29 15:46:06,453000,11.499
2026/04/29 15:46:06,454000,11.501
2026/04/29 15:46:06,455000,11.501
2026/04/29 15:46:06,456000,11.504
2026/04/29 15:46:06,457000,11.496
2026/04/29 15:46:06,458000,11.501
2026/04/29 15:46:06,459000,11.493
2026/04/29 15:46:06,460000,11.499
2026/04/29 15:46:06,461000,11.499
2026/04/29 15:46:06,462000,11.501
2026/04/29 15:46:06,463000,11.504
2026/04/29 15:46:06,464000,11.499
2026/04/29 15:46:06,465000,11.493
2026/04/29 15:46:06,466000,11.501
2026/04/29 15:46:06,467000,11.507
2026/04/29 15:46:06,468000,11.510
2026/04/29 15:46:06,469000,11.504
2026/04/29 15:46:06,470000,11.496
2026/04/29 15:46:06,471000,11.496
2026/04/29 15:46:06,472000,11.496
2026/04/29 15:46:06,473000,11.499
2026/04/29 15:46:06,474000,11.496
2026/04/29 15:46:06,475000,11.501
2026/04/29 15:46:06,476000,11.504
2026/04/29 15:46:06,477000,11.510
2026/04/29 15:46:06,478000,11.496
2026/04/29 15:46:06,479000,11.496
2026/04/29 15:46:06,480000,11.501
2026/04/29 15:46:06,481000,11.499
2026/04/29 15:46:06,482000,11.496
2026/04/29 15:46:06,483000,11.501
2026/04/29 15:46:06,484000,11.499
2026/04/29 15:46:06,485000,11.496
2026/04/29 15:46:06,486000,11.496
2026/04/29 15:46:06,487000,11.496
2026/04/29 15:46:06,488000,11.499
2026/04/29 15:46:06,489000,11.501
2026/04/29 15:46:06,490000,11.501
2026/04/29 15:46:06,491000,11.501
2026/04/29 15:46:06,492000,11.501
2026/04/29 15:46:06,493000,11.496
2026/04/29 15:46:06,494000,11.499
2026/04/29 15:46:06,495000,11.496
2026/04/29 15:46:06,496000,11.501
2026/04/29 15:46:06,497000,11.501
2026/04/29 15:46:06,498000,11.501
2026/04/29 15:46:06,499000,11.499
2026/04/29 15:46:06,500000,11.499
2026/04/29 15:46:06,501000,11.501
2026/04/29 15:46:06,502000,11.499
2026/04/29 15:46:06,503000,11.499
2026/04/29 15:46:06,504000,11.504
2026/04/29 15:46:06,505000,11.499
2026/04/29 15:46:06,506000,11.504
2026/04/29 15:46:06,507000,11.496
2026/04/29 15:46:06,508000,11.499
2026/04/29 15:46:06,509000,11.499
2026/04/29 15:46:06,510000,11.501
2026/04/29 15:46:06,511000,11.493
2026/04/29 15:46:06,512000,11.499
2026/04/29 15:46:06,513000,11.501
2026/04/29 15:46:06,514000,11.499
2026/04/29 15:46:06,515000,11.499
2026/04/29 15:46:06,516000,11.504
2026/04/29 15:46:06,517000,11.501
2026/04/29 15:46:06,518000,11.496
2026/04/29 15:46:06,519000,11.499
2026/04/29 15:46:06,520000,11.499
2026/04/29 15:46:06,521000,11.504
2026/04/29 15:46:06,522000,11.499
2026/04/29 15:46:06,523000,11.501
2026/04/29 15:46:06,524000,11.490
2026/04/29 15:46:06,525000,11.501
2026/04/29 15:46:06,526000,11.493
2026/04/29 15:46:06,527000,11.501
2026/04/29 15:46:06,528000,11.504
2026/04/29 15:46:06,529000,11.507
2026/04/29 15:46:06,530000,11.499
2026/04/29 15:46:06,531000,11.501
2026/04/29 15:46:06,532000,11.499
2026/04/29 15:46:06,533000,11.501
2026/04/29 15:46:06,534000,11.499
2026/04/29 15:46:06,535000,11.499
2026/04/29 15:46:06,536000,11.501
2026/04/29 15:46:06,537000,11.501
2026/04/29 15:46:06,538000,11.504
2026/04/29 15:46:06,539000,11.499
2026/04/29 15:46:06,540000,11.499
2026/04/29 15:46:06,541000,11.499
2026/04/29 15:46:06,542000,11.499
2026/04/29 15:46:06,543000,11.504
2026/04/29 15:46:06,544000,11.496
2026/04/29 15:46:06,545000,11.501
2026/04/29 15:46:06,546000,11.501
2026/04/29 15:46:06,547000,11.496
2026/04/29 15:46:06,548000,11.504
2026/04/29 15:46:06,549000,11.499
2026/04/29 15:46:06,550000,11.501
2026/04/29 15:46:06,551000,11.493
2026/04/29 15:46:06,552000,11.504
2026/04/29 15:46:06,553000,11.504
2026/04/29 15:46:06,554000,11.504
2026/04/29 15:46:06,555000,11.496
2026/04/29 15:46:06,556000,11.499
2026/04/29 15:46:06,557000,11.496
2026/04/29 15:46:06,558000,11.507
2026/04/29 15:46:06,559000,11.501
2026/04/29 15:46:06,560000,11.499
2026/04/29 15:46:06,561000,11.499
2026/04/29 15:46:06,562000,11.499
2026/04/29 15:46:06,563000,11.504
2026/04/29 15:46:06,564000,11.496
2026/04/29 15:46:06,565000,11.501
2026/04/29 15:46:06,566000,11.499
2026/04/29 15:46:06,567000,11.496
2026/04/29 15:46:06,568000,11.501
2026/04/29 15:46:06,569000,11.507
2026/04/29 15:46:06,570000,11.493
2026/04/29 15:46:06,571000,11.499
2026/04/29 15:46:06,572000,11.496
2026/04/29 15:46:06,573000,11.501
2026/04/29 15:46:06,574000,11.510
2026/04/29 15:46:06,575000,11.501
2026/04/29 15:46:06,576000,11.501
2026/04/29 15:46:06,577000,11.499
2026/04/29 15:46:06,578000,11.507
2026/04/29 15:46:06,579000,11.499
2026/04/29 15:46:06,580000,11.496
2026/04/29 15:46:06,581000,11.496
2026/04/29 15:46:06,582000,11.493
2026/04/29 15:46:06,583000,11.499
2026/04/29 15:46:06,584000,11.504
2026/04/29 15:46:06,585000,11.499
2026/04/29 15:46:06,586000,11.499
2026/04/29 15:46:06,587000,11.501
2026/04/29 15:46:06,588000,11.493
2026/04/29 15:46:06,589000,11.496
2026/04/29 15:46:06,590000,11.496
2026/04/29 15:46:06,591000,11.493
2026/04/29 15:46:06,592000,11.501
2026/04/29 15:46:06,593000,11.501
2026/04/29 15:46:06,594000,11.504
2026/04/29 15:46:06,595000,11.499
2026/04/29 15:46:06,596000,11.499
2026/04/29 15:46:06,597000,11.496
2026/04/29 15:46:06,598000,11.496
2026/04/29 15:46:06,599000,11.499
2026/04/29 15:46:06,600000,11.499
2026/04/29 15:46:06,601000,11.501
2026/04/29 15:46:06,602000,11.496
2026/04/29 15:46:06,603000,11.499
2026/04/29 15:46:06,604000,11.499
2026/04/29 15:46:06,605000,11.501
2026/04/29 15:46:06,606000,11.496
2026/04/29 15:46:06,607000,11.496
2026/04/29 15:46:06,608000,11.501
2026/04/29 15:46:06,609000,11.496
2026/04/29 15:46:06,610000,11.501
2026/04/29 15:46:06,611000,11.499
2026/04/29 15:46:06,612000,11.496
2026/04/29 15:46:06,613000,11.504
2026/04/29 15:46:06,614000,11.499
2026/04/29 15:46:06,615000,11.496
2026/04/29 15:46:06,616000,11.504
2026/04/29 15:46:06,617000,11.499
2026/04/29 15:46:06,618000,11.499
2026/04/29 15:46:06,619000,11.504
2026/04/29 15:46:06,620000,11.501
2026/04/29 15:46:06,621000,11.499
2026/04/29 15:46:06,622000,11.501
2026/04/29 15:46:06,623000,11.499
2026/04/29 15:46:06,624000,11.499
2026/04/29 15:46:06,625000,11.496
2026/04/29 15:46:06,626000,11.493
2026/04/29 15:46:06,627000,11.501
2026/04/29 15:46:06,628000,11.504
2026/04/29 15:46:06,629000,11.501
2026/04/29 15:46:06,630000,11.499
2026/04/29 15:46:06,631000,11.496
2026/04/29 15:46:06,632000,11.499
2026/04/29 15:46:06,633000,11.499
2026/04/29 15:46:06,634000,11.501
2026/04/29 15:46:06,635000,11.499
2026/04/29 15:46:06,636000,11.501
2026/04/29 15:46:06,637000,11.501
2026/04/29 15:46:06,638000,11.496
2026/04/29 15:46:06,639000,11.501
2026/04/29 15:46:06,640000,11.499
2026/04/29 15:46:06,641000,11.501
2026/04/29 15:46:06,642000,11.504
2026/04/29 15:46:06,643000,11.499
2026/04/29 15:46:06,644000,11.499
2026/04/29 15:46:06,645000,11.501
2026/04/29 15:46:06,646000,11.501
2026/04/29 15:46:06,647000,11.504
2026/04/29 15:46:06,648000,11.501
2026/04/29 15:46:06,649000,11.493
2026/04/29 15:46:06,650000,11.504
2026/04/29 15:46:06,651000,11.504
2026/04/29 15:46:06,652000,11.499
2026/04/29 15:46:06,653000,11.501
2026/04/29 15:46:06,654000,11.499
2026/04/29 15:46:06,655000,11.496
2026/04/29 15:46:06,656000,11.504
2026/04/29 15:46:06,657000,11.501
2026/04/29 15:46:06,658000,11.501
2026/04/29 15:46:06,659000,11.493
2026/04/29 15:46:06,660000,11.499
2026/04/29 15:46:06,661000,11.501
2026/04/29 15:46:06,662000,11.499
2026/04/29 15:46:06,663000,11.501
2026/04/29 15:46:06,664000,11.496
2026/04/29 15:46:06,665000,11.499
2026/04/29 15:46:06,666000,11.501
2026/04/29 15:46:06,667000,11.496
2026/04/29 15:46:06,668000,11.501
2026/04/29 15:46:06,669000,11.493
2026/04/29 15:46:06,670000,11.501
2026/04/29 15:46:06,671000,11.501
2026/04/29 15:46:06,672000,11.496
2026/04/29 15:46:06,673000,11.496
2026/04/29 15:46:06,674000,11.504
2026/04/29 15:46:06,675000,11.490
2026/04/29 15:46:06,676000,11.501
2026/04/29 15:46:06,677000,11.501
2026/04/29 15:46:06,678000,11.499
2026/04/29 15:46:06,679000,11.496
2026/04/29 15:46:06,680000,11.501
2026/04/29 15:46:06,681000,11.499
2026/04/29 15:46:06,682000,11.499
2026/04/29 15:46:06,683000,11.496
2026/04/29 15:46:06,684000,11.501
2026/04/29 15:46:06,685000,11.496
2026/04/29 15:46:06,686000,11.493
2026/04/29 15:46:06,687000,11.496
2026/04/29 15:46:06,688000,11.504
2026/04/29 15:46:06,689000,11.496
2026/04/29 15:46:06,690000,11.493
2026/04/29 15:46:06,691000,11.504
2026/04/29 15:46:06,692000,11.496
2026/04/29 15:46:06,693000,11.496
2026/04/29 15:46:06,694000,11.501
2026/04/29 15:46:06,695000,11.496
2026/04/29 15:46:06,696000,11.499
2026/04/29 15:46:06,697000,11.501
2026/04/29 15:46:06,698000,11.501
2026/04/29 15:46:06,699000,11.496
2026/04/29 15:46:06,700000,11.501
2026/04/29 15:46:06,701000,11.496
2026/04/29 15:46:06,702000,11.499
2026/04/29 15:46:06,703000,11.496
2026/04/29 15:46:06,704000,11.501
2026/04/29 15:46:06,705000,11.499
2026/04/29 15:46:06,706000,11.499
2026/04/29 15:46:06,707000,11.496
2026/04/29 15:46:06,708000,11.504
2026/04/29 15:46:06,709000,11.493
2026/04/29 15:46:06,710000,11.493
2026/04/29 15:46:06,711000,11.504
2026/04/29 15:46:06,712000,11.499
2026/04/29 15:46:06,713000,11.501
2026/04/29 15:46:06,714000,11.496
2026/04/29 15:46:06,715000,11.504
2026/04/29 15:46:06,716000,11.501
2026/04/29 15:46:06,717000,11.504
2026/04/29 15:46:06,718000,11.499
2026/04/29 15:46:06,719000,11.493
2026/04/29 15:46:06,720000,11.501
2026/04/29 15:46:06,721000,11.499
2026/04/29 15:46:06,722000,11.493
2026/04/29 15:46:06,723000,11.501
2026/04/29 15:46:06,724000,11.504
2026/04/29 15:46:06,725000,11.501
2026/04/29 15:46:06,726000,11.496
2026/04/29 15:46:06,727000,11.499
2026/04/29 15:46:06,728000,11.501
2026/04/29 15:46:06,729000,11.499
2026/04/29 15:46:06,730000,11.499
2026/04/29 15:46:06,731000,11.493
2026/04/29 15:46:06,732000,11.496
2026/04/29 15:46:06,733000,11.496
2026/04/29 15:46:06,734000,11.496
2026/04/29 15:46:06,735000,11.499
2026/04/29 15:46:06,736000,11.493
2026/04/29 15:46:06,737000,11.504
2026/04/29 15:46:06,738000,11.499
2026/04/29 15:46:06,739000,11.499
2026/04/29 15:46:06,740000,11.493
2026/04/29 15:46:06,741000,11.496
2026/04/29 15:46:06,742000,11.501
2026/04/29 15:46:06,743000,11.493
2026/04/29 15:46:06,744000,11.496
2026/04/29 15:46:06,745000,11.501
2026/04/29 15:46:06,746000,11.499
2026/04/29 15:46:06,747000,11.501
2026/04/29 15:46:06,748000,11.499
2026/04/29 15:46:06,749000,11.490
2026/04/29 15:46:06,750000,11.493
2026/04/29 15:46:06,751000,11.499
2026/04/29 15:46:06,752000,11.493
2026/04/29 15:46:06,753000,11.499
2026/04/29 15:46:06,754000,11.499
2026/04/29 15:46:06,755000,11.510
2026/04/29 15:46:06,756000,11.504
2026/04/29 15:46:06,757000,11.496
2026/04/29 15:46:06,758000,11.504
2026/04/29 15:46:06,759000,11.493
2026/04/29 15:46:06,760000,11.493
2026/04/29 15:46:06,761000,11.499
2026/04/29 15:46:06,762000,11.493
2026/04/29 15:46:06,763000,11.501
2026/04/29 15:46:06,764000,11.499
2026/04/29 15:46:06,765000,11.493
2026/04/29 15:46:06,766000,11.499
2026/04/29 15:46:06,767000,11.499
2026/04/29 15:46:06,768000,11.499
2026/04/29 15:46:06,769000,11.501
2026/04/29 15:46:06,770000,11.499
2026/04/29 15:46:06,771000,11.501
2026/04/29 15:46:06,772000,11.496
2026/04/29 15:46:06,773000,11.496
2026/04/29 15:46:06,774000,11.499
2026/04/29 15:46:06,775000,11.507
2026/04/29 15:46:06,776000,11.499
2026/04/29 15:46:06,777000,11.493
2026/04/29 15:46:06,778000,11.499
2026/04/29 15:46:06,779000,11.501
2026/04/29 15:46:06,780000,11.501
2026/04/29 15:46:06,781000,11.504
2026/04/29 15:46:06,782000,11.493
2026/04/29 15:46:06,783000,11.493
2026/04/29 15:46:06,784000,11.501
2026/04/29 15:46:06,785000,11.496
2026/04/29 15:46:06,786000,11.493
2026/04/29 15:46:06,787000,11.501
2026/04/29 15:46:06,788000,11.501
2026/04/29 15:46:06,789000,11.499
2026/04/29 15:46:06,790000,11.496
2026/04/29 15:46:06,791000,11.499
2026/04/29 15:46:06,792000,11.493
2026/04/29 15:46:06,793000,11.504
2026/04/29 15:46:06,794000,11.499
2026/04/29 15:46:06,795000,11.496
2026/04/29 15:46:06,796000,11.490
2026/04/29 15:46:06,797000,11.499
2026/04/29 15:46:06,798000,11.499
2026/04/29 15:46:06,799000,11.501
2026/04/29 15:46:06,800000,11.496
2026/04/29 15:46:06,801000,11.499
2026/04/29 15:46:06,802000,11.499
2026/04/29 15:46:06,803000,11.499
2026/04/29 15:46:06,804000,11.501
2026/04/29 15:46:06,805000,11.493
2026/04/29 15:46:06,806000,11.499
2026/04/29 15:46:06,807000,11.501
2026/04/29 15:46:06,808000,11.496
2026/04/29 15:46:06,809000,11.504
2026/04/29 15:46:06,810000,11.496
2026/04/29 15:46:06,811000,11.499
2026/04/29 15:46:06,812000,11.493
2026/04/29 15:46:06,813000,11.499
2026/04/29 15:46:06,814000,11.493
2026/04/29 15:46:06,815000,11.493
2026/04/29 15:46:06,816000,11.501
2026/04/29 15:46:06,817000,11.499
2026/04/29 15:46:06,818000,11.493
2026/04/29 15:46:06,819000,11.499
2026/04/29 15:46:06,820000,11.490
2026/04/29 15:46:06,821000,11.493
2026/04/29 15:46:06,822000,11.499
2026/04/29 15:46:06,823000,11.501
2026/04/29 15:46:06,824000,11.501
2026/04/29 15:46:06,825000,11.499
2026/04/29 15:46:06,826000,11.499
2026/04/29 15:46:06,827000,11.499
2026/04/29 15:46:06,828000,11.504
2026/04/29 15:46:06,829000,11.501
2026/04/29 15:46:06,830000,11.499
2026/04/29 15:46:06,831000,11.501
2026/04/29 15:46:06,832000,11.490
2026/04/29 15:46:06,833000,11.496
2026/04/29 15:46:06,834000,11.493
2026/04/29 15:46:06,835000,11.501
2026/04/29 15:46:06,836000,11.496
2026/04/29 15:46:06,837000,11.499
2026/04/29 15:46:06,838000,11.493
2026/04/29 15:46:06,839000,11.501
2026/04/29 15:46:06,840000,11.504
2026/04/29 15:46:06,841000,11.507
2026/04/29 15:46:06,842000,11.501
2026/04/29 15:46:06,843000,11.490
2026/04/29 15:46:06,844000,11.504
2026/04/29 15:46:06,845000,11.499
2026/04/29 15:46:06,846000,11.499
2026/04/29 15:46:06,847000,11.499
2026/04/29 15:46:06,848000,11.496
2026/04/29 15:46:06,849000,11.499
2026/04/29 15:46:06,850000,11.501
2026/04/29 15:46:06,851000,11.499
2026/04/29 15:46:06,852000,11.501
2026/04/29 15:46:06,853000,11.499
2026/04/29 15:46:06,854000,11.499
2026/04/29 15:46:06,855000,11.493
2026/04/29 15:46:06,856000,11.499
2026/04/29 15:46:06,857000,11.501
2026/04/29 15:46:06,858000,11.504
2026/04/29 15:46:06,859000,11.501
2026/04/29 15:46:06,860000,11.501
2026/04/29 15:46:06,861000,11.501
2026/04/29 15:46:06,862000,11.496
2026/04/29 15:46:06,863000,11.496
2026/04/29 15:46:06,864000,11.504
2026/04/29 15:46:06,865000,11.499
2026/04/29 15:46:06,866000,11.493
2026/04/29 15:46:06,867000,11.496
2026/04/29 15:46:06,868000,11.501
2026/04/29 15:46:06,869000,11.496
2026/04/29 15:46:06,870000,11.501
2026/04/29 15:46:06,871000,11.496
2026/04/29 15:46:06,872000,11.499
2026/04/29 15:46:06,873000,11.499
2026/04/29 15:46:06,874000,11.493
2026/04/29 15:46:06,875000,11.499
2026/04/29 15:46:06,876000,11.499
2026/04/29 15:46:06,877000,11.501
2026/04/29 15:46:06,878000,11.501
2026/04/29 15:46:06,879000,11.499
2026/04/29 15:46:06,880000,11.493
2026/04/29 15:46:06,881000,11.499
2026/04/29 15:46:06,882000,11.499
2026/04/29 15:46:06,883000,11.499
2026/04/29 15:46:06,884000,11.499
2026/04/29 15:46:06,885000,11.499
2026/04/29 15:46:06,886000,11.493
2026/04/29 15:46:06,887000,11.499
2026/04/29 15:46:06,888000,11.499
2026/04/29 15:46:06,889000,11.501
2026/04/29 15:46:06,890000,11.496
2026/04/29 15:46:06,891000,11.501
2026/04/29 15:46:06,892000,11.499
2026/04/29 15:46:06,893000,11.499
2026/04/29 15:46:06,894000,11.501
2026/04/29 15:46:06,895000,11.501
2026/04/29 15:46:06,896000,11.499
2026/04/29 15:46:06,897000,11.496
2026/04/29 15:46:06,898000,11.499
2026/04/29 15:46:06,899000,11.493
2026/04/29 15:46:06,900000,11.496
2026/04/29 15:46:06,901000,11.499
2026/04/29 15:46:06,902000,11.493
2026/04/29 15:46:06,903000,11.501
2026/04/29 15:46:06,904000,11.504
2026/04/29 15:46:06,905000,11.499
2026/04/29 15:46:06,906000,11.507
2026/04/29 15:46:06,907000,11.501
2026/04/29 15:46:06,908000,11.504
2026/04/29 15:46:06,909000,11.499
2026/04/29 15:46:06,910000,11.496
2026/04/29 15:46:06,911000,11.499
2026/04/29 15:46:06,912000,11.504
2026/04/29 15:46:06,913000,11.504
2026/04/29 15:46:06,914000,11.490
2026/04/29 15:46:06,915000,11.501
2026/04/29 15:46:06,916000,11.496
2026/04/29 15:46:06,917000,11.504
2026/04/29 15:46:06,918000,11.501
2026/04/29 15:46:06,919000,11.499
2026/04/29 15:46:06,920000,11.499
2026/04/29 15:46:06,921000,11.499
2026/04/29 15:46:06,922000,11.501
2026/04/29 15:46:06,923000,11.496
2026/04/29 15:46:06,924000,11.490
2026/04/29 15:46:06,925000,11.493
2026/04/29 15:46:06,926000,11.493
2026/04/29 15:46:06,927000,11.499
2026/04/29 15:46:06,928000,11.499
2026/04/29 15:46:06,929000,11.501
2026/04/29 15:46:06,930000,11.496
2026/04/29 15:46:06,931000,11.499
2026/04/29 15:46:06,932000,11.499
2026/04/29 15:46:06,933000,11.493
2026/04/29 15:46:06,934000,11.504
2026/04/29 15:46:06,935000,11.510
2026/04/29 15:46:06,936000,11.493
2026/04/29 15:46:06,937000,11.496
2026/04/29 15:46:06,938000,11.499
2026/04/29 15:46:06,939000,11.496
2026/04/29 15:46:06,940000,11.499
2026/04/29 15:46:06,941000,11.499
2026/04/29 15:46:06,942000,11.499
2026/04/29 15:46:06,943000,11.499
2026/04/29 15:46:06,944000,11.499
2026/04/29 15:46:06,945000,11.501
2026/04/29 15:46:06,946000,11.493
2026/04/29 15:46:06,947000,11.499
2026/04/29 15:46:06,948000,11.501
2026/04/29 15:46:06,949000,11.493
2026/04/29 15:46:06,950000,11.499
2026/04/29 15:46:06,951000,11.493
2026/04/29 15:46:06,952000,11.501
2026/04/29 15:46:06,953000,11.493
2026/04/29 15:46:06,954000,11.501
2026/04/29 15:46:06,955000,11.499
2026/04/29 15:46:06,956000,11.496
2026/04/29 15:46:06,957000,11.499
2026/04/29 15:46:06,958000,11.501
2026/04/29 15:46:06,959000,11.499
2026/04/29 15:46:06,960000,11.493
2026/04/29 15:46:06,961000,11.496
2026/04/29 15:46:06,962000,11.501
2026/04/29 15:46:06,963000,11.501
2026/04/29 15:46:06,964000,11.499
2026/04/29 15:46:06,965000,11.501
2026/04/29 15:46:06,966000,11.501
2026/04/29 15:46:06,967000,11.496
2026/04/29 15:46:06,968000,11.499
2026/04/29 15:46:06,969000,11.501
2026/04/29 15:46:06,970000,11.504
2026/04/29 15:46:06,971000,11.501
2026/04/29 15:46:06,972000,11.499
2026/04/29 15:46:06,973000,11.499
2026/04/29 15:46:06,974000,11.507
2026/04/29 15:46:06,975000,11.504
2026/04/29 15:46:06,976000,11.501
2026/04/29 15:46:06,977000,11.496
2026/04/29 15:46:06,978000,11.504
2026/04/29 15:46:06,979000,11.501
2026/04/29 15:46:06,980000,11.501
2026/04/29 15:46:06,981000,11.493
2026/04/29 15:46:06,982000,11.493
2026/04/29 15:46:06,983000,11.493
2026/04/29 15:46:06,984000,11.499
2026/04/29 15:46:06,985000,11.501
2026/04/29 15:46:06,986000,11.499
2026/04/29 15:46:06,987000,11.501
2026/04/29 15:46:06,988000,11.501
2026/04/29 15:46:06,989000,11.499
2026/04/29 15:46:06,990000,11.501
2026/04/29 15:46:06,991000,11.493
2026/04/29 15:46:06,992000,11.490
2026/04/29 15:46:06,993000,11.496
2026/04/29 15:46:06,994000,11.499
2026/04/29 15:46:06,995000,11.496
2026/04/29 15:46:06,996000,11.501
2026/04/29 15:46:06,997000,11.499
2026/04/29 15:46:06,998000,11.501
2026/04/29 15:46:06,999000,11.496
2026/04/29 15:46:07,000000,11.499
2026/04/29 15:46:07,001000,11.496
2026/04/29 15:46:07,002000,11.499
2026/04/29 15:46:07,003000,11.501
2026/04/29 15:46:07,004000,11.501
2026/04/29 15:46:07,005000,11.501
2026/04/29 15:46:07,006000,11.493
2026/04/29 15:46:07,007000,11.490
2026/04/29 15:46:07,008000,11.493
2026/04/29 15:46:07,009000,11.501
2026/04/29 15:46:07,010000,11.501
2026/04/29 15:46:07,011000,11.499
2026/04/29 15:46:07,012000,11.499
2026/04/29 15:46:07,013000,11.501
2026/04/29 15:46:07,014000,11.499
2026/04/29 15:46:07,015000,11.501
2026/04/29 15:46:07,016000,11.499
2026/04/29 15:46:07,017000,11.501
2026/04/29 15:46:07,018000,11.496
2026/04/29 15:46:07,019000,11.499
2026/04/29 15:46:07,020000,11.496
2026/04/29 15:46:07,021000,11.496
2026/04/29 15:46:07,022000,11.499
2026/04/29 15:46:07,023000,11.493
2026/04/29 15:46:07,024000,11.501
2026/04/29 15:46:07,025000,11.499
2026/04/29 15:46:07,026000,11.496
2026/04/29 15:46:07,027000,11.504
2026/04/29 15:46:07,028000,11.499
2026/04/29 15:46:07,029000,11.501
2026/04/29 15:46:07,030000,11.499
2026/04/29 15:46:07,031000,11.499
2026/04/29 15:46:07,032000,11.501
2026/04/29 15:46:07,033000,11.499
2026/04/29 15:46:07,034000,11.493
2026/04/29 15:46:07,035000,11.504
2026/04/29 15:46:07,036000,11.496
2026/04/29 15:46:07,037000,11.501
2026/04/29 15:46:07,038000,11.499
2026/04/29 15:46:07,039000,11.501
2026/04/29 15:46:07,040000,11.501
2026/04/29 15:46:07,041000,11.501
2026/04/29 15:46:07,042000,11.496
2026/04/29 15:46:07,043000,11.501
2026/04/29 15:46:07,044000,11.501
2026/04/29 15:46:07,045000,11.504
2026/04/29 15:46:07,046000,11.493
2026/04/29 15:46:07,047000,11.496
2026/04/29 15:46:07,048000,11.496
2026/04/29 15:46:07,049000,11.501
2026/04/29 15:46:07,050000,11.501
2026/04/29 15:46:07,051000,11.499
2026/04/29 15:46:07,052000,11.501
2026/04/29 15:46:07,053000,11.496
2026/04/29 15:46:07,054000,11.496
2026/04/29 15:46:07,055000,11.501
2026/04/29 15:46:07,056000,11.499
2026/04/29 15:46:07,057000,11.499
2026/04/29 15:46:07,058000,11.501
2026/04/29 15:46:07,059000,11.496
2026/04/29 15:46:07,060000,11.501
2026/04/29 15:46:07,061000,11.504
2026/04/29 15:46:07,062000,11.501
2026/04/29 15:46:07,063000,11.499
2026/04/29 15:46:07,064000,11.504
2026/04/29 15:46:07,065000,11.501
2026/04/29 15:46:07,066000,11.496
2026/04/29 15:46:07,067000,11.501
2026/04/29 15:46:07,068000,11.501
2026/04/29 15:46:07,069000,11.504
2026/04/29 15:46:07,070000,11.501
2026/04/29 15:46:07,071000,11.496
2026/04/29 15:46:07,072000,11.493
2026/04/29 15:46:07,073000,11.496
2026/04/29 15:46:07,074000,11.499
2026/04/29 15:46:07,075000,11.501
2026/04/29 15:46:07,076000,11.496
2026/04/29 15:46:07,077000,11.501
2026/04/29 15:46:07,078000,11.493
2026/04/29 15:46:07,079000,11.499
2026/04/29 15:46:07,080000,11.501
2026/04/29 15:46:07,081000,11.501
2026/04/29 15:46:07,082000,11.496
2026/04/29 15:46:07,083000,11.501
2026/04/29 15:46:07,084000,11.493
2026/04/29 15:46:07,085000,11.504
2026/04/29 15:46:07,086000,11.501
2026/04/29 15:46:07,087000,11.501
2026/04/29 15:46:07,088000,11.504
2026/04/29 15:46:07,089000,11.499
2026/04/29 15:46:07,090000,11.499
2026/04/29 15:46:07,091000,11.496
2026/04/29 15:46:07,092000,11.501
2026/04/29 15:46:07,093000,11.501
2026/04/29 15:46:07,094000,11.501
2026/04/29 15:46:07,095000,11.501
2026/04/29 15:46:07,096000,11.504
2026/04/29 15:46:07,097000,11.493
2026/04/29 15:46:07,098000,11.496
2026/04/29 15:46:07,099000,11.510
2026/04/29 15:46:07,100000,11.499
2026/04/29 15:46:07,101000,11.499
2026/04/29 15:46:07,102000,11.499
2026/04/29 15:46:07,103000,11.496
2026/04/29 15:46:07,104000,11.499
2026/04/29 15:46:07,105000,11.499
2026/04/29 15:46:07,106000,11.496
2026/04/29 15:46:07,107000,11.504
2026/04/29 15:46:07,108000,11.499
2026/04/29 15:46:07,109000,11.499
2026/04/29 15:46:07,110000,11.493
2026/04/29 15:46:07,111000,11.493
2026/04/29 15:46:07,112000,11.504
2026/04/29 15:46:07,113000,11.501
2026/04/29 15:46:07,114000,11.499
2026/04/29 15:46:07,115000,11.499
2026/04/29 15:46:07,116000,11.499
2026/04/29 15:46:07,117000,11.499
2026/04/29 15:46:07,118000,11.496
2026/04/29 15:46:07,119000,11.496
2026/04/29 15:46:07,120000,11.501
2026/04/29 15:46:07,121000,11.499
2026/04/29 15:46:07,122000,11.499
2026/04/29 15:46:07,123000,11.493
2026/04/29 15:46:07,124000,11.493
2026/04/29 15:46:07,125000,11.499
2026/04/29 15:46:07,126000,11.501
2026/04/29 15:46:07,127000,11.496
2026/04/29 15:46:07,128000,11.499
2026/04/29 15:46:07,129000,11.493
2026/04/29 15:46:07,130000,11.499
2026/04/29 15:46:07,131000,11.496
2026/04/29 15:46:07,132000,11.493
2026/04/29 15:46:07,133000,11.499
2026/04/29 15:46:07,134000,11.501
2026/04/29 15:46:07,135000,11.496
2026/04/29 15:46:07,136000,11.504
2026/04/29 15:46:07,137000,11.501
2026/04/29 15:46:07,138000,11.499
2026/04/29 15:46:07,139000,11.504
2026/04/29 15:46:07,140000,11.499
2026/04/29 15:46:07,141000,11.493
2026/04/29 15:46:07,142000,11.493
2026/04/29 15:46:07,143000,11.501
2026/04/29 15:46:07,144000,11.499
2026/04/29 15:46:07,145000,11.504
2026/04/29 15:46:07,146000,11.493
2026/04/29 15:46:07,147000,11.504
2026/04/29 15:46:07,148000,11.501
2026/04/29 15:46:07,149000,11.499
2026/04/29 15:46:07,150000,11.499
2026/04/29 15:46:07,151000,11.493
2026/04/29 15:46:07,152000,11.499
2026/04/29 15:46:07,153000,11.504
2026/04/29 15:46:07,154000,11.493
2026/04/29 15:46:07,155000,11.499
2026/04/29 15:46:07,156000,11.496
2026/04/29 15:46:07,157000,11.496
2026/04/29 15:46:07,158000,11.499
2026/04/29 15:46:07,159000,11.499
2026/04/29 15:46:07,160000,11.496
2026/04/29 15:46:07,161000,11.501
2026/04/29 15:46:07,162000,11.504
2026/04/29 15:46:07,163000,11.499
2026/04/29 15:46:07,164000,11.504
2026/04/29 15:46:07,165000,11.496
2026/04/29 15:46:07,166000,11.499
2026/04/29 15:46:07,167000,11.499
2026/04/29 15:46:07,168000,11.499
2026/04/29 15:46:07,169000,11.499
2026/04/29 15:46:07,170000,11.493
2026/04/29 15:46:07,171000,11.493
2026/04/29 15:46:07,172000,11.501
2026/04/29 15:46:07,173000,11.496
2026/04/29 15:46:07,174000,11.499
2026/04/29 15:46:07,175000,11.499
2026/04/29 15:46:07,176000,11.501
2026/04/29 15:46:07,177000,11.499
2026/04/29 15:46:07,178000,11.499
2026/04/29 15:46:07,179000,11.501
2026/04/29 15:46:07,180000,11.499
2026/04/29 15:46:07,181000,11.499
2026/04/29 15:46:07,182000,11.501
2026/04/29 15:46:07,183000,11.493
2026/04/29 15:46:07,184000,11.499
2026/04/29 15:46:07,185000,11.496
2026/04/29 15:46:07,186000,11.501
2026/04/29 15:46:07,187000,11.504
2026/04/29 15:46:07,188000,11.499
2026/04/29 15:46:07,189000,11.496
2026/04/29 15:46:07,190000,11.485
2026/04/29 15:46:07,191000,11.504
2026/04/29 15:46:07,192000,11.493
2026/04/29 15:46:07,193000,11.504
2026/04/29 15:46:07,194000,11.496
2026/04/29 15:46:07,195000,11.496
2026/04/29 15:46:07,196000,11.499
2026/04/29 15:46:07,197000,11.493
2026/04/29 15:46:07,198000,11.501
2026/04/29 15:46:07,199000,11.499
2026/04/29 15:46:07,200000,11.501
2026/04/29 15:46:07,201000,11.504
2026/04/29 15:46:07,202000,11.499
2026/04/29 15:46:07,203000,11.496
2026/04/29 15:46:07,204000,11.501
2026/04/29 15:46:07,205000,11.501
2026/04/29 15:46:07,206000,11.499
2026/04/29 15:46:07,207000,11.499
2026/04/29 15:46:07,208000,11.499
2026/04/29 15:46:07,209000,11.501
2026/04/29 15:46:07,210000,11.496
2026/04/29 15:46:07,211000,11.499
2026/04/29 15:46:07,212000,11.501
2026/04/29 15:46:07,213000,11.499
2026/04/29 15:46:07,214000,11.499
2026/04/29 15:46:07,215000,11.501
2026/04/29 15:46:07,216000,11.499
2026/04/29 15:46:07,217000,11.493
2026/04/29 15:46:07,218000,11.493
2026/04/29 15:46:07,219000,11.504
2026/04/29 15:46:07,220000,11.499
2026/04/29 15:46:07,221000,11.496
2026/04/29 15:46:07,222000,11.501
2026/04/29 15:46:07,223000,11.499
2026/04/29 15:46:07,224000,11.501
2026/04/29 15:46:07,225000,11.499
2026/04/29 15:46:07,226000,11.504
2026/04/29 15:46:07,227000,11.493
2026/04/29 15:46:07,228000,11.496
2026/04/29 15:46:07,229000,11.496
2026/04/29 15:46:07,230000,11.493
2026/04/29 15:46:07,231000,11.501
2026/04/29 15:46:07,232000,11.496
2026/04/29 15:46:07,233000,11.501
2026/04/29 15:46:07,234000,11.499
2026/04/29 15:46:07,235000,11.499
2026/04/29 15:46:07,236000,11.499
2026/04/29 15:46:07,237000,11.499
2026/04/29 15:46:07,238000,11.501
2026/04/29 15:46:07,239000,11.493
2026/04/29 15:46:07,240000,11.496
2026/04/29 15:46:07,241000,11.496
2026/04/29 15:46:07,242000,11.499
2026/04/29 15:46:07,243000,11.501
2026/04/29 15:46:07,244000,11.496
2026/04/29 15:46:07,245000,11.496
2026/04/29 15:46:07,246000,11.499
2026/04/29 15:46:07,247000,11.499
2026/04/29 15:46:07,248000,11.493
2026/04/29 15:46:07,249000,11.493
2026/04/29 15:46:07,250000,11.501
2026/04/29 15:46:07,251000,11.501
2026/04/29 15:46:07,252000,11.499
2026/04/29 15:46:07,253000,11.499
2026/04/29 15:46:07,254000,11.504
2026/04/29 15:46:07,255000,11.499
2026/04/29 15:46:07,256000,11.493
2026/04/29 15:46:07,257000,11.499
2026/04/29 15:46:07,258000,11.501
2026/04/29 15:46:07,259000,11.496
2026/04/29 15:46:07,260000,11.499
2026/04/29 15:46:07,261000,11.501
2026/04/29 15:46:07,262000,11.496
2026/04/29 15:46:07,263000,11.496
2026/04/29 15:46:07,264000,11.499
2026/04/29 15:46:07,265000,11.501
2026/04/29 15:46:07,266000,11.504
2026/04/29 15:46:07,267000,11.496
2026/04/29 15:46:07,268000,11.501
2026/04/29 15:46:07,269000,11.501
2026/04/29 15:46:07,270000,11.499
2026/04/29 15:46:07,271000,11.496
2026/04/29 15:46:07,272000,11.493
2026/04/29 15:46:07,273000,11.496
2026/04/29 15:46:07,274000,11.496
2026/04/29 15:46:07,275000,11.501
2026/04/29 15:46:07,276000,11.501
2026/04/29 15:46:07,277000,11.496
2026/04/29 15:46:07,278000,11.496
2026/04/29 15:46:07,279000,11.499
2026/04/29 15:46:07,280000,11.501
2026/04/29 15:46:07,281000,11.501
2026/04/29 15:46:07,282000,11.504
2026/04/29 15:46:07,283000,11.496
2026/04/29 15:46:07,284000,11.499
2026/04/29 15:46:07,285000,11.496
2026/04/29 15:46:07,286000,11.501
2026/04/29 15:46:07,287000,11.501
2026/04/29 15:46:07,288000,11.487
2026/04/29 15:46:07,289000,11.499
2026/04/29 15:46:07,290000,11.501
2026/04/29 15:46:07,291000,11.501
2026/04/29 15:46:07,292000,11.499
2026/04/29 15:46:07,293000,11.504
2026/04/29 15:46:07,294000,11.499
2026/04/29 15:46:07,295000,11.499
2026/04/29 15:46:07,296000,11.496
2026/04/29 15:46:07,297000,11.501
2026/04/29 15:46:07,298000,11.499
2026/04/29 15:46:07,299000,11.496
2026/04/29 15:46:07,300000,11.499
2026/04/29 15:46:07,301000,11.501
2026/04/29 15:46:07,302000,11.501
2026/04/29 15:46:07,303000,11.493
2026/04/29 15:46:07,304000,11.496
2026/04/29 15:46:07,305000,11.499
2026/04/29 15:46:07,306000,11.501
2026/04/29 15:46:07,307000,11.496
2026/04/29 15:46:07,308000,11.496
2026/04/29 15:46:07,309000,11.496
2026/04/29 15:46:07,310000,11.496
2026/04/29 15:46:07,311000,11.499
2026/04/29 15:46:07,312000,11.501
2026/04/29 15:46:07,313000,11.504
2026/04/29 15:46:07,314000,11.493
2026/04/29 15:46:07,315000,11.496
2026/04/29 15:46:07,316000,11.499
2026/04/29 15:46:07,317000,11.501
2026/04/29 15:46:07,318000,11.496
2026/04/29 15:46:07,319000,11.501
2026/04/29 15:46:07,320000,11.496
2026/04/29 15:46:07,321000,11.490
2026/04/29 15:46:07,322000,11.501
2026/04/29 15:46:07,323000,11.499
2026/04/29 15:46:07,324000,11.499
2026/04/29 15:46:07,325000,11.496
2026/04/29 15:46:07,326000,11.496
2026/04/29 15:46:07,327000,11.501
2026/04/29 15:46:07,328000,11.499
2026/04/29 15:46:07,329000,11.496
2026/04/29 15:46:07,330000,11.499
2026/04/29 15:46:07,331000,11.501
2026/04/29 15:46:07,332000,11.501
2026/04/29 15:46:07,333000,11.493
2026/04/29 15:46:07,334000,11.496
2026/04/29 15:46:07,335000,11.501
2026/04/29 15:46:07,336000,11.485
2026/04/29 15:46:07,337000,11.499
2026/04/29 15:46:07,338000,11.496
2026/04/29 15:46:07,339000,11.499
2026/04/29 15:46:07,340000,11.499
2026/04/29 15:46:07,341000,11.499
2026/04/29 15:46:07,342000,11.493
2026/04/29 15:46:07,343000,11.496
2026/04/29 15:46:07,344000,11.493
2026/04/29 15:46:07,345000,11.501
2026/04/29 15:46:07,346000,11.501
2026/04/29 15:46:07,347000,11.499
2026/04/29 15:46:07,348000,11.496
2026/04/29 15:46:07,349000,11.501
2026/04/29 15:46:07,350000,11.504
2026/04/29 15:46:07,351000,11.493
2026/04/29 15:46:07,352000,11.496
2026/04/29 15:46:07,353000,11.501
2026/04/29 15:46:07,354000,11.496
2026/04/29 15:46:07,355000,11.499
2026/04/29 15:46:07,356000,11.493
2026/04/29 15:46:07,357000,11.499
2026/04/29 15:46:07,358000,11.493
2026/04/29 15:46:07,359000,11.501
2026/04/29 15:46:07,360000,11.496
2026/04/29 15:46:07,361000,11.490
2026/04/29 15:46:07,362000,11.499
2026/04/29 15:46:07,363000,11.501
2026/04/29 15:46:07,364000,11.499
2026/04/29 15:46:07,365000,11.501
2026/04/29 15:46:07,366000,11.499
2026/04/29 15:46:07,367000,11.496
2026/04/29 15:46:07,368000,11.499
2026/04/29 15:46:07,369000,11.499
2026/04/29 15:46:07,370000,11.493
2026/04/29 15:46:07,371000,11.501
2026/04/29 15:46:07,372000,11.504
2026/04/29 15:46:07,373000,11.504
2026/04/29 15:46:07,374000,11.499
2026/04/29 15:46:07,375000,11.501
2026/04/29 15:46:07,376000,11.501
2026/04/29 15:46:07,377000,11.501
2026/04/29 15:46:07,378000,11.504
2026/04/29 15:46:07,379000,11.499
2026/04/29 15:46:07,380000,11.504
2026/04/29 15:46:07,381000,11.493
2026/04/29 15:46:07,382000,11.493
2026/04/29 15:46:07,383000,11.496
2026/04/29 15:46:07,384000,11.496
2026/04/29 15:46:07,385000,11.496
2026/04/29 15:46:07,386000,11.504
2026/04/29 15:46:07,387000,11.499
2026/04/29 15:46:07,388000,11.496
2026/04/29 15:46:07,389000,11.501
2026/04/29 15:46:07,390000,11.496
2026/04/29 15:46:07,391000,11.499
2026/04/29 15:46:07,392000,11.499
2026/04/29 15:46:07,393000,11.496
2026/04/29 15:46:07,394000,11.499
2026/04/29 15:46:07,395000,11.499
2026/04/29 15:46:07,396000,11.499
2026/04/29 15:46:07,397000,11.501
2026/04/29 15:46:07,398000,11.504
2026/04/29 15:46:07,399000,11.501
2026/04/29 15:46:07,400000,11.499
2026/04/29 15:46:07,401000,11.499
2026/04/29 15:46:07,402000,11.499
2026/04/29 15:46:07,403000,11.499
2026/04/29 15:46:07,404000,11.501
2026/04/29 15:46:07,405000,11.499
2026/04/29 15:46:07,406000,11.499
2026/04/29 15:46:07,407000,11.499
2026/04/29 15:46:07,408000,11.499
2026/04/29 15:46:07,409000,11.499
2026/04/29 15:46:07,410000,11.501
2026/04/29 15:46:07,411000,11.501
2026/04/29 15:46:07,412000,11.499
2026/04/29 15:46:07,413000,11.496
2026/04/29 15:46:07,414000,11.499
2026/04/29 15:46:07,415000,11.493
2026/04/29 15:46:07,416000,11.501
2026/04/29 15:46:07,417000,11.496
2026/04/29 15:46:07,418000,11.496
2026/04/29 15:46:07,419000,11.493
2026/04/29 15:46:07,420000,11.496
2026/04/29 15:46:07,421000,11.499
2026/04/29 15:46:07,422000,11.501
2026/04/29 15:46:07,423000,11.496
2026/04/29 15:46:07,424000,11.513
2026/04/29 15:46:07,425000,11.493
2026/04/29 15:46:07,426000,11.499
2026/04/29 15:46:07,427000,11.501
2026/04/29 15:46:07,428000,11.499
2026/04/29 15:46:07,429000,11.501
2026/04/29 15:46:07,430000,11.496
2026/04/29 15:46:07,431000,11.496
2026/04/29 15:46:07,432000,11.501
2026/04/29 15:46:07,433000,11.499
2026/04/29 15:46:07,434000,11.493
2026/04/29 15:46:07,435000,11.501
2026/04/29 15:46:07,436000,11.501
2026/04/29 15:46:07,437000,11.501
2026/04/29 15:46:07,438000,11.501
2026/04/29 15:46:07,439000,11.501
2026/04/29 15:46:07,440000,11.499
2026/04/29 15:46:07,441000,11.493
2026/04/29 15:46:07,442000,11.499
2026/04/29 15:46:07,443000,11.499
2026/04/29 15:46:07,444000,11.493
2026/04/29 15:46:07,445000,11.499
2026/04/29 15:46:07,446000,11.501
2026/04/29 15:46:07,447000,11.496
2026/04/29 15:46:07,448000,11.501
2026/04/29 15:46:07,449000,11.501
2026/04/29 15:46:07,450000,11.504
2026/04/29 15:46:07,451000,11.496
2026/04/29 15:46:07,452000,11.499
2026/04/29 15:46:07,453000,11.496
2026/04/29 15:46:07,454000,11.496
2026/04/29 15:46:07,455000,11.499
2026/04/29 15:46:07,456000,11.501
2026/04/29 15:46:07,457000,11.496
2026/04/29 15:46:07,458000,11.496
2026/04/29 15:46:07,459000,11.504
2026/04/29 15:46:07,460000,11.499
2026/04/29 15:46:07,461000,11.499
2026/04/29 15:46:07,462000,11.499
2026/04/29 15:46:07,463000,11.496
2026/04/29 15:46:07,464000,11.504
2026/04/29 15:46:07,465000,11.504
2026/04/29 15:46:07,466000,11.501
2026/04/29 15:46:07,467000,11.496
2026/04/29 15:46:07,468000,11.499
2026/04/29 15:46:07,469000,11.501
2026/04/29 15:46:07,470000,11.501
2026/04/29 15:46:07,471000,11.507
2026/04/29 15:46:07,472000,11.504
2026/04/29 15:46:07,473000,11.501
2026/04/29 15:46:07,474000,11.501
2026/04/29 15:46:07,475000,11.501
2026/04/29 15:46:07,476000,11.501
2026/04/29 15:46:07,477000,11.501
2026/04/29 15:46:07,478000,11.501
2026/04/29 15:46:07,479000,11.501
2026/04/29 15:46:07,480000,11.499
2026/04/29 15:46:07,481000,11.487
2026/04/29 15:46:07,482000,11.501
2026/04/29 15:46:07,483000,11.493
2026/04/29 15:46:07,484000,11.499
2026/04/29 15:46:07,485000,11.493
2026/04/29 15:46:07,486000,11.501
2026/04/29 15:46:07,487000,11.499
2026/04/29 15:46:07,488000,11.504
2026/04/29 15:46:07,489000,11.499
2026/04/29 15:46:07,490000,11.499
2026/04/29 15:46:07,491000,11.501
2026/04/29 15:46:07,492000,11.504
2026/04/29 15:46:07,493000,11.499
2026/04/29 15:46:07,494000,11.504
2026/04/29 15:46:07,495000,11.499
2026/04/29 15:46:07,496000,11.496
2026/04/29 15:46:07,497000,11.487
2026/04/29 15:46:07,498000,11.496
2026/04/29 15:46:07,499000,11.496
2026/04/29 15:46:07,500000,11.499
2026/04/29 15:46:07,501000,11.501
2026/04/29 15:46:07,502000,11.507
2026/04/29 15:46:07,503000,11.501
2026/04/29 15:46:07,504000,11.499
2026/04/29 15:46:07,505000,11.504
2026/04/29 15:46:07,506000,11.499
2026/04/29 15:46:07,507000,11.501
2026/04/29 15:46:07,508000,11.496
2026/04/29 15:46:07,509000,11.499
2026/04/29 15:46:07,510000,11.504
2026/04/29 15:46:07,511000,11.499
2026/04/29 15:46:07,512000,11.501
2026/04/29 15:46:07,513000,11.493
2026/04/29 15:46:07,514000,11.501
2026/04/29 15:46:07,515000,11.499
2026/04/29 15:46:07,516000,11.504
2026/04/29 15:46:07,517000,11.499
2026/04/29 15:46:07,518000,11.499
2026/04/29 15:46:07,519000,11.499
2026/04/29 15:46:07,520000,11.493
2026/04/29 15:46:07,521000,11.499
2026/04/29 15:46:07,522000,11.499
2026/04/29 15:46:07,523000,11.510
2026/04/29 15:46:07,524000,11.493
2026/04/29 15:46:07,525000,11.499
2026/04/29 15:46:07,526000,11.501
2026/04/29 15:46:07,527000,11.493
2026/04/29 15:46:07,528000,11.499
2026/04/29 15:46:07,529000,11.501
2026/04/29 15:46:07,530000,11.507
2026/04/29 15:46:07,531000,11.499
2026/04/29 15:46:07,532000,11.501
2026/04/29 15:46:07,533000,11.501
2026/04/29 15:46:07,534000,11.504
2026/04/29 15:46:07,535000,11.501
2026/04/29 15:46:07,536000,11.499
2026/04/29 15:46:07,537000,11.504
2026/04/29 15:46:07,538000,11.510
2026/04/29 15:46:07,539000,11.493
2026/04/29 15:46:07,540000,11.501
2026/04/29 15:46:07,541000,11.507
2026/04/29 15:46:07,542000,11.515
2026/04/29 15:46:07,543000,11.501
2026/04/29 15:46:07,544000,11.499
2026/04/29 15:46:07,545000,11.501
2026/04/29 15:46:07,546000,11.496
2026/04/29 15:46:07,547000,11.501
2026/04/29 15:46:07,548000,11.493
2026/04/29 15:46:07,549000,11.493
2026/04/29 15:46:07,550000,11.501
2026/04/29 15:46:07,551000,11.496
2026/04/29 15:46:07,552000,11.499
2026/04/29 15:46:07,553000,11.499
2026/04/29 15:46:07,554000,11.501
2026/04/29 15:46:07,555000,11.499
2026/04/29 15:46:07,556000,11.501
2026/04/29 15:46:07,557000,11.501
2026/04/29 15:46:07,558000,11.496
2026/04/29 15:46:07,559000,11.501
2026/04/29 15:46:07,560000,11.496
2026/04/29 15:46:07,561000,11.499
2026/04/29 15:46:07,562000,11.496
2026/04/29 15:46:07,563000,11.499
2026/04/29 15:46:07,564000,11.501
2026/04/29 15:46:07,565000,11.496
2026/04/29 15:46:07,566000,11.499
2026/04/29 15:46:07,567000,11.499
2026/04/29 15:46:07,568000,11.496
2026/04/29 15:46:07,569000,11.490
2026/04/29 15:46:07,570000,11.496
2026/04/29 15:46:07,571000,11.496
2026/04/29 15:46:07,572000,11.496
2026/04/29 15:46:07,573000,11.490
2026/04/29 15:46:07,574000,11.499
2026/04/29 15:46:07,575000,11.499
2026/04/29 15:46:07,576000,11.501
2026/04/29 15:46:07,577000,11.496
2026/04/29 15:46:07,578000,11.493
2026/04/29 15:46:07,579000,11.496
2026/04/29 15:46:07,580000,11.499
2026/04/29 15:46:07,581000,11.501
2026/04/29 15:46:07,582000,11.504
2026/04/29 15:46:07,583000,11.504
2026/04/29 15:46:07,584000,11.499
2026/04/29 15:46:07,585000,11.499
2026/04/29 15:46:07,586000,11.507
2026/04/29 15:46:07,587000,11.501
2026/04/29 15:46:07,588000,11.499
2026/04/29 15:46:07,589000,11.504
2026/04/29 15:46:07,590000,11.499
2026/04/29 15:46:07,591000,11.501
2026/04/29 15:46:07,592000,11.496
2026/04/29 15:46:07,593000,11.496
2026/04/29 15:46:07,594000,11.499
2026/04/29 15:46:07,595000,11.501
2026/04/29 15:46:07,596000,11.501
2026/04/29 15:46:07,597000,11.493
2026/04/29 15:46:07,598000,11.499
2026/04/29 15:46:07,599000,11.499
2026/04/29 15:46:07,600000,11.504
2026/04/29 15:46:07,601000,11.499
2026/04/29 15:46:07,602000,11.501
2026/04/29 15:46:07,603000,11.501
2026/04/29 15:46:07,604000,11.501
2026/04/29 15:46:07,605000,11.499
2026/04/29 15:46:07,606000,11.501
2026/04/29 15:46:07,607000,11.501
2026/04/29 15:46:07,608000,11.499
2026/04/29 15:46:07,609000,11.496
2026/04/29 15:46:07,610000,11.499
2026/04/29 15:46:07,611000,11.499
2026/04/29 15:46:07,612000,11.496
2026/04/29 15:46:07,613000,11.493
2026/04/29 15:46:07,614000,11.501
2026/04/29 15:46:07,615000,11.501
2026/04/29 15:46:07,616000,11.504
2026/04/29 15:46:07,617000,11.499
2026/04/29 15:46:07,618000,11.501
2026/04/29 15:46:07,619000,11.490
2026/04/29 15:46:07,620000,11.501
2026/04/29 15:46:07,621000,11.501
2026/04/29 15:46:07,622000,11.493
2026/04/29 15:46:07,623000,11.493
2026/04/29 15:46:07,624000,11.496
2026/04/29 15:46:07,625000,11.504
2026/04/29 15:46:07,626000,11.501
2026/04/29 15:46:07,627000,11.504
2026/04/29 15:46:07,628000,11.487
2026/04/29 15:46:07,629000,11.499
2026/04/29 15:46:07,630000,11.499
2026/04/29 15:46:07,631000,11.501
2026/04/29 15:46:07,632000,11.499
2026/04/29 15:46:07,633000,11.493
2026/04/29 15:46:07,634000,11.504
2026/04/29 15:46:07,635000,11.499
2026/04/29 15:46:07,636000,11.501
2026/04/29 15:46:07,637000,11.499
2026/04/29 15:46:07,638000,11.499
2026/04/29 15:46:07,639000,11.493
2026/04/29 15:46:07,640000,11.499
2026/04/29 15:46:07,641000,11.496
2026/04/29 15:46:07,642000,11.504
2026/04/29 15:46:07,643000,11.499
2026/04/29 15:46:07,644000,11.499
2026/04/29 15:46:07,645000,11.501
2026/04/29 15:46:07,646000,11.499
2026/04/29 15:46:07,647000,11.501
2026/04/29 15:46:07,648000,11.493
2026/04/29 15:46:07,649000,11.499
2026/04/29 15:46:07,650000,11.496
2026/04/29 15:46:07,651000,11.499
2026/04/29 15:46:07,652000,11.496
2026/04/29 15:46:07,653000,11.499
2026/04/29 15:46:07,654000,11.501
2026/04/29 15:46:07,655000,11.499
2026/04/29 15:46:07,656000,11.499
2026/04/29 15:46:07,657000,11.504
2026/04/29 15:46:07,658000,11.499
2026/04/29 15:46:07,659000,11.501
2026/04/29 15:46:07,660000,11.499
2026/04/29 15:46:07,661000,11.504
2026/04/29 15:46:07,662000,11.496
2026/04/29 15:46:07,663000,11.493
2026/04/29 15:46:07,664000,11.501
2026/04/29 15:46:07,665000,11.496
2026/04/29 15:46:07,666000,11.493
2026/04/29 15:46:07,667000,11.504
2026/04/29 15:46:07,668000,11.496
2026/04/29 15:46:07,669000,11.499
2026/04/29 15:46:07,670000,11.496
2026/04/29 15:46:07,671000,11.496
2026/04/29 15:46:07,672000,11.501
2026/04/29 15:46:07,673000,11.504
2026/04/29 15:46:07,674000,11.501
2026/04/29 15:46:07,675000,11.501
2026/04/29 15:46:07,676000,11.501
2026/04/29 15:46:07,677000,11.501
2026/04/29 15:46:07,678000,11.493
2026/04/29 15:46:07,679000,11.501
2026/04/29 15:46:07,680000,11.499
2026/04/29 15:46:07,681000,11.490
2026/04/29 15:46:07,682000,11.493
2026/04/29 15:46:07,683000,11.504
2026/04/29 15:46:07,684000,11.501
2026/04/29 15:46:07,685000,11.499
2026/04/29 15:46:07,686000,11.499
2026/04/29 15:46:07,687000,11.501
2026/04/29 15:46:07,688000,11.499
2026/04/29 15:46:07,689000,11.499
2026/04/29 15:46:07,690000,11.499
2026/04/29 15:46:07,691000,11.496
2026/04/29 15:46:07,692000,11.501
2026/04/29 15:46:07,693000,11.496
2026/04/29 15:46:07,694000,11.496
2026/04/29 15:46:07,695000,11.499
2026/04/29 15:46:07,696000,11.504
2026/04/29 15:46:07,697000,11.499
2026/04/29 15:46:07,698000,11.501
2026/04/29 15:46:07,699000,11.501
2026/04/29 15:46:07,700000,11.501
2026/04/29 15:46:07,701000,11.501
2026/04/29 15:46:07,702000,11.499
2026/04/29 15:46:07,703000,11.496
2026/04/29 15:46:07,704000,11.490
2026/04/29 15:46:07,705000,11.499
2026/04/29 15:46:07,706000,11.501
2026/04/29 15:46:07,707000,11.499
2026/04/29 15:46:07,708000,11.493
2026/04/29 15:46:07,709000,11.499
2026/04/29 15:46:07,710000,11.496
2026/04/29 15:46:07,711000,11.501
2026/04/29 15:46:07,712000,11.501
2026/04/29 15:46:07,713000,11.496
2026/04/29 15:46:07,714000,11.501
2026/04/29 15:46:07,715000,11.501
2026/04/29 15:46:07,716000,11.490
2026/04/29 15:46:07,717000,11.496
2026/04/29 15:46:07,718000,11.501
2026/04/29 15:46:07,719000,11.499
2026/04/29 15:46:07,720000,11.499
2026/04/29 15:46:07,721000,11.496
2026/04/29 15:46:07,722000,11.493
2026/04/29 15:46:07,723000,11.501
2026/04/29 15:46:07,724000,11.501
2026/04/29 15:46:07,725000,11.496
2026/04/29 15:46:07,726000,11.496
2026/04/29 15:46:07,727000,11.499
2026/04/29 15:46:07,728000,11.499
2026/04/29 15:46:07,729000,11.504
2026/04/29 15:46:07,730000,11.496
2026/04/29 15:46:07,731000,11.499
2026/04/29 15:46:07,732000,11.493
2026/04/29 15:46:07,733000,11.499
2026/04/29 15:46:07,734000,11.499
2026/04/29 15:46:07,735000,11.499
2026/04/29 15:46:07,736000,11.499
2026/04/29 15:46:07,737000,11.499
2026/04/29 15:46:07,738000,11.496
2026/04/29 15:46:07,739000,11.499
2026/04/29 15:46:07,740000,11.499
2026/04/29 15:46:07,741000,11.504
2026/04/29 15:46:07,742000,11.493
2026/04/29 15:46:07,743000,11.493
2026/04/29 15:46:07,744000,11.490
2026/04/29 15:46:07,745000,11.504
2026/04/29 15:46:07,746000,11.496
2026/04/29 15:46:07,747000,11.499
2026/04/29 15:46:07,748000,11.501
2026/04/29 15:46:07,749000,11.493
2026/04/29 15:46:07,750000,11.501
2026/04/29 15:46:07,751000,11.499
2026/04/29 15:46:07,752000,11.496
2026/04/29 15:46:07,753000,11.493
2026/04/29 15:46:07,754000,11.496
2026/04/29 15:46:07,755000,11.501
2026/04/29 15:46:07,756000,11.493
2026/04/29 15:46:07,757000,11.499
2026/04/29 15:46:07,758000,11.499
2026/04/29 15:46:07,759000,11.504
2026/04/29 15:46:07,760000,11.493
2026/04/29 15:46:07,761000,11.501
2026/04/29 15:46:07,762000,11.501
2026/04/29 15:46:07,763000,11.499
2026/04/29 15:46:07,764000,11.496
2026/04/29 15:46:07,765000,11.499
2026/04/29 15:46:07,766000,11.493
2026/04/29 15:46:07,767000,11.501
2026/04/29 15:46:07,768000,11.499
2026/04/29 15:46:07,769000,11.504
2026/04/29 15:46:07,770000,11.499
2026/04/29 15:46:07,771000,11.501
2026/04/29 15:46:07,772000,11.493
2026/04/29 15:46:07,773000,11.501
2026/04/29 15:46:07,774000,11.501
2026/04/29 15:46:07,775000,11.501
2026/04/29 15:46:07,776000,11.496
2026/04/29 15:46:07,777000,11.493
2026/04/29 15:46:07,778000,11.501
2026/04/29 15:46:07,779000,11.501
2026/04/29 15:46:07,780000,11.504
2026/04/29 15:46:07,781000,11.501
2026/04/29 15:46:07,782000,11.499
2026/04/29 15:46:07,783000,11.504
2026/04/29 15:46:07,784000,11.501
2026/04/29 15:46:07,785000,11.501
2026/04/29 15:46:07,786000,11.499
2026/04/29 15:46:07,787000,11.496
2026/04/29 15:46:07,788000,11.501
2026/04/29 15:46:07,789000,11.499
2026/04/29 15:46:07,790000,11.493
2026/04/29 15:46:07,791000,11.493
2026/04/29 15:46:07,792000,11.493
2026/04/29 15:46:07,793000,11.499
2026/04/29 15:46:07,794000,11.501
2026/04/29 15:46:07,795000,11.493
2026/04/29 15:46:07,796000,11.499
2026/04/29 15:46:07,797000,11.504
2026/04/29 15:46:07,798000,11.499
2026/04/29 15:46:07,799000,11.499
2026/04/29 15:46:07,800000,11.496
2026/04/29 15:46:07,801000,11.501
2026/04/29 15:46:07,802000,11.504
2026/04/29 15:46:07,803000,11.496
2026/04/29 15:46:07,804000,11.501
2026/04/29 15:46:07,805000,11.493
2026/04/29 15:46:07,806000,11.499
2026/04/29 15:46:07,807000,11.499
2026/04/29 15:46:07,808000,11.493
2026/04/29 15:46:07,809000,11.496
2026/04/29 15:46:07,810000,11.501
2026/04/29 15:46:07,811000,11.501
2026/04/29 15:46:07,812000,11.496
2026/04/29 15:46:07,813000,11.504
2026/04/29 15:46:07,814000,11.493
2026/04/29 15:46:07,815000,11.499
2026/04/29 15:46:07,816000,11.501
2026/04/29 15:46:07,817000,11.501
2026/04/29 15:46:07,818000,11.499
2026/04/29 15:46:07,819000,11.501
2026/04/29 15:46:07,820000,11.496
2026/04/29 15:46:07,821000,11.501
2026/04/29 15:46:07,822000,11.493
2026/04/29 15:46:07,823000,11.499
2026/04/29 15:46:07,824000,11.499
2026/04/29 15:46:07,825000,11.499
2026/04/29 15:46:07,826000,11.493
2026/04/29 15:46:07,827000,11.493
2026/04/29 15:46:07,828000,11.499
2026/04/29 15:46:07,829000,11.499
2026/04/29 15:46:07,830000,11.501
2026/04/29 15:46:07,831000,11.499
2026/04/29 15:46:07,832000,11.499
2026/04/29 15:46:07,833000,11.501
2026/04/29 15:46:07,834000,11.504
2026/04/29 15:46:07,835000,11.496
2026/04/29 15:46:07,836000,11.501
2026/04/29 15:46:07,837000,11.496
2026/04/29 15:46:07,838000,11.496
2026/04/29 15:46:07,839000,11.496
2026/04/29 15:46:07,840000,11.490
2026/04/29 15:46:07,841000,11.493
2026/04/29 15:46:07,842000,11.493
2026/04/29 15:46:07,843000,11.499
2026/04/29 15:46:07,844000,11.496
2026/04/29 15:46:07,845000,11.501
2026/04/29 15:46:07,846000,11.501
2026/04/29 15:46:07,847000,11.499
2026/04/29 15:46:07,848000,11.496
2026/04/29 15:46:07,849000,11.501
2026/04/29 15:46:07,850000,11.501
2026/04/29 15:46:07,851000,11.499
2026/04/29 15:46:07,852000,11.499
2026/04/29 15:46:07,853000,11.499
2026/04/29 15:46:07,854000,11.501
2026/04/29 15:46:07,855000,11.493
2026/04/29 15:46:07,856000,11.499
2026/04/29 15:46:07,857000,11.493
2026/04/29 15:46:07,858000,11.499
2026/04/29 15:46:07,859000,11.499
2026/04/29 15:46:07,860000,11.493
2026/04/29 15:46:07,861000,11.493
2026/04/29 15:46:07,862000,11.496
2026/04/29 15:46:07,863000,11.493
2026/04/29 15:46:07,864000,11.496
2026/04/29 15:46:07,865000,11.499
2026/04/29 15:46:07,866000,11.499
2026/04/29 15:46:07,867000,11.507
2026/04/29 15:46:07,868000,11.504
2026/04/29 15:46:07,869000,11.501
2026/04/29 15:46:07,870000,11.496
2026/04/29 15:46:07,871000,11.499
2026/04/29 15:46:07,872000,11.499
2026/04/29 15:46:07,873000,11.496
2026/04/29 15:46:07,874000,11.496
2026/04/29 15:46:07,875000,11.496
2026/04/29 15:46:07,876000,11.501
2026/04/29 15:46:07,877000,11.493
2026/04/29 15:46:07,878000,11.510
2026/04/29 15:46:07,879000,11.493
2026/04/29 15:46:07,880000,11.499
2026/04/29 15:46:07,881000,11.501
2026/04/29 15:46:07,882000,11.501
2026/04/29 15:46:07,883000,11.496
2026/04/29 15:46:07,884000,11.493
2026/04/29 15:46:07,885000,11.501
2026/04/29 15:46:07,886000,11.501
2026/04/29 15:46:07,887000,11.496
2026/04/29 15:46:07,888000,11.501
2026/04/29 15:46:07,889000,11.496
2026/04/29 15:46:07,890000,11.501
2026/04/29 15:46:07,891000,11.499
2026/04/29 15:46:07,892000,11.499
2026/04/29 15:46:07,893000,11.499
2026/04/29 15:46:07,894000,11.499
2026/04/29 15:46:07,895000,11.493
2026/04/29 15:46:07,896000,11.499
2026/04/29 15:46:07,897000,11.499
2026/04/29 15:46:07,898000,11.496
2026/04/29 15:46:07,899000,11.493
2026/04/29 15:46:07,900000,11.504
2026/04/29 15:46:07,901000,11.499
2026/04/29 15:46:07,902000,11.493
2026/04/29 15:46:07,903000,11.496
2026/04/29 15:46:07,904000,11.499
2026/04/29 15:46:07,905000,11.504
2026/04/29 15:46:07,906000,11.499
2026/04/29 15:46:07,907000,11.496
2026/04/29 15:46:07,908000,11.499
2026/04/29 15:46:07,909000,11.504
2026/04/29 15:46:07,910000,11.501
2026/04/29 15:46:07,911000,11.499
2026/04/29 15:46:07,912000,11.507
2026/04/29 15:46:07,913000,11.493
2026/04/29 15:46:07,914000,11.499
2026/04/29 15:46:07,915000,11.496
2026/04/29 15:46:07,916000,11.504
2026/04/29 15:46:07,917000,11.493
2026/04/29 15:46:07,918000,11.499
2026/04/29 15:46:07,919000,11.499
2026/04/29 15:46:07,920000,11.504
2026/04/29 15:46:07,921000,11.499
2026/04/29 15:46:07,922000,11.493
2026/04/29 15:46:07,923000,11.504
2026/04/29 15:46:07,924000,11.496
2026/04/29 15:46:07,925000,11.501
2026/04/29 15:46:07,926000,11.499
2026/04/29 15:46:07,927000,11.504
2026/04/29 15:46:07,928000,11.501
2026/04/29 15:46:07,929000,11.504
2026/04/29 15:46:07,930000,11.493
2026/04/29 15:46:07,931000,11.501
2026/04/29 15:46:07,932000,11.496
2026/04/29 15:46:07,933000,11.499
2026/04/29 15:46:07,934000,11.504
2026/04/29 15:46:07,935000,11.501
2026/04/29 15:46:07,936000,11.501
2026/04/29 15:46:07,937000,11.504
2026/04/29 15:46:07,938000,11.493
2026/04/29 15:46:07,939000,11.496
2026/04/29 15:46:07,940000,11.496
2026/04/29 15:46:07,941000,11.499
2026/04/29 15:46:07,942000,11.499
2026/04/29 15:46:07,943000,11.499
2026/04/29 15:46:07,944000,11.501
2026/04/29 15:46:07,945000,11.501
2026/04/29 15:46:07,946000,11.499
2026/04/29 15:46:07,947000,11.501
2026/04/29 15:46:07,948000,11.496
2026/04/29 15:46:07,949000,11.499
2026/04/29 15:46:07,950000,11.499
2026/04/29 15:46:07,951000,11.501
2026/04/29 15:46:07,952000,11.493
2026/04/29 15:46:07,953000,11.496
2026/04/29 15:46:07,954000,11.501
2026/04/29 15:46:07,955000,11.493
2026/04/29 15:46:07,956000,11.496
2026/04/29 15:46:07,957000,11.496
2026/04/29 15:46:07,958000,11.496
2026/04/29 15:46:07,959000,11.499
2026/04/29 15:46:07,960000,11.496
2026/04/29 15:46:07,961000,11.496
2026/04/29 15:46:07,962000,11.501
2026/04/29 15:46:07,963000,11.496
2026/04/29 15:46:07,964000,11.493
2026/04/29 15:46:07,965000,11.499
2026/04/29 15:46:07,966000,11.493
2026/04/29 15:46:07,967000,11.501
2026/04/29 15:46:07,968000,11.501
2026/04/29 15:46:07,969000,11.501
2026/04/29 15:46:07,970000,11.499
2026/04/29 15:46:07,971000,11.501
2026/04/29 15:46:07,972000,11.507
2026/04/29 15:46:07,973000,11.493
2026/04/29 15:46:07,974000,11.504
2026/04/29 15:46:07,975000,11.496
2026/04/29 15:46:07,976000,11.493
2026/04/29 15:46:07,977000,11.501
2026/04/29 15:46:07,978000,11.501
2026/04/29 15:46:07,979000,11.496
2026/04/29 15:46:07,980000,11.496
2026/04/29 15:46:07,981000,11.496
2026/04/29 15:46:07,982000,11.493
2026/04/29 15:46:07,983000,11.499
2026/04/29 15:46:07,984000,11.501
2026/04/29 15:46:07,985000,11.499
2026/04/29 15:46:07,986000,11.501
2026/04/29 15:46:07,987000,11.499
2026/04/29 15:46:07,988000,11.501
2026/04/29 15:46:07,989000,11.496
2026/04/29 15:46:07,990000,11.499
2026/04/29 15:46:07,991000,11.496
2026/04/29 15:46:07,992000,11.493
2026/04/29 15:46:07,993000,11.496
2026/04/29 15:46:07,994000,11.496
2026/04/29 15:46:07,995000,11.501
2026/04/29 15:46:07,996000,11.499
2026/04/29 15:46:07,997000,11.496
2026/04/29 15:46:07,998000,11.499
2026/04/29 15:46:07,999000,11.504
2026/04/29 15:46:08,000000,11.499
2026/04/29 15:46:08,001000,11.499
2026/04/29 15:46:08,002000,11.499
2026/04/29 15:46:08,003000,11.496
2026/04/29 15:46:08,004000,11.499
2026/04/29 15:46:08,005000,11.499
2026/04/29 15:46:08,006000,11.493
2026/04/29 15:46:08,007000,11.499
2026/04/29 15:46:08,008000,11.501
2026/04/29 15:46:08,009000,11.504
2026/04/29 15:46:08,010000,11.501
2026/04/29 15:46:08,011000,11.496
2026/04/29 15:46:08,012000,11.501
2026/04/29 15:46:08,013000,11.501
2026/04/29 15:46:08,014000,11.496
2026/04/29 15:46:08,015000,11.499
2026/04/29 15:46:08,016000,11.499
2026/04/29 15:46:08,017000,11.499
2026/04/29 15:46:08,018000,11.490
2026/04/29 15:46:08,019000,11.499
2026/04/29 15:46:08,020000,11.501
2026/04/29 15:46:08,021000,11.499
2026/04/29 15:46:08,022000,11.496
2026/04/29 15:46:08,023000,11.496
2026/04/29 15:46:08,024000,11.504
2026/04/29 15:46:08,025000,11.496
2026/04/29 15:46:08,026000,11.496
2026/04/29 15:46:08,027000,11.499
2026/04/29 15:46:08,028000,11.501
2026/04/29 15:46:08,029000,11.499
2026/04/29 15:46:08,030000,11.499
2026/04/29 15:46:08,031000,11.501
2026/04/29 15:46:08,032000,11.499
2026/04/29 15:46:08,033000,11.501
2026/04/29 15:46:08,034000,11.499
2026/04/29 15:46:08,035000,11.499
2026/04/29 15:46:08,036000,11.499
2026/04/29 15:46:08,037000,11.499
2026/04/29 15:46:08,038000,11.499
2026/04/29 15:46:08,039000,11.504
2026/04/29 15:46:08,040000,11.496
2026/04/29 15:46:08,041000,11.499
2026/04/29 15:46:08,042000,11.493
2026/04/29 15:46:08,043000,11.496
2026/04/29 15:46:08,044000,11.496
2026/04/29 15:46:08,045000,11.496
2026/04/29 15:46:08,046000,11.493
2026/04/29 15:46:08,047000,11.496
2026/04/29 15:46:08,048000,11.499
2026/04/29 15:46:08,049000,11.493
2026/04/29 15:46:08,050000,11.501
2026/04/29 15:46:08,051000,11.499
2026/04/29 15:46:08,052000,11.504
2026/04/29 15:46:08,053000,11.504
2026/04/29 15:46:08,054000,11.493
2026/04/29 15:46:08,055000,11.496
2026/04/29 15:46:08,056000,11.501
2026/04/29 15:46:08,057000,11.501
2026/04/29 15:46:08,058000,11.499
2026/04/29 15:46:08,059000,11.501
2026/04/29 15:46:08,060000,11.501
2026/04/29 15:46:08,061000,11.501
2026/04/29 15:46:08,062000,11.499
2026/04/29 15:46:08,063000,11.499
2026/04/29 15:46:08,064000,11.501
2026/04/29 15:46:08,065000,11.499
2026/04/29 15:46:08,066000,11.499
2026/04/29 15:46:08,067000,11.499
2026/04/29 15:46:08,068000,11.499
2026/04/29 15:46:08,069000,11.499
2026/04/29 15:46:08,070000,11.496
2026/04/29 15:46:08,071000,11.499
2026/04/29 15:46:08,072000,11.499
2026/04/29 15:46:08,073000,11.501
2026/04/29 15:46:08,074000,11.504
2026/04/29 15:46:08,075000,11.493
2026/04/29 15:46:08,076000,11.496
2026/04/29 15:46:08,077000,11.504
2026/04/29 15:46:08,078000,11.507
2026/04/29 15:46:08,079000,11.501
2026/04/29 15:46:08,080000,11.507
2026/04/29 15:46:08,081000,11.499
2026/04/29 15:46:08,082000,11.504
2026/04/29 15:46:08,083000,11.499
2026/04/29 15:46:08,084000,11.501
2026/04/29 15:46:08,085000,11.490
2026/04/29 15:46:08,086000,11.504
2026/04/29 15:46:08,087000,11.501
2026/04/29 15:46:08,088000,11.493
2026/04/29 15:46:08,089000,11.501
2026/04/29 15:46:08,090000,11.504
2026/04/29 15:46:08,091000,11.501
2026/04/29 15:46:08,092000,11.501
2026/04/29 15:46:08,093000,11.496
2026/04/29 15:46:08,094000,11.496
2026/04/29 15:46:08,095000,11.504
2026/04/29 15:46:08,096000,11.501
2026/04/29 15:46:08,097000,11.493
2026/04/29 15:46:08,098000,11.499
2026/04/29 15:46:08,099000,11.496
2026/04/29 15:46:08,100000,11.507
2026/04/29 15:46:08,101000,11.496
2026/04/29 15:46:08,102000,11.504
2026/04/29 15:46:08,103000,11.501
2026/04/29 15:46:08,104000,11.499
2026/04/29 15:46:08,105000,11.501
2026/04/29 15:46:08,106000,11.499
2026/04/29 15:46:08,107000,11.499
2026/04/29 15:46:08,108000,11.501
2026/04/29 15:46:08,109000,11.501
2026/04/29 15:46:08,110000,11.493
2026/04/29 15:46:08,111000,11.501
2026/04/29 15:46:08,112000,11.501
2026/04/29 15:46:08,113000,11.501
2026/04/29 15:46:08,114000,11.496
2026/04/29 15:46:08,115000,11.499
2026/04/29 15:46:08,116000,11.504
2026/04/29 15:46:08,117000,11.499
2026/04/29 15:46:08,118000,11.501
2026/04/29 15:46:08,119000,11.504
2026/04/29 15:46:08,120000,11.499
2026/04/29 15:46:08,121000,11.504
2026/04/29 15:46:08,122000,11.499
2026/04/29 15:46:08,123000,11.493
2026/04/29 15:46:08,124000,11.499
2026/04/29 15:46:08,125000,11.510
2026/04/29 15:46:08,126000,11.504
2026/04/29 15:46:08,127000,11.499
2026/04/29 15:46:08,128000,11.499
2026/04/29 15:46:08,129000,11.501
2026/04/29 15:46:08,130000,11.490
2026/04/29 15:46:08,131000,11.499
2026/04/29 15:46:08,132000,11.499
2026/04/29 15:46:08,133000,11.499
2026/04/29 15:46:08,134000,11.504
2026/04/29 15:46:08,135000,11.501
2026/04/29 15:46:08,136000,11.499
2026/04/29 15:46:08,137000,11.507
2026/04/29 15:46:08,138000,11.499
2026/04/29 15:46:08,139000,11.501
2026/04/29 15:46:08,140000,11.507
2026/04/29 15:46:08,141000,11.499
2026/04/29 15:46:08,142000,11.499
2026/04/29 15:46:08,143000,11.507
2026/04/29 15:46:08,144000,11.490
2026/04/29 15:46:08,145000,11.501
2026/04/29 15:46:08,146000,11.499
2026/04/29 15:46:08,147000,11.499
2026/04/29 15:46:08,148000,11.496
2026/04/29 15:46:08,149000,11.499
2026/04/29 15:46:08,150000,11.496
2026/04/29 15:46:08,151000,11.499
2026/04/29 15:46:08,152000,11.504
2026/04/29 15:46:08,153000,11.496
2026/04/29 15:46:08,154000,11.501
2026/04/29 15:46:08,155000,11.499
2026/04/29 15:46:08,156000,11.493
2026/04/29 15:46:08,157000,11.501
2026/04/29 15:46:08,158000,11.496
2026/04/29 15:46:08,159000,11.493
2026/04/29 15:46:08,160000,11.490
2026/04/29 15:46:08,161000,11.501
2026/04/29 15:46:08,162000,11.496
2026/04/29 15:46:08,163000,11.499
2026/04/29 15:46:08,164000,11.504
2026/04/29 15:46:08,165000,11.501
2026/04/29 15:46:08,166000,11.496
2026/04/29 15:46:08,167000,11.499
2026/04/29 15:46:08,168000,11.504
2026/04/29 15:46:08,169000,11.499
2026/04/29 15:46:08,170000,11.499
2026/04/29 15:46:08,171000,11.496
2026/04/29 15:46:08,172000,11.501
2026/04/29 15:46:08,173000,11.499
2026/04/29 15:46:08,174000,11.493
2026/04/29 15:46:08,175000,11.499
2026/04/29 15:46:08,176000,11.504
2026/04/29 15:46:08,177000,11.504
2026/04/29 15:46:08,178000,11.501
2026/04/29 15:46:08,179000,11.493
2026/04/29 15:46:08,180000,11.501
2026/04/29 15:46:08,181000,11.496
2026/04/29 15:46:08,182000,11.499
2026/04/29 15:46:08,183000,11.499
2026/04/29 15:46:08,184000,11.499
2026/04/29 15:46:08,185000,11.501
2026/04/29 15:46:08,186000,11.496
2026/04/29 15:46:08,187000,11.499
2026/04/29 15:46:08,188000,11.507
2026/04/29 15:46:08,189000,11.501
2026/04/29 15:46:08,190000,11.501
2026/04/29 15:46:08,191000,11.499
2026/04/29 15:46:08,192000,11.499
2026/04/29 15:46:08,193000,11.504
2026/04/29 15:46:08,194000,11.515
2026/04/29 15:46:08,195000,11.499
2026/04/29 15:46:08,196000,11.496
2026/04/29 15:46:08,197000,11.504
2026/04/29 15:46:08,198000,11.496
2026/04/29 15:46:08,199000,11.499
2026/04/29 15:46:08,200000,11.510
2026/04/29 15:46:08,201000,11.499
2026/04/29 15:46:08,202000,11.499
2026/04/29 15:46:08,203000,11.499
2026/04/29 15:46:08,204000,11.501
2026/04/29 15:46:08,205000,11.504
2026/04/29 15:46:08,206000,11.493
2026/04/29 15:46:08,207000,11.499
2026/04/29 15:46:08,208000,11.499
2026/04/29 15:46:08,209000,11.493
2026/04/29 15:46:08,210000,11.496
2026/04/29 15:46:08,211000,11.499
2026/04/29 15:46:08,212000,11.496
2026/04/29 15:46:08,213000,11.504
2026/04/29 15:46:08,214000,11.490
2026/04/29 15:46:08,215000,11.496
2026/04/29 15:46:08,216000,11.501
2026/04/29 15:46:08,217000,11.496
2026/04/29 15:46:08,218000,11.499
2026/04/29 15:46:08,219000,11.496
2026/04/29 15:46:08,220000,11.501
2026/04/29 15:46:08,221000,11.496
2026/04/29 15:46:08,222000,11.493
2026/04/29 15:46:08,223000,11.496
2026/04/29 15:46:08,224000,11.507
2026/04/29 15:46:08,225000,11.499
2026/04/29 15:46:08,226000,11.499
2026/04/29 15:46:08,227000,11.499
2026/04/29 15:46:08,228000,11.493
2026/04/29 15:46:08,229000,11.501
2026/04/29 15:46:08,230000,11.501
2026/04/29 15:46:08,231000,11.496
2026/04/29 15:46:08,232000,11.501
2026/04/29 15:46:08,233000,11.501
2026/04/29 15:46:08,234000,11.499
2026/04/29 15:46:08,235000,11.501
2026/04/29 15:46:08,236000,11.493
2026/04/29 15:46:08,237000,11.499
2026/04/29 15:46:08,238000,11.496
2026/04/29 15:46:08,239000,11.499
2026/04/29 15:46:08,240000,11.493
2026/04/29 15:46:08,241000,11.496
2026/04/29 15:46:08,242000,11.496
2026/04/29 15:46:08,243000,11.504
2026/04/29 15:46:08,244000,11.507
2026/04/29 15:46:08,245000,11.501
2026/04/29 15:46:08,246000,11.501
2026/04/29 15:46:08,247000,11.496
2026/04/29 15:46:08,248000,11.504
2026/04/29 15:46:08,249000,11.504
2026/04/29 15:46:08,250000,11.490
2026/04/29 15:46:08,251000,11.501
2026/04/29 15:46:08,252000,11.499
2026/04/29 15:46:08,253000,11.493
2026/04/29 15:46:08,254000,11.499
2026/04/29 15:46:08,255000,11.496
2026/04/29 15:46:08,256000,11.499
2026/04/29 15:46:08,257000,11.501
2026/04/29 15:46:08,258000,11.501
2026/04/29 15:46:08,259000,11.493
2026/04/29 15:46:08,260000,11.496
2026/04/29 15:46:08,261000,11.499
2026/04/29 15:46:08,262000,11.493
2026/04/29 15:46:08,263000,11.496
2026/04/29 15:46:08,264000,11.499
2026/04/29 15:46:08,265000,11.499
2026/04/29 15:46:08,266000,11.501
2026/04/29 15:46:08,267000,11.504
2026/04/29 15:46:08,268000,11.501
2026/04/29 15:46:08,269000,11.499
2026/04/29 15:46:08,270000,11.496
2026/04/29 15:46:08,271000,11.496
2026/04/29 15:46:08,272000,11.501
2026/04/29 15:46:08,273000,11.499
2026/04/29 15:46:08,274000,11.496
2026/04/29 15:46:08,275000,11.499
2026/04/29 15:46:08,276000,11.499
2026/04/29 15:46:08,277000,11.496
2026/04/29 15:46:08,278000,11.499
2026/04/29 15:46:08,279000,11.504
2026/04/29 15:46:08,280000,11.501
2026/04/29 15:46:08,281000,11.504
2026/04/29 15:46:08,282000,11.501
2026/04/29 15:46:08,283000,11.504
2026/04/29 15:46:08,284000,11.499
2026/04/29 15:46:08,285000,11.501
2026/04/29 15:46:08,286000,11.496
2026/04/29 15:46:08,287000,11.496
2026/04/29 15:46:08,288000,11.493
2026/04/29 15:46:08,289000,11.499
2026/04/29 15:46:08,290000,11.504
2026/04/29 15:46:08,291000,11.504
2026/04/29 15:46:08,292000,11.501
2026/04/29 15:46:08,293000,11.499
2026/04/29 15:46:08,294000,11.504
2026/04/29 15:46:08,295000,11.496
2026/04/29 15:46:08,296000,11.504
2026/04/29 15:46:08,297000,11.504
2026/04/29 15:46:08,298000,11.501
2026/04/29 15:46:08,299000,11.501
2026/04/29 15:46:08,300000,11.499
2026/04/29 15:46:08,301000,11.496
2026/04/29 15:46:08,302000,11.499
2026/04/29 15:46:08,303000,11.496
2026/04/29 15:46:08,304000,11.499
2026/04/29 15:46:08,305000,11.493
2026/04/29 15:46:08,306000,11.499
2026/04/29 15:46:08,307000,11.493
2026/04/29 15:46:08,308000,11.499
2026/04/29 15:46:08,309000,11.501
2026/04/29 15:46:08,310000,11.496
2026/04/29 15:46:08,311000,11.496
2026/04/29 15:46:08,312000,11.499
2026/04/29 15:46:08,313000,11.501
2026/04/29 15:46:08,314000,11.504
2026/04/29 15:46:08,315000,11.499
2026/04/29 15:46:08,316000,11.493
2026/04/29 15:46:08,317000,11.499
2026/04/29 15:46:08,318000,11.499
2026/04/29 15:46:08,319000,11.504
2026/04/29 15:46:08,320000,11.501
2026/04/29 15:46:08,321000,11.499
2026/04/29 15:46:08,322000,11.499
2026/04/29 15:46:08,323000,11.501
2026/04/29 15:46:08,324000,11.496
2026/04/29 15:46:08,325000,11.501
2026/04/29 15:46:08,326000,11.499
2026/04/29 15:46:08,327000,11.501
2026/04/29 15:46:08,328000,11.493
2026/04/29 15:46:08,329000,11.501
2026/04/29 15:46:08,330000,11.499
2026/04/29 15:46:08,331000,11.496
2026/04/29 15:46:08,332000,11.499
2026/04/29 15:46:08,333000,11.499
2026/04/29 15:46:08,334000,11.501
2026/04/29 15:46:08,335000,11.499
2026/04/29 15:46:08,336000,11.496
2026/04/29 15:46:08,337000,11.499
2026/04/29 15:46:08,338000,11.496
2026/04/29 15:46:08,339000,11.504
2026/04/29 15:46:08,340000,11.499
2026/04/29 15:46:08,341000,11.499
2026/04/29 15:46:08,342000,11.499
2026/04/29 15:46:08,343000,11.501
2026/04/29 15:46:08,344000,11.499
2026/04/29 15:46:08,345000,11.504
2026/04/29 15:46:08,346000,11.499
2026/04/29 15:46:08,347000,11.496
2026/04/29 15:46:08,348000,11.496
2026/04/29 15:46:08,349000,11.493
2026/04/29 15:46:08,350000,11.499
2026/04/29 15:46:08,351000,11.499
2026/04/29 15:46:08,352000,11.496
2026/04/29 15:46:08,353000,11.493
2026/04/29 15:46:08,354000,11.501
2026/04/29 15:46:08,355000,11.499
2026/04/29 15:46:08,356000,11.504
2026/04/29 15:46:08,357000,11.501
2026/04/29 15:46:08,358000,11.501
2026/04/29 15:46:08,359000,11.499
2026/04/29 15:46:08,360000,11.496
2026/04/29 15:46:08,361000,11.499
2026/04/29 15:46:08,362000,11.504
2026/04/29 15:46:08,363000,11.499
2026/04/29 15:46:08,364000,11.496
2026/04/29 15:46:08,365000,11.499
2026/04/29 15:46:08,366000,11.493
2026/04/29 15:46:08,367000,11.499
2026/04/29 15:46:08,368000,11.504
2026/04/29 15:46:08,369000,11.499
2026/04/29 15:46:08,370000,11.499
2026/04/29 15:46:08,371000,11.501
2026/04/29 15:46:08,372000,11.493
2026/04/29 15:46:08,373000,11.493
2026/04/29 15:46:08,374000,11.499
2026/04/29 15:46:08,375000,11.499
2026/04/29 15:46:08,376000,11.496
2026/04/29 15:46:08,377000,11.490
2026/04/29 15:46:08,378000,11.499
2026/04/29 15:46:08,379000,11.501
2026/04/29 15:46:08,380000,11.501
2026/04/29 15:46:08,381000,11.496
2026/04/29 15:46:08,382000,11.504
2026/04/29 15:46:08,383000,11.510
2026/04/29 15:46:08,384000,11.501
2026/04/29 15:46:08,385000,11.499
2026/04/29 15:46:08,386000,11.501
2026/04/29 15:46:08,387000,11.493
2026/04/29 15:46:08,388000,11.499
2026/04/29 15:46:08,389000,11.493
2026/04/29 15:46:08,390000,11.496
2026/04/29 15:46:08,391000,11.496
2026/04/29 15:46:08,392000,11.501
2026/04/29 15:46:08,393000,11.496
2026/04/29 15:46:08,394000,11.504
2026/04/29 15:46:08,395000,11.499
2026/04/29 15:46:08,396000,11.493
2026/04/29 15:46:08,397000,11.501
2026/04/29 15:46:08,398000,11.496
2026/04/29 15:46:08,399000,11.499
2026/04/29 15:46:08,400000,11.496
2026/04/29 15:46:08,401000,11.504
2026/04/29 15:46:08,402000,11.493
2026/04/29 15:46:08,403000,11.501
2026/04/29 15:46:08,404000,11.504
2026/04/29 15:46:08,405000,11.493
2026/04/29 15:46:08,406000,11.499
2026/04/29 15:46:08,407000,11.496
2026/04/29 15:46:08,408000,11.499
2026/04/29 15:46:08,409000,11.493
2026/04/29 15:46:08,410000,11.504
2026/04/29 15:46:08,411000,11.501
2026/04/29 15:46:08,412000,11.496
2026/04/29 15:46:08,413000,11.501
2026/04/29 15:46:08,414000,11.504
2026/04/29 15:46:08,415000,11.493
2026/04/29 15:46:08,416000,11.496
2026/04/29 15:46:08,417000,11.504
2026/04/29 15:46:08,418000,11.501
2026/04/29 15:46:08,419000,11.501
2026/04/29 15:46:08,420000,11.501
2026/04/29 15:46:08,421000,11.496
2026/04/29 15:46:08,422000,11.501
2026/04/29 15:46:08,423000,11.501
2026/04/29 15:46:08,424000,11.504
2026/04/29 15:46:08,425000,11.496
2026/04/29 15:46:08,426000,11.504
2026/04/29 15:46:08,427000,11.501
2026/04/29 15:46:08,428000,11.499
2026/04/29 15:46:08,429000,11.501
2026/04/29 15:46:08,430000,11.504
2026/04/29 15:46:08,431000,11.499
2026/04/29 15:46:08,432000,11.499
2026/04/29 15:46:08,433000,11.501
2026/04/29 15:46:08,434000,11.501
2026/04/29 15:46:08,435000,11.507
2026/04/29 15:46:08,436000,11.499
2026/04/29 15:46:08,437000,11.501
2026/04/29 15:46:08,438000,11.493
2026/04/29 15:46:08,439000,11.493
2026/04/29 15:46:08,440000,11.504
2026/04/29 15:46:08,441000,11.499
2026/04/29 15:46:08,442000,11.499
2026/04/29 15:46:08,443000,11.493
2026/04/29 15:46:08,444000,11.501
2026/04/29 15:46:08,445000,11.499
2026/04/29 15:46:08,446000,11.501
2026/04/29 15:46:08,447000,11.499
2026/04/29 15:46:08,448000,11.493
2026/04/29 15:46:08,449000,11.493
2026/04/29 15:46:08,450000,11.499
2026/04/29 15:46:08,451000,11.499
2026/04/29 15:46:08,452000,11.501
2026/04/29 15:46:08,453000,11.493
2026/04/29 15:46:08,454000,11.504
2026/04/29 15:46:08,455000,11.499
2026/04/29 15:46:08,456000,11.501
2026/04/29 15:46:08,457000,11.501
2026/04/29 15:46:08,458000,11.501
2026/04/29 15:46:08,459000,11.493
2026/04/29 15:46:08,460000,11.493
2026/04/29 15:46:08,461000,11.504
2026/04/29 15:46:08,462000,11.499
2026/04/29 15:46:08,463000,11.496
2026/04/29 15:46:08,464000,11.499
2026/04/29 15:46:08,465000,11.496
2026/04/29 15:46:08,466000,11.499
2026/04/29 15:46:08,467000,11.499
2026/04/29 15:46:08,468000,11.507
2026/04/29 15:46:08,469000,11.499
2026/04/29 15:46:08,470000,11.499
2026/04/29 15:46:08,471000,11.501
2026/04/29 15:46:08,472000,11.501
2026/04/29 15:46:08,473000,11.499
2026/04/29 15:46:08,474000,11.499
2026/04/29 15:46:08,475000,11.496
2026/04/29 15:46:08,476000,11.499
2026/04/29 15:46:08,477000,11.507
2026/04/29 15:46:08,478000,11.501
2026/04/29 15:46:08,479000,11.499
2026/04/29 15:46:08,480000,11.499
2026/04/29 15:46:08,481000,11.496
2026/04/29 15:46:08,482000,11.499
2026/04/29 15:46:08,483000,11.501
2026/04/29 15:46:08,484000,11.499
2026/04/29 15:46:08,485000,11.499
2026/04/29 15:46:08,486000,11.499
2026/04/29 15:46:08,487000,11.499
2026/04/29 15:46:08,488000,11.501
2026/04/29 15:46:08,489000,11.501
2026/04/29 15:46:08,490000,11.501
2026/04/29 15:46:08,491000,11.501
2026/04/29 15:46:08,492000,11.499
2026/04/29 15:46:08,493000,11.493
2026/04/29 15:46:08,494000,11.493
2026/04/29 15:46:08,495000,11.504
2026/04/29 15:46:08,496000,11.496
2026/04/29 15:46:08,497000,11.496
2026/04/29 15:46:08,498000,11.499
2026/04/29 15:46:08,499000,11.496
2026/04/29 15:46:08,500000,11.499
2026/04/29 15:46:08,501000,11.501
2026/04/29 15:46:08,502000,11.501
2026/04/29 15:46:08,503000,11.499
2026/04/29 15:46:08,504000,11.499
2026/04/29 15:46:08,505000,11.501
2026/04/29 15:46:08,506000,11.504
2026/04/29 15:46:08,507000,11.501
2026/04/29 15:46:08,508000,11.499
2026/04/29 15:46:08,509000,11.499
2026/04/29 15:46:08,510000,11.499
2026/04/29 15:46:08,511000,11.501
2026/04/29 15:46:08,512000,11.496
2026/04/29 15:46:08,513000,11.504
2026/04/29 15:46:08,514000,11.496
2026/04/29 15:46:08,515000,11.496
2026/04/29 15:46:08,516000,11.501
2026/04/29 15:46:08,517000,11.499
2026/04/29 15:46:08,518000,11.501
2026/04/29 15:46:08,519000,11.499
2026/04/29 15:46:08,520000,11.499
2026/04/29 15:46:08,521000,11.499
2026/04/29 15:46:08,522000,11.501
2026/04/29 15:46:08,523000,11.501
2026/04/29 15:46:08,524000,11.504
2026/04/29 15:46:08,525000,11.496
2026/04/29 15:46:08,526000,11.496
2026/04/29 15:46:08,527000,11.501
2026/04/29 15:46:08,528000,11.504
2026/04/29 15:46:08,529000,11.493
2026/04/29 15:46:08,530000,11.499
2026/04/29 15:46:08,531000,11.504
2026/04/29 15:46:08,532000,11.504
2026/04/29 15:46:08,533000,11.504
2026/04/29 15:46:08,534000,11.501
2026/04/29 15:46:08,535000,11.499
2026/04/29 15:46:08,536000,11.499
2026/04/29 15:46:08,537000,11.499
2026/04/29 15:46:08,538000,11.501
2026/04/29 15:46:08,539000,11.496
2026/04/29 15:46:08,540000,11.499
2026/04/29 15:46:08,541000,11.496
2026/04/29 15:46:08,542000,11.496
2026/04/29 15:46:08,543000,11.496
2026/04/29 15:46:08,544000,11.499
2026/04/29 15:46:08,545000,11.496
2026/04/29 15:46:08,546000,11.496
2026/04/29 15:46:08,547000,11.496
2026/04/29 15:46:08,548000,11.499
2026/04/29 15:46:08,549000,11.493
2026/04/29 15:46:08,550000,11.496
2026/04/29 15:46:08,551000,11.504
2026/04/29 15:46:08,552000,11.499
2026/04/29 15:46:08,553000,11.499
2026/04/29 15:46:08,554000,11.501
2026/04/29 15:46:08,555000,11.496
2026/04/29 15:46:08,556000,11.501
2026/04/29 15:46:08,557000,11.499
2026/04/29 15:46:08,558000,11.504
2026/04/29 15:46:08,559000,11.501
2026/04/29 15:46:08,560000,11.496
2026/04/29 15:46:08,561000,11.499
2026/04/29 15:46:08,562000,11.499
2026/04/29 15:46:08,563000,11.499
2026/04/29 15:46:08,564000,11.499
2026/04/29 15:46:08,565000,11.499
2026/04/29 15:46:08,566000,11.499
2026/04/29 15:46:08,567000,11.501
2026/04/29 15:46:08,568000,11.504
2026/04/29 15:46:08,569000,11.507
2026/04/29 15:46:08,570000,11.501
2026/04/29 15:46:08,571000,11.499
2026/04/29 15:46:08,572000,11.501
2026/04/29 15:46:08,573000,11.496
2026/04/29 15:46:08,574000,11.499
2026/04/29 15:46:08,575000,11.496
2026/04/29 15:46:08,576000,11.501
2026/04/29 15:46:08,577000,11.501
2026/04/29 15:46:08,578000,11.501
2026/04/29 15:46:08,579000,11.499
2026/04/29 15:46:08,580000,11.501
2026/04/29 15:46:08,581000,11.501
2026/04/29 15:46:08,582000,11.501
2026/04/29 15:46:08,583000,11.501
2026/04/29 15:46:08,584000,11.496
2026/04/29 15:46:08,585000,11.499
2026/04/29 15:46:08,586000,11.504
2026/04/29 15:46:08,587000,11.496
2026/04/29 15:46:08,588000,11.501
2026/04/29 15:46:08,589000,11.499
2026/04/29 15:46:08,590000,11.499
2026/04/29 15:46:08,591000,11.501
2026/04/29 15:46:08,592000,11.493
2026/04/29 15:46:08,593000,11.493
2026/04/29 15:46:08,594000,11.504
2026/04/29 15:46:08,595000,11.499
2026/04/29 15:46:08,596000,11.496
2026/04/29 15:46:08,597000,11.496
2026/04/29 15:46:08,598000,11.499
2026/04/29 15:46:08,599000,11.499
2026/04/29 15:46:08,600000,11.496
2026/04/29 15:46:08,601000,11.499
2026/04/29 15:46:08,602000,11.504
2026/04/29 15:46:08,603000,11.504
2026/04/29 15:46:08,604000,11.504
2026/04/29 15:46:08,605000,11.499
2026/04/29 15:46:08,606000,11.504
2026/04/29 15:46:08,607000,11.493
2026/04/29 15:46:08,608000,11.507
2026/04/29 15:46:08,609000,11.504
2026/04/29 15:46:08,610000,11.504
2026/04/29 15:46:08,611000,11.510
2026/04/29 15:46:08,612000,11.507
2026/04/29 15:46:08,613000,11.499
2026/04/29 15:46:08,614000,11.504
2026/04/29 15:46:08,615000,11.496
2026/04/29 15:46:08,616000,11.499
2026/04/29 15:46:08,617000,11.493
2026/04/29 15:46:08,618000,11.504
2026/04/29 15:46:08,619000,11.499
2026/04/29 15:46:08,620000,11.501
2026/04/29 15:46:08,621000,11.504
2026/04/29 15:46:08,622000,11.501
2026/04/29 15:46:08,623000,11.501
2026/04/29 15:46:08,624000,11.501
2026/04/29 15:46:08,625000,11.504
2026/04/29 15:46:08,626000,11.499
2026/04/29 15:46:08,627000,11.496
2026/04/29 15:46:08,628000,11.504
2026/04/29 15:46:08,629000,11.490
2026/04/29 15:46:08,630000,11.501
2026/04/29 15:46:08,631000,11.504
2026/04/29 15:46:08,632000,11.499
2026/04/29 15:46:08,633000,11.504
2026/04/29 15:46:08,634000,11.499
2026/04/29 15:46:08,635000,11.504
2026/04/29 15:46:08,636000,11.496
2026/04/29 15:46:08,637000,11.501
2026/04/29 15:46:08,638000,11.501
2026/04/29 15:46:08,639000,11.496
2026/04/29 15:46:08,640000,11.496
2026/04/29 15:46:08,641000,11.499
2026/04/29 15:46:08,642000,11.501
2026/04/29 15:46:08,643000,11.496
2026/04/29 15:46:08,644000,11.499
2026/04/29 15:46:08,645000,11.504
2026/04/29 15:46:08,646000,11.501
2026/04/29 15:46:08,647000,11.499
2026/04/29 15:46:08,648000,11.499
2026/04/29 15:46:08,649000,11.501
2026/04/29 15:46:08,650000,11.507
2026/04/29 15:46:08,651000,11.499
2026/04/29 15:46:08,652000,11.496
2026/04/29 15:46:08,653000,11.499
2026/04/29 15:46:08,654000,11.504
2026/04/29 15:46:08,655000,11.499
2026/04/29 15:46:08,656000,11.499
2026/04/29 15:46:08,657000,11.504
2026/04/29 15:46:08,658000,11.501
2026/04/29 15:46:08,659000,11.499
2026/04/29 15:46:08,660000,11.504
2026/04/29 15:46:08,661000,11.499
2026/04/29 15:46:08,662000,11.496
2026/04/29 15:46:08,663000,11.501
2026/04/29 15:46:08,664000,11.501
2026/04/29 15:46:08,665000,11.499
2026/04/29 15:46:08,666000,11.496
2026/04/29 15:46:08,667000,11.499
2026/04/29 15:46:08,668000,11.501
2026/04/29 15:46:08,669000,11.496
2026/04/29 15:46:08,670000,11.499
2026/04/29 15:46:08,671000,11.496
2026/04/29 15:46:08,672000,11.504
2026/04/29 15:46:08,673000,11.501
2026/04/29 15:46:08,674000,11.501
2026/04/29 15:46:08,675000,11.501
2026/04/29 15:46:08,676000,11.496
2026/04/29 15:46:08,677000,11.499
2026/04/29 15:46:08,678000,11.496
2026/04/29 15:46:08,679000,11.501
2026/04/29 15:46:08,680000,11.499
2026/04/29 15:46:08,681000,11.493
2026/04/29 15:46:08,682000,11.504
2026/04/29 15:46:08,683000,11.496
2026/04/29 15:46:08,684000,11.496
2026/04/29 15:46:08,685000,11.504
2026/04/29 15:46:08,686000,11.499
2026/04/29 15:46:08,687000,11.504
2026/04/29 15:46:08,688000,11.499
2026/04/29 15:46:08,689000,11.499
2026/04/29 15:46:08,690000,11.499
2026/04/29 15:46:08,691000,11.501
2026/04/29 15:46:08,692000,11.501
2026/04/29 15:46:08,693000,11.496
2026/04/29 15:46:08,694000,11.493
2026/04/29 15:46:08,695000,11.501
2026/04/29 15:46:08,696000,11.501
2026/04/29 15:46:08,697000,11.504
2026/04/29 15:46:08,698000,11.496
2026/04/29 15:46:08,699000,11.501
2026/04/29 15:46:08,700000,11.501
2026/04/29 15:46:08,701000,11.499
2026/04/29 15:46:08,702000,11.496
2026/04/29 15:46:08,703000,11.504
2026/04/29 15:46:08,704000,11.493
2026/04/29 15:46:08,705000,11.499
2026/04/29 15:46:08,706000,11.501
2026/04/29 15:46:08,707000,11.501
2026/04/29 15:46:08,708000,11.496
2026/04/29 15:46:08,709000,11.499
2026/04/29 15:46:08,710000,11.501
2026/04/29 15:46:08,711000,11.499
2026/04/29 15:46:08,712000,11.504
2026/04/29 15:46:08,713000,11.493
2026/04/29 15:46:08,714000,11.496
2026/04/29 15:46:08,715000,11.501
2026/04/29 15:46:08,716000,11.499
2026/04/29 15:46:08,717000,11.501
2026/04/29 15:46:08,718000,11.493
2026/04/29 15:46:08,719000,11.499
2026/04/29 15:46:08,720000,11.499
2026/04/29 15:46:08,721000,11.493
2026/04/29 15:46:08,722000,11.504
2026/04/29 15:46:08,723000,11.496
2026/04/29 15:46:08,724000,11.501
2026/04/29 15:46:08,725000,11.504
2026/04/29 15:46:08,726000,11.504
2026/04/29 15:46:08,727000,11.499
2026/04/29 15:46:08,728000,11.499
2026/04/29 15:46:08,729000,11.501
2026/04/29 15:46:08,730000,11.501
2026/04/29 15:46:08,731000,11.499
2026/04/29 15:46:08,732000,11.501
2026/04/29 15:46:08,733000,11.501
2026/04/29 15:46:08,734000,11.496
2026/04/29 15:46:08,735000,11.504
2026/04/29 15:46:08,736000,11.499
2026/04/29 15:46:08,737000,11.501
2026/04/29 15:46:08,738000,11.499
2026/04/29 15:46:08,739000,11.499
2026/04/29 15:46:08,740000,11.499
2026/04/29 15:46:08,741000,11.501
2026/04/29 15:46:08,742000,11.496
2026/04/29 15:46:08,743000,11.499
2026/04/29 15:46:08,744000,11.504
2026/04/29 15:46:08,745000,11.504
2026/04/29 15:46:08,746000,11.510
2026/04/29 15:46:08,747000,11.493
2026/04/29 15:46:08,748000,11.501
2026/04/29 15:46:08,749000,11.493
2026/04/29 15:46:08,750000,11.501
2026/04/29 15:46:08,751000,11.501
2026/04/29 15:46:08,752000,11.493
2026/04/29 15:46:08,753000,11.501
2026/04/29 15:46:08,754000,11.501
2026/04/29 15:46:08,755000,11.504
2026/04/29 15:46:08,756000,11.501
2026/04/29 15:46:08,757000,11.501
2026/04/29 15:46:08,758000,11.501
2026/04/29 15:46:08,759000,11.504
2026/04/29 15:46:08,760000,11.501
2026/04/29 15:46:08,761000,11.499
2026/04/29 15:46:08,762000,11.507
2026/04/29 15:46:08,763000,11.493
2026/04/29 15:46:08,764000,11.499
2026/04/29 15:46:08,765000,11.501
2026/04/29 15:46:08,766000,11.501
2026/04/29 15:46:08,767000,11.496
2026/04/29 15:46:08,768000,11.504
2026/04/29 15:46:08,769000,11.499
2026/04/29 15:46:08,770000,11.499
2026/04/29 15:46:08,771000,11.499
2026/04/29 15:46:08,772000,11.499
2026/04/29 15:46:08,773000,11.501
2026/04/29 15:46:08,774000,11.499
2026/04/29 15:46:08,775000,11.501
2026/04/29 15:46:08,776000,11.496
2026/04/29 15:46:08,777000,11.496
2026/04/29 15:46:08,778000,11.501
2026/04/29 15:46:08,779000,11.501
2026/04/29 15:46:08,780000,11.501
2026/04/29 15:46:08,781000,11.499
2026/04/29 15:46:08,782000,11.499
2026/04/29 15:46:08,783000,11.496
2026/04/29 15:46:08,784000,11.507
2026/04/29 15:46:08,785000,11.499
2026/04/29 15:46:08,786000,11.496
2026/04/29 15:46:08,787000,11.499
2026/04/29 15:46:08,788000,11.496
2026/04/29 15:46:08,789000,11.501
2026/04/29 15:46:08,790000,11.501
2026/04/29 15:46:08,791000,11.496
2026/04/29 15:46:08,792000,11.504
2026/04/29 15:46:08,793000,11.501
2026/04/29 15:46:08,794000,11.493
2026/04/29 15:46:08,795000,11.499
2026/04/29 15:46:08,796000,11.501
2026/04/29 15:46:08,797000,11.496
2026/04/29 15:46:08,798000,11.496
2026/04/29 15:46:08,799000,11.501
2026/04/29 15:46:08,800000,11.496
2026/04/29 15:46:08,801000,11.501
2026/04/29 15:46:08,802000,11.493
2026/04/29 15:46:08,803000,11.504
2026/04/29 15:46:08,804000,11.496
2026/04/29 15:46:08,805000,11.504
2026/04/29 15:46:08,806000,11.504
2026/04/29 15:46:08,807000,11.501
2026/04/29 15:46:08,808000,11.501
2026/04/29 15:46:08,809000,11.499
2026/04/29 15:46:08,810000,11.501
2026/04/29 15:46:08,811000,11.501
2026/04/29 15:46:08,812000,11.499
2026/04/29 15:46:08,813000,11.501
2026/04/29 15:46:08,814000,11.504
2026/04/29 15:46:08,815000,11.493
2026/04/29 15:46:08,816000,11.499
2026/04/29 15:46:08,817000,11.493
2026/04/29 15:46:08,818000,11.493
2026/04/29 15:46:08,819000,11.501
2026/04/29 15:46:08,820000,11.501
2026/04/29 15:46:08,821000,11.499
2026/04/29 15:46:08,822000,11.499
2026/04/29 15:46:08,823000,11.504
2026/04/29 15:46:08,824000,11.501
2026/04/29 15:46:08,825000,11.501
2026/04/29 15:46:08,826000,11.504
2026/04/29 15:46:08,827000,11.501
2026/04/29 15:46:08,828000,11.504
2026/04/29 15:46:08,829000,11.499
2026/04/29 15:46:08,830000,11.496
2026/04/29 15:46:08,831000,11.496
2026/04/29 15:46:08,832000,11.493
2026/04/29 15:46:08,833000,11.496
2026/04/29 15:46:08,834000,11.496
2026/04/29 15:46:08,835000,11.501
2026/04/29 15:46:08,836000,11.501
2026/04/29 15:46:08,837000,11.501
2026/04/29 15:46:08,838000,11.501
2026/04/29 15:46:08,839000,11.499
2026/04/29 15:46:08,840000,11.504
2026/04/29 15:46:08,841000,11.496
2026/04/29 15:46:08,842000,11.499
2026/04/29 15:46:08,843000,11.493
2026/04/29 15:46:08,844000,11.499
2026/04/29 15:46:08,845000,11.499
2026/04/29 15:46:08,846000,11.501
2026/04/29 15:46:08,847000,11.496
2026/04/29 15:46:08,848000,11.499
2026/04/29 15:46:08,849000,11.504
2026/04/29 15:46:08,850000,11.499
2026/04/29 15:46:08,851000,11.504
2026/04/29 15:46:08,852000,11.499
2026/04/29 15:46:08,853000,11.496
2026/04/29 15:46:08,854000,11.490
2026/04/29 15:46:08,855000,11.501
2026/04/29 15:46:08,856000,11.499
2026/04/29 15:46:08,857000,11.499
2026/04/29 15:46:08,858000,11.501
2026/04/29 15:46:08,859000,11.496
2026/04/29 15:46:08,860000,11.496
2026/04/29 15:46:08,861000,11.493
2026/04/29 15:46:08,862000,11.496
2026/04/29 15:46:08,863000,11.496
2026/04/29 15:46:08,864000,11.507
2026/04/29 15:46:08,865000,11.501
2026/04/29 15:46:08,866000,11.499
2026/04/29 15:46:08,867000,11.504
2026/04/29 15:46:08,868000,11.493
2026/04/29 15:46:08,869000,11.501
2026/04/29 15:46:08,870000,11.504
2026/04/29 15:46:08,871000,11.499
2026/04/29 15:46:08,872000,11.501
2026/04/29 15:46:08,873000,11.496
2026/04/29 15:46:08,874000,11.504
2026/04/29 15:46:08,875000,11.499
2026/04/29 15:46:08,876000,11.501
2026/04/29 15:46:08,877000,11.499
2026/04/29 15:46:08,878000,11.501
2026/04/29 15:46:08,879000,11.496
2026/04/29 15:46:08,880000,11.490
2026/04/29 15:46:08,881000,11.501
2026/04/29 15:46:08,882000,11.496
2026/04/29 15:46:08,883000,11.496
2026/04/29 15:46:08,884000,11.501
2026/04/29 15:46:08,885000,11.501
2026/04/29 15:46:08,886000,11.499
2026/04/29 15:46:08,887000,11.504
2026/04/29 15:46:08,888000,11.501
2026/04/29 15:46:08,889000,11.504
2026/04/29 15:46:08,890000,11.501
2026/04/29 15:46:08,891000,11.499
2026/04/29 15:46:08,892000,11.504
2026/04/29 15:46:08,893000,11.501
2026/04/29 15:46:08,894000,11.490
2026/04/29 15:46:08,895000,11.499
2026/04/29 15:46:08,896000,11.493
2026/04/29 15:46:08,897000,11.499
2026/04/29 15:46:08,898000,11.501
2026/04/29 15:46:08,899000,11.499
2026/04/29 15:46:08,900000,11.504
2026/04/29 15:46:08,901000,11.499
2026/04/29 15:46:08,902000,11.499
2026/04/29 15:46:08,903000,11.496
2026/04/29 15:46:08,904000,11.496
2026/04/29 15:46:08,905000,11.499
2026/04/29 15:46:08,906000,11.496
2026/04/29 15:46:08,907000,11.504
2026/04/29 15:46:08,908000,11.499
2026/04/29 15:46:08,909000,11.507
2026/04/29 15:46:08,910000,11.504
2026/04/29 15:46:08,911000,11.496
2026/04/29 15:46:08,912000,11.499
2026/04/29 15:46:08,913000,11.504
2026/04/29 15:46:08,914000,11.501
2026/04/29 15:46:08,915000,11.499
2026/04/29 15:46:08,916000,11.501
2026/04/29 15:46:08,917000,11.496
2026/04/29 15:46:08,918000,11.496
2026/04/29 15:46:08,919000,11.501
2026/04/29 15:46:08,920000,11.496
2026/04/29 15:46:08,921000,11.490
2026/04/29 15:46:08,922000,11.501
2026/04/29 15:46:08,923000,11.493
2026/04/29 15:46:08,924000,11.501
2026/04/29 15:46:08,925000,11.499
2026/04/29 15:46:08,926000,11.504
2026/04/29 15:46:08,927000,11.499
2026/04/29 15:46:08,928000,11.501
2026/04/29 15:46:08,929000,11.504
2026/04/29 15:46:08,930000,11.496
2026/04/29 15:46:08,931000,11.496
2026/04/29 15:46:08,932000,11.496
2026/04/29 15:46:08,933000,11.501
2026/04/29 15:46:08,934000,11.496
2026/04/29 15:46:08,935000,11.499
2026/04/29 15:46:08,936000,11.501
2026/04/29 15:46:08,937000,11.501
2026/04/29 15:46:08,938000,11.496
2026/04/29 15:46:08,939000,11.504
2026/04/29 15:46:08,940000,11.499
2026/04/29 15:46:08,941000,11.501
2026/04/29 15:46:08,942000,11.493
2026/04/29 15:46:08,943000,11.499
2026/04/29 15:46:08,944000,11.499
2026/04/29 15:46:08,945000,11.496
2026/04/29 15:46:08,946000,11.493
2026/04/29 15:46:08,947000,11.504
2026/04/29 15:46:08,948000,11.504
2026/04/29 15:46:08,949000,11.496
2026/04/29 15:46:08,950000,11.496
2026/04/29 15:46:08,951000,11.504
2026/04/29 15:46:08,952000,11.501
2026/04/29 15:46:08,953000,11.499
2026/04/29 15:46:08,954000,11.493
2026/04/29 15:46:08,955000,11.501
2026/04/29 15:46:08,956000,11.499
2026/04/29 15:46:08,957000,11.490
2026/04/29 15:46:08,958000,11.501
2026/04/29 15:46:08,959000,11.493
2026/04/29 15:46:08,960000,11.493
2026/04/29 15:46:08,961000,11.496
2026/04/29 15:46:08,962000,11.493
2026/04/29 15:46:08,963000,11.496
2026/04/29 15:46:08,964000,11.501
2026/04/29 15:46:08,965000,11.499
2026/04/29 15:46:08,966000,11.493
2026/04/29 15:46:08,967000,11.496
2026/04/29 15:46:08,968000,11.496
2026/04/29 15:46:08,969000,11.501
2026/04/29 15:46:08,970000,11.499
2026/04/29 15:46:08,971000,11.496
2026/04/29 15:46:08,972000,11.493
2026/04/29 15:46:08,973000,11.501
2026/04/29 15:46:08,974000,11.504
2026/04/29 15:46:08,975000,11.499
2026/04/29 15:46:08,976000,11.499
2026/04/29 15:46:08,977000,11.493
2026/04/29 15:46:08,978000,11.501
2026/04/29 15:46:08,979000,11.501
2026/04/29 15:46:08,980000,11.501
2026/04/29 15:46:08,981000,11.496
2026/04/29 15:46:08,982000,11.499
2026/04/29 15:46:08,983000,11.499
2026/04/29 15:46:08,984000,11.496
2026/04/29 15:46:08,985000,11.496
2026/04/29 15:46:08,986000,11.501
2026/04/29 15:46:08,987000,11.501
2026/04/29 15:46:08,988000,11.501
2026/04/29 15:46:08,989000,11.496
2026/04/29 15:46:08,990000,11.501
2026/04/29 15:46:08,991000,11.499
2026/04/29 15:46:08,992000,11.499
2026/04/29 15:46:08,993000,11.501
2026/04/29 15:46:08,994000,11.501
2026/04/29 15:46:08,995000,11.493
2026/04/29 15:46:08,996000,11.499
2026/04/29 15:46:08,997000,11.493
2026/04/29 15:46:08,998000,11.493
2026/04/29 15:46:08,999000,11.501
2026/04/29 15:46:09,000000,11.499
2026/04/29 15:46:09,001000,11.496
2026/04/29 15:46:09,002000,11.501
2026/04/29 15:46:09,003000,11.504
2026/04/29 15:46:09,004000,11.504
2026/04/29 15:46:09,005000,11.501
2026/04/29 15:46:09,006000,11.501
2026/04/29 15:46:09,007000,11.501
2026/04/29 15:46:09,008000,11.496
2026/04/29 15:46:09,009000,11.499
2026/04/29 15:46:09,010000,11.501
2026/04/29 15:46:09,011000,11.501
2026/04/29 15:46:09,012000,11.496
2026/04/29 15:46:09,013000,11.499
2026/04/29 15:46:09,014000,11.501
2026/04/29 15:46:09,015000,11.496
2026/04/29 15:46:09,016000,11.499
2026/04/29 15:46:09,017000,11.504
2026/04/29 15:46:09,018000,11.501
2026/04/29 15:46:09,019000,11.496
2026/04/29 15:46:09,020000,11.501
2026/04/29 15:46:09,021000,11.504
2026/04/29 15:46:09,022000,11.499
2026/04/29 15:46:09,023000,11.501
2026/04/29 15:46:09,024000,11.501
2026/04/29 15:46:09,025000,11.504
2026/04/29 15:46:09,026000,11.499
2026/04/29 15:46:09,027000,11.501
2026/04/29 15:46:09,028000,11.496
2026/04/29 15:46:09,029000,11.496
2026/04/29 15:46:09,030000,11.501
2026/04/29 15:46:09,031000,11.493
2026/04/29 15:46:09,032000,11.501
2026/04/29 15:46:09,033000,11.499
2026/04/29 15:46:09,034000,11.501
2026/04/29 15:46:09,035000,11.499
2026/04/29 15:46:09,036000,11.501
2026/04/29 15:46:09,037000,11.499
2026/04/29 15:46:09,038000,11.501
2026/04/29 15:46:09,039000,11.499
2026/04/29 15:46:09,040000,11.507
2026/04/29 15:46:09,041000,11.496
2026/04/29 15:46:09,042000,11.493
2026/04/29 15:46:09,043000,11.496
2026/04/29 15:46:09,044000,11.499
2026/04/29 15:46:09,045000,11.507
2026/04/29 15:46:09,046000,11.496
2026/04/29 15:46:09,047000,11.501
2026/04/29 15:46:09,048000,11.501
2026/04/29 15:46:09,049000,11.501
2026/04/29 15:46:09,050000,11.501
2026/04/29 15:46:09,051000,11.499
2026/04/29 15:46:09,052000,11.493
2026/04/29 15:46:09,053000,11.493
2026/04/29 15:46:09,054000,11.496
2026/04/29 15:46:09,055000,11.496
2026/04/29 15:46:09,056000,11.504
2026/04/29 15:46:09,057000,11.496
2026/04/29 15:46:09,058000,11.504
2026/04/29 15:46:09,059000,11.501
2026/04/29 15:46:09,060000,11.499
2026/04/29 15:46:09,061000,11.501
2026/04/29 15:46:09,062000,11.501
2026/04/29 15:46:09,063000,11.499
2026/04/29 15:46:09,064000,11.496
2026/04/29 15:46:09,065000,11.501
2026/04/29 15:46:09,066000,11.507
2026/04/29 15:46:09,067000,11.501
2026/04/29 15:46:09,068000,11.499
2026/04/29 15:46:09,069000,11.507
2026/04/29 15:46:09,070000,11.504
2026/04/29 15:46:09,071000,11.499
2026/04/29 15:46:09,072000,11.499
2026/04/29 15:46:09,073000,11.504
2026/04/29 15:46:09,074000,11.493
2026/04/29 15:46:09,075000,11.501
2026/04/29 15:46:09,076000,11.504
2026/04/29 15:46:09,077000,11.496
2026/04/29 15:46:09,078000,11.499
2026/04/29 15:46:09,079000,11.499
2026/04/29 15:46:09,080000,11.504
2026/04/29 15:46:09,081000,11.504
2026/04/29 15:46:09,082000,11.496
2026/04/29 15:46:09,083000,11.499
2026/04/29 15:46:09,084000,11.496
2026/04/29 15:46:09,085000,11.501
2026/04/29 15:46:09,086000,11.499
2026/04/29 15:46:09,087000,11.496
2026/04/29 15:46:09,088000,11.499
2026/04/29 15:46:09,089000,11.499
2026/04/29 15:46:09,090000,11.499
2026/04/29 15:46:09,091000,11.504
2026/04/29 15:46:09,092000,11.496
2026/04/29 15:46:09,093000,11.501
2026/04/29 15:46:09,094000,11.501
2026/04/29 15:46:09,095000,11.496
2026/04/29 15:46:09,096000,11.501
2026/04/29 15:46:09,097000,11.501
2026/04/29 15:46:09,098000,11.501
2026/04/29 15:46:09,099000,11.499
2026/04/29 15:46:09,100000,11.499
2026/04/29 15:46:09,101000,11.499
2026/04/29 15:46:09,102000,11.504
2026/04/29 15:46:09,103000,11.499
2026/04/29 15:46:09,104000,11.501
2026/04/29 15:46:09,105000,11.501
2026/04/29 15:46:09,106000,11.501
2026/04/29 15:46:09,107000,11.496
2026/04/29 15:46:09,108000,11.501
2026/04/29 15:46:09,109000,11.501
2026/04/29 15:46:09,110000,11.499
2026/04/29 15:46:09,111000,11.496
2026/04/29 15:46:09,112000,11.499
2026/04/29 15:46:09,113000,11.499
2026/04/29 15:46:09,114000,11.501
2026/04/29 15:46:09,115000,11.504
2026/04/29 15:46:09,116000,11.493
2026/04/29 15:46:09,117000,11.501
2026/04/29 15:46:09,118000,11.493
2026/04/29 15:46:09,119000,11.496
2026/04/29 15:46:09,120000,11.501
2026/04/29 15:46:09,121000,11.499
2026/04/29 15:46:09,122000,11.499
2026/04/29 15:46:09,123000,11.496
2026/04/29 15:46:09,124000,11.496
2026/04/29 15:46:09,125000,11.490
2026/04/29 15:46:09,126000,11.499
2026/04/29 15:46:09,127000,11.501
2026/04/29 15:46:09,128000,11.496
2026/04/29 15:46:09,129000,11.501
2026/04/29 15:46:09,130000,11.499
2026/04/29 15:46:09,131000,11.501
2026/04/29 15:46:09,132000,11.507
2026/04/29 15:46:09,133000,11.496
2026/04/29 15:46:09,134000,11.501
2026/04/29 15:46:09,135000,11.496
2026/04/29 15:46:09,136000,11.493
2026/04/29 15:46:09,137000,11.496
2026/04/29 15:46:09,138000,11.501
2026/04/29 15:46:09,139000,11.504
2026/04/29 15:46:09,140000,11.499
2026/04/29 15:46:09,141000,11.499
2026/04/29 15:46:09,142000,11.496
2026/04/29 15:46:09,143000,11.501
2026/04/29 15:46:09,144000,11.499
2026/04/29 15:46:09,145000,11.504
2026/04/29 15:46:09,146000,11.493
2026/04/29 15:46:09,147000,11.504
2026/04/29 15:46:09,148000,11.501
2026/04/29 15:46:09,149000,11.504
2026/04/29 15:46:09,150000,11.496
2026/04/29 15:46:09,151000,11.496
2026/04/29 15:46:09,152000,11.501
2026/04/29 15:46:09,153000,11.499
2026/04/29 15:46:09,154000,11.493
2026/04/29 15:46:09,155000,11.496
2026/04/29 15:46:09,156000,11.493
2026/04/29 15:46:09,157000,11.496
2026/04/29 15:46:09,158000,11.501
2026/04/29 15:46:09,159000,11.499
2026/04/29 15:46:09,160000,11.499
2026/04/29 15:46:09,161000,11.501
2026/04/29 15:46:09,162000,11.499
2026/04/29 15:46:09,163000,11.501
2026/04/29 15:46:09,164000,11.499
2026/04/29 15:46:09,165000,11.501
2026/04/29 15:46:09,166000,11.501
2026/04/29 15:46:09,167000,11.496
2026/04/29 15:46:09,168000,11.496
2026/04/29 15:46:09,169000,11.504
2026/04/29 15:46:09,170000,11.501
2026/04/29 15:46:09,171000,11.501
2026/04/29 15:46:09,172000,11.499
2026/04/29 15:46:09,173000,11.496
2026/04/29 15:46:09,174000,11.501
2026/04/29 15:46:09,175000,11.499
2026/04/29 15:46:09,176000,11.501
2026/04/29 15:46:09,177000,11.496
2026/04/29 15:46:09,178000,11.499
2026/04/29 15:46:09,179000,11.499
2026/04/29 15:46:09,180000,11.499
2026/04/29 15:46:09,181000,11.501
2026/04/29 15:46:09,182000,11.501
2026/04/29 15:46:09,183000,11.496
2026/04/29 15:46:09,184000,11.504
2026/04/29 15:46:09,185000,11.499
2026/04/29 15:46:09,186000,11.501
2026/04/29 15:46:09,187000,11.493
2026/04/29 15:46:09,188000,11.499
2026/04/29 15:46:09,189000,11.493
2026/04/29 15:46:09,190000,11.501
2026/04/29 15:46:09,191000,11.504
2026/04/29 15:46:09,192000,11.496
2026/04/29 15:46:09,193000,11.496
2026/04/29 15:46:09,194000,11.501
2026/04/29 15:46:09,195000,11.504
2026/04/29 15:46:09,196000,11.499
2026/04/29 15:46:09,197000,11.501
2026/04/29 15:46:09,198000,11.504
2026/04/29 15:46:09,199000,11.493
2026/04/29 15:46:09,200000,11.499
2026/04/29 15:46:09,201000,11.501
2026/04/29 15:46:09,202000,11.501
2026/04/29 15:46:09,203000,11.496
2026/04/29 15:46:09,204000,11.504
2026/04/29 15:46:09,205000,11.501
2026/04/29 15:46:09,206000,11.499
2026/04/29 15:46:09,207000,11.496
2026/04/29 15:46:09,208000,11.499
2026/04/29 15:46:09,209000,11.496
2026/04/29 15:46:09,210000,11.496
2026/04/29 15:46:09,211000,11.499
2026/04/29 15:46:09,212000,11.501
2026/04/29 15:46:09,213000,11.501
2026/04/29 15:46:09,214000,11.499
2026/04/29 15:46:09,215000,11.499
2026/04/29 15:46:09,216000,11.499
2026/04/29 15:46:09,217000,11.499
2026/04/29 15:46:09,218000,11.499
2026/04/29 15:46:09,219000,11.493
2026/04/29 15:46:09,220000,11.493
2026/04/29 15:46:09,221000,11.504
2026/04/29 15:46:09,222000,11.496
2026/04/29 15:46:09,223000,11.496
2026/04/29 15:46:09,224000,11.507
2026/04/29 15:46:09,225000,11.493
2026/04/29 15:46:09,226000,11.501
2026/04/29 15:46:09,227000,11.504
2026/04/29 15:46:09,228000,11.490
2026/04/29 15:46:09,229000,11.493
2026/04/29 15:46:09,230000,11.496
2026/04/29 15:46:09,231000,11.499
2026/04/29 15:46:09,232000,11.499
2026/04/29 15:46:09,233000,11.504
2026/04/29 15:46:09,234000,11.496
2026/04/29 15:46:09,235000,11.499
2026/04/29 15:46:09,236000,11.501
2026/04/29 15:46:09,237000,11.501
2026/04/29 15:46:09,238000,11.496
2026/04/29 15:46:09,239000,11.499
2026/04/29 15:46:09,240000,11.501
2026/04/29 15:46:09,241000,11.501
2026/04/29 15:46:09,242000,11.496
2026/04/29 15:46:09,243000,11.499
2026/04/29 15:46:09,244000,11.504
2026/04/29 15:46:09,245000,11.501
2026/04/29 15:46:09,246000,11.499
2026/04/29 15:46:09,247000,11.501
2026/04/29 15:46:09,248000,11.496
2026/04/29 15:46:09,249000,11.499
2026/04/29 15:46:09,250000,11.501
2026/04/29 15:46:09,251000,11.504
2026/04/29 15:46:09,252000,11.496
2026/04/29 15:46:09,253000,11.496
2026/04/29 15:46:09,254000,11.496
2026/04/29 15:46:09,255000,11.496
2026/04/29 15:46:09,256000,11.499
2026/04/29 15:46:09,257000,11.493
2026/04/29 15:46:09,258000,11.496
2026/04/29 15:46:09,259000,11.504
2026/04/29 15:46:09,260000,11.496
2026/04/29 15:46:09,261000,11.496
2026/04/29 15:46:09,262000,11.499
2026/04/29 15:46:09,263000,11.499
2026/04/29 15:46:09,264000,11.496
2026/04/29 15:46:09,265000,11.501
2026/04/29 15:46:09,266000,11.499
2026/04/29 15:46:09,267000,11.499
2026/04/29 15:46:09,268000,11.496
2026/04/29 15:46:09,269000,11.499
2026/04/29 15:46:09,270000,11.496
2026/04/29 15:46:09,271000,11.499
2026/04/29 15:46:09,272000,11.499
2026/04/29 15:46:09,273000,11.501
2026/04/29 15:46:09,274000,11.499
2026/04/29 15:46:09,275000,11.499
2026/04/29 15:46:09,276000,11.499
2026/04/29 15:46:09,277000,11.501
2026/04/29 15:46:09,278000,11.499
2026/04/29 15:46:09,279000,11.496
2026/04/29 15:46:09,280000,11.493
2026/04/29 15:46:09,281000,11.499
2026/04/29 15:46:09,282000,11.496
2026/04/29 15:46:09,283000,11.499
2026/04/29 15:46:09,284000,11.499
2026/04/29 15:46:09,285000,11.499
2026/04/29 15:46:09,286000,11.499
2026/04/29 15:46:09,287000,11.493
2026/04/29 15:46:09,288000,11.499
2026/04/29 15:46:09,289000,11.499
2026/04/29 15:46:09,290000,11.499
2026/04/29 15:46:09,291000,11.501
2026/04/29 15:46:09,292000,11.496
2026/04/29 15:46:09,293000,11.493
2026/04/29 15:46:09,294000,11.501
2026/04/29 15:46:09,295000,11.499
2026/04/29 15:46:09,296000,11.496
2026/04/29 15:46:09,297000,11.493
2026/04/29 15:46:09,298000,11.499
2026/04/29 15:46:09,299000,11.496
2026/04/29 15:46:09,300000,11.490
2026/04/29 15:46:09,301000,11.501
2026/04/29 15:46:09,302000,11.501
2026/04/29 15:46:09,303000,11.499
2026/04/29 15:46:09,304000,11.499
2026/04/29 15:46:09,305000,11.501
2026/04/29 15:46:09,306000,11.496
2026/04/29 15:46:09,307000,11.499
2026/04/29 15:46:09,308000,11.493
2026/04/29 15:46:09,309000,11.501
2026/04/29 15:46:09,310000,11.499
2026/04/29 15:46:09,311000,11.496
2026/04/29 15:46:09,312000,11.499
2026/04/29 15:46:09,313000,11.499
2026/04/29 15:46:09,314000,11.501
2026/04/29 15:46:09,315000,11.490
2026/04/29 15:46:09,316000,11.501
2026/04/29 15:46:09,317000,11.493
2026/04/29 15:46:09,318000,11.496
2026/04/29 15:46:09,319000,11.501
2026/04/29 15:46:09,320000,11.499
2026/04/29 15:46:09,321000,11.504
2026/04/29 15:46:09,322000,11.499
2026/04/29 15:46:09,323000,11.504
2026/04/29 15:46:09,324000,11.499
2026/04/29 15:46:09,325000,11.499
2026/04/29 15:46:09,326000,11.501
2026/04/29 15:46:09,327000,11.496
2026/04/29 15:46:09,328000,11.504
2026/04/29 15:46:09,329000,11.490
2026/04/29 15:46:09,330000,11.496
2026/04/29 15:46:09,331000,11.501
2026/04/29 15:46:09,332000,11.501
2026/04/29 15:46:09,333000,11.499
2026/04/29 15:46:09,334000,11.499
2026/04/29 15:46:09,335000,11.499
2026/04/29 15:46:09,336000,11.493
2026/04/29 15:46:09,337000,11.504
2026/04/29 15:46:09,338000,11.496
2026/04/29 15:46:09,339000,11.501
2026/04/29 15:46:09,340000,11.499
2026/04/29 15:46:09,341000,11.496
2026/04/29 15:46:09,342000,11.501
2026/04/29 15:46:09,343000,11.496
2026/04/29 15:46:09,344000,11.499
2026/04/29 15:46:09,345000,11.501
2026/04/29 15:46:09,346000,11.501
2026/04/29 15:46:09,347000,11.501
2026/04/29 15:46:09,348000,11.499
2026/04/29 15:46:09,349000,11.499
2026/04/29 15:46:09,350000,11.499
2026/04/29 15:46:09,351000,11.504
2026/04/29 15:46:09,352000,11.493
2026/04/29 15:46:09,353000,11.501
2026/04/29 15:46:09,354000,11.499
2026/04/29 15:46:09,355000,11.496
2026/04/29 15:46:09,356000,11.499
2026/04/29 15:46:09,357000,11.499
2026/04/29 15:46:09,358000,11.499
2026/04/29 15:46:09,359000,11.499
2026/04/29 15:46:09,360000,11.499
2026/04/29 15:46:09,361000,11.499
2026/04/29 15:46:09,362000,11.499
2026/04/29 15:46:09,363000,11.501
2026/04/29 15:46:09,364000,11.501
2026/04/29 15:46:09,365000,11.496
2026/04/29 15:46:09,366000,11.496
2026/04/29 15:46:09,367000,11.499
2026/04/29 15:46:09,368000,11.493
2026/04/29 15:46:09,369000,11.493
2026/04/29 15:46:09,370000,11.499
2026/04/29 15:46:09,371000,11.496
2026/04/29 15:46:09,372000,11.496
2026/04/29 15:46:09,373000,11.501
2026/04/29 15:46:09,374000,11.501
2026/04/29 15:46:09,375000,11.493
2026/04/29 15:46:09,376000,11.496
2026/04/29 15:46:09,377000,11.499
2026/04/29 15:46:09,378000,11.510
2026/04/29 15:46:09,379000,11.496
2026/04/29 15:46:09,380000,11.499
2026/04/29 15:46:09,381000,11.501
2026/04/29 15:46:09,382000,11.496
2026/04/29 15:46:09,383000,11.496
2026/04/29 15:46:09,384000,11.501
2026/04/29 15:46:09,385000,11.496
2026/04/29 15:46:09,386000,11.496
2026/04/29 15:46:09,387000,11.493
2026/04/29 15:46:09,388000,11.499
2026/04/29 15:46:09,389000,11.499
2026/04/29 15:46:09,390000,11.499
2026/04/29 15:46:09,391000,11.504
2026/04/29 15:46:09,392000,11.501
2026/04/29 15:46:09,393000,11.493
2026/04/29 15:46:09,394000,11.501
2026/04/29 15:46:09,395000,11.496
2026/04/29 15:46:09,396000,11.499
2026/04/29 15:46:09,397000,11.501
2026/04/29 15:46:09,398000,11.493
2026/04/29 15:46:09,399000,11.490
2026/04/29 15:46:09,400000,11.501
2026/04/29 15:46:09,401000,11.504
2026/04/29 15:46:09,402000,11.499
2026/04/29 15:46:09,403000,11.499
2026/04/29 15:46:09,404000,11.496
2026/04/29 15:46:09,405000,11.493
2026/04/29 15:46:09,406000,11.504
2026/04/29 15:46:09,407000,11.496
2026/04/29 15:46:09,408000,11.501
2026/04/29 15:46:09,409000,11.501
2026/04/29 15:46:09,410000,11.499
2026/04/29 15:46:09,411000,11.493
2026/04/29 15:46:09,412000,11.496
2026/04/29 15:46:09,413000,11.493
2026/04/29 15:46:09,414000,11.499
2026/04/29 15:46:09,415000,11.499
2026/04/29 15:46:09,416000,11.499
2026/04/29 15:46:09,417000,11.501
2026/04/29 15:46:09,418000,11.501
2026/04/29 15:46:09,419000,11.496
2026/04/29 15:46:09,420000,11.501
2026/04/29 15:46:09,421000,11.501
2026/04/29 15:46:09,422000,11.499
2026/04/29 15:46:09,423000,11.499
2026/04/29 15:46:09,424000,11.501
2026/04/29 15:46:09,425000,11.501
2026/04/29 15:46:09,426000,11.493
2026/04/29 15:46:09,427000,11.496
2026/04/29 15:46:09,428000,11.496
2026/04/29 15:46:09,429000,11.504
2026/04/29 15:46:09,430000,11.501
2026/04/29 15:46:09,431000,11.501
2026/04/29 15:46:09,432000,11.499
2026/04/29 15:46:09,433000,11.499
2026/04/29 15:46:09,434000,11.501
2026/04/29 15:46:09,435000,11.501
2026/04/29 15:46:09,436000,11.499
2026/04/29 15:46:09,437000,11.493
2026/04/29 15:46:09,438000,11.504
2026/04/29 15:46:09,439000,11.501
2026/04/29 15:46:09,440000,11.499
2026/04/29 15:46:09,441000,11.504
2026/04/29 15:46:09,442000,11.499
2026/04/29 15:46:09,443000,11.496
2026/04/29 15:46:09,444000,11.501
2026/04/29 15:46:09,445000,11.501
2026/04/29 15:46:09,446000,11.493
2026/04/29 15:46:09,447000,11.496
2026/04/29 15:46:09,448000,11.501
2026/04/29 15:46:09,449000,11.496
2026/04/29 15:46:09,450000,11.501
2026/04/29 15:46:09,451000,11.496
2026/04/29 15:46:09,452000,11.501
2026/04/29 15:46:09,453000,11.493
2026/04/29 15:46:09,454000,11.490
2026/04/29 15:46:09,455000,11.501
2026/04/29 15:46:09,456000,11.499
2026/04/29 15:46:09,457000,11.501
2026/04/29 15:46:09,458000,11.501
2026/04/29 15:46:09,459000,11.501
2026/04/29 15:46:09,460000,11.499
2026/04/29 15:46:09,461000,11.501
2026/04/29 15:46:09,462000,11.499
2026/04/29 15:46:09,463000,11.504
2026/04/29 15:46:09,464000,11.496
2026/04/29 15:46:09,465000,11.504
2026/04/29 15:46:09,466000,11.499
2026/04/29 15:46:09,467000,11.504
2026/04/29 15:46:09,468000,11.507
2026/04/29 15:46:09,469000,11.496
2026/04/29 15:46:09,470000,11.501
2026/04/29 15:46:09,471000,11.499
2026/04/29 15:46:09,472000,11.501
2026/04/29 15:46:09,473000,11.496
2026/04/29 15:46:09,474000,11.499
2026/04/29 15:46:09,475000,11.501
2026/04/29 15:46:09,476000,11.499
2026/04/29 15:46:09,477000,11.496
2026/04/29 15:46:09,478000,11.499
2026/04/29 15:46:09,479000,11.504
2026/04/29 15:46:09,480000,11.493
2026/04/29 15:46:09,481000,11.496
2026/04/29 15:46:09,482000,11.496
2026/04/29 15:46:09,483000,11.501
2026/04/29 15:46:09,484000,11.504
2026/04/29 15:46:09,485000,11.501
2026/04/29 15:46:09,486000,11.499
2026/04/29 15:46:09,487000,11.504
2026/04/29 15:46:09,488000,11.499
2026/04/29 15:46:09,489000,11.493
2026/04/29 15:46:09,490000,11.501
2026/04/29 15:46:09,491000,11.499
2026/04/29 15:46:09,492000,11.501
2026/04/29 15:46:09,493000,11.504
2026/04/29 15:46:09,494000,11.499
2026/04/29 15:46:09,495000,11.496
2026/04/29 15:46:09,496000,11.499
2026/04/29 15:46:09,497000,11.499
2026/04/29 15:46:09,498000,11.504
2026/04/29 15:46:09,499000,11.504
2026/04/29 15:46:09,500000,11.490
2026/04/29 15:46:09,501000,11.496
2026/04/29 15:46:09,502000,11.501
2026/04/29 15:46:09,503000,11.501
2026/04/29 15:46:09,504000,11.499
2026/04/29 15:46:09,505000,11.493
2026/04/29 15:46:09,506000,11.501
2026/04/29 15:46:09,507000,11.501
2026/04/29 15:46:09,508000,11.501
2026/04/29 15:46:09,509000,11.499
2026/04/29 15:46:09,510000,11.504
2026/04/29 15:46:09,511000,11.501
2026/04/29 15:46:09,512000,11.504
2026/04/29 15:46:09,513000,11.504
2026/04/29 15:46:09,514000,11.501
2026/04/29 15:46:09,515000,11.501
2026/04/29 15:46:09,516000,11.499
2026/04/29 15:46:09,517000,11.501
2026/04/29 15:46:09,518000,11.501
2026/04/29 15:46:09,519000,11.499
2026/04/29 15:46:09,520000,11.499
2026/04/29 15:46:09,521000,11.501
2026/04/29 15:46:09,522000,11.493
2026/04/29 15:46:09,523000,11.504
2026/04/29 15:46:09,524000,11.499
2026/04/29 15:46:09,525000,11.499
2026/04/29 15:46:09,526000,11.501
2026/04/29 15:46:09,527000,11.504
2026/04/29 15:46:09,528000,11.496
2026/04/29 15:46:09,529000,11.496
2026/04/29 15:46:09,530000,11.504
2026/04/29 15:46:09,531000,11.499
2026/04/29 15:46:09,532000,11.499
2026/04/29 15:46:09,533000,11.499
2026/04/29 15:46:09,534000,11.501
2026/04/29 15:46:09,535000,11.507
2026/04/29 15:46:09,536000,11.501
2026/04/29 15:46:09,537000,11.499
2026/04/29 15:46:09,538000,11.501
2026/04/29 15:46:09,539000,11.490
2026/04/29 15:46:09,540000,11.493
2026/04/29 15:46:09,541000,11.507
2026/04/29 15:46:09,542000,11.496
2026/04/29 15:46:09,543000,11.504
2026/04/29 15:46:09,544000,11.499
2026/04/29 15:46:09,545000,11.493
2026/04/29 15:46:09,546000,11.499
2026/04/29 15:46:09,547000,11.501
2026/04/29 15:46:09,548000,11.499
2026/04/29 15:46:09,549000,11.499
2026/04/29 15:46:09,550000,11.490
2026/04/29 15:46:09,551000,11.496
2026/04/29 15:46:09,552000,11.499
2026/04/29 15:46:09,553000,11.504
2026/04/29 15:46:09,554000,11.499
2026/04/29 15:46:09,555000,11.499
2026/04/29 15:46:09,556000,11.496
2026/04/29 15:46:09,557000,11.501
2026/04/29 15:46:09,558000,11.507
2026/04/29 15:46:09,559000,11.501
2026/04/29 15:46:09,560000,11.501
2026/04/29 15:46:09,561000,11.501
2026/04/29 15:46:09,562000,11.504
2026/04/29 15:46:09,563000,11.504
2026/04/29 15:46:09,564000,11.493
2026/04/29 15:46:09,565000,11.510
2026/04/29 15:46:09,566000,11.499
2026/04/29 15:46:09,567000,11.501
2026/04/29 15:46:09,568000,11.499
2026/04/29 15:46:09,569000,11.493
2026/04/29 15:46:09,570000,11.501
2026/04/29 15:46:09,571000,11.501
2026/04/29 15:46:09,572000,11.501
2026/04/29 15:46:09,573000,11.493
2026/04/29 15:46:09,574000,11.496
2026/04/29 15:46:09,575000,11.504
2026/04/29 15:46:09,576000,11.504
2026/04/29 15:46:09,577000,11.499
2026/04/29 15:46:09,578000,11.499
2026/04/29 15:46:09,579000,11.496
2026/04/29 15:46:09,580000,11.501
2026/04/29 15:46:09,581000,11.499
2026/04/29 15:46:09,582000,11.496
2026/04/29 15:46:09,583000,11.496
2026/04/29 15:46:09,584000,11.501
2026/04/29 15:46:09,585000,11.501
2026/04/29 15:46:09,586000,11.501
2026/04/29 15:46:09,587000,11.499
2026/04/29 15:46:09,588000,11.501
2026/04/29 15:46:09,589000,11.496
2026/04/29 15:46:09,590000,11.496
2026/04/29 15:46:09,591000,11.501
2026/04/29 15:46:09,592000,11.501
2026/04/29 15:46:09,593000,11.499
2026/04/29 15:46:09,594000,11.496
2026/04/29 15:46:09,595000,11.499
2026/04/29 15:46:09,596000,11.496
2026/04/29 15:46:09,597000,11.504
2026/04/29 15:46:09,598000,11.504
2026/04/29 15:46:09,599000,11.501
2026/04/29 15:46:09,600000,11.501
2026/04/29 15:46:09,601000,11.499
2026/04/29 15:46:09,602000,11.490
2026/04/29 15:46:09,603000,11.499
2026/04/29 15:46:09,604000,11.499
2026/04/29 15:46:09,605000,11.496
2026/04/29 15:46:09,606000,11.504
2026/04/29 15:46:09,607000,11.499
2026/04/29 15:46:09,608000,11.499
2026/04/29 15:46:09,609000,11.496
2026/04/29 15:46:09,610000,11.504
2026/04/29 15:46:09,611000,11.501
2026/04/29 15:46:09,612000,11.499
2026/04/29 15:46:09,613000,11.496
2026/04/29 15:46:09,614000,11.501
2026/04/29 15:46:09,615000,11.496
2026/04/29 15:46:09,616000,11.504
2026/04/29 15:46:09,617000,11.499
2026/04/29 15:46:09,618000,11.493
2026/04/29 15:46:09,619000,11.501
2026/04/29 15:46:09,620000,11.504
2026/04/29 15:46:09,621000,11.499
2026/04/29 15:46:09,622000,11.504
2026/04/29 15:46:09,623000,11.501
2026/04/29 15:46:09,624000,11.501
2026/04/29 15:46:09,625000,11.501
2026/04/29 15:46:09,626000,11.499
2026/04/29 15:46:09,627000,11.510
2026/04/29 15:46:09,628000,11.496
2026/04/29 15:46:09,629000,11.499
2026/04/29 15:46:09,630000,11.507
2026/04/29 15:46:09,631000,11.496
2026/04/29 15:46:09,632000,11.501
2026/04/29 15:46:09,633000,11.499
2026/04/29 15:46:09,634000,11.496
2026/04/29 15:46:09,635000,11.501
2026/04/29 15:46:09,636000,11.499
2026/04/29 15:46:09,637000,11.501
2026/04/29 15:46:09,638000,11.501
2026/04/29 15:46:09,639000,11.504
2026/04/29 15:46:09,640000,11.499
2026/04/29 15:46:09,641000,11.501
2026/04/29 15:46:09,642000,11.501
2026/04/29 15:46:09,643000,11.504
2026/04/29 15:46:09,644000,11.499
2026/04/29 15:46:09,645000,11.501
2026/04/29 15:46:09,646000,11.499
2026/04/29 15:46:09,647000,11.504
2026/04/29 15:46:09,648000,11.501
2026/04/29 15:46:09,649000,11.499
2026/04/29 15:46:09,650000,11.499
2026/04/29 15:46:09,651000,11.499
2026/04/29 15:46:09,652000,11.499
2026/04/29 15:46:09,653000,11.501
2026/04/29 15:46:09,654000,11.507
2026/04/29 15:46:09,655000,11.501
2026/04/29 15:46:09,656000,11.499
2026/04/29 15:46:09,657000,11.504
2026/04/29 15:46:09,658000,11.504
2026/04/29 15:46:09,659000,11.501
2026/04/29 15:46:09,660000,11.499
2026/04/29 15:46:09,661000,11.496
2026/04/29 15:46:09,662000,11.501
2026/04/29 15:46:09,663000,11.501
2026/04/29 15:46:09,664000,11.499
2026/04/29 15:46:09,665000,11.496
2026/04/29 15:46:09,666000,11.499
2026/04/29 15:46:09,667000,11.501
2026/04/29 15:46:09,668000,11.504
2026/04/29 15:46:09,669000,11.499
2026/04/29 15:46:09,670000,11.496
2026/04/29 15:46:09,671000,11.501
2026/04/29 15:46:09,672000,11.504
2026/04/29 15:46:09,673000,11.501
2026/04/29 15:46:09,674000,11.504
2026/04/29 15:46:09,675000,11.504
2026/04/29 15:46:09,676000,11.499
2026/04/29 15:46:09,677000,11.499
2026/04/29 15:46:09,678000,11.499
2026/04/29 15:46:09,679000,11.499
2026/04/29 15:46:09,680000,11.499
2026/04/29 15:46:09,681000,11.504
2026/04/29 15:46:09,682000,11.499
2026/04/29 15:46:09,683000,11.501
2026/04/29 15:46:09,684000,11.499
2026/04/29 15:46:09,685000,11.501
2026/04/29 15:46:09,686000,11.499
2026/04/29 15:46:09,687000,11.504
2026/04/29 15:46:09,688000,11.493
2026/04/29 15:46:09,689000,11.496
2026/04/29 15:46:09,690000,11.493
2026/04/29 15:46:09,691000,11.499
2026/04/29 15:46:09,692000,11.493
2026/04/29 15:46:09,693000,11.501
2026/04/29 15:46:09,694000,11.499
2026/04/29 15:46:09,695000,11.504
2026/04/29 15:46:09,696000,11.504
2026/04/29 15:46:09,697000,11.504
2026/04/29 15:46:09,698000,11.499
2026/04/29 15:46:09,699000,11.496
2026/04/29 15:46:09,700000,11.493
2026/04/29 15:46:09,701000,11.501
2026/04/29 15:46:09,702000,11.504
2026/04/29 15:46:09,703000,11.501
2026/04/29 15:46:09,704000,11.507
2026/04/29 15:46:09,705000,11.501
2026/04/29 15:46:09,706000,11.496
2026/04/29 15:46:09,707000,11.499
2026/04/29 15:46:09,708000,11.501
2026/04/29 15:46:09,709000,11.510
2026/04/29 15:46:09,710000,11.496
2026/04/29 15:46:09,711000,11.501
2026/04/29 15:46:09,712000,11.493
2026/04/29 15:46:09,713000,11.499
2026/04/29 15:46:09,714000,11.501
2026/04/29 15:46:09,715000,11.504
2026/04/29 15:46:09,716000,11.501
2026/04/29 15:46:09,717000,11.499
2026/04/29 15:46:09,718000,11.496
2026/04/29 15:46:09,719000,11.501
2026/04/29 15:46:09,720000,11.496
2026/04/29 15:46:09,721000,11.499
2026/04/29 15:46:09,722000,11.496
2026/04/29 15:46:09,723000,11.496
2026/04/29 15:46:09,724000,11.493
2026/04/29 15:46:09,725000,11.499
2026/04/29 15:46:09,726000,11.513
2026/04/29 15:46:09,727000,11.493
2026/04/29 15:46:09,728000,11.501
2026/04/29 15:46:09,729000,11.496
2026/04/29 15:46:09,730000,11.496
2026/04/29 15:46:09,731000,11.499
2026/04/29 15:46:09,732000,11.493
2026/04/29 15:46:09,733000,11.501
2026/04/29 15:46:09,734000,11.493
2026/04/29 15:46:09,735000,11.493
2026/04/29 15:46:09,736000,11.501
2026/04/29 15:46:09,737000,11.496
2026/04/29 15:46:09,738000,11.504
2026/04/29 15:46:09,739000,11.499
2026/04/29 15:46:09,740000,11.493
2026/04/29 15:46:09,741000,11.504
2026/04/29 15:46:09,742000,11.499
2026/04/29 15:46:09,743000,11.499
2026/04/29 15:46:09,744000,11.501
2026/04/29 15:46:09,745000,11.504
2026/04/29 15:46:09,746000,11.499
2026/04/29 15:46:09,747000,11.499
2026/04/29 15:46:09,748000,11.499
2026/04/29 15:46:09,749000,11.499
2026/04/29 15:46:09,750000,11.499
2026/04/29 15:46:09,751000,11.501
2026/04/29 15:46:09,752000,11.499
2026/04/29 15:46:09,753000,11.496
2026/04/29 15:46:09,754000,11.499
2026/04/29 15:46:09,755000,11.499
2026/04/29 15:46:09,756000,11.501
2026/04/29 15:46:09,757000,11.501
2026/04/29 15:46:09,758000,11.496
2026/04/29 15:46:09,759000,11.504
2026/04/29 15:46:09,760000,11.496
2026/04/29 15:46:09,761000,11.501
2026/04/29 15:46:09,762000,11.496
2026/04/29 15:46:09,763000,11.504
2026/04/29 15:46:09,764000,11.499
2026/04/29 15:46:09,765000,11.499
2026/04/29 15:46:09,766000,11.499
2026/04/29 15:46:09,767000,11.499
2026/04/29 15:46:09,768000,11.501
2026/04/29 15:46:09,769000,11.501
2026/04/29 15:46:09,770000,11.501
2026/04/29 15:46:09,771000,11.499
2026/04/29 15:46:09,772000,11.499
2026/04/29 15:46:09,773000,11.499
2026/04/29 15:46:09,774000,11.499
2026/04/29 15:46:09,775000,11.487
2026/04/29 15:46:09,776000,11.501
2026/04/29 15:46:09,777000,11.496
2026/04/29 15:46:09,778000,11.493
2026/04/29 15:46:09,779000,11.499
2026/04/29 15:46:09,780000,11.499
2026/04/29 15:46:09,781000,11.493
2026/04/29 15:46:09,782000,11.493
2026/04/29 15:46:09,783000,11.501
2026/04/29 15:46:09,784000,11.493
2026/04/29 15:46:09,785000,11.493
2026/04/29 15:46:09,786000,11.496
2026/04/29 15:46:09,787000,11.499
2026/04/29 15:46:09,788000,11.496
2026/04/29 15:46:09,789000,11.496
2026/04/29 15:46:09,790000,11.501
2026/04/29 15:46:09,791000,11.501
2026/04/29 15:46:09,792000,11.501
2026/04/29 15:46:09,793000,11.493
2026/04/29 15:46:09,794000,11.499
2026/04/29 15:46:09,795000,11.490
2026/04/29 15:46:09,796000,11.493
2026/04/29 15:46:09,797000,11.504
2026/04/29 15:46:09,798000,11.499
2026/04/29 15:46:09,799000,11.501
2026/04/29 15:46:09,800000,11.501
2026/04/29 15:46:09,801000,11.499
2026/04/29 15:46:09,802000,11.496
2026/04/29 15:46:09,803000,11.499
2026/04/29 15:46:09,804000,11.493
2026/04/29 15:46:09,805000,11.501
2026/04/29 15:46:09,806000,11.499
2026/04/29 15:46:09,807000,11.499
2026/04/29 15:46:09,808000,11.499
2026/04/29 15:46:09,809000,11.493
2026/04/29 15:46:09,810000,11.501
2026/04/29 15:46:09,811000,11.501
2026/04/29 15:46:09,812000,11.499
2026/04/29 15:46:09,813000,11.499
2026/04/29 15:46:09,814000,11.496
2026/04/29 15:46:09,815000,11.501
2026/04/29 15:46:09,816000,11.504
2026/04/29 15:46:09,817000,11.504
2026/04/29 15:46:09,818000,11.493
2026/04/29 15:46:09,819000,11.499
2026/04/29 15:46:09,820000,11.501
2026/04/29 15:46:09,821000,11.499
2026/04/29 15:46:09,822000,11.493
2026/04/29 15:46:09,823000,11.493
2026/04/29 15:46:09,824000,11.504
2026/04/29 15:46:09,825000,11.493
2026/04/29 15:46:09,826000,11.504
2026/04/29 15:46:09,827000,11.499
2026/04/29 15:46:09,828000,11.499
2026/04/29 15:46:09,829000,11.499
2026/04/29 15:46:09,830000,11.493
2026/04/29 15:46:09,831000,11.496
2026/04/29 15:46:09,832000,11.496
2026/04/29 15:46:09,833000,11.499
2026/04/29 15:46:09,834000,11.493
2026/04/29 15:46:09,835000,11.499
2026/04/29 15:46:09,836000,11.499
2026/04/29 15:46:09,837000,11.504
2026/04/29 15:46:09,838000,11.496
2026/04/29 15:46:09,839000,11.496
2026/04/29 15:46:09,840000,11.496
2026/04/29 15:46:09,841000,11.501
2026/04/29 15:46:09,842000,11.499
2026/04/29 15:46:09,843000,11.499
2026/04/29 15:46:09,844000,11.493
2026/04/29 15:46:09,845000,11.499
2026/04/29 15:46:09,846000,11.496
2026/04/29 15:46:09,847000,11.504
2026/04/29 15:46:09,848000,11.499
2026/04/29 15:46:09,849000,11.499
2026/04/29 15:46:09,850000,11.499
2026/04/29 15:46:09,851000,11.499
2026/04/29 15:46:09,852000,11.501
2026/04/29 15:46:09,853000,11.496
2026/04/29 15:46:09,854000,11.496
2026/04/29 15:46:09,855000,11.496
2026/04/29 15:46:09,856000,11.504
2026/04/29 15:46:09,857000,11.499
2026/04/29 15:46:09,858000,11.496
2026/04/29 15:46:09,859000,11.501
2026/04/29 15:46:09,860000,11.499
2026/04/29 15:46:09,861000,11.496
2026/04/29 15:46:09,862000,11.499
2026/04/29 15:46:09,863000,11.499
2026/04/29 15:46:09,864000,11.504
2026/04/29 15:46:09,865000,11.493
2026/04/29 15:46:09,866000,11.493
2026/04/29 15:46:09,867000,11.501
2026/04/29 15:46:09,868000,11.504
2026/04/29 15:46:09,869000,11.493
2026/04/29 15:46:09,870000,11.499
2026/04/29 15:46:09,871000,11.493
2026/04/29 15:46:09,872000,11.493
2026/04/29 15:46:09,873000,11.496
2026/04/29 15:46:09,874000,11.501
2026/04/29 15:46:09,875000,11.499
2026/04/29 15:46:09,876000,11.499
2026/04/29 15:46:09,877000,11.501
2026/04/29 15:46:09,878000,11.501
2026/04/29 15:46:09,879000,11.504
2026/04/29 15:46:09,880000,11.501
2026/04/29 15:46:09,881000,11.496
2026/04/29 15:46:09,882000,11.496
2026/04/29 15:46:09,883000,11.496
2026/04/29 15:46:09,884000,11.496
2026/04/29 15:46:09,885000,11.501
2026/04/29 15:46:09,886000,11.501
2026/04/29 15:46:09,887000,11.499
2026/04/29 15:46:09,888000,11.499
2026/04/29 15:46:09,889000,11.496
2026/04/29 15:46:09,890000,11.493
2026/04/29 15:46:09,891000,11.501
2026/04/29 15:46:09,892000,11.501
2026/04/29 15:46:09,893000,11.496
2026/04/29 15:46:09,894000,11.493
2026/04/29 15:46:09,895000,11.496
2026/04/29 15:46:09,896000,11.501
2026/04/29 15:46:09,897000,11.493
2026/04/29 15:46:09,898000,11.499
2026/04/29 15:46:09,899000,11.518
2026/04/29 15:46:09,900000,11.501
2026/04/29 15:46:09,901000,11.493
2026/04/29 15:46:09,902000,11.499
2026/04/29 15:46:09,903000,11.493
2026/04/29 15:46:09,904000,11.499
2026/04/29 15:46:09,905000,11.499
2026/04/29 15:46:09,906000,11.501
2026/04/29 15:46:09,907000,11.504
2026/04/29 15:46:09,908000,11.499
2026/04/29 15:46:09,909000,11.499
2026/04/29 15:46:09,910000,11.501
2026/04/29 15:46:09,911000,11.496
2026/04/29 15:46:09,912000,11.501
2026/04/29 15:46:09,913000,11.499
2026/04/29 15:46:09,914000,11.499
2026/04/29 15:46:09,915000,11.501
2026/04/29 15:46:09,916000,11.499
2026/04/29 15:46:09,917000,11.493
2026/04/29 15:46:09,918000,11.499
2026/04/29 15:46:09,919000,11.496
2026/04/29 15:46:09,920000,11.496
2026/04/29 15:46:09,921000,11.493
2026/04/29 15:46:09,922000,11.493
2026/04/29 15:46:09,923000,11.496
2026/04/29 15:46:09,924000,11.499
2026/04/29 15:46:09,925000,11.499
2026/04/29 15:46:09,926000,11.496
2026/04/29 15:46:09,927000,11.501
2026/04/29 15:46:09,928000,11.501
2026/04/29 15:46:09,929000,11.496
2026/04/29 15:46:09,930000,11.496
2026/04/29 15:46:09,931000,11.496
2026/04/29 15:46:09,932000,11.496
2026/04/29 15:46:09,933000,11.496
2026/04/29 15:46:09,934000,11.499
2026/04/29 15:46:09,935000,11.501
2026/04/29 15:46:09,936000,11.501
2026/04/29 15:46:09,937000,11.501
2026/04/29 15:46:09,938000,11.496
2026/04/29 15:46:09,939000,11.493
2026/04/29 15:46:09,940000,11.501
2026/04/29 15:46:09,941000,11.504
2026/04/29 15:46:09,942000,11.499
2026/04/29 15:46:09,943000,11.499
2026/04/29 15:46:09,944000,11.493
2026/04/29 15:46:09,945000,11.501
2026/04/29 15:46:09,946000,11.493
2026/04/29 15:46:09,947000,11.504
2026/04/29 15:46:09,948000,11.493
2026/04/29 15:46:09,949000,11.504
2026/04/29 15:46:09,950000,11.499
2026/04/29 15:46:09,951000,11.501
2026/04/29 15:46:09,952000,11.504
2026/04/29 15:46:09,953000,11.499
2026/04/29 15:46:09,954000,11.504
2026/04/29 15:46:09,955000,11.501
2026/04/29 15:46:09,956000,11.499
2026/04/29 15:46:09,957000,11.499
2026/04/29 15:46:09,958000,11.499
2026/04/29 15:46:09,959000,11.499
2026/04/29 15:46:09,960000,11.496
2026/04/29 15:46:09,961000,11.499
2026/04/29 15:46:09,962000,11.490
2026/04/29 15:46:09,963000,11.499
2026/04/29 15:46:09,964000,11.501
2026/04/29 15:46:09,965000,11.501
2026/04/29 15:46:09,966000,11.507
2026/04/29 15:46:09,967000,11.496
2026/04/29 15:46:09,968000,11.499
2026/04/29 15:46:09,969000,11.496
2026/04/29 15:46:09,970000,11.496
2026/04/29 15:46:09,971000,11.499
2026/04/29 15:46:09,972000,11.499
2026/04/29 15:46:09,973000,11.496
2026/04/29 15:46:09,974000,11.496
2026/04/29 15:46:09,975000,11.501
2026/04/29 15:46:09,976000,11.501
2026/04/29 15:46:09,977000,11.501
2026/04/29 15:46:09,978000,11.493
2026/04/29 15:46:09,979000,11.496
2026/04/29 15:46:09,980000,11.499
2026/04/29 15:46:09,981000,11.496
2026/04/29 15:46:09,982000,11.501
2026/04/29 15:46:09,983000,11.499
2026/04/29 15:46:09,984000,11.499
2026/04/29 15:46:09,985000,11.499
2026/04/29 15:46:09,986000,11.496
2026/04/29 15:46:09,987000,11.501
2026/04/29 15:46:09,988000,11.499
2026/04/29 15:46:09,989000,11.501
2026/04/29 15:46:09,990000,11.499
2026/04/29 15:46:09,991000,11.499
2026/04/29 15:46:09,992000,11.501
2026/04/29 15:46:09,993000,11.496
2026/04/29 15:46:09,994000,11.499
2026/04/29 15:46:09,995000,11.496
2026/04/29 15:46:09,996000,11.499
2026/04/29 15:46:09,997000,11.499
2026/04/29 15:46:09,998000,11.501
2026/04/29 15:46:09,999000,11.501
2026/04/29 15:46:10,000000,11.493
2026/04/29 15:46:10,001000,11.501
2026/04/29 15:46:10,002000,11.493
2026/04/29 15:46:10,003000,11.496
2026/04/29 15:46:10,004000,11.499
2026/04/29 15:46:10,005000,11.496
2026/04/29 15:46:10,006000,11.496
2026/04/29 15:46:10,007000,11.496
2026/04/29 15:46:10,008000,11.496
2026/04/29 15:46:10,009000,11.504
2026/04/29 15:46:10,010000,11.499
2026/04/29 15:46:10,011000,11.493
2026/04/29 15:46:10,012000,11.493
2026/04/29 15:46:10,013000,11.499
2026/04/29 15:46:10,014000,11.499
2026/04/29 15:46:10,015000,11.501
2026/04/29 15:46:10,016000,11.499
2026/04/29 15:46:10,017000,11.501
2026/04/29 15:46:10,018000,11.499
2026/04/29 15:46:10,019000,11.504
2026/04/29 15:46:10,020000,11.504
2026/04/29 15:46:10,021000,11.499
2026/04/29 15:46:10,022000,11.493
2026/04/29 15:46:10,023000,11.493
2026/04/29 15:46:10,024000,11.499
2026/04/29 15:46:10,025000,11.496
2026/04/29 15:46:10,026000,11.501
2026/04/29 15:46:10,027000,11.490
2026/04/29 15:46:10,028000,11.493
2026/04/29 15:46:10,029000,11.490
2026/04/29 15:46:10,030000,11.496
2026/04/29 15:46:10,031000,11.501
2026/04/29 15:46:10,032000,11.499
2026/04/29 15:46:10,033000,11.496
2026/04/29 15:46:10,034000,11.493
2026/04/29 15:46:10,035000,11.499
2026/04/29 15:46:10,036000,11.499
2026/04/29 15:46:10,037000,11.501
2026/04/29 15:46:10,038000,11.496
2026/04/29 15:46:10,039000,11.504
2026/04/29 15:46:10,040000,11.501
2026/04/29 15:46:10,041000,11.501
2026/04/29 15:46:10,042000,11.501
2026/04/29 15:46:10,043000,11.499
2026/04/29 15:46:10,044000,11.499
2026/04/29 15:46:10,045000,11.501
2026/04/29 15:46:10,046000,11.504
2026/04/29 15:46:10,047000,11.499
2026/04/29 15:46:10,048000,11.499
2026/04/29 15:46:10,049000,11.501
2026/04/29 15:46:10,050000,11.501
2026/04/29 15:46:10,051000,11.499
2026/04/29 15:46:10,052000,11.493
2026/04/29 15:46:10,053000,11.496
2026/04/29 15:46:10,054000,11.501
2026/04/29 15:46:10,055000,11.501
2026/04/29 15:46:10,056000,11.504
2026/04/29 15:46:10,057000,11.496
2026/04/29 15:46:10,058000,11.499
2026/04/29 15:46:10,059000,11.496
2026/04/29 15:46:10,060000,11.501
2026/04/29 15:46:10,061000,11.499
2026/04/29 15:46:10,062000,11.493
2026/04/29 15:46:10,063000,11.501
2026/04/29 15:46:10,064000,11.499
2026/04/29 15:46:10,065000,11.499
2026/04/29 15:46:10,066000,11.499
2026/04/29 15:46:10,067000,11.499
2026/04/29 15:46:10,068000,11.499
2026/04/29 15:46:10,069000,11.496
2026/04/29 15:46:10,070000,11.501
2026/04/29 15:46:10,071000,11.499
2026/04/29 15:46:10,072000,11.501
2026/04/29 15:46:10,073000,11.499
2026/04/29 15:46:10,074000,11.501
2026/04/29 15:46:10,075000,11.499
2026/04/29 15:46:10,076000,11.496
2026/04/29 15:46:10,077000,11.499
2026/04/29 15:46:10,078000,11.507
2026/04/29 15:46:10,079000,11.499
2026/04/29 15:46:10,080000,11.507
2026/04/29 15:46:10,081000,11.499
2026/04/29 15:46:10,082000,11.499
2026/04/29 15:46:10,083000,11.501
2026/04/29 15:46:10,084000,11.501
2026/04/29 15:46:10,085000,11.501
2026/04/29 15:46:10,086000,11.504
2026/04/29 15:46:10,087000,11.496
2026/04/29 15:46:10,088000,11.504
2026/04/29 15:46:10,089000,11.504
2026/04/29 15:46:10,090000,11.499
2026/04/29 15:46:10,091000,11.499
2026/04/29 15:46:10,092000,11.496
2026/04/29 15:46:10,093000,11.507
2026/04/29 15:46:10,094000,11.499
2026/04/29 15:46:10,095000,11.499
2026/04/29 15:46:10,096000,11.499
2026/04/29 15:46:10,097000,11.499
2026/04/29 15:46:10,098000,11.493
2026/04/29 15:46:10,099000,11.496
2026/04/29 15:46:10,100000,11.501
2026/04/29 15:46:10,101000,11.499
2026/04/29 15:46:10,102000,11.501
2026/04/29 15:46:10,103000,11.501
2026/04/29 15:46:10,104000,11.496
2026/04/29 15:46:10,105000,11.493
2026/04/29 15:46:10,106000,11.501
2026/04/29 15:46:10,107000,11.499
2026/04/29 15:46:10,108000,11.496
2026/04/29 15:46:10,109000,11.496
2026/04/29 15:46:10,110000,11.499
2026/04/29 15:46:10,111000,11.499
2026/04/29 15:46:10,112000,11.504
2026/04/29 15:46:10,113000,11.490
2026/04/29 15:46:10,114000,11.496
2026/04/29 15:46:10,115000,11.493
2026/04/29 15:46:10,116000,11.501
2026/04/29 15:46:10,117000,11.501
2026/04/29 15:46:10,118000,11.504
2026/04/29 15:46:10,119000,11.504
2026/04/29 15:46:10,120000,11.504
2026/04/29 15:46:10,121000,11.490
2026/04/29 15:46:10,122000,11.493
2026/04/29 15:46:10,123000,11.504
2026/04/29 15:46:10,124000,11.501
2026/04/29 15:46:10,125000,11.501
2026/04/29 15:46:10,126000,11.504
2026/04/29 15:46:10,127000,11.501
2026/04/29 15:46:10,128000,11.501
2026/04/29 15:46:10,129000,11.496
2026/04/29 15:46:10,130000,11.501
2026/04/29 15:46:10,131000,11.496
2026/04/29 15:46:10,132000,11.501
2026/04/29 15:46:10,133000,11.493
2026/04/29 15:46:10,134000,11.496
2026/04/29 15:46:10,135000,11.496
2026/04/29 15:46:10,136000,11.493
2026/04/29 15:46:10,137000,11.496
2026/04/29 15:46:10,138000,11.499
2026/04/29 15:46:10,139000,11.499
2026/04/29 15:46:10,140000,11.499
2026/04/29 15:46:10,141000,11.499
2026/04/29 15:46:10,142000,11.499
2026/04/29 15:46:10,143000,11.499
2026/04/29 15:46:10,144000,11.499
2026/04/29 15:46:10,145000,11.501
2026/04/29 15:46:10,146000,11.499
2026/04/29 15:46:10,147000,11.501
2026/04/29 15:46:10,148000,11.496
2026/04/29 15:46:10,149000,11.504
2026/04/29 15:46:10,150000,11.501
2026/04/29 15:46:10,151000,11.496
2026/04/29 15:46:10,152000,11.499
2026/04/29 15:46:10,153000,11.496
2026/04/29 15:46:10,154000,11.493
2026/04/29 15:46:10,155000,11.493
2026/04/29 15:46:10,156000,11.496
2026/04/29 15:46:10,157000,11.501
2026/04/29 15:46:10,158000,11.493
2026/04/29 15:46:10,159000,11.499
2026/04/29 15:46:10,160000,11.496
2026/04/29 15:46:10,161000,11.499
2026/04/29 15:46:10,162000,11.501
2026/04/29 15:46:10,163000,11.501
2026/04/29 15:46:10,164000,11.499
2026/04/29 15:46:10,165000,11.490
2026/04/29 15:46:10,166000,11.499
2026/04/29 15:46:10,167000,11.496
2026/04/29 15:46:10,168000,11.499
2026/04/29 15:46:10,169000,11.493
2026/04/29 15:46:10,170000,11.496
2026/04/29 15:46:10,171000,11.501
2026/04/29 15:46:10,172000,11.501
2026/04/29 15:46:10,173000,11.501
2026/04/29 15:46:10,174000,11.501
2026/04/29 15:46:10,175000,11.499
2026/04/29 15:46:10,176000,11.493
2026/04/29 15:46:10,177000,11.504
2026/04/29 15:46:10,178000,11.501
2026/04/29 15:46:10,179000,11.490
2026/04/29 15:46:10,180000,11.504
2026/04/29 15:46:10,181000,11.493
2026/04/29 15:46:10,182000,11.496
2026/04/29 15:46:10,183000,11.499
2026/04/29 15:46:10,184000,11.499
2026/04/29 15:46:10,185000,11.499
2026/04/29 15:46:10,186000,11.496
2026/04/29 15:46:10,187000,11.501
2026/04/29 15:46:10,188000,11.499
2026/04/29 15:46:10,189000,11.501
2026/04/29 15:46:10,190000,11.501
2026/04/29 15:46:10,191000,11.499
2026/04/29 15:46:10,192000,11.501
2026/04/29 15:46:10,193000,11.501
2026/04/29 15:46:10,194000,11.501
2026/04/29 15:46:10,195000,11.501
2026/04/29 15:46:10,196000,11.501
2026/04/29 15:46:10,197000,11.501
2026/04/29 15:46:10,198000,11.501
2026/04/29 15:46:10,199000,11.499
2026/04/29 15:46:10,200000,11.493
2026/04/29 15:46:10,201000,11.496
2026/04/29 15:46:10,202000,11.501
2026/04/29 15:46:10,203000,11.501
2026/04/29 15:46:10,204000,11.499
2026/04/29 15:46:10,205000,11.501
2026/04/29 15:46:10,206000,11.496
2026/04/29 15:46:10,207000,11.504
2026/04/29 15:46:10,208000,11.501
2026/04/29 15:46:10,209000,11.496
2026/04/29 15:46:10,210000,11.499
2026/04/29 15:46:10,211000,11.499
2026/04/29 15:46:10,212000,11.496
2026/04/29 15:46:10,213000,11.501
2026/04/29 15:46:10,214000,11.499
2026/04/29 15:46:10,215000,11.501
2026/04/29 15:46:10,216000,11.501
2026/04/29 15:46:10,217000,11.496
2026/04/29 15:46:10,218000,11.504
2026/04/29 15:46:10,219000,11.501
2026/04/29 15:46:10,220000,11.501
2026/04/29 15:46:10,221000,11.501
2026/04/29 15:46:10,222000,11.499
2026/04/29 15:46:10,223000,11.501
2026/04/29 15:46:10,224000,11.496
2026/04/29 15:46:10,225000,11.499
2026/04/29 15:46:10,226000,11.496
2026/04/29 15:46:10,227000,11.499
2026/04/29 15:46:10,228000,11.501
2026/04/29 15:46:10,229000,11.501
2026/04/29 15:46:10,230000,11.493
2026/04/29 15:46:10,231000,11.504
2026/04/29 15:46:10,232000,11.501
2026/04/29 15:46:10,233000,11.501
2026/04/29 15:46:10,234000,11.501
2026/04/29 15:46:10,235000,11.501
2026/04/29 15:46:10,236000,11.501
2026/04/29 15:46:10,237000,11.499
2026/04/29 15:46:10,238000,11.496
2026/04/29 15:46:10,239000,11.501
2026/04/29 15:46:10,240000,11.501
2026/04/29 15:46:10,241000,11.493
2026/04/29 15:46:10,242000,11.499
2026/04/29 15:46:10,243000,11.499
2026/04/29 15:46:10,244000,11.499
2026/04/29 15:46:10,245000,11.496
2026/04/29 15:46:10,246000,11.493
2026/04/29 15:46:10,247000,11.504
2026/04/29 15:46:10,248000,11.501
2026/04/29 15:46:10,249000,11.499
2026/04/29 15:46:10,250000,11.499
2026/04/29 15:46:10,251000,11.499
2026/04/29 15:46:10,252000,11.496
2026/04/29 15:46:10,253000,11.501
2026/04/29 15:46:10,254000,11.510
2026/04/29 15:46:10,255000,11.499
2026/04/29 15:46:10,256000,11.501
2026/04/29 15:46:10,257000,11.499
2026/04/29 15:46:10,258000,11.499
2026/04/29 15:46:10,259000,11.496
2026/04/29 15:46:10,260000,11.496
2026/04/29 15:46:10,261000,11.501
2026/04/29 15:46:10,262000,11.501
2026/04/29 15:46:10,263000,11.496
2026/04/29 15:46:10,264000,11.504
2026/04/29 15:46:10,265000,11.493
2026/04/29 15:46:10,266000,11.496
2026/04/29 15:46:10,267000,11.496
2026/04/29 15:46:10,268000,11.499
2026/04/29 15:46:10,269000,11.496
2026/04/29 15:46:10,270000,11.496
2026/04/29 15:46:10,271000,11.501
2026/04/29 15:46:10,272000,11.501
2026/04/29 15:46:10,273000,11.501
2026/04/29 15:46:10,274000,11.499
2026/04/29 15:46:10,275000,11.496
2026/04/29 15:46:10,276000,11.501
2026/04/29 15:46:10,277000,11.499
2026/04/29 15:46:10,278000,11.504
2026/04/29 15:46:10,279000,11.499
2026/04/29 15:46:10,280000,11.496
2026/04/29 15:46:10,281000,11.499
2026/04/29 15:46:10,282000,11.499
2026/04/29 15:46:10,283000,11.493
2026/04/29 15:46:10,284000,11.499
2026/04/29 15:46:10,285000,11.501
2026/04/29 15:46:10,286000,11.504
2026/04/29 15:46:10,287000,11.499
2026/04/29 15:46:10,288000,11.504
2026/04/29 15:46:10,289000,11.496
2026/04/29 15:46:10,290000,11.501
2026/04/29 15:46:10,291000,11.499
2026/04/29 15:46:10,292000,11.501
2026/04/29 15:46:10,293000,11.499
2026/04/29 15:46:10,294000,11.499
2026/04/29 15:46:10,295000,11.504
2026/04/29 15:46:10,296000,11.493
2026/04/29 15:46:10,297000,11.501
2026/04/29 15:46:10,298000,11.501
2026/04/29 15:46:10,299000,11.499
2026/04/29 15:46:10,300000,11.496
2026/04/29 15:46:10,301000,11.504
2026/04/29 15:46:10,302000,11.499
2026/04/29 15:46:10,303000,11.499
2026/04/29 15:46:10,304000,11.496
2026/04/29 15:46:10,305000,11.499
2026/04/29 15:46:10,306000,11.496
2026/04/29 15:46:10,307000,11.499
2026/04/29 15:46:10,308000,11.501
2026/04/29 15:46:10,309000,11.493
2026/04/29 15:46:10,310000,11.496
2026/04/29 15:46:10,311000,11.499
2026/04/29 15:46:10,312000,11.499
2026/04/29 15:46:10,313000,11.501
2026/04/29 15:46:10,314000,11.501
2026/04/29 15:46:10,315000,11.496
2026/04/29 15:46:10,316000,11.499
2026/04/29 15:46:10,317000,11.493
2026/04/29 15:46:10,318000,11.501
2026/04/29 15:46:10,319000,11.496
2026/04/29 15:46:10,320000,11.499
2026/04/29 15:46:10,321000,11.501
2026/04/29 15:46:10,322000,11.496
2026/04/29 15:46:10,323000,11.501
2026/04/29 15:46:10,324000,11.499
2026/04/29 15:46:10,325000,11.504
2026/04/29 15:46:10,326000,11.499
2026/04/29 15:46:10,327000,11.496
2026/04/29 15:46:10,328000,11.496
2026/04/29 15:46:10,329000,11.499
2026/04/29 15:46:10,330000,11.496
2026/04/29 15:46:10,331000,11.501
2026/04/29 15:46:10,332000,11.501
2026/04/29 15:46:10,333000,11.501
2026/04/29 15:46:10,334000,11.496
2026/04/29 15:46:10,335000,11.504
2026/04/29 15:46:10,336000,11.496
2026/04/29 15:46:10,337000,11.504
2026/04/29 15:46:10,338000,11.507
2026/04/29 15:46:10,339000,11.499
2026/04/29 15:46:10,340000,11.501
2026/04/29 15:46:10,341000,11.501
2026/04/29 15:46:10,342000,11.493
2026/04/29 15:46:10,343000,11.499
2026/04/29 15:46:10,344000,11.499
2026/04/29 15:46:10,345000,11.496
2026/04/29 15:46:10,346000,11.501
2026/04/29 15:46:10,347000,11.499
2026/04/29 15:46:10,348000,11.501
2026/04/29 15:46:10,349000,11.496
2026/04/29 15:46:10,350000,11.499
2026/04/29 15:46:10,351000,11.499
2026/04/29 15:46:10,352000,11.499
2026/04/29 15:46:10,353000,11.499
2026/04/29 15:46:10,354000,11.496
2026/04/29 15:46:10,355000,11.499
2026/04/29 15:46:10,356000,11.501
2026/04/29 15:46:10,357000,11.499
2026/04/29 15:46:10,358000,11.496
2026/04/29 15:46:10,359000,11.499
2026/04/29 15:46:10,360000,11.504
2026/04/29 15:46:10,361000,11.493
2026/04/29 15:46:10,362000,11.493
2026/04/29 15:46:10,363000,11.493
2026/04/29 15:46:10,364000,11.496
2026/04/29 15:46:10,365000,11.499
2026/04/29 15:46:10,366000,11.499
2026/04/29 15:46:10,367000,11.501
2026/04/29 15:46:10,368000,11.499
2026/04/29 15:46:10,369000,11.496
2026/04/29 15:46:10,370000,11.496
2026/04/29 15:46:10,371000,11.501
2026/04/29 15:46:10,372000,11.504
2026/04/29 15:46:10,373000,11.501
2026/04/29 15:46:10,374000,11.504
2026/04/29 15:46:10,375000,11.499
2026/04/29 15:46:10,376000,11.504
2026/04/29 15:46:10,377000,11.499
2026/04/29 15:46:10,378000,11.499
2026/04/29 15:46:10,379000,11.507
2026/04/29 15:46:10,380000,11.501
2026/04/29 15:46:10,381000,11.501
2026/04/29 15:46:10,382000,11.499
2026/04/29 15:46:10,383000,11.501
2026/04/29 15:46:10,384000,11.499
2026/04/29 15:46:10,385000,11.501
2026/04/29 15:46:10,386000,11.501
2026/04/29 15:46:10,387000,11.501
2026/04/29 15:46:10,388000,11.501
2026/04/29 15:46:10,389000,11.499
2026/04/29 15:46:10,390000,11.501
2026/04/29 15:46:10,391000,11.499
2026/04/29 15:46:10,392000,11.499
2026/04/29 15:46:10,393000,11.499
2026/04/29 15:46:10,394000,11.504
2026/04/29 15:46:10,395000,11.499
2026/04/29 15:46:10,396000,11.507
2026/04/29 15:46:10,397000,11.496
2026/04/29 15:46:10,398000,11.499
2026/04/29 15:46:10,399000,11.496
2026/04/29 15:46:10,400000,11.501
2026/04/29 15:46:10,401000,11.499
2026/04/29 15:46:10,402000,11.496
2026/04/29 15:46:10,403000,11.496
2026/04/29 15:46:10,404000,11.499
2026/04/29 15:46:10,405000,11.501
2026/04/29 15:46:10,406000,11.499
2026/04/29 15:46:10,407000,11.493
2026/04/29 15:46:10,408000,11.499
2026/04/29 15:46:10,409000,11.496
2026/04/29 15:46:10,410000,11.496
2026/04/29 15:46:10,411000,11.496
2026/04/29 15:46:10,412000,11.499
2026/04/29 15:46:10,413000,11.499
2026/04/29 15:46:10,414000,11.496
2026/04/29 15:46:10,415000,11.501
2026/04/29 15:46:10,416000,11.504
2026/04/29 15:46:10,417000,11.493
2026/04/29 15:46:10,418000,11.499
2026/04/29 15:46:10,419000,11.499
2026/04/29 15:46:10,420000,11.504
2026/04/29 15:46:10,421000,11.501
2026/04/29 15:46:10,422000,11.499
2026/04/29 15:46:10,423000,11.499
2026/04/29 15:46:10,424000,11.501
2026/04/29 15:46:10,425000,11.501
2026/04/29 15:46:10,426000,11.501
2026/04/29 15:46:10,427000,11.496
2026/04/29 15:46:10,428000,11.490
2026/04/29 15:46:10,429000,11.493
2026/04/29 15:46:10,430000,11.496
2026/04/29 15:46:10,431000,11.499
2026/04/29 15:46:10,432000,11.499
2026/04/29 15:46:10,433000,11.493
2026/04/29 15:46:10,434000,11.501
2026/04/29 15:46:10,435000,11.501
2026/04/29 15:46:10,436000,11.504
2026/04/29 15:46:10,437000,11.496
2026/04/29 15:46:10,438000,11.501
2026/04/29 15:46:10,439000,11.499
2026/04/29 15:46:10,440000,11.493
2026/04/29 15:46:10,441000,11.507
2026/04/29 15:46:10,442000,11.504
2026/04/29 15:46:10,443000,11.496
2026/04/29 15:46:10,444000,11.501
2026/04/29 15:46:10,445000,11.496
2026/04/29 15:46:10,446000,11.490
2026/04/29 15:46:10,447000,11.499
2026/04/29 15:46:10,448000,11.496
2026/04/29 15:46:10,449000,11.504
2026/04/29 15:46:10,450000,11.499
2026/04/29 15:46:10,451000,11.501
2026/04/29 15:46:10,452000,11.496
2026/04/29 15:46:10,453000,11.504
2026/04/29 15:46:10,454000,11.499
2026/04/29 15:46:10,455000,11.504
2026/04/29 15:46:10,456000,11.504
2026/04/29 15:46:10,457000,11.504
2026/04/29 15:46:10,458000,11.501
2026/04/29 15:46:10,459000,11.501
2026/04/29 15:46:10,460000,11.499
2026/04/29 15:46:10,461000,11.490
2026/04/29 15:46:10,462000,11.493
2026/04/29 15:46:10,463000,11.496
2026/04/29 15:46:10,464000,11.496
2026/04/29 15:46:10,465000,11.499
2026/04/29 15:46:10,466000,11.499
2026/04/29 15:46:10,467000,11.496
2026/04/29 15:46:10,468000,11.499
2026/04/29 15:46:10,469000,11.499
2026/04/29 15:46:10,470000,11.499
2026/04/29 15:46:10,471000,11.499
2026/04/29 15:46:10,472000,11.504
2026/04/29 15:46:10,473000,11.499
2026/04/29 15:46:10,474000,11.501
2026/04/29 15:46:10,475000,11.499
2026/04/29 15:46:10,476000,11.499
2026/04/29 15:46:10,477000,11.504
2026/04/29 15:46:10,478000,11.501
2026/04/29 15:46:10,479000,11.501
2026/04/29 15:46:10,480000,11.496
2026/04/29 15:46:10,481000,11.493
2026/04/29 15:46:10,482000,11.499
2026/04/29 15:46:10,483000,11.504
2026/04/29 15:46:10,484000,11.496
2026/04/29 15:46:10,485000,11.499
2026/04/29 15:46:10,486000,11.501
2026/04/29 15:46:10,487000,11.499
2026/04/29 15:46:10,488000,11.496
2026/04/29 15:46:10,489000,11.501
2026/04/29 15:46:10,490000,11.499
2026/04/29 15:46:10,491000,11.499
2026/04/29 15:46:10,492000,11.499
2026/04/29 15:46:10,493000,11.504
2026/04/29 15:46:10,494000,11.504
2026/04/29 15:46:10,495000,11.501
2026/04/29 15:46:10,496000,11.496
2026/04/29 15:46:10,497000,11.493
2026/04/29 15:46:10,498000,11.504
2026/04/29 15:46:10,499000,11.499
2026/04/29 15:46:10,500000,11.504
2026/04/29 15:46:10,501000,11.504
2026/04/29 15:46:10,502000,11.493
2026/04/29 15:46:10,503000,11.496
2026/04/29 15:46:10,504000,11.499
2026/04/29 15:46:10,505000,11.493
2026/04/29 15:46:10,506000,11.499
2026/04/29 15:46:10,507000,11.493
2026/04/29 15:46:10,508000,11.499
2026/04/29 15:46:10,509000,11.499
2026/04/29 15:46:10,510000,11.501
2026/04/29 15:46:10,511000,11.499
2026/04/29 15:46:10,512000,11.496
2026/04/29 15:46:10,513000,11.493
2026/04/29 15:46:10,514000,11.501
2026/04/29 15:46:10,515000,11.496
2026/04/29 15:46:10,516000,11.499
2026/04/29 15:46:10,517000,11.493
2026/04/29 15:46:10,518000,11.501
2026/04/29 15:46:10,519000,11.501
2026/04/29 15:46:10,520000,11.501
2026/04/29 15:46:10,521000,11.499
2026/04/29 15:46:10,522000,11.499
2026/04/29 15:46:10,523000,11.504
2026/04/29 15:46:10,524000,11.499
2026/04/29 15:46:10,525000,11.501
2026/04/29 15:46:10,526000,11.496
2026/04/29 15:46:10,527000,11.496
2026/04/29 15:46:10,528000,11.499
2026/04/29 15:46:10,529000,11.499
2026/04/29 15:46:10,530000,11.504
2026/04/29 15:46:10,531000,11.499
2026/04/29 15:46:10,532000,11.499
2026/04/29 15:46:10,533000,11.496
2026/04/29 15:46:10,534000,11.496
2026/04/29 15:46:10,535000,11.493
2026/04/29 15:46:10,536000,11.501
2026/04/29 15:46:10,537000,11.493
2026/04/29 15:46:10,538000,11.504
2026/04/29 15:46:10,539000,11.501
2026/04/29 15:46:10,540000,11.501
2026/04/29 15:46:10,541000,11.496
2026/04/29 15:46:10,542000,11.499
2026/04/29 15:46:10,543000,11.501
2026/04/29 15:46:10,544000,11.507
2026/04/29 15:46:10,545000,11.504
2026/04/29 15:46:10,546000,11.499
2026/04/29 15:46:10,547000,11.496
2026/04/29 15:46:10,548000,11.501
2026/04/29 15:46:10,549000,11.499
2026/04/29 15:46:10,550000,11.501
2026/04/29 15:46:10,551000,11.501
2026/04/29 15:46:10,552000,11.504
2026/04/29 15:46:10,553000,11.504
2026/04/29 15:46:10,554000,11.504
2026/04/29 15:46:10,555000,11.501
2026/04/29 15:46:10,556000,11.493
2026/04/29 15:46:10,557000,11.501
2026/04/29 15:46:10,558000,11.501
2026/04/29 15:46:10,559000,11.499
2026/04/29 15:46:10,560000,11.501
2026/04/29 15:46:10,561000,11.504
2026/04/29 15:46:10,562000,11.499
2026/04/29 15:46:10,563000,11.499
2026/04/29 15:46:10,564000,11.493
2026/04/29 15:46:10,565000,11.501
2026/04/29 15:46:10,566000,11.501
2026/04/29 15:46:10,567000,11.499
2026/04/29 15:46:10,568000,11.499
2026/04/29 15:46:10,569000,11.496
2026/04/29 15:46:10,570000,11.501
2026/04/29 15:46:10,571000,11.496
2026/04/29 15:46:10,572000,11.490
2026/04/29 15:46:10,573000,11.499
2026/04/29 15:46:10,574000,11.499
2026/04/29 15:46:10,575000,11.499
2026/04/29 15:46:10,576000,11.499
2026/04/29 15:46:10,577000,11.496
2026/04/29 15:46:10,578000,11.501
2026/04/29 15:46:10,579000,11.507
2026/04/29 15:46:10,580000,11.501
2026/04/29 15:46:10,581000,11.504
2026/04/29 15:46:10,582000,11.499
2026/04/29 15:46:10,583000,11.493
2026/04/29 15:46:10,584000,11.493
2026/04/29 15:46:10,585000,11.504
2026/04/29 15:46:10,586000,11.499
2026/04/29 15:46:10,587000,11.499
2026/04/29 15:46:10,588000,11.501
2026/04/29 15:46:10,589000,11.504
2026/04/29 15:46:10,590000,11.501
2026/04/29 15:46:10,591000,11.501
2026/04/29 15:46:10,592000,11.501
2026/04/29 15:46:10,593000,11.501
2026/04/29 15:46:10,594000,11.501
2026/04/29 15:46:10,595000,11.499
2026/04/29 15:46:10,596000,11.499
2026/04/29 15:46:10,597000,11.504
2026/04/29 15:46:10,598000,11.501
2026/04/29 15:46:10,599000,11.499
2026/04/29 15:46:10,600000,11.501
2026/04/29 15:46:10,601000,11.501
2026/04/29 15:46:10,602000,11.499
2026/04/29 15:46:10,603000,11.501
2026/04/29 15:46:10,604000,11.493
2026/04/29 15:46:10,605000,11.496
2026/04/29 15:46:10,606000,11.496
2026/04/29 15:46:10,607000,11.499
2026/04/29 15:46:10,608000,11.501
2026/04/29 15:46:10,609000,11.501
2026/04/29 15:46:10,610000,11.499
2026/04/29 15:46:10,611000,11.501
2026/04/29 15:46:10,612000,11.501
2026/04/29 15:46:10,613000,11.504
2026/04/29 15:46:10,614000,11.499
2026/04/29 15:46:10,615000,11.496
2026/04/29 15:46:10,616000,11.507
2026/04/29 15:46:10,617000,11.499
2026/04/29 15:46:10,618000,11.499
2026/04/29 15:46:10,619000,11.496
2026/04/29 15:46:10,620000,11.504
2026/04/29 15:46:10,621000,11.499
2026/04/29 15:46:10,622000,11.499
2026/04/29 15:46:10,623000,11.501
2026/04/29 15:46:10,624000,11.496
2026/04/29 15:46:10,625000,11.496
2026/04/29 15:46:10,626000,11.496
2026/04/29 15:46:10,627000,11.501
2026/04/29 15:46:10,628000,11.499
2026/04/29 15:46:10,629000,11.499
2026/04/29 15:46:10,630000,11.499
2026/04/29 15:46:10,631000,11.504
2026/04/29 15:46:10,632000,11.501
2026/04/29 15:46:10,633000,11.513
2026/04/29 15:46:10,634000,11.501
2026/04/29 15:46:10,635000,11.504
2026/04/29 15:46:10,636000,11.499
2026/04/29 15:46:10,637000,11.499
2026/04/29 15:46:10,638000,11.507
2026/04/29 15:46:10,639000,11.510
2026/04/29 15:46:10,640000,11.504
2026/04/29 15:46:10,641000,11.499
2026/04/29 15:46:10,642000,11.499
2026/04/29 15:46:10,643000,11.504
2026/04/29 15:46:10,644000,11.501
2026/04/29 15:46:10,645000,11.499
2026/04/29 15:46:10,646000,11.504
2026/04/29 15:46:10,647000,11.504
2026/04/29 15:46:10,648000,11.501
2026/04/29 15:46:10,649000,11.504
2026/04/29 15:46:10,650000,11.501
2026/04/29 15:46:10,651000,11.496
2026/04/29 15:46:10,652000,11.496
2026/04/29 15:46:10,653000,11.504
2026/04/29 15:46:10,654000,11.499
2026/04/29 15:46:10,655000,11.504
2026/04/29 15:46:10,656000,11.504
2026/04/29 15:46:10,657000,11.499
2026/04/29 15:46:10,658000,11.504
2026/04/29 15:46:10,659000,11.499
2026/04/29 15:46:10,660000,11.499
2026/04/29 15:46:10,661000,11.499
2026/04/29 15:46:10,662000,11.499
2026/04/29 15:46:10,663000,11.496
2026/04/29 15:46:10,664000,11.499
2026/04/29 15:46:10,665000,11.504
2026/04/29 15:46:10,666000,11.496
2026/04/29 15:46:10,667000,11.499
2026/04/29 15:46:10,668000,11.501
2026/04/29 15:46:10,669000,11.501
2026/04/29 15:46:10,670000,11.507
2026/04/29 15:46:10,671000,11.501
2026/04/29 15:46:10,672000,11.504
2026/04/29 15:46:10,673000,11.501
2026/04/29 15:46:10,674000,11.493
2026/04/29 15:46:10,675000,11.499
2026/04/29 15:46:10,676000,11.501
2026/04/29 15:46:10,677000,11.501
2026/04/29 15:46:10,678000,11.501
2026/04/29 15:46:10,679000,11.501
2026/04/29 15:46:10,680000,11.499
2026/04/29 15:46:10,681000,11.504
2026/04/29 15:46:10,682000,11.499
2026/04/29 15:46:10,683000,11.499
2026/04/29 15:46:10,684000,11.501
2026/04/29 15:46:10,685000,11.501
2026/04/29 15:46:10,686000,11.499
2026/04/29 15:46:10,687000,11.499
2026/04/29 15:46:10,688000,11.501
2026/04/29 15:46:10,689000,11.501
2026/04/29 15:46:10,690000,11.496
2026/04/29 15:46:10,691000,11.504
2026/04/29 15:46:10,692000,11.499
2026/04/29 15:46:10,693000,11.501
2026/04/29 15:46:10,694000,11.501
2026/04/29 15:46:10,695000,11.499
2026/04/29 15:46:10,696000,11.499
2026/04/29 15:46:10,697000,11.499
2026/04/29 15:46:10,698000,11.501
2026/04/29 15:46:10,699000,11.499
2026/04/29 15:46:10,700000,11.499
2026/04/29 15:46:10,701000,11.501
2026/04/29 15:46:10,702000,11.499
2026/04/29 15:46:10,703000,11.501
2026/04/29 15:46:10,704000,11.501
2026/04/29 15:46:10,705000,11.501
2026/04/29 15:46:10,706000,11.499
2026/04/29 15:46:10,707000,11.501
2026/04/29 15:46:10,708000,11.499
2026/04/29 15:46:10,709000,11.499
2026/04/29 15:46:10,710000,11.499
2026/04/29 15:46:10,711000,11.501
2026/04/29 15:46:10,712000,11.501
2026/04/29 15:46:10,713000,11.501
2026/04/29 15:46:10,714000,11.507
2026/04/29 15:46:10,715000,11.504
2026/04/29 15:46:10,716000,11.504
2026/04/29 15:46:10,717000,11.501
2026/04/29 15:46:10,718000,11.499
2026/04/29 15:46:10,719000,11.504
2026/04/29 15:46:10,720000,11.499
2026/04/29 15:46:10,721000,11.499
2026/04/29 15:46:10,722000,11.501
2026/04/29 15:46:10,723000,11.507
2026/04/29 15:46:10,724000,11.501
2026/04/29 15:46:10,725000,11.501
2026/04/29 15:46:10,726000,11.499
2026/04/29 15:46:10,727000,11.499
2026/04/29 15:46:10,728000,11.504
2026/04/29 15:46:10,729000,11.499
2026/04/29 15:46:10,730000,11.499
2026/04/29 15:46:10,731000,11.499
2026/04/29 15:46:10,732000,11.499
2026/04/29 15:46:10,733000,11.501
2026/04/29 15:46:10,734000,11.493
2026/04/29 15:46:10,735000,11.499
2026/04/29 15:46:10,736000,11.499
2026/04/29 15:46:10,737000,11.501
2026/04/29 15:46:10,738000,11.496
2026/04/29 15:46:10,739000,11.499
2026/04/29 15:46:10,740000,11.496
2026/04/29 15:46:10,741000,11.501
2026/04/29 15:46:10,742000,11.496
2026/04/29 15:46:10,743000,11.499
2026/04/29 15:46:10,744000,11.496
2026/04/29 15:46:10,745000,11.499
2026/04/29 15:46:10,746000,11.501
2026/04/29 15:46:10,747000,11.504
2026/04/29 15:46:10,748000,11.499
2026/04/29 15:46:10,749000,11.501
2026/04/29 15:46:10,750000,11.499
2026/04/29 15:46:10,751000,11.499
2026/04/29 15:46:10,752000,11.499
2026/04/29 15:46:10,753000,11.507
2026/04/29 15:46:10,754000,11.496
2026/04/29 15:46:10,755000,11.504
2026/04/29 15:46:10,756000,11.499
2026/04/29 15:46:10,757000,11.504
2026/04/29 15:46:10,758000,11.504
2026/04/29 15:46:10,759000,11.496
2026/04/29 15:46:10,760000,11.496
2026/04/29 15:46:10,761000,11.496
2026/04/29 15:46:10,762000,11.501
2026/04/29 15:46:10,763000,11.499
2026/04/29 15:46:10,764000,11.501
2026/04/29 15:46:10,765000,11.504
2026/04/29 15:46:10,766000,11.501
2026/04/29 15:46:10,767000,11.501
2026/04/29 15:46:10,768000,11.499
2026/04/29 15:46:10,769000,11.499
2026/04/29 15:46:10,770000,11.499
2026/04/29 15:46:10,771000,11.501
2026/04/29 15:46:10,772000,11.501
2026/04/29 15:46:10,773000,11.501
2026/04/29 15:46:10,774000,11.496
2026/04/29 15:46:10,775000,11.504
2026/04/29 15:46:10,776000,11.499
2026/04/29 15:46:10,777000,11.501
2026/04/29 15:46:10,778000,11.504
2026/04/29 15:46:10,779000,11.501
2026/04/29 15:46:10,780000,11.499
2026/04/29 15:46:10,781000,11.504
2026/04/29 15:46:10,782000,11.501
2026/04/29 15:46:10,783000,11.504
2026/04/29 15:46:10,784000,11.504
2026/04/29 15:46:10,785000,11.499
2026/04/29 15:46:10,786000,11.501
2026/04/29 15:46:10,787000,11.490
2026/04/29 15:46:10,788000,11.496
2026/04/29 15:46:10,789000,11.499
2026/04/29 15:46:10,790000,11.501
2026/04/29 15:46:10,791000,11.504
2026/04/29 15:46:10,792000,11.499
2026/04/29 15:46:10,793000,11.501
2026/04/29 15:46:10,794000,11.501
2026/04/29 15:46:10,795000,11.499
2026/04/29 15:46:10,796000,11.499
2026/04/29 15:46:10,797000,11.504
2026/04/29 15:46:10,798000,11.501
2026/04/29 15:46:10,799000,11.493
2026/04/29 15:46:10,800000,11.504
2026/04/29 15:46:10,801000,11.499
2026/04/29 15:46:10,802000,11.501
2026/04/29 15:46:10,803000,11.496
2026/04/29 15:46:10,804000,11.499
2026/04/29 15:46:10,805000,11.496
2026/04/29 15:46:10,806000,11.493
2026/04/29 15:46:10,807000,11.501
2026/04/29 15:46:10,808000,11.499
2026/04/29 15:46:10,809000,11.507
2026/04/29 15:46:10,810000,11.499
2026/04/29 15:46:10,811000,11.496
2026/04/29 15:46:10,812000,11.496
2026/04/29 15:46:10,813000,11.496
2026/04/29 15:46:10,814000,11.496
2026/04/29 15:46:10,815000,11.493
2026/04/29 15:46:10,816000,11.496
2026/04/29 15:46:10,817000,11.496
2026/04/29 15:46:10,818000,11.499
2026/04/29 15:46:10,819000,11.499
2026/04/29 15:46:10,820000,11.493
2026/04/29 15:46:10,821000,11.501
2026/04/29 15:46:10,822000,11.499
2026/04/29 15:46:10,823000,11.501
2026/04/29 15:46:10,824000,11.504
2026/04/29 15:46:10,825000,11.499
2026/04/29 15:46:10,826000,11.496
2026/04/29 15:46:10,827000,11.501
2026/04/29 15:46:10,828000,11.496
2026/04/29 15:46:10,829000,11.501
2026/04/29 15:46:10,830000,11.504
2026/04/29 15:46:10,831000,11.493
2026/04/29 15:46:10,832000,11.499
2026/04/29 15:46:10,833000,11.501
2026/04/29 15:46:10,834000,11.496
2026/04/29 15:46:10,835000,11.501
2026/04/29 15:46:10,836000,11.496
2026/04/29 15:46:10,837000,11.501
2026/04/29 15:46:10,838000,11.493
2026/04/29 15:46:10,839000,11.499
2026/04/29 15:46:10,840000,11.501
2026/04/29 15:46:10,841000,11.504
2026/04/29 15:46:10,842000,11.501
2026/04/29 15:46:10,843000,11.493
2026/04/29 15:46:10,844000,11.499
2026/04/29 15:46:10,845000,11.493
2026/04/29 15:46:10,846000,11.501
2026/04/29 15:46:10,847000,11.499
2026/04/29 15:46:10,848000,11.493
2026/04/29 15:46:10,849000,11.499
2026/04/29 15:46:10,850000,11.493
2026/04/29 15:46:10,851000,11.499
2026/04/29 15:46:10,852000,11.496
2026/04/29 15:46:10,853000,11.499
2026/04/29 15:46:10,854000,11.499
2026/04/29 15:46:10,855000,11.499
2026/04/29 15:46:10,856000,11.501
2026/04/29 15:46:10,857000,11.501
2026/04/29 15:46:10,858000,11.499
2026/04/29 15:46:10,859000,11.499
2026/04/29 15:46:10,860000,11.501
2026/04/29 15:46:10,861000,11.501
2026/04/29 15:46:10,862000,11.499
2026/04/29 15:46:10,863000,11.504
2026/04/29 15:46:10,864000,11.499
2026/04/29 15:46:10,865000,11.499
2026/04/29 15:46:10,866000,11.499
2026/04/29 15:46:10,867000,11.490
2026/04/29 15:46:10,868000,11.501
2026/04/29 15:46:10,869000,11.501
2026/04/29 15:46:10,870000,11.499
2026/04/29 15:46:10,871000,11.501
2026/04/29 15:46:10,872000,11.499
2026/04/29 15:46:10,873000,11.501
2026/04/29 15:46:10,874000,11.499
2026/04/29 15:46:10,875000,11.496
2026/04/29 15:46:10,876000,11.499
2026/04/29 15:46:10,877000,11.513
2026/04/29 15:46:10,878000,11.504
2026/04/29 15:46:10,879000,11.496
2026/04/29 15:46:10,880000,11.493
2026/04/29 15:46:10,881000,11.501
2026/04/29 15:46:10,882000,11.501
2026/04/29 15:46:10,883000,11.501
2026/04/29 15:46:10,884000,11.499
2026/04/29 15:46:10,885000,11.504
2026/04/29 15:46:10,886000,11.496
2026/04/29 15:46:10,887000,11.501
2026/04/29 15:46:10,888000,11.501
2026/04/29 15:46:10,889000,11.499
2026/04/29 15:46:10,890000,11.499
2026/04/29 15:46:10,891000,11.496
2026/04/29 15:46:10,892000,11.501
2026/04/29 15:46:10,893000,11.496
2026/04/29 15:46:10,894000,11.501
2026/04/29 15:46:10,895000,11.501
2026/04/29 15:46:10,896000,11.496
2026/04/29 15:46:10,897000,11.496
2026/04/29 15:46:10,898000,11.493
2026/04/29 15:46:10,899000,11.496
2026/04/29 15:46:10,900000,11.499
2026/04/29 15:46:10,901000,11.501
2026/04/29 15:46:10,902000,11.499
2026/04/29 15:46:10,903000,11.499
2026/04/29 15:46:10,904000,11.499
2026/04/29 15:46:10,905000,11.501
2026/04/29 15:46:10,906000,11.499
2026/04/29 15:46:10,907000,11.501
2026/04/29 15:46:10,908000,11.499
2026/04/29 15:46:10,909000,11.507
2026/04/29 15:46:10,910000,11.499
2026/04/29 15:46:10,911000,11.493
2026/04/29 15:46:10,912000,11.496
2026/04/29 15:46:10,913000,11.493
2026/04/29 15:46:10,914000,11.499
2026/04/29 15:46:10,915000,11.493
2026/04/29 15:46:10,916000,11.493
2026/04/29 15:46:10,917000,11.501
2026/04/29 15:46:10,918000,11.501
2026/04/29 15:46:10,919000,11.501
2026/04/29 15:46:10,920000,11.493
2026/04/29 15:46:10,921000,11.501
2026/04/29 15:46:10,922000,11.499
2026/04/29 15:46:10,923000,11.499
2026/04/29 15:46:10,924000,11.499
2026/04/29 15:46:10,925000,11.501
2026/04/29 15:46:10,926000,11.499
2026/04/29 15:46:10,927000,11.496
2026/04/29 15:46:10,928000,11.501
2026/04/29 15:46:10,929000,11.493
2026/04/29 15:46:10,930000,11.501
2026/04/29 15:46:10,931000,11.493
2026/04/29 15:46:10,932000,11.496
2026/04/29 15:46:10,933000,11.496
2026/04/29 15:46:10,934000,11.496
2026/04/29 15:46:10,935000,11.501
2026/04/29 15:46:10,936000,11.501
2026/04/29 15:46:10,937000,11.504
2026/04/29 15:46:10,938000,11.496
2026/04/29 15:46:10,939000,11.501
2026/04/29 15:46:10,940000,11.493
2026/04/29 15:46:10,941000,11.493
2026/04/29 15:46:10,942000,11.493
2026/04/29 15:46:10,943000,11.499
2026/04/29 15:46:10,944000,11.499
2026/04/29 15:46:10,945000,11.499
2026/04/29 15:46:10,946000,11.496
2026/04/29 15:46:10,947000,11.501
2026/04/29 15:46:10,948000,11.493
2026/04/29 15:46:10,949000,11.499
2026/04/29 15:46:10,950000,11.496
2026/04/29 15:46:10,951000,11.499
2026/04/29 15:46:10,952000,11.499
2026/04/29 15:46:10,953000,11.499
2026/04/29 15:46:10,954000,11.499
2026/04/29 15:46:10,955000,11.504
2026/04/29 15:46:10,956000,11.493
2026/04/29 15:46:10,957000,11.504
2026/04/29 15:46:10,958000,11.499
2026/04/29 15:46:10,959000,11.496
2026/04/29 15:46:10,960000,11.499
2026/04/29 15:46:10,961000,11.499
2026/04/29 15:46:10,962000,11.499
2026/04/29 15:46:10,963000,11.499
2026/04/29 15:46:10,964000,11.499
2026/04/29 15:46:10,965000,11.501
2026/04/29 15:46:10,966000,11.496
2026/04/29 15:46:10,967000,11.499
2026/04/29 15:46:10,968000,11.490
2026/04/29 15:46:10,969000,11.501
2026/04/29 15:46:10,970000,11.499
2026/04/29 15:46:10,971000,11.493
2026/04/29 15:46:10,972000,11.493
2026/04/29 15:46:10,973000,11.499
2026/04/29 15:46:10,974000,11.493
2026/04/29 15:46:10,975000,11.499
2026/04/29 15:46:10,976000,11.493
2026/04/29 15:46:10,977000,11.496
2026/04/29 15:46:10,978000,11.496
2026/04/29 15:46:10,979000,11.499
2026/04/29 15:46:10,980000,11.493
2026/04/29 15:46:10,981000,11.499
2026/04/29 15:46:10,982000,11.499
2026/04/29 15:46:10,983000,11.496
2026/04/29 15:46:10,984000,11.496
2026/04/29 15:46:10,985000,11.499
2026/04/29 15:46:10,986000,11.507
2026/04/29 15:46:10,987000,11.499
2026/04/29 15:46:10,988000,11.499
2026/04/29 15:46:10,989000,11.499
2026/04/29 15:46:10,990000,11.501
2026/04/29 15:46:10,991000,11.496
2026/04/29 15:46:10,992000,11.501
2026/04/29 15:46:10,993000,11.493
2026/04/29 15:46:10,994000,11.504
2026/04/29 15:46:10,995000,11.499
2026/04/29 15:46:10,996000,11.490
2026/04/29 15:46:10,997000,11.501
2026/04/29 15:46:10,998000,11.496
2026/04/29 15:46:10,999000,11.501
2026/04/29 15:46:11,000000,11.499
2026/04/29 15:46:11,001000,11.501
2026/04/29 15:46:11,002000,11.501
2026/04/29 15:46:11,003000,11.496
2026/04/29 15:46:11,004000,11.496
2026/04/29 15:46:11,005000,11.499
2026/04/29 15:46:11,006000,11.499
2026/04/29 15:46:11,007000,11.496
2026/04/29 15:46:11,008000,11.493
2026/04/29 15:46:11,009000,11.499
2026/04/29 15:46:11,010000,11.501
2026/04/29 15:46:11,011000,11.501
2026/04/29 15:46:11,012000,11.501
2026/04/29 15:46:11,013000,11.499
2026/04/29 15:46:11,014000,11.499
2026/04/29 15:46:11,015000,11.501
2026/04/29 15:46:11,016000,11.496
2026/04/29 15:46:11,017000,11.499
2026/04/29 15:46:11,018000,11.501
2026/04/29 15:46:11,019000,11.499
2026/04/29 15:46:11,020000,11.501
2026/04/29 15:46:11,021000,11.499
2026/04/29 15:46:11,022000,11.504
2026/04/29 15:46:11,023000,11.496
2026/04/29 15:46:11,024000,11.501
2026/04/29 15:46:11,025000,11.499
2026/04/29 15:46:11,026000,11.501
2026/04/29 15:46:11,027000,11.504
2026/04/29 15:46:11,028000,11.499
2026/04/29 15:46:11,029000,11.501
2026/04/29 15:46:11,030000,11.501
2026/04/29 15:46:11,031000,11.504
2026/04/29 15:46:11,032000,11.507
2026/04/29 15:46:11,033000,11.493
2026/04/29 15:46:11,034000,11.493
2026/04/29 15:46:11,035000,11.499
2026/04/29 15:46:11,036000,11.496
2026/04/29 15:46:11,037000,11.496
2026/04/29 15:46:11,038000,11.501
2026/04/29 15:46:11,039000,11.493
2026/04/29 15:46:11,040000,11.501
2026/04/29 15:46:11,041000,11.501
2026/04/29 15:46:11,042000,11.496
2026/04/29 15:46:11,043000,11.499
2026/04/29 15:46:11,044000,11.507
2026/04/29 15:46:11,045000,11.501
2026/04/29 15:46:11,046000,11.501
2026/04/29 15:46:11,047000,11.501
2026/04/29 15:46:11,048000,11.501
2026/04/29 15:46:11,049000,11.501
2026/04/29 15:46:11,050000,11.493
2026/04/29 15:46:11,051000,11.493
2026/04/29 15:46:11,052000,11.496
2026/04/29 15:46:11,053000,11.493
2026/04/29 15:46:11,054000,11.501
2026/04/29 15:46:11,055000,11.501
2026/04/29 15:46:11,056000,11.493
2026/04/29 15:46:11,057000,11.504
2026/04/29 15:46:11,058000,11.499
2026/04/29 15:46:11,059000,11.504
2026/04/29 15:46:11,060000,11.499
2026/04/29 15:46:11,061000,11.501
2026/04/29 15:46:11,062000,11.499
2026/04/29 15:46:11,063000,11.499
2026/04/29 15:46:11,064000,11.501
2026/04/29 15:46:11,065000,11.501
2026/04/29 15:46:11,066000,11.501
2026/04/29 15:46:11,067000,11.499
2026/04/29 15:46:11,068000,11.501
2026/04/29 15:46:11,069000,11.499
2026/04/29 15:46:11,070000,11.501
2026/04/29 15:46:11,071000,11.501
2026/04/29 15:46:11,072000,11.501
2026/04/29 15:46:11,073000,11.499
2026/04/29 15:46:11,074000,11.499
2026/04/29 15:46:11,075000,11.496
2026/04/29 15:46:11,076000,11.501
2026/04/29 15:46:11,077000,11.493
2026/04/29 15:46:11,078000,11.499
2026/04/29 15:46:11,079000,11.493
2026/04/29 15:46:11,080000,11.499
2026/04/29 15:46:11,081000,11.501
2026/04/29 15:46:11,082000,11.499
2026/04/29 15:46:11,083000,11.493
2026/04/29 15:46:11,084000,11.493
2026/04/29 15:46:11,085000,11.501
2026/04/29 15:46:11,086000,11.501
2026/04/29 15:46:11,087000,11.499
2026/04/29 15:46:11,088000,11.493
2026/04/29 15:46:11,089000,11.501
2026/04/29 15:46:11,090000,11.504
2026/04/29 15:46:11,091000,11.504
2026/04/29 15:46:11,092000,11.501
2026/04/29 15:46:11,093000,11.496
2026/04/29 15:46:11,094000,11.493
2026/04/29 15:46:11,095000,11.504
2026/04/29 15:46:11,096000,11.501
2026/04/29 15:46:11,097000,11.501
2026/04/29 15:46:11,098000,11.501
2026/04/29 15:46:11,099000,11.493
2026/04/29 15:46:11,100000,11.499
2026/04/29 15:46:11,101000,11.499
2026/04/29 15:46:11,102000,11.496
2026/04/29 15:46:11,103000,11.496
2026/04/29 15:46:11,104000,11.501
2026/04/29 15:46:11,105000,11.496
2026/04/29 15:46:11,106000,11.496
2026/04/29 15:46:11,107000,11.499
2026/04/29 15:46:11,108000,11.501
2026/04/29 15:46:11,109000,11.501
2026/04/29 15:46:11,110000,11.499
2026/04/29 15:46:11,111000,11.493
2026/04/29 15:46:11,112000,11.501
2026/04/29 15:46:11,113000,11.499
2026/04/29 15:46:11,114000,11.496
2026/04/29 15:46:11,115000,11.499
2026/04/29 15:46:11,116000,11.499
2026/04/29 15:46:11,117000,11.499
2026/04/29 15:46:11,118000,11.501
2026/04/29 15:46:11,119000,11.499
2026/04/29 15:46:11,120000,11.493
2026/04/29 15:46:11,121000,11.499
2026/04/29 15:46:11,122000,11.504
2026/04/29 15:46:11,123000,11.499
2026/04/29 15:46:11,124000,11.501
2026/04/29 15:46:11,125000,11.499
2026/04/29 15:46:11,126000,11.496
2026/04/29 15:46:11,127000,11.507
2026/04/29 15:46:11,128000,11.501
2026/04/29 15:46:11,129000,11.501
2026/04/29 15:46:11,130000,11.499
2026/04/29 15:46:11,131000,11.499
2026/04/29 15:46:11,132000,11.499
2026/04/29 15:46:11,133000,11.490
2026/04/29 15:46:11,134000,11.504
2026/04/29 15:46:11,135000,11.501
2026/04/29 15:46:11,136000,11.496
2026/04/29 15:46:11,137000,11.504
2026/04/29 15:46:11,138000,11.501
2026/04/29 15:46:11,139000,11.510
2026/04/29 15:46:11,140000,11.496
2026/04/29 15:46:11,141000,11.499
2026/04/29 15:46:11,142000,11.501
2026/04/29 15:46:11,143000,11.499
2026/04/29 15:46:11,144000,11.504
2026/04/29 15:46:11,145000,11.499
2026/04/29 15:46:11,146000,11.501
2026/04/29 15:46:11,147000,11.499
2026/04/29 15:46:11,148000,11.496
2026/04/29 15:46:11,149000,11.501
2026/04/29 15:46:11,150000,11.496
2026/04/29 15:46:11,151000,11.496
2026/04/29 15:46:11,152000,11.496
2026/04/29 15:46:11,153000,11.501
2026/04/29 15:46:11,154000,11.504
2026/04/29 15:46:11,155000,11.499
2026/04/29 15:46:11,156000,11.501
2026/04/29 15:46:11,157000,11.501
2026/04/29 15:46:11,158000,11.499
2026/04/29 15:46:11,159000,11.504
2026/04/29 15:46:11,160000,11.499
2026/04/29 15:46:11,161000,11.499
2026/04/29 15:46:11,162000,11.501
2026/04/29 15:46:11,163000,11.499
2026/04/29 15:46:11,164000,11.499
2026/04/29 15:46:11,165000,11.501
2026/04/29 15:46:11,166000,11.496
2026/04/29 15:46:11,167000,11.501
2026/04/29 15:46:11,168000,11.504
2026/04/29 15:46:11,169000,11.496
2026/04/29 15:46:11,170000,11.499
2026/04/29 15:46:11,171000,11.496
2026/04/29 15:46:11,172000,11.499
2026/04/29 15:46:11,173000,11.496
2026/04/29 15:46:11,174000,11.501
2026/04/29 15:46:11,175000,11.501
2026/04/29 15:46:11,176000,11.496
2026/04/29 15:46:11,177000,11.501
2026/04/29 15:46:11,178000,11.499
2026/04/29 15:46:11,179000,11.496
2026/04/29 15:46:11,180000,11.507
2026/04/29 15:46:11,181000,11.501
2026/04/29 15:46:11,182000,11.493
2026/04/29 15:46:11,183000,11.501
2026/04/29 15:46:11,184000,11.504
2026/04/29 15:46:11,185000,11.499
2026/04/29 15:46:11,186000,11.499
2026/04/29 15:46:11,187000,11.493
2026/04/29 15:46:11,188000,11.496
2026/04/29 15:46:11,189000,11.499
2026/04/29 15:46:11,190000,11.504
2026/04/29 15:46:11,191000,11.499
2026/04/29 15:46:11,192000,11.504
2026/04/29 15:46:11,193000,11.493
2026/04/29 15:46:11,194000,11.504
2026/04/29 15:46:11,195000,11.504
2026/04/29 15:46:11,196000,11.501
2026/04/29 15:46:11,197000,11.501
2026/04/29 15:46:11,198000,11.496
2026/04/29 15:46:11,199000,11.499
2026/04/29 15:46:11,200000,11.499
2026/04/29 15:46:11,201000,11.496
2026/04/29 15:46:11,202000,11.501
2026/04/29 15:46:11,203000,11.510
2026/04/29 15:46:11,204000,11.496
2026/04/29 15:46:11,205000,11.499
2026/04/29 15:46:11,206000,11.499
2026/04/29 15:46:11,207000,11.504
2026/04/29 15:46:11,208000,11.501
2026/04/29 15:46:11,209000,11.493
2026/04/29 15:46:11,210000,11.504
2026/04/29 15:46:11,211000,11.493
2026/04/29 15:46:11,212000,11.501
2026/04/29 15:46:11,213000,11.501
2026/04/29 15:46:11,214000,11.501
2026/04/29 15:46:11,215000,11.501
2026/04/29 15:46:11,216000,11.496
2026/04/29 15:46:11,217000,11.501
2026/04/29 15:46:11,218000,11.499
2026/04/29 15:46:11,219000,11.504
2026/04/29 15:46:11,220000,11.504
2026/04/29 15:46:11,221000,11.499
2026/04/29 15:46:11,222000,11.501
2026/04/29 15:46:11,223000,11.499
2026/04/29 15:46:11,224000,11.501
2026/04/29 15:46:11,225000,11.507
2026/04/29 15:46:11,226000,11.499
2026/04/29 15:46:11,227000,11.496
2026/04/29 15:46:11,228000,11.501
2026/04/29 15:46:11,229000,11.499
2026/04/29 15:46:11,230000,11.501
2026/04/29 15:46:11,231000,11.501
2026/04/29 15:46:11,232000,11.501
2026/04/29 15:46:11,233000,11.490
2026/04/29 15:46:11,234000,11.501
2026/04/29 15:46:11,235000,11.499
2026/04/29 15:46:11,236000,11.501
2026/04/29 15:46:11,237000,11.499
2026/04/29 15:46:11,238000,11.499
2026/04/29 15:46:11,239000,11.499
2026/04/29 15:46:11,240000,11.501
2026/04/29 15:46:11,241000,11.499
2026/04/29 15:46:11,242000,11.507
2026/04/29 15:46:11,243000,11.499
2026/04/29 15:46:11,244000,11.504
2026/04/29 15:46:11,245000,11.504
2026/04/29 15:46:11,246000,11.496
2026/04/29 15:46:11,247000,11.501
2026/04/29 15:46:11,248000,11.499
2026/04/29 15:46:11,249000,11.493
2026/04/29 15:46:11,250000,11.499
2026/04/29 15:46:11,251000,11.493
2026/04/29 15:46:11,252000,11.501
2026/04/29 15:46:11,253000,11.501
2026/04/29 15:46:11,254000,11.501
2026/04/29 15:46:11,255000,11.504
2026/04/29 15:46:11,256000,11.499
2026/04/29 15:46:11,257000,11.496
2026/04/29 15:46:11,258000,11.499
2026/04/29 15:46:11,259000,11.501
2026/04/29 15:46:11,260000,11.504
2026/04/29 15:46:11,261000,11.504
2026/04/29 15:46:11,262000,11.496
2026/04/29 15:46:11,263000,11.499
2026/04/29 15:46:11,264000,11.504
2026/04/29 15:46:11,265000,11.501
2026/04/29 15:46:11,266000,11.499
2026/04/29 15:46:11,267000,11.499
2026/04/29 15:46:11,268000,11.493
2026/04/29 15:46:11,269000,11.504
2026/04/29 15:46:11,270000,11.501
2026/04/29 15:46:11,271000,11.501
2026/04/29 15:46:11,272000,11.499
2026/04/29 15:46:11,273000,11.493
2026/04/29 15:46:11,274000,11.493
2026/04/29 15:46:11,275000,11.501
2026/04/29 15:46:11,276000,11.501
2026/04/29 15:46:11,277000,11.499
2026/04/29 15:46:11,278000,11.507
2026/04/29 15:46:11,279000,11.499
2026/04/29 15:46:11,280000,11.501
2026/04/29 15:46:11,281000,11.496
2026/04/29 15:46:11,282000,11.496
2026/04/29 15:46:11,283000,11.496
2026/04/29 15:46:11,284000,11.507
2026/04/29 15:46:11,285000,11.504
2026/04/29 15:46:11,286000,11.504
2026/04/29 15:46:11,287000,11.499
2026/04/29 15:46:11,288000,11.504
2026/04/29 15:46:11,289000,11.507
2026/04/29 15:46:11,290000,11.499
2026/04/29 15:46:11,291000,11.499
2026/04/29 15:46:11,292000,11.499
2026/04/29 15:46:11,293000,11.504
2026/04/29 15:46:11,294000,11.493
2026/04/29 15:46:11,295000,11.499
2026/04/29 15:46:11,296000,11.501
2026/04/29 15:46:11,297000,11.504
2026/04/29 15:46:11,298000,11.501
2026/04/29 15:46:11,299000,11.493
2026/04/29 15:46:11,300000,11.496
2026/04/29 15:46:11,301000,11.493
2026/04/29 15:46:11,302000,11.499
2026/04/29 15:46:11,303000,11.499
2026/04/29 15:46:11,304000,11.501
2026/04/29 15:46:11,305000,11.499
2026/04/29 15:46:11,306000,11.507
2026/04/29 15:46:11,307000,11.499
2026/04/29 15:46:11,308000,11.496
2026/04/29 15:46:11,309000,11.501
2026/04/29 15:46:11,310000,11.501
2026/04/29 15:46:11,311000,11.501
2026/04/29 15:46:11,312000,11.501
2026/04/29 15:46:11,313000,11.501
2026/04/29 15:46:11,314000,11.493
2026/04/29 15:46:11,315000,11.493
2026/04/29 15:46:11,316000,11.501
2026/04/29 15:46:11,317000,11.496
2026/04/29 15:46:11,318000,11.501
2026/04/29 15:46:11,319000,11.501
2026/04/29 15:46:11,320000,11.496
2026/04/29 15:46:11,321000,11.501
2026/04/29 15:46:11,322000,11.499
2026/04/29 15:46:11,323000,11.493
2026/04/29 15:46:11,324000,11.501
2026/04/29 15:46:11,325000,11.501
2026/04/29 15:46:11,326000,11.499
2026/04/29 15:46:11,327000,11.496
2026/04/29 15:46:11,328000,11.493
2026/04/29 15:46:11,329000,11.501
2026/04/29 15:46:11,330000,11.504
2026/04/29 15:46:11,331000,11.501
2026/04/29 15:46:11,332000,11.501
2026/04/29 15:46:11,333000,11.501
2026/04/29 15:46:11,334000,11.501
2026/04/29 15:46:11,335000,11.504
2026/04/29 15:46:11,336000,11.501
2026/04/29 15:46:11,337000,11.496
2026/04/29 15:46:11,338000,11.496
2026/04/29 15:46:11,339000,11.501
2026/04/29 15:46:11,340000,11.501
2026/04/29 15:46:11,341000,11.496
2026/04/29 15:46:11,342000,11.499
2026/04/29 15:46:11,343000,11.501
2026/04/29 15:46:11,344000,11.499
2026/04/29 15:46:11,345000,11.499
2026/04/29 15:46:11,346000,11.499
2026/04/29 15:46:11,347000,11.496
2026/04/29 15:46:11,348000,11.499
2026/04/29 15:46:11,349000,11.499
2026/04/29 15:46:11,350000,11.504
2026/04/29 15:46:11,351000,11.499
2026/04/29 15:46:11,352000,11.499
2026/04/29 15:46:11,353000,11.501
2026/04/29 15:46:11,354000,11.499
2026/04/29 15:46:11,355000,11.496
2026/04/29 15:46:11,356000,11.499
2026/04/29 15:46:11,357000,11.499
2026/04/29 15:46:11,358000,11.496
2026/04/29 15:46:11,359000,11.499
2026/04/29 15:46:11,360000,11.493
2026/04/29 15:46:11,361000,11.493
2026/04/29 15:46:11,362000,11.499
2026/04/29 15:46:11,363000,11.496
2026/04/29 15:46:11,364000,11.499
2026/04/29 15:46:11,365000,11.499
2026/04/29 15:46:11,366000,11.501
2026/04/29 15:46:11,367000,11.493
2026/04/29 15:46:11,368000,11.501
2026/04/29 15:46:11,369000,11.499
2026/04/29 15:46:11,370000,11.499
2026/04/29 15:46:11,371000,11.496
2026/04/29 15:46:11,372000,11.493
2026/04/29 15:46:11,373000,11.499
2026/04/29 15:46:11,374000,11.496
2026/04/29 15:46:11,375000,11.493
2026/04/29 15:46:11,376000,11.496
2026/04/29 15:46:11,377000,11.496
2026/04/29 15:46:11,378000,11.493
2026/04/29 15:46:11,379000,11.499
2026/04/29 15:46:11,380000,11.496
2026/04/29 15:46:11,381000,11.496
2026/04/29 15:46:11,382000,11.493
2026/04/29 15:46:11,383000,11.501
2026/04/29 15:46:11,384000,11.501
2026/04/29 15:46:11,385000,11.496
2026/04/29 15:46:11,386000,11.496
2026/04/29 15:46:11,387000,11.513
2026/04/29 15:46:11,388000,11.504
2026/04/29 15:46:11,389000,11.501
2026/04/29 15:46:11,390000,11.504
2026/04/29 15:46:11,391000,11.496
2026/04/29 15:46:11,392000,11.499
2026/04/29 15:46:11,393000,11.493
2026/04/29 15:46:11,394000,11.496
2026/04/29 15:46:11,395000,11.496
2026/04/29 15:46:11,396000,11.496
2026/04/29 15:46:11,397000,11.499
2026/04/29 15:46:11,398000,11.499
2026/04/29 15:46:11,399000,11.493
2026/04/29 15:46:11,400000,11.493
2026/04/29 15:46:11,401000,11.501
2026/04/29 15:46:11,402000,11.493
2026/04/29 15:46:11,403000,11.493
2026/04/29 15:46:11,404000,11.499
2026/04/29 15:46:11,405000,11.496
2026/04/29 15:46:11,406000,11.493
2026/04/29 15:46:11,407000,11.496
2026/04/29 15:46:11,408000,11.496
2026/04/29 15:46:11,409000,11.499
2026/04/29 15:46:11,410000,11.496
2026/04/29 15:46:11,411000,11.501
2026/04/29 15:46:11,412000,11.496
2026/04/29 15:46:11,413000,11.499
2026/04/29 15:46:11,414000,11.504
2026/04/29 15:46:11,415000,11.496
2026/04/29 15:46:11,416000,11.496
2026/04/29 15:46:11,417000,11.499
2026/04/29 15:46:11,418000,11.501
2026/04/29 15:46:11,419000,11.499
2026/04/29 15:46:11,420000,11.501
2026/04/29 15:46:11,421000,11.496
2026/04/29 15:46:11,422000,11.501
2026/04/29 15:46:11,423000,11.496
2026/04/29 15:46:11,424000,11.499
2026/04/29 15:46:11,425000,11.501
2026/04/29 15:46:11,426000,11.499
2026/04/29 15:46:11,427000,11.493
2026/04/29 15:46:11,428000,11.493
2026/04/29 15:46:11,429000,11.504
2026/04/29 15:46:11,430000,11.493
2026/04/29 15:46:11,431000,11.504
2026/04/29 15:46:11,432000,11.501
2026/04/29 15:46:11,433000,11.496
2026/04/29 15:46:11,434000,11.501
2026/04/29 15:46:11,435000,11.496
2026/04/29 15:46:11,436000,11.499
2026/04/29 15:46:11,437000,11.499
2026/04/29 15:46:11,438000,11.504
2026/04/29 15:46:11,439000,11.496
2026/04/29 15:46:11,440000,11.499
2026/04/29 15:46:11,441000,11.501
2026/04/29 15:46:11,442000,11.493
2026/04/29 15:46:11,443000,11.499
2026/04/29 15:46:11,444000,11.499
2026/04/29 15:46:11,445000,11.504
2026/04/29 15:46:11,446000,11.496
2026/04/29 15:46:11,447000,11.496
2026/04/29 15:46:11,448000,11.493
2026/04/29 15:46:11,449000,11.499
2026/04/29 15:46:11,450000,11.501
2026/04/29 15:46:11,451000,11.496
2026/04/29 15:46:11,452000,11.501
2026/04/29 15:46:11,453000,11.501
2026/04/29 15:46:11,454000,11.499
2026/04/29 15:46:11,455000,11.496
2026/04/29 15:46:11,456000,11.493
2026/04/29 15:46:11,457000,11.496
2026/04/29 15:46:11,458000,11.493
2026/04/29 15:46:11,459000,11.504
2026/04/29 15:46:11,460000,11.493
2026/04/29 15:46:11,461000,11.496
2026/04/29 15:46:11,462000,11.496
2026/04/29 15:46:11,463000,11.499
2026/04/29 15:46:11,464000,11.493
2026/04/29 15:46:11,465000,11.507
2026/04/29 15:46:11,466000,11.501
2026/04/29 15:46:11,467000,11.501
2026/04/29 15:46:11,468000,11.504
2026/04/29 15:46:11,469000,11.499
2026/04/29 15:46:11,470000,11.504
2026/04/29 15:46:11,471000,11.496
2026/04/29 15:46:11,472000,11.501
2026/04/29 15:46:11,473000,11.501
2026/04/29 15:46:11,474000,11.499
2026/04/29 15:46:11,475000,11.499
2026/04/29 15:46:11,476000,11.496
2026/04/29 15:46:11,477000,11.501
2026/04/29 15:46:11,478000,11.496
2026/04/29 15:46:11,479000,11.499
2026/04/29 15:46:11,480000,11.501
2026/04/29 15:46:11,481000,11.501
2026/04/29 15:46:11,482000,11.504
2026/04/29 15:46:11,483000,11.504
2026/04/29 15:46:11,484000,11.499
2026/04/29 15:46:11,485000,11.499
2026/04/29 15:46:11,486000,11.501
2026/04/29 15:46:11,487000,11.501
2026/04/29 15:46:11,488000,11.496
2026/04/29 15:46:11,489000,11.499
2026/04/29 15:46:11,490000,11.499
2026/04/29 15:46:11,491000,11.499
2026/04/29 15:46:11,492000,11.501
2026/04/29 15:46:11,493000,11.493
2026/04/29 15:46:11,494000,11.496
2026/04/29 15:46:11,495000,11.501
2026/04/29 15:46:11,496000,11.496
2026/04/29 15:46:11,497000,11.493
2026/04/29 15:46:11,498000,11.504
2026/04/29 15:46:11,499000,11.499
2026/04/29 15:46:11,500000,11.504
2026/04/29 15:46:11,501000,11.493
2026/04/29 15:46:11,502000,11.499
2026/04/29 15:46:11,503000,11.501
2026/04/29 15:46:11,504000,11.499
2026/04/29 15:46:11,505000,11.501
2026/04/29 15:46:11,506000,11.496
2026/04/29 15:46:11,507000,11.493
2026/04/29 15:46:11,508000,11.501
2026/04/29 15:46:11,509000,11.504
2026/04/29 15:46:11,510000,11.496
2026/04/29 15:46:11,511000,11.499
2026/04/29 15:46:11,512000,11.499
2026/04/29 15:46:11,513000,11.487
2026/04/29 15:46:11,514000,11.496
2026/04/29 15:46:11,515000,11.501
2026/04/29 15:46:11,516000,11.499
2026/04/29 15:46:11,517000,11.490
2026/04/29 15:46:11,518000,11.499
2026/04/29 15:46:11,519000,11.501
2026/04/29 15:46:11,520000,11.496
2026/04/29 15:46:11,521000,11.499
2026/04/29 15:46:11,522000,11.501
2026/04/29 15:46:11,523000,11.499
2026/04/29 15:46:11,524000,11.496
2026/04/29 15:46:11,525000,11.499
2026/04/29 15:46:11,526000,11.499
2026/04/29 15:46:11,527000,11.499
2026/04/29 15:46:11,528000,11.499
2026/04/29 15:46:11,529000,11.504
2026/04/29 15:46:11,530000,11.496
2026/04/29 15:46:11,531000,11.499
2026/04/29 15:46:11,532000,11.501
2026/04/29 15:46:11,533000,11.499
2026/04/29 15:46:11,534000,11.496
2026/04/29 15:46:11,535000,11.504
2026/04/29 15:46:11,536000,11.504
2026/04/29 15:46:11,537000,11.499
2026/04/29 15:46:11,538000,11.496
2026/04/29 15:46:11,539000,11.501
2026/04/29 15:46:11,540000,11.501
2026/04/29 15:46:11,541000,11.496
2026/04/29 15:46:11,542000,11.496
2026/04/29 15:46:11,543000,11.493
2026/04/29 15:46:11,544000,11.501
2026/04/29 15:46:11,545000,11.499
2026/04/29 15:46:11,546000,11.496
2026/04/29 15:46:11,547000,11.496
2026/04/29 15:46:11,548000,11.493
2026/04/29 15:46:11,549000,11.493
2026/04/29 15:46:11,550000,11.496
2026/04/29 15:46:11,551000,11.501
2026/04/29 15:46:11,552000,11.501
2026/04/29 15:46:11,553000,11.501
2026/04/29 15:46:11,554000,11.499
2026/04/29 15:46:11,555000,11.493
2026/04/29 15:46:11,556000,11.496
2026/04/29 15:46:11,557000,11.493
2026/04/29 15:46:11,558000,11.504
2026/04/29 15:46:11,559000,11.501
2026/04/29 15:46:11,560000,11.496
2026/04/29 15:46:11,561000,11.493
2026/04/29 15:46:11,562000,11.501
2026/04/29 15:46:11,563000,11.493
2026/04/29 15:46:11,564000,11.496
2026/04/29 15:46:11,565000,11.499
2026/04/29 15:46:11,566000,11.496
2026/04/29 15:46:11,567000,11.499
2026/04/29 15:46:11,568000,11.496
2026/04/29 15:46:11,569000,11.501
2026/04/29 15:46:11,570000,11.496
2026/04/29 15:46:11,571000,11.501
2026/04/29 15:46:11,572000,11.499
2026/04/29 15:46:11,573000,11.501
2026/04/29 15:46:11,574000,11.499
2026/04/29 15:46:11,575000,11.493
2026/04/29 15:46:11,576000,11.499
2026/04/29 15:46:11,577000,11.501
2026/04/29 15:46:11,578000,11.496
2026/04/29 15:46:11,579000,11.501
2026/04/29 15:46:11,580000,11.504
2026/04/29 15:46:11,581000,11.501
2026/04/29 15:46:11,582000,11.499
2026/04/29 15:46:11,583000,11.493
2026/04/29 15:46:11,584000,11.496
2026/04/29 15:46:11,585000,11.496
2026/04/29 15:46:11,586000,11.499
2026/04/29 15:46:11,587000,11.496
2026/04/29 15:46:11,588000,11.501
2026/04/29 15:46:11,589000,11.499
2026/04/29 15:46:11,590000,11.499
2026/04/29 15:46:11,591000,11.501
2026/04/29 15:46:11,592000,11.501
2026/04/29 15:46:11,593000,11.499
2026/04/29 15:46:11,594000,11.499
2026/04/29 15:46:11,595000,11.493
2026/04/29 15:46:11,596000,11.501
2026/04/29 15:46:11,597000,11.501
2026/04/29 15:46:11,598000,11.496
2026/04/29 15:46:11,599000,11.501
2026/04/29 15:46:11,600000,11.493
2026/04/29 15:46:11,601000,11.501
2026/04/29 15:46:11,602000,11.499
2026/04/29 15:46:11,603000,11.501
2026/04/29 15:46:11,604000,11.504
2026/04/29 15:46:11,605000,11.499
2026/04/29 15:46:11,606000,11.501
2026/04/29 15:46:11,607000,11.504
2026/04/29 15:46:11,608000,11.493
2026/04/29 15:46:11,609000,11.499
2026/04/29 15:46:11,610000,11.499
2026/04/29 15:46:11,611000,11.499
2026/04/29 15:46:11,612000,11.496
2026/04/29 15:46:11,613000,11.501
2026/04/29 15:46:11,614000,11.496
2026/04/29 15:46:11,615000,11.493
2026/04/29 15:46:11,616000,11.496
2026/04/29 15:46:11,617000,11.501
2026/04/29 15:46:11,618000,11.499
2026/04/29 15:46:11,619000,11.496
2026/04/29 15:46:11,620000,11.501
2026/04/29 15:46:11,621000,11.501
2026/04/29 15:46:11,622000,11.504
2026/04/29 15:46:11,623000,11.496
2026/04/29 15:46:11,624000,11.501
2026/04/29 15:46:11,625000,11.499
2026/04/29 15:46:11,626000,11.501
2026/04/29 15:46:11,627000,11.496
2026/04/29 15:46:11,628000,11.510
2026/04/29 15:46:11,629000,11.501
2026/04/29 15:46:11,630000,11.501
2026/04/29 15:46:11,631000,11.501
2026/04/29 15:46:11,632000,11.501
2026/04/29 15:46:11,633000,11.504
2026/04/29 15:46:11,634000,11.499
2026/04/29 15:46:11,635000,11.496
2026/04/29 15:46:11,636000,11.499
2026/04/29 15:46:11,637000,11.499
2026/04/29 15:46:11,638000,11.504
2026/04/29 15:46:11,639000,11.499
2026/04/29 15:46:11,640000,11.496
2026/04/29 15:46:11,641000,11.499
2026/04/29 15:46:11,642000,11.501
2026/04/29 15:46:11,643000,11.499
2026/04/29 15:46:11,644000,11.499
2026/04/29 15:46:11,645000,11.499
2026/04/29 15:46:11,646000,11.501
2026/04/29 15:46:11,647000,11.501
2026/04/29 15:46:11,648000,11.504
2026/04/29 15:46:11,649000,11.501
2026/04/29 15:46:11,650000,11.501
2026/04/29 15:46:11,651000,11.496
2026/04/29 15:46:11,652000,11.501
2026/04/29 15:46:11,653000,11.496
2026/04/29 15:46:11,654000,11.496
2026/04/29 15:46:11,655000,11.501
2026/04/29 15:46:11,656000,11.499
2026/04/29 15:46:11,657000,11.499
2026/04/29 15:46:11,658000,11.499
2026/04/29 15:46:11,659000,11.504
2026/04/29 15:46:11,660000,11.499
2026/04/29 15:46:11,661000,11.504
2026/04/29 15:46:11,662000,11.490
2026/04/29 15:46:11,663000,11.499
2026/04/29 15:46:11,664000,11.499
2026/04/29 15:46:11,665000,11.510
2026/04/29 15:46:11,666000,11.504
2026/04/29 15:46:11,667000,11.493
2026/04/29 15:46:11,668000,11.501
2026/04/29 15:46:11,669000,11.499
2026/04/29 15:46:11,670000,11.504
2026/04/29 15:46:11,671000,11.501
2026/04/29 15:46:11,672000,11.507
2026/04/29 15:46:11,673000,11.496
2026/04/29 15:46:11,674000,11.501
2026/04/29 15:46:11,675000,11.499
2026/04/29 15:46:11,676000,11.510
2026/04/29 15:46:11,677000,11.501
2026/04/29 15:46:11,678000,11.501
2026/04/29 15:46:11,679000,11.501
2026/04/29 15:46:11,680000,11.499
2026/04/29 15:46:11,681000,11.496
2026/04/29 15:46:11,682000,11.504
2026/04/29 15:46:11,683000,11.501
2026/04/29 15:46:11,684000,11.501
2026/04/29 15:46:11,685000,11.499
2026/04/29 15:46:11,686000,11.496
2026/04/29 15:46:11,687000,11.501
2026/04/29 15:46:11,688000,11.493
2026/04/29 15:46:11,689000,11.501
2026/04/29 15:46:11,690000,11.499
2026/04/29 15:46:11,691000,11.493
2026/04/29 15:46:11,692000,11.501
2026/04/29 15:46:11,693000,11.496
2026/04/29 15:46:11,694000,11.493
2026/04/29 15:46:11,695000,11.501
2026/04/29 15:46:11,696000,11.504
2026/04/29 15:46:11,697000,11.496
2026/04/29 15:46:11,698000,11.504
2026/04/29 15:46:11,699000,11.499
2026/04/29 15:46:11,700000,11.501
2026/04/29 15:46:11,701000,11.499
2026/04/29 15:46:11,702000,11.493
2026/04/29 15:46:11,703000,11.496
2026/04/29 15:46:11,704000,11.510
2026/04/29 15:46:11,705000,11.499
2026/04/29 15:46:11,706000,11.501
2026/04/29 15:46:11,707000,11.501
2026/04/29 15:46:11,708000,11.501
2026/04/29 15:46:11,709000,11.493
2026/04/29 15:46:11,710000,11.507
2026/04/29 15:46:11,711000,11.496
2026/04/29 15:46:11,712000,11.501
2026/04/29 15:46:11,713000,11.501
2026/04/29 15:46:11,714000,11.496
2026/04/29 15:46:11,715000,11.499
2026/04/29 15:46:11,716000,11.499
2026/04/29 15:46:11,717000,11.493
2026/04/29 15:46:11,718000,11.501
2026/04/29 15:46:11,719000,11.501
2026/04/29 15:46:11,720000,11.501
2026/04/29 15:46:11,721000,11.496
2026/04/29 15:46:11,722000,11.501
2026/04/29 15:46:11,723000,11.501
2026/04/29 15:46:11,724000,11.499
2026/04/29 15:46:11,725000,11.493
2026/04/29 15:46:11,726000,11.496
2026/04/29 15:46:11,727000,11.490
2026/04/29 15:46:11,728000,11.493
2026/04/29 15:46:11,729000,11.499
2026/04/29 15:46:11,730000,11.504
2026/04/29 15:46:11,731000,11.499
2026/04/29 15:46:11,732000,11.501
2026/04/29 15:46:11,733000,11.501
2026/04/29 15:46:11,734000,11.501
2026/04/29 15:46:11,735000,11.501
2026/04/29 15:46:11,736000,11.499
2026/04/29 15:46:11,737000,11.496
2026/04/29 15:46:11,738000,11.501
2026/04/29 15:46:11,739000,11.499
2026/04/29 15:46:11,740000,11.501
2026/04/29 15:46:11,741000,11.501
2026/04/29 15:46:11,742000,11.493
2026/04/29 15:46:11,743000,11.496
2026/04/29 15:46:11,744000,11.499
2026/04/29 15:46:11,745000,11.501
2026/04/29 15:46:11,746000,11.499
2026/04/29 15:46:11,747000,11.504
2026/04/29 15:46:11,748000,11.501
2026/04/29 15:46:11,749000,11.501
2026/04/29 15:46:11,750000,11.496
2026/04/29 15:46:11,751000,11.499
2026/04/29 15:46:11,752000,11.493
2026/04/29 15:46:11,753000,11.499
2026/04/29 15:46:11,754000,11.501
2026/04/29 15:46:11,755000,11.513
2026/04/29 15:46:11,756000,11.496
2026/04/29 15:46:11,757000,11.496
2026/04/29 15:46:11,758000,11.501
2026/04/29 15:46:11,759000,11.496
2026/04/29 15:46:11,760000,11.501
2026/04/29 15:46:11,761000,11.493
2026/04/29 15:46:11,762000,11.496
2026/04/29 15:46:11,763000,11.496
2026/04/29 15:46:11,764000,11.496
2026/04/29 15:46:11,765000,11.499
2026/04/29 15:46:11,766000,11.501
2026/04/29 15:46:11,767000,11.496
2026/04/29 15:46:11,768000,11.493
2026/04/29 15:46:11,769000,11.499
2026/04/29 15:46:11,770000,11.501
2026/04/29 15:46:11,771000,11.501
2026/04/29 15:46:11,772000,11.501
2026/04/29 15:46:11,773000,11.493
2026/04/29 15:46:11,774000,11.501
2026/04/29 15:46:11,775000,11.499
2026/04/29 15:46:11,776000,11.504
2026/04/29 15:46:11,777000,11.501
2026/04/29 15:46:11,778000,11.504
2026/04/29 15:46:11,779000,11.501
2026/04/29 15:46:11,780000,11.496
2026/04/29 15:46:11,781000,11.496
2026/04/29 15:46:11,782000,11.496
2026/04/29 15:46:11,783000,11.499
2026/04/29 15:46:11,784000,11.501
2026/04/29 15:46:11,785000,11.496
2026/04/29 15:46:11,786000,11.504
2026/04/29 15:46:11,787000,11.504
2026/04/29 15:46:11,788000,11.499
2026/04/29 15:46:11,789000,11.501
2026/04/29 15:46:11,790000,11.501
2026/04/29 15:46:11,791000,11.499
2026/04/29 15:46:11,792000,11.493
2026/04/29 15:46:11,793000,11.496
2026/04/29 15:46:11,794000,11.501
2026/04/29 15:46:11,795000,11.501
2026/04/29 15:46:11,796000,11.496
2026/04/29 15:46:11,797000,11.501
2026/04/29 15:46:11,798000,11.501
2026/04/29 15:46:11,799000,11.504
2026/04/29 15:46:11,800000,11.499
2026/04/29 15:46:11,801000,11.499
2026/04/29 15:46:11,802000,11.499
2026/04/29 15:46:11,803000,11.501
2026/04/29 15:46:11,804000,11.504
2026/04/29 15:46:11,805000,11.504
2026/04/29 15:46:11,806000,11.504
2026/04/29 15:46:11,807000,11.499
2026/04/29 15:46:11,808000,11.501
2026/04/29 15:46:11,809000,11.499
2026/04/29 15:46:11,810000,11.507
2026/04/29 15:46:11,811000,11.499
2026/04/29 15:46:11,812000,11.501
2026/04/29 15:46:11,813000,11.504
2026/04/29 15:46:11,814000,11.496
2026/04/29 15:46:11,815000,11.499
2026/04/29 15:46:11,816000,11.501
2026/04/29 15:46:11,817000,11.499
2026/04/29 15:46:11,818000,11.499
2026/04/29 15:46:11,819000,11.504
2026/04/29 15:46:11,820000,11.501
2026/04/29 15:46:11,821000,11.499
2026/04/29 15:46:11,822000,11.501
2026/04/29 15:46:11,823000,11.493
2026/04/29 15:46:11,824000,11.493
2026/04/29 15:46:11,825000,11.499
2026/04/29 15:46:11,826000,11.499
2026/04/29 15:46:11,827000,11.504
2026/04/29 15:46:11,828000,11.496
2026/04/29 15:46:11,829000,11.501
2026/04/29 15:46:11,830000,11.490
2026/04/29 15:46:11,831000,11.496
2026/04/29 15:46:11,832000,11.499
2026/04/29 15:46:11,833000,11.504
2026/04/29 15:46:11,834000,11.504
2026/04/29 15:46:11,835000,11.496
2026/04/29 15:46:11,836000,11.501
2026/04/29 15:46:11,837000,11.501
2026/04/29 15:46:11,838000,11.496
2026/04/29 15:46:11,839000,11.501
2026/04/29 15:46:11,840000,11.493
2026/04/29 15:46:11,841000,11.499
2026/04/29 15:46:11,842000,11.504
2026/04/29 15:46:11,843000,11.501
2026/04/29 15:46:11,844000,11.499
2026/04/29 15:46:11,845000,11.499
2026/04/29 15:46:11,846000,11.499
2026/04/29 15:46:11,847000,11.501
2026/04/29 15:46:11,848000,11.493
2026/04/29 15:46:11,849000,11.504
2026/04/29 15:46:11,850000,11.499
2026/04/29 15:46:11,851000,11.496
2026/04/29 15:46:11,852000,11.499
2026/04/29 15:46:11,853000,11.496
2026/04/29 15:46:11,854000,11.499
2026/04/29 15:46:11,855000,11.499
2026/04/29 15:46:11,856000,11.499
2026/04/29 15:46:11,857000,11.499
2026/04/29 15:46:11,858000,11.499
2026/04/29 15:46:11,859000,11.501
2026/04/29 15:46:11,860000,11.499
2026/04/29 15:46:11,861000,11.501
2026/04/29 15:46:11,862000,11.501
2026/04/29 15:46:11,863000,11.499
2026/04/29 15:46:11,864000,11.501
2026/04/29 15:46:11,865000,11.501
2026/04/29 15:46:11,866000,11.496
2026/04/29 15:46:11,867000,11.501
2026/04/29 15:46:11,868000,11.501
2026/04/29 15:46:11,869000,11.499
2026/04/29 15:46:11,870000,11.496
2026/04/29 15:46:11,871000,11.501
2026/04/29 15:46:11,872000,11.493
2026/04/29 15:46:11,873000,11.504
2026/04/29 15:46:11,874000,11.501
2026/04/29 15:46:11,875000,11.499
2026/04/29 15:46:11,876000,11.507
2026/04/29 15:46:11,877000,11.507
2026/04/29 15:46:11,878000,11.501
2026/04/29 15:46:11,879000,11.499
2026/04/29 15:46:11,880000,11.493
2026/04/29 15:46:11,881000,11.499
2026/04/29 15:46:11,882000,11.499
2026/04/29 15:46:11,883000,11.499
2026/04/29 15:46:11,884000,11.504
2026/04/29 15:46:11,885000,11.501
2026/04/29 15:46:11,886000,11.504
2026/04/29 15:46:11,887000,11.501
2026/04/29 15:46:11,888000,11.501
2026/04/29 15:46:11,889000,11.501
2026/04/29 15:46:11,890000,11.499
2026/04/29 15:46:11,891000,11.504
2026/04/29 15:46:11,892000,11.501
2026/04/29 15:46:11,893000,11.504
2026/04/29 15:46:11,894000,11.499
2026/04/29 15:46:11,895000,11.496
2026/04/29 15:46:11,896000,11.493
2026/04/29 15:46:11,897000,11.501
2026/04/29 15:46:11,898000,11.496
2026/04/29 15:46:11,899000,11.496
2026/04/29 15:46:11,900000,11.501
2026/04/29 15:46:11,901000,11.501
2026/04/29 15:46:11,902000,11.496
2026/04/29 15:46:11,903000,11.501
2026/04/29 15:46:11,904000,11.493
2026/04/29 15:46:11,905000,11.499
2026/04/29 15:46:11,906000,11.499
2026/04/29 15:46:11,907000,11.499
2026/04/29 15:46:11,908000,11.501
2026/04/29 15:46:11,909000,11.504
2026/04/29 15:46:11,910000,11.501
2026/04/29 15:46:11,911000,11.499
2026/04/29 15:46:11,912000,11.504
2026/04/29 15:46:11,913000,11.501
2026/04/29 15:46:11,914000,11.496
2026/04/29 15:46:11,915000,11.499
2026/04/29 15:46:11,916000,11.496
2026/04/29 15:46:11,917000,11.501
2026/04/29 15:46:11,918000,11.501
2026/04/29 15:46:11,919000,11.501
2026/04/29 15:46:11,920000,11.493
2026/04/29 15:46:11,921000,11.504
2026/04/29 15:46:11,922000,11.501
2026/04/29 15:46:11,923000,11.493
2026/04/29 15:46:11,924000,11.499
2026/04/29 15:46:11,925000,11.499
2026/04/29 15:46:11,926000,11.501
2026/04/29 15:46:11,927000,11.496
2026/04/29 15:46:11,928000,11.499
2026/04/29 15:46:11,929000,11.501
2026/04/29 15:46:11,930000,11.504
2026/04/29 15:46:11,931000,11.499
2026/04/29 15:46:11,932000,11.501
2026/04/29 15:46:11,933000,11.496
2026/04/29 15:46:11,934000,11.496
2026/04/29 15:46:11,935000,11.504
2026/04/29 15:46:11,936000,11.499
2026/04/29 15:46:11,937000,11.496
2026/04/29 15:46:11,938000,11.499
2026/04/29 15:46:11,939000,11.499
2026/04/29 15:46:11,940000,11.501
2026/04/29 15:46:11,941000,11.504
2026/04/29 15:46:11,942000,11.496
2026/04/29 15:46:11,943000,11.501
2026/04/29 15:46:11,944000,11.501
2026/04/29 15:46:11,945000,11.504
2026/04/29 15:46:11,946000,11.493
2026/04/29 15:46:11,947000,11.493
2026/04/29 15:46:11,948000,11.501
2026/04/29 15:46:11,949000,11.504
2026/04/29 15:46:11,950000,11.504
2026/04/29 15:46:11,951000,11.493
2026/04/29 15:46:11,952000,11.501
2026/04/29 15:46:11,953000,11.501
2026/04/29 15:46:11,954000,11.501
2026/04/29 15:46:11,955000,11.501
2026/04/29 15:46:11,956000,11.507
2026/04/29 15:46:11,957000,11.501
2026/04/29 15:46:11,958000,11.501
2026/04/29 15:46:11,959000,11.501
2026/04/29 15:46:11,960000,11.501
2026/04/29 15:46:11,961000,11.496
2026/04/29 15:46:11,962000,11.504
2026/04/29 15:46:11,963000,11.507
2026/04/29 15:46:11,964000,11.496
2026/04/29 15:46:11,965000,11.501
2026/04/29 15:46:11,966000,11.499
2026/04/29 15:46:11,967000,11.499
2026/04/29 15:46:11,968000,11.501
2026/04/29 15:46:11,969000,11.499
2026/04/29 15:46:11,970000,11.501
2026/04/29 15:46:11,971000,11.504
2026/04/29 15:46:11,972000,11.499
2026/04/29 15:46:11,973000,11.499
2026/04/29 15:46:11,974000,11.501
2026/04/29 15:46:11,975000,11.499
2026/04/29 15:46:11,976000,11.501
2026/04/29 15:46:11,977000,11.499
2026/04/29 15:46:11,978000,11.499
2026/04/29 15:46:11,979000,11.504
2026/04/29 15:46:11,980000,11.501
2026/04/29 15:46:11,981000,11.501
2026/04/29 15:46:11,982000,11.501
2026/04/29 15:46:11,983000,11.499
2026/04/29 15:46:11,984000,11.496
2026/04/29 15:46:11,985000,11.499
2026/04/29 15:46:11,986000,11.501
2026/04/29 15:46:11,987000,11.499
2026/04/29 15:46:11,988000,11.501
2026/04/29 15:46:11,989000,11.496
2026/04/29 15:46:11,990000,11.499
2026/04/29 15:46:11,991000,11.499
2026/04/29 15:46:11,992000,11.504
2026/04/29 15:46:11,993000,11.501
2026/04/29 15:46:11,994000,11.501
2026/04/29 15:46:11,995000,11.501
2026/04/29 15:46:11,996000,11.499
2026/04/29 15:46:11,997000,11.501
2026/04/29 15:46:11,998000,11.501
2026/04/29 15:46:11,999000,11.499
2026/04/29 15:46:12,000000,11.501
2026/04/29 15:46:12,001000,11.499
2026/04/29 15:46:12,002000,11.496
2026/04/29 15:46:12,003000,11.504
2026/04/29 15:46:12,004000,11.496
2026/04/29 15:46:12,005000,11.504
2026/04/29 15:46:12,006000,11.499
2026/04/29 15:46:12,007000,11.501
2026/04/29 15:46:12,008000,11.499
2026/04/29 15:46:12,009000,11.490
2026/04/29 15:46:12,010000,11.504
2026/04/29 15:46:12,011000,11.501
2026/04/29 15:46:12,012000,11.499
2026/04/29 15:46:12,013000,11.499
2026/04/29 15:46:12,014000,11.504
2026/04/29 15:46:12,015000,11.504
2026/04/29 15:46:12,016000,11.501
2026/04/29 15:46:12,017000,11.501
2026/04/29 15:46:12,018000,11.496
2026/04/29 15:46:12,019000,11.499
2026/04/29 15:46:12,020000,11.501
2026/04/29 15:46:12,021000,11.499
2026/04/29 15:46:12,022000,11.499
2026/04/29 15:46:12,023000,11.499
2026/04/29 15:46:12,024000,11.504
2026/04/29 15:46:12,025000,11.501
2026/04/29 15:46:12,026000,11.499
2026/04/29 15:46:12,027000,11.504
2026/04/29 15:46:12,028000,11.501
2026/04/29 15:46:12,029000,11.507
2026/04/29 15:46:12,030000,11.501
2026/04/29 15:46:12,031000,11.499
2026/04/29 15:46:12,032000,11.499
2026/04/29 15:46:12,033000,11.501
2026/04/29 15:46:12,034000,11.499
2026/04/29 15:46:12,035000,11.501
2026/04/29 15:46:12,036000,11.501
2026/04/29 15:46:12,037000,11.499
2026/04/29 15:46:12,038000,11.499
2026/04/29 15:46:12,039000,11.507
2026/04/29 15:46:12,040000,11.496
2026/04/29 15:46:12,041000,11.501
2026/04/29 15:46:12,042000,11.504
2026/04/29 15:46:12,043000,11.501
2026/04/29 15:46:12,044000,11.499
2026/04/29 15:46:12,045000,11.499
2026/04/29 15:46:12,046000,11.501
2026/04/29 15:46:12,047000,11.499
2026/04/29 15:46:12,048000,11.493
2026/04/29 15:46:12,049000,11.501
2026/04/29 15:46:12,050000,11.501
2026/04/29 15:46:12,051000,11.504
2026/04/29 15:46:12,052000,11.499
2026/04/29 15:46:12,053000,11.490
2026/04/29 15:46:12,054000,11.501
2026/04/29 15:46:12,055000,11.496
2026/04/29 15:46:12,056000,11.499
2026/04/29 15:46:12,057000,11.501
2026/04/29 15:46:12,058000,11.496
2026/04/29 15:46:12,059000,11.493
2026/04/29 15:46:12,060000,11.504
2026/04/29 15:46:12,061000,11.501
2026/04/29 15:46:12,062000,11.496
2026/04/29 15:46:12,063000,11.499
2026/04/29 15:46:12,064000,11.504
2026/04/29 15:46:12,065000,11.501
2026/04/29 15:46:12,066000,11.499
2026/04/29 15:46:12,067000,11.496
2026/04/29 15:46:12,068000,11.501
2026/04/29 15:46:12,069000,11.496
2026/04/29 15:46:12,070000,11.499
2026/04/29 15:46:12,071000,11.501
2026/04/29 15:46:12,072000,11.499
2026/04/29 15:46:12,073000,11.501
2026/04/29 15:46:12,074000,11.493
2026/04/29 15:46:12,075000,11.501
2026/04/29 15:46:12,076000,11.493
2026/04/29 15:46:12,077000,11.499
2026/04/29 15:46:12,078000,11.499
2026/04/29 15:46:12,079000,11.501
2026/04/29 15:46:12,080000,11.496
2026/04/29 15:46:12,081000,11.504
2026/04/29 15:46:12,082000,11.501
2026/04/29 15:46:12,083000,11.499
2026/04/29 15:46:12,084000,11.501
2026/04/29 15:46:12,085000,11.493
2026/04/29 15:46:12,086000,11.501
2026/04/29 15:46:12,087000,11.501
2026/04/29 15:46:12,088000,11.499
2026/04/29 15:46:12,089000,11.501
2026/04/29 15:46:12,090000,11.501
2026/04/29 15:46:12,091000,11.501
2026/04/29 15:46:12,092000,11.496
2026/04/29 15:46:12,093000,11.501
2026/04/29 15:46:12,094000,11.501
2026/04/29 15:46:12,095000,11.504
2026/04/29 15:46:12,096000,11.496
2026/04/29 15:46:12,097000,11.501
2026/04/29 15:46:12,098000,11.501
2026/04/29 15:46:12,099000,11.499
2026/04/29 15:46:12,100000,11.499
2026/04/29 15:46:12,101000,11.504
2026/04/29 15:46:12,102000,11.493
2026/04/29 15:46:12,103000,11.499
2026/04/29 15:46:12,104000,11.504
2026/04/29 15:46:12,105000,11.501
2026/04/29 15:46:12,106000,11.496
2026/04/29 15:46:12,107000,11.501
2026/04/29 15:46:12,108000,11.501
2026/04/29 15:46:12,109000,11.501
2026/04/29 15:46:12,110000,11.501
2026/04/29 15:46:12,111000,11.501
2026/04/29 15:46:12,112000,11.501
2026/04/29 15:46:12,113000,11.499
2026/04/29 15:46:12,114000,11.499
2026/04/29 15:46:12,115000,11.501
2026/04/29 15:46:12,116000,11.496
2026/04/29 15:46:12,117000,11.496
2026/04/29 15:46:12,118000,11.499
2026/04/29 15:46:12,119000,11.496
2026/04/29 15:46:12,120000,11.499
2026/04/29 15:46:12,121000,11.496
2026/04/29 15:46:12,122000,11.501
2026/04/29 15:46:12,123000,11.496
2026/04/29 15:46:12,124000,11.499
2026/04/29 15:46:12,125000,11.493
2026/04/29 15:46:12,126000,11.504
2026/04/29 15:46:12,127000,11.499
2026/04/29 15:46:12,128000,11.504
2026/04/29 15:46:12,129000,11.496
2026/04/29 15:46:12,130000,11.496
2026/04/29 15:46:12,131000,11.499
2026/04/29 15:46:12,132000,11.501
2026/04/29 15:46:12,133000,11.496
2026/04/29 15:46:12,134000,11.493
2026/04/29 15:46:12,135000,11.501
2026/04/29 15:46:12,136000,11.501
2026/04/29 15:46:12,137000,11.501
2026/04/29 15:46:12,138000,11.501
2026/04/29 15:46:12,139000,11.496
2026/04/29 15:46:12,140000,11.501
2026/04/29 15:46:12,141000,11.501
2026/04/29 15:46:12,142000,11.499
2026/04/29 15:46:12,143000,11.499
2026/04/29 15:46:12,144000,11.499
2026/04/29 15:46:12,145000,11.499
2026/04/29 15:46:12,146000,11.504
2026/04/29 15:46:12,147000,11.499
2026/04/29 15:46:12,148000,11.493
2026/04/29 15:46:12,149000,11.499
2026/04/29 15:46:12,150000,11.499
2026/04/29 15:46:12,151000,11.501
2026/04/29 15:46:12,152000,11.499
2026/04/29 15:46:12,153000,11.499
2026/04/29 15:46:12,154000,11.499
2026/04/29 15:46:12,155000,11.499
2026/04/29 15:46:12,156000,11.493
2026/04/29 15:46:12,157000,11.499
2026/04/29 15:46:12,158000,11.493
2026/04/29 15:46:12,159000,11.501
2026/04/29 15:46:12,160000,11.504
2026/04/29 15:46:12,161000,11.493
2026/04/29 15:46:12,162000,11.501
2026/04/29 15:46:12,163000,11.496
2026/04/29 15:46:12,164000,11.490
2026/04/29 15:46:12,165000,11.501
2026/04/29 15:46:12,166000,11.507
2026/04/29 15:46:12,167000,11.501
2026/04/29 15:46:12,168000,11.501
2026/04/29 15:46:12,169000,11.504
2026/04/29 15:46:12,170000,11.501
2026/04/29 15:46:12,171000,11.499
2026/04/29 15:46:12,172000,11.504
2026/04/29 15:46:12,173000,11.496
2026/04/29 15:46:12,174000,11.499
2026/04/29 15:46:12,175000,11.499
2026/04/29 15:46:12,176000,11.487
2026/04/29 15:46:12,177000,11.501
2026/04/29 15:46:12,178000,11.507
2026/04/29 15:46:12,179000,11.501
2026/04/29 15:46:12,180000,11.493
2026/04/29 15:46:12,181000,11.507
2026/04/29 15:46:12,182000,11.501
2026/04/29 15:46:12,183000,11.504
2026/04/29 15:46:12,184000,11.496
2026/04/29 15:46:12,185000,11.499
2026/04/29 15:46:12,186000,11.501
2026/04/29 15:46:12,187000,11.501
2026/04/29 15:46:12,188000,11.501
2026/04/29 15:46:12,189000,11.501
2026/04/29 15:46:12,190000,11.499
2026/04/29 15:46:12,191000,11.496
2026/04/29 15:46:12,192000,11.496
2026/04/29 15:46:12,193000,11.496
2026/04/29 15:46:12,194000,11.499
2026/04/29 15:46:12,195000,11.496
2026/04/29 15:46:12,196000,11.510
2026/04/29 15:46:12,197000,11.496
2026/04/29 15:46:12,198000,11.501
2026/04/29 15:46:12,199000,11.496
2026/04/29 15:46:12,200000,11.499
2026/04/29 15:46:12,201000,11.501
2026/04/29 15:46:12,202000,11.504
2026/04/29 15:46:12,203000,11.499
2026/04/29 15:46:12,204000,11.510
2026/04/29 15:46:12,205000,11.504
2026/04/29 15:46:12,206000,11.496
2026/04/29 15:46:12,207000,11.504
2026/04/29 15:46:12,208000,11.499
2026/04/29 15:46:12,209000,11.501
2026/04/29 15:46:12,210000,11.496
2026/04/29 15:46:12,211000,11.501
2026/04/29 15:46:12,212000,11.507
2026/04/29 15:46:12,213000,11.501
2026/04/29 15:46:12,214000,11.501
2026/04/29 15:46:12,215000,11.501
2026/04/29 15:46:12,216000,11.504
2026/04/29 15:46:12,217000,11.499
2026/04/29 15:46:12,218000,11.496
2026/04/29 15:46:12,219000,11.499
2026/04/29 15:46:12,220000,11.501
2026/04/29 15:46:12,221000,11.496
2026/04/29 15:46:12,222000,11.501
2026/04/29 15:46:12,223000,11.501
2026/04/29 15:46:12,224000,11.499
2026/04/29 15:46:12,225000,11.501
2026/04/29 15:46:12,226000,11.499
2026/04/29 15:46:12,227000,11.504
2026/04/29 15:46:12,228000,11.504
2026/04/29 15:46:12,229000,11.496
2026/04/29 15:46:12,230000,11.501
2026/04/29 15:46:12,231000,11.501
2026/04/29 15:46:12,232000,11.501
2026/04/29 15:46:12,233000,11.501
2026/04/29 15:46:12,234000,11.496
2026/04/29 15:46:12,235000,11.499
2026/04/29 15:46:12,236000,11.501
2026/04/29 15:46:12,237000,11.499
2026/04/29 15:46:12,238000,11.496
2026/04/29 15:46:12,239000,11.499
2026/04/29 15:46:12,240000,11.496
2026/04/29 15:46:12,241000,11.499
2026/04/29 15:46:12,242000,11.501
2026/04/29 15:46:12,243000,11.496
2026/04/29 15:46:12,244000,11.499
2026/04/29 15:46:12,245000,11.499
2026/04/29 15:46:12,246000,11.493
2026/04/29 15:46:12,247000,11.499
2026/04/29 15:46:12,248000,11.504
2026/04/29 15:46:12,249000,11.501
2026/04/29 15:46:12,250000,11.493
2026/04/29 15:46:12,251000,11.499
2026/04/29 15:46:12,252000,11.496
2026/04/29 15:46:12,253000,11.493
2026/04/29 15:46:12,254000,11.501
2026/04/29 15:46:12,255000,11.499
2026/04/29 15:46:12,256000,11.501
2026/04/29 15:46:12,257000,11.504
2026/04/29 15:46:12,258000,11.496
2026/04/29 15:46:12,259000,11.496
2026/04/29 15:46:12,260000,11.496
2026/04/29 15:46:12,261000,11.499
2026/04/29 15:46:12,262000,11.499
2026/04/29 15:46:12,263000,11.504
2026/04/29 15:46:12,264000,11.504
2026/04/29 15:46:12,265000,11.501
2026/04/29 15:46:12,266000,11.501
2026/04/29 15:46:12,267000,11.499
2026/04/29 15:46:12,268000,11.499
2026/04/29 15:46:12,269000,11.499
2026/04/29 15:46:12,270000,11.499
2026/04/29 15:46:12,271000,11.504
2026/04/29 15:46:12,272000,11.501
2026/04/29 15:46:12,273000,11.504
2026/04/29 15:46:12,274000,11.504
2026/04/29 15:46:12,275000,11.496
2026/04/29 15:46:12,276000,11.501
2026/04/29 15:46:12,277000,11.496
2026/04/29 15:46:12,278000,11.501
2026/04/29 15:46:12,279000,11.496
2026/04/29 15:46:12,280000,11.501
2026/04/29 15:46:12,281000,11.496
2026/04/29 15:46:12,282000,11.504
2026/04/29 15:46:12,283000,11.499
2026/04/29 15:46:12,284000,11.504
2026/04/29 15:46:12,285000,11.499
2026/04/29 15:46:12,286000,11.499
2026/04/29 15:46:12,287000,11.499
2026/04/29 15:46:12,288000,11.504
2026/04/29 15:46:12,289000,11.501
2026/04/29 15:46:12,290000,11.504
2026/04/29 15:46:12,291000,11.504
2026/04/29 15:46:12,292000,11.501
2026/04/29 15:46:12,293000,11.496
2026/04/29 15:46:12,294000,11.501
2026/04/29 15:46:12,295000,11.499
2026/04/29 15:46:12,296000,11.499
2026/04/29 15:46:12,297000,11.499
2026/04/29 15:46:12,298000,11.501
2026/04/29 15:46:12,299000,11.499
2026/04/29 15:46:12,300000,11.499
2026/04/29 15:46:12,301000,11.501
2026/04/29 15:46:12,302000,11.501
2026/04/29 15:46:12,303000,11.499
2026/04/29 15:46:12,304000,11.501
2026/04/29 15:46:12,305000,11.501
2026/04/29 15:46:12,306000,11.493
2026/04/29 15:46:12,307000,11.499
2026/04/29 15:46:12,308000,11.496
2026/04/29 15:46:12,309000,11.499
2026/04/29 15:46:12,310000,11.499
2026/04/29 15:46:12,311000,11.499
2026/04/29 15:46:12,312000,11.501
2026/04/29 15:46:12,313000,11.496
2026/04/29 15:46:12,314000,11.501
2026/04/29 15:46:12,315000,11.496
2026/04/29 15:46:12,316000,11.499
2026/04/29 15:46:12,317000,11.507
2026/04/29 15:46:12,318000,11.499
2026/04/29 15:46:12,319000,11.501
2026/04/29 15:46:12,320000,11.496
2026/04/29 15:46:12,321000,11.493
2026/04/29 15:46:12,322000,11.496
2026/04/29 15:46:12,323000,11.501
2026/04/29 15:46:12,324000,11.493
2026/04/29 15:46:12,325000,11.501
2026/04/29 15:46:12,326000,11.499
2026/04/29 15:46:12,327000,11.499
2026/04/29 15:46:12,328000,11.504
2026/04/29 15:46:12,329000,11.501
2026/04/29 15:46:12,330000,11.493
2026/04/29 15:46:12,331000,11.501
2026/04/29 15:46:12,332000,11.499
2026/04/29 15:46:12,333000,11.499
2026/04/29 15:46:12,334000,11.501
2026/04/29 15:46:12,335000,11.504
2026/04/29 15:46:12,336000,11.501
2026/04/29 15:46:12,337000,11.499
2026/04/29 15:46:12,338000,11.496
2026/04/29 15:46:12,339000,11.493
2026/04/29 15:46:12,340000,11.496
2026/04/29 15:46:12,341000,11.501
2026/04/29 15:46:12,342000,11.501
2026/04/29 15:46:12,343000,11.501
2026/04/29 15:46:12,344000,11.504
2026/04/29 15:46:12,345000,11.496
2026/04/29 15:46:12,346000,11.499
2026/04/29 15:46:12,347000,11.499
2026/04/29 15:46:12,348000,11.496
2026/04/29 15:46:12,349000,11.499
2026/04/29 15:46:12,350000,11.499
2026/04/29 15:46:12,351000,11.501
2026/04/29 15:46:12,352000,11.496
2026/04/29 15:46:12,353000,11.501
2026/04/29 15:46:12,354000,11.496
2026/04/29 15:46:12,355000,11.501
2026/04/29 15:46:12,356000,11.501
2026/04/29 15:46:12,357000,11.496
2026/04/29 15:46:12,358000,11.493
2026/04/29 15:46:12,359000,11.499
2026/04/29 15:46:12,360000,11.501
2026/04/29 15:46:12,361000,11.504
2026/04/29 15:46:12,362000,11.501
2026/04/29 15:46:12,363000,11.501
2026/04/29 15:46:12,364000,11.501
2026/04/29 15:46:12,365000,11.496
2026/04/29 15:46:12,366000,11.496
2026/04/29 15:46:12,367000,11.496
2026/04/29 15:46:12,368000,11.501
2026/04/29 15:46:12,369000,11.496
2026/04/29 15:46:12,370000,11.499
2026/04/29 15:46:12,371000,11.504
2026/04/29 15:46:12,372000,11.504
2026/04/29 15:46:12,373000,11.501
2026/04/29 15:46:12,374000,11.499
2026/04/29 15:46:12,375000,11.504
2026/04/29 15:46:12,376000,11.499
2026/04/29 15:46:12,377000,11.499
2026/04/29 15:46:12,378000,11.499
2026/04/29 15:46:12,379000,11.499
2026/04/29 15:46:12,380000,11.504
2026/04/29 15:46:12,381000,11.501
2026/04/29 15:46:12,382000,11.496
2026/04/29 15:46:12,383000,11.499
2026/04/29 15:46:12,384000,11.501
2026/04/29 15:46:12,385000,11.499
2026/04/29 15:46:12,386000,11.499
2026/04/29 15:46:12,387000,11.499
2026/04/29 15:46:12,388000,11.513
2026/04/29 15:46:12,389000,11.504
2026/04/29 15:46:12,390000,11.499
2026/04/29 15:46:12,391000,11.499
2026/04/29 15:46:12,392000,11.496
2026/04/29 15:46:12,393000,11.501
2026/04/29 15:46:12,394000,11.493
2026/04/29 15:46:12,395000,11.507
2026/04/29 15:46:12,396000,11.499
2026/04/29 15:46:12,397000,11.499
2026/04/29 15:46:12,398000,11.499
2026/04/29 15:46:12,399000,11.501
2026/04/29 15:46:12,400000,11.496
2026/04/29 15:46:12,401000,11.499
2026/04/29 15:46:12,402000,11.501
2026/04/29 15:46:12,403000,11.501
2026/04/29 15:46:12,404000,11.504
2026/04/29 15:46:12,405000,11.496
2026/04/29 15:46:12,406000,11.504
2026/04/29 15:46:12,407000,11.504
2026/04/29 15:46:12,408000,11.501
2026/04/29 15:46:12,409000,11.499
2026/04/29 15:46:12,410000,11.499
2026/04/29 15:46:12,411000,11.504
2026/04/29 15:46:12,412000,11.501
2026/04/29 15:46:12,413000,11.501
2026/04/29 15:46:12,414000,11.499
2026/04/29 15:46:12,415000,11.501
2026/04/29 15:46:12,416000,11.501
2026/04/29 15:46:12,417000,11.499
2026/04/29 15:46:12,418000,11.501
2026/04/29 15:46:12,419000,11.499
2026/04/29 15:46:12,420000,11.499
2026/04/29 15:46:12,421000,11.499
2026/04/29 15:46:12,422000,11.501
2026/04/29 15:46:12,423000,11.499
2026/04/29 15:46:12,424000,11.496
2026/04/29 15:46:12,425000,11.499
2026/04/29 15:46:12,426000,11.496
2026/04/29 15:46:12,427000,11.493
2026/04/29 15:46:12,428000,11.507
2026/04/29 15:46:12,429000,11.499
2026/04/29 15:46:12,430000,11.501
2026/04/29 15:46:12,431000,11.493
2026/04/29 15:46:12,432000,11.501
2026/04/29 15:46:12,433000,11.501
2026/04/29 15:46:12,434000,11.499
2026/04/29 15:46:12,435000,11.501
2026/04/29 15:46:12,436000,11.496
2026/04/29 15:46:12,437000,11.499
2026/04/29 15:46:12,438000,11.504
2026/04/29 15:46:12,439000,11.499
2026/04/29 15:46:12,440000,11.499
2026/04/29 15:46:12,441000,11.499
2026/04/29 15:46:12,442000,11.501
2026/04/29 15:46:12,443000,11.501
2026/04/29 15:46:12,444000,11.501
2026/04/29 15:46:12,445000,11.501
2026/04/29 15:46:12,446000,11.499
2026/04/29 15:46:12,447000,11.501
2026/04/29 15:46:12,448000,11.499
2026/04/29 15:46:12,449000,11.501
2026/04/29 15:46:12,450000,11.499
2026/04/29 15:46:12,451000,11.504
2026/04/29 15:46:12,452000,11.493
2026/04/29 15:46:12,453000,11.499
2026/04/29 15:46:12,454000,11.499
2026/04/29 15:46:12,455000,11.501
2026/04/29 15:46:12,456000,11.501
2026/04/29 15:46:12,457000,11.501
2026/04/29 15:46:12,458000,11.501
2026/04/29 15:46:12,459000,11.510
2026/04/29 15:46:12,460000,11.501
2026/04/29 15:46:12,461000,11.504
2026/04/29 15:46:12,462000,11.499
2026/04/29 15:46:12,463000,11.501
2026/04/29 15:46:12,464000,11.501
2026/04/29 15:46:12,465000,11.501
2026/04/29 15:46:12,466000,11.499
2026/04/29 15:46:12,467000,11.499
2026/04/29 15:46:12,468000,11.493
2026/04/29 15:46:12,469000,11.499
2026/04/29 15:46:12,470000,11.504
2026/04/29 15:46:12,471000,11.499
2026/04/29 15:46:12,472000,11.499
2026/04/29 15:46:12,473000,11.507
2026/04/29 15:46:12,474000,11.504
2026/04/29 15:46:12,475000,11.501
2026/04/29 15:46:12,476000,11.501
2026/04/29 15:46:12,477000,11.499
2026/04/29 15:46:12,478000,11.501
2026/04/29 15:46:12,479000,11.501
2026/04/29 15:46:12,480000,11.496
2026/04/29 15:46:12,481000,11.496
2026/04/29 15:46:12,482000,11.501
2026/04/29 15:46:12,483000,11.501
2026/04/29 15:46:12,484000,11.501
2026/04/29 15:46:12,485000,11.499
2026/04/29 15:46:12,486000,11.499
2026/04/29 15:46:12,487000,11.499
2026/04/29 15:46:12,488000,11.499
2026/04/29 15:46:12,489000,11.504
2026/04/29 15:46:12,490000,11.499
2026/04/29 15:46:12,491000,11.496
2026/04/29 15:46:12,492000,11.499
2026/04/29 15:46:12,493000,11.501
2026/04/29 15:46:12,494000,11.496
2026/04/29 15:46:12,495000,11.504
2026/04/29 15:46:12,496000,11.501
2026/04/29 15:46:12,497000,11.501
2026/04/29 15:46:12,498000,11.499
2026/04/29 15:46:12,499000,11.504
2026/04/29 15:46:12,500000,11.499
2026/04/29 15:46:12,501000,11.493
2026/04/29 15:46:12,502000,11.496
2026/04/29 15:46:12,503000,11.501
2026/04/29 15:46:12,504000,11.504
2026/04/29 15:46:12,505000,11.501
2026/04/29 15:46:12,506000,11.501
2026/04/29 15:46:12,507000,11.504
2026/04/29 15:46:12,508000,11.504
2026/04/29 15:46:12,509000,11.501
2026/04/29 15:46:12,510000,11.501
2026/04/29 15:46:12,511000,11.499
2026/04/29 15:46:12,512000,11.496
2026/04/29 15:46:12,513000,11.504
2026/04/29 15:46:12,514000,11.501
2026/04/29 15:46:12,515000,11.496
2026/04/29 15:46:12,516000,11.496
2026/04/29 15:46:12,517000,11.499
2026/04/29 15:46:12,518000,11.493
2026/04/29 15:46:12,519000,11.501
2026/04/29 15:46:12,520000,11.499
2026/04/29 15:46:12,521000,11.504
2026/04/29 15:46:12,522000,11.501
2026/04/29 15:46:12,523000,11.501
2026/04/29 15:46:12,524000,11.504
2026/04/29 15:46:12,525000,11.499
2026/04/29 15:46:12,526000,11.499
2026/04/29 15:46:12,527000,11.499
2026/04/29 15:46:12,528000,11.504
2026/04/29 15:46:12,529000,11.499
2026/04/29 15:46:12,530000,11.501
2026/04/29 15:46:12,531000,11.504
2026/04/29 15:46:12,532000,11.499
2026/04/29 15:46:12,533000,11.501
2026/04/29 15:46:12,534000,11.499
2026/04/29 15:46:12,535000,11.499
2026/04/29 15:46:12,536000,11.499
2026/04/29 15:46:12,537000,11.499
2026/04/29 15:46:12,538000,11.501
2026/04/29 15:46:12,539000,11.496
2026/04/29 15:46:12,540000,11.496
2026/04/29 15:46:12,541000,11.496
2026/04/29 15:46:12,542000,11.501
2026/04/29 15:46:12,543000,11.499
2026/04/29 15:46:12,544000,11.504
2026/04/29 15:46:12,545000,11.504
2026/04/29 15:46:12,546000,11.504
2026/04/29 15:46:12,547000,11.504
2026/04/29 15:46:12,548000,11.501
2026/04/29 15:46:12,549000,11.504
2026/04/29 15:46:12,550000,11.496
2026/04/29 15:46:12,551000,11.501
2026/04/29 15:46:12,552000,11.496
2026/04/29 15:46:12,553000,11.499
2026/04/29 15:46:12,554000,11.499
2026/04/29 15:46:12,555000,11.493
2026/04/29 15:46:12,556000,11.496
2026/04/29 15:46:12,557000,11.499
2026/04/29 15:46:12,558000,11.493
2026/04/29 15:46:12,559000,11.496
2026/04/29 15:46:12,560000,11.507
2026/04/29 15:46:12,561000,11.501
2026/04/29 15:46:12,562000,11.499
2026/04/29 15:46:12,563000,11.504
2026/04/29 15:46:12,564000,11.496
2026/04/29 15:46:12,565000,11.496
2026/04/29 15:46:12,566000,11.499
2026/04/29 15:46:12,567000,11.504
2026/04/29 15:46:12,568000,11.499
2026/04/29 15:46:12,569000,11.504
2026/04/29 15:46:12,570000,11.504
2026/04/29 15:46:12,571000,11.499
2026/04/29 15:46:12,572000,11.499
2026/04/29 15:46:12,573000,11.507
2026/04/29 15:46:12,574000,11.499
2026/04/29 15:46:12,575000,11.496
2026/04/29 15:46:12,576000,11.496
2026/04/29 15:46:12,577000,11.501
2026/04/29 15:46:12,578000,11.501
2026/04/29 15:46:12,579000,11.496
2026/04/29 15:46:12,580000,11.496
2026/04/29 15:46:12,581000,11.499
2026/04/29 15:46:12,582000,11.504
2026/04/29 15:46:12,583000,11.499
2026/04/29 15:46:12,584000,11.504
2026/04/29 15:46:12,585000,11.504
2026/04/29 15:46:12,586000,11.499
2026/04/29 15:46:12,587000,11.499
2026/04/29 15:46:12,588000,11.499
2026/04/29 15:46:12,589000,11.496
2026/04/29 15:46:12,590000,11.501
2026/04/29 15:46:12,591000,11.496
2026/04/29 15:46:12,592000,11.496
2026/04/29 15:46:12,593000,11.496
2026/04/29 15:46:12,594000,11.501
2026/04/29 15:46:12,595000,11.499
2026/04/29 15:46:12,596000,11.499
2026/04/29 15:46:12,597000,11.493
2026/04/29 15:46:12,598000,11.499
2026/04/29 15:46:12,599000,11.501
2026/04/29 15:46:12,600000,11.501
2026/04/29 15:46:12,601000,11.504
2026/04/29 15:46:12,602000,11.499
2026/04/29 15:46:12,603000,11.501
2026/04/29 15:46:12,604000,11.504
2026/04/29 15:46:12,605000,11.504
2026/04/29 15:46:12,606000,11.499
2026/04/29 15:46:12,607000,11.501
2026/04/29 15:46:12,608000,11.493
2026/04/29 15:46:12,609000,11.501
2026/04/29 15:46:12,610000,11.504
2026/04/29 15:46:12,611000,11.496
2026/04/29 15:46:12,612000,11.501
2026/04/29 15:46:12,613000,11.499
2026/04/29 15:46:12,614000,11.507
2026/04/29 15:46:12,615000,11.501
2026/04/29 15:46:12,616000,11.501
2026/04/29 15:46:12,617000,11.504
2026/04/29 15:46:12,618000,11.501
2026/04/29 15:46:12,619000,11.499
2026/04/29 15:46:12,620000,11.504
2026/04/29 15:46:12,621000,11.504
2026/04/29 15:46:12,622000,11.504
2026/04/29 15:46:12,623000,11.493
2026/04/29 15:46:12,624000,11.496
2026/04/29 15:46:12,625000,11.499
2026/04/29 15:46:12,626000,11.501
2026/04/29 15:46:12,627000,11.504
2026/04/29 15:46:12,628000,11.496
2026/04/29 15:46:12,629000,11.499
2026/04/29 15:46:12,630000,11.493
2026/04/29 15:46:12,631000,11.496
2026/04/29 15:46:12,632000,11.504
2026/04/29 15:46:12,633000,11.504
2026/04/29 15:46:12,634000,11.504
2026/04/29 15:46:12,635000,11.499
2026/04/29 15:46:12,636000,11.496
2026/04/29 15:46:12,637000,11.496
2026/04/29 15:46:12,638000,11.493
2026/04/29 15:46:12,639000,11.504
2026/04/29 15:46:12,640000,11.499
2026/04/29 15:46:12,641000,11.501
2026/04/29 15:46:12,642000,11.499
2026/04/29 15:46:12,643000,11.499
2026/04/29 15:46:12,644000,11.499
2026/04/29 15:46:12,645000,11.499
2026/04/29 15:46:12,646000,11.504
2026/04/29 15:46:12,647000,11.504
2026/04/29 15:46:12,648000,11.501
2026/04/29 15:46:12,649000,11.501
2026/04/29 15:46:12,650000,11.493
2026/04/29 15:46:12,651000,11.496
2026/04/29 15:46:12,652000,11.499
2026/04/29 15:46:12,653000,11.493
2026/04/29 15:46:12,654000,11.496
2026/04/29 15:46:12,655000,11.499
2026/04/29 15:46:12,656000,11.501
2026/04/29 15:46:12,657000,11.504
2026/04/29 15:46:12,658000,11.501
2026/04/29 15:46:12,659000,11.501
2026/04/29 15:46:12,660000,11.499
2026/04/29 15:46:12,661000,11.499
2026/04/29 15:46:12,662000,11.501
2026/04/29 15:46:12,663000,11.501
2026/04/29 15:46:12,664000,11.504
2026/04/29 15:46:12,665000,11.499
2026/04/29 15:46:12,666000,11.501
2026/04/29 15:46:12,667000,11.499
2026/04/29 15:46:12,668000,11.499
2026/04/29 15:46:12,669000,11.499
2026/04/29 15:46:12,670000,11.496
2026/04/29 15:46:12,671000,11.501
2026/04/29 15:46:12,672000,11.496
2026/04/29 15:46:12,673000,11.493
2026/04/29 15:46:12,674000,11.501
2026/04/29 15:46:12,675000,11.496
2026/04/29 15:46:12,676000,11.499
2026/04/29 15:46:12,677000,11.504
2026/04/29 15:46:12,678000,11.496
2026/04/29 15:46:12,679000,11.496
2026/04/29 15:46:12,680000,11.501
2026/04/29 15:46:12,681000,11.501
2026/04/29 15:46:12,682000,11.504
2026/04/29 15:46:12,683000,11.501
2026/04/29 15:46:12,684000,11.496
2026/04/29 15:46:12,685000,11.496
2026/04/29 15:46:12,686000,11.504
2026/04/29 15:46:12,687000,11.493
2026/04/29 15:46:12,688000,11.501
2026/04/29 15:46:12,689000,11.507
2026/04/29 15:46:12,690000,11.499
2026/04/29 15:46:12,691000,11.496
2026/04/29 15:46:12,692000,11.493
2026/04/29 15:46:12,693000,11.499
2026/04/29 15:46:12,694000,11.501
2026/04/29 15:46:12,695000,11.493
2026/04/29 15:46:12,696000,11.496
2026/04/29 15:46:12,697000,11.499
2026/04/29 15:46:12,698000,11.501
2026/04/29 15:46:12,699000,11.504
2026/04/29 15:46:12,700000,11.499
2026/04/29 15:46:12,701000,11.499
2026/04/29 15:46:12,702000,11.499
2026/04/29 15:46:12,703000,11.499
2026/04/29 15:46:12,704000,11.501
2026/04/29 15:46:12,705000,11.501
2026/04/29 15:46:12,706000,11.499
2026/04/29 15:46:12,707000,11.501
2026/04/29 15:46:12,708000,11.501
2026/04/29 15:46:12,709000,11.504
2026/04/29 15:46:12,710000,11.501
2026/04/29 15:46:12,711000,11.501
2026/04/29 15:46:12,712000,11.499
2026/04/29 15:46:12,713000,11.499
2026/04/29 15:46:12,714000,11.501
2026/04/29 15:46:12,715000,11.493
2026/04/29 15:46:12,716000,11.499
2026/04/29 15:46:12,717000,11.499
2026/04/29 15:46:12,718000,11.501
2026/04/29 15:46:12,719000,11.504
2026/04/29 15:46:12,720000,11.501
2026/04/29 15:46:12,721000,11.501
2026/04/29 15:46:12,722000,11.504
2026/04/29 15:46:12,723000,11.499
2026/04/29 15:46:12,724000,11.501
2026/04/29 15:46:12,725000,11.496
2026/04/29 15:46:12,726000,11.499
2026/04/29 15:46:12,727000,11.499
2026/04/29 15:46:12,728000,11.501
2026/04/29 15:46:12,729000,11.499
2026/04/29 15:46:12,730000,11.504
2026/04/29 15:46:12,731000,11.504
2026/04/29 15:46:12,732000,11.496
2026/04/29 15:46:12,733000,11.493
2026/04/29 15:46:12,734000,11.496
2026/04/29 15:46:12,735000,11.501
2026/04/29 15:46:12,736000,11.501
2026/04/29 15:46:12,737000,11.496
2026/04/29 15:46:12,738000,11.499
2026/04/29 15:46:12,739000,11.493
2026/04/29 15:46:12,740000,11.501
2026/04/29 15:46:12,741000,11.499
2026/04/29 15:46:12,742000,11.501
2026/04/29 15:46:12,743000,11.499
2026/04/29 15:46:12,744000,11.501
2026/04/29 15:46:12,745000,11.499
2026/04/29 15:46:12,746000,11.496
2026/04/29 15:46:12,747000,11.501
2026/04/29 15:46:12,748000,11.504
2026/04/29 15:46:12,749000,11.501
2026/04/29 15:46:12,750000,11.504
2026/04/29 15:46:12,751000,11.504
2026/04/29 15:46:12,752000,11.501
2026/04/29 15:46:12,753000,11.499
2026/04/29 15:46:12,754000,11.504
2026/04/29 15:46:12,755000,11.501
2026/04/29 15:46:12,756000,11.501
2026/04/29 15:46:12,757000,11.501
2026/04/29 15:46:12,758000,11.499
2026/04/29 15:46:12,759000,11.501
2026/04/29 15:46:12,760000,11.496
2026/04/29 15:46:12,761000,11.499
2026/04/29 15:46:12,762000,11.504
2026/04/29 15:46:12,763000,11.501
2026/04/29 15:46:12,764000,11.507
2026/04/29 15:46:12,765000,11.499
2026/04/29 15:46:12,766000,11.501
2026/04/29 15:46:12,767000,11.499
2026/04/29 15:46:12,768000,11.501
2026/04/29 15:46:12,769000,11.496
2026/04/29 15:46:12,770000,11.499
2026/04/29 15:46:12,771000,11.499
2026/04/29 15:46:12,772000,11.496
2026/04/29 15:46:12,773000,11.499
2026/04/29 15:46:12,774000,11.504
2026/04/29 15:46:12,775000,11.504
2026/04/29 15:46:12,776000,11.504
2026/04/29 15:46:12,777000,11.499
2026/04/29 15:46:12,778000,11.501
2026/04/29 15:46:12,779000,11.499
2026/04/29 15:46:12,780000,11.499
2026/04/29 15:46:12,781000,11.496
2026/04/29 15:46:12,782000,11.504
2026/04/29 15:46:12,783000,11.501
2026/04/29 15:46:12,784000,11.499
2026/04/29 15:46:12,785000,11.499
2026/04/29 15:46:12,786000,11.496
2026/04/29 15:46:12,787000,11.504
2026/04/29 15:46:12,788000,11.501
2026/04/29 15:46:12,789000,11.499
2026/04/29 15:46:12,790000,11.504
2026/04/29 15:46:12,791000,11.496
2026/04/29 15:46:12,792000,11.501
2026/04/29 15:46:12,793000,11.501
2026/04/29 15:46:12,794000,11.504
2026/04/29 15:46:12,795000,11.504
2026/04/29 15:46:12,796000,11.501
2026/04/29 15:46:12,797000,11.487
2026/04/29 15:46:12,798000,11.504
2026/04/29 15:46:12,799000,11.504
2026/04/29 15:46:12,800000,11.504
2026/04/29 15:46:12,801000,11.507
2026/04/29 15:46:12,802000,11.504
2026/04/29 15:46:12,803000,11.501
2026/04/29 15:46:12,804000,11.501
2026/04/29 15:46:12,805000,11.499
2026/04/29 15:46:12,806000,11.504
2026/04/29 15:46:12,807000,11.499
2026/04/29 15:46:12,808000,11.507
2026/04/29 15:46:12,809000,11.499
2026/04/29 15:46:12,810000,11.501
2026/04/29 15:46:12,811000,11.501
2026/04/29 15:46:12,812000,11.499
2026/04/29 15:46:12,813000,11.507
2026/04/29 15:46:12,814000,11.510
2026/04/29 15:46:12,815000,11.496
2026/04/29 15:46:12,816000,11.496
2026/04/29 15:46:12,817000,11.499
2026/04/29 15:46:12,818000,11.501
2026/04/29 15:46:12,819000,11.499
2026/04/29 15:46:12,820000,11.499
2026/04/29 15:46:12,821000,11.504
2026/04/29 15:46:12,822000,11.504
2026/04/29 15:46:12,823000,11.499
2026/04/29 15:46:12,824000,11.504
2026/04/29 15:46:12,825000,11.504
2026/04/29 15:46:12,826000,11.499
2026/04/29 15:46:12,827000,11.499
2026/04/29 15:46:12,828000,11.504
2026/04/29 15:46:12,829000,11.496
2026/04/29 15:46:12,830000,11.501
2026/04/29 15:46:12,831000,11.501
2026/04/29 15:46:12,832000,11.501
2026/04/29 15:46:12,833000,11.499
2026/04/29 15:46:12,834000,11.510
2026/04/29 15:46:12,835000,11.499
2026/04/29 15:46:12,836000,11.504
2026/04/29 15:46:12,837000,11.496
2026/04/29 15:46:12,838000,11.501
2026/04/29 15:46:12,839000,11.493
2026/04/29 15:46:12,840000,11.496
2026/04/29 15:46:12,841000,11.499
2026/04/29 15:46:12,842000,11.499
2026/04/29 15:46:12,843000,11.501
2026/04/29 15:46:12,844000,11.496
2026/04/29 15:46:12,845000,11.504
2026/04/29 15:46:12,846000,11.501
2026/04/29 15:46:12,847000,11.501
2026/04/29 15:46:12,848000,11.501
2026/04/29 15:46:12,849000,11.501
2026/04/29 15:46:12,850000,11.499
2026/04/29 15:46:12,851000,11.493
2026/04/29 15:46:12,852000,11.504
2026/04/29 15:46:12,853000,11.501
2026/04/29 15:46:12,854000,11.496
2026/04/29 15:46:12,855000,11.496
2026/04/29 15:46:12,856000,11.504
2026/04/29 15:46:12,857000,11.501
2026/04/29 15:46:12,858000,11.499
2026/04/29 15:46:12,859000,11.504
2026/04/29 15:46:12,860000,11.507
2026/04/29 15:46:12,861000,11.504
2026/04/29 15:46:12,862000,11.499
2026/04/29 15:46:12,863000,11.496
2026/04/29 15:46:12,864000,11.501
2026/04/29 15:46:12,865000,11.501
2026/04/29 15:46:12,866000,11.499
2026/04/29 15:46:12,867000,11.499
2026/04/29 15:46:12,868000,11.504
2026/04/29 15:46:12,869000,11.499
2026/04/29 15:46:12,870000,11.501
2026/04/29 15:46:12,871000,11.501
2026/04/29 15:46:12,872000,11.501
2026/04/29 15:46:12,873000,11.496
2026/04/29 15:46:12,874000,11.496
2026/04/29 15:46:12,875000,11.499
2026/04/29 15:46:12,876000,11.499
2026/04/29 15:46:12,877000,11.496
2026/04/29 15:46:12,878000,11.504
2026/04/29 15:46:12,879000,11.496
2026/04/29 15:46:12,880000,11.501
2026/04/29 15:46:12,881000,11.499
2026/04/29 15:46:12,882000,11.499
2026/04/29 15:46:12,883000,11.501
2026/04/29 15:46:12,884000,11.504
2026/04/29 15:46:12,885000,11.501
2026/04/29 15:46:12,886000,11.501
2026/04/29 15:46:12,887000,11.499
2026/04/29 15:46:12,888000,11.504
2026/04/29 15:46:12,889000,11.499
2026/04/29 15:46:12,890000,11.499
2026/04/29 15:46:12,891000,11.501
2026/04/29 15:46:12,892000,11.499
2026/04/29 15:46:12,893000,11.501
2026/04/29 15:46:12,894000,11.501
2026/04/29 15:46:12,895000,11.499
2026/04/29 15:46:12,896000,11.499
2026/04/29 15:46:12,897000,11.501
2026/04/29 15:46:12,898000,11.499
2026/04/29 15:46:12,899000,11.501
2026/04/29 15:46:12,900000,11.501
2026/04/29 15:46:12,901000,11.499
2026/04/29 15:46:12,902000,11.501
2026/04/29 15:46:12,903000,11.499
2026/04/29 15:46:12,904000,11.501
2026/04/29 15:46:12,905000,11.504
2026/04/29 15:46:12,906000,11.493
2026/04/29 15:46:12,907000,11.493
2026/04/29 15:46:12,908000,11.504
2026/04/29 15:46:12,909000,11.499
2026/04/29 15:46:12,910000,11.504
2026/04/29 15:46:12,911000,11.504
2026/04/29 15:46:12,912000,11.504
2026/04/29 15:46:12,913000,11.504
2026/04/29 15:46:12,914000,11.501
2026/04/29 15:46:12,915000,11.501
2026/04/29 15:46:12,916000,11.501
2026/04/29 15:46:12,917000,11.496
2026/04/29 15:46:12,918000,11.499
2026/04/29 15:46:12,919000,11.513
2026/04/29 15:46:12,920000,11.507
2026/04/29 15:46:12,921000,11.504
2026/04/29 15:46:12,922000,11.499
2026/04/29 15:46:12,923000,11.504
2026/04/29 15:46:12,924000,11.499
2026/04/29 15:46:12,925000,11.496
2026/04/29 15:46:12,926000,11.501
2026/04/29 15:46:12,927000,11.496
2026/04/29 15:46:12,928000,11.501
2026/04/29 15:46:12,929000,11.501
2026/04/29 15:46:12,930000,11.501
2026/04/29 15:46:12,931000,11.499
2026/04/29 15:46:12,932000,11.499
2026/04/29 15:46:12,933000,11.493
2026/04/29 15:46:12,934000,11.499
2026/04/29 15:46:12,935000,11.499
2026/04/29 15:46:12,936000,11.499
2026/04/29 15:46:12,937000,11.499
2026/04/29 15:46:12,938000,11.501
2026/04/29 15:46:12,939000,11.499
2026/04/29 15:46:12,940000,11.507
2026/04/29 15:46:12,941000,11.507
2026/04/29 15:46:12,942000,11.499
2026/04/29 15:46:12,943000,11.513
2026/04/29 15:46:12,944000,11.499
2026/04/29 15:46:12,945000,11.499
2026/04/29 15:46:12,946000,11.501
2026/04/29 15:46:12,947000,11.501
2026/04/29 15:46:12,948000,11.504
2026/04/29 15:46:12,949000,11.501
2026/04/29 15:46:12,950000,11.499
2026/04/29 15:46:12,951000,11.501
2026/04/29 15:46:12,952000,11.496
2026/04/29 15:46:12,953000,11.496
2026/04/29 15:46:12,954000,11.507
2026/04/29 15:46:12,955000,11.501
2026/04/29 15:46:12,956000,11.501
2026/04/29 15:46:12,957000,11.496
2026/04/29 15:46:12,958000,11.504
2026/04/29 15:46:12,959000,11.504
2026/04/29 15:46:12,960000,11.501
2026/04/29 15:46:12,961000,11.493
2026/04/29 15:46:12,962000,11.499
2026/04/29 15:46:12,963000,11.496
2026/04/29 15:46:12,964000,11.501
2026/04/29 15:46:12,965000,11.493
2026/04/29 15:46:12,966000,11.501
2026/04/29 15:46:12,967000,11.499
2026/04/29 15:46:12,968000,11.507
2026/04/29 15:46:12,969000,11.499
2026/04/29 15:46:12,970000,11.501
2026/04/29 15:46:12,971000,11.499
2026/04/29 15:46:12,972000,11.504
2026/04/29 15:46:12,973000,11.499
2026/04/29 15:46:12,974000,11.496
2026/04/29 15:46:12,975000,11.501
2026/04/29 15:46:12,976000,11.499
2026/04/29 15:46:12,977000,11.496
2026/04/29 15:46:12,978000,11.493
2026/04/29 15:46:12,979000,11.504
2026/04/29 15:46:12,980000,11.499
2026/04/29 15:46:12,981000,11.496
2026/04/29 15:46:12,982000,11.493
2026/04/29 15:46:12,983000,11.504
2026/04/29 15:46:12,984000,11.496
2026/04/29 15:46:12,985000,11.504
2026/04/29 15:46:12,986000,11.496
2026/04/29 15:46:12,987000,11.501
2026/04/29 15:46:12,988000,11.493
2026/04/29 15:46:12,989000,11.501
2026/04/29 15:46:12,990000,11.501
2026/04/29 15:46:12,991000,11.496
2026/04/29 15:46:12,992000,11.504
2026/04/29 15:46:12,993000,11.501
2026/04/29 15:46:12,994000,11.501
2026/04/29 15:46:12,995000,11.507
2026/04/29 15:46:12,996000,11.504
2026/04/29 15:46:12,997000,11.499
2026/04/29 15:46:12,998000,11.499
2026/04/29 15:46:12,999000,11.496
2026/04/29 15:46:13,000000,11.501
2026/04/29 15:46:13,001000,11.496
2026/04/29 15:46:13,002000,11.504
2026/04/29 15:46:13,003000,11.496
2026/04/29 15:46:13,004000,11.507
2026/04/29 15:46:13,005000,11.496
2026/04/29 15:46:13,006000,11.504
2026/04/29 15:46:13,007000,11.496
2026/04/29 15:46:13,008000,11.499
2026/04/29 15:46:13,009000,11.504
2026/04/29 15:46:13,010000,11.504
2026/04/29 15:46:13,011000,11.504
2026/04/29 15:46:13,012000,11.499
2026/04/29 15:46:13,013000,11.499
2026/04/29 15:46:13,014000,11.499
2026/04/29 15:46:13,015000,11.499
2026/04/29 15:46:13,016000,11.499
2026/04/29 15:46:13,017000,11.499
2026/04/29 15:46:13,018000,11.504
2026/04/29 15:46:13,019000,11.504
2026/04/29 15:46:13,020000,11.499
2026/04/29 15:46:13,021000,11.496
2026/04/29 15:46:13,022000,11.507
2026/04/29 15:46:13,023000,11.499
2026/04/29 15:46:13,024000,11.504
2026/04/29 15:46:13,025000,11.496
2026/04/29 15:46:13,026000,11.496
2026/04/29 15:46:13,027000,11.499
2026/04/29 15:46:13,028000,11.499
2026/04/29 15:46:13,029000,11.504
2026/04/29 15:46:13,030000,11.499
2026/04/29 15:46:13,031000,11.499
2026/04/29 15:46:13,032000,11.499
2026/04/29 15:46:13,033000,11.501
2026/04/29 15:46:13,034000,11.499
2026/04/29 15:46:13,035000,11.499
2026/04/29 15:46:13,036000,11.499
2026/04/29 15:46:13,037000,11.490
2026/04/29 15:46:13,038000,11.493
2026/04/29 15:46:13,039000,11.496
2026/04/29 15:46:13,040000,11.496
2026/04/29 15:46:13,041000,11.496
2026/04/29 15:46:13,042000,11.507
2026/04/29 15:46:13,043000,11.493
2026/04/29 15:46:13,044000,11.507
2026/04/29 15:46:13,045000,11.501
2026/04/29 15:46:13,046000,11.501
2026/04/29 15:46:13,047000,11.501
2026/04/29 15:46:13,048000,11.493
2026/04/29 15:46:13,049000,11.499
2026/04/29 15:46:13,050000,11.504
2026/04/29 15:46:13,051000,11.501
2026/04/29 15:46:13,052000,11.499
2026/04/29 15:46:13,053000,11.504
2026/04/29 15:46:13,054000,11.496
2026/04/29 15:46:13,055000,11.499
2026/04/29 15:46:13,056000,11.501
2026/04/29 15:46:13,057000,11.507
2026/04/29 15:46:13,058000,11.499
2026/04/29 15:46:13,059000,11.496
2026/04/29 15:46:13,060000,11.501
2026/04/29 15:46:13,061000,11.493
2026/04/29 15:46:13,062000,11.507
2026/04/29 15:46:13,063000,11.501
2026/04/29 15:46:13,064000,11.501
2026/04/29 15:46:13,065000,11.504
2026/04/29 15:46:13,066000,11.501
2026/04/29 15:46:13,067000,11.507
2026/04/29 15:46:13,068000,11.501
2026/04/29 15:46:13,069000,11.496
2026/04/29 15:46:13,070000,11.499
2026/04/29 15:46:13,071000,11.496
2026/04/29 15:46:13,072000,11.501
2026/04/29 15:46:13,073000,11.501
2026/04/29 15:46:13,074000,11.499
2026/04/29 15:46:13,075000,11.499
2026/04/29 15:46:13,076000,11.504
2026/04/29 15:46:13,077000,11.499
2026/04/29 15:46:13,078000,11.493
2026/04/29 15:46:13,079000,11.504
2026/04/29 15:46:13,080000,11.501
2026/04/29 15:46:13,081000,11.507
2026/04/29 15:46:13,082000,11.504
2026/04/29 15:46:13,083000,11.499
2026/04/29 15:46:13,084000,11.499
2026/04/29 15:46:13,085000,11.499
2026/04/29 15:46:13,086000,11.499
2026/04/29 15:46:13,087000,11.507
2026/04/29 15:46:13,088000,11.490
2026/04/29 15:46:13,089000,11.496
2026/04/29 15:46:13,090000,11.501
2026/04/29 15:46:13,091000,11.499
2026/04/29 15:46:13,092000,11.496
2026/04/29 15:46:13,093000,11.499
2026/04/29 15:46:13,094000,11.504
2026/04/29 15:46:13,095000,11.493
2026/04/29 15:46:13,096000,11.499
2026/04/29 15:46:13,097000,11.493
2026/04/29 15:46:13,098000,11.499
2026/04/29 15:46:13,099000,11.504
2026/04/29 15:46:13,100000,11.496
2026/04/29 15:46:13,101000,11.501
2026/04/29 15:46:13,102000,11.501
2026/04/29 15:46:13,103000,11.501
2026/04/29 15:46:13,104000,11.499
2026/04/29 15:46:13,105000,11.499
2026/04/29 15:46:13,106000,11.504
2026/04/29 15:46:13,107000,11.501
2026/04/29 15:46:13,108000,11.499
2026/04/29 15:46:13,109000,11.504
2026/04/29 15:46:13,110000,11.493
2026/04/29 15:46:13,111000,11.496
2026/04/29 15:46:13,112000,11.499
2026/04/29 15:46:13,113000,11.496
2026/04/29 15:46:13,114000,11.501
2026/04/29 15:46:13,115000,11.501
2026/04/29 15:46:13,116000,11.496
2026/04/29 15:46:13,117000,11.501
2026/04/29 15:46:13,118000,11.504
2026/04/29 15:46:13,119000,11.504
2026/04/29 15:46:13,120000,11.501
2026/04/29 15:46:13,121000,11.504
2026/04/29 15:46:13,122000,11.507
2026/04/29 15:46:13,123000,11.501
2026/04/29 15:46:13,124000,11.501
2026/04/29 15:46:13,125000,11.493
2026/04/29 15:46:13,126000,11.501
2026/04/29 15:46:13,127000,11.501
2026/04/29 15:46:13,128000,11.501
2026/04/29 15:46:13,129000,11.501
2026/04/29 15:46:13,130000,11.496
2026/04/29 15:46:13,131000,11.501
2026/04/29 15:46:13,132000,11.504
2026/04/29 15:46:13,133000,11.499
2026/04/29 15:46:13,134000,11.499
2026/04/29 15:46:13,135000,11.501
2026/04/29 15:46:13,136000,11.501
2026/04/29 15:46:13,137000,11.501
2026/04/29 15:46:13,138000,11.499
2026/04/29 15:46:13,139000,11.499
2026/04/29 15:46:13,140000,11.501
2026/04/29 15:46:13,141000,11.501
2026/04/29 15:46:13,142000,11.496
2026/04/29 15:46:13,143000,11.496
2026/04/29 15:46:13,144000,11.499
2026/04/29 15:46:13,145000,11.501
2026/04/29 15:46:13,146000,11.499
2026/04/29 15:46:13,147000,11.501
2026/04/29 15:46:13,148000,11.501
2026/04/29 15:46:13,149000,11.504
2026/04/29 15:46:13,150000,11.501
2026/04/29 15:46:13,151000,11.501
2026/04/29 15:46:13,152000,11.499
2026/04/29 15:46:13,153000,11.501
2026/04/29 15:46:13,154000,11.496
2026/04/29 15:46:13,155000,11.496
2026/04/29 15:46:13,156000,11.499
2026/04/29 15:46:13,157000,11.501
2026/04/29 15:46:13,158000,11.499
2026/04/29 15:46:13,159000,11.501
2026/04/29 15:46:13,160000,11.499
2026/04/29 15:46:13,161000,11.501
2026/04/29 15:46:13,162000,11.501
2026/04/29 15:46:13,163000,11.501
2026/04/29 15:46:13,164000,11.501
2026/04/29 15:46:13,165000,11.496
2026/04/29 15:46:13,166000,11.496
2026/04/29 15:46:13,167000,11.501
2026/04/29 15:46:13,168000,11.499
2026/04/29 15:46:13,169000,11.507
2026/04/29 15:46:13,170000,11.501
2026/04/29 15:46:13,171000,11.499
2026/04/29 15:46:13,172000,11.496
2026/04/29 15:46:13,173000,11.501
2026/04/29 15:46:13,174000,11.499
2026/04/29 15:46:13,175000,11.507
2026/04/29 15:46:13,176000,11.499
2026/04/29 15:46:13,177000,11.499
2026/04/29 15:46:13,178000,11.501
2026/04/29 15:46:13,179000,11.504
2026/04/29 15:46:13,180000,11.504
2026/04/29 15:46:13,181000,11.496
2026/04/29 15:46:13,182000,11.499
2026/04/29 15:46:13,183000,11.499
2026/04/29 15:46:13,184000,11.501
2026/04/29 15:46:13,185000,11.496
2026/04/29 15:46:13,186000,11.501
2026/04/29 15:46:13,187000,11.501
2026/04/29 15:46:13,188000,11.501
2026/04/29 15:46:13,189000,11.499
2026/04/29 15:46:13,190000,11.510
2026/04/29 15:46:13,191000,11.496
2026/04/29 15:46:13,192000,11.496
2026/04/29 15:46:13,193000,11.501
2026/04/29 15:46:13,194000,11.501
2026/04/29 15:46:13,195000,11.499
2026/04/29 15:46:13,196000,11.499
2026/04/29 15:46:13,197000,11.493
2026/04/29 15:46:13,198000,11.501
2026/04/29 15:46:13,199000,11.501
2026/04/29 15:46:13,200000,11.501
2026/04/29 15:46:13,201000,11.499
2026/04/29 15:46:13,202000,11.504
2026/04/29 15:46:13,203000,11.496
2026/04/29 15:46:13,204000,11.499
2026/04/29 15:46:13,205000,11.504
2026/04/29 15:46:13,206000,11.501
2026/04/29 15:46:13,207000,11.501
2026/04/29 15:46:13,208000,11.501
2026/04/29 15:46:13,209000,11.501
2026/04/29 15:46:13,210000,11.499
2026/04/29 15:46:13,211000,11.499
2026/04/29 15:46:13,212000,11.501
2026/04/29 15:46:13,213000,11.501
2026/04/29 15:46:13,214000,11.493
2026/04/29 15:46:13,215000,11.496
2026/04/29 15:46:13,216000,11.501
2026/04/29 15:46:13,217000,11.499
2026/04/29 15:46:13,218000,11.501
2026/04/29 15:46:13,219000,11.504
2026/04/29 15:46:13,220000,11.499
2026/04/29 15:46:13,221000,11.496
2026/04/29 15:46:13,222000,11.504
2026/04/29 15:46:13,223000,11.499
2026/04/29 15:46:13,224000,11.501
2026/04/29 15:46:13,225000,11.499
2026/04/29 15:46:13,226000,11.499
2026/04/29 15:46:13,227000,11.493
2026/04/29 15:46:13,228000,11.496
2026/04/29 15:46:13,229000,11.496
2026/04/29 15:46:13,230000,11.499
2026/04/29 15:46:13,231000,11.501
2026/04/29 15:46:13,232000,11.496
2026/04/29 15:46:13,233000,11.499
2026/04/29 15:46:13,234000,11.499
2026/04/29 15:46:13,235000,11.504
2026/04/29 15:46:13,236000,11.501
2026/04/29 15:46:13,237000,11.504
2026/04/29 15:46:13,238000,11.504
2026/04/29 15:46:13,239000,11.501
2026/04/29 15:46:13,240000,11.499
2026/04/29 15:46:13,241000,11.493
2026/04/29 15:46:13,242000,11.496
2026/04/29 15:46:13,243000,11.496
2026/04/29 15:46:13,244000,11.501
2026/04/29 15:46:13,245000,11.501
2026/04/29 15:46:13,246000,11.493
2026/04/29 15:46:13,247000,11.501
2026/04/29 15:46:13,248000,11.496
2026/04/29 15:46:13,249000,11.496
2026/04/29 15:46:13,250000,11.501
2026/04/29 15:46:13,251000,11.501
2026/04/29 15:46:13,252000,11.504
2026/04/29 15:46:13,253000,11.501
2026/04/29 15:46:13,254000,11.501
2026/04/29 15:46:13,255000,11.501
2026/04/29 15:46:13,256000,11.501
2026/04/29 15:46:13,257000,11.501
2026/04/29 15:46:13,258000,11.499
2026/04/29 15:46:13,259000,11.493
2026/04/29 15:46:13,260000,11.504
2026/04/29 15:46:13,261000,11.501
2026/04/29 15:46:13,262000,11.496
2026/04/29 15:46:13,263000,11.499
2026/04/29 15:46:13,264000,11.499
2026/04/29 15:46:13,265000,11.496
2026/04/29 15:46:13,266000,11.501
2026/04/29 15:46:13,267000,11.504
2026/04/29 15:46:13,268000,11.499
2026/04/29 15:46:13,269000,11.501
2026/04/29 15:46:13,270000,11.496
2026/04/29 15:46:13,271000,11.501
2026/04/29 15:46:13,272000,11.501
2026/04/29 15:46:13,273000,11.501
2026/04/29 15:46:13,274000,11.496
2026/04/29 15:46:13,275000,11.504
2026/04/29 15:46:13,276000,11.501
2026/04/29 15:46:13,277000,11.501
2026/04/29 15:46:13,278000,11.496
2026/04/29 15:46:13,279000,11.501
2026/04/29 15:46:13,280000,11.501
2026/04/29 15:46:13,281000,11.501
2026/04/29 15:46:13,282000,11.501
2026/04/29 15:46:13,283000,11.501
2026/04/29 15:46:13,284000,11.499
2026/04/29 15:46:13,285000,11.499
2026/04/29 15:46:13,286000,11.501
2026/04/29 15:46:13,287000,11.504
2026/04/29 15:46:13,288000,11.501
2026/04/29 15:46:13,289000,11.504
2026/04/29 15:46:13,290000,11.496
2026/04/29 15:46:13,291000,11.504
2026/04/29 15:46:13,292000,11.501
2026/04/29 15:46:13,293000,11.496
2026/04/29 15:46:13,294000,11.499
2026/04/29 15:46:13,295000,11.501
2026/04/29 15:46:13,296000,11.501
2026/04/29 15:46:13,297000,11.496
2026/04/29 15:46:13,298000,11.496
2026/04/29 15:46:13,299000,11.499
2026/04/29 15:46:13,300000,11.504
2026/04/29 15:46:13,301000,11.496
2026/04/29 15:46:13,302000,11.493
2026/04/29 15:46:13,303000,11.504
2026/04/29 15:46:13,304000,11.499
2026/04/29 15:46:13,305000,11.501
2026/04/29 15:46:13,306000,11.496
2026/04/29 15:46:13,307000,11.504
2026/04/29 15:46:13,308000,11.493
2026/04/29 15:46:13,309000,11.499
2026/04/29 15:46:13,310000,11.501
2026/04/29 15:46:13,311000,11.501
2026/04/29 15:46:13,312000,11.493
2026/04/29 15:46:13,313000,11.504
2026/04/29 15:46:13,314000,11.496
2026/04/29 15:46:13,315000,11.499
2026/04/29 15:46:13,316000,11.501
2026/04/29 15:46:13,317000,11.499
2026/04/29 15:46:13,318000,11.501
2026/04/29 15:46:13,319000,11.507
2026/04/29 15:46:13,320000,11.499
2026/04/29 15:46:13,321000,11.499
2026/04/29 15:46:13,322000,11.493
2026/04/29 15:46:13,323000,11.493
2026/04/29 15:46:13,324000,11.501
2026/04/29 15:46:13,325000,11.499
2026/04/29 15:46:13,326000,11.499
2026/04/29 15:46:13,327000,11.504
2026/04/29 15:46:13,328000,11.504
2026/04/29 15:46:13,329000,11.501
2026/04/29 15:46:13,330000,11.504
2026/04/29 15:46:13,331000,11.496
2026/04/29 15:46:13,332000,11.496
2026/04/29 15:46:13,333000,11.496
2026/04/29 15:46:13,334000,11.501
2026/04/29 15:46:13,335000,11.501
2026/04/29 15:46:13,336000,11.501
2026/04/29 15:46:13,337000,11.499
2026/04/29 15:46:13,338000,11.504
2026/04/29 15:46:13,339000,11.507
2026/04/29 15:46:13,340000,11.496
2026/04/29 15:46:13,341000,11.504
2026/04/29 15:46:13,342000,11.499
2026/04/29 15:46:13,343000,11.499
2026/04/29 15:46:13,344000,11.496
2026/04/29 15:46:13,345000,11.499
2026/04/29 15:46:13,346000,11.496
2026/04/29 15:46:13,347000,11.501
2026/04/29 15:46:13,348000,11.504
2026/04/29 15:46:13,349000,11.496
2026/04/29 15:46:13,350000,11.507
2026/04/29 15:46:13,351000,11.499
2026/04/29 15:46:13,352000,11.499
2026/04/29 15:46:13,353000,11.499
2026/04/29 15:46:13,354000,11.501
2026/04/29 15:46:13,355000,11.499
2026/04/29 15:46:13,356000,11.499
2026/04/29 15:46:13,357000,11.501
2026/04/29 15:46:13,358000,11.501
2026/04/29 15:46:13,359000,11.499
2026/04/29 15:46:13,360000,11.499
2026/04/29 15:46:13,361000,11.504
2026/04/29 15:46:13,362000,11.501
2026/04/29 15:46:13,363000,11.501
2026/04/29 15:46:13,364000,11.496
2026/04/29 15:46:13,365000,11.499
2026/04/29 15:46:13,366000,11.501
2026/04/29 15:46:13,367000,11.496
2026/04/29 15:46:13,368000,11.501
2026/04/29 15:46:13,369000,11.501
2026/04/29 15:46:13,370000,11.499
2026/04/29 15:46:13,371000,11.504
2026/04/29 15:46:13,372000,11.501
2026/04/29 15:46:13,373000,11.501
2026/04/29 15:46:13,374000,11.493
2026/04/29 15:46:13,375000,11.496
2026/04/29 15:46:13,376000,11.499
2026/04/29 15:46:13,377000,11.501
2026/04/29 15:46:13,378000,11.496
2026/04/29 15:46:13,379000,11.501
2026/04/29 15:46:13,380000,11.496
2026/04/29 15:46:13,381000,11.504
2026/04/29 15:46:13,382000,11.496
2026/04/29 15:46:13,383000,11.496
2026/04/29 15:46:13,384000,11.501
2026/04/29 15:46:13,385000,11.496
2026/04/29 15:46:13,386000,11.499
2026/04/29 15:46:13,387000,11.496
2026/04/29 15:46:13,388000,11.499
2026/04/29 15:46:13,389000,11.499
2026/04/29 15:46:13,390000,11.499
2026/04/29 15:46:13,391000,11.499
2026/04/29 15:46:13,392000,11.493
2026/04/29 15:46:13,393000,11.501
2026/04/29 15:46:13,394000,11.493
2026/04/29 15:46:13,395000,11.501
2026/04/29 15:46:13,396000,11.501
2026/04/29 15:46:13,397000,11.504
2026/04/29 15:46:13,398000,11.496
2026/04/29 15:46:13,399000,11.499
2026/04/29 15:46:13,400000,11.504
2026/04/29 15:46:13,401000,11.496
2026/04/29 15:46:13,402000,11.501
2026/04/29 15:46:13,403000,11.501
2026/04/29 15:46:13,404000,11.501
2026/04/29 15:46:13,405000,11.496
2026/04/29 15:46:13,406000,11.499
2026/04/29 15:46:13,407000,11.501
2026/04/29 15:46:13,408000,11.499
2026/04/29 15:46:13,409000,11.487
2026/04/29 15:46:13,410000,11.504
2026/04/29 15:46:13,411000,11.501
2026/04/29 15:46:13,412000,11.499
2026/04/29 15:46:13,413000,11.501
2026/04/29 15:46:13,414000,11.499
2026/04/29 15:46:13,415000,11.501
2026/04/29 15:46:13,416000,11.496
2026/04/29 15:46:13,417000,11.499
2026/04/29 15:46:13,418000,11.496
2026/04/29 15:46:13,419000,11.501
2026/04/29 15:46:13,420000,11.493
2026/04/29 15:46:13,421000,11.496
2026/04/29 15:46:13,422000,11.499
2026/04/29 15:46:13,423000,11.499
2026/04/29 15:46:13,424000,11.499
2026/04/29 15:46:13,425000,11.493
2026/04/29 15:46:13,426000,11.501
2026/04/29 15:46:13,427000,11.496
2026/04/29 15:46:13,428000,11.499
2026/04/29 15:46:13,429000,11.499
2026/04/29 15:46:13,430000,11.504
2026/04/29 15:46:13,431000,11.504
2026/04/29 15:46:13,432000,11.501
2026/04/29 15:46:13,433000,11.493
2026/04/29 15:46:13,434000,11.501
2026/04/29 15:46:13,435000,11.496
2026/04/29 15:46:13,436000,11.499
2026/04/29 15:46:13,437000,11.501
2026/04/29 15:46:13,438000,11.499
2026/04/29 15:46:13,439000,11.501
2026/04/29 15:46:13,440000,11.496
2026/04/29 15:46:13,441000,11.499
2026/04/29 15:46:13,442000,11.499
2026/04/29 15:46:13,443000,11.507
2026/04/29 15:46:13,444000,11.493
2026/04/29 15:46:13,445000,11.501
2026/04/29 15:46:13,446000,11.501
2026/04/29 15:46:13,447000,11.504
2026/04/29 15:46:13,448000,11.493
2026/04/29 15:46:13,449000,11.507
2026/04/29 15:46:13,450000,11.493
2026/04/29 15:46:13,451000,11.496
2026/04/29 15:46:13,452000,11.501
2026/04/29 15:46:13,453000,11.501
2026/04/29 15:46:13,454000,11.493
2026/04/29 15:46:13,455000,11.501
2026/04/29 15:46:13,456000,11.499
2026/04/29 15:46:13,457000,11.501
2026/04/29 15:46:13,458000,11.504
2026/04/29 15:46:13,459000,11.501
2026/04/29 15:46:13,460000,11.499
2026/04/29 15:46:13,461000,11.496
2026/04/29 15:46:13,462000,11.496
2026/04/29 15:46:13,463000,11.490
2026/04/29 15:46:13,464000,11.496
2026/04/29 15:46:13,465000,11.496
2026/04/29 15:46:13,466000,11.499
2026/04/29 15:46:13,467000,11.501
2026/04/29 15:46:13,468000,11.496
2026/04/29 15:46:13,469000,11.501
2026/04/29 15:46:13,470000,11.493
2026/04/29 15:46:13,471000,11.501
2026/04/29 15:46:13,472000,11.493
2026/04/29 15:46:13,473000,11.499
2026/04/29 15:46:13,474000,11.501
2026/04/29 15:46:13,475000,11.496
2026/04/29 15:46:13,476000,11.496
2026/04/29 15:46:13,477000,11.493
2026/04/29 15:46:13,478000,11.501
2026/04/29 15:46:13,479000,11.501
2026/04/29 15:46:13,480000,11.496
2026/04/29 15:46:13,481000,11.504
2026/04/29 15:46:13,482000,11.501
2026/04/29 15:46:13,483000,11.501
2026/04/29 15:46:13,484000,11.501
2026/04/29 15:46:13,485000,11.504
2026/04/29 15:46:13,486000,11.499
2026/04/29 15:46:13,487000,11.501
2026/04/29 15:46:13,488000,11.501
2026/04/29 15:46:13,489000,11.510
2026/04/29 15:46:13,490000,11.499
2026/04/29 15:46:13,491000,11.499
2026/04/29 15:46:13,492000,11.501
2026/04/29 15:46:13,493000,11.499
2026/04/29 15:46:13,494000,11.501
2026/04/29 15:46:13,495000,11.496
2026/04/29 15:46:13,496000,11.499
2026/04/29 15:46:13,497000,11.496
2026/04/29 15:46:13,498000,11.501
2026/04/29 15:46:13,499000,11.496
2026/04/29 15:46:13,500000,11.499
2026/04/29 15:46:13,501000,11.501
2026/04/29 15:46:13,502000,11.501
2026/04/29 15:46:13,503000,11.499
2026/04/29 15:46:13,504000,11.499
2026/04/29 15:46:13,505000,11.501
2026/04/29 15:46:13,506000,11.507
2026/04/29 15:46:13,507000,11.504
2026/04/29 15:46:13,508000,11.501
2026/04/29 15:46:13,509000,11.501
2026/04/29 15:46:13,510000,11.499
2026/04/29 15:46:13,511000,11.499
2026/04/29 15:46:13,512000,11.501
2026/04/29 15:46:13,513000,11.499
2026/04/29 15:46:13,514000,11.501
2026/04/29 15:46:13,515000,11.504
2026/04/29 15:46:13,516000,11.501
2026/04/29 15:46:13,517000,11.501
2026/04/29 15:46:13,518000,11.501
2026/04/29 15:46:13,519000,11.501
2026/04/29 15:46:13,520000,11.493
2026/04/29 15:46:13,521000,11.499
2026/04/29 15:46:13,522000,11.501
2026/04/29 15:46:13,523000,11.501
2026/04/29 15:46:13,524000,11.501
2026/04/29 15:46:13,525000,11.499
2026/04/29 15:46:13,526000,11.499
2026/04/29 15:46:13,527000,11.496
2026/04/29 15:46:13,528000,11.504
2026/04/29 15:46:13,529000,11.504
2026/04/29 15:46:13,530000,11.501
2026/04/29 15:46:13,531000,11.501
2026/04/29 15:46:13,532000,11.496
2026/04/29 15:46:13,533000,11.493
2026/04/29 15:46:13,534000,11.504
2026/04/29 15:46:13,535000,11.504
2026/04/29 15:46:13,536000,11.496
2026/04/29 15:46:13,537000,11.504
2026/04/29 15:46:13,538000,11.499
2026/04/29 15:46:13,539000,11.501
2026/04/29 15:46:13,540000,11.499
2026/04/29 15:46:13,541000,11.499
2026/04/29 15:46:13,542000,11.499
2026/04/29 15:46:13,543000,11.504
2026/04/29 15:46:13,544000,11.504
2026/04/29 15:46:13,545000,11.501
2026/04/29 15:46:13,546000,11.501
2026/04/29 15:46:13,547000,11.499
2026/04/29 15:46:13,548000,11.501
2026/04/29 15:46:13,549000,11.499
2026/04/29 15:46:13,550000,11.504
2026/04/29 15:46:13,551000,11.501
2026/04/29 15:46:13,552000,11.496
2026/04/29 15:46:13,553000,11.501
2026/04/29 15:46:13,554000,11.501
2026/04/29 15:46:13,555000,11.496
2026/04/29 15:46:13,556000,11.496
2026/04/29 15:46:13,557000,11.499
2026/04/29 15:46:13,558000,11.490
2026/04/29 15:46:13,559000,11.501
2026/04/29 15:46:13,560000,11.501
2026/04/29 15:46:13,561000,11.499
2026/04/29 15:46:13,562000,11.499
2026/04/29 15:46:13,563000,11.501
2026/04/29 15:46:13,564000,11.499
2026/04/29 15:46:13,565000,11.501
2026/04/29 15:46:13,566000,11.499
2026/04/29 15:46:13,567000,11.501
2026/04/29 15:46:13,568000,11.499
2026/04/29 15:46:13,569000,11.496
2026/04/29 15:46:13,570000,11.504
2026/04/29 15:46:13,571000,11.499
2026/04/29 15:46:13,572000,11.504
2026/04/29 15:46:13,573000,11.504
2026/04/29 15:46:13,574000,11.499
2026/04/29 15:46:13,575000,11.496
2026/04/29 15:46:13,576000,11.499
2026/04/29 15:46:13,577000,11.499
2026/04/29 15:46:13,578000,11.499
2026/04/29 15:46:13,579000,11.496
2026/04/29 15:46:13,580000,11.499
2026/04/29 15:46:13,581000,11.507
2026/04/29 15:46:13,582000,11.501
2026/04/29 15:46:13,583000,11.501
2026/04/29 15:46:13,584000,11.499
2026/04/29 15:46:13,585000,11.501
2026/04/29 15:46:13,586000,11.499
2026/04/29 15:46:13,587000,11.496
2026/04/29 15:46:13,588000,11.507
2026/04/29 15:46:13,589000,11.499
2026/04/29 15:46:13,590000,11.499
2026/04/29 15:46:13,591000,11.499
2026/04/29 15:46:13,592000,11.501
2026/04/29 15:46:13,593000,11.501
2026/04/29 15:46:13,594000,11.499
2026/04/29 15:46:13,595000,11.499
2026/04/29 15:46:13,596000,11.507
2026/04/29 15:46:13,597000,11.501
2026/04/29 15:46:13,598000,11.501
2026/04/29 15:46:13,599000,11.499
2026/04/29 15:46:13,600000,11.496
2026/04/29 15:46:13,601000,11.499
2026/04/29 15:46:13,602000,11.501
2026/04/29 15:46:13,603000,11.496
2026/04/29 15:46:13,604000,11.504
2026/04/29 15:46:13,605000,11.501
2026/04/29 15:46:13,606000,11.504
2026/04/29 15:46:13,607000,11.501
2026/04/29 15:46:13,608000,11.501
2026/04/29 15:46:13,609000,11.501
2026/04/29 15:46:13,610000,11.501
2026/04/29 15:46:13,611000,11.507
2026/04/29 15:46:13,612000,11.499
2026/04/29 15:46:13,613000,11.499
2026/04/29 15:46:13,614000,11.499
2026/04/29 15:46:13,615000,11.501
2026/04/29 15:46:13,616000,11.504
2026/04/29 15:46:13,617000,11.499
2026/04/29 15:46:13,618000,11.501
2026/04/29 15:46:13,619000,11.499
2026/04/29 15:46:13,620000,11.501
2026/04/29 15:46:13,621000,11.499
2026/04/29 15:46:13,622000,11.501
2026/04/29 15:46:13,623000,11.501
2026/04/29 15:46:13,624000,11.493
2026/04/29 15:46:13,625000,11.507
2026/04/29 15:46:13,626000,11.499
2026/04/29 15:46:13,627000,11.504
2026/04/29 15:46:13,628000,11.499
2026/04/29 15:46:13,629000,11.499
2026/04/29 15:46:13,630000,11.501
2026/04/29 15:46:13,631000,11.499
2026/04/29 15:46:13,632000,11.496
2026/04/29 15:46:13,633000,11.499
2026/04/29 15:46:13,634000,11.501
2026/04/29 15:46:13,635000,11.504
2026/04/29 15:46:13,636000,11.496
2026/04/29 15:46:13,637000,11.501
2026/04/29 15:46:13,638000,11.499
2026/04/29 15:46:13,639000,11.499
2026/04/29 15:46:13,640000,11.499
2026/04/29 15:46:13,641000,11.496
2026/04/29 15:46:13,642000,11.501
2026/04/29 15:46:13,643000,11.504
2026/04/29 15:46:13,644000,11.501
2026/04/29 15:46:13,645000,11.504
2026/04/29 15:46:13,646000,11.496
2026/04/29 15:46:13,647000,11.499
2026/04/29 15:46:13,648000,11.499
2026/04/29 15:46:13,649000,11.504
2026/04/29 15:46:13,650000,11.507
2026/04/29 15:46:13,651000,11.504
2026/04/29 15:46:13,652000,11.496
2026/04/29 15:46:13,653000,11.499
2026/04/29 15:46:13,654000,11.504
2026/04/29 15:46:13,655000,11.496
2026/04/29 15:46:13,656000,11.501
2026/04/29 15:46:13,657000,11.504
2026/04/29 15:46:13,658000,11.496
2026/04/29 15:46:13,659000,11.499
2026/04/29 15:46:13,660000,11.499
2026/04/29 15:46:13,661000,11.504
2026/04/29 15:46:13,662000,11.504
2026/04/29 15:46:13,663000,11.499
2026/04/29 15:46:13,664000,11.501
2026/04/29 15:46:13,665000,11.501
2026/04/29 15:46:13,666000,11.504
2026/04/29 15:46:13,667000,11.507
2026/04/29 15:46:13,668000,11.501
2026/04/29 15:46:13,669000,11.501
2026/04/29 15:46:13,670000,11.496
2026/04/29 15:46:13,671000,11.496
2026/04/29 15:46:13,672000,11.501
2026/04/29 15:46:13,673000,11.499
2026/04/29 15:46:13,674000,11.501
2026/04/29 15:46:13,675000,11.496
2026/04/29 15:46:13,676000,11.499
2026/04/29 15:46:13,677000,11.504
2026/04/29 15:46:13,678000,11.504
2026/04/29 15:46:13,679000,11.493
2026/04/29 15:46:13,680000,11.501
2026/04/29 15:46:13,681000,11.496
2026/04/29 15:46:13,682000,11.501
2026/04/29 15:46:13,683000,11.496
2026/04/29 15:46:13,684000,11.496
2026/04/29 15:46:13,685000,11.501
2026/04/29 15:46:13,686000,11.499
2026/04/29 15:46:13,687000,11.496
2026/04/29 15:46:13,688000,11.501
2026/04/29 15:46:13,689000,11.499
2026/04/29 15:46:13,690000,11.496
2026/04/29 15:46:13,691000,11.496
2026/04/29 15:46:13,692000,11.496
2026/04/29 15:46:13,693000,11.496
2026/04/29 15:46:13,694000,11.501
2026/04/29 15:46:13,695000,11.496
2026/04/29 15:46:13,696000,11.507
2026/04/29 15:46:13,697000,11.501
2026/04/29 15:46:13,698000,11.496
2026/04/29 15:46:13,699000,11.499
2026/04/29 15:46:13,700000,11.501
2026/04/29 15:46:13,701000,11.499
2026/04/29 15:46:13,702000,11.501
2026/04/29 15:46:13,703000,11.504
2026/04/29 15:46:13,704000,11.501
2026/04/29 15:46:13,705000,11.504
2026/04/29 15:46:13,706000,11.499
2026/04/29 15:46:13,707000,11.493
2026/04/29 15:46:13,708000,11.501
2026/04/29 15:46:13,709000,11.504
2026/04/29 15:46:13,710000,11.496
2026/04/29 15:46:13,711000,11.501
2026/04/29 15:46:13,712000,11.504
2026/04/29 15:46:13,713000,11.501
2026/04/29 15:46:13,714000,11.504
2026/04/29 15:46:13,715000,11.501
2026/04/29 15:46:13,716000,11.499
2026/04/29 15:46:13,717000,11.496
2026/04/29 15:46:13,718000,11.499
2026/04/29 15:46:13,719000,11.504
2026/04/29 15:46:13,720000,11.496
2026/04/29 15:46:13,721000,11.504
2026/04/29 15:46:13,722000,11.504
2026/04/29 15:46:13,723000,11.504
2026/04/29 15:46:13,724000,11.501
2026/04/29 15:46:13,725000,11.501
2026/04/29 15:46:13,726000,11.496
2026/04/29 15:46:13,727000,11.496
2026/04/29 15:46:13,728000,11.504
2026/04/29 15:46:13,729000,11.501
2026/04/29 15:46:13,730000,11.499
2026/04/29 15:46:13,731000,11.507
2026/04/29 15:46:13,732000,11.501
2026/04/29 15:46:13,733000,11.504
2026/04/29 15:46:13,734000,11.504
2026/04/29 15:46:13,735000,11.504
2026/04/29 15:46:13,736000,11.499
2026/04/29 15:46:13,737000,11.499
2026/04/29 15:46:13,738000,11.499
2026/04/29 15:46:13,739000,11.499
2026/04/29 15:46:13,740000,11.501
2026/04/29 15:46:13,741000,11.499
2026/04/29 15:46:13,742000,11.499
2026/04/29 15:46:13,743000,11.504
2026/04/29 15:46:13,744000,11.496
2026/04/29 15:46:13,745000,11.496
2026/04/29 15:46:13,746000,11.499
2026/04/29 15:46:13,747000,11.499
2026/04/29 15:46:13,748000,11.501
2026/04/29 15:46:13,749000,11.496
2026/04/29 15:46:13,750000,11.499
2026/04/29 15:46:13,751000,11.501
2026/04/29 15:46:13,752000,11.496
2026/04/29 15:46:13,753000,11.496
2026/04/29 15:46:13,754000,11.499
2026/04/29 15:46:13,755000,11.496
2026/04/29 15:46:13,756000,11.499
2026/04/29 15:46:13,757000,11.501
2026/04/29 15:46:13,758000,11.499
2026/04/29 15:46:13,759000,11.501
2026/04/29 15:46:13,760000,11.499
2026/04/29 15:46:13,761000,11.499
2026/04/29 15:46:13,762000,11.501
2026/04/29 15:46:13,763000,11.499
2026/04/29 15:46:13,764000,11.493
2026/04/29 15:46:13,765000,11.499
2026/04/29 15:46:13,766000,11.504
2026/04/29 15:46:13,767000,11.501
2026/04/29 15:46:13,768000,11.499
2026/04/29 15:46:13,769000,11.499
2026/04/29 15:46:13,770000,11.501
2026/04/29 15:46:13,771000,11.493
2026/04/29 15:46:13,772000,11.493
2026/04/29 15:46:13,773000,11.507
2026/04/29 15:46:13,774000,11.501
2026/04/29 15:46:13,775000,11.499
2026/04/29 15:46:13,776000,11.496
2026/04/29 15:46:13,777000,11.493
2026/04/29 15:46:13,778000,11.496
2026/04/29 15:46:13,779000,11.493
2026/04/29 15:46:13,780000,11.499
2026/04/29 15:46:13,781000,11.507
2026/04/29 15:46:13,782000,11.499
2026/04/29 15:46:13,783000,11.501
2026/04/29 15:46:13,784000,11.501
2026/04/29 15:46:13,785000,11.499
2026/04/29 15:46:13,786000,11.501
2026/04/29 15:46:13,787000,11.499
2026/04/29 15:46:13,788000,11.499
2026/04/29 15:46:13,789000,11.504
2026/04/29 15:46:13,790000,11.507
2026/04/29 15:46:13,791000,11.510
2026/04/29 15:46:13,792000,11.501
2026/04/29 15:46:13,793000,11.501
2026/04/29 15:46:13,794000,11.504
2026/04/29 15:46:13,795000,11.510
2026/04/29 15:46:13,796000,11.499
2026/04/29 15:46:13,797000,11.499
2026/04/29 15:46:13,798000,11.501
2026/04/29 15:46:13,799000,11.499
2026/04/29 15:46:13,800000,11.499
2026/04/29 15:46:13,801000,11.499
2026/04/29 15:46:13,802000,11.499
2026/04/29 15:46:13,803000,11.501
2026/04/29 15:46:13,804000,11.501
2026/04/29 15:46:13,805000,11.504
2026/04/29 15:46:13,806000,11.496
2026/04/29 15:46:13,807000,11.501
2026/04/29 15:46:13,808000,11.501
2026/04/29 15:46:13,809000,11.501
2026/04/29 15:46:13,810000,11.499
2026/04/29 15:46:13,811000,11.504
2026/04/29 15:46:13,812000,11.499
2026/04/29 15:46:13,813000,11.496
2026/04/29 15:46:13,814000,11.496
2026/04/29 15:46:13,815000,11.501
2026/04/29 15:46:13,816000,11.499
2026/04/29 15:46:13,817000,11.499
2026/04/29 15:46:13,818000,11.499
2026/04/29 15:46:13,819000,11.501
2026/04/29 15:46:13,820000,11.501
2026/04/29 15:46:13,821000,11.496
2026/04/29 15:46:13,822000,11.504
2026/04/29 15:46:13,823000,11.499
2026/04/29 15:46:13,824000,11.499
2026/04/29 15:46:13,825000,11.499
2026/04/29 15:46:13,826000,11.496
2026/04/29 15:46:13,827000,11.504
2026/04/29 15:46:13,828000,11.501
2026/04/29 15:46:13,829000,11.504
2026/04/29 15:46:13,830000,11.501
2026/04/29 15:46:13,831000,11.496
2026/04/29 15:46:13,832000,11.496
2026/04/29 15:46:13,833000,11.501
2026/04/29 15:46:13,834000,11.507
2026/04/29 15:46:13,835000,11.501
2026/04/29 15:46:13,836000,11.499
2026/04/29 15:46:13,837000,11.490
2026/04/29 15:46:13,838000,11.501
2026/04/29 15:46:13,839000,11.501
2026/04/29 15:46:13,840000,11.501
2026/04/29 15:46:13,841000,11.501
2026/04/29 15:46:13,842000,11.499
2026/04/29 15:46:13,843000,11.496
2026/04/29 15:46:13,844000,11.501
2026/04/29 15:46:13,845000,11.499
2026/04/29 15:46:13,846000,11.499
2026/04/29 15:46:13,847000,11.501
2026/04/29 15:46:13,848000,11.507
2026/04/29 15:46:13,849000,11.499
2026/04/29 15:46:13,850000,11.501
2026/04/29 15:46:13,851000,11.501
2026/04/29 15:46:13,852000,11.499
2026/04/29 15:46:13,853000,11.499
2026/04/29 15:46:13,854000,11.493
2026/04/29 15:46:13,855000,11.501
2026/04/29 15:46:13,856000,11.496
2026/04/29 15:46:13,857000,11.501
2026/04/29 15:46:13,858000,11.504
2026/04/29 15:46:13,859000,11.499
2026/04/29 15:46:13,860000,11.501
2026/04/29 15:46:13,861000,11.499
2026/04/29 15:46:13,862000,11.504
2026/04/29 15:46:13,863000,11.499
2026/04/29 15:46:13,864000,11.499
2026/04/29 15:46:13,865000,11.504
2026/04/29 15:46:13,866000,11.499
2026/04/29 15:46:13,867000,11.504
2026/04/29 15:46:13,868000,11.499
2026/04/29 15:46:13,869000,11.504
2026/04/29 15:46:13,870000,11.504
2026/04/29 15:46:13,871000,11.499
2026/04/29 15:46:13,872000,11.496
2026/04/29 15:46:13,873000,11.501
2026/04/29 15:46:13,874000,11.496
2026/04/29 15:46:13,875000,11.499
2026/04/29 15:46:13,876000,11.504
2026/04/29 15:46:13,877000,11.499
2026/04/29 15:46:13,878000,11.496
2026/04/29 15:46:13,879000,11.499
2026/04/29 15:46:13,880000,11.504
2026/04/29 15:46:13,881000,11.501
2026/04/29 15:46:13,882000,11.496
2026/04/29 15:46:13,883000,11.501
2026/04/29 15:46:13,884000,11.496
2026/04/29 15:46:13,885000,11.496
2026/04/29 15:46:13,886000,11.493
2026/04/29 15:46:13,887000,11.501
2026/04/29 15:46:13,888000,11.504
2026/04/29 15:46:13,889000,11.501
2026/04/29 15:46:13,890000,11.501
2026/04/29 15:46:13,891000,11.501
2026/04/29 15:46:13,892000,11.501
2026/04/29 15:46:13,893000,11.493
2026/04/29 15:46:13,894000,11.501
2026/04/29 15:46:13,895000,11.496
2026/04/29 15:46:13,896000,11.496
2026/04/29 15:46:13,897000,11.501
2026/04/29 15:46:13,898000,11.499
2026/04/29 15:46:13,899000,11.501
2026/04/29 15:46:13,900000,11.501
2026/04/29 15:46:13,901000,11.501
2026/04/29 15:46:13,902000,11.499
2026/04/29 15:46:13,903000,11.496
2026/04/29 15:46:13,904000,11.501
2026/04/29 15:46:13,905000,11.490
2026/04/29 15:46:13,906000,11.499
2026/04/29 15:46:13,907000,11.499
2026/04/29 15:46:13,908000,11.504
2026/04/29 15:46:13,909000,11.507
2026/04/29 15:46:13,910000,11.504
2026/04/29 15:46:13,911000,11.496
2026/04/29 15:46:13,912000,11.501
2026/04/29 15:46:13,913000,11.499
2026/04/29 15:46:13,914000,11.496
2026/04/29 15:46:13,915000,11.501
2026/04/29 15:46:13,916000,11.501
2026/04/29 15:46:13,917000,11.499
2026/04/29 15:46:13,918000,11.501
2026/04/29 15:46:13,919000,11.501
2026/04/29 15:46:13,920000,11.501
2026/04/29 15:46:13,921000,11.501
2026/04/29 15:46:13,922000,11.499
2026/04/29 15:46:13,923000,11.510
2026/04/29 15:46:13,924000,11.504
2026/04/29 15:46:13,925000,11.507
2026/04/29 15:46:13,926000,11.499
2026/04/29 15:46:13,927000,11.493
2026/04/29 15:46:13,928000,11.501
2026/04/29 15:46:13,929000,11.499
2026/04/29 15:46:13,930000,11.504
2026/04/29 15:46:13,931000,11.496
2026/04/29 15:46:13,932000,11.501
2026/04/29 15:46:13,933000,11.501
2026/04/29 15:46:13,934000,11.504
2026/04/29 15:46:13,935000,11.499
2026/04/29 15:46:13,936000,11.507
2026/04/29 15:46:13,937000,11.499
2026/04/29 15:46:13,938000,11.499
2026/04/29 15:46:13,939000,11.499
2026/04/29 15:46:13,940000,11.493
2026/04/29 15:46:13,941000,11.501
2026/04/29 15:46:13,942000,11.501
2026/04/29 15:46:13,943000,11.504
2026/04/29 15:46:13,944000,11.504
2026/04/29 15:46:13,945000,11.499
2026/04/29 15:46:13,946000,11.496
2026/04/29 15:46:13,947000,11.501
2026/04/29 15:46:13,948000,11.499
2026/04/29 15:46:13,949000,11.501
2026/04/29 15:46:13,950000,11.501
2026/04/29 15:46:13,951000,11.501
2026/04/29 15:46:13,952000,11.496
2026/04/29 15:46:13,953000,11.499
2026/04/29 15:46:13,954000,11.501
2026/04/29 15:46:13,955000,11.501
2026/04/29 15:46:13,956000,11.501
2026/04/29 15:46:13,957000,11.493
2026/04/29 15:46:13,958000,11.499
2026/04/29 15:46:13,959000,11.501
2026/04/29 15:46:13,960000,11.501
2026/04/29 15:46:13,961000,11.501
2026/04/29 15:46:13,962000,11.499
2026/04/29 15:46:13,963000,11.501
2026/04/29 15:46:13,964000,11.501
2026/04/29 15:46:13,965000,11.499
2026/04/29 15:46:13,966000,11.496
2026/04/29 15:46:13,967000,11.499
2026/04/29 15:46:13,968000,11.499
2026/04/29 15:46:13,969000,11.499
2026/04/29 15:46:13,970000,11.501
2026/04/29 15:46:13,971000,11.501
2026/04/29 15:46:13,972000,11.501
2026/04/29 15:46:13,973000,11.499
2026/04/29 15:46:13,974000,11.504
2026/04/29 15:46:13,975000,11.496
2026/04/29 15:46:13,976000,11.504
2026/04/29 15:46:13,977000,11.501
2026/04/29 15:46:13,978000,11.499
2026/04/29 15:46:13,979000,11.507
2026/04/29 15:46:13,980000,11.501
2026/04/29 15:46:13,981000,11.496
2026/04/29 15:46:13,982000,11.507
2026/04/29 15:46:13,983000,11.501
2026/04/29 15:46:13,984000,11.504
2026/04/29 15:46:13,985000,11.507
2026/04/29 15:46:13,986000,11.499
2026/04/29 15:46:13,987000,11.493
2026/04/29 15:46:13,988000,11.501
2026/04/29 15:46:13,989000,11.501
2026/04/29 15:46:13,990000,11.493
2026/04/29 15:46:13,991000,11.501
2026/04/29 15:46:13,992000,11.507
2026/04/29 15:46:13,993000,11.496
2026/04/29 15:46:13,994000,11.501
2026/04/29 15:46:13,995000,11.501
2026/04/29 15:46:13,996000,11.499
2026/04/29 15:46:13,997000,11.501
2026/04/29 15:46:13,998000,11.493
2026/04/29 15:46:13,999000,11.504
2026/04/29 15:46:14,000000,11.496
2026/04/29 15:46:14,001000,11.496
2026/04/29 15:46:14,002000,11.499
2026/04/29 15:46:14,003000,11.501
2026/04/29 15:46:14,004000,11.504
2026/04/29 15:46:14,005000,11.499
2026/04/29 15:46:14,006000,11.499
2026/04/29 15:46:14,007000,11.499
2026/04/29 15:46:14,008000,11.504
2026/04/29 15:46:14,009000,11.501
2026/04/29 15:46:14,010000,11.499
2026/04/29 15:46:14,011000,11.501
2026/04/29 15:46:14,012000,11.499
2026/04/29 15:46:14,013000,11.501
2026/04/29 15:46:14,014000,11.501
2026/04/29 15:46:14,015000,11.504
2026/04/29 15:46:14,016000,11.504
2026/04/29 15:46:14,017000,11.504
2026/04/29 15:46:14,018000,11.499
2026/04/29 15:46:14,019000,11.507
2026/04/29 15:46:14,020000,11.501
2026/04/29 15:46:14,021000,11.496
2026/04/29 15:46:14,022000,11.493
2026/04/29 15:46:14,023000,11.501
2026/04/29 15:46:14,024000,11.504
2026/04/29 15:46:14,025000,11.496
2026/04/29 15:46:14,026000,11.504
2026/04/29 15:46:14,027000,11.504
2026/04/29 15:46:14,028000,11.501
2026/04/29 15:46:14,029000,11.501
2026/04/29 15:46:14,030000,11.501
2026/04/29 15:46:14,031000,11.499
2026/04/29 15:46:14,032000,11.496
2026/04/29 15:46:14,033000,11.501
2026/04/29 15:46:14,034000,11.490
2026/04/29 15:46:14,035000,11.504
2026/04/29 15:46:14,036000,11.499
2026/04/29 15:46:14,037000,11.499
2026/04/29 15:46:14,038000,11.499
2026/04/29 15:46:14,039000,11.504
2026/04/29 15:46:14,040000,11.507
2026/04/29 15:46:14,041000,11.501
2026/04/29 15:46:14,042000,11.485
2026/04/29 15:46:14,043000,11.499
2026/04/29 15:46:14,044000,11.501
2026/04/29 15:46:14,045000,11.501
2026/04/29 15:46:14,046000,11.504
2026/04/29 15:46:14,047000,11.493
2026/04/29 15:46:14,048000,11.499
2026/04/29 15:46:14,049000,11.501
2026/04/29 15:46:14,050000,11.496
2026/04/29 15:46:14,051000,11.501
2026/04/29 15:46:14,052000,11.496
2026/04/29 15:46:14,053000,11.493
2026/04/29 15:46:14,054000,11.501
2026/04/29 15:46:14,055000,11.510
2026/04/29 15:46:14,056000,11.501
2026/04/29 15:46:14,057000,11.501
2026/04/29 15:46:14,058000,11.493
2026/04/29 15:46:14,059000,11.507
2026/04/29 15:46:14,060000,11.496
2026/04/29 15:46:14,061000,11.499
2026/04/29 15:46:14,062000,11.493
2026/04/29 15:46:14,063000,11.501
2026/04/29 15:46:14,064000,11.507
2026/04/29 15:46:14,065000,11.501
2026/04/29 15:46:14,066000,11.496
2026/04/29 15:46:14,067000,11.496
2026/04/29 15:46:14,068000,11.499
2026/04/29 15:46:14,069000,11.496
2026/04/29 15:46:14,070000,11.499
2026/04/29 15:46:14,071000,11.499
2026/04/29 15:46:14,072000,11.501
2026/04/29 15:46:14,073000,11.496
2026/04/29 15:46:14,074000,11.496
2026/04/29 15:46:14,075000,11.493
2026/04/29 15:46:14,076000,11.496
2026/04/29 15:46:14,077000,11.499
2026/04/29 15:46:14,078000,11.496
2026/04/29 15:46:14,079000,11.496
2026/04/29 15:46:14,080000,11.501
2026/04/29 15:46:14,081000,11.496
2026/04/29 15:46:14,082000,11.510
2026/04/29 15:46:14,083000,11.499
2026/04/29 15:46:14,084000,11.493
2026/04/29 15:46:14,085000,11.504
2026/04/29 15:46:14,086000,11.504
2026/04/29 15:46:14,087000,11.499
2026/04/29 15:46:14,088000,11.490
2026/04/29 15:46:14,089000,11.501
2026/04/29 15:46:14,090000,11.499
2026/04/29 15:46:14,091000,11.501
2026/04/29 15:46:14,092000,11.496
2026/04/29 15:46:14,093000,11.496
2026/04/29 15:46:14,094000,11.496
2026/04/29 15:46:14,095000,11.493
2026/04/29 15:46:14,096000,11.499
2026/04/29 15:46:14,097000,11.493
2026/04/29 15:46:14,098000,11.499
2026/04/29 15:46:14,099000,11.493
2026/04/29 15:46:14,100000,11.499
2026/04/29 15:46:14,101000,11.496
2026/04/29 15:46:14,102000,11.501
2026/04/29 15:46:14,103000,11.499
2026/04/29 15:46:14,104000,11.499
2026/04/29 15:46:14,105000,11.501
2026/04/29 15:46:14,106000,11.496
2026/04/29 15:46:14,107000,11.507
2026/04/29 15:46:14,108000,11.496
2026/04/29 15:46:14,109000,11.493
2026/04/29 15:46:14,110000,11.499
2026/04/29 15:46:14,111000,11.499
2026/04/29 15:46:14,112000,11.501
2026/04/29 15:46:14,113000,11.496
2026/04/29 15:46:14,114000,11.499
2026/04/29 15:46:14,115000,11.501
2026/04/29 15:46:14,116000,11.499
2026/04/29 15:46:14,117000,11.499
2026/04/29 15:46:14,118000,11.504
2026/04/29 15:46:14,119000,11.499
2026/04/29 15:46:14,120000,11.501
2026/04/29 15:46:14,121000,11.499
2026/04/29 15:46:14,122000,11.499
2026/04/29 15:46:14,123000,11.501
2026/04/29 15:46:14,124000,11.499
2026/04/29 15:46:14,125000,11.501
2026/04/29 15:46:14,126000,11.493
2026/04/29 15:46:14,127000,11.496
2026/04/29 15:46:14,128000,11.501
2026/04/29 15:46:14,129000,11.501
2026/04/29 15:46:14,130000,11.501
2026/04/29 15:46:14,131000,11.504
2026/04/29 15:46:14,132000,11.493
2026/04/29 15:46:14,133000,11.496
2026/04/29 15:46:14,134000,11.499
2026/04/29 15:46:14,135000,11.501
2026/04/29 15:46:14,136000,11.496
2026/04/29 15:46:14,137000,11.504
2026/04/29 15:46:14,138000,11.493
2026/04/29 15:46:14,139000,11.487
2026/04/29 15:46:14,140000,11.499
2026/04/29 15:46:14,141000,11.499
2026/04/29 15:46:14,142000,11.499
2026/04/29 15:46:14,143000,11.499
2026/04/29 15:46:14,144000,11.493
2026/04/29 15:46:14,145000,11.499
2026/04/29 15:46:14,146000,11.501
2026/04/29 15:46:14,147000,11.496
2026/04/29 15:46:14,148000,11.504
2026/04/29 15:46:14,149000,11.499
2026/04/29 15:46:14,150000,11.499
2026/04/29 15:46:14,151000,11.501
2026/04/29 15:46:14,152000,11.501
2026/04/29 15:46:14,153000,11.501
2026/04/29 15:46:14,154000,11.501
2026/04/29 15:46:14,155000,11.496
2026/04/29 15:46:14,156000,11.499
2026/04/29 15:46:14,157000,11.501
2026/04/29 15:46:14,158000,11.499
2026/04/29 15:46:14,159000,11.499
2026/04/29 15:46:14,160000,11.499
2026/04/29 15:46:14,161000,11.501
2026/04/29 15:46:14,162000,11.501
2026/04/29 15:46:14,163000,11.499
2026/04/29 15:46:14,164000,11.501
2026/04/29 15:46:14,165000,11.493
2026/04/29 15:46:14,166000,11.501
2026/04/29 15:46:14,167000,11.504
2026/04/29 15:46:14,168000,11.504
2026/04/29 15:46:14,169000,11.504
2026/04/29 15:46:14,170000,11.501
2026/04/29 15:46:14,171000,11.504
2026/04/29 15:46:14,172000,11.501
2026/04/29 15:46:14,173000,11.507
2026/04/29 15:46:14,174000,11.501
2026/04/29 15:46:14,175000,11.496
2026/04/29 15:46:14,176000,11.496
2026/04/29 15:46:14,177000,11.499
2026/04/29 15:46:14,178000,11.501
2026/04/29 15:46:14,179000,11.499
2026/04/29 15:46:14,180000,11.501
2026/04/29 15:46:14,181000,11.501
2026/04/29 15:46:14,182000,11.501
2026/04/29 15:46:14,183000,11.496
2026/04/29 15:46:14,184000,11.499
2026/04/29 15:46:14,185000,11.504
2026/04/29 15:46:14,186000,11.493
2026/04/29 15:46:14,187000,11.504
2026/04/29 15:46:14,188000,11.496
2026/04/29 15:46:14,189000,11.501
2026/04/29 15:46:14,190000,11.501
2026/04/29 15:46:14,191000,11.499
2026/04/29 15:46:14,192000,11.501
2026/04/29 15:46:14,193000,11.499
2026/04/29 15:46:14,194000,11.496
2026/04/29 15:46:14,195000,11.499
2026/04/29 15:46:14,196000,11.504
2026/04/29 15:46:14,197000,11.501
2026/04/29 15:46:14,198000,11.501
2026/04/29 15:46:14,199000,11.496
2026/04/29 15:46:14,200000,11.501
2026/04/29 15:46:14,201000,11.501
2026/04/29 15:46:14,202000,11.493
2026/04/29 15:46:14,203000,11.499
2026/04/29 15:46:14,204000,11.504
2026/04/29 15:46:14,205000,11.499
2026/04/29 15:46:14,206000,11.501
2026/04/29 15:46:14,207000,11.504
2026/04/29 15:46:14,208000,11.501
2026/04/29 15:46:14,209000,11.501
2026/04/29 15:46:14,210000,11.504
2026/04/29 15:46:14,211000,11.507
2026/04/29 15:46:14,212000,11.496
2026/04/29 15:46:14,213000,11.501
2026/04/29 15:46:14,214000,11.493
2026/04/29 15:46:14,215000,11.499
2026/04/29 15:46:14,216000,11.501
2026/04/29 15:46:14,217000,11.496
2026/04/29 15:46:14,218000,11.496
2026/04/29 15:46:14,219000,11.507
2026/04/29 15:46:14,220000,11.504
2026/04/29 15:46:14,221000,11.501
2026/04/29 15:46:14,222000,11.504
2026/04/29 15:46:14,223000,11.496
2026/04/29 15:46:14,224000,11.499
2026/04/29 15:46:14,225000,11.504
2026/04/29 15:46:14,226000,11.504
2026/04/29 15:46:14,227000,11.501
2026/04/29 15:46:14,228000,11.493
2026/04/29 15:46:14,229000,11.510
2026/04/29 15:46:14,230000,11.499
2026/04/29 15:46:14,231000,11.499
2026/04/29 15:46:14,232000,11.499
2026/04/29 15:46:14,233000,11.501
2026/04/29 15:46:14,234000,11.501
2026/04/29 15:46:14,235000,11.499
2026/04/29 15:46:14,236000,11.501
2026/04/29 15:46:14,237000,11.501
2026/04/29 15:46:14,238000,11.499
2026/04/29 15:46:14,239000,11.496
2026/04/29 15:46:14,240000,11.504
2026/04/29 15:46:14,241000,11.501
2026/04/29 15:46:14,242000,11.501
2026/04/29 15:46:14,243000,11.504
2026/04/29 15:46:14,244000,11.504
2026/04/29 15:46:14,245000,11.499
2026/04/29 15:46:14,246000,11.499
2026/04/29 15:46:14,247000,11.504
2026/04/29 15:46:14,248000,11.501
2026/04/29 15:46:14,249000,11.504
2026/04/29 15:46:14,250000,11.493
2026/04/29 15:46:14,251000,11.504
2026/04/29 15:46:14,252000,11.501
2026/04/29 15:46:14,253000,11.496
2026/04/29 15:46:14,254000,11.501
2026/04/29 15:46:14,255000,11.499
2026/04/29 15:46:14,256000,11.490
2026/04/29 15:46:14,257000,11.501
2026/04/29 15:46:14,258000,11.499
2026/04/29 15:46:14,259000,11.501
2026/04/29 15:46:14,260000,11.496
2026/04/29 15:46:14,261000,11.496
2026/04/29 15:46:14,262000,11.501
2026/04/29 15:46:14,263000,11.496
2026/04/29 15:46:14,264000,11.499
2026/04/29 15:46:14,265000,11.499
2026/04/29 15:46:14,266000,11.504
2026/04/29 15:46:14,267000,11.501
2026/04/29 15:46:14,268000,11.499
2026/04/29 15:46:14,269000,11.501
2026/04/29 15:46:14,270000,11.501
2026/04/29 15:46:14,271000,11.499
2026/04/29 15:46:14,272000,11.501
2026/04/29 15:46:14,273000,11.501
2026/04/29 15:46:14,274000,11.496
2026/04/29 15:46:14,275000,11.496
2026/04/29 15:46:14,276000,11.501
2026/04/29 15:46:14,277000,11.496
2026/04/29 15:46:14,278000,11.499
2026/04/29 15:46:14,279000,11.499
2026/04/29 15:46:14,280000,11.501
2026/04/29 15:46:14,281000,11.496
2026/04/29 15:46:14,282000,11.496
2026/04/29 15:46:14,283000,11.499
2026/04/29 15:46:14,284000,11.496
2026/04/29 15:46:14,285000,11.504
2026/04/29 15:46:14,286000,11.501
2026/04/29 15:46:14,287000,11.504
2026/04/29 15:46:14,288000,11.496
2026/04/29 15:46:14,289000,11.501
2026/04/29 15:46:14,290000,11.501
2026/04/29 15:46:14,291000,11.501
2026/04/29 15:46:14,292000,11.501
2026/04/29 15:46:14,293000,11.496
2026/04/29 15:46:14,294000,11.499
2026/04/29 15:46:14,295000,11.501
2026/04/29 15:46:14,296000,11.496
2026/04/29 15:46:14,297000,11.501
2026/04/29 15:46:14,298000,11.504
2026/04/29 15:46:14,299000,11.499
2026/04/29 15:46:14,300000,11.499
2026/04/29 15:46:14,301000,11.499
2026/04/29 15:46:14,302000,11.499
2026/04/29 15:46:14,303000,11.499
2026/04/29 15:46:14,304000,11.493
2026/04/29 15:46:14,305000,11.499
2026/04/29 15:46:14,306000,11.499
2026/04/29 15:46:14,307000,11.501
2026/04/29 15:46:14,308000,11.496
2026/04/29 15:46:14,309000,11.499
2026/04/29 15:46:14,310000,11.493
2026/04/29 15:46:14,311000,11.493
2026/04/29 15:46:14,312000,11.499
2026/04/29 15:46:14,313000,11.504
2026/04/29 15:46:14,314000,11.504
2026/04/29 15:46:14,315000,11.501
2026/04/29 15:46:14,316000,11.504
2026/04/29 15:46:14,317000,11.501
2026/04/29 15:46:14,318000,11.499
2026/04/29 15:46:14,319000,11.501
2026/04/29 15:46:14,320000,11.504
2026/04/29 15:46:14,321000,11.501
2026/04/29 15:46:14,322000,11.499
2026/04/29 15:46:14,323000,11.504
2026/04/29 15:46:14,324000,11.501
2026/04/29 15:46:14,325000,11.499
2026/04/29 15:46:14,326000,11.493
2026/04/29 15:46:14,327000,11.499
2026/04/29 15:46:14,328000,11.501
2026/04/29 15:46:14,329000,11.499
2026/04/29 15:46:14,330000,11.504
2026/04/29 15:46:14,331000,11.493
2026/04/29 15:46:14,332000,11.499
2026/04/29 15:46:14,333000,11.501
2026/04/29 15:46:14,334000,11.501
2026/04/29 15:46:14,335000,11.504
2026/04/29 15:46:14,336000,11.496
2026/04/29 15:46:14,337000,11.496
2026/04/29 15:46:14,338000,11.493
2026/04/29 15:46:14,339000,11.499
2026/04/29 15:46:14,340000,11.504
2026/04/29 15:46:14,341000,11.499
2026/04/29 15:46:14,342000,11.499
2026/04/29 15:46:14,343000,11.501
2026/04/29 15:46:14,344000,11.499
2026/04/29 15:46:14,345000,11.496
2026/04/29 15:46:14,346000,11.490
2026/04/29 15:46:14,347000,11.499
2026/04/29 15:46:14,348000,11.493
2026/04/29 15:46:14,349000,11.496
2026/04/29 15:46:14,350000,11.501
2026/04/29 15:46:14,351000,11.499
2026/04/29 15:46:14,352000,11.501
2026/04/29 15:46:14,353000,11.493
2026/04/29 15:46:14,354000,11.493
2026/04/29 15:46:14,355000,11.501
2026/04/29 15:46:14,356000,11.499
2026/04/29 15:46:14,357000,11.499
2026/04/29 15:46:14,358000,11.501
2026/04/29 15:46:14,359000,11.501
2026/04/29 15:46:14,360000,11.499
2026/04/29 15:46:14,361000,11.499
2026/04/29 15:46:14,362000,11.501
2026/04/29 15:46:14,363000,11.504
2026/04/29 15:46:14,364000,11.499
2026/04/29 15:46:14,365000,11.501
2026/04/29 15:46:14,366000,11.501
2026/04/29 15:46:14,367000,11.501
2026/04/29 15:46:14,368000,11.496
2026/04/29 15:46:14,369000,11.493
2026/04/29 15:46:14,370000,11.499
2026/04/29 15:46:14,371000,11.504
2026/04/29 15:46:14,372000,11.501
2026/04/29 15:46:14,373000,11.501
2026/04/29 15:46:14,374000,11.496
2026/04/29 15:46:14,375000,11.501
2026/04/29 15:46:14,376000,11.499
2026/04/29 15:46:14,377000,11.501
2026/04/29 15:46:14,378000,11.493
2026/04/29 15:46:14,379000,11.499
2026/04/29 15:46:14,380000,11.499
2026/04/29 15:46:14,381000,11.499
2026/04/29 15:46:14,382000,11.499
2026/04/29 15:46:14,383000,11.501
2026/04/29 15:46:14,384000,11.493
2026/04/29 15:46:14,385000,11.499
2026/04/29 15:46:14,386000,11.499
2026/04/29 15:46:14,387000,11.501
2026/04/29 15:46:14,388000,11.501
2026/04/29 15:46:14,389000,11.499
2026/04/29 15:46:14,390000,11.501
2026/04/29 15:46:14,391000,11.501
2026/04/29 15:46:14,392000,11.501
2026/04/29 15:46:14,393000,11.499
2026/04/29 15:46:14,394000,11.499
2026/04/29 15:46:14,395000,11.493
2026/04/29 15:46:14,396000,11.496
2026/04/29 15:46:14,397000,11.501
2026/04/29 15:46:14,398000,11.496
2026/04/29 15:46:14,399000,11.496
2026/04/29 15:46:14,400000,11.499
2026/04/29 15:46:14,401000,11.501
2026/04/29 15:46:14,402000,11.499
2026/04/29 15:46:14,403000,11.493
2026/04/29 15:46:14,404000,11.499
2026/04/29 15:46:14,405000,11.493
2026/04/29 15:46:14,406000,11.496
2026/04/29 15:46:14,407000,11.499
2026/04/29 15:46:14,408000,11.504
2026/04/29 15:46:14,409000,11.496
2026/04/29 15:46:14,410000,11.499
2026/04/29 15:46:14,411000,11.499
2026/04/29 15:46:14,412000,11.501
2026/04/29 15:46:14,413000,11.504
2026/04/29 15:46:14,414000,11.499
2026/04/29 15:46:14,415000,11.501
2026/04/29 15:46:14,416000,11.501
2026/04/29 15:46:14,417000,11.496
2026/04/29 15:46:14,418000,11.504
2026/04/29 15:46:14,419000,11.504
2026/04/29 15:46:14,420000,11.499
2026/04/29 15:46:14,421000,11.501
2026/04/29 15:46:14,422000,11.504
2026/04/29 15:46:14,423000,11.501
2026/04/29 15:46:14,424000,11.501
2026/04/29 15:46:14,425000,11.504
2026/04/29 15:46:14,426000,11.493
2026/04/29 15:46:14,427000,11.499
2026/04/29 15:46:14,428000,11.504
2026/04/29 15:46:14,429000,11.501
2026/04/29 15:46:14,430000,11.504
2026/04/29 15:46:14,431000,11.493
2026/04/29 15:46:14,432000,11.501
2026/04/29 15:46:14,433000,11.501
2026/04/29 15:46:14,434000,11.496
2026/04/29 15:46:14,435000,11.499
2026/04/29 15:46:14,436000,11.501
2026/04/29 15:46:14,437000,11.499
2026/04/29 15:46:14,438000,11.496
2026/04/29 15:46:14,439000,11.499
2026/04/29 15:46:14,440000,11.496
2026/04/29 15:46:14,441000,11.499
2026/04/29 15:46:14,442000,11.499
2026/04/29 15:46:14,443000,11.499
2026/04/29 15:46:14,444000,11.499
2026/04/29 15:46:14,445000,11.501
2026/04/29 15:46:14,446000,11.499
2026/04/29 15:46:14,447000,11.496
2026/04/29 15:46:14,448000,11.493
2026/04/29 15:46:14,449000,11.501
2026/04/29 15:46:14,450000,11.501
2026/04/29 15:46:14,451000,11.501
2026/04/29 15:46:14,452000,11.499
2026/04/29 15:46:14,453000,11.496
2026/04/29 15:46:14,454000,11.499
2026/04/29 15:46:14,455000,11.501
2026/04/29 15:46:14,456000,11.499
2026/04/29 15:46:14,457000,11.504
2026/04/29 15:46:14,458000,11.501
2026/04/29 15:46:14,459000,11.501
2026/04/29 15:46:14,460000,11.501
2026/04/29 15:46:14,461000,11.499
2026/04/29 15:46:14,462000,11.504
2026/04/29 15:46:14,463000,11.496
2026/04/29 15:46:14,464000,11.501
2026/04/29 15:46:14,465000,11.501
2026/04/29 15:46:14,466000,11.493
2026/04/29 15:46:14,467000,11.501
2026/04/29 15:46:14,468000,11.501
2026/04/29 15:46:14,469000,11.499
2026/04/29 15:46:14,470000,11.499
2026/04/29 15:46:14,471000,11.493
2026/04/29 15:46:14,472000,11.496
2026/04/29 15:46:14,473000,11.493
2026/04/29 15:46:14,474000,11.501
2026/04/29 15:46:14,475000,11.504
2026/04/29 15:46:14,476000,11.504
2026/04/29 15:46:14,477000,11.504
2026/04/29 15:46:14,478000,11.501
2026/04/29 15:46:14,479000,11.501
2026/04/29 15:46:14,480000,11.499
2026/04/29 15:46:14,481000,11.499
2026/04/29 15:46:14,482000,11.501
2026/04/29 15:46:14,483000,11.499
2026/04/29 15:46:14,484000,11.507
2026/04/29 15:46:14,485000,11.501
2026/04/29 15:46:14,486000,11.499
2026/04/29 15:46:14,487000,11.504
2026/04/29 15:46:14,488000,11.501
2026/04/29 15:46:14,489000,11.501
2026/04/29 15:46:14,490000,11.496
2026/04/29 15:46:14,491000,11.499
2026/04/29 15:46:14,492000,11.496
2026/04/29 15:46:14,493000,11.499
2026/04/29 15:46:14,494000,11.496
2026/04/29 15:46:14,495000,11.501
2026/04/29 15:46:14,496000,11.501
2026/04/29 15:46:14,497000,11.507
2026/04/29 15:46:14,498000,11.496
2026/04/29 15:46:14,499000,11.501
2026/04/29 15:46:14,500000,11.499
2026/04/29 15:46:14,501000,11.493
2026/04/29 15:46:14,502000,11.496
2026/04/29 15:46:14,503000,11.501
2026/04/29 15:46:14,504000,11.501
2026/04/29 15:46:14,505000,11.504
2026/04/29 15:46:14,506000,11.504
2026/04/29 15:46:14,507000,11.504
2026/04/29 15:46:14,508000,11.499
2026/04/29 15:46:14,509000,11.499
2026/04/29 15:46:14,510000,11.499
2026/04/29 15:46:14,511000,11.507
2026/04/29 15:46:14,512000,11.501
2026/04/29 15:46:14,513000,11.501
2026/04/29 15:46:14,514000,11.499
2026/04/29 15:46:14,515000,11.499
2026/04/29 15:46:14,516000,11.501
2026/04/29 15:46:14,517000,11.499
2026/04/29 15:46:14,518000,11.501
2026/04/29 15:46:14,519000,11.501
2026/04/29 15:46:14,520000,11.504
2026/04/29 15:46:14,521000,11.507
2026/04/29 15:46:14,522000,11.499
2026/04/29 15:46:14,523000,11.504
2026/04/29 15:46:14,524000,11.504
2026/04/29 15:46:14,525000,11.499
2026/04/29 15:46:14,526000,11.499
2026/04/29 15:46:14,527000,11.493
2026/04/29 15:46:14,528000,11.496
2026/04/29 15:46:14,529000,11.499
2026/04/29 15:46:14,530000,11.501
2026/04/29 15:46:14,531000,11.501
2026/04/29 15:46:14,532000,11.501
2026/04/29 15:46:14,533000,11.496
2026/04/29 15:46:14,534000,11.501
2026/04/29 15:46:14,535000,11.501
2026/04/29 15:46:14,536000,11.496
2026/04/29 15:46:14,537000,11.501
2026/04/29 15:46:14,538000,11.504
2026/04/29 15:46:14,539000,11.499
2026/04/29 15:46:14,540000,11.501
2026/04/29 15:46:14,541000,11.496
2026/04/29 15:46:14,542000,11.501
2026/04/29 15:46:14,543000,11.507
2026/04/29 15:46:14,544000,11.501
2026/04/29 15:46:14,545000,11.501
2026/04/29 15:46:14,546000,11.501
2026/04/29 15:46:14,547000,11.504
2026/04/29 15:46:14,548000,11.501
2026/04/29 15:46:14,549000,11.501
2026/04/29 15:46:14,550000,11.499
2026/04/29 15:46:14,551000,11.501
2026/04/29 15:46:14,552000,11.501
2026/04/29 15:46:14,553000,11.501
2026/04/29 15:46:14,554000,11.501
2026/04/29 15:46:14,555000,11.504
2026/04/29 15:46:14,556000,11.507
2026/04/29 15:46:14,557000,11.499
2026/04/29 15:46:14,558000,11.493
2026/04/29 15:46:14,559000,11.504
2026/04/29 15:46:14,560000,11.501
2026/04/29 15:46:14,561000,11.499
2026/04/29 15:46:14,562000,11.499
2026/04/29 15:46:14,563000,11.501
2026/04/29 15:46:14,564000,11.501
2026/04/29 15:46:14,565000,11.501
2026/04/29 15:46:14,566000,11.501
2026/04/29 15:46:14,567000,11.501
2026/04/29 15:46:14,568000,11.504
2026/04/29 15:46:14,569000,11.504
2026/04/29 15:46:14,570000,11.496
2026/04/29 15:46:14,571000,11.490
2026/04/29 15:46:14,572000,11.501
2026/04/29 15:46:14,573000,11.499
2026/04/29 15:46:14,574000,11.504
2026/04/29 15:46:14,575000,11.499
2026/04/29 15:46:14,576000,11.493
2026/04/29 15:46:14,577000,11.499
2026/04/29 15:46:14,578000,11.501
2026/04/29 15:46:14,579000,11.501
2026/04/29 15:46:14,580000,11.501
2026/04/29 15:46:14,581000,11.499
2026/04/29 15:46:14,582000,11.504
2026/04/29 15:46:14,583000,11.501
2026/04/29 15:46:14,584000,11.499
2026/04/29 15:46:14,585000,11.496
2026/04/29 15:46:14,586000,11.501
2026/04/29 15:46:14,587000,11.496
2026/04/29 15:46:14,588000,11.504
2026/04/29 15:46:14,589000,11.501
2026/04/29 15:46:14,590000,11.496
2026/04/29 15:46:14,591000,11.501
2026/04/29 15:46:14,592000,11.504
2026/04/29 15:46:14,593000,11.499
2026/04/29 15:46:14,594000,11.507
2026/04/29 15:46:14,595000,11.499
2026/04/29 15:46:14,596000,11.507
2026/04/29 15:46:14,597000,11.501
2026/04/29 15:46:14,598000,11.496
2026/04/29 15:46:14,599000,11.499
2026/04/29 15:46:14,600000,11.499
2026/04/29 15:46:14,601000,11.499
2026/04/29 15:46:14,602000,11.499
2026/04/29 15:46:14,603000,11.501
2026/04/29 15:46:14,604000,11.493
2026/04/29 15:46:14,605000,11.501
2026/04/29 15:46:14,606000,11.504
2026/04/29 15:46:14,607000,11.499
2026/04/29 15:46:14,608000,11.501
2026/04/29 15:46:14,609000,11.499
2026/04/29 15:46:14,610000,11.501
2026/04/29 15:46:14,611000,11.504
2026/04/29 15:46:14,612000,11.501
2026/04/29 15:46:14,613000,11.501
2026/04/29 15:46:14,614000,11.499
2026/04/29 15:46:14,615000,11.501
2026/04/29 15:46:14,616000,11.499
2026/04/29 15:46:14,617000,11.501
2026/04/29 15:46:14,618000,11.501
2026/04/29 15:46:14,619000,11.496
2026/04/29 15:46:14,620000,11.496
2026/04/29 15:46:14,621000,11.504
2026/04/29 15:46:14,622000,11.499
2026/04/29 15:46:14,623000,11.504
2026/04/29 15:46:14,624000,11.496
2026/04/29 15:46:14,625000,11.496
2026/04/29 15:46:14,626000,11.501
2026/04/29 15:46:14,627000,11.493
2026/04/29 15:46:14,628000,11.496
2026/04/29 15:46:14,629000,11.499
2026/04/29 15:46:14,630000,11.504
2026/04/29 15:46:14,631000,11.504
2026/04/29 15:46:14,632000,11.504
2026/04/29 15:46:14,633000,11.507
2026/04/29 15:46:14,634000,11.504
2026/04/29 15:46:14,635000,11.499
2026/04/29 15:46:14,636000,11.493
2026/04/29 15:46:14,637000,11.501
2026/04/29 15:46:14,638000,11.504
2026/04/29 15:46:14,639000,11.504
2026/04/29 15:46:14,640000,11.499
2026/04/29 15:46:14,641000,11.496
2026/04/29 15:46:14,642000,11.499
2026/04/29 15:46:14,643000,11.496
2026/04/29 15:46:14,644000,11.504
2026/04/29 15:46:14,645000,11.504
2026/04/29 15:46:14,646000,11.507
2026/04/29 15:46:14,647000,11.496
2026/04/29 15:46:14,648000,11.496
2026/04/29 15:46:14,649000,11.501
2026/04/29 15:46:14,650000,11.501
2026/04/29 15:46:14,651000,11.499
2026/04/29 15:46:14,652000,11.499
2026/04/29 15:46:14,653000,11.499
2026/04/29 15:46:14,654000,11.499
2026/04/29 15:46:14,655000,11.499
2026/04/29 15:46:14,656000,11.501
2026/04/29 15:46:14,657000,11.499
2026/04/29 15:46:14,658000,11.496
2026/04/29 15:46:14,659000,11.496
2026/04/29 15:46:14,660000,11.499
2026/04/29 15:46:14,661000,11.501
2026/04/29 15:46:14,662000,11.499
2026/04/29 15:46:14,663000,11.501
2026/04/29 15:46:14,664000,11.499
2026/04/29 15:46:14,665000,11.501
2026/04/29 15:46:14,666000,11.493
2026/04/29 15:46:14,667000,11.504
2026/04/29 15:46:14,668000,11.499
2026/04/29 15:46:14,669000,11.499
2026/04/29 15:46:14,670000,11.499
2026/04/29 15:46:14,671000,11.499
2026/04/29 15:46:14,672000,11.504
2026/04/29 15:46:14,673000,11.501
2026/04/29 15:46:14,674000,11.499
2026/04/29 15:46:14,675000,11.499
2026/04/29 15:46:14,676000,11.501
2026/04/29 15:46:14,677000,11.504
2026/04/29 15:46:14,678000,11.496
2026/04/29 15:46:14,679000,11.496
2026/04/29 15:46:14,680000,11.496
2026/04/29 15:46:14,681000,11.496
2026/04/29 15:46:14,682000,11.496
2026/04/29 15:46:14,683000,11.499
2026/04/29 15:46:14,684000,11.499
2026/04/29 15:46:14,685000,11.499
2026/04/29 15:46:14,686000,11.501
2026/04/29 15:46:14,687000,11.499
2026/04/29 15:46:14,688000,11.501
2026/04/29 15:46:14,689000,11.493
2026/04/29 15:46:14,690000,11.499
2026/04/29 15:46:14,691000,11.499
2026/04/29 15:46:14,692000,11.499
2026/04/29 15:46:14,693000,11.501
2026/04/29 15:46:14,694000,11.499
2026/04/29 15:46:14,695000,11.501
2026/04/29 15:46:14,696000,11.499
2026/04/29 15:46:14,697000,11.496
2026/04/29 15:46:14,698000,11.501
2026/04/29 15:46:14,699000,11.501
2026/04/29 15:46:14,700000,11.501
2026/04/29 15:46:14,701000,11.493
2026/04/29 15:46:14,702000,11.499
2026/04/29 15:46:14,703000,11.504
2026/04/29 15:46:14,704000,11.501
2026/04/29 15:46:14,705000,11.499
2026/04/29 15:46:14,706000,11.504
2026/04/29 15:46:14,707000,11.501
2026/04/29 15:46:14,708000,11.496
2026/04/29 15:46:14,709000,11.504
2026/04/29 15:46:14,710000,11.499
2026/04/29 15:46:14,711000,11.499
2026/04/29 15:46:14,712000,11.499
2026/04/29 15:46:14,713000,11.501
2026/04/29 15:46:14,714000,11.496
2026/04/29 15:46:14,715000,11.501
2026/04/29 15:46:14,716000,11.499
2026/04/29 15:46:14,717000,11.504
2026/04/29 15:46:14,718000,11.499
2026/04/29 15:46:14,719000,11.493
2026/04/29 15:46:14,720000,11.499
2026/04/29 15:46:14,721000,11.499
2026/04/29 15:46:14,722000,11.493
2026/04/29 15:46:14,723000,11.499
2026/04/29 15:46:14,724000,11.501
2026/04/29 15:46:14,725000,11.501
2026/04/29 15:46:14,726000,11.496
2026/04/29 15:46:14,727000,11.501
2026/04/29 15:46:14,728000,11.496
2026/04/29 15:46:14,729000,11.504
2026/04/29 15:46:14,730000,11.496
2026/04/29 15:46:14,731000,11.504
2026/04/29 15:46:14,732000,11.499
2026/04/29 15:46:14,733000,11.504
2026/04/29 15:46:14,734000,11.501
2026/04/29 15:46:14,735000,11.501
2026/04/29 15:46:14,736000,11.504
2026/04/29 15:46:14,737000,11.501
2026/04/29 15:46:14,738000,11.499
2026/04/29 15:46:14,739000,11.499
2026/04/29 15:46:14,740000,11.501
2026/04/29 15:46:14,741000,11.501
2026/04/29 15:46:14,742000,11.499
2026/04/29 15:46:14,743000,11.499
2026/04/29 15:46:14,744000,11.496
2026/04/29 15:46:14,745000,11.490
2026/04/29 15:46:14,746000,11.493
2026/04/29 15:46:14,747000,11.496
2026/04/29 15:46:14,748000,11.499
2026/04/29 15:46:14,749000,11.499
2026/04/29 15:46:14,750000,11.499
2026/04/29 15:46:14,751000,11.501
2026/04/29 15:46:14,752000,11.507
2026/04/29 15:46:14,753000,11.496
2026/04/29 15:46:14,754000,11.499
2026/04/29 15:46:14,755000,11.501
2026/04/29 15:46:14,756000,11.496
2026/04/29 15:46:14,757000,11.501
2026/04/29 15:46:14,758000,11.493
2026/04/29 15:46:14,759000,11.501
2026/04/29 15:46:14,760000,11.501
2026/04/29 15:46:14,761000,11.504
2026/04/29 15:46:14,762000,11.496
2026/04/29 15:46:14,763000,11.499
2026/04/29 15:46:14,764000,11.501
2026/04/29 15:46:14,765000,11.501
2026/04/29 15:46:14,766000,11.501
2026/04/29 15:46:14,767000,11.501
2026/04/29 15:46:14,768000,11.493
2026/04/29 15:46:14,769000,11.501
2026/04/29 15:46:14,770000,11.496
2026/04/29 15:46:14,771000,11.504
2026/04/29 15:46:14,772000,11.504
2026/04/29 15:46:14,773000,11.501
2026/04/29 15:46:14,774000,11.501
2026/04/29 15:46:14,775000,11.499
2026/04/29 15:46:14,776000,11.501
2026/04/29 15:46:14,777000,11.499
2026/04/29 15:46:14,778000,11.499
2026/04/29 15:46:14,779000,11.501
2026/04/29 15:46:14,780000,11.499
2026/04/29 15:46:14,781000,11.504
2026/04/29 15:46:14,782000,11.501
2026/04/29 15:46:14,783000,11.496
2026/04/29 15:46:14,784000,11.504
2026/04/29 15:46:14,785000,11.504
2026/04/29 15:46:14,786000,11.499
2026/04/29 15:46:14,787000,11.501
2026/04/29 15:46:14,788000,11.499
2026/04/29 15:46:14,789000,11.504
2026/04/29 15:46:14,790000,11.501
2026/04/29 15:46:14,791000,11.501
2026/04/29 15:46:14,792000,11.501
2026/04/29 15:46:14,793000,11.501
2026/04/29 15:46:14,794000,11.499
2026/04/29 15:46:14,795000,11.496
2026/04/29 15:46:14,796000,11.499
2026/04/29 15:46:14,797000,11.504
2026/04/29 15:46:14,798000,11.504
2026/04/29 15:46:14,799000,11.501
2026/04/29 15:46:14,800000,11.496
2026/04/29 15:46:14,801000,11.499
2026/04/29 15:46:14,802000,11.504
2026/04/29 15:46:14,803000,11.493
2026/04/29 15:46:14,804000,11.501
2026/04/29 15:46:14,805000,11.499
2026/04/29 15:46:14,806000,11.501
2026/04/29 15:46:14,807000,11.501
2026/04/29 15:46:14,808000,11.499
2026/04/29 15:46:14,809000,11.496
2026/04/29 15:46:14,810000,11.501
2026/04/29 15:46:14,811000,11.501
2026/04/29 15:46:14,812000,11.501
2026/04/29 15:46:14,813000,11.504
2026/04/29 15:46:14,814000,11.504
2026/04/29 15:46:14,815000,11.501
2026/04/29 15:46:14,816000,11.496
2026/04/29 15:46:14,817000,11.499
2026/04/29 15:46:14,818000,11.499
2026/04/29 15:46:14,819000,11.504
2026/04/29 15:46:14,820000,11.504
2026/04/29 15:46:14,821000,11.493
2026/04/29 15:46:14,822000,11.501
2026/04/29 15:46:14,823000,11.501
2026/04/29 15:46:14,824000,11.499
2026/04/29 15:46:14,825000,11.496
2026/04/29 15:46:14,826000,11.490
2026/04/29 15:46:14,827000,11.504
2026/04/29 15:46:14,828000,11.499
2026/04/29 15:46:14,829000,11.496
2026/04/29 15:46:14,830000,11.499
2026/04/29 15:46:14,831000,11.496
2026/04/29 15:46:14,832000,11.501
2026/04/29 15:46:14,833000,11.499
2026/04/29 15:46:14,834000,11.499
2026/04/29 15:46:14,835000,11.496
2026/04/29 15:46:14,836000,11.499
2026/04/29 15:46:14,837000,11.499
2026/04/29 15:46:14,838000,11.496
2026/04/29 15:46:14,839000,11.504
2026/04/29 15:46:14,840000,11.499
2026/04/29 15:46:14,841000,11.496
2026/04/29 15:46:14,842000,11.501
2026/04/29 15:46:14,843000,11.499
2026/04/29 15:46:14,844000,11.496
2026/04/29 15:46:14,845000,11.499
2026/04/29 15:46:14,846000,11.496
2026/04/29 15:46:14,847000,11.499
2026/04/29 15:46:14,848000,11.501
2026/04/29 15:46:14,849000,11.501
2026/04/29 15:46:14,850000,11.501
2026/04/29 15:46:14,851000,11.499
2026/04/29 15:46:14,852000,11.499
2026/04/29 15:46:14,853000,11.499
2026/04/29 15:46:14,854000,11.499
2026/04/29 15:46:14,855000,11.504
2026/04/29 15:46:14,856000,11.501
2026/04/29 15:46:14,857000,11.501
2026/04/29 15:46:14,858000,11.504
2026/04/29 15:46:14,859000,11.501
2026/04/29 15:46:14,860000,11.493
2026/04/29 15:46:14,861000,11.496
2026/04/29 15:46:14,862000,11.496
2026/04/29 15:46:14,863000,11.501
2026/04/29 15:46:14,864000,11.496
2026/04/29 15:46:14,865000,11.501
2026/04/29 15:46:14,866000,11.513
2026/04/29 15:46:14,867000,11.499
2026/04/29 15:46:14,868000,11.504
2026/04/29 15:46:14,869000,11.507
2026/04/29 15:46:14,870000,11.499
2026/04/29 15:46:14,871000,11.499
2026/04/29 15:46:14,872000,11.496
2026/04/29 15:46:14,873000,11.499
2026/04/29 15:46:14,874000,11.493
2026/04/29 15:46:14,875000,11.499
2026/04/29 15:46:14,876000,11.499
2026/04/29 15:46:14,877000,11.499
2026/04/29 15:46:14,878000,11.501
2026/04/29 15:46:14,879000,11.499
2026/04/29 15:46:14,880000,11.496
2026/04/29 15:46:14,881000,11.499
2026/04/29 15:46:14,882000,11.496
2026/04/29 15:46:14,883000,11.504
2026/04/29 15:46:14,884000,11.499
2026/04/29 15:46:14,885000,11.499
2026/04/29 15:46:14,886000,11.501
2026/04/29 15:46:14,887000,11.501
2026/04/29 15:46:14,888000,11.499
2026/04/29 15:46:14,889000,11.499
2026/04/29 15:46:14,890000,11.501
2026/04/29 15:46:14,891000,11.499
2026/04/29 15:46:14,892000,11.501
2026/04/29 15:46:14,893000,11.499
2026/04/29 15:46:14,894000,11.499
2026/04/29 15:46:14,895000,11.493
2026/04/29 15:46:14,896000,11.496
2026/04/29 15:46:14,897000,11.499
2026/04/29 15:46:14,898000,11.496
2026/04/29 15:46:14,899000,11.504
2026/04/29 15:46:14,900000,11.499
2026/04/29 15:46:14,901000,11.501
2026/04/29 15:46:14,902000,11.496
2026/04/29 15:46:14,903000,11.499
2026/04/29 15:46:14,904000,11.504
2026/04/29 15:46:14,905000,11.493
2026/04/29 15:46:14,906000,11.501
2026/04/29 15:46:14,907000,11.496
2026/04/29 15:46:14,908000,11.499
2026/04/29 15:46:14,909000,11.501
2026/04/29 15:46:14,910000,11.499
2026/04/29 15:46:14,911000,11.499
2026/04/29 15:46:14,912000,11.507
2026/04/29 15:46:14,913000,11.493
2026/04/29 15:46:14,914000,11.504
2026/04/29 15:46:14,915000,11.504
2026/04/29 15:46:14,916000,11.507
2026/04/29 15:46:14,917000,11.499
2026/04/29 15:46:14,918000,11.501
2026/04/29 15:46:14,919000,11.501
2026/04/29 15:46:14,920000,11.504
2026/04/29 15:46:14,921000,11.504
2026/04/29 15:46:14,922000,11.493
2026/04/29 15:46:14,923000,11.501
2026/04/29 15:46:14,924000,11.501
2026/04/29 15:46:14,925000,11.501
2026/04/29 15:46:14,926000,11.499
2026/04/29 15:46:14,927000,11.504
2026/04/29 15:46:14,928000,11.496
2026/04/29 15:46:14,929000,11.496
2026/04/29 15:46:14,930000,11.501
2026/04/29 15:46:14,931000,11.501
2026/04/29 15:46:14,932000,11.496
2026/04/29 15:46:14,933000,11.501
2026/04/29 15:46:14,934000,11.499
2026/04/29 15:46:14,935000,11.496
2026/04/29 15:46:14,936000,11.496
2026/04/29 15:46:14,937000,11.504
2026/04/29 15:46:14,938000,11.501
2026/04/29 15:46:14,939000,11.504
2026/04/29 15:46:14,940000,11.501
2026/04/29 15:46:14,941000,11.501
2026/04/29 15:46:14,942000,11.501
2026/04/29 15:46:14,943000,11.501
2026/04/29 15:46:14,944000,11.493
2026/04/29 15:46:14,945000,11.501
2026/04/29 15:46:14,946000,11.499
2026/04/29 15:46:14,947000,11.501
2026/04/29 15:46:14,948000,11.499
2026/04/29 15:46:14,949000,11.504
2026/04/29 15:46:14,950000,11.493
2026/04/29 15:46:14,951000,11.499
2026/04/29 15:46:14,952000,11.499
2026/04/29 15:46:14,953000,11.496
2026/04/29 15:46:14,954000,11.501
2026/04/29 15:46:14,955000,11.499
2026/04/29 15:46:14,956000,11.501
2026/04/29 15:46:14,957000,11.501
2026/04/29 15:46:14,958000,11.507
2026/04/29 15:46:14,959000,11.496
2026/04/29 15:46:14,960000,11.501
2026/04/29 15:46:14,961000,11.501
2026/04/29 15:46:14,962000,11.499
2026/04/29 15:46:14,963000,11.496
2026/04/29 15:46:14,964000,11.501
2026/04/29 15:46:14,965000,11.499
2026/04/29 15:46:14,966000,11.501
2026/04/29 15:46:14,967000,11.490
2026/04/29 15:46:14,968000,11.496
2026/04/29 15:46:14,969000,11.504
2026/04/29 15:46:14,970000,11.496
2026/04/29 15:46:14,971000,11.499
2026/04/29 15:46:14,972000,11.501
2026/04/29 15:46:14,973000,11.501
2026/04/29 15:46:14,974000,11.504
2026/04/29 15:46:14,975000,11.499
2026/04/29 15:46:14,976000,11.504
2026/04/29 15:46:14,977000,11.501
2026/04/29 15:46:14,978000,11.504
2026/04/29 15:46:14,979000,11.499
2026/04/29 15:46:14,980000,11.507
2026/04/29 15:46:14,981000,11.507
2026/04/29 15:46:14,982000,11.499
2026/04/29 15:46:14,983000,11.501
2026/04/29 15:46:14,984000,11.499
2026/04/29 15:46:14,985000,11.504
2026/04/29 15:46:14,986000,11.499
2026/04/29 15:46:14,987000,11.496
2026/04/29 15:46:14,988000,11.499
2026/04/29 15:46:14,989000,11.501
2026/04/29 15:46:14,990000,11.501
2026/04/29 15:46:14,991000,11.501
2026/04/29 15:46:14,992000,11.499
2026/04/29 15:46:14,993000,11.499
2026/04/29 15:46:14,994000,11.499
2026/04/29 15:46:14,995000,11.496
2026/04/29 15:46:14,996000,11.496
2026/04/29 15:46:14,997000,11.501
2026/04/29 15:46:14,998000,11.499
2026/04/29 15:46:14,999000,11.499
2026/04/29 15:46:15,000000,11.499
2026/04/29 15:46:15,001000,11.496
2026/04/29 15:46:15,002000,11.499
2026/04/29 15:46:15,003000,11.499
2026/04/29 15:46:15,004000,11.493
2026/04/29 15:46:15,005000,11.499
2026/04/29 15:46:15,006000,11.501
2026/04/29 15:46:15,007000,11.501
2026/04/29 15:46:15,008000,11.499
2026/04/29 15:46:15,009000,11.499
2026/04/29 15:46:15,010000,11.504
2026/04/29 15:46:15,011000,11.501
2026/04/29 15:46:15,012000,11.499
2026/04/29 15:46:15,013000,11.499
2026/04/29 15:46:15,014000,11.501
2026/04/29 15:46:15,015000,11.496
2026/04/29 15:46:15,016000,11.499
2026/04/29 15:46:15,017000,11.499
2026/04/29 15:46:15,018000,11.501
2026/04/29 15:46:15,019000,11.499
2026/04/29 15:46:15,020000,11.504
2026/04/29 15:46:15,021000,11.501
2026/04/29 15:46:15,022000,11.499
2026/04/29 15:46:15,023000,11.496
2026/04/29 15:46:15,024000,11.504
2026/04/29 15:46:15,025000,11.499
2026/04/29 15:46:15,026000,11.499
2026/04/29 15:46:15,027000,11.496
2026/04/29 15:46:15,028000,11.499
2026/04/29 15:46:15,029000,11.499
2026/04/29 15:46:15,030000,11.504
2026/04/29 15:46:15,031000,11.499
2026/04/29 15:46:15,032000,11.499
2026/04/29 15:46:15,033000,11.504
2026/04/29 15:46:15,034000,11.499
2026/04/29 15:46:15,035000,11.504
2026/04/29 15:46:15,036000,11.496
2026/04/29 15:46:15,037000,11.501
2026/04/29 15:46:15,038000,11.501
2026/04/29 15:46:15,039000,11.496
2026/04/29 15:46:15,040000,11.501
2026/04/29 15:46:15,041000,11.496
2026/04/29 15:46:15,042000,11.499
2026/04/29 15:46:15,043000,11.504
2026/04/29 15:46:15,044000,11.499
2026/04/29 15:46:15,045000,11.496
2026/04/29 15:46:15,046000,11.504
2026/04/29 15:46:15,047000,11.499
2026/04/29 15:46:15,048000,11.501
2026/04/29 15:46:15,049000,11.496
2026/04/29 15:46:15,050000,11.501
2026/04/29 15:46:15,051000,11.499
2026/04/29 15:46:15,052000,11.493
2026/04/29 15:46:15,053000,11.504
2026/04/29 15:46:15,054000,11.499
2026/04/29 15:46:15,055000,11.499
2026/04/29 15:46:15,056000,11.501
2026/04/29 15:46:15,057000,11.496
2026/04/29 15:46:15,058000,11.504
2026/04/29 15:46:15,059000,11.501
2026/04/29 15:46:15,060000,11.499
2026/04/29 15:46:15,061000,11.499
2026/04/29 15:46:15,062000,11.501
2026/04/29 15:46:15,063000,11.499
2026/04/29 15:46:15,064000,11.496
2026/04/29 15:46:15,065000,11.499
2026/04/29 15:46:15,066000,11.507
2026/04/29 15:46:15,067000,11.504
2026/04/29 15:46:15,068000,11.499
2026/04/29 15:46:15,069000,11.501
2026/04/29 15:46:15,070000,11.499
2026/04/29 15:46:15,071000,11.499
2026/04/29 15:46:15,072000,11.504
2026/04/29 15:46:15,073000,11.496
2026/04/29 15:46:15,074000,11.496
2026/04/29 15:46:15,075000,11.493
2026/04/29 15:46:15,076000,11.496
2026/04/29 15:46:15,077000,11.496
2026/04/29 15:46:15,078000,11.504
2026/04/29 15:46:15,079000,11.501
2026/04/29 15:46:15,080000,11.499
2026/04/29 15:46:15,081000,11.499
2026/04/29 15:46:15,082000,11.504
2026/04/29 15:46:15,083000,11.501
2026/04/29 15:46:15,084000,11.504
2026/04/29 15:46:15,085000,11.501
2026/04/29 15:46:15,086000,11.496
2026/04/29 15:46:15,087000,11.496
2026/04/29 15:46:15,088000,11.504
2026/04/29 15:46:15,089000,11.501
2026/04/29 15:46:15,090000,11.496
2026/04/29 15:46:15,091000,11.504
2026/04/29 15:46:15,092000,11.504
2026/04/29 15:46:15,093000,11.504
2026/04/29 15:46:15,094000,11.499
2026/04/29 15:46:15,095000,11.507
2026/04/29 15:46:15,096000,11.504
2026/04/29 15:46:15,097000,11.493
2026/04/29 15:46:15,098000,11.501
2026/04/29 15:46:15,099000,11.499
2026/04/29 15:46:15,100000,11.499
2026/04/29 15:46:15,101000,11.496
2026/04/29 15:46:15,102000,11.501
2026/04/29 15:46:15,103000,11.504
2026/04/29 15:46:15,104000,11.493
2026/04/29 15:46:15,105000,11.499
2026/04/29 15:46:15,106000,11.504
2026/04/29 15:46:15,107000,11.501
2026/04/29 15:46:15,108000,11.499
2026/04/29 15:46:15,109000,11.499
2026/04/29 15:46:15,110000,11.504
2026/04/29 15:46:15,111000,11.501
2026/04/29 15:46:15,112000,11.499
2026/04/29 15:46:15,113000,11.504
2026/04/29 15:46:15,114000,11.496
2026/04/29 15:46:15,115000,11.501
2026/04/29 15:46:15,116000,11.504
2026/04/29 15:46:15,117000,11.501
2026/04/29 15:46:15,118000,11.499
2026/04/29 15:46:15,119000,11.501
2026/04/29 15:46:15,120000,11.493
2026/04/29 15:46:15,121000,11.501
2026/04/29 15:46:15,122000,11.493
2026/04/29 15:46:15,123000,11.504
2026/04/29 15:46:15,124000,11.496
2026/04/29 15:46:15,125000,11.501
2026/04/29 15:46:15,126000,11.504
2026/04/29 15:46:15,127000,11.501
2026/04/29 15:46:15,128000,11.501
2026/04/29 15:46:15,129000,11.499
2026/04/29 15:46:15,130000,11.504
2026/04/29 15:46:15,131000,11.501
2026/04/29 15:46:15,132000,11.501
2026/04/29 15:46:15,133000,11.501
2026/04/29 15:46:15,134000,11.496
2026/04/29 15:46:15,135000,11.496
2026/04/29 15:46:15,136000,11.499
2026/04/29 15:46:15,137000,11.499
2026/04/29 15:46:15,138000,11.499
2026/04/29 15:46:15,139000,11.499
2026/04/29 15:46:15,140000,11.499
2026/04/29 15:46:15,141000,11.496
2026/04/29 15:46:15,142000,11.501
2026/04/29 15:46:15,143000,11.504
2026/04/29 15:46:15,144000,11.499
2026/04/29 15:46:15,145000,11.501
2026/04/29 15:46:15,146000,11.501
2026/04/29 15:46:15,147000,11.518
2026/04/29 15:46:15,148000,11.501
2026/04/29 15:46:15,149000,11.499
2026/04/29 15:46:15,150000,11.501
2026/04/29 15:46:15,151000,11.499
2026/04/29 15:46:15,152000,11.499
2026/04/29 15:46:15,153000,11.501
2026/04/29 15:46:15,154000,11.496
2026/04/29 15:46:15,155000,11.499
2026/04/29 15:46:15,156000,11.499
2026/04/29 15:46:15,157000,11.493
2026/04/29 15:46:15,158000,11.499
2026/04/29 15:46:15,159000,11.499
2026/04/29 15:46:15,160000,11.499
2026/04/29 15:46:15,161000,11.499
2026/04/29 15:46:15,162000,11.496
2026/04/29 15:46:15,163000,11.499
2026/04/29 15:46:15,164000,11.513
2026/04/29 15:46:15,165000,11.504
2026/04/29 15:46:15,166000,11.496
2026/04/29 15:46:15,167000,11.496
2026/04/29 15:46:15,168000,11.501
2026/04/29 15:46:15,169000,11.499
2026/04/29 15:46:15,170000,11.499
2026/04/29 15:46:15,171000,11.501
2026/04/29 15:46:15,172000,11.499
2026/04/29 15:46:15,173000,11.496
2026/04/29 15:46:15,174000,11.499
2026/04/29 15:46:15,175000,11.499
2026/04/29 15:46:15,176000,11.499
2026/04/29 15:46:15,177000,11.507
2026/04/29 15:46:15,178000,11.493
2026/04/29 15:46:15,179000,11.499
2026/04/29 15:46:15,180000,11.493
2026/04/29 15:46:15,181000,11.501
2026/04/29 15:46:15,182000,11.499
2026/04/29 15:46:15,183000,11.501
2026/04/29 15:46:15,184000,11.501
2026/04/29 15:46:15,185000,11.501
2026/04/29 15:46:15,186000,11.501
2026/04/29 15:46:15,187000,11.501
2026/04/29 15:46:15,188000,11.501
2026/04/29 15:46:15,189000,11.493
2026/04/29 15:46:15,190000,11.501
2026/04/29 15:46:15,191000,11.490
2026/04/29 15:46:15,192000,11.504
2026/04/29 15:46:15,193000,11.499
2026/04/29 15:46:15,194000,11.499
2026/04/29 15:46:15,195000,11.493
2026/04/29 15:46:15,196000,11.493
2026/04/29 15:46:15,197000,11.496
2026/04/29 15:46:15,198000,11.493
2026/04/29 15:46:15,199000,11.499
2026/04/29 15:46:15,200000,11.501
2026/04/29 15:46:15,201000,11.496
2026/04/29 15:46:15,202000,11.504
2026/04/29 15:46:15,203000,11.499
2026/04/29 15:46:15,204000,11.493
2026/04/29 15:46:15,205000,11.499
2026/04/29 15:46:15,206000,11.504
2026/04/29 15:46:15,207000,11.504
2026/04/29 15:46:15,208000,11.501
2026/04/29 15:46:15,209000,11.496
2026/04/29 15:46:15,210000,11.496
2026/04/29 15:46:15,211000,11.499
2026/04/29 15:46:15,212000,11.499
2026/04/29 15:46:15,213000,11.504
2026/04/29 15:46:15,214000,11.507
2026/04/29 15:46:15,215000,11.499
2026/04/29 15:46:15,216000,11.504
2026/04/29 15:46:15,217000,11.496
2026/04/29 15:46:15,218000,11.501
2026/04/29 15:46:15,219000,11.501
2026/04/29 15:46:15,220000,11.499
2026/04/29 15:46:15,221000,11.504
2026/04/29 15:46:15,222000,11.504
2026/04/29 15:46:15,223000,11.501
2026/04/29 15:46:15,224000,11.507
2026/04/29 15:46:15,225000,11.501
2026/04/29 15:46:15,226000,11.501
2026/04/29 15:46:15,227000,11.504
2026/04/29 15:46:15,228000,11.501
2026/04/29 15:46:15,229000,11.496
2026/04/29 15:46:15,230000,11.493
2026/04/29 15:46:15,231000,11.493
2026/04/29 15:46:15,232000,11.496
2026/04/29 15:46:15,233000,11.501
2026/04/29 15:46:15,234000,11.501
2026/04/29 15:46:15,235000,11.501
2026/04/29 15:46:15,236000,11.499
2026/04/29 15:46:15,237000,11.501
2026/04/29 15:46:15,238000,11.504
2026/04/29 15:46:15,239000,11.501
2026/04/29 15:46:15,240000,11.501
2026/04/29 15:46:15,241000,11.501
2026/04/29 15:46:15,242000,11.499
2026/04/29 15:46:15,243000,11.501
2026/04/29 15:46:15,244000,11.499
2026/04/29 15:46:15,245000,11.501
2026/04/29 15:46:15,246000,11.496
2026/04/29 15:46:15,247000,11.501
2026/04/29 15:46:15,248000,11.499
2026/04/29 15:46:15,249000,11.504
2026/04/29 15:46:15,250000,11.501
2026/04/29 15:46:15,251000,11.504
2026/04/29 15:46:15,252000,11.501
2026/04/29 15:46:15,253000,11.504
2026/04/29 15:46:15,254000,11.499
2026/04/29 15:46:15,255000,11.501
2026/04/29 15:46:15,256000,11.507
2026/04/29 15:46:15,257000,11.499
2026/04/29 15:46:15,258000,11.496
2026/04/29 15:46:15,259000,11.501
2026/04/29 15:46:15,260000,11.501
2026/04/29 15:46:15,261000,11.499
2026/04/29 15:46:15,262000,11.496
2026/04/29 15:46:15,263000,11.493
2026/04/29 15:46:15,264000,11.499
2026/04/29 15:46:15,265000,11.493
2026/04/29 15:46:15,266000,11.499
2026/04/29 15:46:15,267000,11.496
2026/04/29 15:46:15,268000,11.496
2026/04/29 15:46:15,269000,11.501
2026/04/29 15:46:15,270000,11.496
2026/04/29 15:46:15,271000,11.501
2026/04/29 15:46:15,272000,11.499
2026/04/29 15:46:15,273000,11.493
2026/04/29 15:46:15,274000,11.499
2026/04/29 15:46:15,275000,11.496
2026/04/29 15:46:15,276000,11.493
2026/04/29 15:46:15,277000,11.496
2026/04/29 15:46:15,278000,11.504
2026/04/29 15:46:15,279000,11.501
2026/04/29 15:46:15,280000,11.496
2026/04/29 15:46:15,281000,11.501
2026/04/29 15:46:15,282000,11.499
2026/04/29 15:46:15,283000,11.501
2026/04/29 15:46:15,284000,11.496
2026/04/29 15:46:15,285000,11.496
2026/04/29 15:46:15,286000,11.496
2026/04/29 15:46:15,287000,11.499
2026/04/29 15:46:15,288000,11.501
2026/04/29 15:46:15,289000,11.493
2026/04/29 15:46:15,290000,11.499
2026/04/29 15:46:15,291000,11.501
2026/04/29 15:46:15,292000,11.499
2026/04/29 15:46:15,293000,11.499
2026/04/29 15:46:15,294000,11.499
2026/04/29 15:46:15,295000,11.499
2026/04/29 15:46:15,296000,11.504
2026/04/29 15:46:15,297000,11.501
2026/04/29 15:46:15,298000,11.499
2026/04/29 15:46:15,299000,11.493
2026/04/29 15:46:15,300000,11.501
2026/04/29 15:46:15,301000,11.496
2026/04/29 15:46:15,302000,11.499
2026/04/29 15:46:15,303000,11.496
2026/04/29 15:46:15,304000,11.504
2026/04/29 15:46:15,305000,11.499
2026/04/29 15:46:15,306000,11.504
2026/04/29 15:46:15,307000,11.501
2026/04/29 15:46:15,308000,11.501
2026/04/29 15:46:15,309000,11.499
2026/04/29 15:46:15,310000,11.499
2026/04/29 15:46:15,311000,11.501
2026/04/29 15:46:15,312000,11.496
2026/04/29 15:46:15,313000,11.501
2026/04/29 15:46:15,314000,11.496
2026/04/29 15:46:15,315000,11.501
2026/04/29 15:46:15,316000,11.501
2026/04/29 15:46:15,317000,11.501
2026/04/29 15:46:15,318000,11.504
2026/04/29 15:46:15,319000,11.496
2026/04/29 15:46:15,320000,11.507
2026/04/29 15:46:15,321000,11.501
2026/04/29 15:46:15,322000,11.501
2026/04/29 15:46:15,323000,11.499
2026/04/29 15:46:15,324000,11.499
2026/04/29 15:46:15,325000,11.499
2026/04/29 15:46:15,326000,11.499
2026/04/29 15:46:15,327000,11.501
2026/04/29 15:46:15,328000,11.499
2026/04/29 15:46:15,329000,11.501
2026/04/29 15:46:15,330000,11.499
2026/04/29 15:46:15,331000,11.499
2026/04/29 15:46:15,332000,11.499
2026/04/29 15:46:15,333000,11.501
2026/04/29 15:46:15,334000,11.499
2026/04/29 15:46:15,335000,11.499
2026/04/29 15:46:15,336000,11.499
2026/04/29 15:46:15,337000,11.499
2026/04/29 15:46:15,338000,11.504
2026/04/29 15:46:15,339000,11.501
2026/04/29 15:46:15,340000,11.504
2026/04/29 15:46:15,341000,11.499
2026/04/29 15:46:15,342000,11.496
2026/04/29 15:46:15,343000,11.501
2026/04/29 15:46:15,344000,11.499
2026/04/29 15:46:15,345000,11.499
2026/04/29 15:46:15,346000,11.499
2026/04/29 15:46:15,347000,11.499
2026/04/29 15:46:15,348000,11.496
2026/04/29 15:46:15,349000,11.501
2026/04/29 15:46:15,350000,11.501
2026/04/29 15:46:15,351000,11.501
2026/04/29 15:46:15,352000,11.499
2026/04/29 15:46:15,353000,11.499
2026/04/29 15:46:15,354000,11.504
2026/04/29 15:46:15,355000,11.504
2026/04/29 15:46:15,356000,11.501
2026/04/29 15:46:15,357000,11.501
2026/04/29 15:46:15,358000,11.499
2026/04/29 15:46:15,359000,11.501
2026/04/29 15:46:15,360000,11.499
2026/04/29 15:46:15,361000,11.499
2026/04/29 15:46:15,362000,11.504
2026/04/29 15:46:15,363000,11.501
2026/04/29 15:46:15,364000,11.501
2026/04/29 15:46:15,365000,11.507
2026/04/29 15:46:15,366000,11.499
2026/04/29 15:46:15,367000,11.507
2026/04/29 15:46:15,368000,11.499
2026/04/29 15:46:15,369000,11.501
2026/04/29 15:46:15,370000,11.501
2026/04/29 15:46:15,371000,11.493
2026/04/29 15:46:15,372000,11.501
2026/04/29 15:46:15,373000,11.501
2026/04/29 15:46:15,374000,11.496
2026/04/29 15:46:15,375000,11.499
2026/04/29 15:46:15,376000,11.501
2026/04/29 15:46:15,377000,11.510
2026/04/29 15:46:15,378000,11.499
2026/04/29 15:46:15,379000,11.504
2026/04/29 15:46:15,380000,11.501
2026/04/29 15:46:15,381000,11.499
2026/04/29 15:46:15,382000,11.496
2026/04/29 15:46:15,383000,11.501
2026/04/29 15:46:15,384000,11.496
2026/04/29 15:46:15,385000,11.499
2026/04/29 15:46:15,386000,11.501
2026/04/29 15:46:15,387000,11.504
2026/04/29 15:46:15,388000,11.501
2026/04/29 15:46:15,389000,11.501
2026/04/29 15:46:15,390000,11.496
2026/04/29 15:46:15,391000,11.507
2026/04/29 15:46:15,392000,11.501
2026/04/29 15:46:15,393000,11.499
2026/04/29 15:46:15,394000,11.504
2026/04/29 15:46:15,395000,11.501
2026/04/29 15:46:15,396000,11.499
2026/04/29 15:46:15,397000,11.501
2026/04/29 15:46:15,398000,11.504
2026/04/29 15:46:15,399000,11.507
2026/04/29 15:46:15,400000,11.504
2026/04/29 15:46:15,401000,11.504
2026/04/29 15:46:15,402000,11.501
2026/04/29 15:46:15,403000,11.493
2026/04/29 15:46:15,404000,11.504
2026/04/29 15:46:15,405000,11.501
2026/04/29 15:46:15,406000,11.499
2026/04/29 15:46:15,407000,11.496
2026/04/29 15:46:15,408000,11.504
2026/04/29 15:46:15,409000,11.501
2026/04/29 15:46:15,410000,11.504
2026/04/29 15:46:15,411000,11.493
2026/04/29 15:46:15,412000,11.501
2026/04/29 15:46:15,413000,11.504
2026/04/29 15:46:15,414000,11.501
2026/04/29 15:46:15,415000,11.501
2026/04/29 15:46:15,416000,11.496
2026/04/29 15:46:15,417000,11.504
2026/04/29 15:46:15,418000,11.504
2026/04/29 15:46:15,419000,11.499
2026/04/29 15:46:15,420000,11.501
2026/04/29 15:46:15,421000,11.496
2026/04/29 15:46:15,422000,11.504
2026/04/29 15:46:15,423000,11.504
2026/04/29 15:46:15,424000,11.496
2026/04/29 15:46:15,425000,11.504
2026/04/29 15:46:15,426000,11.501
2026/04/29 15:46:15,427000,11.501
2026/04/29 15:46:15,428000,11.499
2026/04/29 15:46:15,429000,11.501
2026/04/29 15:46:15,430000,11.496
2026/04/29 15:46:15,431000,11.496
2026/04/29 15:46:15,432000,11.496
2026/04/29 15:46:15,433000,11.499
2026/04/29 15:46:15,434000,11.504
2026/04/29 15:46:15,435000,11.501
2026/04/29 15:46:15,436000,11.496
2026/04/29 15:46:15,437000,11.507
2026/04/29 15:46:15,438000,11.507
2026/04/29 15:46:15,439000,11.504
2026/04/29 15:46:15,440000,11.504
2026/04/29 15:46:15,441000,11.504
2026/04/29 15:46:15,442000,11.499
2026/04/29 15:46:15,443000,11.496
2026/04/29 15:46:15,444000,11.504
2026/04/29 15:46:15,445000,11.493
2026/04/29 15:46:15,446000,11.501
2026/04/29 15:46:15,447000,11.499
2026/04/29 15:46:15,448000,11.499
2026/04/29 15:46:15,449000,11.499
2026/04/29 15:46:15,450000,11.504
2026/04/29 15:46:15,451000,11.501
2026/04/29 15:46:15,452000,11.493
2026/04/29 15:46:15,453000,11.501
2026/04/29 15:46:15,454000,11.501
2026/04/29 15:46:15,455000,11.499
2026/04/29 15:46:15,456000,11.507
2026/04/29 15:46:15,457000,11.496
2026/04/29 15:46:15,458000,11.493
2026/04/29 15:46:15,459000,11.496
2026/04/29 15:46:15,460000,11.496
2026/04/29 15:46:15,461000,11.496
2026/04/29 15:46:15,462000,11.496
2026/04/29 15:46:15,463000,11.499
2026/04/29 15:46:15,464000,11.501
2026/04/29 15:46:15,465000,11.496
2026/04/29 15:46:15,466000,11.507
2026/04/29 15:46:15,467000,11.501
2026/04/29 15:46:15,468000,11.499
2026/04/29 15:46:15,469000,11.493
2026/04/29 15:46:15,470000,11.496
2026/04/29 15:46:15,471000,11.501
2026/04/29 15:46:15,472000,11.496
2026/04/29 15:46:15,473000,11.493
2026/04/29 15:46:15,474000,11.496
2026/04/29 15:46:15,475000,11.501
2026/04/29 15:46:15,476000,11.504
2026/04/29 15:46:15,477000,11.504
2026/04/29 15:46:15,478000,11.501
2026/04/29 15:46:15,479000,11.504
2026/04/29 15:46:15,480000,11.493
2026/04/29 15:46:15,481000,11.499
2026/04/29 15:46:15,482000,11.504
2026/04/29 15:46:15,483000,11.501
2026/04/29 15:46:15,484000,11.504
2026/04/29 15:46:15,485000,11.504
2026/04/29 15:46:15,486000,11.510
2026/04/29 15:46:15,487000,11.504
2026/04/29 15:46:15,488000,11.501
2026/04/29 15:46:15,489000,11.504
2026/04/29 15:46:15,490000,11.501
2026/04/29 15:46:15,491000,11.501
2026/04/29 15:46:15,492000,11.499
2026/04/29 15:46:15,493000,11.501
2026/04/29 15:46:15,494000,11.499
2026/04/29 15:46:15,495000,11.496
2026/04/29 15:46:15,496000,11.507
2026/04/29 15:46:15,497000,11.501
2026/04/29 15:46:15,498000,11.504
2026/04/29 15:46:15,499000,11.496
2026/04/29 15:46:15,500000,11.496
2026/04/29 15:46:15,501000,11.501
2026/04/29 15:46:15,502000,11.493
2026/04/29 15:46:15,503000,11.504
2026/04/29 15:46:15,504000,11.499
2026/04/29 15:46:15,505000,11.504
2026/04/29 15:46:15,506000,11.501
2026/04/29 15:46:15,507000,11.499
2026/04/29 15:46:15,508000,11.499
2026/04/29 15:46:15,509000,11.499
2026/04/29 15:46:15,510000,11.504
2026/04/29 15:46:15,511000,11.496
2026/04/29 15:46:15,512000,11.499
2026/04/29 15:46:15,513000,11.499
2026/04/29 15:46:15,514000,11.501
2026/04/29 15:46:15,515000,11.490
2026/04/29 15:46:15,516000,11.490
2026/04/29 15:46:15,517000,11.496
2026/04/29 15:46:15,518000,11.501
2026/04/29 15:46:15,519000,11.499
2026/04/29 15:46:15,520000,11.499
2026/04/29 15:46:15,521000,11.499
2026/04/29 15:46:15,522000,11.504
2026/04/29 15:46:15,523000,11.501
2026/04/29 15:46:15,524000,11.504
2026/04/29 15:46:15,525000,11.499
2026/04/29 15:46:15,526000,11.499
2026/04/29 15:46:15,527000,11.493
2026/04/29 15:46:15,528000,11.496
2026/04/29 15:46:15,529000,11.496
2026/04/29 15:46:15,530000,11.496
2026/04/29 15:46:15,531000,11.501
2026/04/29 15:46:15,532000,11.504
2026/04/29 15:46:15,533000,11.496
2026/04/29 15:46:15,534000,11.499
2026/04/29 15:46:15,535000,11.496
2026/04/29 15:46:15,536000,11.496
2026/04/29 15:46:15,537000,11.504
2026/04/29 15:46:15,538000,11.501
2026/04/29 15:46:15,539000,11.501
2026/04/29 15:46:15,540000,11.499
2026/04/29 15:46:15,541000,11.496
2026/04/29 15:46:15,542000,11.493
2026/04/29 15:46:15,543000,11.504
2026/04/29 15:46:15,544000,11.501
2026/04/29 15:46:15,545000,11.504
2026/04/29 15:46:15,546000,11.501
2026/04/29 15:46:15,547000,11.499
2026/04/29 15:46:15,548000,11.496
2026/04/29 15:46:15,549000,11.499
2026/04/29 15:46:15,550000,11.496
2026/04/29 15:46:15,551000,11.504
2026/04/29 15:46:15,552000,11.501
2026/04/29 15:46:15,553000,11.501
2026/04/29 15:46:15,554000,11.496
2026/04/29 15:46:15,555000,11.501
2026/04/29 15:46:15,556000,11.504
2026/04/29 15:46:15,557000,11.501
2026/04/29 15:46:15,558000,11.501
2026/04/29 15:46:15,559000,11.499
2026/04/29 15:46:15,560000,11.501
2026/04/29 15:46:15,561000,11.501
2026/04/29 15:46:15,562000,11.499
2026/04/29 15:46:15,563000,11.504
2026/04/29 15:46:15,564000,11.499
2026/04/29 15:46:15,565000,11.499
2026/04/29 15:46:15,566000,11.501
2026/04/29 15:46:15,567000,11.501
2026/04/29 15:46:15,568000,11.501
2026/04/29 15:46:15,569000,11.499
2026/04/29 15:46:15,570000,11.499
2026/04/29 15:46:15,571000,11.504
2026/04/29 15:46:15,572000,11.496
2026/04/29 15:46:15,573000,11.496
2026/04/29 15:46:15,574000,11.496
2026/04/29 15:46:15,575000,11.504
2026/04/29 15:46:15,576000,11.496
2026/04/29 15:46:15,577000,11.499
2026/04/29 15:46:15,578000,11.496
2026/04/29 15:46:15,579000,11.499
2026/04/29 15:46:15,580000,11.499
2026/04/29 15:46:15,581000,11.493
2026/04/29 15:46:15,582000,11.499
2026/04/29 15:46:15,583000,11.501
2026/04/29 15:46:15,584000,11.496
2026/04/29 15:46:15,585000,11.499
2026/04/29 15:46:15,586000,11.496
2026/04/29 15:46:15,587000,11.499
2026/04/29 15:46:15,588000,11.501
2026/04/29 15:46:15,589000,11.501
2026/04/29 15:46:15,590000,11.496
2026/04/29 15:46:15,591000,11.504
2026/04/29 15:46:15,592000,11.504
2026/04/29 15:46:15,593000,11.501
2026/04/29 15:46:15,594000,11.504
2026/04/29 15:46:15,595000,11.504
2026/04/29 15:46:15,596000,11.504
2026/04/29 15:46:15,597000,11.501
2026/04/29 15:46:15,598000,11.496
2026/04/29 15:46:15,599000,11.507
2026/04/29 15:46:15,600000,11.499
2026/04/29 15:46:15,601000,11.499
2026/04/29 15:46:15,602000,11.496
2026/04/29 15:46:15,603000,11.496
2026/04/29 15:46:15,604000,11.499
2026/04/29 15:46:15,605000,11.501
2026/04/29 15:46:15,606000,11.501
2026/04/29 15:46:15,607000,11.499
2026/04/29 15:46:15,608000,11.501
2026/04/29 15:46:15,609000,11.499
2026/04/29 15:46:15,610000,11.501
2026/04/29 15:46:15,611000,11.504
2026/04/29 15:46:15,612000,11.501
2026/04/29 15:46:15,613000,11.501
2026/04/29 15:46:15,614000,11.501
2026/04/29 15:46:15,615000,11.499
2026/04/29 15:46:15,616000,11.501
2026/04/29 15:46:15,617000,11.496
2026/04/29 15:46:15,618000,11.504
2026/04/29 15:46:15,619000,11.504
2026/04/29 15:46:15,620000,11.496
2026/04/29 15:46:15,621000,11.496
2026/04/29 15:46:15,622000,11.499
2026/04/29 15:46:15,623000,11.496
2026/04/29 15:46:15,624000,11.499
2026/04/29 15:46:15,625000,11.504
2026/04/29 15:46:15,626000,11.499
2026/04/29 15:46:15,627000,11.504
2026/04/29 15:46:15,628000,11.499
2026/04/29 15:46:15,629000,11.496
2026/04/29 15:46:15,630000,11.499
2026/04/29 15:46:15,631000,11.499
2026/04/29 15:46:15,632000,11.499
2026/04/29 15:46:15,633000,11.501
2026/04/29 15:46:15,634000,11.499
2026/04/29 15:46:15,635000,11.496
2026/04/29 15:46:15,636000,11.501
2026/04/29 15:46:15,637000,11.499
2026/04/29 15:46:15,638000,11.501
2026/04/29 15:46:15,639000,11.501
2026/04/29 15:46:15,640000,11.504
2026/04/29 15:46:15,641000,11.501
2026/04/29 15:46:15,642000,11.501
2026/04/29 15:46:15,643000,11.496
2026/04/29 15:46:15,644000,11.499
2026/04/29 15:46:15,645000,11.504
2026/04/29 15:46:15,646000,11.499
2026/04/29 15:46:15,647000,11.501
2026/04/29 15:46:15,648000,11.499
2026/04/29 15:46:15,649000,11.496
2026/04/29 15:46:15,650000,11.499
2026/04/29 15:46:15,651000,11.496
2026/04/29 15:46:15,652000,11.504
2026/04/29 15:46:15,653000,11.499
2026/04/29 15:46:15,654000,11.496
2026/04/29 15:46:15,655000,11.499
2026/04/29 15:46:15,656000,11.501
2026/04/29 15:46:15,657000,11.490
2026/04/29 15:46:15,658000,11.501
2026/04/29 15:46:15,659000,11.504
2026/04/29 15:46:15,660000,11.499
2026/04/29 15:46:15,661000,11.501
2026/04/29 15:46:15,662000,11.501
2026/04/29 15:46:15,663000,11.496
2026/04/29 15:46:15,664000,11.504
2026/04/29 15:46:15,665000,11.504
2026/04/29 15:46:15,666000,11.499
2026/04/29 15:46:15,667000,11.504
2026/04/29 15:46:15,668000,11.499
2026/04/29 15:46:15,669000,11.504
2026/04/29 15:46:15,670000,11.496
2026/04/29 15:46:15,671000,11.507
2026/04/29 15:46:15,672000,11.496
2026/04/29 15:46:15,673000,11.496
2026/04/29 15:46:15,674000,11.501
2026/04/29 15:46:15,675000,11.501
2026/04/29 15:46:15,676000,11.493
2026/04/29 15:46:15,677000,11.501
2026/04/29 15:46:15,678000,11.496
2026/04/29 15:46:15,679000,11.499
2026/04/29 15:46:15,680000,11.493
2026/04/29 15:46:15,681000,11.499
2026/04/29 15:46:15,682000,11.490
2026/04/29 15:46:15,683000,11.493
2026/04/29 15:46:15,684000,11.499
2026/04/29 15:46:15,685000,11.501
2026/04/29 15:46:15,686000,11.507
2026/04/29 15:46:15,687000,11.501
2026/04/29 15:46:15,688000,11.499
2026/04/29 15:46:15,689000,11.501
2026/04/29 15:46:15,690000,11.501
2026/04/29 15:46:15,691000,11.504
2026/04/29 15:46:15,692000,11.501
2026/04/29 15:46:15,693000,11.504
2026/04/29 15:46:15,694000,11.496
2026/04/29 15:46:15,695000,11.501
2026/04/29 15:46:15,696000,11.496
2026/04/29 15:46:15,697000,11.499
2026/04/29 15:46:15,698000,11.496
2026/04/29 15:46:15,699000,11.504
2026/04/29 15:46:15,700000,11.501
2026/04/29 15:46:15,701000,11.499
2026/04/29 15:46:15,702000,11.496
2026/04/29 15:46:15,703000,11.499
2026/04/29 15:46:15,704000,11.501
2026/04/29 15:46:15,705000,11.493
2026/04/29 15:46:15,706000,11.501
2026/04/29 15:46:15,707000,11.496
2026/04/29 15:46:15,708000,11.493
2026/04/29 15:46:15,709000,11.496
2026/04/29 15:46:15,710000,11.490
2026/04/29 15:46:15,711000,11.504
2026/04/29 15:46:15,712000,11.504
2026/04/29 15:46:15,713000,11.496
2026/04/29 15:46:15,714000,11.496
2026/04/29 15:46:15,715000,11.501
2026/04/29 15:46:15,716000,11.501
2026/04/29 15:46:15,717000,11.501
2026/04/29 15:46:15,718000,11.501
2026/04/29 15:46:15,719000,11.504
2026/04/29 15:46:15,720000,11.493
2026/04/29 15:46:15,721000,11.504
2026/04/29 15:46:15,722000,11.501
2026/04/29 15:46:15,723000,11.499
2026/04/29 15:46:15,724000,11.501
2026/04/29 15:46:15,725000,11.499
2026/04/29 15:46:15,726000,11.499
2026/04/29 15:46:15,727000,11.504
2026/04/29 15:46:15,728000,11.501
2026/04/29 15:46:15,729000,11.496
2026/04/29 15:46:15,730000,11.496
2026/04/29 15:46:15,731000,11.499
2026/04/29 15:46:15,732000,11.499
2026/04/29 15:46:15,733000,11.504
2026/04/29 15:46:15,734000,11.499
2026/04/29 15:46:15,735000,11.501
2026/04/29 15:46:15,736000,11.499
2026/04/29 15:46:15,737000,11.501
2026/04/29 15:46:15,738000,11.501
2026/04/29 15:46:15,739000,11.499
2026/04/29 15:46:15,740000,11.501
2026/04/29 15:46:15,741000,11.499
2026/04/29 15:46:15,742000,11.496
2026/04/29 15:46:15,743000,11.504
2026/04/29 15:46:15,744000,11.501
2026/04/29 15:46:15,745000,11.499
2026/04/29 15:46:15,746000,11.501
2026/04/29 15:46:15,747000,11.496
2026/04/29 15:46:15,748000,11.490
2026/04/29 15:46:15,749000,11.496
2026/04/29 15:46:15,750000,11.501
2026/04/29 15:46:15,751000,11.499
2026/04/29 15:46:15,752000,11.501
2026/04/29 15:46:15,753000,11.499
2026/04/29 15:46:15,754000,11.501
2026/04/29 15:46:15,755000,11.499
2026/04/29 15:46:15,756000,11.501
2026/04/29 15:46:15,757000,11.496
2026/04/29 15:46:15,758000,11.496
2026/04/29 15:46:15,759000,11.499
2026/04/29 15:46:15,760000,11.499
2026/04/29 15:46:15,761000,11.501
2026/04/29 15:46:15,762000,11.504
2026/04/29 15:46:15,763000,11.504
2026/04/29 15:46:15,764000,11.499
2026/04/29 15:46:15,765000,11.504
2026/04/29 15:46:15,766000,11.501
2026/04/29 15:46:15,767000,11.499
2026/04/29 15:46:15,768000,11.496
2026/04/29 15:46:15,769000,11.499
2026/04/29 15:46:15,770000,11.496
2026/04/29 15:46:15,771000,11.504
2026/04/29 15:46:15,772000,11.493
2026/04/29 15:46:15,773000,11.504
2026/04/29 15:46:15,774000,11.499
2026/04/29 15:46:15,775000,11.504
2026/04/29 15:46:15,776000,11.501
2026/04/29 15:46:15,777000,11.501
2026/04/29 15:46:15,778000,11.504
2026/04/29 15:46:15,779000,11.499
2026/04/29 15:46:15,780000,11.496
2026/04/29 15:46:15,781000,11.499
2026/04/29 15:46:15,782000,11.499
2026/04/29 15:46:15,783000,11.501
2026/04/29 15:46:15,784000,11.499
2026/04/29 15:46:15,785000,11.501
2026/04/29 15:46:15,786000,11.499
2026/04/29 15:46:15,787000,11.499
2026/04/29 15:46:15,788000,11.501
2026/04/29 15:46:15,789000,11.499
2026/04/29 15:46:15,790000,11.501
2026/04/29 15:46:15,791000,11.501
2026/04/29 15:46:15,792000,11.499
2026/04/29 15:46:15,793000,11.493
2026/04/29 15:46:15,794000,11.501
2026/04/29 15:46:15,795000,11.524
2026/04/29 15:46:15,796000,11.501
2026/04/29 15:46:15,797000,11.504
2026/04/29 15:46:15,798000,11.501
2026/04/29 15:46:15,799000,11.507
2026/04/29 15:46:15,800000,11.501
2026/04/29 15:46:15,801000,11.496
2026/04/29 15:46:15,802000,11.501
2026/04/29 15:46:15,803000,11.501
2026/04/29 15:46:15,804000,11.504
2026/04/29 15:46:15,805000,11.499
2026/04/29 15:46:15,806000,11.499
2026/04/29 15:46:15,807000,11.501
2026/04/29 15:46:15,808000,11.504
2026/04/29 15:46:15,809000,11.496
2026/04/29 15:46:15,810000,11.501
2026/04/29 15:46:15,811000,11.499
2026/04/29 15:46:15,812000,11.499
2026/04/29 15:46:15,813000,11.501
2026/04/29 15:46:15,814000,11.501
2026/04/29 15:46:15,815000,11.507
2026/04/29 15:46:15,816000,11.501
2026/04/29 15:46:15,817000,11.504
2026/04/29 15:46:15,818000,11.496
2026/04/29 15:46:15,819000,11.501
2026/04/29 15:46:15,820000,11.501
2026/04/29 15:46:15,821000,11.499
2026/04/29 15:46:15,822000,11.496
2026/04/29 15:46:15,823000,11.501
2026/04/29 15:46:15,824000,11.499
2026/04/29 15:46:15,825000,11.501
2026/04/29 15:46:15,826000,11.493
2026/04/29 15:46:15,827000,11.504
2026/04/29 15:46:15,828000,11.499
2026/04/29 15:46:15,829000,11.493
2026/04/29 15:46:15,830000,11.501
2026/04/29 15:46:15,831000,11.493
2026/04/29 15:46:15,832000,11.496
2026/04/29 15:46:15,833000,11.499
2026/04/29 15:46:15,834000,11.504
2026/04/29 15:46:15,835000,11.499
2026/04/29 15:46:15,836000,11.504
2026/04/29 15:46:15,837000,11.501
2026/04/29 15:46:15,838000,11.499
2026/04/29 15:46:15,839000,11.501
2026/04/29 15:46:15,840000,11.501
2026/04/29 15:46:15,841000,11.493
2026/04/29 15:46:15,842000,11.496
2026/04/29 15:46:15,843000,11.496
2026/04/29 15:46:15,844000,11.499
2026/04/29 15:46:15,845000,11.499
2026/04/29 15:46:15,846000,11.501
2026/04/29 15:46:15,847000,11.499
2026/04/29 15:46:15,848000,11.504
2026/04/29 15:46:15,849000,11.501
2026/04/29 15:46:15,850000,11.501
2026/04/29 15:46:15,851000,11.499
2026/04/29 15:46:15,852000,11.493
2026/04/29 15:46:15,853000,11.501
2026/04/29 15:46:15,854000,11.499
2026/04/29 15:46:15,855000,11.504
2026/04/29 15:46:15,856000,11.499
2026/04/29 15:46:15,857000,11.499
2026/04/29 15:46:15,858000,11.499
2026/04/29 15:46:15,859000,11.496
2026/04/29 15:46:15,860000,11.499
2026/04/29 15:46:15,861000,11.499
2026/04/29 15:46:15,862000,11.499
2026/04/29 15:46:15,863000,11.501
2026/04/29 15:46:15,864000,11.504
2026/04/29 15:46:15,865000,11.499
2026/04/29 15:46:15,866000,11.496
2026/04/29 15:46:15,867000,11.501
2026/04/29 15:46:15,868000,11.496
2026/04/29 15:46:15,869000,11.501
2026/04/29 15:46:15,870000,11.499
2026/04/29 15:46:15,871000,11.501
2026/04/29 15:46:15,872000,11.496
2026/04/29 15:46:15,873000,11.504
2026/04/29 15:46:15,874000,11.496
2026/04/29 15:46:15,875000,11.501
2026/04/29 15:46:15,876000,11.499
2026/04/29 15:46:15,877000,11.501
2026/04/29 15:46:15,878000,11.499
2026/04/29 15:46:15,879000,11.504
2026/04/29 15:46:15,880000,11.499
2026/04/29 15:46:15,881000,11.501
2026/04/29 15:46:15,882000,11.504
2026/04/29 15:46:15,883000,11.496
2026/04/29 15:46:15,884000,11.499
2026/04/29 15:46:15,885000,11.501
2026/04/29 15:46:15,886000,11.501
2026/04/29 15:46:15,887000,11.504
2026/04/29 15:46:15,888000,11.499
2026/04/29 15:46:15,889000,11.496
2026/04/29 15:46:15,890000,11.501
2026/04/29 15:46:15,891000,11.499
2026/04/29 15:46:15,892000,11.499
2026/04/29 15:46:15,893000,11.499
2026/04/29 15:46:15,894000,11.499
2026/04/29 15:46:15,895000,11.501
2026/04/29 15:46:15,896000,11.501
2026/04/29 15:46:15,897000,11.501
2026/04/29 15:46:15,898000,11.499
2026/04/29 15:46:15,899000,11.504
2026/04/29 15:46:15,900000,11.504
2026/04/29 15:46:15,901000,11.501
2026/04/29 15:46:15,902000,11.504
2026/04/29 15:46:15,903000,11.499
2026/04/29 15:46:15,904000,11.501
2026/04/29 15:46:15,905000,11.504
2026/04/29 15:46:15,906000,11.501
2026/04/29 15:46:15,907000,11.496
2026/04/29 15:46:15,908000,11.499
2026/04/29 15:46:15,909000,11.504
2026/04/29 15:46:15,910000,11.501
2026/04/29 15:46:15,911000,11.499
2026/04/29 15:46:15,912000,11.499
2026/04/29 15:46:15,913000,11.501
2026/04/29 15:46:15,914000,11.501
2026/04/29 15:46:15,915000,11.501
2026/04/29 15:46:15,916000,11.501
2026/04/29 15:46:15,917000,11.504
2026/04/29 15:46:15,918000,11.504
2026/04/29 15:46:15,919000,11.499
2026/04/29 15:46:15,920000,11.501
2026/04/29 15:46:15,921000,11.504
2026/04/29 15:46:15,922000,11.499
2026/04/29 15:46:15,923000,11.501
2026/04/29 15:46:15,924000,11.499
2026/04/29 15:46:15,925000,11.496
2026/04/29 15:46:15,926000,11.504
2026/04/29 15:46:15,927000,11.493
2026/04/29 15:46:15,928000,11.499
2026/04/29 15:46:15,929000,11.504
2026/04/29 15:46:15,930000,11.499
2026/04/29 15:46:15,931000,11.504
2026/04/29 15:46:15,932000,11.501
2026/04/29 15:46:15,933000,11.501
2026/04/29 15:46:15,934000,11.501
2026/04/29 15:46:15,935000,11.499
2026/04/29 15:46:15,936000,11.499
2026/04/29 15:46:15,937000,11.499
2026/04/29 15:46:15,938000,11.504
2026/04/29 15:46:15,939000,11.499
2026/04/29 15:46:15,940000,11.499
2026/04/29 15:46:15,941000,11.501
2026/04/29 15:46:15,942000,11.493
2026/04/29 15:46:15,943000,11.493
2026/04/29 15:46:15,944000,11.507
2026/04/29 15:46:15,945000,11.499
2026/04/29 15:46:15,946000,11.496
2026/04/29 15:46:15,947000,11.496
2026/04/29 15:46:15,948000,11.501
2026/04/29 15:46:15,949000,11.499
2026/04/29 15:46:15,950000,11.496
2026/04/29 15:46:15,951000,11.499
2026/04/29 15:46:15,952000,11.496
2026/04/29 15:46:15,953000,11.499
2026/04/29 15:46:15,954000,11.501
2026/04/29 15:46:15,955000,11.501
2026/04/29 15:46:15,956000,11.501
2026/04/29 15:46:15,957000,11.499
2026/04/29 15:46:15,958000,11.504
2026/04/29 15:46:15,959000,11.499
2026/04/29 15:46:15,960000,11.499
2026/04/29 15:46:15,961000,11.496
2026/04/29 15:46:15,962000,11.499
2026/04/29 15:46:15,963000,11.501
2026/04/29 15:46:15,964000,11.499
2026/04/29 15:46:15,965000,11.499
2026/04/29 15:46:15,966000,11.493
2026/04/29 15:46:15,967000,11.499
2026/04/29 15:46:15,968000,11.499
2026/04/29 15:46:15,969000,11.496
2026/04/29 15:46:15,970000,11.501
2026/04/29 15:46:15,971000,11.504
2026/04/29 15:46:15,972000,11.499
2026/04/29 15:46:15,973000,11.496
2026/04/29 15:46:15,974000,11.501
2026/04/29 15:46:15,975000,11.501
2026/04/29 15:46:15,976000,11.496
2026/04/29 15:46:15,977000,11.504
2026/04/29 15:46:15,978000,11.496
2026/04/29 15:46:15,979000,11.499
2026/04/29 15:46:15,980000,11.501
2026/04/29 15:46:15,981000,11.501
2026/04/29 15:46:15,982000,11.501
2026/04/29 15:46:15,983000,11.501
2026/04/29 15:46:15,984000,11.501
2026/04/29 15:46:15,985000,11.501
2026/04/29 15:46:15,986000,11.501
2026/04/29 15:46:15,987000,11.499
2026/04/29 15:46:15,988000,11.499
2026/04/29 15:46:15,989000,11.496
2026/04/29 15:46:15,990000,11.501
2026/04/29 15:46:15,991000,11.504
2026/04/29 15:46:15,992000,11.504
2026/04/29 15:46:15,993000,11.496
2026/04/29 15:46:15,994000,11.501
2026/04/29 15:46:15,995000,11.496
2026/04/29 15:46:15,996000,11.499
2026/04/29 15:46:15,997000,11.501
2026/04/29 15:46:15,998000,11.504
2026/04/29 15:46:15,999000,11.499
2026/04/29 15:46:16,000000,11.504
2026/04/29 15:46:16,001000,11.499
2026/04/29 15:46:16,002000,11.496
2026/04/29 15:46:16,003000,11.501
2026/04/29 15:46:16,004000,11.501
2026/04/29 15:46:16,005000,11.504
2026/04/29 15:46:16,006000,11.499
2026/04/29 15:46:16,007000,11.499
2026/04/29 15:46:16,008000,11.496
2026/04/29 15:46:16,009000,11.501
2026/04/29 15:46:16,010000,11.501
2026/04/29 15:46:16,011000,11.499
2026/04/29 15:46:16,012000,11.499
2026/04/29 15:46:16,013000,11.501
2026/04/29 15:46:16,014000,11.499
2026/04/29 15:46:16,015000,11.504
2026/04/29 15:46:16,016000,11.504
2026/04/29 15:46:16,017000,11.504
2026/04/29 15:46:16,018000,11.496
2026/04/29 15:46:16,019000,11.504
2026/04/29 15:46:16,020000,11.504
2026/04/29 15:46:16,021000,11.496
2026/04/29 15:46:16,022000,11.501
2026/04/29 15:46:16,023000,11.499
2026/04/29 15:46:16,024000,11.501
2026/04/29 15:46:16,025000,11.504
2026/04/29 15:46:16,026000,11.504
2026/04/29 15:46:16,027000,11.501
2026/04/29 15:46:16,028000,11.496
2026/04/29 15:46:16,029000,11.499
2026/04/29 15:46:16,030000,11.504
2026/04/29 15:46:16,031000,11.501
2026/04/29 15:46:16,032000,11.501
2026/04/29 15:46:16,033000,11.504
2026/04/29 15:46:16,034000,11.504
2026/04/29 15:46:16,035000,11.504
2026/04/29 15:46:16,036000,11.501
2026/04/29 15:46:16,037000,11.501
2026/04/29 15:46:16,038000,11.504
2026/04/29 15:46:16,039000,11.496
2026/04/29 15:46:16,040000,11.501
2026/04/29 15:46:16,041000,11.499
2026/04/29 15:46:16,042000,11.501
2026/04/29 15:46:16,043000,11.501
2026/04/29 15:46:16,044000,11.501
2026/04/29 15:46:16,045000,11.501
2026/04/29 15:46:16,046000,11.496
2026/04/29 15:46:16,047000,11.501
2026/04/29 15:46:16,048000,11.496
2026/04/29 15:46:16,049000,11.499
2026/04/29 15:46:16,050000,11.501
2026/04/29 15:46:16,051000,11.501
2026/04/29 15:46:16,052000,11.513
2026/04/29 15:46:16,053000,11.504
2026/04/29 15:46:16,054000,11.501
2026/04/29 15:46:16,055000,11.501
2026/04/29 15:46:16,056000,11.499
2026/04/29 15:46:16,057000,11.501
2026/04/29 15:46:16,058000,11.496
2026/04/29 15:46:16,059000,11.499
2026/04/29 15:46:16,060000,11.504
2026/04/29 15:46:16,061000,11.501
2026/04/29 15:46:16,062000,11.501
2026/04/29 15:46:16,063000,11.504
2026/04/29 15:46:16,064000,11.504
2026/04/29 15:46:16,065000,11.501
2026/04/29 15:46:16,066000,11.490
2026/04/29 15:46:16,067000,11.504
2026/04/29 15:46:16,068000,11.504
2026/04/29 15:46:16,069000,11.501
2026/04/29 15:46:16,070000,11.501
2026/04/29 15:46:16,071000,11.501
2026/04/29 15:46:16,072000,11.499
2026/04/29 15:46:16,073000,11.499
2026/04/29 15:46:16,074000,11.504
2026/04/29 15:46:16,075000,11.499
2026/04/29 15:46:16,076000,11.499
2026/04/29 15:46:16,077000,11.501
2026/04/29 15:46:16,078000,11.499
2026/04/29 15:46:16,079000,11.501
2026/04/29 15:46:16,080000,11.499
2026/04/29 15:46:16,081000,11.504
2026/04/29 15:46:16,082000,11.499
2026/04/29 15:46:16,083000,11.499
2026/04/29 15:46:16,084000,11.501
2026/04/29 15:46:16,085000,11.501
2026/04/29 15:46:16,086000,11.504
2026/04/29 15:46:16,087000,11.496
2026/04/29 15:46:16,088000,11.501
2026/04/29 15:46:16,089000,11.493
2026/04/29 15:46:16,090000,11.501
2026/04/29 15:46:16,091000,11.499
2026/04/29 15:46:16,092000,11.499
2026/04/29 15:46:16,093000,11.515
2026/04/29 15:46:16,094000,11.496
2026/04/29 15:46:16,095000,11.499
2026/04/29 15:46:16,096000,11.501
2026/04/29 15:46:16,097000,11.501
2026/04/29 15:46:16,098000,11.501
2026/04/29 15:46:16,099000,11.504
2026/04/29 15:46:16,100000,11.501
2026/04/29 15:46:16,101000,11.504
2026/04/29 15:46:16,102000,11.501
2026/04/29 15:46:16,103000,11.499
2026/04/29 15:46:16,104000,11.496
2026/04/29 15:46:16,105000,11.499
2026/04/29 15:46:16,106000,11.504
2026/04/29 15:46:16,107000,11.504
2026/04/29 15:46:16,108000,11.501
2026/04/29 15:46:16,109000,11.499
2026/04/29 15:46:16,110000,11.499
2026/04/29 15:46:16,111000,11.501
2026/04/29 15:46:16,112000,11.499
2026/04/29 15:46:16,113000,11.493
2026/04/29 15:46:16,114000,11.501
2026/04/29 15:46:16,115000,11.504
2026/04/29 15:46:16,116000,11.496
2026/04/29 15:46:16,117000,11.499
2026/04/29 15:46:16,118000,11.504
2026/04/29 15:46:16,119000,11.499
2026/04/29 15:46:16,120000,11.499
2026/04/29 15:46:16,121000,11.499
2026/04/29 15:46:16,122000,11.499
2026/04/29 15:46:16,123000,11.496
2026/04/29 15:46:16,124000,11.499
2026/04/29 15:46:16,125000,11.499
2026/04/29 15:46:16,126000,11.493
2026/04/29 15:46:16,127000,11.496
2026/04/29 15:46:16,128000,11.496
2026/04/29 15:46:16,129000,11.501
2026/04/29 15:46:16,130000,11.499
2026/04/29 15:46:16,131000,11.499
2026/04/29 15:46:16,132000,11.501
2026/04/29 15:46:16,133000,11.493
2026/04/29 15:46:16,134000,11.493
2026/04/29 15:46:16,135000,11.504
2026/04/29 15:46:16,136000,11.501
2026/04/29 15:46:16,137000,11.513
2026/04/29 15:46:16,138000,11.501
2026/04/29 15:46:16,139000,11.501
2026/04/29 15:46:16,140000,11.504
2026/04/29 15:46:16,141000,11.499
2026/04/29 15:46:16,142000,11.501
2026/04/29 15:46:16,143000,11.507
2026/04/29 15:46:16,144000,11.496
2026/04/29 15:46:16,145000,11.499
2026/04/29 15:46:16,146000,11.501
2026/04/29 15:46:16,147000,11.504
2026/04/29 15:46:16,148000,11.499
2026/04/29 15:46:16,149000,11.504
2026/04/29 15:46:16,150000,11.499
2026/04/29 15:46:16,151000,11.499
2026/04/29 15:46:16,152000,11.501
2026/04/29 15:46:16,153000,11.493
2026/04/29 15:46:16,154000,11.499
2026/04/29 15:46:16,155000,11.501
2026/04/29 15:46:16,156000,11.496
2026/04/29 15:46:16,157000,11.499
2026/04/29 15:46:16,158000,11.496
2026/04/29 15:46:16,159000,11.496
2026/04/29 15:46:16,160000,11.501
2026/04/29 15:46:16,161000,11.501
2026/04/29 15:46:16,162000,11.504
2026/04/29 15:46:16,163000,11.504
2026/04/29 15:46:16,164000,11.501
2026/04/29 15:46:16,165000,11.499
2026/04/29 15:46:16,166000,11.499
2026/04/29 15:46:16,167000,11.504
2026/04/29 15:46:16,168000,11.501
2026/04/29 15:46:16,169000,11.501
2026/04/29 15:46:16,170000,11.501
2026/04/29 15:46:16,171000,11.499
2026/04/29 15:46:16,172000,11.499
2026/04/29 15:46:16,173000,11.496
2026/04/29 15:46:16,174000,11.499
2026/04/29 15:46:16,175000,11.499
2026/04/29 15:46:16,176000,11.499
2026/04/29 15:46:16,177000,11.504
2026/04/29 15:46:16,178000,11.499
2026/04/29 15:46:16,179000,11.499
2026/04/29 15:46:16,180000,11.496
2026/04/29 15:46:16,181000,11.501
2026/04/29 15:46:16,182000,11.504
2026/04/29 15:46:16,183000,11.499
2026/04/29 15:46:16,184000,11.501
2026/04/29 15:46:16,185000,11.501
2026/04/29 15:46:16,186000,11.504
2026/04/29 15:46:16,187000,11.504
2026/04/29 15:46:16,188000,11.493
2026/04/29 15:46:16,189000,11.501
2026/04/29 15:46:16,190000,11.501
2026/04/29 15:46:16,191000,11.496
2026/04/29 15:46:16,192000,11.496
2026/04/29 15:46:16,193000,11.499
2026/04/29 15:46:16,194000,11.510
2026/04/29 15:46:16,195000,11.501
2026/04/29 15:46:16,196000,11.499
2026/04/29 15:46:16,197000,11.501
2026/04/29 15:46:16,198000,11.496
2026/04/29 15:46:16,199000,11.496
2026/04/29 15:46:16,200000,11.501
2026/04/29 15:46:16,201000,11.501
2026/04/29 15:46:16,202000,11.499
2026/04/29 15:46:16,203000,11.501
2026/04/29 15:46:16,204000,11.501
2026/04/29 15:46:16,205000,11.501
2026/04/29 15:46:16,206000,11.501
2026/04/29 15:46:16,207000,11.504
2026/04/29 15:46:16,208000,11.504
2026/04/29 15:46:16,209000,11.504
2026/04/29 15:46:16,210000,11.499
2026/04/29 15:46:16,211000,11.499
2026/04/29 15:46:16,212000,11.499
2026/04/29 15:46:16,213000,11.504
2026/04/29 15:46:16,214000,11.493
2026/04/29 15:46:16,215000,11.499
2026/04/29 15:46:16,216000,11.504
2026/04/29 15:46:16,217000,11.487
2026/04/29 15:46:16,218000,11.496
2026/04/29 15:46:16,219000,11.501
2026/04/29 15:46:16,220000,11.499
2026/04/29 15:46:16,221000,11.499
2026/04/29 15:46:16,222000,11.496
2026/04/29 15:46:16,223000,11.507
2026/04/29 15:46:16,224000,11.496
2026/04/29 15:46:16,225000,11.501
2026/04/29 15:46:16,226000,11.499
2026/04/29 15:46:16,227000,11.504
2026/04/29 15:46:16,228000,11.510
2026/04/29 15:46:16,229000,11.496
2026/04/29 15:46:16,230000,11.499
2026/04/29 15:46:16,231000,11.504
2026/04/29 15:46:16,232000,11.501
2026/04/29 15:46:16,233000,11.507
2026/04/29 15:46:16,234000,11.499
2026/04/29 15:46:16,235000,11.504
2026/04/29 15:46:16,236000,11.499
2026/04/29 15:46:16,237000,11.499
2026/04/29 15:46:16,238000,11.493
2026/04/29 15:46:16,239000,11.501
2026/04/29 15:46:16,240000,11.499
2026/04/29 15:46:16,241000,11.499
2026/04/29 15:46:16,242000,11.501
2026/04/29 15:46:16,243000,11.501
2026/04/29 15:46:16,244000,11.499
2026/04/29 15:46:16,245000,11.510
2026/04/29 15:46:16,246000,11.496
2026/04/29 15:46:16,247000,11.501
2026/04/29 15:46:16,248000,11.504
2026/04/29 15:46:16,249000,11.496
2026/04/29 15:46:16,250000,11.499
2026/04/29 15:46:16,251000,11.499
2026/04/29 15:46:16,252000,11.499
2026/04/29 15:46:16,253000,11.499
2026/04/29 15:46:16,254000,11.501
2026/04/29 15:46:16,255000,11.496
2026/04/29 15:46:16,256000,11.501
2026/04/29 15:46:16,257000,11.501
2026/04/29 15:46:16,258000,11.499
2026/04/29 15:46:16,259000,11.499
2026/04/29 15:46:16,260000,11.499
2026/04/29 15:46:16,261000,11.504
2026/04/29 15:46:16,262000,11.493
2026/04/29 15:46:16,263000,11.504
2026/04/29 15:46:16,264000,11.501
2026/04/29 15:46:16,265000,11.496
2026/04/29 15:46:16,266000,11.504
2026/04/29 15:46:16,267000,11.499
2026/04/29 15:46:16,268000,11.504
2026/04/29 15:46:16,269000,11.501
2026/04/29 15:46:16,270000,11.496
2026/04/29 15:46:16,271000,11.501
2026/04/29 15:46:16,272000,11.493
2026/04/29 15:46:16,273000,11.496
2026/04/29 15:46:16,274000,11.499
2026/04/29 15:46:16,275000,11.493
2026/04/29 15:46:16,276000,11.501
2026/04/29 15:46:16,277000,11.501
2026/04/29 15:46:16,278000,11.501
2026/04/29 15:46:16,279000,11.499
2026/04/29 15:46:16,280000,11.501
2026/04/29 15:46:16,281000,11.507
2026/04/29 15:46:16,282000,11.499
2026/04/29 15:46:16,283000,11.499
2026/04/29 15:46:16,284000,11.490
2026/04/29 15:46:16,285000,11.499
2026/04/29 15:46:16,286000,11.504
2026/04/29 15:46:16,287000,11.499
2026/04/29 15:46:16,288000,11.501
2026/04/29 15:46:16,289000,11.501
2026/04/29 15:46:16,290000,11.493
2026/04/29 15:46:16,291000,11.499
2026/04/29 15:46:16,292000,11.504
2026/04/29 15:46:16,293000,11.499
2026/04/29 15:46:16,294000,11.501
2026/04/29 15:46:16,295000,11.504
2026/04/29 15:46:16,296000,11.496
2026/04/29 15:46:16,297000,11.499
2026/04/29 15:46:16,298000,11.501
2026/04/29 15:46:16,299000,11.499
2026/04/29 15:46:16,300000,11.493
2026/04/29 15:46:16,301000,11.499
2026/04/29 15:46:16,302000,11.504
2026/04/29 15:46:16,303000,11.501
2026/04/29 15:46:16,304000,11.499
2026/04/29 15:46:16,305000,11.493
2026/04/29 15:46:16,306000,11.504
2026/04/29 15:46:16,307000,11.501
2026/04/29 15:46:16,308000,11.499
2026/04/29 15:46:16,309000,11.501
2026/04/29 15:46:16,310000,11.501
2026/04/29 15:46:16,311000,11.504
2026/04/29 15:46:16,312000,11.501
2026/04/29 15:46:16,313000,11.499
2026/04/29 15:46:16,314000,11.507
2026/04/29 15:46:16,315000,11.499
2026/04/29 15:46:16,316000,11.499
2026/04/29 15:46:16,317000,11.504
2026/04/29 15:46:16,318000,11.499
2026/04/29 15:46:16,319000,11.504
2026/04/29 15:46:16,320000,11.501
2026/04/29 15:46:16,321000,11.496
2026/04/29 15:46:16,322000,11.493
2026/04/29 15:46:16,323000,11.499
2026/04/29 15:46:16,324000,11.501
2026/04/29 15:46:16,325000,11.504
2026/04/29 15:46:16,326000,11.496
2026/04/29 15:46:16,327000,11.496
2026/04/29 15:46:16,328000,11.501
2026/04/29 15:46:16,329000,11.499
2026/04/29 15:46:16,330000,11.507
2026/04/29 15:46:16,331000,11.496
2026/04/29 15:46:16,332000,11.496
2026/04/29 15:46:16,333000,11.496
2026/04/29 15:46:16,334000,11.496
2026/04/29 15:46:16,335000,11.504
2026/04/29 15:46:16,336000,11.499
2026/04/29 15:46:16,337000,11.504
2026/04/29 15:46:16,338000,11.499
2026/04/29 15:46:16,339000,11.501
2026/04/29 15:46:16,340000,11.501
2026/04/29 15:46:16,341000,11.493
2026/04/29 15:46:16,342000,11.496
2026/04/29 15:46:16,343000,11.499
2026/04/29 15:46:16,344000,11.499
2026/04/29 15:46:16,345000,11.501
2026/04/29 15:46:16,346000,11.504
2026/04/29 15:46:16,347000,11.493
2026/04/29 15:46:16,348000,11.493
2026/04/29 15:46:16,349000,11.504
2026/04/29 15:46:16,350000,11.499
2026/04/29 15:46:16,351000,11.504
2026/04/29 15:46:16,352000,11.496
2026/04/29 15:46:16,353000,11.496
2026/04/29 15:46:16,354000,11.504
2026/04/29 15:46:16,355000,11.504
2026/04/29 15:46:16,356000,11.504
2026/04/29 15:46:16,357000,11.501
2026/04/29 15:46:16,358000,11.499
2026/04/29 15:46:16,359000,11.504
2026/04/29 15:46:16,360000,11.499
2026/04/29 15:46:16,361000,11.493
2026/04/29 15:46:16,362000,11.501
2026/04/29 15:46:16,363000,11.499
2026/04/29 15:46:16,364000,11.493
2026/04/29 15:46:16,365000,11.504
2026/04/29 15:46:16,366000,11.496
2026/04/29 15:46:16,367000,11.504
2026/04/29 15:46:16,368000,11.504
2026/04/29 15:46:16,369000,11.501
2026/04/29 15:46:16,370000,11.499
2026/04/29 15:46:16,371000,11.504
2026/04/29 15:46:16,372000,11.501
2026/04/29 15:46:16,373000,11.493
2026/04/29 15:46:16,374000,11.501
2026/04/29 15:46:16,375000,11.496
2026/04/29 15:46:16,376000,11.499
2026/04/29 15:46:16,377000,11.499
2026/04/29 15:46:16,378000,11.499
2026/04/29 15:46:16,379000,11.496
2026/04/29 15:46:16,380000,11.499
2026/04/29 15:46:16,381000,11.493
2026/04/29 15:46:16,382000,11.510
2026/04/29 15:46:16,383000,11.496
2026/04/29 15:46:16,384000,11.501
2026/04/29 15:46:16,385000,11.501
2026/04/29 15:46:16,386000,11.504
2026/04/29 15:46:16,387000,11.501
2026/04/29 15:46:16,388000,11.499
2026/04/29 15:46:16,389000,11.499
2026/04/29 15:46:16,390000,11.501
2026/04/29 15:46:16,391000,11.501
2026/04/29 15:46:16,392000,11.499
2026/04/29 15:46:16,393000,11.499
2026/04/29 15:46:16,394000,11.501
2026/04/29 15:46:16,395000,11.496
2026/04/29 15:46:16,396000,11.493
2026/04/29 15:46:16,397000,11.501
2026/04/29 15:46:16,398000,11.499
2026/04/29 15:46:16,399000,11.493
2026/04/29 15:46:16,400000,11.496
2026/04/29 15:46:16,401000,11.499
2026/04/29 15:46:16,402000,11.501
2026/04/29 15:46:16,403000,11.501
2026/04/29 15:46:16,404000,11.501
2026/04/29 15:46:16,405000,11.499
2026/04/29 15:46:16,406000,11.501
2026/04/29 15:46:16,407000,11.499
2026/04/29 15:46:16,408000,11.504
2026/04/29 15:46:16,409000,11.501
2026/04/29 15:46:16,410000,11.501
2026/04/29 15:46:16,411000,11.499
2026/04/29 15:46:16,412000,11.499
2026/04/29 15:46:16,413000,11.501
2026/04/29 15:46:16,414000,11.501
2026/04/29 15:46:16,415000,11.496
2026/04/29 15:46:16,416000,11.504
2026/04/29 15:46:16,417000,11.501
2026/04/29 15:46:16,418000,11.501
2026/04/29 15:46:16,419000,11.499
2026/04/29 15:46:16,420000,11.499
2026/04/29 15:46:16,421000,11.501
2026/04/29 15:46:16,422000,11.499
2026/04/29 15:46:16,423000,11.501
2026/04/29 15:46:16,424000,11.499
2026/04/29 15:46:16,425000,11.499
2026/04/29 15:46:16,426000,11.499
2026/04/29 15:46:16,427000,11.499
2026/04/29 15:46:16,428000,11.499
2026/04/29 15:46:16,429000,11.504
2026/04/29 15:46:16,430000,11.496
2026/04/29 15:46:16,431000,11.499
2026/04/29 15:46:16,432000,11.499
2026/04/29 15:46:16,433000,11.504
2026/04/29 15:46:16,434000,11.501
2026/04/29 15:46:16,435000,11.501
2026/04/29 15:46:16,436000,11.501
2026/04/29 15:46:16,437000,11.501
2026/04/29 15:46:16,438000,11.501
2026/04/29 15:46:16,439000,11.496
2026/04/29 15:46:16,440000,11.493
2026/04/29 15:46:16,441000,11.493
2026/04/29 15:46:16,442000,11.499
2026/04/29 15:46:16,443000,11.501
2026/04/29 15:46:16,444000,11.496
2026/04/29 15:46:16,445000,11.499
2026/04/29 15:46:16,446000,11.499
2026/04/29 15:46:16,447000,11.499
2026/04/29 15:46:16,448000,11.499
2026/04/29 15:46:16,449000,11.501
2026/04/29 15:46:16,450000,11.499
2026/04/29 15:46:16,451000,11.504
2026/04/29 15:46:16,452000,11.504
2026/04/29 15:46:16,453000,11.496
2026/04/29 15:46:16,454000,11.504
2026/04/29 15:46:16,455000,11.501
2026/04/29 15:46:16,456000,11.499
2026/04/29 15:46:16,457000,11.501
2026/04/29 15:46:16,458000,11.501
2026/04/29 15:46:16,459000,11.504
2026/04/29 15:46:16,460000,11.501
2026/04/29 15:46:16,461000,11.499
2026/04/29 15:46:16,462000,11.501
2026/04/29 15:46:16,463000,11.501
2026/04/29 15:46:16,464000,11.501
2026/04/29 15:46:16,465000,11.499
2026/04/29 15:46:16,466000,11.496
2026/04/29 15:46:16,467000,11.496
2026/04/29 15:46:16,468000,11.496
2026/04/29 15:46:16,469000,11.501
2026/04/29 15:46:16,470000,11.493
2026/04/29 15:46:16,471000,11.493
2026/04/29 15:46:16,472000,11.501
2026/04/29 15:46:16,473000,11.507
2026/04/29 15:46:16,474000,11.499
2026/04/29 15:46:16,475000,11.501
2026/04/29 15:46:16,476000,11.496
2026/04/29 15:46:16,477000,11.504
2026/04/29 15:46:16,478000,11.496
2026/04/29 15:46:16,479000,11.499
2026/04/29 15:46:16,480000,11.504
2026/04/29 15:46:16,481000,11.493
2026/04/29 15:46:16,482000,11.493
2026/04/29 15:46:16,483000,11.496
2026/04/29 15:46:16,484000,11.504
2026/04/29 15:46:16,485000,11.499
2026/04/29 15:46:16,486000,11.507
2026/04/29 15:46:16,487000,11.499
2026/04/29 15:46:16,488000,11.504
2026/04/29 15:46:16,489000,11.501
2026/04/29 15:46:16,490000,11.504
2026/04/29 15:46:16,491000,11.499
2026/04/29 15:46:16,492000,11.501
2026/04/29 15:46:16,493000,11.501
2026/04/29 15:46:16,494000,11.499
2026/04/29 15:46:16,495000,11.499
2026/04/29 15:46:16,496000,11.493
2026/04/29 15:46:16,497000,11.490
2026/04/29 15:46:16,498000,11.504
2026/04/29 15:46:16,499000,11.504
2026/04/29 15:46:16,500000,11.501
2026/04/29 15:46:16,501000,11.496
2026/04/29 15:46:16,502000,11.501
2026/04/29 15:46:16,503000,11.501
2026/04/29 15:46:16,504000,11.496
2026/04/29 15:46:16,505000,11.504
2026/04/29 15:46:16,506000,11.496
2026/04/29 15:46:16,507000,11.499
2026/04/29 15:46:16,508000,11.501
2026/04/29 15:46:16,509000,11.499
2026/04/29 15:46:16,510000,11.504
2026/04/29 15:46:16,511000,11.499
2026/04/29 15:46:16,512000,11.496
2026/04/29 15:46:16,513000,11.504
2026/04/29 15:46:16,514000,11.504
2026/04/29 15:46:16,515000,11.499
2026/04/29 15:46:16,516000,11.501
2026/04/29 15:46:16,517000,11.504
2026/04/29 15:46:16,518000,11.496
2026/04/29 15:46:16,519000,11.504
2026/04/29 15:46:16,520000,11.501
2026/04/29 15:46:16,521000,11.499
2026/04/29 15:46:16,522000,11.499
2026/04/29 15:46:16,523000,11.499
2026/04/29 15:46:16,524000,11.501
2026/04/29 15:46:16,525000,11.499
2026/04/29 15:46:16,526000,11.499
2026/04/29 15:46:16,527000,11.499
2026/04/29 15:46:16,528000,11.501
2026/04/29 15:46:16,529000,11.504
2026/04/29 15:46:16,530000,11.499
2026/04/29 15:46:16,531000,11.501
2026/04/29 15:46:16,532000,11.501
2026/04/29 15:46:16,533000,11.504
2026/04/29 15:46:16,534000,11.493
2026/04/29 15:46:16,535000,11.499
2026/04/29 15:46:16,536000,11.496
2026/04/29 15:46:16,537000,11.501
2026/04/29 15:46:16,538000,11.504
2026/04/29 15:46:16,539000,11.496
2026/04/29 15:46:16,540000,11.501
2026/04/29 15:46:16,541000,11.501
2026/04/29 15:46:16,542000,11.504
2026/04/29 15:46:16,543000,11.504
2026/04/29 15:46:16,544000,11.493
2026/04/29 15:46:16,545000,11.504
2026/04/29 15:46:16,546000,11.501
2026/04/29 15:46:16,547000,11.499
2026/04/29 15:46:16,548000,11.493
2026/04/29 15:46:16,549000,11.493
2026/04/29 15:46:16,550000,11.501
2026/04/29 15:46:16,551000,11.493
2026/04/29 15:46:16,552000,11.496
2026/04/29 15:46:16,553000,11.499
2026/04/29 15:46:16,554000,11.504
2026/04/29 15:46:16,555000,11.499
2026/04/29 15:46:16,556000,11.496
2026/04/29 15:46:16,557000,11.499
2026/04/29 15:46:16,558000,11.496
2026/04/29 15:46:16,559000,11.515
2026/04/29 15:46:16,560000,11.501
2026/04/29 15:46:16,561000,11.504
2026/04/29 15:46:16,562000,11.499
2026/04/29 15:46:16,563000,11.501
2026/04/29 15:46:16,564000,11.507
2026/04/29 15:46:16,565000,11.501
2026/04/29 15:46:16,566000,11.501
2026/04/29 15:46:16,567000,11.504
2026/04/29 15:46:16,568000,11.504
2026/04/29 15:46:16,569000,11.504
2026/04/29 15:46:16,570000,11.493
2026/04/29 15:46:16,571000,11.501
2026/04/29 15:46:16,572000,11.496
2026/04/29 15:46:16,573000,11.501
2026/04/29 15:46:16,574000,11.501
2026/04/29 15:46:16,575000,11.501
2026/04/29 15:46:16,576000,11.501
2026/04/29 15:46:16,577000,11.501
2026/04/29 15:46:16,578000,11.501
2026/04/29 15:46:16,579000,11.501
2026/04/29 15:46:16,580000,11.504
2026/04/29 15:46:16,581000,11.501
2026/04/29 15:46:16,582000,11.493
2026/04/29 15:46:16,583000,11.499
2026/04/29 15:46:16,584000,11.493
2026/04/29 15:46:16,585000,11.499
2026/04/29 15:46:16,586000,11.499
2026/04/29 15:46:16,587000,11.499
2026/04/29 15:46:16,588000,11.501
2026/04/29 15:46:16,589000,11.501
2026/04/29 15:46:16,590000,11.501
2026/04/29 15:46:16,591000,11.499
2026/04/29 15:46:16,592000,11.499
2026/04/29 15:46:16,593000,11.499
2026/04/29 15:46:16,594000,11.496
2026/04/29 15:46:16,595000,11.499
2026/04/29 15:46:16,596000,11.496
2026/04/29 15:46:16,597000,11.501
2026/04/29 15:46:16,598000,11.499
2026/04/29 15:46:16,599000,11.499
2026/04/29 15:46:16,600000,11.501
2026/04/29 15:46:16,601000,11.499
2026/04/29 15:46:16,602000,11.507
2026/04/29 15:46:16,603000,11.501
2026/04/29 15:46:16,604000,11.501
2026/04/29 15:46:16,605000,11.496
2026/04/29 15:46:16,606000,11.499
2026/04/29 15:46:16,607000,11.501
2026/04/29 15:46:16,608000,11.493
2026/04/29 15:46:16,609000,11.501
2026/04/29 15:46:16,610000,11.507
2026/04/29 15:46:16,611000,11.504
2026/04/29 15:46:16,612000,11.496
2026/04/29 15:46:16,613000,11.499
2026/04/29 15:46:16,614000,11.504
2026/04/29 15:46:16,615000,11.499
2026/04/29 15:46:16,616000,11.504
2026/04/29 15:46:16,617000,11.501
2026/04/29 15:46:16,618000,11.501
2026/04/29 15:46:16,619000,11.507
2026/04/29 15:46:16,620000,11.490
2026/04/29 15:46:16,621000,11.496
2026/04/29 15:46:16,622000,11.496
2026/04/29 15:46:16,623000,11.501
2026/04/29 15:46:16,624000,11.501
2026/04/29 15:46:16,625000,11.499
2026/04/29 15:46:16,626000,11.493
2026/04/29 15:46:16,627000,11.499
2026/04/29 15:46:16,628000,11.501
2026/04/29 15:46:16,629000,11.504
2026/04/29 15:46:16,630000,11.499
2026/04/29 15:46:16,631000,11.501
2026/04/29 15:46:16,632000,11.499
2026/04/29 15:46:16,633000,11.501
2026/04/29 15:46:16,634000,11.501
2026/04/29 15:46:16,635000,11.499
2026/04/29 15:46:16,636000,11.504
2026/04/29 15:46:16,637000,11.504
2026/04/29 15:46:16,638000,11.499
2026/04/29 15:46:16,639000,11.504
2026/04/29 15:46:16,640000,11.507
2026/04/29 15:46:16,641000,11.493
2026/04/29 15:46:16,642000,11.499
2026/04/29 15:46:16,643000,11.504
2026/04/29 15:46:16,644000,11.496
2026/04/29 15:46:16,645000,11.501
2026/04/29 15:46:16,646000,11.501
2026/04/29 15:46:16,647000,11.499
2026/04/29 15:46:16,648000,11.501
2026/04/29 15:46:16,649000,11.501
2026/04/29 15:46:16,650000,11.504
2026/04/29 15:46:16,651000,11.504
2026/04/29 15:46:16,652000,11.504
2026/04/29 15:46:16,653000,11.501
2026/04/29 15:46:16,654000,11.504
2026/04/29 15:46:16,655000,11.499
2026/04/29 15:46:16,656000,11.499
2026/04/29 15:46:16,657000,11.490
2026/04/29 15:46:16,658000,11.501
2026/04/29 15:46:16,659000,11.493
2026/04/29 15:46:16,660000,11.504
2026/04/29 15:46:16,661000,11.499
2026/04/29 15:46:16,662000,11.496
2026/04/29 15:46:16,663000,11.499
2026/04/29 15:46:16,664000,11.499
2026/04/29 15:46:16,665000,11.496
2026/04/29 15:46:16,666000,11.496
2026/04/29 15:46:16,667000,11.496
2026/04/29 15:46:16,668000,11.504
2026/04/29 15:46:16,669000,11.501
2026/04/29 15:46:16,670000,11.501
2026/04/29 15:46:16,671000,11.499
2026/04/29 15:46:16,672000,11.499
2026/04/29 15:46:16,673000,11.510
2026/04/29 15:46:16,674000,11.504
2026/04/29 15:46:16,675000,11.501
2026/04/29 15:46:16,676000,11.499
2026/04/29 15:46:16,677000,11.501
2026/04/29 15:46:16,678000,11.504
2026/04/29 15:46:16,679000,11.504
2026/04/29 15:46:16,680000,11.501
2026/04/29 15:46:16,681000,11.501
2026/04/29 15:46:16,682000,11.499
2026/04/29 15:46:16,683000,11.493
2026/04/29 15:46:16,684000,11.496
2026/04/29 15:46:16,685000,11.501
2026/04/29 15:46:16,686000,11.504
2026/04/29 15:46:16,687000,11.501
2026/04/29 15:46:16,688000,11.499
2026/04/29 15:46:16,689000,11.504
2026/04/29 15:46:16,690000,11.499
2026/04/29 15:46:16,691000,11.496
2026/04/29 15:46:16,692000,11.504
2026/04/29 15:46:16,693000,11.499
2026/04/29 15:46:16,694000,11.493
2026/04/29 15:46:16,695000,11.504
2026/04/29 15:46:16,696000,11.507
2026/04/29 15:46:16,697000,11.496
2026/04/29 15:46:16,698000,11.501
2026/04/29 15:46:16,699000,11.501
2026/04/29 15:46:16,700000,11.496
2026/04/29 15:46:16,701000,11.504
2026/04/29 15:46:16,702000,11.490
2026/04/29 15:46:16,703000,11.504
2026/04/29 15:46:16,704000,11.499
2026/04/29 15:46:16,705000,11.490
2026/04/29 15:46:16,706000,11.496
2026/04/29 15:46:16,707000,11.499
2026/04/29 15:46:16,708000,11.501
2026/04/29 15:46:16,709000,11.501
2026/04/29 15:46:16,710000,11.501
2026/04/29 15:46:16,711000,11.501
2026/04/29 15:46:16,712000,11.504
2026/04/29 15:46:16,713000,11.504
2026/04/29 15:46:16,714000,11.493
2026/04/29 15:46:16,715000,11.499
2026/04/29 15:46:16,716000,11.501
2026/04/29 15:46:16,717000,11.499
2026/04/29 15:46:16,718000,11.501
2026/04/29 15:46:16,719000,11.504
2026/04/29 15:46:16,720000,11.507
2026/04/29 15:46:16,721000,11.496
2026/04/29 15:46:16,722000,11.501
2026/04/29 15:46:16,723000,11.501
2026/04/29 15:46:16,724000,11.501
2026/04/29 15:46:16,725000,11.501
2026/04/29 15:46:16,726000,11.499
2026/04/29 15:46:16,727000,11.499
2026/04/29 15:46:16,728000,11.501
2026/04/29 15:46:16,729000,11.499
2026/04/29 15:46:16,730000,11.499
2026/04/29 15:46:16,731000,11.496
2026/04/29 15:46:16,732000,11.504
2026/04/29 15:46:16,733000,11.504
2026/04/29 15:46:16,734000,11.501
2026/04/29 15:46:16,735000,11.501
2026/04/29 15:46:16,736000,11.496
2026/04/29 15:46:16,737000,11.501
2026/04/29 15:46:16,738000,11.499
2026/04/29 15:46:16,739000,11.504
2026/04/29 15:46:16,740000,11.499
2026/04/29 15:46:16,741000,11.501
2026/04/29 15:46:16,742000,11.501
2026/04/29 15:46:16,743000,11.496
2026/04/29 15:46:16,744000,11.501
2026/04/29 15:46:16,745000,11.501
2026/04/29 15:46:16,746000,11.501
2026/04/29 15:46:16,747000,11.499
2026/04/29 15:46:16,748000,11.496
2026/04/29 15:46:16,749000,11.499
2026/04/29 15:46:16,750000,11.499
2026/04/29 15:46:16,751000,11.507
2026/04/29 15:46:16,752000,11.507
2026/04/29 15:46:16,753000,11.504
2026/04/29 15:46:16,754000,11.490
2026/04/29 15:46:16,755000,11.499
2026/04/29 15:46:16,756000,11.493
2026/04/29 15:46:16,757000,11.493
2026/04/29 15:46:16,758000,11.501
2026/04/29 15:46:16,759000,11.501
2026/04/29 15:46:16,760000,11.504
2026/04/29 15:46:16,761000,11.501
2026/04/29 15:46:16,762000,11.499
2026/04/29 15:46:16,763000,11.499
2026/04/29 15:46:16,764000,11.501
2026/04/29 15:46:16,765000,11.496
2026/04/29 15:46:16,766000,11.496
2026/04/29 15:46:16,767000,11.504
2026/04/29 15:46:16,768000,11.493
2026/04/29 15:46:16,769000,11.501
2026/04/29 15:46:16,770000,11.501
2026/04/29 15:46:16,771000,11.504
2026/04/29 15:46:16,772000,11.501
2026/04/29 15:46:16,773000,11.501
2026/04/29 15:46:16,774000,11.499
2026/04/29 15:46:16,775000,11.513
2026/04/29 15:46:16,776000,11.504
2026/04/29 15:46:16,777000,11.504
2026/04/29 15:46:16,778000,11.493
2026/04/29 15:46:16,779000,11.501
2026/04/29 15:46:16,780000,11.499
2026/04/29 15:46:16,781000,11.499
2026/04/29 15:46:16,782000,11.496
2026/04/29 15:46:16,783000,11.504
2026/04/29 15:46:16,784000,11.493
2026/04/29 15:46:16,785000,11.510
2026/04/29 15:46:16,786000,11.501
2026/04/29 15:46:16,787000,11.499
2026/04/29 15:46:16,788000,11.501
2026/04/29 15:46:16,789000,11.501
2026/04/29 15:46:16,790000,11.499
2026/04/29 15:46:16,791000,11.501
2026/04/29 15:46:16,792000,11.499
2026/04/29 15:46:16,793000,11.501
2026/04/29 15:46:16,794000,11.499
2026/04/29 15:46:16,795000,11.493
2026/04/29 15:46:16,796000,11.499
2026/04/29 15:46:16,797000,11.499
2026/04/29 15:46:16,798000,11.501
2026/04/29 15:46:16,799000,11.499
2026/04/29 15:46:16,800000,11.504
2026/04/29 15:46:16,801000,11.501
2026/04/29 15:46:16,802000,11.501
2026/04/29 15:46:16,803000,11.501
2026/04/29 15:46:16,804000,11.499
2026/04/29 15:46:16,805000,11.499
2026/04/29 15:46:16,806000,11.499
2026/04/29 15:46:16,807000,11.501
2026/04/29 15:46:16,808000,11.507
2026/04/29 15:46:16,809000,11.504
2026/04/29 15:46:16,810000,11.501
2026/04/29 15:46:16,811000,11.504
2026/04/29 15:46:16,812000,11.499
2026/04/29 15:46:16,813000,11.501
2026/04/29 15:46:16,814000,11.499
2026/04/29 15:46:16,815000,11.507
2026/04/29 15:46:16,816000,11.501
2026/04/29 15:46:16,817000,11.501
2026/04/29 15:46:16,818000,11.501
2026/04/29 15:46:16,819000,11.501
2026/04/29 15:46:16,820000,11.493
2026/04/29 15:46:16,821000,11.493
2026/04/29 15:46:16,822000,11.501
2026/04/29 15:46:16,823000,11.501
2026/04/29 15:46:16,824000,11.499
2026/04/29 15:46:16,825000,11.501
2026/04/29 15:46:16,826000,11.496
2026/04/29 15:46:16,827000,11.499
2026/04/29 15:46:16,828000,11.490
2026/04/29 15:46:16,829000,11.501
2026/04/29 15:46:16,830000,11.499
2026/04/29 15:46:16,831000,11.496
2026/04/29 15:46:16,832000,11.507
2026/04/29 15:46:16,833000,11.504
2026/04/29 15:46:16,834000,11.496
2026/04/29 15:46:16,835000,11.496
2026/04/29 15:46:16,836000,11.501
2026/04/29 15:46:16,837000,11.501
2026/04/29 15:46:16,838000,11.504
2026/04/29 15:46:16,839000,11.504
2026/04/29 15:46:16,840000,11.501
2026/04/29 15:46:16,841000,11.496
2026/04/29 15:46:16,842000,11.501
2026/04/29 15:46:16,843000,11.501
2026/04/29 15:46:16,844000,11.496
2026/04/29 15:46:16,845000,11.499
2026/04/29 15:46:16,846000,11.504
2026/04/29 15:46:16,847000,11.501
2026/04/29 15:46:16,848000,11.499
2026/04/29 15:46:16,849000,11.501
2026/04/29 15:46:16,850000,11.501
2026/04/29 15:46:16,851000,11.499
2026/04/29 15:46:16,852000,11.501
2026/04/29 15:46:16,853000,11.501
2026/04/29 15:46:16,854000,11.499
2026/04/29 15:46:16,855000,11.507
2026/04/29 15:46:16,856000,11.499
2026/04/29 15:46:16,857000,11.496
2026/04/29 15:46:16,858000,11.504
2026/04/29 15:46:16,859000,11.501
2026/04/29 15:46:16,860000,11.501
2026/04/29 15:46:16,861000,11.504
2026/04/29 15:46:16,862000,11.499
2026/04/29 15:46:16,863000,11.501
2026/04/29 15:46:16,864000,11.499
2026/04/29 15:46:16,865000,11.499
2026/04/29 15:46:16,866000,11.496
2026/04/29 15:46:16,867000,11.504
2026/04/29 15:46:16,868000,11.499
2026/04/29 15:46:16,869000,11.501
2026/04/29 15:46:16,870000,11.499
2026/04/29 15:46:16,871000,11.499
2026/04/29 15:46:16,872000,11.496
2026/04/29 15:46:16,873000,11.504
2026/04/29 15:46:16,874000,11.499
2026/04/29 15:46:16,875000,11.499
2026/04/29 15:46:16,876000,11.499
2026/04/29 15:46:16,877000,11.504
2026/04/29 15:46:16,878000,11.496
2026/04/29 15:46:16,879000,11.504
2026/04/29 15:46:16,880000,11.501
2026/04/29 15:46:16,881000,11.501
2026/04/29 15:46:16,882000,11.499
2026/04/29 15:46:16,883000,11.499
2026/04/29 15:46:16,884000,11.499
2026/04/29 15:46:16,885000,11.501
2026/04/29 15:46:16,886000,11.499
2026/04/29 15:46:16,887000,11.504
2026/04/29 15:46:16,888000,11.499
2026/04/29 15:46:16,889000,11.504
2026/04/29 15:46:16,890000,11.496
2026/04/29 15:46:16,891000,11.499
2026/04/29 15:46:16,892000,11.493
2026/04/29 15:46:16,893000,11.504
2026/04/29 15:46:16,894000,11.499
2026/04/29 15:46:16,895000,11.501
2026/04/29 15:46:16,896000,11.501
2026/04/29 15:46:16,897000,11.496
2026/04/29 15:46:16,898000,11.496
2026/04/29 15:46:16,899000,11.504
2026/04/29 15:46:16,900000,11.499
2026/04/29 15:46:16,901000,11.501
2026/04/29 15:46:16,902000,11.504
2026/04/29 15:46:16,903000,11.496
2026/04/29 15:46:16,904000,11.496
2026/04/29 15:46:16,905000,11.496
2026/04/29 15:46:16,906000,11.501
2026/04/29 15:46:16,907000,11.501
2026/04/29 15:46:16,908000,11.501
2026/04/29 15:46:16,909000,11.499
2026/04/29 15:46:16,910000,11.504
2026/04/29 15:46:16,911000,11.507
2026/04/29 15:46:16,912000,11.501
2026/04/29 15:46:16,913000,11.501
2026/04/29 15:46:16,914000,11.501
2026/04/29 15:46:16,915000,11.496
2026/04/29 15:46:16,916000,11.499
2026/04/29 15:46:16,917000,11.501
2026/04/29 15:46:16,918000,11.501
2026/04/29 15:46:16,919000,11.499
2026/04/29 15:46:16,920000,11.499
2026/04/29 15:46:16,921000,11.499
2026/04/29 15:46:16,922000,11.501
2026/04/29 15:46:16,923000,11.507
2026/04/29 15:46:16,924000,11.499
2026/04/29 15:46:16,925000,11.499
2026/04/29 15:46:16,926000,11.504
2026/04/29 15:46:16,927000,11.501
2026/04/29 15:46:16,928000,11.504
2026/04/29 15:46:16,929000,11.499
2026/04/29 15:46:16,930000,11.504
2026/04/29 15:46:16,931000,11.499
2026/04/29 15:46:16,932000,11.496
2026/04/29 15:46:16,933000,11.501
2026/04/29 15:46:16,934000,11.493
2026/04/29 15:46:16,935000,11.496
2026/04/29 15:46:16,936000,11.499
2026/04/29 15:46:16,937000,11.499
2026/04/29 15:46:16,938000,11.496
2026/04/29 15:46:16,939000,11.504
2026/04/29 15:46:16,940000,11.499
2026/04/29 15:46:16,941000,11.501
2026/04/29 15:46:16,942000,11.499
2026/04/29 15:46:16,943000,11.499
2026/04/29 15:46:16,944000,11.499
2026/04/29 15:46:16,945000,11.501
2026/04/29 15:46:16,946000,11.501
2026/04/29 15:46:16,947000,11.499
2026/04/29 15:46:16,948000,11.496
2026/04/29 15:46:16,949000,11.501
2026/04/29 15:46:16,950000,11.496
2026/04/29 15:46:16,951000,11.499
2026/04/29 15:46:16,952000,11.507
2026/04/29 15:46:16,953000,11.499
2026/04/29 15:46:16,954000,11.499
2026/04/29 15:46:16,955000,11.499
2026/04/29 15:46:16,956000,11.499
2026/04/29 15:46:16,957000,11.501
2026/04/29 15:46:16,958000,11.493
2026/04/29 15:46:16,959000,11.501
2026/04/29 15:46:16,960000,11.493
2026/04/29 15:46:16,961000,11.496
2026/04/29 15:46:16,962000,11.496
2026/04/29 15:46:16,963000,11.501
2026/04/29 15:46:16,964000,11.499
2026/04/29 15:46:16,965000,11.501
2026/04/29 15:46:16,966000,11.501
2026/04/29 15:46:16,967000,11.493
2026/04/29 15:46:16,968000,11.499
2026/04/29 15:46:16,969000,11.499
2026/04/29 15:46:16,970000,11.493
2026/04/29 15:46:16,971000,11.499
2026/04/29 15:46:16,972000,11.499
2026/04/29 15:46:16,973000,11.499
2026/04/29 15:46:16,974000,11.499
2026/04/29 15:46:16,975000,11.499
2026/04/29 15:46:16,976000,11.501
2026/04/29 15:46:16,977000,11.499
2026/04/29 15:46:16,978000,11.501
2026/04/29 15:46:16,979000,11.496
2026/04/29 15:46:16,980000,11.496
2026/04/29 15:46:16,981000,11.507
2026/04/29 15:46:16,982000,11.499
2026/04/29 15:46:16,983000,11.501
2026/04/29 15:46:16,984000,11.493
2026/04/29 15:46:16,985000,11.501
2026/04/29 15:46:16,986000,11.501
2026/04/29 15:46:16,987000,11.501
2026/04/29 15:46:16,988000,11.504
2026/04/29 15:46:16,989000,11.501
2026/04/29 15:46:16,990000,11.501
2026/04/29 15:46:16,991000,11.496
2026/04/29 15:46:16,992000,11.499
2026/04/29 15:46:16,993000,11.507
2026/04/29 15:46:16,994000,11.490
2026/04/29 15:46:16,995000,11.501
2026/04/29 15:46:16,996000,11.504
2026/04/29 15:46:16,997000,11.493
2026/04/29 15:46:16,998000,11.496
2026/04/29 15:46:16,999000,11.499
2026/04/29 15:46:17,000000,11.496
2026/04/29 15:46:17,001000,11.496
2026/04/29 15:46:17,002000,11.493
2026/04/29 15:46:17,003000,11.504
2026/04/29 15:46:17,004000,11.501
2026/04/29 15:46:17,005000,11.496
2026/04/29 15:46:17,006000,11.501
2026/04/29 15:46:17,007000,11.499
2026/04/29 15:46:17,008000,11.496
2026/04/29 15:46:17,009000,11.493
2026/04/29 15:46:17,010000,11.499
2026/04/29 15:46:17,011000,11.501
2026/04/29 15:46:17,012000,11.501
2026/04/29 15:46:17,013000,11.501
2026/04/29 15:46:17,014000,11.499
2026/04/29 15:46:17,015000,11.499
2026/04/29 15:46:17,016000,11.499
2026/04/29 15:46:17,017000,11.496
2026/04/29 15:46:17,018000,11.499
2026/04/29 15:46:17,019000,11.499
2026/04/29 15:46:17,020000,11.499
2026/04/29 15:46:17,021000,11.493
2026/04/29 15:46:17,022000,11.501
2026/04/29 15:46:17,023000,11.499
2026/04/29 15:46:17,024000,11.501
2026/04/29 15:46:17,025000,11.501
2026/04/29 15:46:17,026000,11.499
2026/04/29 15:46:17,027000,11.501
2026/04/29 15:46:17,028000,11.496
2026/04/29 15:46:17,029000,11.499
2026/04/29 15:46:17,030000,11.501
2026/04/29 15:46:17,031000,11.501
2026/04/29 15:46:17,032000,11.499
2026/04/29 15:46:17,033000,11.493
2026/04/29 15:46:17,034000,11.499
2026/04/29 15:46:17,035000,11.501
2026/04/29 15:46:17,036000,11.496
2026/04/29 15:46:17,037000,11.499
2026/04/29 15:46:17,038000,11.501
2026/04/29 15:46:17,039000,11.499
2026/04/29 15:46:17,040000,11.496
2026/04/29 15:46:17,041000,11.499
2026/04/29 15:46:17,042000,11.499
2026/04/29 15:46:17,043000,11.507
2026/04/29 15:46:17,044000,11.504
2026/04/29 15:46:17,045000,11.501
2026/04/29 15:46:17,046000,11.501
2026/04/29 15:46:17,047000,11.499
2026/04/29 15:46:17,048000,11.504
2026/04/29 15:46:17,049000,11.493
2026/04/29 15:46:17,050000,11.499
2026/04/29 15:46:17,051000,11.499
2026/04/29 15:46:17,052000,11.501
2026/04/29 15:46:17,053000,11.504
2026/04/29 15:46:17,054000,11.496
2026/04/29 15:46:17,055000,11.501
2026/04/29 15:46:17,056000,11.501
2026/04/29 15:46:17,057000,11.501
2026/04/29 15:46:17,058000,11.499
2026/04/29 15:46:17,059000,11.499
2026/04/29 15:46:17,060000,11.501
2026/04/29 15:46:17,061000,11.501
2026/04/29 15:46:17,062000,11.496
2026/04/29 15:46:17,063000,11.496
2026/04/29 15:46:17,064000,11.499
2026/04/29 15:46:17,065000,11.501
2026/04/29 15:46:17,066000,11.496
2026/04/29 15:46:17,067000,11.496
2026/04/29 15:46:17,068000,11.501
2026/04/29 15:46:17,069000,11.499
2026/04/29 15:46:17,070000,11.504
2026/04/29 15:46:17,071000,11.493
2026/04/29 15:46:17,072000,11.496
2026/04/29 15:46:17,073000,11.501
2026/04/29 15:46:17,074000,11.499
2026/04/29 15:46:17,075000,11.504
2026/04/29 15:46:17,076000,11.504
2026/04/29 15:46:17,077000,11.493
2026/04/29 15:46:17,078000,11.499
2026/04/29 15:46:17,079000,11.499
2026/04/29 15:46:17,080000,11.499
2026/04/29 15:46:17,081000,11.496
2026/04/29 15:46:17,082000,11.493
2026/04/29 15:46:17,083000,11.496
2026/04/29 15:46:17,084000,11.496
2026/04/29 15:46:17,085000,11.507
2026/04/29 15:46:17,086000,11.501
2026/04/29 15:46:17,087000,11.504
2026/04/29 15:46:17,088000,11.501
2026/04/29 15:46:17,089000,11.501
2026/04/29 15:46:17,090000,11.501
2026/04/29 15:46:17,091000,11.501
2026/04/29 15:46:17,092000,11.496
2026/04/29 15:46:17,093000,11.501
2026/04/29 15:46:17,094000,11.499
2026/04/29 15:46:17,095000,11.499
2026/04/29 15:46:17,096000,11.499
2026/04/29 15:46:17,097000,11.493
2026/04/29 15:46:17,098000,11.499
2026/04/29 15:46:17,099000,11.501
2026/04/29 15:46:17,100000,11.501
2026/04/29 15:46:17,101000,11.501
2026/04/29 15:46:17,102000,11.499
2026/04/29 15:46:17,103000,11.507
2026/04/29 15:46:17,104000,11.504
2026/04/29 15:46:17,105000,11.499
2026/04/29 15:46:17,106000,11.501
2026/04/29 15:46:17,107000,11.504
2026/04/29 15:46:17,108000,11.504
2026/04/29 15:46:17,109000,11.501
2026/04/29 15:46:17,110000,11.499
2026/04/29 15:46:17,111000,11.504
2026/04/29 15:46:17,112000,11.496
2026/04/29 15:46:17,113000,11.496
2026/04/29 15:46:17,114000,11.496
2026/04/29 15:46:17,115000,11.499
2026/04/29 15:46:17,116000,11.504
2026/04/29 15:46:17,117000,11.499
2026/04/29 15:46:17,118000,11.504
2026/04/29 15:46:17,119000,11.499
2026/04/29 15:46:17,120000,11.499
2026/04/29 15:46:17,121000,11.490
2026/04/29 15:46:17,122000,11.504
2026/04/29 15:46:17,123000,11.499
2026/04/29 15:46:17,124000,11.501
2026/04/29 15:46:17,125000,11.501
2026/04/29 15:46:17,126000,11.501
2026/04/29 15:46:17,127000,11.496
2026/04/29 15:46:17,128000,11.504
2026/04/29 15:46:17,129000,11.499
2026/04/29 15:46:17,130000,11.501
2026/04/29 15:46:17,131000,11.496
2026/04/29 15:46:17,132000,11.499
2026/04/29 15:46:17,133000,11.501
2026/04/29 15:46:17,134000,11.496
2026/04/29 15:46:17,135000,11.499
2026/04/29 15:46:17,136000,11.501
2026/04/29 15:46:17,137000,11.501
2026/04/29 15:46:17,138000,11.496
2026/04/29 15:46:17,139000,11.504
2026/04/29 15:46:17,140000,11.501
2026/04/29 15:46:17,141000,11.496
2026/04/29 15:46:17,142000,11.496
2026/04/29 15:46:17,143000,11.501
2026/04/29 15:46:17,144000,11.496
2026/04/29 15:46:17,145000,11.499
2026/04/29 15:46:17,146000,11.501
2026/04/29 15:46:17,147000,11.501
2026/04/29 15:46:17,148000,11.499
2026/04/29 15:46:17,149000,11.501
2026/04/29 15:46:17,150000,11.501
2026/04/29 15:46:17,151000,11.499
2026/04/29 15:46:17,152000,11.496
2026/04/29 15:46:17,153000,11.501
2026/04/29 15:46:17,154000,11.499
2026/04/29 15:46:17,155000,11.496
2026/04/29 15:46:17,156000,11.504
2026/04/29 15:46:17,157000,11.499
2026/04/29 15:46:17,158000,11.496
2026/04/29 15:46:17,159000,11.504
2026/04/29 15:46:17,160000,11.501
2026/04/29 15:46:17,161000,11.507
2026/04/29 15:46:17,162000,11.501
2026/04/29 15:46:17,163000,11.496
2026/04/29 15:46:17,164000,11.504
2026/04/29 15:46:17,165000,11.504
2026/04/29 15:46:17,166000,11.501
2026/04/29 15:46:17,167000,11.496
2026/04/29 15:46:17,168000,11.499
2026/04/29 15:46:17,169000,11.504
2026/04/29 15:46:17,170000,11.504
2026/04/29 15:46:17,171000,11.493
2026/04/29 15:46:17,172000,11.501
2026/04/29 15:46:17,173000,11.501
2026/04/29 15:46:17,174000,11.493
2026/04/29 15:46:17,175000,11.501
2026/04/29 15:46:17,176000,11.499
2026/04/29 15:46:17,177000,11.501
2026/04/29 15:46:17,178000,11.507
2026/04/29 15:46:17,179000,11.501
2026/04/29 15:46:17,180000,11.501
2026/04/29 15:46:17,181000,11.507
2026/04/29 15:46:17,182000,11.501
2026/04/29 15:46:17,183000,11.493
2026/04/29 15:46:17,184000,11.496
2026/04/29 15:46:17,185000,11.507
2026/04/29 15:46:17,186000,11.504
2026/04/29 15:46:17,187000,11.499
2026/04/29 15:46:17,188000,11.499
2026/04/29 15:46:17,189000,11.496
2026/04/29 15:46:17,190000,11.496
2026/04/29 15:46:17,191000,11.501
2026/04/29 15:46:17,192000,11.499
2026/04/29 15:46:17,193000,11.501
2026/04/29 15:46:17,194000,11.501
2026/04/29 15:46:17,195000,11.504
2026/04/29 15:46:17,196000,11.501
2026/04/29 15:46:17,197000,11.499
2026/04/29 15:46:17,198000,11.501
2026/04/29 15:46:17,199000,11.499
2026/04/29 15:46:17,200000,11.501
2026/04/29 15:46:17,201000,11.501
2026/04/29 15:46:17,202000,11.504
2026/04/29 15:46:17,203000,11.501
2026/04/29 15:46:17,204000,11.501
2026/04/29 15:46:17,205000,11.501
2026/04/29 15:46:17,206000,11.501
2026/04/29 15:46:17,207000,11.499
2026/04/29 15:46:17,208000,11.501
2026/04/29 15:46:17,209000,11.499
2026/04/29 15:46:17,210000,11.499
2026/04/29 15:46:17,211000,11.501
2026/04/29 15:46:17,212000,11.499
2026/04/29 15:46:17,213000,11.499
2026/04/29 15:46:17,214000,11.504
2026/04/29 15:46:17,215000,11.507
2026/04/29 15:46:17,216000,11.501
2026/04/29 15:46:17,217000,11.501
2026/04/29 15:46:17,218000,11.493
2026/04/29 15:46:17,219000,11.499
2026/04/29 15:46:17,220000,11.504
2026/04/29 15:46:17,221000,11.501
2026/04/29 15:46:17,222000,11.501
2026/04/29 15:46:17,223000,11.504
2026/04/29 15:46:17,224000,11.499
2026/04/29 15:46:17,225000,11.496
2026/04/29 15:46:17,226000,11.499
2026/04/29 15:46:17,227000,11.499
2026/04/29 15:46:17,228000,11.501
2026/04/29 15:46:17,229000,11.501
2026/04/29 15:46:17,230000,11.499
2026/04/29 15:46:17,231000,11.493
2026/04/29 15:46:17,232000,11.499
2026/04/29 15:46:17,233000,11.501
2026/04/29 15:46:17,234000,11.496
2026/04/29 15:46:17,235000,11.496
2026/04/29 15:46:17,236000,11.501
2026/04/29 15:46:17,237000,11.496
2026/04/29 15:46:17,238000,11.499
2026/04/29 15:46:17,239000,11.501
2026/04/29 15:46:17,240000,11.499
2026/04/29 15:46:17,241000,11.501
2026/04/29 15:46:17,242000,11.499
2026/04/29 15:46:17,243000,11.504
2026/04/29 15:46:17,244000,11.501
2026/04/29 15:46:17,245000,11.504
2026/04/29 15:46:17,246000,11.499
2026/04/29 15:46:17,247000,11.501
2026/04/29 15:46:17,248000,11.501
2026/04/29 15:46:17,249000,11.496
2026/04/29 15:46:17,250000,11.490
2026/04/29 15:46:17,251000,11.499
2026/04/29 15:46:17,252000,11.499
2026/04/29 15:46:17,253000,11.501
2026/04/29 15:46:17,254000,11.499
2026/04/29 15:46:17,255000,11.504
2026/04/29 15:46:17,256000,11.501
2026/04/29 15:46:17,257000,11.507
2026/04/29 15:46:17,258000,11.501
2026/04/29 15:46:17,259000,11.499
2026/04/29 15:46:17,260000,11.499
2026/04/29 15:46:17,261000,11.493
2026/04/29 15:46:17,262000,11.493
2026/04/29 15:46:17,263000,11.501
2026/04/29 15:46:17,264000,11.501
2026/04/29 15:46:17,265000,11.493
2026/04/29 15:46:17,266000,11.499
2026/04/29 15:46:17,267000,11.501
2026/04/29 15:46:17,268000,11.496
2026/04/29 15:46:17,269000,11.501
2026/04/29 15:46:17,270000,11.504
2026/04/29 15:46:17,271000,11.496
2026/04/29 15:46:17,272000,11.493
2026/04/29 15:46:17,273000,11.499
2026/04/29 15:46:17,274000,11.496
2026/04/29 15:46:17,275000,11.504
2026/04/29 15:46:17,276000,11.501
2026/04/29 15:46:17,277000,11.501
2026/04/29 15:46:17,278000,11.501
2026/04/29 15:46:17,279000,11.504
2026/04/29 15:46:17,280000,11.501
2026/04/29 15:46:17,281000,11.501
2026/04/29 15:46:17,282000,11.499
2026/04/29 15:46:17,283000,11.501
2026/04/29 15:46:17,284000,11.499
2026/04/29 15:46:17,285000,11.499
2026/04/29 15:46:17,286000,11.501
2026/04/29 15:46:17,287000,11.501
2026/04/29 15:46:17,288000,11.501
2026/04/29 15:46:17,289000,11.504
2026/04/29 15:46:17,290000,11.504
2026/04/29 15:46:17,291000,11.501
2026/04/29 15:46:17,292000,11.501
2026/04/29 15:46:17,293000,11.499
2026/04/29 15:46:17,294000,11.504
2026/04/29 15:46:17,295000,11.496
2026/04/29 15:46:17,296000,11.499
2026/04/29 15:46:17,297000,11.507
2026/04/29 15:46:17,298000,11.499
2026/04/29 15:46:17,299000,11.499
2026/04/29 15:46:17,300000,11.501
2026/04/29 15:46:17,301000,11.501
2026/04/29 15:46:17,302000,11.501
2026/04/29 15:46:17,303000,11.493
2026/04/29 15:46:17,304000,11.504
2026/04/29 15:46:17,305000,11.499
2026/04/29 15:46:17,306000,11.499
2026/04/29 15:46:17,307000,11.499
2026/04/29 15:46:17,308000,11.501
2026/04/29 15:46:17,309000,11.501
2026/04/29 15:46:17,310000,11.501
2026/04/29 15:46:17,311000,11.501
2026/04/29 15:46:17,312000,11.493
2026/04/29 15:46:17,313000,11.501
2026/04/29 15:46:17,314000,11.501
2026/04/29 15:46:17,315000,11.499
2026/04/29 15:46:17,316000,11.504
2026/04/29 15:46:17,317000,11.504
2026/04/29 15:46:17,318000,11.501
2026/04/29 15:46:17,319000,11.504
2026/04/29 15:46:17,320000,11.501
2026/04/29 15:46:17,321000,11.501
2026/04/29 15:46:17,322000,11.493
2026/04/29 15:46:17,323000,11.496
2026/04/29 15:46:17,324000,11.501
2026/04/29 15:46:17,325000,11.493
2026/04/29 15:46:17,326000,11.501
2026/04/29 15:46:17,327000,11.499
2026/04/29 15:46:17,328000,11.507
2026/04/29 15:46:17,329000,11.490
2026/04/29 15:46:17,330000,11.501
2026/04/29 15:46:17,331000,11.501
2026/04/29 15:46:17,332000,11.501
2026/04/29 15:46:17,333000,11.501
2026/04/29 15:46:17,334000,11.499
2026/04/29 15:46:17,335000,11.499
2026/04/29 15:46:17,336000,11.499
2026/04/29 15:46:17,337000,11.499
2026/04/29 15:46:17,338000,11.507
2026/04/29 15:46:17,339000,11.501
2026/04/29 15:46:17,340000,11.499
2026/04/29 15:46:17,341000,11.493
2026/04/29 15:46:17,342000,11.504
2026/04/29 15:46:17,343000,11.501
2026/04/29 15:46:17,344000,11.499
2026/04/29 15:46:17,345000,11.501
2026/04/29 15:46:17,346000,11.504
2026/04/29 15:46:17,347000,11.493
2026/04/29 15:46:17,348000,11.501
2026/04/29 15:46:17,349000,11.501
2026/04/29 15:46:17,350000,11.499
2026/04/29 15:46:17,351000,11.499
2026/04/29 15:46:17,352000,11.501
2026/04/29 15:46:17,353000,11.507
2026/04/29 15:46:17,354000,11.499
2026/04/29 15:46:17,355000,11.501
2026/04/29 15:46:17,356000,11.507
2026/04/29 15:46:17,357000,11.504
2026/04/29 15:46:17,358000,11.501
2026/04/29 15:46:17,359000,11.504
2026/04/29 15:46:17,360000,11.504
2026/04/29 15:46:17,361000,11.499
2026/04/29 15:46:17,362000,11.510
2026/04/29 15:46:17,363000,11.493
2026/04/29 15:46:17,364000,11.501
2026/04/29 15:46:17,365000,11.501
2026/04/29 15:46:17,366000,11.499
2026/04/29 15:46:17,367000,11.501
2026/04/29 15:46:17,368000,11.493
2026/04/29 15:46:17,369000,11.501
2026/04/29 15:46:17,370000,11.499
2026/04/29 15:46:17,371000,11.499
2026/04/29 15:46:17,372000,11.490
2026/04/29 15:46:17,373000,11.501
2026/04/29 15:46:17,374000,11.496
2026/04/29 15:46:17,375000,11.499
2026/04/29 15:46:17,376000,11.501
2026/04/29 15:46:17,377000,11.499
2026/04/29 15:46:17,378000,11.496
2026/04/29 15:46:17,379000,11.496
2026/04/29 15:46:17,380000,11.504
2026/04/29 15:46:17,381000,11.499
2026/04/29 15:46:17,382000,11.501
2026/04/29 15:46:17,383000,11.501
2026/04/29 15:46:17,384000,11.501
2026/04/29 15:46:17,385000,11.499
2026/04/29 15:46:17,386000,11.496
2026/04/29 15:46:17,387000,11.504
2026/04/29 15:46:17,388000,11.501
2026/04/29 15:46:17,389000,11.496
2026/04/29 15:46:17,390000,11.501
2026/04/29 15:46:17,391000,11.501
2026/04/29 15:46:17,392000,11.501
2026/04/29 15:46:17,393000,11.504
2026/04/29 15:46:17,394000,11.499
2026/04/29 15:46:17,395000,11.504
2026/04/29 15:46:17,396000,11.501
2026/04/29 15:46:17,397000,11.496
2026/04/29 15:46:17,398000,11.499
2026/04/29 15:46:17,399000,11.499
2026/04/29 15:46:17,400000,11.496
2026/04/29 15:46:17,401000,11.493
2026/04/29 15:46:17,402000,11.501
2026/04/29 15:46:17,403000,11.507
2026/04/29 15:46:17,404000,11.501
2026/04/29 15:46:17,405000,11.501
2026/04/29 15:46:17,406000,11.504
2026/04/29 15:46:17,407000,11.501
2026/04/29 15:46:17,408000,11.499
2026/04/29 15:46:17,409000,11.499
2026/04/29 15:46:17,410000,11.499
2026/04/29 15:46:17,411000,11.496
2026/04/29 15:46:17,412000,11.496
2026/04/29 15:46:17,413000,11.499
2026/04/29 15:46:17,414000,11.496
2026/04/29 15:46:17,415000,11.496
2026/04/29 15:46:17,416000,11.496
2026/04/29 15:46:17,417000,11.504
2026/04/29 15:46:17,418000,11.504
2026/04/29 15:46:17,419000,11.499
2026/04/29 15:46:17,420000,11.504
2026/04/29 15:46:17,421000,11.499
2026/04/29 15:46:17,422000,11.504
2026/04/29 15:46:17,423000,11.501
2026/04/29 15:46:17,424000,11.504
2026/04/29 15:46:17,425000,11.496
2026/04/29 15:46:17,426000,11.504
2026/04/29 15:46:17,427000,11.501
2026/04/29 15:46:17,428000,11.501
2026/04/29 15:46:17,429000,11.493
2026/04/29 15:46:17,430000,11.504
2026/04/29 15:46:17,431000,11.501
2026/04/29 15:46:17,432000,11.504
2026/04/29 15:46:17,433000,11.499
2026/04/29 15:46:17,434000,11.493
2026/04/29 15:46:17,435000,11.507
2026/04/29 15:46:17,436000,11.499
2026/04/29 15:46:17,437000,11.504
2026/04/29 15:46:17,438000,11.496
2026/04/29 15:46:17,439000,11.504
2026/04/29 15:46:17,440000,11.501
2026/04/29 15:46:17,441000,11.501
2026/04/29 15:46:17,442000,11.499
2026/04/29 15:46:17,443000,11.499
2026/04/29 15:46:17,444000,11.499
2026/04/29 15:46:17,445000,11.499
2026/04/29 15:46:17,446000,11.504
2026/04/29 15:46:17,447000,11.501
2026/04/29 15:46:17,448000,11.501
2026/04/29 15:46:17,449000,11.499
2026/04/29 15:46:17,450000,11.493
2026/04/29 15:46:17,451000,11.501
2026/04/29 15:46:17,452000,11.499
2026/04/29 15:46:17,453000,11.501
2026/04/29 15:46:17,454000,11.501
2026/04/29 15:46:17,455000,11.501
2026/04/29 15:46:17,456000,11.504
2026/04/29 15:46:17,457000,11.499
2026/04/29 15:46:17,458000,11.499
2026/04/29 15:46:17,459000,11.501
2026/04/29 15:46:17,460000,11.490
2026/04/29 15:46:17,461000,11.496
2026/04/29 15:46:17,462000,11.501
2026/04/29 15:46:17,463000,11.493
2026/04/29 15:46:17,464000,11.496
2026/04/29 15:46:17,465000,11.501
2026/04/29 15:46:17,466000,11.501
2026/04/29 15:46:17,467000,11.501
2026/04/29 15:46:17,468000,11.501
2026/04/29 15:46:17,469000,11.499
2026/04/29 15:46:17,470000,11.501
2026/04/29 15:46:17,471000,11.499
2026/04/29 15:46:17,472000,11.499
2026/04/29 15:46:17,473000,11.499
2026/04/29 15:46:17,474000,11.499
2026/04/29 15:46:17,475000,11.499
2026/04/29 15:46:17,476000,11.499
2026/04/29 15:46:17,477000,11.501
2026/04/29 15:46:17,478000,11.496
2026/04/29 15:46:17,479000,11.501
2026/04/29 15:46:17,480000,11.496
2026/04/29 15:46:17,481000,11.496
2026/04/29 15:46:17,482000,11.501
2026/04/29 15:46:17,483000,11.501
2026/04/29 15:46:17,484000,11.499
2026/04/29 15:46:17,485000,11.499
2026/04/29 15:46:17,486000,11.501
2026/04/29 15:46:17,487000,11.499
2026/04/29 15:46:17,488000,11.499
2026/04/29 15:46:17,489000,11.501
2026/04/29 15:46:17,490000,11.499
2026/04/29 15:46:17,491000,11.501
2026/04/29 15:46:17,492000,11.499
2026/04/29 15:46:17,493000,11.510
2026/04/29 15:46:17,494000,11.499
2026/04/29 15:46:17,495000,11.499
2026/04/29 15:46:17,496000,11.490
2026/04/29 15:46:17,497000,11.499
2026/04/29 15:46:17,498000,11.504
2026/04/29 15:46:17,499000,11.499
2026/04/29 15:46:17,500000,11.501
2026/04/29 15:46:17,501000,11.501
2026/04/29 15:46:17,502000,11.501
2026/04/29 15:46:17,503000,11.499
2026/04/29 15:46:17,504000,11.501
2026/04/29 15:46:17,505000,11.499
2026/04/29 15:46:17,506000,11.501
2026/04/29 15:46:17,507000,11.499
2026/04/29 15:46:17,508000,11.499
2026/04/29 15:46:17,509000,11.496
2026/04/29 15:46:17,510000,11.504
2026/04/29 15:46:17,511000,11.496
2026/04/29 15:46:17,512000,11.501
2026/04/29 15:46:17,513000,11.501
2026/04/29 15:46:17,514000,11.501
2026/04/29 15:46:17,515000,11.501
2026/04/29 15:46:17,516000,11.504
2026/04/29 15:46:17,517000,11.501
2026/04/29 15:46:17,518000,11.499
2026/04/29 15:46:17,519000,11.496
2026/04/29 15:46:17,520000,11.499
2026/04/29 15:46:17,521000,11.510
2026/04/29 15:46:17,522000,11.501
2026/04/29 15:46:17,523000,11.501
2026/04/29 15:46:17,524000,11.504
2026/04/29 15:46:17,525000,11.501
2026/04/29 15:46:17,526000,11.499
2026/04/29 15:46:17,527000,11.490
2026/04/29 15:46:17,528000,11.493
2026/04/29 15:46:17,529000,11.496
2026/04/29 15:46:17,530000,11.496
2026/04/29 15:46:17,531000,11.499
2026/04/29 15:46:17,532000,11.501
2026/04/29 15:46:17,533000,11.499
2026/04/29 15:46:17,534000,11.501
2026/04/29 15:46:17,535000,11.496
2026/04/29 15:46:17,536000,11.499
2026/04/29 15:46:17,537000,11.507
2026/04/29 15:46:17,538000,11.499
2026/04/29 15:46:17,539000,11.493
2026/04/29 15:46:17,540000,11.499
2026/04/29 15:46:17,541000,11.504
2026/04/29 15:46:17,542000,11.507
2026/04/29 15:46:17,543000,11.507
2026/04/29 15:46:17,544000,11.501
2026/04/29 15:46:17,545000,11.504
2026/04/29 15:46:17,546000,11.501
2026/04/29 15:46:17,547000,11.501
2026/04/29 15:46:17,548000,11.499
2026/04/29 15:46:17,549000,11.504
2026/04/29 15:46:17,550000,11.499
2026/04/29 15:46:17,551000,11.499
2026/04/29 15:46:17,552000,11.499
2026/04/29 15:46:17,553000,11.499
2026/04/29 15:46:17,554000,11.504
2026/04/29 15:46:17,555000,11.504
2026/04/29 15:46:17,556000,11.496
2026/04/29 15:46:17,557000,11.499
2026/04/29 15:46:17,558000,11.499
2026/04/29 15:46:17,559000,11.507
2026/04/29 15:46:17,560000,11.504
2026/04/29 15:46:17,561000,11.504
2026/04/29 15:46:17,562000,11.501
2026/04/29 15:46:17,563000,11.499
2026/04/29 15:46:17,564000,11.496
2026/04/29 15:46:17,565000,11.496
2026/04/29 15:46:17,566000,11.501
2026/04/29 15:46:17,567000,11.493
2026/04/29 15:46:17,568000,11.496
2026/04/29 15:46:17,569000,11.499
2026/04/29 15:46:17,570000,11.504
2026/04/29 15:46:17,571000,11.501
2026/04/29 15:46:17,572000,11.496
2026/04/29 15:46:17,573000,11.499
2026/04/29 15:46:17,574000,11.496
2026/04/29 15:46:17,575000,11.507
2026/04/29 15:46:17,576000,11.504
2026/04/29 15:46:17,577000,11.493
2026/04/29 15:46:17,578000,11.501
2026/04/29 15:46:17,579000,11.496
2026/04/29 15:46:17,580000,11.496
2026/04/29 15:46:17,581000,11.499
2026/04/29 15:46:17,582000,11.490
2026/04/29 15:46:17,583000,11.504
2026/04/29 15:46:17,584000,11.501
2026/04/29 15:46:17,585000,11.496
2026/04/29 15:46:17,586000,11.499
2026/04/29 15:46:17,587000,11.501
2026/04/29 15:46:17,588000,11.499
2026/04/29 15:46:17,589000,11.501
2026/04/29 15:46:17,590000,11.501
2026/04/29 15:46:17,591000,11.496
2026/04/29 15:46:17,592000,11.499
2026/04/29 15:46:17,593000,11.501
2026/04/29 15:46:17,594000,11.493
2026/04/29 15:46:17,595000,11.499
2026/04/29 15:46:17,596000,11.499
2026/04/29 15:46:17,597000,11.499
2026/04/29 15:46:17,598000,11.499
2026/04/29 15:46:17,599000,11.501
2026/04/29 15:46:17,600000,11.504
2026/04/29 15:46:17,601000,11.499
2026/04/29 15:46:17,602000,11.499
2026/04/29 15:46:17,603000,11.496
2026/04/29 15:46:17,604000,11.501
2026/04/29 15:46:17,605000,11.504
2026/04/29 15:46:17,606000,11.501
2026/04/29 15:46:17,607000,11.499
2026/04/29 15:46:17,608000,11.499
2026/04/29 15:46:17,609000,11.496
2026/04/29 15:46:17,610000,11.501
2026/04/29 15:46:17,611000,11.496
2026/04/29 15:46:17,612000,11.499
2026/04/29 15:46:17,613000,11.501
2026/04/29 15:46:17,614000,11.504
2026/04/29 15:46:17,615000,11.493
2026/04/29 15:46:17,616000,11.501
2026/04/29 15:46:17,617000,11.501
2026/04/29 15:46:17,618000,11.501
2026/04/29 15:46:17,619000,11.493
2026/04/29 15:46:17,620000,11.501
2026/04/29 15:46:17,621000,11.501
2026/04/29 15:46:17,622000,11.499
2026/04/29 15:46:17,623000,11.499
2026/04/29 15:46:17,624000,11.496
2026/04/29 15:46:17,625000,11.504
2026/04/29 15:46:17,626000,11.501
2026/04/29 15:46:17,627000,11.490
2026/04/29 15:46:17,628000,11.499
2026/04/29 15:46:17,629000,11.501
2026/04/29 15:46:17,630000,11.499
2026/04/29 15:46:17,631000,11.496
2026/04/29 15:46:17,632000,11.501
2026/04/29 15:46:17,633000,11.501
2026/04/29 15:46:17,634000,11.501
2026/04/29 15:46:17,635000,11.501
2026/04/29 15:46:17,636000,11.501
2026/04/29 15:46:17,637000,11.501
2026/04/29 15:46:17,638000,11.501
2026/04/29 15:46:17,639000,11.504
2026/04/29 15:46:17,640000,11.501
2026/04/29 15:46:17,641000,11.496
2026/04/29 15:46:17,642000,11.504
2026/04/29 15:46:17,643000,11.501
2026/04/29 15:46:17,644000,11.496
2026/04/29 15:46:17,645000,11.499
2026/04/29 15:46:17,646000,11.499
2026/04/29 15:46:17,647000,11.501
2026/04/29 15:46:17,648000,11.499
2026/04/29 15:46:17,649000,11.501
2026/04/29 15:46:17,650000,11.493
2026/04/29 15:46:17,651000,11.499
2026/04/29 15:46:17,652000,11.501
2026/04/29 15:46:17,653000,11.507
2026/04/29 15:46:17,654000,11.496
2026/04/29 15:46:17,655000,11.496
2026/04/29 15:46:17,656000,11.496
2026/04/29 15:46:17,657000,11.499
2026/04/29 15:46:17,658000,11.490
2026/04/29 15:46:17,659000,11.504
2026/04/29 15:46:17,660000,11.501
2026/04/29 15:46:17,661000,11.501
2026/04/29 15:46:17,662000,11.496
2026/04/29 15:46:17,663000,11.507
2026/04/29 15:46:17,664000,11.501
2026/04/29 15:46:17,665000,11.501
2026/04/29 15:46:17,666000,11.507
2026/04/29 15:46:17,667000,11.499
2026/04/29 15:46:17,668000,11.499
2026/04/29 15:46:17,669000,11.501
2026/04/29 15:46:17,670000,11.499
2026/04/29 15:46:17,671000,11.499
2026/04/29 15:46:17,672000,11.496
2026/04/29 15:46:17,673000,11.504
2026/04/29 15:46:17,674000,11.499
2026/04/29 15:46:17,675000,11.504
2026/04/29 15:46:17,676000,11.501
2026/04/29 15:46:17,677000,11.501
2026/04/29 15:46:17,678000,11.504
2026/04/29 15:46:17,679000,11.496
2026/04/29 15:46:17,680000,11.499
2026/04/29 15:46:17,681000,11.501
2026/04/29 15:46:17,682000,11.501
2026/04/29 15:46:17,683000,11.504
2026/04/29 15:46:17,684000,11.499
2026/04/29 15:46:17,685000,11.501
2026/04/29 15:46:17,686000,11.504
2026/04/29 15:46:17,687000,11.499
2026/04/29 15:46:17,688000,11.501
2026/04/29 15:46:17,689000,11.499
2026/04/29 15:46:17,690000,11.501
2026/04/29 15:46:17,691000,11.504
2026/04/29 15:46:17,692000,11.501
2026/04/29 15:46:17,693000,11.496
2026/04/29 15:46:17,694000,11.501
2026/04/29 15:46:17,695000,11.501
2026/04/29 15:46:17,696000,11.504
2026/04/29 15:46:17,697000,11.501
2026/04/29 15:46:17,698000,11.499
2026/04/29 15:46:17,699000,11.499
2026/04/29 15:46:17,700000,11.504
2026/04/29 15:46:17,701000,11.493
2026/04/29 15:46:17,702000,11.504
2026/04/29 15:46:17,703000,11.501
2026/04/29 15:46:17,704000,11.507
2026/04/29 15:46:17,705000,11.493
2026/04/29 15:46:17,706000,11.493
2026/04/29 15:46:17,707000,11.499
2026/04/29 15:46:17,708000,11.501
2026/04/29 15:46:17,709000,11.504
2026/04/29 15:46:17,710000,11.499
2026/04/29 15:46:17,711000,11.501
2026/04/29 15:46:17,712000,11.504
2026/04/29 15:46:17,713000,11.501
2026/04/29 15:46:17,714000,11.501
2026/04/29 15:46:17,715000,11.504
2026/04/29 15:46:17,716000,11.496
2026/04/29 15:46:17,717000,11.499
2026/04/29 15:46:17,718000,11.501
2026/04/29 15:46:17,719000,11.501
2026/04/29 15:46:17,720000,11.501
2026/04/29 15:46:17,721000,11.499
2026/04/29 15:46:17,722000,11.501
2026/04/29 15:46:17,723000,11.499
2026/04/29 15:46:17,724000,11.501
2026/04/29 15:46:17,725000,11.496
2026/04/29 15:46:17,726000,11.496
2026/04/29 15:46:17,727000,11.493
2026/04/29 15:46:17,728000,11.496
2026/04/29 15:46:17,729000,11.499
2026/04/29 15:46:17,730000,11.501
2026/04/29 15:46:17,731000,11.504
2026/04/29 15:46:17,732000,11.501
2026/04/29 15:46:17,733000,11.504
2026/04/29 15:46:17,734000,11.501
2026/04/29 15:46:17,735000,11.504
2026/04/29 15:46:17,736000,11.501
2026/04/29 15:46:17,737000,11.501
2026/04/29 15:46:17,738000,11.499
2026/04/29 15:46:17,739000,11.496
2026/04/29 15:46:17,740000,11.499
2026/04/29 15:46:17,741000,11.504
2026/04/29 15:46:17,742000,11.513
2026/04/29 15:46:17,743000,11.504
2026/04/29 15:46:17,744000,11.499
2026/04/29 15:46:17,745000,11.499
2026/04/29 15:46:17,746000,11.504
2026/04/29 15:46:17,747000,11.501
2026/04/29 15:46:17,748000,11.496
2026/04/29 15:46:17,749000,11.499
2026/04/29 15:46:17,750000,11.496
2026/04/29 15:46:17,751000,11.504
2026/04/29 15:46:17,752000,11.496
2026/04/29 15:46:17,753000,11.504
2026/04/29 15:46:17,754000,11.501
2026/04/29 15:46:17,755000,11.501
2026/04/29 15:46:17,756000,11.510
2026/04/29 15:46:17,757000,11.496
2026/04/29 15:46:17,758000,11.496
2026/04/29 15:46:17,759000,11.496
2026/04/29 15:46:17,760000,11.499
2026/04/29 15:46:17,761000,11.496
2026/04/29 15:46:17,762000,11.504
2026/04/29 15:46:17,763000,11.499
2026/04/29 15:46:17,764000,11.504
2026/04/29 15:46:17,765000,11.504
2026/04/29 15:46:17,766000,11.499
2026/04/29 15:46:17,767000,11.499
2026/04/29 15:46:17,768000,11.496
2026/04/29 15:46:17,769000,11.493
2026/04/29 15:46:17,770000,11.504
2026/04/29 15:46:17,771000,11.501
2026/04/29 15:46:17,772000,11.501
2026/04/29 15:46:17,773000,11.499
2026/04/29 15:46:17,774000,11.499
2026/04/29 15:46:17,775000,11.499
2026/04/29 15:46:17,776000,11.501
2026/04/29 15:46:17,777000,11.504
2026/04/29 15:46:17,778000,11.504
2026/04/29 15:46:17,779000,11.499
2026/04/29 15:46:17,780000,11.501
2026/04/29 15:46:17,781000,11.499
2026/04/29 15:46:17,782000,11.501
2026/04/29 15:46:17,783000,11.499
2026/04/29 15:46:17,784000,11.501
2026/04/29 15:46:17,785000,11.504
2026/04/29 15:46:17,786000,11.496
2026/04/29 15:46:17,787000,11.504
2026/04/29 15:46:17,788000,11.501
2026/04/29 15:46:17,789000,11.501
2026/04/29 15:46:17,790000,11.499
2026/04/29 15:46:17,791000,11.501
2026/04/29 15:46:17,792000,11.501
2026/04/29 15:46:17,793000,11.501
2026/04/29 15:46:17,794000,11.499
2026/04/29 15:46:17,795000,11.504
2026/04/29 15:46:17,796000,11.485
2026/04/29 15:46:17,797000,11.499
2026/04/29 15:46:17,798000,11.496
2026/04/29 15:46:17,799000,11.493
2026/04/29 15:46:17,800000,11.501
2026/04/29 15:46:17,801000,11.499
2026/04/29 15:46:17,802000,11.501
2026/04/29 15:46:17,803000,11.504
2026/04/29 15:46:17,804000,11.499
2026/04/29 15:46:17,805000,11.504
2026/04/29 15:46:17,806000,11.499
2026/04/29 15:46:17,807000,11.499
2026/04/29 15:46:17,808000,11.504
2026/04/29 15:46:17,809000,11.499
2026/04/29 15:46:17,810000,11.496
2026/04/29 15:46:17,811000,11.501
2026/04/29 15:46:17,812000,11.501
2026/04/29 15:46:17,813000,11.499
2026/04/29 15:46:17,814000,11.499
2026/04/29 15:46:17,815000,11.499
2026/04/29 15:46:17,816000,11.501
2026/04/29 15:46:17,817000,11.504
2026/04/29 15:46:17,818000,11.496
2026/04/29 15:46:17,819000,11.501
2026/04/29 15:46:17,820000,11.504
2026/04/29 15:46:17,821000,11.501
2026/04/29 15:46:17,822000,11.504
2026/04/29 15:46:17,823000,11.499
2026/04/29 15:46:17,824000,11.504
2026/04/29 15:46:17,825000,11.507
2026/04/29 15:46:17,826000,11.501
2026/04/29 15:46:17,827000,11.493
2026/04/29 15:46:17,828000,11.499
2026/04/29 15:46:17,829000,11.501
2026/04/29 15:46:17,830000,11.496
2026/04/29 15:46:17,831000,11.493
2026/04/29 15:46:17,832000,11.499
2026/04/29 15:46:17,833000,11.499
2026/04/29 15:46:17,834000,11.501
2026/04/29 15:46:17,835000,11.496
2026/04/29 15:46:17,836000,11.493
2026/04/29 15:46:17,837000,11.501
2026/04/29 15:46:17,838000,11.496
2026/04/29 15:46:17,839000,11.499
2026/04/29 15:46:17,840000,11.504
2026/04/29 15:46:17,841000,11.501
2026/04/29 15:46:17,842000,11.499
2026/04/29 15:46:17,843000,11.504
2026/04/29 15:46:17,844000,11.501
2026/04/29 15:46:17,845000,11.493
2026/04/29 15:46:17,846000,11.499
2026/04/29 15:46:17,847000,11.496
2026/04/29 15:46:17,848000,11.501
2026/04/29 15:46:17,849000,11.501
2026/04/29 15:46:17,850000,11.493
2026/04/29 15:46:17,851000,11.504
2026/04/29 15:46:17,852000,11.499
2026/04/29 15:46:17,853000,11.504
2026/04/29 15:46:17,854000,11.499
2026/04/29 15:46:17,855000,11.499
2026/04/29 15:46:17,856000,11.496
2026/04/29 15:46:17,857000,11.499
2026/04/29 15:46:17,858000,11.510
2026/04/29 15:46:17,859000,11.504
2026/04/29 15:46:17,860000,11.496
2026/04/29 15:46:17,861000,11.499
2026/04/29 15:46:17,862000,11.496
2026/04/29 15:46:17,863000,11.501
2026/04/29 15:46:17,864000,11.501
2026/04/29 15:46:17,865000,11.501
2026/04/29 15:46:17,866000,11.504
2026/04/29 15:46:17,867000,11.499
2026/04/29 15:46:17,868000,11.501
2026/04/29 15:46:17,869000,11.499
2026/04/29 15:46:17,870000,11.501
2026/04/29 15:46:17,871000,11.493
2026/04/29 15:46:17,872000,11.499
2026/04/29 15:46:17,873000,11.499
2026/04/29 15:46:17,874000,11.504
2026/04/29 15:46:17,875000,11.501
2026/04/29 15:46:17,876000,11.501
2026/04/29 15:46:17,877000,11.499
2026/04/29 15:46:17,878000,11.499
2026/04/29 15:46:17,879000,11.499
2026/04/29 15:46:17,880000,11.499
2026/04/29 15:46:17,881000,11.504
2026/04/29 15:46:17,882000,11.501
2026/04/29 15:46:17,883000,11.493
2026/04/29 15:46:17,884000,11.501
2026/04/29 15:46:17,885000,11.504
2026/04/29 15:46:17,886000,11.499
2026/04/29 15:46:17,887000,11.501
2026/04/29 15:46:17,888000,11.496
2026/04/29 15:46:17,889000,11.499
2026/04/29 15:46:17,890000,11.499
2026/04/29 15:46:17,891000,11.501
2026/04/29 15:46:17,892000,11.504
2026/04/29 15:46:17,893000,11.496
2026/04/29 15:46:17,894000,11.501
2026/04/29 15:46:17,895000,11.499
2026/04/29 15:46:17,896000,11.507
2026/04/29 15:46:17,897000,11.499
2026/04/29 15:46:17,898000,11.513
2026/04/29 15:46:17,899000,11.504
2026/04/29 15:46:17,900000,11.499
2026/04/29 15:46:17,901000,11.496
2026/04/29 15:46:17,902000,11.490
2026/04/29 15:46:17,903000,11.504
2026/04/29 15:46:17,904000,11.501
2026/04/29 15:46:17,905000,11.504
2026/04/29 15:46:17,906000,11.504
2026/04/29 15:46:17,907000,11.501
2026/04/29 15:46:17,908000,11.501
2026/04/29 15:46:17,909000,11.504
2026/04/29 15:46:17,910000,11.501
2026/04/29 15:46:17,911000,11.499
2026/04/29 15:46:17,912000,11.501
2026/04/29 15:46:17,913000,11.496
2026/04/29 15:46:17,914000,11.504
2026/04/29 15:46:17,915000,11.493
2026/04/29 15:46:17,916000,11.501
2026/04/29 15:46:17,917000,11.504
2026/04/29 15:46:17,918000,11.499
2026/04/29 15:46:17,919000,11.496
2026/04/29 15:46:17,920000,11.501
2026/04/29 15:46:17,921000,11.493
2026/04/29 15:46:17,922000,11.499
2026/04/29 15:46:17,923000,11.493
2026/04/29 15:46:17,924000,11.501
2026/04/29 15:46:17,925000,11.499
2026/04/29 15:46:17,926000,11.501
2026/04/29 15:46:17,927000,11.493
2026/04/29 15:46:17,928000,11.499
2026/04/29 15:46:17,929000,11.504
2026/04/29 15:46:17,930000,11.504
2026/04/29 15:46:17,931000,11.501
2026/04/29 15:46:17,932000,11.493
2026/04/29 15:46:17,933000,11.490
2026/04/29 15:46:17,934000,11.504
2026/04/29 15:46:17,935000,11.499
2026/04/29 15:46:17,936000,11.493
2026/04/29 15:46:17,937000,11.496
2026/04/29 15:46:17,938000,11.499
2026/04/29 15:46:17,939000,11.504
2026/04/29 15:46:17,940000,11.504
2026/04/29 15:46:17,941000,11.499
2026/04/29 15:46:17,942000,11.499
2026/04/29 15:46:17,943000,11.501
2026/04/29 15:46:17,944000,11.496
2026/04/29 15:46:17,945000,11.501
2026/04/29 15:46:17,946000,11.504
2026/04/29 15:46:17,947000,11.504
2026/04/29 15:46:17,948000,11.499
2026/04/29 15:46:17,949000,11.499
2026/04/29 15:46:17,950000,11.496
2026/04/29 15:46:17,951000,11.499
2026/04/29 15:46:17,952000,11.501
2026/04/29 15:46:17,953000,11.504
2026/04/29 15:46:17,954000,11.499
2026/04/29 15:46:17,955000,11.496
2026/04/29 15:46:17,956000,11.504
2026/04/29 15:46:17,957000,11.501
2026/04/29 15:46:17,958000,11.499
2026/04/29 15:46:17,959000,11.499
2026/04/29 15:46:17,960000,11.499
2026/04/29 15:46:17,961000,11.501
2026/04/29 15:46:17,962000,11.496
2026/04/29 15:46:17,963000,11.499
2026/04/29 15:46:17,964000,11.507
2026/04/29 15:46:17,965000,11.499
2026/04/29 15:46:17,966000,11.496
2026/04/29 15:46:17,967000,11.496
2026/04/29 15:46:17,968000,11.504
2026/04/29 15:46:17,969000,11.504
2026/04/29 15:46:17,970000,11.501
2026/04/29 15:46:17,971000,11.499
2026/04/29 15:46:17,972000,11.496
2026/04/29 15:46:17,973000,11.499
2026/04/29 15:46:17,974000,11.504
2026/04/29 15:46:17,975000,11.501
2026/04/29 15:46:17,976000,11.501
2026/04/29 15:46:17,977000,11.496
2026/04/29 15:46:17,978000,11.501
2026/04/29 15:46:17,979000,11.496
2026/04/29 15:46:17,980000,11.501
2026/04/29 15:46:17,981000,11.501
2026/04/29 15:46:17,982000,11.504
2026/04/29 15:46:17,983000,11.501
2026/04/29 15:46:17,984000,11.496
2026/04/29 15:46:17,985000,11.504
2026/04/29 15:46:17,986000,11.499
2026/04/29 15:46:17,987000,11.499
2026/04/29 15:46:17,988000,11.501
2026/04/29 15:46:17,989000,11.501
2026/04/29 15:46:17,990000,11.499
2026/04/29 15:46:17,991000,11.493
2026/04/29 15:46:17,992000,11.499
2026/04/29 15:46:17,993000,11.493
2026/04/29 15:46:17,994000,11.499
2026/04/29 15:46:17,995000,11.501
2026/04/29 15:46:17,996000,11.501
2026/04/29 15:46:17,997000,11.504
2026/04/29 15:46:17,998000,11.504
2026/04/29 15:46:17,999000,11.504
2026/04/29 15:46:18,000000,11.504
2026/04/29 15:46:18,001000,11.501
2026/04/29 15:46:18,002000,11.499
2026/04/29 15:46:18,003000,11.499
2026/04/29 15:46:18,004000,11.504
2026/04/29 15:46:18,005000,11.496
2026/04/29 15:46:18,006000,11.496
2026/04/29 15:46:18,007000,11.504
2026/04/29 15:46:18,008000,11.501
2026/04/29 15:46:18,009000,11.499
2026/04/29 15:46:18,010000,11.496
2026/04/29 15:46:18,011000,11.501
2026/04/29 15:46:18,012000,11.501
2026/04/29 15:46:18,013000,11.499
2026/04/29 15:46:18,014000,11.501
2026/04/29 15:46:18,015000,11.499
2026/04/29 15:46:18,016000,11.501
2026/04/29 15:46:18,017000,11.504
2026/04/29 15:46:18,018000,11.499
2026/04/29 15:46:18,019000,11.504
2026/04/29 15:46:18,020000,11.504
2026/04/29 15:46:18,021000,11.499
2026/04/29 15:46:18,022000,11.496
2026/04/29 15:46:18,023000,11.507
2026/04/29 15:46:18,024000,11.496
2026/04/29 15:46:18,025000,11.499
2026/04/29 15:46:18,026000,11.504
2026/04/29 15:46:18,027000,11.501
2026/04/29 15:46:18,028000,11.490
2026/04/29 15:46:18,029000,11.504
2026/04/29 15:46:18,030000,11.496
2026/04/29 15:46:18,031000,11.504
2026/04/29 15:46:18,032000,11.499
2026/04/29 15:46:18,033000,11.493
2026/04/29 15:46:18,034000,11.504
2026/04/29 15:46:18,035000,11.501
2026/04/29 15:46:18,036000,11.496
2026/04/29 15:46:18,037000,11.504
2026/04/29 15:46:18,038000,11.501
2026/04/29 15:46:18,039000,11.499
2026/04/29 15:46:18,040000,11.501
2026/04/29 15:46:18,041000,11.501
2026/04/29 15:46:18,042000,11.504
2026/04/29 15:46:18,043000,11.510
2026/04/29 15:46:18,044000,11.499
2026/04/29 15:46:18,045000,11.499
2026/04/29 15:46:18,046000,11.504
2026/04/29 15:46:18,047000,11.501
2026/04/29 15:46:18,048000,11.496
2026/04/29 15:46:18,049000,11.507
2026/04/29 15:46:18,050000,11.504
2026/04/29 15:46:18,051000,11.501
2026/04/29 15:46:18,052000,11.499
2026/04/29 15:46:18,053000,11.504
2026/04/29 15:46:18,054000,11.504
2026/04/29 15:46:18,055000,11.499
2026/04/29 15:46:18,056000,11.499
2026/04/29 15:46:18,057000,11.499
2026/04/29 15:46:18,058000,11.501
2026/04/29 15:46:18,059000,11.493
2026/04/29 15:46:18,060000,11.496
2026/04/29 15:46:18,061000,11.501
2026/04/29 15:46:18,062000,11.499
2026/04/29 15:46:18,063000,11.501
2026/04/29 15:46:18,064000,11.499
2026/04/29 15:46:18,065000,11.496
2026/04/29 15:46:18,066000,11.501
2026/04/29 15:46:18,067000,11.493
2026/04/29 15:46:18,068000,11.510
2026/04/29 15:46:18,069000,11.499
2026/04/29 15:46:18,070000,11.501
2026/04/29 15:46:18,071000,11.501
2026/04/29 15:46:18,072000,11.496
2026/04/29 15:46:18,073000,11.504
2026/04/29 15:46:18,074000,11.501
2026/04/29 15:46:18,075000,11.493
2026/04/29 15:46:18,076000,11.501
2026/04/29 15:46:18,077000,11.504
2026/04/29 15:46:18,078000,11.501
2026/04/29 15:46:18,079000,11.501
2026/04/29 15:46:18,080000,11.504
2026/04/29 15:46:18,081000,11.501
2026/04/29 15:46:18,082000,11.493
2026/04/29 15:46:18,083000,11.499
2026/04/29 15:46:18,084000,11.496
2026/04/29 15:46:18,085000,11.499
2026/04/29 15:46:18,086000,11.504
2026/04/29 15:46:18,087000,11.504
2026/04/29 15:46:18,088000,11.501
2026/04/29 15:46:18,089000,11.499
2026/04/29 15:46:18,090000,11.496
2026/04/29 15:46:18,091000,11.504
2026/04/29 15:46:18,092000,11.504
2026/04/29 15:46:18,093000,11.499
2026/04/29 15:46:18,094000,11.504
2026/04/29 15:46:18,095000,11.496
2026/04/29 15:46:18,096000,11.496
2026/04/29 15:46:18,097000,11.504
2026/04/29 15:46:18,098000,11.499
2026/04/29 15:46:18,099000,11.493
2026/04/29 15:46:18,100000,11.499
2026/04/29 15:46:18,101000,11.499
2026/04/29 15:46:18,102000,11.499
2026/04/29 15:46:18,103000,11.496
2026/04/29 15:46:18,104000,11.499
2026/04/29 15:46:18,105000,11.504
2026/04/29 15:46:18,106000,11.507
2026/04/29 15:46:18,107000,11.499
2026/04/29 15:46:18,108000,11.496
2026/04/29 15:46:18,109000,11.501
2026/04/29 15:46:18,110000,11.501
2026/04/29 15:46:18,111000,11.499
2026/04/29 15:46:18,112000,11.504
2026/04/29 15:46:18,113000,11.499
2026/04/29 15:46:18,114000,11.501
2026/04/29 15:46:18,115000,11.493
2026/04/29 15:46:18,116000,11.501
2026/04/29 15:46:18,117000,11.493
2026/04/29 15:46:18,118000,11.501
2026/04/29 15:46:18,119000,11.499
2026/04/29 15:46:18,120000,11.501
2026/04/29 15:46:18,121000,11.504
2026/04/29 15:46:18,122000,11.504
2026/04/29 15:46:18,123000,11.493
2026/04/29 15:46:18,124000,11.501
2026/04/29 15:46:18,125000,11.499
2026/04/29 15:46:18,126000,11.504
2026/04/29 15:46:18,127000,11.493
2026/04/29 15:46:18,128000,11.501
2026/04/29 15:46:18,129000,11.499
2026/04/29 15:46:18,130000,11.507
2026/04/29 15:46:18,131000,11.499
2026/04/29 15:46:18,132000,11.493
2026/04/29 15:46:18,133000,11.499
2026/04/29 15:46:18,134000,11.493
2026/04/29 15:46:18,135000,11.499
2026/04/29 15:46:18,136000,11.499
2026/04/29 15:46:18,137000,11.501
2026/04/29 15:46:18,138000,11.501
2026/04/29 15:46:18,139000,11.501
2026/04/29 15:46:18,140000,11.496
2026/04/29 15:46:18,141000,11.501
2026/04/29 15:46:18,142000,11.499
2026/04/29 15:46:18,143000,11.496
2026/04/29 15:46:18,144000,11.501
2026/04/29 15:46:18,145000,11.507
2026/04/29 15:46:18,146000,11.499
2026/04/29 15:46:18,147000,11.499
2026/04/29 15:46:18,148000,11.499
2026/04/29 15:46:18,149000,11.493
2026/04/29 15:46:18,150000,11.501
2026/04/29 15:46:18,151000,11.504
2026/04/29 15:46:18,152000,11.496
2026/04/29 15:46:18,153000,11.501
2026/04/29 15:46:18,154000,11.499
2026/04/29 15:46:18,155000,11.499
2026/04/29 15:46:18,156000,11.501
2026/04/29 15:46:18,157000,11.501
2026/04/29 15:46:18,158000,11.493
2026/04/29 15:46:18,159000,11.493
2026/04/29 15:46:18,160000,11.504
2026/04/29 15:46:18,161000,11.499
2026/04/29 15:46:18,162000,11.499
2026/04/29 15:46:18,163000,11.499
2026/04/29 15:46:18,164000,11.499
2026/04/29 15:46:18,165000,11.499
2026/04/29 15:46:18,166000,11.499
2026/04/29 15:46:18,167000,11.504
2026/04/29 15:46:18,168000,11.501
2026/04/29 15:46:18,169000,11.501
2026/04/29 15:46:18,170000,11.501
2026/04/29 15:46:18,171000,11.493
2026/04/29 15:46:18,172000,11.504
2026/04/29 15:46:18,173000,11.496
2026/04/29 15:46:18,174000,11.499
2026/04/29 15:46:18,175000,11.501
2026/04/29 15:46:18,176000,11.504
2026/04/29 15:46:18,177000,11.501
2026/04/29 15:46:18,178000,11.496
2026/04/29 15:46:18,179000,11.501
2026/04/29 15:46:18,180000,11.499
2026/04/29 15:46:18,181000,11.501
2026/04/29 15:46:18,182000,11.504
2026/04/29 15:46:18,183000,11.493
2026/04/29 15:46:18,184000,11.501
2026/04/29 15:46:18,185000,11.499
2026/04/29 15:46:18,186000,11.501
2026/04/29 15:46:18,187000,11.499
2026/04/29 15:46:18,188000,11.499
2026/04/29 15:46:18,189000,11.504
2026/04/29 15:46:18,190000,11.501
2026/04/29 15:46:18,191000,11.499
2026/04/29 15:46:18,192000,11.501
2026/04/29 15:46:18,193000,11.499
2026/04/29 15:46:18,194000,11.499
2026/04/29 15:46:18,195000,11.504
2026/04/29 15:46:18,196000,11.501
2026/04/29 15:46:18,197000,11.496
2026/04/29 15:46:18,198000,11.499
2026/04/29 15:46:18,199000,11.496
2026/04/29 15:46:18,200000,11.499
2026/04/29 15:46:18,201000,11.501
2026/04/29 15:46:18,202000,11.501
2026/04/29 15:46:18,203000,11.499
2026/04/29 15:46:18,204000,11.496
2026/04/29 15:46:18,205000,11.493
2026/04/29 15:46:18,206000,11.496
2026/04/29 15:46:18,207000,11.504
2026/04/29 15:46:18,208000,11.504
2026/04/29 15:46:18,209000,11.499
2026/04/29 15:46:18,210000,11.501
2026/04/29 15:46:18,211000,11.504
2026/04/29 15:46:18,212000,11.501
2026/04/29 15:46:18,213000,11.496
2026/04/29 15:46:18,214000,11.499
2026/04/29 15:46:18,215000,11.501
2026/04/29 15:46:18,216000,11.504
2026/04/29 15:46:18,217000,11.504
2026/04/29 15:46:18,218000,11.501
2026/04/29 15:46:18,219000,11.501
2026/04/29 15:46:18,220000,11.501
2026/04/29 15:46:18,221000,11.499
2026/04/29 15:46:18,222000,11.504
2026/04/29 15:46:18,223000,11.496
2026/04/29 15:46:18,224000,11.510
2026/04/29 15:46:18,225000,11.493
2026/04/29 15:46:18,226000,11.510
2026/04/29 15:46:18,227000,11.501
2026/04/29 15:46:18,228000,11.496
2026/04/29 15:46:18,229000,11.504
2026/04/29 15:46:18,230000,11.501
2026/04/29 15:46:18,231000,11.501
2026/04/29 15:46:18,232000,11.501
2026/04/29 15:46:18,233000,11.499
2026/04/29 15:46:18,234000,11.501
2026/04/29 15:46:18,235000,11.496
2026/04/29 15:46:18,236000,11.504
2026/04/29 15:46:18,237000,11.499
2026/04/29 15:46:18,238000,11.499
2026/04/29 15:46:18,239000,11.501
2026/04/29 15:46:18,240000,11.493
2026/04/29 15:46:18,241000,11.493
2026/04/29 15:46:18,242000,11.496
2026/04/29 15:46:18,243000,11.499
2026/04/29 15:46:18,244000,11.499
2026/04/29 15:46:18,245000,11.501
2026/04/29 15:46:18,246000,11.501
2026/04/29 15:46:18,247000,11.501
2026/04/29 15:46:18,248000,11.501
2026/04/29 15:46:18,249000,11.501
2026/04/29 15:46:18,250000,11.501
2026/04/29 15:46:18,251000,11.499
2026/04/29 15:46:18,252000,11.501
2026/04/29 15:46:18,253000,11.504
2026/04/29 15:46:18,254000,11.510
2026/04/29 15:46:18,255000,11.501
2026/04/29 15:46:18,256000,11.501
2026/04/29 15:46:18,257000,11.496
2026/04/29 15:46:18,258000,11.501
2026/04/29 15:46:18,259000,11.496
2026/04/29 15:46:18,260000,11.493
2026/04/29 15:46:18,261000,11.496
2026/04/29 15:46:18,262000,11.501
2026/04/29 15:46:18,263000,11.504
2026/04/29 15:46:18,264000,11.499
2026/04/29 15:46:18,265000,11.501
2026/04/29 15:46:18,266000,11.496
2026/04/29 15:46:18,267000,11.501
2026/04/29 15:46:18,268000,11.499
2026/04/29 15:46:18,269000,11.504
2026/04/29 15:46:18,270000,11.507
2026/04/29 15:46:18,271000,11.499
2026/04/29 15:46:18,272000,11.501
2026/04/29 15:46:18,273000,11.499
2026/04/29 15:46:18,274000,11.499
2026/04/29 15:46:18,275000,11.504
2026/04/29 15:46:18,276000,11.501
2026/04/29 15:46:18,277000,11.501
2026/04/29 15:46:18,278000,11.507
2026/04/29 15:46:18,279000,11.493
2026/04/29 15:46:18,280000,11.499
2026/04/29 15:46:18,281000,11.499
2026/04/29 15:46:18,282000,11.501
2026/04/29 15:46:18,283000,11.496
2026/04/29 15:46:18,284000,11.501
2026/04/29 15:46:18,285000,11.501
2026/04/29 15:46:18,286000,11.504
2026/04/29 15:46:18,287000,11.501
2026/04/29 15:46:18,288000,11.501
2026/04/29 15:46:18,289000,11.504
2026/04/29 15:46:18,290000,11.499
2026/04/29 15:46:18,291000,11.501
2026/04/29 15:46:18,292000,11.496
2026/04/29 15:46:18,293000,11.501
2026/04/29 15:46:18,294000,11.499
2026/04/29 15:46:18,295000,11.496
2026/04/29 15:46:18,296000,11.501
2026/04/29 15:46:18,297000,11.504
2026/04/29 15:46:18,298000,11.493
2026/04/29 15:46:18,299000,11.501
2026/04/29 15:46:18,300000,11.510
2026/04/29 15:46:18,301000,11.499
2026/04/29 15:46:18,302000,11.501
2026/04/29 15:46:18,303000,11.501
2026/04/29 15:46:18,304000,11.499
2026/04/29 15:46:18,305000,11.501
2026/04/29 15:46:18,306000,11.501
2026/04/29 15:46:18,307000,11.499
2026/04/29 15:46:18,308000,11.501
2026/04/29 15:46:18,309000,11.501
2026/04/29 15:46:18,310000,11.504
2026/04/29 15:46:18,311000,11.496
2026/04/29 15:46:18,312000,11.501
2026/04/29 15:46:18,313000,11.499
2026/04/29 15:46:18,314000,11.496
2026/04/29 15:46:18,315000,11.501
2026/04/29 15:46:18,316000,11.504
2026/04/29 15:46:18,317000,11.504
2026/04/29 15:46:18,318000,11.493
2026/04/29 15:46:18,319000,11.501
2026/04/29 15:46:18,320000,11.504
2026/04/29 15:46:18,321000,11.501
2026/04/29 15:46:18,322000,11.501
2026/04/29 15:46:18,323000,11.504
2026/04/29 15:46:18,324000,11.493
2026/04/29 15:46:18,325000,11.507
2026/04/29 15:46:18,326000,11.499
2026/04/29 15:46:18,327000,11.501
2026/04/29 15:46:18,328000,11.499
2026/04/29 15:46:18,329000,11.496
2026/04/29 15:46:18,330000,11.496
2026/04/29 15:46:18,331000,11.501
2026/04/29 15:46:18,332000,11.501
2026/04/29 15:46:18,333000,11.501
2026/04/29 15:46:18,334000,11.501
2026/04/29 15:46:18,335000,11.499
2026/04/29 15:46:18,336000,11.507
2026/04/29 15:46:18,337000,11.499
2026/04/29 15:46:18,338000,11.501
2026/04/29 15:46:18,339000,11.499
2026/04/29 15:46:18,340000,11.496
2026/04/29 15:46:18,341000,11.501
2026/04/29 15:46:18,342000,11.504
2026/04/29 15:46:18,343000,11.501
2026/04/29 15:46:18,344000,11.499
2026/04/29 15:46:18,345000,11.501
2026/04/29 15:46:18,346000,11.501
2026/04/29 15:46:18,347000,11.504
2026/04/29 15:46:18,348000,11.504
2026/04/29 15:46:18,349000,11.499
2026/04/29 15:46:18,350000,11.501
2026/04/29 15:46:18,351000,11.496
2026/04/29 15:46:18,352000,11.496
2026/04/29 15:46:18,353000,11.501
2026/04/29 15:46:18,354000,11.501
2026/04/29 15:46:18,355000,11.496
2026/04/29 15:46:18,356000,11.499
2026/04/29 15:46:18,357000,11.493
2026/04/29 15:46:18,358000,11.504
2026/04/29 15:46:18,359000,11.501
2026/04/29 15:46:18,360000,11.504
2026/04/29 15:46:18,361000,11.499
2026/04/29 15:46:18,362000,11.499
2026/04/29 15:46:18,363000,11.499
2026/04/29 15:46:18,364000,11.501
2026/04/29 15:46:18,365000,11.499
2026/04/29 15:46:18,366000,11.499
2026/04/29 15:46:18,367000,11.504
2026/04/29 15:46:18,368000,11.504
2026/04/29 15:46:18,369000,11.501
2026/04/29 15:46:18,370000,11.499
2026/04/29 15:46:18,371000,11.499
2026/04/29 15:46:18,372000,11.496
2026/04/29 15:46:18,373000,11.493
2026/04/29 15:46:18,374000,11.504
2026/04/29 15:46:18,375000,11.499
2026/04/29 15:46:18,376000,11.496
2026/04/29 15:46:18,377000,11.499
2026/04/29 15:46:18,378000,11.499
2026/04/29 15:46:18,379000,11.499
2026/04/29 15:46:18,380000,11.499
2026/04/29 15:46:18,381000,11.499
2026/04/29 15:46:18,382000,11.504
2026/04/29 15:46:18,383000,11.501
2026/04/29 15:46:18,384000,11.504
2026/04/29 15:46:18,385000,11.504
2026/04/29 15:46:18,386000,11.501
2026/04/29 15:46:18,387000,11.507
2026/04/29 15:46:18,388000,11.493
2026/04/29 15:46:18,389000,11.507
2026/04/29 15:46:18,390000,11.499
2026/04/29 15:46:18,391000,11.499
2026/04/29 15:46:18,392000,11.504
2026/04/29 15:46:18,393000,11.501
2026/04/29 15:46:18,394000,11.499
2026/04/29 15:46:18,395000,11.507
2026/04/29 15:46:18,396000,11.501
2026/04/29 15:46:18,397000,11.501
2026/04/29 15:46:18,398000,11.501
2026/04/29 15:46:18,399000,11.496
2026/04/29 15:46:18,400000,11.496
2026/04/29 15:46:18,401000,11.501
2026/04/29 15:46:18,402000,11.496
2026/04/29 15:46:18,403000,11.504
2026/04/29 15:46:18,404000,11.499
2026/04/29 15:46:18,405000,11.499
2026/04/29 15:46:18,406000,11.499
2026/04/29 15:46:18,407000,11.496
2026/04/29 15:46:18,408000,11.499
2026/04/29 15:46:18,409000,11.499
2026/04/29 15:46:18,410000,11.499
2026/04/29 15:46:18,411000,11.501
2026/04/29 15:46:18,412000,11.499
2026/04/29 15:46:18,413000,11.501
2026/04/29 15:46:18,414000,11.493
2026/04/29 15:46:18,415000,11.499
2026/04/29 15:46:18,416000,11.499
2026/04/29 15:46:18,417000,11.501
2026/04/29 15:46:18,418000,11.493
2026/04/29 15:46:18,419000,11.499
2026/04/29 15:46:18,420000,11.496
2026/04/29 15:46:18,421000,11.501
2026/04/29 15:46:18,422000,11.501
2026/04/29 15:46:18,423000,11.496
2026/04/29 15:46:18,424000,11.501
2026/04/29 15:46:18,425000,11.501
2026/04/29 15:46:18,426000,11.499
2026/04/29 15:46:18,427000,11.504
2026/04/29 15:46:18,428000,11.493
2026/04/29 15:46:18,429000,11.499
2026/04/29 15:46:18,430000,11.499
2026/04/29 15:46:18,431000,11.499
2026/04/29 15:46:18,432000,11.501
2026/04/29 15:46:18,433000,11.499
2026/04/29 15:46:18,434000,11.504
2026/04/29 15:46:18,435000,11.496
2026/04/29 15:46:18,436000,11.501
2026/04/29 15:46:18,437000,11.499
2026/04/29 15:46:18,438000,11.504
2026/04/29 15:46:18,439000,11.499
2026/04/29 15:46:18,440000,11.501
2026/04/29 15:46:18,441000,11.499
2026/04/29 15:46:18,442000,11.501
2026/04/29 15:46:18,443000,11.496
2026/04/29 15:46:18,444000,11.493
2026/04/29 15:46:18,445000,11.499
2026/04/29 15:46:18,446000,11.507
2026/04/29 15:46:18,447000,11.504
2026/04/29 15:46:18,448000,11.504
2026/04/29 15:46:18,449000,11.501
2026/04/29 15:46:18,450000,11.493
2026/04/29 15:46:18,451000,11.501
2026/04/29 15:46:18,452000,11.496
2026/04/29 15:46:18,453000,11.501
2026/04/29 15:46:18,454000,11.499
2026/04/29 15:46:18,455000,11.501
2026/04/29 15:46:18,456000,11.499
2026/04/29 15:46:18,457000,11.499
2026/04/29 15:46:18,458000,11.496
2026/04/29 15:46:18,459000,11.499
2026/04/29 15:46:18,460000,11.499
2026/04/29 15:46:18,461000,11.496
2026/04/29 15:46:18,462000,11.504
2026/04/29 15:46:18,463000,11.496
2026/04/29 15:46:18,464000,11.496
2026/04/29 15:46:18,465000,11.501
2026/04/29 15:46:18,466000,11.499
2026/04/29 15:46:18,467000,11.501
2026/04/29 15:46:18,468000,11.499
2026/04/29 15:46:18,469000,11.499
2026/04/29 15:46:18,470000,11.501
2026/04/29 15:46:18,471000,11.504
2026/04/29 15:46:18,472000,11.501
2026/04/29 15:46:18,473000,11.496
2026/04/29 15:46:18,474000,11.504
2026/04/29 15:46:18,475000,11.496
2026/04/29 15:46:18,476000,11.501
2026/04/29 15:46:18,477000,11.499
2026/04/29 15:46:18,478000,11.501
2026/04/29 15:46:18,479000,11.504
2026/04/29 15:46:18,480000,11.496
2026/04/29 15:46:18,481000,11.501
2026/04/29 15:46:18,482000,11.499
2026/04/29 15:46:18,483000,11.499
2026/04/29 15:46:18,484000,11.504
2026/04/29 15:46:18,485000,11.501
2026/04/29 15:46:18,486000,11.499
2026/04/29 15:46:18,487000,11.496
2026/04/29 15:46:18,488000,11.490
2026/04/29 15:46:18,489000,11.496
2026/04/29 15:46:18,490000,11.499
2026/04/29 15:46:18,491000,11.499
2026/04/29 15:46:18,492000,11.501
2026/04/29 15:46:18,493000,11.496
2026/04/29 15:46:18,494000,11.496
2026/04/29 15:46:18,495000,11.499
2026/04/29 15:46:18,496000,11.501
2026/04/29 15:46:18,497000,11.499
2026/04/29 15:46:18,498000,11.504
2026/04/29 15:46:18,499000,11.499
2026/04/29 15:46:18,500000,11.499
2026/04/29 15:46:18,501000,11.499
2026/04/29 15:46:18,502000,11.499
2026/04/29 15:46:18,503000,11.499
2026/04/29 15:46:18,504000,11.499
2026/04/29 15:46:18,505000,11.501
2026/04/29 15:46:18,506000,11.501
2026/04/29 15:46:18,507000,11.499
2026/04/29 15:46:18,508000,11.499
2026/04/29 15:46:18,509000,11.499
2026/04/29 15:46:18,510000,11.501
2026/04/29 15:46:18,511000,11.493
2026/04/29 15:46:18,512000,11.496
2026/04/29 15:46:18,513000,11.501
2026/04/29 15:46:18,514000,11.501
2026/04/29 15:46:18,515000,11.493
2026/04/29 15:46:18,516000,11.501
2026/04/29 15:46:18,517000,11.504
2026/04/29 15:46:18,518000,11.493
2026/04/29 15:46:18,519000,11.499
2026/04/29 15:46:18,520000,11.499
2026/04/29 15:46:18,521000,11.496
2026/04/29 15:46:18,522000,11.504
2026/04/29 15:46:18,523000,11.499
2026/04/29 15:46:18,524000,11.499
2026/04/29 15:46:18,525000,11.499
2026/04/29 15:46:18,526000,11.499
2026/04/29 15:46:18,527000,11.501
2026/04/29 15:46:18,528000,11.504
2026/04/29 15:46:18,529000,11.496
2026/04/29 15:46:18,530000,11.499
2026/04/29 15:46:18,531000,11.504
2026/04/29 15:46:18,532000,11.496
2026/04/29 15:46:18,533000,11.499
2026/04/29 15:46:18,534000,11.499
2026/04/29 15:46:18,535000,11.501
2026/04/29 15:46:18,536000,11.501
2026/04/29 15:46:18,537000,11.501
2026/04/29 15:46:18,538000,11.499
2026/04/29 15:46:18,539000,11.499
2026/04/29 15:46:18,540000,11.499
2026/04/29 15:46:18,541000,11.499
2026/04/29 15:46:18,542000,11.499
2026/04/29 15:46:18,543000,11.499
2026/04/29 15:46:18,544000,11.499
2026/04/29 15:46:18,545000,11.496
2026/04/29 15:46:18,546000,11.499
2026/04/29 15:46:18,547000,11.493
2026/04/29 15:46:18,548000,11.499
2026/04/29 15:46:18,549000,11.501
2026/04/29 15:46:18,550000,11.507
2026/04/29 15:46:18,551000,11.496
2026/04/29 15:46:18,552000,11.501
2026/04/29 15:46:18,553000,11.501
2026/04/29 15:46:18,554000,11.501
2026/04/29 15:46:18,555000,11.499
2026/04/29 15:46:18,556000,11.499
2026/04/29 15:46:18,557000,11.499
2026/04/29 15:46:18,558000,11.499
2026/04/29 15:46:18,559000,11.501
2026/04/29 15:46:18,560000,11.501
2026/04/29 15:46:18,561000,11.499
2026/04/29 15:46:18,562000,11.490
2026/04/29 15:46:18,563000,11.504
2026/04/29 15:46:18,564000,11.499
2026/04/29 15:46:18,565000,11.499
2026/04/29 15:46:18,566000,11.493
2026/04/29 15:46:18,567000,11.507
2026/04/29 15:46:18,568000,11.496
2026/04/29 15:46:18,569000,11.501
2026/04/29 15:46:18,570000,11.504
2026/04/29 15:46:18,571000,11.501
2026/04/29 15:46:18,572000,11.496
2026/04/29 15:46:18,573000,11.504
2026/04/29 15:46:18,574000,11.501
2026/04/29 15:46:18,575000,11.501
2026/04/29 15:46:18,576000,11.501
2026/04/29 15:46:18,577000,11.499
2026/04/29 15:46:18,578000,11.499
2026/04/29 15:46:18,579000,11.499
2026/04/29 15:46:18,580000,11.499
2026/04/29 15:46:18,581000,11.499
2026/04/29 15:46:18,582000,11.501
2026/04/29 15:46:18,583000,11.499
2026/04/29 15:46:18,584000,11.493
2026/04/29 15:46:18,585000,11.496
2026/04/29 15:46:18,586000,11.499
2026/04/29 15:46:18,587000,11.499
2026/04/29 15:46:18,588000,11.496
2026/04/29 15:46:18,589000,11.507
2026/04/29 15:46:18,590000,11.507
2026/04/29 15:46:18,591000,11.499
2026/04/29 15:46:18,592000,11.493
2026/04/29 15:46:18,593000,11.501
2026/04/29 15:46:18,594000,11.501
2026/04/29 15:46:18,595000,11.504
2026/04/29 15:46:18,596000,11.501
2026/04/29 15:46:18,597000,11.493
2026/04/29 15:46:18,598000,11.501
2026/04/29 15:46:18,599000,11.496
2026/04/29 15:46:18,600000,11.499
2026/04/29 15:46:18,601000,11.499
2026/04/29 15:46:18,602000,11.501
2026/04/29 15:46:18,603000,11.499
2026/04/29 15:46:18,604000,11.501
2026/04/29 15:46:18,605000,11.501
2026/04/29 15:46:18,606000,11.504
2026/04/29 15:46:18,607000,11.499
2026/04/29 15:46:18,608000,11.499
2026/04/29 15:46:18,609000,11.504
2026/04/29 15:46:18,610000,11.501
2026/04/29 15:46:18,611000,11.499
2026/04/29 15:46:18,612000,11.496
2026/04/29 15:46:18,613000,11.493
2026/04/29 15:46:18,614000,11.496
2026/04/29 15:46:18,615000,11.496
2026/04/29 15:46:18,616000,11.501
2026/04/29 15:46:18,617000,11.504
2026/04/29 15:46:18,618000,11.499
2026/04/29 15:46:18,619000,11.499
2026/04/29 15:46:18,620000,11.499
2026/04/29 15:46:18,621000,11.501
2026/04/29 15:46:18,622000,11.499
2026/04/29 15:46:18,623000,11.504
2026/04/29 15:46:18,624000,11.504
2026/04/29 15:46:18,625000,11.499
2026/04/29 15:46:18,626000,11.504
2026/04/29 15:46:18,627000,11.504
2026/04/29 15:46:18,628000,11.499
2026/04/29 15:46:18,629000,11.504
2026/04/29 15:46:18,630000,11.496
2026/04/29 15:46:18,631000,11.501
2026/04/29 15:46:18,632000,11.501
2026/04/29 15:46:18,633000,11.493
2026/04/29 15:46:18,634000,11.496
2026/04/29 15:46:18,635000,11.504
2026/04/29 15:46:18,636000,11.499
2026/04/29 15:46:18,637000,11.501
2026/04/29 15:46:18,638000,11.499
2026/04/29 15:46:18,639000,11.499
2026/04/29 15:46:18,640000,11.504
2026/04/29 15:46:18,641000,11.499
2026/04/29 15:46:18,642000,11.496
2026/04/29 15:46:18,643000,11.496
2026/04/29 15:46:18,644000,11.501
2026/04/29 15:46:18,645000,11.499
2026/04/29 15:46:18,646000,11.504
2026/04/29 15:46:18,647000,11.499
2026/04/29 15:46:18,648000,11.501
2026/04/29 15:46:18,649000,11.499
2026/04/29 15:46:18,650000,11.501
2026/04/29 15:46:18,651000,11.499
2026/04/29 15:46:18,652000,11.499
2026/04/29 15:46:18,653000,11.499
2026/04/29 15:46:18,654000,11.501
2026/04/29 15:46:18,655000,11.501
2026/04/29 15:46:18,656000,11.496
2026/04/29 15:46:18,657000,11.499
2026/04/29 15:46:18,658000,11.501
2026/04/29 15:46:18,659000,11.510
2026/04/29 15:46:18,660000,11.501
2026/04/29 15:46:18,661000,11.499
2026/04/29 15:46:18,662000,11.504
2026/04/29 15:46:18,663000,11.501
2026/04/29 15:46:18,664000,11.499
2026/04/29 15:46:18,665000,11.507
2026/04/29 15:46:18,666000,11.504
2026/04/29 15:46:18,667000,11.504
2026/04/29 15:46:18,668000,11.499
2026/04/29 15:46:18,669000,11.504
2026/04/29 15:46:18,670000,11.501
2026/04/29 15:46:18,671000,11.499
2026/04/29 15:46:18,672000,11.501
2026/04/29 15:46:18,673000,11.504
2026/04/29 15:46:18,674000,11.504
2026/04/29 15:46:18,675000,11.499
2026/04/29 15:46:18,676000,11.499
2026/04/29 15:46:18,677000,11.499
2026/04/29 15:46:18,678000,11.504
2026/04/29 15:46:18,679000,11.504
2026/04/29 15:46:18,680000,11.501
2026/04/29 15:46:18,681000,11.496
2026/04/29 15:46:18,682000,11.496
2026/04/29 15:46:18,683000,11.499
2026/04/29 15:46:18,684000,11.501
2026/04/29 15:46:18,685000,11.501
2026/04/29 15:46:18,686000,11.501
2026/04/29 15:46:18,687000,11.501
2026/04/29 15:46:18,688000,11.501
2026/04/29 15:46:18,689000,11.499
2026/04/29 15:46:18,690000,11.493
2026/04/29 15:46:18,691000,11.501
2026/04/29 15:46:18,692000,11.496
2026/04/29 15:46:18,693000,11.501
2026/04/29 15:46:18,694000,11.499
2026/04/29 15:46:18,695000,11.504
2026/04/29 15:46:18,696000,11.501
2026/04/29 15:46:18,697000,11.501
2026/04/29 15:46:18,698000,11.496
2026/04/29 15:46:18,699000,11.504
2026/04/29 15:46:18,700000,11.493
2026/04/29 15:46:18,701000,11.504
2026/04/29 15:46:18,702000,11.501
2026/04/29 15:46:18,703000,11.504
2026/04/29 15:46:18,704000,11.499
2026/04/29 15:46:18,705000,11.501
2026/04/29 15:46:18,706000,11.501
2026/04/29 15:46:18,707000,11.496
2026/04/29 15:46:18,708000,11.501
2026/04/29 15:46:18,709000,11.501
2026/04/29 15:46:18,710000,11.499
2026/04/29 15:46:18,711000,11.501
2026/04/29 15:46:18,712000,11.504
2026/04/29 15:46:18,713000,11.499
2026/04/29 15:46:18,714000,11.499
2026/04/29 15:46:18,715000,11.504
2026/04/29 15:46:18,716000,11.496
2026/04/29 15:46:18,717000,11.499
2026/04/29 15:46:18,718000,11.499
2026/04/29 15:46:18,719000,11.501
2026/04/29 15:46:18,720000,11.501
2026/04/29 15:46:18,721000,11.499
2026/04/29 15:46:18,722000,11.501
2026/04/29 15:46:18,723000,11.504
2026/04/29 15:46:18,724000,11.501
2026/04/29 15:46:18,725000,11.501
2026/04/29 15:46:18,726000,11.504
2026/04/29 15:46:18,727000,11.507
2026/04/29 15:46:18,728000,11.499
2026/04/29 15:46:18,729000,11.499
2026/04/29 15:46:18,730000,11.496
2026/04/29 15:46:18,731000,11.496
2026/04/29 15:46:18,732000,11.504
2026/04/29 15:46:18,733000,11.499
2026/04/29 15:46:18,734000,11.501
2026/04/29 15:46:18,735000,11.499
2026/04/29 15:46:18,736000,11.501
2026/04/29 15:46:18,737000,11.504
2026/04/29 15:46:18,738000,11.504
2026/04/29 15:46:18,739000,11.499
2026/04/29 15:46:18,740000,11.493
2026/04/29 15:46:18,741000,11.501
2026/04/29 15:46:18,742000,11.504
2026/04/29 15:46:18,743000,11.501
2026/04/29 15:46:18,744000,11.504
2026/04/29 15:46:18,745000,11.504
2026/04/29 15:46:18,746000,11.501
2026/04/29 15:46:18,747000,11.501
2026/04/29 15:46:18,748000,11.513
2026/04/29 15:46:18,749000,11.501
2026/04/29 15:46:18,750000,11.501
2026/04/29 15:46:18,751000,11.501
2026/04/29 15:46:18,752000,11.493
2026/04/29 15:46:18,753000,11.504
2026/04/29 15:46:18,754000,11.499
2026/04/29 15:46:18,755000,11.501
2026/04/29 15:46:18,756000,11.499
2026/04/29 15:46:18,757000,11.501
2026/04/29 15:46:18,758000,11.504
2026/04/29 15:46:18,759000,11.496
2026/04/29 15:46:18,760000,11.504
2026/04/29 15:46:18,761000,11.499
2026/04/29 15:46:18,762000,11.501
2026/04/29 15:46:18,763000,11.507
2026/04/29 15:46:18,764000,11.504
2026/04/29 15:46:18,765000,11.504
2026/04/29 15:46:18,766000,11.504
2026/04/29 15:46:18,767000,11.504
2026/04/29 15:46:18,768000,11.504
2026/04/29 15:46:18,769000,11.501
2026/04/29 15:46:18,770000,11.499
2026/04/29 15:46:18,771000,11.496
2026/04/29 15:46:18,772000,11.496
2026/04/29 15:46:18,773000,11.499
2026/04/29 15:46:18,774000,11.507
2026/04/29 15:46:18,775000,11.501
2026/04/29 15:46:18,776000,11.504
2026/04/29 15:46:18,777000,11.501
2026/04/29 15:46:18,778000,11.504
2026/04/29 15:46:18,779000,11.499
2026/04/29 15:46:18,780000,11.504
2026/04/29 15:46:18,781000,11.501
2026/04/29 15:46:18,782000,11.501
2026/04/29 15:46:18,783000,11.504
2026/04/29 15:46:18,784000,11.501
2026/04/29 15:46:18,785000,11.501
2026/04/29 15:46:18,786000,11.499
2026/04/29 15:46:18,787000,11.501
2026/04/29 15:46:18,788000,11.504
2026/04/29 15:46:18,789000,11.501
2026/04/29 15:46:18,790000,11.496
2026/04/29 15:46:18,791000,11.501
2026/04/29 15:46:18,792000,11.499
2026/04/29 15:46:18,793000,11.504
2026/04/29 15:46:18,794000,11.504
2026/04/29 15:46:18,795000,11.496
2026/04/29 15:46:18,796000,11.496
2026/04/29 15:46:18,797000,11.504
2026/04/29 15:46:18,798000,11.501
2026/04/29 15:46:18,799000,11.504
2026/04/29 15:46:18,800000,11.501
2026/04/29 15:46:18,801000,11.496
2026/04/29 15:46:18,802000,11.504
2026/04/29 15:46:18,803000,11.501
2026/04/29 15:46:18,804000,11.496
2026/04/29 15:46:18,805000,11.496
2026/04/29 15:46:18,806000,11.496
2026/04/29 15:46:18,807000,11.501
2026/04/29 15:46:18,808000,11.501
2026/04/29 15:46:18,809000,11.499
2026/04/29 15:46:18,810000,11.507
2026/04/29 15:46:18,811000,11.504
2026/04/29 15:46:18,812000,11.501
2026/04/29 15:46:18,813000,11.501
2026/04/29 15:46:18,814000,11.496
2026/04/29 15:46:18,815000,11.504
2026/04/29 15:46:18,816000,11.499
2026/04/29 15:46:18,817000,11.507
2026/04/29 15:46:18,818000,11.504
2026/04/29 15:46:18,819000,11.504
2026/04/29 15:46:18,820000,11.504
2026/04/29 15:46:18,821000,11.499
2026/04/29 15:46:18,822000,11.499
2026/04/29 15:46:18,823000,11.504
2026/04/29 15:46:18,824000,11.499
2026/04/29 15:46:18,825000,11.507
2026/04/29 15:46:18,826000,11.499
2026/04/29 15:46:18,827000,11.501
2026/04/29 15:46:18,828000,11.496
2026/04/29 15:46:18,829000,11.504
2026/04/29 15:46:18,830000,11.501
2026/04/29 15:46:18,831000,11.501
2026/04/29 15:46:18,832000,11.501
2026/04/29 15:46:18,833000,11.499
2026/04/29 15:46:18,834000,11.496
2026/04/29 15:46:18,835000,11.499
2026/04/29 15:46:18,836000,11.504
2026/04/29 15:46:18,837000,11.501
2026/04/29 15:46:18,838000,11.501
2026/04/29 15:46:18,839000,11.499
2026/04/29 15:46:18,840000,11.501
2026/04/29 15:46:18,841000,11.504
2026/04/29 15:46:18,842000,11.501
2026/04/29 15:46:18,843000,11.499
2026/04/29 15:46:18,844000,11.501
2026/04/29 15:46:18,845000,11.501
2026/04/29 15:46:18,846000,11.504
2026/04/29 15:46:18,847000,11.499
2026/04/29 15:46:18,848000,11.499
2026/04/29 15:46:18,849000,11.499
2026/04/29 15:46:18,850000,11.501
2026/04/29 15:46:18,851000,11.504
2026/04/29 15:46:18,852000,11.507
2026/04/29 15:46:18,853000,11.504
2026/04/29 15:46:18,854000,11.504
2026/04/29 15:46:18,855000,11.501
2026/04/29 15:46:18,856000,11.507
2026/04/29 15:46:18,857000,11.501
2026/04/29 15:46:18,858000,11.504
2026/04/29 15:46:18,859000,11.507
2026/04/29 15:46:18,860000,11.507
2026/04/29 15:46:18,861000,11.499
2026/04/29 15:46:18,862000,11.504
2026/04/29 15:46:18,863000,11.501
2026/04/29 15:46:18,864000,11.510
2026/04/29 15:46:18,865000,11.504
2026/04/29 15:46:18,866000,11.501
2026/04/29 15:46:18,867000,11.499
2026/04/29 15:46:18,868000,11.499
2026/04/29 15:46:18,869000,11.501
2026/04/29 15:46:18,870000,11.501
2026/04/29 15:46:18,871000,11.501
2026/04/29 15:46:18,872000,11.504
2026/04/29 15:46:18,873000,11.499
2026/04/29 15:46:18,874000,11.501
2026/04/29 15:46:18,875000,11.501
2026/04/29 15:46:18,876000,11.501
2026/04/29 15:46:18,877000,11.507
2026/04/29 15:46:18,878000,11.501
2026/04/29 15:46:18,879000,11.493
2026/04/29 15:46:18,880000,11.496
2026/04/29 15:46:18,881000,11.499
2026/04/29 15:46:18,882000,11.504
2026/04/29 15:46:18,883000,11.501
2026/04/29 15:46:18,884000,11.501
2026/04/29 15:46:18,885000,11.504
2026/04/29 15:46:18,886000,11.504
2026/04/29 15:46:18,887000,11.504
2026/04/29 15:46:18,888000,11.499
2026/04/29 15:46:18,889000,11.504
2026/04/29 15:46:18,890000,11.496
2026/04/29 15:46:18,891000,11.510
2026/04/29 15:46:18,892000,11.501
2026/04/29 15:46:18,893000,11.501
2026/04/29 15:46:18,894000,11.501
2026/04/29 15:46:18,895000,11.499
2026/04/29 15:46:18,896000,11.507
2026/04/29 15:46:18,897000,11.501
2026/04/29 15:46:18,898000,11.504
2026/04/29 15:46:18,899000,11.499
2026/04/29 15:46:18,900000,11.501
2026/04/29 15:46:18,901000,11.493
2026/04/29 15:46:18,902000,11.496
2026/04/29 15:46:18,903000,11.504
2026/04/29 15:46:18,904000,11.501
2026/04/29 15:46:18,905000,11.501
2026/04/29 15:46:18,906000,11.499
2026/04/29 15:46:18,907000,11.496
2026/04/29 15:46:18,908000,11.501
2026/04/29 15:46:18,909000,11.501
2026/04/29 15:46:18,910000,11.501
2026/04/29 15:46:18,911000,11.507
2026/04/29 15:46:18,912000,11.504
2026/04/29 15:46:18,913000,11.501
2026/04/29 15:46:18,914000,11.504
2026/04/29 15:46:18,915000,11.499
2026/04/29 15:46:18,916000,11.504
2026/04/29 15:46:18,917000,11.501
2026/04/29 15:46:18,918000,11.499
2026/04/29 15:46:18,919000,11.501
2026/04/29 15:46:18,920000,11.501
2026/04/29 15:46:18,921000,11.507
2026/04/29 15:46:18,922000,11.504
2026/04/29 15:46:18,923000,11.493
2026/04/29 15:46:18,924000,11.501
2026/04/29 15:46:18,925000,11.501
2026/04/29 15:46:18,926000,11.499
2026/04/29 15:46:18,927000,11.499
2026/04/29 15:46:18,928000,11.499
2026/04/29 15:46:18,929000,11.493
2026/04/29 15:46:18,930000,11.504
2026/04/29 15:46:18,931000,11.501
2026/04/29 15:46:18,932000,11.504
2026/04/29 15:46:18,933000,11.501
2026/04/29 15:46:18,934000,11.504
2026/04/29 15:46:18,935000,11.499
2026/04/29 15:46:18,936000,11.499
2026/04/29 15:46:18,937000,11.504
2026/04/29 15:46:18,938000,11.504
2026/04/29 15:46:18,939000,11.501
2026/04/29 15:46:18,940000,11.493
2026/04/29 15:46:18,941000,11.501
2026/04/29 15:46:18,942000,11.504
2026/04/29 15:46:18,943000,11.499
2026/04/29 15:46:18,944000,11.501
2026/04/29 15:46:18,945000,11.504
2026/04/29 15:46:18,946000,11.496
2026/04/29 15:46:18,947000,11.499
2026/04/29 15:46:18,948000,11.507
2026/04/29 15:46:18,949000,11.499
2026/04/29 15:46:18,950000,11.504
2026/04/29 15:46:18,951000,11.499
2026/04/29 15:46:18,952000,11.499
2026/04/29 15:46:18,953000,11.501
2026/04/29 15:46:18,954000,11.496
2026/04/29 15:46:18,955000,11.499
2026/04/29 15:46:18,956000,11.499
2026/04/29 15:46:18,957000,11.501
2026/04/29 15:46:18,958000,11.504
2026/04/29 15:46:18,959000,11.501
2026/04/29 15:46:18,960000,11.504
2026/04/29 15:46:18,961000,11.496
2026/04/29 15:46:18,962000,11.499
2026/04/29 15:46:18,963000,11.504
2026/04/29 15:46:18,964000,11.501
2026/04/29 15:46:18,965000,11.499
2026/04/29 15:46:18,966000,11.501
2026/04/29 15:46:18,967000,11.499
2026/04/29 15:46:18,968000,11.501
2026/04/29 15:46:18,969000,11.501
2026/04/29 15:46:18,970000,11.501
2026/04/29 15:46:18,971000,11.499
2026/04/29 15:46:18,972000,11.501
2026/04/29 15:46:18,973000,11.504
2026/04/29 15:46:18,974000,11.501
2026/04/29 15:46:18,975000,11.504
2026/04/29 15:46:18,976000,11.499
2026/04/29 15:46:18,977000,11.499
2026/04/29 15:46:18,978000,11.493
2026/04/29 15:46:18,979000,11.504
2026/04/29 15:46:18,980000,11.499
2026/04/29 15:46:18,981000,11.504
2026/04/29 15:46:18,982000,11.504
2026/04/29 15:46:18,983000,11.496
2026/04/29 15:46:18,984000,11.501
2026/04/29 15:46:18,985000,11.504
2026/04/29 15:46:18,986000,11.510
2026/04/29 15:46:18,987000,11.504
2026/04/29 15:46:18,988000,11.504
2026/04/29 15:46:18,989000,11.504
2026/04/29 15:46:18,990000,11.501
2026/04/29 15:46:18,991000,11.504
2026/04/29 15:46:18,992000,11.499
2026/04/29 15:46:18,993000,11.499
2026/04/29 15:46:18,994000,11.499
2026/04/29 15:46:18,995000,11.501
2026/04/29 15:46:18,996000,11.499
2026/04/29 15:46:18,997000,11.499
2026/04/29 15:46:18,998000,11.501
2026/04/29 15:46:18,999000,11.504
2026/04/29 15:46:19,000000,11.499
2026/04/29 15:46:19,001000,11.504
2026/04/29 15:46:19,002000,11.504
2026/04/29 15:46:19,003000,11.499
2026/04/29 15:46:19,004000,11.501
2026/04/29 15:46:19,005000,11.504
2026/04/29 15:46:19,006000,11.504
2026/04/29 15:46:19,007000,11.499
2026/04/29 15:46:19,008000,11.496
2026/04/29 15:46:19,009000,11.501
2026/04/29 15:46:19,010000,11.504
2026/04/29 15:46:19,011000,11.507
2026/04/29 15:46:19,012000,11.499
2026/04/29 15:46:19,013000,11.499
2026/04/29 15:46:19,014000,11.501
2026/04/29 15:46:19,015000,11.496
2026/04/29 15:46:19,016000,11.501
2026/04/29 15:46:19,017000,11.504
2026/04/29 15:46:19,018000,11.510
2026/04/29 15:46:19,019000,11.504
2026/04/29 15:46:19,020000,11.499
2026/04/29 15:46:19,021000,11.501
2026/04/29 15:46:19,022000,11.499
2026/04/29 15:46:19,023000,11.504
2026/04/29 15:46:19,024000,11.501
2026/04/29 15:46:19,025000,11.504
2026/04/29 15:46:19,026000,11.501
2026/04/29 15:46:19,027000,11.499
2026/04/29 15:46:19,028000,11.504
2026/04/29 15:46:19,029000,11.493
2026/04/29 15:46:19,030000,11.501
2026/04/29 15:46:19,031000,11.499
2026/04/29 15:46:19,032000,11.504
2026/04/29 15:46:19,033000,11.501
2026/04/29 15:46:19,034000,11.493
2026/04/29 15:46:19,035000,11.501
2026/04/29 15:46:19,036000,11.499
2026/04/29 15:46:19,037000,11.501
2026/04/29 15:46:19,038000,11.499
2026/04/29 15:46:19,039000,11.496
2026/04/29 15:46:19,040000,11.496
2026/04/29 15:46:19,041000,11.499
2026/04/29 15:46:19,042000,11.499
2026/04/29 15:46:19,043000,11.496
2026/04/29 15:46:19,044000,11.499
2026/04/29 15:46:19,045000,11.501
2026/04/29 15:46:19,046000,11.501
2026/04/29 15:46:19,047000,11.496
2026/04/29 15:46:19,048000,11.501
2026/04/29 15:46:19,049000,11.504
2026/04/29 15:46:19,050000,11.496
2026/04/29 15:46:19,051000,11.496
2026/04/29 15:46:19,052000,11.499
2026/04/29 15:46:19,053000,11.501
2026/04/29 15:46:19,054000,11.499
2026/04/29 15:46:19,055000,11.501
2026/04/29 15:46:19,056000,11.499
2026/04/29 15:46:19,057000,11.501
2026/04/29 15:46:19,058000,11.501
2026/04/29 15:46:19,059000,11.501
2026/04/29 15:46:19,060000,11.499
2026/04/29 15:46:19,061000,11.504
2026/04/29 15:46:19,062000,11.501
2026/04/29 15:46:19,063000,11.499
2026/04/29 15:46:19,064000,11.507
2026/04/29 15:46:19,065000,11.499
2026/04/29 15:46:19,066000,11.504
2026/04/29 15:46:19,067000,11.501
2026/04/29 15:46:19,068000,11.496
2026/04/29 15:46:19,069000,11.501
2026/04/29 15:46:19,070000,11.501
2026/04/29 15:46:19,071000,11.499
2026/04/29 15:46:19,072000,11.510
2026/04/29 15:46:19,073000,11.501
2026/04/29 15:46:19,074000,11.501
2026/04/29 15:46:19,075000,11.493
2026/04/29 15:46:19,076000,11.496
2026/04/29 15:46:19,077000,11.501
2026/04/29 15:46:19,078000,11.501
2026/04/29 15:46:19,079000,11.499
2026/04/29 15:46:19,080000,11.499
2026/04/29 15:46:19,081000,11.496
2026/04/29 15:46:19,082000,11.496
2026/04/29 15:46:19,083000,11.496
2026/04/29 15:46:19,084000,11.499
2026/04/29 15:46:19,085000,11.493
2026/04/29 15:46:19,086000,11.499
2026/04/29 15:46:19,087000,11.496
2026/04/29 15:46:19,088000,11.504
2026/04/29 15:46:19,089000,11.501
2026/04/29 15:46:19,090000,11.499
2026/04/29 15:46:19,091000,11.499
2026/04/29 15:46:19,092000,11.499
2026/04/29 15:46:19,093000,11.501
2026/04/29 15:46:19,094000,11.493
2026/04/29 15:46:19,095000,11.501
2026/04/29 15:46:19,096000,11.499
2026/04/29 15:46:19,097000,11.501
2026/04/29 15:46:19,098000,11.501
2026/04/29 15:46:19,099000,11.499
2026/04/29 15:46:19,100000,11.504
2026/04/29 15:46:19,101000,11.501
2026/04/29 15:46:19,102000,11.504
2026/04/29 15:46:19,103000,11.496
2026/04/29 15:46:19,104000,11.496
2026/04/29 15:46:19,105000,11.513
2026/04/29 15:46:19,106000,11.499
2026/04/29 15:46:19,107000,11.501
2026/04/29 15:46:19,108000,11.499
2026/04/29 15:46:19,109000,11.499
2026/04/29 15:46:19,110000,11.499
2026/04/29 15:46:19,111000,11.501
2026/04/29 15:46:19,112000,11.501
2026/04/29 15:46:19,113000,11.501
2026/04/29 15:46:19,114000,11.496
2026/04/29 15:46:19,115000,11.499
2026/04/29 15:46:19,116000,11.504
2026/04/29 15:46:19,117000,11.499
2026/04/29 15:46:19,118000,11.501
2026/04/29 15:46:19,119000,11.501
2026/04/29 15:46:19,120000,11.499
2026/04/29 15:46:19,121000,11.496
2026/04/29 15:46:19,122000,11.496
2026/04/29 15:46:19,123000,11.499
2026/04/29 15:46:19,124000,11.493
2026/04/29 15:46:19,125000,11.499
2026/04/29 15:46:19,126000,11.501
2026/04/29 15:46:19,127000,11.493
2026/04/29 15:46:19,128000,11.501
2026/04/29 15:46:19,129000,11.501
2026/04/29 15:46:19,130000,11.496
2026/04/29 15:46:19,131000,11.501
2026/04/29 15:46:19,132000,11.504
2026/04/29 15:46:19,133000,11.501
2026/04/29 15:46:19,134000,11.501
2026/04/29 15:46:19,135000,11.493
2026/04/29 15:46:19,136000,11.499
2026/04/29 15:46:19,137000,11.499
2026/04/29 15:46:19,138000,11.504
2026/04/29 15:46:19,139000,11.493
2026/04/29 15:46:19,140000,11.499
2026/04/29 15:46:19,141000,11.493
2026/04/29 15:46:19,142000,11.499
2026/04/29 15:46:19,143000,11.499
2026/04/29 15:46:19,144000,11.496
2026/04/29 15:46:19,145000,11.501
2026/04/29 15:46:19,146000,11.499
2026/04/29 15:46:19,147000,11.504
2026/04/29 15:46:19,148000,11.493
2026/04/29 15:46:19,149000,11.499
2026/04/29 15:46:19,150000,11.501
2026/04/29 15:46:19,151000,11.496
2026/04/29 15:46:19,152000,11.493
2026/04/29 15:46:19,153000,11.504
2026/04/29 15:46:19,154000,11.499
2026/04/29 15:46:19,155000,11.507
2026/04/29 15:46:19,156000,11.501
2026/04/29 15:46:19,157000,11.504
2026/04/29 15:46:19,158000,11.501
2026/04/29 15:46:19,159000,11.501
2026/04/29 15:46:19,160000,11.499
2026/04/29 15:46:19,161000,11.504
2026/04/29 15:46:19,162000,11.499
2026/04/29 15:46:19,163000,11.501
2026/04/29 15:46:19,164000,11.499
2026/04/29 15:46:19,165000,11.501
2026/04/29 15:46:19,166000,11.504
2026/04/29 15:46:19,167000,11.496
2026/04/29 15:46:19,168000,11.501
2026/04/29 15:46:19,169000,11.499
2026/04/29 15:46:19,170000,11.501
2026/04/29 15:46:19,171000,11.499
2026/04/29 15:46:19,172000,11.501
2026/04/29 15:46:19,173000,11.493
2026/04/29 15:46:19,174000,11.504
2026/04/29 15:46:19,175000,11.496
2026/04/29 15:46:19,176000,11.504
2026/04/29 15:46:19,177000,11.496
2026/04/29 15:46:19,178000,11.499
2026/04/29 15:46:19,179000,11.496
2026/04/29 15:46:19,180000,11.504
2026/04/29 15:46:19,181000,11.501
2026/04/29 15:46:19,182000,11.501
2026/04/29 15:46:19,183000,11.501
2026/04/29 15:46:19,184000,11.501
2026/04/29 15:46:19,185000,11.501
2026/04/29 15:46:19,186000,11.493
2026/04/29 15:46:19,187000,11.499
2026/04/29 15:46:19,188000,11.499
2026/04/29 15:46:19,189000,11.496
2026/04/29 15:46:19,190000,11.504
2026/04/29 15:46:19,191000,11.501
2026/04/29 15:46:19,192000,11.496
2026/04/29 15:46:19,193000,11.501
2026/04/29 15:46:19,194000,11.499
2026/04/29 15:46:19,195000,11.499
2026/04/29 15:46:19,196000,11.499
2026/04/29 15:46:19,197000,11.501
2026/04/29 15:46:19,198000,11.504
2026/04/29 15:46:19,199000,11.501
2026/04/29 15:46:19,200000,11.501
2026/04/29 15:46:19,201000,11.501
2026/04/29 15:46:19,202000,11.501
2026/04/29 15:46:19,203000,11.501
2026/04/29 15:46:19,204000,11.499
2026/04/29 15:46:19,205000,11.501
2026/04/29 15:46:19,206000,11.501
2026/04/29 15:46:19,207000,11.499
2026/04/29 15:46:19,208000,11.493
2026/04/29 15:46:19,209000,11.504
2026/04/29 15:46:19,210000,11.499
2026/04/29 15:46:19,211000,11.499
2026/04/29 15:46:19,212000,11.496
2026/04/29 15:46:19,213000,11.493
2026/04/29 15:46:19,214000,11.499
2026/04/29 15:46:19,215000,11.501
2026/04/29 15:46:19,216000,11.501
2026/04/29 15:46:19,217000,11.501
2026/04/29 15:46:19,218000,11.501
2026/04/29 15:46:19,219000,11.496
2026/04/29 15:46:19,220000,11.507
2026/04/29 15:46:19,221000,11.501
2026/04/29 15:46:19,222000,11.504
2026/04/29 15:46:19,223000,11.504
2026/04/29 15:46:19,224000,11.510
2026/04/29 15:46:19,225000,11.501
2026/04/29 15:46:19,226000,11.499
2026/04/29 15:46:19,227000,11.496
2026/04/29 15:46:19,228000,11.504
2026/04/29 15:46:19,229000,11.501
2026/04/29 15:46:19,230000,11.499
2026/04/29 15:46:19,231000,11.499
2026/04/29 15:46:19,232000,11.499
2026/04/29 15:46:19,233000,11.501
2026/04/29 15:46:19,234000,11.493
2026/04/29 15:46:19,235000,11.501
2026/04/29 15:46:19,236000,11.501
2026/04/29 15:46:19,237000,11.499
2026/04/29 15:46:19,238000,11.493
2026/04/29 15:46:19,239000,11.510
2026/04/29 15:46:19,240000,11.501
2026/04/29 15:46:19,241000,11.499
2026/04/29 15:46:19,242000,11.499
2026/04/29 15:46:19,243000,11.504
2026/04/29 15:46:19,244000,11.499
2026/04/29 15:46:19,245000,11.501
2026/04/29 15:46:19,246000,11.501
2026/04/29 15:46:19,247000,11.496
2026/04/29 15:46:19,248000,11.504
2026/04/29 15:46:19,249000,11.504
2026/04/29 15:46:19,250000,11.501
2026/04/29 15:46:19,251000,11.504
2026/04/29 15:46:19,252000,11.496
2026/04/29 15:46:19,253000,11.501
2026/04/29 15:46:19,254000,11.507
2026/04/29 15:46:19,255000,11.501
2026/04/29 15:46:19,256000,11.499
2026/04/29 15:46:19,257000,11.501
2026/04/29 15:46:19,258000,11.499
2026/04/29 15:46:19,259000,11.501
2026/04/29 15:46:19,260000,11.504
2026/04/29 15:46:19,261000,11.496
2026/04/29 15:46:19,262000,11.504
2026/04/29 15:46:19,263000,11.499
2026/04/29 15:46:19,264000,11.504
2026/04/29 15:46:19,265000,11.501
2026/04/29 15:46:19,266000,11.499
2026/04/29 15:46:19,267000,11.499
2026/04/29 15:46:19,268000,11.501
2026/04/29 15:46:19,269000,11.499
2026/04/29 15:46:19,270000,11.499
2026/04/29 15:46:19,271000,11.499
2026/04/29 15:46:19,272000,11.501
2026/04/29 15:46:19,273000,11.493
2026/04/29 15:46:19,274000,11.501
2026/04/29 15:46:19,275000,11.504
2026/04/29 15:46:19,276000,11.496
2026/04/29 15:46:19,277000,11.499
2026/04/29 15:46:19,278000,11.499
2026/04/29 15:46:19,279000,11.504
2026/04/29 15:46:19,280000,11.499
2026/04/29 15:46:19,281000,11.499
2026/04/29 15:46:19,282000,11.496
2026/04/29 15:46:19,283000,11.499
2026/04/29 15:46:19,284000,11.496
2026/04/29 15:46:19,285000,11.501
2026/04/29 15:46:19,286000,11.504
2026/04/29 15:46:19,287000,11.501
2026/04/29 15:46:19,288000,11.499
2026/04/29 15:46:19,289000,11.499
2026/04/29 15:46:19,290000,11.510
2026/04/29 15:46:19,291000,11.499
2026/04/29 15:46:19,292000,11.504
2026/04/29 15:46:19,293000,11.499
2026/04/29 15:46:19,294000,11.501
2026/04/29 15:46:19,295000,11.499
2026/04/29 15:46:19,296000,11.496
2026/04/29 15:46:19,297000,11.499
2026/04/29 15:46:19,298000,11.501
2026/04/29 15:46:19,299000,11.499
2026/04/29 15:46:19,300000,11.499
2026/04/29 15:46:19,301000,11.504
2026/04/29 15:46:19,302000,11.501
2026/04/29 15:46:19,303000,11.501
2026/04/29 15:46:19,304000,11.501
2026/04/29 15:46:19,305000,11.501
2026/04/29 15:46:19,306000,11.501
2026/04/29 15:46:19,307000,11.499
2026/04/29 15:46:19,308000,11.496
2026/04/29 15:46:19,309000,11.513
2026/04/29 15:46:19,310000,11.501
2026/04/29 15:46:19,311000,11.507
2026/04/29 15:46:19,312000,11.501
2026/04/29 15:46:19,313000,11.501
2026/04/29 15:46:19,314000,11.499
2026/04/29 15:46:19,315000,11.504
2026/04/29 15:46:19,316000,11.504
2026/04/29 15:46:19,317000,11.499
2026/04/29 15:46:19,318000,11.501
2026/04/29 15:46:19,319000,11.504
2026/04/29 15:46:19,320000,11.499
2026/04/29 15:46:19,321000,11.504
2026/04/29 15:46:19,322000,11.499
2026/04/29 15:46:19,323000,11.504
2026/04/29 15:46:19,324000,11.504
2026/04/29 15:46:19,325000,11.501
2026/04/29 15:46:19,326000,11.496
2026/04/29 15:46:19,327000,11.499
2026/04/29 15:46:19,328000,11.504
2026/04/29 15:46:19,329000,11.501
2026/04/29 15:46:19,330000,11.496
2026/04/29 15:46:19,331000,11.499
2026/04/29 15:46:19,332000,11.499
2026/04/29 15:46:19,333000,11.499
2026/04/29 15:46:19,334000,11.499
2026/04/29 15:46:19,335000,11.501
2026/04/29 15:46:19,336000,11.499
2026/04/29 15:46:19,337000,11.504
2026/04/29 15:46:19,338000,11.496
2026/04/29 15:46:19,339000,11.504
2026/04/29 15:46:19,340000,11.493
2026/04/29 15:46:19,341000,11.499
2026/04/29 15:46:19,342000,11.499
2026/04/29 15:46:19,343000,11.501
2026/04/29 15:46:19,344000,11.499
2026/04/29 15:46:19,345000,11.501
2026/04/29 15:46:19,346000,11.501
2026/04/29 15:46:19,347000,11.499
2026/04/29 15:46:19,348000,11.504
2026/04/29 15:46:19,349000,11.496
2026/04/29 15:46:19,350000,11.501
2026/04/29 15:46:19,351000,11.507
2026/04/29 15:46:19,352000,11.499
2026/04/29 15:46:19,353000,11.501
2026/04/29 15:46:19,354000,11.501
2026/04/29 15:46:19,355000,11.501
2026/04/29 15:46:19,356000,11.499
2026/04/29 15:46:19,357000,11.499
2026/04/29 15:46:19,358000,11.501
2026/04/29 15:46:19,359000,11.496
2026/04/29 15:46:19,360000,11.513
2026/04/29 15:46:19,361000,11.499
2026/04/29 15:46:19,362000,11.499
2026/04/29 15:46:19,363000,11.504
2026/04/29 15:46:19,364000,11.501
2026/04/29 15:46:19,365000,11.501
2026/04/29 15:46:19,366000,11.501
2026/04/29 15:46:19,367000,11.504
2026/04/29 15:46:19,368000,11.501
2026/04/29 15:46:19,369000,11.499
2026/04/29 15:46:19,370000,11.501
2026/04/29 15:46:19,371000,11.496
2026/04/29 15:46:19,372000,11.499
2026/04/29 15:46:19,373000,11.504
2026/04/29 15:46:19,374000,11.499
2026/04/29 15:46:19,375000,11.504
2026/04/29 15:46:19,376000,11.499
2026/04/29 15:46:19,377000,11.499
2026/04/29 15:46:19,378000,11.507
2026/04/29 15:46:19,379000,11.504
2026/04/29 15:46:19,380000,11.501
2026/04/29 15:46:19,381000,11.496
2026/04/29 15:46:19,382000,11.501
2026/04/29 15:46:19,383000,11.499
2026/04/29 15:46:19,384000,11.499
2026/04/29 15:46:19,385000,11.501
2026/04/29 15:46:19,386000,11.499
2026/04/29 15:46:19,387000,11.499
2026/04/29 15:46:19,388000,11.501
2026/04/29 15:46:19,389000,11.504
2026/04/29 15:46:19,390000,11.501
2026/04/29 15:46:19,391000,11.499
2026/04/29 15:46:19,392000,11.501
2026/04/29 15:46:19,393000,11.499
2026/04/29 15:46:19,394000,11.501
2026/04/29 15:46:19,395000,11.504
2026/04/29 15:46:19,396000,11.501
2026/04/29 15:46:19,397000,11.504
2026/04/29 15:46:19,398000,11.501
2026/04/29 15:46:19,399000,11.499
2026/04/29 15:46:19,400000,11.499
2026/04/29 15:46:19,401000,11.504
2026/04/29 15:46:19,402000,11.496
2026/04/29 15:46:19,403000,11.501
2026/04/29 15:46:19,404000,11.501
2026/04/29 15:46:19,405000,11.499
2026/04/29 15:46:19,406000,11.499
2026/04/29 15:46:19,407000,11.504
2026/04/29 15:46:19,408000,11.499
2026/04/29 15:46:19,409000,11.504
2026/04/29 15:46:19,410000,11.499
2026/04/29 15:46:19,411000,11.504
2026/04/29 15:46:19,412000,11.501
2026/04/29 15:46:19,413000,11.501
2026/04/29 15:46:19,414000,11.504
2026/04/29 15:46:19,415000,11.507
2026/04/29 15:46:19,416000,11.501
2026/04/29 15:46:19,417000,11.496
2026/04/29 15:46:19,418000,11.499
2026/04/29 15:46:19,419000,11.501
2026/04/29 15:46:19,420000,11.501
2026/04/29 15:46:19,421000,11.504
2026/04/29 15:46:19,422000,11.499
2026/04/29 15:46:19,423000,11.493
2026/04/29 15:46:19,424000,11.499
2026/04/29 15:46:19,425000,11.510
2026/04/29 15:46:19,426000,11.499
2026/04/29 15:46:19,427000,11.501
2026/04/29 15:46:19,428000,11.499
2026/04/29 15:46:19,429000,11.504
2026/04/29 15:46:19,430000,11.496
2026/04/29 15:46:19,431000,11.499
2026/04/29 15:46:19,432000,11.501
2026/04/29 15:46:19,433000,11.504
2026/04/29 15:46:19,434000,11.504
2026/04/29 15:46:19,435000,11.501
2026/04/29 15:46:19,436000,11.501
2026/04/29 15:46:19,437000,11.501
2026/04/29 15:46:19,438000,11.501
2026/04/29 15:46:19,439000,11.501
2026/04/29 15:46:19,440000,11.501
2026/04/29 15:46:19,441000,11.499
2026/04/29 15:46:19,442000,11.501
2026/04/29 15:46:19,443000,11.504
2026/04/29 15:46:19,444000,11.499
2026/04/29 15:46:19,445000,11.504
2026/04/29 15:46:19,446000,11.499
2026/04/29 15:46:19,447000,11.501
2026/04/29 15:46:19,448000,11.499
2026/04/29 15:46:19,449000,11.499
2026/04/29 15:46:19,450000,11.499
2026/04/29 15:46:19,451000,11.496
2026/04/29 15:46:19,452000,11.496
2026/04/29 15:46:19,453000,11.499
2026/04/29 15:46:19,454000,11.504
2026/04/29 15:46:19,455000,11.501
2026/04/29 15:46:19,456000,11.504
2026/04/29 15:46:19,457000,11.501
2026/04/29 15:46:19,458000,11.496
2026/04/29 15:46:19,459000,11.504
2026/04/29 15:46:19,460000,11.499
2026/04/29 15:46:19,461000,11.499
2026/04/29 15:46:19,462000,11.504
2026/04/29 15:46:19,463000,11.499
2026/04/29 15:46:19,464000,11.501
2026/04/29 15:46:19,465000,11.499
2026/04/29 15:46:19,466000,11.499
2026/04/29 15:46:19,467000,11.501
2026/04/29 15:46:19,468000,11.499
2026/04/29 15:46:19,469000,11.507
2026/04/29 15:46:19,470000,11.496
2026/04/29 15:46:19,471000,11.501
2026/04/29 15:46:19,472000,11.504
2026/04/29 15:46:19,473000,11.499
2026/04/29 15:46:19,474000,11.501
2026/04/29 15:46:19,475000,11.499
2026/04/29 15:46:19,476000,11.504
2026/04/29 15:46:19,477000,11.499
2026/04/29 15:46:19,478000,11.496
2026/04/29 15:46:19,479000,11.504
2026/04/29 15:46:19,480000,11.499
2026/04/29 15:46:19,481000,11.501
2026/04/29 15:46:19,482000,11.504
2026/04/29 15:46:19,483000,11.499
2026/04/29 15:46:19,484000,11.499
2026/04/29 15:46:19,485000,11.504
2026/04/29 15:46:19,486000,11.501
2026/04/29 15:46:19,487000,11.499
2026/04/29 15:46:19,488000,11.496
2026/04/29 15:46:19,489000,11.501
2026/04/29 15:46:19,490000,11.499
2026/04/29 15:46:19,491000,11.504
2026/04/29 15:46:19,492000,11.501
2026/04/29 15:46:19,493000,11.499
2026/04/29 15:46:19,494000,11.499
2026/04/29 15:46:19,495000,11.501
2026/04/29 15:46:19,496000,11.499
2026/04/29 15:46:19,497000,11.493
2026/04/29 15:46:19,498000,11.504
2026/04/29 15:46:19,499000,11.493
2026/04/29 15:46:19,500000,11.499
2026/04/29 15:46:19,501000,11.499
2026/04/29 15:46:19,502000,11.501
2026/04/29 15:46:19,503000,11.496
2026/04/29 15:46:19,504000,11.499
2026/04/29 15:46:19,505000,11.501
2026/04/29 15:46:19,506000,11.501
2026/04/29 15:46:19,507000,11.496
2026/04/29 15:46:19,508000,11.499
2026/04/29 15:46:19,509000,11.501
2026/04/29 15:46:19,510000,11.501
2026/04/29 15:46:19,511000,11.499
2026/04/29 15:46:19,512000,11.496
2026/04/29 15:46:19,513000,11.499
2026/04/29 15:46:19,514000,11.499
2026/04/29 15:46:19,515000,11.499
2026/04/29 15:46:19,516000,11.493
2026/04/29 15:46:19,517000,11.490
2026/04/29 15:46:19,518000,11.504
2026/04/29 15:46:19,519000,11.501
2026/04/29 15:46:19,520000,11.501
2026/04/29 15:46:19,521000,11.501
2026/04/29 15:46:19,522000,11.501
2026/04/29 15:46:19,523000,11.501
2026/04/29 15:46:19,524000,11.499
2026/04/29 15:46:19,525000,11.501
2026/04/29 15:46:19,526000,11.496
2026/04/29 15:46:19,527000,11.504
2026/04/29 15:46:19,528000,11.501
2026/04/29 15:46:19,529000,11.499
2026/04/29 15:46:19,530000,11.501
2026/04/29 15:46:19,531000,11.499
2026/04/29 15:46:19,532000,11.507
2026/04/29 15:46:19,533000,11.501
2026/04/29 15:46:19,534000,11.501
2026/04/29 15:46:19,535000,11.504
2026/04/29 15:46:19,536000,11.501
2026/04/29 15:46:19,537000,11.501
2026/04/29 15:46:19,538000,11.501
2026/04/29 15:46:19,539000,11.501
2026/04/29 15:46:19,540000,11.499
2026/04/29 15:46:19,541000,11.499
2026/04/29 15:46:19,542000,11.501
2026/04/29 15:46:19,543000,11.504
2026/04/29 15:46:19,544000,11.499
2026/04/29 15:46:19,545000,11.501
2026/04/29 15:46:19,546000,11.504
2026/04/29 15:46:19,547000,11.499
2026/04/29 15:46:19,548000,11.499
2026/04/29 15:46:19,549000,11.496
2026/04/29 15:46:19,550000,11.501
2026/04/29 15:46:19,551000,11.496
2026/04/29 15:46:19,552000,11.499
2026/04/29 15:46:19,553000,11.501
2026/04/29 15:46:19,554000,11.499
2026/04/29 15:46:19,555000,11.504
2026/04/29 15:46:19,556000,11.496
2026/04/29 15:46:19,557000,11.501
2026/04/29 15:46:19,558000,11.501
2026/04/29 15:46:19,559000,11.496
2026/04/29 15:46:19,560000,11.496
2026/04/29 15:46:19,561000,11.501
2026/04/29 15:46:19,562000,11.507
2026/04/29 15:46:19,563000,11.499
2026/04/29 15:46:19,564000,11.499
2026/04/29 15:46:19,565000,11.499
2026/04/29 15:46:19,566000,11.499
2026/04/29 15:46:19,567000,11.496
2026/04/29 15:46:19,568000,11.501
2026/04/29 15:46:19,569000,11.501
2026/04/29 15:46:19,570000,11.496
2026/04/29 15:46:19,571000,11.501
2026/04/29 15:46:19,572000,11.493
2026/04/29 15:46:19,573000,11.504
2026/04/29 15:46:19,574000,11.501
2026/04/29 15:46:19,575000,11.501
2026/04/29 15:46:19,576000,11.501
2026/04/29 15:46:19,577000,11.501
2026/04/29 15:46:19,578000,11.499
2026/04/29 15:46:19,579000,11.507
2026/04/29 15:46:19,580000,11.493
2026/04/29 15:46:19,581000,11.501
2026/04/29 15:46:19,582000,11.504
2026/04/29 15:46:19,583000,11.499
2026/04/29 15:46:19,584000,11.499
2026/04/29 15:46:19,585000,11.504
2026/04/29 15:46:19,586000,11.496
2026/04/29 15:46:19,587000,11.504
2026/04/29 15:46:19,588000,11.496
2026/04/29 15:46:19,589000,11.504
2026/04/29 15:46:19,590000,11.499
2026/04/29 15:46:19,591000,11.499
2026/04/29 15:46:19,592000,11.496
2026/04/29 15:46:19,593000,11.504
2026/04/29 15:46:19,594000,11.499
2026/04/29 15:46:19,595000,11.499
2026/04/29 15:46:19,596000,11.504
2026/04/29 15:46:19,597000,11.499
2026/04/29 15:46:19,598000,11.501
2026/04/29 15:46:19,599000,11.499
2026/04/29 15:46:19,600000,11.501
2026/04/29 15:46:19,601000,11.499
2026/04/29 15:46:19,602000,11.504
2026/04/29 15:46:19,603000,11.499
2026/04/29 15:46:19,604000,11.504
2026/04/29 15:46:19,605000,11.499
2026/04/29 15:46:19,606000,11.499
2026/04/29 15:46:19,607000,11.499
2026/04/29 15:46:19,608000,11.501
2026/04/29 15:46:19,609000,11.501
2026/04/29 15:46:19,610000,11.507
2026/04/29 15:46:19,611000,11.499
2026/04/29 15:46:19,612000,11.501
2026/04/29 15:46:19,613000,11.499
2026/04/29 15:46:19,614000,11.501
2026/04/29 15:46:19,615000,11.499
2026/04/29 15:46:19,616000,11.510
2026/04/29 15:46:19,617000,11.499
2026/04/29 15:46:19,618000,11.504
2026/04/29 15:46:19,619000,11.501
2026/04/29 15:46:19,620000,11.501
2026/04/29 15:46:19,621000,11.504
2026/04/29 15:46:19,622000,11.499
2026/04/29 15:46:19,623000,11.501
2026/04/29 15:46:19,624000,11.496
2026/04/29 15:46:19,625000,11.501
2026/04/29 15:46:19,626000,11.501
2026/04/29 15:46:19,627000,11.493
2026/04/29 15:46:19,628000,11.501
2026/04/29 15:46:19,629000,11.501
2026/04/29 15:46:19,630000,11.499
2026/04/29 15:46:19,631000,11.496
2026/04/29 15:46:19,632000,11.499
2026/04/29 15:46:19,633000,11.501
2026/04/29 15:46:19,634000,11.504
2026/04/29 15:46:19,635000,11.493
2026/04/29 15:46:19,636000,11.501
2026/04/29 15:46:19,637000,11.501
2026/04/29 15:46:19,638000,11.501
2026/04/29 15:46:19,639000,11.501
2026/04/29 15:46:19,640000,11.496
2026/04/29 15:46:19,641000,11.510
2026/04/29 15:46:19,642000,11.504
2026/04/29 15:46:19,643000,11.496
2026/04/29 15:46:19,644000,11.501
2026/04/29 15:46:19,645000,11.499
2026/04/29 15:46:19,646000,11.501
2026/04/29 15:46:19,647000,11.499
2026/04/29 15:46:19,648000,11.507
2026/04/29 15:46:19,649000,11.499
2026/04/29 15:46:19,650000,11.499
2026/04/29 15:46:19,651000,11.499
2026/04/29 15:46:19,652000,11.499
2026/04/29 15:46:19,653000,11.504
2026/04/29 15:46:19,654000,11.501
2026/04/29 15:46:19,655000,11.496
2026/04/29 15:46:19,656000,11.501
2026/04/29 15:46:19,657000,11.493
2026/04/29 15:46:19,658000,11.496
2026/04/29 15:46:19,659000,11.496
2026/04/29 15:46:19,660000,11.496
2026/04/29 15:46:19,661000,11.499
2026/04/29 15:46:19,662000,11.499
2026/04/29 15:46:19,663000,11.499
2026/04/29 15:46:19,664000,11.504
2026/04/29 15:46:19,665000,11.501
2026/04/29 15:46:19,666000,11.499
2026/04/29 15:46:19,667000,11.496
2026/04/29 15:46:19,668000,11.501
2026/04/29 15:46:19,669000,11.499
2026/04/29 15:46:19,670000,11.496
2026/04/29 15:46:19,671000,11.504
2026/04/29 15:46:19,672000,11.501
2026/04/29 15:46:19,673000,11.501
2026/04/29 15:46:19,674000,11.501
2026/04/29 15:46:19,675000,11.499
2026/04/29 15:46:19,676000,11.496
2026/04/29 15:46:19,677000,11.504
2026/04/29 15:46:19,678000,11.499
2026/04/29 15:46:19,679000,11.504
2026/04/29 15:46:19,680000,11.504
2026/04/29 15:46:19,681000,11.501
2026/04/29 15:46:19,682000,11.496
2026/04/29 15:46:19,683000,11.501
2026/04/29 15:46:19,684000,11.501
2026/04/29 15:46:19,685000,11.501
2026/04/29 15:46:19,686000,11.501
2026/04/29 15:46:19,687000,11.499
2026/04/29 15:46:19,688000,11.510
2026/04/29 15:46:19,689000,11.501
2026/04/29 15:46:19,690000,11.501
2026/04/29 15:46:19,691000,11.499
2026/04/29 15:46:19,692000,11.496
2026/04/29 15:46:19,693000,11.501
2026/04/29 15:46:19,694000,11.499
2026/04/29 15:46:19,695000,11.499
2026/04/29 15:46:19,696000,11.504
2026/04/29 15:46:19,697000,11.499
2026/04/29 15:46:19,698000,11.499
2026/04/29 15:46:19,699000,11.501
2026/04/29 15:46:19,700000,11.493
2026/04/29 15:46:19,701000,11.501
2026/04/29 15:46:19,702000,11.501
2026/04/29 15:46:19,703000,11.496
2026/04/29 15:46:19,704000,11.496
2026/04/29 15:46:19,705000,11.501
2026/04/29 15:46:19,706000,11.501
2026/04/29 15:46:19,707000,11.499
2026/04/29 15:46:19,708000,11.493
2026/04/29 15:46:19,709000,11.501
2026/04/29 15:46:19,710000,11.501
2026/04/29 15:46:19,711000,11.496
2026/04/29 15:46:19,712000,11.501
2026/04/29 15:46:19,713000,11.504
2026/04/29 15:46:19,714000,11.504
2026/04/29 15:46:19,715000,11.501
2026/04/29 15:46:19,716000,11.496
2026/04/29 15:46:19,717000,11.499
2026/04/29 15:46:19,718000,11.499
2026/04/29 15:46:19,719000,11.501
2026/04/29 15:46:19,720000,11.504
2026/04/29 15:46:19,721000,11.499
2026/04/29 15:46:19,722000,11.493
2026/04/29 15:46:19,723000,11.501
2026/04/29 15:46:19,724000,11.499
2026/04/29 15:46:19,725000,11.499
2026/04/29 15:46:19,726000,11.499
2026/04/29 15:46:19,727000,11.501
2026/04/29 15:46:19,728000,11.504
2026/04/29 15:46:19,729000,11.501
2026/04/29 15:46:19,730000,11.504
2026/04/29 15:46:19,731000,11.501
2026/04/29 15:46:19,732000,11.499
2026/04/29 15:46:19,733000,11.499
2026/04/29 15:46:19,734000,11.499
2026/04/29 15:46:19,735000,11.496
2026/04/29 15:46:19,736000,11.499
2026/04/29 15:46:19,737000,11.501
2026/04/29 15:46:19,738000,11.499
2026/04/29 15:46:19,739000,11.499
2026/04/29 15:46:19,740000,11.499
2026/04/29 15:46:19,741000,11.499
2026/04/29 15:46:19,742000,11.499
2026/04/29 15:46:19,743000,11.499
2026/04/29 15:46:19,744000,11.499
2026/04/29 15:46:19,745000,11.501
2026/04/29 15:46:19,746000,11.499
2026/04/29 15:46:19,747000,11.501
2026/04/29 15:46:19,748000,11.499
2026/04/29 15:46:19,749000,11.504
2026/04/29 15:46:19,750000,11.501
2026/04/29 15:46:19,751000,11.499
2026/04/29 15:46:19,752000,11.499
2026/04/29 15:46:19,753000,11.501
2026/04/29 15:46:19,754000,11.499
2026/04/29 15:46:19,755000,11.499
2026/04/29 15:46:19,756000,11.504
2026/04/29 15:46:19,757000,11.496
2026/04/29 15:46:19,758000,11.499
2026/04/29 15:46:19,759000,11.499
2026/04/29 15:46:19,760000,11.499
2026/04/29 15:46:19,761000,11.493
2026/04/29 15:46:19,762000,11.496
2026/04/29 15:46:19,763000,11.501
2026/04/29 15:46:19,764000,11.499
2026/04/29 15:46:19,765000,11.507
2026/04/29 15:46:19,766000,11.496
2026/04/29 15:46:19,767000,11.510
2026/04/29 15:46:19,768000,11.501
2026/04/29 15:46:19,769000,11.499
2026/04/29 15:46:19,770000,11.501
2026/04/29 15:46:19,771000,11.493
2026/04/29 15:46:19,772000,11.499
2026/04/29 15:46:19,773000,11.499
2026/04/29 15:46:19,774000,11.496
2026/04/29 15:46:19,775000,11.510
2026/04/29 15:46:19,776000,11.490
2026/04/29 15:46:19,777000,11.499
2026/04/29 15:46:19,778000,11.507
2026/04/29 15:46:19,779000,11.501
2026/04/29 15:46:19,780000,11.499
2026/04/29 15:46:19,781000,11.507
2026/04/29 15:46:19,782000,11.496
2026/04/29 15:46:19,783000,11.501
2026/04/29 15:46:19,784000,11.499
2026/04/29 15:46:19,785000,11.499
2026/04/29 15:46:19,786000,11.501
2026/04/29 15:46:19,787000,11.499
2026/04/29 15:46:19,788000,11.501
2026/04/29 15:46:19,789000,11.501
2026/04/29 15:46:19,790000,11.496
2026/04/29 15:46:19,791000,11.496
2026/04/29 15:46:19,792000,11.499
2026/04/29 15:46:19,793000,11.496
2026/04/29 15:46:19,794000,11.501
2026/04/29 15:46:19,795000,11.499
2026/04/29 15:46:19,796000,11.496
2026/04/29 15:46:19,797000,11.499
2026/04/29 15:46:19,798000,11.504
2026/04/29 15:46:19,799000,11.501
2026/04/29 15:46:19,800000,11.496
2026/04/29 15:46:19,801000,11.501
2026/04/29 15:46:19,802000,11.499
2026/04/29 15:46:19,803000,11.496
2026/04/29 15:46:19,804000,11.501
2026/04/29 15:46:19,805000,11.499
2026/04/29 15:46:19,806000,11.499
2026/04/29 15:46:19,807000,11.501
2026/04/29 15:46:19,808000,11.504
2026/04/29 15:46:19,809000,11.499
2026/04/29 15:46:19,810000,11.499
2026/04/29 15:46:19,811000,11.501
2026/04/29 15:46:19,812000,11.499
2026/04/29 15:46:19,813000,11.501
2026/04/29 15:46:19,814000,11.499
2026/04/29 15:46:19,815000,11.504
2026/04/29 15:46:19,816000,11.499
2026/04/29 15:46:19,817000,11.507
2026/04/29 15:46:19,818000,11.499
2026/04/29 15:46:19,819000,11.504
2026/04/29 15:46:19,820000,11.504
2026/04/29 15:46:19,821000,11.501
2026/04/29 15:46:19,822000,11.504
2026/04/29 15:46:19,823000,11.507
2026/04/29 15:46:19,824000,11.499
2026/04/29 15:46:19,825000,11.501
2026/04/29 15:46:19,826000,11.499
2026/04/29 15:46:19,827000,11.501
2026/04/29 15:46:19,828000,11.499
2026/04/29 15:46:19,829000,11.501
2026/04/29 15:46:19,830000,11.501
2026/04/29 15:46:19,831000,11.499
2026/04/29 15:46:19,832000,11.504
2026/04/29 15:46:19,833000,11.499
2026/04/29 15:46:19,834000,11.501
2026/04/29 15:46:19,835000,11.504
2026/04/29 15:46:19,836000,11.499
2026/04/29 15:46:19,837000,11.504
2026/04/29 15:46:19,838000,11.499
2026/04/29 15:46:19,839000,11.501
2026/04/29 15:46:19,840000,11.493
2026/04/29 15:46:19,841000,11.501
2026/04/29 15:46:19,842000,11.493
2026/04/29 15:46:19,843000,11.499
2026/04/29 15:46:19,844000,11.501
2026/04/29 15:46:19,845000,11.504
2026/04/29 15:46:19,846000,11.504
2026/04/29 15:46:19,847000,11.504
2026/04/29 15:46:19,848000,11.493
2026/04/29 15:46:19,849000,11.501
2026/04/29 15:46:19,850000,11.501
2026/04/29 15:46:19,851000,11.501
2026/04/29 15:46:19,852000,11.504
2026/04/29 15:46:19,853000,11.499
2026/04/29 15:46:19,854000,11.507
2026/04/29 15:46:19,855000,11.504
2026/04/29 15:46:19,856000,11.504
2026/04/29 15:46:19,857000,11.501
2026/04/29 15:46:19,858000,11.510
2026/04/29 15:46:19,859000,11.493
2026/04/29 15:46:19,860000,11.496
2026/04/29 15:46:19,861000,11.499
2026/04/29 15:46:19,862000,11.504
2026/04/29 15:46:19,863000,11.504
2026/04/29 15:46:19,864000,11.499
2026/04/29 15:46:19,865000,11.504
2026/04/29 15:46:19,866000,11.501
2026/04/29 15:46:19,867000,11.496
2026/04/29 15:46:19,868000,11.504
2026/04/29 15:46:19,869000,11.504
2026/04/29 15:46:19,870000,11.501
2026/04/29 15:46:19,871000,11.510
2026/04/29 15:46:19,872000,11.504
2026/04/29 15:46:19,873000,11.499
2026/04/29 15:46:19,874000,11.496
2026/04/29 15:46:19,875000,11.499
2026/04/29 15:46:19,876000,11.501
2026/04/29 15:46:19,877000,11.504
2026/04/29 15:46:19,878000,11.504
2026/04/29 15:46:19,879000,11.496
2026/04/29 15:46:19,880000,11.501
2026/04/29 15:46:19,881000,11.493
2026/04/29 15:46:19,882000,11.501
2026/04/29 15:46:19,883000,11.501
2026/04/29 15:46:19,884000,11.507
2026/04/29 15:46:19,885000,11.507
2026/04/29 15:46:19,886000,11.501
2026/04/29 15:46:19,887000,11.499
2026/04/29 15:46:19,888000,11.499
2026/04/29 15:46:19,889000,11.501
2026/04/29 15:46:19,890000,11.501
2026/04/29 15:46:19,891000,11.501
2026/04/29 15:46:19,892000,11.504
2026/04/29 15:46:19,893000,11.501
2026/04/29 15:46:19,894000,11.496
2026/04/29 15:46:19,895000,11.504
2026/04/29 15:46:19,896000,11.507
2026/04/29 15:46:19,897000,11.501
2026/04/29 15:46:19,898000,11.499
2026/04/29 15:46:19,899000,11.496
2026/04/29 15:46:19,900000,11.499
2026/04/29 15:46:19,901000,11.501
2026/04/29 15:46:19,902000,11.504
2026/04/29 15:46:19,903000,11.507
2026/04/29 15:46:19,904000,11.501
2026/04/29 15:46:19,905000,11.499
2026/04/29 15:46:19,906000,11.496
2026/04/29 15:46:19,907000,11.501
2026/04/29 15:46:19,908000,11.499
2026/04/29 15:46:19,909000,11.499
2026/04/29 15:46:19,910000,11.501
2026/04/29 15:46:19,911000,11.501
2026/04/29 15:46:19,912000,11.501
2026/04/29 15:46:19,913000,11.499
2026/04/29 15:46:19,914000,11.499
2026/04/29 15:46:19,915000,11.496
2026/04/29 15:46:19,916000,11.504
2026/04/29 15:46:19,917000,11.501
2026/04/29 15:46:19,918000,11.504
2026/04/29 15:46:19,919000,11.499
2026/04/29 15:46:19,920000,11.499
2026/04/29 15:46:19,921000,11.499
2026/04/29 15:46:19,922000,11.496
2026/04/29 15:46:19,923000,11.499
2026/04/29 15:46:19,924000,11.501
2026/04/29 15:46:19,925000,11.496
2026/04/29 15:46:19,926000,11.499
2026/04/29 15:46:19,927000,11.504
2026/04/29 15:46:19,928000,11.501
2026/04/29 15:46:19,929000,11.501
2026/04/29 15:46:19,930000,11.501
2026/04/29 15:46:19,931000,11.507
2026/04/29 15:46:19,932000,11.496
2026/04/29 15:46:19,933000,11.501
2026/04/29 15:46:19,934000,11.504
2026/04/29 15:46:19,935000,11.501
2026/04/29 15:46:19,936000,11.507
2026/04/29 15:46:19,937000,11.499
2026/04/29 15:46:19,938000,11.501
2026/04/29 15:46:19,939000,11.501
2026/04/29 15:46:19,940000,11.499
2026/04/29 15:46:19,941000,11.493
2026/04/29 15:46:19,942000,11.504
2026/04/29 15:46:19,943000,11.496
2026/04/29 15:46:19,944000,11.499
2026/04/29 15:46:19,945000,11.499
2026/04/29 15:46:19,946000,11.496
2026/04/29 15:46:19,947000,11.501
2026/04/29 15:46:19,948000,11.499
2026/04/29 15:46:19,949000,11.496
2026/04/29 15:46:19,950000,11.496
2026/04/29 15:46:19,951000,11.499
2026/04/29 15:46:19,952000,11.493
2026/04/29 15:46:19,953000,11.501
2026/04/29 15:46:19,954000,11.493
2026/04/29 15:46:19,955000,11.493
2026/04/29 15:46:19,956000,11.493
2026/04/29 15:46:19,957000,11.493
2026/04/29 15:46:19,958000,11.490
2026/04/29 15:46:19,959000,11.496
2026/04/29 15:46:19,960000,11.496
2026/04/29 15:46:19,961000,11.490
2026/04/29 15:46:19,962000,11.487
2026/04/29 15:46:19,963000,11.479
2026/04/29 15:46:19,964000,11.493
2026/04/29 15:46:19,965000,11.493
2026/04/29 15:46:19,966000,11.485
2026/04/29 15:46:19,967000,11.490
2026/04/29 15:46:19,968000,11.485
2026/04/29 15:46:19,969000,11.479
2026/04/29 15:46:19,970000,11.487
2026/04/29 15:46:19,971000,11.482
2026/04/29 15:46:19,972000,11.479
2026/04/29 15:46:19,973000,11.487
2026/04/29 15:46:19,974000,11.482
2026/04/29 15:46:19,975000,11.490
2026/04/29 15:46:19,976000,11.485
2026/04/29 15:46:19,977000,11.490
2026/04/29 15:46:19,978000,11.487
2026/04/29 15:46:19,979000,11.485
2026/04/29 15:46:19,980000,11.473
2026/04/29 15:46:19,981000,11.482
2026/04/29 15:46:19,982000,11.482
2026/04/29 15:46:19,983000,11.482
2026/04/29 15:46:19,984000,11.485
2026/04/29 15:46:19,985000,11.479
2026/04/29 15:46:19,986000,11.482
2026/04/29 15:46:19,987000,11.482
2026/04/29 15:46:19,988000,11.482
2026/04/29 15:46:19,989000,11.476
2026/04/29 15:46:19,990000,11.479
2026/04/29 15:46:19,991000,11.487
2026/04/29 15:46:19,992000,11.476
2026/04/29 15:46:19,993000,11.479
2026/04/29 15:46:19,994000,11.471
2026/04/29 15:46:19,995000,11.479
2026/04/29 15:46:19,996000,11.473
2026/04/29 15:46:19,997000,11.471
2026/04/29 15:46:19,998000,11.471
2026/04/29 15:46:19,999000,11.471
2026/04/29 15:46:20,000000,11.479
2026/04/29 15:46:20,001000,11.471
2026/04/29 15:46:20,002000,11.471
2026/04/29 15:46:20,003000,11.471
2026/04/29 15:46:20,004000,11.473
2026/04/29 15:46:20,005000,11.471
2026/04/29 15:46:20,006000,11.471
2026/04/29 15:46:20,007000,11.476
2026/04/29 15:46:20,008000,11.465
2026/04/29 15:46:20,009000,11.468
2026/04/29 15:46:20,010000,11.468
2026/04/29 15:46:20,011000,11.462
2026/04/29 15:46:20,012000,11.465
2026/04/29 15:46:20,013000,11.465
2026/04/29 15:46:20,014000,11.462
2026/04/29 15:46:20,015000,11.468
2026/04/29 15:46:20,016000,11.468
2026/04/29 15:46:20,017000,11.462
2026/04/29 15:46:20,018000,11.465
2026/04/29 15:46:20,019000,11.465
2026/04/29 15:46:20,020000,11.457
2026/04/29 15:46:20,021000,11.465
2026/04/29 15:46:20,022000,11.465
2026/04/29 15:46:20,023000,11.462
2026/04/29 15:46:20,024000,11.459
2026/04/29 15:46:20,025000,11.459
2026/04/29 15:46:20,026000,11.465
2026/04/29 15:46:20,027000,11.459
2026/04/29 15:46:20,028000,11.462
2026/04/29 15:46:20,029000,11.459
2026/04/29 15:46:20,030000,11.459
2026/04/29 15:46:20,031000,11.465
2026/04/29 15:46:20,032000,11.462
2026/04/29 15:46:20,033000,11.454
2026/04/29 15:46:20,034000,11.457
2026/04/29 15:46:20,035000,11.465
2026/04/29 15:46:20,036000,11.459
2026/04/29 15:46:20,037000,11.457
2026/04/29 15:46:20,038000,11.454
2026/04/29 15:46:20,039000,11.459
2026/04/29 15:46:20,040000,11.454
2026/04/29 15:46:20,041000,11.448
2026/04/29 15:46:20,042000,11.445
2026/04/29 15:46:20,043000,11.451
2026/04/29 15:46:20,044000,11.457
2026/04/29 15:46:20,045000,11.457
2026/04/29 15:46:20,046000,11.454
2026/04/29 15:46:20,047000,11.454
2026/04/29 15:46:20,048000,11.454
2026/04/29 15:46:20,049000,11.448
2026/04/29 15:46:20,050000,11.454
2026/04/29 15:46:20,051000,11.451
2026/04/29 15:46:20,052000,11.451
2026/04/29 15:46:20,053000,11.448
2026/04/29 15:46:20,054000,11.445
2026/04/29 15:46:20,055000,11.443
2026/04/29 15:46:20,056000,11.448
2026/04/29 15:46:20,057000,11.445
2026/04/29 15:46:20,058000,11.443
2026/04/29 15:46:20,059000,11.448
2026/04/29 15:46:20,060000,11.445
2026/04/29 15:46:20,061000,11.445
2026/04/29 15:46:20,062000,11.445
2026/04/29 15:46:20,063000,11.451
2026/04/29 15:46:20,064000,11.445
2026/04/29 15:46:20,065000,11.445
2026/04/29 15:46:20,066000,11.448
2026/04/29 15:46:20,067000,11.440
2026/04/29 15:46:20,068000,11.451
2026/04/29 15:46:20,069000,11.445
2026/04/29 15:46:20,070000,11.448
2026/04/29 15:46:20,071000,11.445
2026/04/29 15:46:20,072000,11.451
2026/04/29 15:46:20,073000,11.443
2026/04/29 15:46:20,074000,11.445
2026/04/29 15:46:20,075000,11.445
2026/04/29 15:46:20,076000,11.443
2026/04/29 15:46:20,077000,11.443
2026/04/29 15:46:20,078000,11.443
2026/04/29 15:46:20,079000,11.445
2026/04/29 15:46:20,080000,11.437
2026/04/29 15:46:20,081000,11.443
2026/04/29 15:46:20,082000,11.440
2026/04/29 15:46:20,083000,11.443
2026/04/29 15:46:20,084000,11.443
2026/04/29 15:46:20,085000,11.437
2026/04/29 15:46:20,086000,11.440
2026/04/29 15:46:20,087000,11.440
2026/04/29 15:46:20,088000,11.437
2026/04/29 15:46:20,089000,11.440
2026/04/29 15:46:20,090000,11.440
2026/04/29 15:46:20,091000,11.437
2026/04/29 15:46:20,092000,11.440
2026/04/29 15:46:20,093000,11.434
2026/04/29 15:46:20,094000,11.434
2026/04/29 15:46:20,095000,11.434
2026/04/29 15:46:20,096000,11.434
2026/04/29 15:46:20,097000,11.429
2026/04/29 15:46:20,098000,11.434
2026/04/29 15:46:20,099000,11.434
2026/04/29 15:46:20,100000,11.434
2026/04/29 15:46:20,101000,11.434
2026/04/29 15:46:20,102000,11.429
2026/04/29 15:46:20,103000,11.437
2026/04/29 15:46:20,104000,11.423
2026/04/29 15:46:20,105000,11.429
2026/04/29 15:46:20,106000,11.434
2026/04/29 15:46:20,107000,11.431
2026/04/29 15:46:20,108000,11.426
2026/04/29 15:46:20,109000,11.426
2026/04/29 15:46:20,110000,11.429
2026/04/29 15:46:20,111000,11.429
2026/04/29 15:46:20,112000,11.420
2026/04/29 15:46:20,113000,11.417
2026/04/29 15:46:20,114000,11.420
2026/04/29 15:46:20,115000,11.423
2026/04/29 15:46:20,116000,11.426
2026/04/29 15:46:20,117000,11.423
2026/04/29 15:46:20,118000,11.420
2026/04/29 15:46:20,119000,11.417
2026/04/29 15:46:20,120000,11.423
2026/04/29 15:46:20,121000,11.417
2026/04/29 15:46:20,122000,11.417
2026/04/29 15:46:20,123000,11.415
2026/04/29 15:46:20,124000,11.423
2026/04/29 15:46:20,125000,11.423
2026/04/29 15:46:20,126000,11.415
2026/04/29 15:46:20,127000,11.420
2026/04/29 15:46:20,128000,11.420
2026/04/29 15:46:20,129000,11.423
2026/04/29 15:46:20,130000,11.420
2026/04/29 15:46:20,131000,11.417
2026/04/29 15:46:20,132000,11.426
2026/04/29 15:46:20,133000,11.423
2026/04/29 15:46:20,134000,11.417
2026/04/29 15:46:20,135000,11.420
2026/04/29 15:46:20,136000,11.420
2026/04/29 15:46:20,137000,11.417
2026/04/29 15:46:20,138000,11.415
2026/04/29 15:46:20,139000,11.415
2026/04/29 15:46:20,140000,11.420
2026/04/29 15:46:20,141000,11.423
2026/04/29 15:46:20,142000,11.417
2026/04/29 15:46:20,143000,11.415
2026/04/29 15:46:20,144000,11.420
2026/04/29 15:46:20,145000,11.420
2026/04/29 15:46:20,146000,11.423
2026/04/29 15:46:20,147000,11.423
2026/04/29 15:46:20,148000,11.412
2026/04/29 15:46:20,149000,11.417
2026/04/29 15:46:20,150000,11.417
2026/04/29 15:46:20,151000,11.417
2026/04/29 15:46:20,152000,11.415
2026/04/29 15:46:20,153000,11.415
2026/04/29 15:46:20,154000,11.420
2026/04/29 15:46:20,155000,11.417
2026/04/29 15:46:20,156000,11.415
2026/04/29 15:46:20,157000,11.420
2026/04/29 15:46:20,158000,11.417
2026/04/29 15:46:20,159000,11.426
2026/04/29 15:46:20,160000,11.415
2026/04/29 15:46:20,161000,11.417
2026/04/29 15:46:20,162000,11.409
2026/04/29 15:46:20,163000,11.415
2026/04/29 15:46:20,164000,11.415
2026/04/29 15:46:20,165000,11.412
2026/04/29 15:46:20,166000,11.415
2026/04/29 15:46:20,167000,11.412
2026/04/29 15:46:20,168000,11.406
2026/04/29 15:46:20,169000,11.415
2026/04/29 15:46:20,170000,11.423
2026/04/29 15:46:20,171000,11.415
2026/04/29 15:46:20,172000,11.417
2026/04/29 15:46:20,173000,11.415
2026/04/29 15:46:20,174000,11.423
2026/04/29 15:46:20,175000,11.412
2026/04/29 15:46:20,176000,11.412
2026/04/29 15:46:20,177000,11.409
2026/04/29 15:46:20,178000,11.417
2026/04/29 15:46:20,179000,11.415
2026/04/29 15:46:20,180000,11.417
2026/04/29 15:46:20,181000,11.417
2026/04/29 15:46:20,182000,11.420
2026/04/29 15:46:20,183000,11.415
2026/04/29 15:46:20,184000,11.417
2026/04/29 15:46:20,185000,11.417
2026/04/29 15:46:20,186000,11.415
2026/04/29 15:46:20,187000,11.412
2026/04/29 15:46:20,188000,11.415
2026/04/29 15:46:20,189000,11.412
2026/04/29 15:46:20,190000,11.412
2026/04/29 15:46:20,191000,11.412
2026/04/29 15:46:20,192000,11.412
2026/04/29 15:46:20,193000,11.409
2026/04/29 15:46:20,194000,11.417
2026/04/29 15:46:20,195000,11.415
2026/04/29 15:46:20,196000,11.417
2026/04/29 15:46:20,197000,11.417
2026/04/29 15:46:20,198000,11.412
2026/04/29 15:46:20,199000,11.415
2026/04/29 15:46:20,200000,11.415
2026/04/29 15:46:20,201000,11.417
2026/04/29 15:46:20,202000,11.409
2026/04/29 15:46:20,203000,11.415
2026/04/29 15:46:20,204000,11.415
2026/04/29 15:46:20,205000,11.415
2026/04/29 15:46:20,206000,11.415
2026/04/29 15:46:20,207000,11.412
2026/04/29 15:46:20,208000,11.415
2026/04/29 15:46:20,209000,11.417
2026/04/29 15:46:20,210000,11.415
2026/04/29 15:46:20,211000,11.415
2026/04/29 15:46:20,212000,11.412
2026/04/29 15:46:20,213000,11.412
2026/04/29 15:46:20,214000,11.417
2026/04/29 15:46:20,215000,11.412
2026/04/29 15:46:20,216000,11.412
2026/04/29 15:46:20,217000,11.409
2026/04/29 15:46:20,218000,11.412
2026/04/29 15:46:20,219000,11.409
2026/04/29 15:46:20,220000,11.415
2026/04/29 15:46:20,221000,11.415
2026/04/29 15:46:20,222000,11.415
2026/04/29 15:46:20,223000,11.415
2026/04/29 15:46:20,224000,11.415
2026/04/29 15:46:20,225000,11.412
2026/04/29 15:46:20,226000,11.406
2026/04/29 15:46:20,227000,11.406
2026/04/29 15:46:20,228000,11.406
2026/04/29 15:46:20,229000,11.406
2026/04/29 15:46:20,230000,11.412
2026/04/29 15:46:20,231000,11.412
2026/04/29 15:46:20,232000,11.415
2026/04/29 15:46:20,233000,11.409
2026/04/29 15:46:20,234000,11.412
2026/04/29 15:46:20,235000,11.415
2026/04/29 15:46:20,236000,11.412
2026/04/29 15:46:20,237000,11.415
2026/04/29 15:46:20,238000,11.412
2026/04/29 15:46:20,239000,11.412
2026/04/29 15:46:20,240000,11.412
2026/04/29 15:46:20,241000,11.412
2026/04/29 15:46:20,242000,11.406
2026/04/29 15:46:20,243000,11.409
2026/04/29 15:46:20,244000,11.415
2026/04/29 15:46:20,245000,11.412
2026/04/29 15:46:20,246000,11.417
2026/04/29 15:46:20,247000,11.412
2026/04/29 15:46:20,248000,11.415
2026/04/29 15:46:20,249000,11.412
2026/04/29 15:46:20,250000,11.412
2026/04/29 15:46:20,251000,11.412
2026/04/29 15:46:20,252000,11.415
2026/04/29 15:46:20,253000,11.409
2026/04/29 15:46:20,254000,11.409
2026/04/29 15:46:20,255000,11.409
2026/04/29 15:46:20,256000,11.409
2026/04/29 15:46:20,257000,11.412
2026/04/29 15:46:20,258000,11.409
2026/04/29 15:46:20,259000,11.420
2026/04/29 15:46:20,260000,11.406
2026/04/29 15:46:20,261000,11.403
2026/04/29 15:46:20,262000,11.415
2026/04/29 15:46:20,263000,11.406
2026/04/29 15:46:20,264000,11.409
2026/04/29 15:46:20,265000,11.409
2026/04/29 15:46:20,266000,11.412
2026/04/29 15:46:20,267000,11.403
2026/04/29 15:46:20,268000,11.403
2026/04/29 15:46:20,269000,11.409
2026/04/29 15:46:20,270000,11.409
2026/04/29 15:46:20,271000,11.395
2026/04/29 15:46:20,272000,11.406
2026/04/29 15:46:20,273000,11.409
2026/04/29 15:46:20,274000,11.406
2026/04/29 15:46:20,275000,11.409
2026/04/29 15:46:20,276000,11.406
2026/04/29 15:46:20,277000,11.403
2026/04/29 15:46:20,278000,11.406
2026/04/29 15:46:20,279000,11.406
2026/04/29 15:46:20,280000,11.409
2026/04/29 15:46:20,281000,11.403
2026/04/29 15:46:20,282000,11.406
2026/04/29 15:46:20,283000,11.401
2026/04/29 15:46:20,284000,11.406
2026/04/29 15:46:20,285000,11.409
2026/04/29 15:46:20,286000,11.403
2026/04/29 15:46:20,287000,11.403
2026/04/29 15:46:20,288000,11.409
2026/04/29 15:46:20,289000,11.409
2026/04/29 15:46:20,290000,11.406
2026/04/29 15:46:20,291000,11.395
2026/04/29 15:46:20,292000,11.406
2026/04/29 15:46:20,293000,11.401
2026/04/29 15:46:20,294000,11.401
2026/04/29 15:46:20,295000,11.403
2026/04/29 15:46:20,296000,11.401
2026/04/29 15:46:20,297000,11.398
2026/04/29 15:46:20,298000,11.406
2026/04/29 15:46:20,299000,11.403
2026/04/29 15:46:20,300000,11.415
2026/04/29 15:46:20,301000,11.403
2026/04/29 15:46:20,302000,11.401
2026/04/29 15:46:20,303000,11.406
2026/04/29 15:46:20,304000,11.403
2026/04/29 15:46:20,305000,11.406
2026/04/29 15:46:20,306000,11.406
2026/04/29 15:46:20,307000,11.403
2026/04/29 15:46:20,308000,11.409
2026/04/29 15:46:20,309000,11.409
2026/04/29 15:46:20,310000,11.403
2026/04/29 15:46:20,311000,11.409
2026/04/29 15:46:20,312000,11.403
2026/04/29 15:46:20,313000,11.406
2026/04/29 15:46:20,314000,11.401
2026/04/29 15:46:20,315000,11.401
2026/04/29 15:46:20,316000,11.403
2026/04/29 15:46:20,317000,11.401
2026/04/29 15:46:20,318000,11.409
2026/04/29 15:46:20,319000,11.403
2026/04/29 15:46:20,320000,11.401
2026/04/29 15:46:20,321000,11.398
2026/04/29 15:46:20,322000,11.406
2026/04/29 15:46:20,323000,11.401
2026/04/29 15:46:20,324000,11.403
2026/04/29 15:46:20,325000,11.406
2026/04/29 15:46:20,326000,11.403
2026/04/29 15:46:20,327000,11.401
2026/04/29 15:46:20,328000,11.406
2026/04/29 15:46:20,329000,11.406
2026/04/29 15:46:20,330000,11.409
2026/04/29 15:46:20,331000,11.412
2026/04/29 15:46:20,332000,11.409
2026/04/29 15:46:20,333000,11.403
2026/04/29 15:46:20,334000,11.403
2026/04/29 15:46:20,335000,11.409
2026/04/29 15:46:20,336000,11.406
2026/04/29 15:46:20,337000,11.401
2026/04/29 15:46:20,338000,11.401
2026/04/29 15:46:20,339000,11.403
2026/04/29 15:46:20,340000,11.401
2026/04/29 15:46:20,341000,11.403
2026/04/29 15:46:20,342000,11.412
2026/04/29 15:46:20,343000,11.403
2026/04/29 15:46:20,344000,11.403
2026/04/29 15:46:20,345000,11.409
2026/04/29 15:46:20,346000,11.403
2026/04/29 15:46:20,347000,11.403
2026/04/29 15:46:20,348000,11.409
2026/04/29 15:46:20,349000,11.403
2026/04/29 15:46:20,350000,11.403
2026/04/29 15:46:20,351000,11.395
2026/04/29 15:46:20,352000,11.403
2026/04/29 15:46:20,353000,11.406
2026/04/29 15:46:20,354000,11.398
2026/04/29 15:46:20,355000,11.415
2026/04/29 15:46:20,356000,11.403
2026/04/29 15:46:20,357000,11.403
2026/04/29 15:46:20,358000,11.401
2026/04/29 15:46:20,359000,11.403
2026/04/29 15:46:20,360000,11.398
2026/04/29 15:46:20,361000,11.406
2026/04/29 15:46:20,362000,11.401
2026/04/29 15:46:20,363000,11.403
2026/04/29 15:46:20,364000,11.401
2026/04/29 15:46:20,365000,11.401
2026/04/29 15:46:20,366000,11.398
2026/04/29 15:46:20,367000,11.403
2026/04/29 15:46:20,368000,11.406
2026/04/29 15:46:20,369000,11.403
2026/04/29 15:46:20,370000,11.398
2026/04/29 15:46:20,371000,11.403
2026/04/29 15:46:20,372000,11.403
2026/04/29 15:46:20,373000,11.403
2026/04/29 15:46:20,374000,11.403
2026/04/29 15:46:20,375000,11.409
2026/04/29 15:46:20,376000,11.412
2026/04/29 15:46:20,377000,11.403
2026/04/29 15:46:20,378000,11.403
2026/04/29 15:46:20,379000,11.401
2026/04/29 15:46:20,380000,11.403
2026/04/29 15:46:20,381000,11.398
2026/04/29 15:46:20,382000,11.401
2026/04/29 15:46:20,383000,11.401
2026/04/29 15:46:20,384000,11.403
2026/04/29 15:46:20,385000,11.401
2026/04/29 15:46:20,386000,11.401
2026/04/29 15:46:20,387000,11.401
2026/04/29 15:46:20,388000,11.403
2026/04/29 15:46:20,389000,11.406
2026/04/29 15:46:20,390000,11.401
2026/04/29 15:46:20,391000,11.401
2026/04/29 15:46:20,392000,11.398
2026/04/29 15:46:20,393000,11.412
2026/04/29 15:46:20,394000,11.401
2026/04/29 15:46:20,395000,11.401
2026/04/29 15:46:20,396000,11.401
2026/04/29 15:46:20,397000,11.406
2026/04/29 15:46:20,398000,11.403
2026/04/29 15:46:20,399000,11.401
2026/04/29 15:46:20,400000,11.401
2026/04/29 15:46:20,401000,11.403
2026/04/29 15:46:20,402000,11.401
2026/04/29 15:46:20,403000,11.406
2026/04/29 15:46:20,404000,11.403
2026/04/29 15:46:20,405000,11.401
2026/04/29 15:46:20,406000,11.401
2026/04/29 15:46:20,407000,11.401
2026/04/29 15:46:20,408000,11.403
2026/04/29 15:46:20,409000,11.406
2026/04/29 15:46:20,410000,11.403
2026/04/29 15:46:20,411000,11.403
2026/04/29 15:46:20,412000,11.398
2026/04/29 15:46:20,413000,11.401
2026/04/29 15:46:20,414000,11.401
2026/04/29 15:46:20,415000,11.398
2026/04/29 15:46:20,416000,11.401
2026/04/29 15:46:20,417000,11.401
2026/04/29 15:46:20,418000,11.403
2026/04/29 15:46:20,419000,11.395
2026/04/29 15:46:20,420000,11.403
2026/04/29 15:46:20,421000,11.401
2026/04/29 15:46:20,422000,11.395
2026/04/29 15:46:20,423000,11.401
2026/04/29 15:46:20,424000,11.398
2026/04/29 15:46:20,425000,11.392
2026/04/29 15:46:20,426000,11.395
2026/04/29 15:46:20,427000,11.401
2026/04/29 15:46:20,428000,11.401
2026/04/29 15:46:20,429000,11.403
2026/04/29 15:46:20,430000,11.406
2026/04/29 15:46:20,431000,11.401
2026/04/29 15:46:20,432000,11.398
2026/04/29 15:46:20,433000,11.401
2026/04/29 15:46:20,434000,11.401
2026/04/29 15:46:20,435000,11.401
2026/04/29 15:46:20,436000,11.403
2026/04/29 15:46:20,437000,11.403
2026/04/29 15:46:20,438000,11.398
2026/04/29 15:46:20,439000,11.395
2026/04/29 15:46:20,440000,11.401
2026/04/29 15:46:20,441000,11.398
2026/04/29 15:46:20,442000,11.398
2026/04/29 15:46:20,443000,11.398
2026/04/29 15:46:20,444000,11.401
2026/04/29 15:46:20,445000,11.401
2026/04/29 15:46:20,446000,11.398
2026/04/29 15:46:20,447000,11.395
2026/04/29 15:46:20,448000,11.398
2026/04/29 15:46:20,449000,11.395
2026/04/29 15:46:20,450000,11.392
2026/04/29 15:46:20,451000,11.398
2026/04/29 15:46:20,452000,11.401
2026/04/29 15:46:20,453000,11.398
2026/04/29 15:46:20,454000,11.401
2026/04/29 15:46:20,455000,11.395
2026/04/29 15:46:20,456000,11.398
2026/04/29 15:46:20,457000,11.401
2026/04/29 15:46:20,458000,11.401
2026/04/29 15:46:20,459000,11.398
2026/04/29 15:46:20,460000,11.401
2026/04/29 15:46:20,461000,11.398
2026/04/29 15:46:20,462000,11.401
2026/04/29 15:46:20,463000,11.401
2026/04/29 15:46:20,464000,11.401
2026/04/29 15:46:20,465000,11.401
2026/04/29 15:46:20,466000,11.401
2026/04/29 15:46:20,467000,11.395
2026/04/29 15:46:20,468000,11.389
2026/04/29 15:46:20,469000,11.395
2026/04/29 15:46:20,470000,11.398
2026/04/29 15:46:20,471000,11.395
2026/04/29 15:46:20,472000,11.398
2026/04/29 15:46:20,473000,11.389
2026/04/29 15:46:20,474000,11.398
2026/04/29 15:46:20,475000,11.398
2026/04/29 15:46:20,476000,11.395
2026/04/29 15:46:20,477000,11.398
2026/04/29 15:46:20,478000,11.392
2026/04/29 15:46:20,479000,11.395
2026/04/29 15:46:20,480000,11.392
2026/04/29 15:46:20,481000,11.395
2026/04/29 15:46:20,482000,11.401
2026/04/29 15:46:20,483000,11.395
2026/04/29 15:46:20,484000,11.401
2026/04/29 15:46:20,485000,11.392
2026/04/29 15:46:20,486000,11.401
2026/04/29 15:46:20,487000,11.392
2026/04/29 15:46:20,488000,11.403
2026/04/29 15:46:20,489000,11.401
2026/04/29 15:46:20,490000,11.398
2026/04/29 15:46:20,491000,11.398
2026/04/29 15:46:20,492000,11.389
2026/04/29 15:46:20,493000,11.395
2026/04/29 15:46:20,494000,11.395
2026/04/29 15:46:20,495000,11.392
2026/04/29 15:46:20,496000,11.401
2026/04/29 15:46:20,497000,11.398
2026/04/29 15:46:20,498000,11.398
2026/04/29 15:46:20,499000,11.398
2026/04/29 15:46:20,500000,11.395
2026/04/29 15:46:20,501000,11.392
2026/04/29 15:46:20,502000,11.395
2026/04/29 15:46:20,503000,11.392
2026/04/29 15:46:20,504000,11.395
2026/04/29 15:46:20,505000,11.401
2026/04/29 15:46:20,506000,11.401
2026/04/29 15:46:20,507000,11.395
2026/04/29 15:46:20,508000,11.398
2026/04/29 15:46:20,509000,11.392
2026/04/29 15:46:20,510000,11.401
2026/04/29 15:46:20,511000,11.401
2026/04/29 15:46:20,512000,11.401
2026/04/29 15:46:20,513000,11.401
2026/04/29 15:46:20,514000,11.395
2026/04/29 15:46:20,515000,11.392
2026/04/29 15:46:20,516000,11.401
2026/04/29 15:46:20,517000,11.398
2026/04/29 15:46:20,518000,11.403
2026/04/29 15:46:20,519000,11.392
2026/04/29 15:46:20,520000,11.395
2026/04/29 15:46:20,521000,11.395
2026/04/29 15:46:20,522000,11.392
2026/04/29 15:46:20,523000,11.401
2026/04/29 15:46:20,524000,11.392
2026/04/29 15:46:20,525000,11.398
2026/04/29 15:46:20,526000,11.389
2026/04/29 15:46:20,527000,11.392
2026/04/29 15:46:20,528000,11.403
2026/04/29 15:46:20,529000,11.398
2026/04/29 15:46:20,530000,11.401
2026/04/29 15:46:20,531000,11.398
2026/04/29 15:46:20,532000,11.392
2026/04/29 15:46:20,533000,11.398
2026/04/29 15:46:20,534000,11.395
2026/04/29 15:46:20,535000,11.395
2026/04/29 15:46:20,536000,11.392
2026/04/29 15:46:20,537000,11.398
2026/04/29 15:46:20,538000,11.401
2026/04/29 15:46:20,539000,11.398
2026/04/29 15:46:20,540000,11.395
2026/04/29 15:46:20,541000,11.392
2026/04/29 15:46:20,542000,11.398
2026/04/29 15:46:20,543000,11.398
2026/04/29 15:46:20,544000,11.401
2026/04/29 15:46:20,545000,11.395
2026/04/29 15:46:20,546000,11.392
2026/04/29 15:46:20,547000,11.401
2026/04/29 15:46:20,548000,11.398
2026/04/29 15:46:20,549000,11.392
2026/04/29 15:46:20,550000,11.392
2026/04/29 15:46:20,551000,11.395
2026/04/29 15:46:20,552000,11.387
2026/04/29 15:46:20,553000,11.389
2026/04/29 15:46:20,554000,11.398
2026/04/29 15:46:20,555000,11.392
2026/04/29 15:46:20,556000,11.395
2026/04/29 15:46:20,557000,11.395
2026/04/29 15:46:20,558000,11.398
2026/04/29 15:46:20,559000,11.401
2026/04/29 15:46:20,560000,11.398
2026/04/29 15:46:20,561000,11.401
2026/04/29 15:46:20,562000,11.395
2026/04/29 15:46:20,563000,11.389
2026/04/29 15:46:20,564000,11.395
2026/04/29 15:46:20,565000,11.389
2026/04/29 15:46:20,566000,11.403
2026/04/29 15:46:20,567000,11.398
2026/04/29 15:46:20,568000,11.387
2026/04/29 15:46:20,569000,11.392
2026/04/29 15:46:20,570000,11.395
2026/04/29 15:46:20,571000,11.392
2026/04/29 15:46:20,572000,11.392
2026/04/29 15:46:20,573000,11.392
2026/04/29 15:46:20,574000,11.392
2026/04/29 15:46:20,575000,11.389
2026/04/29 15:46:20,576000,11.389
2026/04/29 15:46:20,577000,11.389
2026/04/29 15:46:20,578000,11.392
2026/04/29 15:46:20,579000,11.395
2026/04/29 15:46:20,580000,11.389
2026/04/29 15:46:20,581000,11.389
2026/04/29 15:46:20,582000,11.389
2026/04/29 15:46:20,583000,11.392
2026/04/29 15:46:20,584000,11.387
2026/04/29 15:46:20,585000,11.389
2026/04/29 15:46:20,586000,11.395
2026/04/29 15:46:20,587000,11.389
2026/04/29 15:46:20,588000,11.389
2026/04/29 15:46:20,589000,11.392
2026/04/29 15:46:20,590000,11.392
2026/04/29 15:46:20,591000,11.387
2026/04/29 15:46:20,592000,11.389
2026/04/29 15:46:20,593000,11.395
2026/04/29 15:46:20,594000,11.392
2026/04/29 15:46:20,595000,11.389
2026/04/29 15:46:20,596000,11.398
2026/04/29 15:46:20,597000,11.389
2026/04/29 15:46:20,598000,11.387
2026/04/29 15:46:20,599000,11.395
2026/04/29 15:46:20,600000,11.389
2026/04/29 15:46:20,601000,11.395
2026/04/29 15:46:20,602000,11.389
2026/04/29 15:46:20,603000,11.389
2026/04/29 15:46:20,604000,11.392
2026/04/29 15:46:20,605000,11.392
2026/04/29 15:46:20,606000,11.392
2026/04/29 15:46:20,607000,11.389
2026/04/29 15:46:20,608000,11.395
2026/04/29 15:46:20,609000,11.387
2026/04/29 15:46:20,610000,11.389
2026/04/29 15:46:20,611000,11.387
2026/04/29 15:46:20,612000,11.395
2026/04/29 15:46:20,613000,11.392
2026/04/29 15:46:20,614000,11.389
2026/04/29 15:46:20,615000,11.387
2026/04/29 15:46:20,616000,11.384
2026/04/29 15:46:20,617000,11.387
2026/04/29 15:46:20,618000,11.387
2026/04/29 15:46:20,619000,11.387
2026/04/29 15:46:20,620000,11.387
2026/04/29 15:46:20,621000,11.392
2026/04/29 15:46:20,622000,11.387
2026/04/29 15:46:20,623000,11.384
2026/04/29 15:46:20,624000,11.392
2026/04/29 15:46:20,625000,11.384
2026/04/29 15:46:20,626000,11.389
2026/04/29 15:46:20,627000,11.389
2026/04/29 15:46:20,628000,11.392
2026/04/29 15:46:20,629000,11.389
2026/04/29 15:46:20,630000,11.389
2026/04/29 15:46:20,631000,11.387
2026/04/29 15:46:20,632000,11.389
2026/04/29 15:46:20,633000,11.387
2026/04/29 15:46:20,634000,11.392
2026/04/29 15:46:20,635000,11.387
2026/04/29 15:46:20,636000,11.389
2026/04/29 15:46:20,637000,11.389
2026/04/29 15:46:20,638000,11.395
2026/04/29 15:46:20,639000,11.387
2026/04/29 15:46:20,640000,11.392
2026/04/29 15:46:20,641000,11.392
2026/04/29 15:46:20,642000,11.387
2026/04/29 15:46:20,643000,11.389
2026/04/29 15:46:20,644000,11.392
2026/04/29 15:46:20,645000,11.387
2026/04/29 15:46:20,646000,11.389
2026/04/29 15:46:20,647000,11.387
2026/04/29 15:46:20,648000,11.389
2026/04/29 15:46:20,649000,11.387
2026/04/29 15:46:20,650000,11.387
2026/04/29 15:46:20,651000,11.387
2026/04/29 15:46:20,652000,11.389
2026/04/29 15:46:20,653000,11.389
2026/04/29 15:46:20,654000,11.392
2026/04/29 15:46:20,655000,11.389
2026/04/29 15:46:20,656000,11.384
2026/04/29 15:46:20,657000,11.387
2026/04/29 15:46:20,658000,11.389
2026/04/29 15:46:20,659000,11.384
2026/04/29 15:46:20,660000,11.384
2026/04/29 15:46:20,661000,11.381
2026/04/29 15:46:20,662000,11.376
2026/04/29 15:46:20,663000,11.381
2026/04/29 15:46:20,664000,11.389
2026/04/29 15:46:20,665000,11.389
2026/04/29 15:46:20,666000,11.389
2026/04/29 15:46:20,667000,11.381
2026/04/29 15:46:20,668000,11.389
2026/04/29 15:46:20,669000,11.387
2026/04/29 15:46:20,670000,11.389
2026/04/29 15:46:20,671000,11.387
2026/04/29 15:46:20,672000,11.389
2026/04/29 15:46:20,673000,11.387
2026/04/29 15:46:20,674000,11.389
2026/04/29 15:46:20,675000,11.389
2026/04/29 15:46:20,676000,11.389
2026/04/29 15:46:20,677000,11.381
2026/04/29 15:46:20,678000,11.387
2026/04/29 15:46:20,679000,11.384
2026/04/29 15:46:20,680000,11.381
2026/04/29 15:46:20,681000,11.387
2026/04/29 15:46:20,682000,11.392
2026/04/29 15:46:20,683000,11.392
2026/04/29 15:46:20,684000,11.389
2026/04/29 15:46:20,685000,11.381
2026/04/29 15:46:20,686000,11.389
2026/04/29 15:46:20,687000,11.384
2026/04/29 15:46:20,688000,11.384
2026/04/29 15:46:20,689000,11.389
2026/04/29 15:46:20,690000,11.389
2026/04/29 15:46:20,691000,11.387
2026/04/29 15:46:20,692000,11.378
2026/04/29 15:46:20,693000,11.389
2026/04/29 15:46:20,694000,11.384
2026/04/29 15:46:20,695000,11.381
2026/04/29 15:46:20,696000,11.381
2026/04/29 15:46:20,697000,11.384
2026/04/29 15:46:20,698000,11.387
2026/04/29 15:46:20,699000,11.381
2026/04/29 15:46:20,700000,11.381
2026/04/29 15:46:20,701000,11.387
2026/04/29 15:46:20,702000,11.381
2026/04/29 15:46:20,703000,11.381
2026/04/29 15:46:20,704000,11.384
2026/04/29 15:46:20,705000,11.381
2026/04/29 15:46:20,706000,11.389
2026/04/29 15:46:20,707000,11.381
2026/04/29 15:46:20,708000,11.389
2026/04/29 15:46:20,709000,11.387
2026/04/29 15:46:20,710000,11.398
2026/04/29 15:46:20,711000,11.392
2026/04/29 15:46:20,712000,11.389
2026/04/29 15:46:20,713000,11.387
2026/04/29 15:46:20,714000,11.381
2026/04/29 15:46:20,715000,11.381
2026/04/29 15:46:20,716000,11.378
2026/04/29 15:46:20,717000,11.387
2026/04/29 15:46:20,718000,11.378
2026/04/29 15:46:20,719000,11.384
2026/04/29 15:46:20,720000,11.387
2026/04/29 15:46:20,721000,11.387
2026/04/29 15:46:20,722000,11.389
2026/04/29 15:46:20,723000,11.384
2026/04/29 15:46:20,724000,11.378
2026/04/29 15:46:20,725000,11.381
2026/04/29 15:46:20,726000,11.387
2026/04/29 15:46:20,727000,11.381
2026/04/29 15:46:20,728000,11.378
2026/04/29 15:46:20,729000,11.387
2026/04/29 15:46:20,730000,11.378
2026/04/29 15:46:20,731000,11.387
2026/04/29 15:46:20,732000,11.389
2026/04/29 15:46:20,733000,11.381
2026/04/29 15:46:20,734000,11.387
2026/04/29 15:46:20,735000,11.381
2026/04/29 15:46:20,736000,11.378
2026/04/29 15:46:20,737000,11.384
2026/04/29 15:46:20,738000,11.378
2026/04/29 15:46:20,739000,11.381
2026/04/29 15:46:20,740000,11.389
2026/04/29 15:46:20,741000,11.378
2026/04/29 15:46:20,742000,11.376
2026/04/29 15:46:20,743000,11.378
2026/04/29 15:46:20,744000,11.387
2026/04/29 15:46:20,745000,11.381
2026/04/29 15:46:20,746000,11.389
2026/04/29 15:46:20,747000,11.389
2026/04/29 15:46:20,748000,11.387
2026/04/29 15:46:20,749000,11.378
2026/04/29 15:46:20,750000,11.389
2026/04/29 15:46:20,751000,11.381
2026/04/29 15:46:20,752000,11.381
2026/04/29 15:46:20,753000,11.381
2026/04/29 15:46:20,754000,11.378
2026/04/29 15:46:20,755000,11.376
2026/04/29 15:46:20,756000,11.381
2026/04/29 15:46:20,757000,11.387
2026/04/29 15:46:20,758000,11.381
2026/04/29 15:46:20,759000,11.381
2026/04/29 15:46:20,760000,11.381
2026/04/29 15:46:20,761000,11.381
2026/04/29 15:46:20,762000,11.387
2026/04/29 15:46:20,763000,11.381
2026/04/29 15:46:20,764000,11.378
2026/04/29 15:46:20,765000,11.378
2026/04/29 15:46:20,766000,11.378
2026/04/29 15:46:20,767000,11.378
2026/04/29 15:46:20,768000,11.381
2026/04/29 15:46:20,769000,11.378
2026/04/29 15:46:20,770000,11.381
2026/04/29 15:46:20,771000,11.378
2026/04/29 15:46:20,772000,11.376
2026/04/29 15:46:20,773000,11.378
2026/04/29 15:46:20,774000,11.381
2026/04/29 15:46:20,775000,11.384
2026/04/29 15:46:20,776000,11.387
2026/04/29 15:46:20,777000,11.381
2026/04/29 15:46:20,778000,11.381
2026/04/29 15:46:20,779000,11.381
2026/04/29 15:46:20,780000,11.381
2026/04/29 15:46:20,781000,11.384
2026/04/29 15:46:20,782000,11.378
2026/04/29 15:46:20,783000,11.378
2026/04/29 15:46:20,784000,11.376
2026/04/29 15:46:20,785000,11.381
2026/04/29 15:46:20,786000,11.381
2026/04/29 15:46:20,787000,11.378
2026/04/29 15:46:20,788000,11.381
2026/04/29 15:46:20,789000,11.384
2026/04/29 15:46:20,790000,11.378
2026/04/29 15:46:20,791000,11.378
2026/04/29 15:46:20,792000,11.387
2026/04/29 15:46:20,793000,11.381
2026/04/29 15:46:20,794000,11.381
2026/04/29 15:46:20,795000,11.392
2026/04/29 15:46:20,796000,11.378
2026/04/29 15:46:20,797000,11.381
2026/04/29 15:46:20,798000,11.381
2026/04/29 15:46:20,799000,11.378
2026/04/29 15:46:20,800000,11.381
2026/04/29 15:46:20,801000,11.381
2026/04/29 15:46:20,802000,11.381
2026/04/29 15:46:20,803000,11.384
2026/04/29 15:46:20,804000,11.378
2026/04/29 15:46:20,805000,11.381
2026/04/29 15:46:20,806000,11.381
2026/04/29 15:46:20,807000,11.376
2026/04/29 15:46:20,808000,11.381
2026/04/29 15:46:20,809000,11.378
2026/04/29 15:46:20,810000,11.376
2026/04/29 15:46:20,811000,11.378
2026/04/29 15:46:20,812000,11.384
2026/04/29 15:46:20,813000,11.376
2026/04/29 15:46:20,814000,11.384
2026/04/29 15:46:20,815000,11.373
2026/04/29 15:46:20,816000,11.376
2026/04/29 15:46:20,817000,11.381
2026/04/29 15:46:20,818000,11.376
2026/04/29 15:46:20,819000,11.378
2026/04/29 15:46:20,820000,11.378
2026/04/29 15:46:20,821000,11.381
2026/04/29 15:46:20,822000,11.378
2026/04/29 15:46:20,823000,11.384
2026/04/29 15:46:20,824000,11.376
2026/04/29 15:46:20,825000,11.376
2026/04/29 15:46:20,826000,11.378
2026/04/29 15:46:20,827000,11.378
2026/04/29 15:46:20,828000,11.384
2026/04/29 15:46:20,829000,11.387
2026/04/29 15:46:20,830000,11.378
2026/04/29 15:46:20,831000,11.376
2026/04/29 15:46:20,832000,11.381
2026/04/29 15:46:20,833000,11.378
2026/04/29 15:46:20,834000,11.370
2026/04/29 15:46:20,835000,11.381
2026/04/29 15:46:20,836000,11.387
2026/04/29 15:46:20,837000,11.384
2026/04/29 15:46:20,838000,11.373
2026/04/29 15:46:20,839000,11.376
2026/04/29 15:46:20,840000,11.381
2026/04/29 15:46:20,841000,11.378
2026/04/29 15:46:20,842000,11.373
2026/04/29 15:46:20,843000,11.376
2026/04/29 15:46:20,844000,11.373
2026/04/29 15:46:20,845000,11.381
2026/04/29 15:46:20,846000,11.389
2026/04/29 15:46:20,847000,11.373
2026/04/29 15:46:20,848000,11.378
2026/04/29 15:46:20,849000,11.378
2026/04/29 15:46:20,850000,11.376
2026/04/29 15:46:20,851000,11.381
2026/04/29 15:46:20,852000,11.378
2026/04/29 15:46:20,853000,11.370
2026/04/29 15:46:20,854000,11.376
2026/04/29 15:46:20,855000,11.370
2026/04/29 15:46:20,856000,11.378
2026/04/29 15:46:20,857000,11.378
2026/04/29 15:46:20,858000,11.376
2026/04/29 15:46:20,859000,11.367
2026/04/29 15:46:20,860000,11.376
2026/04/29 15:46:20,861000,11.376
2026/04/29 15:46:20,862000,11.376
2026/04/29 15:46:20,863000,11.381
2026/04/29 15:46:20,864000,11.378
2026/04/29 15:46:20,865000,11.381
2026/04/29 15:46:20,866000,11.378
2026/04/29 15:46:20,867000,11.376
2026/04/29 15:46:20,868000,11.376
2026/04/29 15:46:20,869000,11.373
2026/04/29 15:46:20,870000,11.376
2026/04/29 15:46:20,871000,11.373
2026/04/29 15:46:20,872000,11.376
2026/04/29 15:46:20,873000,11.376
2026/04/29 15:46:20,874000,11.370
2026/04/29 15:46:20,875000,11.381
2026/04/29 15:46:20,876000,11.370
2026/04/29 15:46:20,877000,11.376
2026/04/29 15:46:20,878000,11.373
2026/04/29 15:46:20,879000,11.370
2026/04/29 15:46:20,880000,11.387
2026/04/29 15:46:20,881000,11.381
2026/04/29 15:46:20,882000,11.373
2026/04/29 15:46:20,883000,11.376
2026/04/29 15:46:20,884000,11.378
2026/04/29 15:46:20,885000,11.376
2026/04/29 15:46:20,886000,11.378
2026/04/29 15:46:20,887000,11.373
2026/04/29 15:46:20,888000,11.376
2026/04/29 15:46:20,889000,11.373
2026/04/29 15:46:20,890000,11.367
2026/04/29 15:46:20,891000,11.378
2026/04/29 15:46:20,892000,11.373
2026/04/29 15:46:20,893000,11.370
2026/04/29 15:46:20,894000,11.373
2026/04/29 15:46:20,895000,11.373
2026/04/29 15:46:20,896000,11.367
2026/04/29 15:46:20,897000,11.378
2026/04/29 15:46:20,898000,11.367
2026/04/29 15:46:20,899000,11.370
2026/04/29 15:46:20,900000,11.373
2026/04/29 15:46:20,901000,11.378
2026/04/29 15:46:20,902000,11.370
2026/04/29 15:46:20,903000,11.370
2026/04/29 15:46:20,904000,11.373
2026/04/29 15:46:20,905000,11.373
2026/04/29 15:46:20,906000,11.376
2026/04/29 15:46:20,907000,11.367
2026/04/29 15:46:20,908000,11.370
2026/04/29 15:46:20,909000,11.376
2026/04/29 15:46:20,910000,11.370
2026/04/29 15:46:20,911000,11.376
2026/04/29 15:46:20,912000,11.370
2026/04/29 15:46:20,913000,11.373
2026/04/29 15:46:20,914000,11.373
2026/04/29 15:46:20,915000,11.370
2026/04/29 15:46:20,916000,11.370
2026/04/29 15:46:20,917000,11.370
2026/04/29 15:46:20,918000,11.373
2026/04/29 15:46:20,919000,11.373
2026/04/29 15:46:20,920000,11.370
2026/04/29 15:46:20,921000,11.373
2026/04/29 15:46:20,922000,11.370
2026/04/29 15:46:20,923000,11.367
2026/04/29 15:46:20,924000,11.381
2026/04/29 15:46:20,925000,11.370
2026/04/29 15:46:20,926000,11.373
2026/04/29 15:46:20,927000,11.373
2026/04/29 15:46:20,928000,11.376
2026/04/29 15:46:20,929000,11.367
2026/04/29 15:46:20,930000,11.376
2026/04/29 15:46:20,931000,11.373
2026/04/29 15:46:20,932000,11.373
2026/04/29 15:46:20,933000,11.373
2026/04/29 15:46:20,934000,11.373
2026/04/29 15:46:20,935000,11.373
2026/04/29 15:46:20,936000,11.370
2026/04/29 15:46:20,937000,11.373
2026/04/29 15:46:20,938000,11.373
2026/04/29 15:46:20,939000,11.370
2026/04/29 15:46:20,940000,11.376
2026/04/29 15:46:20,941000,11.370
2026/04/29 15:46:20,942000,11.373
2026/04/29 15:46:20,943000,11.370
2026/04/29 15:46:20,944000,11.367
2026/04/29 15:46:20,945000,11.378
2026/04/29 15:46:20,946000,11.364
2026/04/29 15:46:20,947000,11.376
2026/04/29 15:46:20,948000,11.370
2026/04/29 15:46:20,949000,11.370
2026/04/29 15:46:20,950000,11.370
2026/04/29 15:46:20,951000,11.373
2026/04/29 15:46:20,952000,11.367
2026/04/29 15:46:20,953000,11.376
2026/04/29 15:46:20,954000,11.376
2026/04/29 15:46:20,955000,11.370
2026/04/29 15:46:20,956000,11.373
2026/04/29 15:46:20,957000,11.373
2026/04/29 15:46:20,958000,11.370
2026/04/29 15:46:20,959000,11.378
2026/04/29 15:46:20,960000,11.370
2026/04/29 15:46:20,961000,11.367
2026/04/29 15:46:20,962000,11.376
2026/04/29 15:46:20,963000,11.364
2026/04/29 15:46:20,964000,11.367
2026/04/29 15:46:20,965000,11.381
2026/04/29 15:46:20,966000,11.373
2026/04/29 15:46:20,967000,11.370
2026/04/29 15:46:20,968000,11.367
2026/04/29 15:46:20,969000,11.378
2026/04/29 15:46:20,970000,11.378
2026/04/29 15:46:20,971000,11.373
2026/04/29 15:46:20,972000,11.370
2026/04/29 15:46:20,973000,11.367
2026/04/29 15:46:20,974000,11.373
2026/04/29 15:46:20,975000,11.376
2026/04/29 15:46:20,976000,11.370
2026/04/29 15:46:20,977000,11.376
2026/04/29 15:46:20,978000,11.373
2026/04/29 15:46:20,979000,11.370
2026/04/29 15:46:20,980000,11.373
2026/04/29 15:46:20,981000,11.370
2026/04/29 15:46:20,982000,11.381
2026/04/29 15:46:20,983000,11.370
2026/04/29 15:46:20,984000,11.370
2026/04/29 15:46:20,985000,11.370
2026/04/29 15:46:20,986000,11.364
2026/04/29 15:46:20,987000,11.378
2026/04/29 15:46:20,988000,11.370
2026/04/29 15:46:20,989000,11.370
2026/04/29 15:46:20,990000,11.370
2026/04/29 15:46:20,991000,11.373
2026/04/29 15:46:20,992000,11.373
2026/04/29 15:46:20,993000,11.373
2026/04/29 15:46:20,994000,11.370
2026/04/29 15:46:20,995000,11.370
2026/04/29 15:46:20,996000,11.378
2026/04/29 15:46:20,997000,11.370
2026/04/29 15:46:20,998000,11.370
2026/04/29 15:46:20,999000,11.373
2026/04/29 15:46:21,000000,11.367
2026/04/29 15:46:21,001000,11.373
2026/04/29 15:46:21,002000,11.373
2026/04/29 15:46:21,003000,11.370
2026/04/29 15:46:21,004000,11.364
2026/04/29 15:46:21,005000,11.370
2026/04/29 15:46:21,006000,11.364
2026/04/29 15:46:21,007000,11.370
2026/04/29 15:46:21,008000,11.370
2026/04/29 15:46:21,009000,11.370
2026/04/29 15:46:21,010000,11.373
2026/04/29 15:46:21,011000,11.370
2026/04/29 15:46:21,012000,11.376
2026/04/29 15:46:21,013000,11.376
2026/04/29 15:46:21,014000,11.367
2026/04/29 15:46:21,015000,11.370
2026/04/29 15:46:21,016000,11.373
2026/04/29 15:46:21,017000,11.373
2026/04/29 15:46:21,018000,11.370
2026/04/29 15:46:21,019000,11.367
2026/04/29 15:46:21,020000,11.376
2026/04/29 15:46:21,021000,11.364
2026/04/29 15:46:21,022000,11.378
2026/04/29 15:46:21,023000,11.370
2026/04/29 15:46:21,024000,11.373
2026/04/29 15:46:21,025000,11.373
2026/04/29 15:46:21,026000,11.373
2026/04/29 15:46:21,027000,11.376
2026/04/29 15:46:21,028000,11.370
2026/04/29 15:46:21,029000,11.376
2026/04/29 15:46:21,030000,11.376
2026/04/29 15:46:21,031000,11.370
2026/04/29 15:46:21,032000,11.373
2026/04/29 15:46:21,033000,11.367
2026/04/29 15:46:21,034000,11.373
2026/04/29 15:46:21,035000,11.373
2026/04/29 15:46:21,036000,11.376
2026/04/29 15:46:21,037000,11.367
2026/04/29 15:46:21,038000,11.378
2026/04/29 15:46:21,039000,11.364
2026/04/29 15:46:21,040000,11.370
2026/04/29 15:46:21,041000,11.378
2026/04/29 15:46:21,042000,11.373
2026/04/29 15:46:21,043000,11.370
2026/04/29 15:46:21,044000,11.373
2026/04/29 15:46:21,045000,11.367
2026/04/29 15:46:21,046000,11.376
2026/04/29 15:46:21,047000,11.367
2026/04/29 15:46:21,048000,11.370
2026/04/29 15:46:21,049000,11.373
2026/04/29 15:46:21,050000,11.373
2026/04/29 15:46:21,051000,11.373
2026/04/29 15:46:21,052000,11.367
2026/04/29 15:46:21,053000,11.373
2026/04/29 15:46:21,054000,11.362
2026/04/29 15:46:21,055000,11.373
2026/04/29 15:46:21,056000,11.370
2026/04/29 15:46:21,057000,11.367
2026/04/29 15:46:21,058000,11.370
2026/04/29 15:46:21,059000,11.367
2026/04/29 15:46:21,060000,11.370
2026/04/29 15:46:21,061000,11.367
2026/04/29 15:46:21,062000,11.370
2026/04/29 15:46:21,063000,11.370
2026/04/29 15:46:21,064000,11.367
2026/04/29 15:46:21,065000,11.370
2026/04/29 15:46:21,066000,11.370
2026/04/29 15:46:21,067000,11.364
2026/04/29 15:46:21,068000,11.370
2026/04/29 15:46:21,069000,11.373
2026/04/29 15:46:21,070000,11.362
2026/04/29 15:46:21,071000,11.370
2026/04/29 15:46:21,072000,11.370
2026/04/29 15:46:21,073000,11.373
2026/04/29 15:46:21,074000,11.370
2026/04/29 15:46:21,075000,11.370
2026/04/29 15:46:21,076000,11.367
2026/04/29 15:46:21,077000,11.367
2026/04/29 15:46:21,078000,11.378
2026/04/29 15:46:21,079000,11.370
2026/04/29 15:46:21,080000,11.367
2026/04/29 15:46:21,081000,11.370
2026/04/29 15:46:21,082000,11.367
2026/04/29 15:46:21,083000,11.370
2026/04/29 15:46:21,084000,11.364
2026/04/29 15:46:21,085000,11.364
2026/04/29 15:46:21,086000,11.367
2026/04/29 15:46:21,087000,11.370
2026/04/29 15:46:21,088000,11.370
2026/04/29 15:46:21,089000,11.370
2026/04/29 15:46:21,090000,11.367
2026/04/29 15:46:21,091000,11.364
2026/04/29 15:46:21,092000,11.364
2026/04/29 15:46:21,093000,11.370
2026/04/29 15:46:21,094000,11.364
2026/04/29 15:46:21,095000,11.359
2026/04/29 15:46:21,096000,11.364
2026/04/29 15:46:21,097000,11.367
2026/04/29 15:46:21,098000,11.364
2026/04/29 15:46:21,099000,11.364
2026/04/29 15:46:21,100000,11.370
2026/04/29 15:46:21,101000,11.359
2026/04/29 15:46:21,102000,11.370
2026/04/29 15:46:21,103000,11.370
2026/04/29 15:46:21,104000,11.364
2026/04/29 15:46:21,105000,11.381
2026/04/29 15:46:21,106000,11.367
2026/04/29 15:46:21,107000,11.362
2026/04/29 15:46:21,108000,11.370
2026/04/29 15:46:21,109000,11.376
2026/04/29 15:46:21,110000,11.367
2026/04/29 15:46:21,111000,11.370
2026/04/29 15:46:21,112000,11.364
2026/04/29 15:46:21,113000,11.367
2026/04/29 15:46:21,114000,11.359
2026/04/29 15:46:21,115000,11.367
2026/04/29 15:46:21,116000,11.367
2026/04/29 15:46:21,117000,11.362
2026/04/29 15:46:21,118000,11.367
2026/04/29 15:46:21,119000,11.367
2026/04/29 15:46:21,120000,11.367
2026/04/29 15:46:21,121000,11.364
2026/04/29 15:46:21,122000,11.367
2026/04/29 15:46:21,123000,11.367
2026/04/29 15:46:21,124000,11.362
2026/04/29 15:46:21,125000,11.367
2026/04/29 15:46:21,126000,11.367
2026/04/29 15:46:21,127000,11.367
2026/04/29 15:46:21,128000,11.364
2026/04/29 15:46:21,129000,11.370
2026/04/29 15:46:21,130000,11.370
2026/04/29 15:46:21,131000,11.362
2026/04/29 15:46:21,132000,11.367
2026/04/29 15:46:21,133000,11.370
2026/04/29 15:46:21,134000,11.370
2026/04/29 15:46:21,135000,11.367
2026/04/29 15:46:21,136000,11.370
2026/04/29 15:46:21,137000,11.367
2026/04/29 15:46:21,138000,11.367
2026/04/29 15:46:21,139000,11.362
2026/04/29 15:46:21,140000,11.370
2026/04/29 15:46:21,141000,11.373
2026/04/29 15:46:21,142000,11.367
2026/04/29 15:46:21,143000,11.364
2026/04/29 15:46:21,144000,11.367
2026/04/29 15:46:21,145000,11.373
2026/04/29 15:46:21,146000,11.367
2026/04/29 15:46:21,147000,11.367
2026/04/29 15:46:21,148000,11.373
2026/04/29 15:46:21,149000,11.367
2026/04/29 15:46:21,150000,11.370
2026/04/29 15:46:21,151000,11.364
2026/04/29 15:46:21,152000,11.364
2026/04/29 15:46:21,153000,11.364
2026/04/29 15:46:21,154000,11.364
2026/04/29 15:46:21,155000,11.364
2026/04/29 15:46:21,156000,11.362
2026/04/29 15:46:21,157000,11.370
2026/04/29 15:46:21,158000,11.367
2026/04/29 15:46:21,159000,11.364
2026/04/29 15:46:21,160000,11.364
2026/04/29 15:46:21,161000,11.370
2026/04/29 15:46:21,162000,11.367
2026/04/29 15:46:21,163000,11.364
2026/04/29 15:46:21,164000,11.370
2026/04/29 15:46:21,165000,11.367
2026/04/29 15:46:21,166000,11.359
2026/04/29 15:46:21,167000,11.367
2026/04/29 15:46:21,168000,11.367
2026/04/29 15:46:21,169000,11.370
2026/04/29 15:46:21,170000,11.364
2026/04/29 15:46:21,171000,11.367
2026/04/29 15:46:21,172000,11.367
2026/04/29 15:46:21,173000,11.362
2026/04/29 15:46:21,174000,11.364
2026/04/29 15:46:21,175000,11.367
2026/04/29 15:46:21,176000,11.367
2026/04/29 15:46:21,177000,11.367
2026/04/29 15:46:21,178000,11.367
2026/04/29 15:46:21,179000,11.367
2026/04/29 15:46:21,180000,11.359
2026/04/29 15:46:21,181000,11.367
2026/04/29 15:46:21,182000,11.362
2026/04/29 15:46:21,183000,11.367
2026/04/29 15:46:21,184000,11.362
2026/04/29 15:46:21,185000,11.362
2026/04/29 15:46:21,186000,11.370
2026/04/29 15:46:21,187000,11.370
2026/04/29 15:46:21,188000,11.367
2026/04/29 15:46:21,189000,11.362
2026/04/29 15:46:21,190000,11.367
2026/04/29 15:46:21,191000,11.367
2026/04/29 15:46:21,192000,11.367
2026/04/29 15:46:21,193000,11.367
2026/04/29 15:46:21,194000,11.370
2026/04/29 15:46:21,195000,11.370
2026/04/29 15:46:21,196000,11.367
2026/04/29 15:46:21,197000,11.367
2026/04/29 15:46:21,198000,11.367
2026/04/29 15:46:21,199000,11.367
2026/04/29 15:46:21,200000,11.367
2026/04/29 15:46:21,201000,11.367
2026/04/29 15:46:21,202000,11.370
2026/04/29 15:46:21,203000,11.367
2026/04/29 15:46:21,204000,11.370
2026/04/29 15:46:21,205000,11.370
2026/04/29 15:46:21,206000,11.376
2026/04/29 15:46:21,207000,11.370
2026/04/29 15:46:21,208000,11.370
2026/04/29 15:46:21,209000,11.364
2026/04/29 15:46:21,210000,11.364
2026/04/29 15:46:21,211000,11.370
2026/04/29 15:46:21,212000,11.364
2026/04/29 15:46:21,213000,11.376
2026/04/29 15:46:21,214000,11.364
2026/04/29 15:46:21,215000,11.362
2026/04/29 15:46:21,216000,11.364
2026/04/29 15:46:21,217000,11.364
2026/04/29 15:46:21,218000,11.370
2026/04/29 15:46:21,219000,11.370
2026/04/29 15:46:21,220000,11.370
2026/04/29 15:46:21,221000,11.367
2026/04/29 15:46:21,222000,11.359
2026/04/29 15:46:21,223000,11.370
2026/04/29 15:46:21,224000,11.364
2026/04/29 15:46:21,225000,11.370
2026/04/29 15:46:21,226000,11.364
2026/04/29 15:46:21,227000,11.364
2026/04/29 15:46:21,228000,11.367
2026/04/29 15:46:21,229000,11.364
2026/04/29 15:46:21,230000,11.367
2026/04/29 15:46:21,231000,11.370
2026/04/29 15:46:21,232000,11.367
2026/04/29 15:46:21,233000,11.367
2026/04/29 15:46:21,234000,11.364
2026/04/29 15:46:21,235000,11.370
2026/04/29 15:46:21,236000,11.367
2026/04/29 15:46:21,237000,11.373
2026/04/29 15:46:21,238000,11.367
2026/04/29 15:46:21,239000,11.367
2026/04/29 15:46:21,240000,11.364
2026/04/29 15:46:21,241000,11.359
2026/04/29 15:46:21,242000,11.359
2026/04/29 15:46:21,243000,11.367
2026/04/29 15:46:21,244000,11.367
2026/04/29 15:46:21,245000,11.370
2026/04/29 15:46:21,246000,11.367
2026/04/29 15:46:21,247000,11.367
2026/04/29 15:46:21,248000,11.367
2026/04/29 15:46:21,249000,11.367
2026/04/29 15:46:21,250000,11.367
2026/04/29 15:46:21,251000,11.364
2026/04/29 15:46:21,252000,11.364
2026/04/29 15:46:21,253000,11.370
2026/04/29 15:46:21,254000,11.373
2026/04/29 15:46:21,255000,11.370
2026/04/29 15:46:21,256000,11.367
2026/04/29 15:46:21,257000,11.364
2026/04/29 15:46:21,258000,11.370
2026/04/29 15:46:21,259000,11.364
2026/04/29 15:46:21,260000,11.370
2026/04/29 15:46:21,261000,11.364
2026/04/29 15:46:21,262000,11.367
2026/04/29 15:46:21,263000,11.373
2026/04/29 15:46:21,264000,11.364
2026/04/29 15:46:21,265000,11.367
2026/04/29 15:46:21,266000,11.362
2026/04/29 15:46:21,267000,11.367
2026/04/29 15:46:21,268000,11.370
2026/04/29 15:46:21,269000,11.370
2026/04/29 15:46:21,270000,11.364
2026/04/29 15:46:21,271000,11.367
2026/04/29 15:46:21,272000,11.367
2026/04/29 15:46:21,273000,11.367
2026/04/29 15:46:21,274000,11.364
2026/04/29 15:46:21,275000,11.367
2026/04/29 15:46:21,276000,11.367
2026/04/29 15:46:21,277000,11.370
2026/04/29 15:46:21,278000,11.367
2026/04/29 15:46:21,279000,11.364
2026/04/29 15:46:21,280000,11.373
2026/04/29 15:46:21,281000,11.370
2026/04/29 15:46:21,282000,11.367
2026/04/29 15:46:21,283000,11.367
2026/04/29 15:46:21,284000,11.364
2026/04/29 15:46:21,285000,11.370
2026/04/29 15:46:21,286000,11.359
2026/04/29 15:46:21,287000,11.367
2026/04/29 15:46:21,288000,11.367
2026/04/29 15:46:21,289000,11.367
2026/04/29 15:46:21,290000,11.362
2026/04/29 15:46:21,291000,11.367
2026/04/29 15:46:21,292000,11.370
2026/04/29 15:46:21,293000,11.370
2026/04/29 15:46:21,294000,11.367
2026/04/29 15:46:21,295000,11.370
2026/04/29 15:46:21,296000,11.364
2026/04/29 15:46:21,297000,11.359
2026/04/29 15:46:21,298000,11.367
2026/04/29 15:46:21,299000,11.367
2026/04/29 15:46:21,300000,11.364
2026/04/29 15:46:21,301000,11.364
2026/04/29 15:46:21,302000,11.367
2026/04/29 15:46:21,303000,11.367
2026/04/29 15:46:21,304000,11.370
2026/04/29 15:46:21,305000,11.367
2026/04/29 15:46:21,306000,11.364
2026/04/29 15:46:21,307000,11.364
2026/04/29 15:46:21,308000,11.370
2026/04/29 15:46:21,309000,11.367
2026/04/29 15:46:21,310000,11.367
2026/04/29 15:46:21,311000,11.370
2026/04/29 15:46:21,312000,11.364
2026/04/29 15:46:21,313000,11.370
2026/04/29 15:46:21,314000,11.370
2026/04/29 15:46:21,315000,11.367
2026/04/29 15:46:21,316000,11.367
2026/04/29 15:46:21,317000,11.367
2026/04/29 15:46:21,318000,11.364
2026/04/29 15:46:21,319000,11.364
2026/04/29 15:46:21,320000,11.364
2026/04/29 15:46:21,321000,11.370
2026/04/29 15:46:21,322000,11.364
2026/04/29 15:46:21,323000,11.367
2026/04/29 15:46:21,324000,11.359
2026/04/29 15:46:21,325000,11.381
2026/04/29 15:46:21,326000,11.367
2026/04/29 15:46:21,327000,11.367
2026/04/29 15:46:21,328000,11.373
2026/04/29 15:46:21,329000,11.367
2026/04/29 15:46:21,330000,11.362
2026/04/29 15:46:21,331000,11.364
2026/04/29 15:46:21,332000,11.370
2026/04/29 15:46:21,333000,11.367
2026/04/29 15:46:21,334000,11.364
2026/04/29 15:46:21,335000,11.373
2026/04/29 15:46:21,336000,11.364
2026/04/29 15:46:21,337000,11.370
2026/04/29 15:46:21,338000,11.370
2026/04/29 15:46:21,339000,11.367
2026/04/29 15:46:21,340000,11.367
2026/04/29 15:46:21,341000,11.367
2026/04/29 15:46:21,342000,11.370
2026/04/29 15:46:21,343000,11.364
2026/04/29 15:46:21,344000,11.362
2026/04/29 15:46:21,345000,11.364
2026/04/29 15:46:21,346000,11.364
2026/04/29 15:46:21,347000,11.367
2026/04/29 15:46:21,348000,11.367
2026/04/29 15:46:21,349000,11.362
2026/04/29 15:46:21,350000,11.367
2026/04/29 15:46:21,351000,11.359
2026/04/29 15:46:21,352000,11.367
2026/04/29 15:46:21,353000,11.362
2026/04/29 15:46:21,354000,11.364
2026/04/29 15:46:21,355000,11.362
2026/04/29 15:46:21,356000,11.359
2026/04/29 15:46:21,357000,11.362
2026/04/29 15:46:21,358000,11.367
2026/04/29 15:46:21,359000,11.367
2026/04/29 15:46:21,360000,11.367
2026/04/29 15:46:21,361000,11.364
2026/04/29 15:46:21,362000,11.367
2026/04/29 15:46:21,363000,11.367
2026/04/29 15:46:21,364000,11.364
2026/04/29 15:46:21,365000,11.359
2026/04/29 15:46:21,366000,11.364
2026/04/29 15:46:21,367000,11.367
2026/04/29 15:46:21,368000,11.362
2026/04/29 15:46:21,369000,11.364
2026/04/29 15:46:21,370000,11.364
2026/04/29 15:46:21,371000,11.362
2026/04/29 15:46:21,372000,11.362
2026/04/29 15:46:21,373000,11.359
2026/04/29 15:46:21,374000,11.364
2026/04/29 15:46:21,375000,11.367
2026/04/29 15:46:21,376000,11.364
2026/04/29 15:46:21,377000,11.370
2026/04/29 15:46:21,378000,11.362
2026/04/29 15:46:21,379000,11.364
2026/04/29 15:46:21,380000,11.364
2026/04/29 15:46:21,381000,11.364
2026/04/29 15:46:21,382000,11.367
2026/04/29 15:46:21,383000,11.367
2026/04/29 15:46:21,384000,11.364
2026/04/29 15:46:21,385000,11.362
2026/04/29 15:46:21,386000,11.362
2026/04/29 15:46:21,387000,11.362
2026/04/29 15:46:21,388000,11.373
2026/04/29 15:46:21,389000,11.362
2026/04/29 15:46:21,390000,11.364
2026/04/29 15:46:21,391000,11.362
2026/04/29 15:46:21,392000,11.364
2026/04/29 15:46:21,393000,11.356
2026/04/29 15:46:21,394000,11.364
2026/04/29 15:46:21,395000,11.362
2026/04/29 15:46:21,396000,11.359
2026/04/29 15:46:21,397000,11.364
2026/04/29 15:46:21,398000,11.364
2026/04/29 15:46:21,399000,11.364
2026/04/29 15:46:21,400000,11.359
2026/04/29 15:46:21,401000,11.364
2026/04/29 15:46:21,402000,11.367
2026/04/29 15:46:21,403000,11.364
2026/04/29 15:46:21,404000,11.364
2026/04/29 15:46:21,405000,11.362
2026/04/29 15:46:21,406000,11.367
2026/04/29 15:46:21,407000,11.364
2026/04/29 15:46:21,408000,11.367
2026/04/29 15:46:21,409000,11.364
2026/04/29 15:46:21,410000,11.359
2026/04/29 15:46:21,411000,11.364
2026/04/29 15:46:21,412000,11.364
2026/04/29 15:46:21,413000,11.359
2026/04/29 15:46:21,414000,11.362
2026/04/29 15:46:21,415000,11.364
2026/04/29 15:46:21,416000,11.359
2026/04/29 15:46:21,417000,11.359
2026/04/29 15:46:21,418000,11.356
2026/04/29 15:46:21,419000,11.356
2026/04/29 15:46:21,420000,11.364
2026/04/29 15:46:21,421000,11.364
2026/04/29 15:46:21,422000,11.362
2026/04/29 15:46:21,423000,11.359
2026/04/29 15:46:21,424000,11.359
2026/04/29 15:46:21,425000,11.364
2026/04/29 15:46:21,426000,11.362
2026/04/29 15:46:21,427000,11.362
2026/04/29 15:46:21,428000,11.364
2026/04/29 15:46:21,429000,11.370
2026/04/29 15:46:21,430000,11.367
2026/04/29 15:46:21,431000,11.362
2026/04/29 15:46:21,432000,11.362
2026/04/29 15:46:21,433000,11.364
2026/04/29 15:46:21,434000,11.364
2026/04/29 15:46:21,435000,11.362
2026/04/29 15:46:21,436000,11.359
2026/04/29 15:46:21,437000,11.359
2026/04/29 15:46:21,438000,11.362
2026/04/29 15:46:21,439000,11.359
2026/04/29 15:46:21,440000,11.356
2026/04/29 15:46:21,441000,11.364
2026/04/29 15:46:21,442000,11.364
2026/04/29 15:46:21,443000,11.359
2026/04/29 15:46:21,444000,11.367
2026/04/29 15:46:21,445000,11.364
2026/04/29 15:46:21,446000,11.359
2026/04/29 15:46:21,447000,11.359
2026/04/29 15:46:21,448000,11.364
2026/04/29 15:46:21,449000,11.362
2026/04/29 15:46:21,450000,11.364
2026/04/29 15:46:21,451000,11.367
2026/04/29 15:46:21,452000,11.359
2026/04/29 15:46:21,453000,11.364
2026/04/29 15:46:21,454000,11.362
2026/04/29 15:46:21,455000,11.362
2026/04/29 15:46:21,456000,11.364
2026/04/29 15:46:21,457000,11.359
2026/04/29 15:46:21,458000,11.359
2026/04/29 15:46:21,459000,11.367
2026/04/29 15:46:21,460000,11.364
2026/04/29 15:46:21,461000,11.364
2026/04/29 15:46:21,462000,11.362
2026/04/29 15:46:21,463000,11.367
2026/04/29 15:46:21,464000,11.359
2026/04/29 15:46:21,465000,11.356
2026/04/29 15:46:21,466000,11.362
2026/04/29 15:46:21,467000,11.359
2026/04/29 15:46:21,468000,11.362
2026/04/29 15:46:21,469000,11.364
2026/04/29 15:46:21,470000,11.362
2026/04/29 15:46:21,471000,11.359
2026/04/29 15:46:21,472000,11.359
2026/04/29 15:46:21,473000,11.359
2026/04/29 15:46:21,474000,11.364
2026/04/29 15:46:21,475000,11.356
2026/04/29 15:46:21,476000,11.362
2026/04/29 15:46:21,477000,11.364
2026/04/29 15:46:21,478000,11.364
2026/04/29 15:46:21,479000,11.362
2026/04/29 15:46:21,480000,11.364
2026/04/29 15:46:21,481000,11.359
2026/04/29 15:46:21,482000,11.364
2026/04/29 15:46:21,483000,11.362
2026/04/29 15:46:21,484000,11.362
2026/04/29 15:46:21,485000,11.367
2026/04/29 15:46:21,486000,11.367
2026/04/29 15:46:21,487000,11.364
2026/04/29 15:46:21,488000,11.367
2026/04/29 15:46:21,489000,11.364
2026/04/29 15:46:21,490000,11.367
2026/04/29 15:46:21,491000,11.359
2026/04/29 15:46:21,492000,11.362
2026/04/29 15:46:21,493000,11.362
2026/04/29 15:46:21,494000,11.367
2026/04/29 15:46:21,495000,11.364
2026/04/29 15:46:21,496000,11.367
2026/04/29 15:46:21,497000,11.359
2026/04/29 15:46:21,498000,11.362
2026/04/29 15:46:21,499000,11.362
2026/04/29 15:46:21,500000,11.356
2026/04/29 15:46:21,501000,11.359
2026/04/29 15:46:21,502000,11.356
2026/04/29 15:46:21,503000,11.353
2026/04/29 15:46:21,504000,11.364
2026/04/29 15:46:21,505000,11.362
2026/04/29 15:46:21,506000,11.359
2026/04/29 15:46:21,507000,11.362
2026/04/29 15:46:21,508000,11.362
2026/04/29 15:46:21,509000,11.364
2026/04/29 15:46:21,510000,11.362
2026/04/29 15:46:21,511000,11.359
2026/04/29 15:46:21,512000,11.364
2026/04/29 15:46:21,513000,11.364
2026/04/29 15:46:21,514000,11.362
2026/04/29 15:46:21,515000,11.359
2026/04/29 15:46:21,516000,11.362
2026/04/29 15:46:21,517000,11.364
2026/04/29 15:46:21,518000,11.362
2026/04/29 15:46:21,519000,11.367
2026/04/29 15:46:21,520000,11.364
2026/04/29 15:46:21,521000,11.362
2026/04/29 15:46:21,522000,11.359
2026/04/29 15:46:21,523000,11.364
2026/04/29 15:46:21,524000,11.362
2026/04/29 15:46:21,525000,11.362
2026/04/29 15:46:21,526000,11.359
2026/04/29 15:46:21,527000,11.367
2026/04/29 15:46:21,528000,11.359
2026/04/29 15:46:21,529000,11.367
2026/04/29 15:46:21,530000,11.359
2026/04/29 15:46:21,531000,11.370
2026/04/29 15:46:21,532000,11.362
2026/04/29 15:46:21,533000,11.359
2026/04/29 15:46:21,534000,11.362
2026/04/29 15:46:21,535000,11.367
2026/04/29 15:46:21,536000,11.364
2026/04/29 15:46:21,537000,11.364
2026/04/29 15:46:21,538000,11.364
2026/04/29 15:46:21,539000,11.362
2026/04/29 15:46:21,540000,11.362
2026/04/29 15:46:21,541000,11.359
2026/04/29 15:46:21,542000,11.367
2026/04/29 15:46:21,543000,11.356
2026/04/29 15:46:21,544000,11.359
2026/04/29 15:46:21,545000,11.362
2026/04/29 15:46:21,546000,11.362
2026/04/29 15:46:21,547000,11.356
2026/04/29 15:46:21,548000,11.367
2026/04/29 15:46:21,549000,11.359
2026/04/29 15:46:21,550000,11.364
2026/04/29 15:46:21,551000,11.364
2026/04/29 15:46:21,552000,11.362
2026/04/29 15:46:21,553000,11.362
2026/04/29 15:46:21,554000,11.364
2026/04/29 15:46:21,555000,11.367
2026/04/29 15:46:21,556000,11.362
2026/04/29 15:46:21,557000,11.359
2026/04/29 15:46:21,558000,11.356
2026/04/29 15:46:21,559000,11.359
2026/04/29 15:46:21,560000,11.359
2026/04/29 15:46:21,561000,11.370
2026/04/29 15:46:21,562000,11.359
2026/04/29 15:46:21,563000,11.367
2026/04/29 15:46:21,564000,11.362
2026/04/29 15:46:21,565000,11.359
2026/04/29 15:46:21,566000,11.359
2026/04/29 15:46:21,567000,11.367
2026/04/29 15:46:21,568000,11.356
2026/04/29 15:46:21,569000,11.356
2026/04/29 15:46:21,570000,11.362
2026/04/29 15:46:21,571000,11.364
2026/04/29 15:46:21,572000,11.364
2026/04/29 15:46:21,573000,11.362
2026/04/29 15:46:21,574000,11.356
2026/04/29 15:46:21,575000,11.359
2026/04/29 15:46:21,576000,11.364
2026/04/29 15:46:21,577000,11.359
2026/04/29 15:46:21,578000,11.362
2026/04/29 15:46:21,579000,11.362
2026/04/29 15:46:21,580000,11.367
2026/04/29 15:46:21,581000,11.359
2026/04/29 15:46:21,582000,11.359
2026/04/29 15:46:21,583000,11.362
2026/04/29 15:46:21,584000,11.359
2026/04/29 15:46:21,585000,11.362
2026/04/29 15:46:21,586000,11.364
2026/04/29 15:46:21,587000,11.367
2026/04/29 15:46:21,588000,11.367
2026/04/29 15:46:21,589000,11.362
2026/04/29 15:46:21,590000,11.359
2026/04/29 15:46:21,591000,11.364
2026/04/29 15:46:21,592000,11.364
2026/04/29 15:46:21,593000,11.367
2026/04/29 15:46:21,594000,11.367
2026/04/29 15:46:21,595000,11.356
2026/04/29 15:46:21,596000,11.373
2026/04/29 15:46:21,597000,11.362
2026/04/29 15:46:21,598000,11.362
2026/04/29 15:46:21,599000,11.362
2026/04/29 15:46:21,600000,11.364
2026/04/29 15:46:21,601000,11.364
2026/04/29 15:46:21,602000,11.367
2026/04/29 15:46:21,603000,11.359
2026/04/29 15:46:21,604000,11.364
2026/04/29 15:46:21,605000,11.362
2026/04/29 15:46:21,606000,11.364
2026/04/29 15:46:21,607000,11.364
2026/04/29 15:46:21,608000,11.362
2026/04/29 15:46:21,609000,11.362
2026/04/29 15:46:21,610000,11.364
2026/04/29 15:46:21,611000,11.364
2026/04/29 15:46:21,612000,11.362
2026/04/29 15:46:21,613000,11.359
2026/04/29 15:46:21,614000,11.356
2026/04/29 15:46:21,615000,11.356
2026/04/29 15:46:21,616000,11.362
2026/04/29 15:46:21,617000,11.364
2026/04/29 15:46:21,618000,11.364
2026/04/29 15:46:21,619000,11.362
2026/04/29 15:46:21,620000,11.359
2026/04/29 15:46:21,621000,11.356
2026/04/29 15:46:21,622000,11.359
2026/04/29 15:46:21,623000,11.362
2026/04/29 15:46:21,624000,11.364
2026/04/29 15:46:21,625000,11.359
2026/04/29 15:46:21,626000,11.359
2026/04/29 15:46:21,627000,11.359
2026/04/29 15:46:21,628000,11.362
2026/04/29 15:46:21,629000,11.362
2026/04/29 15:46:21,630000,11.356
2026/04/29 15:46:21,631000,11.364
2026/04/29 15:46:21,632000,11.367
2026/04/29 15:46:21,633000,11.359
2026/04/29 15:46:21,634000,11.364
2026/04/29 15:46:21,635000,11.362
2026/04/29 15:46:21,636000,11.364
2026/04/29 15:46:21,637000,11.362
2026/04/29 15:46:21,638000,11.364
2026/04/29 15:46:21,639000,11.364
2026/04/29 15:46:21,640000,11.364
2026/04/29 15:46:21,641000,11.359
2026/04/29 15:46:21,642000,11.364
2026/04/29 15:46:21,643000,11.362
2026/04/29 15:46:21,644000,11.362
2026/04/29 15:46:21,645000,11.359
2026/04/29 15:46:21,646000,11.362
2026/04/29 15:46:21,647000,11.364
2026/04/29 15:46:21,648000,11.359
2026/04/29 15:46:21,649000,11.364
2026/04/29 15:46:21,650000,11.359
2026/04/29 15:46:21,651000,11.364
2026/04/29 15:46:21,652000,11.362
2026/04/29 15:46:21,653000,11.359
2026/04/29 15:46:21,654000,11.367
2026/04/29 15:46:21,655000,11.364
2026/04/29 15:46:21,656000,11.364
2026/04/29 15:46:21,657000,11.359
2026/04/29 15:46:21,658000,11.364
2026/04/29 15:46:21,659000,11.364
2026/04/29 15:46:21,660000,11.362
2026/04/29 15:46:21,661000,11.359
2026/04/29 15:46:21,662000,11.356
2026/04/29 15:46:21,663000,11.362
2026/04/29 15:46:21,664000,11.367
2026/04/29 15:46:21,665000,11.359
2026/04/29 15:46:21,666000,11.356
2026/04/29 15:46:21,667000,11.364
2026/04/29 15:46:21,668000,11.367
2026/04/29 15:46:21,669000,11.364
2026/04/29 15:46:21,670000,11.362
2026/04/29 15:46:21,671000,11.359
2026/04/29 15:46:21,672000,11.353
2026/04/29 15:46:21,673000,11.362
2026/04/29 15:46:21,674000,11.356
2026/04/29 15:46:21,675000,11.362
2026/04/29 15:46:21,676000,11.364
2026/04/29 15:46:21,677000,11.359
2026/04/29 15:46:21,678000,11.362
2026/04/29 15:46:21,679000,11.359
2026/04/29 15:46:21,680000,11.362
2026/04/29 15:46:21,681000,11.356
2026/04/29 15:46:21,682000,11.362
2026/04/29 15:46:21,683000,11.367
2026/04/29 15:46:21,684000,11.359
2026/04/29 15:46:21,685000,11.364
2026/04/29 15:46:21,686000,11.370
2026/04/29 15:46:21,687000,11.362
2026/04/29 15:46:21,688000,11.359
2026/04/29 15:46:21,689000,11.359
2026/04/29 15:46:21,690000,11.364
2026/04/29 15:46:21,691000,11.364
2026/04/29 15:46:21,692000,11.362
2026/04/29 15:46:21,693000,11.356
2026/04/29 15:46:21,694000,11.359
2026/04/29 15:46:21,695000,11.359
2026/04/29 15:46:21,696000,11.364
2026/04/29 15:46:21,697000,11.359
2026/04/29 15:46:21,698000,11.362
2026/04/29 15:46:21,699000,11.359
2026/04/29 15:46:21,700000,11.364
2026/04/29 15:46:21,701000,11.359
2026/04/29 15:46:21,702000,11.364
2026/04/29 15:46:21,703000,11.359
2026/04/29 15:46:21,704000,11.359
2026/04/29 15:46:21,705000,11.362
2026/04/29 15:46:21,706000,11.364
2026/04/29 15:46:21,707000,11.359
2026/04/29 15:46:21,708000,11.362
2026/04/29 15:46:21,709000,11.359
2026/04/29 15:46:21,710000,11.359
2026/04/29 15:46:21,711000,11.362
2026/04/29 15:46:21,712000,11.353
2026/04/29 15:46:21,713000,11.367
2026/04/29 15:46:21,714000,11.359
2026/04/29 15:46:21,715000,11.362
2026/04/29 15:46:21,716000,11.359
2026/04/29 15:46:21,717000,11.364
2026/04/29 15:46:21,718000,11.359
2026/04/29 15:46:21,719000,11.359
2026/04/29 15:46:21,720000,11.356
2026/04/29 15:46:21,721000,11.362
2026/04/29 15:46:21,722000,11.359
2026/04/29 15:46:21,723000,11.367
2026/04/29 15:46:21,724000,11.362
2026/04/29 15:46:21,725000,11.362
2026/04/29 15:46:21,726000,11.362
2026/04/29 15:46:21,727000,11.367
2026/04/29 15:46:21,728000,11.359
2026/04/29 15:46:21,729000,11.359
2026/04/29 15:46:21,730000,11.362
2026/04/29 15:46:21,731000,11.362
2026/04/29 15:46:21,732000,11.362
2026/04/29 15:46:21,733000,11.362
2026/04/29 15:46:21,734000,11.362
2026/04/29 15:46:21,735000,11.364
2026/04/29 15:46:21,736000,11.362
2026/04/29 15:46:21,737000,11.359
2026/04/29 15:46:21,738000,11.362
2026/04/29 15:46:21,739000,11.362
2026/04/29 15:46:21,740000,11.362
2026/04/29 15:46:21,741000,11.359
2026/04/29 15:46:21,742000,11.364
2026/04/29 15:46:21,743000,11.364
2026/04/29 15:46:21,744000,11.367
2026/04/29 15:46:21,745000,11.364
2026/04/29 15:46:21,746000,11.359
2026/04/29 15:46:21,747000,11.367
2026/04/29 15:46:21,748000,11.364
2026/04/29 15:46:21,749000,11.364
2026/04/29 15:46:21,750000,11.359
2026/04/29 15:46:21,751000,11.362
2026/04/29 15:46:21,752000,11.359
2026/04/29 15:46:21,753000,11.362
2026/04/29 15:46:21,754000,11.359
2026/04/29 15:46:21,755000,11.364
2026/04/29 15:46:21,756000,11.362
2026/04/29 15:46:21,757000,11.367
2026/04/29 15:46:21,758000,11.364
2026/04/29 15:46:21,759000,11.364
2026/04/29 15:46:21,760000,11.367
2026/04/29 15:46:21,761000,11.367
2026/04/29 15:46:21,762000,11.362
2026/04/29 15:46:21,763000,11.362
2026/04/29 15:46:21,764000,11.359
2026/04/29 15:46:21,765000,11.362
2026/04/29 15:46:21,766000,11.359
2026/04/29 15:46:21,767000,11.367
2026/04/29 15:46:21,768000,11.362
2026/04/29 15:46:21,769000,11.362
2026/04/29 15:46:21,770000,11.362
2026/04/29 15:46:21,771000,11.356
2026/04/29 15:46:21,772000,11.359
2026/04/29 15:46:21,773000,11.362
2026/04/29 15:46:21,774000,11.359
2026/04/29 15:46:21,775000,11.362
2026/04/29 15:46:21,776000,11.362
2026/04/29 15:46:21,777000,11.359
2026/04/29 15:46:21,778000,11.364
2026/04/29 15:46:21,779000,11.362
2026/04/29 15:46:21,780000,11.362
2026/04/29 15:46:21,781000,11.359
2026/04/29 15:46:21,782000,11.364
2026/04/29 15:46:21,783000,11.362
2026/04/29 15:46:21,784000,11.367
2026/04/29 15:46:21,785000,11.364
2026/04/29 15:46:21,786000,11.359
2026/04/29 15:46:21,787000,11.362
2026/04/29 15:46:21,788000,11.362
2026/04/29 15:46:21,789000,11.359
2026/04/29 15:46:21,790000,11.359
2026/04/29 15:46:21,791000,11.356
2026/04/29 15:46:21,792000,11.353
2026/04/29 15:46:21,793000,11.364
2026/04/29 15:46:21,794000,11.364
2026/04/29 15:46:21,795000,11.359
2026/04/29 15:46:21,796000,11.362
2026/04/29 15:46:21,797000,11.356
2026/04/29 15:46:21,798000,11.356
2026/04/29 15:46:21,799000,11.359
2026/04/29 15:46:21,800000,11.359
2026/04/29 15:46:21,801000,11.356
2026/04/29 15:46:21,802000,11.367
2026/04/29 15:46:21,803000,11.359
2026/04/29 15:46:21,804000,11.362
2026/04/29 15:46:21,805000,11.364
2026/04/29 15:46:21,806000,11.359
2026/04/29 15:46:21,807000,11.356
2026/04/29 15:46:21,808000,11.359
2026/04/29 15:46:21,809000,11.370
2026/04/29 15:46:21,810000,11.359
2026/04/29 15:46:21,811000,11.362
2026/04/29 15:46:21,812000,11.362
2026/04/29 15:46:21,813000,11.353
2026/04/29 15:46:21,814000,11.362
2026/04/29 15:46:21,815000,11.356
2026/04/29 15:46:21,816000,11.359
2026/04/29 15:46:21,817000,11.356
2026/04/29 15:46:21,818000,11.350
2026/04/29 15:46:21,819000,11.356
2026/04/29 15:46:21,820000,11.364
2026/04/29 15:46:21,821000,11.356
2026/04/29 15:46:21,822000,11.359
2026/04/29 15:46:21,823000,11.359
2026/04/29 15:46:21,824000,11.359
2026/04/29 15:46:21,825000,11.353
2026/04/29 15:46:21,826000,11.353
2026/04/29 15:46:21,827000,11.356
2026/04/29 15:46:21,828000,11.353
2026/04/29 15:46:21,829000,11.367
2026/04/29 15:46:21,830000,11.356
2026/04/29 15:46:21,831000,11.356
2026/04/29 15:46:21,832000,11.353
2026/04/29 15:46:21,833000,11.359
2026/04/29 15:46:21,834000,11.356
2026/04/29 15:46:21,835000,11.356
2026/04/29 15:46:21,836000,11.350
2026/04/29 15:46:21,837000,11.362
2026/04/29 15:46:21,838000,11.356
2026/04/29 15:46:21,839000,11.364
2026/04/29 15:46:21,840000,11.356
2026/04/29 15:46:21,841000,11.353
2026/04/29 15:46:21,842000,11.350
2026/04/29 15:46:21,843000,11.356
2026/04/29 15:46:21,844000,11.356
2026/04/29 15:46:21,845000,11.362
2026/04/29 15:46:21,846000,11.359
2026/04/29 15:46:21,847000,11.359
2026/04/29 15:46:21,848000,11.356
2026/04/29 15:46:21,849000,11.356
2026/04/29 15:46:21,850000,11.356
2026/04/29 15:46:21,851000,11.356
2026/04/29 15:46:21,852000,11.353
2026/04/29 15:46:21,853000,11.359
2026/04/29 15:46:21,854000,11.350
2026/04/29 15:46:21,855000,11.356
2026/04/29 15:46:21,856000,11.353
2026/04/29 15:46:21,857000,11.356
2026/04/29 15:46:21,858000,11.356
2026/04/29 15:46:21,859000,11.356
2026/04/29 15:46:21,860000,11.353
2026/04/29 15:46:21,861000,11.359
2026/04/29 15:46:21,862000,11.356
2026/04/29 15:46:21,863000,11.359
2026/04/29 15:46:21,864000,11.356
2026/04/29 15:46:21,865000,11.353
2026/04/29 15:46:21,866000,11.362
2026/04/29 15:46:21,867000,11.353
2026/04/29 15:46:21,868000,11.356
2026/04/29 15:46:21,869000,11.356
2026/04/29 15:46:21,870000,11.364
2026/04/29 15:46:21,871000,11.356
2026/04/29 15:46:21,872000,11.359
2026/04/29 15:46:21,873000,11.356
2026/04/29 15:46:21,874000,11.356
2026/04/29 15:46:21,875000,11.359
2026/04/29 15:46:21,876000,11.356
2026/04/29 15:46:21,877000,11.356
2026/04/29 15:46:21,878000,11.353
2026/04/29 15:46:21,879000,11.356
2026/04/29 15:46:21,880000,11.359
2026/04/29 15:46:21,881000,11.359
2026/04/29 15:46:21,882000,11.359
2026/04/29 15:46:21,883000,11.359
2026/04/29 15:46:21,884000,11.359
2026/04/29 15:46:21,885000,11.362
2026/04/29 15:46:21,886000,11.359
2026/04/29 15:46:21,887000,11.359
2026/04/29 15:46:21,888000,11.362
2026/04/29 15:46:21,889000,11.364
2026/04/29 15:46:21,890000,11.362
2026/04/29 15:46:21,891000,11.359
2026/04/29 15:46:21,892000,11.356
2026/04/29 15:46:21,893000,11.353
2026/04/29 15:46:21,894000,11.359
2026/04/29 15:46:21,895000,11.356
2026/04/29 15:46:21,896000,11.362
2026/04/29 15:46:21,897000,11.359
2026/04/29 15:46:21,898000,11.356
2026/04/29 15:46:21,899000,11.359
2026/04/29 15:46:21,900000,11.359
2026/04/29 15:46:21,901000,11.362
2026/04/29 15:46:21,902000,11.359
2026/04/29 15:46:21,903000,11.353
2026/04/29 15:46:21,904000,11.359
2026/04/29 15:46:21,905000,11.367
2026/04/29 15:46:21,906000,11.359
2026/04/29 15:46:21,907000,11.359
2026/04/29 15:46:21,908000,11.356
2026/04/29 15:46:21,909000,11.364
2026/04/29 15:46:21,910000,11.359
2026/04/29 15:46:21,911000,11.362
2026/04/29 15:46:21,912000,11.367
2026/04/29 15:46:21,913000,11.356
2026/04/29 15:46:21,914000,11.359
2026/04/29 15:46:21,915000,11.359
2026/04/29 15:46:21,916000,11.356
2026/04/29 15:46:21,917000,11.367
2026/04/29 15:46:21,918000,11.362
2026/04/29 15:46:21,919000,11.362
2026/04/29 15:46:21,920000,11.359
2026/04/29 15:46:21,921000,11.367
2026/04/29 15:46:21,922000,11.362
2026/04/29 15:46:21,923000,11.362
2026/04/29 15:46:21,924000,11.367
2026/04/29 15:46:21,925000,11.362
2026/04/29 15:46:21,926000,11.359
2026/04/29 15:46:21,927000,11.359
2026/04/29 15:46:21,928000,11.364
2026/04/29 15:46:21,929000,11.362
2026/04/29 15:46:21,930000,11.356
2026/04/29 15:46:21,931000,11.362
2026/04/29 15:46:21,932000,11.359
2026/04/29 15:46:21,933000,11.364
2026/04/29 15:46:21,934000,11.364
2026/04/29 15:46:21,935000,11.356
2026/04/29 15:46:21,936000,11.364
2026/04/29 15:46:21,937000,11.362
2026/04/29 15:46:21,938000,11.359
2026/04/29 15:46:21,939000,11.364
2026/04/29 15:46:21,940000,11.362
2026/04/29 15:46:21,941000,11.356
2026/04/29 15:46:21,942000,11.362
2026/04/29 15:46:21,943000,11.359
2026/04/29 15:46:21,944000,11.364
2026/04/29 15:46:21,945000,11.359
2026/04/29 15:46:21,946000,11.362
2026/04/29 15:46:21,947000,11.362
2026/04/29 15:46:21,948000,11.359
2026/04/29 15:46:21,949000,11.359
2026/04/29 15:46:21,950000,11.359
2026/04/29 15:46:21,951000,11.359
2026/04/29 15:46:21,952000,11.356
2026/04/29 15:46:21,953000,11.364
2026/04/29 15:46:21,954000,11.359
2026/04/29 15:46:21,955000,11.359
2026/04/29 15:46:21,956000,11.359
2026/04/29 15:46:21,957000,11.359
2026/04/29 15:46:21,958000,11.359
2026/04/29 15:46:21,959000,11.359
2026/04/29 15:46:21,960000,11.359
2026/04/29 15:46:21,961000,11.364
2026/04/29 15:46:21,962000,11.356
2026/04/29 15:46:21,963000,11.356
2026/04/29 15:46:21,964000,11.359
2026/04/29 15:46:21,965000,11.359
2026/04/29 15:46:21,966000,11.364
2026/04/29 15:46:21,967000,11.353
2026/04/29 15:46:21,968000,11.359
2026/04/29 15:46:21,969000,11.350
2026/04/29 15:46:21,970000,11.356
2026/04/29 15:46:21,971000,11.350
2026/04/29 15:46:21,972000,11.356
2026/04/29 15:46:21,973000,11.359
2026/04/29 15:46:21,974000,11.356
2026/04/29 15:46:21,975000,11.353
2026/04/29 15:46:21,976000,11.356
2026/04/29 15:46:21,977000,11.359
2026/04/29 15:46:21,978000,11.362
2026/04/29 15:46:21,979000,11.359
2026/04/29 15:46:21,980000,11.359
2026/04/29 15:46:21,981000,11.356
2026/04/29 15:46:21,982000,11.356
2026/04/29 15:46:21,983000,11.353
2026/04/29 15:46:21,984000,11.359
2026/04/29 15:46:21,985000,11.356
2026/04/29 15:46:21,986000,11.359
2026/04/29 15:46:21,987000,11.359
2026/04/29 15:46:21,988000,11.353
2026/04/29 15:46:21,989000,11.356
2026/04/29 15:46:21,990000,11.359
2026/04/29 15:46:21,991000,11.356
2026/04/29 15:46:21,992000,11.356
2026/04/29 15:46:21,993000,11.359
2026/04/29 15:46:21,994000,11.359
2026/04/29 15:46:21,995000,11.359
2026/04/29 15:46:21,996000,11.359
2026/04/29 15:46:21,997000,11.359
2026/04/29 15:46:21,998000,11.356
2026/04/29 15:46:21,999000,11.356
2026/04/29 15:46:22,000000,11.356
2026/04/29 15:46:22,001000,11.353
2026/04/29 15:46:22,002000,11.359
2026/04/29 15:46:22,003000,11.356
2026/04/29 15:46:22,004000,11.356
2026/04/29 15:46:22,005000,11.356
2026/04/29 15:46:22,006000,11.356
2026/04/29 15:46:22,007000,11.353
2026/04/29 15:46:22,008000,11.356
2026/04/29 15:46:22,009000,11.362
2026/04/29 15:46:22,010000,11.350
2026/04/29 15:46:22,011000,11.356
2026/04/29 15:46:22,012000,11.356
2026/04/29 15:46:22,013000,11.356
2026/04/29 15:46:22,014000,11.353
2026/04/29 15:46:22,015000,11.350
2026/04/29 15:46:22,016000,11.353
2026/04/29 15:46:22,017000,11.350
2026/04/29 15:46:22,018000,11.359
2026/04/29 15:46:22,019000,11.356
2026/04/29 15:46:22,020000,11.356
2026/04/29 15:46:22,021000,11.356
2026/04/29 15:46:22,022000,11.359
2026/04/29 15:46:22,023000,11.362
2026/04/29 15:46:22,024000,11.356
2026/04/29 15:46:22,025000,11.359
2026/04/29 15:46:22,026000,11.364
2026/04/29 15:46:22,027000,11.356
2026/04/29 15:46:22,028000,11.348
2026/04/29 15:46:22,029000,11.356
2026/04/29 15:46:22,030000,11.356
2026/04/29 15:46:22,031000,11.356
2026/04/29 15:46:22,032000,11.356
2026/04/29 15:46:22,033000,11.353
2026/04/29 15:46:22,034000,11.353
2026/04/29 15:46:22,035000,11.356
2026/04/29 15:46:22,036000,11.359
2026/04/29 15:46:22,037000,11.356
2026/04/29 15:46:22,038000,11.356
2026/04/29 15:46:22,039000,11.362
2026/04/29 15:46:22,040000,11.353
2026/04/29 15:46:22,041000,11.356
2026/04/29 15:46:22,042000,11.359
2026/04/29 15:46:22,043000,11.353
2026/04/29 15:46:22,044000,11.353
2026/04/29 15:46:22,045000,11.356
2026/04/29 15:46:22,046000,11.353
2026/04/29 15:46:22,047000,11.348
2026/04/29 15:46:22,048000,11.350
2026/04/29 15:46:22,049000,11.359
2026/04/29 15:46:22,050000,11.362
2026/04/29 15:46:22,051000,11.350
2026/04/29 15:46:22,052000,11.350
2026/04/29 15:46:22,053000,11.359
2026/04/29 15:46:22,054000,11.353
2026/04/29 15:46:22,055000,11.356
2026/04/29 15:46:22,056000,11.359
2026/04/29 15:46:22,057000,11.356
2026/04/29 15:46:22,058000,11.359
2026/04/29 15:46:22,059000,11.353
2026/04/29 15:46:22,060000,11.356
2026/04/29 15:46:22,061000,11.356
2026/04/29 15:46:22,062000,11.356
2026/04/29 15:46:22,063000,11.350
2026/04/29 15:46:22,064000,11.353
2026/04/29 15:46:22,065000,11.356
2026/04/29 15:46:22,066000,11.356
2026/04/29 15:46:22,067000,11.359
2026/04/29 15:46:22,068000,11.356
2026/04/29 15:46:22,069000,11.350
2026/04/29 15:46:22,070000,11.356
2026/04/29 15:46:22,071000,11.350
2026/04/29 15:46:22,072000,11.362
2026/04/29 15:46:22,073000,11.356
2026/04/29 15:46:22,074000,11.350
2026/04/29 15:46:22,075000,11.362
2026/04/29 15:46:22,076000,11.350
2026/04/29 15:46:22,077000,11.356
2026/04/29 15:46:22,078000,11.356
2026/04/29 15:46:22,079000,11.348
2026/04/29 15:46:22,080000,11.359
2026/04/29 15:46:22,081000,11.362
2026/04/29 15:46:22,082000,11.353
2026/04/29 15:46:22,083000,11.353
2026/04/29 15:46:22,084000,11.359
2026/04/29 15:46:22,085000,11.362
2026/04/29 15:46:22,086000,11.356
2026/04/29 15:46:22,087000,11.353
2026/04/29 15:46:22,088000,11.364
2026/04/29 15:46:22,089000,11.356
2026/04/29 15:46:22,090000,11.353
2026/04/29 15:46:22,091000,11.353
2026/04/29 15:46:22,092000,11.348
2026/04/29 15:46:22,093000,11.356
2026/04/29 15:46:22,094000,11.356
2026/04/29 15:46:22,095000,11.359
2026/04/29 15:46:22,096000,11.356
2026/04/29 15:46:22,097000,11.359
2026/04/29 15:46:22,098000,11.350
2026/04/29 15:46:22,099000,11.353
2026/04/29 15:46:22,100000,11.356
2026/04/29 15:46:22,101000,11.356
2026/04/29 15:46:22,102000,11.356
2026/04/29 15:46:22,103000,11.356
2026/04/29 15:46:22,104000,11.359
2026/04/29 15:46:22,105000,11.353
2026/04/29 15:46:22,106000,11.356
2026/04/29 15:46:22,107000,11.359
2026/04/29 15:46:22,108000,11.356
2026/04/29 15:46:22,109000,11.364
2026/04/29 15:46:22,110000,11.353
2026/04/29 15:46:22,111000,11.353
2026/04/29 15:46:22,112000,11.356
2026/04/29 15:46:22,113000,11.356
2026/04/29 15:46:22,114000,11.359
2026/04/29 15:46:22,115000,11.353
2026/04/29 15:46:22,116000,11.353
2026/04/29 15:46:22,117000,11.350
2026/04/29 15:46:22,118000,11.359
2026/04/29 15:46:22,119000,11.356
2026/04/29 15:46:22,120000,11.356
2026/04/29 15:46:22,121000,11.359
2026/04/29 15:46:22,122000,11.359
2026/04/29 15:46:22,123000,11.359
2026/04/29 15:46:22,124000,11.356
2026/04/29 15:46:22,125000,11.359
2026/04/29 15:46:22,126000,11.356
2026/04/29 15:46:22,127000,11.359
2026/04/29 15:46:22,128000,11.364
2026/04/29 15:46:22,129000,11.350
2026/04/29 15:46:22,130000,11.356
2026/04/29 15:46:22,131000,11.356
2026/04/29 15:46:22,132000,11.356
2026/04/29 15:46:22,133000,11.350
2026/04/29 15:46:22,134000,11.356
2026/04/29 15:46:22,135000,11.353
2026/04/29 15:46:22,136000,11.356
2026/04/29 15:46:22,137000,11.359
2026/04/29 15:46:22,138000,11.356
2026/04/29 15:46:22,139000,11.356
2026/04/29 15:46:22,140000,11.359
2026/04/29 15:46:22,141000,11.353
2026/04/29 15:46:22,142000,11.350
2026/04/29 15:46:22,143000,11.359
2026/04/29 15:46:22,144000,11.356
2026/04/29 15:46:22,145000,11.362
2026/04/29 15:46:22,146000,11.353
2026/04/29 15:46:22,147000,11.356
2026/04/29 15:46:22,148000,11.356
2026/04/29 15:46:22,149000,11.353
2026/04/29 15:46:22,150000,11.359
2026/04/29 15:46:22,151000,11.353
2026/04/29 15:46:22,152000,11.359
2026/04/29 15:46:22,153000,11.359
2026/04/29 15:46:22,154000,11.356
2026/04/29 15:46:22,155000,11.359
2026/04/29 15:46:22,156000,11.356
2026/04/29 15:46:22,157000,11.359
2026/04/29 15:46:22,158000,11.356
2026/04/29 15:46:22,159000,11.370
2026/04/29 15:46:22,160000,11.359
2026/04/29 15:46:22,161000,11.362
2026/04/29 15:46:22,162000,11.350
2026/04/29 15:46:22,163000,11.359
2026/04/29 15:46:22,164000,11.356
2026/04/29 15:46:22,165000,11.356
2026/04/29 15:46:22,166000,11.348
2026/04/29 15:46:22,167000,11.359
2026/04/29 15:46:22,168000,11.356
2026/04/29 15:46:22,169000,11.364
2026/04/29 15:46:22,170000,11.353
2026/04/29 15:46:22,171000,11.353
2026/04/29 15:46:22,172000,11.353
2026/04/29 15:46:22,173000,11.359
2026/04/29 15:46:22,174000,11.350
2026/04/29 15:46:22,175000,11.350
2026/04/29 15:46:22,176000,11.356
2026/04/29 15:46:22,177000,11.362
2026/04/29 15:46:22,178000,11.353
2026/04/29 15:46:22,179000,11.356
2026/04/29 15:46:22,180000,11.359
2026/04/29 15:46:22,181000,11.353
2026/04/29 15:46:22,182000,11.356
2026/04/29 15:46:22,183000,11.353
2026/04/29 15:46:22,184000,11.350
2026/04/29 15:46:22,185000,11.362
2026/04/29 15:46:22,186000,11.350
2026/04/29 15:46:22,187000,11.359
2026/04/29 15:46:22,188000,11.353
2026/04/29 15:46:22,189000,11.359
2026/04/29 15:46:22,190000,11.359
2026/04/29 15:46:22,191000,11.350
2026/04/29 15:46:22,192000,11.353
2026/04/29 15:46:22,193000,11.359
2026/04/29 15:46:22,194000,11.350
2026/04/29 15:46:22,195000,11.359
2026/04/29 15:46:22,196000,11.362
2026/04/29 15:46:22,197000,11.359
2026/04/29 15:46:22,198000,11.359
2026/04/29 15:46:22,199000,11.356
2026/04/29 15:46:22,200000,11.364
2026/04/29 15:46:22,201000,11.362
2026/04/29 15:46:22,202000,11.359
2026/04/29 15:46:22,203000,11.373
2026/04/29 15:46:22,204000,11.359
2026/04/29 15:46:22,205000,11.356
2026/04/29 15:46:22,206000,11.353
2026/04/29 15:46:22,207000,11.350
2026/04/29 15:46:22,208000,11.356
2026/04/29 15:46:22,209000,11.356
2026/04/29 15:46:22,210000,11.356
2026/04/29 15:46:22,211000,11.353
2026/04/29 15:46:22,212000,11.356
2026/04/29 15:46:22,213000,11.350
2026/04/29 15:46:22,214000,11.353
2026/04/29 15:46:22,215000,11.359
2026/04/29 15:46:22,216000,11.356
2026/04/29 15:46:22,217000,11.356
2026/04/29 15:46:22,218000,11.356
2026/04/29 15:46:22,219000,11.356
2026/04/29 15:46:22,220000,11.350
2026/04/29 15:46:22,221000,11.350
2026/04/29 15:46:22,222000,11.356
2026/04/29 15:46:22,223000,11.350
2026/04/29 15:46:22,224000,11.359
2026/04/29 15:46:22,225000,11.353
2026/04/29 15:46:22,226000,11.353
2026/04/29 15:46:22,227000,11.356
2026/04/29 15:46:22,228000,11.353
2026/04/29 15:46:22,229000,11.362
2026/04/29 15:46:22,230000,11.356
2026/04/29 15:46:22,231000,11.359
2026/04/29 15:46:22,232000,11.353
2026/04/29 15:46:22,233000,11.353
2026/04/29 15:46:22,234000,11.356
2026/04/29 15:46:22,235000,11.356
2026/04/29 15:46:22,236000,11.353
2026/04/29 15:46:22,237000,11.364
2026/04/29 15:46:22,238000,11.359
2026/04/29 15:46:22,239000,11.353
2026/04/29 15:46:22,240000,11.359
2026/04/29 15:46:22,241000,11.356
2026/04/29 15:46:22,242000,11.362
2026/04/29 15:46:22,243000,11.362
2026/04/29 15:46:22,244000,11.356
2026/04/29 15:46:22,245000,11.353
2026/04/29 15:46:22,246000,11.356
2026/04/29 15:46:22,247000,11.353
2026/04/29 15:46:22,248000,11.359
2026/04/29 15:46:22,249000,11.353
2026/04/29 15:46:22,250000,11.362
2026/04/29 15:46:22,251000,11.356
2026/04/29 15:46:22,252000,11.359
2026/04/29 15:46:22,253000,11.353
2026/04/29 15:46:22,254000,11.356
2026/04/29 15:46:22,255000,11.353
2026/04/29 15:46:22,256000,11.353
2026/04/29 15:46:22,257000,11.350
2026/04/29 15:46:22,258000,11.353
2026/04/29 15:46:22,259000,11.359
2026/04/29 15:46:22,260000,11.353
2026/04/29 15:46:22,261000,11.348
2026/04/29 15:46:22,262000,11.356
2026/04/29 15:46:22,263000,11.359
2026/04/29 15:46:22,264000,11.353
2026/04/29 15:46:22,265000,11.356
2026/04/29 15:46:22,266000,11.353
2026/04/29 15:46:22,267000,11.359
2026/04/29 15:46:22,268000,11.353
2026/04/29 15:46:22,269000,11.356
2026/04/29 15:46:22,270000,11.356
2026/04/29 15:46:22,271000,11.353
2026/04/29 15:46:22,272000,11.350
2026/04/29 15:46:22,273000,11.356
2026/04/29 15:46:22,274000,11.359
2026/04/29 15:46:22,275000,11.356
2026/04/29 15:46:22,276000,11.356
2026/04/29 15:46:22,277000,11.359
2026/04/29 15:46:22,278000,11.356
2026/04/29 15:46:22,279000,11.359
2026/04/29 15:46:22,280000,11.359
2026/04/29 15:46:22,281000,11.356
2026/04/29 15:46:22,282000,11.353
2026/04/29 15:46:22,283000,11.356
2026/04/29 15:46:22,284000,11.359
2026/04/29 15:46:22,285000,11.359
2026/04/29 15:46:22,286000,11.353
2026/04/29 15:46:22,287000,11.353
2026/04/29 15:46:22,288000,11.350
2026/04/29 15:46:22,289000,11.356
2026/04/29 15:46:22,290000,11.353
2026/04/29 15:46:22,291000,11.359
2026/04/29 15:46:22,292000,11.359
2026/04/29 15:46:22,293000,11.356
2026/04/29 15:46:22,294000,11.353
2026/04/29 15:46:22,295000,11.353
2026/04/29 15:46:22,296000,11.356
2026/04/29 15:46:22,297000,11.356
2026/04/29 15:46:22,298000,11.356
2026/04/29 15:46:22,299000,11.356
2026/04/29 15:46:22,300000,11.356
2026/04/29 15:46:22,301000,11.350
2026/04/29 15:46:22,302000,11.362
2026/04/29 15:46:22,303000,11.353
2026/04/29 15:46:22,304000,11.350
2026/04/29 15:46:22,305000,11.353
2026/04/29 15:46:22,306000,11.356
2026/04/29 15:46:22,307000,11.359
2026/04/29 15:46:22,308000,11.353
2026/04/29 15:46:22,309000,11.350
2026/04/29 15:46:22,310000,11.356
2026/04/29 15:46:22,311000,11.364
2026/04/29 15:46:22,312000,11.356
2026/04/29 15:46:22,313000,11.359
2026/04/29 15:46:22,314000,11.353
2026/04/29 15:46:22,315000,11.356
2026/04/29 15:46:22,316000,11.356
2026/04/29 15:46:22,317000,11.353
2026/04/29 15:46:22,318000,11.364
2026/04/29 15:46:22,319000,11.359
2026/04/29 15:46:22,320000,11.359
2026/04/29 15:46:22,321000,11.356
2026/04/29 15:46:22,322000,11.359
2026/04/29 15:46:22,323000,11.359
2026/04/29 15:46:22,324000,11.359
2026/04/29 15:46:22,325000,11.362
2026/04/29 15:46:22,326000,11.356
2026/04/29 15:46:22,327000,11.359
2026/04/29 15:46:22,328000,11.359
2026/04/29 15:46:22,329000,11.356
2026/04/29 15:46:22,330000,11.356
2026/04/29 15:46:22,331000,11.359
2026/04/29 15:46:22,332000,11.353
2026/04/29 15:46:22,333000,11.359
2026/04/29 15:46:22,334000,11.353
2026/04/29 15:46:22,335000,11.353
2026/04/29 15:46:22,336000,11.353
2026/04/29 15:46:22,337000,11.356
2026/04/29 15:46:22,338000,11.364
2026/04/29 15:46:22,339000,11.362
2026/04/29 15:46:22,340000,11.350
2026/04/29 15:46:22,341000,11.356
2026/04/29 15:46:22,342000,11.356
2026/04/29 15:46:22,343000,11.359
2026/04/29 15:46:22,344000,11.362
2026/04/29 15:46:22,345000,11.356
2026/04/29 15:46:22,346000,11.353
2026/04/29 15:46:22,347000,11.364
2026/04/29 15:46:22,348000,11.356
2026/04/29 15:46:22,349000,11.353
2026/04/29 15:46:22,350000,11.359
2026/04/29 15:46:22,351000,11.353
2026/04/29 15:46:22,352000,11.359
2026/04/29 15:46:22,353000,11.356
2026/04/29 15:46:22,354000,11.356
2026/04/29 15:46:22,355000,11.345
2026/04/29 15:46:22,356000,11.353
2026/04/29 15:46:22,357000,11.356
2026/04/29 15:46:22,358000,11.353
2026/04/29 15:46:22,359000,11.350
2026/04/29 15:46:22,360000,11.356
2026/04/29 15:46:22,361000,11.356
2026/04/29 15:46:22,362000,11.356
2026/04/29 15:46:22,363000,11.359
2026/04/29 15:46:22,364000,11.356
2026/04/29 15:46:22,365000,11.353
2026/04/29 15:46:22,366000,11.359
2026/04/29 15:46:22,367000,11.353
2026/04/29 15:46:22,368000,11.356
2026/04/29 15:46:22,369000,11.359
2026/04/29 15:46:22,370000,11.356
2026/04/29 15:46:22,371000,11.348
2026/04/29 15:46:22,372000,11.356
2026/04/29 15:46:22,373000,11.356
2026/04/29 15:46:22,374000,11.353
2026/04/29 15:46:22,375000,11.362
2026/04/29 15:46:22,376000,11.359
2026/04/29 15:46:22,377000,11.356
2026/04/29 15:46:22,378000,11.359
2026/04/29 15:46:22,379000,11.353
2026/04/29 15:46:22,380000,11.362
2026/04/29 15:46:22,381000,11.364
2026/04/29 15:46:22,382000,11.362
2026/04/29 15:46:22,383000,11.353
2026/04/29 15:46:22,384000,11.353
2026/04/29 15:46:22,385000,11.356
2026/04/29 15:46:22,386000,11.356
2026/04/29 15:46:22,387000,11.359
2026/04/29 15:46:22,388000,11.356
2026/04/29 15:46:22,389000,11.359
2026/04/29 15:46:22,390000,11.356
2026/04/29 15:46:22,391000,11.359
2026/04/29 15:46:22,392000,11.356
2026/04/29 15:46:22,393000,11.359
2026/04/29 15:46:22,394000,11.356
2026/04/29 15:46:22,395000,11.359
2026/04/29 15:46:22,396000,11.353
2026/04/29 15:46:22,397000,11.356
2026/04/29 15:46:22,398000,11.356
2026/04/29 15:46:22,399000,11.353
2026/04/29 15:46:22,400000,11.362
2026/04/29 15:46:22,401000,11.356
2026/04/29 15:46:22,402000,11.356
2026/04/29 15:46:22,403000,11.359
2026/04/29 15:46:22,404000,11.356
2026/04/29 15:46:22,405000,11.350
2026/04/29 15:46:22,406000,11.356
2026/04/29 15:46:22,407000,11.353
2026/04/29 15:46:22,408000,11.359
2026/04/29 15:46:22,409000,11.353
2026/04/29 15:46:22,410000,11.356
2026/04/29 15:46:22,411000,11.353
2026/04/29 15:46:22,412000,11.353
2026/04/29 15:46:22,413000,11.356
2026/04/29 15:46:22,414000,11.356
2026/04/29 15:46:22,415000,11.359
2026/04/29 15:46:22,416000,11.356
2026/04/29 15:46:22,417000,11.359
2026/04/29 15:46:22,418000,11.353
2026/04/29 15:46:22,419000,11.359
2026/04/29 15:46:22,420000,11.359
2026/04/29 15:46:22,421000,11.353
2026/04/29 15:46:22,422000,11.359
2026/04/29 15:46:22,423000,11.359
2026/04/29 15:46:22,424000,11.353
2026/04/29 15:46:22,425000,11.356
2026/04/29 15:46:22,426000,11.353
2026/04/29 15:46:22,427000,11.356
2026/04/29 15:46:22,428000,11.356
2026/04/29 15:46:22,429000,11.359
2026/04/29 15:46:22,430000,11.359
2026/04/29 15:46:22,431000,11.359
2026/04/29 15:46:22,432000,11.359
2026/04/29 15:46:22,433000,11.359
2026/04/29 15:46:22,434000,11.353
2026/04/29 15:46:22,435000,11.353
2026/04/29 15:46:22,436000,11.356
2026/04/29 15:46:22,437000,11.353
2026/04/29 15:46:22,438000,11.359
2026/04/29 15:46:22,439000,11.359
2026/04/29 15:46:22,440000,11.353
2026/04/29 15:46:22,441000,11.350
2026/04/29 15:46:22,442000,11.359
2026/04/29 15:46:22,443000,11.356
2026/04/29 15:46:22,444000,11.362
2026/04/29 15:46:22,445000,11.350
2026/04/29 15:46:22,446000,11.356
2026/04/29 15:46:22,447000,11.362
2026/04/29 15:46:22,448000,11.353
2026/04/29 15:46:22,449000,11.350
2026/04/29 15:46:22,450000,11.359
2026/04/29 15:46:22,451000,11.362
2026/04/29 15:46:22,452000,11.350
2026/04/29 15:46:22,453000,11.356
2026/04/29 15:46:22,454000,11.353
2026/04/29 15:46:22,455000,11.350
2026/04/29 15:46:22,456000,11.364
2026/04/29 15:46:22,457000,11.362
2026/04/29 15:46:22,458000,11.359
2026/04/29 15:46:22,459000,11.356
2026/04/29 15:46:22,460000,11.356
2026/04/29 15:46:22,461000,11.353
2026/04/29 15:46:22,462000,11.364
2026/04/29 15:46:22,463000,11.353
2026/04/29 15:46:22,464000,11.350
2026/04/29 15:46:22,465000,11.353
2026/04/29 15:46:22,466000,11.353
2026/04/29 15:46:22,467000,11.362
2026/04/29 15:46:22,468000,11.356
2026/04/29 15:46:22,469000,11.359
2026/04/29 15:46:22,470000,11.359
2026/04/29 15:46:22,471000,11.359
2026/04/29 15:46:22,472000,11.362
2026/04/29 15:46:22,473000,11.356
2026/04/29 15:46:22,474000,11.356
2026/04/29 15:46:22,475000,11.353
2026/04/29 15:46:22,476000,11.350
2026/04/29 15:46:22,477000,11.359
2026/04/29 15:46:22,478000,11.350
2026/04/29 15:46:22,479000,11.364
2026/04/29 15:46:22,480000,11.353
2026/04/29 15:46:22,481000,11.364
2026/04/29 15:46:22,482000,11.359
2026/04/29 15:46:22,483000,11.359
2026/04/29 15:46:22,484000,11.356
2026/04/29 15:46:22,485000,11.356
2026/04/29 15:46:22,486000,11.356
2026/04/29 15:46:22,487000,11.356
2026/04/29 15:46:22,488000,11.356
2026/04/29 15:46:22,489000,11.356
2026/04/29 15:46:22,490000,11.359
2026/04/29 15:46:22,491000,11.353
2026/04/29 15:46:22,492000,11.356
2026/04/29 15:46:22,493000,11.359
2026/04/29 15:46:22,494000,11.353
2026/04/29 15:46:22,495000,11.350
2026/04/29 15:46:22,496000,11.359
2026/04/29 15:46:22,497000,11.353
2026/04/29 15:46:22,498000,11.350
2026/04/29 15:46:22,499000,11.356
2026/04/29 15:46:22,500000,11.356
2026/04/29 15:46:22,501000,11.362
2026/04/29 15:46:22,502000,11.353
2026/04/29 15:46:22,503000,11.359
2026/04/29 15:46:22,504000,11.359
2026/04/29 15:46:22,505000,11.356
2026/04/29 15:46:22,506000,11.353
2026/04/29 15:46:22,507000,11.353
2026/04/29 15:46:22,508000,11.356
2026/04/29 15:46:22,509000,11.356
2026/04/29 15:46:22,510000,11.359
2026/04/29 15:46:22,511000,11.353
2026/04/29 15:46:22,512000,11.356
2026/04/29 15:46:22,513000,11.356
2026/04/29 15:46:22,514000,11.362
2026/04/29 15:46:22,515000,11.353
2026/04/29 15:46:22,516000,11.353
2026/04/29 15:46:22,517000,11.359
2026/04/29 15:46:22,518000,11.353
2026/04/29 15:46:22,519000,11.356
2026/04/29 15:46:22,520000,11.353
2026/04/29 15:46:22,521000,11.356
2026/04/29 15:46:22,522000,11.353
2026/04/29 15:46:22,523000,11.356
2026/04/29 15:46:22,524000,11.359
2026/04/29 15:46:22,525000,11.359
2026/04/29 15:46:22,526000,11.359
2026/04/29 15:46:22,527000,11.359
2026/04/29 15:46:22,528000,11.353
2026/04/29 15:46:22,529000,11.356
2026/04/29 15:46:22,530000,11.353
2026/04/29 15:46:22,531000,11.359
2026/04/29 15:46:22,532000,11.350
2026/04/29 15:46:22,533000,11.356
2026/04/29 15:46:22,534000,11.359
2026/04/29 15:46:22,535000,11.342
2026/04/29 15:46:22,536000,11.350
2026/04/29 15:46:22,537000,11.359
2026/04/29 15:46:22,538000,11.353
2026/04/29 15:46:22,539000,11.350
2026/04/29 15:46:22,540000,11.348
2026/04/29 15:46:22,541000,11.353
2026/04/29 15:46:22,542000,11.348
2026/04/29 15:46:22,543000,11.353
2026/04/29 15:46:22,544000,11.359
2026/04/29 15:46:22,545000,11.353
2026/04/29 15:46:22,546000,11.359
2026/04/29 15:46:22,547000,11.353
2026/04/29 15:46:22,548000,11.350
2026/04/29 15:46:22,549000,11.353
2026/04/29 15:46:22,550000,11.353
2026/04/29 15:46:22,551000,11.353
2026/04/29 15:46:22,552000,11.353
2026/04/29 15:46:22,553000,11.353
2026/04/29 15:46:22,554000,11.348
2026/04/29 15:46:22,555000,11.356
2026/04/29 15:46:22,556000,11.359
2026/04/29 15:46:22,557000,11.353
2026/04/29 15:46:22,558000,11.356
2026/04/29 15:46:22,559000,11.350
2026/04/29 15:46:22,560000,11.356
2026/04/29 15:46:22,561000,11.353
2026/04/29 15:46:22,562000,11.353
2026/04/29 15:46:22,563000,11.362
2026/04/29 15:46:22,564000,11.353
2026/04/29 15:46:22,565000,11.348
2026/04/29 15:46:22,566000,11.356
2026/04/29 15:46:22,567000,11.350
2026/04/29 15:46:22,568000,11.359
2026/04/29 15:46:22,569000,11.353
2026/04/29 15:46:22,570000,11.356
2026/04/29 15:46:22,571000,11.348
2026/04/29 15:46:22,572000,11.348
2026/04/29 15:46:22,573000,11.353
2026/04/29 15:46:22,574000,11.348
2026/04/29 15:46:22,575000,11.345
2026/04/29 15:46:22,576000,11.350
2026/04/29 15:46:22,577000,11.356
2026/04/29 15:46:22,578000,11.353
2026/04/29 15:46:22,579000,11.353
2026/04/29 15:46:22,580000,11.353
2026/04/29 15:46:22,581000,11.350
2026/04/29 15:46:22,582000,11.353
2026/04/29 15:46:22,583000,11.348
2026/04/29 15:46:22,584000,11.353
2026/04/29 15:46:22,585000,11.359
2026/04/29 15:46:22,586000,11.350
2026/04/29 15:46:22,587000,11.353
2026/04/29 15:46:22,588000,11.350
2026/04/29 15:46:22,589000,11.348
2026/04/29 15:46:22,590000,11.356
2026/04/29 15:46:22,591000,11.356
2026/04/29 15:46:22,592000,11.345
2026/04/29 15:46:22,593000,11.348
2026/04/29 15:46:22,594000,11.353
2026/04/29 15:46:22,595000,11.350
2026/04/29 15:46:22,596000,11.342
2026/04/29 15:46:22,597000,11.353
2026/04/29 15:46:22,598000,11.356
2026/04/29 15:46:22,599000,11.353
2026/04/29 15:46:22,600000,11.348
2026/04/29 15:46:22,601000,11.353
2026/04/29 15:46:22,602000,11.353
2026/04/29 15:46:22,603000,11.356
2026/04/29 15:46:22,604000,11.350
2026/04/29 15:46:22,605000,11.356
2026/04/29 15:46:22,606000,11.356
2026/04/29 15:46:22,607000,11.345
2026/04/29 15:46:22,608000,11.353
2026/04/29 15:46:22,609000,11.348
2026/04/29 15:46:22,610000,11.353
2026/04/29 15:46:22,611000,11.356
2026/04/29 15:46:22,612000,11.350
2026/04/29 15:46:22,613000,11.350
2026/04/29 15:46:22,614000,11.356
2026/04/29 15:46:22,615000,11.356
2026/04/29 15:46:22,616000,11.353
2026/04/29 15:46:22,617000,11.345
2026/04/29 15:46:22,618000,11.353
2026/04/29 15:46:22,619000,11.348
2026/04/29 15:46:22,620000,11.356
2026/04/29 15:46:22,621000,11.356
2026/04/29 15:46:22,622000,11.362
2026/04/29 15:46:22,623000,11.350
2026/04/29 15:46:22,624000,11.350
2026/04/29 15:46:22,625000,11.353
2026/04/29 15:46:22,626000,11.353
2026/04/29 15:46:22,627000,11.353
2026/04/29 15:46:22,628000,11.348
2026/04/29 15:46:22,629000,11.348
2026/04/29 15:46:22,630000,11.353
2026/04/29 15:46:22,631000,11.359
2026/04/29 15:46:22,632000,11.348
2026/04/29 15:46:22,633000,11.356
2026/04/29 15:46:22,634000,11.359
2026/04/29 15:46:22,635000,11.359
2026/04/29 15:46:22,636000,11.353
2026/04/29 15:46:22,637000,11.350
2026/04/29 15:46:22,638000,11.356
2026/04/29 15:46:22,639000,11.356
2026/04/29 15:46:22,640000,11.350
2026/04/29 15:46:22,641000,11.362
2026/04/29 15:46:22,642000,11.356
2026/04/29 15:46:22,643000,11.353
2026/04/29 15:46:22,644000,11.353
2026/04/29 15:46:22,645000,11.356
2026/04/29 15:46:22,646000,11.353
2026/04/29 15:46:22,647000,11.350
2026/04/29 15:46:22,648000,11.356
2026/04/29 15:46:22,649000,11.356
2026/04/29 15:46:22,650000,11.353
2026/04/29 15:46:22,651000,11.348
2026/04/29 15:46:22,652000,11.359
2026/04/29 15:46:22,653000,11.356
2026/04/29 15:46:22,654000,11.359
2026/04/29 15:46:22,655000,11.353
2026/04/29 15:46:22,656000,11.364
2026/04/29 15:46:22,657000,11.356
2026/04/29 15:46:22,658000,11.348
2026/04/29 15:46:22,659000,11.356
2026/04/29 15:46:22,660000,11.359
2026/04/29 15:46:22,661000,11.356
2026/04/29 15:46:22,662000,11.356
2026/04/29 15:46:22,663000,11.353
2026/04/29 15:46:22,664000,11.353
2026/04/29 15:46:22,665000,11.353
2026/04/29 15:46:22,666000,11.356
2026/04/29 15:46:22,667000,11.359
2026/04/29 15:46:22,668000,11.356
2026/04/29 15:46:22,669000,11.350
2026/04/29 15:46:22,670000,11.356
2026/04/29 15:46:22,671000,11.356
2026/04/29 15:46:22,672000,11.356
2026/04/29 15:46:22,673000,11.359
2026/04/29 15:46:22,674000,11.359
2026/04/29 15:46:22,675000,11.350
2026/04/29 15:46:22,676000,11.356
2026/04/29 15:46:22,677000,11.356
2026/04/29 15:46:22,678000,11.359
2026/04/29 15:46:22,679000,11.356
2026/04/29 15:46:22,680000,11.356
2026/04/29 15:46:22,681000,11.350
2026/04/29 15:46:22,682000,11.350
2026/04/29 15:46:22,683000,11.353
2026/04/29 15:46:22,684000,11.359
2026/04/29 15:46:22,685000,11.353
2026/04/29 15:46:22,686000,11.356
2026/04/29 15:46:22,687000,11.359
2026/04/29 15:46:22,688000,11.359
2026/04/29 15:46:22,689000,11.350
2026/04/29 15:46:22,690000,11.356
2026/04/29 15:46:22,691000,11.356
2026/04/29 15:46:22,692000,11.353
2026/04/29 15:46:22,693000,11.356
2026/04/29 15:46:22,694000,11.356
2026/04/29 15:46:22,695000,11.350
2026/04/29 15:46:22,696000,11.356
2026/04/29 15:46:22,697000,11.356
2026/04/29 15:46:22,698000,11.356
2026/04/29 15:46:22,699000,11.353
2026/04/29 15:46:22,700000,11.350
2026/04/29 15:46:22,701000,11.362
2026/04/29 15:46:22,702000,11.356
2026/04/29 15:46:22,703000,11.359
2026/04/29 15:46:22,704000,11.356
2026/04/29 15:46:22,705000,11.353
2026/04/29 15:46:22,706000,11.356
2026/04/29 15:46:22,707000,11.359
2026/04/29 15:46:22,708000,11.350
2026/04/29 15:46:22,709000,11.353
2026/04/29 15:46:22,710000,11.353
2026/04/29 15:46:22,711000,11.353
2026/04/29 15:46:22,712000,11.353
2026/04/29 15:46:22,713000,11.345
2026/04/29 15:46:22,714000,11.345
2026/04/29 15:46:22,715000,11.353
2026/04/29 15:46:22,716000,11.350
2026/04/29 15:46:22,717000,11.353
2026/04/29 15:46:22,718000,11.353
2026/04/29 15:46:22,719000,11.350
2026/04/29 15:46:22,720000,11.350
2026/04/29 15:46:22,721000,11.345
2026/04/29 15:46:22,722000,11.350
2026/04/29 15:46:22,723000,11.353
2026/04/29 15:46:22,724000,11.353
2026/04/29 15:46:22,725000,11.353
2026/04/29 15:46:22,726000,11.353
2026/04/29 15:46:22,727000,11.356
2026/04/29 15:46:22,728000,11.350
2026/04/29 15:46:22,729000,11.353
2026/04/29 15:46:22,730000,11.339
2026/04/29 15:46:22,731000,11.348
2026/04/29 15:46:22,732000,11.348
2026/04/29 15:46:22,733000,11.348
2026/04/29 15:46:22,734000,11.345
2026/04/29 15:46:22,735000,11.350
2026/04/29 15:46:22,736000,11.345
2026/04/29 15:46:22,737000,11.348
2026/04/29 15:46:22,738000,11.353
2026/04/29 15:46:22,739000,11.353
2026/04/29 15:46:22,740000,11.353
2026/04/29 15:46:22,741000,11.353
2026/04/29 15:46:22,742000,11.353
2026/04/29 15:46:22,743000,11.353
2026/04/29 15:46:22,744000,11.350
2026/04/29 15:46:22,745000,11.350
2026/04/29 15:46:22,746000,11.350
2026/04/29 15:46:22,747000,11.348
2026/04/29 15:46:22,748000,11.350
2026/04/29 15:46:22,749000,11.345
2026/04/29 15:46:22,750000,11.356
2026/04/29 15:46:22,751000,11.353
2026/04/29 15:46:22,752000,11.356
2026/04/29 15:46:22,753000,11.350
2026/04/29 15:46:22,754000,11.348
2026/04/29 15:46:22,755000,11.350
2026/04/29 15:46:22,756000,11.350
2026/04/29 15:46:22,757000,11.348
2026/04/29 15:46:22,758000,11.350
2026/04/29 15:46:22,759000,11.350
2026/04/29 15:46:22,760000,11.350
2026/04/29 15:46:22,761000,11.350
2026/04/29 15:46:22,762000,11.353
2026/04/29 15:46:22,763000,11.353
2026/04/29 15:46:22,764000,11.350
2026/04/29 15:46:22,765000,11.350
2026/04/29 15:46:22,766000,11.353
2026/04/29 15:46:22,767000,11.353
2026/04/29 15:46:22,768000,11.356
2026/04/29 15:46:22,769000,11.350
2026/04/29 15:46:22,770000,11.350
2026/04/29 15:46:22,771000,11.348
2026/04/29 15:46:22,772000,11.345
2026/04/29 15:46:22,773000,11.353
2026/04/29 15:46:22,774000,11.359
2026/04/29 15:46:22,775000,11.353
2026/04/29 15:46:22,776000,11.356
2026/04/29 15:46:22,777000,11.348
2026/04/29 15:46:22,778000,11.350
2026/04/29 15:46:22,779000,11.350
2026/04/29 15:46:22,780000,11.348
2026/04/29 15:46:22,781000,11.353
2026/04/29 15:46:22,782000,11.356
2026/04/29 15:46:22,783000,11.353
2026/04/29 15:46:22,784000,11.356
2026/04/29 15:46:22,785000,11.350
2026/04/29 15:46:22,786000,11.350
2026/04/29 15:46:22,787000,11.353
2026/04/29 15:46:22,788000,11.353
2026/04/29 15:46:22,789000,11.356
2026/04/29 15:46:22,790000,11.350
2026/04/29 15:46:22,791000,11.350
2026/04/29 15:46:22,792000,11.356
2026/04/29 15:46:22,793000,11.348
2026/04/29 15:46:22,794000,11.356
2026/04/29 15:46:22,795000,11.356
2026/04/29 15:46:22,796000,11.348
2026/04/29 15:46:22,797000,11.356
2026/04/29 15:46:22,798000,11.350
2026/04/29 15:46:22,799000,11.359
2026/04/29 15:46:22,800000,11.356
2026/04/29 15:46:22,801000,11.348
2026/04/29 15:46:22,802000,11.353
2026/04/29 15:46:22,803000,11.350
2026/04/29 15:46:22,804000,11.345
2026/04/29 15:46:22,805000,11.348
2026/04/29 15:46:22,806000,11.350
2026/04/29 15:46:22,807000,11.350
2026/04/29 15:46:22,808000,11.353
2026/04/29 15:46:22,809000,11.356
2026/04/29 15:46:22,810000,11.356
2026/04/29 15:46:22,811000,11.359
2026/04/29 15:46:22,812000,11.353
2026/04/29 15:46:22,813000,11.348
2026/04/29 15:46:22,814000,11.350
2026/04/29 15:46:22,815000,11.348
2026/04/29 15:46:22,816000,11.353
2026/04/29 15:46:22,817000,11.353
2026/04/29 15:46:22,818000,11.342
2026/04/29 15:46:22,819000,11.348
2026/04/29 15:46:22,820000,11.350
2026/04/29 15:46:22,821000,11.345
2026/04/29 15:46:22,822000,11.356
2026/04/29 15:46:22,823000,11.350
2026/04/29 15:46:22,824000,11.348
2026/04/29 15:46:22,825000,11.350
2026/04/29 15:46:22,826000,11.350
2026/04/29 15:46:22,827000,11.350
2026/04/29 15:46:22,828000,11.350
2026/04/29 15:46:22,829000,11.356
2026/04/29 15:46:22,830000,11.353
2026/04/29 15:46:22,831000,11.348
2026/04/29 15:46:22,832000,11.356
2026/04/29 15:46:22,833000,11.350
2026/04/29 15:46:22,834000,11.350
2026/04/29 15:46:22,835000,11.356
2026/04/29 15:46:22,836000,11.350
2026/04/29 15:46:22,837000,11.359
2026/04/29 15:46:22,838000,11.353
2026/04/29 15:46:22,839000,11.350
2026/04/29 15:46:22,840000,11.353
2026/04/29 15:46:22,841000,11.359
2026/04/29 15:46:22,842000,11.353
2026/04/29 15:46:22,843000,11.353
2026/04/29 15:46:22,844000,11.350
2026/04/29 15:46:22,845000,11.359
2026/04/29 15:46:22,846000,11.350
2026/04/29 15:46:22,847000,11.348
2026/04/29 15:46:22,848000,11.356
2026/04/29 15:46:22,849000,11.350
2026/04/29 15:46:22,850000,11.350
2026/04/29 15:46:22,851000,11.356
2026/04/29 15:46:22,852000,11.353
2026/04/29 15:46:22,853000,11.356
2026/04/29 15:46:22,854000,11.353
2026/04/29 15:46:22,855000,11.348
2026/04/29 15:46:22,856000,11.348
2026/04/29 15:46:22,857000,11.356
2026/04/29 15:46:22,858000,11.356
2026/04/29 15:46:22,859000,11.348
2026/04/29 15:46:22,860000,11.353
2026/04/29 15:46:22,861000,11.356
2026/04/29 15:46:22,862000,11.350
2026/04/29 15:46:22,863000,11.350
2026/04/29 15:46:22,864000,11.350
2026/04/29 15:46:22,865000,11.350
2026/04/29 15:46:22,866000,11.350
2026/04/29 15:46:22,867000,11.356
2026/04/29 15:46:22,868000,11.350
2026/04/29 15:46:22,869000,11.348
2026/04/29 15:46:22,870000,11.348
2026/04/29 15:46:22,871000,11.353
2026/04/29 15:46:22,872000,11.348
2026/04/29 15:46:22,873000,11.350
2026/04/29 15:46:22,874000,11.348
2026/04/29 15:46:22,875000,11.353
2026/04/29 15:46:22,876000,11.356
2026/04/29 15:46:22,877000,11.359
2026/04/29 15:46:22,878000,11.356
2026/04/29 15:46:22,879000,11.350
2026/04/29 15:46:22,880000,11.353
2026/04/29 15:46:22,881000,11.350
2026/04/29 15:46:22,882000,11.353
2026/04/29 15:46:22,883000,11.353
2026/04/29 15:46:22,884000,11.350
2026/04/29 15:46:22,885000,11.356
2026/04/29 15:46:22,886000,11.356
2026/04/29 15:46:22,887000,11.359
2026/04/29 15:46:22,888000,11.353
2026/04/29 15:46:22,889000,11.348
2026/04/29 15:46:22,890000,11.350
2026/04/29 15:46:22,891000,11.353
2026/04/29 15:46:22,892000,11.348
2026/04/29 15:46:22,893000,11.353
2026/04/29 15:46:22,894000,11.359
2026/04/29 15:46:22,895000,11.350
2026/04/29 15:46:22,896000,11.353
2026/04/29 15:46:22,897000,11.350
2026/04/29 15:46:22,898000,11.350
2026/04/29 15:46:22,899000,11.348
2026/04/29 15:46:22,900000,11.350
2026/04/29 15:46:22,901000,11.348
2026/04/29 15:46:22,902000,11.350
2026/04/29 15:46:22,903000,11.350
2026/04/29 15:46:22,904000,11.350
2026/04/29 15:46:22,905000,11.350
2026/04/29 15:46:22,906000,11.356
2026/04/29 15:46:22,907000,11.350
2026/04/29 15:46:22,908000,11.348
2026/04/29 15:46:22,909000,11.350
2026/04/29 15:46:22,910000,11.356
2026/04/29 15:46:22,911000,11.350
2026/04/29 15:46:22,912000,11.350
2026/04/29 15:46:22,913000,11.350
2026/04/29 15:46:22,914000,11.350
2026/04/29 15:46:22,915000,11.350
2026/04/29 15:46:22,916000,11.348
2026/04/29 15:46:22,917000,11.350
2026/04/29 15:46:22,918000,11.348
2026/04/29 15:46:22,919000,11.350
2026/04/29 15:46:22,920000,11.350
2026/04/29 15:46:22,921000,11.350
2026/04/29 15:46:22,922000,11.356
2026/04/29 15:46:22,923000,11.356
2026/04/29 15:46:22,924000,11.353
2026/04/29 15:46:22,925000,11.353
2026/04/29 15:46:22,926000,11.353
2026/04/29 15:46:22,927000,11.353
2026/04/29 15:46:22,928000,11.356
2026/04/29 15:46:22,929000,11.350
2026/04/29 15:46:22,930000,11.350
2026/04/29 15:46:22,931000,11.350
2026/04/29 15:46:22,932000,11.350
2026/04/29 15:46:22,933000,11.356
2026/04/29 15:46:22,934000,11.348
2026/04/29 15:46:22,935000,11.353
2026/04/29 15:46:22,936000,11.356
2026/04/29 15:46:22,937000,11.356
2026/04/29 15:46:22,938000,11.353
2026/04/29 15:46:22,939000,11.356
2026/04/29 15:46:22,940000,11.356
2026/04/29 15:46:22,941000,11.356
2026/04/29 15:46:22,942000,11.350
2026/04/29 15:46:22,943000,11.350
2026/04/29 15:46:22,944000,11.348
2026/04/29 15:46:22,945000,11.356
2026/04/29 15:46:22,946000,11.353
2026/04/29 15:46:22,947000,11.353
2026/04/29 15:46:22,948000,11.350
2026/04/29 15:46:22,949000,11.353
2026/04/29 15:46:22,950000,11.353
2026/04/29 15:46:22,951000,11.353
2026/04/29 15:46:22,952000,11.350
2026/04/29 15:46:22,953000,11.353
2026/04/29 15:46:22,954000,11.350
2026/04/29 15:46:22,955000,11.350
2026/04/29 15:46:22,956000,11.356
2026/04/29 15:46:22,957000,11.356
2026/04/29 15:46:22,958000,11.353
2026/04/29 15:46:22,959000,11.350
2026/04/29 15:46:22,960000,11.348
2026/04/29 15:46:22,961000,11.356
2026/04/29 15:46:22,962000,11.356
2026/04/29 15:46:22,963000,11.353
2026/04/29 15:46:22,964000,11.348
2026/04/29 15:46:22,965000,11.353
2026/04/29 15:46:22,966000,11.350
2026/04/29 15:46:22,967000,11.350
2026/04/29 15:46:22,968000,11.359
2026/04/29 15:46:22,969000,11.353
2026/04/29 15:46:22,970000,11.342
2026/04/29 15:46:22,971000,11.362
2026/04/29 15:46:22,972000,11.350
2026/04/29 15:46:22,973000,11.356
2026/04/29 15:46:22,974000,11.348
2026/04/29 15:46:22,975000,11.353
2026/04/29 15:46:22,976000,11.348
2026/04/29 15:46:22,977000,11.353
2026/04/29 15:46:22,978000,11.348
2026/04/29 15:46:22,979000,11.353
2026/04/29 15:46:22,980000,11.356
2026/04/29 15:46:22,981000,11.356
2026/04/29 15:46:22,982000,11.348
2026/04/29 15:46:22,983000,11.350
2026/04/29 15:46:22,984000,11.353
2026/04/29 15:46:22,985000,11.356
2026/04/29 15:46:22,986000,11.345
2026/04/29 15:46:22,987000,11.353
2026/04/29 15:46:22,988000,11.348
2026/04/29 15:46:22,989000,11.353
2026/04/29 15:46:22,990000,11.350
2026/04/29 15:46:22,991000,11.348
2026/04/29 15:46:22,992000,11.350
2026/04/29 15:46:22,993000,11.350
2026/04/29 15:46:22,994000,11.356
2026/04/29 15:46:22,995000,11.350
2026/04/29 15:46:22,996000,11.356
2026/04/29 15:46:22,997000,11.353
2026/04/29 15:46:22,998000,11.356
2026/04/29 15:46:22,999000,11.345
2026/04/29 15:46:23,000000,11.348
2026/04/29 15:46:23,001000,11.356
2026/04/29 15:46:23,002000,11.350
2026/04/29 15:46:23,003000,11.350
2026/04/29 15:46:23,004000,11.356
2026/04/29 15:46:23,005000,11.353
2026/04/29 15:46:23,006000,11.348
2026/04/29 15:46:23,007000,11.348
2026/04/29 15:46:23,008000,11.350
2026/04/29 15:46:23,009000,11.353
2026/04/29 15:46:23,010000,11.356
2026/04/29 15:46:23,011000,11.353
2026/04/29 15:46:23,012000,11.348
2026/04/29 15:46:23,013000,11.359
2026/04/29 15:46:23,014000,11.350
2026/04/29 15:46:23,015000,11.353
2026/04/29 15:46:23,016000,11.348
2026/04/29 15:46:23,017000,11.350
2026/04/29 15:46:23,018000,11.353
2026/04/29 15:46:23,019000,11.356
2026/04/29 15:46:23,020000,11.353
2026/04/29 15:46:23,021000,11.342
2026/04/29 15:46:23,022000,11.350
2026/04/29 15:46:23,023000,11.353
2026/04/29 15:46:23,024000,11.350
2026/04/29 15:46:23,025000,11.353
2026/04/29 15:46:23,026000,11.350
2026/04/29 15:46:23,027000,11.353
2026/04/29 15:46:23,028000,11.348
2026/04/29 15:46:23,029000,11.345
2026/04/29 15:46:23,030000,11.350
2026/04/29 15:46:23,031000,11.353
2026/04/29 15:46:23,032000,11.350
2026/04/29 15:46:23,033000,11.348
2026/04/29 15:46:23,034000,11.345
2026/04/29 15:46:23,035000,11.348
2026/04/29 15:46:23,036000,11.353
2026/04/29 15:46:23,037000,11.348
2026/04/29 15:46:23,038000,11.359
2026/04/29 15:46:23,039000,11.356
2026/04/29 15:46:23,040000,11.350
2026/04/29 15:46:23,041000,11.348
2026/04/29 15:46:23,042000,11.356
2026/04/29 15:46:23,043000,11.348
2026/04/29 15:46:23,044000,11.350
2026/04/29 15:46:23,045000,11.353
2026/04/29 15:46:23,046000,11.345
2026/04/29 15:46:23,047000,11.350
2026/04/29 15:46:23,048000,11.356
2026/04/29 15:46:23,049000,11.350
2026/04/29 15:46:23,050000,11.359
2026/04/29 15:46:23,051000,11.350
2026/04/29 15:46:23,052000,11.348
2026/04/29 15:46:23,053000,11.359
2026/04/29 15:46:23,054000,11.356
2026/04/29 15:46:23,055000,11.353
2026/04/29 15:46:23,056000,11.348
2026/04/29 15:46:23,057000,11.345
2026/04/29 15:46:23,058000,11.356
2026/04/29 15:46:23,059000,11.353
2026/04/29 15:46:23,060000,11.356
2026/04/29 15:46:23,061000,11.350
2026/04/29 15:46:23,062000,11.350
2026/04/29 15:46:23,063000,11.350
2026/04/29 15:46:23,064000,11.345
2026/04/29 15:46:23,065000,11.353
2026/04/29 15:46:23,066000,11.350
2026/04/29 15:46:23,067000,11.356
2026/04/29 15:46:23,068000,11.350
2026/04/29 15:46:23,069000,11.350
2026/04/29 15:46:23,070000,11.350
2026/04/29 15:46:23,071000,11.348
2026/04/29 15:46:23,072000,11.353
2026/04/29 15:46:23,073000,11.348
2026/04/29 15:46:23,074000,11.359
2026/04/29 15:46:23,075000,11.348
2026/04/29 15:46:23,076000,11.353
2026/04/29 15:46:23,077000,11.356
2026/04/29 15:46:23,078000,11.350
2026/04/29 15:46:23,079000,11.353
2026/04/29 15:46:23,080000,11.348
2026/04/29 15:46:23,081000,11.350
2026/04/29 15:46:23,082000,11.356
2026/04/29 15:46:23,083000,11.348
2026/04/29 15:46:23,084000,11.356
2026/04/29 15:46:23,085000,11.348
2026/04/29 15:46:23,086000,11.348
2026/04/29 15:46:23,087000,11.353
2026/04/29 15:46:23,088000,11.356
2026/04/29 15:46:23,089000,11.350
2026/04/29 15:46:23,090000,11.353
2026/04/29 15:46:23,091000,11.353
2026/04/29 15:46:23,092000,11.353
2026/04/29 15:46:23,093000,11.348
2026/04/29 15:46:23,094000,11.345
2026/04/29 15:46:23,095000,11.356
2026/04/29 15:46:23,096000,11.342
2026/04/29 15:46:23,097000,11.356
2026/04/29 15:46:23,098000,11.350
2026/04/29 15:46:23,099000,11.353
2026/04/29 15:46:23,100000,11.350
2026/04/29 15:46:23,101000,11.353
2026/04/29 15:46:23,102000,11.350
2026/04/29 15:46:23,103000,11.348
2026/04/29 15:46:23,104000,11.350
2026/04/29 15:46:23,105000,11.353
2026/04/29 15:46:23,106000,11.350
2026/04/29 15:46:23,107000,11.350
2026/04/29 15:46:23,108000,11.350
2026/04/29 15:46:23,109000,11.348
2026/04/29 15:46:23,110000,11.356
2026/04/29 15:46:23,111000,11.353
2026/04/29 15:46:23,112000,11.348
2026/04/29 15:46:23,113000,11.350
2026/04/29 15:46:23,114000,11.348
2026/04/29 15:46:23,115000,11.348
2026/04/29 15:46:23,116000,11.350
2026/04/29 15:46:23,117000,11.353
2026/04/29 15:46:23,118000,11.356
2026/04/29 15:46:23,119000,11.353
2026/04/29 15:46:23,120000,11.345
2026/04/29 15:46:23,121000,11.348
2026/04/29 15:46:23,122000,11.353
2026/04/29 15:46:23,123000,11.350
2026/04/29 15:46:23,124000,11.345
2026/04/29 15:46:23,125000,11.350
2026/04/29 15:46:23,126000,11.350
2026/04/29 15:46:23,127000,11.345
2026/04/29 15:46:23,128000,11.350
2026/04/29 15:46:23,129000,11.353
2026/04/29 15:46:23,130000,11.350
2026/04/29 15:46:23,131000,11.353
2026/04/29 15:46:23,132000,11.350
2026/04/29 15:46:23,133000,11.348
2026/04/29 15:46:23,134000,11.353
2026/04/29 15:46:23,135000,11.353
2026/04/29 15:46:23,136000,11.356
2026/04/29 15:46:23,137000,11.336
2026/04/29 15:46:23,138000,11.350
2026/04/29 15:46:23,139000,11.350
2026/04/29 15:46:23,140000,11.362
2026/04/29 15:46:23,141000,11.356
2026/04/29 15:46:23,142000,11.350
2026/04/29 15:46:23,143000,11.356
2026/04/29 15:46:23,144000,11.353
2026/04/29 15:46:23,145000,11.350
2026/04/29 15:46:23,146000,11.353
2026/04/29 15:46:23,147000,11.356
2026/04/29 15:46:23,148000,11.353
2026/04/29 15:46:23,149000,11.359
2026/04/29 15:46:23,150000,11.353
2026/04/29 15:46:23,151000,11.348
2026/04/29 15:46:23,152000,11.350
2026/04/29 15:46:23,153000,11.350
2026/04/29 15:46:23,154000,11.353
2026/04/29 15:46:23,155000,11.356
2026/04/29 15:46:23,156000,11.350
2026/04/29 15:46:23,157000,11.350
2026/04/29 15:46:23,158000,11.353
2026/04/29 15:46:23,159000,11.359
2026/04/29 15:46:23,160000,11.348
2026/04/29 15:46:23,161000,11.348
2026/04/29 15:46:23,162000,11.353
2026/04/29 15:46:23,163000,11.353
2026/04/29 15:46:23,164000,11.353
2026/04/29 15:46:23,165000,11.353
2026/04/29 15:46:23,166000,11.350
2026/04/29 15:46:23,167000,11.348
2026/04/29 15:46:23,168000,11.359
2026/04/29 15:46:23,169000,11.345
2026/04/29 15:46:23,170000,11.350
2026/04/29 15:46:23,171000,11.359
2026/04/29 15:46:23,172000,11.348
2026/04/29 15:46:23,173000,11.353
2026/04/29 15:46:23,174000,11.362
2026/04/29 15:46:23,175000,11.348
2026/04/29 15:46:23,176000,11.353
2026/04/29 15:46:23,177000,11.350
2026/04/29 15:46:23,178000,11.348
2026/04/29 15:46:23,179000,11.350
2026/04/29 15:46:23,180000,11.353
2026/04/29 15:46:23,181000,11.345
2026/04/29 15:46:23,182000,11.348
2026/04/29 15:46:23,183000,11.348
2026/04/29 15:46:23,184000,11.353
2026/04/29 15:46:23,185000,11.356
2026/04/29 15:46:23,186000,11.356
2026/04/29 15:46:23,187000,11.356
2026/04/29 15:46:23,188000,11.348
2026/04/29 15:46:23,189000,11.353
2026/04/29 15:46:23,190000,11.350
2026/04/29 15:46:23,191000,11.353
2026/04/29 15:46:23,192000,11.350
2026/04/29 15:46:23,193000,11.356
2026/04/29 15:46:23,194000,11.353
2026/04/29 15:46:23,195000,11.348
2026/04/29 15:46:23,196000,11.350
2026/04/29 15:46:23,197000,11.353
2026/04/29 15:46:23,198000,11.348
2026/04/29 15:46:23,199000,11.356
2026/04/29 15:46:23,200000,11.350
2026/04/29 15:46:23,201000,11.348
2026/04/29 15:46:23,202000,11.350
2026/04/29 15:46:23,203000,11.350
2026/04/29 15:46:23,204000,11.350
2026/04/29 15:46:23,205000,11.353
2026/04/29 15:46:23,206000,11.353
2026/04/29 15:46:23,207000,11.348
2026/04/29 15:46:23,208000,11.353
2026/04/29 15:46:23,209000,11.353
2026/04/29 15:46:23,210000,11.350
2026/04/29 15:46:23,211000,11.342
2026/04/29 15:46:23,212000,11.356
2026/04/29 15:46:23,213000,11.348
2026/04/29 15:46:23,214000,11.350
2026/04/29 15:46:23,215000,11.356
2026/04/29 15:46:23,216000,11.350
2026/04/29 15:46:23,217000,11.350
2026/04/29 15:46:23,218000,11.350
2026/04/29 15:46:23,219000,11.350
2026/04/29 15:46:23,220000,11.353
2026/04/29 15:46:23,221000,11.359
2026/04/29 15:46:23,222000,11.350
2026/04/29 15:46:23,223000,11.353
2026/04/29 15:46:23,224000,11.350
2026/04/29 15:46:23,225000,11.353
2026/04/29 15:46:23,226000,11.350
2026/04/29 15:46:23,227000,11.350
2026/04/29 15:46:23,228000,11.359
2026/04/29 15:46:23,229000,11.353
2026/04/29 15:46:23,230000,11.350
2026/04/29 15:46:23,231000,11.348
2026/04/29 15:46:23,232000,11.348
2026/04/29 15:46:23,233000,11.350
2026/04/29 15:46:23,234000,11.353
2026/04/29 15:46:23,235000,11.348
2026/04/29 15:46:23,236000,11.350
2026/04/29 15:46:23,237000,11.348
2026/04/29 15:46:23,238000,11.350
2026/04/29 15:46:23,239000,11.353
2026/04/29 15:46:23,240000,11.348
2026/04/29 15:46:23,241000,11.350
2026/04/29 15:46:23,242000,11.350
2026/04/29 15:46:23,243000,11.350
2026/04/29 15:46:23,244000,11.353
2026/04/29 15:46:23,245000,11.350
2026/04/29 15:46:23,246000,11.348
2026/04/29 15:46:23,247000,11.359
2026/04/29 15:46:23,248000,11.356
2026/04/29 15:46:23,249000,11.356
2026/04/29 15:46:23,250000,11.350
2026/04/29 15:46:23,251000,11.356
2026/04/29 15:46:23,252000,11.350
2026/04/29 15:46:23,253000,11.356
2026/04/29 15:46:23,254000,11.356
2026/04/29 15:46:23,255000,11.350
2026/04/29 15:46:23,256000,11.356
2026/04/29 15:46:23,257000,11.353
2026/04/29 15:46:23,258000,11.348
2026/04/29 15:46:23,259000,11.356
2026/04/29 15:46:23,260000,11.348
2026/04/29 15:46:23,261000,11.353
2026/04/29 15:46:23,262000,11.348
2026/04/29 15:46:23,263000,11.348
2026/04/29 15:46:23,264000,11.356
2026/04/29 15:46:23,265000,11.350
2026/04/29 15:46:23,266000,11.359
2026/04/29 15:46:23,267000,11.356
2026/04/29 15:46:23,268000,11.350
2026/04/29 15:46:23,269000,11.350
2026/04/29 15:46:23,270000,11.345
2026/04/29 15:46:23,271000,11.356
2026/04/29 15:46:23,272000,11.350
2026/04/29 15:46:23,273000,11.350
2026/04/29 15:46:23,274000,11.350
2026/04/29 15:46:23,275000,11.350
2026/04/29 15:46:23,276000,11.353
2026/04/29 15:46:23,277000,11.356
2026/04/29 15:46:23,278000,11.350
2026/04/29 15:46:23,279000,11.359
2026/04/29 15:46:23,280000,11.356
2026/04/29 15:46:23,281000,11.348
2026/04/29 15:46:23,282000,11.348
2026/04/29 15:46:23,283000,11.348
2026/04/29 15:46:23,284000,11.353
2026/04/29 15:46:23,285000,11.350
2026/04/29 15:46:23,286000,11.356
2026/04/29 15:46:23,287000,11.350
2026/04/29 15:46:23,288000,11.348
2026/04/29 15:46:23,289000,11.348
2026/04/29 15:46:23,290000,11.350
2026/04/29 15:46:23,291000,11.350
2026/04/29 15:46:23,292000,11.350
2026/04/29 15:46:23,293000,11.348
2026/04/29 15:46:23,294000,11.353
2026/04/29 15:46:23,295000,11.356
2026/04/29 15:46:23,296000,11.348
2026/04/29 15:46:23,297000,11.348
2026/04/29 15:46:23,298000,11.353
2026/04/29 15:46:23,299000,11.350
2026/04/29 15:46:23,300000,11.353
2026/04/29 15:46:23,301000,11.356
2026/04/29 15:46:23,302000,11.345
2026/04/29 15:46:23,303000,11.353
2026/04/29 15:46:23,304000,11.356
2026/04/29 15:46:23,305000,11.350
2026/04/29 15:46:23,306000,11.356
2026/04/29 15:46:23,307000,11.353
2026/04/29 15:46:23,308000,11.350
2026/04/29 15:46:23,309000,11.350
2026/04/29 15:46:23,310000,11.353
2026/04/29 15:46:23,311000,11.353
2026/04/29 15:46:23,312000,11.353
2026/04/29 15:46:23,313000,11.353
2026/04/29 15:46:23,314000,11.350
2026/04/29 15:46:23,315000,11.356
2026/04/29 15:46:23,316000,11.350
2026/04/29 15:46:23,317000,11.353
2026/04/29 15:46:23,318000,11.353
2026/04/29 15:46:23,319000,11.350
2026/04/29 15:46:23,320000,11.353
2026/04/29 15:46:23,321000,11.350
2026/04/29 15:46:23,322000,11.348
2026/04/29 15:46:23,323000,11.353
2026/04/29 15:46:23,324000,11.359
2026/04/29 15:46:23,325000,11.353
2026/04/29 15:46:23,326000,11.353
2026/04/29 15:46:23,327000,11.350
2026/04/29 15:46:23,328000,11.350
2026/04/29 15:46:23,329000,11.350
2026/04/29 15:46:23,330000,11.350
2026/04/29 15:46:23,331000,11.348
2026/04/29 15:46:23,332000,11.345
2026/04/29 15:46:23,333000,11.348
2026/04/29 15:46:23,334000,11.348
2026/04/29 15:46:23,335000,11.350
2026/04/29 15:46:23,336000,11.348
2026/04/29 15:46:23,337000,11.350
2026/04/29 15:46:23,338000,11.348
2026/04/29 15:46:23,339000,11.350
2026/04/29 15:46:23,340000,11.350
2026/04/29 15:46:23,341000,11.362
2026/04/29 15:46:23,342000,11.350
2026/04/29 15:46:23,343000,11.353
2026/04/29 15:46:23,344000,11.353
2026/04/29 15:46:23,345000,11.353
2026/04/29 15:46:23,346000,11.356
2026/04/29 15:46:23,347000,11.359
2026/04/29 15:46:23,348000,11.353
2026/04/29 15:46:23,349000,11.353
2026/04/29 15:46:23,350000,11.350
2026/04/29 15:46:23,351000,11.359
2026/04/29 15:46:23,352000,11.345
2026/04/29 15:46:23,353000,11.356
2026/04/29 15:46:23,354000,11.353
2026/04/29 15:46:23,355000,11.356
2026/04/29 15:46:23,356000,11.345
2026/04/29 15:46:23,357000,11.345
2026/04/29 15:46:23,358000,11.353
2026/04/29 15:46:23,359000,11.350
2026/04/29 15:46:23,360000,11.350
2026/04/29 15:46:23,361000,11.345
2026/04/29 15:46:23,362000,11.350
2026/04/29 15:46:23,363000,11.350
2026/04/29 15:46:23,364000,11.353
2026/04/29 15:46:23,365000,11.345
2026/04/29 15:46:23,366000,11.350
2026/04/29 15:46:23,367000,11.348
2026/04/29 15:46:23,368000,11.348
2026/04/29 15:46:23,369000,11.353
2026/04/29 15:46:23,370000,11.350
2026/04/29 15:46:23,371000,11.353
2026/04/29 15:46:23,372000,11.350
2026/04/29 15:46:23,373000,11.353
2026/04/29 15:46:23,374000,11.348
2026/04/29 15:46:23,375000,11.356
2026/04/29 15:46:23,376000,11.353
2026/04/29 15:46:23,377000,11.356
2026/04/29 15:46:23,378000,11.350
2026/04/29 15:46:23,379000,11.353
2026/04/29 15:46:23,380000,11.348
2026/04/29 15:46:23,381000,11.356
2026/04/29 15:46:23,382000,11.353
2026/04/29 15:46:23,383000,11.353
2026/04/29 15:46:23,384000,11.350
2026/04/29 15:46:23,385000,11.350
2026/04/29 15:46:23,386000,11.356
2026/04/29 15:46:23,387000,11.350
2026/04/29 15:46:23,388000,11.345
2026/04/29 15:46:23,389000,11.362
2026/04/29 15:46:23,390000,11.350
2026/04/29 15:46:23,391000,11.345
2026/04/29 15:46:23,392000,11.353
2026/04/29 15:46:23,393000,11.348
2026/04/29 15:46:23,394000,11.350
2026/04/29 15:46:23,395000,11.353
2026/04/29 15:46:23,396000,11.356
2026/04/29 15:46:23,397000,11.348
2026/04/29 15:46:23,398000,11.350
2026/04/29 15:46:23,399000,11.348
2026/04/29 15:46:23,400000,11.345
2026/04/29 15:46:23,401000,11.348
2026/04/29 15:46:23,402000,11.353
2026/04/29 15:46:23,403000,11.362
2026/04/29 15:46:23,404000,11.350
2026/04/29 15:46:23,405000,11.350
2026/04/29 15:46:23,406000,11.350
2026/04/29 15:46:23,407000,11.345
2026/04/29 15:46:23,408000,11.356
2026/04/29 15:46:23,409000,11.353
2026/04/29 15:46:23,410000,11.350
2026/04/29 15:46:23,411000,11.350
2026/04/29 15:46:23,412000,11.350
2026/04/29 15:46:23,413000,11.353
2026/04/29 15:46:23,414000,11.350
2026/04/29 15:46:23,415000,11.348
2026/04/29 15:46:23,416000,11.350
2026/04/29 15:46:23,417000,11.350
2026/04/29 15:46:23,418000,11.359
2026/04/29 15:46:23,419000,11.356
2026/04/29 15:46:23,420000,11.353
2026/04/29 15:46:23,421000,11.356
2026/04/29 15:46:23,422000,11.348
2026/04/29 15:46:23,423000,11.356
2026/04/29 15:46:23,424000,11.350
2026/04/29 15:46:23,425000,11.348
2026/04/29 15:46:23,426000,11.356
2026/04/29 15:46:23,427000,11.350
2026/04/29 15:46:23,428000,11.353
2026/04/29 15:46:23,429000,11.353
2026/04/29 15:46:23,430000,11.350
2026/04/29 15:46:23,431000,11.348
2026/04/29 15:46:23,432000,11.353
2026/04/29 15:46:23,433000,11.348
2026/04/29 15:46:23,434000,11.353
2026/04/29 15:46:23,435000,11.348
2026/04/29 15:46:23,436000,11.348
2026/04/29 15:46:23,437000,11.359
2026/04/29 15:46:23,438000,11.350
2026/04/29 15:46:23,439000,11.348
2026/04/29 15:46:23,440000,11.356
2026/04/29 15:46:23,441000,11.350
2026/04/29 15:46:23,442000,11.353
2026/04/29 15:46:23,443000,11.353
2026/04/29 15:46:23,444000,11.356
2026/04/29 15:46:23,445000,11.353
2026/04/29 15:46:23,446000,11.345
2026/04/29 15:46:23,447000,11.348
2026/04/29 15:46:23,448000,11.348
2026/04/29 15:46:23,449000,11.345
2026/04/29 15:46:23,450000,11.353
2026/04/29 15:46:23,451000,11.350
2026/04/29 15:46:23,452000,11.359
2026/04/29 15:46:23,453000,11.348
2026/04/29 15:46:23,454000,11.353
2026/04/29 15:46:23,455000,11.350
2026/04/29 15:46:23,456000,11.348
2026/04/29 15:46:23,457000,11.348
2026/04/29 15:46:23,458000,11.348
2026/04/29 15:46:23,459000,11.348
2026/04/29 15:46:23,460000,11.353
2026/04/29 15:46:23,461000,11.356
2026/04/29 15:46:23,462000,11.348
2026/04/29 15:46:23,463000,11.356
2026/04/29 15:46:23,464000,11.345
2026/04/29 15:46:23,465000,11.353
2026/04/29 15:46:23,466000,11.359
2026/04/29 15:46:23,467000,11.359
2026/04/29 15:46:23,468000,11.350
2026/04/29 15:46:23,469000,11.356
2026/04/29 15:46:23,470000,11.350
2026/04/29 15:46:23,471000,11.350
2026/04/29 15:46:23,472000,11.353
2026/04/29 15:46:23,473000,11.353
2026/04/29 15:46:23,474000,11.350
2026/04/29 15:46:23,475000,11.350
2026/04/29 15:46:23,476000,11.353
2026/04/29 15:46:23,477000,11.350
2026/04/29 15:46:23,478000,11.350
2026/04/29 15:46:23,479000,11.348
2026/04/29 15:46:23,480000,11.350
2026/04/29 15:46:23,481000,11.345
2026/04/29 15:46:23,482000,11.348
2026/04/29 15:46:23,483000,11.348
2026/04/29 15:46:23,484000,11.350
2026/04/29 15:46:23,485000,11.356
2026/04/29 15:46:23,486000,11.356
2026/04/29 15:46:23,487000,11.353
2026/04/29 15:46:23,488000,11.350
2026/04/29 15:46:23,489000,11.353
2026/04/29 15:46:23,490000,11.359
2026/04/29 15:46:23,491000,11.348
2026/04/29 15:46:23,492000,11.353
2026/04/29 15:46:23,493000,11.350
2026/04/29 15:46:23,494000,11.350
2026/04/29 15:46:23,495000,11.348
2026/04/29 15:46:23,496000,11.348
2026/04/29 15:46:23,497000,11.353
2026/04/29 15:46:23,498000,11.356
2026/04/29 15:46:23,499000,11.345
2026/04/29 15:46:23,500000,11.359
2026/04/29 15:46:23,501000,11.350
2026/04/29 15:46:23,502000,11.353
2026/04/29 15:46:23,503000,11.348
2026/04/29 15:46:23,504000,11.350
2026/04/29 15:46:23,505000,11.348
2026/04/29 15:46:23,506000,11.356
2026/04/29 15:46:23,507000,11.348
2026/04/29 15:46:23,508000,11.348
2026/04/29 15:46:23,509000,11.350
2026/04/29 15:46:23,510000,11.348
2026/04/29 15:46:23,511000,11.356
2026/04/29 15:46:23,512000,11.350
2026/04/29 15:46:23,513000,11.348
2026/04/29 15:46:23,514000,11.353
2026/04/29 15:46:23,515000,11.348
2026/04/29 15:46:23,516000,11.350
2026/04/29 15:46:23,517000,11.350
2026/04/29 15:46:23,518000,11.350
2026/04/29 15:46:23,519000,11.348
2026/04/29 15:46:23,520000,11.353
2026/04/29 15:46:23,521000,11.353
2026/04/29 15:46:23,522000,11.353
2026/04/29 15:46:23,523000,11.353
2026/04/29 15:46:23,524000,11.348
2026/04/29 15:46:23,525000,11.356
2026/04/29 15:46:23,526000,11.353
2026/04/29 15:46:23,527000,11.356
2026/04/29 15:46:23,528000,11.348
2026/04/29 15:46:23,529000,11.350
2026/04/29 15:46:23,530000,11.356
2026/04/29 15:46:23,531000,11.350
2026/04/29 15:46:23,532000,11.353
2026/04/29 15:46:23,533000,11.350
2026/04/29 15:46:23,534000,11.350
2026/04/29 15:46:23,535000,11.356
2026/04/29 15:46:23,536000,11.353
2026/04/29 15:46:23,537000,11.345
2026/04/29 15:46:23,538000,11.353
2026/04/29 15:46:23,539000,11.350
2026/04/29 15:46:23,540000,11.350
2026/04/29 15:46:23,541000,11.350
2026/04/29 15:46:23,542000,11.350
2026/04/29 15:46:23,543000,11.348
2026/04/29 15:46:23,544000,11.356
2026/04/29 15:46:23,545000,11.350
2026/04/29 15:46:23,546000,11.353
2026/04/29 15:46:23,547000,11.353
2026/04/29 15:46:23,548000,11.350
2026/04/29 15:46:23,549000,11.353
2026/04/29 15:46:23,550000,11.359
2026/04/29 15:46:23,551000,11.356
2026/04/29 15:46:23,552000,11.348
2026/04/29 15:46:23,553000,11.356
2026/04/29 15:46:23,554000,11.353
2026/04/29 15:46:23,555000,11.350
2026/04/29 15:46:23,556000,11.353
2026/04/29 15:46:23,557000,11.356
2026/04/29 15:46:23,558000,11.350
2026/04/29 15:46:23,559000,11.348
2026/04/29 15:46:23,560000,11.353
2026/04/29 15:46:23,561000,11.350
2026/04/29 15:46:23,562000,11.350
2026/04/29 15:46:23,563000,11.348
2026/04/29 15:46:23,564000,11.350
2026/04/29 15:46:23,565000,11.348
2026/04/29 15:46:23,566000,11.350
2026/04/29 15:46:23,567000,11.353
2026/04/29 15:46:23,568000,11.348
2026/04/29 15:46:23,569000,11.350
2026/04/29 15:46:23,570000,11.353
2026/04/29 15:46:23,571000,11.350
2026/04/29 15:46:23,572000,11.345
2026/04/29 15:46:23,573000,11.350
2026/04/29 15:46:23,574000,11.359
2026/04/29 15:46:23,575000,11.348
2026/04/29 15:46:23,576000,11.353
2026/04/29 15:46:23,577000,11.348
2026/04/29 15:46:23,578000,11.353
2026/04/29 15:46:23,579000,11.350
2026/04/29 15:46:23,580000,11.353
2026/04/29 15:46:23,581000,11.359
2026/04/29 15:46:23,582000,11.353
2026/04/29 15:46:23,583000,11.353
2026/04/29 15:46:23,584000,11.356
2026/04/29 15:46:23,585000,11.350
2026/04/29 15:46:23,586000,11.350
2026/04/29 15:46:23,587000,11.356
2026/04/29 15:46:23,588000,11.353
2026/04/29 15:46:23,589000,11.350
2026/04/29 15:46:23,590000,11.350
2026/04/29 15:46:23,591000,11.348
2026/04/29 15:46:23,592000,11.353
2026/04/29 15:46:23,593000,11.350
2026/04/29 15:46:23,594000,11.350
2026/04/29 15:46:23,595000,11.367
2026/04/29 15:46:23,596000,11.348
2026/04/29 15:46:23,597000,11.356
2026/04/29 15:46:23,598000,11.356
2026/04/29 15:46:23,599000,11.350
2026/04/29 15:46:23,600000,11.356
2026/04/29 15:46:23,601000,11.348
2026/04/29 15:46:23,602000,11.356
2026/04/29 15:46:23,603000,11.348
2026/04/29 15:46:23,604000,11.345
2026/04/29 15:46:23,605000,11.345
2026/04/29 15:46:23,606000,11.345
2026/04/29 15:46:23,607000,11.345
2026/04/29 15:46:23,608000,11.356
2026/04/29 15:46:23,609000,11.353
2026/04/29 15:46:23,610000,11.356
2026/04/29 15:46:23,611000,11.348
2026/04/29 15:46:23,612000,11.353
2026/04/29 15:46:23,613000,11.348
2026/04/29 15:46:23,614000,11.345
2026/04/29 15:46:23,615000,11.356
2026/04/29 15:46:23,616000,11.356
2026/04/29 15:46:23,617000,11.348
2026/04/29 15:46:23,618000,11.353
2026/04/29 15:46:23,619000,11.353
2026/04/29 15:46:23,620000,11.353
2026/04/29 15:46:23,621000,11.359
2026/04/29 15:46:23,622000,11.353
2026/04/29 15:46:23,623000,11.350
2026/04/29 15:46:23,624000,11.353
2026/04/29 15:46:23,625000,11.359
2026/04/29 15:46:23,626000,11.345
2026/04/29 15:46:23,627000,11.348
2026/04/29 15:46:23,628000,11.353
2026/04/29 15:46:23,629000,11.350
2026/04/29 15:46:23,630000,11.353
2026/04/29 15:46:23,631000,11.348
2026/04/29 15:46:23,632000,11.345
2026/04/29 15:46:23,633000,11.353
2026/04/29 15:46:23,634000,11.348
2026/04/29 15:46:23,635000,11.362
2026/04/29 15:46:23,636000,11.353
2026/04/29 15:46:23,637000,11.350
2026/04/29 15:46:23,638000,11.359
2026/04/29 15:46:23,639000,11.353
2026/04/29 15:46:23,640000,11.350
2026/04/29 15:46:23,641000,11.353
2026/04/29 15:46:23,642000,11.362
2026/04/29 15:46:23,643000,11.353
2026/04/29 15:46:23,644000,11.350
2026/04/29 15:46:23,645000,11.350
2026/04/29 15:46:23,646000,11.350
2026/04/29 15:46:23,647000,11.356
2026/04/29 15:46:23,648000,11.353
2026/04/29 15:46:23,649000,11.359
2026/04/29 15:46:23,650000,11.353
2026/04/29 15:46:23,651000,11.348
2026/04/29 15:46:23,652000,11.348
2026/04/29 15:46:23,653000,11.353
2026/04/29 15:46:23,654000,11.350
2026/04/29 15:46:23,655000,11.350
2026/04/29 15:46:23,656000,11.353
2026/04/29 15:46:23,657000,11.350
2026/04/29 15:46:23,658000,11.350
2026/04/29 15:46:23,659000,11.353
2026/04/29 15:46:23,660000,11.353
2026/04/29 15:46:23,661000,11.353
2026/04/29 15:46:23,662000,11.345
2026/04/29 15:46:23,663000,11.350
2026/04/29 15:46:23,664000,11.350
2026/04/29 15:46:23,665000,11.356
2026/04/29 15:46:23,666000,11.348
2026/04/29 15:46:23,667000,11.345
2026/04/29 15:46:23,668000,11.350
2026/04/29 15:46:23,669000,11.353
2026/04/29 15:46:23,670000,11.345
2026/04/29 15:46:23,671000,11.356
2026/04/29 15:46:23,672000,11.353
2026/04/29 15:46:23,673000,11.348
2026/04/29 15:46:23,674000,11.350
2026/04/29 15:46:23,675000,11.350
2026/04/29 15:46:23,676000,11.350
2026/04/29 15:46:23,677000,11.356
2026/04/29 15:46:23,678000,11.350
2026/04/29 15:46:23,679000,11.350
2026/04/29 15:46:23,680000,11.353
2026/04/29 15:46:23,681000,11.348
2026/04/29 15:46:23,682000,11.353
2026/04/29 15:46:23,683000,11.356
2026/04/29 15:46:23,684000,11.353
2026/04/29 15:46:23,685000,11.353
2026/04/29 15:46:23,686000,11.356
2026/04/29 15:46:23,687000,11.356
2026/04/29 15:46:23,688000,11.350
2026/04/29 15:46:23,689000,11.350
2026/04/29 15:46:23,690000,11.353
2026/04/29 15:46:23,691000,11.345
2026/04/29 15:46:23,692000,11.348
2026/04/29 15:46:23,693000,11.353
2026/04/29 15:46:23,694000,11.345
2026/04/29 15:46:23,695000,11.350
2026/04/29 15:46:23,696000,11.350
2026/04/29 15:46:23,697000,11.356
2026/04/29 15:46:23,698000,11.353
2026/04/29 15:46:23,699000,11.348
2026/04/29 15:46:23,700000,11.353
2026/04/29 15:46:23,701000,11.342
2026/04/29 15:46:23,702000,11.348
2026/04/29 15:46:23,703000,11.348
2026/04/29 15:46:23,704000,11.348
2026/04/29 15:46:23,705000,11.350
2026/04/29 15:46:23,706000,11.356
2026/04/29 15:46:23,707000,11.348
2026/04/29 15:46:23,708000,11.350
2026/04/29 15:46:23,709000,11.345
2026/04/29 15:46:23,710000,11.350
2026/04/29 15:46:23,711000,11.353
2026/04/29 15:46:23,712000,11.348
2026/04/29 15:46:23,713000,11.350
2026/04/29 15:46:23,714000,11.348
2026/04/29 15:46:23,715000,11.348
2026/04/29 15:46:23,716000,11.348
2026/04/29 15:46:23,717000,11.353
2026/04/29 15:46:23,718000,11.345
2026/04/29 15:46:23,719000,11.353
2026/04/29 15:46:23,720000,11.356
2026/04/29 15:46:23,721000,11.348
2026/04/29 15:46:23,722000,11.350
2026/04/29 15:46:23,723000,11.350
2026/04/29 15:46:23,724000,11.353
2026/04/29 15:46:23,725000,11.350
2026/04/29 15:46:23,726000,11.345
2026/04/29 15:46:23,727000,11.350
2026/04/29 15:46:23,728000,11.350
2026/04/29 15:46:23,729000,11.348
2026/04/29 15:46:23,730000,11.348
2026/04/29 15:46:23,731000,11.345
2026/04/29 15:46:23,732000,11.350
2026/04/29 15:46:23,733000,11.342
2026/04/29 15:46:23,734000,11.345
2026/04/29 15:46:23,735000,11.348
2026/04/29 15:46:23,736000,11.350
2026/04/29 15:46:23,737000,11.348
2026/04/29 15:46:23,738000,11.345
2026/04/29 15:46:23,739000,11.342
2026/04/29 15:46:23,740000,11.350
2026/04/29 15:46:23,741000,11.353
2026/04/29 15:46:23,742000,11.350
2026/04/29 15:46:23,743000,11.356
2026/04/29 15:46:23,744000,11.350
2026/04/29 15:46:23,745000,11.348
2026/04/29 15:46:23,746000,11.345
2026/04/29 15:46:23,747000,11.348
2026/04/29 15:46:23,748000,11.345
2026/04/29 15:46:23,749000,11.348
2026/04/29 15:46:23,750000,11.345
2026/04/29 15:46:23,751000,11.348
2026/04/29 15:46:23,752000,11.345
2026/04/29 15:46:23,753000,11.353
2026/04/29 15:46:23,754000,11.339
2026/04/29 15:46:23,755000,11.348
2026/04/29 15:46:23,756000,11.348
2026/04/29 15:46:23,757000,11.345
2026/04/29 15:46:23,758000,11.350
2026/04/29 15:46:23,759000,11.353
2026/04/29 15:46:23,760000,11.345
2026/04/29 15:46:23,761000,11.345
2026/04/29 15:46:23,762000,11.345
2026/04/29 15:46:23,763000,11.345
2026/04/29 15:46:23,764000,11.348
2026/04/29 15:46:23,765000,11.353
2026/04/29 15:46:23,766000,11.345
2026/04/29 15:46:23,767000,11.350
2026/04/29 15:46:23,768000,11.348
2026/04/29 15:46:23,769000,11.348
2026/04/29 15:46:23,770000,11.348
2026/04/29 15:46:23,771000,11.350
2026/04/29 15:46:23,772000,11.350
2026/04/29 15:46:23,773000,11.350
2026/04/29 15:46:23,774000,11.345
2026/04/29 15:46:23,775000,11.345
2026/04/29 15:46:23,776000,11.334
2026/04/29 15:46:23,777000,11.348
2026/04/29 15:46:23,778000,11.348
2026/04/29 15:46:23,779000,11.345
2026/04/29 15:46:23,780000,11.342
2026/04/29 15:46:23,781000,11.350
2026/04/29 15:46:23,782000,11.348
2026/04/29 15:46:23,783000,11.348
2026/04/29 15:46:23,784000,11.350
2026/04/29 15:46:23,785000,11.348
2026/04/29 15:46:23,786000,11.348
2026/04/29 15:46:23,787000,11.348
2026/04/29 15:46:23,788000,11.348
2026/04/29 15:46:23,789000,11.345
2026/04/29 15:46:23,790000,11.350
2026/04/29 15:46:23,791000,11.345
2026/04/29 15:46:23,792000,11.353
2026/04/29 15:46:23,793000,11.348
2026/04/29 15:46:23,794000,11.353
2026/04/29 15:46:23,795000,11.353
2026/04/29 15:46:23,796000,11.350
2026/04/29 15:46:23,797000,11.342
2026/04/29 15:46:23,798000,11.345
2026/04/29 15:46:23,799000,11.353
2026/04/29 15:46:23,800000,11.348
2026/04/29 15:46:23,801000,11.356
2026/04/29 15:46:23,802000,11.348
2026/04/29 15:46:23,803000,11.356
2026/04/29 15:46:23,804000,11.345
2026/04/29 15:46:23,805000,11.342
2026/04/29 15:46:23,806000,11.350
2026/04/29 15:46:23,807000,11.348
2026/04/29 15:46:23,808000,11.348
2026/04/29 15:46:23,809000,11.350
2026/04/29 15:46:23,810000,11.345
2026/04/29 15:46:23,811000,11.348
2026/04/29 15:46:23,812000,11.350
2026/04/29 15:46:23,813000,11.348
2026/04/29 15:46:23,814000,11.348
2026/04/29 15:46:23,815000,11.350
2026/04/29 15:46:23,816000,11.348
2026/04/29 15:46:23,817000,11.342
2026/04/29 15:46:23,818000,11.345
2026/04/29 15:46:23,819000,11.348
2026/04/29 15:46:23,820000,11.350
2026/04/29 15:46:23,821000,11.348
2026/04/29 15:46:23,822000,11.350
2026/04/29 15:46:23,823000,11.345
2026/04/29 15:46:23,824000,11.342
2026/04/29 15:46:23,825000,11.353
2026/04/29 15:46:23,826000,11.356
2026/04/29 15:46:23,827000,11.345
2026/04/29 15:46:23,828000,11.348
2026/04/29 15:46:23,829000,11.348
2026/04/29 15:46:23,830000,11.356
2026/04/29 15:46:23,831000,11.350
2026/04/29 15:46:23,832000,11.350
2026/04/29 15:46:23,833000,11.353
2026/04/29 15:46:23,834000,11.345
2026/04/29 15:46:23,835000,11.350
2026/04/29 15:46:23,836000,11.353
2026/04/29 15:46:23,837000,11.359
2026/04/29 15:46:23,838000,11.345
2026/04/29 15:46:23,839000,11.356
2026/04/29 15:46:23,840000,11.353
2026/04/29 15:46:23,841000,11.348
2026/04/29 15:46:23,842000,11.353
2026/04/29 15:46:23,843000,11.356
2026/04/29 15:46:23,844000,11.348
2026/04/29 15:46:23,845000,11.348
2026/04/29 15:46:23,846000,11.353
2026/04/29 15:46:23,847000,11.350
2026/04/29 15:46:23,848000,11.348
2026/04/29 15:46:23,849000,11.350
2026/04/29 15:46:23,850000,11.350
2026/04/29 15:46:23,851000,11.348
2026/04/29 15:46:23,852000,11.350
2026/04/29 15:46:23,853000,11.353
2026/04/29 15:46:23,854000,11.353
2026/04/29 15:46:23,855000,11.356
2026/04/29 15:46:23,856000,11.345
2026/04/29 15:46:23,857000,11.353
2026/04/29 15:46:23,858000,11.353
2026/04/29 15:46:23,859000,11.356
2026/04/29 15:46:23,860000,11.350
2026/04/29 15:46:23,861000,11.350
2026/04/29 15:46:23,862000,11.353
2026/04/29 15:46:23,863000,11.350
2026/04/29 15:46:23,864000,11.356
2026/04/29 15:46:23,865000,11.350
2026/04/29 15:46:23,866000,11.345
2026/04/29 15:46:23,867000,11.359
2026/04/29 15:46:23,868000,11.350
2026/04/29 15:46:23,869000,11.339
2026/04/29 15:46:23,870000,11.353
2026/04/29 15:46:23,871000,11.345
2026/04/29 15:46:23,872000,11.350
2026/04/29 15:46:23,873000,11.356
2026/04/29 15:46:23,874000,11.348
2026/04/29 15:46:23,875000,11.356
2026/04/29 15:46:23,876000,11.345
2026/04/29 15:46:23,877000,11.345
2026/04/29 15:46:23,878000,11.348
2026/04/29 15:46:23,879000,11.350
2026/04/29 15:46:23,880000,11.348
2026/04/29 15:46:23,881000,11.348
2026/04/29 15:46:23,882000,11.350
2026/04/29 15:46:23,883000,11.348
2026/04/29 15:46:23,884000,11.350
2026/04/29 15:46:23,885000,11.353
2026/04/29 15:46:23,886000,11.348
2026/04/29 15:46:23,887000,11.336
2026/04/29 15:46:23,888000,11.348
2026/04/29 15:46:23,889000,11.348
2026/04/29 15:46:23,890000,11.350
2026/04/29 15:46:23,891000,11.345
2026/04/29 15:46:23,892000,11.356
2026/04/29 15:46:23,893000,11.348
2026/04/29 15:46:23,894000,11.353
2026/04/29 15:46:23,895000,11.348
2026/04/29 15:46:23,896000,11.348
2026/04/29 15:46:23,897000,11.345
2026/04/29 15:46:23,898000,11.342
2026/04/29 15:46:23,899000,11.350
2026/04/29 15:46:23,900000,11.342
2026/04/29 15:46:23,901000,11.350
2026/04/29 15:46:23,902000,11.356
2026/04/29 15:46:23,903000,11.348
2026/04/29 15:46:23,904000,11.345
2026/04/29 15:46:23,905000,11.353
2026/04/29 15:46:23,906000,11.345
2026/04/29 15:46:23,907000,11.350
2026/04/29 15:46:23,908000,11.353
2026/04/29 15:46:23,909000,11.342
2026/04/29 15:46:23,910000,11.345
2026/04/29 15:46:23,911000,11.353
2026/04/29 15:46:23,912000,11.348
2026/04/29 15:46:23,913000,11.342
2026/04/29 15:46:23,914000,11.345
2026/04/29 15:46:23,915000,11.345
2026/04/29 15:46:23,916000,11.350
2026/04/29 15:46:23,917000,11.348
2026/04/29 15:46:23,918000,11.348
2026/04/29 15:46:23,919000,11.350
2026/04/29 15:46:23,920000,11.348
2026/04/29 15:46:23,921000,11.348
2026/04/29 15:46:23,922000,11.348
2026/04/29 15:46:23,923000,11.348
2026/04/29 15:46:23,924000,11.364
2026/04/29 15:46:23,925000,11.348
2026/04/29 15:46:23,926000,11.345
2026/04/29 15:46:23,927000,11.345
2026/04/29 15:46:23,928000,11.353
2026/04/29 15:46:23,929000,11.348
2026/04/29 15:46:23,930000,11.350
2026/04/29 15:46:23,931000,11.350
2026/04/29 15:46:23,932000,11.348
2026/04/29 15:46:23,933000,11.342
2026/04/29 15:46:23,934000,11.348
2026/04/29 15:46:23,935000,11.345
2026/04/29 15:46:23,936000,11.345
2026/04/29 15:46:23,937000,11.348
2026/04/29 15:46:23,938000,11.350
2026/04/29 15:46:23,939000,11.342
2026/04/29 15:46:23,940000,11.348
2026/04/29 15:46:23,941000,11.348
2026/04/29 15:46:23,942000,11.348
2026/04/29 15:46:23,943000,11.348
2026/04/29 15:46:23,944000,11.348
2026/04/29 15:46:23,945000,11.353
2026/04/29 15:46:23,946000,11.345
2026/04/29 15:46:23,947000,11.345
2026/04/29 15:46:23,948000,11.350
2026/04/29 15:46:23,949000,11.350
2026/04/29 15:46:23,950000,11.348
2026/04/29 15:46:23,951000,11.348
2026/04/29 15:46:23,952000,11.345
2026/04/29 15:46:23,953000,11.348
2026/04/29 15:46:23,954000,11.345
2026/04/29 15:46:23,955000,11.350
2026/04/29 15:46:23,956000,11.348
2026/04/29 15:46:23,957000,11.345
2026/04/29 15:46:23,958000,11.348
2026/04/29 15:46:23,959000,11.348
2026/04/29 15:46:23,960000,11.348
2026/04/29 15:46:23,961000,11.348
2026/04/29 15:46:23,962000,11.353
2026/04/29 15:46:23,963000,11.350
2026/04/29 15:46:23,964000,11.353
2026/04/29 15:46:23,965000,11.345
2026/04/29 15:46:23,966000,11.345
2026/04/29 15:46:23,967000,11.350
2026/04/29 15:46:23,968000,11.345
2026/04/29 15:46:23,969000,11.350
2026/04/29 15:46:23,970000,11.339
2026/04/29 15:46:23,971000,11.342
2026/04/29 15:46:23,972000,11.348
2026/04/29 15:46:23,973000,11.348
2026/04/29 15:46:23,974000,11.348
2026/04/29 15:46:23,975000,11.348
2026/04/29 15:46:23,976000,11.345
2026/04/29 15:46:23,977000,11.345
2026/04/29 15:46:23,978000,11.342
2026/04/29 15:46:23,979000,11.345
2026/04/29 15:46:23,980000,11.356
2026/04/29 15:46:23,981000,11.345
2026/04/29 15:46:23,982000,11.350
2026/04/29 15:46:23,983000,11.348
2026/04/29 15:46:23,984000,11.350
2026/04/29 15:46:23,985000,11.345
2026/04/29 15:46:23,986000,11.342
2026/04/29 15:46:23,987000,11.345
2026/04/29 15:46:23,988000,11.348
2026/04/29 15:46:23,989000,11.356
2026/04/29 15:46:23,990000,11.350
2026/04/29 15:46:23,991000,11.350
2026/04/29 15:46:23,992000,11.350
2026/04/29 15:46:23,993000,11.353
2026/04/29 15:46:23,994000,11.342
2026/04/29 15:46:23,995000,11.348
2026/04/29 15:46:23,996000,11.348
2026/04/29 15:46:23,997000,11.356
2026/04/29 15:46:23,998000,11.348
2026/04/29 15:46:23,999000,11.348
2026/04/29 15:46:24,000000,11.350
2026/04/29 15:46:24,001000,11.348
2026/04/29 15:46:24,002000,11.353
2026/04/29 15:46:24,003000,11.345
2026/04/29 15:46:24,004000,11.348
2026/04/29 15:46:24,005000,11.348
2026/04/29 15:46:24,006000,11.345
2026/04/29 15:46:24,007000,11.348
2026/04/29 15:46:24,008000,11.345
2026/04/29 15:46:24,009000,11.345
2026/04/29 15:46:24,010000,11.336
2026/04/29 15:46:24,011000,11.350
2026/04/29 15:46:24,012000,11.345
2026/04/29 15:46:24,013000,11.348
2026/04/29 15:46:24,014000,11.356
2026/04/29 15:46:24,015000,11.356
2026/04/29 15:46:24,016000,11.345
2026/04/29 15:46:24,017000,11.350
2026/04/29 15:46:24,018000,11.353
2026/04/29 15:46:24,019000,11.348
2026/04/29 15:46:24,020000,11.345
2026/04/29 15:46:24,021000,11.353
2026/04/29 15:46:24,022000,11.350
2026/04/29 15:46:24,023000,11.348
2026/04/29 15:46:24,024000,11.350
2026/04/29 15:46:24,025000,11.348
2026/04/29 15:46:24,026000,11.356
2026/04/29 15:46:24,027000,11.350
2026/04/29 15:46:24,028000,11.345
2026/04/29 15:46:24,029000,11.350
2026/04/29 15:46:24,030000,11.356
2026/04/29 15:46:24,031000,11.356
2026/04/29 15:46:24,032000,11.348
2026/04/29 15:46:24,033000,11.353
2026/04/29 15:46:24,034000,11.356
2026/04/29 15:46:24,035000,11.350
2026/04/29 15:46:24,036000,11.359
2026/04/29 15:46:24,037000,11.350
2026/04/29 15:46:24,038000,11.350
2026/04/29 15:46:24,039000,11.356
2026/04/29 15:46:24,040000,11.356
2026/04/29 15:46:24,041000,11.350
2026/04/29 15:46:24,042000,11.350
2026/04/29 15:46:24,043000,11.356
2026/04/29 15:46:24,044000,11.350
2026/04/29 15:46:24,045000,11.345
2026/04/29 15:46:24,046000,11.350
2026/04/29 15:46:24,047000,11.350
2026/04/29 15:46:24,048000,11.350
2026/04/29 15:46:24,049000,11.359
2026/04/29 15:46:24,050000,11.350
2026/04/29 15:46:24,051000,11.350
2026/04/29 15:46:24,052000,11.350
2026/04/29 15:46:24,053000,11.353
2026/04/29 15:46:24,054000,11.348
2026/04/29 15:46:24,055000,11.353
2026/04/29 15:46:24,056000,11.350
2026/04/29 15:46:24,057000,11.353
2026/04/29 15:46:24,058000,11.353
2026/04/29 15:46:24,059000,11.353
2026/04/29 15:46:24,060000,11.350
2026/04/29 15:46:24,061000,11.353
2026/04/29 15:46:24,062000,11.348
2026/04/29 15:46:24,063000,11.348
2026/04/29 15:46:24,064000,11.353
2026/04/29 15:46:24,065000,11.350
2026/04/29 15:46:24,066000,11.350
2026/04/29 15:46:24,067000,11.353
2026/04/29 15:46:24,068000,11.350
2026/04/29 15:46:24,069000,11.342
2026/04/29 15:46:24,070000,11.342
2026/04/29 15:46:24,071000,11.350
2026/04/29 15:46:24,072000,11.359
2026/04/29 15:46:24,073000,11.348
2026/04/29 15:46:24,074000,11.348
2026/04/29 15:46:24,075000,11.348
2026/04/29 15:46:24,076000,11.353
2026/04/29 15:46:24,077000,11.350
2026/04/29 15:46:24,078000,11.350
2026/04/29 15:46:24,079000,11.348
2026/04/29 15:46:24,080000,11.348
2026/04/29 15:46:24,081000,11.348
2026/04/29 15:46:24,082000,11.348
2026/04/29 15:46:24,083000,11.350
2026/04/29 15:46:24,084000,11.350
2026/04/29 15:46:24,085000,11.350
2026/04/29 15:46:24,086000,11.348
2026/04/29 15:46:24,087000,11.350
2026/04/29 15:46:24,088000,11.348
2026/04/29 15:46:24,089000,11.345
2026/04/29 15:46:24,090000,11.350
2026/04/29 15:46:24,091000,11.348
2026/04/29 15:46:24,092000,11.350
2026/04/29 15:46:24,093000,11.350
2026/04/29 15:46:24,094000,11.350
2026/04/29 15:46:24,095000,11.350
2026/04/29 15:46:24,096000,11.350
2026/04/29 15:46:24,097000,11.345
2026/04/29 15:46:24,098000,11.350
2026/04/29 15:46:24,099000,11.342
2026/04/29 15:46:24,100000,11.348
2026/04/29 15:46:24,101000,11.350
2026/04/29 15:46:24,102000,11.348
2026/04/29 15:46:24,103000,11.342
2026/04/29 15:46:24,104000,11.348
2026/04/29 15:46:24,105000,11.350
2026/04/29 15:46:24,106000,11.345
2026/04/29 15:46:24,107000,11.348
2026/04/29 15:46:24,108000,11.342
2026/04/29 15:46:24,109000,11.348
2026/04/29 15:46:24,110000,11.342
2026/04/29 15:46:24,111000,11.348
2026/04/29 15:46:24,112000,11.345
2026/04/29 15:46:24,113000,11.345
2026/04/29 15:46:24,114000,11.342
2026/04/29 15:46:24,115000,11.348
2026/04/29 15:46:24,116000,11.348
2026/04/29 15:46:24,117000,11.350
2026/04/29 15:46:24,118000,11.345
2026/04/29 15:46:24,119000,11.339
2026/04/29 15:46:24,120000,11.345
2026/04/29 15:46:24,121000,11.342
2026/04/29 15:46:24,122000,11.348
2026/04/29 15:46:24,123000,11.345
2026/04/29 15:46:24,124000,11.348
2026/04/29 15:46:24,125000,11.348
2026/04/29 15:46:24,126000,11.350
2026/04/29 15:46:24,127000,11.348
2026/04/29 15:46:24,128000,11.348
2026/04/29 15:46:24,129000,11.348
2026/04/29 15:46:24,130000,11.345
2026/04/29 15:46:24,131000,11.356
2026/04/29 15:46:24,132000,11.345
2026/04/29 15:46:24,133000,11.348
2026/04/29 15:46:24,134000,11.345
2026/04/29 15:46:24,135000,11.342
2026/04/29 15:46:24,136000,11.348
2026/04/29 15:46:24,137000,11.334
2026/04/29 15:46:24,138000,11.342
2026/04/29 15:46:24,139000,11.348
2026/04/29 15:46:24,140000,11.348
2026/04/29 15:46:24,141000,11.353
2026/04/29 15:46:24,142000,11.345
2026/04/29 15:46:24,143000,11.345
2026/04/29 15:46:24,144000,11.342
2026/04/29 15:46:24,145000,11.348
2026/04/29 15:46:24,146000,11.345
2026/04/29 15:46:24,147000,11.342
2026/04/29 15:46:24,148000,11.348
2026/04/29 15:46:24,149000,11.350
2026/04/29 15:46:24,150000,11.345
2026/04/29 15:46:24,151000,11.348
2026/04/29 15:46:24,152000,11.350
2026/04/29 15:46:24,153000,11.348
2026/04/29 15:46:24,154000,11.348
2026/04/29 15:46:24,155000,11.342
2026/04/29 15:46:24,156000,11.345
2026/04/29 15:46:24,157000,11.348
2026/04/29 15:46:24,158000,11.353
2026/04/29 15:46:24,159000,11.350
2026/04/29 15:46:24,160000,11.350
2026/04/29 15:46:24,161000,11.350
2026/04/29 15:46:24,162000,11.350
2026/04/29 15:46:24,163000,11.348
2026/04/29 15:46:24,164000,11.350
2026/04/29 15:46:24,165000,11.350
2026/04/29 15:46:24,166000,11.348
2026/04/29 15:46:24,167000,11.342
2026/04/29 15:46:24,168000,11.350
2026/04/29 15:46:24,169000,11.336
2026/04/29 15:46:24,170000,11.348
2026/04/29 15:46:24,171000,11.350
2026/04/29 15:46:24,172000,11.353
2026/04/29 15:46:24,173000,11.342
2026/04/29 15:46:24,174000,11.348
2026/04/29 15:46:24,175000,11.345
2026/04/29 15:46:24,176000,11.342
2026/04/29 15:46:24,177000,11.342
2026/04/29 15:46:24,178000,11.348
2026/04/29 15:46:24,179000,11.348
2026/04/29 15:46:24,180000,11.348
2026/04/29 15:46:24,181000,11.345
2026/04/29 15:46:24,182000,11.342
2026/04/29 15:46:24,183000,11.345
2026/04/29 15:46:24,184000,11.345
2026/04/29 15:46:24,185000,11.348
2026/04/29 15:46:24,186000,11.345
2026/04/29 15:46:24,187000,11.345
2026/04/29 15:46:24,188000,11.345
2026/04/29 15:46:24,189000,11.353
2026/04/29 15:46:24,190000,11.342
2026/04/29 15:46:24,191000,11.345
2026/04/29 15:46:24,192000,11.348
2026/04/29 15:46:24,193000,11.345
2026/04/29 15:46:24,194000,11.353
2026/04/29 15:46:24,195000,11.350
2026/04/29 15:46:24,196000,11.348
2026/04/29 15:46:24,197000,11.345
2026/04/29 15:46:24,198000,11.348
2026/04/29 15:46:24,199000,11.350
2026/04/29 15:46:24,200000,11.342
2026/04/29 15:46:24,201000,11.348
2026/04/29 15:46:24,202000,11.348
2026/04/29 15:46:24,203000,11.350
2026/04/29 15:46:24,204000,11.339
2026/04/29 15:46:24,205000,11.356
2026/04/29 15:46:24,206000,11.348
2026/04/29 15:46:24,207000,11.348
2026/04/29 15:46:24,208000,11.345
2026/04/29 15:46:24,209000,11.345
2026/04/29 15:46:24,210000,11.345
2026/04/29 15:46:24,211000,11.350
2026/04/29 15:46:24,212000,11.336
2026/04/29 15:46:24,213000,11.345
2026/04/29 15:46:24,214000,11.350
2026/04/29 15:46:24,215000,11.348
2026/04/29 15:46:24,216000,11.345
2026/04/29 15:46:24,217000,11.342
2026/04/29 15:46:24,218000,11.345
2026/04/29 15:46:24,219000,11.350
2026/04/29 15:46:24,220000,11.345
2026/04/29 15:46:24,221000,11.345
2026/04/29 15:46:24,222000,11.342
2026/04/29 15:46:24,223000,11.342
2026/04/29 15:46:24,224000,11.342
2026/04/29 15:46:24,225000,11.345
2026/04/29 15:46:24,226000,11.348
2026/04/29 15:46:24,227000,11.350
2026/04/29 15:46:24,228000,11.345
2026/04/29 15:46:24,229000,11.348
2026/04/29 15:46:24,230000,11.348
2026/04/29 15:46:24,231000,11.345
2026/04/29 15:46:24,232000,11.348
2026/04/29 15:46:24,233000,11.342
2026/04/29 15:46:24,234000,11.348
2026/04/29 15:46:24,235000,11.348
2026/04/29 15:46:24,236000,11.348
2026/04/29 15:46:24,237000,11.336
2026/04/29 15:46:24,238000,11.342
2026/04/29 15:46:24,239000,11.345
2026/04/29 15:46:24,240000,11.348
2026/04/29 15:46:24,241000,11.342
2026/04/29 15:46:24,242000,11.345
2026/04/29 15:46:24,243000,11.348
2026/04/29 15:46:24,244000,11.339
2026/04/29 15:46:24,245000,11.345
2026/04/29 15:46:24,246000,11.348
2026/04/29 15:46:24,247000,11.348
2026/04/29 15:46:24,248000,11.353
2026/04/29 15:46:24,249000,11.345
2026/04/29 15:46:24,250000,11.348
2026/04/29 15:46:24,251000,11.348
2026/04/29 15:46:24,252000,11.342
2026/04/29 15:46:24,253000,11.348
2026/04/29 15:46:24,254000,11.350
2026/04/29 15:46:24,255000,11.348
2026/04/29 15:46:24,256000,11.342
2026/04/29 15:46:24,257000,11.339
2026/04/29 15:46:24,258000,11.348
2026/04/29 15:46:24,259000,11.348
2026/04/29 15:46:24,260000,11.348
2026/04/29 15:46:24,261000,11.345
2026/04/29 15:46:24,262000,11.348
2026/04/29 15:46:24,263000,11.350
2026/04/29 15:46:24,264000,11.348
2026/04/29 15:46:24,265000,11.345
2026/04/29 15:46:24,266000,11.348
2026/04/29 15:46:24,267000,11.345
2026/04/29 15:46:24,268000,11.348
2026/04/29 15:46:24,269000,11.348
2026/04/29 15:46:24,270000,11.348
2026/04/29 15:46:24,271000,11.348
2026/04/29 15:46:24,272000,11.350
2026/04/29 15:46:24,273000,11.345
2026/04/29 15:46:24,274000,11.350
2026/04/29 15:46:24,275000,11.348
2026/04/29 15:46:24,276000,11.350
2026/04/29 15:46:24,277000,11.348
2026/04/29 15:46:24,278000,11.342
2026/04/29 15:46:24,279000,11.348
2026/04/29 15:46:24,280000,11.345
2026/04/29 15:46:24,281000,11.339
2026/04/29 15:46:24,282000,11.348
2026/04/29 15:46:24,283000,11.348
2026/04/29 15:46:24,284000,11.345
2026/04/29 15:46:24,285000,11.345
2026/04/29 15:46:24,286000,11.345
2026/04/29 15:46:24,287000,11.348
2026/04/29 15:46:24,288000,11.345
2026/04/29 15:46:24,289000,11.348
2026/04/29 15:46:24,290000,11.345
2026/04/29 15:46:24,291000,11.339
2026/04/29 15:46:24,292000,11.348
2026/04/29 15:46:24,293000,11.345
2026/04/29 15:46:24,294000,11.345
2026/04/29 15:46:24,295000,11.348
2026/04/29 15:46:24,296000,11.342
2026/04/29 15:46:24,297000,11.350
2026/04/29 15:46:24,298000,11.345
2026/04/29 15:46:24,299000,11.350
2026/04/29 15:46:24,300000,11.353
2026/04/29 15:46:24,301000,11.348
2026/04/29 15:46:24,302000,11.348
2026/04/29 15:46:24,303000,11.345
2026/04/29 15:46:24,304000,11.342
2026/04/29 15:46:24,305000,11.345
2026/04/29 15:46:24,306000,11.348
2026/04/29 15:46:24,307000,11.350
2026/04/29 15:46:24,308000,11.345
2026/04/29 15:46:24,309000,11.342
2026/04/29 15:46:24,310000,11.350
2026/04/29 15:46:24,311000,11.336
2026/04/29 15:46:24,312000,11.345
2026/04/29 15:46:24,313000,11.348
2026/04/29 15:46:24,314000,11.348
2026/04/29 15:46:24,315000,11.348
2026/04/29 15:46:24,316000,11.345
2026/04/29 15:46:24,317000,11.348
2026/04/29 15:46:24,318000,11.348
2026/04/29 15:46:24,319000,11.350
2026/04/29 15:46:24,320000,11.353
2026/04/29 15:46:24,321000,11.348
2026/04/29 15:46:24,322000,11.348
2026/04/29 15:46:24,323000,11.348
2026/04/29 15:46:24,324000,11.345
2026/04/29 15:46:24,325000,11.356
2026/04/29 15:46:24,326000,11.350
2026/04/29 15:46:24,327000,11.350
2026/04/29 15:46:24,328000,11.348
2026/04/29 15:46:24,329000,11.350
2026/04/29 15:46:24,330000,11.348
2026/04/29 15:46:24,331000,11.348
2026/04/29 15:46:24,332000,11.339
2026/04/29 15:46:24,333000,11.345
2026/04/29 15:46:24,334000,11.348
2026/04/29 15:46:24,335000,11.345
2026/04/29 15:46:24,336000,11.342
2026/04/29 15:46:24,337000,11.348
2026/04/29 15:46:24,338000,11.348
2026/04/29 15:46:24,339000,11.350
2026/04/29 15:46:24,340000,11.345
2026/04/29 15:46:24,341000,11.350
2026/04/29 15:46:24,342000,11.345
2026/04/29 15:46:24,343000,11.350
2026/04/29 15:46:24,344000,11.348
2026/04/29 15:46:24,345000,11.348
2026/04/29 15:46:24,346000,11.336
2026/04/29 15:46:24,347000,11.348
2026/04/29 15:46:24,348000,11.345
2026/04/29 15:46:24,349000,11.342
2026/04/29 15:46:24,350000,11.348
2026/04/29 15:46:24,351000,11.345
2026/04/29 15:46:24,352000,11.348
2026/04/29 15:46:24,353000,11.345
2026/04/29 15:46:24,354000,11.345
2026/04/29 15:46:24,355000,11.348
2026/04/29 15:46:24,356000,11.356
2026/04/29 15:46:24,357000,11.350
2026/04/29 15:46:24,358000,11.350
2026/04/29 15:46:24,359000,11.348
2026/04/29 15:46:24,360000,11.345
2026/04/29 15:46:24,361000,11.345
2026/04/29 15:46:24,362000,11.348
2026/04/29 15:46:24,363000,11.353
2026/04/29 15:46:24,364000,11.345
2026/04/29 15:46:24,365000,11.348
2026/04/29 15:46:24,366000,11.348
2026/04/29 15:46:24,367000,11.350
2026/04/29 15:46:24,368000,11.348
2026/04/29 15:46:24,369000,11.342
2026/04/29 15:46:24,370000,11.345
2026/04/29 15:46:24,371000,11.345
2026/04/29 15:46:24,372000,11.345
2026/04/29 15:46:24,373000,11.348
2026/04/29 15:46:24,374000,11.348
2026/04/29 15:46:24,375000,11.345
2026/04/29 15:46:24,376000,11.350
2026/04/29 15:46:24,377000,11.348
2026/04/29 15:46:24,378000,11.345
2026/04/29 15:46:24,379000,11.345
2026/04/29 15:46:24,380000,11.350
2026/04/29 15:46:24,381000,11.353
2026/04/29 15:46:24,382000,11.348
2026/04/29 15:46:24,383000,11.350
2026/04/29 15:46:24,384000,11.345
2026/04/29 15:46:24,385000,11.348
2026/04/29 15:46:24,386000,11.350
2026/04/29 15:46:24,387000,11.348
2026/04/29 15:46:24,388000,11.345
2026/04/29 15:46:24,389000,11.348
2026/04/29 15:46:24,390000,11.345
2026/04/29 15:46:24,391000,11.345
2026/04/29 15:46:24,392000,11.345
2026/04/29 15:46:24,393000,11.348
2026/04/29 15:46:24,394000,11.348
2026/04/29 15:46:24,395000,11.342
2026/04/29 15:46:24,396000,11.348
2026/04/29 15:46:24,397000,11.342
2026/04/29 15:46:24,398000,11.348
2026/04/29 15:46:24,399000,11.348
2026/04/29 15:46:24,400000,11.348
2026/04/29 15:46:24,401000,11.350
2026/04/29 15:46:24,402000,11.345
2026/04/29 15:46:24,403000,11.345
2026/04/29 15:46:24,404000,11.342
2026/04/29 15:46:24,405000,11.348
2026/04/29 15:46:24,406000,11.345
2026/04/29 15:46:24,407000,11.348
2026/04/29 15:46:24,408000,11.350
2026/04/29 15:46:24,409000,11.353
2026/04/29 15:46:24,410000,11.345
2026/04/29 15:46:24,411000,11.348
2026/04/29 15:46:24,412000,11.345
2026/04/29 15:46:24,413000,11.348
2026/04/29 15:46:24,414000,11.348
2026/04/29 15:46:24,415000,11.345
2026/04/29 15:46:24,416000,11.345
2026/04/29 15:46:24,417000,11.348
2026/04/29 15:46:24,418000,11.348
2026/04/29 15:46:24,419000,11.348
2026/04/29 15:46:24,420000,11.345
2026/04/29 15:46:24,421000,11.342
2026/04/29 15:46:24,422000,11.348
2026/04/29 15:46:24,423000,11.345
2026/04/29 15:46:24,424000,11.348
2026/04/29 15:46:24,425000,11.350
2026/04/29 15:46:24,426000,11.356
2026/04/29 15:46:24,427000,11.348
2026/04/29 15:46:24,428000,11.348
2026/04/29 15:46:24,429000,11.348
2026/04/29 15:46:24,430000,11.350
2026/04/29 15:46:24,431000,11.345
2026/04/29 15:46:24,432000,11.342
2026/04/29 15:46:24,433000,11.345
2026/04/29 15:46:24,434000,11.350
2026/04/29 15:46:24,435000,11.342
2026/04/29 15:46:24,436000,11.350
2026/04/29 15:46:24,437000,11.348
2026/04/29 15:46:24,438000,11.339
2026/04/29 15:46:24,439000,11.345
2026/04/29 15:46:24,440000,11.345
2026/04/29 15:46:24,441000,11.345
2026/04/29 15:46:24,442000,11.345
2026/04/29 15:46:24,443000,11.350
2026/04/29 15:46:24,444000,11.345
2026/04/29 15:46:24,445000,11.345
2026/04/29 15:46:24,446000,11.345
2026/04/29 15:46:24,447000,11.348
2026/04/29 15:46:24,448000,11.345
2026/04/29 15:46:24,449000,11.353
2026/04/29 15:46:24,450000,11.348
2026/04/29 15:46:24,451000,11.348
2026/04/29 15:46:24,452000,11.345
2026/04/29 15:46:24,453000,11.348
2026/04/29 15:46:24,454000,11.350
2026/04/29 15:46:24,455000,11.342
2026/04/29 15:46:24,456000,11.345
2026/04/29 15:46:24,457000,11.348
2026/04/29 15:46:24,458000,11.348
2026/04/29 15:46:24,459000,11.345
2026/04/29 15:46:24,460000,11.348
2026/04/29 15:46:24,461000,11.345
2026/04/29 15:46:24,462000,11.350
2026/04/29 15:46:24,463000,11.348
2026/04/29 15:46:24,464000,11.353
2026/04/29 15:46:24,465000,11.350
2026/04/29 15:46:24,466000,11.342
2026/04/29 15:46:24,467000,11.345
2026/04/29 15:46:24,468000,11.345
2026/04/29 15:46:24,469000,11.348
2026/04/29 15:46:24,470000,11.353
2026/04/29 15:46:24,471000,11.345
2026/04/29 15:46:24,472000,11.348
2026/04/29 15:46:24,473000,11.345
2026/04/29 15:46:24,474000,11.350
2026/04/29 15:46:24,475000,11.353
2026/04/29 15:46:24,476000,11.345
2026/04/29 15:46:24,477000,11.350
2026/04/29 15:46:24,478000,11.353
2026/04/29 15:46:24,479000,11.342
2026/04/29 15:46:24,480000,11.342
2026/04/29 15:46:24,481000,11.348
2026/04/29 15:46:24,482000,11.348
2026/04/29 15:46:24,483000,11.345
2026/04/29 15:46:24,484000,11.342
2026/04/29 15:46:24,485000,11.342
2026/04/29 15:46:24,486000,11.348
2026/04/29 15:46:24,487000,11.348
2026/04/29 15:46:24,488000,11.350
2026/04/29 15:46:24,489000,11.348
2026/04/29 15:46:24,490000,11.348
2026/04/29 15:46:24,491000,11.348
2026/04/29 15:46:24,492000,11.348
2026/04/29 15:46:24,493000,11.345
2026/04/29 15:46:24,494000,11.348
2026/04/29 15:46:24,495000,11.345
2026/04/29 15:46:24,496000,11.345
2026/04/29 15:46:24,497000,11.342
2026/04/29 15:46:24,498000,11.348
2026/04/29 15:46:24,499000,11.345
2026/04/29 15:46:24,500000,11.348
2026/04/29 15:46:24,501000,11.348
2026/04/29 15:46:24,502000,11.348
2026/04/29 15:46:24,503000,11.350
2026/04/29 15:46:24,504000,11.345
2026/04/29 15:46:24,505000,11.345
2026/04/29 15:46:24,506000,11.342
2026/04/29 15:46:24,507000,11.350
2026/04/29 15:46:24,508000,11.345
2026/04/29 15:46:24,509000,11.348
2026/04/29 15:46:24,510000,11.336
2026/04/29 15:46:24,511000,11.342
2026/04/29 15:46:24,512000,11.348
2026/04/29 15:46:24,513000,11.353
2026/04/29 15:46:24,514000,11.345
2026/04/29 15:46:24,515000,11.348
2026/04/29 15:46:24,516000,11.342
2026/04/29 15:46:24,517000,11.342
2026/04/29 15:46:24,518000,11.345
2026/04/29 15:46:24,519000,11.348
2026/04/29 15:46:24,520000,11.345
2026/04/29 15:46:24,521000,11.348
2026/04/29 15:46:24,522000,11.353
2026/04/29 15:46:24,523000,11.339
2026/04/29 15:46:24,524000,11.348
2026/04/29 15:46:24,525000,11.350
2026/04/29 15:46:24,526000,11.350
2026/04/29 15:46:24,527000,11.353
2026/04/29 15:46:24,528000,11.339
2026/04/29 15:46:24,529000,11.348
2026/04/29 15:46:24,530000,11.345
2026/04/29 15:46:24,531000,11.350
2026/04/29 15:46:24,532000,11.348
2026/04/29 15:46:24,533000,11.345
2026/04/29 15:46:24,534000,11.345
2026/04/29 15:46:24,535000,11.348
2026/04/29 15:46:24,536000,11.345
2026/04/29 15:46:24,537000,11.345
2026/04/29 15:46:24,538000,11.350
2026/04/29 15:46:24,539000,11.345
2026/04/29 15:46:24,540000,11.345
2026/04/29 15:46:24,541000,11.345
2026/04/29 15:46:24,542000,11.342
2026/04/29 15:46:24,543000,11.348
2026/04/29 15:46:24,544000,11.348
2026/04/29 15:46:24,545000,11.350
2026/04/29 15:46:24,546000,11.342
2026/04/29 15:46:24,547000,11.350
2026/04/29 15:46:24,548000,11.336
2026/04/29 15:46:24,549000,11.348
2026/04/29 15:46:24,550000,11.350
2026/04/29 15:46:24,551000,11.345
2026/04/29 15:46:24,552000,11.345
2026/04/29 15:46:24,553000,11.336
2026/04/29 15:46:24,554000,11.345
2026/04/29 15:46:24,555000,11.348
2026/04/29 15:46:24,556000,11.350
2026/04/29 15:46:24,557000,11.345
2026/04/29 15:46:24,558000,11.348
2026/04/29 15:46:24,559000,11.350
2026/04/29 15:46:24,560000,11.350
2026/04/29 15:46:24,561000,11.348
2026/04/29 15:46:24,562000,11.350
2026/04/29 15:46:24,563000,11.345
2026/04/29 15:46:24,564000,11.348
2026/04/29 15:46:24,565000,11.348
2026/04/29 15:46:24,566000,11.353
2026/04/29 15:46:24,567000,11.348
2026/04/29 15:46:24,568000,11.339
2026/04/29 15:46:24,569000,11.350
2026/04/29 15:46:24,570000,11.345
2026/04/29 15:46:24,571000,11.342
2026/04/29 15:46:24,572000,11.348
2026/04/29 15:46:24,573000,11.350
2026/04/29 15:46:24,574000,11.348
2026/04/29 15:46:24,575000,11.345
2026/04/29 15:46:24,576000,11.353
2026/04/29 15:46:24,577000,11.345
2026/04/29 15:46:24,578000,11.345
2026/04/29 15:46:24,579000,11.348
2026/04/29 15:46:24,580000,11.348
2026/04/29 15:46:24,581000,11.345
2026/04/29 15:46:24,582000,11.345
2026/04/29 15:46:24,583000,11.348
2026/04/29 15:46:24,584000,11.348
2026/04/29 15:46:24,585000,11.345
2026/04/29 15:46:24,586000,11.350
2026/04/29 15:46:24,587000,11.339
2026/04/29 15:46:24,588000,11.348
2026/04/29 15:46:24,589000,11.348
2026/04/29 15:46:24,590000,11.348
2026/04/29 15:46:24,591000,11.350
2026/04/29 15:46:24,592000,11.345
2026/04/29 15:46:24,593000,11.348
2026/04/29 15:46:24,594000,11.348
2026/04/29 15:46:24,595000,11.348
2026/04/29 15:46:24,596000,11.334
2026/04/29 15:46:24,597000,11.348
2026/04/29 15:46:24,598000,11.345
2026/04/29 15:46:24,599000,11.348
2026/04/29 15:46:24,600000,11.348
2026/04/29 15:46:24,601000,11.348
2026/04/29 15:46:24,602000,11.342
2026/04/29 15:46:24,603000,11.350
2026/04/29 15:46:24,604000,11.348
2026/04/29 15:46:24,605000,11.345
2026/04/29 15:46:24,606000,11.350
2026/04/29 15:46:24,607000,11.348
2026/04/29 15:46:24,608000,11.350
2026/04/29 15:46:24,609000,11.356
2026/04/29 15:46:24,610000,11.348
2026/04/29 15:46:24,611000,11.345
2026/04/29 15:46:24,612000,11.348
2026/04/29 15:46:24,613000,11.345
2026/04/29 15:46:24,614000,11.348
2026/04/29 15:46:24,615000,11.348
2026/04/29 15:46:24,616000,11.345
2026/04/29 15:46:24,617000,11.342
2026/04/29 15:46:24,618000,11.348
2026/04/29 15:46:24,619000,11.334
2026/04/29 15:46:24,620000,11.345
2026/04/29 15:46:24,621000,11.345
2026/04/29 15:46:24,622000,11.345
2026/04/29 15:46:24,623000,11.350
2026/04/29 15:46:24,624000,11.348
2026/04/29 15:46:24,625000,11.348
2026/04/29 15:46:24,626000,11.345
2026/04/29 15:46:24,627000,11.350
2026/04/29 15:46:24,628000,11.345
2026/04/29 15:46:24,629000,11.348
2026/04/29 15:46:24,630000,11.342
2026/04/29 15:46:24,631000,11.348
2026/04/29 15:46:24,632000,11.342
2026/04/29 15:46:24,633000,11.348
2026/04/29 15:46:24,634000,11.348
2026/04/29 15:46:24,635000,11.353
2026/04/29 15:46:24,636000,11.348
2026/04/29 15:46:24,637000,11.345
2026/04/29 15:46:24,638000,11.348
2026/04/29 15:46:24,639000,11.345
2026/04/29 15:46:24,640000,11.350
2026/04/29 15:46:24,641000,11.348
2026/04/29 15:46:24,642000,11.353
2026/04/29 15:46:24,643000,11.348
2026/04/29 15:46:24,644000,11.345
2026/04/29 15:46:24,645000,11.348
2026/04/29 15:46:24,646000,11.348
2026/04/29 15:46:24,647000,11.342
2026/04/29 15:46:24,648000,11.345
2026/04/29 15:46:24,649000,11.348
2026/04/29 15:46:24,650000,11.345
2026/04/29 15:46:24,651000,11.350
2026/04/29 15:46:24,652000,11.345
2026/04/29 15:46:24,653000,11.348
2026/04/29 15:46:24,654000,11.345
2026/04/29 15:46:24,655000,11.348
2026/04/29 15:46:24,656000,11.348
2026/04/29 15:46:24,657000,11.345
2026/04/29 15:46:24,658000,11.348
2026/04/29 15:46:24,659000,11.348
2026/04/29 15:46:24,660000,11.350
2026/04/29 15:46:24,661000,11.350
2026/04/29 15:46:24,662000,11.350
2026/04/29 15:46:24,663000,11.345
2026/04/29 15:46:24,664000,11.348
2026/04/29 15:46:24,665000,11.350
2026/04/29 15:46:24,666000,11.348
2026/04/29 15:46:24,667000,11.348
2026/04/29 15:46:24,668000,11.348
2026/04/29 15:46:24,669000,11.350
2026/04/29 15:46:24,670000,11.350
2026/04/29 15:46:24,671000,11.348
2026/04/29 15:46:24,672000,11.348
2026/04/29 15:46:24,673000,11.356
2026/04/29 15:46:24,674000,11.348
2026/04/29 15:46:24,675000,11.348
2026/04/29 15:46:24,676000,11.342
2026/04/29 15:46:24,677000,11.345
2026/04/29 15:46:24,678000,11.348
2026/04/29 15:46:24,679000,11.348
2026/04/29 15:46:24,680000,11.345
2026/04/29 15:46:24,681000,11.342
2026/04/29 15:46:24,682000,11.350
2026/04/29 15:46:24,683000,11.353
2026/04/29 15:46:24,684000,11.350
2026/04/29 15:46:24,685000,11.342
2026/04/29 15:46:24,686000,11.342
2026/04/29 15:46:24,687000,11.348
2026/04/29 15:46:24,688000,11.342
2026/04/29 15:46:24,689000,11.345
2026/04/29 15:46:24,690000,11.345
2026/04/29 15:46:24,691000,11.350
2026/04/29 15:46:24,692000,11.348
2026/04/29 15:46:24,693000,11.345
2026/04/29 15:46:24,694000,11.353
2026/04/29 15:46:24,695000,11.348
2026/04/29 15:46:24,696000,11.345
2026/04/29 15:46:24,697000,11.348
2026/04/29 15:46:24,698000,11.345
2026/04/29 15:46:24,699000,11.345
2026/04/29 15:46:24,700000,11.342
2026/04/29 15:46:24,701000,11.348
2026/04/29 15:46:24,702000,11.350
2026/04/29 15:46:24,703000,11.350
2026/04/29 15:46:24,704000,11.348
2026/04/29 15:46:24,705000,11.350
2026/04/29 15:46:24,706000,11.350
2026/04/29 15:46:24,707000,11.348
2026/04/29 15:46:24,708000,11.348
2026/04/29 15:46:24,709000,11.350
2026/04/29 15:46:24,710000,11.348
2026/04/29 15:46:24,711000,11.345
2026/04/29 15:46:24,712000,11.342
2026/04/29 15:46:24,713000,11.353
2026/04/29 15:46:24,714000,11.353
2026/04/29 15:46:24,715000,11.339
2026/04/29 15:46:24,716000,11.350
2026/04/29 15:46:24,717000,11.345
2026/04/29 15:46:24,718000,11.348
2026/04/29 15:46:24,719000,11.345
2026/04/29 15:46:24,720000,11.345
2026/04/29 15:46:24,721000,11.350
2026/04/29 15:46:24,722000,11.348
2026/04/29 15:46:24,723000,11.345
2026/04/29 15:46:24,724000,11.342
2026/04/29 15:46:24,725000,11.348
2026/04/29 15:46:24,726000,11.350
2026/04/29 15:46:24,727000,11.345
2026/04/29 15:46:24,728000,11.345
2026/04/29 15:46:24,729000,11.353
2026/04/29 15:46:24,730000,11.342
2026/04/29 15:46:24,731000,11.348
2026/04/29 15:46:24,732000,11.350
2026/04/29 15:46:24,733000,11.336
2026/04/29 15:46:24,734000,11.345
2026/04/29 15:46:24,735000,11.350
2026/04/29 15:46:24,736000,11.350
2026/04/29 15:46:24,737000,11.348
2026/04/29 15:46:24,738000,11.345
2026/04/29 15:46:24,739000,11.348
2026/04/29 15:46:24,740000,11.348
2026/04/29 15:46:24,741000,11.350
2026/04/29 15:46:24,742000,11.345
2026/04/29 15:46:24,743000,11.350
2026/04/29 15:46:24,744000,11.348
2026/04/29 15:46:24,745000,11.345
2026/04/29 15:46:24,746000,11.348
2026/04/29 15:46:24,747000,11.350
2026/04/29 15:46:24,748000,11.348
2026/04/29 15:46:24,749000,11.348
2026/04/29 15:46:24,750000,11.348
2026/04/29 15:46:24,751000,11.345
2026/04/29 15:46:24,752000,11.345
2026/04/29 15:46:24,753000,11.353
2026/04/29 15:46:24,754000,11.345
2026/04/29 15:46:24,755000,11.350
2026/04/29 15:46:24,756000,11.345
2026/04/29 15:46:24,757000,11.342
2026/04/29 15:46:24,758000,11.345
2026/04/29 15:46:24,759000,11.345
2026/04/29 15:46:24,760000,11.350
2026/04/29 15:46:24,761000,11.348
2026/04/29 15:46:24,762000,11.350
2026/04/29 15:46:24,763000,11.348
2026/04/29 15:46:24,764000,11.348
2026/04/29 15:46:24,765000,11.342
2026/04/29 15:46:24,766000,11.345
2026/04/29 15:46:24,767000,11.342
2026/04/29 15:46:24,768000,11.350
2026/04/29 15:46:24,769000,11.345
2026/04/29 15:46:24,770000,11.350
2026/04/29 15:46:24,771000,11.348
2026/04/29 15:46:24,772000,11.348
2026/04/29 15:46:24,773000,11.348
2026/04/29 15:46:24,774000,11.345
2026/04/29 15:46:24,775000,11.345
2026/04/29 15:46:24,776000,11.345
2026/04/29 15:46:24,777000,11.345
2026/04/29 15:46:24,778000,11.345
2026/04/29 15:46:24,779000,11.359
2026/04/29 15:46:24,780000,11.353
2026/04/29 15:46:24,781000,11.348
2026/04/29 15:46:24,782000,11.342
2026/04/29 15:46:24,783000,11.336
2026/04/29 15:46:24,784000,11.348
2026/04/29 15:46:24,785000,11.348
2026/04/29 15:46:24,786000,11.348
2026/04/29 15:46:24,787000,11.356
2026/04/29 15:46:24,788000,11.348
2026/04/29 15:46:24,789000,11.345
2026/04/29 15:46:24,790000,11.350
2026/04/29 15:46:24,791000,11.350
2026/04/29 15:46:24,792000,11.345
2026/04/29 15:46:24,793000,11.350
2026/04/29 15:46:24,794000,11.350
2026/04/29 15:46:24,795000,11.350
2026/04/29 15:46:24,796000,11.348
2026/04/29 15:46:24,797000,11.342
2026/04/29 15:46:24,798000,11.348
2026/04/29 15:46:24,799000,11.350
2026/04/29 15:46:24,800000,11.353
2026/04/29 15:46:24,801000,11.348
2026/04/29 15:46:24,802000,11.348
2026/04/29 15:46:24,803000,11.336
2026/04/29 15:46:24,804000,11.350
2026/04/29 15:46:24,805000,11.348
2026/04/29 15:46:24,806000,11.350
2026/04/29 15:46:24,807000,11.348
2026/04/29 15:46:24,808000,11.348
2026/04/29 15:46:24,809000,11.348
2026/04/29 15:46:24,810000,11.353
2026/04/29 15:46:24,811000,11.348
2026/04/29 15:46:24,812000,11.345
2026/04/29 15:46:24,813000,11.345
2026/04/29 15:46:24,814000,11.345
2026/04/29 15:46:24,815000,11.350
2026/04/29 15:46:24,816000,11.339
2026/04/29 15:46:24,817000,11.348
2026/04/29 15:46:24,818000,11.353
2026/04/29 15:46:24,819000,11.353
2026/04/29 15:46:24,820000,11.345
2026/04/29 15:46:24,821000,11.345
2026/04/29 15:46:24,822000,11.345
2026/04/29 15:46:24,823000,11.345
2026/04/29 15:46:24,824000,11.348
2026/04/29 15:46:24,825000,11.345
2026/04/29 15:46:24,826000,11.336
2026/04/29 15:46:24,827000,11.342
2026/04/29 15:46:24,828000,11.345
2026/04/29 15:46:24,829000,11.348
2026/04/29 15:46:24,830000,11.345
2026/04/29 15:46:24,831000,11.342
2026/04/29 15:46:24,832000,11.345
2026/04/29 15:46:24,833000,11.345
2026/04/29 15:46:24,834000,11.345
2026/04/29 15:46:24,835000,11.345
2026/04/29 15:46:24,836000,11.350
2026/04/29 15:46:24,837000,11.345
2026/04/29 15:46:24,838000,11.348
2026/04/29 15:46:24,839000,11.348
2026/04/29 15:46:24,840000,11.353
2026/04/29 15:46:24,841000,11.348
2026/04/29 15:46:24,842000,11.350
2026/04/29 15:46:24,843000,11.350
2026/04/29 15:46:24,844000,11.348
2026/04/29 15:46:24,845000,11.345
2026/04/29 15:46:24,846000,11.345
2026/04/29 15:46:24,847000,11.350
2026/04/29 15:46:24,848000,11.345
2026/04/29 15:46:24,849000,11.348
2026/04/29 15:46:24,850000,11.348
2026/04/29 15:46:24,851000,11.348
2026/04/29 15:46:24,852000,11.336
2026/04/29 15:46:24,853000,11.348
2026/04/29 15:46:24,854000,11.345
2026/04/29 15:46:24,855000,11.353
2026/04/29 15:46:24,856000,11.345
2026/04/29 15:46:24,857000,11.356
2026/04/29 15:46:24,858000,11.353
2026/04/29 15:46:24,859000,11.350
2026/04/29 15:46:24,860000,11.348
2026/04/29 15:46:24,861000,11.342
2026/04/29 15:46:24,862000,11.348
2026/04/29 15:46:24,863000,11.348
2026/04/29 15:46:24,864000,11.348
2026/04/29 15:46:24,865000,11.348
2026/04/29 15:46:24,866000,11.348
2026/04/29 15:46:24,867000,11.353
2026/04/29 15:46:24,868000,11.350
2026/04/29 15:46:24,869000,11.342
2026/04/29 15:46:24,870000,11.345
2026/04/29 15:46:24,871000,11.345
2026/04/29 15:46:24,872000,11.350
2026/04/29 15:46:24,873000,11.342
2026/04/29 15:46:24,874000,11.345
2026/04/29 15:46:24,875000,11.348
2026/04/29 15:46:24,876000,11.345
2026/04/29 15:46:24,877000,11.348
2026/04/29 15:46:24,878000,11.348
2026/04/29 15:46:24,879000,11.353
2026/04/29 15:46:24,880000,11.348
2026/04/29 15:46:24,881000,11.353
2026/04/29 15:46:24,882000,11.348
2026/04/29 15:46:24,883000,11.350
2026/04/29 15:46:24,884000,11.342
2026/04/29 15:46:24,885000,11.350
2026/04/29 15:46:24,886000,11.345
2026/04/29 15:46:24,887000,11.350
2026/04/29 15:46:24,888000,11.345
2026/04/29 15:46:24,889000,11.342
2026/04/29 15:46:24,890000,11.345
2026/04/29 15:46:24,891000,11.350
2026/04/29 15:46:24,892000,11.345
2026/04/29 15:46:24,893000,11.353
2026/04/29 15:46:24,894000,11.339
2026/04/29 15:46:24,895000,11.345
2026/04/29 15:46:24,896000,11.348
2026/04/29 15:46:24,897000,11.342
2026/04/29 15:46:24,898000,11.345
2026/04/29 15:46:24,899000,11.345
2026/04/29 15:46:24,900000,11.350
2026/04/29 15:46:24,901000,11.345
2026/04/29 15:46:24,902000,11.342
2026/04/29 15:46:24,903000,11.345
2026/04/29 15:46:24,904000,11.348
2026/04/29 15:46:24,905000,11.356
2026/04/29 15:46:24,906000,11.342
2026/04/29 15:46:24,907000,11.350
2026/04/29 15:46:24,908000,11.342
2026/04/29 15:46:24,909000,11.348
2026/04/29 15:46:24,910000,11.350
2026/04/29 15:46:24,911000,11.350
2026/04/29 15:46:24,912000,11.350
2026/04/29 15:46:24,913000,11.345
2026/04/29 15:46:24,914000,11.342
2026/04/29 15:46:24,915000,11.350
2026/04/29 15:46:24,916000,11.345
2026/04/29 15:46:24,917000,11.345
2026/04/29 15:46:24,918000,11.348
2026/04/29 15:46:24,919000,11.350
2026/04/29 15:46:24,920000,11.348
2026/04/29 15:46:24,921000,11.348
2026/04/29 15:46:24,922000,11.350
2026/04/29 15:46:24,923000,11.345
2026/04/29 15:46:24,924000,11.348
2026/04/29 15:46:24,925000,11.348
2026/04/29 15:46:24,926000,11.345
2026/04/29 15:46:24,927000,11.345
2026/04/29 15:46:24,928000,11.342
2026/04/29 15:46:24,929000,11.339
2026/04/29 15:46:24,930000,11.353
2026/04/29 15:46:24,931000,11.345
2026/04/29 15:46:24,932000,11.348
2026/04/29 15:46:24,933000,11.345
2026/04/29 15:46:24,934000,11.348
2026/04/29 15:46:24,935000,11.348
2026/04/29 15:46:24,936000,11.348
2026/04/29 15:46:24,937000,11.348
2026/04/29 15:46:24,938000,11.345
2026/04/29 15:46:24,939000,11.348
2026/04/29 15:46:24,940000,11.342
2026/04/29 15:46:24,941000,11.345
2026/04/29 15:46:24,942000,11.345
2026/04/29 15:46:24,943000,11.348
2026/04/29 15:46:24,944000,11.350
2026/04/29 15:46:24,945000,11.348
2026/04/29 15:46:24,946000,11.345
2026/04/29 15:46:24,947000,11.350
2026/04/29 15:46:24,948000,11.345
2026/04/29 15:46:24,949000,11.345
2026/04/29 15:46:24,950000,11.353
2026/04/29 15:46:24,951000,11.345
2026/04/29 15:46:24,952000,11.342
2026/04/29 15:46:24,953000,11.353
2026/04/29 15:46:24,954000,11.353
2026/04/29 15:46:24,955000,11.353
2026/04/29 15:46:24,956000,11.348
2026/04/29 15:46:24,957000,11.345
2026/04/29 15:46:24,958000,11.348
2026/04/29 15:46:24,959000,11.345
2026/04/29 15:46:24,960000,11.348
2026/04/29 15:46:24,961000,11.348
2026/04/29 15:46:24,962000,11.348
2026/04/29 15:46:24,963000,11.345
2026/04/29 15:46:24,964000,11.348
2026/04/29 15:46:24,965000,11.350
2026/04/29 15:46:24,966000,11.350
2026/04/29 15:46:24,967000,11.348
2026/04/29 15:46:24,968000,11.345
2026/04/29 15:46:24,969000,11.342
2026/04/29 15:46:24,970000,11.345
2026/04/29 15:46:24,971000,11.345
2026/04/29 15:46:24,972000,11.345
2026/04/29 15:46:24,973000,11.348
2026/04/29 15:46:24,974000,11.348
2026/04/29 15:46:24,975000,11.350
2026/04/29 15:46:24,976000,11.348
2026/04/29 15:46:24,977000,11.345
2026/04/29 15:46:24,978000,11.348
2026/04/29 15:46:24,979000,11.345
2026/04/29 15:46:24,980000,11.342
2026/04/29 15:46:24,981000,11.348
2026/04/29 15:46:24,982000,11.345
2026/04/29 15:46:24,983000,11.353
2026/04/29 15:46:24,984000,11.348
2026/04/29 15:46:24,985000,11.345
2026/04/29 15:46:24,986000,11.345
2026/04/29 15:46:24,987000,11.348
2026/04/29 15:46:24,988000,11.348
2026/04/29 15:46:24,989000,11.350
2026/04/29 15:46:24,990000,11.345
2026/04/29 15:46:24,991000,11.336
2026/04/29 15:46:24,992000,11.350
2026/04/29 15:46:24,993000,11.342
2026/04/29 15:46:24,994000,11.345
2026/04/29 15:46:24,995000,11.345
2026/04/29 15:46:24,996000,11.339
2026/04/29 15:46:24,997000,11.345
2026/04/29 15:46:24,998000,11.345
2026/04/29 15:46:24,999000,11.348
2026/04/29 15:46:25,000000,11.350
2026/04/29 15:46:25,001000,11.348
2026/04/29 15:46:25,002000,11.345
2026/04/29 15:46:25,003000,11.345
2026/04/29 15:46:25,004000,11.353
2026/04/29 15:46:25,005000,11.348
2026/04/29 15:46:25,006000,11.342
2026/04/29 15:46:25,007000,11.342
2026/04/29 15:46:25,008000,11.345
2026/04/29 15:46:25,009000,11.342
2026/04/29 15:46:25,010000,11.348
2026/04/29 15:46:25,011000,11.348
2026/04/29 15:46:25,012000,11.336
2026/04/29 15:46:25,013000,11.342
2026/04/29 15:46:25,014000,11.345
2026/04/29 15:46:25,015000,11.345
2026/04/29 15:46:25,016000,11.342
2026/04/29 15:46:25,017000,11.345
2026/04/29 15:46:25,018000,11.342
2026/04/29 15:46:25,019000,11.345
2026/04/29 15:46:25,020000,11.348
2026/04/29 15:46:25,021000,11.345
2026/04/29 15:46:25,022000,11.350
2026/04/29 15:46:25,023000,11.353
2026/04/29 15:46:25,024000,11.350
2026/04/29 15:46:25,025000,11.350
2026/04/29 15:46:25,026000,11.348
2026/04/29 15:46:25,027000,11.348
2026/04/29 15:46:25,028000,11.342
2026/04/29 15:46:25,029000,11.348
2026/04/29 15:46:25,030000,11.348
2026/04/29 15:46:25,031000,11.339
2026/04/29 15:46:25,032000,11.350
2026/04/29 15:46:25,033000,11.348
2026/04/29 15:46:25,034000,11.350
2026/04/29 15:46:25,035000,11.345
2026/04/29 15:46:25,036000,11.348
2026/04/29 15:46:25,037000,11.345
2026/04/29 15:46:25,038000,11.345
2026/04/29 15:46:25,039000,11.348
2026/04/29 15:46:25,040000,11.336
2026/04/29 15:46:25,041000,11.345
2026/04/29 15:46:25,042000,11.348
2026/04/29 15:46:25,043000,11.345
2026/04/29 15:46:25,044000,11.345
2026/04/29 15:46:25,045000,11.348
2026/04/29 15:46:25,046000,11.348
2026/04/29 15:46:25,047000,11.350
2026/04/29 15:46:25,048000,11.348
2026/04/29 15:46:25,049000,11.350
2026/04/29 15:46:25,050000,11.348
2026/04/29 15:46:25,051000,11.345
2026/04/29 15:46:25,052000,11.339
2026/04/29 15:46:25,053000,11.339
2026/04/29 15:46:25,054000,11.345
2026/04/29 15:46:25,055000,11.348
2026/04/29 15:46:25,056000,11.339
2026/04/29 15:46:25,057000,11.345
2026/04/29 15:46:25,058000,11.345
2026/04/29 15:46:25,059000,11.348
2026/04/29 15:46:25,060000,11.348
2026/04/29 15:46:25,061000,11.353
2026/04/29 15:46:25,062000,11.342
2026/04/29 15:46:25,063000,11.345
2026/04/29 15:46:25,064000,11.348
2026/04/29 15:46:25,065000,11.342
2026/04/29 15:46:25,066000,11.345
2026/04/29 15:46:25,067000,11.350
2026/04/29 15:46:25,068000,11.353
2026/04/29 15:46:25,069000,11.348
2026/04/29 15:46:25,070000,11.342
2026/04/29 15:46:25,071000,11.348
2026/04/29 15:46:25,072000,11.350
2026/04/29 15:46:25,073000,11.353
2026/04/29 15:46:25,074000,11.348
2026/04/29 15:46:25,075000,11.350
2026/04/29 15:46:25,076000,11.342
2026/04/29 15:46:25,077000,11.348
2026/04/29 15:46:25,078000,11.348
2026/04/29 15:46:25,079000,11.348
2026/04/29 15:46:25,080000,11.345
2026/04/29 15:46:25,081000,11.345
2026/04/29 15:46:25,082000,11.339
2026/04/29 15:46:25,083000,11.348
2026/04/29 15:46:25,084000,11.348
2026/04/29 15:46:25,085000,11.348
2026/04/29 15:46:25,086000,11.348
2026/04/29 15:46:25,087000,11.348
2026/04/29 15:46:25,088000,11.339
2026/04/29 15:46:25,089000,11.345
2026/04/29 15:46:25,090000,11.348
2026/04/29 15:46:25,091000,11.348
2026/04/29 15:46:25,092000,11.348
2026/04/29 15:46:25,093000,11.345
2026/04/29 15:46:25,094000,11.353
2026/04/29 15:46:25,095000,11.348
2026/04/29 15:46:25,096000,11.348
2026/04/29 15:46:25,097000,11.342
2026/04/29 15:46:25,098000,11.345
2026/04/29 15:46:25,099000,11.342
2026/04/29 15:46:25,100000,11.345
2026/04/29 15:46:25,101000,11.345
2026/04/29 15:46:25,102000,11.353
2026/04/29 15:46:25,103000,11.353
2026/04/29 15:46:25,104000,11.345
2026/04/29 15:46:25,105000,11.348
2026/04/29 15:46:25,106000,11.345
2026/04/29 15:46:25,107000,11.348
2026/04/29 15:46:25,108000,11.342
2026/04/29 15:46:25,109000,11.348
2026/04/29 15:46:25,110000,11.348
2026/04/29 15:46:25,111000,11.353
2026/04/29 15:46:25,112000,11.348
2026/04/29 15:46:25,113000,11.348
2026/04/29 15:46:25,114000,11.350
2026/04/29 15:46:25,115000,11.345
2026/04/29 15:46:25,116000,11.348
2026/04/29 15:46:25,117000,11.345
2026/04/29 15:46:25,118000,11.342
2026/04/29 15:46:25,119000,11.350
2026/04/29 15:46:25,120000,11.350
2026/04/29 15:46:25,121000,11.348
2026/04/29 15:46:25,122000,11.345
2026/04/29 15:46:25,123000,11.348
2026/04/29 15:46:25,124000,11.350
2026/04/29 15:46:25,125000,11.348
2026/04/29 15:46:25,126000,11.353
2026/04/29 15:46:25,127000,11.353
2026/04/29 15:46:25,128000,11.348
2026/04/29 15:46:25,129000,11.345
2026/04/29 15:46:25,130000,11.339
2026/04/29 15:46:25,131000,11.348
2026/04/29 15:46:25,132000,11.348
2026/04/29 15:46:25,133000,11.348
2026/04/29 15:46:25,134000,11.348
2026/04/29 15:46:25,135000,11.348
2026/04/29 15:46:25,136000,11.348
2026/04/29 15:46:25,137000,11.336
2026/04/29 15:46:25,138000,11.348
2026/04/29 15:46:25,139000,11.350
2026/04/29 15:46:25,140000,11.350
2026/04/29 15:46:25,141000,11.345
2026/04/29 15:46:25,142000,11.345
2026/04/29 15:46:25,143000,11.348
2026/04/29 15:46:25,144000,11.345
2026/04/29 15:46:25,145000,11.342
2026/04/29 15:46:25,146000,11.356
2026/04/29 15:46:25,147000,11.348
2026/04/29 15:46:25,148000,11.345
2026/04/29 15:46:25,149000,11.342
2026/04/29 15:46:25,150000,11.345
2026/04/29 15:46:25,151000,11.348
2026/04/29 15:46:25,152000,11.339
2026/04/29 15:46:25,153000,11.350
2026/04/29 15:46:25,154000,11.336
2026/04/29 15:46:25,155000,11.348
2026/04/29 15:46:25,156000,11.348
2026/04/29 15:46:25,157000,11.348
2026/04/29 15:46:25,158000,11.348
2026/04/29 15:46:25,159000,11.348
2026/04/29 15:46:25,160000,11.350
2026/04/29 15:46:25,161000,11.345
2026/04/29 15:46:25,162000,11.345
2026/04/29 15:46:25,163000,11.342
2026/04/29 15:46:25,164000,11.348
2026/04/29 15:46:25,165000,11.339
2026/04/29 15:46:25,166000,11.350
2026/04/29 15:46:25,167000,11.350
2026/04/29 15:46:25,168000,11.345
2026/04/29 15:46:25,169000,11.345
2026/04/29 15:46:25,170000,11.348
2026/04/29 15:46:25,171000,11.348
2026/04/29 15:46:25,172000,11.342
2026/04/29 15:46:25,173000,11.345
2026/04/29 15:46:25,174000,11.345
2026/04/29 15:46:25,175000,11.350
2026/04/29 15:46:25,176000,11.345
2026/04/29 15:46:25,177000,11.345
2026/04/29 15:46:25,178000,11.348
2026/04/29 15:46:25,179000,11.345
2026/04/29 15:46:25,180000,11.348
2026/04/29 15:46:25,181000,11.345
2026/04/29 15:46:25,182000,11.345
2026/04/29 15:46:25,183000,11.345
2026/04/29 15:46:25,184000,11.350
2026/04/29 15:46:25,185000,11.350
2026/04/29 15:46:25,186000,11.345
2026/04/29 15:46:25,187000,11.348
2026/04/29 15:46:25,188000,11.350
2026/04/29 15:46:25,189000,11.348
2026/04/29 15:46:25,190000,11.348
2026/04/29 15:46:25,191000,11.350
2026/04/29 15:46:25,192000,11.350
2026/04/29 15:46:25,193000,11.348
2026/04/29 15:46:25,194000,11.356
2026/04/29 15:46:25,195000,11.345
2026/04/29 15:46:25,196000,11.342
2026/04/29 15:46:25,197000,11.348
2026/04/29 15:46:25,198000,11.345
2026/04/29 15:46:25,199000,11.348
2026/04/29 15:46:25,200000,11.350
2026/04/29 15:46:25,201000,11.345
2026/04/29 15:46:25,202000,11.353
2026/04/29 15:46:25,203000,11.350
2026/04/29 15:46:25,204000,11.350
2026/04/29 15:46:25,205000,11.348
2026/04/29 15:46:25,206000,11.345
2026/04/29 15:46:25,207000,11.345
2026/04/29 15:46:25,208000,11.345
2026/04/29 15:46:25,209000,11.345
2026/04/29 15:46:25,210000,11.342
2026/04/29 15:46:25,211000,11.348
2026/04/29 15:46:25,212000,11.345
2026/04/29 15:46:25,213000,11.348
2026/04/29 15:46:25,214000,11.348
2026/04/29 15:46:25,215000,11.345
2026/04/29 15:46:25,216000,11.345
2026/04/29 15:46:25,217000,11.350
2026/04/29 15:46:25,218000,11.348
2026/04/29 15:46:25,219000,11.348
2026/04/29 15:46:25,220000,11.342
2026/04/29 15:46:25,221000,11.350
2026/04/29 15:46:25,222000,11.348
2026/04/29 15:46:25,223000,11.348
2026/04/29 15:46:25,224000,11.350
2026/04/29 15:46:25,225000,11.348
2026/04/29 15:46:25,226000,11.345
2026/04/29 15:46:25,227000,11.342
2026/04/29 15:46:25,228000,11.348
2026/04/29 15:46:25,229000,11.345
2026/04/29 15:46:25,230000,11.345
2026/04/29 15:46:25,231000,11.345
2026/04/29 15:46:25,232000,11.345
2026/04/29 15:46:25,233000,11.348
2026/04/29 15:46:25,234000,11.348
2026/04/29 15:46:25,235000,11.348
2026/04/29 15:46:25,236000,11.348
2026/04/29 15:46:25,237000,11.336
2026/04/29 15:46:25,238000,11.348
2026/04/29 15:46:25,239000,11.350
2026/04/29 15:46:25,240000,11.342
2026/04/29 15:46:25,241000,11.348
2026/04/29 15:46:25,242000,11.350
2026/04/29 15:46:25,243000,11.348
2026/04/29 15:46:25,244000,11.348
2026/04/29 15:46:25,245000,11.345
2026/04/29 15:46:25,246000,11.345
2026/04/29 15:46:25,247000,11.348
2026/04/29 15:46:25,248000,11.348
2026/04/29 15:46:25,249000,11.353
2026/04/29 15:46:25,250000,11.348
2026/04/29 15:46:25,251000,11.348
2026/04/29 15:46:25,252000,11.339
2026/04/29 15:46:25,253000,11.348
2026/04/29 15:46:25,254000,11.345
2026/04/29 15:46:25,255000,11.348
2026/04/29 15:46:25,256000,11.348
2026/04/29 15:46:25,257000,11.342
2026/04/29 15:46:25,258000,11.345
2026/04/29 15:46:25,259000,11.348
2026/04/29 15:46:25,260000,11.350
2026/04/29 15:46:25,261000,11.348
2026/04/29 15:46:25,262000,11.345
2026/04/29 15:46:25,263000,11.345
2026/04/29 15:46:25,264000,11.345
2026/04/29 15:46:25,265000,11.348
2026/04/29 15:46:25,266000,11.348
2026/04/29 15:46:25,267000,11.345
2026/04/29 15:46:25,268000,11.350
2026/04/29 15:46:25,269000,11.353
2026/04/29 15:46:25,270000,11.345
2026/04/29 15:46:25,271000,11.350
2026/04/29 15:46:25,272000,11.342
2026/04/29 15:46:25,273000,11.342
2026/04/29 15:46:25,274000,11.345
2026/04/29 15:46:25,275000,11.345
2026/04/29 15:46:25,276000,11.342
2026/04/29 15:46:25,277000,11.348
2026/04/29 15:46:25,278000,11.350
2026/04/29 15:46:25,279000,11.353
2026/04/29 15:46:25,280000,11.345
2026/04/29 15:46:25,281000,11.348
2026/04/29 15:46:25,282000,11.348
2026/04/29 15:46:25,283000,11.348
2026/04/29 15:46:25,284000,11.348
2026/04/29 15:46:25,285000,11.348
2026/04/29 15:46:25,286000,11.348
2026/04/29 15:46:25,287000,11.345
2026/04/29 15:46:25,288000,11.350
2026/04/29 15:46:25,289000,11.339
2026/04/29 15:46:25,290000,11.353
2026/04/29 15:46:25,291000,11.342
2026/04/29 15:46:25,292000,11.342
2026/04/29 15:46:25,293000,11.345
2026/04/29 15:46:25,294000,11.345
2026/04/29 15:46:25,295000,11.348
2026/04/29 15:46:25,296000,11.350
2026/04/29 15:46:25,297000,11.348
2026/04/29 15:46:25,298000,11.339
2026/04/29 15:46:25,299000,11.350
2026/04/29 15:46:25,300000,11.345
2026/04/29 15:46:25,301000,11.350
2026/04/29 15:46:25,302000,11.356
2026/04/29 15:46:25,303000,11.345
2026/04/29 15:46:25,304000,11.348
2026/04/29 15:46:25,305000,11.348
2026/04/29 15:46:25,306000,11.353
2026/04/29 15:46:25,307000,11.345
2026/04/29 15:46:25,308000,11.345
2026/04/29 15:46:25,309000,11.345
2026/04/29 15:46:25,310000,11.345
2026/04/29 15:46:25,311000,11.342
2026/04/29 15:46:25,312000,11.348
2026/04/29 15:46:25,313000,11.345
2026/04/29 15:46:25,314000,11.353
2026/04/29 15:46:25,315000,11.345
2026/04/29 15:46:25,316000,11.348
2026/04/29 15:46:25,317000,11.345
2026/04/29 15:46:25,318000,11.350
2026/04/29 15:46:25,319000,11.348
2026/04/29 15:46:25,320000,11.345
2026/04/29 15:46:25,321000,11.348
2026/04/29 15:46:25,322000,11.339
2026/04/29 15:46:25,323000,11.342
2026/04/29 15:46:25,324000,11.345
2026/04/29 15:46:25,325000,11.348
2026/04/29 15:46:25,326000,11.348
2026/04/29 15:46:25,327000,11.348
2026/04/29 15:46:25,328000,11.350
2026/04/29 15:46:25,329000,11.350
2026/04/29 15:46:25,330000,11.348
2026/04/29 15:46:25,331000,11.350
2026/04/29 15:46:25,332000,11.348
2026/04/29 15:46:25,333000,11.345
2026/04/29 15:46:25,334000,11.345
2026/04/29 15:46:25,335000,11.348
2026/04/29 15:46:25,336000,11.348
2026/04/29 15:46:25,337000,11.342
2026/04/29 15:46:25,338000,11.345
2026/04/29 15:46:25,339000,11.342
2026/04/29 15:46:25,340000,11.348
2026/04/29 15:46:25,341000,11.345
2026/04/29 15:46:25,342000,11.348
2026/04/29 15:46:25,343000,11.348
2026/04/29 15:46:25,344000,11.348
2026/04/29 15:46:25,345000,11.348
2026/04/29 15:46:25,346000,11.345
2026/04/29 15:46:25,347000,11.345
2026/04/29 15:46:25,348000,11.339
2026/04/29 15:46:25,349000,11.345
2026/04/29 15:46:25,350000,11.348
2026/04/29 15:46:25,351000,11.345
2026/04/29 15:46:25,352000,11.345
2026/04/29 15:46:25,353000,11.350
2026/04/29 15:46:25,354000,11.348
2026/04/29 15:46:25,355000,11.345
2026/04/29 15:46:25,356000,11.348
2026/04/29 15:46:25,357000,11.350
2026/04/29 15:46:25,358000,11.345
2026/04/29 15:46:25,359000,11.348
2026/04/29 15:46:25,360000,11.345
2026/04/29 15:46:25,361000,11.350
2026/04/29 15:46:25,362000,11.350
2026/04/29 15:46:25,363000,11.356
2026/04/29 15:46:25,364000,11.353
2026/04/29 15:46:25,365000,11.345
2026/04/29 15:46:25,366000,11.348
2026/04/29 15:46:25,367000,11.342
2026/04/29 15:46:25,368000,11.348
2026/04/29 15:46:25,369000,11.350
2026/04/29 15:46:25,370000,11.350
2026/04/29 15:46:25,371000,11.345
2026/04/29 15:46:25,372000,11.345
2026/04/29 15:46:25,373000,11.342
2026/04/29 15:46:25,374000,11.350
2026/04/29 15:46:25,375000,11.345
2026/04/29 15:46:25,376000,11.348
2026/04/29 15:46:25,377000,11.348
2026/04/29 15:46:25,378000,11.348
2026/04/29 15:46:25,379000,11.350
2026/04/29 15:46:25,380000,11.348
2026/04/29 15:46:25,381000,11.353
2026/04/29 15:46:25,382000,11.345
2026/04/29 15:46:25,383000,11.342
2026/04/29 15:46:25,384000,11.342
2026/04/29 15:46:25,385000,11.348
2026/04/29 15:46:25,386000,11.345
2026/04/29 15:46:25,387000,11.345
2026/04/29 15:46:25,388000,11.345
2026/04/29 15:46:25,389000,11.345
2026/04/29 15:46:25,390000,11.342
2026/04/29 15:46:25,391000,11.348
2026/04/29 15:46:25,392000,11.342
2026/04/29 15:46:25,393000,11.348
2026/04/29 15:46:25,394000,11.336
2026/04/29 15:46:25,395000,11.345
2026/04/29 15:46:25,396000,11.348
2026/04/29 15:46:25,397000,11.345
2026/04/29 15:46:25,398000,11.348
2026/04/29 15:46:25,399000,11.356
2026/04/29 15:46:25,400000,11.342
2026/04/29 15:46:25,401000,11.345
2026/04/29 15:46:25,402000,11.348
2026/04/29 15:46:25,403000,11.345
2026/04/29 15:46:25,404000,11.345
2026/04/29 15:46:25,405000,11.348
2026/04/29 15:46:25,406000,11.353
2026/04/29 15:46:25,407000,11.345
2026/04/29 15:46:25,408000,11.342
2026/04/29 15:46:25,409000,11.345
2026/04/29 15:46:25,410000,11.348
2026/04/29 15:46:25,411000,11.339
2026/04/29 15:46:25,412000,11.353
2026/04/29 15:46:25,413000,11.345
2026/04/29 15:46:25,414000,11.345
2026/04/29 15:46:25,415000,11.345
2026/04/29 15:46:25,416000,11.348
2026/04/29 15:46:25,417000,11.350
2026/04/29 15:46:25,418000,11.348
2026/04/29 15:46:25,419000,11.350
2026/04/29 15:46:25,420000,11.356
2026/04/29 15:46:25,421000,11.350
2026/04/29 15:46:25,422000,11.345
2026/04/29 15:46:25,423000,11.342
2026/04/29 15:46:25,424000,11.348
2026/04/29 15:46:25,425000,11.342
2026/04/29 15:46:25,426000,11.348
2026/04/29 15:46:25,427000,11.345
2026/04/29 15:46:25,428000,11.345
2026/04/29 15:46:25,429000,11.342
2026/04/29 15:46:25,430000,11.350
2026/04/29 15:46:25,431000,11.356
2026/04/29 15:46:25,432000,11.345
2026/04/29 15:46:25,433000,11.345
2026/04/29 15:46:25,434000,11.342
2026/04/29 15:46:25,435000,11.353
2026/04/29 15:46:25,436000,11.345
2026/04/29 15:46:25,437000,11.350
2026/04/29 15:46:25,438000,11.339
2026/04/29 15:46:25,439000,11.348
2026/04/29 15:46:25,440000,11.350
2026/04/29 15:46:25,441000,11.348
2026/04/29 15:46:25,442000,11.348
2026/04/29 15:46:25,443000,11.348
2026/04/29 15:46:25,444000,11.348
2026/04/29 15:46:25,445000,11.345
2026/04/29 15:46:25,446000,11.348
2026/04/29 15:46:25,447000,11.348
2026/04/29 15:46:25,448000,11.348
2026/04/29 15:46:25,449000,11.348
2026/04/29 15:46:25,450000,11.348
2026/04/29 15:46:25,451000,11.345
2026/04/29 15:46:25,452000,11.348
2026/04/29 15:46:25,453000,11.345
2026/04/29 15:46:25,454000,11.342
2026/04/29 15:46:25,455000,11.345
2026/04/29 15:46:25,456000,11.342
2026/04/29 15:46:25,457000,11.342
2026/04/29 15:46:25,458000,11.359
2026/04/29 15:46:25,459000,11.348
2026/04/29 15:46:25,460000,11.353
2026/04/29 15:46:25,461000,11.342
2026/04/29 15:46:25,462000,11.345
2026/04/29 15:46:25,463000,11.350
2026/04/29 15:46:25,464000,11.350
2026/04/29 15:46:25,465000,11.350
2026/04/29 15:46:25,466000,11.348
2026/04/29 15:46:25,467000,11.345
2026/04/29 15:46:25,468000,11.336
2026/04/29 15:46:25,469000,11.350
2026/04/29 15:46:25,470000,11.336
2026/04/29 15:46:25,471000,11.348
2026/04/29 15:46:25,472000,11.350
2026/04/29 15:46:25,473000,11.348
2026/04/29 15:46:25,474000,11.350
2026/04/29 15:46:25,475000,11.348
2026/04/29 15:46:25,476000,11.345
2026/04/29 15:46:25,477000,11.345
2026/04/29 15:46:25,478000,11.348
2026/04/29 15:46:25,479000,11.348
2026/04/29 15:46:25,480000,11.353
2026/04/29 15:46:25,481000,11.342
2026/04/29 15:46:25,482000,11.348
2026/04/29 15:46:25,483000,11.348
2026/04/29 15:46:25,484000,11.345
2026/04/29 15:46:25,485000,11.345
2026/04/29 15:46:25,486000,11.348
2026/04/29 15:46:25,487000,11.348
2026/04/29 15:46:25,488000,11.350
2026/04/29 15:46:25,489000,11.345
2026/04/29 15:46:25,490000,11.350
2026/04/29 15:46:25,491000,11.350
2026/04/29 15:46:25,492000,11.348
2026/04/29 15:46:25,493000,11.345
2026/04/29 15:46:25,494000,11.348
2026/04/29 15:46:25,495000,11.348
2026/04/29 15:46:25,496000,11.345
2026/04/29 15:46:25,497000,11.342
2026/04/29 15:46:25,498000,11.345
2026/04/29 15:46:25,499000,11.353
2026/04/29 15:46:25,500000,11.348
2026/04/29 15:46:25,501000,11.356
2026/04/29 15:46:25,502000,11.348
2026/04/29 15:46:25,503000,11.345
2026/04/29 15:46:25,504000,11.350
2026/04/29 15:46:25,505000,11.345
2026/04/29 15:46:25,506000,11.350
2026/04/29 15:46:25,507000,11.348
2026/04/29 15:46:25,508000,11.350
2026/04/29 15:46:25,509000,11.345
2026/04/29 15:46:25,510000,11.348
2026/04/29 15:46:25,511000,11.342
2026/04/29 15:46:25,512000,11.348
2026/04/29 15:46:25,513000,11.345
2026/04/29 15:46:25,514000,11.350
2026/04/29 15:46:25,515000,11.348
2026/04/29 15:46:25,516000,11.345
2026/04/29 15:46:25,517000,11.350
2026/04/29 15:46:25,518000,11.348
2026/04/29 15:46:25,519000,11.348
2026/04/29 15:46:25,520000,11.345
2026/04/29 15:46:25,521000,11.342
2026/04/29 15:46:25,522000,11.342
2026/04/29 15:46:25,523000,11.350
2026/04/29 15:46:25,524000,11.345
2026/04/29 15:46:25,525000,11.342
2026/04/29 15:46:25,526000,11.345
2026/04/29 15:46:25,527000,11.350
2026/04/29 15:46:25,528000,11.345
2026/04/29 15:46:25,529000,11.345
2026/04/29 15:46:25,530000,11.348
2026/04/29 15:46:25,531000,11.345
2026/04/29 15:46:25,532000,11.336
2026/04/29 15:46:25,533000,11.348
2026/04/29 15:46:25,534000,11.348
2026/04/29 15:46:25,535000,11.342
2026/04/29 15:46:25,536000,11.348
2026/04/29 15:46:25,537000,11.336
2026/04/29 15:46:25,538000,11.350
2026/04/29 15:46:25,539000,11.345
2026/04/29 15:46:25,540000,11.348
2026/04/29 15:46:25,541000,11.348
2026/04/29 15:46:25,542000,11.348
2026/04/29 15:46:25,543000,11.348
2026/04/29 15:46:25,544000,11.345
2026/04/29 15:46:25,545000,11.339
2026/04/29 15:46:25,546000,11.345
2026/04/29 15:46:25,547000,11.342
2026/04/29 15:46:25,548000,11.345
2026/04/29 15:46:25,549000,11.345
2026/04/29 15:46:25,550000,11.345
2026/04/29 15:46:25,551000,11.342
2026/04/29 15:46:25,552000,11.348
2026/04/29 15:46:25,553000,11.348
2026/04/29 15:46:25,554000,11.342
2026/04/29 15:46:25,555000,11.348
2026/04/29 15:46:25,556000,11.336
2026/04/29 15:46:25,557000,11.339
2026/04/29 15:46:25,558000,11.345
2026/04/29 15:46:25,559000,11.348
2026/04/29 15:46:25,560000,11.345
2026/04/29 15:46:25,561000,11.348
2026/04/29 15:46:25,562000,11.339
2026/04/29 15:46:25,563000,11.348
2026/04/29 15:46:25,564000,11.348
2026/04/29 15:46:25,565000,11.345
2026/04/29 15:46:25,566000,11.350
2026/04/29 15:46:25,567000,11.345
2026/04/29 15:46:25,568000,11.345
2026/04/29 15:46:25,569000,11.348
2026/04/29 15:46:25,570000,11.345
2026/04/29 15:46:25,571000,11.345
2026/04/29 15:46:25,572000,11.348
2026/04/29 15:46:25,573000,11.348
2026/04/29 15:46:25,574000,11.342
2026/04/29 15:46:25,575000,11.345
2026/04/29 15:46:25,576000,11.336
2026/04/29 15:46:25,577000,11.345
2026/04/29 15:46:25,578000,11.350
2026/04/29 15:46:25,579000,11.348
2026/04/29 15:46:25,580000,11.348
2026/04/29 15:46:25,581000,11.339
2026/04/29 15:46:25,582000,11.348
2026/04/29 15:46:25,583000,11.350
2026/04/29 15:46:25,584000,11.348
2026/04/29 15:46:25,585000,11.345
2026/04/29 15:46:25,586000,11.353
2026/04/29 15:46:25,587000,11.345
2026/04/29 15:46:25,588000,11.342
2026/04/29 15:46:25,589000,11.345
2026/04/29 15:46:25,590000,11.342
2026/04/29 15:46:25,591000,11.345
2026/04/29 15:46:25,592000,11.342
2026/04/29 15:46:25,593000,11.348
2026/04/29 15:46:25,594000,11.342
2026/04/29 15:46:25,595000,11.345
2026/04/29 15:46:25,596000,11.345
2026/04/29 15:46:25,597000,11.345
2026/04/29 15:46:25,598000,11.345
2026/04/29 15:46:25,599000,11.336
2026/04/29 15:46:25,600000,11.348
2026/04/29 15:46:25,601000,11.348
2026/04/29 15:46:25,602000,11.345
2026/04/29 15:46:25,603000,11.348
2026/04/29 15:46:25,604000,11.345
2026/04/29 15:46:25,605000,11.348
2026/04/29 15:46:25,606000,11.345
2026/04/29 15:46:25,607000,11.348
2026/04/29 15:46:25,608000,11.350
2026/04/29 15:46:25,609000,11.339
2026/04/29 15:46:25,610000,11.336
2026/04/29 15:46:25,611000,11.345
2026/04/29 15:46:25,612000,11.345
2026/04/29 15:46:25,613000,11.348
2026/04/29 15:46:25,614000,11.342
2026/04/29 15:46:25,615000,11.348
2026/04/29 15:46:25,616000,11.342
2026/04/29 15:46:25,617000,11.348
2026/04/29 15:46:25,618000,11.336
2026/04/29 15:46:25,619000,11.345
2026/04/29 15:46:25,620000,11.345
2026/04/29 15:46:25,621000,11.345
2026/04/29 15:46:25,622000,11.348
2026/04/29 15:46:25,623000,11.339
2026/04/29 15:46:25,624000,11.342
2026/04/29 15:46:25,625000,11.348
2026/04/29 15:46:25,626000,11.336
2026/04/29 15:46:25,627000,11.336
2026/04/29 15:46:25,628000,11.345
2026/04/29 15:46:25,629000,11.342
2026/04/29 15:46:25,630000,11.345
2026/04/29 15:46:25,631000,11.342
2026/04/29 15:46:25,632000,11.336
2026/04/29 15:46:25,633000,11.339
2026/04/29 15:46:25,634000,11.348
2026/04/29 15:46:25,635000,11.345
2026/04/29 15:46:25,636000,11.336
2026/04/29 15:46:25,637000,11.336
2026/04/29 15:46:25,638000,11.342
2026/04/29 15:46:25,639000,11.339
2026/04/29 15:46:25,640000,11.342
2026/04/29 15:46:25,641000,11.336
2026/04/29 15:46:25,642000,11.342
2026/04/29 15:46:25,643000,11.342
2026/04/29 15:46:25,644000,11.342
2026/04/29 15:46:25,645000,11.342
2026/04/29 15:46:25,646000,11.339
2026/04/29 15:46:25,647000,11.342
2026/04/29 15:46:25,648000,11.348
2026/04/29 15:46:25,649000,11.348
2026/04/29 15:46:25,650000,11.336
2026/04/29 15:46:25,651000,11.339
2026/04/29 15:46:25,652000,11.342
2026/04/29 15:46:25,653000,11.342
2026/04/29 15:46:25,654000,11.353
2026/04/29 15:46:25,655000,11.336
2026/04/29 15:46:25,656000,11.339
2026/04/29 15:46:25,657000,11.336
2026/04/29 15:46:25,658000,11.342
2026/04/29 15:46:25,659000,11.348
2026/04/29 15:46:25,660000,11.339
2026/04/29 15:46:25,661000,11.345
2026/04/29 15:46:25,662000,11.345
2026/04/29 15:46:25,663000,11.342
2026/04/29 15:46:25,664000,11.336
2026/04/29 15:46:25,665000,11.345
2026/04/29 15:46:25,666000,11.342
2026/04/29 15:46:25,667000,11.342
2026/04/29 15:46:25,668000,11.339
2026/04/29 15:46:25,669000,11.345
2026/04/29 15:46:25,670000,11.345
2026/04/29 15:46:25,671000,11.345
2026/04/29 15:46:25,672000,11.342
2026/04/29 15:46:25,673000,11.339
2026/04/29 15:46:25,674000,11.342
2026/04/29 15:46:25,675000,11.345
2026/04/29 15:46:25,676000,11.342
2026/04/29 15:46:25,677000,11.348
2026/04/29 15:46:25,678000,11.336
2026/04/29 15:46:25,679000,11.345
2026/04/29 15:46:25,680000,11.345
2026/04/29 15:46:25,681000,11.345
2026/04/29 15:46:25,682000,11.350
2026/04/29 15:46:25,683000,11.339
2026/04/29 15:46:25,684000,11.331
2026/04/29 15:46:25,685000,11.345
2026/04/29 15:46:25,686000,11.345
2026/04/29 15:46:25,687000,11.339
2026/04/29 15:46:25,688000,11.339
2026/04/29 15:46:25,689000,11.342
2026/04/29 15:46:25,690000,11.339
2026/04/29 15:46:25,691000,11.350
2026/04/29 15:46:25,692000,11.342
2026/04/29 15:46:25,693000,11.345
2026/04/29 15:46:25,694000,11.348
2026/04/29 15:46:25,695000,11.345
2026/04/29 15:46:25,696000,11.345
2026/04/29 15:46:25,697000,11.356
2026/04/29 15:46:25,698000,11.339
2026/04/29 15:46:25,699000,11.348
2026/04/29 15:46:25,700000,11.350
2026/04/29 15:46:25,701000,11.348
2026/04/29 15:46:25,702000,11.348
2026/04/29 15:46:25,703000,11.348
2026/04/29 15:46:25,704000,11.345
2026/04/29 15:46:25,705000,11.342
2026/04/29 15:46:25,706000,11.342
2026/04/29 15:46:25,707000,11.348
2026/04/29 15:46:25,708000,11.336
2026/04/29 15:46:25,709000,11.342
2026/04/29 15:46:25,710000,11.345
2026/04/29 15:46:25,711000,11.345
2026/04/29 15:46:25,712000,11.345
2026/04/29 15:46:25,713000,11.345
2026/04/29 15:46:25,714000,11.348
2026/04/29 15:46:25,715000,11.342
2026/04/29 15:46:25,716000,11.350
2026/04/29 15:46:25,717000,11.342
2026/04/29 15:46:25,718000,11.348
2026/04/29 15:46:25,719000,11.342
2026/04/29 15:46:25,720000,11.353
2026/04/29 15:46:25,721000,11.342
2026/04/29 15:46:25,722000,11.345
2026/04/29 15:46:25,723000,11.345
2026/04/29 15:46:25,724000,11.345
2026/04/29 15:46:25,725000,11.350
2026/04/29 15:46:25,726000,11.348
2026/04/29 15:46:25,727000,11.345
2026/04/29 15:46:25,728000,11.348
2026/04/29 15:46:25,729000,11.345
2026/04/29 15:46:25,730000,11.348
2026/04/29 15:46:25,731000,11.348
2026/04/29 15:46:25,732000,11.336
2026/04/29 15:46:25,733000,11.345
2026/04/29 15:46:25,734000,11.348
2026/04/29 15:46:25,735000,11.348
2026/04/29 15:46:25,736000,11.342
2026/04/29 15:46:25,737000,11.342
2026/04/29 15:46:25,738000,11.350
2026/04/29 15:46:25,739000,11.345
2026/04/29 15:46:25,740000,11.348
2026/04/29 15:46:25,741000,11.348
2026/04/29 15:46:25,742000,11.345
2026/04/29 15:46:25,743000,11.339
2026/04/29 15:46:25,744000,11.345
2026/04/29 15:46:25,745000,11.345
2026/04/29 15:46:25,746000,11.345
2026/04/29 15:46:25,747000,11.342
2026/04/29 15:46:25,748000,11.348
2026/04/29 15:46:25,749000,11.348
2026/04/29 15:46:25,750000,11.342
2026/04/29 15:46:25,751000,11.345
2026/04/29 15:46:25,752000,11.348
2026/04/29 15:46:25,753000,11.350
2026/04/29 15:46:25,754000,11.336
2026/04/29 15:46:25,755000,11.342
2026/04/29 15:46:25,756000,11.342
2026/04/29 15:46:25,757000,11.345
2026/04/29 15:46:25,758000,11.345
2026/04/29 15:46:25,759000,11.342
2026/04/29 15:46:25,760000,11.348
2026/04/29 15:46:25,761000,11.339
2026/04/29 15:46:25,762000,11.345
2026/04/29 15:46:25,763000,11.345
2026/04/29 15:46:25,764000,11.345
2026/04/29 15:46:25,765000,11.339
2026/04/29 15:46:25,766000,11.345
2026/04/29 15:46:25,767000,11.342
2026/04/29 15:46:25,768000,11.345
2026/04/29 15:46:25,769000,11.342
2026/04/29 15:46:25,770000,11.345
2026/04/29 15:46:25,771000,11.345
2026/04/29 15:46:25,772000,11.353
2026/04/29 15:46:25,773000,11.342
2026/04/29 15:46:25,774000,11.342
2026/04/29 15:46:25,775000,11.345
2026/04/29 15:46:25,776000,11.336
2026/04/29 15:46:25,777000,11.345
2026/04/29 15:46:25,778000,11.348
2026/04/29 15:46:25,779000,11.350
2026/04/29 15:46:25,780000,11.334
2026/04/29 15:46:25,781000,11.336
2026/04/29 15:46:25,782000,11.342
2026/04/29 15:46:25,783000,11.345
2026/04/29 15:46:25,784000,11.339
2026/04/29 15:46:25,785000,11.345
2026/04/29 15:46:25,786000,11.348
2026/04/29 15:46:25,787000,11.348
2026/04/29 15:46:25,788000,11.339
2026/04/29 15:46:25,789000,11.334
2026/04/29 15:46:25,790000,11.345
2026/04/29 15:46:25,791000,11.342
2026/04/29 15:46:25,792000,11.345
2026/04/29 15:46:25,793000,11.345
2026/04/29 15:46:25,794000,11.348
2026/04/29 15:46:25,795000,11.342
2026/04/29 15:46:25,796000,11.342
2026/04/29 15:46:25,797000,11.345
2026/04/29 15:46:25,798000,11.336
2026/04/29 15:46:25,799000,11.345
2026/04/29 15:46:25,800000,11.339
2026/04/29 15:46:25,801000,11.339
2026/04/29 15:46:25,802000,11.336
2026/04/29 15:46:25,803000,11.342
2026/04/29 15:46:25,804000,11.339
2026/04/29 15:46:25,805000,11.342
2026/04/29 15:46:25,806000,11.345
2026/04/29 15:46:25,807000,11.336
2026/04/29 15:46:25,808000,11.345
2026/04/29 15:46:25,809000,11.336
2026/04/29 15:46:25,810000,11.334
2026/04/29 15:46:25,811000,11.336
2026/04/29 15:46:25,812000,11.342
2026/04/29 15:46:25,813000,11.342
2026/04/29 15:46:25,814000,11.345
2026/04/29 15:46:25,815000,11.345
2026/04/29 15:46:25,816000,11.345
2026/04/29 15:46:25,817000,11.348
2026/04/29 15:46:25,818000,11.334
2026/04/29 15:46:25,819000,11.348
2026/04/29 15:46:25,820000,11.342
2026/04/29 15:46:25,821000,11.348
2026/04/29 15:46:25,822000,11.339
2026/04/29 15:46:25,823000,11.336
2026/04/29 15:46:25,824000,11.345
2026/04/29 15:46:25,825000,11.339
2026/04/29 15:46:25,826000,11.348
2026/04/29 15:46:25,827000,11.336
2026/04/29 15:46:25,828000,11.342
2026/04/29 15:46:25,829000,11.339
2026/04/29 15:46:25,830000,11.336
2026/04/29 15:46:25,831000,11.342
2026/04/29 15:46:25,832000,11.348
2026/04/29 15:46:25,833000,11.336
2026/04/29 15:46:25,834000,11.348
2026/04/29 15:46:25,835000,11.342
2026/04/29 15:46:25,836000,11.336
2026/04/29 15:46:25,837000,11.336
2026/04/29 15:46:25,838000,11.339
2026/04/29 15:46:25,839000,11.345
2026/04/29 15:46:25,840000,11.345
2026/04/29 15:46:25,841000,11.342
2026/04/29 15:46:25,842000,11.339
2026/04/29 15:46:25,843000,11.345
2026/04/29 15:46:25,844000,11.342
2026/04/29 15:46:25,845000,11.342
2026/04/29 15:46:25,846000,11.342
2026/04/29 15:46:25,847000,11.345
2026/04/29 15:46:25,848000,11.345
2026/04/29 15:46:25,849000,11.336
2026/04/29 15:46:25,850000,11.336
2026/04/29 15:46:25,851000,11.336
2026/04/29 15:46:25,852000,11.336
2026/04/29 15:46:25,853000,11.348
2026/04/29 15:46:25,854000,11.336
2026/04/29 15:46:25,855000,11.342
2026/04/29 15:46:25,856000,11.336
2026/04/29 15:46:25,857000,11.339
2026/04/29 15:46:25,858000,11.339
2026/04/29 15:46:25,859000,11.336
2026/04/29 15:46:25,860000,11.345
2026/04/29 15:46:25,861000,11.348
2026/04/29 15:46:25,862000,11.342
2026/04/29 15:46:25,863000,11.339
2026/04/29 15:46:25,864000,11.342
2026/04/29 15:46:25,865000,11.336
2026/04/29 15:46:25,866000,11.348
2026/04/29 15:46:25,867000,11.345
2026/04/29 15:46:25,868000,11.345
2026/04/29 15:46:25,869000,11.342
2026/04/29 15:46:25,870000,11.339
2026/04/29 15:46:25,871000,11.336
2026/04/29 15:46:25,872000,11.336
2026/04/29 15:46:25,873000,11.342
2026/04/29 15:46:25,874000,11.336
2026/04/29 15:46:25,875000,11.336
2026/04/29 15:46:25,876000,11.342
2026/04/29 15:46:25,877000,11.348
2026/04/29 15:46:25,878000,11.348
2026/04/29 15:46:25,879000,11.342
2026/04/29 15:46:25,880000,11.342
2026/04/29 15:46:25,881000,11.342
2026/04/29 15:46:25,882000,11.345
2026/04/29 15:46:25,883000,11.345
2026/04/29 15:46:25,884000,11.348
2026/04/29 15:46:25,885000,11.339
2026/04/29 15:46:25,886000,11.336
2026/04/29 15:46:25,887000,11.348
2026/04/29 15:46:25,888000,11.339
2026/04/29 15:46:25,889000,11.342
2026/04/29 15:46:25,890000,11.339
2026/04/29 15:46:25,891000,11.342
2026/04/29 15:46:25,892000,11.345
2026/04/29 15:46:25,893000,11.345
2026/04/29 15:46:25,894000,11.348
2026/04/29 15:46:25,895000,11.350
2026/04/29 15:46:25,896000,11.342
2026/04/29 15:46:25,897000,11.336
2026/04/29 15:46:25,898000,11.339
2026/04/29 15:46:25,899000,11.345
2026/04/29 15:46:25,900000,11.348
2026/04/29 15:46:25,901000,11.342
2026/04/29 15:46:25,902000,11.348
2026/04/29 15:46:25,903000,11.348
2026/04/29 15:46:25,904000,11.348
2026/04/29 15:46:25,905000,11.348
2026/04/29 15:46:25,906000,11.342
2026/04/29 15:46:25,907000,11.345
2026/04/29 15:46:25,908000,11.350
2026/04/29 15:46:25,909000,11.348
2026/04/29 15:46:25,910000,11.342
2026/04/29 15:46:25,911000,11.345
2026/04/29 15:46:25,912000,11.342
2026/04/29 15:46:25,913000,11.342
2026/04/29 15:46:25,914000,11.348
2026/04/29 15:46:25,915000,11.350
2026/04/29 15:46:25,916000,11.348
2026/04/29 15:46:25,917000,11.348
2026/04/29 15:46:25,918000,11.345
2026/04/29 15:46:25,919000,11.348
2026/04/29 15:46:25,920000,11.348
2026/04/29 15:46:25,921000,11.345
2026/04/29 15:46:25,922000,11.345
2026/04/29 15:46:25,923000,11.345
2026/04/29 15:46:25,924000,11.348
2026/04/29 15:46:25,925000,11.345
2026/04/29 15:46:25,926000,11.348
2026/04/29 15:46:25,927000,11.348
2026/04/29 15:46:25,928000,11.345
2026/04/29 15:46:25,929000,11.348
2026/04/29 15:46:25,930000,11.348
2026/04/29 15:46:25,931000,11.348
2026/04/29 15:46:25,932000,11.345
2026/04/29 15:46:25,933000,11.348
2026/04/29 15:46:25,934000,11.345
2026/04/29 15:46:25,935000,11.348
2026/04/29 15:46:25,936000,11.350
2026/04/29 15:46:25,937000,11.339
2026/04/29 15:46:25,938000,11.350
2026/04/29 15:46:25,939000,11.342
2026/04/29 15:46:25,940000,11.345
2026/04/29 15:46:25,941000,11.342
2026/04/29 15:46:25,942000,11.356
2026/04/29 15:46:25,943000,11.350
2026/04/29 15:46:25,944000,11.339
2026/04/29 15:46:25,945000,11.350
2026/04/29 15:46:25,946000,11.345
2026/04/29 15:46:25,947000,11.342
2026/04/29 15:46:25,948000,11.345
2026/04/29 15:46:25,949000,11.348
2026/04/29 15:46:25,950000,11.350
2026/04/29 15:46:25,951000,11.342
2026/04/29 15:46:25,952000,11.348
2026/04/29 15:46:25,953000,11.350
2026/04/29 15:46:25,954000,11.350
2026/04/29 15:46:25,955000,11.345
2026/04/29 15:46:25,956000,11.356
2026/04/29 15:46:25,957000,11.345
2026/04/29 15:46:25,958000,11.348
2026/04/29 15:46:25,959000,11.353
2026/04/29 15:46:25,960000,11.345
2026/04/29 15:46:25,961000,11.342
2026/04/29 15:46:25,962000,11.342
2026/04/29 15:46:25,963000,11.342
2026/04/29 15:46:25,964000,11.342
2026/04/29 15:46:25,965000,11.345
2026/04/29 15:46:25,966000,11.345
2026/04/29 15:46:25,967000,11.336
2026/04/29 15:46:25,968000,11.345
2026/04/29 15:46:25,969000,11.353
2026/04/29 15:46:25,970000,11.342
2026/04/29 15:46:25,971000,11.345
2026/04/29 15:46:25,972000,11.342
2026/04/29 15:46:25,973000,11.345
2026/04/29 15:46:25,974000,11.348
2026/04/29 15:46:25,975000,11.350
2026/04/29 15:46:25,976000,11.345
2026/04/29 15:46:25,977000,11.342
2026/04/29 15:46:25,978000,11.348
2026/04/29 15:46:25,979000,11.342
2026/04/29 15:46:25,980000,11.334
2026/04/29 15:46:25,981000,11.342
2026/04/29 15:46:25,982000,11.348
2026/04/29 15:46:25,983000,11.336
2026/04/29 15:46:25,984000,11.342
2026/04/29 15:46:25,985000,11.348
2026/04/29 15:46:25,986000,11.345
2026/04/29 15:46:25,987000,11.345
2026/04/29 15:46:25,988000,11.342
2026/04/29 15:46:25,989000,11.342
2026/04/29 15:46:25,990000,11.345
2026/04/29 15:46:25,991000,11.339
2026/04/29 15:46:25,992000,11.345
2026/04/29 15:46:25,993000,11.345
2026/04/29 15:46:25,994000,11.345
2026/04/29 15:46:25,995000,11.336
2026/04/29 15:46:25,996000,11.345
2026/04/29 15:46:25,997000,11.342
2026/04/29 15:46:25,998000,11.345
2026/04/29 15:46:25,999000,11.336
2026/04/29 15:46:26,000000,11.342
2026/04/29 15:46:26,001000,11.342
2026/04/29 15:46:26,002000,11.339
2026/04/29 15:46:26,003000,11.334
2026/04/29 15:46:26,004000,11.345
2026/04/29 15:46:26,005000,11.345
2026/04/29 15:46:26,006000,11.345
2026/04/29 15:46:26,007000,11.339
2026/04/29 15:46:26,008000,11.342
2026/04/29 15:46:26,009000,11.342
2026/04/29 15:46:26,010000,11.339
2026/04/29 15:46:26,011000,11.342
2026/04/29 15:46:26,012000,11.345
2026/04/29 15:46:26,013000,11.345
2026/04/29 15:46:26,014000,11.339
2026/04/29 15:46:26,015000,11.348
2026/04/29 15:46:26,016000,11.348
2026/04/29 15:46:26,017000,11.342
2026/04/29 15:46:26,018000,11.348
2026/04/29 15:46:26,019000,11.345
2026/04/29 15:46:26,020000,11.345
2026/04/29 15:46:26,021000,11.342
2026/04/29 15:46:26,022000,11.328
2026/04/29 15:46:26,023000,11.336
2026/04/29 15:46:26,024000,11.336
2026/04/29 15:46:26,025000,11.336
2026/04/29 15:46:26,026000,11.345
2026/04/29 15:46:26,027000,11.342
2026/04/29 15:46:26,028000,11.339
2026/04/29 15:46:26,029000,11.339
2026/04/29 15:46:26,030000,11.345
2026/04/29 15:46:26,031000,11.342
2026/04/29 15:46:26,032000,11.336
2026/04/29 15:46:26,033000,11.350
2026/04/29 15:46:26,034000,11.342
2026/04/29 15:46:26,035000,11.345
2026/04/29 15:46:26,036000,11.336
2026/04/29 15:46:26,037000,11.345
2026/04/29 15:46:26,038000,11.348
2026/04/29 15:46:26,039000,11.345
2026/04/29 15:46:26,040000,11.339
2026/04/29 15:46:26,041000,11.342
2026/04/29 15:46:26,042000,11.348
2026/04/29 15:46:26,043000,11.342
2026/04/29 15:46:26,044000,11.339
2026/04/29 15:46:26,045000,11.342
2026/04/29 15:46:26,046000,11.345
2026/04/29 15:46:26,047000,11.339
2026/04/29 15:46:26,048000,11.342
2026/04/29 15:46:26,049000,11.345
2026/04/29 15:46:26,050000,11.345
2026/04/29 15:46:26,051000,11.345
2026/04/29 15:46:26,052000,11.336
2026/04/29 15:46:26,053000,11.345
2026/04/29 15:46:26,054000,11.345
2026/04/29 15:46:26,055000,11.336
2026/04/29 15:46:26,056000,11.348
2026/04/29 15:46:26,057000,11.342
2026/04/29 15:46:26,058000,11.342
2026/04/29 15:46:26,059000,11.336
2026/04/29 15:46:26,060000,11.345
2026/04/29 15:46:26,061000,11.342
2026/04/29 15:46:26,062000,11.339
2026/04/29 15:46:26,063000,11.345
2026/04/29 15:46:26,064000,11.345
2026/04/29 15:46:26,065000,11.353
2026/04/29 15:46:26,066000,11.342
2026/04/29 15:46:26,067000,11.342
2026/04/29 15:46:26,068000,11.339
2026/04/29 15:46:26,069000,11.345
2026/04/29 15:46:26,070000,11.342
2026/04/29 15:46:26,071000,11.345
2026/04/29 15:46:26,072000,11.339
2026/04/29 15:46:26,073000,11.342
2026/04/29 15:46:26,074000,11.336
2026/04/29 15:46:26,075000,11.348
2026/04/29 15:46:26,076000,11.345
2026/04/29 15:46:26,077000,11.348
2026/04/29 15:46:26,078000,11.348
2026/04/29 15:46:26,079000,11.345
2026/04/29 15:46:26,080000,11.348
2026/04/29 15:46:26,081000,11.342
2026/04/29 15:46:26,082000,11.348
2026/04/29 15:46:26,083000,11.345
2026/04/29 15:46:26,084000,11.350
2026/04/29 15:46:26,085000,11.350
2026/04/29 15:46:26,086000,11.345
2026/04/29 15:46:26,087000,11.345
2026/04/29 15:46:26,088000,11.348
2026/04/29 15:46:26,089000,11.339
2026/04/29 15:46:26,090000,11.345
2026/04/29 15:46:26,091000,11.356
2026/04/29 15:46:26,092000,11.348
2026/04/29 15:46:26,093000,11.345
2026/04/29 15:46:26,094000,11.345
2026/04/29 15:46:26,095000,11.339
2026/04/29 15:46:26,096000,11.345
2026/04/29 15:46:26,097000,11.345
2026/04/29 15:46:26,098000,11.348
2026/04/29 15:46:26,099000,11.348
2026/04/29 15:46:26,100000,11.339
2026/04/29 15:46:26,101000,11.342
2026/04/29 15:46:26,102000,11.350
2026/04/29 15:46:26,103000,11.345
2026/04/29 15:46:26,104000,11.345
2026/04/29 15:46:26,105000,11.348
2026/04/29 15:46:26,106000,11.350
2026/04/29 15:46:26,107000,11.345
2026/04/29 15:46:26,108000,11.348
2026/04/29 15:46:26,109000,11.345
2026/04/29 15:46:26,110000,11.345
2026/04/29 15:46:26,111000,11.348
2026/04/29 15:46:26,112000,11.342
2026/04/29 15:46:26,113000,11.350
2026/04/29 15:46:26,114000,11.342
2026/04/29 15:46:26,115000,11.339
2026/04/29 15:46:26,116000,11.345
2026/04/29 15:46:26,117000,11.348
2026/04/29 15:46:26,118000,11.348
2026/04/29 15:46:26,119000,11.348
2026/04/29 15:46:26,120000,11.345
2026/04/29 15:46:26,121000,11.353
2026/04/29 15:46:26,122000,11.342
2026/04/29 15:46:26,123000,11.342
2026/04/29 15:46:26,124000,11.345
2026/04/29 15:46:26,125000,11.345
2026/04/29 15:46:26,126000,11.345
2026/04/29 15:46:26,127000,11.350
2026/04/29 15:46:26,128000,11.345
2026/04/29 15:46:26,129000,11.342
2026/04/29 15:46:26,130000,11.348
2026/04/29 15:46:26,131000,11.345
2026/04/29 15:46:26,132000,11.345
2026/04/29 15:46:26,133000,11.336
2026/04/29 15:46:26,134000,11.348
2026/04/29 15:46:26,135000,11.345
2026/04/29 15:46:26,136000,11.348
2026/04/29 15:46:26,137000,11.348
2026/04/29 15:46:26,138000,11.345
2026/04/29 15:46:26,139000,11.348
2026/04/29 15:46:26,140000,11.353
2026/04/29 15:46:26,141000,11.345
2026/04/29 15:46:26,142000,11.345
2026/04/29 15:46:26,143000,11.342
2026/04/29 15:46:26,144000,11.348
2026/04/29 15:46:26,145000,11.345
2026/04/29 15:46:26,146000,11.348
2026/04/29 15:46:26,147000,11.342
2026/04/29 15:46:26,148000,11.336
2026/04/29 15:46:26,149000,11.334
2026/04/29 15:46:26,150000,11.345
2026/04/29 15:46:26,151000,11.336
2026/04/29 15:46:26,152000,11.342
2026/04/29 15:46:26,153000,11.348
2026/04/29 15:46:26,154000,11.336
2026/04/29 15:46:26,155000,11.339
2026/04/29 15:46:26,156000,11.336
2026/04/29 15:46:26,157000,11.345
2026/04/29 15:46:26,158000,11.345
2026/04/29 15:46:26,159000,11.348
2026/04/29 15:46:26,160000,11.339
2026/04/29 15:46:26,161000,11.342
2026/04/29 15:46:26,162000,11.336
2026/04/29 15:46:26,163000,11.342
2026/04/29 15:46:26,164000,11.334
2026/04/29 15:46:26,165000,11.336
2026/04/29 15:46:26,166000,11.336
2026/04/29 15:46:26,167000,11.345
2026/04/29 15:46:26,168000,11.348
2026/04/29 15:46:26,169000,11.345
2026/04/29 15:46:26,170000,11.345
2026/04/29 15:46:26,171000,11.345
2026/04/29 15:46:26,172000,11.345
2026/04/29 15:46:26,173000,11.339
2026/04/29 15:46:26,174000,11.339
2026/04/29 15:46:26,175000,11.342
2026/04/29 15:46:26,176000,11.342
2026/04/29 15:46:26,177000,11.336
2026/04/29 15:46:26,178000,11.339
2026/04/29 15:46:26,179000,11.345
2026/04/29 15:46:26,180000,11.342
2026/04/29 15:46:26,181000,11.339
2026/04/29 15:46:26,182000,11.342
2026/04/29 15:46:26,183000,11.342
2026/04/29 15:46:26,184000,11.345
2026/04/29 15:46:26,185000,11.345
2026/04/29 15:46:26,186000,11.336
2026/04/29 15:46:26,187000,11.345
2026/04/29 15:46:26,188000,11.334
2026/04/29 15:46:26,189000,11.348
2026/04/29 15:46:26,190000,11.342
2026/04/29 15:46:26,191000,11.345
2026/04/29 15:46:26,192000,11.339
2026/04/29 15:46:26,193000,11.348
2026/04/29 15:46:26,194000,11.345
2026/04/29 15:46:26,195000,11.336
2026/04/29 15:46:26,196000,11.342
2026/04/29 15:46:26,197000,11.342
2026/04/29 15:46:26,198000,11.345
2026/04/29 15:46:26,199000,11.339
2026/04/29 15:46:26,200000,11.339
2026/04/29 15:46:26,201000,11.345
2026/04/29 15:46:26,202000,11.339
2026/04/29 15:46:26,203000,11.345
2026/04/29 15:46:26,204000,11.339
2026/04/29 15:46:26,205000,11.339
2026/04/29 15:46:26,206000,11.339
2026/04/29 15:46:26,207000,11.339
2026/04/29 15:46:26,208000,11.345
2026/04/29 15:46:26,209000,11.336
2026/04/29 15:46:26,210000,11.336
2026/04/29 15:46:26,211000,11.334
2026/04/29 15:46:26,212000,11.336
2026/04/29 15:46:26,213000,11.342
2026/04/29 15:46:26,214000,11.336
2026/04/29 15:46:26,215000,11.348
2026/04/29 15:46:26,216000,11.334
2026/04/29 15:46:26,217000,11.345
2026/04/29 15:46:26,218000,11.339
2026/04/29 15:46:26,219000,11.345
2026/04/29 15:46:26,220000,11.342
2026/04/29 15:46:26,221000,11.334
2026/04/29 15:46:26,222000,11.339
2026/04/29 15:46:26,223000,11.342
2026/04/29 15:46:26,224000,11.331
2026/04/29 15:46:26,225000,11.345
2026/04/29 15:46:26,226000,11.339
2026/04/29 15:46:26,227000,11.334
2026/04/29 15:46:26,228000,11.339
2026/04/29 15:46:26,229000,11.339
2026/04/29 15:46:26,230000,11.336
2026/04/29 15:46:26,231000,11.345
2026/04/29 15:46:26,232000,11.342
2026/04/29 15:46:26,233000,11.339
2026/04/29 15:46:26,234000,11.339
2026/04/29 15:46:26,235000,11.345
2026/04/29 15:46:26,236000,11.342
2026/04/29 15:46:26,237000,11.345
2026/04/29 15:46:26,238000,11.345
2026/04/29 15:46:26,239000,11.336
2026/04/29 15:46:26,240000,11.348
2026/04/29 15:46:26,241000,11.336
2026/04/29 15:46:26,242000,11.336
2026/04/29 15:46:26,243000,11.339
2026/04/29 15:46:26,244000,11.339
2026/04/29 15:46:26,245000,11.339
2026/04/29 15:46:26,246000,11.345
2026/04/29 15:46:26,247000,11.348
2026/04/29 15:46:26,248000,11.345
2026/04/29 15:46:26,249000,11.345
2026/04/29 15:46:26,250000,11.342
2026/04/29 15:46:26,251000,11.336
2026/04/29 15:46:26,252000,11.345
2026/04/29 15:46:26,253000,11.342
2026/04/29 15:46:26,254000,11.342
2026/04/29 15:46:26,255000,11.348
2026/04/29 15:46:26,256000,11.350
2026/04/29 15:46:26,257000,11.342
2026/04/29 15:46:26,258000,11.336
2026/04/29 15:46:26,259000,11.342
2026/04/29 15:46:26,260000,11.345
2026/04/29 15:46:26,261000,11.342
2026/04/29 15:46:26,262000,11.350
2026/04/29 15:46:26,263000,11.348
2026/04/29 15:46:26,264000,11.336
2026/04/29 15:46:26,265000,11.342
2026/04/29 15:46:26,266000,11.336
2026/04/29 15:46:26,267000,11.348
2026/04/29 15:46:26,268000,11.353
2026/04/29 15:46:26,269000,11.348
2026/04/29 15:46:26,270000,11.345
2026/04/29 15:46:26,271000,11.348
2026/04/29 15:46:26,272000,11.345
2026/04/29 15:46:26,273000,11.339
2026/04/29 15:46:26,274000,11.342
2026/04/29 15:46:26,275000,11.345
2026/04/29 15:46:26,276000,11.345
2026/04/29 15:46:26,277000,11.342
2026/04/29 15:46:26,278000,11.336
2026/04/29 15:46:26,279000,11.345
2026/04/29 15:46:26,280000,11.348
2026/04/29 15:46:26,281000,11.342
2026/04/29 15:46:26,282000,11.345
2026/04/29 15:46:26,283000,11.348
2026/04/29 15:46:26,284000,11.345
2026/04/29 15:46:26,285000,11.348
2026/04/29 15:46:26,286000,11.345
2026/04/29 15:46:26,287000,11.345
2026/04/29 15:46:26,288000,11.342
2026/04/29 15:46:26,289000,11.342
2026/04/29 15:46:26,290000,11.342
2026/04/29 15:46:26,291000,11.345
2026/04/29 15:46:26,292000,11.345
2026/04/29 15:46:26,293000,11.345
2026/04/29 15:46:26,294000,11.342
2026/04/29 15:46:26,295000,11.345
2026/04/29 15:46:26,296000,11.345
2026/04/29 15:46:26,297000,11.345
2026/04/29 15:46:26,298000,11.345
2026/04/29 15:46:26,299000,11.342
2026/04/29 15:46:26,300000,11.339
2026/04/29 15:46:26,301000,11.345
2026/04/29 15:46:26,302000,11.353
2026/04/29 15:46:26,303000,11.339
2026/04/29 15:46:26,304000,11.345
2026/04/29 15:46:26,305000,11.345
2026/04/29 15:46:26,306000,11.342
2026/04/29 15:46:26,307000,11.336
2026/04/29 15:46:26,308000,11.345
2026/04/29 15:46:26,309000,11.345
2026/04/29 15:46:26,310000,11.348
2026/04/29 15:46:26,311000,11.348
2026/04/29 15:46:26,312000,11.345
2026/04/29 15:46:26,313000,11.348
2026/04/29 15:46:26,314000,11.336
2026/04/29 15:46:26,315000,11.342
2026/04/29 15:46:26,316000,11.336
2026/04/29 15:46:26,317000,11.342
2026/04/29 15:46:26,318000,11.345
2026/04/29 15:46:26,319000,11.348
2026/04/29 15:46:26,320000,11.345
2026/04/29 15:46:26,321000,11.342
2026/04/29 15:46:26,322000,11.348
2026/04/29 15:46:26,323000,11.345
2026/04/29 15:46:26,324000,11.342
2026/04/29 15:46:26,325000,11.345
2026/04/29 15:46:26,326000,11.345
2026/04/29 15:46:26,327000,11.345
2026/04/29 15:46:26,328000,11.345
2026/04/29 15:46:26,329000,11.345
2026/04/29 15:46:26,330000,11.348
2026/04/29 15:46:26,331000,11.348
2026/04/29 15:46:26,332000,11.336
2026/04/29 15:46:26,333000,11.342
2026/04/29 15:46:26,334000,11.339
2026/04/29 15:46:26,335000,11.336
2026/04/29 15:46:26,336000,11.339
2026/04/29 15:46:26,337000,11.339
2026/04/29 15:46:26,338000,11.345
2026/04/29 15:46:26,339000,11.345
2026/04/29 15:46:26,340000,11.345
2026/04/29 15:46:26,341000,11.348
2026/04/29 15:46:26,342000,11.336
2026/04/29 15:46:26,343000,11.339
2026/04/29 15:46:26,344000,11.342
2026/04/29 15:46:26,345000,11.339
2026/04/29 15:46:26,346000,11.345
2026/04/29 15:46:26,347000,11.336
2026/04/29 15:46:26,348000,11.336
2026/04/29 15:46:26,349000,11.339
2026/04/29 15:46:26,350000,11.345
2026/04/29 15:46:26,351000,11.336
2026/04/29 15:46:26,352000,11.342
2026/04/29 15:46:26,353000,11.345
2026/04/29 15:46:26,354000,11.345
2026/04/29 15:46:26,355000,11.339
2026/04/29 15:46:26,356000,11.345
2026/04/29 15:46:26,357000,11.345
2026/04/29 15:46:26,358000,11.345
2026/04/29 15:46:26,359000,11.334
2026/04/29 15:46:26,360000,11.345
2026/04/29 15:46:26,361000,11.342
2026/04/29 15:46:26,362000,11.342
2026/04/29 15:46:26,363000,11.339
2026/04/29 15:46:26,364000,11.342
2026/04/29 15:46:26,365000,11.336
2026/04/29 15:46:26,366000,11.339
2026/04/29 15:46:26,367000,11.336
2026/04/29 15:46:26,368000,11.336
2026/04/29 15:46:26,369000,11.339
2026/04/29 15:46:26,370000,11.342
2026/04/29 15:46:26,371000,11.334
2026/04/29 15:46:26,372000,11.339
2026/04/29 15:46:26,373000,11.348
2026/04/29 15:46:26,374000,11.334
2026/04/29 15:46:26,375000,11.342
2026/04/29 15:46:26,376000,11.345
2026/04/29 15:46:26,377000,11.348
2026/04/29 15:46:26,378000,11.334
2026/04/29 15:46:26,379000,11.345
2026/04/29 15:46:26,380000,11.348
2026/04/29 15:46:26,381000,11.336
2026/04/29 15:46:26,382000,11.339
2026/04/29 15:46:26,383000,11.342
2026/04/29 15:46:26,384000,11.334
2026/04/29 15:46:26,385000,11.345
2026/04/29 15:46:26,386000,11.348
2026/04/29 15:46:26,387000,11.339
2026/04/29 15:46:26,388000,11.339
2026/04/29 15:46:26,389000,11.336
2026/04/29 15:46:26,390000,11.339
2026/04/29 15:46:26,391000,11.348
2026/04/29 15:46:26,392000,11.342
2026/04/29 15:46:26,393000,11.348
2026/04/29 15:46:26,394000,11.342
2026/04/29 15:46:26,395000,11.345
2026/04/29 15:46:26,396000,11.336
2026/04/29 15:46:26,397000,11.334
2026/04/29 15:46:26,398000,11.342
2026/04/29 15:46:26,399000,11.342
2026/04/29 15:46:26,400000,11.336
2026/04/29 15:46:26,401000,11.342
2026/04/29 15:46:26,402000,11.336
2026/04/29 15:46:26,403000,11.345
2026/04/29 15:46:26,404000,11.348
2026/04/29 15:46:26,405000,11.336
2026/04/29 15:46:26,406000,11.342
2026/04/29 15:46:26,407000,11.336
2026/04/29 15:46:26,408000,11.336
2026/04/29 15:46:26,409000,11.336
2026/04/29 15:46:26,410000,11.336
2026/04/29 15:46:26,411000,11.334
2026/04/29 15:46:26,412000,11.339
2026/04/29 15:46:26,413000,11.339
2026/04/29 15:46:26,414000,11.342
2026/04/29 15:46:26,415000,11.345
2026/04/29 15:46:26,416000,11.342
2026/04/29 15:46:26,417000,11.336
2026/04/29 15:46:26,418000,11.339
2026/04/29 15:46:26,419000,11.342
2026/04/29 15:46:26,420000,11.348
2026/04/29 15:46:26,421000,11.339
2026/04/29 15:46:26,422000,11.342
2026/04/29 15:46:26,423000,11.342
2026/04/29 15:46:26,424000,11.339
2026/04/29 15:46:26,425000,11.342
2026/04/29 15:46:26,426000,11.339
2026/04/29 15:46:26,427000,11.342
2026/04/29 15:46:26,428000,11.339
2026/04/29 15:46:26,429000,11.342
2026/04/29 15:46:26,430000,11.345
2026/04/29 15:46:26,431000,11.342
2026/04/29 15:46:26,432000,11.342
2026/04/29 15:46:26,433000,11.345
2026/04/29 15:46:26,434000,11.336
2026/04/29 15:46:26,435000,11.345
2026/04/29 15:46:26,436000,11.336
2026/04/29 15:46:26,437000,11.345
2026/04/29 15:46:26,438000,11.345
2026/04/29 15:46:26,439000,11.339
2026/04/29 15:46:26,440000,11.345
2026/04/29 15:46:26,441000,11.350
2026/04/29 15:46:26,442000,11.336
2026/04/29 15:46:26,443000,11.345
2026/04/29 15:46:26,444000,11.336
2026/04/29 15:46:26,445000,11.342
2026/04/29 15:46:26,446000,11.342
2026/04/29 15:46:26,447000,11.345
2026/04/29 15:46:26,448000,11.345
2026/04/29 15:46:26,449000,11.339
2026/04/29 15:46:26,450000,11.342
2026/04/29 15:46:26,451000,11.336
2026/04/29 15:46:26,452000,11.339
2026/04/29 15:46:26,453000,11.342
2026/04/29 15:46:26,454000,11.345
2026/04/29 15:46:26,455000,11.336
2026/04/29 15:46:26,456000,11.336
2026/04/29 15:46:26,457000,11.345
2026/04/29 15:46:26,458000,11.331
2026/04/29 15:46:26,459000,11.336
2026/04/29 15:46:26,460000,11.339
2026/04/29 15:46:26,461000,11.334
2026/04/29 15:46:26,462000,11.339
2026/04/29 15:46:26,463000,11.342
2026/04/29 15:46:26,464000,11.336
2026/04/29 15:46:26,465000,11.342
2026/04/29 15:46:26,466000,11.342
2026/04/29 15:46:26,467000,11.336
2026/04/29 15:46:26,468000,11.342
2026/04/29 15:46:26,469000,11.345
2026/04/29 15:46:26,470000,11.334
2026/04/29 15:46:26,471000,11.342
2026/04/29 15:46:26,472000,11.348
2026/04/29 15:46:26,473000,11.345
2026/04/29 15:46:26,474000,11.336
2026/04/29 15:46:26,475000,11.342
2026/04/29 15:46:26,476000,11.345
2026/04/29 15:46:26,477000,11.339
2026/04/29 15:46:26,478000,11.336
2026/04/29 15:46:26,479000,11.336
2026/04/29 15:46:26,480000,11.348
2026/04/29 15:46:26,481000,11.339
2026/04/29 15:46:26,482000,11.339
2026/04/29 15:46:26,483000,11.342
2026/04/29 15:46:26,484000,11.342
2026/04/29 15:46:26,485000,11.342
2026/04/29 15:46:26,486000,11.339
2026/04/29 15:46:26,487000,11.342
2026/04/29 15:46:26,488000,11.336
2026/04/29 15:46:26,489000,11.342
2026/04/29 15:46:26,490000,11.339
2026/04/29 15:46:26,491000,11.345
2026/04/29 15:46:26,492000,11.342
2026/04/29 15:46:26,493000,11.342
2026/04/29 15:46:26,494000,11.336
2026/04/29 15:46:26,495000,11.339
2026/04/29 15:46:26,496000,11.342
2026/04/29 15:46:26,497000,11.339
2026/04/29 15:46:26,498000,11.342
2026/04/29 15:46:26,499000,11.342
2026/04/29 15:46:26,500000,11.339
2026/04/29 15:46:26,501000,11.345
2026/04/29 15:46:26,502000,11.342
2026/04/29 15:46:26,503000,11.342
2026/04/29 15:46:26,504000,11.345
2026/04/29 15:46:26,505000,11.342
2026/04/29 15:46:26,506000,11.345
2026/04/29 15:46:26,507000,11.342
2026/04/29 15:46:26,508000,11.342
2026/04/29 15:46:26,509000,11.336
2026/04/29 15:46:26,510000,11.342
2026/04/29 15:46:26,511000,11.345
2026/04/29 15:46:26,512000,11.339
2026/04/29 15:46:26,513000,11.342
2026/04/29 15:46:26,514000,11.342
2026/04/29 15:46:26,515000,11.342
2026/04/29 15:46:26,516000,11.348
2026/04/29 15:46:26,517000,11.348
2026/04/29 15:46:26,518000,11.345
2026/04/29 15:46:26,519000,11.345
2026/04/29 15:46:26,520000,11.342
2026/04/29 15:46:26,521000,11.339
2026/04/29 15:46:26,522000,11.345
2026/04/29 15:46:26,523000,11.345
2026/04/29 15:46:26,524000,11.342
2026/04/29 15:46:26,525000,11.336
2026/04/29 15:46:26,526000,11.342
2026/04/29 15:46:26,527000,11.342
2026/04/29 15:46:26,528000,11.336
2026/04/29 15:46:26,529000,11.336
2026/04/29 15:46:26,530000,11.336
2026/04/29 15:46:26,531000,11.350
2026/04/29 15:46:26,532000,11.336
2026/04/29 15:46:26,533000,11.345
2026/04/29 15:46:26,534000,11.345
2026/04/29 15:46:26,535000,11.339
2026/04/29 15:46:26,536000,11.342
2026/04/29 15:46:26,537000,11.336
2026/04/29 15:46:26,538000,11.336
2026/04/29 15:46:26,539000,11.339
2026/04/29 15:46:26,540000,11.342
2026/04/29 15:46:26,541000,11.336
2026/04/29 15:46:26,542000,11.345
2026/04/29 15:46:26,543000,11.342
2026/04/29 15:46:26,544000,11.350
2026/04/29 15:46:26,545000,11.348
2026/04/29 15:46:26,546000,11.342
2026/04/29 15:46:26,547000,11.345
2026/04/29 15:46:26,548000,11.345
2026/04/29 15:46:26,549000,11.345
2026/04/29 15:46:26,550000,11.345
2026/04/29 15:46:26,551000,11.336
2026/04/29 15:46:26,552000,11.342
2026/04/29 15:46:26,553000,11.345
2026/04/29 15:46:26,554000,11.348
2026/04/29 15:46:26,555000,11.342
2026/04/29 15:46:26,556000,11.342
2026/04/29 15:46:26,557000,11.345
2026/04/29 15:46:26,558000,11.342
2026/04/29 15:46:26,559000,11.348
2026/04/29 15:46:26,560000,11.345
2026/04/29 15:46:26,561000,11.345
2026/04/29 15:46:26,562000,11.345
2026/04/29 15:46:26,563000,11.348
2026/04/29 15:46:26,564000,11.336
2026/04/29 15:46:26,565000,11.345
2026/04/29 15:46:26,566000,11.345
2026/04/29 15:46:26,567000,11.348
2026/04/29 15:46:26,568000,11.345
2026/04/29 15:46:26,569000,11.345
2026/04/29 15:46:26,570000,11.342
2026/04/29 15:46:26,571000,11.345
2026/04/29 15:46:26,572000,11.336
2026/04/29 15:46:26,573000,11.342
2026/04/29 15:46:26,574000,11.342
2026/04/29 15:46:26,575000,11.345
2026/04/29 15:46:26,576000,11.348
2026/04/29 15:46:26,577000,11.342
2026/04/29 15:46:26,578000,11.339
2026/04/29 15:46:26,579000,11.345
2026/04/29 15:46:26,580000,11.342
2026/04/29 15:46:26,581000,11.342
2026/04/29 15:46:26,582000,11.342
2026/04/29 15:46:26,583000,11.348
2026/04/29 15:46:26,584000,11.345
2026/04/29 15:46:26,585000,11.348
2026/04/29 15:46:26,586000,11.336
2026/04/29 15:46:26,587000,11.348
2026/04/29 15:46:26,588000,11.339
2026/04/29 15:46:26,589000,11.336
2026/04/29 15:46:26,590000,11.342
2026/04/29 15:46:26,591000,11.342
2026/04/29 15:46:26,592000,11.342
2026/04/29 15:46:26,593000,11.339
2026/04/29 15:46:26,594000,11.342
2026/04/29 15:46:26,595000,11.345
2026/04/29 15:46:26,596000,11.336
2026/04/29 15:46:26,597000,11.348
2026/04/29 15:46:26,598000,11.342
2026/04/29 15:46:26,599000,11.339
2026/04/29 15:46:26,600000,11.345
2026/04/29 15:46:26,601000,11.342
2026/04/29 15:46:26,602000,11.339
2026/04/29 15:46:26,603000,11.339
2026/04/29 15:46:26,604000,11.336
2026/04/29 15:46:26,605000,11.345
2026/04/29 15:46:26,606000,11.342
2026/04/29 15:46:26,607000,11.345
2026/04/29 15:46:26,608000,11.342
2026/04/29 15:46:26,609000,11.348
2026/04/29 15:46:26,610000,11.336
2026/04/29 15:46:26,611000,11.336
2026/04/29 15:46:26,612000,11.345
2026/04/29 15:46:26,613000,11.342
2026/04/29 15:46:26,614000,11.345
2026/04/29 15:46:26,615000,11.348
2026/04/29 15:46:26,616000,11.345
2026/04/29 15:46:26,617000,11.342
2026/04/29 15:46:26,618000,11.348
2026/04/29 15:46:26,619000,11.342
2026/04/29 15:46:26,620000,11.348
2026/04/29 15:46:26,621000,11.342
2026/04/29 15:46:26,622000,11.342
2026/04/29 15:46:26,623000,11.348
2026/04/29 15:46:26,624000,11.342
2026/04/29 15:46:26,625000,11.345
2026/04/29 15:46:26,626000,11.336
2026/04/29 15:46:26,627000,11.348
2026/04/29 15:46:26,628000,11.348
2026/04/29 15:46:26,629000,11.342
2026/04/29 15:46:26,630000,11.345
2026/04/29 15:46:26,631000,11.342
2026/04/29 15:46:26,632000,11.345
2026/04/29 15:46:26,633000,11.345
2026/04/29 15:46:26,634000,11.342
2026/04/29 15:46:26,635000,11.345
2026/04/29 15:46:26,636000,11.350
2026/04/29 15:46:26,637000,11.336
2026/04/29 15:46:26,638000,11.345
2026/04/29 15:46:26,639000,11.345
2026/04/29 15:46:26,640000,11.350
2026/04/29 15:46:26,641000,11.339
2026/04/29 15:46:26,642000,11.342
2026/04/29 15:46:26,643000,11.339
2026/04/29 15:46:26,644000,11.345
2026/04/29 15:46:26,645000,11.342
2026/04/29 15:46:26,646000,11.342
2026/04/29 15:46:26,647000,11.339
2026/04/29 15:46:26,648000,11.336
2026/04/29 15:46:26,649000,11.348
2026/04/29 15:46:26,650000,11.339
2026/04/29 15:46:26,651000,11.342
2026/04/29 15:46:26,652000,11.345
2026/04/29 15:46:26,653000,11.345
2026/04/29 15:46:26,654000,11.339
2026/04/29 15:46:26,655000,11.334
2026/04/29 15:46:26,656000,11.345
2026/04/29 15:46:26,657000,11.339
2026/04/29 15:46:26,658000,11.342
2026/04/29 15:46:26,659000,11.345
2026/04/29 15:46:26,660000,11.342
2026/04/29 15:46:26,661000,11.342
2026/04/29 15:46:26,662000,11.339
2026/04/29 15:46:26,663000,11.348
2026/04/29 15:46:26,664000,11.339
2026/04/29 15:46:26,665000,11.336
2026/04/29 15:46:26,666000,11.345
2026/04/29 15:46:26,667000,11.342
2026/04/29 15:46:26,668000,11.350
2026/04/29 15:46:26,669000,11.345
2026/04/29 15:46:26,670000,11.348
2026/04/29 15:46:26,671000,11.336
2026/04/29 15:46:26,672000,11.336
2026/04/29 15:46:26,673000,11.350
2026/04/29 15:46:26,674000,11.339
2026/04/29 15:46:26,675000,11.336
2026/04/29 15:46:26,676000,11.345
2026/04/29 15:46:26,677000,11.336
2026/04/29 15:46:26,678000,11.339
2026/04/29 15:46:26,679000,11.350
2026/04/29 15:46:26,680000,11.348
2026/04/29 15:46:26,681000,11.336
2026/04/29 15:46:26,682000,11.345
2026/04/29 15:46:26,683000,11.345
2026/04/29 15:46:26,684000,11.342
2026/04/29 15:46:26,685000,11.348
2026/04/29 15:46:26,686000,11.348
2026/04/29 15:46:26,687000,11.345
2026/04/29 15:46:26,688000,11.350
2026/04/29 15:46:26,689000,11.345
2026/04/29 15:46:26,690000,11.345
2026/04/29 15:46:26,691000,11.342
2026/04/29 15:46:26,692000,11.342
2026/04/29 15:46:26,693000,11.342
2026/04/29 15:46:26,694000,11.350
2026/04/29 15:46:26,695000,11.345
2026/04/29 15:46:26,696000,11.342
2026/04/29 15:46:26,697000,11.342
2026/04/29 15:46:26,698000,11.348
2026/04/29 15:46:26,699000,11.342
2026/04/29 15:46:26,700000,11.339
2026/04/29 15:46:26,701000,11.342
2026/04/29 15:46:26,702000,11.342
2026/04/29 15:46:26,703000,11.348
2026/04/29 15:46:26,704000,11.342
2026/04/29 15:46:26,705000,11.336
2026/04/29 15:46:26,706000,11.345
2026/04/29 15:46:26,707000,11.342
2026/04/29 15:46:26,708000,11.339
2026/04/29 15:46:26,709000,11.345
2026/04/29 15:46:26,710000,11.342
2026/04/29 15:46:26,711000,11.339
2026/04/29 15:46:26,712000,11.342
2026/04/29 15:46:26,713000,11.342
2026/04/29 15:46:26,714000,11.345
2026/04/29 15:46:26,715000,11.345
2026/04/29 15:46:26,716000,11.336
2026/04/29 15:46:26,717000,11.345
2026/04/29 15:46:26,718000,11.342
2026/04/29 15:46:26,719000,11.339
2026/04/29 15:46:26,720000,11.345
2026/04/29 15:46:26,721000,11.348
2026/04/29 15:46:26,722000,11.339
2026/04/29 15:46:26,723000,11.342
2026/04/29 15:46:26,724000,11.345
2026/04/29 15:46:26,725000,11.339
2026/04/29 15:46:26,726000,11.336
2026/04/29 15:46:26,727000,11.336
2026/04/29 15:46:26,728000,11.345
2026/04/29 15:46:26,729000,11.345
2026/04/29 15:46:26,730000,11.339
2026/04/29 15:46:26,731000,11.342
2026/04/29 15:46:26,732000,11.339
2026/04/29 15:46:26,733000,11.345
2026/04/29 15:46:26,734000,11.345
2026/04/29 15:46:26,735000,11.336
2026/04/29 15:46:26,736000,11.342
2026/04/29 15:46:26,737000,11.342
2026/04/29 15:46:26,738000,11.336
2026/04/29 15:46:26,739000,11.345
2026/04/29 15:46:26,740000,11.345
2026/04/29 15:46:26,741000,11.345
2026/04/29 15:46:26,742000,11.345
2026/04/29 15:46:26,743000,11.339
2026/04/29 15:46:26,744000,11.348
2026/04/29 15:46:26,745000,11.345
2026/04/29 15:46:26,746000,11.342
2026/04/29 15:46:26,747000,11.339
2026/04/29 15:46:26,748000,11.336
2026/04/29 15:46:26,749000,11.342
2026/04/29 15:46:26,750000,11.350
2026/04/29 15:46:26,751000,11.336
2026/04/29 15:46:26,752000,11.339
2026/04/29 15:46:26,753000,11.342
2026/04/29 15:46:26,754000,11.336
2026/04/29 15:46:26,755000,11.342
2026/04/29 15:46:26,756000,11.345
2026/04/29 15:46:26,757000,11.345
2026/04/29 15:46:26,758000,11.345
2026/04/29 15:46:26,759000,11.336
2026/04/29 15:46:26,760000,11.336
2026/04/29 15:46:26,761000,11.336
2026/04/29 15:46:26,762000,11.348
2026/04/29 15:46:26,763000,11.348
2026/04/29 15:46:26,764000,11.339
2026/04/29 15:46:26,765000,11.336
2026/04/29 15:46:26,766000,11.345
2026/04/29 15:46:26,767000,11.342
2026/04/29 15:46:26,768000,11.345
2026/04/29 15:46:26,769000,11.336
2026/04/29 15:46:26,770000,11.342
2026/04/29 15:46:26,771000,11.348
2026/04/29 15:46:26,772000,11.336
2026/04/29 15:46:26,773000,11.336
2026/04/29 15:46:26,774000,11.339
2026/04/29 15:46:26,775000,11.336
2026/04/29 15:46:26,776000,11.342
2026/04/29 15:46:26,777000,11.336
2026/04/29 15:46:26,778000,11.336
2026/04/29 15:46:26,779000,11.345
2026/04/29 15:46:26,780000,11.342
2026/04/29 15:46:26,781000,11.345
2026/04/29 15:46:26,782000,11.348
2026/04/29 15:46:26,783000,11.342
2026/04/29 15:46:26,784000,11.348
2026/04/29 15:46:26,785000,11.342
2026/04/29 15:46:26,786000,11.342
2026/04/29 15:46:26,787000,11.342
2026/04/29 15:46:26,788000,11.336
2026/04/29 15:46:26,789000,11.345
2026/04/29 15:46:26,790000,11.339
2026/04/29 15:46:26,791000,11.342
2026/04/29 15:46:26,792000,11.345
2026/04/29 15:46:26,793000,11.345
2026/04/29 15:46:26,794000,11.342
2026/04/29 15:46:26,795000,11.342
2026/04/29 15:46:26,796000,11.342
2026/04/29 15:46:26,797000,11.348
2026/04/29 15:46:26,798000,11.339
2026/04/29 15:46:26,799000,11.345
2026/04/29 15:46:26,800000,11.339
2026/04/29 15:46:26,801000,11.342
2026/04/29 15:46:26,802000,11.342
2026/04/29 15:46:26,803000,11.342
2026/04/29 15:46:26,804000,11.345
2026/04/29 15:46:26,805000,11.336
2026/04/29 15:46:26,806000,11.345
2026/04/29 15:46:26,807000,11.345
2026/04/29 15:46:26,808000,11.342
2026/04/29 15:46:26,809000,11.342
2026/04/29 15:46:26,810000,11.345
2026/04/29 15:46:26,811000,11.342
2026/04/29 15:46:26,812000,11.345
2026/04/29 15:46:26,813000,11.339
2026/04/29 15:46:26,814000,11.348
2026/04/29 15:46:26,815000,11.334
2026/04/29 15:46:26,816000,11.345
2026/04/29 15:46:26,817000,11.342
2026/04/29 15:46:26,818000,11.339
2026/04/29 15:46:26,819000,11.342
2026/04/29 15:46:26,820000,11.348
2026/04/29 15:46:26,821000,11.345
2026/04/29 15:46:26,822000,11.342
2026/04/29 15:46:26,823000,11.345
2026/04/29 15:46:26,824000,11.348
2026/04/29 15:46:26,825000,11.342
2026/04/29 15:46:26,826000,11.339
2026/04/29 15:46:26,827000,11.336
2026/04/29 15:46:26,828000,11.342
2026/04/29 15:46:26,829000,11.345
2026/04/29 15:46:26,830000,11.342
2026/04/29 15:46:26,831000,11.342
2026/04/29 15:46:26,832000,11.348
2026/04/29 15:46:26,833000,11.342
2026/04/29 15:46:26,834000,11.336
2026/04/29 15:46:26,835000,11.345
2026/04/29 15:46:26,836000,11.342
2026/04/29 15:46:26,837000,11.336
2026/04/29 15:46:26,838000,11.342
2026/04/29 15:46:26,839000,11.348
2026/04/29 15:46:26,840000,11.345
2026/04/29 15:46:26,841000,11.339
2026/04/29 15:46:26,842000,11.339
2026/04/29 15:46:26,843000,11.345
2026/04/29 15:46:26,844000,11.339
2026/04/29 15:46:26,845000,11.350
2026/04/29 15:46:26,846000,11.345
2026/04/29 15:46:26,847000,11.345
2026/04/29 15:46:26,848000,11.339
2026/04/29 15:46:26,849000,11.345
2026/04/29 15:46:26,850000,11.331
2026/04/29 15:46:26,851000,11.342
2026/04/29 15:46:26,852000,11.336
2026/04/29 15:46:26,853000,11.336
2026/04/29 15:46:26,854000,11.348
2026/04/29 15:46:26,855000,11.334
2026/04/29 15:46:26,856000,11.345
2026/04/29 15:46:26,857000,11.339
2026/04/29 15:46:26,858000,11.336
2026/04/29 15:46:26,859000,11.342
2026/04/29 15:46:26,860000,11.342
2026/04/29 15:46:26,861000,11.339
2026/04/29 15:46:26,862000,11.336
2026/04/29 15:46:26,863000,11.348
2026/04/29 15:46:26,864000,11.342
2026/04/29 15:46:26,865000,11.342
2026/04/29 15:46:26,866000,11.359
2026/04/29 15:46:26,867000,11.336
2026/04/29 15:46:26,868000,11.336
2026/04/29 15:46:26,869000,11.345
2026/04/29 15:46:26,870000,11.345
2026/04/29 15:46:26,871000,11.345
2026/04/29 15:46:26,872000,11.348
2026/04/29 15:46:26,873000,11.348
2026/04/29 15:46:26,874000,11.339
2026/04/29 15:46:26,875000,11.342
2026/04/29 15:46:26,876000,11.345
2026/04/29 15:46:26,877000,11.345
2026/04/29 15:46:26,878000,11.336
2026/04/29 15:46:26,879000,11.342
2026/04/29 15:46:26,880000,11.342
2026/04/29 15:46:26,881000,11.345
2026/04/29 15:46:26,882000,11.345
2026/04/29 15:46:26,883000,11.345
2026/04/29 15:46:26,884000,11.345
2026/04/29 15:46:26,885000,11.348
2026/04/29 15:46:26,886000,11.339
2026/04/29 15:46:26,887000,11.345
2026/04/29 15:46:26,888000,11.348
2026/04/29 15:46:26,889000,11.342
2026/04/29 15:46:26,890000,11.345
2026/04/29 15:46:26,891000,11.336
2026/04/29 15:46:26,892000,11.345
2026/04/29 15:46:26,893000,11.342
2026/04/29 15:46:26,894000,11.342
2026/04/29 15:46:26,895000,11.345
2026/04/29 15:46:26,896000,11.336
2026/04/29 15:46:26,897000,11.342
2026/04/29 15:46:26,898000,11.336
2026/04/29 15:46:26,899000,11.339
2026/04/29 15:46:26,900000,11.342
2026/04/29 15:46:26,901000,11.336
2026/04/29 15:46:26,902000,11.339
2026/04/29 15:46:26,903000,11.342
2026/04/29 15:46:26,904000,11.342
2026/04/29 15:46:26,905000,11.345
2026/04/29 15:46:26,906000,11.342
2026/04/29 15:46:26,907000,11.336
2026/04/29 15:46:26,908000,11.336
2026/04/29 15:46:26,909000,11.342
2026/04/29 15:46:26,910000,11.336
2026/04/29 15:46:26,911000,11.348
2026/04/29 15:46:26,912000,11.334
2026/04/29 15:46:26,913000,11.342
2026/04/29 15:46:26,914000,11.345
2026/04/29 15:46:26,915000,11.345
2026/04/29 15:46:26,916000,11.345
2026/04/29 15:46:26,917000,11.345
2026/04/29 15:46:26,918000,11.342
2026/04/29 15:46:26,919000,11.336
2026/04/29 15:46:26,920000,11.345
2026/04/29 15:46:26,921000,11.336
2026/04/29 15:46:26,922000,11.342
2026/04/29 15:46:26,923000,11.342
2026/04/29 15:46:26,924000,11.342
2026/04/29 15:46:26,925000,11.345
2026/04/29 15:46:26,926000,11.345
2026/04/29 15:46:26,927000,11.348
2026/04/29 15:46:26,928000,11.336
2026/04/29 15:46:26,929000,11.336
2026/04/29 15:46:26,930000,11.339
2026/04/29 15:46:26,931000,11.342
2026/04/29 15:46:26,932000,11.342
2026/04/29 15:46:26,933000,11.336
2026/04/29 15:46:26,934000,11.342
2026/04/29 15:46:26,935000,11.348
2026/04/29 15:46:26,936000,11.342
2026/04/29 15:46:26,937000,11.348
2026/04/29 15:46:26,938000,11.342
2026/04/29 15:46:26,939000,11.342
2026/04/29 15:46:26,940000,11.345
2026/04/29 15:46:26,941000,11.342
2026/04/29 15:46:26,942000,11.336
2026/04/29 15:46:26,943000,11.336
2026/04/29 15:46:26,944000,11.336
2026/04/29 15:46:26,945000,11.345
2026/04/29 15:46:26,946000,11.336
2026/04/29 15:46:26,947000,11.342
2026/04/29 15:46:26,948000,11.345
2026/04/29 15:46:26,949000,11.342
2026/04/29 15:46:26,950000,11.336
2026/04/29 15:46:26,951000,11.336
2026/04/29 15:46:26,952000,11.339
2026/04/29 15:46:26,953000,11.336
2026/04/29 15:46:26,954000,11.342
2026/04/29 15:46:26,955000,11.342
2026/04/29 15:46:26,956000,11.342
2026/04/29 15:46:26,957000,11.336
2026/04/29 15:46:26,958000,11.342
2026/04/29 15:46:26,959000,11.336
2026/04/29 15:46:26,960000,11.342
2026/04/29 15:46:26,961000,11.345
2026/04/29 15:46:26,962000,11.345
2026/04/29 15:46:26,963000,11.334
2026/04/29 15:46:26,964000,11.336
2026/04/29 15:46:26,965000,11.339
2026/04/29 15:46:26,966000,11.342
2026/04/29 15:46:26,967000,11.345
2026/04/29 15:46:26,968000,11.334
2026/04/29 15:46:26,969000,11.336
2026/04/29 15:46:26,970000,11.339
2026/04/29 15:46:26,971000,11.345
2026/04/29 15:46:26,972000,11.336
2026/04/29 15:46:26,973000,11.348
2026/04/29 15:46:26,974000,11.342
2026/04/29 15:46:26,975000,11.345
2026/04/29 15:46:26,976000,11.336
2026/04/29 15:46:26,977000,11.342
2026/04/29 15:46:26,978000,11.345
2026/04/29 15:46:26,979000,11.345
2026/04/29 15:46:26,980000,11.342
2026/04/29 15:46:26,981000,11.342
2026/04/29 15:46:26,982000,11.345
2026/04/29 15:46:26,983000,11.339
2026/04/29 15:46:26,984000,11.348
2026/04/29 15:46:26,985000,11.339
2026/04/29 15:46:26,986000,11.336
2026/04/29 15:46:26,987000,11.342
2026/04/29 15:46:26,988000,11.345
2026/04/29 15:46:26,989000,11.345
2026/04/29 15:46:26,990000,11.345
2026/04/29 15:46:26,991000,11.348
2026/04/29 15:46:26,992000,11.336
2026/04/29 15:46:26,993000,11.342
2026/04/29 15:46:26,994000,11.336
2026/04/29 15:46:26,995000,11.345
2026/04/29 15:46:26,996000,11.336
2026/04/29 15:46:26,997000,11.342
2026/04/29 15:46:26,998000,11.348
2026/04/29 15:46:26,999000,11.342
2026/04/29 15:46:27,000000,11.336
2026/04/29 15:46:27,001000,11.339
2026/04/29 15:46:27,002000,11.345
2026/04/29 15:46:27,003000,11.339
2026/04/29 15:46:27,004000,11.345
2026/04/29 15:46:27,005000,11.339
2026/04/29 15:46:27,006000,11.348
2026/04/29 15:46:27,007000,11.345
2026/04/29 15:46:27,008000,11.342
2026/04/29 15:46:27,009000,11.336
2026/04/29 15:46:27,010000,11.345
2026/04/29 15:46:27,011000,11.336
2026/04/29 15:46:27,012000,11.348
2026/04/29 15:46:27,013000,11.345
2026/04/29 15:46:27,014000,11.342
2026/04/29 15:46:27,015000,11.345
2026/04/29 15:46:27,016000,11.336
2026/04/29 15:46:27,017000,11.345
2026/04/29 15:46:27,018000,11.348
2026/04/29 15:46:27,019000,11.342
2026/04/29 15:46:27,020000,11.334
2026/04/29 15:46:27,021000,11.336
2026/04/29 15:46:27,022000,11.342
2026/04/29 15:46:27,023000,11.342
2026/04/29 15:46:27,024000,11.336
2026/04/29 15:46:27,025000,11.345
2026/04/29 15:46:27,026000,11.342
2026/04/29 15:46:27,027000,11.345
2026/04/29 15:46:27,028000,11.345
2026/04/29 15:46:27,029000,11.339
2026/04/29 15:46:27,030000,11.342
2026/04/29 15:46:27,031000,11.336
2026/04/29 15:46:27,032000,11.345
2026/04/29 15:46:27,033000,11.342
2026/04/29 15:46:27,034000,11.336
2026/04/29 15:46:27,035000,11.348
2026/04/29 15:46:27,036000,11.336
2026/04/29 15:46:27,037000,11.342
2026/04/29 15:46:27,038000,11.334
2026/04/29 15:46:27,039000,11.342
2026/04/29 15:46:27,040000,11.342
2026/04/29 15:46:27,041000,11.348
2026/04/29 15:46:27,042000,11.348
2026/04/29 15:46:27,043000,11.339
2026/04/29 15:46:27,044000,11.336
2026/04/29 15:46:27,045000,11.348
2026/04/29 15:46:27,046000,11.345
2026/04/29 15:46:27,047000,11.345
2026/04/29 15:46:27,048000,11.345
2026/04/29 15:46:27,049000,11.342
2026/04/29 15:46:27,050000,11.336
2026/04/29 15:46:27,051000,11.339
2026/04/29 15:46:27,052000,11.342
2026/04/29 15:46:27,053000,11.348
2026/04/29 15:46:27,054000,11.345
2026/04/29 15:46:27,055000,11.336
2026/04/29 15:46:27,056000,11.336
2026/04/29 15:46:27,057000,11.342
2026/04/29 15:46:27,058000,11.342
2026/04/29 15:46:27,059000,11.339
2026/04/29 15:46:27,060000,11.348
2026/04/29 15:46:27,061000,11.345
2026/04/29 15:46:27,062000,11.345
2026/04/29 15:46:27,063000,11.345
2026/04/29 15:46:27,064000,11.339
2026/04/29 15:46:27,065000,11.339
2026/04/29 15:46:27,066000,11.345
2026/04/29 15:46:27,067000,11.342
2026/04/29 15:46:27,068000,11.348
2026/04/29 15:46:27,069000,11.342
2026/04/29 15:46:27,070000,11.336
2026/04/29 15:46:27,071000,11.342
2026/04/29 15:46:27,072000,11.336
2026/04/29 15:46:27,073000,11.339
2026/04/29 15:46:27,074000,11.345
2026/04/29 15:46:27,075000,11.339
2026/04/29 15:46:27,076000,11.345
2026/04/29 15:46:27,077000,11.342
2026/04/29 15:46:27,078000,11.348
2026/04/29 15:46:27,079000,11.339
2026/04/29 15:46:27,080000,11.348
2026/04/29 15:46:27,081000,11.334
2026/04/29 15:46:27,082000,11.342
2026/04/29 15:46:27,083000,11.345
2026/04/29 15:46:27,084000,11.336
2026/04/29 15:46:27,085000,11.348
2026/04/29 15:46:27,086000,11.336
2026/04/29 15:46:27,087000,11.345
2026/04/29 15:46:27,088000,11.342
2026/04/29 15:46:27,089000,11.342
2026/04/29 15:46:27,090000,11.348
2026/04/29 15:46:27,091000,11.339
2026/04/29 15:46:27,092000,11.336
2026/04/29 15:46:27,093000,11.345
2026/04/29 15:46:27,094000,11.336
2026/04/29 15:46:27,095000,11.342
2026/04/29 15:46:27,096000,11.342
2026/04/29 15:46:27,097000,11.345
2026/04/29 15:46:27,098000,11.339
2026/04/29 15:46:27,099000,11.342
2026/04/29 15:46:27,100000,11.348
2026/04/29 15:46:27,101000,11.342
2026/04/29 15:46:27,102000,11.336
2026/04/29 15:46:27,103000,11.342
2026/04/29 15:46:27,104000,11.342
2026/04/29 15:46:27,105000,11.339
2026/04/29 15:46:27,106000,11.336
2026/04/29 15:46:27,107000,11.339
2026/04/29 15:46:27,108000,11.336
2026/04/29 15:46:27,109000,11.336
2026/04/29 15:46:27,110000,11.345
2026/04/29 15:46:27,111000,11.348
2026/04/29 15:46:27,112000,11.336
2026/04/29 15:46:27,113000,11.342
2026/04/29 15:46:27,114000,11.350
2026/04/29 15:46:27,115000,11.345
2026/04/29 15:46:27,116000,11.348
2026/04/29 15:46:27,117000,11.345
2026/04/29 15:46:27,118000,11.339
2026/04/29 15:46:27,119000,11.336
2026/04/29 15:46:27,120000,11.345
2026/04/29 15:46:27,121000,11.345
2026/04/29 15:46:27,122000,11.348
2026/04/29 15:46:27,123000,11.348
2026/04/29 15:46:27,124000,11.342
2026/04/29 15:46:27,125000,11.345
2026/04/29 15:46:27,126000,11.342
2026/04/29 15:46:27,127000,11.348
2026/04/29 15:46:27,128000,11.345
2026/04/29 15:46:27,129000,11.345
2026/04/29 15:46:27,130000,11.348
2026/04/29 15:46:27,131000,11.336
2026/04/29 15:46:27,132000,11.345
2026/04/29 15:46:27,133000,11.342
2026/04/29 15:46:27,134000,11.339
2026/04/29 15:46:27,135000,11.342
2026/04/29 15:46:27,136000,11.342
2026/04/29 15:46:27,137000,11.336
2026/04/29 15:46:27,138000,11.350
2026/04/29 15:46:27,139000,11.342
2026/04/29 15:46:27,140000,11.336
2026/04/29 15:46:27,141000,11.345
2026/04/29 15:46:27,142000,11.339
2026/04/29 15:46:27,143000,11.342
2026/04/29 15:46:27,144000,11.345
2026/04/29 15:46:27,145000,11.336
2026/04/29 15:46:27,146000,11.348
2026/04/29 15:46:27,147000,11.345
2026/04/29 15:46:27,148000,11.345
2026/04/29 15:46:27,149000,11.342
2026/04/29 15:46:27,150000,11.339
2026/04/29 15:46:27,151000,11.336
2026/04/29 15:46:27,152000,11.339
2026/04/29 15:46:27,153000,11.342
2026/04/29 15:46:27,154000,11.342
2026/04/29 15:46:27,155000,11.345
2026/04/29 15:46:27,156000,11.342
2026/04/29 15:46:27,157000,11.334
2026/04/29 15:46:27,158000,11.336
2026/04/29 15:46:27,159000,11.336
2026/04/29 15:46:27,160000,11.339
2026/04/29 15:46:27,161000,11.345
2026/04/29 15:46:27,162000,11.345
2026/04/29 15:46:27,163000,11.342
2026/04/29 15:46:27,164000,11.342
2026/04/29 15:46:27,165000,11.348
2026/04/29 15:46:27,166000,11.345
2026/04/29 15:46:27,167000,11.339
2026/04/29 15:46:27,168000,11.342
2026/04/29 15:46:27,169000,11.345
2026/04/29 15:46:27,170000,11.342
2026/04/29 15:46:27,171000,11.342
2026/04/29 15:46:27,172000,11.342
2026/04/29 15:46:27,173000,11.345
2026/04/29 15:46:27,174000,11.339
2026/04/29 15:46:27,175000,11.345
2026/04/29 15:46:27,176000,11.336
2026/04/29 15:46:27,177000,11.345
2026/04/29 15:46:27,178000,11.345
2026/04/29 15:46:27,179000,11.336
2026/04/29 15:46:27,180000,11.345
2026/04/29 15:46:27,181000,11.348
2026/04/29 15:46:27,182000,11.336
2026/04/29 15:46:27,183000,11.339
2026/04/29 15:46:27,184000,11.336
2026/04/29 15:46:27,185000,11.345
2026/04/29 15:46:27,186000,11.336
2026/04/29 15:46:27,187000,11.339
2026/04/29 15:46:27,188000,11.348
2026/04/29 15:46:27,189000,11.345
2026/04/29 15:46:27,190000,11.345
2026/04/29 15:46:27,191000,11.336
2026/04/29 15:46:27,192000,11.339
2026/04/29 15:46:27,193000,11.336
2026/04/29 15:46:27,194000,11.342
2026/04/29 15:46:27,195000,11.345
2026/04/29 15:46:27,196000,11.342
2026/04/29 15:46:27,197000,11.345
2026/04/29 15:46:27,198000,11.345
2026/04/29 15:46:27,199000,11.342
2026/04/29 15:46:27,200000,11.345
2026/04/29 15:46:27,201000,11.345
2026/04/29 15:46:27,202000,11.342
2026/04/29 15:46:27,203000,11.328
2026/04/29 15:46:27,204000,11.339
2026/04/29 15:46:27,205000,11.331
2026/04/29 15:46:27,206000,11.345
2026/04/29 15:46:27,207000,11.345
2026/04/29 15:46:27,208000,11.345
2026/04/29 15:46:27,209000,11.345
2026/04/29 15:46:27,210000,11.336
2026/04/29 15:46:27,211000,11.342
2026/04/29 15:46:27,212000,11.339
2026/04/29 15:46:27,213000,11.348
2026/04/29 15:46:27,214000,11.339
2026/04/29 15:46:27,215000,11.336
2026/04/29 15:46:27,216000,11.342
2026/04/29 15:46:27,217000,11.331
2026/04/29 15:46:27,218000,11.345
2026/04/29 15:46:27,219000,11.342
2026/04/29 15:46:27,220000,11.336
2026/04/29 15:46:27,221000,11.336
2026/04/29 15:46:27,222000,11.345
2026/04/29 15:46:27,223000,11.342
2026/04/29 15:46:27,224000,11.345
2026/04/29 15:46:27,225000,11.342
2026/04/29 15:46:27,226000,11.339
2026/04/29 15:46:27,227000,11.345
2026/04/29 15:46:27,228000,11.342
2026/04/29 15:46:27,229000,11.345
2026/04/29 15:46:27,230000,11.339
2026/04/29 15:46:27,231000,11.345
2026/04/29 15:46:27,232000,11.342
2026/04/29 15:46:27,233000,11.339
2026/04/29 15:46:27,234000,11.336
2026/04/29 15:46:27,235000,11.339
2026/04/29 15:46:27,236000,11.342
2026/04/29 15:46:27,237000,11.339
2026/04/29 15:46:27,238000,11.339
2026/04/29 15:46:27,239000,11.353
2026/04/29 15:46:27,240000,11.336
2026/04/29 15:46:27,241000,11.339
2026/04/29 15:46:27,242000,11.345
2026/04/29 15:46:27,243000,11.345
2026/04/29 15:46:27,244000,11.342
2026/04/29 15:46:27,245000,11.339
2026/04/29 15:46:27,246000,11.345
2026/04/29 15:46:27,247000,11.336
2026/04/29 15:46:27,248000,11.342
2026/04/29 15:46:27,249000,11.336
2026/04/29 15:46:27,250000,11.342
2026/04/29 15:46:27,251000,11.342
2026/04/29 15:46:27,252000,11.342
2026/04/29 15:46:27,253000,11.339
2026/04/29 15:46:27,254000,11.336
2026/04/29 15:46:27,255000,11.345
2026/04/29 15:46:27,256000,11.336
2026/04/29 15:46:27,257000,11.336
2026/04/29 15:46:27,258000,11.345
2026/04/29 15:46:27,259000,11.342
2026/04/29 15:46:27,260000,11.336
2026/04/29 15:46:27,261000,11.345
2026/04/29 15:46:27,262000,11.345
2026/04/29 15:46:27,263000,11.339
2026/04/29 15:46:27,264000,11.345
2026/04/29 15:46:27,265000,11.339
2026/04/29 15:46:27,266000,11.342
2026/04/29 15:46:27,267000,11.336
2026/04/29 15:46:27,268000,11.336
2026/04/29 15:46:27,269000,11.345
2026/04/29 15:46:27,270000,11.342
2026/04/29 15:46:27,271000,11.339
2026/04/29 15:46:27,272000,11.342
2026/04/29 15:46:27,273000,11.345
2026/04/29 15:46:27,274000,11.336
2026/04/29 15:46:27,275000,11.342
2026/04/29 15:46:27,276000,11.342
2026/04/29 15:46:27,277000,11.342
2026/04/29 15:46:27,278000,11.336
2026/04/29 15:46:27,279000,11.336
2026/04/29 15:46:27,280000,11.342
2026/04/29 15:46:27,281000,11.336
2026/04/29 15:46:27,282000,11.342
2026/04/29 15:46:27,283000,11.342
2026/04/29 15:46:27,284000,11.345
2026/04/29 15:46:27,285000,11.336
2026/04/29 15:46:27,286000,11.342
2026/04/29 15:46:27,287000,11.345
2026/04/29 15:46:27,288000,11.342
2026/04/29 15:46:27,289000,11.336
2026/04/29 15:46:27,290000,11.345
2026/04/29 15:46:27,291000,11.336
2026/04/29 15:46:27,292000,11.339
2026/04/29 15:46:27,293000,11.345
2026/04/29 15:46:27,294000,11.342
2026/04/29 15:46:27,295000,11.345
2026/04/29 15:46:27,296000,11.336
2026/04/29 15:46:27,297000,11.339
2026/04/29 15:46:27,298000,11.342
2026/04/29 15:46:27,299000,11.336
2026/04/29 15:46:27,300000,11.334
2026/04/29 15:46:27,301000,11.345
2026/04/29 15:46:27,302000,11.348
2026/04/29 15:46:27,303000,11.339
2026/04/29 15:46:27,304000,11.345
2026/04/29 15:46:27,305000,11.342
2026/04/29 15:46:27,306000,11.342
2026/04/29 15:46:27,307000,11.336
2026/04/29 15:46:27,308000,11.339
2026/04/29 15:46:27,309000,11.336
2026/04/29 15:46:27,310000,11.342
2026/04/29 15:46:27,311000,11.342
2026/04/29 15:46:27,312000,11.336
2026/04/29 15:46:27,313000,11.345
2026/04/29 15:46:27,314000,11.342
2026/04/29 15:46:27,315000,11.345
2026/04/29 15:46:27,316000,11.362
2026/04/29 15:46:27,317000,11.345
2026/04/29 15:46:27,318000,11.336
2026/04/29 15:46:27,319000,11.336
2026/04/29 15:46:27,320000,11.348
2026/04/29 15:46:27,321000,11.336
2026/04/29 15:46:27,322000,11.342
2026/04/29 15:46:27,323000,11.348
2026/04/29 15:46:27,324000,11.348
2026/04/29 15:46:27,325000,11.345
2026/04/29 15:46:27,326000,11.345
2026/04/29 15:46:27,327000,11.345
2026/04/29 15:46:27,328000,11.345
2026/04/29 15:46:27,329000,11.336
2026/04/29 15:46:27,330000,11.339
2026/04/29 15:46:27,331000,11.348
2026/04/29 15:46:27,332000,11.345
2026/04/29 15:46:27,333000,11.339
2026/04/29 15:46:27,334000,11.345
2026/04/29 15:46:27,335000,11.342
2026/04/29 15:46:27,336000,11.345
2026/04/29 15:46:27,337000,11.342
2026/04/29 15:46:27,338000,11.339
2026/04/29 15:46:27,339000,11.336
2026/04/29 15:46:27,340000,11.345
2026/04/29 15:46:27,341000,11.345
2026/04/29 15:46:27,342000,11.336
2026/04/29 15:46:27,343000,11.356
2026/04/29 15:46:27,344000,11.339
2026/04/29 15:46:27,345000,11.336
2026/04/29 15:46:27,346000,11.339
2026/04/29 15:46:27,347000,11.350
2026/04/29 15:46:27,348000,11.339
2026/04/29 15:46:27,349000,11.348
2026/04/29 15:46:27,350000,11.342
2026/04/29 15:46:27,351000,11.345
2026/04/29 15:46:27,352000,11.342
2026/04/29 15:46:27,353000,11.342
2026/04/29 15:46:27,354000,11.336
2026/04/29 15:46:27,355000,11.336
2026/04/29 15:46:27,356000,11.342
2026/04/29 15:46:27,357000,11.336
2026/04/29 15:46:27,358000,11.339
2026/04/29 15:46:27,359000,11.331
2026/04/29 15:46:27,360000,11.336
2026/04/29 15:46:27,361000,11.342
2026/04/29 15:46:27,362000,11.336
2026/04/29 15:46:27,363000,11.342
2026/04/29 15:46:27,364000,11.345
2026/04/29 15:46:27,365000,11.350
2026/04/29 15:46:27,366000,11.342
2026/04/29 15:46:27,367000,11.345
2026/04/29 15:46:27,368000,11.342
2026/04/29 15:46:27,369000,11.342
2026/04/29 15:46:27,370000,11.339
2026/04/29 15:46:27,371000,11.345
2026/04/29 15:46:27,372000,11.336
2026/04/29 15:46:27,373000,11.345
2026/04/29 15:46:27,374000,11.348
2026/04/29 15:46:27,375000,11.342
2026/04/29 15:46:27,376000,11.345
2026/04/29 15:46:27,377000,11.336
2026/04/29 15:46:27,378000,11.342
2026/04/29 15:46:27,379000,11.342
2026/04/29 15:46:27,380000,11.342
2026/04/29 15:46:27,381000,11.342
2026/04/29 15:46:27,382000,11.345
2026/04/29 15:46:27,383000,11.342
2026/04/29 15:46:27,384000,11.342
2026/04/29 15:46:27,385000,11.342
2026/04/29 15:46:27,386000,11.339
2026/04/29 15:46:27,387000,11.336
2026/04/29 15:46:27,388000,11.342
2026/04/29 15:46:27,389000,11.345
2026/04/29 15:46:27,390000,11.336
2026/04/29 15:46:27,391000,11.336
2026/04/29 15:46:27,392000,11.345
2026/04/29 15:46:27,393000,11.342
2026/04/29 15:46:27,394000,11.336
2026/04/29 15:46:27,395000,11.342
2026/04/29 15:46:27,396000,11.336
2026/04/29 15:46:27,397000,11.345
2026/04/29 15:46:27,398000,11.345
2026/04/29 15:46:27,399000,11.345
2026/04/29 15:46:27,400000,11.345
2026/04/29 15:46:27,401000,11.342
2026/04/29 15:46:27,402000,11.342
2026/04/29 15:46:27,403000,11.339
2026/04/29 15:46:27,404000,11.345
2026/04/29 15:46:27,405000,11.336
2026/04/29 15:46:27,406000,11.336
2026/04/29 15:46:27,407000,11.342
2026/04/29 15:46:27,408000,11.345
2026/04/29 15:46:27,409000,11.336
2026/04/29 15:46:27,410000,11.342
2026/04/29 15:46:27,411000,11.342
2026/04/29 15:46:27,412000,11.345
2026/04/29 15:46:27,413000,11.336
2026/04/29 15:46:27,414000,11.345
2026/04/29 15:46:27,415000,11.342
2026/04/29 15:46:27,416000,11.342
2026/04/29 15:46:27,417000,11.339
2026/04/29 15:46:27,418000,11.339
2026/04/29 15:46:27,419000,11.339
2026/04/29 15:46:27,420000,11.345
2026/04/29 15:46:27,421000,11.342
2026/04/29 15:46:27,422000,11.342
2026/04/29 15:46:27,423000,11.342
2026/04/29 15:46:27,424000,11.336
2026/04/29 15:46:27,425000,11.339
2026/04/29 15:46:27,426000,11.336
2026/04/29 15:46:27,427000,11.345
2026/04/29 15:46:27,428000,11.336
2026/04/29 15:46:27,429000,11.336
2026/04/29 15:46:27,430000,11.336
2026/04/29 15:46:27,431000,11.339
2026/04/29 15:46:27,432000,11.336
2026/04/29 15:46:27,433000,11.342
2026/04/29 15:46:27,434000,11.350
2026/04/29 15:46:27,435000,11.339
2026/04/29 15:46:27,436000,11.342
2026/04/29 15:46:27,437000,11.348
2026/04/29 15:46:27,438000,11.342
2026/04/29 15:46:27,439000,11.345
2026/04/29 15:46:27,440000,11.336
2026/04/29 15:46:27,441000,11.342
2026/04/29 15:46:27,442000,11.336
2026/04/29 15:46:27,443000,11.336
2026/04/29 15:46:27,444000,11.348
2026/04/29 15:46:27,445000,11.336
2026/04/29 15:46:27,446000,11.342
2026/04/29 15:46:27,447000,11.339
2026/04/29 15:46:27,448000,11.342
2026/04/29 15:46:27,449000,11.345
2026/04/29 15:46:27,450000,11.348
2026/04/29 15:46:27,451000,11.342
2026/04/29 15:46:27,452000,11.350
2026/04/29 15:46:27,453000,11.348
2026/04/29 15:46:27,454000,11.339
2026/04/29 15:46:27,455000,11.342
2026/04/29 15:46:27,456000,11.342
2026/04/29 15:46:27,457000,11.334
2026/04/29 15:46:27,458000,11.345
2026/04/29 15:46:27,459000,11.336
2026/04/29 15:46:27,460000,11.348
2026/04/29 15:46:27,461000,11.342
2026/04/29 15:46:27,462000,11.345
2026/04/29 15:46:27,463000,11.348
2026/04/29 15:46:27,464000,11.342
2026/04/29 15:46:27,465000,11.336
2026/04/29 15:46:27,466000,11.345
2026/04/29 15:46:27,467000,11.336
2026/04/29 15:46:27,468000,11.342
2026/04/29 15:46:27,469000,11.339
2026/04/29 15:46:27,470000,11.345
2026/04/29 15:46:27,471000,11.345
2026/04/29 15:46:27,472000,11.345
2026/04/29 15:46:27,473000,11.345
2026/04/29 15:46:27,474000,11.345
2026/04/29 15:46:27,475000,11.336
2026/04/29 15:46:27,476000,11.345
2026/04/29 15:46:27,477000,11.342
2026/04/29 15:46:27,478000,11.339
2026/04/29 15:46:27,479000,11.336
2026/04/29 15:46:27,480000,11.336
2026/04/29 15:46:27,481000,11.345
2026/04/29 15:46:27,482000,11.342
2026/04/29 15:46:27,483000,11.342
2026/04/29 15:46:27,484000,11.345
2026/04/29 15:46:27,485000,11.339
2026/04/29 15:46:27,486000,11.342
2026/04/29 15:46:27,487000,11.336
2026/04/29 15:46:27,488000,11.342
2026/04/29 15:46:27,489000,11.339
2026/04/29 15:46:27,490000,11.345
2026/04/29 15:46:27,491000,11.348
2026/04/29 15:46:27,492000,11.336
2026/04/29 15:46:27,493000,11.342
2026/04/29 15:46:27,494000,11.342
2026/04/29 15:46:27,495000,11.336
2026/04/29 15:46:27,496000,11.336
2026/04/29 15:46:27,497000,11.336
2026/04/29 15:46:27,498000,11.350
2026/04/29 15:46:27,499000,11.339
2026/04/29 15:46:27,500000,11.345
2026/04/29 15:46:27,501000,11.342
2026/04/29 15:46:27,502000,11.342
2026/04/29 15:46:27,503000,11.342
2026/04/29 15:46:27,504000,11.345
2026/04/29 15:46:27,505000,11.348
2026/04/29 15:46:27,506000,11.345
2026/04/29 15:46:27,507000,11.336
2026/04/29 15:46:27,508000,11.336
2026/04/29 15:46:27,509000,11.339
2026/04/29 15:46:27,510000,11.336
2026/04/29 15:46:27,511000,11.345
2026/04/29 15:46:27,512000,11.342
2026/04/29 15:46:27,513000,11.342
2026/04/29 15:46:27,514000,11.339
2026/04/29 15:46:27,515000,11.339
2026/04/29 15:46:27,516000,11.339
2026/04/29 15:46:27,517000,11.342
2026/04/29 15:46:27,518000,11.345
2026/04/29 15:46:27,519000,11.342
2026/04/29 15:46:27,520000,11.342
2026/04/29 15:46:27,521000,11.342
2026/04/29 15:46:27,522000,11.342
2026/04/29 15:46:27,523000,11.334
2026/04/29 15:46:27,524000,11.339
2026/04/29 15:46:27,525000,11.345
2026/04/29 15:46:27,526000,11.342
2026/04/29 15:46:27,527000,11.345
2026/04/29 15:46:27,528000,11.336
2026/04/29 15:46:27,529000,11.348
2026/04/29 15:46:27,530000,11.342
2026/04/29 15:46:27,531000,11.345
2026/04/29 15:46:27,532000,11.339
2026/04/29 15:46:27,533000,11.345
2026/04/29 15:46:27,534000,11.336
2026/04/29 15:46:27,535000,11.336
2026/04/29 15:46:27,536000,11.342
2026/04/29 15:46:27,537000,11.339
2026/04/29 15:46:27,538000,11.342
2026/04/29 15:46:27,539000,11.342
2026/04/29 15:46:27,540000,11.336
2026/04/29 15:46:27,541000,11.336
2026/04/29 15:46:27,542000,11.336
2026/04/29 15:46:27,543000,11.345
2026/04/29 15:46:27,544000,11.342
2026/04/29 15:46:27,545000,11.342
2026/04/29 15:46:27,546000,11.336
2026/04/29 15:46:27,547000,11.345
2026/04/29 15:46:27,548000,11.348
2026/04/29 15:46:27,549000,11.345
2026/04/29 15:46:27,550000,11.342
2026/04/29 15:46:27,551000,11.339
2026/04/29 15:46:27,552000,11.342
2026/04/29 15:46:27,553000,11.345
2026/04/29 15:46:27,554000,11.345
2026/04/29 15:46:27,555000,11.345
2026/04/29 15:46:27,556000,11.336
2026/04/29 15:46:27,557000,11.345
2026/04/29 15:46:27,558000,11.336
2026/04/29 15:46:27,559000,11.345
2026/04/29 15:46:27,560000,11.342
2026/04/29 15:46:27,561000,11.342
2026/04/29 15:46:27,562000,11.345
2026/04/29 15:46:27,563000,11.342
2026/04/29 15:46:27,564000,11.345
2026/04/29 15:46:27,565000,11.336
2026/04/29 15:46:27,566000,11.342
2026/04/29 15:46:27,567000,11.348
2026/04/29 15:46:27,568000,11.336
2026/04/29 15:46:27,569000,11.342
2026/04/29 15:46:27,570000,11.342
2026/04/29 15:46:27,571000,11.345
2026/04/29 15:46:27,572000,11.339
2026/04/29 15:46:27,573000,11.336
2026/04/29 15:46:27,574000,11.345
2026/04/29 15:46:27,575000,11.339
2026/04/29 15:46:27,576000,11.342
2026/04/29 15:46:27,577000,11.336
2026/04/29 15:46:27,578000,11.339
2026/04/29 15:46:27,579000,11.345
2026/04/29 15:46:27,580000,11.339
2026/04/29 15:46:27,581000,11.342
2026/04/29 15:46:27,582000,11.336
2026/04/29 15:46:27,583000,11.339
2026/04/29 15:46:27,584000,11.345
2026/04/29 15:46:27,585000,11.336
2026/04/29 15:46:27,586000,11.342
2026/04/29 15:46:27,587000,11.339
2026/04/29 15:46:27,588000,11.331
2026/04/29 15:46:27,589000,11.339
2026/04/29 15:46:27,590000,11.342
2026/04/29 15:46:27,591000,11.345
2026/04/29 15:46:27,592000,11.336
2026/04/29 15:46:27,593000,11.342
2026/04/29 15:46:27,594000,11.339
2026/04/29 15:46:27,595000,11.345
2026/04/29 15:46:27,596000,11.348
2026/04/29 15:46:27,597000,11.345
2026/04/29 15:46:27,598000,11.345
2026/04/29 15:46:27,599000,11.342
2026/04/29 15:46:27,600000,11.342
2026/04/29 15:46:27,601000,11.348
2026/04/29 15:46:27,602000,11.345
2026/04/29 15:46:27,603000,11.345
2026/04/29 15:46:27,604000,11.339
2026/04/29 15:46:27,605000,11.345
2026/04/29 15:46:27,606000,11.345
2026/04/29 15:46:27,607000,11.342
2026/04/29 15:46:27,608000,11.345
2026/04/29 15:46:27,609000,11.339
2026/04/29 15:46:27,610000,11.348
2026/04/29 15:46:27,611000,11.336
2026/04/29 15:46:27,612000,11.339
2026/04/29 15:46:27,613000,11.342
2026/04/29 15:46:27,614000,11.336
2026/04/29 15:46:27,615000,11.348
2026/04/29 15:46:27,616000,11.345
2026/04/29 15:46:27,617000,11.345
2026/04/29 15:46:27,618000,11.342
2026/04/29 15:46:27,619000,11.345
2026/04/29 15:46:27,620000,11.342
2026/04/29 15:46:27,621000,11.342
2026/04/29 15:46:27,622000,11.348
2026/04/29 15:46:27,623000,11.342
2026/04/29 15:46:27,624000,11.342
2026/04/29 15:46:27,625000,11.348
2026/04/29 15:46:27,626000,11.350
2026/04/29 15:46:27,627000,11.336
2026/04/29 15:46:27,628000,11.342
2026/04/29 15:46:27,629000,11.348
2026/04/29 15:46:27,630000,11.345
2026/04/29 15:46:27,631000,11.348
2026/04/29 15:46:27,632000,11.342
2026/04/29 15:46:27,633000,11.345
2026/04/29 15:46:27,634000,11.342
2026/04/29 15:46:27,635000,11.345
2026/04/29 15:46:27,636000,11.342
2026/04/29 15:46:27,637000,11.345
2026/04/29 15:46:27,638000,11.336
2026/04/29 15:46:27,639000,11.339
2026/04/29 15:46:27,640000,11.336
2026/04/29 15:46:27,641000,11.345
2026/04/29 15:46:27,642000,11.336
2026/04/29 15:46:27,643000,11.345
2026/04/29 15:46:27,644000,11.342
2026/04/29 15:46:27,645000,11.334
2026/04/29 15:46:27,646000,11.339
2026/04/29 15:46:27,647000,11.342
2026/04/29 15:46:27,648000,11.342
2026/04/29 15:46:27,649000,11.348
2026/04/29 15:46:27,650000,11.342
2026/04/29 15:46:27,651000,11.339
2026/04/29 15:46:27,652000,11.336
2026/04/29 15:46:27,653000,11.342
2026/04/29 15:46:27,654000,11.348
2026/04/29 15:46:27,655000,11.345
2026/04/29 15:46:27,656000,11.342
2026/04/29 15:46:27,657000,11.339
2026/04/29 15:46:27,658000,11.334
2026/04/29 15:46:27,659000,11.342
2026/04/29 15:46:27,660000,11.342
2026/04/29 15:46:27,661000,11.339
2026/04/29 15:46:27,662000,11.345
2026/04/29 15:46:27,663000,11.336
2026/04/29 15:46:27,664000,11.345
2026/04/29 15:46:27,665000,11.339
2026/04/29 15:46:27,666000,11.339
2026/04/29 15:46:27,667000,11.345
2026/04/29 15:46:27,668000,11.342
2026/04/29 15:46:27,669000,11.345
2026/04/29 15:46:27,670000,11.336
2026/04/29 15:46:27,671000,11.339
2026/04/29 15:46:27,672000,11.342
2026/04/29 15:46:27,673000,11.339
2026/04/29 15:46:27,674000,11.336
2026/04/29 15:46:27,675000,11.356
2026/04/29 15:46:27,676000,11.342
2026/04/29 15:46:27,677000,11.342
2026/04/29 15:46:27,678000,11.345
2026/04/29 15:46:27,679000,11.342
2026/04/29 15:46:27,680000,11.339
2026/04/29 15:46:27,681000,11.342
2026/04/29 15:46:27,682000,11.336
2026/04/29 15:46:27,683000,11.342
2026/04/29 15:46:27,684000,11.342
2026/04/29 15:46:27,685000,11.342
2026/04/29 15:46:27,686000,11.350
2026/04/29 15:46:27,687000,11.339
2026/04/29 15:46:27,688000,11.339
2026/04/29 15:46:27,689000,11.336
2026/04/29 15:46:27,690000,11.336
2026/04/29 15:46:27,691000,11.342
2026/04/29 15:46:27,692000,11.336
2026/04/29 15:46:27,693000,11.336
2026/04/29 15:46:27,694000,11.342
2026/04/29 15:46:27,695000,11.345
2026/04/29 15:46:27,696000,11.345
2026/04/29 15:46:27,697000,11.339
2026/04/29 15:46:27,698000,11.334
2026/04/29 15:46:27,699000,11.339
2026/04/29 15:46:27,700000,11.345
2026/04/29 15:46:27,701000,11.345
2026/04/29 15:46:27,702000,11.342
2026/04/29 15:46:27,703000,11.342
2026/04/29 15:46:27,704000,11.342
2026/04/29 15:46:27,705000,11.342
2026/04/29 15:46:27,706000,11.345
2026/04/29 15:46:27,707000,11.345
2026/04/29 15:46:27,708000,11.331
2026/04/29 15:46:27,709000,11.336
2026/04/29 15:46:27,710000,11.336
2026/04/29 15:46:27,711000,11.339
2026/04/29 15:46:27,712000,11.336
2026/04/29 15:46:27,713000,11.348
2026/04/29 15:46:27,714000,11.339
2026/04/29 15:46:27,715000,11.336
2026/04/29 15:46:27,716000,11.342
2026/04/29 15:46:27,717000,11.345
2026/04/29 15:46:27,718000,11.348
2026/04/29 15:46:27,719000,11.350
2026/04/29 15:46:27,720000,11.345
2026/04/29 15:46:27,721000,11.345
2026/04/29 15:46:27,722000,11.334
2026/04/29 15:46:27,723000,11.336
2026/04/29 15:46:27,724000,11.342
2026/04/29 15:46:27,725000,11.336
2026/04/29 15:46:27,726000,11.334
2026/04/29 15:46:27,727000,11.345
2026/04/29 15:46:27,728000,11.348
2026/04/29 15:46:27,729000,11.342
2026/04/29 15:46:27,730000,11.336
2026/04/29 15:46:27,731000,11.348
2026/04/29 15:46:27,732000,11.348
2026/04/29 15:46:27,733000,11.334
2026/04/29 15:46:27,734000,11.342
2026/04/29 15:46:27,735000,11.339
2026/04/29 15:46:27,736000,11.336
2026/04/29 15:46:27,737000,11.348
2026/04/29 15:46:27,738000,11.336
2026/04/29 15:46:27,739000,11.345
2026/04/29 15:46:27,740000,11.345
2026/04/29 15:46:27,741000,11.348
2026/04/29 15:46:27,742000,11.348
2026/04/29 15:46:27,743000,11.348
2026/04/29 15:46:27,744000,11.336
2026/04/29 15:46:27,745000,11.339
2026/04/29 15:46:27,746000,11.339
2026/04/29 15:46:27,747000,11.334
2026/04/29 15:46:27,748000,11.342
2026/04/29 15:46:27,749000,11.336
2026/04/29 15:46:27,750000,11.345
2026/04/29 15:46:27,751000,11.345
2026/04/29 15:46:27,752000,11.342
2026/04/29 15:46:27,753000,11.345
2026/04/29 15:46:27,754000,11.345
2026/04/29 15:46:27,755000,11.339
2026/04/29 15:46:27,756000,11.345
2026/04/29 15:46:27,757000,11.336
2026/04/29 15:46:27,758000,11.342
2026/04/29 15:46:27,759000,11.339
2026/04/29 15:46:27,760000,11.342
2026/04/29 15:46:27,761000,11.339
2026/04/29 15:46:27,762000,11.342
2026/04/29 15:46:27,763000,11.339
2026/04/29 15:46:27,764000,11.345
2026/04/29 15:46:27,765000,11.345
2026/04/29 15:46:27,766000,11.342
2026/04/29 15:46:27,767000,11.339
2026/04/29 15:46:27,768000,11.342
2026/04/29 15:46:27,769000,11.342
2026/04/29 15:46:27,770000,11.339
2026/04/29 15:46:27,771000,11.339
2026/04/29 15:46:27,772000,11.345
2026/04/29 15:46:27,773000,11.342
2026/04/29 15:46:27,774000,11.342
2026/04/29 15:46:27,775000,11.342
2026/04/29 15:46:27,776000,11.342
2026/04/29 15:46:27,777000,11.348
2026/04/29 15:46:27,778000,11.342
2026/04/29 15:46:27,779000,11.345
2026/04/29 15:46:27,780000,11.348
2026/04/29 15:46:27,781000,11.342
2026/04/29 15:46:27,782000,11.345
2026/04/29 15:46:27,783000,11.345
2026/04/29 15:46:27,784000,11.345
2026/04/29 15:46:27,785000,11.342
2026/04/29 15:46:27,786000,11.345
2026/04/29 15:46:27,787000,11.339
2026/04/29 15:46:27,788000,11.336
2026/04/29 15:46:27,789000,11.336
2026/04/29 15:46:27,790000,11.336
2026/04/29 15:46:27,791000,11.350
2026/04/29 15:46:27,792000,11.345
2026/04/29 15:46:27,793000,11.336
2026/04/29 15:46:27,794000,11.339
2026/04/29 15:46:27,795000,11.345
2026/04/29 15:46:27,796000,11.336
2026/04/29 15:46:27,797000,11.339
2026/04/29 15:46:27,798000,11.336
2026/04/29 15:46:27,799000,11.345
2026/04/29 15:46:27,800000,11.345
2026/04/29 15:46:27,801000,11.342
2026/04/29 15:46:27,802000,11.345
2026/04/29 15:46:27,803000,11.345
2026/04/29 15:46:27,804000,11.336
2026/04/29 15:46:27,805000,11.336
2026/04/29 15:46:27,806000,11.342
2026/04/29 15:46:27,807000,11.345
2026/04/29 15:46:27,808000,11.336
2026/04/29 15:46:27,809000,11.345
2026/04/29 15:46:27,810000,11.342
2026/04/29 15:46:27,811000,11.348
2026/04/29 15:46:27,812000,11.334
2026/04/29 15:46:27,813000,11.342
2026/04/29 15:46:27,814000,11.339
2026/04/29 15:46:27,815000,11.334
2026/04/29 15:46:27,816000,11.342
2026/04/29 15:46:27,817000,11.339
2026/04/29 15:46:27,818000,11.339
2026/04/29 15:46:27,819000,11.336
2026/04/29 15:46:27,820000,11.342
2026/04/29 15:46:27,821000,11.336
2026/04/29 15:46:27,822000,11.336
2026/04/29 15:46:27,823000,11.334
2026/04/29 15:46:27,824000,11.331
2026/04/29 15:46:27,825000,11.345
2026/04/29 15:46:27,826000,11.342
2026/04/29 15:46:27,827000,11.345
2026/04/29 15:46:27,828000,11.342
2026/04/29 15:46:27,829000,11.345
2026/04/29 15:46:27,830000,11.339
2026/04/29 15:46:27,831000,11.342
2026/04/29 15:46:27,832000,11.345
2026/04/29 15:46:27,833000,11.336
2026/04/29 15:46:27,834000,11.345
2026/04/29 15:46:27,835000,11.345
2026/04/29 15:46:27,836000,11.345
2026/04/29 15:46:27,837000,11.339
2026/04/29 15:46:27,838000,11.339
2026/04/29 15:46:27,839000,11.348
2026/04/29 15:46:27,840000,11.342
2026/04/29 15:46:27,841000,11.336
2026/04/29 15:46:27,842000,11.345
2026/04/29 15:46:27,843000,11.339
2026/04/29 15:46:27,844000,11.336
2026/04/29 15:46:27,845000,11.345
2026/04/29 15:46:27,846000,11.336
2026/04/29 15:46:27,847000,11.342
2026/04/29 15:46:27,848000,11.342
2026/04/29 15:46:27,849000,11.336
2026/04/29 15:46:27,850000,11.348
2026/04/29 15:46:27,851000,11.342
2026/04/29 15:46:27,852000,11.345
2026/04/29 15:46:27,853000,11.345
2026/04/29 15:46:27,854000,11.348
2026/04/29 15:46:27,855000,11.334
2026/04/29 15:46:27,856000,11.345
2026/04/29 15:46:27,857000,11.345
2026/04/29 15:46:27,858000,11.339
2026/04/29 15:46:27,859000,11.342
2026/04/29 15:46:27,860000,11.348
2026/04/29 15:46:27,861000,11.342
2026/04/29 15:46:27,862000,11.345
2026/04/29 15:46:27,863000,11.342
2026/04/29 15:46:27,864000,11.339
2026/04/29 15:46:27,865000,11.339
2026/04/29 15:46:27,866000,11.345
2026/04/29 15:46:27,867000,11.345
2026/04/29 15:46:27,868000,11.339
2026/04/29 15:46:27,869000,11.336
2026/04/29 15:46:27,870000,11.350
2026/04/29 15:46:27,871000,11.336
2026/04/29 15:46:27,872000,11.342
2026/04/29 15:46:27,873000,11.348
2026/04/29 15:46:27,874000,11.339
2026/04/29 15:46:27,875000,11.345
2026/04/29 15:46:27,876000,11.345
2026/04/29 15:46:27,877000,11.345
2026/04/29 15:46:27,878000,11.334
2026/04/29 15:46:27,879000,11.339
2026/04/29 15:46:27,880000,11.334
2026/04/29 15:46:27,881000,11.336
2026/04/29 15:46:27,882000,11.345
2026/04/29 15:46:27,883000,11.345
2026/04/29 15:46:27,884000,11.339
2026/04/29 15:46:27,885000,11.336
2026/04/29 15:46:27,886000,11.345
2026/04/29 15:46:27,887000,11.345
2026/04/29 15:46:27,888000,11.342
2026/04/29 15:46:27,889000,11.336
2026/04/29 15:46:27,890000,11.342
2026/04/29 15:46:27,891000,11.345
2026/04/29 15:46:27,892000,11.336
2026/04/29 15:46:27,893000,11.339
2026/04/29 15:46:27,894000,11.342
2026/04/29 15:46:27,895000,11.342
2026/04/29 15:46:27,896000,11.334
2026/04/29 15:46:27,897000,11.336
2026/04/29 15:46:27,898000,11.339
2026/04/29 15:46:27,899000,11.336
2026/04/29 15:46:27,900000,11.339
2026/04/29 15:46:27,901000,11.339
2026/04/29 15:46:27,902000,11.345
2026/04/29 15:46:27,903000,11.342
2026/04/29 15:46:27,904000,11.336
2026/04/29 15:46:27,905000,11.345
2026/04/29 15:46:27,906000,11.342
2026/04/29 15:46:27,907000,11.342
2026/04/29 15:46:27,908000,11.345
2026/04/29 15:46:27,909000,11.342
2026/04/29 15:46:27,910000,11.345
2026/04/29 15:46:27,911000,11.350
2026/04/29 15:46:27,912000,11.348
2026/04/29 15:46:27,913000,11.345
2026/04/29 15:46:27,914000,11.336
2026/04/29 15:46:27,915000,11.342
2026/04/29 15:46:27,916000,11.342
2026/04/29 15:46:27,917000,11.348
2026/04/29 15:46:27,918000,11.348
2026/04/29 15:46:27,919000,11.342
2026/04/29 15:46:27,920000,11.348
2026/04/29 15:46:27,921000,11.339
2026/04/29 15:46:27,922000,11.336
2026/04/29 15:46:27,923000,11.336
2026/04/29 15:46:27,924000,11.336
2026/04/29 15:46:27,925000,11.342
2026/04/29 15:46:27,926000,11.336
2026/04/29 15:46:27,927000,11.345
2026/04/29 15:46:27,928000,11.342
2026/04/29 15:46:27,929000,11.339
2026/04/29 15:46:27,930000,11.342
2026/04/29 15:46:27,931000,11.345
2026/04/29 15:46:27,932000,11.348
2026/04/29 15:46:27,933000,11.345
2026/04/29 15:46:27,934000,11.336
2026/04/29 15:46:27,935000,11.336
2026/04/29 15:46:27,936000,11.348
2026/04/29 15:46:27,937000,11.342
2026/04/29 15:46:27,938000,11.348
2026/04/29 15:46:27,939000,11.342
2026/04/29 15:46:27,940000,11.339
2026/04/29 15:46:27,941000,11.350
2026/04/29 15:46:27,942000,11.336
2026/04/29 15:46:27,943000,11.339
2026/04/29 15:46:27,944000,11.336
2026/04/29 15:46:27,945000,11.339
2026/04/29 15:46:27,946000,11.339
2026/04/29 15:46:27,947000,11.345
2026/04/29 15:46:27,948000,11.336
2026/04/29 15:46:27,949000,11.336
2026/04/29 15:46:27,950000,11.345
2026/04/29 15:46:27,951000,11.339
2026/04/29 15:46:27,952000,11.342
2026/04/29 15:46:27,953000,11.336
2026/04/29 15:46:27,954000,11.345
2026/04/29 15:46:27,955000,11.339
2026/04/29 15:46:27,956000,11.345
2026/04/29 15:46:27,957000,11.339
2026/04/29 15:46:27,958000,11.339
2026/04/29 15:46:27,959000,11.342
2026/04/29 15:46:27,960000,11.342
2026/04/29 15:46:27,961000,11.342
2026/04/29 15:46:27,962000,11.345
2026/04/29 15:46:27,963000,11.339
2026/04/29 15:46:27,964000,11.342
2026/04/29 15:46:27,965000,11.339
2026/04/29 15:46:27,966000,11.336
2026/04/29 15:46:27,967000,11.336
2026/04/29 15:46:27,968000,11.331
2026/04/29 15:46:27,969000,11.336
2026/04/29 15:46:27,970000,11.339
2026/04/29 15:46:27,971000,11.336
2026/04/29 15:46:27,972000,11.339
2026/04/29 15:46:27,973000,11.339
2026/04/29 15:46:27,974000,11.342
2026/04/29 15:46:27,975000,11.342
2026/04/29 15:46:27,976000,11.342
2026/04/29 15:46:27,977000,11.342
2026/04/29 15:46:27,978000,11.345
2026/04/29 15:46:27,979000,11.345
2026/04/29 15:46:27,980000,11.342
2026/04/29 15:46:27,981000,11.336
2026/04/29 15:46:27,982000,11.342
2026/04/29 15:46:27,983000,11.336
2026/04/29 15:46:27,984000,11.342
2026/04/29 15:46:27,985000,11.336
2026/04/29 15:46:27,986000,11.336
2026/04/29 15:46:27,987000,11.348
2026/04/29 15:46:27,988000,11.339
2026/04/29 15:46:27,989000,11.342
2026/04/29 15:46:27,990000,11.336
2026/04/29 15:46:27,991000,11.339
2026/04/29 15:46:27,992000,11.345
2026/04/29 15:46:27,993000,11.348
2026/04/29 15:46:27,994000,11.334
2026/04/29 15:46:27,995000,11.339
2026/04/29 15:46:27,996000,11.345
2026/04/29 15:46:27,997000,11.345
2026/04/29 15:46:27,998000,11.348
2026/04/29 15:46:27,999000,11.342
2026/04/29 15:46:28,000000,11.336
2026/04/29 15:46:28,001000,11.345
2026/04/29 15:46:28,002000,11.342
2026/04/29 15:46:28,003000,11.342
2026/04/29 15:46:28,004000,11.336
2026/04/29 15:46:28,005000,11.348
2026/04/29 15:46:28,006000,11.336
2026/04/29 15:46:28,007000,11.345
2026/04/29 15:46:28,008000,11.336
2026/04/29 15:46:28,009000,11.345
2026/04/29 15:46:28,010000,11.342
2026/04/29 15:46:28,011000,11.336
2026/04/29 15:46:28,012000,11.345
2026/04/29 15:46:28,013000,11.342
2026/04/29 15:46:28,014000,11.336
2026/04/29 15:46:28,015000,11.336
2026/04/29 15:46:28,016000,11.342
2026/04/29 15:46:28,017000,11.348
2026/04/29 15:46:28,018000,11.336
2026/04/29 15:46:28,019000,11.342
2026/04/29 15:46:28,020000,11.348
2026/04/29 15:46:28,021000,11.342
2026/04/29 15:46:28,022000,11.342
2026/04/29 15:46:28,023000,11.348
2026/04/29 15:46:28,024000,11.350
2026/04/29 15:46:28,025000,11.342
2026/04/29 15:46:28,026000,11.345
2026/04/29 15:46:28,027000,11.336
2026/04/29 15:46:28,028000,11.342
2026/04/29 15:46:28,029000,11.339
2026/04/29 15:46:28,030000,11.342
2026/04/29 15:46:28,031000,11.336
2026/04/29 15:46:28,032000,11.345
2026/04/29 15:46:28,033000,11.336
2026/04/29 15:46:28,034000,11.342
2026/04/29 15:46:28,035000,11.342
2026/04/29 15:46:28,036000,11.345
2026/04/29 15:46:28,037000,11.336
2026/04/29 15:46:28,038000,11.336
2026/04/29 15:46:28,039000,11.345
2026/04/29 15:46:28,040000,11.336
2026/04/29 15:46:28,041000,11.336
2026/04/29 15:46:28,042000,11.339
2026/04/29 15:46:28,043000,11.336
2026/04/29 15:46:28,044000,11.342
2026/04/29 15:46:28,045000,11.348
2026/04/29 15:46:28,046000,11.334
2026/04/29 15:46:28,047000,11.345
2026/04/29 15:46:28,048000,11.345
2026/04/29 15:46:28,049000,11.345
2026/04/29 15:46:28,050000,11.339
2026/04/29 15:46:28,051000,11.342
2026/04/29 15:46:28,052000,11.345
2026/04/29 15:46:28,053000,11.345
2026/04/29 15:46:28,054000,11.342
2026/04/29 15:46:28,055000,11.339
2026/04/29 15:46:28,056000,11.342
2026/04/29 15:46:28,057000,11.336
2026/04/29 15:46:28,058000,11.334
2026/04/29 15:46:28,059000,11.342
2026/04/29 15:46:28,060000,11.345
2026/04/29 15:46:28,061000,11.339
2026/04/29 15:46:28,062000,11.345
2026/04/29 15:46:28,063000,11.342
2026/04/29 15:46:28,064000,11.336
2026/04/29 15:46:28,065000,11.342
2026/04/29 15:46:28,066000,11.342
2026/04/29 15:46:28,067000,11.336
2026/04/29 15:46:28,068000,11.334
2026/04/29 15:46:28,069000,11.339
2026/04/29 15:46:28,070000,11.342
2026/04/29 15:46:28,071000,11.334
2026/04/29 15:46:28,072000,11.342
2026/04/29 15:46:28,073000,11.339
2026/04/29 15:46:28,074000,11.342
2026/04/29 15:46:28,075000,11.345
2026/04/29 15:46:28,076000,11.334
2026/04/29 15:46:28,077000,11.339
2026/04/29 15:46:28,078000,11.345
2026/04/29 15:46:28,079000,11.345
2026/04/29 15:46:28,080000,11.342
2026/04/29 15:46:28,081000,11.342
2026/04/29 15:46:28,082000,11.339
2026/04/29 15:46:28,083000,11.348
2026/04/29 15:46:28,084000,11.342
2026/04/29 15:46:28,085000,11.342
2026/04/29 15:46:28,086000,11.345
2026/04/29 15:46:28,087000,11.339
2026/04/29 15:46:28,088000,11.342
2026/04/29 15:46:28,089000,11.336
2026/04/29 15:46:28,090000,11.345
2026/04/29 15:46:28,091000,11.336
2026/04/29 15:46:28,092000,11.336
2026/04/29 15:46:28,093000,11.345
2026/04/29 15:46:28,094000,11.345
2026/04/29 15:46:28,095000,11.345
2026/04/29 15:46:28,096000,11.348
2026/04/29 15:46:28,097000,11.336
2026/04/29 15:46:28,098000,11.342
2026/04/29 15:46:28,099000,11.345
2026/04/29 15:46:28,100000,11.336
2026/04/29 15:46:28,101000,11.342
2026/04/29 15:46:28,102000,11.339
2026/04/29 15:46:28,103000,11.339
2026/04/29 15:46:28,104000,11.345
2026/04/29 15:46:28,105000,11.345
2026/04/29 15:46:28,106000,11.342
2026/04/29 15:46:28,107000,11.348
2026/04/29 15:46:28,108000,11.345
2026/04/29 15:46:28,109000,11.345
2026/04/29 15:46:28,110000,11.345
2026/04/29 15:46:28,111000,11.345
2026/04/29 15:46:28,112000,11.342
2026/04/29 15:46:28,113000,11.342
2026/04/29 15:46:28,114000,11.336
2026/04/29 15:46:28,115000,11.342
2026/04/29 15:46:28,116000,11.342
2026/04/29 15:46:28,117000,11.342
2026/04/29 15:46:28,118000,11.342
2026/04/29 15:46:28,119000,11.342
2026/04/29 15:46:28,120000,11.345
2026/04/29 15:46:28,121000,11.342
2026/04/29 15:46:28,122000,11.342
2026/04/29 15:46:28,123000,11.342
2026/04/29 15:46:28,124000,11.336
2026/04/29 15:46:28,125000,11.345
2026/04/29 15:46:28,126000,11.348
2026/04/29 15:46:28,127000,11.345
2026/04/29 15:46:28,128000,11.345
2026/04/29 15:46:28,129000,11.342
2026/04/29 15:46:28,130000,11.339
2026/04/29 15:46:28,131000,11.336
2026/04/29 15:46:28,132000,11.345
2026/04/29 15:46:28,133000,11.345
2026/04/29 15:46:28,134000,11.345
2026/04/29 15:46:28,135000,11.336
2026/04/29 15:46:28,136000,11.342
2026/04/29 15:46:28,137000,11.342
2026/04/29 15:46:28,138000,11.336
2026/04/29 15:46:28,139000,11.336
2026/04/29 15:46:28,140000,11.336
2026/04/29 15:46:28,141000,11.345
2026/04/29 15:46:28,142000,11.342
2026/04/29 15:46:28,143000,11.342
2026/04/29 15:46:28,144000,11.348
2026/04/29 15:46:28,145000,11.342
2026/04/29 15:46:28,146000,11.345
2026/04/29 15:46:28,147000,11.339
2026/04/29 15:46:28,148000,11.334
2026/04/29 15:46:28,149000,11.345
2026/04/29 15:46:28,150000,11.342
2026/04/29 15:46:28,151000,11.348
2026/04/29 15:46:28,152000,11.336
2026/04/29 15:46:28,153000,11.339
2026/04/29 15:46:28,154000,11.342
2026/04/29 15:46:28,155000,11.336
2026/04/29 15:46:28,156000,11.339
2026/04/29 15:46:28,157000,11.342
2026/04/29 15:46:28,158000,11.345
2026/04/29 15:46:28,159000,11.336
2026/04/29 15:46:28,160000,11.339
2026/04/29 15:46:28,161000,11.334
2026/04/29 15:46:28,162000,11.339
2026/04/29 15:46:28,163000,11.342
2026/04/29 15:46:28,164000,11.342
2026/04/29 15:46:28,165000,11.345
2026/04/29 15:46:28,166000,11.336
2026/04/29 15:46:28,167000,11.336
2026/04/29 15:46:28,168000,11.336
2026/04/29 15:46:28,169000,11.339
2026/04/29 15:46:28,170000,11.339
2026/04/29 15:46:28,171000,11.345
2026/04/29 15:46:28,172000,11.336
2026/04/29 15:46:28,173000,11.342
2026/04/29 15:46:28,174000,11.336
2026/04/29 15:46:28,175000,11.345
2026/04/29 15:46:28,176000,11.334
2026/04/29 15:46:28,177000,11.336
2026/04/29 15:46:28,178000,11.336
2026/04/29 15:46:28,179000,11.342
2026/04/29 15:46:28,180000,11.336
2026/04/29 15:46:28,181000,11.342
2026/04/29 15:46:28,182000,11.342
2026/04/29 15:46:28,183000,11.342
2026/04/29 15:46:28,184000,11.342
2026/04/29 15:46:28,185000,11.345
2026/04/29 15:46:28,186000,11.345
2026/04/29 15:46:28,187000,11.336
2026/04/29 15:46:28,188000,11.336
2026/04/29 15:46:28,189000,11.342
2026/04/29 15:46:28,190000,11.342
2026/04/29 15:46:28,191000,11.342
2026/04/29 15:46:28,192000,11.342
2026/04/29 15:46:28,193000,11.345
2026/04/29 15:46:28,194000,11.342
2026/04/29 15:46:28,195000,11.336
2026/04/29 15:46:28,196000,11.339
2026/04/29 15:46:28,197000,11.339
2026/04/29 15:46:28,198000,11.342
2026/04/29 15:46:28,199000,11.342
2026/04/29 15:46:28,200000,11.345
2026/04/29 15:46:28,201000,11.336
2026/04/29 15:46:28,202000,11.348
2026/04/29 15:46:28,203000,11.342
2026/04/29 15:46:28,204000,11.345
2026/04/29 15:46:28,205000,11.336
2026/04/29 15:46:28,206000,11.336
2026/04/29 15:46:28,207000,11.350
2026/04/29 15:46:28,208000,11.342
2026/04/29 15:46:28,209000,11.345
2026/04/29 15:46:28,210000,11.339
2026/04/29 15:46:28,211000,11.342
2026/04/29 15:46:28,212000,11.345
2026/04/29 15:46:28,213000,11.348
2026/04/29 15:46:28,214000,11.342
2026/04/29 15:46:28,215000,11.339
2026/04/29 15:46:28,216000,11.336
2026/04/29 15:46:28,217000,11.339
2026/04/29 15:46:28,218000,11.336
2026/04/29 15:46:28,219000,11.334
2026/04/29 15:46:28,220000,11.342
2026/04/29 15:46:28,221000,11.342
2026/04/29 15:46:28,222000,11.334
2026/04/29 15:46:28,223000,11.339
2026/04/29 15:46:28,224000,11.342
2026/04/29 15:46:28,225000,11.339
2026/04/29 15:46:28,226000,11.342
2026/04/29 15:46:28,227000,11.348
2026/04/29 15:46:28,228000,11.342
2026/04/29 15:46:28,229000,11.336
2026/04/29 15:46:28,230000,11.336
2026/04/29 15:46:28,231000,11.345
2026/04/29 15:46:28,232000,11.336
2026/04/29 15:46:28,233000,11.342
2026/04/29 15:46:28,234000,11.342
2026/04/29 15:46:28,235000,11.345
2026/04/29 15:46:28,236000,11.336
2026/04/29 15:46:28,237000,11.342
2026/04/29 15:46:28,238000,11.342
2026/04/29 15:46:28,239000,11.336
2026/04/29 15:46:28,240000,11.336
2026/04/29 15:46:28,241000,11.339
2026/04/29 15:46:28,242000,11.336
2026/04/29 15:46:28,243000,11.345
2026/04/29 15:46:28,244000,11.342
2026/04/29 15:46:28,245000,11.336
2026/04/29 15:46:28,246000,11.342
2026/04/29 15:46:28,247000,11.342
2026/04/29 15:46:28,248000,11.342
2026/04/29 15:46:28,249000,11.339
2026/04/29 15:46:28,250000,11.336
2026/04/29 15:46:28,251000,11.339
2026/04/29 15:46:28,252000,11.339
2026/04/29 15:46:28,253000,11.345
2026/04/29 15:46:28,254000,11.348
2026/04/29 15:46:28,255000,11.334
2026/04/29 15:46:28,256000,11.342
2026/04/29 15:46:28,257000,11.345
2026/04/29 15:46:28,258000,11.336
2026/04/29 15:46:28,259000,11.345
2026/04/29 15:46:28,260000,11.345
2026/04/29 15:46:28,261000,11.339
2026/04/29 15:46:28,262000,11.345
2026/04/29 15:46:28,263000,11.348
2026/04/29 15:46:28,264000,11.342
2026/04/29 15:46:28,265000,11.342
2026/04/29 15:46:28,266000,11.345
2026/04/29 15:46:28,267000,11.348
2026/04/29 15:46:28,268000,11.345
2026/04/29 15:46:28,269000,11.342
2026/04/29 15:46:28,270000,11.350
2026/04/29 15:46:28,271000,11.336
2026/04/29 15:46:28,272000,11.342
2026/04/29 15:46:28,273000,11.336
2026/04/29 15:46:28,274000,11.342
2026/04/29 15:46:28,275000,11.345
2026/04/29 15:46:28,276000,11.339
2026/04/29 15:46:28,277000,11.348
2026/04/29 15:46:28,278000,11.339
2026/04/29 15:46:28,279000,11.348
2026/04/29 15:46:28,280000,11.345
2026/04/29 15:46:28,281000,11.339
2026/04/29 15:46:28,282000,11.342
2026/04/29 15:46:28,283000,11.339
2026/04/29 15:46:28,284000,11.334
2026/04/29 15:46:28,285000,11.334
2026/04/29 15:46:28,286000,11.345
2026/04/29 15:46:28,287000,11.342
2026/04/29 15:46:28,288000,11.339
2026/04/29 15:46:28,289000,11.342
2026/04/29 15:46:28,290000,11.339
2026/04/29 15:46:28,291000,11.336
2026/04/29 15:46:28,292000,11.345
2026/04/29 15:46:28,293000,11.345
2026/04/29 15:46:28,294000,11.342
2026/04/29 15:46:28,295000,11.345
2026/04/29 15:46:28,296000,11.342
2026/04/29 15:46:28,297000,11.345
2026/04/29 15:46:28,298000,11.348
2026/04/29 15:46:28,299000,11.336
2026/04/29 15:46:28,300000,11.348
2026/04/29 15:46:28,301000,11.336
2026/04/29 15:46:28,302000,11.345
2026/04/29 15:46:28,303000,11.342
2026/04/29 15:46:28,304000,11.345
2026/04/29 15:46:28,305000,11.336
2026/04/29 15:46:28,306000,11.334
2026/04/29 15:46:28,307000,11.339
2026/04/29 15:46:28,308000,11.339
2026/04/29 15:46:28,309000,11.336
2026/04/29 15:46:28,310000,11.345
2026/04/29 15:46:28,311000,11.345
2026/04/29 15:46:28,312000,11.339
2026/04/29 15:46:28,313000,11.336
2026/04/29 15:46:28,314000,11.345
2026/04/29 15:46:28,315000,11.345
2026/04/29 15:46:28,316000,11.336
2026/04/29 15:46:28,317000,11.339
2026/04/29 15:46:28,318000,11.348
2026/04/29 15:46:28,319000,11.342
2026/04/29 15:46:28,320000,11.350
2026/04/29 15:46:28,321000,11.342
2026/04/29 15:46:28,322000,11.342
2026/04/29 15:46:28,323000,11.342
2026/04/29 15:46:28,324000,11.345
2026/04/29 15:46:28,325000,11.336
2026/04/29 15:46:28,326000,11.345
2026/04/29 15:46:28,327000,11.350
2026/04/29 15:46:28,328000,11.339
2026/04/29 15:46:28,329000,11.342
2026/04/29 15:46:28,330000,11.336
2026/04/29 15:46:28,331000,11.345
2026/04/29 15:46:28,332000,11.342
2026/04/29 15:46:28,333000,11.342
2026/04/29 15:46:28,334000,11.353
2026/04/29 15:46:28,335000,11.342
2026/04/29 15:46:28,336000,11.345
2026/04/29 15:46:28,337000,11.336
2026/04/29 15:46:28,338000,11.348
2026/04/29 15:46:28,339000,11.336
2026/04/29 15:46:28,340000,11.348
2026/04/29 15:46:28,341000,11.345
2026/04/29 15:46:28,342000,11.342
2026/04/29 15:46:28,343000,11.345
2026/04/29 15:46:28,344000,11.342
2026/04/29 15:46:28,345000,11.345
2026/04/29 15:46:28,346000,11.342
2026/04/29 15:46:28,347000,11.339
2026/04/29 15:46:28,348000,11.348
2026/04/29 15:46:28,349000,11.348
2026/04/29 15:46:28,350000,11.342
2026/04/29 15:46:28,351000,11.336
2026/04/29 15:46:28,352000,11.345
2026/04/29 15:46:28,353000,11.336
2026/04/29 15:46:28,354000,11.342
2026/04/29 15:46:28,355000,11.345
2026/04/29 15:46:28,356000,11.339
2026/04/29 15:46:28,357000,11.339
2026/04/29 15:46:28,358000,11.342
2026/04/29 15:46:28,359000,11.342
2026/04/29 15:46:28,360000,11.339
2026/04/29 15:46:28,361000,11.336
2026/04/29 15:46:28,362000,11.336
2026/04/29 15:46:28,363000,11.348
2026/04/29 15:46:28,364000,11.348
2026/04/29 15:46:28,365000,11.339
2026/04/29 15:46:28,366000,11.336
2026/04/29 15:46:28,367000,11.342
2026/04/29 15:46:28,368000,11.345
2026/04/29 15:46:28,369000,11.336
2026/04/29 15:46:28,370000,11.336
2026/04/29 15:46:28,371000,11.342
2026/04/29 15:46:28,372000,11.339
2026/04/29 15:46:28,373000,11.348
2026/04/29 15:46:28,374000,11.342
2026/04/29 15:46:28,375000,11.345
2026/04/29 15:46:28,376000,11.339
2026/04/29 15:46:28,377000,11.336
2026/04/29 15:46:28,378000,11.336
2026/04/29 15:46:28,379000,11.342
2026/04/29 15:46:28,380000,11.339
2026/04/29 15:46:28,381000,11.336
2026/04/29 15:46:28,382000,11.345
2026/04/29 15:46:28,383000,11.339
2026/04/29 15:46:28,384000,11.345
2026/04/29 15:46:28,385000,11.345
2026/04/29 15:46:28,386000,11.345
2026/04/29 15:46:28,387000,11.339
2026/04/29 15:46:28,388000,11.339
2026/04/29 15:46:28,389000,11.345
2026/04/29 15:46:28,390000,11.345
2026/04/29 15:46:28,391000,11.342
2026/04/29 15:46:28,392000,11.348
2026/04/29 15:46:28,393000,11.342
2026/04/29 15:46:28,394000,11.345
2026/04/29 15:46:28,395000,11.339
2026/04/29 15:46:28,396000,11.342
2026/04/29 15:46:28,397000,11.345
2026/04/29 15:46:28,398000,11.350
2026/04/29 15:46:28,399000,11.339
2026/04/29 15:46:28,400000,11.345
2026/04/29 15:46:28,401000,11.339
2026/04/29 15:46:28,402000,11.353
2026/04/29 15:46:28,403000,11.345
2026/04/29 15:46:28,404000,11.342
2026/04/29 15:46:28,405000,11.345
2026/04/29 15:46:28,406000,11.339
2026/04/29 15:46:28,407000,11.348
2026/04/29 15:46:28,408000,11.353
2026/04/29 15:46:28,409000,11.342
2026/04/29 15:46:28,410000,11.342
2026/04/29 15:46:28,411000,11.336
2026/04/29 15:46:28,412000,11.336
2026/04/29 15:46:28,413000,11.342
2026/04/29 15:46:28,414000,11.348
2026/04/29 15:46:28,415000,11.342
2026/04/29 15:46:28,416000,11.339
2026/04/29 15:46:28,417000,11.345
2026/04/29 15:46:28,418000,11.342
2026/04/29 15:46:28,419000,11.339
2026/04/29 15:46:28,420000,11.348
2026/04/29 15:46:28,421000,11.345
2026/04/29 15:46:28,422000,11.342
2026/04/29 15:46:28,423000,11.345
2026/04/29 15:46:28,424000,11.348
2026/04/29 15:46:28,425000,11.336
2026/04/29 15:46:28,426000,11.345
2026/04/29 15:46:28,427000,11.345
2026/04/29 15:46:28,428000,11.342
2026/04/29 15:46:28,429000,11.342
2026/04/29 15:46:28,430000,11.345
2026/04/29 15:46:28,431000,11.345
2026/04/29 15:46:28,432000,11.342
2026/04/29 15:46:28,433000,11.342
2026/04/29 15:46:28,434000,11.339
2026/04/29 15:46:28,435000,11.339
2026/04/29 15:46:28,436000,11.336
2026/04/29 15:46:28,437000,11.342
2026/04/29 15:46:28,438000,11.342
2026/04/29 15:46:28,439000,11.336
2026/04/29 15:46:28,440000,11.348
2026/04/29 15:46:28,441000,11.342
2026/04/29 15:46:28,442000,11.336
2026/04/29 15:46:28,443000,11.342
2026/04/29 15:46:28,444000,11.342
2026/04/29 15:46:28,445000,11.339
2026/04/29 15:46:28,446000,11.348
2026/04/29 15:46:28,447000,11.334
2026/04/29 15:46:28,448000,11.342
2026/04/29 15:46:28,449000,11.339
2026/04/29 15:46:28,450000,11.339
2026/04/29 15:46:28,451000,11.342
2026/04/29 15:46:28,452000,11.334
2026/04/29 15:46:28,453000,11.336
2026/04/29 15:46:28,454000,11.334
2026/04/29 15:46:28,455000,11.348
2026/04/29 15:46:28,456000,11.336
2026/04/29 15:46:28,457000,11.348
2026/04/29 15:46:28,458000,11.345
2026/04/29 15:46:28,459000,11.342
2026/04/29 15:46:28,460000,11.336
2026/04/29 15:46:28,461000,11.336
2026/04/29 15:46:28,462000,11.336
2026/04/29 15:46:28,463000,11.336
2026/04/29 15:46:28,464000,11.342
2026/04/29 15:46:28,465000,11.336
2026/04/29 15:46:28,466000,11.339
2026/04/29 15:46:28,467000,11.339
2026/04/29 15:46:28,468000,11.342
2026/04/29 15:46:28,469000,11.345
2026/04/29 15:46:28,470000,11.345
2026/04/29 15:46:28,471000,11.342
2026/04/29 15:46:28,472000,11.336
2026/04/29 15:46:28,473000,11.336
2026/04/29 15:46:28,474000,11.345
2026/04/29 15:46:28,475000,11.339
2026/04/29 15:46:28,476000,11.336
2026/04/29 15:46:28,477000,11.336
2026/04/29 15:46:28,478000,11.342
2026/04/29 15:46:28,479000,11.345
2026/04/29 15:46:28,480000,11.348
2026/04/29 15:46:28,481000,11.345
2026/04/29 15:46:28,482000,11.345
2026/04/29 15:46:28,483000,11.345
2026/04/29 15:46:28,484000,11.345
2026/04/29 15:46:28,485000,11.345
2026/04/29 15:46:28,486000,11.342
2026/04/29 15:46:28,487000,11.339
2026/04/29 15:46:28,488000,11.336
2026/04/29 15:46:28,489000,11.336
2026/04/29 15:46:28,490000,11.342
2026/04/29 15:46:28,491000,11.342
2026/04/29 15:46:28,492000,11.342
2026/04/29 15:46:28,493000,11.342
2026/04/29 15:46:28,494000,11.339
2026/04/29 15:46:28,495000,11.348
2026/04/29 15:46:28,496000,11.336
2026/04/29 15:46:28,497000,11.345
2026/04/29 15:46:28,498000,11.353
2026/04/29 15:46:28,499000,11.336
2026/04/29 15:46:28,500000,11.342
2026/04/29 15:46:28,501000,11.342
2026/04/29 15:46:28,502000,11.342
2026/04/29 15:46:28,503000,11.339
2026/04/29 15:46:28,504000,11.345
2026/04/29 15:46:28,505000,11.342
2026/04/29 15:46:28,506000,11.345
2026/04/29 15:46:28,507000,11.345
2026/04/29 15:46:28,508000,11.342
2026/04/29 15:46:28,509000,11.342
2026/04/29 15:46:28,510000,11.336
2026/04/29 15:46:28,511000,11.348
2026/04/29 15:46:28,512000,11.336
2026/04/29 15:46:28,513000,11.339
2026/04/29 15:46:28,514000,11.345
2026/04/29 15:46:28,515000,11.336
2026/04/29 15:46:28,516000,11.342
2026/04/29 15:46:28,517000,11.336
2026/04/29 15:46:28,518000,11.345
2026/04/29 15:46:28,519000,11.350
2026/04/29 15:46:28,520000,11.336
2026/04/29 15:46:28,521000,11.339
2026/04/29 15:46:28,522000,11.342
2026/04/29 15:46:28,523000,11.345
2026/04/29 15:46:28,524000,11.342
2026/04/29 15:46:28,525000,11.339
2026/04/29 15:46:28,526000,11.345
2026/04/29 15:46:28,527000,11.345
2026/04/29 15:46:28,528000,11.342
2026/04/29 15:46:28,529000,11.342
2026/04/29 15:46:28,530000,11.345
2026/04/29 15:46:28,531000,11.339
2026/04/29 15:46:28,532000,11.339
2026/04/29 15:46:28,533000,11.345
2026/04/29 15:46:28,534000,11.342
2026/04/29 15:46:28,535000,11.339
2026/04/29 15:46:28,536000,11.348
2026/04/29 15:46:28,537000,11.336
2026/04/29 15:46:28,538000,11.345
2026/04/29 15:46:28,539000,11.339
2026/04/29 15:46:28,540000,11.334
2026/04/29 15:46:28,541000,11.342
2026/04/29 15:46:28,542000,11.342
2026/04/29 15:46:28,543000,11.336
2026/04/29 15:46:28,544000,11.336
2026/04/29 15:46:28,545000,11.342
2026/04/29 15:46:28,546000,11.345
2026/04/29 15:46:28,547000,11.339
2026/04/29 15:46:28,548000,11.339
2026/04/29 15:46:28,549000,11.342
2026/04/29 15:46:28,550000,11.342
2026/04/29 15:46:28,551000,11.336
2026/04/29 15:46:28,552000,11.350
2026/04/29 15:46:28,553000,11.342
2026/04/29 15:46:28,554000,11.336
2026/04/29 15:46:28,555000,11.345
2026/04/29 15:46:28,556000,11.336
2026/04/29 15:46:28,557000,11.342
2026/04/29 15:46:28,558000,11.345
2026/04/29 15:46:28,559000,11.345
2026/04/29 15:46:28,560000,11.345
2026/04/29 15:46:28,561000,11.345
2026/04/29 15:46:28,562000,11.345
2026/04/29 15:46:28,563000,11.345
2026/04/29 15:46:28,564000,11.342
2026/04/29 15:46:28,565000,11.339
2026/04/29 15:46:28,566000,11.336
2026/04/29 15:46:28,567000,11.334
2026/04/29 15:46:28,568000,11.336
2026/04/29 15:46:28,569000,11.336
2026/04/29 15:46:28,570000,11.342
2026/04/29 15:46:28,571000,11.339
2026/04/29 15:46:28,572000,11.342
2026/04/29 15:46:28,573000,11.345
2026/04/29 15:46:28,574000,11.336
2026/04/29 15:46:28,575000,11.342
2026/04/29 15:46:28,576000,11.345
2026/04/29 15:46:28,577000,11.339
2026/04/29 15:46:28,578000,11.336
2026/04/29 15:46:28,579000,11.339
2026/04/29 15:46:28,580000,11.348
2026/04/29 15:46:28,581000,11.339
2026/04/29 15:46:28,582000,11.345
2026/04/29 15:46:28,583000,11.342
2026/04/29 15:46:28,584000,11.348
2026/04/29 15:46:28,585000,11.342
2026/04/29 15:46:28,586000,11.339
2026/04/29 15:46:28,587000,11.342
2026/04/29 15:46:28,588000,11.334
2026/04/29 15:46:28,589000,11.348
2026/04/29 15:46:28,590000,11.348
2026/04/29 15:46:28,591000,11.345
2026/04/29 15:46:28,592000,11.342
2026/04/29 15:46:28,593000,11.345
2026/04/29 15:46:28,594000,11.339
2026/04/29 15:46:28,595000,11.342
2026/04/29 15:46:28,596000,11.348
2026/04/29 15:46:28,597000,11.342
2026/04/29 15:46:28,598000,11.336
2026/04/29 15:46:28,599000,11.336
2026/04/29 15:46:28,600000,11.339
2026/04/29 15:46:28,601000,11.336
2026/04/29 15:46:28,602000,11.336
2026/04/29 15:46:28,603000,11.342
2026/04/29 15:46:28,604000,11.342
2026/04/29 15:46:28,605000,11.339
2026/04/29 15:46:28,606000,11.342
2026/04/29 15:46:28,607000,11.339
2026/04/29 15:46:28,608000,11.345
2026/04/29 15:46:28,609000,11.336
2026/04/29 15:46:28,610000,11.342
2026/04/29 15:46:28,611000,11.339
2026/04/29 15:46:28,612000,11.339
2026/04/29 15:46:28,613000,11.342
2026/04/29 15:46:28,614000,11.339
2026/04/29 15:46:28,615000,11.331
2026/04/29 15:46:28,616000,11.348
2026/04/29 15:46:28,617000,11.336
2026/04/29 15:46:28,618000,11.345
2026/04/29 15:46:28,619000,11.334
2026/04/29 15:46:28,620000,11.342
2026/04/29 15:46:28,621000,11.345
2026/04/29 15:46:28,622000,11.345
2026/04/29 15:46:28,623000,11.336
2026/04/29 15:46:28,624000,11.336
2026/04/29 15:46:28,625000,11.345
2026/04/29 15:46:28,626000,11.342
2026/04/29 15:46:28,627000,11.345
2026/04/29 15:46:28,628000,11.339
2026/04/29 15:46:28,629000,11.348
2026/04/29 15:46:28,630000,11.336
2026/04/29 15:46:28,631000,11.339
2026/04/29 15:46:28,632000,11.342
2026/04/29 15:46:28,633000,11.336
2026/04/29 15:46:28,634000,11.336
2026/04/29 15:46:28,635000,11.336
2026/04/29 15:46:28,636000,11.339
2026/04/29 15:46:28,637000,11.345
2026/04/29 15:46:28,638000,11.339
2026/04/29 15:46:28,639000,11.336
2026/04/29 15:46:28,640000,11.345
2026/04/29 15:46:28,641000,11.336
2026/04/29 15:46:28,642000,11.336
2026/04/29 15:46:28,643000,11.336
2026/04/29 15:46:28,644000,11.342
2026/04/29 15:46:28,645000,11.336
2026/04/29 15:46:28,646000,11.345
2026/04/29 15:46:28,647000,11.345
2026/04/29 15:46:28,648000,11.339
2026/04/29 15:46:28,649000,11.342
2026/04/29 15:46:28,650000,11.336
2026/04/29 15:46:28,651000,11.345
2026/04/29 15:46:28,652000,11.339
2026/04/29 15:46:28,653000,11.342
2026/04/29 15:46:28,654000,11.342
2026/04/29 15:46:28,655000,11.345
2026/04/29 15:46:28,656000,11.348
2026/04/29 15:46:28,657000,11.348
2026/04/29 15:46:28,658000,11.339
2026/04/29 15:46:28,659000,11.345
2026/04/29 15:46:28,660000,11.339
2026/04/29 15:46:28,661000,11.339
2026/04/29 15:46:28,662000,11.342
2026/04/29 15:46:28,663000,11.336
2026/04/29 15:46:28,664000,11.336
2026/04/29 15:46:28,665000,11.336
2026/04/29 15:46:28,666000,11.348
2026/04/29 15:46:28,667000,11.348
2026/04/29 15:46:28,668000,11.336
2026/04/29 15:46:28,669000,11.342
2026/04/29 15:46:28,670000,11.345
2026/04/29 15:46:28,671000,11.348
2026/04/29 15:46:28,672000,11.345
2026/04/29 15:46:28,673000,11.356
2026/04/29 15:46:28,674000,11.342
2026/04/29 15:46:28,675000,11.339
2026/04/29 15:46:28,676000,11.348
2026/04/29 15:46:28,677000,11.342
2026/04/29 15:46:28,678000,11.345
2026/04/29 15:46:28,679000,11.350
2026/04/29 15:46:28,680000,11.342
2026/04/29 15:46:28,681000,11.345
2026/04/29 15:46:28,682000,11.345
2026/04/29 15:46:28,683000,11.336
2026/04/29 15:46:28,684000,11.339
2026/04/29 15:46:28,685000,11.336
2026/04/29 15:46:28,686000,11.342
2026/04/29 15:46:28,687000,11.342
2026/04/29 15:46:28,688000,11.339
2026/04/29 15:46:28,689000,11.345
2026/04/29 15:46:28,690000,11.345
2026/04/29 15:46:28,691000,11.345
2026/04/29 15:46:28,692000,11.345
2026/04/29 15:46:28,693000,11.334
2026/04/29 15:46:28,694000,11.336
2026/04/29 15:46:28,695000,11.339
2026/04/29 15:46:28,696000,11.342
2026/04/29 15:46:28,697000,11.342
2026/04/29 15:46:28,698000,11.345
2026/04/29 15:46:28,699000,11.345
2026/04/29 15:46:28,700000,11.345
2026/04/29 15:46:28,701000,11.342
2026/04/29 15:46:28,702000,11.342
2026/04/29 15:46:28,703000,11.342
2026/04/29 15:46:28,704000,11.339
2026/04/29 15:46:28,705000,11.336
2026/04/29 15:46:28,706000,11.345
2026/04/29 15:46:28,707000,11.345
2026/04/29 15:46:28,708000,11.339
2026/04/29 15:46:28,709000,11.348
2026/04/29 15:46:28,710000,11.339
2026/04/29 15:46:28,711000,11.339
2026/04/29 15:46:28,712000,11.339
2026/04/29 15:46:28,713000,11.336
2026/04/29 15:46:28,714000,11.342
2026/04/29 15:46:28,715000,11.342
2026/04/29 15:46:28,716000,11.339
2026/04/29 15:46:28,717000,11.336
2026/04/29 15:46:28,718000,11.336
2026/04/29 15:46:28,719000,11.336
2026/04/29 15:46:28,720000,11.345
2026/04/29 15:46:28,721000,11.336
2026/04/29 15:46:28,722000,11.345
2026/04/29 15:46:28,723000,11.339
2026/04/29 15:46:28,724000,11.342
2026/04/29 15:46:28,725000,11.336
2026/04/29 15:46:28,726000,11.342
2026/04/29 15:46:28,727000,11.336
2026/04/29 15:46:28,728000,11.342
2026/04/29 15:46:28,729000,11.342
2026/04/29 15:46:28,730000,11.342
2026/04/29 15:46:28,731000,11.334
2026/04/29 15:46:28,732000,11.339
2026/04/29 15:46:28,733000,11.336
2026/04/29 15:46:28,734000,11.345
2026/04/29 15:46:28,735000,11.336
2026/04/29 15:46:28,736000,11.348
2026/04/29 15:46:28,737000,11.342
2026/04/29 15:46:28,738000,11.342
2026/04/29 15:46:28,739000,11.339
2026/04/29 15:46:28,740000,11.336
2026/04/29 15:46:28,741000,11.345
2026/04/29 15:46:28,742000,11.345
2026/04/29 15:46:28,743000,11.342
2026/04/29 15:46:28,744000,11.342
2026/04/29 15:46:28,745000,11.336
2026/04/29 15:46:28,746000,11.342
2026/04/29 15:46:28,747000,11.339
2026/04/29 15:46:28,748000,11.348
2026/04/29 15:46:28,749000,11.339
2026/04/29 15:46:28,750000,11.339
2026/04/29 15:46:28,751000,11.336
2026/04/29 15:46:28,752000,11.342
2026/04/29 15:46:28,753000,11.345
2026/04/29 15:46:28,754000,11.339
2026/04/29 15:46:28,755000,11.336
2026/04/29 15:46:28,756000,11.345
2026/04/29 15:46:28,757000,11.336
2026/04/29 15:46:28,758000,11.339
2026/04/29 15:46:28,759000,11.339
2026/04/29 15:46:28,760000,11.339
2026/04/29 15:46:28,761000,11.345
2026/04/29 15:46:28,762000,11.342
2026/04/29 15:46:28,763000,11.342
2026/04/29 15:46:28,764000,11.339
2026/04/29 15:46:28,765000,11.339
2026/04/29 15:46:28,766000,11.342
2026/04/29 15:46:28,767000,11.345
2026/04/29 15:46:28,768000,11.339
2026/04/29 15:46:28,769000,11.345
2026/04/29 15:46:28,770000,11.345
2026/04/29 15:46:28,771000,11.336
2026/04/29 15:46:28,772000,11.345
2026/04/29 15:46:28,773000,11.345
2026/04/29 15:46:28,774000,11.339
2026/04/29 15:46:28,775000,11.334
2026/04/29 15:46:28,776000,11.342
2026/04/29 15:46:28,777000,11.336
2026/04/29 15:46:28,778000,11.339
2026/04/29 15:46:28,779000,11.348
2026/04/29 15:46:28,780000,11.339
2026/04/29 15:46:28,781000,11.339
2026/04/29 15:46:28,782000,11.339
2026/04/29 15:46:28,783000,11.345
2026/04/29 15:46:28,784000,11.342
2026/04/29 15:46:28,785000,11.342
2026/04/29 15:46:28,786000,11.331
2026/04/29 15:46:28,787000,11.339
2026/04/29 15:46:28,788000,11.336
2026/04/29 15:46:28,789000,11.342
2026/04/29 15:46:28,790000,11.336
2026/04/29 15:46:28,791000,11.339
2026/04/29 15:46:28,792000,11.336
2026/04/29 15:46:28,793000,11.342
2026/04/29 15:46:28,794000,11.339
2026/04/29 15:46:28,795000,11.336
2026/04/29 15:46:28,796000,11.345
2026/04/29 15:46:28,797000,11.348
2026/04/29 15:46:28,798000,11.348
2026/04/29 15:46:28,799000,11.336
2026/04/29 15:46:28,800000,11.345
2026/04/29 15:46:28,801000,11.339
2026/04/29 15:46:28,802000,11.345
2026/04/29 15:46:28,803000,11.339
2026/04/29 15:46:28,804000,11.336
2026/04/29 15:46:28,805000,11.342
2026/04/29 15:46:28,806000,11.345
2026/04/29 15:46:28,807000,11.345
2026/04/29 15:46:28,808000,11.342
2026/04/29 15:46:28,809000,11.336
2026/04/29 15:46:28,810000,11.339
2026/04/29 15:46:28,811000,11.334
2026/04/29 15:46:28,812000,11.336
2026/04/29 15:46:28,813000,11.331
2026/04/29 15:46:28,814000,11.345
2026/04/29 15:46:28,815000,11.345
2026/04/29 15:46:28,816000,11.336
2026/04/29 15:46:28,817000,11.345
2026/04/29 15:46:28,818000,11.339
2026/04/29 15:46:28,819000,11.342
2026/04/29 15:46:28,820000,11.345
2026/04/29 15:46:28,821000,11.336
2026/04/29 15:46:28,822000,11.339
2026/04/29 15:46:28,823000,11.336
2026/04/29 15:46:28,824000,11.342
2026/04/29 15:46:28,825000,11.342
2026/04/29 15:46:28,826000,11.345
2026/04/29 15:46:28,827000,11.339
2026/04/29 15:46:28,828000,11.339
2026/04/29 15:46:28,829000,11.342
2026/04/29 15:46:28,830000,11.339
2026/04/29 15:46:28,831000,11.345
2026/04/29 15:46:28,832000,11.336
2026/04/29 15:46:28,833000,11.339
2026/04/29 15:46:28,834000,11.339
2026/04/29 15:46:28,835000,11.342
2026/04/29 15:46:28,836000,11.345
2026/04/29 15:46:28,837000,11.339
2026/04/29 15:46:28,838000,11.342
2026/04/29 15:46:28,839000,11.336
2026/04/29 15:46:28,840000,11.345
2026/04/29 15:46:28,841000,11.336
2026/04/29 15:46:28,842000,11.342
2026/04/29 15:46:28,843000,11.345
2026/04/29 15:46:28,844000,11.348
2026/04/29 15:46:28,845000,11.339
2026/04/29 15:46:28,846000,11.336
2026/04/29 15:46:28,847000,11.331
2026/04/29 15:46:28,848000,11.336
2026/04/29 15:46:28,849000,11.339
2026/04/29 15:46:28,850000,11.339
2026/04/29 15:46:28,851000,11.345
2026/04/29 15:46:28,852000,11.342
2026/04/29 15:46:28,853000,11.345
2026/04/29 15:46:28,854000,11.336
2026/04/29 15:46:28,855000,11.342
2026/04/29 15:46:28,856000,11.342
2026/04/29 15:46:28,857000,11.339
2026/04/29 15:46:28,858000,11.342
2026/04/29 15:46:28,859000,11.345
2026/04/29 15:46:28,860000,11.336
2026/04/29 15:46:28,861000,11.345
2026/04/29 15:46:28,862000,11.345
2026/04/29 15:46:28,863000,11.342
2026/04/29 15:46:28,864000,11.339
2026/04/29 15:46:28,865000,11.342
2026/04/29 15:46:28,866000,11.342
2026/04/29 15:46:28,867000,11.345
2026/04/29 15:46:28,868000,11.331
2026/04/29 15:46:28,869000,11.342
2026/04/29 15:46:28,870000,11.345
2026/04/29 15:46:28,871000,11.336
2026/04/29 15:46:28,872000,11.336
2026/04/29 15:46:28,873000,11.336
2026/04/29 15:46:28,874000,11.339
2026/04/29 15:46:28,875000,11.339
2026/04/29 15:46:28,876000,11.348
2026/04/29 15:46:28,877000,11.345
2026/04/29 15:46:28,878000,11.339
2026/04/29 15:46:28,879000,11.334
2026/04/29 15:46:28,880000,11.342
2026/04/29 15:46:28,881000,11.336
2026/04/29 15:46:28,882000,11.342
2026/04/29 15:46:28,883000,11.334
2026/04/29 15:46:28,884000,11.345
2026/04/29 15:46:28,885000,11.334
2026/04/29 15:46:28,886000,11.336
2026/04/29 15:46:28,887000,11.336
2026/04/29 15:46:28,888000,11.339
2026/04/29 15:46:28,889000,11.336
2026/04/29 15:46:28,890000,11.336
2026/04/29 15:46:28,891000,11.334
2026/04/29 15:46:28,892000,11.342
2026/04/29 15:46:28,893000,11.345
2026/04/29 15:46:28,894000,11.342
2026/04/29 15:46:28,895000,11.342
2026/04/29 15:46:28,896000,11.336
2026/04/29 15:46:28,897000,11.345
2026/04/29 15:46:28,898000,11.342
2026/04/29 15:46:28,899000,11.348
2026/04/29 15:46:28,900000,11.342
2026/04/29 15:46:28,901000,11.345
2026/04/29 15:46:28,902000,11.336
2026/04/29 15:46:28,903000,11.339
2026/04/29 15:46:28,904000,11.342
2026/04/29 15:46:28,905000,11.336
2026/04/29 15:46:28,906000,11.345
2026/04/29 15:46:28,907000,11.336
2026/04/29 15:46:28,908000,11.342
2026/04/29 15:46:28,909000,11.336
2026/04/29 15:46:28,910000,11.345
2026/04/29 15:46:28,911000,11.336
2026/04/29 15:46:28,912000,11.342
2026/04/29 15:46:28,913000,11.345
2026/04/29 15:46:28,914000,11.348
2026/04/29 15:46:28,915000,11.345
2026/04/29 15:46:28,916000,11.348
2026/04/29 15:46:28,917000,11.342
2026/04/29 15:46:28,918000,11.339
2026/04/29 15:46:28,919000,11.348
2026/04/29 15:46:28,920000,11.342
2026/04/29 15:46:28,921000,11.336
2026/04/29 15:46:28,922000,11.336
2026/04/29 15:46:28,923000,11.345
2026/04/29 15:46:28,924000,11.336
2026/04/29 15:46:28,925000,11.342
2026/04/29 15:46:28,926000,11.345
2026/04/29 15:46:28,927000,11.345
2026/04/29 15:46:28,928000,11.336
2026/04/29 15:46:28,929000,11.336
2026/04/29 15:46:28,930000,11.342
2026/04/29 15:46:28,931000,11.339
2026/04/29 15:46:28,932000,11.345
2026/04/29 15:46:28,933000,11.348
2026/04/29 15:46:28,934000,11.345
2026/04/29 15:46:28,935000,11.334
2026/04/29 15:46:28,936000,11.336
2026/04/29 15:46:28,937000,11.345
2026/04/29 15:46:28,938000,11.339
2026/04/29 15:46:28,939000,11.339
2026/04/29 15:46:28,940000,11.339
2026/04/29 15:46:28,941000,11.336
2026/04/29 15:46:28,942000,11.336
2026/04/29 15:46:28,943000,11.342
2026/04/29 15:46:28,944000,11.342
2026/04/29 15:46:28,945000,11.348
2026/04/29 15:46:28,946000,11.339
2026/04/29 15:46:28,947000,11.336
2026/04/29 15:46:28,948000,11.339
2026/04/29 15:46:28,949000,11.348
2026/04/29 15:46:28,950000,11.339
2026/04/29 15:46:28,951000,11.345
2026/04/29 15:46:28,952000,11.345
2026/04/29 15:46:28,953000,11.336
2026/04/29 15:46:28,954000,11.336
2026/04/29 15:46:28,955000,11.345
2026/04/29 15:46:28,956000,11.345
2026/04/29 15:46:28,957000,11.342
2026/04/29 15:46:28,958000,11.336
2026/04/29 15:46:28,959000,11.345
2026/04/29 15:46:28,960000,11.336
2026/04/29 15:46:28,961000,11.345
2026/04/29 15:46:28,962000,11.336
2026/04/29 15:46:28,963000,11.345
2026/04/29 15:46:28,964000,11.350
2026/04/29 15:46:28,965000,11.342
2026/04/29 15:46:28,966000,11.339
2026/04/29 15:46:28,967000,11.342
2026/04/29 15:46:28,968000,11.342
2026/04/29 15:46:28,969000,11.348
2026/04/29 15:46:28,970000,11.336
2026/04/29 15:46:28,971000,11.342
2026/04/29 15:46:28,972000,11.339
2026/04/29 15:46:28,973000,11.345
2026/04/29 15:46:28,974000,11.336
2026/04/29 15:46:28,975000,11.336
2026/04/29 15:46:28,976000,11.342
2026/04/29 15:46:28,977000,11.345
2026/04/29 15:46:28,978000,11.345
2026/04/29 15:46:28,979000,11.336
2026/04/29 15:46:28,980000,11.339
2026/04/29 15:46:28,981000,11.342
2026/04/29 15:46:28,982000,11.345
2026/04/29 15:46:28,983000,11.345
2026/04/29 15:46:28,984000,11.345
2026/04/29 15:46:28,985000,11.342
2026/04/29 15:46:28,986000,11.339
2026/04/29 15:46:28,987000,11.348
2026/04/29 15:46:28,988000,11.348
2026/04/29 15:46:28,989000,11.336
2026/04/29 15:46:28,990000,11.336
2026/04/29 15:46:28,991000,11.345
2026/04/29 15:46:28,992000,11.342
2026/04/29 15:46:28,993000,11.342
2026/04/29 15:46:28,994000,11.345
2026/04/29 15:46:28,995000,11.339
2026/04/29 15:46:28,996000,11.334
2026/04/29 15:46:28,997000,11.342
2026/04/29 15:46:28,998000,11.339
2026/04/29 15:46:28,999000,11.342
2026/04/29 15:46:29,000000,11.342
2026/04/29 15:46:29,001000,11.342
2026/04/29 15:46:29,002000,11.336
2026/04/29 15:46:29,003000,11.348
2026/04/29 15:46:29,004000,11.345
2026/04/29 15:46:29,005000,11.345
2026/04/29 15:46:29,006000,11.345
2026/04/29 15:46:29,007000,11.342
2026/04/29 15:46:29,008000,11.342
2026/04/29 15:46:29,009000,11.336
2026/04/29 15:46:29,010000,11.342
2026/04/29 15:46:29,011000,11.336
2026/04/29 15:46:29,012000,11.342
2026/04/29 15:46:29,013000,11.339
2026/04/29 15:46:29,014000,11.348
2026/04/29 15:46:29,015000,11.345
2026/04/29 15:46:29,016000,11.345
2026/04/29 15:46:29,017000,11.339
2026/04/29 15:46:29,018000,11.348
2026/04/29 15:46:29,019000,11.345
2026/04/29 15:46:29,020000,11.342
2026/04/29 15:46:29,021000,11.345
2026/04/29 15:46:29,022000,11.348
2026/04/29 15:46:29,023000,11.345
2026/04/29 15:46:29,024000,11.348
2026/04/29 15:46:29,025000,11.342
2026/04/29 15:46:29,026000,11.345
2026/04/29 15:46:29,027000,11.345
2026/04/29 15:46:29,028000,11.342
2026/04/29 15:46:29,029000,11.348
2026/04/29 15:46:29,030000,11.342
2026/04/29 15:46:29,031000,11.342
2026/04/29 15:46:29,032000,11.339
2026/04/29 15:46:29,033000,11.336
2026/04/29 15:46:29,034000,11.336
2026/04/29 15:46:29,035000,11.345
2026/04/29 15:46:29,036000,11.345
2026/04/29 15:46:29,037000,11.336
2026/04/29 15:46:29,038000,11.345
2026/04/29 15:46:29,039000,11.342
2026/04/29 15:46:29,040000,11.336
2026/04/29 15:46:29,041000,11.339
2026/04/29 15:46:29,042000,11.342
2026/04/29 15:46:29,043000,11.342
2026/04/29 15:46:29,044000,11.336
2026/04/29 15:46:29,045000,11.336
2026/04/29 15:46:29,046000,11.342
2026/04/29 15:46:29,047000,11.336
2026/04/29 15:46:29,048000,11.342
2026/04/29 15:46:29,049000,11.336
2026/04/29 15:46:29,050000,11.334
2026/04/29 15:46:29,051000,11.336
2026/04/29 15:46:29,052000,11.339
2026/04/29 15:46:29,053000,11.336
2026/04/29 15:46:29,054000,11.345
2026/04/29 15:46:29,055000,11.345
2026/04/29 15:46:29,056000,11.345
2026/04/29 15:46:29,057000,11.348
2026/04/29 15:46:29,058000,11.339
2026/04/29 15:46:29,059000,11.342
2026/04/29 15:46:29,060000,11.336
2026/04/29 15:46:29,061000,11.342
2026/04/29 15:46:29,062000,11.342
2026/04/29 15:46:29,063000,11.345
2026/04/29 15:46:29,064000,11.336
2026/04/29 15:46:29,065000,11.342
2026/04/29 15:46:29,066000,11.345
2026/04/29 15:46:29,067000,11.342
2026/04/29 15:46:29,068000,11.345
2026/04/29 15:46:29,069000,11.336
2026/04/29 15:46:29,070000,11.342
2026/04/29 15:46:29,071000,11.345
2026/04/29 15:46:29,072000,11.342
2026/04/29 15:46:29,073000,11.345
2026/04/29 15:46:29,074000,11.345
2026/04/29 15:46:29,075000,11.342
2026/04/29 15:46:29,076000,11.342
2026/04/29 15:46:29,077000,11.342
2026/04/29 15:46:29,078000,11.348
2026/04/29 15:46:29,079000,11.345
2026/04/29 15:46:29,080000,11.345
2026/04/29 15:46:29,081000,11.345
2026/04/29 15:46:29,082000,11.336
2026/04/29 15:46:29,083000,11.336
2026/04/29 15:46:29,084000,11.336
2026/04/29 15:46:29,085000,11.345
2026/04/29 15:46:29,086000,11.342
2026/04/29 15:46:29,087000,11.336
2026/04/29 15:46:29,088000,11.348
2026/04/29 15:46:29,089000,11.336
2026/04/29 15:46:29,090000,11.336
2026/04/29 15:46:29,091000,11.336
2026/04/29 15:46:29,092000,11.345
2026/04/29 15:46:29,093000,11.339
2026/04/29 15:46:29,094000,11.345
2026/04/29 15:46:29,095000,11.342
2026/04/29 15:46:29,096000,11.345
2026/04/29 15:46:29,097000,11.342
2026/04/29 15:46:29,098000,11.339
2026/04/29 15:46:29,099000,11.336
2026/04/29 15:46:29,100000,11.342
2026/04/29 15:46:29,101000,11.345
2026/04/29 15:46:29,102000,11.342
2026/04/29 15:46:29,103000,11.348
2026/04/29 15:46:29,104000,11.336
2026/04/29 15:46:29,105000,11.353
2026/04/29 15:46:29,106000,11.339
2026/04/29 15:46:29,107000,11.348
2026/04/29 15:46:29,108000,11.336
2026/04/29 15:46:29,109000,11.336
2026/04/29 15:46:29,110000,11.345
2026/04/29 15:46:29,111000,11.336
2026/04/29 15:46:29,112000,11.342
2026/04/29 15:46:29,113000,11.345
2026/04/29 15:46:29,114000,11.342
2026/04/29 15:46:29,115000,11.339
2026/04/29 15:46:29,116000,11.334
2026/04/29 15:46:29,117000,11.339
2026/04/29 15:46:29,118000,11.342
2026/04/29 15:46:29,119000,11.336
2026/04/29 15:46:29,120000,11.336
2026/04/29 15:46:29,121000,11.334
2026/04/29 15:46:29,122000,11.342
2026/04/29 15:46:29,123000,11.345
2026/04/29 15:46:29,124000,11.345
2026/04/29 15:46:29,125000,11.342
2026/04/29 15:46:29,126000,11.339
2026/04/29 15:46:29,127000,11.345
2026/04/29 15:46:29,128000,11.339
2026/04/29 15:46:29,129000,11.342
2026/04/29 15:46:29,130000,11.336
2026/04/29 15:46:29,131000,11.345
2026/04/29 15:46:29,132000,11.336
2026/04/29 15:46:29,133000,11.342
2026/04/29 15:46:29,134000,11.339
2026/04/29 15:46:29,135000,11.339
2026/04/29 15:46:29,136000,11.342
2026/04/29 15:46:29,137000,11.342
2026/04/29 15:46:29,138000,11.345
2026/04/29 15:46:29,139000,11.342
2026/04/29 15:46:29,140000,11.342
2026/04/29 15:46:29,141000,11.342
2026/04/29 15:46:29,142000,11.336
2026/04/29 15:46:29,143000,11.334
2026/04/29 15:46:29,144000,11.336
2026/04/29 15:46:29,145000,11.339
2026/04/29 15:46:29,146000,11.342
2026/04/29 15:46:29,147000,11.336
2026/04/29 15:46:29,148000,11.336
2026/04/29 15:46:29,149000,11.336
2026/04/29 15:46:29,150000,11.336
2026/04/29 15:46:29,151000,11.336
2026/04/29 15:46:29,152000,11.345
2026/04/29 15:46:29,153000,11.339
2026/04/29 15:46:29,154000,11.336
2026/04/29 15:46:29,155000,11.336
2026/04/29 15:46:29,156000,11.336
2026/04/29 15:46:29,157000,11.334
2026/04/29 15:46:29,158000,11.336
2026/04/29 15:46:29,159000,11.336
2026/04/29 15:46:29,160000,11.345
2026/04/29 15:46:29,161000,11.336
2026/04/29 15:46:29,162000,11.339
2026/04/29 15:46:29,163000,11.336
2026/04/29 15:46:29,164000,11.336
2026/04/29 15:46:29,165000,11.339
2026/04/29 15:46:29,166000,11.339
2026/04/29 15:46:29,167000,11.342
2026/04/29 15:46:29,168000,11.334
2026/04/29 15:46:29,169000,11.336
2026/04/29 15:46:29,170000,11.336
2026/04/29 15:46:29,171000,11.331
2026/04/29 15:46:29,172000,11.334
2026/04/29 15:46:29,173000,11.342
2026/04/29 15:46:29,174000,11.339
2026/04/29 15:46:29,175000,11.336
2026/04/29 15:46:29,176000,11.336
2026/04/29 15:46:29,177000,11.345
2026/04/29 15:46:29,178000,11.336
2026/04/29 15:46:29,179000,11.336
2026/04/29 15:46:29,180000,11.336
2026/04/29 15:46:29,181000,11.334
2026/04/29 15:46:29,182000,11.334
2026/04/29 15:46:29,183000,11.339
2026/04/29 15:46:29,184000,11.336
2026/04/29 15:46:29,185000,11.339
2026/04/29 15:46:29,186000,11.334
2026/04/29 15:46:29,187000,11.336
2026/04/29 15:46:29,188000,11.345
2026/04/29 15:46:29,189000,11.342
2026/04/29 15:46:29,190000,11.342
2026/04/29 15:46:29,191000,11.342
2026/04/29 15:46:29,192000,11.336
2026/04/29 15:46:29,193000,11.339
2026/04/29 15:46:29,194000,11.336
2026/04/29 15:46:29,195000,11.345
2026/04/29 15:46:29,196000,11.345
2026/04/29 15:46:29,197000,11.336
2026/04/29 15:46:29,198000,11.339
2026/04/29 15:46:29,199000,11.342
2026/04/29 15:46:29,200000,11.345
2026/04/29 15:46:29,201000,11.342
2026/04/29 15:46:29,202000,11.336
2026/04/29 15:46:29,203000,11.339
2026/04/29 15:46:29,204000,11.342
2026/04/29 15:46:29,205000,11.345
2026/04/29 15:46:29,206000,11.336
2026/04/29 15:46:29,207000,11.345
2026/04/29 15:46:29,208000,11.336
2026/04/29 15:46:29,209000,11.336
2026/04/29 15:46:29,210000,11.336
2026/04/29 15:46:29,211000,11.345
2026/04/29 15:46:29,212000,11.339
2026/04/29 15:46:29,213000,11.336
2026/04/29 15:46:29,214000,11.339
2026/04/29 15:46:29,215000,11.339
2026/04/29 15:46:29,216000,11.342
2026/04/29 15:46:29,217000,11.339
2026/04/29 15:46:29,218000,11.348
2026/04/29 15:46:29,219000,11.342
2026/04/29 15:46:29,220000,11.342
2026/04/29 15:46:29,221000,11.336
2026/04/29 15:46:29,222000,11.336
2026/04/29 15:46:29,223000,11.342
2026/04/29 15:46:29,224000,11.336
2026/04/29 15:46:29,225000,11.345
2026/04/29 15:46:29,226000,11.342
2026/04/29 15:46:29,227000,11.339
2026/04/29 15:46:29,228000,11.345
2026/04/29 15:46:29,229000,11.342
2026/04/29 15:46:29,230000,11.345
2026/04/29 15:46:29,231000,11.336
2026/04/29 15:46:29,232000,11.345
2026/04/29 15:46:29,233000,11.348
2026/04/29 15:46:29,234000,11.339
2026/04/29 15:46:29,235000,11.336
2026/04/29 15:46:29,236000,11.345
2026/04/29 15:46:29,237000,11.339
2026/04/29 15:46:29,238000,11.345
2026/04/29 15:46:29,239000,11.345
2026/04/29 15:46:29,240000,11.339
2026/04/29 15:46:29,241000,11.348
2026/04/29 15:46:29,242000,11.342
2026/04/29 15:46:29,243000,11.342
2026/04/29 15:46:29,244000,11.345
2026/04/29 15:46:29,245000,11.348
2026/04/29 15:46:29,246000,11.342
2026/04/29 15:46:29,247000,11.336
2026/04/29 15:46:29,248000,11.345
2026/04/29 15:46:29,249000,11.345
2026/04/29 15:46:29,250000,11.336
2026/04/29 15:46:29,251000,11.350
2026/04/29 15:46:29,252000,11.348
2026/04/29 15:46:29,253000,11.342
2026/04/29 15:46:29,254000,11.339
2026/04/29 15:46:29,255000,11.345
2026/04/29 15:46:29,256000,11.345
2026/04/29 15:46:29,257000,11.342
2026/04/29 15:46:29,258000,11.342
2026/04/29 15:46:29,259000,11.336
2026/04/29 15:46:29,260000,11.342
2026/04/29 15:46:29,261000,11.342
2026/04/29 15:46:29,262000,11.348
2026/04/29 15:46:29,263000,11.342
2026/04/29 15:46:29,264000,11.336
2026/04/29 15:46:29,265000,11.339
2026/04/29 15:46:29,266000,11.348
2026/04/29 15:46:29,267000,11.348
2026/04/29 15:46:29,268000,11.336
2026/04/29 15:46:29,269000,11.342
2026/04/29 15:46:29,270000,11.336
2026/04/29 15:46:29,271000,11.348
2026/04/29 15:46:29,272000,11.336
2026/04/29 15:46:29,273000,11.345
2026/04/29 15:46:29,274000,11.339
2026/04/29 15:46:29,275000,11.345
2026/04/29 15:46:29,276000,11.345
2026/04/29 15:46:29,277000,11.342
2026/04/29 15:46:29,278000,11.345
2026/04/29 15:46:29,279000,11.342
2026/04/29 15:46:29,280000,11.342
2026/04/29 15:46:29,281000,11.342
2026/04/29 15:46:29,282000,11.339
2026/04/29 15:46:29,283000,11.345
2026/04/29 15:46:29,284000,11.339
2026/04/29 15:46:29,285000,11.336
2026/04/29 15:46:29,286000,11.339
2026/04/29 15:46:29,287000,11.336
2026/04/29 15:46:29,288000,11.339
2026/04/29 15:46:29,289000,11.342
2026/04/29 15:46:29,290000,11.336
2026/04/29 15:46:29,291000,11.336
2026/04/29 15:46:29,292000,11.336
2026/04/29 15:46:29,293000,11.345
2026/04/29 15:46:29,294000,11.339
2026/04/29 15:46:29,295000,11.334
2026/04/29 15:46:29,296000,11.342
2026/04/29 15:46:29,297000,11.345
2026/04/29 15:46:29,298000,11.342
2026/04/29 15:46:29,299000,11.336
2026/04/29 15:46:29,300000,11.345
2026/04/29 15:46:29,301000,11.345
2026/04/29 15:46:29,302000,11.342
2026/04/29 15:46:29,303000,11.342
2026/04/29 15:46:29,304000,11.334
2026/04/29 15:46:29,305000,11.334
2026/04/29 15:46:29,306000,11.342
2026/04/29 15:46:29,307000,11.339
2026/04/29 15:46:29,308000,11.336
2026/04/29 15:46:29,309000,11.342
2026/04/29 15:46:29,310000,11.345
2026/04/29 15:46:29,311000,11.339
2026/04/29 15:46:29,312000,11.334
2026/04/29 15:46:29,313000,11.336
2026/04/29 15:46:29,314000,11.334
2026/04/29 15:46:29,315000,11.336
2026/04/29 15:46:29,316000,11.345
2026/04/29 15:46:29,317000,11.339
2026/04/29 15:46:29,318000,11.336
2026/04/29 15:46:29,319000,11.336
2026/04/29 15:46:29,320000,11.339
2026/04/29 15:46:29,321000,11.345
2026/04/29 15:46:29,322000,11.342
2026/04/29 15:46:29,323000,11.342
2026/04/29 15:46:29,324000,11.334
2026/04/29 15:46:29,325000,11.339
2026/04/29 15:46:29,326000,11.336
2026/04/29 15:46:29,327000,11.336
2026/04/29 15:46:29,328000,11.336
2026/04/29 15:46:29,329000,11.334
2026/04/29 15:46:29,330000,11.334
2026/04/29 15:46:29,331000,11.345
2026/04/29 15:46:29,332000,11.336
2026/04/29 15:46:29,333000,11.336
2026/04/29 15:46:29,334000,11.342
2026/04/29 15:46:29,335000,11.342
2026/04/29 15:46:29,336000,11.334
2026/04/29 15:46:29,337000,11.336
2026/04/29 15:46:29,338000,11.336
2026/04/29 15:46:29,339000,11.334
2026/04/29 15:46:29,340000,11.331
2026/04/29 15:46:29,341000,11.331
2026/04/29 15:46:29,342000,11.331
2026/04/29 15:46:29,343000,11.336
2026/04/29 15:46:29,344000,11.334
2026/04/29 15:46:29,345000,11.336
2026/04/29 15:46:29,346000,11.339
2026/04/29 15:46:29,347000,11.345
2026/04/29 15:46:29,348000,11.339
2026/04/29 15:46:29,349000,11.336
2026/04/29 15:46:29,350000,11.336
2026/04/29 15:46:29,351000,11.342
2026/04/29 15:46:29,352000,11.336
2026/04/29 15:46:29,353000,11.334
2026/04/29 15:46:29,354000,11.336
2026/04/29 15:46:29,355000,11.336
2026/04/29 15:46:29,356000,11.336
2026/04/29 15:46:29,357000,11.339
2026/04/29 15:46:29,358000,11.336
2026/04/29 15:46:29,359000,11.339
2026/04/29 15:46:29,360000,11.334
2026/04/29 15:46:29,361000,11.336
2026/04/29 15:46:29,362000,11.339
2026/04/29 15:46:29,363000,11.336
2026/04/29 15:46:29,364000,11.336
2026/04/29 15:46:29,365000,11.336
2026/04/29 15:46:29,366000,11.339
2026/04/29 15:46:29,367000,11.339
2026/04/29 15:46:29,368000,11.342
2026/04/29 15:46:29,369000,11.339
2026/04/29 15:46:29,370000,11.336
2026/04/29 15:46:29,371000,11.345
2026/04/29 15:46:29,372000,11.345
2026/04/29 15:46:29,373000,11.334
2026/04/29 15:46:29,374000,11.336
2026/04/29 15:46:29,375000,11.345
2026/04/29 15:46:29,376000,11.348
2026/04/29 15:46:29,377000,11.336
2026/04/29 15:46:29,378000,11.336
2026/04/29 15:46:29,379000,11.342
2026/04/29 15:46:29,380000,11.342
2026/04/29 15:46:29,381000,11.339
2026/04/29 15:46:29,382000,11.336
2026/04/29 15:46:29,383000,11.334
2026/04/29 15:46:29,384000,11.339
2026/04/29 15:46:29,385000,11.345
2026/04/29 15:46:29,386000,11.345
2026/04/29 15:46:29,387000,11.336
2026/04/29 15:46:29,388000,11.336
2026/04/29 15:46:29,389000,11.336
2026/04/29 15:46:29,390000,11.336
2026/04/29 15:46:29,391000,11.339
2026/04/29 15:46:29,392000,11.345
2026/04/29 15:46:29,393000,11.339
2026/04/29 15:46:29,394000,11.339
2026/04/29 15:46:29,395000,11.342
2026/04/29 15:46:29,396000,11.336
2026/04/29 15:46:29,397000,11.342
2026/04/29 15:46:29,398000,11.336
2026/04/29 15:46:29,399000,11.348
2026/04/29 15:46:29,400000,11.336
2026/04/29 15:46:29,401000,11.339
2026/04/29 15:46:29,402000,11.345
2026/04/29 15:46:29,403000,11.342
2026/04/29 15:46:29,404000,11.336
2026/04/29 15:46:29,405000,11.339
2026/04/29 15:46:29,406000,11.336
2026/04/29 15:46:29,407000,11.345
2026/04/29 15:46:29,408000,11.336
2026/04/29 15:46:29,409000,11.348
2026/04/29 15:46:29,410000,11.339
2026/04/29 15:46:29,411000,11.345
2026/04/29 15:46:29,412000,11.345
2026/04/29 15:46:29,413000,11.345
2026/04/29 15:46:29,414000,11.342
2026/04/29 15:46:29,415000,11.342
2026/04/29 15:46:29,416000,11.345
2026/04/29 15:46:29,417000,11.348
2026/04/29 15:46:29,418000,11.342
2026/04/29 15:46:29,419000,11.345
2026/04/29 15:46:29,420000,11.345
2026/04/29 15:46:29,421000,11.345
2026/04/29 15:46:29,422000,11.345
2026/04/29 15:46:29,423000,11.345
2026/04/29 15:46:29,424000,11.348
2026/04/29 15:46:29,425000,11.339
2026/04/29 15:46:29,426000,11.339
2026/04/29 15:46:29,427000,11.339
2026/04/29 15:46:29,428000,11.339
2026/04/29 15:46:29,429000,11.339
2026/04/29 15:46:29,430000,11.342
2026/04/29 15:46:29,431000,11.336
2026/04/29 15:46:29,432000,11.342
2026/04/29 15:46:29,433000,11.348
2026/04/29 15:46:29,434000,11.336
2026/04/29 15:46:29,435000,11.348
2026/04/29 15:46:29,436000,11.350
2026/04/29 15:46:29,437000,11.342
2026/04/29 15:46:29,438000,11.345
2026/04/29 15:46:29,439000,11.348
2026/04/29 15:46:29,440000,11.342
2026/04/29 15:46:29,441000,11.348
2026/04/29 15:46:29,442000,11.339
2026/04/29 15:46:29,443000,11.345
2026/04/29 15:46:29,444000,11.342
2026/04/29 15:46:29,445000,11.345
2026/04/29 15:46:29,446000,11.336
2026/04/29 15:46:29,447000,11.345
2026/04/29 15:46:29,448000,11.348
2026/04/29 15:46:29,449000,11.342
2026/04/29 15:46:29,450000,11.339
2026/04/29 15:46:29,451000,11.348
2026/04/29 15:46:29,452000,11.345
2026/04/29 15:46:29,453000,11.345
2026/04/29 15:46:29,454000,11.336
2026/04/29 15:46:29,455000,11.336
2026/04/29 15:46:29,456000,11.339
2026/04/29 15:46:29,457000,11.342
2026/04/29 15:46:29,458000,11.342
2026/04/29 15:46:29,459000,11.342
2026/04/29 15:46:29,460000,11.336
2026/04/29 15:46:29,461000,11.339
2026/04/29 15:46:29,462000,11.339
2026/04/29 15:46:29,463000,11.348
2026/04/29 15:46:29,464000,11.345
2026/04/29 15:46:29,465000,11.345
2026/04/29 15:46:29,466000,11.342
2026/04/29 15:46:29,467000,11.336
2026/04/29 15:46:29,468000,11.342
2026/04/29 15:46:29,469000,11.342
2026/04/29 15:46:29,470000,11.336
2026/04/29 15:46:29,471000,11.336
2026/04/29 15:46:29,472000,11.342
2026/04/29 15:46:29,473000,11.336
2026/04/29 15:46:29,474000,11.334
2026/04/29 15:46:29,475000,11.345
2026/04/29 15:46:29,476000,11.336
2026/04/29 15:46:29,477000,11.336
2026/04/29 15:46:29,478000,11.336
2026/04/29 15:46:29,479000,11.336
2026/04/29 15:46:29,480000,11.336
2026/04/29 15:46:29,481000,11.339
2026/04/29 15:46:29,482000,11.336
2026/04/29 15:46:29,483000,11.339
2026/04/29 15:46:29,484000,11.336
2026/04/29 15:46:29,485000,11.336
2026/04/29 15:46:29,486000,11.336
2026/04/29 15:46:29,487000,11.339
2026/04/29 15:46:29,488000,11.336
2026/04/29 15:46:29,489000,11.336
2026/04/29 15:46:29,490000,11.342
2026/04/29 15:46:29,491000,11.345
2026/04/29 15:46:29,492000,11.336
2026/04/29 15:46:29,493000,11.334
2026/04/29 15:46:29,494000,11.339
2026/04/29 15:46:29,495000,11.336
2026/04/29 15:46:29,496000,11.345
2026/04/29 15:46:29,497000,11.336
2026/04/29 15:46:29,498000,11.336
2026/04/29 15:46:29,499000,11.336
2026/04/29 15:46:29,500000,11.336
2026/04/29 15:46:29,501000,11.339
2026/04/29 15:46:29,502000,11.336
2026/04/29 15:46:29,503000,11.336
2026/04/29 15:46:29,504000,11.334
2026/04/29 15:46:29,505000,11.336
2026/04/29 15:46:29,506000,11.336
2026/04/29 15:46:29,507000,11.334
2026/04/29 15:46:29,508000,11.342
2026/04/29 15:46:29,509000,11.339
2026/04/29 15:46:29,510000,11.345
2026/04/29 15:46:29,511000,11.345
2026/04/29 15:46:29,512000,11.336
2026/04/29 15:46:29,513000,11.339
2026/04/29 15:46:29,514000,11.342
2026/04/29 15:46:29,515000,11.334
2026/04/29 15:46:29,516000,11.334
2026/04/29 15:46:29,517000,11.336
2026/04/29 15:46:29,518000,11.334
2026/04/29 15:46:29,519000,11.345
2026/04/29 15:46:29,520000,11.336
2026/04/29 15:46:29,521000,11.336
2026/04/29 15:46:29,522000,11.342
2026/04/29 15:46:29,523000,11.334
2026/04/29 15:46:29,524000,11.342
2026/04/29 15:46:29,525000,11.336
2026/04/29 15:46:29,526000,11.336
2026/04/29 15:46:29,527000,11.336
2026/04/29 15:46:29,528000,11.336
2026/04/29 15:46:29,529000,11.336
2026/04/29 15:46:29,530000,11.336
2026/04/29 15:46:29,531000,11.336
2026/04/29 15:46:29,532000,11.336
2026/04/29 15:46:29,533000,11.331
2026/04/29 15:46:29,534000,11.336
2026/04/29 15:46:29,535000,11.339
2026/04/29 15:46:29,536000,11.336
2026/04/29 15:46:29,537000,11.342
2026/04/29 15:46:29,538000,11.342
2026/04/29 15:46:29,539000,11.342
2026/04/29 15:46:29,540000,11.339
2026/04/29 15:46:29,541000,11.336
2026/04/29 15:46:29,542000,11.336
2026/04/29 15:46:29,543000,11.345
2026/04/29 15:46:29,544000,11.336
2026/04/29 15:46:29,545000,11.342
2026/04/29 15:46:29,546000,11.336
2026/04/29 15:46:29,547000,11.336
2026/04/29 15:46:29,548000,11.334
2026/04/29 15:46:29,549000,11.342
2026/04/29 15:46:29,550000,11.336
2026/04/29 15:46:29,551000,11.336
2026/04/29 15:46:29,552000,11.339
2026/04/29 15:46:29,553000,11.342
2026/04/29 15:46:29,554000,11.336
2026/04/29 15:46:29,555000,11.348
2026/04/29 15:46:29,556000,11.339
2026/04/29 15:46:29,557000,11.336
2026/04/29 15:46:29,558000,11.336
2026/04/29 15:46:29,559000,11.345
2026/04/29 15:46:29,560000,11.342
2026/04/29 15:46:29,561000,11.342
2026/04/29 15:46:29,562000,11.348
2026/04/29 15:46:29,563000,11.336
2026/04/29 15:46:29,564000,11.342
2026/04/29 15:46:29,565000,11.339
2026/04/29 15:46:29,566000,11.342
2026/04/29 15:46:29,567000,11.342
2026/04/29 15:46:29,568000,11.336
2026/04/29 15:46:29,569000,11.342
2026/04/29 15:46:29,570000,11.339
2026/04/29 15:46:29,571000,11.336
2026/04/29 15:46:29,572000,11.336
2026/04/29 15:46:29,573000,11.345
2026/04/29 15:46:29,574000,11.348
2026/04/29 15:46:29,575000,11.342
2026/04/29 15:46:29,576000,11.348
2026/04/29 15:46:29,577000,11.348
2026/04/29 15:46:29,578000,11.345
2026/04/29 15:46:29,579000,11.342
2026/04/29 15:46:29,580000,11.342
2026/04/29 15:46:29,581000,11.348
2026/04/29 15:46:29,582000,11.339
2026/04/29 15:46:29,583000,11.336
2026/04/29 15:46:29,584000,11.336
2026/04/29 15:46:29,585000,11.339
2026/04/29 15:46:29,586000,11.342
2026/04/29 15:46:29,587000,11.336
2026/04/29 15:46:29,588000,11.350
2026/04/29 15:46:29,589000,11.342
2026/04/29 15:46:29,590000,11.342
2026/04/29 15:46:29,591000,11.339
2026/04/29 15:46:29,592000,11.342
2026/04/29 15:46:29,593000,11.342
2026/04/29 15:46:29,594000,11.342
2026/04/29 15:46:29,595000,11.345
2026/04/29 15:46:29,596000,11.345
2026/04/29 15:46:29,597000,11.342
2026/04/29 15:46:29,598000,11.336
2026/04/29 15:46:29,599000,11.345
2026/04/29 15:46:29,600000,11.348
2026/04/29 15:46:29,601000,11.342
2026/04/29 15:46:29,602000,11.336
2026/04/29 15:46:29,603000,11.342
2026/04/29 15:46:29,604000,11.342
2026/04/29 15:46:29,605000,11.342
2026/04/29 15:46:29,606000,11.348
2026/04/29 15:46:29,607000,11.345
2026/04/29 15:46:29,608000,11.339
2026/04/29 15:46:29,609000,11.345
2026/04/29 15:46:29,610000,11.336
2026/04/29 15:46:29,611000,11.342
2026/04/29 15:46:29,612000,11.339
2026/04/29 15:46:29,613000,11.336
2026/04/29 15:46:29,614000,11.348
2026/04/29 15:46:29,615000,11.339
2026/04/29 15:46:29,616000,11.342
2026/04/29 15:46:29,617000,11.336
2026/04/29 15:46:29,618000,11.336
2026/04/29 15:46:29,619000,11.336
2026/04/29 15:46:29,620000,11.336
2026/04/29 15:46:29,621000,11.342
2026/04/29 15:46:29,622000,11.342
2026/04/29 15:46:29,623000,11.345
2026/04/29 15:46:29,624000,11.339
2026/04/29 15:46:29,625000,11.339
2026/04/29 15:46:29,626000,11.348
2026/04/29 15:46:29,627000,11.336
2026/04/29 15:46:29,628000,11.334
2026/04/29 15:46:29,629000,11.342
2026/04/29 15:46:29,630000,11.339
2026/04/29 15:46:29,631000,11.342
2026/04/29 15:46:29,632000,11.334
2026/04/29 15:46:29,633000,11.336
2026/04/29 15:46:29,634000,11.336
2026/04/29 15:46:29,635000,11.334
2026/04/29 15:46:29,636000,11.345
2026/04/29 15:46:29,637000,11.336
2026/04/29 15:46:29,638000,11.336
2026/04/29 15:46:29,639000,11.336
2026/04/29 15:46:29,640000,11.336
2026/04/29 15:46:29,641000,11.334
2026/04/29 15:46:29,642000,11.336
2026/04/29 15:46:29,643000,11.342
2026/04/29 15:46:29,644000,11.336
2026/04/29 15:46:29,645000,11.334
2026/04/29 15:46:29,646000,11.342
2026/04/29 15:46:29,647000,11.336
2026/04/29 15:46:29,648000,11.336
2026/04/29 15:46:29,649000,11.331
2026/04/29 15:46:29,650000,11.334
2026/04/29 15:46:29,651000,11.342
2026/04/29 15:46:29,652000,11.336
2026/04/29 15:46:29,653000,11.334
2026/04/29 15:46:29,654000,11.339
2026/04/29 15:46:29,655000,11.336
2026/04/29 15:46:29,656000,11.339
2026/04/29 15:46:29,657000,11.336
2026/04/29 15:46:29,658000,11.334
2026/04/29 15:46:29,659000,11.334
2026/04/29 15:46:29,660000,11.334
2026/04/29 15:46:29,661000,11.336
2026/04/29 15:46:29,662000,11.334
2026/04/29 15:46:29,663000,11.345
2026/04/29 15:46:29,664000,11.336
2026/04/29 15:46:29,665000,11.334
2026/04/29 15:46:29,666000,11.342
2026/04/29 15:46:29,667000,11.342
2026/04/29 15:46:29,668000,11.345
2026/04/29 15:46:29,669000,11.342
2026/04/29 15:46:29,670000,11.342
2026/04/29 15:46:29,671000,11.339
2026/04/29 15:46:29,672000,11.336
2026/04/29 15:46:29,673000,11.336
2026/04/29 15:46:29,674000,11.336
2026/04/29 15:46:29,675000,11.334
2026/04/29 15:46:29,676000,11.328
2026/04/29 15:46:29,677000,11.334
2026/04/29 15:46:29,678000,11.336
2026/04/29 15:46:29,679000,11.336
2026/04/29 15:46:29,680000,11.336
2026/04/29 15:46:29,681000,11.336
2026/04/29 15:46:29,682000,11.334
2026/04/29 15:46:29,683000,11.336
2026/04/29 15:46:29,684000,11.336
2026/04/29 15:46:29,685000,11.331
2026/04/29 15:46:29,686000,11.336
2026/04/29 15:46:29,687000,11.339
2026/04/29 15:46:29,688000,11.334
2026/04/29 15:46:29,689000,11.339
2026/04/29 15:46:29,690000,11.342
2026/04/29 15:46:29,691000,11.334
2026/04/29 15:46:29,692000,11.336
2026/04/29 15:46:29,693000,11.336
2026/04/29 15:46:29,694000,11.336
2026/04/29 15:46:29,695000,11.336
2026/04/29 15:46:29,696000,11.345
2026/04/29 15:46:29,697000,11.345
2026/04/29 15:46:29,698000,11.334
2026/04/29 15:46:29,699000,11.342
2026/04/29 15:46:29,700000,11.336
2026/04/29 15:46:29,701000,11.339
2026/04/29 15:46:29,702000,11.336
2026/04/29 15:46:29,703000,11.336
2026/04/29 15:46:29,704000,11.342
2026/04/29 15:46:29,705000,11.339
2026/04/29 15:46:29,706000,11.334
2026/04/29 15:46:29,707000,11.339
2026/04/29 15:46:29,708000,11.334
2026/04/29 15:46:29,709000,11.339
2026/04/29 15:46:29,710000,11.336
2026/04/29 15:46:29,711000,11.336
2026/04/29 15:46:29,712000,11.336
2026/04/29 15:46:29,713000,11.331
2026/04/29 15:46:29,714000,11.342
2026/04/29 15:46:29,715000,11.336
2026/04/29 15:46:29,716000,11.334
2026/04/29 15:46:29,717000,11.339
2026/04/29 15:46:29,718000,11.342
2026/04/29 15:46:29,719000,11.350
2026/04/29 15:46:29,720000,11.342
2026/04/29 15:46:29,721000,11.336
2026/04/29 15:46:29,722000,11.336
2026/04/29 15:46:29,723000,11.342
2026/04/29 15:46:29,724000,11.342
2026/04/29 15:46:29,725000,11.342
2026/04/29 15:46:29,726000,11.336
2026/04/29 15:46:29,727000,11.342
2026/04/29 15:46:29,728000,11.342
2026/04/29 15:46:29,729000,11.336
2026/04/29 15:46:29,730000,11.336
2026/04/29 15:46:29,731000,11.342
2026/04/29 15:46:29,732000,11.339
2026/04/29 15:46:29,733000,11.342
2026/04/29 15:46:29,734000,11.342
2026/04/29 15:46:29,735000,11.342
2026/04/29 15:46:29,736000,11.339
2026/04/29 15:46:29,737000,11.342
2026/04/29 15:46:29,738000,11.342
2026/04/29 15:46:29,739000,11.336
2026/04/29 15:46:29,740000,11.348
2026/04/29 15:46:29,741000,11.336
2026/04/29 15:46:29,742000,11.345
2026/04/29 15:46:29,743000,11.336
2026/04/29 15:46:29,744000,11.345
2026/04/29 15:46:29,745000,11.339
2026/04/29 15:46:29,746000,11.339
2026/04/29 15:46:29,747000,11.339
2026/04/29 15:46:29,748000,11.348
2026/04/29 15:46:29,749000,11.345
2026/04/29 15:46:29,750000,11.339
2026/04/29 15:46:29,751000,11.345
2026/04/29 15:46:29,752000,11.339
2026/04/29 15:46:29,753000,11.342
2026/04/29 15:46:29,754000,11.336
2026/04/29 15:46:29,755000,11.339
2026/04/29 15:46:29,756000,11.342
2026/04/29 15:46:29,757000,11.348
2026/04/29 15:46:29,758000,11.336
2026/04/29 15:46:29,759000,11.348
2026/04/29 15:46:29,760000,11.345
2026/04/29 15:46:29,761000,11.336
2026/04/29 15:46:29,762000,11.342
2026/04/29 15:46:29,763000,11.350
2026/04/29 15:46:29,764000,11.339
2026/04/29 15:46:29,765000,11.342
2026/04/29 15:46:29,766000,11.345
2026/04/29 15:46:29,767000,11.336
2026/04/29 15:46:29,768000,11.336
2026/04/29 15:46:29,769000,11.350
2026/04/29 15:46:29,770000,11.342
2026/04/29 15:46:29,771000,11.342
2026/04/29 15:46:29,772000,11.342
2026/04/29 15:46:29,773000,11.339
2026/04/29 15:46:29,774000,11.336
2026/04/29 15:46:29,775000,11.342
2026/04/29 15:46:29,776000,11.339
2026/04/29 15:46:29,777000,11.336
2026/04/29 15:46:29,778000,11.342
2026/04/29 15:46:29,779000,11.336
2026/04/29 15:46:29,780000,11.339
2026/04/29 15:46:29,781000,11.334
2026/04/29 15:46:29,782000,11.336
2026/04/29 15:46:29,783000,11.342
2026/04/29 15:46:29,784000,11.336
2026/04/29 15:46:29,785000,11.348
2026/04/29 15:46:29,786000,11.345
2026/04/29 15:46:29,787000,11.345
2026/04/29 15:46:29,788000,11.339
2026/04/29 15:46:29,789000,11.331
2026/04/29 15:46:29,790000,11.345
2026/04/29 15:46:29,791000,11.345
2026/04/29 15:46:29,792000,11.336
2026/04/29 15:46:29,793000,11.336
2026/04/29 15:46:29,794000,11.334
2026/04/29 15:46:29,795000,11.339
2026/04/29 15:46:29,796000,11.342
2026/04/29 15:46:29,797000,11.342
2026/04/29 15:46:29,798000,11.348
2026/04/29 15:46:29,799000,11.336
2026/04/29 15:46:29,800000,11.342
2026/04/29 15:46:29,801000,11.342
2026/04/29 15:46:29,802000,11.342
2026/04/29 15:46:29,803000,11.336
2026/04/29 15:46:29,804000,11.339
2026/04/29 15:46:29,805000,11.345
2026/04/29 15:46:29,806000,11.339
2026/04/29 15:46:29,807000,11.342
2026/04/29 15:46:29,808000,11.348
2026/04/29 15:46:29,809000,11.336
2026/04/29 15:46:29,810000,11.339
2026/04/29 15:46:29,811000,11.339
2026/04/29 15:46:29,812000,11.336
2026/04/29 15:46:29,813000,11.339
2026/04/29 15:46:29,814000,11.336
2026/04/29 15:46:29,815000,11.336
2026/04/29 15:46:29,816000,11.336
2026/04/29 15:46:29,817000,11.342
2026/04/29 15:46:29,818000,11.336
2026/04/29 15:46:29,819000,11.342
2026/04/29 15:46:29,820000,11.331
2026/04/29 15:46:29,821000,11.336
2026/04/29 15:46:29,822000,11.342
2026/04/29 15:46:29,823000,11.339
2026/04/29 15:46:29,824000,11.334
2026/04/29 15:46:29,825000,11.334
2026/04/29 15:46:29,826000,11.339
2026/04/29 15:46:29,827000,11.345
2026/04/29 15:46:29,828000,11.336
2026/04/29 15:46:29,829000,11.339
2026/04/29 15:46:29,830000,11.334
2026/04/29 15:46:29,831000,11.345
2026/04/29 15:46:29,832000,11.336
2026/04/29 15:46:29,833000,11.336
2026/04/29 15:46:29,834000,11.345
2026/04/29 15:46:29,835000,11.334
2026/04/29 15:46:29,836000,11.334
2026/04/29 15:46:29,837000,11.336
2026/04/29 15:46:29,838000,11.342
2026/04/29 15:46:29,839000,11.336
2026/04/29 15:46:29,840000,11.331
2026/04/29 15:46:29,841000,11.342
2026/04/29 15:46:29,842000,11.334
2026/04/29 15:46:29,843000,11.334
2026/04/29 15:46:29,844000,11.336
2026/04/29 15:46:29,845000,11.336
2026/04/29 15:46:29,846000,11.334
2026/04/29 15:46:29,847000,11.336
2026/04/29 15:46:29,848000,11.336
2026/04/29 15:46:29,849000,11.334
2026/04/29 15:46:29,850000,11.336
2026/04/29 15:46:29,851000,11.336
2026/04/29 15:46:29,852000,11.331
2026/04/29 15:46:29,853000,11.336
2026/04/29 15:46:29,854000,11.336
2026/04/29 15:46:29,855000,11.342
2026/04/29 15:46:29,856000,11.339
2026/04/29 15:46:29,857000,11.334
2026/04/29 15:46:29,858000,11.336
2026/04/29 15:46:29,859000,11.342
2026/04/29 15:46:29,860000,11.334
2026/04/29 15:46:29,861000,11.342
2026/04/29 15:46:29,862000,11.334
2026/04/29 15:46:29,863000,11.334
2026/04/29 15:46:29,864000,11.336
2026/04/29 15:46:29,865000,11.334
2026/04/29 15:46:29,866000,11.336
2026/04/29 15:46:29,867000,11.339
2026/04/29 15:46:29,868000,11.336
2026/04/29 15:46:29,869000,11.336
2026/04/29 15:46:29,870000,11.334
2026/04/29 15:46:29,871000,11.334
2026/04/29 15:46:29,872000,11.336
2026/04/29 15:46:29,873000,11.336
2026/04/29 15:46:29,874000,11.336
2026/04/29 15:46:29,875000,11.336
2026/04/29 15:46:29,876000,11.334
2026/04/29 15:46:29,877000,11.342
2026/04/29 15:46:29,878000,11.336
2026/04/29 15:46:29,879000,11.334
2026/04/29 15:46:29,880000,11.334
2026/04/29 15:46:29,881000,11.336
2026/04/29 15:46:29,882000,11.334
2026/04/29 15:46:29,883000,11.345
2026/04/29 15:46:29,884000,11.334
2026/04/29 15:46:29,885000,11.336
2026/04/29 15:46:29,886000,11.334
2026/04/29 15:46:29,887000,11.336
2026/04/29 15:46:29,888000,11.334
2026/04/29 15:46:29,889000,11.336
2026/04/29 15:46:29,890000,11.334
2026/04/29 15:46:29,891000,11.339
2026/04/29 15:46:29,892000,11.336
2026/04/29 15:46:29,893000,11.342
2026/04/29 15:46:29,894000,11.336
2026/04/29 15:46:29,895000,11.331
2026/04/29 15:46:29,896000,11.336
2026/04/29 15:46:29,897000,11.339
2026/04/29 15:46:29,898000,11.339
2026/04/29 15:46:29,899000,11.336
2026/04/29 15:46:29,900000,11.336
2026/04/29 15:46:29,901000,11.336
2026/04/29 15:46:29,902000,11.336
2026/04/29 15:46:29,903000,11.336
2026/04/29 15:46:29,904000,11.334
2026/04/29 15:46:29,905000,11.336
2026/04/29 15:46:29,906000,11.336
2026/04/29 15:46:29,907000,11.336
2026/04/29 15:46:29,908000,11.336
2026/04/29 15:46:29,909000,11.336
2026/04/29 15:46:29,910000,11.339
2026/04/29 15:46:29,911000,11.342
2026/04/29 15:46:29,912000,11.339
2026/04/29 15:46:29,913000,11.342
2026/04/29 15:46:29,914000,11.342
2026/04/29 15:46:29,915000,11.336
2026/04/29 15:46:29,916000,11.334
2026/04/29 15:46:29,917000,11.342
2026/04/29 15:46:29,918000,11.339
2026/04/29 15:46:29,919000,11.336
2026/04/29 15:46:29,920000,11.345
2026/04/29 15:46:29,921000,11.336
2026/04/29 15:46:29,922000,11.342
2026/04/29 15:46:29,923000,11.348
2026/04/29 15:46:29,924000,11.334
2026/04/29 15:46:29,925000,11.342
2026/04/29 15:46:29,926000,11.345
2026/04/29 15:46:29,927000,11.339
2026/04/29 15:46:29,928000,11.336
2026/04/29 15:46:29,929000,11.342
2026/04/29 15:46:29,930000,11.336
2026/04/29 15:46:29,931000,11.339
2026/04/29 15:46:29,932000,11.339
2026/04/29 15:46:29,933000,11.334
2026/04/29 15:46:29,934000,11.345
2026/04/29 15:46:29,935000,11.336
2026/04/29 15:46:29,936000,11.336
2026/04/29 15:46:29,937000,11.348
2026/04/29 15:46:29,938000,11.336
2026/04/29 15:46:29,939000,11.342
2026/04/29 15:46:29,940000,11.339
2026/04/29 15:46:29,941000,11.336
2026/04/29 15:46:29,942000,11.342
2026/04/29 15:46:29,943000,11.342
2026/04/29 15:46:29,944000,11.345
2026/04/29 15:46:29,945000,11.348
2026/04/29 15:46:29,946000,11.342
2026/04/29 15:46:29,947000,11.336
2026/04/29 15:46:29,948000,11.342
2026/04/29 15:46:29,949000,11.336
2026/04/29 15:46:29,950000,11.345
2026/04/29 15:46:29,951000,11.336
2026/04/29 15:46:29,952000,11.342
2026/04/29 15:46:29,953000,11.342
2026/04/29 15:46:29,954000,11.345
2026/04/29 15:46:29,955000,11.339
2026/04/29 15:46:29,956000,11.348
2026/04/29 15:46:29,957000,11.336
2026/04/29 15:46:29,958000,11.336
2026/04/29 15:46:29,959000,11.342
2026/04/29 15:46:29,960000,11.342
2026/04/29 15:46:29,961000,11.336
2026/04/29 15:46:29,962000,11.339
2026/04/29 15:46:29,963000,11.342
2026/04/29 15:46:29,964000,11.339
2026/04/29 15:46:29,965000,11.339
2026/04/29 15:46:29,966000,11.339
2026/04/29 15:46:29,967000,11.339
2026/04/29 15:46:29,968000,11.336
2026/04/29 15:46:29,969000,11.339
2026/04/29 15:46:29,970000,11.342
2026/04/29 15:46:29,971000,11.342
2026/04/29 15:46:29,972000,11.336
2026/04/29 15:46:29,973000,11.336
2026/04/29 15:46:29,974000,11.339
2026/04/29 15:46:29,975000,11.339
2026/04/29 15:46:29,976000,11.334
2026/04/29 15:46:29,977000,11.342
2026/04/29 15:46:29,978000,11.345
2026/04/29 15:46:29,979000,11.336
2026/04/29 15:46:29,980000,11.342
2026/04/29 15:46:29,981000,11.345
2026/04/29 15:46:29,982000,11.345
2026/04/29 15:46:29,983000,11.334
2026/04/29 15:46:29,984000,11.336
2026/04/29 15:46:29,985000,11.342
2026/04/29 15:46:29,986000,11.342
2026/04/29 15:46:29,987000,11.336
2026/04/29 15:46:29,988000,11.336
2026/04/29 15:46:29,989000,11.334
2026/04/29 15:46:29,990000,11.336
2026/04/29 15:46:29,991000,11.339
2026/04/29 15:46:29,992000,11.342
2026/04/29 15:46:29,993000,11.336
2026/04/29 15:46:29,994000,11.334
2026/04/29 15:46:29,995000,11.336
2026/04/29 15:46:29,996000,11.336
2026/04/29 15:46:29,997000,11.336
2026/04/29 15:46:29,998000,11.339
2026/04/29 15:46:29,999000,11.336
2026/04/29 15:46:30,000000,11.336
2026/04/29 15:46:30,001000,11.336
2026/04/29 15:46:30,002000,11.342
2026/04/29 15:46:30,003000,11.336
2026/04/29 15:46:30,004000,11.331
2026/04/29 15:46:30,005000,11.334
2026/04/29 15:46:30,006000,11.331
2026/04/29 15:46:30,007000,11.336
2026/04/29 15:46:30,008000,11.334
2026/04/29 15:46:30,009000,11.336
2026/04/29 15:46:30,010000,11.334
2026/04/29 15:46:30,011000,11.342
2026/04/29 15:46:30,012000,11.336
2026/04/29 15:46:30,013000,11.334
2026/04/29 15:46:30,014000,11.334
2026/04/29 15:46:30,015000,11.336
2026/04/29 15:46:30,016000,11.339
2026/04/29 15:46:30,017000,11.336
2026/04/29 15:46:30,018000,11.336
2026/04/29 15:46:30,019000,11.342
2026/04/29 15:46:30,020000,11.334
2026/04/29 15:46:30,021000,11.336
2026/04/29 15:46:30,022000,11.334
2026/04/29 15:46:30,023000,11.342
2026/04/29 15:46:30,024000,11.336
2026/04/29 15:46:30,025000,11.336
2026/04/29 15:46:30,026000,11.336
2026/04/29 15:46:30,027000,11.331
2026/04/29 15:46:30,028000,11.342
2026/04/29 15:46:30,029000,11.342
2026/04/29 15:46:30,030000,11.336
2026/04/29 15:46:30,031000,11.336
2026/04/29 15:46:30,032000,11.336
2026/04/29 15:46:30,033000,11.336
2026/04/29 15:46:30,034000,11.336
2026/04/29 15:46:30,035000,11.336
2026/04/29 15:46:30,036000,11.336
2026/04/29 15:46:30,037000,11.339
2026/04/29 15:46:30,038000,11.336
2026/04/29 15:46:30,039000,11.339
2026/04/29 15:46:30,040000,11.334
2026/04/29 15:46:30,041000,11.336
2026/04/29 15:46:30,042000,11.336
2026/04/29 15:46:30,043000,11.336
2026/04/29 15:46:30,044000,11.336
2026/04/29 15:46:30,045000,11.334
2026/04/29 15:46:30,046000,11.336
2026/04/29 15:46:30,047000,11.336
2026/04/29 15:46:30,048000,11.339
2026/04/29 15:46:30,049000,11.334
2026/04/29 15:46:30,050000,11.334
2026/04/29 15:46:30,051000,11.334
2026/04/29 15:46:30,052000,11.331
2026/04/29 15:46:30,053000,11.334
2026/04/29 15:46:30,054000,11.334
2026/04/29 15:46:30,055000,11.336
2026/04/29 15:46:30,056000,11.336
2026/04/29 15:46:30,057000,11.331
2026/04/29 15:46:30,058000,11.339
2026/04/29 15:46:30,059000,11.336
2026/04/29 15:46:30,060000,11.336
2026/04/29 15:46:30,061000,11.345
2026/04/29 15:46:30,062000,11.334
2026/04/29 15:46:30,063000,11.336
2026/04/29 15:46:30,064000,11.334
2026/04/29 15:46:30,065000,11.339
2026/04/29 15:46:30,066000,11.342
2026/04/29 15:46:30,067000,11.342
2026/04/29 15:46:30,068000,11.339
2026/04/29 15:46:30,069000,11.339
2026/04/29 15:46:30,070000,11.336
2026/04/29 15:46:30,071000,11.339
2026/04/29 15:46:30,072000,11.334
2026/04/29 15:46:30,073000,11.334
2026/04/29 15:46:30,074000,11.331
2026/04/29 15:46:30,075000,11.336
2026/04/29 15:46:30,076000,11.336
2026/04/29 15:46:30,077000,11.339
2026/04/29 15:46:30,078000,11.336
2026/04/29 15:46:30,079000,11.342
2026/04/29 15:46:30,080000,11.342
2026/04/29 15:46:30,081000,11.336
2026/04/29 15:46:30,082000,11.339
2026/04/29 15:46:30,083000,11.342
2026/04/29 15:46:30,084000,11.336
2026/04/29 15:46:30,085000,11.336
2026/04/29 15:46:30,086000,11.339
2026/04/29 15:46:30,087000,11.336
2026/04/29 15:46:30,088000,11.334
2026/04/29 15:46:30,089000,11.345
2026/04/29 15:46:30,090000,11.334
2026/04/29 15:46:30,091000,11.336
2026/04/29 15:46:30,092000,11.336
2026/04/29 15:46:30,093000,11.345
2026/04/29 15:46:30,094000,11.345
2026/04/29 15:46:30,095000,11.348
2026/04/29 15:46:30,096000,11.336
2026/04/29 15:46:30,097000,11.339
2026/04/29 15:46:30,098000,11.342
2026/04/29 15:46:30,099000,11.336
2026/04/29 15:46:30,100000,11.342
2026/04/29 15:46:30,101000,11.339
2026/04/29 15:46:30,102000,11.336
2026/04/29 15:46:30,103000,11.339
2026/04/29 15:46:30,104000,11.336
2026/04/29 15:46:30,105000,11.348
2026/04/29 15:46:30,106000,11.345
2026/04/29 15:46:30,107000,11.339
2026/04/29 15:46:30,108000,11.339
2026/04/29 15:46:30,109000,11.339
2026/04/29 15:46:30,110000,11.345
2026/04/29 15:46:30,111000,11.336
2026/04/29 15:46:30,112000,11.342
2026/04/29 15:46:30,113000,11.336
2026/04/29 15:46:30,114000,11.342
2026/04/29 15:46:30,115000,11.336
2026/04/29 15:46:30,116000,11.339
2026/04/29 15:46:30,117000,11.342
2026/04/29 15:46:30,118000,11.339
2026/04/29 15:46:30,119000,11.342
2026/04/29 15:46:30,120000,11.348
2026/04/29 15:46:30,121000,11.345
2026/04/29 15:46:30,122000,11.345
2026/04/29 15:46:30,123000,11.345
2026/04/29 15:46:30,124000,11.336
2026/04/29 15:46:30,125000,11.345
2026/04/29 15:46:30,126000,11.334
2026/04/29 15:46:30,127000,11.345
2026/04/29 15:46:30,128000,11.339
2026/04/29 15:46:30,129000,11.345
2026/04/29 15:46:30,130000,11.342
2026/04/29 15:46:30,131000,11.336
2026/04/29 15:46:30,132000,11.345
2026/04/29 15:46:30,133000,11.336
2026/04/29 15:46:30,134000,11.336
2026/04/29 15:46:30,135000,11.348
2026/04/29 15:46:30,136000,11.342
2026/04/29 15:46:30,137000,11.342
2026/04/29 15:46:30,138000,11.339
2026/04/29 15:46:30,139000,11.342
2026/04/29 15:46:30,140000,11.339
2026/04/29 15:46:30,141000,11.350
2026/04/29 15:46:30,142000,11.336
2026/04/29 15:46:30,143000,11.345
2026/04/29 15:46:30,144000,11.336
2026/04/29 15:46:30,145000,11.342
2026/04/29 15:46:30,146000,11.342
2026/04/29 15:46:30,147000,11.342
2026/04/29 15:46:30,148000,11.342
2026/04/29 15:46:30,149000,11.342
2026/04/29 15:46:30,150000,11.336
2026/04/29 15:46:30,151000,11.336
2026/04/29 15:46:30,152000,11.334
2026/04/29 15:46:30,153000,11.339
2026/04/29 15:46:30,154000,11.345
2026/04/29 15:46:30,155000,11.345
2026/04/29 15:46:30,156000,11.336
2026/04/29 15:46:30,157000,11.334
2026/04/29 15:46:30,158000,11.342
2026/04/29 15:46:30,159000,11.339
2026/04/29 15:46:30,160000,11.336
2026/04/29 15:46:30,161000,11.336
2026/04/29 15:46:30,162000,11.336
2026/04/29 15:46:30,163000,11.334
2026/04/29 15:46:30,164000,11.342
2026/04/29 15:46:30,165000,11.345
2026/04/29 15:46:30,166000,11.342
2026/04/29 15:46:30,167000,11.336
2026/04/29 15:46:30,168000,11.339
2026/04/29 15:46:30,169000,11.342
2026/04/29 15:46:30,170000,11.342
2026/04/29 15:46:30,171000,11.336
2026/04/29 15:46:30,172000,11.336
2026/04/29 15:46:30,173000,11.336
2026/04/29 15:46:30,174000,11.336
2026/04/29 15:46:30,175000,11.339
2026/04/29 15:46:30,176000,11.342
2026/04/29 15:46:30,177000,11.339
2026/04/29 15:46:30,178000,11.336
2026/04/29 15:46:30,179000,11.336
2026/04/29 15:46:30,180000,11.336
2026/04/29 15:46:30,181000,11.336
2026/04/29 15:46:30,182000,11.336
2026/04/29 15:46:30,183000,11.345
2026/04/29 15:46:30,184000,11.334
2026/04/29 15:46:30,185000,11.334
2026/04/29 15:46:30,186000,11.336
2026/04/29 15:46:30,187000,11.331
2026/04/29 15:46:30,188000,11.336
2026/04/29 15:46:30,189000,11.334
2026/04/29 15:46:30,190000,11.342
2026/04/29 15:46:30,191000,11.345
2026/04/29 15:46:30,192000,11.334
2026/04/29 15:46:30,193000,11.336
2026/04/29 15:46:30,194000,11.339
2026/04/29 15:46:30,195000,11.334
2026/04/29 15:46:30,196000,11.336
2026/04/29 15:46:30,197000,11.334
2026/04/29 15:46:30,198000,11.336
2026/04/29 15:46:30,199000,11.336
2026/04/29 15:46:30,200000,11.334
2026/04/29 15:46:30,201000,11.334
2026/04/29 15:46:30,202000,11.334
2026/04/29 15:46:30,203000,11.336
2026/04/29 15:46:30,204000,11.334
2026/04/29 15:46:30,205000,11.342
2026/04/29 15:46:30,206000,11.334
2026/04/29 15:46:30,207000,11.342
2026/04/29 15:46:30,208000,11.334
2026/04/29 15:46:30,209000,11.336
2026/04/29 15:46:30,210000,11.339
2026/04/29 15:46:30,211000,11.336
2026/04/29 15:46:30,212000,11.334
2026/04/29 15:46:30,213000,11.334
2026/04/29 15:46:30,214000,11.334
2026/04/29 15:46:30,215000,11.336
2026/04/29 15:46:30,216000,11.334
2026/04/29 15:46:30,217000,11.339
2026/04/29 15:46:30,218000,11.328
2026/04/29 15:46:30,219000,11.334
2026/04/29 15:46:30,220000,11.339
2026/04/29 15:46:30,221000,11.336
2026/04/29 15:46:30,222000,11.331
2026/04/29 15:46:30,223000,11.345
2026/04/29 15:46:30,224000,11.342
2026/04/29 15:46:30,225000,11.334
2026/04/29 15:46:30,226000,11.336
2026/04/29 15:46:30,227000,11.336
2026/04/29 15:46:30,228000,11.334
2026/04/29 15:46:30,229000,11.336
2026/04/29 15:46:30,230000,11.339
2026/04/29 15:46:30,231000,11.334
2026/04/29 15:46:30,232000,11.345
2026/04/29 15:46:30,233000,11.339
2026/04/29 15:46:30,234000,11.331
2026/04/29 15:46:30,235000,11.342
2026/04/29 15:46:30,236000,11.334
2026/04/29 15:46:30,237000,11.336
2026/04/29 15:46:30,238000,11.339
2026/04/29 15:46:30,239000,11.336
2026/04/29 15:46:30,240000,11.348
2026/04/29 15:46:30,241000,11.336
2026/04/29 15:46:30,242000,11.336
2026/04/29 15:46:30,243000,11.339
2026/04/29 15:46:30,244000,11.334
2026/04/29 15:46:30,245000,11.339
2026/04/29 15:46:30,246000,11.336
2026/04/29 15:46:30,247000,11.336
2026/04/29 15:46:30,248000,11.336
2026/04/29 15:46:30,249000,11.334
2026/04/29 15:46:30,250000,11.331
2026/04/29 15:46:30,251000,11.336
2026/04/29 15:46:30,252000,11.339
2026/04/29 15:46:30,253000,11.331
2026/04/29 15:46:30,254000,11.336
2026/04/29 15:46:30,255000,11.342
2026/04/29 15:46:30,256000,11.342
2026/04/29 15:46:30,257000,11.342
2026/04/29 15:46:30,258000,11.336
2026/04/29 15:46:30,259000,11.336
2026/04/29 15:46:30,260000,11.336
2026/04/29 15:46:30,261000,11.342
2026/04/29 15:46:30,262000,11.334
2026/04/29 15:46:30,263000,11.345
2026/04/29 15:46:30,264000,11.342
2026/04/29 15:46:30,265000,11.336
2026/04/29 15:46:30,266000,11.342
2026/04/29 15:46:30,267000,11.334
2026/04/29 15:46:30,268000,11.331
2026/04/29 15:46:30,269000,11.334
2026/04/29 15:46:30,270000,11.339
2026/04/29 15:46:30,271000,11.339
2026/04/29 15:46:30,272000,11.336
2026/04/29 15:46:30,273000,11.342
2026/04/29 15:46:30,274000,11.342
2026/04/29 15:46:30,275000,11.345
2026/04/29 15:46:30,276000,11.339
2026/04/29 15:46:30,277000,11.342
2026/04/29 15:46:30,278000,11.345
2026/04/29 15:46:30,279000,11.336
2026/04/29 15:46:30,280000,11.334
2026/04/29 15:46:30,281000,11.345
2026/04/29 15:46:30,282000,11.345
2026/04/29 15:46:30,283000,11.336
2026/04/29 15:46:30,284000,11.336
2026/04/29 15:46:30,285000,11.342
2026/04/29 15:46:30,286000,11.345
2026/04/29 15:46:30,287000,11.339
2026/04/29 15:46:30,288000,11.348
2026/04/29 15:46:30,289000,11.342
2026/04/29 15:46:30,290000,11.345
2026/04/29 15:46:30,291000,11.339
2026/04/29 15:46:30,292000,11.339
2026/04/29 15:46:30,293000,11.342
2026/04/29 15:46:30,294000,11.345
2026/04/29 15:46:30,295000,11.342
2026/04/29 15:46:30,296000,11.345
2026/04/29 15:46:30,297000,11.342
2026/04/29 15:46:30,298000,11.334
2026/04/29 15:46:30,299000,11.348
2026/04/29 15:46:30,300000,11.339
2026/04/29 15:46:30,301000,11.336
2026/04/29 15:46:30,302000,11.342
2026/04/29 15:46:30,303000,11.336
2026/04/29 15:46:30,304000,11.336
2026/04/29 15:46:30,305000,11.336
2026/04/29 15:46:30,306000,11.336
2026/04/29 15:46:30,307000,11.342
2026/04/29 15:46:30,308000,11.339
2026/04/29 15:46:30,309000,11.331
2026/04/29 15:46:30,310000,11.334
2026/04/29 15:46:30,311000,11.342
2026/04/29 15:46:30,312000,11.345
2026/04/29 15:46:30,313000,11.336
2026/04/29 15:46:30,314000,11.342
2026/04/29 15:46:30,315000,11.342
2026/04/29 15:46:30,316000,11.336
2026/04/29 15:46:30,317000,11.339
2026/04/29 15:46:30,318000,11.345
2026/04/29 15:46:30,319000,11.345
2026/04/29 15:46:30,320000,11.336
2026/04/29 15:46:30,321000,11.336
2026/04/29 15:46:30,322000,11.331
2026/04/29 15:46:30,323000,11.336
2026/04/29 15:46:30,324000,11.342
2026/04/29 15:46:30,325000,11.342
2026/04/29 15:46:30,326000,11.342
2026/04/29 15:46:30,327000,11.345
2026/04/29 15:46:30,328000,11.336
2026/04/29 15:46:30,329000,11.334
2026/04/29 15:46:30,330000,11.336
2026/04/29 15:46:30,331000,11.339
2026/04/29 15:46:30,332000,11.348
2026/04/29 15:46:30,333000,11.345
2026/04/29 15:46:30,334000,11.345
2026/04/29 15:46:30,335000,11.336
2026/04/29 15:46:30,336000,11.342
2026/04/29 15:46:30,337000,11.342
2026/04/29 15:46:30,338000,11.339
2026/04/29 15:46:30,339000,11.342
2026/04/29 15:46:30,340000,11.339
2026/04/29 15:46:30,341000,11.336
2026/04/29 15:46:30,342000,11.336
2026/04/29 15:46:30,343000,11.342
2026/04/29 15:46:30,344000,11.339
2026/04/29 15:46:30,345000,11.336
2026/04/29 15:46:30,346000,11.339
2026/04/29 15:46:30,347000,11.339
2026/04/29 15:46:30,348000,11.336
2026/04/29 15:46:30,349000,11.342
2026/04/29 15:46:30,350000,11.345
2026/04/29 15:46:30,351000,11.336
2026/04/29 15:46:30,352000,11.342
2026/04/29 15:46:30,353000,11.339
2026/04/29 15:46:30,354000,11.339
2026/04/29 15:46:30,355000,11.345
2026/04/29 15:46:30,356000,11.342
2026/04/29 15:46:30,357000,11.342
2026/04/29 15:46:30,358000,11.334
2026/04/29 15:46:30,359000,11.336
2026/04/29 15:46:30,360000,11.336
2026/04/29 15:46:30,361000,11.336
2026/04/29 15:46:30,362000,11.342
2026/04/29 15:46:30,363000,11.342
2026/04/29 15:46:30,364000,11.336
2026/04/29 15:46:30,365000,11.339
2026/04/29 15:46:30,366000,11.342
2026/04/29 15:46:30,367000,11.336
2026/04/29 15:46:30,368000,11.334
2026/04/29 15:46:30,369000,11.339
2026/04/29 15:46:30,370000,11.339
2026/04/29 15:46:30,371000,11.334
2026/04/29 15:46:30,372000,11.334
2026/04/29 15:46:30,373000,11.336
2026/04/29 15:46:30,374000,11.336
2026/04/29 15:46:30,375000,11.336
2026/04/29 15:46:30,376000,11.336
2026/04/29 15:46:30,377000,11.334
2026/04/29 15:46:30,378000,11.334
2026/04/29 15:46:30,379000,11.334
2026/04/29 15:46:30,380000,11.336
2026/04/29 15:46:30,381000,11.342
2026/04/29 15:46:30,382000,11.334
2026/04/29 15:46:30,383000,11.348
2026/04/29 15:46:30,384000,11.336
2026/04/29 15:46:30,385000,11.342
2026/04/29 15:46:30,386000,11.336
2026/04/29 15:46:30,387000,11.334
2026/04/29 15:46:30,388000,11.336
2026/04/29 15:46:30,389000,11.345
2026/04/29 15:46:30,390000,11.336
2026/04/29 15:46:30,391000,11.336
2026/04/29 15:46:30,392000,11.334
2026/04/29 15:46:30,393000,11.336
2026/04/29 15:46:30,394000,11.334
2026/04/29 15:46:30,395000,11.339
2026/04/29 15:46:30,396000,11.336
2026/04/29 15:46:30,397000,11.336
2026/04/29 15:46:30,398000,11.334
2026/04/29 15:46:30,399000,11.342
2026/04/29 15:46:30,400000,11.336
2026/04/29 15:46:30,401000,11.336
2026/04/29 15:46:30,402000,11.334
2026/04/29 15:46:30,403000,11.334
2026/04/29 15:46:30,404000,11.345
2026/04/29 15:46:30,405000,11.334
2026/04/29 15:46:30,406000,11.336
2026/04/29 15:46:30,407000,11.334
2026/04/29 15:46:30,408000,11.336
2026/04/29 15:46:30,409000,11.336
2026/04/29 15:46:30,410000,11.353
2026/04/29 15:46:30,411000,11.336
2026/04/29 15:46:30,412000,11.342
2026/04/29 15:46:30,413000,11.336
2026/04/29 15:46:30,414000,11.336
2026/04/29 15:46:30,415000,11.336
2026/04/29 15:46:30,416000,11.336
2026/04/29 15:46:30,417000,11.336
2026/04/29 15:46:30,418000,11.345
2026/04/29 15:46:30,419000,11.336
2026/04/29 15:46:30,420000,11.334
2026/04/29 15:46:30,421000,11.342
2026/04/29 15:46:30,422000,11.336
2026/04/29 15:46:30,423000,11.336
2026/04/29 15:46:30,424000,11.339
2026/04/29 15:46:30,425000,11.339
2026/04/29 15:46:30,426000,11.336
2026/04/29 15:46:30,427000,11.336
2026/04/29 15:46:30,428000,11.342
2026/04/29 15:46:30,429000,11.342
2026/04/29 15:46:30,430000,11.336
2026/04/29 15:46:30,431000,11.345
2026/04/29 15:46:30,432000,11.339
2026/04/29 15:46:30,433000,11.331
2026/04/29 15:46:30,434000,11.336
2026/04/29 15:46:30,435000,11.336
2026/04/29 15:46:30,436000,11.339
2026/04/29 15:46:30,437000,11.336
2026/04/29 15:46:30,438000,11.336
2026/04/29 15:46:30,439000,11.336
2026/04/29 15:46:30,440000,11.336
2026/04/29 15:46:30,441000,11.342
2026/04/29 15:46:30,442000,11.336
2026/04/29 15:46:30,443000,11.336
2026/04/29 15:46:30,444000,11.339
2026/04/29 15:46:30,445000,11.336
2026/04/29 15:46:30,446000,11.342
2026/04/29 15:46:30,447000,11.339
2026/04/29 15:46:30,448000,11.334
2026/04/29 15:46:30,449000,11.336
2026/04/29 15:46:30,450000,11.336
2026/04/29 15:46:30,451000,11.334
2026/04/29 15:46:30,452000,11.345
2026/04/29 15:46:30,453000,11.336
2026/04/29 15:46:30,454000,11.336
2026/04/29 15:46:30,455000,11.339
2026/04/29 15:46:30,456000,11.339
2026/04/29 15:46:30,457000,11.342
2026/04/29 15:46:30,458000,11.345
2026/04/29 15:46:30,459000,11.348
2026/04/29 15:46:30,460000,11.345
2026/04/29 15:46:30,461000,11.342
2026/04/29 15:46:30,462000,11.342
2026/04/29 15:46:30,463000,11.336
2026/04/29 15:46:30,464000,11.342
2026/04/29 15:46:30,465000,11.342
2026/04/29 15:46:30,466000,11.348
2026/04/29 15:46:30,467000,11.339
2026/04/29 15:46:30,468000,11.339
2026/04/29 15:46:30,469000,11.342
2026/04/29 15:46:30,470000,11.342
2026/04/29 15:46:30,471000,11.339
2026/04/29 15:46:30,472000,11.345
2026/04/29 15:46:30,473000,11.339
2026/04/29 15:46:30,474000,11.342
2026/04/29 15:46:30,475000,11.345
2026/04/29 15:46:30,476000,11.345
2026/04/29 15:46:30,477000,11.336
2026/04/29 15:46:30,478000,11.339
2026/04/29 15:46:30,479000,11.336
2026/04/29 15:46:30,480000,11.348
2026/04/29 15:46:30,481000,11.342
2026/04/29 15:46:30,482000,11.342
2026/04/29 15:46:30,483000,11.342
2026/04/29 15:46:30,484000,11.345
2026/04/29 15:46:30,485000,11.345
2026/04/29 15:46:30,486000,11.336
2026/04/29 15:46:30,487000,11.339
2026/04/29 15:46:30,488000,11.339
2026/04/29 15:46:30,489000,11.342
2026/04/29 15:46:30,490000,11.331
2026/04/29 15:46:30,491000,11.342
2026/04/29 15:46:30,492000,11.348
2026/04/29 15:46:30,493000,11.345
2026/04/29 15:46:30,494000,11.342
2026/04/29 15:46:30,495000,11.345
2026/04/29 15:46:30,496000,11.345
2026/04/29 15:46:30,497000,11.345
2026/04/29 15:46:30,498000,11.345
2026/04/29 15:46:30,499000,11.336
2026/04/29 15:46:30,500000,11.336
2026/04/29 15:46:30,501000,11.342
2026/04/29 15:46:30,502000,11.342
2026/04/29 15:46:30,503000,11.339
2026/04/29 15:46:30,504000,11.339
2026/04/29 15:46:30,505000,11.342
2026/04/29 15:46:30,506000,11.345
2026/04/29 15:46:30,507000,11.339
2026/04/29 15:46:30,508000,11.345
2026/04/29 15:46:30,509000,11.339
2026/04/29 15:46:30,510000,11.342
2026/04/29 15:46:30,511000,11.336
2026/04/29 15:46:30,512000,11.345
2026/04/29 15:46:30,513000,11.336
2026/04/29 15:46:30,514000,11.342
2026/04/29 15:46:30,515000,11.336
2026/04/29 15:46:30,516000,11.336
2026/04/29 15:46:30,517000,11.342
2026/04/29 15:46:30,518000,11.334
2026/04/29 15:46:30,519000,11.342
2026/04/29 15:46:30,520000,11.342
2026/04/29 15:46:30,521000,11.336
2026/04/29 15:46:30,522000,11.339
2026/04/29 15:46:30,523000,11.336
2026/04/29 15:46:30,524000,11.336
2026/04/29 15:46:30,525000,11.345
2026/04/29 15:46:30,526000,11.336
2026/04/29 15:46:30,527000,11.339
2026/04/29 15:46:30,528000,11.345
2026/04/29 15:46:30,529000,11.336
2026/04/29 15:46:30,530000,11.336
2026/04/29 15:46:30,531000,11.339
2026/04/29 15:46:30,532000,11.334
2026/04/29 15:46:30,533000,11.334
2026/04/29 15:46:30,534000,11.336
2026/04/29 15:46:30,535000,11.336
2026/04/29 15:46:30,536000,11.336
2026/04/29 15:46:30,537000,11.339
2026/04/29 15:46:30,538000,11.339
2026/04/29 15:46:30,539000,11.336
2026/04/29 15:46:30,540000,11.336
2026/04/29 15:46:30,541000,11.345
2026/04/29 15:46:30,542000,11.339
2026/04/29 15:46:30,543000,11.342
2026/04/29 15:46:30,544000,11.339
2026/04/29 15:46:30,545000,11.331
2026/04/29 15:46:30,546000,11.342
2026/04/29 15:46:30,547000,11.342
2026/04/29 15:46:30,548000,11.334
2026/04/29 15:46:30,549000,11.339
2026/04/29 15:46:30,550000,11.334
2026/04/29 15:46:30,551000,11.345
2026/04/29 15:46:30,552000,11.334
2026/04/29 15:46:30,553000,11.339
2026/04/29 15:46:30,554000,11.336
2026/04/29 15:46:30,555000,11.336
2026/04/29 15:46:30,556000,11.336
2026/04/29 15:46:30,557000,11.339
2026/04/29 15:46:30,558000,11.336
2026/04/29 15:46:30,559000,11.348
2026/04/29 15:46:30,560000,11.342
2026/04/29 15:46:30,561000,11.336
2026/04/29 15:46:30,562000,11.334
2026/04/29 15:46:30,563000,11.336
2026/04/29 15:46:30,564000,11.342
2026/04/29 15:46:30,565000,11.339
2026/04/29 15:46:30,566000,11.345
2026/04/29 15:46:30,567000,11.342
2026/04/29 15:46:30,568000,11.336
2026/04/29 15:46:30,569000,11.336
2026/04/29 15:46:30,570000,11.345
2026/04/29 15:46:30,571000,11.336
2026/04/29 15:46:30,572000,11.334
2026/04/29 15:46:30,573000,11.336
2026/04/29 15:46:30,574000,11.339
2026/04/29 15:46:30,575000,11.339
2026/04/29 15:46:30,576000,11.336
2026/04/29 15:46:30,577000,11.334
2026/04/29 15:46:30,578000,11.342
2026/04/29 15:46:30,579000,11.336
2026/04/29 15:46:30,580000,11.331
2026/04/29 15:46:30,581000,11.334
2026/04/29 15:46:30,582000,11.336
2026/04/29 15:46:30,583000,11.334
2026/04/29 15:46:30,584000,11.334
2026/04/29 15:46:30,585000,11.336
2026/04/29 15:46:30,586000,11.334
2026/04/29 15:46:30,587000,11.331
2026/04/29 15:46:30,588000,11.336
2026/04/29 15:46:30,589000,11.336
2026/04/29 15:46:30,590000,11.334
2026/04/29 15:46:30,591000,11.336
2026/04/29 15:46:30,592000,11.334
2026/04/29 15:46:30,593000,11.336
2026/04/29 15:46:30,594000,11.342
2026/04/29 15:46:30,595000,11.339
2026/04/29 15:46:30,596000,11.336
2026/04/29 15:46:30,597000,11.334
2026/04/29 15:46:30,598000,11.336
2026/04/29 15:46:30,599000,11.334
2026/04/29 15:46:30,600000,11.336
2026/04/29 15:46:30,601000,11.334
2026/04/29 15:46:30,602000,11.345
2026/04/29 15:46:30,603000,11.339
2026/04/29 15:46:30,604000,11.334
2026/04/29 15:46:30,605000,11.334
2026/04/29 15:46:30,606000,11.336
2026/04/29 15:46:30,607000,11.334
2026/04/29 15:46:30,608000,11.334
2026/04/29 15:46:30,609000,11.336
2026/04/29 15:46:30,610000,11.339
2026/04/29 15:46:30,611000,11.336
2026/04/29 15:46:30,612000,11.342
2026/04/29 15:46:30,613000,11.342
2026/04/29 15:46:30,614000,11.336
2026/04/29 15:46:30,615000,11.336
2026/04/29 15:46:30,616000,11.336
2026/04/29 15:46:30,617000,11.336
2026/04/29 15:46:30,618000,11.336
2026/04/29 15:46:30,619000,11.336
2026/04/29 15:46:30,620000,11.336
2026/04/29 15:46:30,621000,11.342
2026/04/29 15:46:30,622000,11.334
2026/04/29 15:46:30,623000,11.336
2026/04/29 15:46:30,624000,11.336
2026/04/29 15:46:30,625000,11.342
2026/04/29 15:46:30,626000,11.331
2026/04/29 15:46:30,627000,11.336
2026/04/29 15:46:30,628000,11.334
2026/04/29 15:46:30,629000,11.336
2026/04/29 15:46:30,630000,11.336
2026/04/29 15:46:30,631000,11.342
2026/04/29 15:46:30,632000,11.336
2026/04/29 15:46:30,633000,11.339
2026/04/29 15:46:30,634000,11.336
2026/04/29 15:46:30,635000,11.336
2026/04/29 15:46:30,636000,11.336
2026/04/29 15:46:30,637000,11.328
2026/04/29 15:46:30,638000,11.339
2026/04/29 15:46:30,639000,11.334
2026/04/29 15:46:30,640000,11.336
2026/04/29 15:46:30,641000,11.345
2026/04/29 15:46:30,642000,11.339
2026/04/29 15:46:30,643000,11.328
2026/04/29 15:46:30,644000,11.334
2026/04/29 15:46:30,645000,11.334
2026/04/29 15:46:30,646000,11.336
2026/04/29 15:46:30,647000,11.342
2026/04/29 15:46:30,648000,11.336
2026/04/29 15:46:30,649000,11.336
2026/04/29 15:46:30,650000,11.339
2026/04/29 15:46:30,651000,11.339
2026/04/29 15:46:30,652000,11.345
2026/04/29 15:46:30,653000,11.339
2026/04/29 15:46:30,654000,11.345
2026/04/29 15:46:30,655000,11.336
2026/04/29 15:46:30,656000,11.345
2026/04/29 15:46:30,657000,11.336
2026/04/29 15:46:30,658000,11.336
2026/04/29 15:46:30,659000,11.336
2026/04/29 15:46:30,660000,11.342
2026/04/29 15:46:30,661000,11.342
2026/04/29 15:46:30,662000,11.339
2026/04/29 15:46:30,663000,11.336
2026/04/29 15:46:30,664000,11.334
2026/04/29 15:46:30,665000,11.345
2026/04/29 15:46:30,666000,11.336
2026/04/29 15:46:30,667000,11.336
2026/04/29 15:46:30,668000,11.342
2026/04/29 15:46:30,669000,11.339
2026/04/29 15:46:30,670000,11.342
2026/04/29 15:46:30,671000,11.342
2026/04/29 15:46:30,672000,11.345
2026/04/29 15:46:30,673000,11.342
2026/04/29 15:46:30,674000,11.345
2026/04/29 15:46:30,675000,11.348
2026/04/29 15:46:30,676000,11.336
2026/04/29 15:46:30,677000,11.336
2026/04/29 15:46:30,678000,11.339
2026/04/29 15:46:30,679000,11.350
2026/04/29 15:46:30,680000,11.345
2026/04/29 15:46:30,681000,11.339
2026/04/29 15:46:30,682000,11.345
2026/04/29 15:46:30,683000,11.336
2026/04/29 15:46:30,684000,11.334
2026/04/29 15:46:30,685000,11.345
2026/04/29 15:46:30,686000,11.336
2026/04/29 15:46:30,687000,11.348
2026/04/29 15:46:30,688000,11.345
2026/04/29 15:46:30,689000,11.336
2026/04/29 15:46:30,690000,11.339
2026/04/29 15:46:30,691000,11.345
2026/04/29 15:46:30,692000,11.334
2026/04/29 15:46:30,693000,11.348
2026/04/29 15:46:30,694000,11.348
2026/04/29 15:46:30,695000,11.339
2026/04/29 15:46:30,696000,11.342
2026/04/29 15:46:30,697000,11.345
2026/04/29 15:46:30,698000,11.342
2026/04/29 15:46:30,699000,11.342
2026/04/29 15:46:30,700000,11.342
2026/04/29 15:46:30,701000,11.345
2026/04/29 15:46:30,702000,11.342
2026/04/29 15:46:30,703000,11.336
2026/04/29 15:46:30,704000,11.350
2026/04/29 15:46:30,705000,11.345
2026/04/29 15:46:30,706000,11.342
2026/04/29 15:46:30,707000,11.342
2026/04/29 15:46:30,708000,11.345
2026/04/29 15:46:30,709000,11.345
2026/04/29 15:46:30,710000,11.336
2026/04/29 15:46:30,711000,11.345
2026/04/29 15:46:30,712000,11.342
2026/04/29 15:46:30,713000,11.339
2026/04/29 15:46:30,714000,11.336
2026/04/29 15:46:30,715000,11.345
2026/04/29 15:46:30,716000,11.345
2026/04/29 15:46:30,717000,11.342
2026/04/29 15:46:30,718000,11.336
2026/04/29 15:46:30,719000,11.348
2026/04/29 15:46:30,720000,11.336
2026/04/29 15:46:30,721000,11.345
2026/04/29 15:46:30,722000,11.339
2026/04/29 15:46:30,723000,11.342
2026/04/29 15:46:30,724000,11.345
2026/04/29 15:46:30,725000,11.339
2026/04/29 15:46:30,726000,11.336
2026/04/29 15:46:30,727000,11.336
2026/04/29 15:46:30,728000,11.336
2026/04/29 15:46:30,729000,11.342
2026/04/29 15:46:30,730000,11.342
2026/04/29 15:46:30,731000,11.339
2026/04/29 15:46:30,732000,11.336
2026/04/29 15:46:30,733000,11.339
2026/04/29 15:46:30,734000,11.345
2026/04/29 15:46:30,735000,11.336
2026/04/29 15:46:30,736000,11.336
2026/04/29 15:46:30,737000,11.336
2026/04/29 15:46:30,738000,11.336
2026/04/29 15:46:30,739000,11.336
2026/04/29 15:46:30,740000,11.336
2026/04/29 15:46:30,741000,11.342
2026/04/29 15:46:30,742000,11.342
2026/04/29 15:46:30,743000,11.336
2026/04/29 15:46:30,744000,11.342
2026/04/29 15:46:30,745000,11.342
2026/04/29 15:46:30,746000,11.336
2026/04/29 15:46:30,747000,11.334
2026/04/29 15:46:30,748000,11.336
2026/04/29 15:46:30,749000,11.342
2026/04/29 15:46:30,750000,11.336
2026/04/29 15:46:30,751000,11.336
2026/04/29 15:46:30,752000,11.339
2026/04/29 15:46:30,753000,11.336
2026/04/29 15:46:30,754000,11.336
2026/04/29 15:46:30,755000,11.339
2026/04/29 15:46:30,756000,11.339
2026/04/29 15:46:30,757000,11.334
2026/04/29 15:46:30,758000,11.342
2026/04/29 15:46:30,759000,11.345
2026/04/29 15:46:30,760000,11.336
2026/04/29 15:46:30,761000,11.334
2026/04/29 15:46:30,762000,11.336
2026/04/29 15:46:30,763000,11.336
2026/04/29 15:46:30,764000,11.353
2026/04/29 15:46:30,765000,11.342
2026/04/29 15:46:30,766000,11.334
2026/04/29 15:46:30,767000,11.342
2026/04/29 15:46:30,768000,11.336
2026/04/29 15:46:30,769000,11.345
2026/04/29 15:46:30,770000,11.345
2026/04/29 15:46:30,771000,11.336
2026/04/29 15:46:30,772000,11.334
2026/04/29 15:46:30,773000,11.336
2026/04/29 15:46:30,774000,11.336
2026/04/29 15:46:30,775000,11.336
2026/04/29 15:46:30,776000,11.336
2026/04/29 15:46:30,777000,11.336
2026/04/29 15:46:30,778000,11.336
2026/04/29 15:46:30,779000,11.336
2026/04/29 15:46:30,780000,11.336
2026/04/29 15:46:30,781000,11.336
2026/04/29 15:46:30,782000,11.334
2026/04/29 15:46:30,783000,11.336
2026/04/29 15:46:30,784000,11.336
2026/04/29 15:46:30,785000,11.339
2026/04/29 15:46:30,786000,11.334
2026/04/29 15:46:30,787000,11.336
2026/04/29 15:46:30,788000,11.336
2026/04/29 15:46:30,789000,11.336
2026/04/29 15:46:30,790000,11.345
2026/04/29 15:46:30,791000,11.336
2026/04/29 15:46:30,792000,11.336
2026/04/29 15:46:30,793000,11.334
2026/04/29 15:46:30,794000,11.336
2026/04/29 15:46:30,795000,11.342
2026/04/29 15:46:30,796000,11.339
2026/04/29 15:46:30,797000,11.334
2026/04/29 15:46:30,798000,11.345
2026/04/29 15:46:30,799000,11.336
2026/04/29 15:46:30,800000,11.334
2026/04/29 15:46:30,801000,11.345
2026/04/29 15:46:30,802000,11.339
2026/04/29 15:46:30,803000,11.334
2026/04/29 15:46:30,804000,11.336
2026/04/29 15:46:30,805000,11.336
2026/04/29 15:46:30,806000,11.336
2026/04/29 15:46:30,807000,11.328
2026/04/29 15:46:30,808000,11.336
2026/04/29 15:46:30,809000,11.342
2026/04/29 15:46:30,810000,11.336
2026/04/29 15:46:30,811000,11.339
2026/04/29 15:46:30,812000,11.336
2026/04/29 15:46:30,813000,11.345
2026/04/29 15:46:30,814000,11.339
2026/04/29 15:46:30,815000,11.342
2026/04/29 15:46:30,816000,11.336
2026/04/29 15:46:30,817000,11.336
2026/04/29 15:46:30,818000,11.336
2026/04/29 15:46:30,819000,11.334
2026/04/29 15:46:30,820000,11.334
2026/04/29 15:46:30,821000,11.339
2026/04/29 15:46:30,822000,11.342
2026/04/29 15:46:30,823000,11.334
2026/04/29 15:46:30,824000,11.336
2026/04/29 15:46:30,825000,11.336
2026/04/29 15:46:30,826000,11.334
2026/04/29 15:46:30,827000,11.334
2026/04/29 15:46:30,828000,11.336
2026/04/29 15:46:30,829000,11.339
2026/04/29 15:46:30,830000,11.336
2026/04/29 15:46:30,831000,11.336
2026/04/29 15:46:30,832000,11.336
2026/04/29 15:46:30,833000,11.345
2026/04/29 15:46:30,834000,11.339
2026/04/29 15:46:30,835000,11.336
2026/04/29 15:46:30,836000,11.336
2026/04/29 15:46:30,837000,11.336
2026/04/29 15:46:30,838000,11.339
2026/04/29 15:46:30,839000,11.334
2026/04/29 15:46:30,840000,11.336
2026/04/29 15:46:30,841000,11.336
2026/04/29 15:46:30,842000,11.345
2026/04/29 15:46:30,843000,11.342
2026/04/29 15:46:30,844000,11.328
2026/04/29 15:46:30,845000,11.348
2026/04/29 15:46:30,846000,11.334
2026/04/29 15:46:30,847000,11.336
2026/04/29 15:46:30,848000,11.336
2026/04/29 15:46:30,849000,11.336
2026/04/29 15:46:30,850000,11.342
2026/04/29 15:46:30,851000,11.336
2026/04/29 15:46:30,852000,11.345
2026/04/29 15:46:30,853000,11.336
2026/04/29 15:46:30,854000,11.345
2026/04/29 15:46:30,855000,11.336
2026/04/29 15:46:30,856000,11.334
2026/04/29 15:46:30,857000,11.339
2026/04/29 15:46:30,858000,11.339
2026/04/29 15:46:30,859000,11.334
2026/04/29 15:46:30,860000,11.336
2026/04/29 15:46:30,861000,11.336
2026/04/29 15:46:30,862000,11.334
2026/04/29 15:46:30,863000,11.345
2026/04/29 15:46:30,864000,11.336
2026/04/29 15:46:30,865000,11.339
2026/04/29 15:46:30,866000,11.336
2026/04/29 15:46:30,867000,11.336
2026/04/29 15:46:30,868000,11.336
2026/04/29 15:46:30,869000,11.345
2026/04/29 15:46:30,870000,11.336
2026/04/29 15:46:30,871000,11.342
2026/04/29 15:46:30,872000,11.339
2026/04/29 15:46:30,873000,11.339
2026/04/29 15:46:30,874000,11.342
2026/04/29 15:46:30,875000,11.345
2026/04/29 15:46:30,876000,11.336
2026/04/29 15:46:30,877000,11.336
2026/04/29 15:46:30,878000,11.334
2026/04/29 15:46:30,879000,11.336
2026/04/29 15:46:30,880000,11.339
2026/04/29 15:46:30,881000,11.339
2026/04/29 15:46:30,882000,11.336
2026/04/29 15:46:30,883000,11.334
2026/04/29 15:46:30,884000,11.342
2026/04/29 15:46:30,885000,11.336
2026/04/29 15:46:30,886000,11.334
2026/04/29 15:46:30,887000,11.336
2026/04/29 15:46:30,888000,11.345
2026/04/29 15:46:30,889000,11.345
2026/04/29 15:46:30,890000,11.345
2026/04/29 15:46:30,891000,11.331
2026/04/29 15:46:30,892000,11.342
2026/04/29 15:46:30,893000,11.339
2026/04/29 15:46:30,894000,11.336
2026/04/29 15:46:30,895000,11.334
2026/04/29 15:46:30,896000,11.345
2026/04/29 15:46:30,897000,11.334
2026/04/29 15:46:30,898000,11.331
2026/04/29 15:46:30,899000,11.336
2026/04/29 15:46:30,900000,11.342
2026/04/29 15:46:30,901000,11.336
2026/04/29 15:46:30,902000,11.336
2026/04/29 15:46:30,903000,11.334
2026/04/29 15:46:30,904000,11.336
2026/04/29 15:46:30,905000,11.336
2026/04/29 15:46:30,906000,11.334
2026/04/29 15:46:30,907000,11.336
2026/04/29 15:46:30,908000,11.339
2026/04/29 15:46:30,909000,11.336
2026/04/29 15:46:30,910000,11.342
2026/04/29 15:46:30,911000,11.336
2026/04/29 15:46:30,912000,11.336
2026/04/29 15:46:30,913000,11.339
2026/04/29 15:46:30,914000,11.336
2026/04/29 15:46:30,915000,11.336
2026/04/29 15:46:30,916000,11.336
2026/04/29 15:46:30,917000,11.336
2026/04/29 15:46:30,918000,11.336
2026/04/29 15:46:30,919000,11.336
2026/04/29 15:46:30,920000,11.336
2026/04/29 15:46:30,921000,11.336
2026/04/29 15:46:30,922000,11.342
2026/04/29 15:46:30,923000,11.339
2026/04/29 15:46:30,924000,11.342
2026/04/29 15:46:30,925000,11.336
2026/04/29 15:46:30,926000,11.334
2026/04/29 15:46:30,927000,11.336
2026/04/29 15:46:30,928000,11.342
2026/04/29 15:46:30,929000,11.342
2026/04/29 15:46:30,930000,11.336
2026/04/29 15:46:30,931000,11.331
2026/04/29 15:46:30,932000,11.339
2026/04/29 15:46:30,933000,11.334
2026/04/29 15:46:30,934000,11.334
2026/04/29 15:46:30,935000,11.336
2026/04/29 15:46:30,936000,11.331
2026/04/29 15:46:30,937000,11.331
2026/04/29 15:46:30,938000,11.339
2026/04/29 15:46:30,939000,11.336
2026/04/29 15:46:30,940000,11.339
2026/04/29 15:46:30,941000,11.336
2026/04/29 15:46:30,942000,11.336
2026/04/29 15:46:30,943000,11.339
2026/04/29 15:46:30,944000,11.334
2026/04/29 15:46:30,945000,11.336
2026/04/29 15:46:30,946000,11.342
2026/04/29 15:46:30,947000,11.334
2026/04/29 15:46:30,948000,11.336
2026/04/29 15:46:30,949000,11.336
2026/04/29 15:46:30,950000,11.336
2026/04/29 15:46:30,951000,11.336
2026/04/29 15:46:30,952000,11.342
2026/04/29 15:46:30,953000,11.334
2026/04/29 15:46:30,954000,11.339
2026/04/29 15:46:30,955000,11.336
2026/04/29 15:46:30,956000,11.342
2026/04/29 15:46:30,957000,11.342
2026/04/29 15:46:30,958000,11.342
2026/04/29 15:46:30,959000,11.339
2026/04/29 15:46:30,960000,11.339
2026/04/29 15:46:30,961000,11.339
2026/04/29 15:46:30,962000,11.336
2026/04/29 15:46:30,963000,11.336
2026/04/29 15:46:30,964000,11.334
2026/04/29 15:46:30,965000,11.342
2026/04/29 15:46:30,966000,11.345
2026/04/29 15:46:30,967000,11.336
2026/04/29 15:46:30,968000,11.336
2026/04/29 15:46:30,969000,11.334
2026/04/29 15:46:30,970000,11.339
2026/04/29 15:46:30,971000,11.336
2026/04/29 15:46:30,972000,11.336
2026/04/29 15:46:30,973000,11.334
2026/04/29 15:46:30,974000,11.334
2026/04/29 15:46:30,975000,11.336
2026/04/29 15:46:30,976000,11.339
2026/04/29 15:46:30,977000,11.336
2026/04/29 15:46:30,978000,11.342
2026/04/29 15:46:30,979000,11.336
2026/04/29 15:46:30,980000,11.336
2026/04/29 15:46:30,981000,11.336
2026/04/29 15:46:30,982000,11.336
2026/04/29 15:46:30,983000,11.334
2026/04/29 15:46:30,984000,11.348
2026/04/29 15:46:30,985000,11.336
2026/04/29 15:46:30,986000,11.336
2026/04/29 15:46:30,987000,11.336
2026/04/29 15:46:30,988000,11.336
2026/04/29 15:46:30,989000,11.339
2026/04/29 15:46:30,990000,11.339
2026/04/29 15:46:30,991000,11.342
2026/04/29 15:46:30,992000,11.334
2026/04/29 15:46:30,993000,11.342
2026/04/29 15:46:30,994000,11.342
2026/04/29 15:46:30,995000,11.336
2026/04/29 15:46:30,996000,11.334
2026/04/29 15:46:30,997000,11.334
2026/04/29 15:46:30,998000,11.336
2026/04/29 15:46:30,999000,11.336
2026/04/29 15:46:31,000000,11.339
2026/04/29 15:46:31,001000,11.334
2026/04/29 15:46:31,002000,11.336
2026/04/29 15:46:31,003000,11.336
2026/04/29 15:46:31,004000,11.342
2026/04/29 15:46:31,005000,11.339
2026/04/29 15:46:31,006000,11.336
2026/04/29 15:46:31,007000,11.331
2026/04/29 15:46:31,008000,11.336
2026/04/29 15:46:31,009000,11.336
2026/04/29 15:46:31,010000,11.336
2026/04/29 15:46:31,011000,11.336
2026/04/29 15:46:31,012000,11.336
2026/04/29 15:46:31,013000,11.336
2026/04/29 15:46:31,014000,11.331
2026/04/29 15:46:31,015000,11.345
2026/04/29 15:46:31,016000,11.334
2026/04/29 15:46:31,017000,11.336
2026/04/29 15:46:31,018000,11.342
2026/04/29 15:46:31,019000,11.336
2026/04/29 15:46:31,020000,11.334
2026/04/29 15:46:31,021000,11.342
2026/04/29 15:46:31,022000,11.336
2026/04/29 15:46:31,023000,11.336
2026/04/29 15:46:31,024000,11.339
2026/04/29 15:46:31,025000,11.345
2026/04/29 15:46:31,026000,11.339
2026/04/29 15:46:31,027000,11.331
2026/04/29 15:46:31,028000,11.334
2026/04/29 15:46:31,029000,11.342
2026/04/29 15:46:31,030000,11.336
2026/04/29 15:46:31,031000,11.339
2026/04/29 15:46:31,032000,11.336
2026/04/29 15:46:31,033000,11.339
2026/04/29 15:46:31,034000,11.336
2026/04/29 15:46:31,035000,11.334
2026/04/29 15:46:31,036000,11.334
2026/04/29 15:46:31,037000,11.342
2026/04/29 15:46:31,038000,11.336
2026/04/29 15:46:31,039000,11.334
2026/04/29 15:46:31,040000,11.336
2026/04/29 15:46:31,041000,11.342
2026/04/29 15:46:31,042000,11.334
2026/04/29 15:46:31,043000,11.339
2026/04/29 15:46:31,044000,11.345
2026/04/29 15:46:31,045000,11.339
2026/04/29 15:46:31,046000,11.345
2026/04/29 15:46:31,047000,11.336
2026/04/29 15:46:31,048000,11.342
2026/04/29 15:46:31,049000,11.336
2026/04/29 15:46:31,050000,11.348
2026/04/29 15:46:31,051000,11.336
2026/04/29 15:46:31,052000,11.336
2026/04/29 15:46:31,053000,11.339
2026/04/29 15:46:31,054000,11.336
2026/04/29 15:46:31,055000,11.342
2026/04/29 15:46:31,056000,11.339
2026/04/29 15:46:31,057000,11.342
2026/04/29 15:46:31,058000,11.334
2026/04/29 15:46:31,059000,11.331
2026/04/29 15:46:31,060000,11.348
2026/04/29 15:46:31,061000,11.336
2026/04/29 15:46:31,062000,11.339
2026/04/29 15:46:31,063000,11.334
2026/04/29 15:46:31,064000,11.336
2026/04/29 15:46:31,065000,11.336
2026/04/29 15:46:31,066000,11.334
2026/04/29 15:46:31,067000,11.342
2026/04/29 15:46:31,068000,11.339
2026/04/29 15:46:31,069000,11.339
2026/04/29 15:46:31,070000,11.334
2026/04/29 15:46:31,071000,11.334
2026/04/29 15:46:31,072000,11.336
2026/04/29 15:46:31,073000,11.336
2026/04/29 15:46:31,074000,11.336
2026/04/29 15:46:31,075000,11.334
2026/04/29 15:46:31,076000,11.339
2026/04/29 15:46:31,077000,11.336
2026/04/29 15:46:31,078000,11.336
2026/04/29 15:46:31,079000,11.336
2026/04/29 15:46:31,080000,11.334
2026/04/29 15:46:31,081000,11.342
2026/04/29 15:46:31,082000,11.336
2026/04/29 15:46:31,083000,11.336
2026/04/29 15:46:31,084000,11.334
2026/04/29 15:46:31,085000,11.336
2026/04/29 15:46:31,086000,11.336
2026/04/29 15:46:31,087000,11.339
2026/04/29 15:46:31,088000,11.345
2026/04/29 15:46:31,089000,11.339
2026/04/29 15:46:31,090000,11.334
2026/04/29 15:46:31,091000,11.345
2026/04/29 15:46:31,092000,11.339
2026/04/29 15:46:31,093000,11.353
2026/04/29 15:46:31,094000,11.336
2026/04/29 15:46:31,095000,11.334
2026/04/29 15:46:31,096000,11.342
2026/04/29 15:46:31,097000,11.331
2026/04/29 15:46:31,098000,11.342
2026/04/29 15:46:31,099000,11.334
2026/04/29 15:46:31,100000,11.334
2026/04/29 15:46:31,101000,11.339
2026/04/29 15:46:31,102000,11.336
2026/04/29 15:46:31,103000,11.342
2026/04/29 15:46:31,104000,11.342
2026/04/29 15:46:31,105000,11.336
2026/04/29 15:46:31,106000,11.336
2026/04/29 15:46:31,107000,11.339
2026/04/29 15:46:31,108000,11.334
2026/04/29 15:46:31,109000,11.336
2026/04/29 15:46:31,110000,11.336
2026/04/29 15:46:31,111000,11.334
2026/04/29 15:46:31,112000,11.336
2026/04/29 15:46:31,113000,11.334
2026/04/29 15:46:31,114000,11.336
2026/04/29 15:46:31,115000,11.334
2026/04/29 15:46:31,116000,11.339
2026/04/29 15:46:31,117000,11.336
2026/04/29 15:46:31,118000,11.336
2026/04/29 15:46:31,119000,11.334
2026/04/29 15:46:31,120000,11.331
2026/04/29 15:46:31,121000,11.336
2026/04/29 15:46:31,122000,11.336
2026/04/29 15:46:31,123000,11.336
2026/04/29 15:46:31,124000,11.336
2026/04/29 15:46:31,125000,11.342
2026/04/29 15:46:31,126000,11.342
2026/04/29 15:46:31,127000,11.353
2026/04/29 15:46:31,128000,11.336
2026/04/29 15:46:31,129000,11.336
2026/04/29 15:46:31,130000,11.334
2026/04/29 15:46:31,131000,11.336
2026/04/29 15:46:31,132000,11.336
2026/04/29 15:46:31,133000,11.331
2026/04/29 15:46:31,134000,11.345
2026/04/29 15:46:31,135000,11.336
2026/04/29 15:46:31,136000,11.336
2026/04/29 15:46:31,137000,11.331
2026/04/29 15:46:31,138000,11.336
2026/04/29 15:46:31,139000,11.339
2026/04/29 15:46:31,140000,11.334
2026/04/29 15:46:31,141000,11.342
2026/04/29 15:46:31,142000,11.339
2026/04/29 15:46:31,143000,11.336
2026/04/29 15:46:31,144000,11.334
2026/04/29 15:46:31,145000,11.339
2026/04/29 15:46:31,146000,11.336
2026/04/29 15:46:31,147000,11.342
2026/04/29 15:46:31,148000,11.328
2026/04/29 15:46:31,149000,11.336
2026/04/29 15:46:31,150000,11.348
2026/04/29 15:46:31,151000,11.342
2026/04/29 15:46:31,152000,11.336
2026/04/29 15:46:31,153000,11.336
2026/04/29 15:46:31,154000,11.336
2026/04/29 15:46:31,155000,11.336
2026/04/29 15:46:31,156000,11.336
2026/04/29 15:46:31,157000,11.336
2026/04/29 15:46:31,158000,11.336
2026/04/29 15:46:31,159000,11.334
2026/04/29 15:46:31,160000,11.331
2026/04/29 15:46:31,161000,11.342
2026/04/29 15:46:31,162000,11.334
2026/04/29 15:46:31,163000,11.342
2026/04/29 15:46:31,164000,11.336
2026/04/29 15:46:31,165000,11.345
2026/04/29 15:46:31,166000,11.336
2026/04/29 15:46:31,167000,11.334
2026/04/29 15:46:31,168000,11.345
2026/04/29 15:46:31,169000,11.336
2026/04/29 15:46:31,170000,11.334
2026/04/29 15:46:31,171000,11.339
2026/04/29 15:46:31,172000,11.336
2026/04/29 15:46:31,173000,11.336
2026/04/29 15:46:31,174000,11.342
2026/04/29 15:46:31,175000,11.336
2026/04/29 15:46:31,176000,11.339
2026/04/29 15:46:31,177000,11.336
2026/04/29 15:46:31,178000,11.336
2026/04/29 15:46:31,179000,11.339
2026/04/29 15:46:31,180000,11.336
2026/04/29 15:46:31,181000,11.336
2026/04/29 15:46:31,182000,11.339
2026/04/29 15:46:31,183000,11.342
2026/04/29 15:46:31,184000,11.339
2026/04/29 15:46:31,185000,11.336
2026/04/29 15:46:31,186000,11.336
2026/04/29 15:46:31,187000,11.336
2026/04/29 15:46:31,188000,11.336
2026/04/29 15:46:31,189000,11.336
2026/04/29 15:46:31,190000,11.336
2026/04/29 15:46:31,191000,11.334
2026/04/29 15:46:31,192000,11.336
2026/04/29 15:46:31,193000,11.345
2026/04/29 15:46:31,194000,11.336
2026/04/29 15:46:31,195000,11.336
2026/04/29 15:46:31,196000,11.336
2026/04/29 15:46:31,197000,11.336
2026/04/29 15:46:31,198000,11.334
2026/04/29 15:46:31,199000,11.334
2026/04/29 15:46:31,200000,11.336
2026/04/29 15:46:31,201000,11.339
2026/04/29 15:46:31,202000,11.339
2026/04/29 15:46:31,203000,11.336
2026/04/29 15:46:31,204000,11.345
2026/04/29 15:46:31,205000,11.334
2026/04/29 15:46:31,206000,11.336
2026/04/29 15:46:31,207000,11.336
2026/04/29 15:46:31,208000,11.345
2026/04/29 15:46:31,209000,11.339
2026/04/29 15:46:31,210000,11.336
2026/04/29 15:46:31,211000,11.336
2026/04/29 15:46:31,212000,11.339
2026/04/29 15:46:31,213000,11.334
2026/04/29 15:46:31,214000,11.339
2026/04/29 15:46:31,215000,11.339
2026/04/29 15:46:31,216000,11.334
2026/04/29 15:46:31,217000,11.339
2026/04/29 15:46:31,218000,11.342
2026/04/29 15:46:31,219000,11.345
2026/04/29 15:46:31,220000,11.342
2026/04/29 15:46:31,221000,11.336
2026/04/29 15:46:31,222000,11.342
2026/04/29 15:46:31,223000,11.339
2026/04/29 15:46:31,224000,11.336
2026/04/29 15:46:31,225000,11.334
2026/04/29 15:46:31,226000,11.336
2026/04/29 15:46:31,227000,11.336
2026/04/29 15:46:31,228000,11.342
2026/04/29 15:46:31,229000,11.336
2026/04/29 15:46:31,230000,11.334
2026/04/29 15:46:31,231000,11.342
2026/04/29 15:46:31,232000,11.336
2026/04/29 15:46:31,233000,11.336
2026/04/29 15:46:31,234000,11.334
2026/04/29 15:46:31,235000,11.339
2026/04/29 15:46:31,236000,11.336
2026/04/29 15:46:31,237000,11.342
2026/04/29 15:46:31,238000,11.339
2026/04/29 15:46:31,239000,11.334
2026/04/29 15:46:31,240000,11.342
2026/04/29 15:46:31,241000,11.334
2026/04/29 15:46:31,242000,11.345
2026/04/29 15:46:31,243000,11.342
2026/04/29 15:46:31,244000,11.334
2026/04/29 15:46:31,245000,11.339
2026/04/29 15:46:31,246000,11.345
2026/04/29 15:46:31,247000,11.342
2026/04/29 15:46:31,248000,11.342
2026/04/29 15:46:31,249000,11.336
2026/04/29 15:46:31,250000,11.339
2026/04/29 15:46:31,251000,11.336
2026/04/29 15:46:31,252000,11.334
2026/04/29 15:46:31,253000,11.342
2026/04/29 15:46:31,254000,11.345
2026/04/29 15:46:31,255000,11.336
2026/04/29 15:46:31,256000,11.345
2026/04/29 15:46:31,257000,11.339
2026/04/29 15:46:31,258000,11.336
2026/04/29 15:46:31,259000,11.336
2026/04/29 15:46:31,260000,11.336
2026/04/29 15:46:31,261000,11.336
2026/04/29 15:46:31,262000,11.331
2026/04/29 15:46:31,263000,11.336
2026/04/29 15:46:31,264000,11.342
2026/04/29 15:46:31,265000,11.336
2026/04/29 15:46:31,266000,11.336
2026/04/29 15:46:31,267000,11.336
2026/04/29 15:46:31,268000,11.336
2026/04/29 15:46:31,269000,11.336
2026/04/29 15:46:31,270000,11.336
2026/04/29 15:46:31,271000,11.339
2026/04/29 15:46:31,272000,11.336
2026/04/29 15:46:31,273000,11.328
2026/04/29 15:46:31,274000,11.342
2026/04/29 15:46:31,275000,11.336
2026/04/29 15:46:31,276000,11.345
2026/04/29 15:46:31,277000,11.336
2026/04/29 15:46:31,278000,11.336
2026/04/29 15:46:31,279000,11.336
2026/04/29 15:46:31,280000,11.345
2026/04/29 15:46:31,281000,11.336
2026/04/29 15:46:31,282000,11.339
2026/04/29 15:46:31,283000,11.334
2026/04/29 15:46:31,284000,11.336
2026/04/29 15:46:31,285000,11.342
2026/04/29 15:46:31,286000,11.339
2026/04/29 15:46:31,287000,11.339
2026/04/29 15:46:31,288000,11.336
2026/04/29 15:46:31,289000,11.339
2026/04/29 15:46:31,290000,11.336
2026/04/29 15:46:31,291000,11.339
2026/04/29 15:46:31,292000,11.339
2026/04/29 15:46:31,293000,11.331
2026/04/29 15:46:31,294000,11.336
2026/04/29 15:46:31,295000,11.336
2026/04/29 15:46:31,296000,11.336
2026/04/29 15:46:31,297000,11.342
2026/04/29 15:46:31,298000,11.334
2026/04/29 15:46:31,299000,11.334
2026/04/29 15:46:31,300000,11.336
2026/04/29 15:46:31,301000,11.345
2026/04/29 15:46:31,302000,11.345
2026/04/29 15:46:31,303000,11.336
2026/04/29 15:46:31,304000,11.336
2026/04/29 15:46:31,305000,11.342
2026/04/29 15:46:31,306000,11.334
2026/04/29 15:46:31,307000,11.331
2026/04/29 15:46:31,308000,11.336
2026/04/29 15:46:31,309000,11.334
2026/04/29 15:46:31,310000,11.336
2026/04/29 15:46:31,311000,11.348
2026/04/29 15:46:31,312000,11.336
2026/04/29 15:46:31,313000,11.336
2026/04/29 15:46:31,314000,11.336
2026/04/29 15:46:31,315000,11.331
2026/04/29 15:46:31,316000,11.336
2026/04/29 15:46:31,317000,11.334
2026/04/29 15:46:31,318000,11.334
2026/04/29 15:46:31,319000,11.336
2026/04/29 15:46:31,320000,11.336
2026/04/29 15:46:31,321000,11.336
2026/04/29 15:46:31,322000,11.334
2026/04/29 15:46:31,323000,11.339
2026/04/29 15:46:31,324000,11.336
2026/04/29 15:46:31,325000,11.331
2026/04/29 15:46:31,326000,11.334
2026/04/29 15:46:31,327000,11.336
2026/04/29 15:46:31,328000,11.342
2026/04/29 15:46:31,329000,11.336
2026/04/29 15:46:31,330000,11.339
2026/04/29 15:46:31,331000,11.336
2026/04/29 15:46:31,332000,11.336
2026/04/29 15:46:31,333000,11.336
2026/04/29 15:46:31,334000,11.342
2026/04/29 15:46:31,335000,11.334
2026/04/29 15:46:31,336000,11.334
2026/04/29 15:46:31,337000,11.336
2026/04/29 15:46:31,338000,11.336
2026/04/29 15:46:31,339000,11.334
2026/04/29 15:46:31,340000,11.334
2026/04/29 15:46:31,341000,11.334
2026/04/29 15:46:31,342000,11.336
2026/04/29 15:46:31,343000,11.342
2026/04/29 15:46:31,344000,11.336
2026/04/29 15:46:31,345000,11.336
2026/04/29 15:46:31,346000,11.345
2026/04/29 15:46:31,347000,11.331
2026/04/29 15:46:31,348000,11.336
2026/04/29 15:46:31,349000,11.336
2026/04/29 15:46:31,350000,11.336
2026/04/29 15:46:31,351000,11.334
2026/04/29 15:46:31,352000,11.336
2026/04/29 15:46:31,353000,11.336
2026/04/29 15:46:31,354000,11.334
2026/04/29 15:46:31,355000,11.342
2026/04/29 15:46:31,356000,11.336
2026/04/29 15:46:31,357000,11.334
2026/04/29 15:46:31,358000,11.336
2026/04/29 15:46:31,359000,11.334
2026/04/29 15:46:31,360000,11.331
2026/04/29 15:46:31,361000,11.342
2026/04/29 15:46:31,362000,11.342
2026/04/29 15:46:31,363000,11.336
2026/04/29 15:46:31,364000,11.339
2026/04/29 15:46:31,365000,11.339
2026/04/29 15:46:31,366000,11.342
2026/04/29 15:46:31,367000,11.334
2026/04/29 15:46:31,368000,11.345
2026/04/29 15:46:31,369000,11.345
2026/04/29 15:46:31,370000,11.345
2026/04/29 15:46:31,371000,11.334
2026/04/29 15:46:31,372000,11.345
2026/04/29 15:46:31,373000,11.336
2026/04/29 15:46:31,374000,11.339
2026/04/29 15:46:31,375000,11.331
2026/04/29 15:46:31,376000,11.336
2026/04/29 15:46:31,377000,11.345
2026/04/29 15:46:31,378000,11.336
2026/04/29 15:46:31,379000,11.334
2026/04/29 15:46:31,380000,11.336
2026/04/29 15:46:31,381000,11.336
2026/04/29 15:46:31,382000,11.336
2026/04/29 15:46:31,383000,11.339
2026/04/29 15:46:31,384000,11.336
2026/04/29 15:46:31,385000,11.334
2026/04/29 15:46:31,386000,11.336
2026/04/29 15:46:31,387000,11.334
2026/04/29 15:46:31,388000,11.331
2026/04/29 15:46:31,389000,11.339
2026/04/29 15:46:31,390000,11.336
2026/04/29 15:46:31,391000,11.336
2026/04/29 15:46:31,392000,11.334
2026/04/29 15:46:31,393000,11.336
2026/04/29 15:46:31,394000,11.336
2026/04/29 15:46:31,395000,11.331
2026/04/29 15:46:31,396000,11.336
2026/04/29 15:46:31,397000,11.339
2026/04/29 15:46:31,398000,11.339
2026/04/29 15:46:31,399000,11.336
2026/04/29 15:46:31,400000,11.336
2026/04/29 15:46:31,401000,11.336
2026/04/29 15:46:31,402000,11.334
2026/04/29 15:46:31,403000,11.336
2026/04/29 15:46:31,404000,11.339
2026/04/29 15:46:31,405000,11.334
2026/04/29 15:46:31,406000,11.339
2026/04/29 15:46:31,407000,11.336
2026/04/29 15:46:31,408000,11.334
2026/04/29 15:46:31,409000,11.334
2026/04/29 15:46:31,410000,11.336
2026/04/29 15:46:31,411000,11.336
2026/04/29 15:46:31,412000,11.336
2026/04/29 15:46:31,413000,11.336
2026/04/29 15:46:31,414000,11.334
2026/04/29 15:46:31,415000,11.336
2026/04/29 15:46:31,416000,11.334
2026/04/29 15:46:31,417000,11.334
2026/04/29 15:46:31,418000,11.336
2026/04/29 15:46:31,419000,11.334
2026/04/29 15:46:31,420000,11.334
2026/04/29 15:46:31,421000,11.336
2026/04/29 15:46:31,422000,11.336
2026/04/29 15:46:31,423000,11.336
2026/04/29 15:46:31,424000,11.334
2026/04/29 15:46:31,425000,11.334
2026/04/29 15:46:31,426000,11.334
2026/04/29 15:46:31,427000,11.334
2026/04/29 15:46:31,428000,11.336
2026/04/29 15:46:31,429000,11.336
2026/04/29 15:46:31,430000,11.336
2026/04/29 15:46:31,431000,11.336
2026/04/29 15:46:31,432000,11.342
2026/04/29 15:46:31,433000,11.328
2026/04/29 15:46:31,434000,11.345
2026/04/29 15:46:31,435000,11.336
2026/04/29 15:46:31,436000,11.336
2026/04/29 15:46:31,437000,11.334
2026/04/29 15:46:31,438000,11.342
2026/04/29 15:46:31,439000,11.336
2026/04/29 15:46:31,440000,11.339
2026/04/29 15:46:31,441000,11.336
2026/04/29 15:46:31,442000,11.339
2026/04/29 15:46:31,443000,11.336
2026/04/29 15:46:31,444000,11.336
2026/04/29 15:46:31,445000,11.334
2026/04/29 15:46:31,446000,11.342
2026/04/29 15:46:31,447000,11.342
2026/04/29 15:46:31,448000,11.334
2026/04/29 15:46:31,449000,11.328
2026/04/29 15:46:31,450000,11.336
2026/04/29 15:46:31,451000,11.334
2026/04/29 15:46:31,452000,11.334
2026/04/29 15:46:31,453000,11.334
2026/04/29 15:46:31,454000,11.336
2026/04/29 15:46:31,455000,11.336
2026/04/29 15:46:31,456000,11.345
2026/04/29 15:46:31,457000,11.331
2026/04/29 15:46:31,458000,11.334
2026/04/29 15:46:31,459000,11.336
2026/04/29 15:46:31,460000,11.334
2026/04/29 15:46:31,461000,11.342
2026/04/29 15:46:31,462000,11.342
2026/04/29 15:46:31,463000,11.336
2026/04/29 15:46:31,464000,11.334
2026/04/29 15:46:31,465000,11.345
2026/04/29 15:46:31,466000,11.336
2026/04/29 15:46:31,467000,11.336
2026/04/29 15:46:31,468000,11.339
2026/04/29 15:46:31,469000,11.345
2026/04/29 15:46:31,470000,11.336
2026/04/29 15:46:31,471000,11.334
2026/04/29 15:46:31,472000,11.336
2026/04/29 15:46:31,473000,11.336
2026/04/29 15:46:31,474000,11.342
2026/04/29 15:46:31,475000,11.334
2026/04/29 15:46:31,476000,11.336
2026/04/29 15:46:31,477000,11.336
2026/04/29 15:46:31,478000,11.336
2026/04/29 15:46:31,479000,11.336
2026/04/29 15:46:31,480000,11.339
2026/04/29 15:46:31,481000,11.334
2026/04/29 15:46:31,482000,11.336
2026/04/29 15:46:31,483000,11.339
2026/04/29 15:46:31,484000,11.336
2026/04/29 15:46:31,485000,11.336
2026/04/29 15:46:31,486000,11.342
2026/04/29 15:46:31,487000,11.336
2026/04/29 15:46:31,488000,11.336
2026/04/29 15:46:31,489000,11.331
2026/04/29 15:46:31,490000,11.336
2026/04/29 15:46:31,491000,11.342
2026/04/29 15:46:31,492000,11.334
2026/04/29 15:46:31,493000,11.336
2026/04/29 15:46:31,494000,11.342
2026/04/29 15:46:31,495000,11.336
2026/04/29 15:46:31,496000,11.336
2026/04/29 15:46:31,497000,11.334
2026/04/29 15:46:31,498000,11.336
2026/04/29 15:46:31,499000,11.336
2026/04/29 15:46:31,500000,11.334
2026/04/29 15:46:31,501000,11.334
2026/04/29 15:46:31,502000,11.334
2026/04/29 15:46:31,503000,11.342
2026/04/29 15:46:31,504000,11.334
2026/04/29 15:46:31,505000,11.339
2026/04/29 15:46:31,506000,11.336
2026/04/29 15:46:31,507000,11.348
2026/04/29 15:46:31,508000,11.334
2026/04/29 15:46:31,509000,11.331
2026/04/29 15:46:31,510000,11.336
2026/04/29 15:46:31,511000,11.334
2026/04/29 15:46:31,512000,11.336
2026/04/29 15:46:31,513000,11.336
2026/04/29 15:46:31,514000,11.336
2026/04/29 15:46:31,515000,11.339
2026/04/29 15:46:31,516000,11.339
2026/04/29 15:46:31,517000,11.336
2026/04/29 15:46:31,518000,11.331
2026/04/29 15:46:31,519000,11.342
2026/04/29 15:46:31,520000,11.336
2026/04/29 15:46:31,521000,11.334
2026/04/29 15:46:31,522000,11.336
2026/04/29 15:46:31,523000,11.334
2026/04/29 15:46:31,524000,11.336
2026/04/29 15:46:31,525000,11.334
2026/04/29 15:46:31,526000,11.336
2026/04/29 15:46:31,527000,11.336
2026/04/29 15:46:31,528000,11.336
2026/04/29 15:46:31,529000,11.336
2026/04/29 15:46:31,530000,11.339
2026/04/29 15:46:31,531000,11.336
2026/04/29 15:46:31,532000,11.339
2026/04/29 15:46:31,533000,11.336
2026/04/29 15:46:31,534000,11.334
2026/04/29 15:46:31,535000,11.336
2026/04/29 15:46:31,536000,11.334
2026/04/29 15:46:31,537000,11.342
2026/04/29 15:46:31,538000,11.336
2026/04/29 15:46:31,539000,11.331
2026/04/29 15:46:31,540000,11.339
2026/04/29 15:46:31,541000,11.342
2026/04/29 15:46:31,542000,11.342
2026/04/29 15:46:31,543000,11.336
2026/04/29 15:46:31,544000,11.334
2026/04/29 15:46:31,545000,11.345
2026/04/29 15:46:31,546000,11.342
2026/04/29 15:46:31,547000,11.325
2026/04/29 15:46:31,548000,11.336
2026/04/29 15:46:31,549000,11.342
2026/04/29 15:46:31,550000,11.334
2026/04/29 15:46:31,551000,11.336
2026/04/29 15:46:31,552000,11.336
2026/04/29 15:46:31,553000,11.334
2026/04/29 15:46:31,554000,11.336
2026/04/29 15:46:31,555000,11.339
2026/04/29 15:46:31,556000,11.331
2026/04/29 15:46:31,557000,11.345
2026/04/29 15:46:31,558000,11.336
2026/04/29 15:46:31,559000,11.342
2026/04/29 15:46:31,560000,11.336
2026/04/29 15:46:31,561000,11.336
2026/04/29 15:46:31,562000,11.342
2026/04/29 15:46:31,563000,11.339
2026/04/29 15:46:31,564000,11.336
2026/04/29 15:46:31,565000,11.339
2026/04/29 15:46:31,566000,11.336
2026/04/29 15:46:31,567000,11.336
2026/04/29 15:46:31,568000,11.336
2026/04/29 15:46:31,569000,11.339
2026/04/29 15:46:31,570000,11.342
2026/04/29 15:46:31,571000,11.336
2026/04/29 15:46:31,572000,11.336
2026/04/29 15:46:31,573000,11.336
2026/04/29 15:46:31,574000,11.345
2026/04/29 15:46:31,575000,11.342
2026/04/29 15:46:31,576000,11.334
2026/04/29 15:46:31,577000,11.336
2026/04/29 15:46:31,578000,11.342
2026/04/29 15:46:31,579000,11.339
2026/04/29 15:46:31,580000,11.339
2026/04/29 15:46:31,581000,11.328
2026/04/29 15:46:31,582000,11.336
2026/04/29 15:46:31,583000,11.334
2026/04/29 15:46:31,584000,11.334
2026/04/29 15:46:31,585000,11.336
2026/04/29 15:46:31,586000,11.342
2026/04/29 15:46:31,587000,11.339
2026/04/29 15:46:31,588000,11.339
2026/04/29 15:46:31,589000,11.342
2026/04/29 15:46:31,590000,11.336
2026/04/29 15:46:31,591000,11.334
2026/04/29 15:46:31,592000,11.331
2026/04/29 15:46:31,593000,11.339
2026/04/29 15:46:31,594000,11.336
2026/04/29 15:46:31,595000,11.336
2026/04/29 15:46:31,596000,11.336
2026/04/29 15:46:31,597000,11.336
2026/04/29 15:46:31,598000,11.339
2026/04/29 15:46:31,599000,11.336
2026/04/29 15:46:31,600000,11.339
2026/04/29 15:46:31,601000,11.342
2026/04/29 15:46:31,602000,11.345
2026/04/29 15:46:31,603000,11.342
2026/04/29 15:46:31,604000,11.336
2026/04/29 15:46:31,605000,11.336
2026/04/29 15:46:31,606000,11.336
2026/04/29 15:46:31,607000,11.336
2026/04/29 15:46:31,608000,11.342
2026/04/29 15:46:31,609000,11.339
2026/04/29 15:46:31,610000,11.342
2026/04/29 15:46:31,611000,11.339
2026/04/29 15:46:31,612000,11.339
2026/04/29 15:46:31,613000,11.334
2026/04/29 15:46:31,614000,11.336
2026/04/29 15:46:31,615000,11.336
2026/04/29 15:46:31,616000,11.336
2026/04/29 15:46:31,617000,11.336
2026/04/29 15:46:31,618000,11.336
2026/04/29 15:46:31,619000,11.331
2026/04/29 15:46:31,620000,11.331
2026/04/29 15:46:31,621000,11.336
2026/04/29 15:46:31,622000,11.336
2026/04/29 15:46:31,623000,11.336
2026/04/29 15:46:31,624000,11.336
2026/04/29 15:46:31,625000,11.336
2026/04/29 15:46:31,626000,11.336
2026/04/29 15:46:31,627000,11.336
2026/04/29 15:46:31,628000,11.339
2026/04/29 15:46:31,629000,11.339
2026/04/29 15:46:31,630000,11.334
2026/04/29 15:46:31,631000,11.336
2026/04/29 15:46:31,632000,11.334
2026/04/29 15:46:31,633000,11.336
2026/04/29 15:46:31,634000,11.339
2026/04/29 15:46:31,635000,11.339
2026/04/29 15:46:31,636000,11.334
2026/04/29 15:46:31,637000,11.342
2026/04/29 15:46:31,638000,11.336
2026/04/29 15:46:31,639000,11.336
2026/04/29 15:46:31,640000,11.336
2026/04/29 15:46:31,641000,11.336
2026/04/29 15:46:31,642000,11.336
2026/04/29 15:46:31,643000,11.336
2026/04/29 15:46:31,644000,11.336
2026/04/29 15:46:31,645000,11.339
2026/04/29 15:46:31,646000,11.339
2026/04/29 15:46:31,647000,11.336
2026/04/29 15:46:31,648000,11.336
2026/04/29 15:46:31,649000,11.339
2026/04/29 15:46:31,650000,11.336
2026/04/29 15:46:31,651000,11.331
2026/04/29 15:46:31,652000,11.336
2026/04/29 15:46:31,653000,11.345
2026/04/29 15:46:31,654000,11.336
2026/04/29 15:46:31,655000,11.336
2026/04/29 15:46:31,656000,11.336
2026/04/29 15:46:31,657000,11.336
2026/04/29 15:46:31,658000,11.336
2026/04/29 15:46:31,659000,11.328
2026/04/29 15:46:31,660000,11.336
2026/04/29 15:46:31,661000,11.334
2026/04/29 15:46:31,662000,11.336
2026/04/29 15:46:31,663000,11.336
2026/04/29 15:46:31,664000,11.334
2026/04/29 15:46:31,665000,11.336
2026/04/29 15:46:31,666000,11.336
2026/04/29 15:46:31,667000,11.336
2026/04/29 15:46:31,668000,11.339
2026/04/29 15:46:31,669000,11.336
2026/04/29 15:46:31,670000,11.342
2026/04/29 15:46:31,671000,11.334
2026/04/29 15:46:31,672000,11.331
2026/04/29 15:46:31,673000,11.339
2026/04/29 15:46:31,674000,11.339
2026/04/29 15:46:31,675000,11.339
2026/04/29 15:46:31,676000,11.345
2026/04/29 15:46:31,677000,11.345
2026/04/29 15:46:31,678000,11.336
2026/04/29 15:46:31,679000,11.334
2026/04/29 15:46:31,680000,11.339
2026/04/29 15:46:31,681000,11.334
2026/04/29 15:46:31,682000,11.342
2026/04/29 15:46:31,683000,11.345
2026/04/29 15:46:31,684000,11.336
2026/04/29 15:46:31,685000,11.336
2026/04/29 15:46:31,686000,11.336
2026/04/29 15:46:31,687000,11.334
2026/04/29 15:46:31,688000,11.334
2026/04/29 15:46:31,689000,11.336
2026/04/29 15:46:31,690000,11.336
2026/04/29 15:46:31,691000,11.339
2026/04/29 15:46:31,692000,11.334
2026/04/29 15:46:31,693000,11.331
2026/04/29 15:46:31,694000,11.336
2026/04/29 15:46:31,695000,11.334
2026/04/29 15:46:31,696000,11.336
2026/04/29 15:46:31,697000,11.342
2026/04/29 15:46:31,698000,11.339
2026/04/29 15:46:31,699000,11.339
2026/04/29 15:46:31,700000,11.331
2026/04/29 15:46:31,701000,11.334
2026/04/29 15:46:31,702000,11.334
2026/04/29 15:46:31,703000,11.334
2026/04/29 15:46:31,704000,11.339
2026/04/29 15:46:31,705000,11.336
2026/04/29 15:46:31,706000,11.334
2026/04/29 15:46:31,707000,11.339
2026/04/29 15:46:31,708000,11.336
2026/04/29 15:46:31,709000,11.336
2026/04/29 15:46:31,710000,11.336
2026/04/29 15:46:31,711000,11.348
2026/04/29 15:46:31,712000,11.336
2026/04/29 15:46:31,713000,11.334
2026/04/29 15:46:31,714000,11.336
2026/04/29 15:46:31,715000,11.334
2026/04/29 15:46:31,716000,11.336
2026/04/29 15:46:31,717000,11.336
2026/04/29 15:46:31,718000,11.336
2026/04/29 15:46:31,719000,11.334
2026/04/29 15:46:31,720000,11.336
2026/04/29 15:46:31,721000,11.336
2026/04/29 15:46:31,722000,11.336
2026/04/29 15:46:31,723000,11.345
2026/04/29 15:46:31,724000,11.345
2026/04/29 15:46:31,725000,11.334
2026/04/29 15:46:31,726000,11.339
2026/04/29 15:46:31,727000,11.336
2026/04/29 15:46:31,728000,11.328
2026/04/29 15:46:31,729000,11.336
2026/04/29 15:46:31,730000,11.342
2026/04/29 15:46:31,731000,11.339
2026/04/29 15:46:31,732000,11.342
2026/04/29 15:46:31,733000,11.336
2026/04/29 15:46:31,734000,11.325
2026/04/29 15:46:31,735000,11.334
2026/04/29 15:46:31,736000,11.336
2026/04/29 15:46:31,737000,11.336
2026/04/29 15:46:31,738000,11.336
2026/04/29 15:46:31,739000,11.339
2026/04/29 15:46:31,740000,11.336
2026/04/29 15:46:31,741000,11.336
2026/04/29 15:46:31,742000,11.336
2026/04/29 15:46:31,743000,11.342
2026/04/29 15:46:31,744000,11.342
2026/04/29 15:46:31,745000,11.334
2026/04/29 15:46:31,746000,11.334
2026/04/29 15:46:31,747000,11.334
2026/04/29 15:46:31,748000,11.334
2026/04/29 15:46:31,749000,11.334
2026/04/29 15:46:31,750000,11.336
2026/04/29 15:46:31,751000,11.336
2026/04/29 15:46:31,752000,11.334
2026/04/29 15:46:31,753000,11.336
2026/04/29 15:46:31,754000,11.336
2026/04/29 15:46:31,755000,11.336
2026/04/29 15:46:31,756000,11.336
2026/04/29 15:46:31,757000,11.342
2026/04/29 15:46:31,758000,11.339
2026/04/29 15:46:31,759000,11.336
2026/04/29 15:46:31,760000,11.336
2026/04/29 15:46:31,761000,11.334
2026/04/29 15:46:31,762000,11.342
2026/04/29 15:46:31,763000,11.336
2026/04/29 15:46:31,764000,11.336
2026/04/29 15:46:31,765000,11.345
2026/04/29 15:46:31,766000,11.336
2026/04/29 15:46:31,767000,11.336
2026/04/29 15:46:31,768000,11.339
2026/04/29 15:46:31,769000,11.336
2026/04/29 15:46:31,770000,11.328
2026/04/29 15:46:31,771000,11.336
2026/04/29 15:46:31,772000,11.334
2026/04/29 15:46:31,773000,11.339
2026/04/29 15:46:31,774000,11.336
2026/04/29 15:46:31,775000,11.339
2026/04/29 15:46:31,776000,11.334
2026/04/29 15:46:31,777000,11.336
2026/04/29 15:46:31,778000,11.336
2026/04/29 15:46:31,779000,11.339
2026/04/29 15:46:31,780000,11.336
2026/04/29 15:46:31,781000,11.342
2026/04/29 15:46:31,782000,11.336
2026/04/29 15:46:31,783000,11.336
2026/04/29 15:46:31,784000,11.336
2026/04/29 15:46:31,785000,11.339
2026/04/29 15:46:31,786000,11.331
2026/04/29 15:46:31,787000,11.336
2026/04/29 15:46:31,788000,11.336
2026/04/29 15:46:31,789000,11.336
2026/04/29 15:46:31,790000,11.336
2026/04/29 15:46:31,791000,11.336
2026/04/29 15:46:31,792000,11.336
2026/04/29 15:46:31,793000,11.345
2026/04/29 15:46:31,794000,11.336
2026/04/29 15:46:31,795000,11.331
2026/04/29 15:46:31,796000,11.336
2026/04/29 15:46:31,797000,11.336
2026/04/29 15:46:31,798000,11.336
2026/04/29 15:46:31,799000,11.336
2026/04/29 15:46:31,800000,11.339
2026/04/29 15:46:31,801000,11.336
2026/04/29 15:46:31,802000,11.339
2026/04/29 15:46:31,803000,11.331
2026/04/29 15:46:31,804000,11.345
2026/04/29 15:46:31,805000,11.334
2026/04/29 15:46:31,806000,11.331
2026/04/29 15:46:31,807000,11.339
2026/04/29 15:46:31,808000,11.334
2026/04/29 15:46:31,809000,11.334
2026/04/29 15:46:31,810000,11.336
2026/04/29 15:46:31,811000,11.336
2026/04/29 15:46:31,812000,11.331
2026/04/29 15:46:31,813000,11.334
2026/04/29 15:46:31,814000,11.336
2026/04/29 15:46:31,815000,11.336
2026/04/29 15:46:31,816000,11.342
2026/04/29 15:46:31,817000,11.345
2026/04/29 15:46:31,818000,11.345
2026/04/29 15:46:31,819000,11.331
2026/04/29 15:46:31,820000,11.334
2026/04/29 15:46:31,821000,11.336
2026/04/29 15:46:31,822000,11.331
2026/04/29 15:46:31,823000,11.334
2026/04/29 15:46:31,824000,11.331
2026/04/29 15:46:31,825000,11.336
2026/04/29 15:46:31,826000,11.336
2026/04/29 15:46:31,827000,11.339
2026/04/29 15:46:31,828000,11.336
2026/04/29 15:46:31,829000,11.342
2026/04/29 15:46:31,830000,11.336
2026/04/29 15:46:31,831000,11.342
2026/04/29 15:46:31,832000,11.342
2026/04/29 15:46:31,833000,11.328
2026/04/29 15:46:31,834000,11.339
2026/04/29 15:46:31,835000,11.334
2026/04/29 15:46:31,836000,11.334
2026/04/29 15:46:31,837000,11.342
2026/04/29 15:46:31,838000,11.345
2026/04/29 15:46:31,839000,11.336
2026/04/29 15:46:31,840000,11.336
2026/04/29 15:46:31,841000,11.334
2026/04/29 15:46:31,842000,11.336
2026/04/29 15:46:31,843000,11.336
2026/04/29 15:46:31,844000,11.336
2026/04/29 15:46:31,845000,11.336
2026/04/29 15:46:31,846000,11.345
2026/04/29 15:46:31,847000,11.336
2026/04/29 15:46:31,848000,11.336
2026/04/29 15:46:31,849000,11.334
2026/04/29 15:46:31,850000,11.334
2026/04/29 15:46:31,851000,11.339
2026/04/29 15:46:31,852000,11.334
2026/04/29 15:46:31,853000,11.339
2026/04/29 15:46:31,854000,11.334
2026/04/29 15:46:31,855000,11.336
2026/04/29 15:46:31,856000,11.334
2026/04/29 15:46:31,857000,11.336
2026/04/29 15:46:31,858000,11.334
2026/04/29 15:46:31,859000,11.339
2026/04/29 15:46:31,860000,11.342
2026/04/29 15:46:31,861000,11.331
2026/04/29 15:46:31,862000,11.334
2026/04/29 15:46:31,863000,11.334
2026/04/29 15:46:31,864000,11.334
2026/04/29 15:46:31,865000,11.342
2026/04/29 15:46:31,866000,11.336
2026/04/29 15:46:31,867000,11.339
2026/04/29 15:46:31,868000,11.334
2026/04/29 15:46:31,869000,11.339
2026/04/29 15:46:31,870000,11.339
2026/04/29 15:46:31,871000,11.339
2026/04/29 15:46:31,872000,11.336
2026/04/29 15:46:31,873000,11.331
2026/04/29 15:46:31,874000,11.342
2026/04/29 15:46:31,875000,11.336
2026/04/29 15:46:31,876000,11.342
2026/04/29 15:46:31,877000,11.339
2026/04/29 15:46:31,878000,11.336
2026/04/29 15:46:31,879000,11.339
2026/04/29 15:46:31,880000,11.342
2026/04/29 15:46:31,881000,11.348
2026/04/29 15:46:31,882000,11.336
2026/04/29 15:46:31,883000,11.334
2026/04/29 15:46:31,884000,11.336
2026/04/29 15:46:31,885000,11.336
2026/04/29 15:46:31,886000,11.339
2026/04/29 15:46:31,887000,11.334
2026/04/29 15:46:31,888000,11.342
2026/04/29 15:46:31,889000,11.339
2026/04/29 15:46:31,890000,11.336
2026/04/29 15:46:31,891000,11.336
2026/04/29 15:46:31,892000,11.334
2026/04/29 15:46:31,893000,11.336
2026/04/29 15:46:31,894000,11.336
2026/04/29 15:46:31,895000,11.336
2026/04/29 15:46:31,896000,11.342
2026/04/29 15:46:31,897000,11.336
2026/04/29 15:46:31,898000,11.334
2026/04/29 15:46:31,899000,11.339
2026/04/29 15:46:31,900000,11.336
2026/04/29 15:46:31,901000,11.336
2026/04/29 15:46:31,902000,11.342
2026/04/29 15:46:31,903000,11.339
2026/04/29 15:46:31,904000,11.336
2026/04/29 15:46:31,905000,11.334
2026/04/29 15:46:31,906000,11.336
2026/04/29 15:46:31,907000,11.336
2026/04/29 15:46:31,908000,11.334
2026/04/29 15:46:31,909000,11.348
2026/04/29 15:46:31,910000,11.331
2026/04/29 15:46:31,911000,11.334
2026/04/29 15:46:31,912000,11.345
2026/04/29 15:46:31,913000,11.336
2026/04/29 15:46:31,914000,11.342
2026/04/29 15:46:31,915000,11.336
2026/04/29 15:46:31,916000,11.334
2026/04/29 15:46:31,917000,11.336
2026/04/29 15:46:31,918000,11.339
2026/04/29 15:46:31,919000,11.336
2026/04/29 15:46:31,920000,11.334
2026/04/29 15:46:31,921000,11.339
2026/04/29 15:46:31,922000,11.339
2026/04/29 15:46:31,923000,11.342
2026/04/29 15:46:31,924000,11.334
2026/04/29 15:46:31,925000,11.339
2026/04/29 15:46:31,926000,11.348
2026/04/29 15:46:31,927000,11.336
2026/04/29 15:46:31,928000,11.336
2026/04/29 15:46:31,929000,11.336
2026/04/29 15:46:31,930000,11.336
2026/04/29 15:46:31,931000,11.339
2026/04/29 15:46:31,932000,11.334
2026/04/29 15:46:31,933000,11.336
2026/04/29 15:46:31,934000,11.336
2026/04/29 15:46:31,935000,11.342
2026/04/29 15:46:31,936000,11.336
2026/04/29 15:46:31,937000,11.339
2026/04/29 15:46:31,938000,11.339
2026/04/29 15:46:31,939000,11.339
2026/04/29 15:46:31,940000,11.336
2026/04/29 15:46:31,941000,11.336
2026/04/29 15:46:31,942000,11.336
2026/04/29 15:46:31,943000,11.336
2026/04/29 15:46:31,944000,11.336
2026/04/29 15:46:31,945000,11.336
2026/04/29 15:46:31,946000,11.336
2026/04/29 15:46:31,947000,11.342
2026/04/29 15:46:31,948000,11.336
2026/04/29 15:46:31,949000,11.336
2026/04/29 15:46:31,950000,11.336
2026/04/29 15:46:31,951000,11.336
2026/04/29 15:46:31,952000,11.334
2026/04/29 15:46:31,953000,11.334
2026/04/29 15:46:31,954000,11.334
2026/04/29 15:46:31,955000,11.336
2026/04/29 15:46:31,956000,11.339
2026/04/29 15:46:31,957000,11.334
2026/04/29 15:46:31,958000,11.339
2026/04/29 15:46:31,959000,11.342
2026/04/29 15:46:31,960000,11.336
2026/04/29 15:46:31,961000,11.339
2026/04/29 15:46:31,962000,11.336
2026/04/29 15:46:31,963000,11.339
2026/04/29 15:46:31,964000,11.336
2026/04/29 15:46:31,965000,11.336
2026/04/29 15:46:31,966000,11.336
2026/04/29 15:46:31,967000,11.348
2026/04/29 15:46:31,968000,11.336
2026/04/29 15:46:31,969000,11.336
2026/04/29 15:46:31,970000,11.342
2026/04/29 15:46:31,971000,11.342
2026/04/29 15:46:31,972000,11.342
2026/04/29 15:46:31,973000,11.334
2026/04/29 15:46:31,974000,11.339
2026/04/29 15:46:31,975000,11.336
2026/04/29 15:46:31,976000,11.339
2026/04/29 15:46:31,977000,11.336
2026/04/29 15:46:31,978000,11.334
2026/04/29 15:46:31,979000,11.334
2026/04/29 15:46:31,980000,11.342
2026/04/29 15:46:31,981000,11.336
2026/04/29 15:46:31,982000,11.336
2026/04/29 15:46:31,983000,11.336
2026/04/29 15:46:31,984000,11.336
2026/04/29 15:46:31,985000,11.336
2026/04/29 15:46:31,986000,11.334
2026/04/29 15:46:31,987000,11.339
2026/04/29 15:46:31,988000,11.334
2026/04/29 15:46:31,989000,11.336
2026/04/29 15:46:31,990000,11.336
2026/04/29 15:46:31,991000,11.339
2026/04/29 15:46:31,992000,11.331
2026/04/29 15:46:31,993000,11.345
2026/04/29 15:46:31,994000,11.336
2026/04/29 15:46:31,995000,11.336
2026/04/29 15:46:31,996000,11.336
2026/04/29 15:46:31,997000,11.336
2026/04/29 15:46:31,998000,11.336
2026/04/29 15:46:31,999000,11.336
2026/04/29 15:46:32,000000,11.334
2026/04/29 15:46:32,001000,11.342
2026/04/29 15:46:32,002000,11.336
2026/04/29 15:46:32,003000,11.339
2026/04/29 15:46:32,004000,11.339
2026/04/29 15:46:32,005000,11.334
2026/04/29 15:46:32,006000,11.328
2026/04/29 15:46:32,007000,11.342
2026/04/29 15:46:32,008000,11.336
2026/04/29 15:46:32,009000,11.334
2026/04/29 15:46:32,010000,11.336
2026/04/29 15:46:32,011000,11.339
2026/04/29 15:46:32,012000,11.331
2026/04/29 15:46:32,013000,11.334
2026/04/29 15:46:32,014000,11.334
2026/04/29 15:46:32,015000,11.336
2026/04/29 15:46:32,016000,11.342
2026/04/29 15:46:32,017000,11.336
2026/04/29 15:46:32,018000,11.334
2026/04/29 15:46:32,019000,11.336
2026/04/29 15:46:32,020000,11.334
2026/04/29 15:46:32,021000,11.336
2026/04/29 15:46:32,022000,11.336
2026/04/29 15:46:32,023000,11.339
2026/04/29 15:46:32,024000,11.339
2026/04/29 15:46:32,025000,11.336
2026/04/29 15:46:32,026000,11.339
2026/04/29 15:46:32,027000,11.348
2026/04/29 15:46:32,028000,11.334
2026/04/29 15:46:32,029000,11.339
2026/04/29 15:46:32,030000,11.334
2026/04/29 15:46:32,031000,11.336
2026/04/29 15:46:32,032000,11.336
2026/04/29 15:46:32,033000,11.339
2026/04/29 15:46:32,034000,11.342
2026/04/29 15:46:32,035000,11.339
2026/04/29 15:46:32,036000,11.342
2026/04/29 15:46:32,037000,11.336
2026/04/29 15:46:32,038000,11.336
2026/04/29 15:46:32,039000,11.331
2026/04/29 15:46:32,040000,11.331
2026/04/29 15:46:32,041000,11.334
2026/04/29 15:46:32,042000,11.334
2026/04/29 15:46:32,043000,11.336
2026/04/29 15:46:32,044000,11.342
2026/04/29 15:46:32,045000,11.345
2026/04/29 15:46:32,046000,11.336
2026/04/29 15:46:32,047000,11.334
2026/04/29 15:46:32,048000,11.342
2026/04/29 15:46:32,049000,11.331
2026/04/29 15:46:32,050000,11.342
2026/04/29 15:46:32,051000,11.336
2026/04/29 15:46:32,052000,11.336
2026/04/29 15:46:32,053000,11.328
2026/04/29 15:46:32,054000,11.334
2026/04/29 15:46:32,055000,11.345
2026/04/29 15:46:32,056000,11.336
2026/04/29 15:46:32,057000,11.334
2026/04/29 15:46:32,058000,11.336
2026/04/29 15:46:32,059000,11.336
2026/04/29 15:46:32,060000,11.336
2026/04/29 15:46:32,061000,11.328
2026/04/29 15:46:32,062000,11.345
2026/04/29 15:46:32,063000,11.336
2026/04/29 15:46:32,064000,11.339
2026/04/29 15:46:32,065000,11.348
2026/04/29 15:46:32,066000,11.339
2026/04/29 15:46:32,067000,11.336
2026/04/29 15:46:32,068000,11.336
2026/04/29 15:46:32,069000,11.336
2026/04/29 15:46:32,070000,11.339
2026/04/29 15:46:32,071000,11.342
2026/04/29 15:46:32,072000,11.336
2026/04/29 15:46:32,073000,11.339
2026/04/29 15:46:32,074000,11.336
2026/04/29 15:46:32,075000,11.342
2026/04/29 15:46:32,076000,11.336
2026/04/29 15:46:32,077000,11.336
2026/04/29 15:46:32,078000,11.334
2026/04/29 15:46:32,079000,11.334
2026/04/29 15:46:32,080000,11.339
2026/04/29 15:46:32,081000,11.334
2026/04/29 15:46:32,082000,11.334
2026/04/29 15:46:32,083000,11.339
2026/04/29 15:46:32,084000,11.334
2026/04/29 15:46:32,085000,11.339
2026/04/29 15:46:32,086000,11.334
2026/04/29 15:46:32,087000,11.336
2026/04/29 15:46:32,088000,11.334
2026/04/29 15:46:32,089000,11.345
2026/04/29 15:46:32,090000,11.336
2026/04/29 15:46:32,091000,11.342
2026/04/29 15:46:32,092000,11.339
2026/04/29 15:46:32,093000,11.336
2026/04/29 15:46:32,094000,11.336
2026/04/29 15:46:32,095000,11.334
2026/04/29 15:46:32,096000,11.336
2026/04/29 15:46:32,097000,11.334
2026/04/29 15:46:32,098000,11.339
2026/04/29 15:46:32,099000,11.336
2026/04/29 15:46:32,100000,11.336
2026/04/29 15:46:32,101000,11.339
2026/04/29 15:46:32,102000,11.339
2026/04/29 15:46:32,103000,11.342
2026/04/29 15:46:32,104000,11.336
2026/04/29 15:46:32,105000,11.336
2026/04/29 15:46:32,106000,11.339
2026/04/29 15:46:32,107000,11.342
2026/04/29 15:46:32,108000,11.334
2026/04/29 15:46:32,109000,11.336
2026/04/29 15:46:32,110000,11.336
2026/04/29 15:46:32,111000,11.331
2026/04/29 15:46:32,112000,11.339
2026/04/29 15:46:32,113000,11.336
2026/04/29 15:46:32,114000,11.334
2026/04/29 15:46:32,115000,11.336
2026/04/29 15:46:32,116000,11.336
2026/04/29 15:46:32,117000,11.334
2026/04/29 15:46:32,118000,11.336
2026/04/29 15:46:32,119000,11.342
2026/04/29 15:46:32,120000,11.334
2026/04/29 15:46:32,121000,11.334
2026/04/29 15:46:32,122000,11.342
2026/04/29 15:46:32,123000,11.336
2026/04/29 15:46:32,124000,11.336
2026/04/29 15:46:32,125000,11.336
2026/04/29 15:46:32,126000,11.334
2026/04/29 15:46:32,127000,11.334
2026/04/29 15:46:32,128000,11.342
2026/04/29 15:46:32,129000,11.339
2026/04/29 15:46:32,130000,11.336
2026/04/29 15:46:32,131000,11.334
2026/04/29 15:46:32,132000,11.336
2026/04/29 15:46:32,133000,11.334
2026/04/29 15:46:32,134000,11.336
2026/04/29 15:46:32,135000,11.334
2026/04/29 15:46:32,136000,11.336
2026/04/29 15:46:32,137000,11.339
2026/04/29 15:46:32,138000,11.336
2026/04/29 15:46:32,139000,11.342
2026/04/29 15:46:32,140000,11.339
2026/04/29 15:46:32,141000,11.336
2026/04/29 15:46:32,142000,11.339
2026/04/29 15:46:32,143000,11.336
2026/04/29 15:46:32,144000,11.334
2026/04/29 15:46:32,145000,11.334
2026/04/29 15:46:32,146000,11.342
2026/04/29 15:46:32,147000,11.339
2026/04/29 15:46:32,148000,11.336
2026/04/29 15:46:32,149000,11.336
2026/04/29 15:46:32,150000,11.336
2026/04/29 15:46:32,151000,11.336
2026/04/29 15:46:32,152000,11.336
2026/04/29 15:46:32,153000,11.339
2026/04/29 15:46:32,154000,11.336
2026/04/29 15:46:32,155000,11.336
2026/04/29 15:46:32,156000,11.334
2026/04/29 15:46:32,157000,11.342
2026/04/29 15:46:32,158000,11.336
2026/04/29 15:46:32,159000,11.336
2026/04/29 15:46:32,160000,11.334
2026/04/29 15:46:32,161000,11.336
2026/04/29 15:46:32,162000,11.336
2026/04/29 15:46:32,163000,11.328
2026/04/29 15:46:32,164000,11.334
2026/04/29 15:46:32,165000,11.342
2026/04/29 15:46:32,166000,11.342
2026/04/29 15:46:32,167000,11.345
2026/04/29 15:46:32,168000,11.336
2026/04/29 15:46:32,169000,11.336
2026/04/29 15:46:32,170000,11.342
2026/04/29 15:46:32,171000,11.336
2026/04/29 15:46:32,172000,11.339
2026/04/29 15:46:32,173000,11.331
2026/04/29 15:46:32,174000,11.342
2026/04/29 15:46:32,175000,11.345
2026/04/29 15:46:32,176000,11.336
2026/04/29 15:46:32,177000,11.334
2026/04/29 15:46:32,178000,11.331
2026/04/29 15:46:32,179000,11.336
2026/04/29 15:46:32,180000,11.336
2026/04/29 15:46:32,181000,11.339
2026/04/29 15:46:32,182000,11.339
2026/04/29 15:46:32,183000,11.334
2026/04/29 15:46:32,184000,11.348
2026/04/29 15:46:32,185000,11.339
2026/04/29 15:46:32,186000,11.336
2026/04/29 15:46:32,187000,11.331
2026/04/29 15:46:32,188000,11.336
2026/04/29 15:46:32,189000,11.336
2026/04/29 15:46:32,190000,11.331
2026/04/29 15:46:32,191000,11.342
2026/04/29 15:46:32,192000,11.331
2026/04/29 15:46:32,193000,11.334
2026/04/29 15:46:32,194000,11.334
2026/04/29 15:46:32,195000,11.336
2026/04/29 15:46:32,196000,11.339
2026/04/29 15:46:32,197000,11.339
2026/04/29 15:46:32,198000,11.345
2026/04/29 15:46:32,199000,11.334
2026/04/29 15:46:32,200000,11.334
2026/04/29 15:46:32,201000,11.336
2026/04/29 15:46:32,202000,11.336
2026/04/29 15:46:32,203000,11.336
2026/04/29 15:46:32,204000,11.334
2026/04/29 15:46:32,205000,11.345
2026/04/29 15:46:32,206000,11.345
2026/04/29 15:46:32,207000,11.331
2026/04/29 15:46:32,208000,11.336
2026/04/29 15:46:32,209000,11.336
2026/04/29 15:46:32,210000,11.334
2026/04/29 15:46:32,211000,11.336
2026/04/29 15:46:32,212000,11.334
2026/04/29 15:46:32,213000,11.334
2026/04/29 15:46:32,214000,11.339
2026/04/29 15:46:32,215000,11.339
2026/04/29 15:46:32,216000,11.345
2026/04/29 15:46:32,217000,11.336
2026/04/29 15:46:32,218000,11.336
2026/04/29 15:46:32,219000,11.334
2026/04/29 15:46:32,220000,11.336
2026/04/29 15:46:32,221000,11.334
2026/04/29 15:46:32,222000,11.336
2026/04/29 15:46:32,223000,11.336
2026/04/29 15:46:32,224000,11.336
2026/04/29 15:46:32,225000,11.336
2026/04/29 15:46:32,226000,11.336
2026/04/29 15:46:32,227000,11.331
2026/04/29 15:46:32,228000,11.342
2026/04/29 15:46:32,229000,11.342
2026/04/29 15:46:32,230000,11.336
2026/04/29 15:46:32,231000,11.336
2026/04/29 15:46:32,232000,11.334
2026/04/29 15:46:32,233000,11.334
2026/04/29 15:46:32,234000,11.336
2026/04/29 15:46:32,235000,11.339
2026/04/29 15:46:32,236000,11.336
2026/04/29 15:46:32,237000,11.334
2026/04/29 15:46:32,238000,11.336
2026/04/29 15:46:32,239000,11.339
2026/04/29 15:46:32,240000,11.336
2026/04/29 15:46:32,241000,11.342
2026/04/29 15:46:32,242000,11.336
2026/04/29 15:46:32,243000,11.334
2026/04/29 15:46:32,244000,11.334
2026/04/29 15:46:32,245000,11.339
2026/04/29 15:46:32,246000,11.336
2026/04/29 15:46:32,247000,11.336
2026/04/29 15:46:32,248000,11.334
2026/04/29 15:46:32,249000,11.336
2026/04/29 15:46:32,250000,11.339
2026/04/29 15:46:32,251000,11.334
2026/04/29 15:46:32,252000,11.342
2026/04/29 15:46:32,253000,11.342
2026/04/29 15:46:32,254000,11.336
2026/04/29 15:46:32,255000,11.334
2026/04/29 15:46:32,256000,11.334
2026/04/29 15:46:32,257000,11.342
2026/04/29 15:46:32,258000,11.334
2026/04/29 15:46:32,259000,11.336
2026/04/29 15:46:32,260000,11.345
2026/04/29 15:46:32,261000,11.339
2026/04/29 15:46:32,262000,11.336
2026/04/29 15:46:32,263000,11.342
2026/04/29 15:46:32,264000,11.342
2026/04/29 15:46:32,265000,11.336
2026/04/29 15:46:32,266000,11.336
2026/04/29 15:46:32,267000,11.334
2026/04/29 15:46:32,268000,11.334
2026/04/29 15:46:32,269000,11.345
2026/04/29 15:46:32,270000,11.334
2026/04/29 15:46:32,271000,11.339
2026/04/29 15:46:32,272000,11.336
2026/04/29 15:46:32,273000,11.336
2026/04/29 15:46:32,274000,11.336
2026/04/29 15:46:32,275000,11.331
2026/04/29 15:46:32,276000,11.325
2026/04/29 15:46:32,277000,11.336
2026/04/29 15:46:32,278000,11.336
2026/04/29 15:46:32,279000,11.342
2026/04/29 15:46:32,280000,11.336
2026/04/29 15:46:32,281000,11.334
2026/04/29 15:46:32,282000,11.334
2026/04/29 15:46:32,283000,11.336
2026/04/29 15:46:32,284000,11.336
2026/04/29 15:46:32,285000,11.334
2026/04/29 15:46:32,286000,11.336
2026/04/29 15:46:32,287000,11.336
2026/04/29 15:46:32,288000,11.336
2026/04/29 15:46:32,289000,11.342
2026/04/29 15:46:32,290000,11.342
2026/04/29 15:46:32,291000,11.336
2026/04/29 15:46:32,292000,11.336
2026/04/29 15:46:32,293000,11.336
2026/04/29 15:46:32,294000,11.336
2026/04/29 15:46:32,295000,11.328
2026/04/29 15:46:32,296000,11.342
2026/04/29 15:46:32,297000,11.334
2026/04/29 15:46:32,298000,11.334
2026/04/29 15:46:32,299000,11.336
2026/04/29 15:46:32,300000,11.342
2026/04/29 15:46:32,301000,11.339
2026/04/29 15:46:32,302000,11.336
2026/04/29 15:46:32,303000,11.336
2026/04/29 15:46:32,304000,11.339
2026/04/29 15:46:32,305000,11.334
2026/04/29 15:46:32,306000,11.331
2026/04/29 15:46:32,307000,11.336
2026/04/29 15:46:32,308000,11.336
2026/04/29 15:46:32,309000,11.336
2026/04/29 15:46:32,310000,11.342
2026/04/29 15:46:32,311000,11.331
2026/04/29 15:46:32,312000,11.336
2026/04/29 15:46:32,313000,11.336
2026/04/29 15:46:32,314000,11.336
2026/04/29 15:46:32,315000,11.336
2026/04/29 15:46:32,316000,11.336
2026/04/29 15:46:32,317000,11.342
2026/04/29 15:46:32,318000,11.336
2026/04/29 15:46:32,319000,11.342
2026/04/29 15:46:32,320000,11.342
2026/04/29 15:46:32,321000,11.336
2026/04/29 15:46:32,322000,11.336
2026/04/29 15:46:32,323000,11.334
2026/04/29 15:46:32,324000,11.339
2026/04/29 15:46:32,325000,11.342
2026/04/29 15:46:32,326000,11.336
2026/04/29 15:46:32,327000,11.334
2026/04/29 15:46:32,328000,11.336
2026/04/29 15:46:32,329000,11.334
2026/04/29 15:46:32,330000,11.336
2026/04/29 15:46:32,331000,11.339
2026/04/29 15:46:32,332000,11.342
2026/04/29 15:46:32,333000,11.339
2026/04/29 15:46:32,334000,11.336
2026/04/29 15:46:32,335000,11.331
2026/04/29 15:46:32,336000,11.334
2026/04/29 15:46:32,337000,11.345
2026/04/29 15:46:32,338000,11.339
2026/04/29 15:46:32,339000,11.336
2026/04/29 15:46:32,340000,11.336
2026/04/29 15:46:32,341000,11.342
2026/04/29 15:46:32,342000,11.336
2026/04/29 15:46:32,343000,11.336
2026/04/29 15:46:32,344000,11.336
2026/04/29 15:46:32,345000,11.334
2026/04/29 15:46:32,346000,11.342
2026/04/29 15:46:32,347000,11.334
2026/04/29 15:46:32,348000,11.331
2026/04/29 15:46:32,349000,11.336
2026/04/29 15:46:32,350000,11.336
2026/04/29 15:46:32,351000,11.339
2026/04/29 15:46:32,352000,11.334
2026/04/29 15:46:32,353000,11.336
2026/04/29 15:46:32,354000,11.336
2026/04/29 15:46:32,355000,11.336
2026/04/29 15:46:32,356000,11.336
2026/04/29 15:46:32,357000,11.336
2026/04/29 15:46:32,358000,11.336
2026/04/29 15:46:32,359000,11.342
2026/04/29 15:46:32,360000,11.336
2026/04/29 15:46:32,361000,11.336
2026/04/29 15:46:32,362000,11.336
2026/04/29 15:46:32,363000,11.342
2026/04/29 15:46:32,364000,11.336
2026/04/29 15:46:32,365000,11.336
2026/04/29 15:46:32,366000,11.336
2026/04/29 15:46:32,367000,11.336
2026/04/29 15:46:32,368000,11.336
2026/04/29 15:46:32,369000,11.342
2026/04/29 15:46:32,370000,11.336
2026/04/29 15:46:32,371000,11.336
2026/04/29 15:46:32,372000,11.336
2026/04/29 15:46:32,373000,11.339
2026/04/29 15:46:32,374000,11.336
2026/04/29 15:46:32,375000,11.334
2026/04/29 15:46:32,376000,11.342
2026/04/29 15:46:32,377000,11.342
2026/04/29 15:46:32,378000,11.336
2026/04/29 15:46:32,379000,11.342
2026/04/29 15:46:32,380000,11.334
2026/04/29 15:46:32,381000,11.336
2026/04/29 15:46:32,382000,11.331
2026/04/29 15:46:32,383000,11.331
2026/04/29 15:46:32,384000,11.339
2026/04/29 15:46:32,385000,11.336
2026/04/29 15:46:32,386000,11.328
2026/04/29 15:46:32,387000,11.331
2026/04/29 15:46:32,388000,11.336
2026/04/29 15:46:32,389000,11.334
2026/04/29 15:46:32,390000,11.342
2026/04/29 15:46:32,391000,11.334
2026/04/29 15:46:32,392000,11.342
2026/04/29 15:46:32,393000,11.342
2026/04/29 15:46:32,394000,11.331
2026/04/29 15:46:32,395000,11.334
2026/04/29 15:46:32,396000,11.334
2026/04/29 15:46:32,397000,11.336
2026/04/29 15:46:32,398000,11.339
2026/04/29 15:46:32,399000,11.336
2026/04/29 15:46:32,400000,11.336
2026/04/29 15:46:32,401000,11.339
2026/04/29 15:46:32,402000,11.334
2026/04/29 15:46:32,403000,11.331
2026/04/29 15:46:32,404000,11.342
2026/04/29 15:46:32,405000,11.334
2026/04/29 15:46:32,406000,11.336
2026/04/29 15:46:32,407000,11.336
2026/04/29 15:46:32,408000,11.336
2026/04/29 15:46:32,409000,11.334
2026/04/29 15:46:32,410000,11.339
2026/04/29 15:46:32,411000,11.339
2026/04/29 15:46:32,412000,11.334
2026/04/29 15:46:32,413000,11.342
2026/04/29 15:46:32,414000,11.339
2026/04/29 15:46:32,415000,11.336
2026/04/29 15:46:32,416000,11.336
2026/04/29 15:46:32,417000,11.336
2026/04/29 15:46:32,418000,11.334
2026/04/29 15:46:32,419000,11.334
2026/04/29 15:46:32,420000,11.342
2026/04/29 15:46:32,421000,11.339
2026/04/29 15:46:32,422000,11.336
2026/04/29 15:46:32,423000,11.336
2026/04/29 15:46:32,424000,11.336
2026/04/29 15:46:32,425000,11.336
2026/04/29 15:46:32,426000,11.334
2026/04/29 15:46:32,427000,11.336
2026/04/29 15:46:32,428000,11.336
2026/04/29 15:46:32,429000,11.339
2026/04/29 15:46:32,430000,11.336
2026/04/29 15:46:32,431000,11.336
2026/04/29 15:46:32,432000,11.331
2026/04/29 15:46:32,433000,11.348
2026/04/29 15:46:32,434000,11.336
2026/04/29 15:46:32,435000,11.339
2026/04/29 15:46:32,436000,11.334
2026/04/29 15:46:32,437000,11.336
2026/04/29 15:46:32,438000,11.336
2026/04/29 15:46:32,439000,11.336
2026/04/29 15:46:32,440000,11.336
2026/04/29 15:46:32,441000,11.336
2026/04/29 15:46:32,442000,11.339
2026/04/29 15:46:32,443000,11.334
2026/04/29 15:46:32,444000,11.342
2026/04/29 15:46:32,445000,11.334
2026/04/29 15:46:32,446000,11.336
2026/04/29 15:46:32,447000,11.331
2026/04/29 15:46:32,448000,11.331
2026/04/29 15:46:32,449000,11.336
2026/04/29 15:46:32,450000,11.334
2026/04/29 15:46:32,451000,11.336
2026/04/29 15:46:32,452000,11.336
2026/04/29 15:46:32,453000,11.336
2026/04/29 15:46:32,454000,11.336
2026/04/29 15:46:32,455000,11.339
2026/04/29 15:46:32,456000,11.334
2026/04/29 15:46:32,457000,11.336
2026/04/29 15:46:32,458000,11.345
2026/04/29 15:46:32,459000,11.334
2026/04/29 15:46:32,460000,11.334
2026/04/29 15:46:32,461000,11.331
2026/04/29 15:46:32,462000,11.336
2026/04/29 15:46:32,463000,11.336
2026/04/29 15:46:32,464000,11.336
2026/04/29 15:46:32,465000,11.336
2026/04/29 15:46:32,466000,11.339
2026/04/29 15:46:32,467000,11.334
2026/04/29 15:46:32,468000,11.342
2026/04/29 15:46:32,469000,11.336
2026/04/29 15:46:32,470000,11.336
2026/04/29 15:46:32,471000,11.342
2026/04/29 15:46:32,472000,11.328
2026/04/29 15:46:32,473000,11.336
2026/04/29 15:46:32,474000,11.336
2026/04/29 15:46:32,475000,11.334
2026/04/29 15:46:32,476000,11.334
2026/04/29 15:46:32,477000,11.334
2026/04/29 15:46:32,478000,11.336
2026/04/29 15:46:32,479000,11.339
2026/04/29 15:46:32,480000,11.336
2026/04/29 15:46:32,481000,11.339
2026/04/29 15:46:32,482000,11.336
2026/04/29 15:46:32,483000,11.334
2026/04/29 15:46:32,484000,11.336
2026/04/29 15:46:32,485000,11.336
2026/04/29 15:46:32,486000,11.331
2026/04/29 15:46:32,487000,11.336
2026/04/29 15:46:32,488000,11.336
2026/04/29 15:46:32,489000,11.336
2026/04/29 15:46:32,490000,11.336
2026/04/29 15:46:32,491000,11.339
2026/04/29 15:46:32,492000,11.334
2026/04/29 15:46:32,493000,11.336
2026/04/29 15:46:32,494000,11.339
2026/04/29 15:46:32,495000,11.336
2026/04/29 15:46:32,496000,11.336
2026/04/29 15:46:32,497000,11.339
2026/04/29 15:46:32,498000,11.336
2026/04/29 15:46:32,499000,11.336
2026/04/29 15:46:32,500000,11.336
2026/04/29 15:46:32,501000,11.342
2026/04/29 15:46:32,502000,11.334
2026/04/29 15:46:32,503000,11.342
2026/04/29 15:46:32,504000,11.339
2026/04/29 15:46:32,505000,11.336
2026/04/29 15:46:32,506000,11.334
2026/04/29 15:46:32,507000,11.336
2026/04/29 15:46:32,508000,11.336
2026/04/29 15:46:32,509000,11.336
2026/04/29 15:46:32,510000,11.334
2026/04/29 15:46:32,511000,11.342
2026/04/29 15:46:32,512000,11.339
2026/04/29 15:46:32,513000,11.334
2026/04/29 15:46:32,514000,11.336
2026/04/29 15:46:32,515000,11.342
2026/04/29 15:46:32,516000,11.331
2026/04/29 15:46:32,517000,11.336
2026/04/29 15:46:32,518000,11.339
2026/04/29 15:46:32,519000,11.342
2026/04/29 15:46:32,520000,11.342
2026/04/29 15:46:32,521000,11.336
2026/04/29 15:46:32,522000,11.342
2026/04/29 15:46:32,523000,11.336
2026/04/29 15:46:32,524000,11.336
2026/04/29 15:46:32,525000,11.339
2026/04/29 15:46:32,526000,11.334
2026/04/29 15:46:32,527000,11.339
2026/04/29 15:46:32,528000,11.336
2026/04/29 15:46:32,529000,11.334
2026/04/29 15:46:32,530000,11.336
2026/04/29 15:46:32,531000,11.336
2026/04/29 15:46:32,532000,11.331
2026/04/29 15:46:32,533000,11.345
2026/04/29 15:46:32,534000,11.342
2026/04/29 15:46:32,535000,11.336
2026/04/29 15:46:32,536000,11.331
2026/04/29 15:46:32,537000,11.336
2026/04/29 15:46:32,538000,11.336
2026/04/29 15:46:32,539000,11.339
2026/04/29 15:46:32,540000,11.339
2026/04/29 15:46:32,541000,11.342
2026/04/29 15:46:32,542000,11.336
2026/04/29 15:46:32,543000,11.336
2026/04/29 15:46:32,544000,11.345
2026/04/29 15:46:32,545000,11.336
2026/04/29 15:46:32,546000,11.342
2026/04/29 15:46:32,547000,11.334
2026/04/29 15:46:32,548000,11.336
2026/04/29 15:46:32,549000,11.336
2026/04/29 15:46:32,550000,11.336
2026/04/29 15:46:32,551000,11.334
2026/04/29 15:46:32,552000,11.334
2026/04/29 15:46:32,553000,11.334
2026/04/29 15:46:32,554000,11.342
2026/04/29 15:46:32,555000,11.336
2026/04/29 15:46:32,556000,11.334
2026/04/29 15:46:32,557000,11.336
2026/04/29 15:46:32,558000,11.331
2026/04/29 15:46:32,559000,11.336
2026/04/29 15:46:32,560000,11.336
2026/04/29 15:46:32,561000,11.336
2026/04/29 15:46:32,562000,11.336
2026/04/29 15:46:32,563000,11.336
2026/04/29 15:46:32,564000,11.345
2026/04/29 15:46:32,565000,11.336
2026/04/29 15:46:32,566000,11.334
2026/04/29 15:46:32,567000,11.334
2026/04/29 15:46:32,568000,11.331
2026/04/29 15:46:32,569000,11.339
2026/04/29 15:46:32,570000,11.334
2026/04/29 15:46:32,571000,11.336
2026/04/29 15:46:32,572000,11.336
2026/04/29 15:46:32,573000,11.336
2026/04/29 15:46:32,574000,11.336
2026/04/29 15:46:32,575000,11.339
2026/04/29 15:46:32,576000,11.339
2026/04/29 15:46:32,577000,11.334
2026/04/29 15:46:32,578000,11.339
2026/04/29 15:46:32,579000,11.336
2026/04/29 15:46:32,580000,11.336
2026/04/29 15:46:32,581000,11.339
2026/04/29 15:46:32,582000,11.331
2026/04/29 15:46:32,583000,11.345
2026/04/29 15:46:32,584000,11.334
2026/04/29 15:46:32,585000,11.336
2026/04/29 15:46:32,586000,11.342
2026/04/29 15:46:32,587000,11.339
2026/04/29 15:46:32,588000,11.336
2026/04/29 15:46:32,589000,11.334
2026/04/29 15:46:32,590000,11.345
2026/04/29 15:46:32,591000,11.331
2026/04/29 15:46:32,592000,11.334
2026/04/29 15:46:32,593000,11.339
2026/04/29 15:46:32,594000,11.334
2026/04/29 15:46:32,595000,11.334
2026/04/29 15:46:32,596000,11.334
2026/04/29 15:46:32,597000,11.342
2026/04/29 15:46:32,598000,11.336
2026/04/29 15:46:32,599000,11.342
2026/04/29 15:46:32,600000,11.336
2026/04/29 15:46:32,601000,11.342
2026/04/29 15:46:32,602000,11.339
2026/04/29 15:46:32,603000,11.334
2026/04/29 15:46:32,604000,11.345
2026/04/29 15:46:32,605000,11.336
2026/04/29 15:46:32,606000,11.336
2026/04/29 15:46:32,607000,11.334
2026/04/29 15:46:32,608000,11.334
2026/04/29 15:46:32,609000,11.336
2026/04/29 15:46:32,610000,11.336
2026/04/29 15:46:32,611000,11.336
2026/04/29 15:46:32,612000,11.334
2026/04/29 15:46:32,613000,11.336
2026/04/29 15:46:32,614000,11.339
2026/04/29 15:46:32,615000,11.336
2026/04/29 15:46:32,616000,11.348
2026/04/29 15:46:32,617000,11.336
2026/04/29 15:46:32,618000,11.339
2026/04/29 15:46:32,619000,11.336
2026/04/29 15:46:32,620000,11.336
2026/04/29 15:46:32,621000,11.336
2026/04/29 15:46:32,622000,11.334
2026/04/29 15:46:32,623000,11.334
2026/04/29 15:46:32,624000,11.334
2026/04/29 15:46:32,625000,11.336
2026/04/29 15:46:32,626000,11.342
2026/04/29 15:46:32,627000,11.336
2026/04/29 15:46:32,628000,11.336
2026/04/29 15:46:32,629000,11.339
2026/04/29 15:46:32,630000,11.334
2026/04/29 15:46:32,631000,11.336
2026/04/29 15:46:32,632000,11.336
2026/04/29 15:46:32,633000,11.336
2026/04/29 15:46:32,634000,11.336
2026/04/29 15:46:32,635000,11.336
2026/04/29 15:46:32,636000,11.336
2026/04/29 15:46:32,637000,11.336
2026/04/29 15:46:32,638000,11.342
2026/04/29 15:46:32,639000,11.336
2026/04/29 15:46:32,640000,11.336
2026/04/29 15:46:32,641000,11.334
2026/04/29 15:46:32,642000,11.339
2026/04/29 15:46:32,643000,11.342
2026/04/29 15:46:32,644000,11.336
2026/04/29 15:46:32,645000,11.331
2026/04/29 15:46:32,646000,11.339
2026/04/29 15:46:32,647000,11.345
2026/04/29 15:46:32,648000,11.328
2026/04/29 15:46:32,649000,11.336
2026/04/29 15:46:32,650000,11.336
2026/04/29 15:46:32,651000,11.336
2026/04/29 15:46:32,652000,11.339
2026/04/29 15:46:32,653000,11.334
2026/04/29 15:46:32,654000,11.334
2026/04/29 15:46:32,655000,11.342
2026/04/29 15:46:32,656000,11.336
2026/04/29 15:46:32,657000,11.339
2026/04/29 15:46:32,658000,11.336
2026/04/29 15:46:32,659000,11.342
2026/04/29 15:46:32,660000,11.339
2026/04/29 15:46:32,661000,11.334
2026/04/29 15:46:32,662000,11.336
2026/04/29 15:46:32,663000,11.334
2026/04/29 15:46:32,664000,11.331
2026/04/29 15:46:32,665000,11.336
2026/04/29 15:46:32,666000,11.336
2026/04/29 15:46:32,667000,11.336
2026/04/29 15:46:32,668000,11.334
2026/04/29 15:46:32,669000,11.336
2026/04/29 15:46:32,670000,11.336
2026/04/29 15:46:32,671000,11.336
2026/04/29 15:46:32,672000,11.336
2026/04/29 15:46:32,673000,11.334
2026/04/29 15:46:32,674000,11.336
2026/04/29 15:46:32,675000,11.334
2026/04/29 15:46:32,676000,11.336
2026/04/29 15:46:32,677000,11.336
2026/04/29 15:46:32,678000,11.336
2026/04/29 15:46:32,679000,11.336
2026/04/29 15:46:32,680000,11.336
2026/04/29 15:46:32,681000,11.328
2026/04/29 15:46:32,682000,11.331
2026/04/29 15:46:32,683000,11.334
2026/04/29 15:46:32,684000,11.336
2026/04/29 15:46:32,685000,11.336
2026/04/29 15:46:32,686000,11.345
2026/04/29 15:46:32,687000,11.336
2026/04/29 15:46:32,688000,11.334
2026/04/29 15:46:32,689000,11.336
2026/04/29 15:46:32,690000,11.334
2026/04/29 15:46:32,691000,11.336
2026/04/29 15:46:32,692000,11.339
2026/04/29 15:46:32,693000,11.334
2026/04/29 15:46:32,694000,11.336
2026/04/29 15:46:32,695000,11.331
2026/04/29 15:46:32,696000,11.336
2026/04/29 15:46:32,697000,11.336
2026/04/29 15:46:32,698000,11.331
2026/04/29 15:46:32,699000,11.336
2026/04/29 15:46:32,700000,11.334
2026/04/29 15:46:32,701000,11.336
2026/04/29 15:46:32,702000,11.334
2026/04/29 15:46:32,703000,11.336
2026/04/29 15:46:32,704000,11.336
2026/04/29 15:46:32,705000,11.334
2026/04/29 15:46:32,706000,11.339
2026/04/29 15:46:32,707000,11.342
2026/04/29 15:46:32,708000,11.336
2026/04/29 15:46:32,709000,11.336
2026/04/29 15:46:32,710000,11.334
2026/04/29 15:46:32,711000,11.334
2026/04/29 15:46:32,712000,11.336
2026/04/29 15:46:32,713000,11.336
2026/04/29 15:46:32,714000,11.334
2026/04/29 15:46:32,715000,11.339
2026/04/29 15:46:32,716000,11.336
2026/04/29 15:46:32,717000,11.334
2026/04/29 15:46:32,718000,11.334
2026/04/29 15:46:32,719000,11.336
2026/04/29 15:46:32,720000,11.336
2026/04/29 15:46:32,721000,11.336
2026/04/29 15:46:32,722000,11.336
2026/04/29 15:46:32,723000,11.334
2026/04/29 15:46:32,724000,11.336
2026/04/29 15:46:32,725000,11.334
2026/04/29 15:46:32,726000,11.342
2026/04/29 15:46:32,727000,11.336
2026/04/29 15:46:32,728000,11.334
2026/04/29 15:46:32,729000,11.336
2026/04/29 15:46:32,730000,11.334
2026/04/29 15:46:32,731000,11.336
2026/04/29 15:46:32,732000,11.336
2026/04/29 15:46:32,733000,11.334
2026/04/29 15:46:32,734000,11.336
2026/04/29 15:46:32,735000,11.334
2026/04/29 15:46:32,736000,11.334
2026/04/29 15:46:32,737000,11.336
2026/04/29 15:46:32,738000,11.336
2026/04/29 15:46:32,739000,11.334
2026/04/29 15:46:32,740000,11.336
2026/04/29 15:46:32,741000,11.336
2026/04/29 15:46:32,742000,11.334
2026/04/29 15:46:32,743000,11.336
2026/04/29 15:46:32,744000,11.339
2026/04/29 15:46:32,745000,11.336
2026/04/29 15:46:32,746000,11.342
2026/04/29 15:46:32,747000,11.336
2026/04/29 15:46:32,748000,11.328
2026/04/29 15:46:32,749000,11.331
2026/04/29 15:46:32,750000,11.334
2026/04/29 15:46:32,751000,11.334
2026/04/29 15:46:32,752000,11.336
2026/04/29 15:46:32,753000,11.336
2026/04/29 15:46:32,754000,11.336
2026/04/29 15:46:32,755000,11.342
2026/04/29 15:46:32,756000,11.331
2026/04/29 15:46:32,757000,11.339
2026/04/29 15:46:32,758000,11.331
2026/04/29 15:46:32,759000,11.339
2026/04/29 15:46:32,760000,11.336
2026/04/29 15:46:32,761000,11.345
2026/04/29 15:46:32,762000,11.336
2026/04/29 15:46:32,763000,11.342
2026/04/29 15:46:32,764000,11.339
2026/04/29 15:46:32,765000,11.334
2026/04/29 15:46:32,766000,11.345
2026/04/29 15:46:32,767000,11.336
2026/04/29 15:46:32,768000,11.345
2026/04/29 15:46:32,769000,11.334
2026/04/29 15:46:32,770000,11.334
2026/04/29 15:46:32,771000,11.336
2026/04/29 15:46:32,772000,11.336
2026/04/29 15:46:32,773000,11.336
2026/04/29 15:46:32,774000,11.334
2026/04/29 15:46:32,775000,11.336
2026/04/29 15:46:32,776000,11.336
2026/04/29 15:46:32,777000,11.334
2026/04/29 15:46:32,778000,11.334
2026/04/29 15:46:32,779000,11.342
2026/04/29 15:46:32,780000,11.334
2026/04/29 15:46:32,781000,11.342
2026/04/29 15:46:32,782000,11.342
2026/04/29 15:46:32,783000,11.336
2026/04/29 15:46:32,784000,11.336
2026/04/29 15:46:32,785000,11.331
2026/04/29 15:46:32,786000,11.339
2026/04/29 15:46:32,787000,11.339
2026/04/29 15:46:32,788000,11.336
2026/04/29 15:46:32,789000,11.345
2026/04/29 15:46:32,790000,11.334
2026/04/29 15:46:32,791000,11.336
2026/04/29 15:46:32,792000,11.342
2026/04/29 15:46:32,793000,11.342
2026/04/29 15:46:32,794000,11.334
2026/04/29 15:46:32,795000,11.334
2026/04/29 15:46:32,796000,11.336
2026/04/29 15:46:32,797000,11.336
2026/04/29 15:46:32,798000,11.339
2026/04/29 15:46:32,799000,11.339
2026/04/29 15:46:32,800000,11.336
2026/04/29 15:46:32,801000,11.334
2026/04/29 15:46:32,802000,11.339
2026/04/29 15:46:32,803000,11.339
2026/04/29 15:46:32,804000,11.336
2026/04/29 15:46:32,805000,11.334
2026/04/29 15:46:32,806000,11.331
2026/04/29 15:46:32,807000,11.342
2026/04/29 15:46:32,808000,11.336
2026/04/29 15:46:32,809000,11.339
2026/04/29 15:46:32,810000,11.339
2026/04/29 15:46:32,811000,11.336
2026/04/29 15:46:32,812000,11.339
2026/04/29 15:46:32,813000,11.345
2026/04/29 15:46:32,814000,11.336
2026/04/29 15:46:32,815000,11.336
2026/04/29 15:46:32,816000,11.334
2026/04/29 15:46:32,817000,11.336
2026/04/29 15:46:32,818000,11.339
2026/04/29 15:46:32,819000,11.331
2026/04/29 15:46:32,820000,11.336
2026/04/29 15:46:32,821000,11.336
2026/04/29 15:46:32,822000,11.334
2026/04/29 15:46:32,823000,11.342
2026/04/29 15:46:32,824000,11.339
2026/04/29 15:46:32,825000,11.342
2026/04/29 15:46:32,826000,11.336
2026/04/29 15:46:32,827000,11.334
2026/04/29 15:46:32,828000,11.331
2026/04/29 15:46:32,829000,11.336
2026/04/29 15:46:32,830000,11.336
2026/04/29 15:46:32,831000,11.331
2026/04/29 15:46:32,832000,11.334
2026/04/29 15:46:32,833000,11.339
2026/04/29 15:46:32,834000,11.336
2026/04/29 15:46:32,835000,11.336
2026/04/29 15:46:32,836000,11.336
2026/04/29 15:46:32,837000,11.331
2026/04/29 15:46:32,838000,11.336
2026/04/29 15:46:32,839000,11.345
2026/04/29 15:46:32,840000,11.342
2026/04/29 15:46:32,841000,11.334
2026/04/29 15:46:32,842000,11.334
2026/04/29 15:46:32,843000,11.334
2026/04/29 15:46:32,844000,11.345
2026/04/29 15:46:32,845000,11.342
2026/04/29 15:46:32,846000,11.336
2026/04/29 15:46:32,847000,11.339
2026/04/29 15:46:32,848000,11.336
2026/04/29 15:46:32,849000,11.334
2026/04/29 15:46:32,850000,11.334
2026/04/29 15:46:32,851000,11.336
2026/04/29 15:46:32,852000,11.331
2026/04/29 15:46:32,853000,11.325
2026/04/29 15:46:32,854000,11.334
2026/04/29 15:46:32,855000,11.336
2026/04/29 15:46:32,856000,11.336
2026/04/29 15:46:32,857000,11.336
2026/04/29 15:46:32,858000,11.336
2026/04/29 15:46:32,859000,11.328
2026/04/29 15:46:32,860000,11.336
2026/04/29 15:46:32,861000,11.336
2026/04/29 15:46:32,862000,11.336
2026/04/29 15:46:32,863000,11.345
2026/04/29 15:46:32,864000,11.339
2026/04/29 15:46:32,865000,11.334
2026/04/29 15:46:32,866000,11.339
2026/04/29 15:46:32,867000,11.336
2026/04/29 15:46:32,868000,11.334
2026/04/29 15:46:32,869000,11.336
2026/04/29 15:46:32,870000,11.336
2026/04/29 15:46:32,871000,11.348
2026/04/29 15:46:32,872000,11.342
2026/04/29 15:46:32,873000,11.339
2026/04/29 15:46:32,874000,11.336
2026/04/29 15:46:32,875000,11.334
2026/04/29 15:46:32,876000,11.336
2026/04/29 15:46:32,877000,11.348
2026/04/29 15:46:32,878000,11.334
2026/04/29 15:46:32,879000,11.336
2026/04/29 15:46:32,880000,11.342
2026/04/29 15:46:32,881000,11.331
2026/04/29 15:46:32,882000,11.334
2026/04/29 15:46:32,883000,11.331
2026/04/29 15:46:32,884000,11.334
2026/04/29 15:46:32,885000,11.342
2026/04/29 15:46:32,886000,11.336
2026/04/29 15:46:32,887000,11.342
2026/04/29 15:46:32,888000,11.336
2026/04/29 15:46:32,889000,11.336
2026/04/29 15:46:32,890000,11.336
2026/04/29 15:46:32,891000,11.331
2026/04/29 15:46:32,892000,11.334
2026/04/29 15:46:32,893000,11.336
2026/04/29 15:46:32,894000,11.336
2026/04/29 15:46:32,895000,11.345
2026/04/29 15:46:32,896000,11.336
2026/04/29 15:46:32,897000,11.336
2026/04/29 15:46:32,898000,11.334
2026/04/29 15:46:32,899000,11.334
2026/04/29 15:46:32,900000,11.336
2026/04/29 15:46:32,901000,11.339
2026/04/29 15:46:32,902000,11.339
2026/04/29 15:46:32,903000,11.336
2026/04/29 15:46:32,904000,11.345
2026/04/29 15:46:32,905000,11.336
2026/04/29 15:46:32,906000,11.334
2026/04/29 15:46:32,907000,11.339
2026/04/29 15:46:32,908000,11.336
2026/04/29 15:46:32,909000,11.336
2026/04/29 15:46:32,910000,11.336
2026/04/29 15:46:32,911000,11.348
2026/04/29 15:46:32,912000,11.334
2026/04/29 15:46:32,913000,11.331
2026/04/29 15:46:32,914000,11.339
2026/04/29 15:46:32,915000,11.336
2026/04/29 15:46:32,916000,11.336
2026/04/29 15:46:32,917000,11.336
2026/04/29 15:46:32,918000,11.334
2026/04/29 15:46:32,919000,11.336
2026/04/29 15:46:32,920000,11.336
2026/04/29 15:46:32,921000,11.345
2026/04/29 15:46:32,922000,11.334
2026/04/29 15:46:32,923000,11.336
2026/04/29 15:46:32,924000,11.336
2026/04/29 15:46:32,925000,11.336
2026/04/29 15:46:32,926000,11.336
2026/04/29 15:46:32,927000,11.334
2026/04/29 15:46:32,928000,11.334
2026/04/29 15:46:32,929000,11.336
2026/04/29 15:46:32,930000,11.336
2026/04/29 15:46:32,931000,11.334
2026/04/29 15:46:32,932000,11.334
2026/04/29 15:46:32,933000,11.336
2026/04/29 15:46:32,934000,11.334
2026/04/29 15:46:32,935000,11.336
2026/04/29 15:46:32,936000,11.342
2026/04/29 15:46:32,937000,11.331
2026/04/29 15:46:32,938000,11.334
2026/04/29 15:46:32,939000,11.339
2026/04/29 15:46:32,940000,11.342
2026/04/29 15:46:32,941000,11.334
2026/04/29 15:46:32,942000,11.336
2026/04/29 15:46:32,943000,11.331
2026/04/29 15:46:32,944000,11.336
2026/04/29 15:46:32,945000,11.334
2026/04/29 15:46:32,946000,11.336
2026/04/29 15:46:32,947000,11.334
2026/04/29 15:46:32,948000,11.339
2026/04/29 15:46:32,949000,11.345
2026/04/29 15:46:32,950000,11.334
2026/04/29 15:46:32,951000,11.336
2026/04/29 15:46:32,952000,11.336
2026/04/29 15:46:32,953000,11.336
2026/04/29 15:46:32,954000,11.334
2026/04/29 15:46:32,955000,11.336
2026/04/29 15:46:32,956000,11.339
2026/04/29 15:46:32,957000,11.336
2026/04/29 15:46:32,958000,11.336
2026/04/29 15:46:32,959000,11.334
2026/04/29 15:46:32,960000,11.336
2026/04/29 15:46:32,961000,11.336
2026/04/29 15:46:32,962000,11.334
2026/04/29 15:46:32,963000,11.339
2026/04/29 15:46:32,964000,11.339
2026/04/29 15:46:32,965000,11.334
2026/04/29 15:46:32,966000,11.336
2026/04/29 15:46:32,967000,11.336
2026/04/29 15:46:32,968000,11.342
2026/04/29 15:46:32,969000,11.334
2026/04/29 15:46:32,970000,11.334
2026/04/29 15:46:32,971000,11.339
2026/04/29 15:46:32,972000,11.334
2026/04/29 15:46:32,973000,11.334
2026/04/29 15:46:32,974000,11.342
2026/04/29 15:46:32,975000,11.336
2026/04/29 15:46:32,976000,11.336
2026/04/29 15:46:32,977000,11.336
2026/04/29 15:46:32,978000,11.334
2026/04/29 15:46:32,979000,11.336
2026/04/29 15:46:32,980000,11.342
2026/04/29 15:46:32,981000,11.334
2026/04/29 15:46:32,982000,11.336
2026/04/29 15:46:32,983000,11.334
2026/04/29 15:46:32,984000,11.334
2026/04/29 15:46:32,985000,11.336
2026/04/29 15:46:32,986000,11.334
2026/04/29 15:46:32,987000,11.336
2026/04/29 15:46:32,988000,11.339
2026/04/29 15:46:32,989000,11.339
2026/04/29 15:46:32,990000,11.334
2026/04/29 15:46:32,991000,11.336
2026/04/29 15:46:32,992000,11.336
2026/04/29 15:46:32,993000,11.339
2026/04/29 15:46:32,994000,11.336
2026/04/29 15:46:32,995000,11.339
2026/04/29 15:46:32,996000,11.336
2026/04/29 15:46:32,997000,11.334
2026/04/29 15:46:32,998000,11.342
2026/04/29 15:46:32,999000,11.336
2026/04/29 15:46:33,000000,11.334
2026/04/29 15:46:33,001000,11.334
2026/04/29 15:46:33,002000,11.345
2026/04/29 15:46:33,003000,11.336
2026/04/29 15:46:33,004000,11.334
2026/04/29 15:46:33,005000,11.334
2026/04/29 15:46:33,006000,11.336
2026/04/29 15:46:33,007000,11.336
2026/04/29 15:46:33,008000,11.334
2026/04/29 15:46:33,009000,11.336
2026/04/29 15:46:33,010000,11.334
2026/04/29 15:46:33,011000,11.336
2026/04/29 15:46:33,012000,11.336
2026/04/29 15:46:33,013000,11.342
2026/04/29 15:46:33,014000,11.336
2026/04/29 15:46:33,015000,11.334
2026/04/29 15:46:33,016000,11.336
2026/04/29 15:46:33,017000,11.336
2026/04/29 15:46:33,018000,11.342
2026/04/29 15:46:33,019000,11.345
2026/04/29 15:46:33,020000,11.336
2026/04/29 15:46:33,021000,11.339
2026/04/29 15:46:33,022000,11.339
2026/04/29 15:46:33,023000,11.334
2026/04/29 15:46:33,024000,11.336
2026/04/29 15:46:33,025000,11.334
2026/04/29 15:46:33,026000,11.336
2026/04/29 15:46:33,027000,11.334
2026/04/29 15:46:33,028000,11.342
2026/04/29 15:46:33,029000,11.334
2026/04/29 15:46:33,030000,11.334
2026/04/29 15:46:33,031000,11.334
2026/04/29 15:46:33,032000,11.339
2026/04/29 15:46:33,033000,11.336
2026/04/29 15:46:33,034000,11.339
2026/04/29 15:46:33,035000,11.339
2026/04/29 15:46:33,036000,11.336
2026/04/29 15:46:33,037000,11.339
2026/04/29 15:46:33,038000,11.339
2026/04/29 15:46:33,039000,11.331
2026/04/29 15:46:33,040000,11.334
2026/04/29 15:46:33,041000,11.336
2026/04/29 15:46:33,042000,11.339
2026/04/29 15:46:33,043000,11.331
2026/04/29 15:46:33,044000,11.334
2026/04/29 15:46:33,045000,11.342
2026/04/29 15:46:33,046000,11.345
2026/04/29 15:46:33,047000,11.342
2026/04/29 15:46:33,048000,11.331
2026/04/29 15:46:33,049000,11.339
2026/04/29 15:46:33,050000,11.336
2026/04/29 15:46:33,051000,11.336
2026/04/29 15:46:33,052000,11.336
2026/04/29 15:46:33,053000,11.336
2026/04/29 15:46:33,054000,11.336
2026/04/29 15:46:33,055000,11.336
2026/04/29 15:46:33,056000,11.339
2026/04/29 15:46:33,057000,11.336
2026/04/29 15:46:33,058000,11.334
2026/04/29 15:46:33,059000,11.334
2026/04/29 15:46:33,060000,11.339
2026/04/29 15:46:33,061000,11.342
2026/04/29 15:46:33,062000,11.336
2026/04/29 15:46:33,063000,11.334
2026/04/29 15:46:33,064000,11.331
2026/04/29 15:46:33,065000,11.334
2026/04/29 15:46:33,066000,11.336
2026/04/29 15:46:33,067000,11.336
2026/04/29 15:46:33,068000,11.334
2026/04/29 15:46:33,069000,11.336
2026/04/29 15:46:33,070000,11.345
2026/04/29 15:46:33,071000,11.336
2026/04/29 15:46:33,072000,11.336
2026/04/29 15:46:33,073000,11.336
2026/04/29 15:46:33,074000,11.336
2026/04/29 15:46:33,075000,11.336
2026/04/29 15:46:33,076000,11.339
2026/04/29 15:46:33,077000,11.334
2026/04/29 15:46:33,078000,11.334
2026/04/29 15:46:33,079000,11.334
2026/04/29 15:46:33,080000,11.336
2026/04/29 15:46:33,081000,11.342
2026/04/29 15:46:33,082000,11.334
2026/04/29 15:46:33,083000,11.336
2026/04/29 15:46:33,084000,11.336
2026/04/29 15:46:33,085000,11.339
2026/04/29 15:46:33,086000,11.334
2026/04/29 15:46:33,087000,11.328
2026/04/29 15:46:33,088000,11.342
2026/04/29 15:46:33,089000,11.336
2026/04/29 15:46:33,090000,11.339
2026/04/29 15:46:33,091000,11.334
2026/04/29 15:46:33,092000,11.336
2026/04/29 15:46:33,093000,11.342
2026/04/29 15:46:33,094000,11.339
2026/04/29 15:46:33,095000,11.339
2026/04/29 15:46:33,096000,11.334
2026/04/29 15:46:33,097000,11.336
2026/04/29 15:46:33,098000,11.339
2026/04/29 15:46:33,099000,11.334
2026/04/29 15:46:33,100000,11.336
2026/04/29 15:46:33,101000,11.339
2026/04/29 15:46:33,102000,11.334
2026/04/29 15:46:33,103000,11.334
2026/04/29 15:46:33,104000,11.336
2026/04/29 15:46:33,105000,11.336
2026/04/29 15:46:33,106000,11.339
2026/04/29 15:46:33,107000,11.336
2026/04/29 15:46:33,108000,11.336
2026/04/29 15:46:33,109000,11.336
2026/04/29 15:46:33,110000,11.336
2026/04/29 15:46:33,111000,11.336
2026/04/29 15:46:33,112000,11.339
2026/04/29 15:46:33,113000,11.334
2026/04/29 15:46:33,114000,11.342
2026/04/29 15:46:33,115000,11.336
2026/04/29 15:46:33,116000,11.336
2026/04/29 15:46:33,117000,11.345
2026/04/29 15:46:33,118000,11.339
2026/04/29 15:46:33,119000,11.334
2026/04/29 15:46:33,120000,11.336
2026/04/29 15:46:33,121000,11.334
2026/04/29 15:46:33,122000,11.336
2026/04/29 15:46:33,123000,11.336
2026/04/29 15:46:33,124000,11.342
2026/04/29 15:46:33,125000,11.336
2026/04/29 15:46:33,126000,11.339
2026/04/29 15:46:33,127000,11.339
2026/04/29 15:46:33,128000,11.342
2026/04/29 15:46:33,129000,11.342
2026/04/29 15:46:33,130000,11.336
2026/04/29 15:46:33,131000,11.342
2026/04/29 15:46:33,132000,11.342
2026/04/29 15:46:33,133000,11.334
2026/04/29 15:46:33,134000,11.336
2026/04/29 15:46:33,135000,11.342
2026/04/29 15:46:33,136000,11.336
2026/04/29 15:46:33,137000,11.336
2026/04/29 15:46:33,138000,11.336
2026/04/29 15:46:33,139000,11.334
2026/04/29 15:46:33,140000,11.339
2026/04/29 15:46:33,141000,11.339
2026/04/29 15:46:33,142000,11.336
2026/04/29 15:46:33,143000,11.336
2026/04/29 15:46:33,144000,11.336
2026/04/29 15:46:33,145000,11.339
2026/04/29 15:46:33,146000,11.336
2026/04/29 15:46:33,147000,11.336
2026/04/29 15:46:33,148000,11.339
2026/04/29 15:46:33,149000,11.336
2026/04/29 15:46:33,150000,11.336
2026/04/29 15:46:33,151000,11.339
2026/04/29 15:46:33,152000,11.339
2026/04/29 15:46:33,153000,11.336
2026/04/29 15:46:33,154000,11.334
2026/04/29 15:46:33,155000,11.336
2026/04/29 15:46:33,156000,11.339
2026/04/29 15:46:33,157000,11.336
2026/04/29 15:46:33,158000,11.334
2026/04/29 15:46:33,159000,11.350
2026/04/29 15:46:33,160000,11.334
2026/04/29 15:46:33,161000,11.336
2026/04/29 15:46:33,162000,11.342
2026/04/29 15:46:33,163000,11.334
2026/04/29 15:46:33,164000,11.339
2026/04/29 15:46:33,165000,11.334
2026/04/29 15:46:33,166000,11.336
2026/04/29 15:46:33,167000,11.339
2026/04/29 15:46:33,168000,11.336
2026/04/29 15:46:33,169000,11.334
2026/04/29 15:46:33,170000,11.336
2026/04/29 15:46:33,171000,11.336
2026/04/29 15:46:33,172000,11.334
2026/04/29 15:46:33,173000,11.339
2026/04/29 15:46:33,174000,11.336
2026/04/29 15:46:33,175000,11.331
2026/04/29 15:46:33,176000,11.336
2026/04/29 15:46:33,177000,11.336
2026/04/29 15:46:33,178000,11.336
2026/04/29 15:46:33,179000,11.331
2026/04/29 15:46:33,180000,11.334
2026/04/29 15:46:33,181000,11.334
2026/04/29 15:46:33,182000,11.336
2026/04/29 15:46:33,183000,11.334
2026/04/29 15:46:33,184000,11.342
2026/04/29 15:46:33,185000,11.331
2026/04/29 15:46:33,186000,11.336
2026/04/29 15:46:33,187000,11.336
2026/04/29 15:46:33,188000,11.336
2026/04/29 15:46:33,189000,11.342
2026/04/29 15:46:33,190000,11.336
2026/04/29 15:46:33,191000,11.339
2026/04/29 15:46:33,192000,11.336
2026/04/29 15:46:33,193000,11.345
2026/04/29 15:46:33,194000,11.334
2026/04/29 15:46:33,195000,11.336
2026/04/29 15:46:33,196000,11.336
2026/04/29 15:46:33,197000,11.336
2026/04/29 15:46:33,198000,11.339
2026/04/29 15:46:33,199000,11.336
2026/04/29 15:46:33,200000,11.342
2026/04/29 15:46:33,201000,11.336
2026/04/29 15:46:33,202000,11.336
2026/04/29 15:46:33,203000,11.334
2026/04/29 15:46:33,204000,11.336
2026/04/29 15:46:33,205000,11.331
2026/04/29 15:46:33,206000,11.342
2026/04/29 15:46:33,207000,11.334
2026/04/29 15:46:33,208000,11.339
2026/04/29 15:46:33,209000,11.339
2026/04/29 15:46:33,210000,11.336
2026/04/29 15:46:33,211000,11.334
2026/04/29 15:46:33,212000,11.334
2026/04/29 15:46:33,213000,11.334
2026/04/29 15:46:33,214000,11.334
2026/04/29 15:46:33,215000,11.336
2026/04/29 15:46:33,216000,11.336
2026/04/29 15:46:33,217000,11.336
2026/04/29 15:46:33,218000,11.334
2026/04/29 15:46:33,219000,11.336
2026/04/29 15:46:33,220000,11.336
2026/04/29 15:46:33,221000,11.336
2026/04/29 15:46:33,222000,11.334
2026/04/29 15:46:33,223000,11.345
2026/04/29 15:46:33,224000,11.342
2026/04/29 15:46:33,225000,11.339
2026/04/29 15:46:33,226000,11.334
2026/04/29 15:46:33,227000,11.336
2026/04/29 15:46:33,228000,11.336
2026/04/29 15:46:33,229000,11.334
2026/04/29 15:46:33,230000,11.336
2026/04/29 15:46:33,231000,11.336
2026/04/29 15:46:33,232000,11.339
2026/04/29 15:46:33,233000,11.339
2026/04/29 15:46:33,234000,11.336
2026/04/29 15:46:33,235000,11.336
2026/04/29 15:46:33,236000,11.336
2026/04/29 15:46:33,237000,11.334
2026/04/29 15:46:33,238000,11.342
2026/04/29 15:46:33,239000,11.334
2026/04/29 15:46:33,240000,11.336
2026/04/29 15:46:33,241000,11.342
2026/04/29 15:46:33,242000,11.336
2026/04/29 15:46:33,243000,11.336
2026/04/29 15:46:33,244000,11.336
2026/04/29 15:46:33,245000,11.339
2026/04/29 15:46:33,246000,11.336
2026/04/29 15:46:33,247000,11.339
2026/04/29 15:46:33,248000,11.334
2026/04/29 15:46:33,249000,11.334
2026/04/29 15:46:33,250000,11.334
2026/04/29 15:46:33,251000,11.345
2026/04/29 15:46:33,252000,11.339
2026/04/29 15:46:33,253000,11.334
2026/04/29 15:46:33,254000,11.336
2026/04/29 15:46:33,255000,11.336
2026/04/29 15:46:33,256000,11.339
2026/04/29 15:46:33,257000,11.336
2026/04/29 15:46:33,258000,11.339
2026/04/29 15:46:33,259000,11.336
2026/04/29 15:46:33,260000,11.336
2026/04/29 15:46:33,261000,11.336
2026/04/29 15:46:33,262000,11.331
2026/04/29 15:46:33,263000,11.334
2026/04/29 15:46:33,264000,11.339
2026/04/29 15:46:33,265000,11.334
2026/04/29 15:46:33,266000,11.331
2026/04/29 15:46:33,267000,11.334
2026/04/29 15:46:33,268000,11.336
2026/04/29 15:46:33,269000,11.336
2026/04/29 15:46:33,270000,11.334
2026/04/29 15:46:33,271000,11.336
2026/04/29 15:46:33,272000,11.336
2026/04/29 15:46:33,273000,11.342
2026/04/29 15:46:33,274000,11.342
2026/04/29 15:46:33,275000,11.336
2026/04/29 15:46:33,276000,11.334
2026/04/29 15:46:33,277000,11.336
2026/04/29 15:46:33,278000,11.334
2026/04/29 15:46:33,279000,11.339
2026/04/29 15:46:33,280000,11.345
2026/04/29 15:46:33,281000,11.342
2026/04/29 15:46:33,282000,11.336
2026/04/29 15:46:33,283000,11.342
2026/04/29 15:46:33,284000,11.334
2026/04/29 15:46:33,285000,11.339
2026/04/29 15:46:33,286000,11.334
2026/04/29 15:46:33,287000,11.342
2026/04/29 15:46:33,288000,11.342
2026/04/29 15:46:33,289000,11.334
2026/04/29 15:46:33,290000,11.345
2026/04/29 15:46:33,291000,11.336
2026/04/29 15:46:33,292000,11.334
2026/04/29 15:46:33,293000,11.334
2026/04/29 15:46:33,294000,11.336
2026/04/29 15:46:33,295000,11.339
2026/04/29 15:46:33,296000,11.336
2026/04/29 15:46:33,297000,11.336
2026/04/29 15:46:33,298000,11.345
2026/04/29 15:46:33,299000,11.336
2026/04/29 15:46:33,300000,11.331
2026/04/29 15:46:33,301000,11.334
2026/04/29 15:46:33,302000,11.348
2026/04/29 15:46:33,303000,11.345
2026/04/29 15:46:33,304000,11.336
2026/04/29 15:46:33,305000,11.331
2026/04/29 15:46:33,306000,11.334
2026/04/29 15:46:33,307000,11.336
2026/04/29 15:46:33,308000,11.339
2026/04/29 15:46:33,309000,11.339
2026/04/29 15:46:33,310000,11.336
2026/04/29 15:46:33,311000,11.348
2026/04/29 15:46:33,312000,11.336
2026/04/29 15:46:33,313000,11.339
2026/04/29 15:46:33,314000,11.339
2026/04/29 15:46:33,315000,11.334
2026/04/29 15:46:33,316000,11.336
2026/04/29 15:46:33,317000,11.328
2026/04/29 15:46:33,318000,11.345
2026/04/29 15:46:33,319000,11.342
2026/04/29 15:46:33,320000,11.336
2026/04/29 15:46:33,321000,11.339
2026/04/29 15:46:33,322000,11.334
2026/04/29 15:46:33,323000,11.334
2026/04/29 15:46:33,324000,11.339
2026/04/29 15:46:33,325000,11.339
2026/04/29 15:46:33,326000,11.336
2026/04/29 15:46:33,327000,11.342
2026/04/29 15:46:33,328000,11.336
2026/04/29 15:46:33,329000,11.342
2026/04/29 15:46:33,330000,11.339
2026/04/29 15:46:33,331000,11.336
2026/04/29 15:46:33,332000,11.334
2026/04/29 15:46:33,333000,11.336
2026/04/29 15:46:33,334000,11.331
2026/04/29 15:46:33,335000,11.336
2026/04/29 15:46:33,336000,11.336
2026/04/29 15:46:33,337000,11.336
2026/04/29 15:46:33,338000,11.334
2026/04/29 15:46:33,339000,11.342
2026/04/29 15:46:33,340000,11.342
2026/04/29 15:46:33,341000,11.336
2026/04/29 15:46:33,342000,11.336
2026/04/29 15:46:33,343000,11.334
2026/04/29 15:46:33,344000,11.334
2026/04/29 15:46:33,345000,11.336
2026/04/29 15:46:33,346000,11.336
2026/04/29 15:46:33,347000,11.336
2026/04/29 15:46:33,348000,11.336
2026/04/29 15:46:33,349000,11.336
2026/04/29 15:46:33,350000,11.336
2026/04/29 15:46:33,351000,11.342
2026/04/29 15:46:33,352000,11.336
2026/04/29 15:46:33,353000,11.339
2026/04/29 15:46:33,354000,11.334
2026/04/29 15:46:33,355000,11.336
2026/04/29 15:46:33,356000,11.336
2026/04/29 15:46:33,357000,11.336
2026/04/29 15:46:33,358000,11.331
2026/04/29 15:46:33,359000,11.339
2026/04/29 15:46:33,360000,11.336
2026/04/29 15:46:33,361000,11.334
2026/04/29 15:46:33,362000,11.339
2026/04/29 15:46:33,363000,11.334
2026/04/29 15:46:33,364000,11.336
2026/04/29 15:46:33,365000,11.342
2026/04/29 15:46:33,366000,11.345
2026/04/29 15:46:33,367000,11.336
2026/04/29 15:46:33,368000,11.334
2026/04/29 15:46:33,369000,11.345
2026/04/29 15:46:33,370000,11.334
2026/04/29 15:46:33,371000,11.336
2026/04/29 15:46:33,372000,11.342
2026/04/29 15:46:33,373000,11.334
2026/04/29 15:46:33,374000,11.334
2026/04/29 15:46:33,375000,11.328
2026/04/29 15:46:33,376000,11.334
2026/04/29 15:46:33,377000,11.342
2026/04/29 15:46:33,378000,11.331
2026/04/29 15:46:33,379000,11.339
2026/04/29 15:46:33,380000,11.342
2026/04/29 15:46:33,381000,11.342
2026/04/29 15:46:33,382000,11.342
2026/04/29 15:46:33,383000,11.336
2026/04/29 15:46:33,384000,11.339
2026/04/29 15:46:33,385000,11.345
2026/04/29 15:46:33,386000,11.336
2026/04/29 15:46:33,387000,11.336
2026/04/29 15:46:33,388000,11.334
2026/04/29 15:46:33,389000,11.342
2026/04/29 15:46:33,390000,11.336
2026/04/29 15:46:33,391000,11.339
2026/04/29 15:46:33,392000,11.336
2026/04/29 15:46:33,393000,11.336
2026/04/29 15:46:33,394000,11.336
2026/04/29 15:46:33,395000,11.334
2026/04/29 15:46:33,396000,11.342
2026/04/29 15:46:33,397000,11.345
2026/04/29 15:46:33,398000,11.336
2026/04/29 15:46:33,399000,11.336
2026/04/29 15:46:33,400000,11.336
2026/04/29 15:46:33,401000,11.334
2026/04/29 15:46:33,402000,11.336
2026/04/29 15:46:33,403000,11.342
2026/04/29 15:46:33,404000,11.334
2026/04/29 15:46:33,405000,11.336
2026/04/29 15:46:33,406000,11.336
2026/04/29 15:46:33,407000,11.342
2026/04/29 15:46:33,408000,11.339
2026/04/29 15:46:33,409000,11.336
2026/04/29 15:46:33,410000,11.331
2026/04/29 15:46:33,411000,11.336
2026/04/29 15:46:33,412000,11.336
2026/04/29 15:46:33,413000,11.336
2026/04/29 15:46:33,414000,11.336
2026/04/29 15:46:33,415000,11.339
2026/04/29 15:46:33,416000,11.334
2026/04/29 15:46:33,417000,11.334
2026/04/29 15:46:33,418000,11.336
2026/04/29 15:46:33,419000,11.336
2026/04/29 15:46:33,420000,11.336
2026/04/29 15:46:33,421000,11.342
2026/04/29 15:46:33,422000,11.339
2026/04/29 15:46:33,423000,11.334
2026/04/29 15:46:33,424000,11.342
2026/04/29 15:46:33,425000,11.336
2026/04/29 15:46:33,426000,11.336
2026/04/29 15:46:33,427000,11.336
2026/04/29 15:46:33,428000,11.339
2026/04/29 15:46:33,429000,11.342
2026/04/29 15:46:33,430000,11.336
2026/04/29 15:46:33,431000,11.336
2026/04/29 15:46:33,432000,11.345
2026/04/29 15:46:33,433000,11.342
2026/04/29 15:46:33,434000,11.342
2026/04/29 15:46:33,435000,11.339
2026/04/29 15:46:33,436000,11.342
2026/04/29 15:46:33,437000,11.336
2026/04/29 15:46:33,438000,11.334
2026/04/29 15:46:33,439000,11.336
2026/04/29 15:46:33,440000,11.339
2026/04/29 15:46:33,441000,11.336
2026/04/29 15:46:33,442000,11.339
2026/04/29 15:46:33,443000,11.336
2026/04/29 15:46:33,444000,11.342
2026/04/29 15:46:33,445000,11.336
2026/04/29 15:46:33,446000,11.336
2026/04/29 15:46:33,447000,11.334
2026/04/29 15:46:33,448000,11.336
2026/04/29 15:46:33,449000,11.336
2026/04/29 15:46:33,450000,11.336
2026/04/29 15:46:33,451000,11.336
2026/04/29 15:46:33,452000,11.334
2026/04/29 15:46:33,453000,11.331
2026/04/29 15:46:33,454000,11.342
2026/04/29 15:46:33,455000,11.345
2026/04/29 15:46:33,456000,11.336
2026/04/29 15:46:33,457000,11.336
2026/04/29 15:46:33,458000,11.342
2026/04/29 15:46:33,459000,11.342
2026/04/29 15:46:33,460000,11.339
2026/04/29 15:46:33,461000,11.336
2026/04/29 15:46:33,462000,11.336
2026/04/29 15:46:33,463000,11.336
2026/04/29 15:46:33,464000,11.342
2026/04/29 15:46:33,465000,11.336
2026/04/29 15:46:33,466000,11.334
2026/04/29 15:46:33,467000,11.336
2026/04/29 15:46:33,468000,11.336
2026/04/29 15:46:33,469000,11.336
2026/04/29 15:46:33,470000,11.339
2026/04/29 15:46:33,471000,11.336
2026/04/29 15:46:33,472000,11.334
2026/04/29 15:46:33,473000,11.336
2026/04/29 15:46:33,474000,11.339
2026/04/29 15:46:33,475000,11.339
2026/04/29 15:46:33,476000,11.342
2026/04/29 15:46:33,477000,11.348
2026/04/29 15:46:33,478000,11.339
2026/04/29 15:46:33,479000,11.336
2026/04/29 15:46:33,480000,11.336
2026/04/29 15:46:33,481000,11.336
2026/04/29 15:46:33,482000,11.336
2026/04/29 15:46:33,483000,11.339
2026/04/29 15:46:33,484000,11.336
2026/04/29 15:46:33,485000,11.336
2026/04/29 15:46:33,486000,11.334
2026/04/29 15:46:33,487000,11.336
2026/04/29 15:46:33,488000,11.336
2026/04/29 15:46:33,489000,11.328
2026/04/29 15:46:33,490000,11.336
2026/04/29 15:46:33,491000,11.339
2026/04/29 15:46:33,492000,11.336
2026/04/29 15:46:33,493000,11.334
2026/04/29 15:46:33,494000,11.334
2026/04/29 15:46:33,495000,11.336
2026/04/29 15:46:33,496000,11.336
2026/04/29 15:46:33,497000,11.339
2026/04/29 15:46:33,498000,11.345
2026/04/29 15:46:33,499000,11.345
2026/04/29 15:46:33,500000,11.342
2026/04/29 15:46:33,501000,11.336
2026/04/29 15:46:33,502000,11.342
2026/04/29 15:46:33,503000,11.336
2026/04/29 15:46:33,504000,11.336
2026/04/29 15:46:33,505000,11.331
2026/04/29 15:46:33,506000,11.334
2026/04/29 15:46:33,507000,11.336
2026/04/29 15:46:33,508000,11.345
2026/04/29 15:46:33,509000,11.336
2026/04/29 15:46:33,510000,11.339
2026/04/29 15:46:33,511000,11.336
2026/04/29 15:46:33,512000,11.336
2026/04/29 15:46:33,513000,11.339
2026/04/29 15:46:33,514000,11.339
2026/04/29 15:46:33,515000,11.339
2026/04/29 15:46:33,516000,11.336
2026/04/29 15:46:33,517000,11.334
2026/04/29 15:46:33,518000,11.345
2026/04/29 15:46:33,519000,11.342
2026/04/29 15:46:33,520000,11.339
2026/04/29 15:46:33,521000,11.336
2026/04/29 15:46:33,522000,11.342
2026/04/29 15:46:33,523000,11.336
2026/04/29 15:46:33,524000,11.339
2026/04/29 15:46:33,525000,11.336
2026/04/29 15:46:33,526000,11.334
2026/04/29 15:46:33,527000,11.339
2026/04/29 15:46:33,528000,11.342
2026/04/29 15:46:33,529000,11.336
2026/04/29 15:46:33,530000,11.336
2026/04/29 15:46:33,531000,11.336
2026/04/29 15:46:33,532000,11.336
2026/04/29 15:46:33,533000,11.336
2026/04/29 15:46:33,534000,11.331
2026/04/29 15:46:33,535000,11.336
2026/04/29 15:46:33,536000,11.339
2026/04/29 15:46:33,537000,11.345
2026/04/29 15:46:33,538000,11.348
2026/04/29 15:46:33,539000,11.342
2026/04/29 15:46:33,540000,11.342
2026/04/29 15:46:33,541000,11.339
2026/04/29 15:46:33,542000,11.336
2026/04/29 15:46:33,543000,11.334
2026/04/29 15:46:33,544000,11.336
2026/04/29 15:46:33,545000,11.342
2026/04/29 15:46:33,546000,11.336
2026/04/29 15:46:33,547000,11.336
2026/04/29 15:46:33,548000,11.334
2026/04/29 15:46:33,549000,11.339
2026/04/29 15:46:33,550000,11.336
2026/04/29 15:46:33,551000,11.336
2026/04/29 15:46:33,552000,11.336
2026/04/29 15:46:33,553000,11.336
2026/04/29 15:46:33,554000,11.336
2026/04/29 15:46:33,555000,11.339
2026/04/29 15:46:33,556000,11.334
2026/04/29 15:46:33,557000,11.342
2026/04/29 15:46:33,558000,11.342
2026/04/29 15:46:33,559000,11.331
2026/04/29 15:46:33,560000,11.342
2026/04/29 15:46:33,561000,11.334
2026/04/29 15:46:33,562000,11.336
2026/04/29 15:46:33,563000,11.331
2026/04/29 15:46:33,564000,11.336
2026/04/29 15:46:33,565000,11.336
2026/04/29 15:46:33,566000,11.339
2026/04/29 15:46:33,567000,11.339
2026/04/29 15:46:33,568000,11.334
2026/04/29 15:46:33,569000,11.339
2026/04/29 15:46:33,570000,11.334
2026/04/29 15:46:33,571000,11.331
2026/04/29 15:46:33,572000,11.334
2026/04/29 15:46:33,573000,11.336
2026/04/29 15:46:33,574000,11.336
2026/04/29 15:46:33,575000,11.336
2026/04/29 15:46:33,576000,11.336
2026/04/29 15:46:33,577000,11.342
2026/04/29 15:46:33,578000,11.339
2026/04/29 15:46:33,579000,11.334
2026/04/29 15:46:33,580000,11.331
2026/04/29 15:46:33,581000,11.336
2026/04/29 15:46:33,582000,11.334
2026/04/29 15:46:33,583000,11.331
2026/04/29 15:46:33,584000,11.336
2026/04/29 15:46:33,585000,11.339
2026/04/29 15:46:33,586000,11.339
2026/04/29 15:46:33,587000,11.339
2026/04/29 15:46:33,588000,11.334
2026/04/29 15:46:33,589000,11.336
2026/04/29 15:46:33,590000,11.334
2026/04/29 15:46:33,591000,11.334
2026/04/29 15:46:33,592000,11.339
2026/04/29 15:46:33,593000,11.339
2026/04/29 15:46:33,594000,11.336
2026/04/29 15:46:33,595000,11.336
2026/04/29 15:46:33,596000,11.334
2026/04/29 15:46:33,597000,11.342
2026/04/29 15:46:33,598000,11.336
2026/04/29 15:46:33,599000,11.334
2026/04/29 15:46:33,600000,11.336
2026/04/29 15:46:33,601000,11.336
2026/04/29 15:46:33,602000,11.342
2026/04/29 15:46:33,603000,11.334
2026/04/29 15:46:33,604000,11.334
2026/04/29 15:46:33,605000,11.336
2026/04/29 15:46:33,606000,11.339
2026/04/29 15:46:33,607000,11.336
2026/04/29 15:46:33,608000,11.336
2026/04/29 15:46:33,609000,11.336
2026/04/29 15:46:33,610000,11.334
2026/04/29 15:46:33,611000,11.336
2026/04/29 15:46:33,612000,11.334
2026/04/29 15:46:33,613000,11.334
2026/04/29 15:46:33,614000,11.336
2026/04/29 15:46:33,615000,11.334
2026/04/29 15:46:33,616000,11.334
2026/04/29 15:46:33,617000,11.342
2026/04/29 15:46:33,618000,11.336
2026/04/29 15:46:33,619000,11.336
2026/04/29 15:46:33,620000,11.342
2026/04/29 15:46:33,621000,11.334
2026/04/29 15:46:33,622000,11.339
2026/04/29 15:46:33,623000,11.336
2026/04/29 15:46:33,624000,11.336
2026/04/29 15:46:33,625000,11.342
2026/04/29 15:46:33,626000,11.336
2026/04/29 15:46:33,627000,11.334
2026/04/29 15:46:33,628000,11.336
2026/04/29 15:46:33,629000,11.334
2026/04/29 15:46:33,630000,11.345
2026/04/29 15:46:33,631000,11.339
2026/04/29 15:46:33,632000,11.328
2026/04/29 15:46:33,633000,11.336
2026/04/29 15:46:33,634000,11.336
2026/04/29 15:46:33,635000,11.334
2026/04/29 15:46:33,636000,11.339
2026/04/29 15:46:33,637000,11.334
2026/04/29 15:46:33,638000,11.336
2026/04/29 15:46:33,639000,11.336
2026/04/29 15:46:33,640000,11.339
2026/04/29 15:46:33,641000,11.339
2026/04/29 15:46:33,642000,11.339
2026/04/29 15:46:33,643000,11.336
2026/04/29 15:46:33,644000,11.336
2026/04/29 15:46:33,645000,11.334
2026/04/29 15:46:33,646000,11.336
2026/04/29 15:46:33,647000,11.336
2026/04/29 15:46:33,648000,11.342
2026/04/29 15:46:33,649000,11.336
2026/04/29 15:46:33,650000,11.336
2026/04/29 15:46:33,651000,11.336
2026/04/29 15:46:33,652000,11.336
2026/04/29 15:46:33,653000,11.336
2026/04/29 15:46:33,654000,11.331
2026/04/29 15:46:33,655000,11.336
2026/04/29 15:46:33,656000,11.339
2026/04/29 15:46:33,657000,11.345
2026/04/29 15:46:33,658000,11.336
2026/04/29 15:46:33,659000,11.336
2026/04/29 15:46:33,660000,11.334
2026/04/29 15:46:33,661000,11.353
2026/04/29 15:46:33,662000,11.342
2026/04/29 15:46:33,663000,11.336
2026/04/29 15:46:33,664000,11.336
2026/04/29 15:46:33,665000,11.334
2026/04/29 15:46:33,666000,11.331
2026/04/29 15:46:33,667000,11.334
2026/04/29 15:46:33,668000,11.336
2026/04/29 15:46:33,669000,11.336
2026/04/29 15:46:33,670000,11.334
2026/04/29 15:46:33,671000,11.336
2026/04/29 15:46:33,672000,11.336
2026/04/29 15:46:33,673000,11.336
2026/04/29 15:46:33,674000,11.336
2026/04/29 15:46:33,675000,11.342
2026/04/29 15:46:33,676000,11.336
2026/04/29 15:46:33,677000,11.336
2026/04/29 15:46:33,678000,11.336
2026/04/29 15:46:33,679000,11.336
2026/04/29 15:46:33,680000,11.342
2026/04/29 15:46:33,681000,11.336
2026/04/29 15:46:33,682000,11.334
2026/04/29 15:46:33,683000,11.331
2026/04/29 15:46:33,684000,11.336
2026/04/29 15:46:33,685000,11.334
2026/04/29 15:46:33,686000,11.336
2026/04/29 15:46:33,687000,11.336
2026/04/29 15:46:33,688000,11.336
2026/04/29 15:46:33,689000,11.336
2026/04/29 15:46:33,690000,11.336
2026/04/29 15:46:33,691000,11.334
2026/04/29 15:46:33,692000,11.331
2026/04/29 15:46:33,693000,11.339
2026/04/29 15:46:33,694000,11.336
2026/04/29 15:46:33,695000,11.334
2026/04/29 15:46:33,696000,11.339
2026/04/29 15:46:33,697000,11.336
2026/04/29 15:46:33,698000,11.336
2026/04/29 15:46:33,699000,11.334
2026/04/29 15:46:33,700000,11.336
2026/04/29 15:46:33,701000,11.336
2026/04/29 15:46:33,702000,11.334
2026/04/29 15:46:33,703000,11.336
2026/04/29 15:46:33,704000,11.339
2026/04/29 15:46:33,705000,11.334
2026/04/29 15:46:33,706000,11.336
2026/04/29 15:46:33,707000,11.334
2026/04/29 15:46:33,708000,11.342
2026/04/29 15:46:33,709000,11.336
2026/04/29 15:46:33,710000,11.339
2026/04/29 15:46:33,711000,11.334
2026/04/29 15:46:33,712000,11.334
2026/04/29 15:46:33,713000,11.342
2026/04/29 15:46:33,714000,11.334
2026/04/29 15:46:33,715000,11.336
2026/04/29 15:46:33,716000,11.331
2026/04/29 15:46:33,717000,11.339
2026/04/29 15:46:33,718000,11.336
2026/04/29 15:46:33,719000,11.345
2026/04/29 15:46:33,720000,11.339
2026/04/29 15:46:33,721000,11.334
2026/04/29 15:46:33,722000,11.336
2026/04/29 15:46:33,723000,11.336
2026/04/29 15:46:33,724000,11.336
2026/04/29 15:46:33,725000,11.334
2026/04/29 15:46:33,726000,11.336
2026/04/29 15:46:33,727000,11.334
2026/04/29 15:46:33,728000,11.336
2026/04/29 15:46:33,729000,11.334
2026/04/29 15:46:33,730000,11.336
2026/04/29 15:46:33,731000,11.339
2026/04/29 15:46:33,732000,11.334
2026/04/29 15:46:33,733000,11.336
2026/04/29 15:46:33,734000,11.345
2026/04/29 15:46:33,735000,11.336
2026/04/29 15:46:33,736000,11.336
2026/04/29 15:46:33,737000,11.336
2026/04/29 15:46:33,738000,11.334
2026/04/29 15:46:33,739000,11.334
2026/04/29 15:46:33,740000,11.336
2026/04/29 15:46:33,741000,11.336
2026/04/29 15:46:33,742000,11.336
2026/04/29 15:46:33,743000,11.336
2026/04/29 15:46:33,744000,11.336
2026/04/29 15:46:33,745000,11.339
2026/04/29 15:46:33,746000,11.336
2026/04/29 15:46:33,747000,11.339
2026/04/29 15:46:33,748000,11.345
2026/04/29 15:46:33,749000,11.339
2026/04/29 15:46:33,750000,11.336
2026/04/29 15:46:33,751000,11.336
2026/04/29 15:46:33,752000,11.336
2026/04/29 15:46:33,753000,11.334
2026/04/29 15:46:33,754000,11.336
2026/04/29 15:46:33,755000,11.339
2026/04/29 15:46:33,756000,11.339
2026/04/29 15:46:33,757000,11.336
2026/04/29 15:46:33,758000,11.339
2026/04/29 15:46:33,759000,11.339
2026/04/29 15:46:33,760000,11.336
2026/04/29 15:46:33,761000,11.334
2026/04/29 15:46:33,762000,11.336
2026/04/29 15:46:33,763000,11.342
2026/04/29 15:46:33,764000,11.336
2026/04/29 15:46:33,765000,11.336
2026/04/29 15:46:33,766000,11.334
2026/04/29 15:46:33,767000,11.342
2026/04/29 15:46:33,768000,11.345
2026/04/29 15:46:33,769000,11.336
2026/04/29 15:46:33,770000,11.336
2026/04/29 15:46:33,771000,11.336
2026/04/29 15:46:33,772000,11.342
2026/04/29 15:46:33,773000,11.336
2026/04/29 15:46:33,774000,11.348
2026/04/29 15:46:33,775000,11.336
2026/04/29 15:46:33,776000,11.336
2026/04/29 15:46:33,777000,11.336
2026/04/29 15:46:33,778000,11.339
2026/04/29 15:46:33,779000,11.342
2026/04/29 15:46:33,780000,11.342
2026/04/29 15:46:33,781000,11.336
2026/04/29 15:46:33,782000,11.336
2026/04/29 15:46:33,783000,11.334
2026/04/29 15:46:33,784000,11.336
2026/04/29 15:46:33,785000,11.342
2026/04/29 15:46:33,786000,11.345
2026/04/29 15:46:33,787000,11.345
2026/04/29 15:46:33,788000,11.342
2026/04/29 15:46:33,789000,11.334
2026/04/29 15:46:33,790000,11.336
2026/04/29 15:46:33,791000,11.336
2026/04/29 15:46:33,792000,11.336
2026/04/29 15:46:33,793000,11.334
2026/04/29 15:46:33,794000,11.336
2026/04/29 15:46:33,795000,11.334
2026/04/29 15:46:33,796000,11.336
2026/04/29 15:46:33,797000,11.334
2026/04/29 15:46:33,798000,11.328
2026/04/29 15:46:33,799000,11.339
2026/04/29 15:46:33,800000,11.336
2026/04/29 15:46:33,801000,11.334
2026/04/29 15:46:33,802000,11.342
2026/04/29 15:46:33,803000,11.342
2026/04/29 15:46:33,804000,11.336
2026/04/29 15:46:33,805000,11.334
2026/04/29 15:46:33,806000,11.334
2026/04/29 15:46:33,807000,11.336
2026/04/29 15:46:33,808000,11.342
2026/04/29 15:46:33,809000,11.342
2026/04/29 15:46:33,810000,11.339
2026/04/29 15:46:33,811000,11.336
2026/04/29 15:46:33,812000,11.336
2026/04/29 15:46:33,813000,11.334
2026/04/29 15:46:33,814000,11.331
2026/04/29 15:46:33,815000,11.336
2026/04/29 15:46:33,816000,11.342
2026/04/29 15:46:33,817000,11.336
2026/04/29 15:46:33,818000,11.342
2026/04/29 15:46:33,819000,11.339
2026/04/29 15:46:33,820000,11.339
2026/04/29 15:46:33,821000,11.336
2026/04/29 15:46:33,822000,11.334
2026/04/29 15:46:33,823000,11.345
2026/04/29 15:46:33,824000,11.331
2026/04/29 15:46:33,825000,11.342
2026/04/29 15:46:33,826000,11.336
2026/04/29 15:46:33,827000,11.331
2026/04/29 15:46:33,828000,11.339
2026/04/29 15:46:33,829000,11.339
2026/04/29 15:46:33,830000,11.339
2026/04/29 15:46:33,831000,11.345
2026/04/29 15:46:33,832000,11.336
2026/04/29 15:46:33,833000,11.336
2026/04/29 15:46:33,834000,11.336
2026/04/29 15:46:33,835000,11.336
2026/04/29 15:46:33,836000,11.339
2026/04/29 15:46:33,837000,11.345
2026/04/29 15:46:33,838000,11.328
2026/04/29 15:46:33,839000,11.336
2026/04/29 15:46:33,840000,11.336
2026/04/29 15:46:33,841000,11.336
2026/04/29 15:46:33,842000,11.334
2026/04/29 15:46:33,843000,11.339
2026/04/29 15:46:33,844000,11.345
2026/04/29 15:46:33,845000,11.336
2026/04/29 15:46:33,846000,11.336
2026/04/29 15:46:33,847000,11.342
2026/04/29 15:46:33,848000,11.334
2026/04/29 15:46:33,849000,11.345
2026/04/29 15:46:33,850000,11.331
2026/04/29 15:46:33,851000,11.336
2026/04/29 15:46:33,852000,11.336
2026/04/29 15:46:33,853000,11.336
2026/04/29 15:46:33,854000,11.336
2026/04/29 15:46:33,855000,11.336
2026/04/29 15:46:33,856000,11.339
2026/04/29 15:46:33,857000,11.336
2026/04/29 15:46:33,858000,11.334
2026/04/29 15:46:33,859000,11.334
2026/04/29 15:46:33,860000,11.339
2026/04/29 15:46:33,861000,11.336
2026/04/29 15:46:33,862000,11.345
2026/04/29 15:46:33,863000,11.331
2026/04/29 15:46:33,864000,11.336
2026/04/29 15:46:33,865000,11.336
2026/04/29 15:46:33,866000,11.339
2026/04/29 15:46:33,867000,11.334
2026/04/29 15:46:33,868000,11.339
2026/04/29 15:46:33,869000,11.342
2026/04/29 15:46:33,870000,11.334
2026/04/29 15:46:33,871000,11.334
2026/04/29 15:46:33,872000,11.334
2026/04/29 15:46:33,873000,11.336
2026/04/29 15:46:33,874000,11.336
2026/04/29 15:46:33,875000,11.339
2026/04/29 15:46:33,876000,11.336
2026/04/29 15:46:33,877000,11.336
2026/04/29 15:46:33,878000,11.336
2026/04/29 15:46:33,879000,11.345
2026/04/29 15:46:33,880000,11.336
2026/04/29 15:46:33,881000,11.336
2026/04/29 15:46:33,882000,11.342
2026/04/29 15:46:33,883000,11.336
2026/04/29 15:46:33,884000,11.336
2026/04/29 15:46:33,885000,11.336
2026/04/29 15:46:33,886000,11.336
2026/04/29 15:46:33,887000,11.334
2026/04/29 15:46:33,888000,11.336
2026/04/29 15:46:33,889000,11.334
2026/04/29 15:46:33,890000,11.334
2026/04/29 15:46:33,891000,11.336
2026/04/29 15:46:33,892000,11.336
2026/04/29 15:46:33,893000,11.334
2026/04/29 15:46:33,894000,11.339
2026/04/29 15:46:33,895000,11.331
2026/04/29 15:46:33,896000,11.336
2026/04/29 15:46:33,897000,11.334
2026/04/29 15:46:33,898000,11.339
2026/04/29 15:46:33,899000,11.342
2026/04/29 15:46:33,900000,11.339
2026/04/29 15:46:33,901000,11.336
2026/04/29 15:46:33,902000,11.336
2026/04/29 15:46:33,903000,11.345
2026/04/29 15:46:33,904000,11.336
2026/04/29 15:46:33,905000,11.353
2026/04/29 15:46:33,906000,11.334
2026/04/29 15:46:33,907000,11.339
2026/04/29 15:46:33,908000,11.336
2026/04/29 15:46:33,909000,11.336
2026/04/29 15:46:33,910000,11.336
2026/04/29 15:46:33,911000,11.345
2026/04/29 15:46:33,912000,11.336
2026/04/29 15:46:33,913000,11.339
2026/04/29 15:46:33,914000,11.345
2026/04/29 15:46:33,915000,11.342
2026/04/29 15:46:33,916000,11.331
2026/04/29 15:46:33,917000,11.336
2026/04/29 15:46:33,918000,11.336
2026/04/29 15:46:33,919000,11.339
2026/04/29 15:46:33,920000,11.339
2026/04/29 15:46:33,921000,11.336
2026/04/29 15:46:33,922000,11.336
2026/04/29 15:46:33,923000,11.334
2026/04/29 15:46:33,924000,11.336
2026/04/29 15:46:33,925000,11.339
2026/04/29 15:46:33,926000,11.339
2026/04/29 15:46:33,927000,11.334
2026/04/29 15:46:33,928000,11.342
2026/04/29 15:46:33,929000,11.336
2026/04/29 15:46:33,930000,11.342
2026/04/29 15:46:33,931000,11.334
2026/04/29 15:46:33,932000,11.336
2026/04/29 15:46:33,933000,11.334
2026/04/29 15:46:33,934000,11.336
2026/04/29 15:46:33,935000,11.339
2026/04/29 15:46:33,936000,11.334
2026/04/29 15:46:33,937000,11.345
2026/04/29 15:46:33,938000,11.336
2026/04/29 15:46:33,939000,11.342
2026/04/29 15:46:33,940000,11.336
2026/04/29 15:46:33,941000,11.336
2026/04/29 15:46:33,942000,11.336
2026/04/29 15:46:33,943000,11.336
2026/04/29 15:46:33,944000,11.345
2026/04/29 15:46:33,945000,11.336
2026/04/29 15:46:33,946000,11.336
2026/04/29 15:46:33,947000,11.345
2026/04/29 15:46:33,948000,11.336
2026/04/29 15:46:33,949000,11.336
2026/04/29 15:46:33,950000,11.336
2026/04/29 15:46:33,951000,11.336
2026/04/29 15:46:33,952000,11.342
2026/04/29 15:46:33,953000,11.336
2026/04/29 15:46:33,954000,11.336
2026/04/29 15:46:33,955000,11.336
2026/04/29 15:46:33,956000,11.336
2026/04/29 15:46:33,957000,11.345
2026/04/29 15:46:33,958000,11.345
2026/04/29 15:46:33,959000,11.345
2026/04/29 15:46:33,960000,11.334
2026/04/29 15:46:33,961000,11.336
2026/04/29 15:46:33,962000,11.334
2026/04/29 15:46:33,963000,11.336
2026/04/29 15:46:33,964000,11.339
2026/04/29 15:46:33,965000,11.342
2026/04/29 15:46:33,966000,11.336
2026/04/29 15:46:33,967000,11.342
2026/04/29 15:46:33,968000,11.345
2026/04/29 15:46:33,969000,11.336
2026/04/29 15:46:33,970000,11.336
2026/04/29 15:46:33,971000,11.336
2026/04/29 15:46:33,972000,11.336
2026/04/29 15:46:33,973000,11.334
2026/04/29 15:46:33,974000,11.336
2026/04/29 15:46:33,975000,11.336
2026/04/29 15:46:33,976000,11.336
2026/04/29 15:46:33,977000,11.336
2026/04/29 15:46:33,978000,11.336
2026/04/29 15:46:33,979000,11.336
2026/04/29 15:46:33,980000,11.339
2026/04/29 15:46:33,981000,11.336
2026/04/29 15:46:33,982000,11.345
2026/04/29 15:46:33,983000,11.336
2026/04/29 15:46:33,984000,11.334
2026/04/29 15:46:33,985000,11.339
2026/04/29 15:46:33,986000,11.336
2026/04/29 15:46:33,987000,11.342
2026/04/29 15:46:33,988000,11.336
2026/04/29 15:46:33,989000,11.342
2026/04/29 15:46:33,990000,11.336
2026/04/29 15:46:33,991000,11.336
2026/04/29 15:46:33,992000,11.336
2026/04/29 15:46:33,993000,11.342
2026/04/29 15:46:33,994000,11.336
2026/04/29 15:46:33,995000,11.336
2026/04/29 15:46:33,996000,11.336
2026/04/29 15:46:33,997000,11.339
2026/04/29 15:46:33,998000,11.342
2026/04/29 15:46:33,999000,11.336
2026/04/29 15:46:34,000000,11.336
2026/04/29 15:46:34,001000,11.336
2026/04/29 15:46:34,002000,11.334
2026/04/29 15:46:34,003000,11.336
2026/04/29 15:46:34,004000,11.334
2026/04/29 15:46:34,005000,11.334
2026/04/29 15:46:34,006000,11.339
2026/04/29 15:46:34,007000,11.334
2026/04/29 15:46:34,008000,11.334
2026/04/29 15:46:34,009000,11.331
2026/04/29 15:46:34,010000,11.331
2026/04/29 15:46:34,011000,11.336
2026/04/29 15:46:34,012000,11.336
#BeginMark,3
CH名,コメント,値,単位,日時,日時(μs)
#EndMark

#BeginAlarm,3
出力CH名,出力CH名,値,単位,日時,日時(μs)
#EndAlarm