ééå±âÒêî,éûä‘[sec],à⁄ìÆó [mm],â◊èd[N]
1,0.01,0,-1.31130218505859E-02
1,0.22,3.33329988643527E-03,-1.78813934326172E-02
1,0.24,6.66659977287054E-03,-1.37090682983398E-02
1,0.25,9.99989965930581E-03,-1.19209289550781E-02
1,0.26,1.33331995457411E-02,-1.01327896118164E-02
1,0.27,1.66664994321764E-02,-1.01327896118164E-02
1,0.28,1.99997993186116E-02,-7.74860382080078E-03
1,0.3,2.33330992050469E-02,-7.74860382080078E-03
1,0.31,2.66663990914822E-02,-6.55651092529297E-03
1,0.32,2.99996989779174E-02,-2.98023223876953E-03
1,0.33,3.33329988643527E-02,-2.38418579101563E-03
1,0.34,0.036666298750788,-1.19209289550781E-03
1,0.35,3.99995986372232E-02,-2.98023223876953E-03
1,0.36,4.33328985236585E-02,-2.38418579101563E-03
1,0.37,4.66661984100938E-02,-1.19209289550781E-03
1,0.38,4.99994982965291E-02,0
1,0.39,5.33327981829643E-02,0
1,0.4,5.66660980693996E-02,-3.57627868652344E-03
1,0.41,5.99993979558349E-02,-5.36441802978516E-03
1,0.42,6.33326978422702E-02,-5.96046447753906E-03
1,0.43,6.99992976151407E-02,-7.74860382080078E-03
1,0.45,7.33325975015759E-02,-3.57627868652344E-03
1,0.46,7.66658973880112E-02,-4.76837158203125E-03
1,0.47,7.99991972744465E-02,-5.36441802978516E-03
1,0.48,0.086665797047317,-3.57627868652344E-03
1,0.49,8.99990969337523E-02,-4.76837158203125E-03
1,0.5,9.33323968201876E-02,-1.78813934326172E-03
1,0.51,9.66656967066228E-02,3.57627868652344E-03
1,0.52,9.99989965930581E-02,2.38418579101563E-03
1,0.53,0.103332296479493,-5.96046447753906E-04
1,0.54,0.106665596365929,0
1,0.55,0.109998896252364,0
1,0.56,0.113332196138799,1.78813934326172E-03
1,0.57,0.116665496025234,0
1,0.58,0.11999879591167,-1.78813934326172E-03
1,0.59,0.123332095798105,-4.17232513427734E-03
1,0.6,0.12666539568454,0
1,0.61,0.129998695570976,-2.38418579101563E-03
1,0.62,0.133331995457411,-1.78813934326172E-03
1,0.63,0.136665295343846,0
1,0.64,0.139998595230281,-5.96046447753906E-04
1,0.65,0.143331895116717,-3.57627868652344E-03
1,0.66,0.146665195003152,-7.74860382080078E-03
1,0.67,0.149998494889587,-1.01327896118164E-02
1,0.68,0.153331794776022,-6.55651092529297E-03
1,0.69,0.156665094662458,-1.19209289550781E-02
1,0.7,0.159998394548893,-7.15255737304688E-03
1,0.71,0.163331694435328,-6.55651092529297E-03
1,0.72,0.166664994321764,-8.94069671630859E-03
1,0.73,0.169998294208199,-7.74860382080078E-03
1,0.74,0.173331594094634,-1.01327896118164E-02
1,0.75,0.176664893981069,-7.15255737304688E-03
1,0.76,0.179998193867505,-1.13248825073242E-02
1,0.77,0.18333149375394,-1.07288360595703E-02
1,0.78,0.186664793640375,-1.13248825073242E-02
1,0.79,0.18999809352681,-8.94069671630859E-03
1,0.8,0.193331393413246,-5.96046447753906E-03
1,0.81,0.196664693299681,-8.34465026855469E-03
1,0.82,0.199997993186116,-7.15255737304688E-03
1,0.83,0.203331293072552,-8.94069671630859E-03
1,0.84,0.206664592958987,-5.96046447753906E-03
1,0.85,0.209997892845422,-5.36441802978516E-03
1,0.86,0.213331192731857,-2.98023223876953E-03
1,0.87,0.216664492618293,-4.17232513427734E-03
1,0.88,0.219997792504728,-6.55651092529297E-03
1,0.89,0.223331092391163,-2.98023223876953E-03
1,0.9,0.226664392277598,-3.57627868652344E-03
1,0.91,0.229997692164034,-4.76837158203125E-03
1,0.92,0.233330992050469,-2.38418579101563E-03
1,0.93,0.236664291936904,-1.19209289550781E-03
1,0.94,0.239997591823339,1.78813934326172E-03
1,0.95,0.243330891709775,-4.76837158203125E-03
1,0.96,0.24666419159621,-4.17232513427734E-03
1,0.97,0.249997491482645,-4.17232513427734E-03
1,0.98,0.253330791369081,-2.38418579101563E-03
1,0.99,0.256664091255516,-2.38418579101563E-03
1,1,0.259997391141951,-1.19209289550781E-03
1,1.01,0.263330691028386,-5.96046447753906E-03
1,1.02,0.266663990914822,-8.94069671630859E-03
1,1.03,0.269997290801257,-6.55651092529297E-03
1,1.04,0.273330590687692,-7.74860382080078E-03
1,1.05,0.276663890574127,-8.94069671630859E-03
1,1.06,0.279997190460563,-9.5367431640625E-03
1,1.07,0.283330490346998,-1.19209289550781E-02
1,1.08,0.286663790233433,-8.94069671630859E-03
1,1.09,0.289997090119869,-1.01327896118164E-02
1,1.1,0.293330390006304,-1.01327896118164E-02
1,1.11,0.296663689892739,-7.15255737304688E-03
1,1.12,0.299996989779174,-5.96046447753906E-03
1,1.13,0.30333028966561,-7.15255737304688E-03
1,1.14,0.306663589552045,-5.96046447753906E-03
1,1.15,0.30999688943848,-3.57627868652344E-03
1,1.16,0.313330189324915,-5.96046447753906E-03
1,1.17,0.316663489211351,-5.36441802978516E-03
1,1.18,0.319996789097786,-7.74860382080078E-03
1,1.19,0.323330088984221,-1.07288360595703E-02
1,1.2,0.326663388870657,-8.94069671630859E-03
1,1.21,0.329996688757092,-8.94069671630859E-03
1,1.22,0.333329988643527,-9.5367431640625E-03
1,1.23,0.336663288529962,-0.012516975402832
1,1.24,0.339996588416398,-1.37090682983398E-02
1,1.25,0.343329888302833,-1.72853469848633E-02
1,1.26,0.346663188189268,-1.84774398803711E-02
1,1.27,0.349996488075703,-2.08616256713867E-02
1,1.28,0.353329787962139,-2.20537185668945E-02
1,1.29,0.356663087848574,-2.26497650146484E-02
1,1.3,0.359996387735009,-1.96695327758789E-02
1,1.31,0.363329687621445,-2.32458114624023E-02
1,1.32,0.36666298750788,-2.20537185668945E-02
1,1.33,0.369996287394315,-2.32458114624023E-02
1,1.34,0.37332958728075,-2.32458114624023E-02
1,1.35,0.376662887167186,-2.38418579101563E-02
1,1.36,0.379996187053621,-2.32458114624023E-02
1,1.37,0.383329486940056,-2.20537185668945E-02
1,1.38,0.386662786826491,-1.78813934326172E-02
1,1.39,0.389996086712927,-1.60932540893555E-02
1,1.4,0.393329386599362,-1.43051147460938E-02
1,1.41,0.396662686485797,-1.43051147460938E-02
1,1.42,0.399995986372232,-1.54972076416016E-02
1,1.43,0.403329286258668,-1.49011611938477E-02
1,1.44,0.406662586145103,-1.43051147460938E-02
1,1.45,0.409995886031538,-1.13248825073242E-02
1,1.46,0.413329185917974,-1.01327896118164E-02
1,1.47,0.416662485804409,-8.94069671630859E-03
1,1.48,0.419995785690844,-1.01327896118164E-02
1,1.49,0.423329085577279,-1.13248825073242E-02
1,1.5,0.426662385463715,-1.66893005371094E-02
1,1.51,0.42999568535015,-0.019073486328125
1,1.52,0.433328985236585,-1.78813934326172E-02
1,1.53,0.43666228512302,-2.20537185668945E-02
1,1.54,0.439995585009456,-2.62260437011719E-02
1,1.55,0.443328884895891,-2.50339508056641E-02
1,1.56,0.446662184782326,-2.80141830444336E-02
1,1.57,0.449995484668762,-2.62260437011719E-02
1,1.58,0.453328784555197,-2.44379043579102E-02
1,1.59,0.456662084441632,-2.26497650146484E-02
1,1.6,0.459995384328067,-2.50339508056641E-02
1,1.61,0.463328684214503,-2.98023223876953E-02
1,1.62,0.466661984100938,-2.26497650146484E-02
1,1.63,0.469995283987373,-2.50339508056641E-02
1,1.64,0.473328583873808,-2.50339508056641E-02
1,1.65,0.476661883760244,-2.74181365966797E-02
1,1.66,0.479995183646679,-0.025629997253418
1,1.67,0.483328483533114,-2.62260437011719E-02
1,1.68,0.48666178341955,-2.74181365966797E-02
1,1.69,0.489995083305985,-2.62260437011719E-02
1,1.7,0.49332838319242,-2.32458114624023E-02
1,1.71,0.496661683078855,-2.38418579101563E-02
1,1.72,0.499994982965291,-2.50339508056641E-02
1,1.73,0.503328282851726,-2.38418579101563E-02
1,1.74,0.506661582738161,-1.96695327758789E-02
1,1.75,0.509994882624596,-1.96695327758789E-02
1,1.76,0.513328182511032,-2.20537185668945E-02
1,1.77,0.516661482397467,-2.08616256713867E-02
1,1.78,0.519994782283902,-0.019073486328125
1,1.79,0.523328082170337,-2.26497650146484E-02
1,1.8,0.526661382056773,-2.08616256713867E-02
1,1.81,0.529994681943208,-2.08616256713867E-02
1,1.82,0.533327981829643,-0.019073486328125
1,1.83,0.536661281716079,-0.019073486328125
1,1.84,0.539994581602514,-1.72853469848633E-02
1,1.85,0.543327881488949,-1.72853469848633E-02
1,1.86,0.546661181375384,-1.66893005371094E-02
1,1.87,0.54999448126182,-1.60932540893555E-02
1,1.88,0.553327781148255,-1.07288360595703E-02
1,1.89,0.55666108103469,-8.94069671630859E-03
1,1.9,0.559994380921125,-9.5367431640625E-03
1,1.91,0.563327680807561,-8.34465026855469E-03
1,1.92,0.566660980693996,-7.15255737304688E-03
1,1.93,0.569994280580431,-5.96046447753906E-03
1,1.94,0.573327580466866,-4.76837158203125E-03
1,1.95,0.576660880353302,-7.15255737304688E-03
1,1.96,0.579994180239737,-4.17232513427734E-03
1,1.97,0.583327480126172,-6.55651092529297E-03
1,1.98,0.586660780012608,-6.55651092529297E-03
1,1.99,0.589994079899043,-5.36441802978516E-03
1,2,0.593327379785478,-7.74860382080078E-03
1,2.01,0.596660679671913,-5.96046447753906E-03
1,2.02,0.599993979558349,-9.5367431640625E-03
1,2.03,0.603327279444784,-8.34465026855469E-03
1,2.04,0.606660579331219,-6.55651092529297E-03
1,2.05,0.609993879217654,-8.34465026855469E-03
1,2.06,0.61332717910409,-8.94069671630859E-03
1,2.07,0.616660478990525,-8.94069671630859E-03
1,2.08,0.61999377887696,-8.94069671630859E-03
1,2.09,0.623327078763396,-1.13248825073242E-02
1,2.1,0.626660378649831,-1.19209289550781E-02
1,2.11,0.629993678536266,-1.13248825073242E-02
1,2.12,0.633326978422701,-1.01327896118164E-02
1,2.13,0.636660278309137,-1.13248825073242E-02
1,2.14,0.639993578195572,-1.66893005371094E-02
1,2.15,0.643326878082007,-1.37090682983398E-02
1,2.16,0.646660177968442,-1.19209289550781E-02
1,2.17,0.649993477854878,-0.012516975402832
1,2.18,0.653326777741313,-0.012516975402832
1,2.19,0.656660077627748,-1.07288360595703E-02
1,2.2,0.659993377514184,-9.5367431640625E-03
1,2.21,0.663326677400619,-1.13248825073242E-02
1,2.22,0.666659977287054,-9.5367431640625E-03
1,2.23,0.669993277173489,-1.19209289550781E-02
1,2.24,0.673326577059925,-7.15255737304688E-03
1,2.25,0.67665987694636,-4.76837158203125E-03
1,2.26,0.679993176832795,-5.96046447753906E-04
1,2.27,0.68332647671923,0
1,2.28,0.686659776605666,4.76837158203125E-03
1,2.29,0.689993076492101,5.96046447753906E-03
1,2.3,0.693326376378536,2.98023223876953E-03
1,2.31,0.696659676264971,2.38418579101563E-03
1,2.32,0.699992976151407,5.36441802978516E-03
1,2.33,0.703326276037842,2.38418579101563E-03
1,2.34,0.706659575924277,1.78813934326172E-03
1,2.35,0.709992875810713,2.98023223876953E-03
1,2.36,0.713326175697148,8.94069671630859E-03
1,2.37,0.716659475583583,4.76837158203125E-03
1,2.38,0.719992775470018,5.96046447753906E-03
1,2.39,0.723326075356454,5.36441802978516E-03
1,2.4,0.726659375242889,1.19209289550781E-03
1,2.41,0.729992675129324,2.38418579101563E-03
1,2.42,0.733325975015759,0
1,2.43,0.736659274902195,3.57627868652344E-03
1,2.44,0.73999257478863,2.38418579101563E-03
1,2.45,0.743325874675065,2.98023223876953E-03
1,2.46,0.746659174561501,-5.96046447753906E-04
1,2.47,0.749992474447936,-5.96046447753906E-04
1,2.48,0.753325774334371,5.96046447753906E-04
1,2.49,0.756659074220806,0
1,2.5,0.759992374107242,-2.98023223876953E-03
1,2.51,0.763325673993677,-5.96046447753906E-04
1,2.52,0.766658973880112,-2.38418579101563E-03
1,2.53,0.769992273766547,-5.96046447753906E-03
1,2.54,0.773325573652983,-7.74860382080078E-03
1,2.55,0.776658873539418,-8.94069671630859E-03
1,2.56,0.779992173425853,-1.13248825073242E-02
1,2.57,0.783325473312289,-1.13248825073242E-02
1,2.58,0.786658773198724,-0.012516975402832
1,2.59,0.789992073085159,-8.34465026855469E-03
1,2.6,0.793325372971594,-7.15255737304688E-03
1,2.61,0.79665867285803,-9.5367431640625E-03
1,2.62,0.799991972744465,-5.96046447753906E-03
1,2.63,0.8033252726309,-7.15255737304688E-03
1,2.64,0.806658572517335,-8.34465026855469E-03
1,2.65,0.809991872403771,-7.74860382080078E-03
1,2.66,0.813325172290206,-8.94069671630859E-03
1,2.67,0.816658472176641,-9.5367431640625E-03
1,2.68,0.819991772063077,-0.012516975402832
1,2.69,0.823325071949512,-0.012516975402832
1,2.7,0.826658371835947,-1.43051147460938E-02
1,2.71,0.829991671722382,-1.13248825073242E-02
1,2.72,0.833324971608818,-1.19209289550781E-02
1,2.73,0.836658271495253,-1.01327896118164E-02
1,2.74,0.839991571381688,-1.07288360595703E-02
1,2.75,0.843324871268123,-1.19209289550781E-02
1,2.76,0.846658171154559,-1.31130218505859E-02
1,2.77,0.849991471040994,-1.13248825073242E-02
1,2.78,0.853324770927429,-8.94069671630859E-03
1,2.79,0.856658070813864,-8.94069671630859E-03
1,2.8,0.8599913707003,-1.19209289550781E-02
1,2.81,0.863324670586735,-1.13248825073242E-02
1,2.82,0.86665797047317,-1.60932540893555E-02
1,2.83,0.869991270359606,-1.37090682983398E-02
1,2.84,0.873324570246041,-1.54972076416016E-02
1,2.85,0.876657870132476,-1.60932540893555E-02
1,2.86,0.879991170018911,-1.96695327758789E-02
1,2.87,0.883324469905347,-2.14576721191406E-02
1,2.88,0.886657769791782,-2.08616256713867E-02
1,2.89,0.889991069678217,-2.14576721191406E-02
1,2.9,0.893324369564652,-2.20537185668945E-02
1,2.91,0.896657669451088,-1.84774398803711E-02
1,2.92,0.899990969337523,-1.96695327758789E-02
1,2.93,0.903324269223958,-1.78813934326172E-02
1,2.94,0.906657569110394,-1.49011611938477E-02
1,2.95,0.909990868996829,-1.66893005371094E-02
1,2.96,0.913324168883264,-1.43051147460938E-02
1,2.97,0.916657468769699,-1.54972076416016E-02
1,2.98,0.919990768656135,-1.37090682983398E-02
1,2.99,0.92332406854257,-1.49011611938477E-02
1,3,0.926657368429005,-1.54972076416016E-02
1,3.01,0.92999066831544,-1.60932540893555E-02
1,3.02,0.933323968201876,-1.78813934326172E-02
1,3.03,0.936657268088311,-1.72853469848633E-02
1,3.04,0.939990567974746,-1.72853469848633E-02
1,3.05,0.943323867861182,-2.02655792236328E-02
1,3.06,0.946657167747617,-2.08616256713867E-02
1,3.07,0.949990467634052,-1.43051147460938E-02
1,3.08,0.953323767520487,-1.72853469848633E-02
1,3.09,0.956657067406923,-1.84774398803711E-02
1,3.1,0.959990367293358,-2.08616256713867E-02
1,3.11,0.963323667179793,-2.20537185668945E-02
1,3.12,0.966656967066228,-0.025629997253418
1,3.13,0.969990266952664,-2.32458114624023E-02
1,3.14,0.973323566839099,-2.32458114624023E-02
1,3.15,0.976656866725534,-0.025629997253418
1,3.16,0.979990166611969,-2.62260437011719E-02
1,3.17,0.983323466498405,-2.38418579101563E-02
1,3.18,0.98665676638484,-2.20537185668945E-02
1,3.19,0.989990066271275,-2.32458114624023E-02
1,3.2,0.993323366157711,-0.019073486328125
1,3.21,0.996656666044146,-1.60932540893555E-02
1,3.22,0.999989965930581,-1.66893005371094E-02
1,3.23,1.00332326581702,-1.49011611938477E-02
1,3.24,1.00665656570345,-1.13248825073242E-02
1,3.25,1.00998986558989,-1.07288360595703E-02
1,3.26,1.01332316547632,-1.13248825073242E-02
1,3.27,1.01665646536276,-7.74860382080078E-03
1,3.28,1.01998976524919,-7.15255737304688E-03
1,3.29,1.02332306513563,-8.34465026855469E-03
1,3.3,1.02665636502206,-8.94069671630859E-03
1,3.31,1.0299896649085,-8.94069671630859E-03
1,3.32,1.03332296479493,-8.94069671630859E-03
1,3.33,1.03665626468137,-1.19209289550781E-02
1,3.34,1.0399895645678,-1.07288360595703E-02
1,3.35,1.04332286445424,-1.31130218505859E-02
1,3.36,1.04665616434067,-1.37090682983398E-02
1,3.37,1.04998946422711,-1.60932540893555E-02
1,3.38,1.05332276411355,-1.66893005371094E-02
1,3.39,1.05665606399998,-2.26497650146484E-02
1,3.4,1.05998936388642,-2.62260437011719E-02
1,3.41,1.06332266377285,-2.74181365966797E-02
1,3.42,1.06665596365929,-2.68220901489258E-02
1,3.43,1.06998926354572,-2.38418579101563E-02
1,3.44,1.07332256343216,-2.50339508056641E-02
1,3.45,1.07665586331859,-2.62260437011719E-02
1,3.46,1.07998916320503,-2.14576721191406E-02
1,3.47,1.08332246309146,-1.78813934326172E-02
1,3.48,1.0866557629779,-1.60932540893555E-02
1,3.49,1.08998906286433,-1.31130218505859E-02
1,3.5,1.09332236275077,-0.012516975402832
1,3.51,1.0966556626372,-9.5367431640625E-03
1,3.52,1.09998896252364,-1.19209289550781E-02
1,3.53,1.10332226241007,-1.49011611938477E-02
1,3.54,1.10665556229651,-1.13248825073242E-02
1,3.55,1.10998886218295,-1.07288360595703E-02
1,3.56,1.11332216206938,-1.13248825073242E-02
1,3.57,1.11665546195582,-1.37090682983398E-02
1,3.58,1.11998876184225,-2.08616256713867E-02
1,3.59,1.12332206172869,-1.84774398803711E-02
1,3.6,1.12665536161512,-1.49011611938477E-02
1,3.61,1.12998866150156,-1.31130218505859E-02
1,3.62,1.13332196138799,-1.54972076416016E-02
1,3.63,1.13665526127443,-1.66893005371094E-02
1,3.64,1.13998856116086,-1.49011611938477E-02
1,3.65,1.1433218610473,-1.19209289550781E-02
1,3.66,1.14665516093373,-1.37090682983398E-02
1,3.67,1.14998846082017,-9.5367431640625E-03
1,3.68,1.1533217607066,-1.13248825073242E-02
1,3.69,1.15665506059304,-5.96046447753906E-03
1,3.7,1.15998836047947,-5.96046447753906E-03
1,3.71,1.16332166036591,-8.34465026855469E-03
1,3.72,1.16665496025234,-2.98023223876953E-03
1,3.73,1.16998826013878,-3.57627868652344E-03
1,3.74,1.17332156002522,-5.36441802978516E-03
1,3.75,1.17665485991165,-4.76837158203125E-03
1,3.76,1.17998815979809,0
1,3.77,1.18332145968452,0
1,3.78,1.18665475957096,0
1,3.79,1.18998805945739,-1.78813934326172E-03
1,3.8,1.19332135934383,-5.36441802978516E-03
1,3.81,1.19665465923026,-2.38418579101563E-03
1,3.82,1.1999879591167,-5.96046447753906E-03
1,3.83,1.20332125900313,-6.55651092529297E-03
1,3.84,1.20665455888957,-1.01327896118164E-02
1,3.85,1.209987858776,-7.15255737304688E-03
1,3.86,1.21665445854887,-9.5367431640625E-03
1,3.87,1.21998775843531,-1.43051147460938E-02
1,3.89,1.22665435820818,-7.74860382080078E-03
1,3.9,1.22998765809461,-6.55651092529297E-03
1,3.91,1.23332095798105,-3.57627868652344E-03
1,3.92,1.23665425786749,-2.38418579101563E-03
1,3.93,1.23998755775392,-2.98023223876953E-03
1,3.95,1.24665415752679,-1.78813934326172E-03
1,3.96,1.24998745741323,0
1,3.97,1.25332075729966,2.98023223876953E-03
1,3.98,1.2566540571861,-2.38418579101563E-03
1,3.99,1.25998735707253,0
1,4,1.26332065695897,0
1,4.01,1.2666539568454,-5.96046447753906E-04
1,4.02,1.26998725673184,-1.19209289550781E-03
1,4.03,1.27332055661827,0
1,4.04,1.27665385650471,-5.96046447753906E-03
1,4.05,1.27998715639114,-8.94069671630859E-03
1,4.06,1.28332045627758,-0.012516975402832
1,4.07,1.28665375616401,-1.49011611938477E-02
1,4.08,1.28998705605045,-2.02655792236328E-02
1,4.09,1.29332035593688,-2.08616256713867E-02
1,4.1,1.29665365582332,-1.96695327758789E-02
1,4.11,1.29998695570976,-2.08616256713867E-02
1,4.12,1.30332025559619,-2.08616256713867E-02
1,4.13,1.30665355548263,-2.26497650146484E-02
1,4.14,1.30998685536906,-2.08616256713867E-02
1,4.15,1.3133201552555,-1.84774398803711E-02
1,4.16,1.31665345514193,-1.78813934326172E-02
1,4.17,1.31998675502837,-1.78813934326172E-02
1,4.18,1.3233200549148,-1.31130218505859E-02
1,4.19,1.32665335480124,-1.54972076416016E-02
1,4.2,1.32998665468767,-1.19209289550781E-02
1,4.21,1.33331995457411,-1.37090682983398E-02
1,4.22,1.33665325446054,-1.54972076416016E-02
1,4.23,1.33998655434698,-1.72853469848633E-02
1,4.24,1.34331985423341,-1.72853469848633E-02
1,4.25,1.34665315411985,-1.96695327758789E-02
1,4.26,1.34998645400628,-1.49011611938477E-02
1,4.27,1.35331975389272,-0.012516975402832
1,4.28,1.35665305377916,-1.43051147460938E-02
1,4.29,1.35998635366559,-0.012516975402832
1,4.3,1.36331965355203,-1.19209289550781E-02
1,4.31,1.36665295343846,-1.54972076416016E-02
1,4.32,1.3699862533249,-1.54972076416016E-02
1,4.33,1.37331955321133,-1.49011611938477E-02
1,4.34,1.37665285309777,-0.019073486328125
1,4.35,1.3799861529842,-1.78813934326172E-02
1,4.36,1.38331945287064,-1.84774398803711E-02
1,4.37,1.38665275275707,-2.08616256713867E-02
1,4.38,1.38998605264351,-1.96695327758789E-02
1,4.39,1.39331935252994,-2.14576721191406E-02
1,4.4,1.39665265241638,-2.14576721191406E-02
1,4.41,1.39998595230281,-2.38418579101563E-02
1,4.42,1.40331925218925,-0.025629997253418
1,4.43,1.40665255207568,-2.62260437011719E-02
1,4.44,1.40998585196212,-2.74181365966797E-02
1,4.45,1.41331915184855,-2.32458114624023E-02
1,4.46,1.41665245173499,-2.20537185668945E-02
1,4.47,1.41998575162143,-1.66893005371094E-02
1,4.48,1.42331905150786,-1.54972076416016E-02
1,4.49,1.4266523513943,-1.31130218505859E-02
1,4.5,1.42998565128073,-1.19209289550781E-02
1,4.51,1.43331895116717,-8.34465026855469E-03
1,4.52,1.4366522510536,-9.5367431640625E-03
1,4.53,1.43998555094004,-5.36441802978516E-03
1,4.54,1.44331885082647,-9.5367431640625E-03
1,4.55,1.44665215071291,-1.31130218505859E-02
1,4.56,1.44998545059934,-1.37090682983398E-02
1,4.57,1.45331875048578,-0.012516975402832
1,4.58,1.45665205037221,-1.60932540893555E-02
1,4.59,1.45998535025865,-0.019073486328125
1,4.6,1.46331865014508,-1.96695327758789E-02
1,4.61,1.46665195003152,-2.14576721191406E-02
1,4.62,1.46998524991795,-2.08616256713867E-02
1,4.63,1.47331854980439,-2.20537185668945E-02
1,4.64,1.47665184969082,-2.02655792236328E-02
1,4.65,1.47998514957726,-2.14576721191406E-02
1,4.66,1.4833184494637,-2.08616256713867E-02
1,4.67,1.48665174935013,-2.20537185668945E-02
1,4.68,1.48998504923657,-2.32458114624023E-02
1,4.69,1.493318349123,-2.02655792236328E-02
1,4.7,1.49665164900944,-1.96695327758789E-02
1,4.71,1.49998494889587,-1.96695327758789E-02
1,4.72,1.50331824878231,-1.96695327758789E-02
1,4.73,1.50665154866874,-2.02655792236328E-02
1,4.74,1.50998484855518,-1.96695327758789E-02
1,4.75,1.51331814844161,-2.20537185668945E-02
1,4.76,1.51665144832805,-2.20537185668945E-02
1,4.77,1.51998474821448,-2.14576721191406E-02
1,4.78,1.52331804810092,-0.025629997253418
1,4.79,1.52665134798735,-2.62260437011719E-02
1,4.8,1.52998464787379,-2.32458114624023E-02
1,4.81,1.53331794776022,-2.32458114624023E-02
1,4.82,1.53665124764666,-2.38418579101563E-02
1,4.83,1.53998454753309,-0.025629997253418
1,4.84,1.54331784741953,-2.80141830444336E-02
1,4.85,1.54665114730597,-3.03983688354492E-02
1,4.86,1.5499844471924,-2.80141830444336E-02
1,4.87,1.55331774707884,-2.74181365966797E-02
1,4.88,1.55665104696527,-2.68220901489258E-02
1,4.89,1.55998434685171,-2.74181365966797E-02
1,4.9,1.56331764673814,-2.38418579101563E-02
1,4.91,1.56665094662458,-2.32458114624023E-02
1,4.92,1.56998424651101,-2.38418579101563E-02
1,4.93,1.57331754639745,-2.26497650146484E-02
1,4.94,1.57665084628388,-2.50339508056641E-02
1,4.95,1.57998414617032,-2.74181365966797E-02
1,4.96,1.58331744605675,-2.92062759399414E-02
1,4.97,1.58665074594319,-2.74181365966797E-02
1,4.98,1.58998404582962,-3.09944152832031E-02
1,4.99,1.59331734571606,-2.80141830444336E-02
1,5,1.59665064560249,-2.98023223876953E-02
1,5.01,1.59998394548893,-2.98023223876953E-02
1,5.02,1.60331724537537,-2.86102294921875E-02
1,5.03,1.6066505452618,-3.03983688354492E-02
1,5.04,1.60998384514824,-3.33786010742188E-02
1,5.05,1.61331714503467,-3.09944152832031E-02
1,5.06,1.61665044492111,-3.27825546264648E-02
1,5.07,1.61998374480754,-3.33786010742188E-02
1,5.08,1.62331704469398,-0.031590461730957
1,5.09,1.62665034458041,-3.39746475219727E-02
1,5.1,1.62998364446685,-3.09944152832031E-02
1,5.11,1.63331694435328,-2.92062759399414E-02
1,5.12,1.63665024423972,-2.92062759399414E-02
1,5.13,1.63998354412615,-3.09944152832031E-02
1,5.14,1.64331684401259,-2.86102294921875E-02
1,5.15,1.64665014389902,-2.74181365966797E-02
1,5.16,1.64998344378546,-2.62260437011719E-02
1,5.17,1.65331674367189,-0.025629997253418
1,5.18,1.65665004355833,-0.019073486328125
1,5.19,1.65998334344476,-2.02655792236328E-02
1,5.2,1.6633166433312,-2.02655792236328E-02
1,5.21,1.66664994321764,-1.60932540893555E-02
1,5.22,1.66998324310407,-1.13248825073242E-02
1,5.23,1.67331654299051,-9.5367431640625E-03
1,5.24,1.67664984287694,-0.012516975402832
1,5.25,1.67998314276338,-1.19209289550781E-02
1,5.26,1.68331644264981,-1.60932540893555E-02
1,5.27,1.68664974253625,-1.49011611938477E-02
1,5.28,1.68998304242268,-1.78813934326172E-02
1,5.29,1.69331634230912,-1.84774398803711E-02
1,5.3,1.69664964219555,-1.60932540893555E-02
1,5.31,1.69998294208199,-1.72853469848633E-02
1,5.32,1.70331624196842,-0.019073486328125
1,5.33,1.70664954185486,-2.26497650146484E-02
1,5.34,1.70998284174129,-2.32458114624023E-02
1,5.35,1.71331614162773,-2.14576721191406E-02
1,5.36,1.71664944151416,-2.32458114624023E-02
1,5.37,1.7199827414006,-2.38418579101563E-02
1,5.38,1.72331604128703,-2.44379043579102E-02
1,5.39,1.72664934117347,-2.26497650146484E-02
1,5.4,1.72998264105991,-1.66893005371094E-02
1,5.41,1.73331594094634,-1.72853469848633E-02
1,5.42,1.73664924083278,-1.37090682983398E-02
1,5.43,1.73998254071921,-1.49011611938477E-02
1,5.44,1.74331584060565,-1.37090682983398E-02
1,5.45,1.74664914049208,-0.012516975402832
1,5.46,1.74998244037852,-1.01327896118164E-02
1,5.47,1.75331574026495,-7.74860382080078E-03
1,5.48,1.75664904015139,-6.55651092529297E-03
1,5.49,1.75998234003782,-9.5367431640625E-03
1,5.5,1.76331563992426,-7.74860382080078E-03
1,5.51,1.76664893981069,-8.94069671630859E-03
1,5.52,1.76998223969713,-1.13248825073242E-02
1,5.53,1.77331553958356,-8.94069671630859E-03
1,5.54,1.77664883947,-9.5367431640625E-03
1,5.55,1.77998213935643,-9.5367431640625E-03
1,5.56,1.78331543924287,-1.31130218505859E-02
1,5.57,1.7866487391293,-1.72853469848633E-02
1,5.58,1.78998203901574,-1.37090682983398E-02
1,5.59,1.79331533890218,-1.37090682983398E-02
1,5.6,1.79664863878861,-1.43051147460938E-02
1,5.61,1.79998193867505,-1.49011611938477E-02
1,5.62,1.80331523856148,-1.43051147460938E-02
1,5.63,1.80664853844792,-2.38418579101563E-02
1,5.64,1.80998183833435,-1.96695327758789E-02
1,5.65,1.81331513822079,-2.02655792236328E-02
1,5.66,1.81664843810722,-1.84774398803711E-02
1,5.67,1.81998173799366,-2.14576721191406E-02
1,5.68,1.82331503788009,-2.26497650146484E-02
1,5.69,1.82664833776653,-2.44379043579102E-02
1,5.7,1.82998163765296,-2.20537185668945E-02
1,5.71,1.8333149375394,-1.37090682983398E-02
1,5.72,1.83664823742583,-1.49011611938477E-02
1,5.73,1.83998153731227,-2.32458114624023E-02
1,5.74,1.8433148371987,-2.32458114624023E-02
1,5.75,1.84664813708514,-2.14576721191406E-02
1,5.76,1.84998143697158,-1.96695327758789E-02
1,5.77,1.85331473685801,-2.02655792236328E-02
1,5.78,1.85664803674445,-1.72853469848633E-02
1,5.79,1.85998133663088,-0.019073486328125
1,5.8,1.86331463651732,-2.14576721191406E-02
1,5.81,1.86664793640375,-1.84774398803711E-02
1,5.82,1.86998123629019,-2.14576721191406E-02
1,5.83,1.87331453617662,-2.38418579101563E-02
1,5.84,1.87664783606306,-2.02655792236328E-02
1,5.85,1.87998113594949,-2.44379043579102E-02
1,5.86,1.88331443583593,-2.38418579101563E-02
1,5.87,1.88664773572236,-2.44379043579102E-02
1,5.88,1.8899810356088,-2.20537185668945E-02
1,5.89,1.89331433549523,-0.019073486328125
1,5.9,1.89664763538167,-1.66893005371094E-02
1,5.91,1.8999809352681,-1.49011611938477E-02
1,5.92,1.90331423515454,-1.66893005371094E-02
1,5.93,1.90664753504097,-1.43051147460938E-02
1,5.94,1.90998083492741,-1.13248825073242E-02
1,5.95,1.91331413481385,-1.19209289550781E-02
1,5.96,1.91664743470028,-1.19209289550781E-02
1,5.97,1.91998073458672,-9.5367431640625E-03
1,5.98,1.92331403447315,-1.13248825073242E-02
1,5.99,1.92664733435959,-0.012516975402832
1,6,1.92998063424602,-1.31130218505859E-02
1,6.01,1.93331393413246,-1.19209289550781E-02
1,6.02,1.93664723401889,-1.13248825073242E-02
1,6.03,1.93998053390533,-9.5367431640625E-03
1,6.04,1.94331383379176,-9.5367431640625E-03
1,6.05,1.9466471336782,-1.01327896118164E-02
1,6.06,1.94998043356463,-1.13248825073242E-02
1,6.07,1.95331373345107,-0.012516975402832
1,6.08,1.9566470333375,-1.72853469848633E-02
1,6.09,1.95998033322394,-1.66893005371094E-02
1,6.1,1.96331363311037,-1.78813934326172E-02
1,6.11,1.96664693299681,-1.96695327758789E-02
1,6.12,1.96998023288324,-2.20537185668945E-02
1,6.13,1.97331353276968,-1.66893005371094E-02
1,6.14,1.97664683265612,-1.78813934326172E-02
1,6.15,1.97998013254255,-1.66893005371094E-02
1,6.16,1.98331343242899,-1.84774398803711E-02
1,6.17,1.98664673231542,-1.78813934326172E-02
1,6.18,1.98998003220186,-1.96695327758789E-02
1,6.19,1.99331333208829,-1.78813934326172E-02
1,6.2,1.99664663197473,-2.14576721191406E-02
1,6.21,1.99997993186116,-1.84774398803711E-02
1,6.22,2.0033132317476,-0.019073486328125
1,6.23,2.00664653163403,-2.02655792236328E-02
1,6.24,2.00997983152047,-2.14576721191406E-02
1,6.25,2.0133131314069,-2.32458114624023E-02
1,6.26,2.01664643129334,-1.96695327758789E-02
1,6.27,2.01997973117977,-2.26497650146484E-02
1,6.28,2.02331303106621,-2.50339508056641E-02
1,6.29,2.02664633095264,-2.50339508056641E-02
1,6.3,2.02997963083908,-2.20537185668945E-02
1,6.31,2.03331293072552,-2.08616256713867E-02
1,6.32,2.03664623061195,-2.14576721191406E-02
1,6.33,2.03997953049839,-2.32458114624023E-02
1,6.34,2.04331283038482,-1.96695327758789E-02
1,6.35,2.04664613027126,-0.019073486328125
1,6.36,2.04997943015769,-1.49011611938477E-02
1,6.37,2.05331273004413,-1.84774398803711E-02
1,6.38,2.05664602993056,-1.60932540893555E-02
1,6.39,2.059979329817,-1.43051147460938E-02
1,6.4,2.06331262970343,-1.72853469848633E-02
1,6.41,2.06664592958987,-1.54972076416016E-02
1,6.42,2.0699792294763,-1.54972076416016E-02
1,6.43,2.07331252936274,-1.37090682983398E-02
1,6.44,2.07664582924917,-1.43051147460938E-02
1,6.45,2.07997912913561,-1.84774398803711E-02
1,6.46,2.08331242902204,-1.78813934326172E-02
1,6.47,2.08664572890848,-1.78813934326172E-02
1,6.48,2.08997902879491,-1.31130218505859E-02
1,6.49,2.09331232868135,-1.78813934326172E-02
1,6.5,2.09664562856779,-1.72853469848633E-02
1,6.51,2.09997892845422,-1.84774398803711E-02
1,6.52,2.10331222834066,-1.84774398803711E-02
1,6.53,2.10664552822709,-1.66893005371094E-02
1,6.54,2.10997882811353,-1.72853469848633E-02
1,6.55,2.11331212799996,-1.43051147460938E-02
1,6.56,2.1166454278864,-1.54972076416016E-02
1,6.57,2.11997872777283,-1.43051147460938E-02
1,6.58,2.12331202765927,-0.019073486328125
1,6.59,2.1266453275457,-1.78813934326172E-02
1,6.6,2.12997862743214,-1.78813934326172E-02
1,6.61,2.13331192731857,-1.84774398803711E-02
1,6.62,2.13664522720501,-2.08616256713867E-02
1,6.63,2.13997852709144,-1.96695327758789E-02
1,6.64,2.14331182697788,-2.32458114624023E-02
1,6.65,2.14664512686431,-2.38418579101563E-02
1,6.66,2.14997842675075,-2.26497650146484E-02
1,6.67,2.15331172663718,-2.14576721191406E-02
1,6.68,2.15664502652362,-2.08616256713867E-02
1,6.69,2.15997832641006,-2.32458114624023E-02
1,6.7,2.16331162629649,-1.96695327758789E-02
1,6.71,2.16664492618293,-1.78813934326172E-02
1,6.72,2.16997822606936,-1.72853469848633E-02
1,6.73,2.1733115259558,-1.72853469848633E-02
1,6.74,2.17664482584223,-1.72853469848633E-02
1,6.75,2.17997812572867,-1.31130218505859E-02
1,6.76,2.1833114256151,-1.72853469848633E-02
1,6.77,2.18664472550154,-1.31130218505859E-02
1,6.78,2.18997802538797,-1.07288360595703E-02
1,6.79,2.19331132527441,-0.012516975402832
1,6.8,2.19664462516084,-0.012516975402832
1,6.81,2.19997792504728,-1.72853469848633E-02
1,6.82,2.20331122493371,-1.72853469848633E-02
1,6.83,2.20664452482015,-1.66893005371094E-02
1,6.84,2.20997782470658,-1.49011611938477E-02
1,6.85,2.21331112459302,-1.43051147460938E-02
1,6.86,2.21664442447945,-1.72853469848633E-02
1,6.87,2.21997772436589,-0.019073486328125
1,6.88,2.22331102425233,-2.14576721191406E-02
1,6.89,2.22664432413876,-2.14576721191406E-02
1,6.9,2.2299776240252,-2.20537185668945E-02
1,6.91,2.23331092391163,-2.14576721191406E-02
1,6.92,2.23664422379807,-2.14576721191406E-02
1,6.93,2.2399775236845,-0.019073486328125
1,6.94,2.24331082357094,-1.72853469848633E-02
1,6.95,2.24664412345737,-0.012516975402832
1,6.96,2.24997742334381,-7.74860382080078E-03
1,6.97,2.25331072323024,-4.76837158203125E-03
1,6.98,2.25664402311668,-4.17232513427734E-03
1,6.99,2.25997732300311,-6.55651092529297E-03
1,7,2.26331062288955,-4.76837158203125E-03
1,7.01,2.26664392277598,-5.36441802978516E-03
1,7.02,2.26997722266242,-5.36441802978516E-03
1,7.03,2.27331052254885,-2.38418579101563E-03
1,7.04,2.27664382243529,-6.55651092529297E-03
1,7.05,2.27997712232172,-5.36441802978516E-03
1,7.06,2.28331042220816,-7.74860382080078E-03
1,7.07,2.2866437220946,-3.57627868652344E-03
1,7.08,2.28997702198103,-5.36441802978516E-03
1,7.09,2.29331032186747,-7.74860382080078E-03
1,7.1,2.29997692164034,-8.34465026855469E-03
1,7.11,2.30331022152677,-8.94069671630859E-03
1,7.13,2.30664352141321,-8.94069671630859E-03
1,7.14,2.30997682129964,-6.55651092529297E-03
1,7.15,2.31664342107251,-4.17232513427734E-03
1,7.16,2.31997672095895,-5.36441802978516E-03
1,7.18,2.32331002084538,-5.36441802978516E-03
1,7.19,2.32997662061825,-1.01327896118164E-02
1,7.2,2.33330992050469,-5.36441802978516E-03
1,7.21,2.33664322039112,-2.38418579101563E-03
1,7.22,2.33997652027756,-6.55651092529297E-03
1,7.24,2.343309820164,-5.96046447753906E-03
1,7.25,2.34997641993687,-7.15255737304688E-03
1,7.26,2.3533097198233,-5.36441802978516E-03
1,7.27,2.35664301970974,-4.76837158203125E-03
1,7.28,2.35997631959617,-8.34465026855469E-03
1,7.29,2.36330961948261,-7.74860382080078E-03
1,7.3,2.36664291936904,-9.5367431640625E-03
1,7.31,2.36997621925548,-7.74860382080078E-03
1,7.32,2.37330951914191,-5.96046447753906E-03
1,7.33,2.37664281902835,-3.57627868652344E-03
1,7.34,2.37997611891478,-5.96046447753906E-04
1,7.35,2.38330941880122,0
1,7.36,2.38664271868765,0
1,7.37,2.38997601857409,2.98023223876953E-03
1,7.38,2.39330931846052,4.76837158203125E-03
1,7.39,2.39664261834696,1.19209289550781E-03
1,7.4,2.39997591823339,2.98023223876953E-03
1,7.41,2.40330921811983,-5.96046447753906E-04
1,7.42,2.40664251800627,-2.98023223876953E-03
1,7.43,2.4099758178927,0
1,7.44,2.41330911777914,1.78813934326172E-03
1,7.45,2.41664241766557,4.76837158203125E-03
1,7.46,2.41997571755201,-5.96046447753906E-04
1,7.47,2.42330901743844,-1.19209289550781E-03
1,7.48,2.42664231732488,0
1,7.49,2.42997561721131,-1.78813934326172E-03
1,7.5,2.43330891709775,-5.96046447753906E-04
1,7.51,2.43664221698418,-2.38418579101563E-03
1,7.52,2.43997551687062,-8.34465026855469E-03
1,7.53,2.44330881675705,-5.96046447753906E-03
1,7.54,2.44664211664349,-1.19209289550781E-02
1,7.55,2.44997541652992,-1.07288360595703E-02
1,7.56,2.45330871641636,-1.13248825073242E-02
1,7.57,2.45664201630279,-1.49011611938477E-02
1,7.58,2.45997531618923,-1.60932540893555E-02
1,7.59,2.46330861607566,-1.37090682983398E-02
1,7.6,2.4666419159621,-1.49011611938477E-02
1,7.61,2.46997521584854,-1.60932540893555E-02
1,7.62,2.47330851573497,-1.43051147460938E-02
1,7.63,2.47664181562141,-1.49011611938477E-02
1,7.64,2.47997511550784,-1.54972076416016E-02
1,7.65,2.48330841539428,-1.66893005371094E-02
1,7.66,2.48664171528071,-1.43051147460938E-02
1,7.67,2.48997501516715,-1.66893005371094E-02
1,7.68,2.49330831505358,-1.72853469848633E-02
1,7.69,2.49664161494002,-1.19209289550781E-02
1,7.7,2.49997491482645,-1.13248825073242E-02
1,7.71,2.50330821471289,-1.31130218505859E-02
1,7.72,2.50664151459932,-1.01327896118164E-02
1,7.73,2.50997481448576,-5.96046447753906E-03
1,7.74,2.51330811437219,-6.55651092529297E-03
1,7.75,2.51664141425863,-5.96046447753906E-03
1,7.76,2.51997471414506,-2.38418579101563E-03
1,7.77,2.5233080140315,-4.76837158203125E-03
1,7.78,2.52664131391793,-3.57627868652344E-03
1,7.79,2.52997461380437,-7.15255737304688E-03
1,7.8,2.53330791369081,-7.15255737304688E-03
1,7.81,2.53664121357724,-6.55651092529297E-03
1,7.82,2.53997451346368,-7.74860382080078E-03
1,7.83,2.54330781335011,-1.01327896118164E-02
1,7.84,2.54664111323655,-8.94069671630859E-03
1,7.85,2.54997441312298,-8.34465026855469E-03
1,7.86,2.55330771300942,-1.07288360595703E-02
1,7.87,2.55664101289585,-1.31130218505859E-02
1,7.88,2.55997431278229,-0.012516975402832
1,7.89,2.56330761266872,-1.07288360595703E-02
1,7.9,2.56664091255516,-1.07288360595703E-02
1,7.91,2.56997421244159,-1.13248825073242E-02
1,7.92,2.57330751232803,-1.13248825073242E-02
1,7.93,2.57664081221446,-9.5367431640625E-03
1,7.94,2.5799741121009,-7.15255737304688E-03
1,7.95,2.58330741198733,-6.55651092529297E-03
1,7.96,2.58664071187377,-4.17232513427734E-03
1,7.97,2.58997401176021,-1.19209289550781E-03
1,7.98,2.59330731164664,4.17232513427734E-03
1,7.99,2.59664061153308,5.36441802978516E-03
1,8,2.59997391141951,7.15255737304688E-03
1,8.01,2.60330721130595,4.76837158203125E-03
1,8.02,2.60664051119238,7.15255737304688E-03
1,8.03,2.60997381107882,1.37090682983398E-02
1,8.04,2.61330711096525,0.012516975402832
1,8.05,2.61664041085169,1.31130218505859E-02
1,8.06,2.61997371073812,1.31130218505859E-02
1,8.07,2.62330701062456,1.96695327758789E-02
1,8.08,2.62664031051099,2.02655792236328E-02
1,8.09,2.62997361039743,1.78813934326172E-02
1,8.1,2.63330691028386,1.72853469848633E-02
1,8.11,2.6366402101703,2.14576721191406E-02
1,8.12,2.63997351005673,1.60932540893555E-02
1,8.13,2.64330680994317,1.43051147460938E-02
1,8.14,2.6466401098296,0.012516975402832
1,8.15,2.64997340971604,1.01327896118164E-02
1,8.16,2.65330670960248,0.012516975402832
1,8.17,2.65664000948891,7.15255737304688E-03
1,8.18,2.65997330937535,5.96046447753906E-03
1,8.19,2.66330660926178,1.19209289550781E-03
1,8.2,2.66663990914822,1.78813934326172E-03
1,8.21,2.66997320903465,2.38418579101563E-03
1,8.22,2.67330650892109,0
1,8.23,2.67663980880752,0
1,8.24,2.67997310869396,-2.98023223876953E-03
1,8.25,2.68330640858039,-1.78813934326172E-03
1,8.26,2.68663970846683,-1.19209289550781E-03
1,8.27,2.68997300835326,0
1,8.28,2.6933063082397,-1.78813934326172E-03
1,8.29,2.69663960812613,0
1,8.3,2.69997290801257,5.96046447753906E-04
1,8.31,2.703306207899,1.19209289550781E-03
1,8.32,2.70663950778544,-2.38418579101563E-03
1,8.33,2.70997280767187,-1.78813934326172E-03
1,8.34,2.71330610755831,-4.76837158203125E-03
1,8.35,2.71663940744475,-3.57627868652344E-03
1,8.36,2.71997270733118,-8.34465026855469E-03
1,8.37,2.72330600721762,-8.94069671630859E-03
1,8.38,2.72663930710405,-7.15255737304688E-03
1,8.39,2.72997260699049,-1.01327896118164E-02
1,8.4,2.73330590687692,-1.01327896118164E-02
1,8.41,2.73663920676336,-8.94069671630859E-03
1,8.42,2.73997250664979,-1.07288360595703E-02
1,8.43,2.74330580653623,-4.76837158203125E-03
1,8.44,2.74663910642266,-3.57627868652344E-03
1,8.45,2.7499724063091,-2.38418579101563E-03
1,8.46,2.75330570619553,-5.96046447753906E-04
1,8.47,2.75663900608197,2.38418579101563E-03
1,8.48,2.7599723059684,-2.38418579101563E-03
1,8.49,2.76330560585484,1.19209289550781E-03
1,8.5,2.76663890574127,-2.98023223876953E-03
1,8.51,2.76997220562771,-4.17232513427734E-03
1,8.52,2.77330550551414,1.78813934326172E-03
1,8.53,2.77663880540058,0
1,8.54,2.77997210528702,4.76837158203125E-03
1,8.55,2.78330540517345,5.96046447753906E-03
1,8.56,2.78663870505989,5.36441802978516E-03
1,8.57,2.78997200494632,7.74860382080078E-03
1,8.58,2.79330530483276,7.74860382080078E-03
1,8.59,2.79663860471919,1.01327896118164E-02
1,8.6,2.79997190460563,7.74860382080078E-03
1,8.61,2.80330520449206,5.96046447753906E-03
1,8.62,2.8066385043785,5.96046447753906E-03
1,8.63,2.80997180426493,9.5367431640625E-03
1,8.64,2.81330510415137,8.94069671630859E-03
1,8.65,2.8166384040378,8.34465026855469E-03
1,8.66,2.81997170392424,7.74860382080078E-03
1,8.67,2.82330500381067,1.78813934326172E-03
1,8.68,2.82663830369711,-2.38418579101563E-03
1,8.69,2.82997160358354,-5.36441802978516E-03
1,8.7,2.83330490346998,-2.38418579101563E-03
1,8.71,2.83663820335642,-5.36441802978516E-03
1,8.72,2.83997150324285,-7.74860382080078E-03
1,8.73,2.84330480312929,-8.94069671630859E-03
1,8.74,2.84663810301572,-6.55651092529297E-03
1,8.75,2.84997140290216,-7.15255737304688E-03
1,8.76,2.85330470278859,-9.5367431640625E-03
1,8.77,2.85663800267503,-5.36441802978516E-03
1,8.78,2.85997130256146,-2.98023223876953E-03
1,8.79,2.8633046024479,-4.76837158203125E-03
1,8.8,2.86663790233433,-5.96046447753906E-04
1,8.81,2.86997120222077,5.36441802978516E-03
1,8.82,2.8733045021072,4.76837158203125E-03
1,8.83,2.87663780199364,7.15255737304688E-03
1,8.84,2.87997110188007,7.74860382080078E-03
1,8.85,2.88330440176651,8.94069671630859E-03
1,8.86,2.88663770165294,5.96046447753906E-03
1,8.87,2.88997100153938,9.5367431640625E-03
1,8.88,2.89330430142581,0.012516975402832
1,8.89,2.89663760131225,1.01327896118164E-02
1,8.9,2.89997090119869,7.15255737304688E-03
1,8.91,2.90330420108512,4.76837158203125E-03
1,8.92,2.90663750097156,1.01327896118164E-02
1,8.93,2.90997080085799,8.94069671630859E-03
1,8.94,2.91330410074443,7.74860382080078E-03
1,8.95,2.91663740063086,5.96046447753906E-03
1,8.96,2.9199707005173,6.55651092529297E-03
1,8.97,2.92330400040373,1.78813934326172E-03
1,8.98,2.92663730029017,1.78813934326172E-03
1,8.99,2.9299706001766,2.38418579101563E-03
1,9,2.93330390006304,-1.19209289550781E-03
1,9.01,2.93663719994947,-5.96046447753906E-04
1,9.02,2.93997049983591,-4.76837158203125E-03
1,9.03,2.94330379972234,-5.36441802978516E-03
1,9.04,2.94663709960878,-1.19209289550781E-03
1,9.05,2.94997039949521,-2.98023223876953E-03
1,9.06,2.95330369938165,-2.98023223876953E-03
1,9.07,2.95663699926808,-5.96046447753906E-03
1,9.08,2.95997029915452,-4.76837158203125E-03
1,9.09,2.96330359904096,-1.78813934326172E-03
1,9.1,2.96663689892739,0
1,9.11,2.96997019881383,-1.19209289550781E-03
1,9.12,2.97330349870026,2.38418579101563E-03
1,9.13,2.9766367985867,2.98023223876953E-03
1,9.14,2.97997009847313,0
1,9.15,2.98330339835957,1.78813934326172E-03
1,9.16,2.986636698246,2.98023223876953E-03
1,9.17,2.98996999813244,2.98023223876953E-03
1,9.18,2.99330329801887,1.19209289550781E-03
1,9.19,2.99663659790531,2.98023223876953E-03
1,9.2,2.99996989779174,5.96046447753906E-04
1,9.21,3.00330319767818,5.96046447753906E-04
1,9.22,3.00663649756461,5.96046447753906E-04
1,9.23,3.00996979745105,2.38418579101563E-03
1,9.24,3.01330309733748,5.36441802978516E-03
1,9.25,3.01663639722392,4.76837158203125E-03
1,9.26,3.01996969711035,1.78813934326172E-03
1,9.27,3.02330299699679,5.96046447753906E-03
1,9.28,3.02663629688323,6.55651092529297E-03
1,9.29,3.02996959676966,1.78813934326172E-03
1,9.3,3.0333028966561,2.38418579101563E-03
1,9.31,3.03663619654253,4.76837158203125E-03
1,9.32,3.03996949642897,4.17232513427734E-03
1,9.33,3.0433027963154,7.15255737304688E-03
1,9.34,3.04663609620184,8.34465026855469E-03
1,9.35,3.04996939608827,1.01327896118164E-02
1,9.36,3.05330269597471,1.19209289550781E-02
1,9.37,3.05663599586114,0.012516975402832
1,9.38,3.05996929574758,1.13248825073242E-02
1,9.39,3.06330259563401,1.66893005371094E-02
1,9.4,3.06663589552045,0.012516975402832
1,9.41,3.06996919540688,1.66893005371094E-02
1,9.42,3.07330249529332,1.54972076416016E-02
1,9.43,3.07663579517975,1.43051147460938E-02
1,9.44,3.07996909506619,1.37090682983398E-02
1,9.45,3.08330239495263,9.5367431640625E-03
1,9.46,3.08663569483906,1.54972076416016E-02
1,9.47,3.0899689947255,1.60932540893555E-02
1,9.48,3.09330229461193,2.26497650146484E-02
1,9.49,3.09663559449837,2.62260437011719E-02
1,9.5,3.0999688943848,0.025629997253418
1,9.51,3.10330219427124,3.69548797607422E-02
1,9.52,3.10663549415767,4.29153442382813E-02
1,9.53,3.10996879404411,5.78165054321289E-02
1,9.54,3.11330209393054,6.73532485961914E-02
1,9.55,3.11663539381698,8.10623168945313E-02
1,9.56,3.11996869370341,9.11951065063477E-02
1,9.57,3.12330199358985,0.106692314147949
1,9.58,3.12663529347628,0.121593475341797
1,9.59,3.12996859336272,0.139474868774414
1,9.6,3.13330189324915,0.153779983520508
1,9.61,3.13663519313559,0.16629695892334
1,9.62,3.13996849302202,0.18775463104248
1,9.63,3.14330179290846,0.207424163818359
1,9.64,3.1466350927949,0.224113464355469
1,9.65,3.14996839268133,0.243782997131348
1,9.66,3.15330169256777,0.264644622802734
1,9.67,3.1566349924542,0.288486480712891
1,9.68,3.15996829234064,0.306367874145508
1,9.69,3.16330159222707,0.324249267578125
1,9.7,3.16663489211351,0.346899032592773
1,9.71,3.16996819199994,0.366568565368652
1,9.72,3.17330149188638,0.3814697265625
1,9.73,3.17663479177281,0.402331352233887
1,9.74,3.17996809165925,0.424385070800781
1,9.75,3.18330139154568,0.444650650024414
1,9.76,3.18663469143212,0.464916229248047
1,9.77,3.18996799131855,0.484585762023926
1,9.78,3.19330129120499,0.50663948059082
1,9.79,3.19663459109142,0.521540641784668
1,9.8,3.19996789097786,0.540018081665039
1,9.81,3.20330119086429,0.559091567993164
1,9.82,3.20663449075073,0.585317611694336
1,9.83,3.20996779063717,0.602602958679199
1,9.84,3.2133010905236,0.625848770141602
1,9.85,3.21663439041004,0.647306442260742
1,9.86,3.21996769029647,0.666975975036621
1,9.87,3.22330099018291,0.689029693603516
1,9.88,3.22663429006934,0.71406364440918
1,9.89,3.22996758995578,0.739693641662598
1,9.9,3.23330088984221,0.761747360229492
1,9.91,3.23663418972865,0.783205032348633
1,9.92,3.23996748961508,0.807046890258789
1,9.93,3.24330078950152,0.82850456237793
1,9.94,3.24663408938795,0.854730606079102
1,9.95,3.24996738927439,0.873804092407227
1,9.96,3.25330068916082,0.897645950317383
1,9.97,3.25663398904726,0.917315483093262
1,9.98,3.25996728893369,0.941157341003418
1,9.99,3.26330058882013,0.964999198913574
1,10,3.26663388870656,0.987052917480469
1,10.01,3.269967188593,1.01208686828613
1,10.02,3.27330048847944,1.03652477264404
1,10.03,3.27663378836587,1.06215476989746
1,10.04,3.27996708825231,1.08480453491211
1,10.05,3.28330038813874,1.1134147644043
1,10.06,3.28663368802518,1.14083290100098
1,10.07,3.28996698791161,1.16229057312012
1,10.08,3.29330028779805,1.1909008026123
1,10.09,3.29663358768448,1.21593475341797
1,10.1,3.29996688757092,1.23858451843262
1,10.11,3.30330018745735,1.26361846923828
1,10.12,3.30663348734379,1.29163265228271
1,10.13,3.30996678723022,1.31964683532715
1,10.14,3.31330008711666,1.34706497192383
1,10.15,3.31663338700309,1.37269496917725
1,10.16,3.31996668688953,1.40130519866943
1,10.17,3.32329998677596,1.42574310302734
1,10.18,3.3266332866624,1.45018100738525
1,10.19,3.32996658654884,1.47998332977295
1,10.2,3.33329988643527,1.50680541992188
1,10.21,3.33663318632171,1.53183937072754
1,10.22,3.33996648620814,1.55985355377197
1,10.23,3.34329978609458,1.58846378326416
1,10.24,3.34663308598101,1.61528587341309
1,10.25,3.34996638586745,1.64330005645752
1,10.26,3.35329968575388,1.67191028594971
1,10.27,3.35663298564032,1.69932842254639
1,10.28,3.35996628552675,1.72853469848633
1,10.29,3.36329958541319,1.75654888153076
1,10.3,3.36996618518606,1.78337097167969
1,10.32,3.37329948507249,1.83403491973877
1,10.33,3.37663278495893,1.86145305633545
1,10.34,3.37996608484536,1.88708305358887
1,10.35,3.3832993847318,1.91092491149902
1,10.36,3.38996598450467,1.93595886230469
1,10.38,3.39329928439111,1.99437141418457
1,10.39,3.39996588416398,2.02298164367676
1,10.4,3.40329918405041,2.04682350158691
1,10.41,3.40663248393685,2.07126140594482
1,10.43,3.40996578382328,2.12132930755615
1,10.44,3.41663238359615,2.14099884033203
1,10.45,3.41996568348259,2.16424465179443
1,10.46,3.42329898336902,2.18570232391357
1,10.47,3.42663228325546,2.20417976379395
1,10.48,3.42996558314189,2.22504138946533
1,10.49,3.43329888302833,2.24888324737549
1,10.5,3.43663218291476,2.26974487304688
1,10.51,3.4399654828012,2.29001045227051
1,10.52,3.44329878268763,2.30908393859863
1,10.53,3.44663208257407,2.3353099822998
1,10.54,3.4499653824605,2.35676765441895
1,10.55,3.45329868234694,2.3806095123291
1,10.56,3.45663198223338,2.39789485931396
1,10.57,3.45996528211981,2.42233276367188
1,10.58,3.46329858200625,2.44736671447754
1,10.59,3.46663188189268,2.47061252593994
1,10.6,3.46996518177912,2.49683856964111
1,10.61,3.47329848166555,2.52187252044678
1,10.62,3.47663178155199,2.54571437835693
1,10.63,3.47996508143842,2.57134437561035
1,10.64,3.48329838132486,2.59459018707275
1,10.65,3.48663168121129,2.61962413787842
1,10.66,3.48996498109773,2.64465808868408
1,10.67,3.49329828098416,2.67088413238525
1,10.68,3.4966315808706,2.69651412963867
1,10.69,3.49996488075703,2.72095203399658
1,10.7,3.50329818064347,2.74419784545898
1,10.71,3.5066314805299,2.77042388916016
1,10.72,3.50996478041634,2.79724597930908
1,10.73,3.51329808030277,2.82406806945801
1,10.74,3.51663138018921,2.84731388092041
1,10.75,3.51996468007565,2.87055969238281
1,10.76,3.52329797996208,2.89738178253174
1,10.77,3.52663127984852,2.92360782623291
1,10.78,3.52996457973495,2.94804573059082
1,10.79,3.53329787962139,2.97069549560547
1,10.8,3.53663117950782,2.99453735351563
1,10.81,3.53996447939426,3.01897525787354
1,10.82,3.54329777928069,3.03924083709717
1,10.83,3.54663107916713,3.06189060211182
1,10.84,3.54996437905356,3.0893087387085
1,10.85,3.55329767894,3.11315059661865
1,10.86,3.55663097882643,3.1358003616333
1,10.87,3.55996427871287,3.16202640533447
1,10.88,3.5632975785993,3.18288803100586
1,10.89,3.56663087848574,3.20494174957275
1,10.9,3.56996417837217,3.22878360748291
1,10.91,3.57329747825861,3.25322151184082
1,10.92,3.57663077814505,3.27706336975098
1,10.93,3.57996407803148,3.29732894897461
1,10.94,3.58329737791792,3.32057476043701
1,10.95,3.58663067780435,3.34322452545166
1,10.96,3.58996397769079,3.36647033691406
1,10.97,3.59329727757722,3.39150428771973
1,10.98,3.59663057746366,3.41951847076416
1,10.99,3.59996387735009,3.44157218933105
1,11,3.60329717723653,3.46779823303223
1,11.01,3.60663047712296,3.49164009094238
1,11.02,3.6099637770094,3.51428985595703
1,11.03,3.61329707689583,3.5393238067627
1,11.04,3.61663037678227,3.56614589691162
1,11.05,3.6199636766687,3.5858154296875
1,11.06,3.62329697655514,3.60965728759766
1,11.07,3.62663027644157,3.63647937774658
1,11.08,3.62996357632801,3.65793704986572
1,11.09,3.63329687621445,3.67939472198486
1,11.1,3.63663017610088,3.70144844055176
1,11.11,3.63996347598732,3.72409820556641
1,11.12,3.64329677587375,3.74376773834229
1,11.13,3.64663007576019,3.76224517822266
1,11.14,3.64996337564662,3.78608703613281
1,11.15,3.65329667553306,3.80516052246094
1,11.16,3.65662997541949,3.82483005523682
1,11.17,3.65996327530593,3.84330749511719
1,11.18,3.66329657519236,3.86297702789307
1,11.19,3.6666298750788,3.88562679290771
1,11.2,3.66996317496523,3.90529632568359
1,11.21,3.67329647485167,3.93331050872803
1,11.22,3.6766297747381,3.95059585571289
1,11.23,3.67996307462454,3.97145748138428
1,11.24,3.68329637451097,3.98993492126465
1,11.25,3.68662967439741,4.01079654693604
1,11.26,3.68996297428384,4.03523445129395
1,11.27,3.69329627417028,4.05788421630859
1,11.28,3.69662957405671,4.07695770263672
1,11.29,3.69996287394315,4.10139560699463
1,11.3,3.70329617382959,4.12285327911377
1,11.31,3.70662947371602,4.14550304412842
1,11.32,3.70996277360246,4.16934490203857
1,11.33,3.71329607348889,4.1961669921875
1,11.34,3.71662937337533,4.21643257141113
1,11.35,3.71996267326176,4.23729419708252
1,11.36,3.7232959731482,4.25815582275391
1,11.37,3.72662927303463,4.28318977355957
1,11.38,3.72996257292107,4.30583953857422
1,11.39,3.7332958728075,4.33087348937988
1,11.4,3.73662917269394,4.35113906860352
1,11.41,3.73996247258037,4.37140464782715
1,11.42,3.74329577246681,4.39286231994629
1,11.43,3.74662907235324,4.41312789916992
1,11.44,3.74996237223968,4.43458557128906
1,11.45,3.75329567212611,4.45008277893066
1,11.46,3.75662897201255,4.47511672973633
1,11.47,3.75996227189898,4.49419021606445
1,11.48,3.76329557178542,4.51505184173584
1,11.49,3.76662887167186,4.53591346740723
1,11.5,3.76996217155829,4.55856323242188
1,11.51,3.77329547144473,4.58121299743652
1,11.52,3.77662877133116,4.60624694824219
1,11.53,3.7799620712176,4.62710857391357
1,11.54,3.78329537110403,4.65095043182373
1,11.55,3.78662867099047,4.67181205749512
1,11.56,3.7899619708769,4.691481590271
1,11.57,3.79329527076334,4.71770763397217
1,11.58,3.79662857064977,4.73916530609131
1,11.59,3.79996187053621,4.76241111755371
1,11.6,3.80329517042264,4.78148460388184
1,11.61,3.80662847030908,4.80413436889648
1,11.62,3.80996177019551,4.82439994812012
1,11.63,3.81329507008195,4.8452615737915
1,11.64,3.81662836996838,4.86791133880615
1,11.65,3.81996166985482,4.88758087158203
1,11.66,3.82329496974126,4.90903854370117
1,11.67,3.82662826962769,4.92870807647705
1,11.68,3.82996156951413,4.94599342346191
1,11.69,3.83329486940056,4.96327877044678
1,11.7,3.836628169287,4.98175621032715
1,11.71,3.83996146917343,4.99963760375977
1,11.72,3.84329476905987,5.01573085784912
1,11.73,3.8466280689463,5.03122806549072
1,11.74,3.84996136883274,5.04732131958008
1,11.75,3.85329466871917,5.06460666656494
1,11.76,3.85662796860561,5.08368015289307
1,11.77,3.85996126849204,5.09858131408691
1,11.78,3.86329456837848,5.12063503265381
1,11.79,3.86662786826491,5.14030456542969
1,11.8,3.86996116815135,5.16176223754883
1,11.81,3.87329446803778,5.18321990966797
1,11.82,3.87662776792422,5.20527362823486
1,11.83,3.87996106781066,5.22613525390625
1,11.84,3.88329436769709,5.25236129760742
1,11.85,3.88662766758353,5.26785850524902
1,11.86,3.88996096746996,5.28931617736816
1,11.87,3.8932942673564,5.31256198883057
1,11.88,3.89662756724283,5.33342361450195
1,11.89,3.89996086712927,5.35190105438232
1,11.9,3.9032941670157,5.3715705871582
1,11.91,3.90662746690214,5.38945198059082
1,11.92,3.90996076678857,5.40614128112793
1,11.93,3.91329406667501,5.4246187210083
1,11.94,3.91662736656144,5.44250011444092
1,11.95,3.91996066644788,5.45680522918701
1,11.96,3.92329396633431,5.47170639038086
1,11.97,3.92662726622075,5.4854154586792
1,11.98,3.92996056610718,5.49972057342529
1,11.99,3.93329386599362,5.51521778106689
1,12,3.93662716588005,5.53548336029053
1,12.01,3.93996046576649,5.54978847503662
1,12.02,3.94329376565293,5.5617094039917
1,12.03,3.94662706553936,5.57661056518555
1,12.04,3.9499603654258,5.59329986572266
1,12.05,3.95329366531223,5.60879707336426
1,12.06,3.95662696519867,5.61773777008057
1,12.07,3.9599602650851,5.62965869903564
1,12.08,3.96329356497154,5.64157962799072
1,12.09,3.96662686485797,5.65707683563232
1,12.1,3.96996016474441,5.66780567169189
1,12.11,3.97329346463084,5.684494972229
1,12.12,3.97662676451728,5.69641590118408
1,12.13,3.97996006440371,5.70952892303467
1,12.14,3.98329336429015,5.72085380554199
1,12.15,3.98662666417658,5.73694705963135
1,12.16,3.98995996406302,5.75542449951172
1,12.17,3.99329326394945,5.77211380004883
1,12.18,3.99662656383589,5.78880310058594
1,12.19,3.99995986372232,5.8060884475708
1,12.2,4.00329316360876,5.83052635192871
1,12.21,4.0066264634952,5.84661960601807
1,12.22,4.00995976338163,5.86569309234619
1,12.23,4.01329306326807,5.88715076446533
1,12.24,4.0166263631545,5.91099262237549
1,12.25,4.01995966304094,5.93364238739014
1,12.26,4.02329296292737,5.95331192016602
1,12.27,4.02662626281381,5.97774982452393
1,12.28,4.02995956270024,5.99801540374756
1,12.29,4.03329286258668,6.02185726165771
1,12.3,4.03662616247311,6.04331493377686
1,12.31,4.03995946235955,6.06238842010498
1,12.32,4.04329276224598,6.07907772064209
1,12.33,4.04662606213242,6.10530376434326
1,12.34,4.04995936201885,6.12735748291016
1,12.35,4.05329266190529,6.14762306213379
1,12.36,4.05662596179172,6.1720609664917
1,12.37,4.05995926167816,6.19292259216309
1,12.38,4.06329256156459,6.20901584625244
1,12.39,4.06662586145103,6.22928142547607
1,12.4,4.06995916133747,6.24954700469971
1,12.41,4.0732924612239,6.26802444458008
1,12.42,4.07662576111034,6.28292560577393
1,12.43,4.07995906099677,6.3025951385498
1,12.44,4.08329236088321,6.32166862487793
1,12.45,4.08662566076964,6.34253025054932
1,12.46,4.08995896065608,6.36160373687744
1,12.47,4.09329226054251,6.38425350189209
1,12.48,4.09662556042895,6.40153884887695
1,12.49,4.09995886031538,6.41882419586182
1,12.5,4.10329216020182,6.44207000732422
1,12.51,4.10662546008825,6.46114349365234
1,12.52,4.10995875997469,6.48796558380127
1,12.53,4.11329205986112,6.51001930236816
1,12.54,4.11662535974756,6.53326511383057
1,12.55,4.11995865963399,6.55591487884521
1,12.56,4.12329195952043,6.57737255096436
1,12.57,4.12662525940686,6.60061836242676
1,12.58,4.1299585592933,6.61849975585938
1,12.59,4.13329185917974,6.64114952087402
1,12.6,4.13662515906617,6.66141510009766
1,12.61,4.13995845895261,6.6828727722168
1,12.62,4.14329175883904,6.69956207275391
1,12.63,4.14662505872548,6.72340393066406
1,12.64,4.14995835861191,6.74307346343994
1,12.65,4.15329165849835,6.76512718200684
1,12.66,4.15662495838478,6.78062438964844
1,12.67,4.15995825827122,6.80387020111084
1,12.68,4.16329155815765,6.82353973388672
1,12.69,4.16662485804409,6.84499740600586
1,12.7,4.16995815793052,6.86228275299072
1,12.71,4.17329145781696,6.8897008895874
1,12.72,4.17662475770339,6.90817832946777
1,12.73,4.17995805758983,6.93082809448242
1,12.74,4.18329135747626,6.94513320922852
1,12.75,4.1866246573627,6.96778297424316
1,12.76,4.18995795724913,6.9880485534668
1,12.77,4.19329125713557,7.00652599334717
1,12.78,4.19662455702201,7.02619552612305
1,12.79,4.19995785690844,7.04646110534668
1,12.8,4.20329115679488,7.06672668457031
1,12.81,4.20662445668131,7.08878040313721
1,12.82,4.20995775656775,7.11321830749512
1,12.83,4.21329105645418,7.13825225830078
1,12.84,4.21662435634062,7.15851783752441
1,12.85,4.21995765622705,7.18414783477783
1,12.86,4.22329095611349,7.20739364624023
1,12.87,4.22662425599992,7.22885131835938
1,12.88,4.22995755588636,7.25150108337402
1,12.89,4.23329085577279,7.27415084838867
1,12.9,4.23662415565923,7.2944164276123
1,12.91,4.23995745554566,7.31587409973145
1,12.92,4.2432907554321,7.33554363250732
1,12.93,4.24662405531853,7.35700130462646
1,12.94,4.24995735520497,7.37786293029785
1,12.95,4.25329065509141,7.39812850952148
1,12.96,4.25662395497784,7.41660594940186
1,12.97,4.25995725486428,7.43567943572998
1,12.98,4.26329055475071,7.45177268981934
1,12.99,4.26662385463715,7.47084617614746
1,13,4.26995715452358,7.48693943023682
1,13.01,4.27329045441002,7.50482082366943
1,13.02,4.27662375429645,7.51852989196777
1,13.03,4.27995705418289,7.53581523895264
1,13.04,4.28329035406932,7.55071640014648
1,13.05,4.28662365395576,7.56800174713135
1,13.06,4.28995695384219,7.58767127990723
1,13.07,4.29329025372863,7.60853290557861
1,13.08,4.29662355361506,7.62403011322021
1,13.09,4.2999568535015,7.63952732086182
1,13.1,4.30329015338793,7.65621662139893
1,13.11,4.30662345327437,7.6746940612793
1,13.12,4.3099567531608,7.69257545471191
1,13.13,4.31329005304724,7.71164894104004
1,13.14,4.31662335293368,7.72655010223389
1,13.15,4.31995665282011,7.74145126342773
1,13.16,4.32328995270655,7.76112079620361
1,13.17,4.32662325259298,7.78377056121826
1,13.18,4.32995655247942,7.80582427978516
1,13.19,4.33328985236585,7.82370567321777
1,13.2,4.33662315225229,7.84575939178467
1,13.21,4.33995645213872,7.86840915679932
1,13.22,4.34328975202516,7.88629055023193
1,13.23,4.34662305191159,7.90834426879883
1,13.24,4.34995635179803,7.92741775512695
1,13.25,4.35328965168446,7.94589519500732
1,13.26,4.3566229515709,7.9655647277832
1,13.27,4.35995625145733,7.98583030700684
1,13.28,4.36328955134377,8.00192356109619
1,13.29,4.3666228512302,8.02040100097656
1,13.3,4.36995615111664,8.03828239440918
1,13.31,4.37328945100307,8.06093215942383
1,13.32,4.37662275088951,8.0794095993042
1,13.33,4.37995605077595,8.0949068069458
1,13.34,4.38328935066238,8.11100006103516
1,13.35,4.38662265054882,8.13126564025879
1,13.36,4.38995595043525,8.1479549407959
1,13.37,4.39328925032169,8.17000865936279
1,13.38,4.39662255020812,8.1866979598999
1,13.39,4.39995585009456,8.20457935333252
1,13.4,4.40328914998099,8.22305679321289
1,13.41,4.40662244986743,8.24630260467529
1,13.42,4.40995574975386,8.2695484161377
1,13.43,4.4132890496403,8.29041004180908
1,13.44,4.41662234952673,8.31007957458496
1,13.45,4.41995564941317,8.33094120025635
1,13.46,4.4232889492996,8.35001468658447
1,13.47,4.42662224918604,8.37206840515137
1,13.48,4.42995554907247,8.39114189147949
1,13.49,4.43328884895891,8.41379165649414
1,13.5,4.43662214884534,8.43703746795654
1,13.51,4.43995544873178,8.45491886138916
1,13.52,4.44328874861822,8.47458839416504
1,13.53,4.44662204850465,8.49485397338867
1,13.54,4.44995534839109,8.5139274597168
1,13.55,4.45328864827752,8.53180885314941
1,13.56,4.45662194816396,8.54909420013428
1,13.57,4.45995524805039,8.56697559356689
1,13.58,4.46328854793683,8.58545303344727
1,13.59,4.46662184782326,8.60452651977539
1,13.6,4.4699551477097,8.62300395965576
1,13.61,4.47328844759613,8.63432884216309
1,13.62,4.47662174748257,8.6510181427002
1,13.63,4.479955047369,8.67307186126709
1,13.64,4.48328834725544,8.6897611618042
1,13.65,4.48662164714187,8.70883464813232
1,13.66,4.48995494702831,8.72969627380371
1,13.67,4.49328824691474,8.75592231750488
1,13.68,4.49662154680118,8.77737998962402
1,13.69,4.49995484668762,8.7970495223999
1,13.7,4.50328814657405,8.82089138031006
1,13.71,4.50662144646049,8.84294509887695
1,13.72,4.50995474634692,8.86261463165283
1,13.73,4.51328804623336,8.88168811798096
1,13.74,4.51995464600623,8.90135765075684
1,13.76,4.52328794589266,8.93712043762207
1,13.77,4.5266212457791,8.95678997039795
1,13.78,4.52995454566553,8.97526741027832
1,13.79,4.5366211454384,8.98659229278564
1,13.8,4.53995444532484,9.002685546875
1,13.82,4.54328774521127,9.03546810150146
1,13.83,4.54995434498414,9.04858112335205
1,13.85,4.55328764487058,9.08613204956055
1,13.86,4.55995424464345,9.1022253036499
1,13.88,4.56328754452989,9.14096832275391
1,13.89,4.56995414430276,9.15706157684326
1,13.9,4.57328744418919,9.17613506317139
1,13.92,4.57995404396206,9.2160701751709
1,13.93,4.5832873438485,9.23514366149902
1,13.94,4.58662064373493,9.25660133361816
1,13.95,4.58995394362137,9.2768669128418
1,13.96,4.5932872435078,9.29713249206543
1,13.97,4.59662054339424,9.31203365325928
1,13.98,4.59995384328067,9.32693481445313
1,13.99,4.60328714316711,9.34362411499023
1,14,4.60662044305354,9.36031341552734
1,14.01,4.60995374293998,9.37998294830322
1,14.02,4.61328704282641,9.39488410949707
1,14.03,4.61662034271285,9.41276550292969
1,14.04,4.61995364259928,9.42647457122803
1,14.05,4.62328694248572,9.44554805755615
1,14.06,4.62662024237216,9.46342945098877
1,14.07,4.62995354225859,9.48429107666016
1,14.08,4.63328684214503,9.50455665588379
1,14.09,4.63662014203146,9.52064990997314
1,14.1,4.6399534419179,9.53972339630127
1,14.11,4.64328674180433,9.55760478973389
1,14.12,4.64662004169077,9.57071781158447
1,14.13,4.6499533415772,9.59515571594238
1,14.14,4.65328664146364,9.613037109375
1,14.15,4.65661994135007,9.63151454925537
1,14.16,4.65995324123651,9.64879989624023
1,14.17,4.66328654112294,9.66727733612061
1,14.18,4.66661984100938,9.68635082244873
1,14.19,4.66995314089581,9.70542430877686
1,14.2,4.67328644078225,9.72628593444824
1,14.21,4.67661974066868,9.74595546722412
1,14.22,4.67995304055512,9.76204872131348
1,14.23,4.68328634044155,9.77814197540283
1,14.24,4.68661964032799,9.80019569396973
1,14.25,4.68995294021443,9.8186731338501
1,14.26,4.69328624010086,9.83834266662598
1,14.27,4.6966195399873,9.85801219940186
1,14.28,4.69995283987373,9.87470149993896
1,14.29,4.70328613976017,9.89854335784912
1,14.3,4.7066194396466,9.91940498352051
1,14.31,4.70995273953304,9.93669033050537
1,14.32,4.71328603941947,9.95993614196777
1,14.33,4.71661933930591,9.97960567474365
1,14.34,4.71995263919234,9.99510288238525
1,14.35,4.72328593907878,10.0135803222656
1,14.36,4.72661923896521,10.0290775299072
1,14.37,4.72995253885165,10.0445747375488
1,14.38,4.73328583873808,10.0594758987427
1,14.39,4.73661913862452,10.0767612457275
1,14.4,4.73995243851095,10.0970268249512
1,14.41,4.74328573839739,10.1137161254883
1,14.42,4.74661903828383,10.1327896118164
1,14.43,4.74995233817026,10.15305519104
1,14.44,4.7532856380567,10.1751089096069
1,14.45,4.75661893794313,10.1935863494873
1,14.46,4.75995223782957,10.2126598358154
1,14.47,4.763285537716,10.2317333221436
1,14.48,4.76661883760244,10.2543830871582
1,14.49,4.76995213748887,10.2722644805908
1,14.5,4.77328543737531,10.2949142456055
1,14.51,4.77661873726174,10.3139877319336
1,14.52,4.77995203714818,10.3366374969482
1,14.53,4.78328533703461,10.3569030761719
1,14.54,4.78661863692105,10.378360748291
1,14.55,4.78995193680748,10.3974342346191
1,14.56,4.79328523669392,10.417103767395
1,14.57,4.79661853658035,10.4385614395142
1,14.58,4.79995183646679,10.4600191116333
1,14.59,4.80328513635322,10.4808807373047
1,14.6,4.80661843623966,10.496973991394
1,14.61,4.8099517361261,10.5160474777222
1,14.62,4.81328503601253,10.533332824707
1,14.63,4.81661833589897,10.5535984039307
1,14.64,4.8199516357854,10.5679035186768
1,14.65,4.82328493567184,10.5881690979004
1,14.66,4.82661823555827,10.603666305542
1,14.67,4.82995153544471,10.6245279312134
1,14.68,4.83328483533114,10.647177696228
1,14.69,4.83661813521758,10.6686353683472
1,14.7,4.83995143510401,10.6871128082275
1,14.71,4.84328473499045,10.7109546661377
1,14.72,4.84661803487688,10.7276439666748
1,14.73,4.84995133476332,10.7491016387939
1,14.74,4.85328463464975,10.7651948928833
1,14.75,4.85661793453619,10.7884407043457
1,14.76,4.85995123442262,10.8057260513306
1,14.77,4.86328453430906,10.8224153518677
1,14.78,4.86661783419549,10.8426809310913
1,14.79,4.86995113408193,10.8647346496582
1,14.8,4.87328443396837,10.8820199966431
1,14.81,4.8766177338548,10.9058618545532
1,14.82,4.87995103374124,10.9237432479858
1,14.83,4.88328433362767,10.9398365020752
1,14.84,4.88661763351411,10.9601020812988
1,14.85,4.88995093340054,10.9821557998657
1,14.86,4.89328423328698,11.0006332397461
1,14.87,4.89661753317341,11.020302772522
1,14.88,4.89995083305985,11.0459327697754
1,14.89,4.90328413294628,11.0703706741333
1,14.9,4.90661743283272,11.0924243927002
1,14.91,4.90995073271915,11.1126899719238
1,14.92,4.91328403260559,11.131763458252
1,14.93,4.91661733249202,11.1556053161621
1,14.94,4.91995063237846,11.1722946166992
1,14.95,4.92328393226489,11.1895799636841
1,14.96,4.92661723215133,11.2080574035645
1,14.97,4.92995053203776,11.2301111221313
1,14.98,4.9332838319242,11.2515687942505
1,14.99,4.93661713181064,11.2694501876831
1,15,4.93995043169707,11.289119720459
1,15.01,4.94328373158351,11.3070011138916
1,15.02,4.94661703146994,11.3266706466675
1,15.03,4.94995033135638,11.3487243652344
1,15.04,4.95328363124281,11.3660097122192
1,15.05,4.95661693112925,11.3850831985474
1,15.06,4.95995023101568,11.4041566848755
1,15.07,4.96328353090212,11.4214420318604
1,15.08,4.96661683078855,11.4381313323975
1,15.09,4.96995013067499,11.4578008651733
1,15.1,4.97328343056142,11.475682258606
1,15.11,4.97661673044786,11.4953517913818
1,15.12,4.97995003033429,11.5114450454712
1,15.13,4.98328333022073,11.5293264389038
1,15.14,4.98661663010716,11.5513801574707
1,15.15,4.9899499299936,11.5656852722168
1,15.16,4.99328322988004,11.5829706192017
1,15.17,4.99661652976647,11.6002559661865
1,15.18,4.99994982965291,11.6187334060669
1,15.19,5.00328312953934,11.635422706604
1,15.2,5.00661642942578,11.6521120071411
1,15.21,5.00994972931221,11.6723775863647
1,15.22,5.01328302919865,11.6920471191406
1,15.23,5.01661632908508,11.7075443267822
1,15.24,5.01994962897152,11.7230415344238
1,15.25,5.02328292885795,11.7361545562744
1,15.26,5.02661622874439,11.7588043212891
1,15.27,5.02994952863082,11.7748975753784
1,15.28,5.03328282851726,11.7939710617065
1,15.29,5.03661612840369,11.8100643157959
1,15.3,5.03994942829013,11.8261575698853
1,15.31,5.04328272817656,11.8434429168701
1,15.32,5.046616028063,11.8619203567505
1,15.33,5.04994932794943,11.8803977966309
1,15.34,5.05328262783587,11.9012594223022
1,15.35,5.05661592772231,11.9179487228394
1,15.36,5.05994922760874,11.9364261627197
1,15.37,5.06328252749518,11.9525194168091
1,15.38,5.06661582738161,11.9733810424805
1,15.39,5.06994912726805,11.9918584823608
1,15.4,5.07328242715448,12.0091438293457
1,15.41,5.07661572704092,12.0270252227783
1,15.42,5.07994902692735,12.0419263839722
1,15.43,5.08328232681379,12.0586156845093
1,15.44,5.08661562670022,12.0770931243896
1,15.45,5.08994892658666,12.0943784713745
1,15.46,5.09328222647309,12.1128559112549
1,15.47,5.09661552635953,12.1283531188965
1,15.48,5.09994882624596,12.1474266052246
1,15.49,5.1032821261324,12.1629238128662
1,15.5,5.10661542601883,12.1831893920898
1,15.51,5.10994872590527,12.2016668319702
1,15.52,5.1132820257917,12.2201442718506
1,15.53,5.11661532567814,12.241005897522
1,15.54,5.11994862556458,12.2612714767456
1,15.55,5.12328192545101,12.282133102417
1,15.56,5.12661522533745,12.3029947280884
1,15.57,5.12994852522388,12.3244524002075
1,15.58,5.13328182511032,12.3459100723267
1,15.59,5.13661512499675,12.3649835586548
1,15.6,5.13994842488319,12.3846530914307
1,15.61,5.14328172476962,12.4078989028931
1,15.62,5.14661502465606,12.4275684356689
1,15.63,5.14994832454249,12.4424695968628
1,15.64,5.15328162442893,12.4603509902954
1,15.65,5.15661492431536,12.4800205230713
1,15.66,5.1599482242018,12.5008821487427
1,15.67,5.16328152408823,12.5157833099365
1,15.68,5.16661482397467,12.5324726104736
1,15.69,5.1699481238611,12.546181678772
1,15.7,5.17328142374754,12.5652551651001
1,15.71,5.17661472363397,12.582540512085
1,15.72,5.17994802352041,12.59446144104
1,15.73,5.18328132340685,12.6087665557861
1,15.74,5.18661462329328,12.6278400421143
1,15.75,5.18994792317972,12.6492977142334
1,15.76,5.19328122306615,12.6665830612183
1,15.77,5.19661452295259,12.6862525939941
1,15.78,5.19994782283902,12.7106904983521
1,15.79,5.20328112272546,12.7297639846802
1,15.8,5.20661442261189,12.7536058425903
1,15.81,5.20994772249833,12.7774477005005
1,15.82,5.21328102238476,12.8018856048584
1,15.83,5.2166143222712,12.8233432769775
1,15.84,5.21994762215763,12.8477811813354
1,15.85,5.22328092204407,12.8722190856934
1,15.86,5.2266142219305,12.8960609436035
1,15.87,5.22994752181694,12.9204988479614
1,15.88,5.23328082170337,12.9479169845581
1,15.89,5.23661412158981,12.9729509353638
1,15.9,5.23994742147625,12.9979848861694
1,15.91,5.24328072136268,13.0248069763184
1,15.92,5.24661402124912,13.0480527877808
1,15.93,5.24994732113555,13.0754709243774
1,15.94,5.25328062102199,13.1022930145264
1,15.95,5.25661392090842,13.1267309188843
1,15.96,5.25994722079486,13.1493806838989
1,15.97,5.26328052068129,13.1714344024658
1,15.98,5.26661382056773,13.195276260376
1,15.99,5.26994712045416,13.2179260253906
1,16,5.2732804203406,13.2429599761963
1,16.01,5.27661372022703,13.2662057876587
1,16.02,5.27994702011347,13.2864713668823
1,16.03,5.2832803199999,13.309121131897
1,16.04,5.28661361988634,13.3329629898071
1,16.05,5.28994691977277,13.3603811264038
1,16.06,5.29328021965921,13.3812427520752
1,16.07,5.29661351954564,13.4038925170898
1,16.08,5.29994681943208,13.4223699569702
1,16.09,5.30328011931852,13.4479999542236
1,16.1,5.30661341920495,13.4676694869995
1,16.11,5.30994671909139,13.4879350662231
1,16.12,5.31328001897782,13.5046243667603
1,16.13,5.31661331886426,13.5254859924316
1,16.14,5.31994661875069,13.5433673858643
1,16.15,5.32327991863713,13.5624408721924
1,16.16,5.32661321852356,13.580322265625
1,16.17,5.32994651841,13.5970115661621
1,16.18,5.33327981829643,13.6184692382813
1,16.19,5.33661311818287,13.6369466781616
1,16.2,5.3399464180693,13.655424118042
1,16.21,5.34327971795574,13.6721134185791
1,16.22,5.34661301784217,13.691782951355
1,16.23,5.34994631772861,13.7156248092651
1,16.24,5.35327961761504,13.7341022491455
1,16.25,5.35661291750148,13.7531757354736
1,16.26,5.35994621738791,13.7734413146973
1,16.27,5.36327951727435,13.7907266616821
1,16.28,5.36661281716079,13.810396194458
1,16.29,5.36994611704722,13.8294696807861
1,16.3,5.37327941693366,13.8521194458008
1,16.31,5.37661271682009,13.8705968856812
1,16.32,5.37994601670653,13.8884782791138
1,16.33,5.38327931659296,13.9027833938599
1,16.34,5.3866126164794,13.921856880188
1,16.35,5.38994591636583,13.9379501342773
1,16.36,5.39327921625227,13.9552354812622
1,16.37,5.3966125161387,13.9707326889038
1,16.38,5.39994581602514,13.9898061752319
1,16.39,5.40327911591157,14.0053033828735
1,16.4,5.40661241579801,14.0237808227539
1,16.41,5.40994571568444,14.042854309082
1,16.42,5.41327901557088,14.0619277954102
1,16.43,5.41661231545731,14.0810012817383
1,16.44,5.41994561534375,14.0982866287231
1,16.45,5.42327891523018,14.1197443008423
1,16.46,5.42661221511662,14.1394138336182
1,16.47,5.42994551500306,14.1608715057373
1,16.48,5.43327881488949,14.1876935958862
1,16.49,5.43661211477593,14.2067670822144
1,16.5,5.43994541466236,14.2276287078857
1,16.51,5.4432787145488,14.2467021942139
1,16.52,5.44661201443523,14.2723321914673
1,16.53,5.44994531432167,14.2931938171387
1,16.54,5.4532786142081,14.3140554428101
1,16.55,5.45661191409454,14.3319368362427
1,16.56,5.45994521398097,14.3575668334961
1,16.57,5.46327851386741,14.3730640411377
1,16.58,5.46661181375384,14.3903493881226
1,16.59,5.46994511364028,14.4106149673462
1,16.6,5.47327841352671,14.4308805465698
1,16.61,5.47661171341315,14.4493579864502
1,16.62,5.47994501329958,14.4731998443604
1,16.63,5.48327831318602,14.4881010055542
1,16.64,5.48661161307246,14.5107507705688
1,16.65,5.48994491295889,14.532208442688
1,16.66,5.49327821284533,14.5471096038818
1,16.67,5.49661151273176,14.5649909973145
1,16.68,5.4999448126182,14.5834684371948
1,16.69,5.50327811250463,14.5965814590454
1,16.7,5.50661141239107,14.6132707595825
1,16.71,5.5099447122775,14.6293640136719
1,16.72,5.51327801216394,14.6448612213135
1,16.73,5.51661131205037,14.6561861038208
1,16.74,5.51994461193681,14.6657228469849
1,16.75,5.52327791182324,14.6794319152832
1,16.76,5.52661121170968,14.6925449371338
1,16.77,5.52994451159611,14.7062540054321
1,16.78,5.53327781148255,14.7104263305664
1,16.79,5.53661111136898,14.7366523742676
1,16.8,5.53994441125542,14.7485733032227
1,16.81,5.54327771114185,14.7581100463867
1,16.82,5.54661101102829,14.7807598114014
1,16.83,5.54994431091473,14.798641204834
1,16.84,5.55327761080116,14.8141384124756
1,16.85,5.5566109106876,14.8308277130127
1,16.86,5.55994421057403,14.8487091064453
1,16.87,5.56327751046047,14.8725509643555
1,16.88,5.5666108103469,14.8916244506836
1,16.89,5.56994411023334,14.9071216583252
1,16.9,5.57327741011977,14.9297714233398
1,16.91,5.57661071000621,14.9548053741455
1,16.92,5.57994400989264,14.9703025817871
1,16.93,5.58327730977908,14.9881839752197
1,16.94,5.58661060966551,15.0120258331299
1,16.95,5.58994390955195,15.031099319458
1,16.96,5.59327720943838,15.0454044342041
1,16.97,5.59661050932482,15.0632858276367
1,16.98,5.59994380921125,15.0930881500244
1,16.99,5.60327710909769,15.1097774505615
1,17,5.60661040898412,15.1300430297852
1,17.01,5.60994370887056,15.1526927947998
1,17.02,5.613277008757,15.17653465271
1,17.03,5.61661030864343,15.1932239532471
1,17.04,5.61994360852987,15.2158737182617
1,17.05,5.6232769084163,15.2277946472168
1,17.06,5.62661020830274,15.251636505127
1,17.07,5.62994350818917,15.2695178985596
1,17.08,5.63327680807561,15.2897834777832
1,17.09,5.63661010796204,15.3076648712158
1,17.1,5.63994340784848,15.331506729126
1,17.11,5.64327670773491,15.3529644012451
1,17.12,5.64661000762135,15.3768062591553
1,17.13,5.64994330750778,15.3958797454834
1,17.14,5.65327660739422,15.4221057891846
1,17.15,5.65660990728065,15.4423713684082
1,17.16,5.65994320716709,15.4614448547363
1,17.17,5.66327650705352,15.4829025268555
1,17.18,5.66660980693996,15.5115127563477
1,17.19,5.66994310682639,15.5425071716309
1,17.2,5.67327640671283,15.5651569366455
1,17.21,5.67660970659927,15.5889987945557
1,17.22,5.6799430064857,15.6092643737793
1,17.23,5.68327630637214,15.6283378601074
1,17.24,5.68660960625857,15.6569480895996
1,17.25,5.68994290614501,15.6772136688232
1,17.26,5.69327620603144,15.6998634338379
1,17.27,5.69660950591788,15.716552734375
1,17.28,5.69994280580431,15.7356262207031
1,17.29,5.70327610569075,15.7594680786133
1,17.3,5.70660940557718,15.7809257507324
1,17.31,5.70994270546362,15.7999992370605
1,17.32,5.71660930523649,15.8214569091797
1,17.33,5.71994260512292,15.8429145812988
1,17.35,5.72327590500936,15.8774852752686
1,17.36,5.72994250478223,15.9084796905518
1,17.37,5.73327580466867,15.9239768981934
1,17.38,5.7366091045551,15.946626663208
1,17.39,5.73994240444154,15.9716606140137
1,17.41,5.74327570432797,16.0098075866699
1,17.42,5.74994230410084,16.0408020019531
1,17.43,5.75327560398728,16.0598754882813
1,17.44,5.75660890387371,16.0765647888184
1,17.45,5.75994220376015,16.0980224609375
1,17.46,5.76327550364658,16.1206722259521
1,17.47,5.76660880353302,16.1373615264893
1,17.48,5.76994210341945,16.1576271057129
1,17.49,5.77327540330589,16.176700592041
1,17.5,5.77660870319232,16.1945819854736
1,17.51,5.77994200307876,16.2065029144287
1,17.52,5.78327530296519,16.2303447723389
1,17.53,5.78660860285163,16.254186630249
1,17.54,5.78994190273806,16.2792205810547
1,17.55,5.7932752026245,16.3006782531738
1,17.56,5.79660850251094,16.3233280181885
1,17.57,5.79994180239737,16.3471698760986
1,17.58,5.80327510228381,16.3733959197998
1,17.59,5.80660840217024,16.3960456848145
1,17.6,5.80994170205668,16.4186954498291
1,17.61,5.81327500194311,16.4306163787842
1,17.62,5.81660830182955,16.4663791656494
1,17.63,5.81994160171598,16.484260559082
1,17.64,5.82327490160242,16.5033340454102
1,17.65,5.82660820148885,16.5188312530518
1,17.66,5.82994150137529,16.5426731109619
1,17.67,5.83327480126172,16.5688991546631
1,17.68,5.83660810114816,16.5796279907227
1,17.69,5.83994140103459,16.6010856628418
1,17.7,5.84327470092103,16.6189670562744
1,17.71,5.84660800080746,16.6451930999756
1,17.72,5.8499413006939,16.6606903076172
1,17.73,5.85327460058033,16.6797637939453
1,17.74,5.85660790046677,16.6940689086914
1,17.75,5.85994120035321,16.7202949523926
1,17.76,5.86327450023964,16.7334079742432
1,17.77,5.86660780012608,16.7536735534668
1,17.78,5.86994110001251,16.7703628540039
1,17.79,5.87327439989895,16.7965888977051
1,17.8,5.87660769978538,16.8132781982422
1,17.81,5.87994099967182,16.8311595916748
1,17.82,5.88327429955825,16.857385635376
1,17.83,5.88660759944469,16.8776512145996
1,17.84,5.88994089933112,16.9003009796143
1,17.85,5.89327419921756,16.9205665588379
1,17.86,5.89660749910399,16.9384479522705
1,17.87,5.89994079899043,16.9634819030762
1,17.88,5.90327409887686,16.9801712036133
1,17.89,5.9066073987633,17.0004367828369
1,17.9,5.90994069864973,17.0290470123291
1,17.91,5.91327399853617,17.0481204986572
1,17.92,5.9166072984226,17.0612335205078
1,17.93,5.91994059830904,17.082691192627
1,17.94,5.92327389819548,17.0981884002686
1,17.95,5.92660719808191,17.1184539794922
1,17.96,5.92994049796835,17.1387195587158
1,17.97,5.93327379785478,17.1554088592529
1,17.98,5.93660709774122,17.164945602417
1,17.99,5.93994039762765,17.1852111816406
1,18,5.94327369751409,17.1983242034912
1,18.01,5.94660699740052,17.2185897827148
1,18.02,5.94994029728696,17.235279083252
1,18.03,5.95327359717339,17.249584197998
1,18.04,5.95660689705983,17.2662734985352
1,18.05,5.95994019694626,17.2710418701172
1,18.06,5.9632734968327,17.2913074493408
1,18.07,5.96660679671913,17.3020362854004
1,18.08,5.96994009660557,17.315149307251
1,18.09,5.973273396492,17.3342227935791
1,18.1,5.97660669637844,17.3425674438477
1,18.11,5.97993999626487,17.3509120941162
1,18.12,5.98327329615131,17.3664093017578
1,18.13,5.98660659603775,17.3807144165039
1,18.14,5.98993989592418,17.39501953125
1,18.15,5.99327319581062,17.4152851104736
1,18.16,5.99660649569705,17.4260139465332
1,18.17,5.99993979558349,17.4379348754883
1,18.18,6.00327309546992,17.4534320831299
1,18.19,6.00660639535636,17.467737197876
1,18.2,6.00993969524279,17.4856185913086
1,18.21,6.01327299512923,17.5011157989502
1,18.22,6.01660629501566,17.5225734710693
1,18.23,6.0199395949021,17.5333023071289
1,18.24,6.02327289478853,17.5511837005615
1,18.25,6.02660619467497,17.5702571868896
1,18.26,6.0299394945614,17.5869464874268
1,18.27,6.03327279444784,17.6107883453369
1,18.28,6.03660609433427,17.6286697387695
1,18.29,6.03993939422071,17.6489353179932
1,18.3,6.04327269410715,17.6727771759033
1,18.31,6.04660599399358,17.695426940918
1,18.32,6.04993929388002,17.7204608917236
1,18.33,6.05327259376645,17.7395343780518
1,18.34,6.05660589365289,17.7574157714844
1,18.35,6.05993919353932,17.7884101867676
1,18.36,6.06327249342576,17.8110599517822
1,18.37,6.06660579331219,17.8277492523193
1,18.38,6.06993909319863,17.855167388916
1,18.39,6.07327239308506,17.8682804107666
1,18.4,6.0766056929715,17.8968906402588
1,18.41,6.07993899285793,17.9147720336914
1,18.42,6.08327229274437,17.9374217987061
1,18.43,6.0866055926308,17.9529190063477
1,18.44,6.08993889251724,17.9791450500488
1,18.45,6.09327219240367,17.998218536377
1,18.46,6.09660549229011,18.0184841156006
1,18.47,6.09993879217654,18.0435180664063
1,18.48,6.10327209206298,18.0542469024658
1,18.49,6.10660539194942,18.080472946167
1,18.5,6.10993869183585,18.0995464324951
1,18.51,6.11327199172229,18.1162357330322
1,18.52,6.11660529160872,18.1353092193604
1,18.53,6.11993859149516,18.1615352630615
1,18.54,6.12327189138159,18.1794166564941
1,18.55,6.12660519126803,18.2032585144043
1,18.56,6.12993849115446,18.2259082794189
1,18.57,6.1332717910409,18.2569026947021
1,18.58,6.13660509092733,18.2831287384033
1,18.59,6.13993839081377,18.308162689209
1,18.6,6.1432716907002,18.3367729187012
1,18.61,6.14660499058664,18.3594226837158
1,18.62,6.14993829047307,18.3868408203125
1,18.63,6.15327159035951,18.4106826782227
1,18.64,6.15660489024594,18.4261798858643
1,18.65,6.15993819013238,18.455982208252
1,18.66,6.16327149001881,18.4798240661621
1,18.67,6.16660478990525,18.5012817382813
1,18.68,6.16993808979169,18.5179710388184
1,18.69,6.17327138967812,18.5477733612061
1,18.7,6.17660468956456,18.5704231262207
1,18.71,6.17993798945099,18.5918807983398
1,18.72,6.18327128933743,18.6192989349365
1,18.73,6.18660458922386,18.6371803283691
1,18.74,6.1899378891103,18.6717510223389
1,18.75,6.19327118899673,18.6920166015625
1,18.76,6.19660448888317,18.7158584594727
1,18.77,6.1999377887696,18.7397003173828
1,18.78,6.20327108865604,18.7575817108154
1,18.79,6.20660438854247,18.7849998474121
1,18.8,6.20993768842891,18.8040733337402
1,18.81,6.21327098831534,18.8279151916504
1,18.82,6.21660428820178,18.8469886779785
1,18.83,6.21993758808821,18.8696384429932
1,18.84,6.22327088797465,18.8958644866943
1,18.85,6.22660418786108,18.9197063446045
1,18.86,6.22993748774752,18.9435482025146
1,18.87,6.23327078763396,18.9614295959473
1,18.88,6.23660408752039,18.993616104126
1,18.89,6.23993738740683,19.0150737762451
1,18.9,6.24327068729326,19.0341472625732
1,18.91,6.2466039871797,19.0544128417969
1,18.92,6.24993728706613,19.078254699707
1,18.93,6.25327058695257,19.1056728363037
1,18.94,6.256603886839,19.1235542297363
1,18.95,6.25993718672544,19.1414356231689
1,18.96,6.26327048661187,19.1617012023926
1,18.97,6.26660378649831,19.1867351531982
1,18.98,6.26993708638474,19.2117691040039
1,18.99,6.27327038627118,19.2320346832275
1,19,6.27660368615761,19.2534923553467
1,19.01,6.27993698604405,19.2737579345703
1,19.02,6.28327028593048,19.2940235137939
1,19.03,6.28660358581692,19.3142890930176
1,19.04,6.28993688570336,19.3285942077637
1,19.05,6.29327018558979,19.3476676940918
1,19.06,6.29660348547623,19.3655490875244
1,19.07,6.29993678536266,19.3774700164795
1,19.08,6.3032700852491,19.385814666748
1,19.09,6.30660338513553,19.4036960601807
1,19.1,6.30993668502197,19.4275379180908
1,19.11,6.3132699849084,19.4382667541504
1,19.12,6.31660328479484,19.4525718688965
1,19.13,6.31993658468127,19.4704532623291
1,19.14,6.32326988456771,19.4847583770752
1,19.15,6.32660318445414,19.5026397705078
1,19.16,6.32993648434058,19.5181369781494
1,19.17,6.33326978422701,19.5348262786865
1,19.18,6.33660308411345,19.5491313934326
1,19.19,6.33993638399989,19.5670127868652
1,19.2,6.34326968388632,19.5860862731934
1,19.21,6.34660298377275,19.611120223999
1,19.22,6.34993628365919,19.6290016174316
1,19.23,6.35326958354563,19.6492671966553
1,19.24,6.35660288343206,19.6743011474609
1,19.25,6.3599361833185,19.6945667266846
1,19.26,6.36326948320493,19.7136402130127
1,19.27,6.36660278309137,19.7303295135498
1,19.28,6.3699360829778,19.7505950927734
1,19.29,6.37326938286424,19.7756290435791
1,19.3,6.37660268275067,19.7923183441162
1,19.31,6.37993598263711,19.8113918304443
1,19.32,6.38326928252354,19.838809967041
1,19.33,6.38660258240998,19.8543071746826
1,19.34,6.38993588229641,19.8745727539063
1,19.35,6.39326918218285,19.8960304260254
1,19.36,6.39660248206928,19.911527633667
1,19.37,6.39993578195572,19.9401378631592
1,19.38,6.40326908184215,19.9520587921143
1,19.39,6.40660238172859,19.9723243713379
1,19.4,6.40993568161502,19.996166229248
1,19.41,6.41326898150146,20.0140476226807
1,19.42,6.4166022813879,20.0307369232178
1,19.43,6.41993558127433,20.0462341308594
1,19.44,6.42326888116077,20.0700759887695
1,19.45,6.4266021810472,20.0927257537842
1,19.46,6.42993548093364,20.1129913330078
1,19.47,6.43326878082007,20.1296806335449
1,19.48,6.43660208070651,20.148754119873
1,19.49,6.43993538059294,20.1725959777832
1,19.5,6.44326868047938,20.1904773712158
1,19.51,6.44660198036581,20.2095508575439
1,19.52,6.44993528025225,20.2333927154541
1,19.53,6.45326858013868,20.2536582946777
1,19.54,6.45660188002512,20.2727317810059
1,19.55,6.45993517991155,20.2906131744385
1,19.56,6.46326847979799,20.3084945678711
1,19.57,6.46660177968442,20.3335285186768
1,19.58,6.46993507957086,20.3490257263184
1,19.59,6.47326837945729,20.36452293396
1,19.6,6.47660167934373,20.3812122344971
1,19.61,6.47993497923017,20.4002857208252
1,19.62,6.4832682791166,20.4122066497803
1,19.63,6.48660157900304,20.4312801361084
1,19.64,6.48993487888947,20.4479694366455
1,19.65,6.49326817877591,20.4658508300781
1,19.66,6.49660147866234,20.4789638519287
1,19.67,6.49993477854878,20.4896926879883
1,19.68,6.50326807843521,20.5159187316895
1,19.69,6.50660137832165,20.5349922180176
1,19.7,6.50993467820808,20.5552577972412
1,19.71,6.51326797809452,20.5695629119873
1,19.72,6.51660127798095,20.5981731414795
1,19.73,6.51993457786739,20.6184387207031
1,19.74,6.52326787775382,20.6375122070313
1,19.75,6.52660117764026,20.66969871521
1,19.76,6.52993447752669,20.6935405731201
1,19.77,6.53326777741313,20.7126140594482
1,19.78,6.53660107729957,20.7412242889404
1,19.79,6.539934377186,20.7674503326416
1,19.8,6.54326767707244,20.7901000976563
1,19.81,6.54660097695887,20.8163261413574
1,19.82,6.54993427684531,20.8365917205811
1,19.83,6.55326757673174,20.8616256713867
1,19.84,6.55660087661818,20.8818912506104
1,19.85,6.55993417650461,20.9009647369385
1,19.86,6.56326747639105,20.9259986877441
1,19.87,6.56660077627748,20.9462642669678
1,19.88,6.56993407616392,20.9653377532959
1,19.89,6.57326737605035,20.984411239624
1,19.9,6.57660067593679,21.0058689117432
1,19.91,6.57993397582322,21.0237503051758
1,19.92,6.58326727570966,21.0428237915039
1,19.93,6.5866005755961,21.0630893707275
1,19.94,6.58993387548253,21.0821628570557
1,19.95,6.59326717536896,21.1036205291748
1,19.96,6.5966004752554,21.1238861083984
1,19.97,6.59993377514184,21.1477279663086
1,19.98,6.60326707502827,21.1715698242188
1,19.99,6.60660037491471,21.1894512176514
1,20,6.60993367480114,21.2204456329346
1,20.01,6.61326697468758,21.2478637695313
1,20.02,6.61660027457401,21.2740898132324
1,20.03,6.61993357446045,21.2943553924561
1,20.04,6.62326687434688,21.3325023651123
1,20.05,6.62660017423332,21.355152130127
1,20.06,6.62993347411975,21.3837623596191
1,20.07,6.63326677400619,21.4052200317383
1,20.08,6.63660007389262,21.4338302612305
1,20.09,6.63993337377906,21.4576721191406
1,20.1,6.64326667366549,21.4779376983643
1,20.11,6.64659997355193,21.4958190917969
1,20.12,6.64993327343836,21.5208530426025
1,20.13,6.6532665733248,21.5411186218262
1,20.14,6.65659987321123,21.5637683868408
1,20.15,6.65993317309767,21.5792655944824
1,20.16,6.66326647298411,21.5935707092285
1,20.17,6.66659977287054,21.6186046600342
1,20.18,6.66993307275698,21.6400623321533
1,20.19,6.67326637264341,21.6615200042725
1,20.2,6.67659967252985,21.6841697692871
1,20.21,6.67993297241628,21.7056274414063
1,20.22,6.68326627230272,21.7258930206299
1,20.23,6.68659957218915,21.747350692749
1,20.24,6.68993287207559,21.7723846435547
1,20.25,6.69326617196202,21.7890739440918
1,20.26,6.69659947184846,21.8033790588379
1,20.27,6.69993277173489,21.8284130096436
1,20.28,6.70326607162133,21.8498706817627
1,20.29,6.70659937150776,21.8665599822998
1,20.3,6.7099326713942,21.8844413757324
1,20.31,6.71326597128063,21.9118595123291
1,20.32,6.71659927116707,21.9333171844482
1,20.33,6.7199325710535,21.9511985778809
1,20.34,6.72326587093994,21.967887878418
1,20.35,6.72659917082638,21.9929218292236
1,20.36,6.72993247071281,22.0155715942383
1,20.37,6.73326577059925,22.0370292663574
1,20.38,6.73659907048568,22.0584869384766
1,20.39,6.73993237037212,22.0751762390137
1,20.4,6.74326567025855,22.1037864685059
1,20.41,6.74659897014499,22.120475769043
1,20.42,6.74993227003142,22.1395492553711
1,20.43,6.75326556991786,22.1574306488037
1,20.44,6.75659886980429,22.1753120422363
1,20.45,6.75993216969073,22.19557762146
1,20.46,6.76326546957716,22.2134590148926
1,20.47,6.7665987694636,22.2229957580566
1,20.48,6.76993206935003,22.2539901733398
1,20.49,6.77326536923647,22.2742557525635
1,20.5,6.7765986691229,22.2945213317871
1,20.51,6.77993196900934,22.3100185394287
1,20.52,6.78326526889578,22.3326683044434
1,20.53,6.78659856878221,22.3541259765625
1,20.54,6.78993186866865,22.3791599273682
1,20.55,6.79326516855508,22.4077701568604
1,20.56,6.79659846844152,22.4244594573975
1,20.57,6.79993176832795,22.4530696868896
1,20.58,6.80326506821439,22.4721431732178
1,20.59,6.80659836810082,22.4983692169189
1,20.6,6.80993166798726,22.5222110748291
1,20.61,6.81326496787369,22.5436687469482
1,20.62,6.81659826776013,22.5710868835449
1,20.63,6.81993156764656,22.5865840911865
1,20.64,6.823264867533,22.6068496704102
1,20.65,6.82659816741943,22.6271152496338
1,20.66,6.82993146730587,22.6569175720215
1,20.67,6.83326476719231,22.6712226867676
1,20.68,6.83659806707874,22.6914882659912
1,20.69,6.83993136696517,22.7129459381104
1,20.7,6.84326466685161,22.733211517334
1,20.71,6.84659796673805,22.7534770965576
1,20.72,6.84993126662448,22.7737426757813
1,20.73,6.85326456651092,22.7916240692139
1,20.74,6.85659786639735,22.815465927124
1,20.75,6.85993116628379,22.8345394134521
1,20.76,6.86326446617022,22.8512287139893
1,20.77,6.86659776605666,22.8714942932129
1,20.78,6.86993106594309,22.885799407959
1,20.79,6.87326436582953,22.9084491729736
1,20.8,6.87659766571596,22.9215621948242
1,20.81,6.8799309656024,22.9382514953613
1,20.82,6.88326426548883,22.9513645172119
1,20.83,6.88659756537527,22.9787826538086
1,20.84,6.8899308652617,22.9978561401367
1,20.85,6.89326416514814,23.0145454406738
1,20.86,6.89993076492101,23.0288505554199
1,20.88,6.90326406480744,23.0705738067627
1,20.89,6.90659736469388,23.0872631072998
1,20.9,6.90993066458032,23.1051445007324
1,20.91,6.91659726435319,23.120641708374
1,20.92,6.91993056423962,23.1325626373291
1,20.93,6.92326386412606,23.1528282165527
1,20.94,6.92659716401249,23.1719017028809
1,20.95,6.92993046389893,23.1873989105225
1,20.96,6.93326376378536,23.2064723968506
1,20.97,6.9365970636718,23.2267379760742
1,20.98,6.93993036355823,23.2374668121338
1,21,6.94326366344467,23.2613086700439
1,21.01,6.94993026321754,23.2768058776855
1,21.02,6.95326356310397,23.2994556427002
1,21.03,6.95659686299041,23.3089923858643
1,21.04,6.95993016287684,23.3268737792969
1,21.05,6.96326346276328,23.3447551727295
1,21.06,6.96659676264971,23.3626365661621
1,21.07,6.96993006253615,23.3840942382813
1,21.08,6.97326336242259,23.4031677246094
1,21.09,6.97659666230902,23.425817489624
1,21.1,6.97992996219546,23.4425067901611
1,21.11,6.98326326208189,23.4675407409668
1,21.12,6.98659656196833,23.4901905059814
1,21.13,6.98992986185476,23.5128402709961
1,21.14,6.9932631617412,23.5342979431152
1,21.15,6.99659646162763,23.5486030578613
1,21.16,6.99992976151407,23.5724449157715
1,21.17,7.0032630614005,23.5927104949951
1,21.18,7.00659636128694,23.6105918884277
1,21.19,7.00992966117337,23.6284732818604
1,21.2,7.01326296105981,23.6451625823975
1,21.21,7.01659626094624,23.6690044403076
1,21.22,7.01992956083268,23.6868858337402
1,21.23,7.02326286071911,23.7059593200684
1,21.24,7.02659616060555,23.7274169921875
1,21.25,7.02992946049199,23.7488746643066
1,21.26,7.03326276037842,23.7715244293213
1,21.27,7.03659606026486,23.7941741943359
1,21.28,7.03992936015129,23.8180160522461
1,21.29,7.04326266003773,23.8418579101563
1,21.3,7.04659595992416,23.8656997680664
1,21.31,7.0499292598106,23.8871574401855
1,21.32,7.05326255969703,23.9145755767822
1,21.33,7.05659585958347,23.9288806915283
1,21.34,7.0599291594699,23.953914642334
1,21.35,7.06326245935634,23.9717960357666
1,21.36,7.06659575924277,23.9992141723633
1,21.37,7.06992905912921,24.0194797515869
1,21.38,7.07326235901564,24.0409374237061
1,21.39,7.07659565890208,24.0659713745117
1,21.4,7.07992895878852,24.0898132324219
1,21.41,7.08326225867495,24.113655090332
1,21.42,7.08659555856138,24.1339206695557
1,21.43,7.08992885844782,24.1541862487793
1,21.44,7.09326215833426,24.1768360137939
1,21.45,7.09659545822069,24.2006778717041
1,21.46,7.09992875810713,24.2233276367188
1,21.47,7.10326205799356,24.2459774017334
1,21.48,7.10659535788,24.2710113525391
1,21.49,7.10992865776643,24.3008136749268
1,21.5,7.11326195765287,24.3234634399414
1,21.51,7.1165952575393,24.3508815765381
1,21.52,7.11992855742574,24.3759155273438
1,21.53,7.12326185731217,24.4081020355225
1,21.54,7.12659515719861,24.4367122650146
1,21.55,7.12992845708504,24.4629383087158
1,21.56,7.13326175697148,24.4903564453125
1,21.57,7.13659505685791,24.5261192321777
1,21.58,7.13992835674435,24.5559215545654
1,21.59,7.14326165663078,24.5869159698486
1,21.6,7.14659495651722,24.6155261993408
1,21.61,7.14992825640365,24.6381759643555
1,21.62,7.15326155629009,24.6655941009521
1,21.63,7.15659485617653,24.6942043304443
1,21.64,7.15992815606296,24.724006652832
1,21.65,7.1632614559494,24.7478485107422
1,21.66,7.16659475583583,24.7657299041748
1,21.67,7.16992805572227,24.796724319458
1,21.68,7.1732613556087,24.8205661773682
1,21.69,7.17659465549514,24.8324871063232
1,21.7,7.17992795538157,24.8610973358154
1,21.71,7.18326125526801,24.8777866363525
1,21.72,7.18659455515444,24.8920917510986
1,21.73,7.18992785504088,24.9087810516357
1,21.74,7.19326115492731,24.9314308166504
1,21.75,7.19659445481375,24.9481201171875
1,21.76,7.19992775470018,24.9564647674561
1,21.77,7.20326105458662,24.9767303466797
1,21.78,7.20659435447305,24.9946117401123
1,21.79,7.20992765435949,25.0124931335449
1,21.8,7.21326095424593,25.029182434082
1,21.81,7.21659425413236,25.0422954559326
1,21.82,7.2199275540188,25.0601768493652
1,21.83,7.22326085390523,25.0792503356934
1,21.84,7.22659415379167,25.101900100708
1,21.85,7.2299274536781,25.1173973083496
1,21.86,7.23326075356454,25.1352787017822
1,21.87,7.23659405345097,25.1507759094238
1,21.88,7.23992735333741,25.1734256744385
1,21.89,7.24326065322384,25.1936912536621
1,21.9,7.24659395311028,25.2115726470947
1,21.91,7.24992725299671,25.2318382263184
1,21.92,7.25326055288315,25.259256362915
1,21.93,7.25659385276958,25.2878665924072
1,21.94,7.25992715265602,25.3045558929443
1,21.95,7.26326045254245,25.3236293792725
1,21.96,7.26659375242889,25.3558158874512
1,21.97,7.26992705231532,25.3772735595703
1,21.98,7.27326035220176,25.3987312316895
1,21.99,7.2765936520882,25.4178047180176
1,22,7.27992695197463,25.4356861114502
1,22.01,7.28326025186107,25.4559516906738
1,22.02,7.2865935517475,25.4809856414795
1,22.03,7.28992685163394,25.4964828491211
1,22.04,7.29326015152037,25.5191326141357
1,22.05,7.29659345140681,25.5393981933594
1,22.06,7.29992675129324,25.5656242370605
1,22.07,7.30326005117968,25.5870819091797
1,22.08,7.30659335106611,25.6085395812988
1,22.09,7.30992665095255,25.629997253418
1,22.1,7.31325995083898,25.6526470184326
1,22.11,7.31659325072542,25.6693363189697
1,22.12,7.31992655061185,25.6919860839844
1,22.13,7.32325985049829,25.7027149200439
1,22.14,7.32659315038473,25.7337093353271
1,22.15,7.32992645027116,25.7456302642822
1,22.16,7.33325975015759,25.7718563079834
1,22.17,7.33659305004403,25.784969329834
1,22.18,7.33992634993047,25.8064270019531
1,22.19,7.3432596498169,25.8183479309082
1,22.2,7.34659294970334,25.8421897888184
1,22.21,7.34992624958977,25.860071182251
1,22.22,7.35325954947621,25.8791446685791
1,22.23,7.35659284936264,25.8922576904297
1,22.24,7.35992614924908,25.9196758270264
1,22.25,7.36325944913551,25.942325592041
1,22.26,7.36659274902195,25.9602069854736
1,22.27,7.36992604890838,25.9852409362793
1,22.28,7.37325934879482,26.0019302368164
1,22.29,7.37659264868125,26.0317325592041
1,22.3,7.37992594856769,26.0496139526367
1,22.31,7.38325924845412,26.0674953460693
1,22.32,7.38659254834056,26.090145111084
1,22.33,7.389925848227,26.1068344116211
1,22.34,7.39325914811343,26.1270999908447
1,22.35,7.39659244799986,26.1437892913818
1,22.36,7.3999257478863,26.1592864990234
1,22.37,7.40325904777274,26.1819362640381
1,22.38,7.40659234765917,26.1926651000977
1,22.39,7.40992564754561,26.2141227722168
1,22.4,7.41325894743204,26.2296199798584
1,22.41,7.41659224731848,26.249885559082
1,22.42,7.41992554720491,26.2641906738281
1,22.43,7.42325884709135,26.2820720672607
1,22.44,7.42659214697778,26.3059139251709
1,22.45,7.42992544686422,26.3237953186035
1,22.46,7.43325874675065,26.3381004333496
1,22.47,7.43659204663709,26.3631343841553
1,22.48,7.43992534652352,26.3810157775879
1,22.49,7.44325864640996,26.4012813568115
1,22.5,7.44659194629639,26.4203548431396
1,22.51,7.44992524618283,26.4441967010498
1,22.52,7.45325854606926,26.4632701873779
1,22.53,7.4565918459557,26.4859199523926
1,22.54,7.45992514584214,26.5085697174072
1,22.55,7.46325844572857,26.5264511108398
1,22.56,7.46659174561501,26.547908782959
1,22.57,7.46992504550144,26.5657901763916
1,22.58,7.47325834538788,26.5908241271973
1,22.59,7.47659164527431,26.6170501708984
1,22.6,7.47992494516075,26.6289710998535
1,22.61,7.48325824504718,26.6408920288086
1,22.62,7.48659154493362,26.6695022583008
1,22.63,7.48992484482005,26.695728302002
1,22.64,7.49325814470649,26.7136096954346
1,22.65,7.49659144459292,26.7338752746582
1,22.66,7.49992474447936,26.7636775970459
1,22.67,7.50325804436579,26.7815589904785
1,22.68,7.50659134425223,26.8042087554932
1,22.69,7.50992464413866,26.8268585205078
1,22.7,7.5132579440251,26.8518924713135
1,22.71,7.51659124391153,26.8697738647461
1,22.72,7.51992454379797,26.8852710723877
1,22.73,7.52325784368441,26.9067287445068
1,22.74,7.52659114357084,26.935338973999
1,22.75,7.52992444345728,26.9591808319092
1,22.76,7.53325774334371,26.9830226898193
1,22.77,7.53659104323015,27.0068645477295
1,22.78,7.53992434311658,27.0318984985352
1,22.79,7.54325764300302,27.0545482635498
1,22.8,7.54659094288945,27.0819664001465
1,22.81,7.54992424277589,27.0998477935791
1,22.82,7.55325754266232,27.1213054656982
1,22.83,7.55659084254876,27.1403789520264
1,22.84,7.55992414243519,27.153491973877
1,22.85,7.56325744232163,27.16064453125
1,22.86,7.56659074220806,27.1761417388916
1,22.87,7.5699240420945,27.1856784820557
1,22.88,7.57325734198094,27.1999835968018
1,22.89,7.57659064186737,27.2083282470703
1,22.9,7.5799239417538,27.2202491760254
1,22.91,7.58325724164024,27.233362197876
1,22.92,7.58659054152668,27.2524356842041
1,22.93,7.58992384141311,27.2691249847412
1,22.94,7.59325714129955,27.2858142852783
1,22.95,7.59659044118598,27.2989273071289
1,22.96,7.59992374107242,27.3120403289795
1,22.97,7.60325704095885,27.3311138153076
1,22.98,7.60659034084529,27.3513793945313
1,22.99,7.60992364073172,27.3704528808594
1,23,7.61325694061816,27.390718460083
1,23.01,7.61659024050459,27.4097919464111
1,23.02,7.61992354039103,27.4300575256348
1,23.03,7.62325684027746,27.4455547332764
1,23.04,7.6265901401639,27.4658203125
1,23.05,7.62992344005033,27.4956226348877
1,23.06,7.63325673993677,27.5290012359619
1,23.07,7.63659003982321,27.5492668151855
1,23.08,7.63992333970964,27.5814533233643
1,23.09,7.64325663959607,27.6076793670654
1,23.1,7.64658993948251,27.6362895965576
1,23.11,7.64992323936895,27.6672840118408
1,23.12,7.65325653925538,27.7066230773926
1,23.13,7.65658983914182,27.7328491210938
1,23.14,7.65992313902825,27.7614593505859
1,23.15,7.66325643891469,27.7864933013916
1,23.16,7.66658973880112,27.8174877166748
1,23.17,7.66992303868756,27.8389453887939
1,23.18,7.67325633857399,27.8627872467041
1,23.19,7.67658963846043,27.8806686401367
1,23.2,7.67992293834686,27.9128551483154
1,23.21,7.6832562382333,27.9331207275391
1,23.22,7.68658953811973,27.9545783996582
1,23.23,7.68992283800617,27.9724597930908
1,23.24,7.6932561378926,28.0022621154785
1,23.25,7.69658943777904,28.0272960662842
1,23.26,7.69992273766547,28.0427932739258
1,23.27,7.70325603755191,28.071403503418
1,23.28,7.70658933743835,28.0940532684326
1,23.29,7.70992263732478,28.1143188476563
1,23.3,7.71325593721122,28.1417369842529
1,23.31,7.71658923709765,28.1631946563721
1,23.32,7.71992253698409,28.1822681427002
1,23.33,7.72325583687052,28.2025337219238
1,23.34,7.72658913675696,28.2227993011475
1,23.35,7.72992243664339,28.2490253448486
1,23.36,7.73325573652983,28.2657146453857
1,23.37,7.73658903641626,28.2847881317139
1,23.38,7.7399223363027,28.303861618042
1,23.39,7.74325563618913,28.3253192901611
1,23.4,7.74658893607557,28.3432006835938
1,23.41,7.749922235962,28.3670425415039
1,23.42,7.75325553584844,28.388500213623
1,23.43,7.75658883573487,28.4123420715332
1,23.44,7.75992213562131,28.4326076507568
1,23.45,7.76325543550774,28.4469127655029
1,23.46,7.76658873539418,28.4719467163086
1,23.47,7.76992203528062,28.4981727600098
1,23.48,7.77325533516705,28.5124778747559
1,23.49,7.77658863505349,28.5351276397705
1,23.5,7.77992193493992,28.5553932189941
1,23.51,7.78325523482636,28.5756587982178
1,23.52,7.78658853471279,28.5983085632324
1,23.53,7.78992183459923,28.6173820495605
1,23.54,7.79325513448566,28.6448001861572
1,23.55,7.7965884343721,28.6698341369629
1,23.56,7.79992173425853,28.6960601806641
1,23.57,7.80325503414497,28.7258625030518
1,23.58,7.8065883340314,28.7461280822754
1,23.59,7.80992163391784,28.7699699401855
1,23.6,7.81325493380427,28.7878513336182
1,23.61,7.81658823369071,28.8116931915283
1,23.62,7.81992153357715,28.836727142334
1,23.63,7.82325483346358,28.8569927215576
1,23.64,7.82658813335002,28.8820266723633
1,23.65,7.82992143323645,28.9082527160645
1,23.66,7.83325473312289,28.9332866668701
1,23.67,7.83658803300932,28.9499759674072
1,23.68,7.83992133289576,28.9702415466309
1,23.69,7.84325463278219,28.986930847168
1,23.7,7.84658793266863,29.0191173553467
1,23.71,7.84992123255506,29.0405750274658
1,23.72,7.8532545324415,29.0548801422119
1,23.73,7.85658783232793,29.0799140930176
1,23.74,7.85992113221437,29.0977954864502
1,23.75,7.8632544321008,29.1168689727783
1,23.76,7.86658773198724,29.1383266448975
1,23.77,7.86992103187367,29.1609764099121
1,23.78,7.87325433176011,29.1800498962402
1,23.79,7.87658763164654,29.1991233825684
1,23.8,7.87992093153298,29.219388961792
1,23.81,7.88325423141941,29.2420387268066
1,23.82,7.88658753130585,29.2658805847168
1,23.83,7.88992083119228,29.2956829071045
1,23.84,7.89325413107872,29.3195247650146
1,23.85,7.89658743096516,29.3385982513428
1,23.86,7.89992073085159,29.3624401092529
1,23.87,7.90325403073803,29.3827056884766
1,23.88,7.90658733062446,29.4101238250732
1,23.89,7.9099206305109,29.4351577758789
1,23.9,7.91325393039733,29.454231262207
1,23.91,7.91658723028377,29.4876098632813
1,23.92,7.9199205301702,29.4971466064453
1,23.93,7.92325383005664,29.5186042785645
1,23.94,7.92658712994307,29.5352935791016
1,23.95,7.92992042982951,29.5686721801758
1,23.96,7.93325372971594,29.5829772949219
1,23.97,7.93658702960238,29.60205078125
1,23.98,7.93992032948881,29.6211242675781
1,23.99,7.94325362937525,29.6401977539063
1,24,7.94658692926169,29.6425819396973
1,24.01,7.94992022914812,29.6807289123535
1,24.02,7.95325352903456,29.7093391418457
1,24.03,7.95658682892099,29.7212600708008
1,24.04,7.95992012880743,29.7331809997559
1,24.05,7.96325342869386,29.757022857666
1,24.06,7.9665867285803,29.7999382019043
1,24.07,7.96992002846673,29.8142433166504
1,24.08,7.97325332835317,29.8261642456055
1,24.09,7.9765866282396,29.8571586608887
1,24.1,7.97991992812604,29.8857688903809
1,24.11,7.98325322801247,29.9072265625
1,24.12,7.98658652789891,29.9334526062012
1,24.13,7.98991982778534,29.9668312072754
1,24.14,7.99325312767178,29.9859046936035
1,24.15,7.99658642755821,30.0049781799316
1,24.16,7.99991972744465,30.0192832946777
1,24.17,8.00325302733108,30.0455093383789
1,24.18,8.00658632721752,30.0765037536621
1,24.19,8.00991962710395,30.1074981689453
1,24.2,8.01658622687683,30.1218032836914
1,24.21,8.01991952676326,30.1408767700195
1,24.23,8.0232528266497,30.1980972290039
1,24.24,8.02991942642257,30.2219390869141
1,24.25,8.033252726309,30.2481651306152
1,24.26,8.03658602619544,30.2839279174805
1,24.27,8.03991932608187,30.3125381469727
1,24.29,8.04325262596831,30.364990234375
1,24.3,8.04991922574118,30.3888320922852
1,24.31,8.05325252562761,30.4079055786133
1,24.32,8.05658582551405,30.4436683654785
1,24.33,8.05991912540048,30.4651260375977
1,24.34,8.06325242528692,30.4794311523438
1,24.35,8.06658572517335,30.5008888244629
1,24.36,8.06991902505979,30.522346496582
1,24.37,8.07325232494623,30.5557250976563
1,24.38,8.07658562483266,30.5652618408203
1,24.39,8.0799189247191,30.5795669555664
1,24.4,8.08325222460553,30.5938720703125
1,24.41,8.08658552449197,30.6224822998047
1,24.42,8.0899188243784,30.6534767150879
1,24.43,8.09325212426484,30.670166015625
1,24.44,8.09658542415127,30.6844711303711
1,24.45,8.09991872403771,30.7130813598633
1,24.46,8.10325202392414,30.7393074035645
1,24.47,8.10658532381058,30.7512283325195
1,24.48,8.10991862369701,30.7774543762207
1,24.49,8.11325192358345,30.8036804199219
1,24.5,8.11658522346988,30.827522277832
1,24.51,8.11991852335632,30.8537483215332
1,24.52,8.12325182324276,30.8656692504883
1,24.53,8.12658512312919,30.9085845947266
1,24.54,8.12991842301562,30.9324264526367
1,24.55,8.13325172290206,30.9586524963379
1,24.56,8.13658502278849,30.9848785400391
1,24.57,8.13991832267493,30.9991836547852
1,24.58,8.14325162256137,31.0182571411133
1,24.59,8.1465849224478,31.0540199279785
1,24.6,8.14991822233424,31.0611724853516
1,24.61,8.15325152222067,31.1017036437988
1,24.62,8.15658482210711,31.1160087585449
1,24.63,8.15991812199354,31.1493873596191
1,24.64,8.16325142187998,31.1708450317383
1,24.65,8.16658472176641,31.1899185180664
1,24.66,8.16991802165285,31.2209129333496
1,24.67,8.17325132153928,31.2376022338867
1,24.68,8.17658462142572,31.2614440917969
1,24.69,8.17991792131215,31.275749206543
1,24.7,8.18325122119859,31.2972068786621
1,24.71,8.18658452108502,31.3282012939453
1,24.72,8.18991782097146,31.3377380371094
1,24.73,8.19325112085789,31.3615798950195
1,24.74,8.19658442074433,31.3830375671387
1,24.75,8.19991772063077,31.3973426818848
1,24.76,8.2032510205172,31.43310546875
1,24.77,8.20658432040364,31.4450263977051
1,24.78,8.20991762029007,31.4688682556152
1,24.79,8.21325092017651,31.5022468566895
1,24.8,8.21658422006294,31.5189361572266
1,24.81,8.21991751994938,31.5594673156738
1,24.82,8.22325081983581,31.588077545166
1,24.83,8.22658411972225,31.6166877746582
1,24.84,8.22991741960868,31.6405296325684
1,24.85,8.23325071949512,31.6858291625977
1,24.86,8.23658401938155,31.7096710205078
1,24.87,8.23991731926799,31.745433807373
1,24.88,8.24325061915443,31.7668914794922
1,24.89,8.24658391904086,31.8002700805664
1,24.9,8.24991721892729,31.8360328674316
1,24.91,8.25325051881373,31.8551063537598
1,24.92,8.25658381870016,31.888484954834
1,24.93,8.2599171185866,31.9027900695801
1,24.94,8.26325041847304,31.9337844848633
1,24.95,8.26658371835947,31.9528579711914
1,24.96,8.26991701824591,31.9719314575195
1,24.97,8.27325031813234,32.0124626159668
1,24.98,8.27658361801878,32.0243835449219
1,24.99,8.27991691790521,32.050609588623
1,25,8.28325021779165,32.0744514465332
1,25.01,8.28658351767808,32.0935249328613
1,25.02,8.28991681756452,32.1149826049805
1,25.03,8.29325011745095,32.1412086486816
1,25.04,8.29658341733739,32.1722030639648
1,25.05,8.29991671722382,32.188892364502
1,25.06,8.30325001711026,32.198429107666
1,25.07,8.30658331699669,32.2318077087402
1,25.08,8.30991661688313,32.2484970092773
1,25.09,8.31324991676956,32.2699546813965
1,25.1,8.316583216656,32.2818756103516
1,25.11,8.31991651654244,32.2937965393066
1,25.12,8.32324981642887,32.3224067687988
1,25.13,8.32658311631531,32.343864440918
1,25.14,8.32991641620174,32.355785369873
1,25.15,8.33324971608818,32.3891639709473
1,25.16,8.33658301597461,32.4010848999023
1,25.17,8.33991631586105,32.4153900146484
1,25.18,8.34324961574748,32.4416160583496
1,25.19,8.34658291563392,32.4583053588867
1,25.2,8.34991621552035,32.4678421020508
1,25.21,8.35324951540679,32.496452331543
1,25.22,8.35658281529322,32.5179100036621
1,25.23,8.35991611517966,32.5369834899902
1,25.24,8.36324941506609,32.5441360473633
1,25.25,8.36658271495253,32.5703620910645
1,25.26,8.36991601483897,32.5846672058105
1,25.27,8.3732493147254,32.5918197631836
1,25.28,8.37658261461183,32.6204299926758
1,25.29,8.37991591449827,32.6347351074219
1,25.3,8.3832492143847,32.6395034790039
1,25.31,8.38658251427114,32.656192779541
1,25.32,8.38991581415758,32.6871871948242
1,25.33,8.39324911404401,32.6967239379883
1,25.34,8.39658241393045,32.7324867248535
1,25.35,8.39991571381688,32.7467918395996
1,25.36,8.40324901370332,32.7682495117188
1,25.37,8.40658231358975,32.799243927002
1,25.38,8.40991561347619,32.811164855957
1,25.39,8.41324891336262,32.8397750854492
1,25.4,8.41658221324906,32.8516960144043
1,25.41,8.41991551313549,32.8779220581055
1,25.42,8.42324881302193,32.9160690307617
1,25.43,8.42658211290836,32.9422950744629
1,25.44,8.4299154127948,32.956600189209
1,25.45,8.43324871268123,32.9756736755371
1,25.46,8.43658201256767,33.0138206481934
1,25.47,8.4399153124541,33.0328941345215
1,25.48,8.44324861234054,33.0591201782227
1,25.49,8.44658191222698,33.0686569213867
1,25.5,8.44991521211341,33.0996513366699
1,25.51,8.45324851199985,33.118724822998
1,25.52,8.45658181188628,33.1449508666992
1,25.53,8.45991511177272,33.1568717956543
1,25.54,8.46324841165915,33.1926345825195
1,25.55,8.46658171154559,33.2069396972656
1,25.56,8.46991501143202,33.2283973693848
1,25.57,8.47324831131846,33.2498550415039
1,25.58,8.47658161120489,33.2880020141602
1,25.59,8.47991491109133,33.3118438720703
1,25.6,8.48324821097776,33.3380699157715
1,25.61,8.4865815108642,33.3571434020996
1,25.62,8.48991481075064,33.3762168884277
1,25.63,8.49324811063707,33.3929061889648
1,25.64,8.4965814105235,33.4334373474121
1,25.65,8.49991471040994,33.4525108337402
1,25.66,8.50324801029637,33.4835052490234
1,25.67,8.50658131018281,33.5049629211426
1,25.68,8.50991461006925,33.5288047790527
1,25.69,8.51324790995568,33.5550308227539
1,25.7,8.51658120984212,33.5884094238281
1,25.71,8.51991450972855,33.6098670959473
1,25.72,8.52324780961499,33.6313247680664
1,25.73,8.52658110950142,33.6670875549316
1,25.74,8.52991440938786,33.6933135986328
1,25.75,8.53324770927429,33.7052345275879
1,25.76,8.53658100916073,33.7362289428711
1,25.77,8.53991430904716,33.7696075439453
1,25.78,8.5432476089336,33.7934494018555
1,25.79,8.54658090882003,33.8125228881836
1,25.8,8.54991420870647,33.8459014892578
1,25.81,8.5532475085929,33.879280090332
1,25.82,8.55658080847934,33.9055061340332
1,25.83,8.55991410836577,33.9317321777344
1,25.84,8.56324740825221,33.9603424072266
1,25.85,8.56658070813865,33.9865684509277
1,25.86,8.56991400802508,34.0032577514648
1,25.87,8.57324730791152,34.031867980957
1,25.88,8.57658060779795,34.0533256530762
1,25.89,8.57991390768439,34.0771675109863
1,25.9,8.58324720757082,34.0938568115234
1,25.91,8.58658050745726,34.1081619262695
1,25.92,8.58991380734369,34.1415405273438
1,25.93,8.59324710723013,34.1677665710449
1,25.94,8.59658040711656,34.182071685791
1,25.95,8.599913707003,34.2106819152832
1,25.96,8.60324700688943,34.2345237731934
1,25.97,8.60658030677587,34.2535972595215
1,25.98,8.6099136066623,34.2750549316406
1,25.99,8.61324690654874,34.3036651611328
1,26,8.61658020643518,34.3227386474609
1,26.01,8.61991350632161,34.3489646911621
1,26.02,8.62324680620804,34.3728065490723
1,26.03,8.62658010609448,34.4061851501465
1,26.04,8.62991340598091,34.4371795654297
1,26.05,8.63324670586735,34.4467163085938
1,26.06,8.63658000575379,34.482479095459
1,26.07,8.63991330564022,34.5039367675781
1,26.08,8.64324660552666,34.5253944396973
1,26.09,8.64657990541309,34.5540046691895
1,26.1,8.64991320529953,34.5730781555176
1,26.11,8.65324650518596,34.6040725708008
1,26.12,8.6565798050724,34.6279144287109
1,26.13,8.65991310495883,34.642219543457
1,26.14,8.66324640484527,34.6803665161133
1,26.15,8.6665797047317,34.6946716308594
1,26.16,8.66991300461814,34.6970558166504
1,26.17,8.67324630450457,34.7399711608887
1,26.18,8.67657960439101,34.7518920898438
1,26.19,8.67991290427744,34.7709655761719
1,26.2,8.68324620416388,34.7900390625
1,26.21,8.68657950405031,34.8138809204102
1,26.22,8.68991280393675,34.8472595214844
1,26.23,8.69324610382319,34.8567962646484
1,26.24,8.69657940370962,34.8925590515137
1,26.25,8.69991270359606,34.9116325378418
1,26.26,8.70324600348249,34.9307060241699
1,26.27,8.70657930336893,34.9664688110352
1,26.28,8.70991260325536,35.0022315979004
1,26.29,8.7132459031418,35.0213050842285
1,26.3,8.71657920302823,35.0475311279297
1,26.31,8.71991250291467,35.0689888000488
1,26.32,8.7232458028011,35.092830657959
1,26.33,8.72657910268754,35.1262092590332
1,26.34,8.72991240257397,35.1595878601074
1,26.35,8.73324570246041,35.1762771606445
1,26.36,8.73657900234685,35.1977348327637
1,26.37,8.73991230223328,35.2311134338379
1,26.38,8.74324560211971,35.245418548584
1,26.39,8.74657890200615,35.2716445922852
1,26.4,8.74991220189258,35.2954864501953
1,26.41,8.75324550177902,35.3121757507324
1,26.42,8.75657880166546,35.3431701660156
1,26.43,8.75991210155189,35.3574752807617
1,26.44,8.76324540143833,35.3765487670898
1,26.45,8.76657870132476,35.395622253418
1,26.46,8.7699120012112,35.4218482971191
1,26.47,8.77324530109763,35.4409217834473
1,26.48,8.77657860098407,35.4576110839844
1,26.49,8.7799119008705,35.4909896850586
1,26.5,8.78324520075694,35.4981422424316
1,26.51,8.78657850064337,35.5195999145508
1,26.52,8.78991180052981,35.5434417724609
1,26.53,8.79324510041624,35.560131072998
1,26.54,8.79657840030268,35.5982780456543
1,26.55,8.79991170018911,35.6101989746094
1,26.56,8.80324500007555,35.6364250183105
1,26.57,8.80657829996198,35.6650352478027
1,26.58,8.80991159984842,35.6960296630859
1,26.59,8.81324489973486,35.710334777832
1,26.6,8.81657819962129,35.7460975646973
1,26.61,8.81991149950773,35.7747077941895
1,26.62,8.82324479939416,35.7961654663086
1,26.63,8.8265780992806,35.8200073242188
1,26.64,8.82991139916703,35.855770111084
1,26.65,8.83324469905347,35.8915328979492
1,26.66,8.8365779989399,35.9129905700684
1,26.67,8.83991129882634,35.9344482421875
1,26.68,8.84324459871277,35.9654426574707
1,26.69,8.84657789859921,35.9916687011719
1,26.7,8.84991119848564,36.0202789306641
1,26.71,8.85324449837208,36.0321998596191
1,26.72,8.85657779825851,36.0679626464844
1,26.73,8.85991109814495,36.0870361328125
1,26.74,8.86324439803139,36.1156463623047
1,26.75,8.86657769791782,36.1394882202148
1,26.76,8.86991099780425,36.158561706543
1,26.77,8.87324429769069,36.1800193786621
1,26.78,8.87657759757712,36.1990928649902
1,26.79,8.87991089746356,36.2205505371094
1,26.8,8.88324419735,36.2420082092285
1,26.81,8.88657749723643,36.2753868103027
1,26.82,8.88991079712287,36.3016128540039
1,26.83,8.8932440970093,36.320686340332
1,26.84,8.89657739689574,36.3421440124512
1,26.85,8.89991069678217,36.3755226135254
1,26.86,8.90324399666861,36.4089012145996
1,26.87,8.90657729655504,36.4422798156738
1,26.88,8.90991059644148,36.466121673584
1,26.89,8.91324389632791,36.4971160888672
1,26.9,8.91657719621435,36.5328788757324
1,26.91,8.91991049610078,36.5543365478516
1,26.92,8.92324379598722,36.5853309631348
1,26.93,8.92657709587365,36.5996360778809
1,26.94,8.92991039576009,36.6353988647461
1,26.95,8.93324369564652,36.6497039794922
1,26.96,8.93657699553296,36.6640090942383
1,26.97,8.9399102954194,36.6854667663574
1,26.98,8.94324359530583,36.7140769958496
1,26.99,8.94657689519227,36.7283821105957
1,27,8.9499101950787,36.7641448974609
1,27.01,8.95324349496514,36.776065826416
1,27.02,8.95657679485157,36.7951393127441
1,27.03,8.95991009473801,36.8118286132813
1,27.04,8.96324339462444,36.8404388427734
1,27.05,8.96657669451088,36.8690490722656
1,27.06,8.96990999439731,36.8833541870117
1,27.07,8.97324329428375,36.9167327880859
1,27.08,8.97657659417018,36.9477272033691
1,27.09,8.97990989405662,36.9691848754883
1,27.1,8.98324319394306,36.9834899902344
1,27.11,8.98657649382949,37.0097160339355
1,27.12,8.98990979371592,37.0550155639648
1,27.13,8.99324309360236,37.078857421875
1,27.14,8.99657639348879,37.0955467224121
1,27.15,8.99990969337523,37.1170043945313
1,27.16,9.00324299326167,37.1623039245605
1,27.17,9.0065762931481,37.1909141540527
1,27.18,9.00990959303454,37.2171401977539
1,27.19,9.01324289292097,37.2409820556641
1,27.2,9.01657619280741,37.2695922851563
1,27.21,9.01990949269384,37.2982025146484
1,27.22,9.02324279258028,37.3291969299316
1,27.23,9.02657609246671,37.3482704162598
1,27.24,9.02990939235315,37.3673439025879
1,27.25,9.03324269223958,37.391185760498
1,27.26,9.03657599212602,37.4031066894531
1,27.27,9.03990929201245,37.4269485473633
1,27.28,9.04324259189889,37.4460220336914
1,27.29,9.04657589178532,37.4555587768555
1,27.3,9.04990919167176,37.5032424926758
1,27.31,9.05324249155819,37.5103950500488
1,27.32,9.05657579144463,37.529468536377
1,27.33,9.05990909133107,37.5485420227051
1,27.34,9.0632423912175,37.5866889953613
1,27.35,9.06657569110394,37.6129150390625
1,27.36,9.06990899099037,37.6224517822266
1,27.37,9.07324229087681,37.6605987548828
1,27.38,9.07657559076324,37.686824798584
1,27.39,9.07990889064968,37.7106666564941
1,27.4,9.08324219053611,37.7297401428223
1,27.41,9.08657549042255,37.7511978149414
1,27.42,9.08990879030898,37.7917289733887
1,27.43,9.09324209019542,37.8179550170898
1,27.44,9.09657539008185,37.844181060791
1,27.45,9.09990868996829,37.8727912902832
1,27.46,9.10324198985472,37.8990173339844
1,27.47,9.10657528974116,37.9204750061035
1,27.48,9.1099085896276,37.9467010498047
1,27.49,9.11324188951403,37.9610061645508
1,27.5,9.11657518940046,37.992000579834
1,27.51,9.1199084892869,38.0158424377441
1,27.52,9.12324178917333,38.0373001098633
1,27.53,9.12657508905977,38.0611419677734
1,27.54,9.12990838894621,38.0897521972656
1,27.55,9.13324168883264,38.1135940551758
1,27.56,9.13990828860551,38.1374359130859
1,27.58,9.14324158849195,38.1803512573242
1,27.59,9.14657488837838,38.2041931152344
1,27.6,9.14990818826482,38.2280349731445
1,27.61,9.15324148815125,38.2590293884277
1,27.62,9.15990808792412,38.2828712463379
1,27.64,9.16324138781056,38.3234024047852
1,27.65,9.16990798758343,38.3591651916504
1,27.66,9.17324128746986,38.3877754211426
1,27.68,9.1765745873563,38.4426116943359
1,27.69,9.18324118712917,38.4616851806641
1,27.7,9.18657448701561,38.4879112243652
1,27.71,9.18990778690204,38.5260581970215
1,27.72,9.19324108678848,38.5427474975586
1,27.73,9.19657438667491,38.5689735412598
1,27.74,9.19990768656135,38.5951995849609
1,27.75,9.20324098644778,38.6166572570801
1,27.76,9.20657428633422,38.6381149291992
1,27.77,9.20990758622065,38.6691093444824
1,27.78,9.21324088610709,38.6857986450195
1,27.79,9.21657418599352,38.7024879455566
1,27.8,9.21990748587996,38.7096405029297
1,27.81,9.22324078576639,38.7287139892578
1,27.82,9.22657408565283,38.752555847168
1,27.83,9.22990738553927,38.7716293334961
1,27.84,9.2332406854257,38.7835502624512
1,27.85,9.23657398531213,38.8026237487793
1,27.86,9.23990728519857,38.8121604919434
1,27.87,9.243240585085,38.8383865356445
1,27.88,9.24657388497144,38.8622283935547
1,27.89,9.24990718485788,38.8693809509277
1,27.9,9.25324048474431,38.8956069946289
1,27.91,9.25657378463075,38.917064666748
1,27.92,9.25990708451718,38.9432907104492
1,27.93,9.26324038440362,38.9599800109863
1,27.94,9.26657368429005,38.9814376831055
1,27.95,9.26990698417649,39.0124320983887
1,27.96,9.27324028406292,39.0434265136719
1,27.97,9.27657358394936,39.0744209289551
1,27.98,9.27990688383579,39.1054153442383
1,27.99,9.28324018372223,39.1173362731934
1,28,9.28657348360866,39.1507148742676
1,28.01,9.2899067834951,39.1697883605957
1,28.02,9.29324008338153,39.1983985900879
1,28.03,9.29657338326797,39.207935333252
1,28.04,9.2999066831544,39.2532348632813
1,28.05,9.30323998304084,39.2746925354004
1,28.06,9.30657328292728,39.3009185791016
1,28.07,9.30990658281371,39.3199920654297
1,28.08,9.31323988270015,39.362907409668
1,28.09,9.31657318258658,39.3867492675781
1,28.1,9.31990648247302,39.4129753112793
1,28.11,9.32323978235945,39.4392013549805
1,28.12,9.32657308224589,39.4487380981445
1,28.13,9.32990638213232,39.4868850708008
1,28.14,9.33323968201876,39.517879486084
1,28.15,9.33657298190519,39.5369529724121
1,28.16,9.33990628179163,39.5464897155762
1,28.17,9.34323958167806,39.5965576171875
1,28.18,9.3465728815645,39.6084785461426
1,28.19,9.34990618145093,39.6394729614258
1,28.2,9.35323948133737,39.6728515625
1,28.21,9.35657278122381,39.6943092346191
1,28.22,9.35990608111024,39.7276878356934
1,28.23,9.36323938099667,39.7491455078125
1,28.24,9.36657268088311,39.7706031799316
1,28.25,9.36990598076954,39.8087501525879
1,28.26,9.37323928065598,39.825439453125
1,28.27,9.37657258054242,39.8468971252441
1,28.28,9.37990588042885,39.8802757263184
1,28.29,9.38323918031529,39.8969650268555
1,28.3,9.38657248020172,39.9255752563477
1,28.31,9.38990578008816,39.9327278137207
1,28.32,9.39323907997459,39.9518013000488
1,28.33,9.39657237986103,39.985179901123
1,28.34,9.39990567974746,40.0090217590332
1,28.35,9.4032389796339,40.0233268737793
1,28.36,9.40657227952033,40.0471687316895
1,28.37,9.40990557940677,40.0686264038086
1,28.38,9.4132388792932,40.0972366333008
1,28.39,9.41657217917964,40.128231048584
1,28.4,9.41990547906607,40.1496887207031
1,28.41,9.42323877895251,40.1639938354492
1,28.42,9.42657207883894,40.1878356933594
1,28.43,9.42990537872538,40.2307510375977
1,28.44,9.43323867861182,40.2450561523438
1,28.45,9.43657197849825,40.2688980102539
1,28.46,9.43990527838469,40.2951240539551
1,28.47,9.44323857827112,40.3428077697754
1,28.48,9.44657187815756,40.3618812561035
1,28.49,9.44990517804399,40.3881072998047
1,28.5,9.45323847793043,40.4047966003418
1,28.51,9.45657177781686,40.438175201416
1,28.52,9.4599050777033,40.4810905456543
1,28.53,9.46323837758973,40.5025482177734
1,28.54,9.46657167747617,40.5335426330566
1,28.55,9.4699049773626,40.5597686767578
1,28.56,9.47323827724904,40.595531463623
1,28.57,9.47657157713548,40.6265258789063
1,28.58,9.47990487702191,40.6455993652344
1,28.59,9.48323817690834,40.6718254089355
1,28.6,9.48657147679478,40.7028198242188
1,28.61,9.48990477668121,40.740966796875
1,28.62,9.49323807656765,40.7648086547852
1,28.63,9.49657137645409,40.7934188842773
1,28.64,9.49990467634052,40.8220291137695
1,28.65,9.50323797622696,40.8411026000977
1,28.66,9.50657127611339,40.8720970153809
1,28.67,9.50990457599983,40.891170501709
1,28.68,9.51323787588626,40.9245491027832
1,28.69,9.5165711757727,40.9460067749023
1,28.7,9.51990447565913,40.9603118896484
1,28.71,9.52323777554557,40.9960746765137
1,28.72,9.526571075432,41.0223007202148
1,28.73,9.52990437531844,41.0318374633789
1,28.74,9.53323767520487,41.0652160644531
1,28.75,9.53657097509131,41.1009788513184
1,28.76,9.53990427497774,41.1272048950195
1,28.77,9.54323757486418,41.1510467529297
1,28.78,9.54657087475061,41.1748886108398
1,28.79,9.54990417463705,41.2154197692871
1,28.8,9.55323747452349,41.2416458129883
1,28.81,9.55657077440992,41.2702560424805
1,28.82,9.55990407429636,41.2988662719727
1,28.83,9.56323737418279,41.3417816162109
1,28.84,9.56657067406923,41.3846969604492
1,28.85,9.56990397395566,41.4228439331055
1,28.86,9.5732372738421,41.4514541625977
1,28.87,9.57657057372853,41.4848327636719
1,28.88,9.57990387361497,41.5301322937012
1,28.89,9.5832371735014,41.5682792663574
1,28.9,9.58657047338784,41.5921211242676
1,28.91,9.58990377327427,41.6231155395508
1,28.92,9.59323707316071,41.654109954834
1,28.93,9.59657037304714,41.6803359985352
1,28.94,9.59990367293358,41.7280197143555
1,28.95,9.60323697282002,41.7613983154297
1,28.96,9.60657027270645,41.7804718017578
1,28.97,9.60990357259288,41.813850402832
1,28.98,9.61323687247932,41.8448448181152
1,28.99,9.61657017236575,41.8806076049805
1,29,9.61990347225219,41.9068336486816
1,29.01,9.62323677213863,41.9378280639648
1,29.02,9.62657007202506,41.959285736084
1,29.03,9.6299033719115,41.9974327087402
1,29.04,9.63323667179793,42.0284271240234
1,29.05,9.63656997168437,42.0498847961426
1,29.06,9.6399032715708,42.0808792114258
1,29.07,9.64323657145724,42.1142578125
1,29.08,9.64656987134367,42.1404838562012
1,29.09,9.64990317123011,42.1500205993652
1,29.1,9.65323647111654,42.1977043151855
1,29.11,9.65656977100298,42.2048568725586
1,29.12,9.65990307088941,42.2263145446777
1,29.13,9.66323637077585,42.2453880310059
1,29.14,9.66656967066228,42.273998260498
1,29.15,9.66990297054872,42.2883033752441
1,29.16,9.67323627043515,42.3073768615723
1,29.17,9.67656957032159,42.3312187194824
1,29.18,9.67990287020803,42.3359870910645
1,29.19,9.68323617009446,42.3455238342285
1,29.2,9.6865694699809,42.3550605773926
1,29.21,9.68990276986733,42.3669815063477
1,29.22,9.69323606975377,42.3765182495117
1,29.23,9.6965693696402,42.3860549926758
1,29.24,9.69990266952664,42.3860549926758
1,29.25,9.70323596941307,42.4075126647949
1,29.26,9.70656926929951,42.414665222168
1,29.27,9.70990256918594,42.4337387084961
1,29.28,9.71323586907238,42.4432754516602
1,29.29,9.71656916895881,42.4551963806152
1,29.3,9.71990246884525,42.4838066101074
1,29.31,9.72323576873169,42.4933433532715
1,29.32,9.72656906861812,42.5100326538086
1,29.33,9.72990236850456,42.5314903259277
1,29.34,9.73323566839099,42.572021484375
1,29.35,9.73656896827742,42.5934791564941
1,29.36,9.73990226816386,42.6030158996582
1,29.37,9.7432355680503,42.6292419433594
1,29.38,9.74656886793673,42.6459312438965
1,29.39,9.74990216782317,42.6650047302246
1,29.4,9.7532354677096,42.6912307739258
1,29.41,9.75656876759604,42.729377746582
1,29.42,9.75990206748247,42.7508354187012
1,29.43,9.76323536736891,42.7746772766113
1,29.44,9.76656866725534,42.7961349487305
1,29.45,9.76990196714178,42.8366661071777
1,29.46,9.77323526702821,42.8628921508789
1,29.47,9.77656856691465,42.8867340087891
1,29.48,9.77990186680108,42.9153442382813
1,29.49,9.78323516668752,42.9439544677734
1,29.5,9.78656846657395,42.9844856262207
1,29.51,9.78990176646039,43.0178642272949
1,29.52,9.79323506634682,43.032169342041
1,29.53,9.79656836623326,43.0655479431152
1,29.54,9.7999016661197,43.0917739868164
1,29.55,9.80323496600613,43.1227684020996
1,29.56,9.80656826589257,43.1489944458008
1,29.57,9.809901565779,43.1728363037109
1,29.58,9.81323486566544,43.2014465332031
1,29.59,9.81656816555187,43.2252883911133
1,29.6,9.81990146543831,43.2515144348145
1,29.61,9.82323476532474,43.2991981506348
1,29.62,9.82656806521118,43.3230400085449
1,29.63,9.82990136509761,43.3611869812012
1,29.64,9.83323466498405,43.3969497680664
1,29.65,9.83656796487048,43.4374809265137
1,29.66,9.83990126475692,43.4589385986328
1,29.67,9.84323456464335,43.494701385498
1,29.68,9.84656786452979,43.5423851013184
1,29.69,9.84990116441623,43.5733795166016
1,29.7,9.85323446430266,43.5924530029297
1,29.71,9.85656776418909,43.6186790466309
1,29.72,9.85990106407553,43.6639785766602
1,29.73,9.86323436396196,43.6854362487793
1,29.74,9.8665676638484,43.7164306640625
1,29.75,9.86990096373484,43.7521934509277
1,29.76,9.87323426362127,43.7784194946289
1,29.77,9.87656756350771,43.797492980957
1,29.78,9.87990086339414,43.8141822814941
1,29.79,9.88323416328058,43.8404083251953
1,29.8,9.88656746316701,43.8642501831055
1,29.81,9.88990076305345,43.8952445983887
1,29.82,9.89323406293988,43.9238548278809
1,29.83,9.89656736282632,43.9357757568359
1,29.84,9.89990066271275,43.9596176147461
1,29.85,9.90323396259919,44.0001487731934
1,29.86,9.90656726248562,44.0120697021484
1,29.87,9.90990056237206,44.0335273742676
1,29.88,9.91323386225849,44.0692901611328
1,29.89,9.91656716214493,44.093132019043
1,29.9,9.91990046203136,44.1145896911621
1,29.91,9.9232337619178,44.1455841064453
1,29.92,9.92656706180424,44.1741943359375
1,29.93,9.92990036169067,44.2004203796387
1,29.94,9.93323366157711,44.2337989807129
1,29.95,9.93656696146354,44.257640838623
1,29.96,9.93990026134998,44.2934036254883
1,29.97,9.94323356123641,44.3148612976074
1,29.98,9.94656686112285,44.3482398986816
1,29.99,9.94990016100928,44.3768501281738
1,30,9.95323346089572,44.3935394287109
1,30.01,9.95656676078215,44.4340705871582
1,30.02,9.95990006066859,44.4531440734863
1,30.03,9.96323336055502,44.4793701171875
1,30.04,9.96656666044146,44.5032119750977
1,30.05,9.9698999603279,44.5222854614258
1,30.06,9.97323326021433,44.548511505127
1,30.07,9.97656656010077,44.5699691772461
1,30.08,9.9798998599872,44.5914268493652
1,30.09,9.98323315987363,44.6176528930664
1,30.1,9.98656645976007,44.6438789367676
1,30.11,9.98989975964651,44.6772575378418
1,30.12,9.99323305953294,44.708251953125
1,30.13,9.99656635941938,44.7273254394531
1,30.14,9.99989965930581,44.7463989257813
1,30.15,10.0032329591922,44.7845458984375
1,30.16,10.0065662590787,44.8060035705566
1,30.17,10.0098995589651,44.8346138000488
1,30.18,10.0132328588516,44.863224029541
1,30.19,10.016566158738,44.8775291442871
1,30.2,10.0198994586244,44.9156761169434
1,30.21,10.0232327585109,44.9419021606445
1,30.22,10.0265660583973,44.9657440185547
1,30.23,10.0298993582837,44.9824333190918
1,30.24,10.0332326581702,45.011043548584
1,30.25,10.0365659580566,45.0301170349121
1,30.26,10.039899257943,45.0539588928223
1,30.27,10.0432325578295,45.0849533081055
1,30.28,10.0465658577159,45.1064109802246
1,30.29,10.0498991576023,45.1278686523438
1,30.3,10.0532324574888,45.158863067627
1,30.31,10.0565657573752,45.1755523681641
1,30.32,10.0598990572616,45.2041625976563
1,30.33,10.0632323571481,45.2184677124023
1,30.34,10.0665656570345,45.2494621276855
1,30.35,10.069898956921,45.2685356140137
1,30.36,10.0732322568074,45.2876091003418
1,30.37,10.0765655566938,45.3019142150879
1,30.38,10.0798988565803,45.3329086303711
1,30.39,10.0832321564667,45.3424453735352
1,30.4,10.0865654563531,45.3710556030273
1,30.41,10.0898987562396,45.3829765319824
1,30.42,10.093232056126,45.4020500183105
1,30.43,10.0965653560124,45.4044342041016
1,30.44,10.0998986558989,45.4306602478027
1,30.45,10.1032319557853,45.4473495483398
1,30.46,10.1065652556717,45.4568862915039
1,30.47,10.1098985555582,45.478343963623
1,30.48,10.1132318554446,45.4926490783691
1,30.49,10.116565155331,45.5260276794434
1,30.5,10.1198984552175,45.5546379089355
1,30.51,10.1232317551039,45.5689430236816
1,30.52,10.1265650549904,45.6094741821289
1,30.53,10.1298983548768,45.626163482666
1,30.54,10.1332316547632,45.6643104553223
1,30.55,10.1365649546497,45.6857681274414
1,30.56,10.1398982545361,45.7167625427246
1,30.57,10.1432315544225,45.7191467285156
1,30.58,10.146564854309,45.7644462585449
1,30.59,10.1498981541954,45.781135559082
1,30.6,10.1532314540818,45.8192825317383
1,30.61,10.1565647539683,45.8526611328125
1,30.62,10.1598980538547,45.8788871765137
1,30.63,10.1632313537411,45.9098815917969
1,30.64,10.1665646536276,45.9384918212891
1,30.65,10.169897953514,45.9647178649902
1,30.66,10.1732312534004,45.9933280944824
1,30.67,10.1765645532869,46.0147857666016
1,30.68,10.1798978531733,46.0529327392578
1,30.69,10.1832311530598,46.079158782959
1,30.7,10.1865644529462,46.1030006408691
1,30.71,10.1898977528326,46.1459159851074
1,30.72,10.1932310527191,46.1697578430176
1,30.73,10.1965643526055,46.1935997009277
1,30.74,10.1998976524919,46.2126731872559
1,30.75,10.2032309523784,46.2532043457031
1,30.76,10.2065642522648,46.2794303894043
1,30.77,10.2098975521512,46.3008880615234
1,30.78,10.2132308520377,46.3128089904785
1,30.79,10.2165641519241,46.3390350341797
1,30.8,10.2198974518105,46.38671875
1,30.81,10.223230751697,46.4057922363281
1,30.82,10.2265640515834,46.4296340942383
1,30.83,10.2298973514698,46.4487075805664
1,30.84,10.2332306513563,46.4844703674316
1,30.85,10.2365639512427,46.5083122253418
1,30.86,10.2398972511292,46.534538269043
1,30.87,10.2432305510156,46.5559959411621
1,30.88,10.246563850902,46.5989112854004
1,30.89,10.2498971507885,46.6299057006836
1,30.9,10.2532304506749,46.6561317443848
1,30.91,10.2565637505613,46.687126159668
1,30.92,10.2598970504478,46.7252731323242
1,30.93,10.2632303503342,46.7658042907715
1,30.94,10.2665636502206,46.8087196350098
1,30.95,10.2698969501071,46.8325614929199
1,30.96,10.2732302499935,46.8730926513672
1,30.97,10.2765635498799,46.8993186950684
1,30.98,10.2798968497664,46.9422340393066
1,30.99,10.2832301496528,46.9613075256348
1,31,10.2865634495392,47.004222869873
1,31.01,10.2898967494257,47.0280647277832
1,31.02,10.2932300493121,47.0542907714844
1,31.03,10.2965633491986,47.0900535583496
1,31.04,10.299896649085,47.1115112304688
1,31.05,10.3032299489714,47.1282005310059
1,31.06,10.3065632488579,47.156810760498
1,31.07,10.3098965487443,47.1687316894531
1,31.08,10.3132298486307,47.2044944763184
1,31.09,10.3165631485172,47.2307205200195
1,31.1,10.3198964484036,47.2497940063477
1,31.11,10.32322974829,47.2664833068848
1,31.12,10.3265630481765,47.2736358642578
1,31.13,10.3298963480629,47.3165512084961
1,31.14,10.3332296479493,47.3308563232422
1,31.15,10.3398962477222,47.3499298095703
1,31.17,10.3432295476086,47.3952293395996
1,31.18,10.3465628474951,47.4190711975098
1,31.19,10.3498961473815,47.4381446838379
1,31.2,10.3532294472679,47.457218170166
1,31.21,10.3565627471544,47.4762916564941
1,31.22,10.3598960470408,47.5049018859863
1,31.23,10.3632293469273,47.5311279296875
1,31.24,10.3698959467001,47.5573539733887
1,31.26,10.3732292465866,47.607421875
1,31.27,10.376562546473,47.6288795471191
1,31.28,10.3798958463594,47.6551055908203
1,31.29,10.3865624461323,47.6765632629395
1,31.3,10.3898957460187,47.7075576782227
1,31.32,10.3965623457916,47.760009765625
1,31.33,10.399895645678,47.7981567382813
1,31.34,10.4032289455645,47.8291511535645
1,31.35,10.4065622454509,47.8482246398926
1,31.37,10.4098955453373,47.9030609130859
1,31.38,10.4165621451102,47.9316711425781
1,31.39,10.4198954449967,47.9698181152344
1,31.4,10.4232287448831,48.0055809020996
1,31.41,10.4265620447695,48.0270385742188
1,31.42,10.429895344656,48.0532646179199
1,31.43,10.4332286445424,48.0866432189941
1,31.44,10.4365619444288,48.1414794921875
1,31.45,10.4398952443153,48.1748580932617
1,31.46,10.4432285442017,48.2177734375
1,31.47,10.4465618440881,48.2535362243652
1,31.48,10.4498951439746,48.2916831970215
1,31.49,10.453228443861,48.3441352844238
1,31.5,10.4565617437474,48.372745513916
1,31.51,10.4598950436339,48.4108924865723
1,31.52,10.4632283435203,48.4395027160645
1,31.53,10.4665616434067,48.4919548034668
1,31.54,10.4698949432932,48.525333404541
1,31.55,10.4732282431796,48.5706329345703
1,31.56,10.4765615430661,48.5992431640625
1,31.57,10.4798948429525,48.6278533935547
1,31.58,10.4832281428389,48.6612319946289
1,31.59,10.4865614427254,48.682689666748
1,31.6,10.4898947426118,48.7160682678223
1,31.61,10.4932280424982,48.7637519836426
1,31.62,10.4965613423847,48.7828254699707
1,31.63,10.4998946422711,48.8066673278809
1,31.64,10.5032279421575,48.832893371582
1,31.65,10.506561242044,48.8591194152832
1,31.66,10.5098945419304,48.8901138305664
1,31.67,10.5132278418168,48.9068031311035
1,31.68,10.5165611417033,48.9234924316406
1,31.69,10.5198944415897,48.9568710327148
1,31.7,10.5232277414761,48.9711761474609
1,31.71,10.5265610413626,48.9926338195801
1,31.72,10.529894341249,49.0021705627441
1,31.73,10.5332276411355,49.0260124206543
1,31.74,10.5365609410219,49.0498542785645
1,31.75,10.5398942409083,49.0665435791016
1,31.76,10.5432275407948,49.0713119506836
1,31.77,10.5465608406812,49.0880012512207
1,31.78,10.5498941405676,49.1023063659668
1,31.79,10.5532274404541,49.1237640380859
1,31.8,10.5565607403405,49.1452217102051
1,31.81,10.5598940402269,49.1595268249512
1,31.82,10.5632273401134,49.1738319396973
1,31.83,10.5665606399998,49.1833686828613
1,31.84,10.5698939398862,49.2048263549805
1,31.85,10.5732272397727,49.2191314697266
1,31.86,10.5765605396591,49.2429733276367
1,31.87,10.5798938395455,49.2548942565918
1,31.88,10.583227139432,49.2668151855469
1,31.89,10.5865604393184,49.3097305297852
1,31.9,10.5898937392049,49.3264198303223
1,31.91,10.5932270390913,49.3407249450684
1,31.92,10.5965603389777,49.3669509887695
1,31.93,10.5998936388642,49.4003295898438
1,31.94,10.6032269387506,49.4194030761719
1,31.95,10.606560238637,49.4503974914551
1,31.96,10.6098935385235,49.4599342346191
1,31.97,10.6132268384099,49.5004653930664
1,31.98,10.6165601382963,49.5219230651855
1,31.99,10.6198934381828,49.5505332946777
1,32,10.6232267380692,49.5767593383789
1,32.01,10.6265600379556,49.6053695678711
1,32.02,10.6298933378421,49.6292114257813
1,32.03,10.6332266377285,49.6554374694824
1,32.04,10.6365599376149,49.6816635131836
1,32.05,10.6398932375014,49.7245788574219
1,32.06,10.6432265373878,49.748420715332
1,32.07,10.6465598372743,49.7698783874512
1,32.08,10.6498931371607,49.7984886169434
1,32.09,10.6532264370471,49.8223304748535
1,32.1,10.6565597369336,49.8628616333008
1,32.11,10.65989303682,49.889087677002
1,32.12,10.6632263367064,49.9129295349121
1,32.13,10.6665596365929,49.9272346496582
1,32.14,10.6698929364793,49.9582290649414
1,32.15,10.6732262363657,49.9820709228516
1,32.16,10.6765595362522,50.0178337097168
1,32.17,10.6798928361386,50.0369071960449
1,32.18,10.683226136025,50.0702857971191
1,32.19,10.6865594359115,50.0917434692383
1,32.2,10.6898927357979,50.1155853271484
1,32.21,10.6932260356843,50.1513481140137
1,32.22,10.6965593355708,50.1751899719238
1,32.23,10.6998926354572,50.206184387207
1,32.24,10.7032259353437,50.2371788024902
1,32.25,10.7065592352301,50.2705574035645
1,32.26,10.7098925351165,50.2991676330566
1,32.27,10.713225835003,50.3206253051758
1,32.28,10.7165591348894,50.361156463623
1,32.29,10.7198924347758,50.3849983215332
1,32.3,10.7232257346623,50.4231452941895
1,32.31,10.7265590345487,50.4636764526367
1,32.32,10.7298923344351,50.4875183105469
1,32.33,10.7332256343216,50.5232810974121
1,32.34,10.736558934208,50.5518913269043
1,32.35,10.7398922340944,50.5852699279785
1,32.36,10.7432255339809,50.6067276000977
1,32.37,10.7465588338673,50.6353378295898
1,32.38,10.7498921337537,50.6734848022461
1,32.39,10.7532254336402,50.7068634033203
1,32.4,10.7565587335266,50.7235527038574
1,32.41,10.7598920334131,50.7426261901855
1,32.42,10.7632253332995,50.7664680480957
1,32.43,10.7665586331859,50.7950782775879
1,32.44,10.7698919330724,50.8308410644531
1,32.45,10.7732252329588,50.8594512939453
1,32.46,10.7765585328452,50.8713722229004
1,32.47,10.7798918327317,50.8999824523926
1,32.48,10.7832251326181,50.9238243103027
1,32.49,10.7865584325045,50.9476661682129
1,32.5,10.789891732391,50.9810447692871
1,32.51,10.7932250322774,51.0072708129883
1,32.52,10.7965583321638,51.0358810424805
1,32.53,10.7998916320503,51.0501861572266
1,32.54,10.8032249319367,51.0859489440918
1,32.55,10.8065582318231,51.0978698730469
1,32.56,10.8098915317096,51.1360168457031
1,32.57,10.813224831596,51.1598587036133
1,32.58,10.8165581314825,51.1813163757324
1,32.59,10.8198914313689,51.2123107910156
1,32.6,10.8232247312553,51.2409210205078
1,32.61,10.8265580311418,51.267147064209
1,32.62,10.8298913310282,51.2862205505371
1,32.63,10.8332246309146,51.3243675231934
1,32.64,10.8365579308011,51.3553619384766
1,32.65,10.8398912306875,51.3911247253418
1,32.66,10.8432245305739,51.422119140625
1,32.67,10.8465578304604,51.4531135559082
1,32.68,10.8498911303468,51.4912605285645
1,32.69,10.8532244302332,51.5007972717285
1,32.7,10.8565577301197,51.5604019165039
1,32.71,10.8598910300061,51.5961647033691
1,32.72,10.8632243298925,51.6200065612793
1,32.73,10.866557629779,51.6510009765625
1,32.74,10.8698909296654,51.6819953918457
1,32.75,10.8732242295519,51.7106056213379
1,32.76,10.8765575294383,51.7439842224121
1,32.77,10.8798908293247,51.7678260803223
1,32.78,10.8832241292112,51.7797470092773
1,32.79,10.8865574290976,51.8107414245605
1,32.8,10.889890728984,51.8226623535156
1,32.81,10.8932240288705,51.8655776977539
1,32.82,10.8965573287569,51.8798828125
1,32.83,10.8998906286433,51.9013404846191
1,32.84,10.9032239285298,51.9204139709473
1,32.85,10.9065572284162,51.9633293151855
1,32.86,10.9098905283026,51.9847869873047
1,32.87,10.9132238281891,52.0038604736328
1,32.88,10.9165571280755,52.030086517334
1,32.89,10.9198904279619,52.0586967468262
1,32.9,10.9232237278484,52.0920753479004
1,32.91,10.9265570277348,52.1254539489746
1,32.92,10.9298903276213,52.1540641784668
1,32.93,10.9332236275077,52.180290222168
1,32.94,10.9365569273941,52.2136688232422
1,32.95,10.9398902272806,52.2398948669434
1,32.96,10.943223527167,52.2804260253906
1,32.97,10.9465568270534,52.3018836975098
1,32.98,10.9498901269399,52.3471832275391
1,32.99,10.9532234268263,52.3710250854492
1,33,10.9565567267127,52.3948669433594
1,33.01,10.9598900265992,52.4258613586426
1,33.02,10.9632233264856,52.4497032165527
1,33.03,10.966556626372,52.4806976318359
1,33.04,10.9698899262585,52.5116920471191
1,33.05,10.9732232261449,52.5164604187012
1,33.06,10.9765565260313,52.5617599487305
1,33.07,10.9798898259178,52.5951385498047
1,33.08,10.9832231258042,52.6094436645508
1,33.09,10.9865564256907,52.6285171508789
1,33.1,10.9898897255771,52.6738166809082
1,33.11,10.9932230254635,52.6952743530273
1,33.12,10.99655632535,52.7119636535645
1,33.13,10.9998896252364,52.7334213256836
1,33.14,11.0032229251228,52.7787208557129
1,33.15,11.0065562250093,52.797794342041
1,33.16,11.0098895248957,52.8264045715332
1,33.17,11.0132228247821,52.8430938720703
1,33.18,11.0165561246686,52.8764724731445
1,33.19,11.019889424555,52.9026985168457
1,33.2,11.0232227244414,52.945613861084
1,33.21,11.0265560243279,52.9694557189941
1,33.22,11.0298893242143,52.9956817626953
1,33.23,11.0332226241007,53.0314445495605
1,33.24,11.0365559239872,53.0791282653809
1,33.25,11.0398892238736,53.1005859375
1,33.26,11.0432225237601,53.1268119812012
1,33.27,11.0465558236465,53.1673431396484
1,33.28,11.0498891235329,53.1935691833496
1,33.29,11.0532224234194,53.2007217407227
1,33.3,11.0565557233058,53.2317161560059
1,33.31,11.0598890231922,53.260326385498
1,33.32,11.0632223230787,53.2722473144531
1,33.33,11.0665556229651,53.2913208007813
1,33.34,11.0698889228515,53.3175468444824
1,33.35,11.073222222738,53.3270835876465
1,33.36,11.0765555226244,53.3461570739746
1,33.37,11.0798888225108,53.3652305603027
1,33.38,11.0832221223973,53.3866882324219
1,33.39,11.0865554222837,53.398609161377
1,33.4,11.0898887221701,53.4486770629883
1,33.41,11.0932220220566,53.4701347351074
1,33.42,11.096555321943,53.4963607788086
1,33.43,11.0998886218295,53.5202026367188
1,33.44,11.1032219217159,53.5488128662109
1,33.45,11.1065552216023,53.5798072814941
1,33.46,11.1098885214888,53.6036491394043
1,33.47,11.1132218213752,53.6417961120605
1,33.48,11.1165551212616,53.6847114562988
1,33.49,11.1198884211481,53.6990165710449
1,33.5,11.1232217210345,53.7371635437012
1,33.51,11.1265550209209,53.7610054016113
1,33.52,11.1298883208074,53.7991523742676
1,33.53,11.1332216206938,53.8325309753418
1,33.54,11.1365549205802,53.8516044616699
1,33.55,11.1398882204667,53.8802146911621
1,33.56,11.1432215203531,53.9255142211914
1,33.57,11.1465548202395,53.9445877075195
1,33.58,11.149888120126,53.9588928222656
1,33.59,11.1532214200124,53.9898872375488
1,33.6,11.1565547198988,54.013729095459
1,33.61,11.1598880197853,54.0447235107422
1,33.62,11.1632213196717,54.0590286254883
1,33.63,11.1665546195582,54.0876388549805
1,33.64,11.1698879194446,54.0995597839355
1,33.65,11.173221219331,54.1234016418457
1,33.66,11.1765545192175,54.1448593139648
1,33.67,11.1798878191039,54.168701171875
1,33.68,11.1832211189903,54.1806221008301
1,33.69,11.1865544188768,54.2163848876953
1,33.7,11.1898877187632,54.2306900024414
1,33.71,11.1932210186496,54.2545318603516
1,33.72,11.1965543185361,54.2640686035156
1,33.73,11.1998876184225,54.2879104614258
1,33.74,11.2032209183089,54.316520690918
1,33.75,11.2065542181954,54.3332099914551
1,33.76,11.2098875180818,54.3522834777832
1,33.77,11.2132208179682,54.3951988220215
1,33.78,11.2165541178547,54.4142723083496
1,33.79,11.2198874177411,54.4381141662598
1,33.8,11.2232207176276,54.466724395752
1,33.81,11.226554017514,54.5048713684082
1,33.82,11.2298873174004,54.5239448547363
1,33.83,11.2332206172869,54.5525550842285
1,33.84,11.2365539171733,54.5954704284668
1,33.85,11.2398872170597,54.621696472168
1,33.86,11.2432205169462,54.6526908874512
1,33.87,11.2465538168326,54.6979904174805
1,33.88,11.249887116719,54.7218322753906
1,33.89,11.2532204166055,54.7599792480469
1,33.9,11.2565537164919,54.7909736633301
1,33.91,11.2598870163783,54.8386573791504
1,33.92,11.2632203162648,54.8601150512695
1,33.93,11.2665536161512,54.8982620239258
1,33.94,11.2698869160377,54.936408996582
1,33.95,11.2732202159241,54.9578666687012
1,33.96,11.2765535158105,55.0031661987305
1,33.97,11.279886815697,55.0508499145508
1,33.98,11.2832201155834,55.0651550292969
1,33.99,11.2865534154698,55.1009178161621
1,34,11.2898867153563,55.1366806030273
1,34.01,11.2932200152427,55.1676750183105
1,34.02,11.2965533151291,55.1962852478027
1,34.03,11.2998866150156,55.2201271057129
1,34.04,11.303219914902,55.2511215209961
1,34.05,11.3065532147884,55.2749633789063
1,34.06,11.3098865146749,55.3011894226074
1,34.07,11.3132198145613,55.3202629089355
1,34.08,11.3165531144477,55.3464889526367
1,34.09,11.3198864143342,55.3631782531738
1,34.1,11.3232197142206,55.391788482666
1,34.11,11.326553014107,55.4203987121582
1,34.12,11.3298863139935,55.4442405700684
1,34.13,11.3332196138799,55.4871559143066
1,34.14,11.3365529137664,55.4990768432617
1,34.15,11.3398862136528,55.5300712585449
1,34.16,11.3432195135392,55.5634498596191
1,34.17,11.3465528134257,55.5777549743652
1,34.18,11.3498861133121,55.6135177612305
1,34.19,11.3532194131985,55.6373596191406
1,34.2,11.356552713085,55.6683540344238
1,34.21,11.3598860129714,55.699348449707
1,34.22,11.3632193128578,55.7327270507813
1,34.23,11.3665526127443,55.7708740234375
1,34.24,11.3698859126307,55.7923316955566
1,34.25,11.3732192125171,55.8304786682129
1,34.26,11.3765525124036,55.8638572692871
1,34.27,11.37988581229,55.8900833129883
1,34.28,11.3832191121764,55.9163093566895
1,34.29,11.3865524120629,55.9568405151367
1,34.3,11.3898857119493,55.9735298156738
1,34.31,11.3932190118358,56.002140045166
1,34.32,11.3965523117222,56.0188293457031
1,34.33,11.3998856116086,56.0545921325684
1,34.34,11.4032189114951,56.0760498046875
1,34.35,11.4065522113815,56.1022758483887
1,34.36,11.4098855112679,56.1285018920898
1,34.37,11.4132188111544,56.1428070068359
1,34.38,11.4165521110408,56.1618804931641
1,34.39,11.4198854109272,56.1833381652832
1,34.4,11.4232187108137,56.2191009521484
1,34.41,11.4265520107001,56.2357902526855
1,34.42,11.4298853105865,56.2572479248047
1,34.43,11.433218610473,56.2953948974609
1,34.44,11.4365519103594,56.3287734985352
1,34.45,11.4398852102458,56.3478469848633
1,34.46,11.4432185101323,56.3740730285645
1,34.47,11.4465518100187,56.4241409301758
1,34.48,11.4498851099052,56.4455986022949
1,34.49,11.4532184097916,56.4742088317871
1,34.5,11.456551709678,56.5004348754883
1,34.51,11.4598850095645,56.5361976623535
1,34.52,11.4632183094509,56.5743446350098
1,34.53,11.4665516093373,56.5958023071289
1,34.54,11.4698849092238,56.6339492797852
1,34.55,11.4732182091102,56.6720962524414
1,34.56,11.4765515089966,56.6959381103516
1,34.57,11.4798848088831,56.7150115966797
1,34.58,11.4832181087695,56.7483901977539
1,34.59,11.4865514086559,56.7865371704102
1,34.6,11.4898847085424,56.8294525146484
1,34.61,11.4932180084288,56.8604469299316
1,34.62,11.4965513083152,56.8866729736328
1,34.63,11.4998846082017,56.908130645752
1,34.64,11.5032179080881,56.9486618041992
1,34.65,11.5065512079746,56.9796562194824
1,34.66,11.509884507861,57.0106506347656
1,34.67,11.5132178077474,57.0511817932129
1,34.68,11.5165511076339,57.0869445800781
1,34.69,11.5198844075203,57.1298599243164
1,34.7,11.5232177074067,57.1751594543457
1,34.71,11.5265510072932,57.2061538696289
1,34.72,11.5298843071796,57.2371482849121
1,34.73,11.5365509069525,57.2729110717773
1,34.74,11.5398842068389,57.3039054870605
1,34.76,11.5432175067253,57.3945045471191
1,34.77,11.5498841064982,57.4111938476563
1,34.79,11.5532174063846,57.4827194213867
1,34.8,11.5598840061575,57.5089454650879
1,34.82,11.563217306044,57.5637817382813
1,34.83,11.5698839058168,57.5923919677734
1,34.84,11.5732172057033,57.6114654541016
1,34.86,11.5765505055897,57.6639175415039
1,34.87,11.5832171053626,57.6901435852051
1,34.88,11.586550405249,57.7068328857422
1,34.89,11.5898837051354,57.7449798583984
1,34.9,11.5932170050219,57.7640533447266
1,34.91,11.5965503049083,57.7974319458008
1,34.92,11.5998836047947,57.8045845031738
1,34.93,11.6032169046812,57.8498840332031
1,34.94,11.6065502045676,57.8594207763672
1,34.95,11.609883504454,57.8856468200684
1,34.96,11.6132168043405,57.9071044921875
1,34.97,11.6165501042269,57.9285621643066
1,34.98,11.6198834041134,57.9476356506348
1,34.99,11.6232167039998,57.9690933227539
1,35,11.6265500038862,57.985782623291
1,35.01,11.6298833037727,58.0120086669922
1,35.02,11.6332166036591,58.0263137817383
1,35.03,11.6365499035455,58.0430030822754
1,35.04,11.639883203432,58.0620765686035
1,35.05,11.6432165033184,58.0906867980957
1,35.06,11.6465498032048,58.1073760986328
1,35.07,11.6498831030913,58.131217956543
1,35.08,11.6532164029777,58.140754699707
1,35.09,11.6565497028641,58.1789016723633
1,35.1,11.6598830027506,58.1955909729004
1,35.11,11.663216302637,58.2170486450195
1,35.12,11.6665496025234,58.2361221313477
1,35.13,11.6698829024099,58.2575798034668
1,35.14,11.6732162022963,58.283805847168
1,35.15,11.6765495021828,58.295726776123
1,35.16,11.6798828020692,58.3076477050781
1,35.17,11.6832161019556,58.3314895629883
1,35.18,11.6865494018421,58.3600997924805
1,35.19,11.6898827017285,58.3815574645996
1,35.2,11.6932160016149,58.4077835083008
1,35.21,11.6965493015014,58.434009552002
1,35.22,11.6998826013878,58.4554672241211
1,35.23,11.7032159012742,58.4745407104492
1,35.24,11.7065492011607,58.5007667541504
1,35.25,11.7098825010471,58.5198402404785
1,35.26,11.7132158009335,58.5508346557617
1,35.27,11.71654910082,58.5770606994629
1,35.28,11.7198824007064,58.6152076721191
1,35.29,11.7232157005928,58.6509704589844
1,35.3,11.7265490004793,58.6700439453125
1,35.31,11.7298823003657,58.6938858032227
1,35.32,11.7332156002522,58.739185333252
1,35.33,11.7365489001386,58.7677955627441
1,35.34,11.739882200025,58.7844848632813
1,35.35,11.7432154999115,58.8154792785645
1,35.36,11.7465487997979,58.8274002075195
1,35.37,11.7498820996843,58.8631629943848
1,35.38,11.7532153995708,58.8464736938477
1,35.39,11.7565486994572,58.8893890380859
1,35.4,11.7598819993436,58.9275360107422
1,35.41,11.7632152992301,58.9561462402344
1,35.42,11.7665485991165,58.9752197265625
1,35.43,11.7698818990029,59.0085983276367
1,35.44,11.7732151988894,59.0229034423828
1,35.45,11.7765484987758,59.0658187866211
1,35.46,11.7798817986622,59.0991973876953
1,35.47,11.7832150985487,59.1468811035156
1,35.48,11.7865483984351,59.1611862182617
1,35.49,11.7898816983216,59.2136383056641
1,35.5,11.793214998208,59.2231750488281
1,35.51,11.7965482980944,59.2517852783203
1,35.52,11.7998815979809,59.2899322509766
1,35.53,11.8032148978673,59.356689453125
1,35.54,11.8065481977537,59.3805313110352
1,35.55,11.8098814976402,59.4234466552734
1,35.56,11.8132147975266,59.4615936279297
1,35.57,11.816548097413,59.504508972168
1,35.58,11.8198813972995,59.5426559448242
1,35.59,11.8232146971859,59.5569610595703
1,35.6,11.8265479970723,59.6046447753906
1,35.61,11.8298812969588,59.6284866333008
1,35.62,11.8332145968452,59.657096862793
1,35.63,11.8365478967316,59.6809387207031
1,35.64,11.8398811966181,59.7000122070313
1,35.65,11.8432144965045,59.7429275512695
1,35.66,11.846547796391,59.7810745239258
1,35.67,11.8498810962774,59.7953796386719
1,35.68,11.8532143961638,59.814453125
1,35.69,11.8565476960503,59.8526000976563
1,35.7,11.8598809959367,59.8859786987305
1,35.71,11.8632142958231,59.9098205566406
1,35.72,11.8665475957096,59.9241256713867
1,35.73,11.869880895596,59.9813461303711
1,35.74,11.8732141954824,60.0147247314453
1,35.75,11.8765474953689,60.0481033325195
1,35.76,11.8798807952553,60.0528717041016
1,35.77,11.8832140951417,60.1005554199219
1,35.78,11.8865473950282,60.1482391357422
1,35.79,11.8898806949146,60.1863861083984
1,35.8,11.893213994801,60.2245330810547
1,35.81,11.8965472946875,60.267448425293
1,35.82,11.8998805945739,60.2912902832031
1,35.83,11.9032138944604,60.3246688842773
1,35.84,11.9065471943468,60.3580474853516
1,35.85,11.9098804942332,60.3628158569336
1,35.86,11.9132137941197,60.4057312011719
1,35.87,11.9165470940061,60.4438781738281
1,35.88,11.9198803938925,60.4724884033203
1,35.89,11.923213693779,60.4915618896484
1,35.9,11.9265469936654,60.5344772338867
1,35.91,11.9298802935518,60.5535507202148
1,35.92,11.9332135934383,60.5964660644531
1,35.93,11.9365468933247,60.6155395507813
1,35.94,11.9398801932111,60.6346130371094
1,35.95,11.9432134930976,60.6775283813477
1,35.96,11.946546792984,60.7204437255859
1,35.97,11.9498800928704,60.7395172119141
1,35.98,11.9532133927569,60.7633590698242
1,35.99,11.9565466926433,60.8062744140625
1,36,11.9598799925297,60.8205795288086
1,36.01,11.9632132924162,60.8444213867188
1,36.02,11.9665465923026,60.8921051025391
1,36.03,11.9698798921891,60.9064102172852
1,36.04,11.9732131920755,60.9350204467773
1,36.05,11.9765464919619,60.9350204467773
1,36.06,11.9798797918484,60.9683990478516
1,36.07,11.9832130917348,61.0017776489258
1,36.08,11.9865463916212,61.0256195068359
1,36.09,11.9898796915077,61.0542297363281
1,36.1,11.9932129913941,61.1019134521484
1,36.11,11.9965462912805,61.1305236816406
1,36.12,11.999879591167,61.1543655395508
1,36.13,12.0032128910534,61.192512512207
1,36.14,12.0065461909398,61.2115859985352
1,36.15,12.0098794908263,61.2401962280273
1,36.16,12.0132127907127,61.2878799438477
1,36.17,12.0165460905991,61.3164901733398
1,36.18,12.0198793904856,61.335563659668
1,36.19,12.023212690372,61.3594055175781
1,36.2,12.0265459902585,61.4023208618164
1,36.21,12.0298792901449,61.4404678344727
1,36.22,12.0332125900313,61.4738464355469
1,36.23,12.0365458899178,61.492919921875
1,36.24,12.0398791898042,61.5215301513672
1,36.25,12.0432124896906,61.5644454956055
1,36.26,12.0465457895771,61.6025924682617
1,36.27,12.0498790894635,61.6073608398438
1,36.28,12.0532123893499,61.6788864135742
1,36.29,12.0565456892364,61.6884231567383
1,36.3,12.0598789891228,61.7265701293945
1,36.31,12.0632122890092,61.7647171020508
1,36.32,12.0665455888957,61.798095703125
1,36.33,12.0698788887821,61.8314743041992
1,36.34,12.0732121886685,61.8505477905273
1,36.35,12.076545488555,61.8457794189453
1,36.36,12.0798787884414,61.9029998779297
1,36.37,12.0832120883279,61.9125366210938
1,36.38,12.0865453882143,61.95068359375
1,36.39,12.0898786881007,61.9745254516602
1,36.4,12.0932119879872,61.9983673095703
1,36.41,12.0965452878736,62.0222091674805
1,36.42,12.09987858776,62.0412826538086
1,36.43,12.1032118876465,62.0651245117188
1,36.44,12.1065451875329,62.0698928833008
1,36.45,12.1098784874193,62.0937347412109
1,36.46,12.1132117873058,62.1175765991211
1,36.47,12.1165450871922,62.1461868286133
1,36.48,12.1198783870786,62.1795654296875
1,36.49,12.1232116869651,62.1938705444336
1,36.5,12.1265449868515,62.2463226318359
1,36.51,12.1298782867379,62.2463226318359
1,36.52,12.1332115866244,62.2653961181641
1,36.53,12.1365448865108,62.3083114624023
1,36.54,12.1398781863973,62.3416900634766
1,36.55,12.1432114862837,62.3750686645508
1,36.56,12.1465447861701,62.3703002929688
1,36.57,12.1498780860566,62.403678894043
1,36.58,12.153211385943,62.4608993530273
1,36.59,12.1565446858294,62.4895095825195
1,36.6,12.1598779857159,62.4990463256836
1,36.61,12.1632112856023,62.5228881835938
1,36.62,12.1665445854887,62.5753402709961
1,36.63,12.1698778853752,62.5944137573242
1,36.64,12.1732111852616,62.6230239868164
1,36.65,12.176544485148,62.6754760742188
1,36.66,12.1798777850345,62.6850128173828
1,36.67,12.1832110849209,62.7231597900391
1,36.68,12.1865443848073,62.7470016479492
1,36.69,12.1898776846938,62.7613067626953
1,36.7,12.1932109845802,62.8328323364258
1,36.71,12.1965442844667,62.8566741943359
1,36.72,12.1998775843531,62.8948211669922
1,36.73,12.2032108842395,62.9377365112305
1,36.74,12.206544184126,62.9472732543945
1,36.75,12.2098774840124,63.0044937133789
1,36.76,12.2132107838988,63.0283355712891
1,36.77,12.2165440837853,63.0426406860352
1,36.78,12.2198773836717,63.0855560302734
1,36.79,12.2232106835581,63.0998611450195
1,36.8,12.2265439834446,63.1284713745117
1,36.81,12.229877283331,63.176155090332
1,36.82,12.2332105832174,63.1856918334961
1,36.83,12.2365438831039,63.2286071777344
1,36.84,12.2398771829903,63.2429122924805
1,36.85,12.2432104828767,63.2572174072266
1,36.86,12.2465437827632,63.2762908935547
1,36.87,12.2498770826496,63.319206237793
1,36.88,12.2532103825361,63.3335113525391
1,36.89,12.2565436824225,63.3478164672852
1,36.9,12.2598769823089,63.3859634399414
1,36.91,12.2632102821954,63.4098052978516
1,36.92,12.2665435820818,63.4479522705078
1,36.93,12.2698768819682,63.4622573852539
1,36.94,12.2732101818547,63.5004043579102
1,36.95,12.2765434817411,63.5194778442383
1,36.96,12.2798767816275,63.5719299316406
1,36.97,12.283210081514,63.6148452758789
1,36.98,12.2865433814004,63.633918762207
1,36.99,12.2898766812868,63.6720657348633
1,37,12.2932099811733,63.7054443359375
1,37.01,12.2965432810597,63.7197494506836
1,37.02,12.2998765809461,63.7960433959961
1,37.03,12.3032098808326,63.8198852539063
1,37.04,12.306543180719,63.8389587402344
1,37.05,12.3098764806055,63.8771057128906
1,37.06,12.3132097804919,63.9057159423828
1,37.07,12.3165430803783,63.9438629150391
1,37.08,12.3198763802648,63.9772415161133
1,37.09,12.3232096801512,64.0153884887695
1,37.1,12.3265429800376,63.9915466308594
1,37.11,12.3298762799241,64.0439987182617
1,37.12,12.3332095798105,64.091682434082
1,37.13,12.3365428796969,64.0964508056641
1,37.14,12.3398761795834,64.1345977783203
1,37.15,12.3432094794698,64.1441345214844
1,37.16,12.3465427793562,64.1822814941406
1,37.17,12.3498760792427,64.2013549804688
1,37.18,12.3532093791291,64.234733581543
1,37.19,12.3565426790155,64.2490386962891
1,37.2,12.359875978902,64.2728805541992
1,37.21,12.3632092787884,64.3157958984375
1,37.22,12.3665425786749,64.3491744995117
1,37.23,12.3698758785613,64.3730163574219
1,37.24,12.3732091784477,64.4063949584961
1,37.25,12.3765424783342,64.4445419311523
1,37.26,12.3798757782206,64.4922256469727
1,37.27,12.383209078107,64.5256042480469
1,37.28,12.3865423779935,64.5637512207031
1,37.29,12.3898756778799,64.5828247070313
1,37.3,12.3932089777663,64.6305084228516
1,37.31,12.3965422776528,64.6400451660156
1,37.32,12.3998755775392,64.6781921386719
1,37.33,12.4032088774256,64.7211074829102
1,37.34,12.4065421773121,64.7544860839844
1,37.35,12.4098754771985,64.7592544555664
1,37.36,12.4132087770849,64.8164749145508
1,37.37,12.4165420769714,64.8212432861328
1,37.38,12.4198753768578,64.854621887207
1,37.39,12.4232086767443,64.8927688598633
1,37.4,12.4265419766307,64.9118423461914
1,37.41,12.4298752765171,64.9547576904297
1,37.42,12.4332085764036,64.9833679199219
1,37.43,12.43654187629,64.9929046630859
1,37.44,12.4398751761764,65.0501251220703
1,37.45,12.4432084760629,65.0691986083984
1,37.46,12.4465417759493,65.0787353515625
1,37.47,12.4498750758357,65.1168823242188
1,37.48,12.4532083757222,65.1693344116211
1,37.49,12.4565416756086,65.1884078979492
1,37.5,12.459874975495,65.2217864990234
1,37.51,12.4632082753815,65.2265548706055
1,37.52,12.4665415752679,65.2933120727539
1,37.53,12.4698748751543,65.3362274169922
1,37.54,12.4732081750408,65.3696060180664
1,37.55,12.4765414749272,65.3982162475586
1,37.56,12.4798747748137,65.4077529907227
1,37.57,12.4832080747001,65.4697418212891
1,37.58,12.4865413745865,65.4983520507813
1,37.59,12.489874674473,65.5126571655273
1,37.6,12.4932079743594,65.5317306518555
1,37.61,12.4965412742458,65.5651092529297
1,37.62,12.4998745741323,65.5841827392578
1,37.63,12.5032078740187,65.6270980834961
1,37.64,12.5065411739051,65.6366348266602
1,37.65,12.5098744737916,65.6557083129883
1,37.66,12.513207773678,65.6795501708984
1,37.67,12.5165410735644,65.7129287719727
1,37.68,12.5198743734509,65.7367706298828
1,37.69,12.5232076733373,65.765380859375
1,37.7,12.5265409732237,65.765380859375
1,37.71,12.5298742731102,65.8130645751953
1,37.72,12.5332075729966,65.8226013183594
1,37.73,12.5365408728831,65.8512115478516
1,37.74,12.5398741727695,65.8464431762695
1,37.75,12.5432074726559,65.8941268920898
1,37.76,12.5465407725424,65.922737121582
1,37.77,12.5498740724288,65.9370422363281
1,37.78,12.5532073723152,65.9370422363281
1,37.79,12.5565406722017,65.9847259521484
1,37.8,12.5598739720881,65.9894943237305
1,37.81,12.5632072719745,66.0371780395508
1,37.82,12.566540571861,66.0610198974609
1,37.83,12.5698738717474,66.0991668701172
1,37.84,12.5732071716338,66.1230087280273
1,37.85,12.5765404715203,66.1563873291016
1,37.86,12.5798737714067,66.1897659301758
1,37.87,12.5832070712931,66.2326812744141
1,37.88,12.5865403711796,66.2422180175781
1,37.89,12.589873671066,66.2946701049805
1,37.9,12.5932069709525,66.3518905639648
1,37.91,12.5965402708389,66.375732421875
1,37.92,12.5998735707253,66.4043426513672
1,37.93,12.6032068706118,66.4520263671875
1,37.94,12.6065401704982,66.4710998535156
1,37.95,12.6098734703846,66.5092468261719
1,37.96,12.6132067702711,66.5378570556641
1,37.97,12.6198733700439,66.5903091430664
1,37.99,12.6232066699304,66.6522979736328
1,38,12.6265399698168,66.6952133178711
1,38.01,12.6298732697032,66.7333602905273
1,38.02,12.6365398694761,66.7524337768555
1,38.03,12.6398731693625,66.7762756347656
1,38.05,12.643206469249,66.8573379516602
1,38.06,12.6498730690219,66.8811798095703
1,38.07,12.6532063689083,66.9002532958984
1,38.09,12.6598729686812,66.9765472412109
1,38.11,12.666539568454,67.0194625854492
1,38.12,12.6698728683405,67.0480728149414
1,38.13,12.6732061682269,67.1005249023438
1,38.15,12.6798727679998,67.1195983886719
1,38.16,12.6832060678862,67.1529769897461
1,38.17,12.6865393677726,67.1958923339844
1,38.18,12.6898726676591,67.2292709350586
1,38.19,12.6932059675455,67.2578811645508
1,38.2,12.6965392674319,67.2721862792969
1,38.21,12.6998725673184,67.3246383666992
1,38.22,12.7032058672048,67.3437118530273
1,38.23,12.7065391670913,67.3675537109375
1,38.24,12.7098724669777,67.3961639404297
1,38.25,12.7132057668641,67.44384765625
1,38.26,12.7165390667506,67.4915313720703
1,38.27,12.719872366637,67.5153732299805
1,38.28,12.7232056665234,67.5392150878906
1,38.29,12.7265389664099,67.5582885742188
1,38.3,12.7298722662963,67.6107406616211
1,38.31,12.7332055661827,67.6441192626953
1,38.32,12.7365388660692,67.6870346069336
1,38.33,12.7398721659556,67.7156448364258
1,38.34,12.743205465842,67.7394866943359
1,38.35,12.7465387657285,67.7919387817383
1,38.36,12.7498720656149,67.8205490112305
1,38.37,12.7532053655013,67.8682327270508
1,38.38,12.7565386653878,67.901611328125
1,38.39,12.7598719652742,67.9349899291992
1,38.4,12.7632052651607,67.9874420166016
1,38.41,12.7665385650471,68.0351257324219
1,38.42,12.7698718649335,68.0828094482422
1,38.43,12.77320516482,68.1209564208984
1,38.44,12.7765384647064,68.1352615356445
1,38.45,12.7798717645928,68.206787109375
1,38.46,12.7832050644793,68.2353973388672
1,38.47,12.7865383643657,68.2783126831055
1,38.48,12.7898716642521,68.3164596557617
1,38.49,12.7932049641386,68.354606628418
1,38.5,12.796538264025,68.3975219726563
1,38.51,12.7998715639114,68.4309005737305
1,38.52,12.8032048637979,68.4595108032227
1,38.53,12.8065381636843,68.5214996337891
1,38.54,12.8098714635707,68.5501098632813
1,38.55,12.8132047634572,68.5739517211914
1,38.56,12.8165380633436,68.5977935791016
1,38.57,12.81987136323,68.6073303222656
1,38.58,12.8232046631165,68.66455078125
1,38.59,12.8265379630029,68.6788558959961
1,38.6,12.8298712628894,68.7122344970703
1,38.61,12.8332045627758,68.7313079833984
1,38.62,12.8365378626622,68.7646865844727
1,38.63,12.8398711625487,68.7932968139648
1,38.64,12.8432044624351,68.8076019287109
1,38.65,12.8465377623215,68.812370300293
1,38.66,12.849871062208,68.8362121582031
1,38.67,12.8532043620944,68.8648223876953
1,38.68,12.8565376619808,68.8886642456055
1,38.69,12.8598709618673,68.8886642456055
1,38.7,12.8632042617537,68.9077377319336
1,38.71,12.8665375616401,68.9363479614258
1,38.72,12.8698708615266,68.964958190918
1,38.73,12.873204161413,68.9888000488281
1,38.74,12.8765374612995,68.9935684204102
1,38.75,12.8798707611859,69.0317153930664
1,38.76,12.8832040610723,69.0698623657227
1,38.77,12.8865373609588,69.0793991088867
1,38.78,12.8898706608452,69.1318511962891
1,38.79,12.8932039607316,69.1556930541992
1,38.8,12.8965372606181,69.1795349121094
1,38.81,12.8998705605045,69.2224502563477
1,38.82,12.9032038603909,69.2415237426758
1,38.83,12.9065371602774,69.2844390869141
1,38.84,12.9098704601638,69.3082809448242
1,38.85,12.9132037600502,69.3464279174805
1,38.86,12.9165370599367,69.3941116333008
1,38.87,12.9198703598231,69.4036483764648
1,38.88,12.9232036597095,69.4417953491211
1,38.89,12.926536959596,69.4656372070313
1,38.9,12.9298702594824,69.5085525512695
1,38.91,12.9332035593688,69.5180892944336
1,38.92,12.9365368592553,69.5657730102539
1,38.93,12.9398701591417,69.5943832397461
1,38.94,12.9432034590282,69.6134567260742
1,38.95,12.9465367589146,69.6325302124023
1,38.96,12.949870058801,69.7040557861328
1,38.97,12.9532033586875,69.7135925292969
1,38.98,12.9565366585739,69.7422027587891
1,38.99,12.9598699584603,69.7708129882813
1,39,12.9632032583468,69.7803497314453
1,39.01,12.9665365582332,69.8137283325195
1,39.02,12.9698698581196,69.8375701904297
1,39.03,12.9732031580061,69.8614120483398
1,39.04,12.9765364578925,69.890022277832
1,39.05,12.9798697577789,69.9186325073242
1,39.06,12.9832030576654,69.9472427368164
1,39.07,12.9865363575518,69.9758529663086
1,39.08,12.9898696574382,70.0139999389648
1,39.09,12.9932029573247,70.0616836547852
1,39.1,12.9965362572111,70.0855255126953
1,39.11,12.9998695570976,70.1093673706055
1,39.12,13.003202856984,70.1427459716797
1,39.13,13.0065361568704,70.1570510864258
1,39.14,13.0098694567569,70.2190399169922
1,39.15,13.0132027566433,70.2238082885742
1,39.16,13.0165360565297,70.2667236328125
1,39.17,13.0198693564162,70.3001022338867
1,39.18,13.0232026563026,70.3239440917969
1,39.19,13.026535956189,70.3763961791992
1,39.2,13.0298692560755,70.3859329223633
1,39.21,13.0332025559619,70.4097747802734
1,39.22,13.0365358558483,70.4431533813477
1,39.23,13.0398691557348,70.4717636108398
1,39.24,13.0432024556212,70.5051422119141
1,39.25,13.0465357555076,70.5194473266602
1,39.26,13.0498690553941,70.5575942993164
1,39.27,13.0532023552805,70.5575942993164
1,39.28,13.056535655167,70.6100463867188
1,39.29,13.0598689550534,70.6386566162109
1,39.3,13.0632022549398,70.6624984741211
1,39.31,13.0665355548263,70.6958770751953
1,39.32,13.0698688547127,70.7149505615234
1,39.33,13.0732021545991,70.7530975341797
1,39.34,13.0765354544856,70.796012878418
1,39.35,13.079868754372,70.8389282226563
1,39.36,13.0832020542584,70.8723068237305
1,39.37,13.0865353541449,70.8913803100586
1,39.38,13.0898686540313,70.9342956542969
1,39.39,13.0932019539177,70.9724426269531
1,39.4,13.0965352538042,71.0105895996094
1,39.41,13.0998685536906,71.0391998291016
1,39.42,13.103201853577,71.0678100585938
1,39.43,13.1065351534635,71.0868835449219
1,39.44,13.1098684533499,71.1441040039063
1,39.45,13.1132017532364,71.1631774902344
1,39.46,13.1165350531228,71.1965560913086
1,39.47,13.1198683530092,71.2347030639648
1,39.48,13.1232016528957,71.2680816650391
1,39.49,13.1265349527821,71.2823867797852
1,39.5,13.1298682526685,71.3205337524414
1,39.51,13.133201552555,71.3586807250977
1,39.52,13.1365348524414,71.3682174682617
1,39.53,13.1398681523278,71.3920593261719
1,39.54,13.1432014522143,71.4349746704102
1,39.55,13.1465347521007,71.4921951293945
1,39.56,13.1498680519871,71.5160369873047
1,39.57,13.1532013518736,71.5446472167969
1,39.58,13.15653465176,71.5970993041992
1,39.59,13.1598679516464,71.6257095336914
1,39.6,13.1632012515329,71.6829299926758
1,39.61,13.1665345514193,71.7020034790039
1,39.62,13.1698678513058,71.71630859375
1,39.63,13.1732011511922,71.7830657958984
1,39.64,13.1765344510786,71.7973709106445
1,39.65,13.1798677509651,71.8402862548828
1,39.66,13.1832010508515,71.8498229980469
1,39.67,13.1865343507379,71.8879699707031
1,39.68,13.1898676506244,71.9118118286133
1,39.69,13.1932009505108,71.9499588012695
1,39.7,13.1965342503972,71.9642639160156
1,39.71,13.1998675502837,71.9928741455078
1,39.72,13.2032008501701,72.0357894897461
1,39.73,13.2065341500565,72.0500946044922
1,39.74,13.209867449943,72.1073150634766
1,39.75,13.2132007498294,72.1120834350586
1,39.76,13.2165340497158,72.1597671508789
1,39.77,13.2198673496023,72.1979141235352
1,39.78,13.2232006494887,72.2074508666992
1,39.79,13.2265339493752,72.2312927246094
1,39.8,13.2298672492616,72.2885131835938
1,39.81,13.233200549148,72.32666015625
1,39.82,13.2365338490345,72.3695755004883
1,39.83,13.2398671489209,72.3791122436523
1,39.84,13.2432004488073,72.4363327026367
1,39.85,13.2465337486938,72.4506378173828
1,39.86,13.2498670485802,72.4983215332031
1,39.87,13.2532003484666,72.5126266479492
1,39.88,13.2565336483531,72.5221633911133
1,39.89,13.2598669482395,72.5793838500977
1,39.9,13.2632002481259,72.5936889648438
1,39.91,13.2665335480124,72.627067565918
1,39.92,13.2698668478988,72.6604461669922
1,39.93,13.2732001477852,72.6890563964844
1,39.94,13.2765334476717,72.7224349975586
1,39.95,13.2798667475581,72.7605819702148
1,39.96,13.2832000474446,72.784423828125
1,39.97,13.286533347331,72.8178024291992
1,39.98,13.2898666472174,72.8464126586914
1,39.99,13.2931999471039,72.8702545166016
1,40,13.2965332469903,72.9179382324219
1,40.01,13.2998665468767,72.9513168334961
1,40.02,13.3031998467632,72.9799270629883
1,40.03,13.3065331466496,73.0037689208984
1,40.04,13.309866446536,73.0323791503906
1,40.05,13.3131997464225,73.0752944946289
1,40.06,13.3165330463089,73.094367980957
1,40.07,13.3198663461953,73.1182098388672
1,40.08,13.3231996460818,73.1611251831055
1,40.09,13.3265329459682,73.1897354125977
1,40.1,13.3298662458546,73.2183456420898
1,40.11,13.3331995457411,73.2517242431641
1,40.12,13.3365328456275,73.237419128418
1,40.13,13.339866145514,73.2898712158203
1,40.14,13.3431994454004,73.3423233032227
1,40.15,13.3465327452868,73.3709335327148
1,40.16,13.3498660451733,73.3852386474609
1,40.17,13.3531993450597,73.4186172485352
1,40.18,13.3565326449461,73.4567642211914
1,40.19,13.3598659448326,73.4663009643555
1,40.2,13.363199244719,73.5187530517578
1,40.21,13.3665325446054,73.5235214233398
1,40.22,13.3698658444919,73.5712051391602
1,40.23,13.3731991443783,73.5855102539063
1,40.24,13.3765324442647,73.5950469970703
1,40.25,13.3798657441512,73.6665725708008
1,40.26,13.3831990440376,73.6713409423828
1,40.27,13.386532343924,73.6904144287109
1,40.28,13.3898656438105,73.7190246582031
1,40.29,13.3931989436969,73.7333297729492
1,40.3,13.3965322435834,73.7762451171875
1,40.31,13.3998655434698,73.7857818603516
1,40.32,13.4031988433562,73.8000869750977
1,40.33,13.4065321432427,73.8382339477539
1,40.34,13.4098654431291,73.8620758056641
1,40.35,13.4131987430155,73.8859176635742
1,40.36,13.416532042902,73.9240646362305
1,40.37,13.4198653427884,73.9574432373047
1,40.38,13.4231986426748,73.9765167236328
1,40.39,13.4265319425613,74.0289688110352
1,40.4,13.4298652424477,74.0385055541992
1,40.41,13.4331985423341,74.0671157836914
1,40.42,13.4365318422206,74.1243362426758
1,40.43,13.439865142107,74.1672515869141
1,40.44,13.4431984419934,74.1910934448242
1,40.45,13.4465317418799,74.2530822753906
1,40.46,13.4498650417663,74.2816925048828
1,40.47,13.4531983416528,74.310302734375
1,40.48,13.4565316415392,74.3389129638672
1,40.49,13.4598649414256,74.3865966796875
1,40.5,13.4631982413121,74.3961334228516
1,40.51,13.4665315411985,74.4247436523438
1,40.52,13.4698648410849,74.4819641113281
1,40.53,13.4731981409714,74.5153427124023
1,40.54,13.4765314408578,74.5201110839844
1,40.55,13.4798647407442,74.5344161987305
1,40.56,13.4831980406307,74.5820999145508
1,40.57,13.4865313405171,74.5916366577148
1,40.58,13.4898646404035,74.6297836303711
1,40.59,13.49319794029,74.6488571166992
1,40.6,13.4965312401764,74.6393203735352
1,40.61,13.4998645400628,74.6631622314453
1,40.62,13.5031978399493,74.6965408325195
1,40.63,13.5065311398357,74.7299194335938
1,40.64,13.5098644397222,74.7442245483398
1,40.65,13.5131977396086,74.763298034668
1,40.66,13.516531039495,74.8109817504883
1,40.67,13.5198643393815,74.8395919799805
1,40.68,13.5231976392679,74.8729705810547
1,40.69,13.5265309391543,74.8586654663086
1,40.7,13.5298642390408,74.9111175537109
1,40.71,13.5331975389272,74.9444961547852
1,40.72,13.5365308388136,74.9540328979492
1,40.73,13.5398641387001,75.0064849853516
1,40.74,13.5431974385865,75.0255584716797
1,40.75,13.5465307384729,75.0637054443359
1,40.76,13.5498640383594,75.0875473022461
1,40.77,13.5531973382458,75.1161575317383
1,40.78,13.5565306381322,75.1638412475586
1,40.79,13.5598639380187,75.1876831054688
1,40.8,13.5631972379051,75.2162933349609
1,40.81,13.5665305377916,75.2687454223633
1,40.82,13.569863837678,75.3068923950195
1,40.83,13.5731971375644,75.3307342529297
1,40.84,13.5765304374509,75.3593444824219
1,40.85,13.5798637373373,75.4165649414063
1,40.86,13.5831970372237,75.4451751708984
1,40.87,13.5865303371102,75.4594802856445
1,40.88,13.5898636369966,75.5071640014648
1,40.89,13.593196936883,75.535774230957
1,40.9,13.5965302367695,75.5786895751953
1,40.91,13.5998635366559,75.6120681762695
1,40.92,13.6031968365423,75.6406784057617
1,40.93,13.6065301364288,75.6740570068359
1,40.94,13.6098634363152,75.7122039794922
1,40.95,13.6131967362016,75.7408142089844
1,40.96,13.6165300360881,75.7646560668945
1,40.97,13.6198633359745,75.8028030395508
1,40.98,13.6231966358609,75.8266448974609
1,40.99,13.6265299357474,75.8743286132813
1,41,13.6298632356338,75.8886337280273
1,41.01,13.6331965355203,75.9363174438477
1,41.02,13.6365298354067,75.9649276733398
1,41.03,13.6398631352931,75.984001159668
1,41.04,13.6431964351796,76.0602951049805
1,41.05,13.646529735066,76.0746002197266
1,41.06,13.6498630349524,76.1222839355469
1,41.07,13.6531963348389,76.1651992797852
1,41.08,13.6565296347253,76.1699676513672
1,41.09,13.6598629346117,76.1890411376953
1,41.1,13.6631962344982,76.2510299682617
1,41.11,13.6665295343846,76.2844085693359
1,41.12,13.669862834271,76.3273239135742
1,41.13,13.6731961341575,76.3463973999023
1,41.14,13.6765294340439,76.3940811157227
1,41.15,13.6798627339303,76.4131546020508
1,41.16,13.6831960338168,76.4226913452148
1,41.17,13.6865293337032,76.446533203125
1,41.18,13.6898626335897,76.4942169189453
1,41.19,13.6931959334761,76.5228271484375
1,41.2,13.6965292333625,76.5466690063477
1,41.21,13.699862533249,76.5609741210938
1,41.22,13.7031958331354,76.594352722168
1,41.23,13.7065291330218,76.6086578369141
1,41.24,13.7098624329083,76.6420364379883
1,41.25,13.7131957327947,76.6658782958984
1,41.26,13.7165290326811,76.6944885253906
1,41.27,13.7198623325676,76.7183303833008
1,41.28,13.723195632454,76.7707824707031
1,41.29,13.7265289323404,76.7946243286133
1,41.3,13.7298622322269,76.8089294433594
1,41.31,13.7331955321133,76.8566131591797
1,41.32,13.7365288319998,76.904296875
1,41.33,13.7398621318862,76.9233703613281
1,41.34,13.7431954317726,76.9472122192383
1,41.35,13.7465287316591,76.9853591918945
1,41.36,13.7498620315455,77.0139694213867
1,41.37,13.7531953314319,77.052116394043
1,41.38,13.7565286313184,77.0664215087891
1,41.39,13.7598619312048,77.1141052246094
1,41.4,13.7631952310912,77.1427154541016
1,41.41,13.7665285309777,77.1665573120117
1,41.42,13.7698618308641,77.1760940551758
1,41.43,13.7731951307505,77.2285461425781
1,41.44,13.776528430637,77.2571563720703
1,41.45,13.7798617305234,77.2666931152344
1,41.46,13.7831950304098,77.2714614868164
1,41.47,13.7865283302963,77.3286819458008
1,41.48,13.7898616301827,77.362060546875
1,41.49,13.7931949300691,77.3811340332031
1,41.5,13.7965282299556,77.4288177490234
1,41.51,13.799861529842,77.4431228637695
1,41.52,13.8031948297285,77.4812698364258
1,41.53,13.8065281296149,77.519416809082
1,41.54,13.8098614295013,77.5337219238281
1,41.55,13.8165280292742,77.5957107543945
1,41.56,13.8198613291606,77.6290893554688
1,41.58,13.8231946290471,77.6958465576172
1,41.59,13.8265279289335,77.7339935302734
1,41.6,13.8298612288199,77.7816772460938
1,41.61,13.8365278285928,77.8484344482422
1,41.62,13.8398611284792,77.8627395629883
1,41.64,13.8431944283657,77.9294967651367
1,41.65,13.8498610281385,77.9819488525391
1,41.66,13.853194328025,78.0248641967773
1,41.67,13.8565276279114,78.0725479125977
1,41.68,13.8598609277979,78.1154632568359
1,41.69,13.8631942276843,78.129768371582
1,41.7,13.8665275275707,78.1822204589844
1,41.71,13.8698608274572,78.2108306884766
1,41.72,13.8731941273436,78.2394409179688
1,41.74,13.8798607271165,78.3300399780273
1,41.75,13.8831940270029,78.3443450927734
1,41.76,13.8865273268893,78.3872604370117
1,41.77,13.8898606267758,78.4015655517578
1,41.78,13.8931939266622,78.4444808959961
1,41.79,13.8965272265486,78.4587860107422
1,41.8,13.8998605264351,78.4873962402344
1,41.81,13.9031938263215,78.5160064697266
1,41.82,13.9065271262079,78.5160064697266
1,41.83,13.9098604260944,78.587532043457
1,41.84,13.9131937259808,78.5970687866211
1,41.85,13.9165270258673,78.6161422729492
1,41.86,13.9198603257537,78.6399841308594
1,41.87,13.9231936256401,78.6828994750977
1,41.88,13.9265269255266,78.7019729614258
1,41.89,13.929860225413,78.730583190918
1,41.9,13.9331935252994,78.7544250488281
1,41.91,13.9365268251859,78.7734985351563
1,41.92,13.9398601250723,78.8211822509766
1,41.93,13.9431934249587,78.8497924804688
1,41.94,13.9465267248452,78.8593292236328
1,41.95,13.9498600247316,78.883171081543
1,41.96,13.953193324618,78.9117813110352
1,41.97,13.9565266245045,78.9308547973633
1,41.98,13.9598599243909,78.9690017700195
1,41.99,13.9631932242773,78.9642333984375
1,42,13.9665265241638,78.9737701416016
1,42.01,13.9698598240502,79.0119171142578
1,42.02,13.9731931239367,79.0309906005859
1,42.03,13.9765264238231,79.045295715332
1,42.04,13.9798597237095,79.0786743164063
1,42.05,13.983193023596,79.1120529174805
1,42.06,13.9865263234824,79.1454315185547
1,42.07,13.9898596233688,79.1645050048828
1,42.08,13.9931929232553,79.1788101196289
1,42.09,13.9965262231417,79.2312622070313
1,42.1,13.9998595230281,79.2455673217773
1,42.11,14.0031928229146,79.2741775512695
1,42.12,14.006526122801,79.2932510375977
1,42.13,14.0098594226874,79.3123245239258
1,42.14,14.0131927225739,79.3600082397461
1,42.15,14.0165260224603,79.3743133544922
1,42.16,14.0198593223467,79.4172286987305
1,42.17,14.0231926222332,79.4601440429688
1,42.18,14.0265259221196,79.498291015625
1,42.19,14.0298592220061,79.5173645019531
1,42.2,14.0331925218925,79.5650482177734
1,42.21,14.0365258217789,79.5936584472656
1,42.22,14.0398591216654,79.6365737915039
1,42.23,14.0431924215518,79.6651840209961
1,42.24,14.0465257214382,79.7271728515625
1,42.25,14.0498590213247,79.7462463378906
1,42.26,14.0531923212111,79.7462463378906
1,42.27,14.0565256210975,79.7843933105469
1,42.28,14.059858920984,79.8368453979492
1,42.29,14.0631922208704,79.8511505126953
1,42.3,14.0665255207568,79.8892974853516
1,42.31,14.0698588206433,79.9274444580078
1,42.32,14.0731921205297,79.9560546875
1,42.33,14.0765254204161,79.9846649169922
1,42.34,14.0798587203026,80.0085067749023
1,42.35,14.083192020189,80.0132751464844
1,42.36,14.0865253200755,80.0752639770508
1,42.37,14.0898586199619,80.0943374633789
1,42.38,14.0931919198483,80.1324844360352
1,42.39,14.0965252197348,80.1467895507813
1,42.4,14.0998585196212,80.1753997802734
1,42.41,14.1031918195076,80.2087783813477
1,42.42,14.1065251193941,80.2278518676758
1,42.43,14.1098584192805,80.2850723266602
1,42.44,14.1131917191669,80.3089141845703
1,42.45,14.1165250190534,80.3422927856445
1,42.46,14.1198583189398,80.3613662719727
1,42.47,14.1231916188262,80.4281234741211
1,42.48,14.1265249187127,80.4471969604492
1,42.49,14.1298582185991,80.4805755615234
1,42.5,14.1331915184855,80.5187225341797
1,42.51,14.136524818372,80.5377960205078
1,42.52,14.1398581182584,80.571174621582
1,42.53,14.1431914181449,80.5997848510742
1,42.54,14.1465247180313,80.6283950805664
1,42.55,14.1498580179177,80.6427001953125
1,42.56,14.1531913178042,80.6713104248047
1,42.57,14.1565246176906,80.7285308837891
1,42.58,14.159857917577,80.7428359985352
1,42.59,14.1631912174635,80.7905197143555
1,42.6,14.1665245173499,80.8143615722656
1,42.61,14.1698578172363,80.87158203125
1,42.62,14.1731911171228,80.9097290039063
1,42.63,14.1765244170092,80.9383392333984
1,42.64,14.1798577168956,80.9717178344727
1,42.65,14.1831910167821,81.0050964355469
1,42.66,14.1865243166685,81.0337066650391
1,42.67,14.1898576165549,81.0956954956055
1,42.68,14.1931909164414,81.1243057250977
1,42.69,14.1965242163278,81.1529159545898
1,42.7,14.1998575162143,81.2005996704102
1,42.71,14.2031908161007,81.2149047851563
1,42.72,14.2065241159871,81.2482833862305
1,42.73,14.2098574158736,81.2816619873047
1,42.74,14.21319071576,81.2911987304688
1,42.75,14.2165240156464,81.3674926757813
1,42.76,14.2198573155329,81.3913345336914
1,42.77,14.2231906154193,81.4247131347656
1,42.78,14.2265239153057,81.4437866210938
1,42.79,14.2298572151922,81.4533233642578
1,42.8,14.2331905150786,81.5057754516602
1,42.81,14.236523814965,81.5677642822266
1,42.82,14.2398571148515,81.5773010253906
1,42.83,14.2431904147379,81.5963745117188
1,42.84,14.2465237146243,81.639289855957
1,42.85,14.2498570145108,81.6774368286133
1,42.86,14.2531903143972,81.7346572875977
1,42.87,14.2565236142837,81.7489624023438
1,42.88,14.2598569141701,81.787109375
1,42.89,14.2631902140565,81.8300247192383
1,42.9,14.266523513943,81.8443298339844
1,42.91,14.2698568138294,81.8967819213867
1,42.92,14.2731901137158,81.934928894043
1,42.93,14.2765234136023,81.9540023803711
1,42.94,14.2798567134887,81.9826126098633
1,42.95,14.2831900133751,82.0350646972656
1,42.96,14.2865233132616,82.0732116699219
1,42.97,14.289856613148,82.097053527832
1,42.98,14.2931899130344,82.1495056152344
1,42.99,14.2965232129209,82.1685791015625
1,43,14.2998565128073,82.2162628173828
1,43.01,14.3031898126937,82.2687149047852
1,43.02,14.3065231125802,82.3020935058594
1,43.03,14.3098564124666,82.3450088500977
1,43.04,14.3131897123531,82.3688507080078
1,43.05,14.3165230122395,82.3783874511719
1,43.06,14.3198563121259,82.4403762817383
1,43.07,14.3231896120124,82.4737548828125
1,43.08,14.3265229118988,82.4880599975586
1,43.09,14.3298562117852,82.5166702270508
1,43.1,14.3331895116717,82.5357437133789
1,43.11,14.3365228115581,82.5786590576172
1,43.12,14.3398561114445,82.6168060302734
1,43.13,14.343189411331,82.6406478881836
1,43.14,14.3465227112174,82.6597213745117
1,43.15,14.3498560111038,82.707405090332
1,43.16,14.3531893109903,82.7264785766602
1,43.17,14.3565226108767,82.7598571777344
1,43.18,14.3598559107631,82.7836990356445
1,43.19,14.3631892106496,82.8170776367188
1,43.2,14.366522510536,82.8313827514648
1,43.21,14.3698558104225,82.8695297241211
1,43.22,14.3731891103089,82.9172134399414
1,43.23,14.3765224101953,82.9315185546875
1,43.24,14.3798557100818,82.9601287841797
1,43.25,14.3831890099682,82.9792022705078
1,43.26,14.3865223098546,83.0364227294922
1,43.27,14.3898556097411,83.0841064453125
1,43.28,14.3931889096275,83.1031799316406
1,43.29,14.3965222095139,83.1317901611328
1,43.3,14.3998555094004,83.1365585327148
1,43.31,14.4031888092868,83.1985473632813
1,43.32,14.4065221091732,83.2176208496094
1,43.33,14.4098554090597,83.2319259643555
1,43.34,14.4131887089461,83.2605361938477
1,43.35,14.4165220088325,83.2843780517578
1,43.36,14.419855308719,83.3463668823242
1,43.37,14.4231886086054,83.3702087402344
1,43.38,14.4265219084918,83.4083557128906
1,43.39,14.4298552083783,83.4417343139648
1,43.4,14.4331885082647,83.4941864013672
1,43.41,14.4365218081512,83.5037231445313
1,43.42,14.4398551080376,83.5704803466797
1,43.43,14.443188407924,83.5895538330078
1,43.44,14.4465217078105,83.6181640625
1,43.45,14.4498550076969,83.6896896362305
1,43.46,14.4531883075833,83.7182998657227
1,43.47,14.4565216074698,83.7516784667969
1,43.48,14.4598549073562,83.7612152099609
1,43.49,14.4631882072426,83.7898254394531
1,43.5,14.4665215071291,83.8375091552734
1,43.51,14.4698548070155,83.8708877563477
1,43.52,14.4731881069019,83.8851928710938
1,43.53,14.4765214067884,83.9090347290039
1,43.54,14.4798547066748,83.9424133300781
1,43.55,14.4831880065613,83.9900970458984
1,43.56,14.4865213064477,83.9996337890625
1,43.57,14.4898546063341,84.0187072753906
1,43.58,14.4931879062206,84.0425491333008
1,43.59,14.496521206107,84.0663909912109
1,43.6,14.4998545059934,84.0902328491211
1,43.61,14.5031878058799,84.1236114501953
1,43.62,14.5065211057663,84.1665267944336
1,43.63,14.5098544056527,84.1808319091797
1,43.64,14.5131877055392,84.1856002807617
1,43.65,14.5165210054256,84.2046737670898
1,43.66,14.519854305312,84.2428207397461
1,43.67,14.5231876051985,84.2571258544922
1,43.68,14.5265209050849,84.2809677124023
1,43.69,14.5298542049713,84.3191146850586
1,43.7,14.5331875048578,84.3429565429688
1,43.71,14.5365208047442,84.3715667724609
1,43.72,14.5398541046306,84.4001770019531
1,43.73,14.5431874045171,84.4144821166992
1,43.74,14.5465207044035,84.4383239746094
1,43.75,14.54985400429,84.4717025756836
1,43.76,14.5531873041764,84.4812393188477
1,43.77,14.5565206040628,84.5098495483398
1,43.78,14.5598539039493,84.5479965209961
1,43.79,14.5631872038357,84.5479965209961
1,43.8,14.5665205037221,84.6052169799805
1,43.81,14.5698538036086,84.6385955810547
1,43.82,14.573187103495,84.6624374389648
1,43.83,14.5765204033814,84.7101211547852
1,43.84,14.5798537032679,84.7482681274414
1,43.85,14.5831870031543,84.7911834716797
1,43.86,14.5865203030407,84.8197937011719
1,43.87,14.5898536029272,84.8913192749023
1,43.88,14.5931869028136,84.9342346191406
1,43.89,14.5965202027,84.9437713623047
1,43.9,14.5998535025865,84.986686706543
1,43.91,14.6031868024729,85.0009918212891
1,43.92,14.6065201023594,85.0677490234375
1,43.93,14.6098534022458,85.1058959960938
1,43.94,14.6131867021322,85.139274597168
1,43.95,14.6165200020187,85.1726531982422
1,43.96,14.6198533019051,85.2012634277344
1,43.97,14.6231866017915,85.2441787719727
1,43.98,14.626519901678,85.2823257446289
1,43.99,14.6298532015644,85.3252410888672
1,44,14.6331865014508,85.3490829467773
1,44.01,14.6365198013373,85.3919982910156
1,44.02,14.6398531012237,85.4253768920898
1,44.03,14.6431864011101,85.4396820068359
1,44.04,14.6465197009966,85.5159759521484
1,44.05,14.649853000883,85.5350494384766
1,44.06,14.6531863007695,85.5684280395508
1,44.07,14.6565196006559,85.5779647827148
1,44.08,14.6598529005423,85.6542587280273
1,44.09,14.6631862004288,85.6637954711914
1,44.1,14.6665195003152,85.6876373291016
1,44.11,14.6698528002016,85.7400894165039
1,44.12,14.6731861000881,85.7686996459961
1,44.13,14.6765193999745,85.7973098754883
1,44.14,14.6798526998609,85.8163833618164
1,44.15,14.6831859997474,85.8592987060547
1,44.16,14.6865192996338,85.8831405639648
1,44.17,14.6898525995202,85.9212875366211
1,44.18,14.6931858994067,85.9355926513672
1,44.19,14.6965191992931,85.9689712524414
1,44.2,14.6998524991795,86.0023498535156
1,44.21,14.703185799066,86.0500335693359
1,44.22,14.7065190989524,86.0595703125
1,44.23,14.7098523988388,86.0977172851563
1,44.24,14.7131856987253,86.1167907714844
1,44.25,14.7165189986117,86.1549377441406
1,44.26,14.7198522984982,86.1787796020508
1,44.27,14.7231855983846,86.2026214599609
1,44.28,14.726518898271,86.2264633178711
1,44.29,14.7298521981575,86.2598419189453
1,44.3,14.7331854980439,86.3027572631836
1,44.31,14.7365187979303,86.3361358642578
1,44.32,14.7398520978168,86.369514465332
1,44.33,14.7431853977032,86.3981246948242
1,44.34,14.7465186975896,86.4553451538086
1,44.35,14.7498519974761,86.4696502685547
1,44.36,14.7531852973625,86.5077972412109
1,44.37,14.7565185972489,86.5602493286133
1,44.38,14.7598518971354,86.5745544433594
1,44.39,14.7631851970218,86.6031646728516
1,44.4,14.7665184969082,86.6508483886719
1,44.41,14.7698517967947,86.6985321044922
1,44.42,14.7731850966811,86.7176055908203
1,44.43,14.7765183965676,86.7557525634766
1,44.44,14.779851696454,86.7700576782227
1,44.45,14.7831849963404,86.817741394043
1,44.46,14.7865182962269,86.8415832519531
1,44.47,14.7898515961133,86.8558883666992
1,44.48,14.7931848959997,86.8511199951172
1,44.49,14.7965181958862,86.8892669677734
1,44.5,14.7998514957726,86.9417190551758
1,44.51,14.803184795659,86.9655609130859
1,44.52,14.8065180955455,86.9894027709961
1,44.53,14.8098513954319,87.0084762573242
1,44.54,14.8131846953183,87.0561599731445
1,44.55,14.8165179952048,87.0800018310547
1,44.56,14.8198512950912,87.1133804321289
1,44.57,14.8231845949776,87.1467590332031
1,44.58,14.8265178948641,87.1896743774414
1,44.59,14.8298511947505,87.2278213500977
1,44.6,14.833184494637,87.285041809082
1,44.61,14.8365177945234,87.3136520385742
1,44.62,14.8398510944098,87.3613357543945
1,44.63,14.8431843942963,87.3899459838867
1,44.64,14.8465176941827,87.437629699707
1,44.65,14.8498509940691,87.5043869018555
1,44.66,14.8531842939556,87.5377655029297
1,44.67,14.856517593842,87.5759124755859
1,44.68,14.8598508937284,87.6522064208984
1,44.69,14.8631841936149,87.6951217651367
1,44.7,14.8665174935013,87.738037109375
1,44.71,14.8698507933877,87.7666473388672
1,44.72,14.8731840932742,87.8095626831055
1,44.73,14.8765173931606,87.885856628418
1,44.74,14.879850693047,87.9096984863281
1,44.75,14.8831839929335,87.9669189453125
1,44.76,14.8865172928199,87.9907608032227
1,44.77,14.8898505927064,88.043212890625
1,44.78,14.8931838925928,88.0718231201172
1,44.79,14.8965171924792,88.1195068359375
1,44.8,14.8998504923657,88.1576538085938
1,44.81,14.9031837922521,88.1814956665039
1,44.82,14.9065170921385,88.1862640380859
1,44.83,14.909850392025,88.2482528686523
1,44.84,14.9131836919114,88.2768630981445
1,44.85,14.9198502916843,88.2863998413086
1,44.87,14.9231835915707,88.348388671875
1,44.88,14.9265168914571,88.3865356445313
1,44.89,14.9298501913436,88.4008407592773
1,44.9,14.9365167911164,88.4294509887695
1,44.91,14.9398500910029,88.4485244750977
1,44.93,14.9431833908893,88.5152816772461
1,44.94,14.9498499906622,88.5534286499023
1,44.95,14.9531832905486,88.5581970214844
1,44.96,14.9565165904351,88.6106491088867
1,44.97,14.9598498903215,88.6249542236328
1,44.98,14.9631831902079,88.648796081543
1,44.99,14.9665164900944,88.6631011962891
1,45,14.9698497899808,88.7155532836914
1,45.01,14.9731830898672,88.7298583984375
1,45.03,14.9798496896401,88.7632369995117
1,45.04,14.9831829895265,88.7727737426758
1,45.05,14.986516289413,88.8156890869141
1,45.06,14.9898495892994,88.8299942016602
1,45.07,14.9931828891858,88.8538360595703
1,45.08,14.9965161890723,88.8776779174805
1,45.09,14.9998494889587,88.9158248901367
1,45.1,15.0031827888452,88.9396667480469
1,45.11,15.0065160887316,88.953971862793
1,45.12,15.009849388618,88.963508605957
1,45.13,15.0131826885045,89.0207290649414
1,45.14,15.0165159883909,89.0636444091797
1,45.15,15.0198492882773,89.0779495239258
1,45.16,15.0231825881638,89.1351699829102
1,45.17,15.0265158880502,89.1542434692383
1,45.18,15.0298491879366,89.2019271850586
1,45.19,15.0331824878231,89.2305374145508
1,45.2,15.0365157877095,89.2734527587891
1,45.21,15.0398490875959,89.3211364746094
1,45.22,15.0431823874824,89.3497467041016
1,45.23,15.0465156873688,89.4069671630859
1,45.24,15.0498489872552,89.4355773925781
1,45.25,15.0531822871417,89.4737243652344
1,45.26,15.0565155870281,89.4927978515625
1,45.27,15.0598488869146,89.5166397094727
1,45.28,15.063182186801,89.5500183105469
1,45.29,15.0665154866874,89.6120071411133
1,45.3,15.0698487865739,89.6167755126953
1,45.31,15.0731820864603,89.6310806274414
1,45.32,15.0765153863467,89.6739959716797
1,45.33,15.0798486862332,89.6930694580078
1,45.34,15.0831819861196,89.7407531738281
1,45.35,15.086515286006,89.7693634033203
1,45.36,15.0898485858925,89.7741317749023
1,45.37,15.0931818857789,89.8361206054688
1,45.38,15.0965151856653,89.8408889770508
1,45.39,15.0998484855518,89.874267578125
1,45.4,15.1031817854382,89.9219512939453
1,45.41,15.1065150853246,89.9314880371094
1,45.42,15.1098483852111,89.9648666381836
1,45.43,15.1131816850975,89.9934768676758
1,45.44,15.116514984984,90.0459289550781
1,45.45,15.1198482848704,90.0936126708984
1,45.46,15.1231815847568,90.1222229003906
1,45.47,15.1265148846433,90.1460647583008
1,45.48,15.1298481845297,90.1889801025391
1,45.49,15.1331814844161,90.2032852172852
1,45.5,15.1365147843026,90.2748107910156
1,45.51,15.139848084189,90.3224945068359
1,45.52,15.1431813840754,90.3654098510742
1,45.53,15.1465146839619,90.3844833374023
1,45.54,15.1498479838483,90.4035568237305
1,45.55,15.1531812837347,90.4560089111328
1,45.56,15.1565145836212,90.5084609985352
1,45.57,15.1598478835076,90.5370712280273
1,45.58,15.163181183394,90.5942916870117
1,45.59,15.1665144832805,90.6181335449219
1,45.6,15.1698477831669,90.6515121459961
1,45.61,15.1731810830534,90.6896591186523
1,45.62,15.1765143829398,90.7325744628906
1,45.63,15.1798476828262,90.7564163208008
1,45.64,15.1831809827127,90.785026550293
1,45.65,15.1865142825991,90.7993316650391
1,45.66,15.1898475824855,90.8470153808594
1,45.67,15.193180882372,90.8708572387695
1,45.68,15.1965141822584,90.8994674682617
1,45.69,15.1998474821448,90.9185409545898
1,45.7,15.2031807820313,90.947151184082
1,45.71,15.2065140819177,90.9852981567383
1,45.72,15.2098473818041,91.0234451293945
1,45.73,15.2131806816906,91.0615921020508
1,45.74,15.216513981577,91.0854339599609
1,45.75,15.2198472814634,91.1235809326172
1,45.76,15.2231805813499,91.1378860473633
1,45.77,15.2265138812363,91.1903381347656
1,45.78,15.2298471811228,91.2284851074219
1,45.79,15.2331804810092,91.2666320800781
1,45.8,15.2365137808956,91.3047790527344
1,45.81,15.2398470807821,91.3286209106445
1,45.82,15.2431803806685,91.3476943969727
1,45.83,15.2465136805549,91.3858413696289
1,45.84,15.2498469804414,91.4192199707031
1,45.85,15.2531802803278,91.4812088012695
1,45.86,15.2565135802142,91.5002822875977
1,45.87,15.2598468801007,91.5431976318359
1,45.88,15.2631801799871,91.5622711181641
1,45.89,15.2665134798735,91.6194915771484
1,45.9,15.26984677976,91.6624069213867
1,45.91,15.2731800796464,91.6528701782227
1,45.92,15.2765133795328,91.6862487792969
1,45.93,15.2798466794193,91.6957855224609
1,45.94,15.2831799793057,91.7625427246094
1,45.95,15.2865132791921,91.7768478393555
1,45.96,15.2898465790786,91.7959213256836
1,45.97,15.293179878965,91.8149948120117
1,45.98,15.2965131788515,91.853141784668
1,45.99,15.2998464787379,91.9055938720703
1,46,15.3031797786243,91.9008255004883
1,46.01,15.3065130785108,91.9628143310547
1,46.02,15.3098463783972,91.9818878173828
1,46.03,15.3131796782836,92.005729675293
1,46.04,15.3165129781701,92.0438766479492
1,46.05,15.3198462780565,92.0677185058594
1,46.06,15.3231795779429,92.1249389648438
1,46.07,15.3265128778294,92.1487808227539
1,46.08,15.3298461777158,92.167854309082
1,46.09,15.3331794776022,92.1773910522461
1,46.1,15.3365127774887,92.2203063964844
1,46.11,15.3398460773751,92.2441482543945
1,46.12,15.3431793772616,92.2632217407227
1,46.13,15.346512677148,92.2775268554688
1,46.14,15.3498459770344,92.315673828125
1,46.15,15.3531792769209,92.3395156860352
1,46.16,15.3565125768073,92.3538208007813
1,46.17,15.3598458766937,92.3538208007813
1,46.18,15.3631791765802,92.3824310302734
1,46.19,15.3665124764666,92.3871994018555
1,46.2,15.369845776353,92.4158096313477
1,46.21,15.3731790762395,92.4205780029297
1,46.22,15.3765123761259,92.4491882324219
1,46.23,15.3798456760123,92.4348831176758
1,46.24,15.3831789758988,92.473030090332
1,46.25,15.3865122757852,92.4873352050781
1,46.26,15.3898455756716,92.4968719482422
1,46.27,15.3931788755581,92.5111770629883
1,46.28,15.3965121754445,92.5254821777344
1,46.29,15.3998454753309,92.5588607788086
1,46.3,15.4031787752174,92.5588607788086
1,46.31,15.4065120751038,92.5874710083008
1,46.32,15.4098453749903,92.625617980957
1,46.33,15.4131786748767,92.6542282104492
1,46.34,15.4165119747631,92.6685333251953
1,46.35,15.4198452746496,92.6876068115234
1,46.36,15.423178574536,92.7448272705078
1,46.37,15.4265118744224,92.768669128418
1,46.38,15.4298451743089,92.8068161010742
1,46.39,15.4331784741953,92.8449630737305
1,46.4,15.4365117740817,92.8831100463867
1,46.41,15.4398450739682,92.921257019043
1,46.42,15.4431783738546,92.9784774780273
1,46.43,15.446511673741,93.0070877075195
1,46.44,15.4498449736275,93.0356979370117
1,46.45,15.4531782735139,93.0547714233398
1,46.46,15.4565115734003,93.1262969970703
1,46.47,15.4598448732868,93.1406021118164
1,46.48,15.4631781731732,93.1787490844727
1,46.49,15.4665114730597,93.2073593139648
1,46.5,15.4698447729461,93.2502746582031
1,46.51,15.4731780728325,93.2788848876953
1,46.52,15.476511372719,93.2931900024414
1,46.53,15.4798446726054,93.3408737182617
1,46.54,15.4831779724918,93.3647155761719
1,46.55,15.4865112723783,93.388557434082
1,46.56,15.4898445722647,93.4314727783203
1,46.57,15.4931778721511,93.4696197509766
1,46.58,15.4965111720376,93.4982299804688
1,46.59,15.499844471924,93.536376953125
1,46.6,15.5031777718104,93.5792922973633
1,46.61,15.5065110716969,93.6079025268555
1,46.62,15.5098443715833,93.6508178710938
1,46.63,15.5131776714697,93.6746597290039
1,46.64,15.5165109713562,93.7080383300781
1,46.65,15.5198442712426,93.7509536743164
1,46.66,15.5231775711291,93.8034057617188
1,46.67,15.5265108710155,93.8320159912109
1,46.68,15.5298441709019,93.8558578491211
1,46.69,15.5331774707884,93.9083099365234
1,46.7,15.5365107706748,93.9607620239258
1,46.71,15.5398440705612,93.989372253418
1,46.72,15.5431773704477,94.0132141113281
1,46.73,15.5465106703341,94.0704345703125
1,46.74,15.5498439702205,94.0990447998047
1,46.75,15.553177270107,94.1562652587891
1,46.76,15.5565105699934,94.1801071166992
1,46.77,15.5598438698798,94.2182540893555
1,46.78,15.5631771697663,94.2611694335938
1,46.79,15.5665104696527,94.2850112915039
1,46.8,15.5698437695391,94.3374633789063
1,46.81,15.5731770694256,94.3565368652344
1,46.82,15.576510369312,94.3851470947266
1,46.83,15.5798436691985,94.4042205810547
1,46.84,15.5831769690849,94.4614410400391
1,46.85,15.5865102689713,94.4805145263672
1,46.86,15.5898435688578,94.4948196411133
1,46.87,15.5931768687442,94.5138931274414
1,46.88,15.5965101686306,94.5520401000977
1,46.89,15.5998434685171,94.5949554443359
1,46.9,15.6031767684035,94.6187973022461
1,46.91,15.6065100682899,94.6474075317383
1,46.92,15.6098433681764,94.6712493896484
1,46.93,15.6131766680628,94.7141647338867
1,46.94,15.6165099679492,94.7475433349609
1,46.95,15.6198432678357,94.761848449707
1,46.96,15.6231765677221,94.8047637939453
1,46.97,15.6265098676085,94.8238372802734
1,46.98,15.629843167495,94.8524475097656
1,46.99,15.6331764673814,94.8810577392578
1,47,15.6365097672679,94.9001312255859
1,47.01,15.6398430671543,94.9287414550781
1,47.02,15.6431763670407,94.9430465698242
1,47.03,15.6465096669272,94.9621200561523
1,47.04,15.6498429668136,94.9907302856445
1,47.05,15.6531762667,94.9954986572266
1,47.06,15.6565095665865,95.0288772583008
1,47.07,15.6598428664729,95.0479507446289
1,47.08,15.6631761663593,95.0860977172852
1,47.09,15.6665094662458,95.1194763183594
1,47.1,15.6698427661322,95.1623916625977
1,47.11,15.6731760660186,95.1719284057617
1,47.12,15.6765093659051,95.219612121582
1,47.13,15.6798426657915,95.2625274658203
1,47.14,15.6831759656779,95.3054428100586
1,47.15,15.6865092655644,95.3006744384766
1,47.16,15.6898425654508,95.3960418701172
1,47.17,15.6931758653373,95.4198837280273
1,47.18,15.6965091652237,95.4771041870117
1,47.19,15.6998424651101,95.4818725585938
1,47.2,15.7031757649966,95.5629348754883
1,47.21,15.706509064883,95.5963134765625
1,47.22,15.7098423647694,95.6201553344727
1,47.23,15.7131756646559,95.677375793457
1,47.24,15.7165089645423,95.7155227661133
1,47.25,15.7198422644287,95.7393646240234
1,47.26,15.7231755643152,95.7918167114258
1,47.27,15.7265088642016,95.829963684082
1,47.28,15.729842164088,95.8776473999023
1,47.29,15.7331754639745,95.9014892578125
1,47.3,15.7365087638609,95.9444046020508
1,47.31,15.7398420637473,95.9682464599609
1,47.32,15.7431753636338,96.0206985473633
1,47.33,15.7465086635202,96.0445404052734
1,47.34,15.7498419634067,96.0683822631836
1,47.35,15.7531752632931,96.0969924926758
1,47.36,15.7565085631795,96.135139465332
1,47.37,15.759841863066,96.1446762084961
1,47.38,15.7631751629524,96.1875915527344
1,47.39,15.7665084628388,96.2162017822266
1,47.4,15.7698417627253,96.2495803833008
1,47.41,15.7731750626117,96.2638854980469
1,47.42,15.7765083624981,96.3068008422852
1,47.43,15.7798416623846,96.3115692138672
1,47.44,15.783174962271,96.3497161865234
1,47.45,15.7865082621574,96.3783264160156
1,47.46,15.7898415620439,96.3878631591797
1,47.47,15.7931748619303,96.4069366455078
1,47.48,15.7965081618167,96.4593887329102
1,47.49,15.7998414617032,96.4641571044922
1,47.5,15.8031747615896,96.5023040771484
1,47.51,15.8065080614761,96.5166091918945
1,47.52,15.8098413613625,96.5499877929688
1,47.53,15.8131746612489,96.5785980224609
1,47.54,15.8165079611354,96.5976715087891
1,47.55,15.8198412610218,96.6119766235352
1,47.56,15.8231745609082,96.6644287109375
1,47.57,15.8265078607947,96.6978073120117
1,47.58,15.8298411606811,96.7168807983398
1,47.59,15.8331744605675,96.7502593994141
1,47.6,15.836507760454,96.7788696289063
1,47.61,15.8398410603404,96.8122482299805
1,47.62,15.8431743602268,96.8551635742188
1,47.63,15.8465076601133,96.8790054321289
1,47.64,15.8498409599997,96.898078918457
1,47.65,15.8531742598861,96.9314575195313
1,47.66,15.8565075597726,96.9791412353516
1,47.67,15.859840859659,96.9982147216797
1,47.68,15.8631741595454,97.0172882080078
1,47.69,15.8665074594319,97.041130065918
1,47.7,15.8698407593183,97.1126556396484
1,47.71,15.8731740592048,97.1317291259766
1,47.72,15.8765073590912,97.1555709838867
1,47.73,15.8798406589776,97.1841812133789
1,47.74,15.8831739588641,97.2080230712891
1,47.75,15.8865072587505,97.2795486450195
1,47.76,15.8898405586369,97.2986221313477
1,47.77,15.8931738585234,97.346305847168
1,47.78,15.8965071584098,97.3606109619141
1,47.79,15.8998404582962,97.3892211914063
1,47.8,15.9031737581827,97.4512100219727
1,47.81,15.9065070580691,97.4559783935547
1,47.82,15.9098403579555,97.4750518798828
1,47.83,15.913173657842,97.503662109375
1,47.84,15.9165069577284,97.5275039672852
1,47.85,15.9198402576149,97.5704193115234
1,47.86,15.9231735575013,97.5847244262695
1,47.87,15.9265068573877,97.6133346557617
1,47.88,15.9298401572742,97.6228713989258
1,47.89,15.9331734571606,97.6753234863281
1,47.9,15.936506757047,97.6943969726563
1,47.91,15.9398400569335,97.7277755737305
1,47.92,15.9431733568199,97.7659225463867
1,47.93,15.9465066567063,97.7993011474609
1,47.94,15.9498399565928,97.8326797485352
1,47.95,15.9531732564792,97.8469848632813
1,47.96,15.9565065563656,97.9232788085938
1,47.97,15.9598398562521,97.9423522949219
1,47.98,15.9631731561385,97.966194152832
1,47.99,15.9665064560249,98.0186462402344
1,48,15.9698397559114,98.0377197265625
1,48.01,15.9731730557978,98.0615615844727
1,48.02,15.9765063556843,98.1044769287109
1,48.03,15.9798396555707,98.118782043457
1,48.04,15.9831729554571,98.1855392456055
1,48.05,15.9865062553436,98.2093811035156
1,48.06,15.98983955523,98.2332229614258
1,48.07,15.9931728551164,98.2761383056641
1,48.08,15.9965061550029,98.2904434204102
1,48.09,15.9998394548893,98.3285903930664
1,48.1,16.0031727547757,98.3619689941406
1,48.11,16.0065060546622,98.4001159667969
1,48.12,16.0098393545486,98.4334945678711
1,48.13,16.013172654435,98.4525680541992
1,48.14,16.0165059543215,98.5145568847656
1,48.15,16.0198392542079,98.5383987426758
1,48.16,16.0231725540943,98.567008972168
1,48.17,16.0265058539808,98.6099243164063
1,48.18,16.0298391538672,98.6528396606445
1,48.19,16.0331724537537,98.6957550048828
1,48.2,16.0365057536401,98.719596862793
1,48.21,16.0398390535265,98.7529754638672
1,48.22,16.043172353413,98.8006591796875
1,48.23,16.0465056532994,98.8388061523438
1,48.24,16.0498389531858,98.876953125
1,48.25,16.0531722530723,98.9055633544922
1,48.26,16.0565055529587,98.9294052124023
1,48.27,16.0598388528451,98.9770889282227
1,48.28,16.0631721527316,99.029541015625
1,48.29,16.0698387525044,99.0438461303711
1,48.31,16.0731720523909,99.0915298461914
1,48.32,16.0765053522773,99.1439819335938
1,48.33,16.0798386521637,99.1916656494141
1,48.34,16.0865052519366,99.2155075073242
1,48.35,16.0898385518231,99.2202758789063
1,48.36,16.0931718517095,99.3108749389648
1,48.37,16.0965051515959,99.3204116821289
1,48.38,16.0998384514824,99.3490219116211
1,48.39,16.1031717513688,99.3967056274414
1,48.4,16.1065050512552,99.4157791137695
1,48.42,16.1098383511417,99.4873046875
1,48.43,16.1165049509145,99.5254516601563
1,48.44,16.119838250801,99.5588302612305
1,48.45,16.1231715506874,99.5540618896484
1,48.46,16.1265048505738,99.6065139770508
1,48.47,16.1298381504603,99.6303558349609
1,48.48,16.1331714503467,99.6732711791992
1,48.49,16.1365047502331,99.6923446655273
1,48.5,16.1398380501196,99.7352600097656
1,48.51,16.143171350006,99.7686386108398
1,48.52,16.1465046498925,99.7734069824219
1,48.53,16.1498379497789,99.797248840332
1,48.54,16.1531712496653,99.8401641845703
1,48.55,16.1565045495518,99.8830795288086
1,48.56,16.1598378494382,99.9307632446289
1,48.57,16.1631711493246,99.945068359375
1,48.58,16.1665044492111,99.9879837036133
1,48.59,16.1698377490975,100.007057189941
1,48.6,16.1731710489839,100.07381439209
1,48.61,16.1765043488704,100.107192993164
1,48.62,16.1798376487568,100.126266479492
1,48.63,16.1831709486432,100.154876708984
1,48.64,16.1865042485297,100.188255310059
1,48.65,16.1898375484161,100.240707397461
1,48.66,16.1931708483025,100.269317626953
1,48.67,16.196504148189,100.293159484863
1,48.68,16.1998374480754,100.312232971191
1,48.69,16.2031707479618,100.345611572266
1,48.7,16.2065040478483,100.336074829102
1,48.71,16.2098373477347,100.398063659668
1,48.72,16.2131706476212,100.412368774414
1,48.73,16.2165039475076,100.431442260742
1,48.74,16.219837247394,100.469589233398
1,48.75,16.2231705472805,100.493431091309
1,48.76,16.2265038471669,100.493431091309
1,48.77,16.2298371470533,100.550651550293
1,48.78,16.2331704469398,100.579261779785
1,48.79,16.2365037468262,100.603103637695
1,48.8,16.2398370467126,100.63648223877
1,48.81,16.2431703465991,100.688934326172
1,48.82,16.2465036464855,100.703239440918
1,48.83,16.2498369463719,100.717544555664
1,48.84,16.2531702462584,100.765228271484
1,48.85,16.2565035461448,100.774765014648
1,48.86,16.2598368460312,100.817680358887
1,48.87,16.2631701459177,100.841522216797
1,48.88,16.2665034458041,100.893974304199
1,48.89,16.2698367456906,100.903511047363
1,48.9,16.273170045577,100.927352905273
1,48.91,16.2765033454634,100.951194763184
1,48.92,16.2798366453499,100.96549987793
1,48.93,16.2831699452363,101.022720336914
1,48.94,16.2865032451227,101.022720336914
1,48.95,16.2898365450092,101.03702545166
1,48.96,16.2931698448956,101.089477539063
1,48.97,16.296503144782,101.113319396973
1,48.98,16.2998364446685,101.137161254883
1,48.99,16.3031697445549,101.170539855957
1,49,16.3065030444413,101.199150085449
1,49.01,16.3098363443278,101.24683380127
1,49.02,16.3131696442142,101.275444030762
1,49.03,16.3165029441006,101.289749145508
1,49.04,16.3198362439871,101.318359375
1,49.05,16.3231695438735,101.370811462402
1,49.06,16.32650284376,101.375579833984
1,49.07,16.3298361436464,101.423263549805
1,49.08,16.3331694435328,101.451873779297
1,49.09,16.3365027434193,101.499557495117
1,49.1,16.3398360433057,101.537704467773
1,49.11,16.3431693431921,101.561546325684
1,49.12,16.3465026430786,101.609230041504
1,49.13,16.349835942965,101.661682128906
1,49.14,16.3531692428514,101.680755615234
1,49.15,16.3565025427379,101.714134216309
1,49.16,16.3598358426243,101.737976074219
1,49.17,16.3631691425107,101.804733276367
1,49.18,16.3665024423972,101.828575134277
1,49.19,16.3698357422836,101.88102722168
1,49.2,16.37316904217,101.914405822754
1,49.21,16.3765023420565,101.966857910156
1,49.22,16.3798356419429,102.005004882813
1,49.23,16.3831689418294,102.057456970215
1,49.24,16.3865022417158,102.086067199707
1,49.25,16.3898355416022,102.114677429199
1,49.26,16.3931688414887,102.18620300293
1,49.27,16.3965021413751,102.21004486084
1,49.28,16.3998354412615,102.238655090332
1,49.29,16.403168741148,102.286338806152
1,49.3,16.4065020410344,102.314949035645
1,49.31,16.4098353409208,102.348327636719
1,49.32,16.4131686408073,102.376937866211
1,49.33,16.4165019406937,102.410316467285
1,49.34,16.4198352405801,102.448463439941
1,49.35,16.4231685404666,102.486610412598
1,49.36,16.426501840353,102.529525756836
1,49.37,16.4298351402394,102.553367614746
1,49.38,16.4331684401259,102.577209472656
1,49.39,16.4365017400123,102.615356445313
1,49.4,16.4398350398988,102.663040161133
1,49.41,16.4431683397852,102.677345275879
1,49.42,16.4465016396716,102.710723876953
1,49.43,16.4498349395581,102.739334106445
1,49.44,16.4531682394445,102.782249450684
1,49.45,16.4565015393309,102.810859680176
1,49.46,16.4598348392174,102.853775024414
1,49.47,16.4631681391038,102.86808013916
1,49.48,16.4665014389902,102.901458740234
1,49.49,16.4698347388767,102.910995483398
1,49.5,16.4731680387631,102.949142456055
1,49.51,16.4765013386495,102.963447570801
1,49.52,16.479834638536,102.987289428711
1,49.53,16.4831679384224,103.001594543457
1,49.54,16.4865012383089,103.044509887695
1,49.55,16.4898345381953,103.058815002441
1,49.56,16.4931678380817,103.087425231934
1,49.57,16.4965011379682,103.116035461426
1,49.58,16.4998344378546,103.154182434082
1,49.59,16.503167737741,103.206634521484
1,49.6,16.5065010376275,103.216171264648
1,49.61,16.5098343375139,103.254318237305
1,49.62,16.5131676374003,103.311538696289
1,49.63,16.5165009372868,103.344917297363
1,49.64,16.5198342371732,103.378295898438
1,49.65,16.5231675370596,103.387832641602
1,49.66,16.5265008369461,103.45458984375
1,49.67,16.5298341368325,103.483200073242
1,49.68,16.5331674367189,103.535652160645
1,49.69,16.5365007366054,103.549957275391
1,49.7,16.5398340364918,103.588104248047
1,49.71,16.5431673363782,103.621482849121
1,49.72,16.5465006362647,103.664398193359
1,49.73,16.5498339361511,103.683471679688
1,49.74,16.5531672360376,103.754997253418
1,49.75,16.556500535924,103.764533996582
1,49.76,16.5598338358104,103.812217712402
1,49.77,16.5631671356969,103.836059570313
1,49.78,16.5665004355833,103.888511657715
1,49.79,16.5698337354697,103.917121887207
1,49.8,16.5731670353562,103.969573974609
1,49.81,16.5765003352426,103.988647460938
1,49.82,16.579833635129,104.036331176758
1,49.83,16.5831669350155,104.079246520996
1,49.84,16.5865002349019,104.117393493652
1,49.85,16.5898335347883,104.146003723145
1,49.86,16.5931668346748,104.179382324219
1,49.87,16.5965001345612,104.222297668457
1,49.88,16.5998334344476,104.279518127441
1,49.89,16.6031667343341,104.29859161377
1,49.9,16.6065000342205,104.331970214844
1,49.91,16.609833334107,104.360580444336
1,49.92,16.6131666339934,104.408264160156
1,49.93,16.6164999338798,104.436874389648
1,49.94,16.6198332337663,104.465484619141
1,49.95,16.6231665336527,104.479789733887
1,49.96,16.6264998335391,104.513168334961
1,49.97,16.6298331334256,104.532241821289
1,49.98,16.633166433312,104.570388793945
1,49.99,16.6364997331984,104.594230651855
1,50,16.6398330330849,104.632377624512
1,50.01,16.6431663329713,104.641914367676
1,50.02,16.6464996328577,104.684829711914
1,50.03,16.6498329327442,104.684829711914
1,50.04,16.6531662326306,104.718208312988
1,50.05,16.656499532517,104.756355285645
1,50.06,16.6598328324035,104.756355285645
1,50.07,16.6631661322899,104.784965515137
1,50.08,16.6664994321764,104.818344116211
1,50.09,16.6698327320628,104.842185974121
1,50.1,16.6731660319492,104.899406433105
1,50.11,16.6764993318357,104.928016662598
1,50.12,16.6798326317221,104.93278503418
1,50.13,16.6831659316085,104.95662689209
1,50.14,16.686499231495,105.00431060791
1,50.15,16.6898325313814,105.05199432373
1,50.16,16.6931658312678,105.085372924805
1,50.17,16.6964991311543,105.099678039551
1,50.18,16.6998324310407,105.166435241699
1,50.19,16.7031657309271,105.171203613281
1,50.2,16.7064990308136,105.21411895752
1,50.21,16.7098323307,105.23796081543
1,50.22,16.7131656305864,105.26180267334
1,50.23,16.7164989304729,105.295181274414
1,50.24,16.7198322303593,105.314254760742
1,50.25,16.7231655302458,105.33332824707
1,50.26,16.7264988301322,105.342864990234
1,50.27,16.7298321300186,105.385780334473
1,50.28,16.7331654299051,105.409622192383
1,50.29,16.7364987297915,105.438232421875
1,50.3,16.7398320296779,105.462074279785
1,50.31,16.7431653295644,105.504989624023
1,50.32,16.7464986294508,105.533599853516
1,50.33,16.7498319293372,105.552673339844
1,50.34,16.7531652292237,105.609893798828
1,50.35,16.7564985291101,105.652809143066
1,50.36,16.7598318289965,105.676651000977
1,50.37,16.763165128883,105.714797973633
1,50.38,16.7664984287694,105.767250061035
1,50.39,16.7698317286558,105.786323547363
1,50.4,16.7731650285423,105.814933776855
1,50.41,16.7764983284287,105.853080749512
1,50.42,16.7798316283152,105.87215423584
1,50.43,16.7831649282016,105.91983795166
1,50.44,16.786498228088,105.929374694824
1,50.45,16.7898315279745,105.957984924316
1,50.46,16.7931648278609,105.96752166748
1,50.47,16.7964981277473,106.015205383301
1,50.48,16.7998314276338,106.034278869629
1,50.49,16.8031647275202,106.067657470703
1,50.5,16.8064980274066,106.072425842285
1,50.51,16.8098313272931,106.15348815918
1,50.52,16.8131646271795,106.186866760254
1,50.53,16.8164979270659,106.210708618164
1,50.54,16.8198312269524,106.229782104492
1,50.55,16.8231645268388,106.287002563477
1,50.56,16.8264978267252,106.329917907715
1,50.57,16.8298311266117,106.377601623535
1,50.58,16.8331644264981,106.415748596191
1,50.59,16.8364977263846,106.449127197266
1,50.6,16.839831026271,106.487274169922
1,50.61,16.8431643261574,106.50634765625
1,50.62,16.8464976260439,106.55403137207
1,50.63,16.8498309259303,106.606483459473
1,50.64,16.8531642258167,106.620788574219
1,50.65,16.8564975257032,106.663703918457
1,50.66,16.8598308255896,106.701850891113
1,50.67,16.863164125476,106.735229492188
1,50.68,16.8664974253625,106.76383972168
1,50.69,16.8698307252489,106.8115234375
1,50.7,16.8731640251353,106.83536529541
1,50.71,16.8764973250218,106.854438781738
1,50.72,16.8798306249082,106.906890869141
1,50.73,16.8831639247946,106.935501098633
1,50.74,16.8864972246811,106.983184814453
1,50.75,16.8898305245675,106.987953186035
1,50.76,16.893163824454,107.035636901855
1,50.77,16.8964971243404,107.040405273438
1,50.78,16.8998304242268,107.054710388184
1,50.79,16.9031637241133,107.102394104004
1,50.8,16.9064970239997,107.111930847168
1,50.81,16.9098303238861,107.14054107666
1,50.82,16.9131636237726,107.16438293457
1,50.83,16.916496923659,107.183456420898
1,50.84,16.9198302235454,107.192993164063
1,50.85,16.9231635234319,107.240676879883
1,50.86,16.9264968233183,107.259750366211
1,50.87,16.9298301232047,107.288360595703
1,50.88,16.9331634230912,107.293128967285
1,50.89,16.9364967229776,107.345581054688
1,50.9,16.939830022864,107.393264770508
1,50.91,16.9431633227505,107.417106628418
1,50.92,16.9464966226369,107.44571685791
1,50.93,16.9498299225234,107.49340057373
1,50.94,16.9531632224098,107.522010803223
1,50.95,16.9564965222962,107.583999633789
1,50.96,16.9598298221827,107.607841491699
1,50.97,16.9631631220691,107.631683349609
1,50.98,16.9664964219555,107.660293579102
1,50.99,16.969829721842,107.717514038086
1,51,16.9731630217284,107.746124267578
1,51.01,16.9764963216148,107.741355895996
1,51.02,16.9798296215013,107.784271240234
1,51.03,16.9831629213877,107.841491699219
1,51.04,16.9864962212741,107.855796813965
1,51.05,16.9898295211606,107.884407043457
1,51.06,16.993162821047,107.917785644531
1,51.07,16.9964961209334,107.946395874023
1,51.08,16.9998294208199,107.970237731934
1,51.09,17.0031627207063,107.989311218262
1,51.1,17.0064960205927,108.041763305664
1,51.11,17.0098293204792,108.060836791992
1,51.12,17.0131626203656,108.098983764648
1,51.13,17.0164959202521,108.132362365723
1,51.14,17.0198292201385,108.170509338379
1,51.15,17.0231625200249,108.208656311035
1,51.16,17.0264958199114,108.242034912109
1,51.17,17.0298291197978,108.270645141602
1,51.18,17.0331624196842,108.327865600586
1,51.19,17.0364957195707,108.366012573242
1,51.2,17.0398290194571,108.404159545898
1,51.21,17.0431623193435,108.447074890137
1,51.22,17.04649561923,108.475685119629
1,51.23,17.0498289191164,108.504295349121
1,51.24,17.0531622190028,108.551979064941
1,51.25,17.0564955188893,108.580589294434
1,51.26,17.0598288187757,108.590126037598
1,51.27,17.0631621186621,108.613967895508
1,51.28,17.0664954185486,108.661651611328
1,51.29,17.069828718435,108.671188354492
1,51.3,17.0731620183215,108.704566955566
1,51.31,17.0764953182079,108.709335327148
1,51.32,17.0798286180943,108.742713928223
1,51.33,17.0831619179808,108.747482299805
1,51.34,17.0864952178672,108.771324157715
1,51.35,17.0898285177536,108.785629272461
1,51.36,17.0931618176401,108.814239501953
1,51.37,17.0964951175265,108.847618103027
1,51.38,17.0998284174129,108.857154846191
1,51.39,17.1031617172994,108.857154846191
1,51.4,17.1064950171858,108.880996704102
1,51.41,17.1098283170722,108.919143676758
1,51.42,17.1131616169587,108.952522277832
1,51.43,17.1164949168451,108.957290649414
1,51.44,17.1198282167315,108.981132507324
1,51.45,17.123161516618,108.990669250488
1,51.46,17.1264948165044,109.043121337891
1,51.47,17.1298281163909,109.081268310547
1,51.48,17.1331614162773,109.095573425293
1,51.49,17.1364947161637,109.109878540039
1,51.5,17.1398280160502,109.167098999023
1,51.51,17.1431613159366,109.195709228516
1,51.52,17.146494615823,109.22908782959
1,51.53,17.1498279157095,109.267234802246
1,51.54,17.1531612155959,109.30061340332
1,51.55,17.1564945154823,109.32445526123
1,51.56,17.1598278153688,109.357833862305
1,51.57,17.1631611152552,109.381675720215
1,51.58,17.1698277150281,109.395980834961
1,51.6,17.1731610149145,109.472274780273
1,51.61,17.1764943148009,109.481811523438
1,51.62,17.1798276146874,109.515190124512
1,51.63,17.1831609145738,109.529495239258
1,51.64,17.1864942144603,109.567642211914
1,51.65,17.1898275143467,109.577178955078
1,51.66,17.1931608142331,109.591484069824
1,51.67,17.1964941141196,109.620094299316
1,51.68,17.199827414006,109.658241271973
1,51.69,17.2031607138924,109.672546386719
1,51.7,17.2064940137789,109.696388244629
1,51.71,17.2098273136653,109.724998474121
1,51.72,17.2131606135517,109.758377075195
1,51.73,17.2198272133246,109.753608703613
1,51.75,17.223160513211,109.796524047852
1,51.76,17.2298271129839,109.83943939209
1,51.77,17.2331604128704,109.86328125
1,51.78,17.2364937127568,109.858512878418
1,51.79,17.2398270126432,109.906196594238
1,51.81,17.2431603125297,109.953880310059
1,51.82,17.2498269123025,109.963417053223
1,51.83,17.253160212189,109.977722167969
1,51.84,17.2564935120754,110.011100769043
1,51.85,17.2598268119618,110.030174255371
1,51.86,17.2631601118483,110.049247741699
1,51.87,17.2664934117347,110.087394714355
1,51.88,17.2698267116211,110.111236572266
1,51.89,17.2731600115076,110.130310058594
1,51.9,17.276493311394,110.163688659668
1,51.91,17.2798266112804,110.182762145996
1,51.92,17.2831599111669,110.21614074707
1,51.93,17.2864932110533,110.235214233398
1,51.94,17.2898265109397,110.292434692383
1,51.95,17.2931598108262,110.311508178711
1,51.96,17.2964931107126,110.335350036621
1,51.97,17.2998264105991,110.359191894531
1,51.98,17.3031597104855,110.392570495605
1,51.99,17.3064930103719,110.397338867188
1,52,17.3098263102584,110.440254211426
1,52.01,17.3131596101448,110.468864440918
1,52.02,17.3164929100312,110.492706298828
1,52.03,17.3198262099177,110.511779785156
1,52.04,17.3231595098041,110.554695129395
1,52.05,17.3264928096905,110.569000244141
1,52.06,17.329826109577,110.597610473633
1,52.07,17.3331594094634,110.645294189453
1,52.08,17.3364927093498,110.678672790527
1,52.09,17.3398260092363,110.697746276855
1,52.1,17.3431593091227,110.721588134766
1,52.11,17.3464926090091,110.793113708496
1,52.12,17.3498259088956,110.816955566406
1,52.13,17.353159208782,110.840797424316
1,52.14,17.3564925086685,110.878944396973
1,52.15,17.3598258085549,110.921859741211
1,52.16,17.3631591084413,110.950469970703
1,52.17,17.3664924083278,110.969543457031
1,52.18,17.3698257082142,111.021995544434
1,52.19,17.3731590081006,111.045837402344
1,52.2,17.3764923079871,111.064910888672
1,52.21,17.3798256078735,111.093521118164
1,52.22,17.3831589077599,111.122131347656
1,52.23,17.3864922076464,111.150741577148
1,52.24,17.3898255075328,111.145973205566
1,52.25,17.3931588074192,111.174583435059
1,52.26,17.3964921073057,111.212730407715
1,52.27,17.3998254071921,111.222267150879
1,52.28,17.4031587070785,111.255645751953
1,52.29,17.406492006965,111.293792724609
1,52.3,17.4098253068514,111.303329467773
1,52.31,17.4131586067379,111.336708068848
1,52.32,17.4164919066243,111.36531829834
1,52.33,17.4198252065107,111.370086669922
1,52.34,17.4231585063972,111.41300201416
1,52.35,17.4264918062836,111.427307128906
1,52.36,17.42982510617,111.46068572998
1,52.37,17.4331584060565,111.513137817383
1,52.38,17.4364917059429,111.541748046875
1,52.39,17.4398250058293,111.565589904785
1,52.4,17.4431583057158,111.608505249023
1,52.41,17.4464916056022,111.656188964844
1,52.42,17.4498249054886,111.699104309082
1,52.43,17.4531582053751,111.71817779541
1,52.44,17.4564915052615,111.76586151123
1,52.45,17.4598248051479,111.780166625977
1,52.46,17.4631581050344,111.832618713379
1,52.47,17.4664914049208,111.856460571289
1,52.48,17.4698247048073,111.904144287109
1,52.49,17.4731580046937,111.908912658691
1,52.5,17.4764913045801,111.942291259766
1,52.51,17.4798246044666,111.966133117676
1,52.52,17.483157904353,112.004280090332
1,52.53,17.4864912042394,112.018585205078
1,52.54,17.4898245041259,112.018585205078
1,52.55,17.4931578040123,112.051963806152
1,52.56,17.4964911038987,112.061500549316
1,52.57,17.4998244037852,112.066268920898
1,52.58,17.5031577036716,112.07103729248
1,52.59,17.506491003558,112.066268920898
1,52.6,17.5098243034445,112.066268920898
1,52.61,17.5131576033309,112.109184265137
1,52.62,17.5164909032173,112.099647521973
1,52.63,17.5198242031038,112.090110778809
1,52.64,17.5231575029902,112.113952636719
1,52.65,17.5264908028767,112.099647521973
1,52.66,17.5298241027631,112.123489379883
1,52.67,17.5331574026495,112.113952636719
1,52.68,17.536490702536,112.133026123047
1,52.69,17.5398240024224,112.152099609375
1,52.7,17.5431573023088,112.171173095703
1,52.71,17.5464906021953,112.171173095703
1,52.72,17.5498239020817,112.195014953613
1,52.73,17.5531572019681,112.214088439941
1,52.74,17.5564905018546,112.223625183105
1,52.75,17.559823801741,112.228393554688
1,52.76,17.5631571016274,112.228393554688
1,52.77,17.5664904015139,112.252235412598
1,52.78,17.5698237014003,112.261772155762
1,52.79,17.5731570012867,112.285614013672
1,52.8,17.5764903011732,112.309455871582
1,52.81,17.5798236010596,112.32852935791
1,52.82,17.5831569009461,112.333297729492
1,52.83,17.5864902008325,112.347602844238
1,52.84,17.5898235007189,112.361907958984
1,52.85,17.5931568006054,112.395286560059
1,52.86,17.5964901004918,112.400054931641
1,52.87,17.5998234003782,112.404823303223
1,52.88,17.6031567002647,112.447738647461
1,52.89,17.6064900001511,112.466812133789
1,52.9,17.6098233000375,112.485885620117
1,52.91,17.613156599924,112.524032592773
1,52.92,17.6164898998104,112.533569335938
1,52.93,17.6198231996968,112.552642822266
1,52.94,17.6231564995833,112.56217956543
1,52.95,17.6264897994697,112.595558166504
1,52.96,17.6298230993561,112.614631652832
1,52.97,17.6331563992426,112.643241882324
1,52.98,17.636489699129,112.648010253906
1,52.99,17.6398229990155,112.686157226563
1,53,17.6431562989019,112.695693969727
1,53.01,17.6464895987883,112.695693969727
1,53.02,17.6498228986748,112.757682800293
1,53.03,17.6531561985612,112.771987915039
1,53.04,17.6564894984476,112.791061401367
1,53.05,17.6598227983341,112.795829772949
1,53.06,17.6631560982205,112.84351348877
1,53.07,17.6664893981069,112.829208374023
1,53.08,17.6698226979934,112.862586975098
1,53.09,17.6731559978798,112.872123718262
1,53.1,17.6764892977662,112.89119720459
1,53.11,17.6798225976527,112.919807434082
1,53.12,17.6831558975391,112.929344177246
1,53.13,17.6864891974255,112.948417663574
1,53.14,17.689822497312,112.98656463623
1,53.15,17.6931557971984,112.981796264648
1,53.16,17.6964890970849,112.996101379395
1,53.17,17.6998223969713,113.048553466797
1,53.18,17.7031556968577,113.067626953125
1,53.19,17.7064889967442,113.086700439453
1,53.2,17.7098222966306,113.086700439453
1,53.21,17.713155596517,113.091468811035
1,53.22,17.7164888964035,113.143920898438
1,53.23,17.7198221962899,113.139152526855
1,53.24,17.7231554961763,113.153457641602
1,53.25,17.7264887960628,113.201141357422
1,53.26,17.7298220959492,113.201141357422
1,53.27,17.7331553958356,113.224983215332
1,53.28,17.7364886957221,113.229751586914
1,53.29,17.7398219956085,113.286972045898
1,53.3,17.7431552954949,113.296508789063
1,53.31,17.7464885953814,113.320350646973
1,53.32,17.7498218952678,113.325119018555
1,53.33,17.7531551951543,113.358497619629
1,53.34,17.7564884950407,113.391876220703
1,53.35,17.7598217949271,113.401412963867
1,53.36,17.7631550948136,113.449096679688
1,53.37,17.7664883947,113.468170166016
1,53.38,17.7698216945864,113.482475280762
1,53.39,17.7731549944729,113.511085510254
1,53.4,17.7764882943593,113.515853881836
1,53.41,17.7798215942457,113.54923248291
1,53.42,17.7831548941322,113.568305969238
1,53.43,17.7864881940186,113.563537597656
1,53.44,17.789821493905,113.615989685059
1,53.45,17.7931547937915,113.630294799805
1,53.46,17.7964880936779,113.649368286133
1,53.47,17.7998213935643,113.697052001953
1,53.48,17.8031546934508,113.720893859863
1,53.49,17.8064879933372,113.730430603027
1,53.5,17.8098212932236,113.768577575684
1,53.51,17.8131545931101,113.792419433594
1,53.52,17.8164878929965,113.80672454834
1,53.53,17.819821192883,113.840103149414
1,53.54,17.8231544927694,113.87825012207
1,53.55,17.8264877926558,113.87825012207
1,53.56,17.8298210925423,113.906860351563
1,53.57,17.8331543924287,113.945007324219
1,53.58,17.8364876923151,113.959312438965
1,53.59,17.8398209922016,113.983154296875
1,53.6,17.843154292088,114.006996154785
1,53.61,17.8464875919744,114.040374755859
1,53.62,17.8498208918609,114.045143127441
1,53.63,17.8531541917473,114.045143127441
1,53.64,17.8564874916337,114.068984985352
1,53.65,17.8598207915202,114.092826843262
1,53.66,17.8631540914066,114.107131958008
1,53.67,17.866487391293,114.11190032959
1,53.68,17.8698206911795,114.116668701172
1,53.69,17.8731539910659,114.150047302246
1,53.7,17.8764872909524,114.154815673828
1,53.71,17.8798205908388,114.154815673828
1,53.72,17.8831538907252,114.173889160156
1,53.73,17.8864871906117,114.18342590332
1,53.74,17.8898204904981,114.188194274902
1,53.75,17.8931537903845,114.216804504395
1,53.76,17.896487090271,114.235877990723
1,53.77,17.8998203901574,114.240646362305
1,53.78,17.9031536900438,114.288330078125
1,53.79,17.9064869899303,114.293098449707
1,53.8,17.9098202898167,114.331245422363
1,53.81,17.9131535897031,114.345550537109
1,53.82,17.9164868895896,114.378929138184
1,53.83,17.919820189476,114.383697509766
1,53.84,17.9231534893625,114.44091796875
1,53.85,17.9264867892489,114.459991455078
1,53.86,17.9298200891353,114.46475982666
1,53.87,17.9331533890218,114.493370056152
1,53.88,17.9364866889082,114.502906799316
1,53.89,17.9398199887946,114.517211914063
1,53.9,17.9431532886811,114.521980285645
1,53.91,17.9464865885675,114.526748657227
1,53.92,17.9498198884539,114.574432373047
1,53.93,17.9531531883404,114.574432373047
1,53.94,17.9564864882268,114.574432373047
1,53.95,17.9598197881132,114.579200744629
1,53.96,17.9631530879997,114.636421203613
1,53.97,17.9664863878861,114.641189575195
1,53.98,17.9698196877725,114.650726318359
1,53.99,17.973152987659,114.665031433105
1,54,17.9764862875454,114.684104919434
1,54.01,17.9798195874318,114.703178405762
1,54.02,17.9831528873183,114.741325378418
1,54.03,17.9864861872047,114.741325378418
1,54.04,17.9898194870912,114.774703979492
1,54.05,17.9931527869776,114.784240722656
1,54.06,17.996486086864,114.81761932373
1,54.07,17.9998193867505,114.812850952148
1,54.08,18.0031526866369,114.836692810059
1,54.09,18.0064859865233,114.841461181641
1,54.1,18.0098192864098,114.874839782715
1,54.11,18.0131525862962,114.898681640625
1,54.12,18.0164858861826,114.908218383789
1,54.13,18.0198191860691,114.917755126953
1,54.14,18.0231524859555,114.932060241699
1,54.15,18.0264857858419,114.955902099609
1,54.16,18.0298190857284,114.960670471191
1,54.17,18.0331523856148,115.008354187012
1,54.18,18.0364856855012,115.00358581543
1,54.19,18.0398189853877,115.017890930176
1,54.2,18.0431522852741,115.008354187012
1,54.21,18.0464855851606,115.02742767334
1,54.22,18.049818885047,115.07511138916
1,54.23,18.0531521849334,115.070343017578
1,54.24,18.0564854848199,115.089416503906
1,54.25,18.0598187847063,115.118026733398
1,54.26,18.0631520845927,115.127563476563
1,54.27,18.0664853844792,115.156173706055
1,54.28,18.0698186843656,115.160942077637
1,54.29,18.073151984252,115.170478820801
1,54.3,18.0764852841385,115.199089050293
1,54.31,18.0798185840249,115.199089050293
1,54.32,18.0831518839113,115.222930908203
1,54.33,18.0864851837978,115.246772766113
1,54.34,18.0898184836842,115.270614624023
1,54.35,18.0931517835706,115.270614624023
1,54.36,18.0964850834571,115.313529968262
1,54.37,18.0998183833435,115.33260345459
1,54.38,18.10315168323,115.33260345459
1,54.39,18.1064849831164,115.3564453125
1,54.4,18.1098182830028,115.389823913574
1,54.41,18.1131515828893,115.394592285156
1,54.42,18.1164848827757,115.408897399902
1,54.43,18.1198181826621,115.423202514648
1,54.44,18.1231514825486,115.451812744141
1,54.45,18.126484782435,115.466117858887
1,54.46,18.1298180823214,115.499496459961
1,54.47,18.1331513822079,115.509033203125
1,54.48,18.1364846820943,115.513801574707
1,54.49,18.1398179819807,115.556716918945
1,54.5,18.1431512818672,115.556716918945
1,54.51,18.1464845817536,115.594863891602
1,54.52,18.14981788164,115.599632263184
1,54.53,18.1531511815265,115.63777923584
1,54.54,18.1564844814129,115.642547607422
1,54.55,18.1598177812994,115.66162109375
1,54.56,18.1631510811858,115.675926208496
1,54.57,18.1664843810722,115.704536437988
1,54.58,18.1698176809587,115.714073181152
1,54.59,18.1731509808451,115.73314666748
1,54.6,18.1764842807315,115.737915039063
1,54.61,18.179817580618,115.737915039063
1,54.62,18.1831508805044,115.756988525391
1,54.63,18.1864841803908,115.776062011719
1,54.64,18.1898174802773,115.771293640137
1,54.65,18.1931507801637,115.761756896973
1,54.66,18.1964840800501,115.799903869629
1,54.67,18.1998173799366,115.785598754883
1,54.68,18.203150679823,115.795135498047
1,54.69,18.2064839797094,115.804672241211
1,54.7,18.2098172795959,115.818977355957
1,54.71,18.2131505794823,115.842819213867
1,54.72,18.2164838793688,115.823745727539
1,54.73,18.2198171792552,115.833282470703
1,54.74,18.2231504791416,115.847587585449
1,54.75,18.2264837790281,115.857124328613
1,54.76,18.2298170789145,115.866661071777
1,54.77,18.2331503788009,115.866661071777
1,54.78,18.2364836786874,115.866661071777
1,54.79,18.2398169785738,115.885734558105
1,54.8,18.2431502784602,115.885734558105
1,54.81,18.2464835783467,115.91911315918
1,54.82,18.2498168782331,115.909576416016
1,54.83,18.2531501781195,115.909576416016
1,54.84,18.256483478006,115.933418273926
1,54.85,18.2598167778924,115.94295501709
1,54.86,18.2631500777789,115.947723388672
1,54.87,18.2664833776653,115.933418273926
1,54.88,18.2698166775517,115.976333618164
1,54.89,18.2731499774382,115.971565246582
1,54.9,18.2764832773246,115.966796875
1,54.91,18.279816577211,115.976333618164
1,54.92,18.2831498770975,115.99063873291
1,54.93,18.2864831769839,116.009712219238
1,54.94,18.2898164768703,116.01448059082
1,54.95,18.2931497767568,116.028785705566
1,54.96,18.2964830766432,116.047859191895
1,54.97,18.2998163765296,116.052627563477
1,54.98,18.3031496764161,116.066932678223
1,54.99,18.3064829763025,116.095542907715
1,55,18.3098162761889,116.124153137207
1,55.01,18.3131495760754,116.119384765625
1,55.02,18.3164828759618,116.152763366699
1,55.03,18.3198161758482,116.181373596191
1,55.04,18.3231494757347,116.195678710938
1,55.05,18.3264827756211,116.22428894043
1,55.06,18.3298160755076,116.22428894043
1,55.07,18.3364826752804,116.281509399414
1,55.08,18.3398159751669,116.29581451416
1,55.1,18.3431492750533,116.324424743652
1,55.11,18.3498158748262,116.357803344727
1,55.12,18.3531491747126,116.372108459473
1,55.13,18.356482474599,116.376876831055
1,55.14,18.3598157744855,116.395950317383
1,55.16,18.3631490743719,116.443634033203
1,55.17,18.3698156741448,116.434097290039
1,55.18,18.3731489740312,116.481781005859
1,55.2,18.3798155738041,116.52946472168
1,55.21,18.3831488736905,116.539001464844
1,55.22,18.386482173577,116.572380065918
1,55.23,18.3898154734634,116.596221923828
1,55.24,18.3931487733498,116.60099029541
1,55.25,18.3964820732363,116.64867401123
1,55.26,18.3998153731227,116.672515869141
1,55.27,18.4031486730091,116.696357727051
1,55.28,18.4064819728956,116.686820983887
1,55.29,18.409815272782,116.710662841797
1,55.3,18.4131485726684,116.753578186035
1,55.31,18.4164818725549,116.782188415527
1,55.32,18.4198151724413,116.782188415527
1,55.33,18.4231484723277,116.81079864502
1,55.34,18.4264817722142,116.83464050293
1,55.35,18.4298150721006,116.85848236084
1,55.36,18.433148371987,116.891860961914
1,55.37,18.4364816718735,116.920471191406
1,55.38,18.4398149717599,116.95384979248
1,55.39,18.4431482716464,116.93000793457
1,55.4,18.4464815715328,116.982460021973
1,55.41,18.4498148714192,117.001533508301
1,55.42,18.4531481713057,117.020606994629
1,55.43,18.4564814711921,117.015838623047
1,55.44,18.4598147710785,117.049217224121
1,55.45,18.463148070965,117.044448852539
1,55.46,18.4664813708514,117.063522338867
1,55.47,18.4698146707378,117.063522338867
1,55.48,18.4731479706243,117.092132568359
1,55.49,18.4764812705107,117.111206054688
1,55.5,18.4798145703971,117.120742797852
1,55.51,18.4831478702836,117.135047912598
1,55.52,18.48648117017,117.16365814209
1,55.53,18.4898144700564,117.158889770508
1,55.54,18.4931477699429,117.154121398926
1,55.55,18.4964810698293,117.192268371582
1,55.56,18.4998143697158,117.225646972656
1,55.57,18.5031476696022,117.244720458984
1,55.58,18.5064809694886,117.244720458984
1,55.59,18.5098142693751,117.230415344238
1,55.6,18.5131475692615,117.254257202148
1,55.61,18.5164808691479,117.25902557373
1,55.62,18.5198141690344,117.268562316895
1,55.63,18.5231474689208,117.292404174805
1,55.64,18.5264807688072,117.287635803223
1,55.65,18.5298140686937,117.268562316895
1,55.66,18.5331473685801,117.292404174805
1,55.67,18.5364806684665,117.306709289551
1,55.68,18.539813968353,117.316246032715
1,55.69,18.5431472682394,117.325782775879
1,55.7,18.5464805681258,117.325782775879
1,55.71,18.5498138680123,117.330551147461
1,55.72,18.5531471678987,117.344856262207
1,55.73,18.5564804677852,117.349624633789
1,55.74,18.5598137676716,117.340087890625
1,55.75,18.563147067558,117.368698120117
1,55.76,18.5664803674445,117.368698120117
1,55.77,18.5698136673309,117.383003234863
1,55.78,18.5731469672173,117.373466491699
1,55.79,18.5764802671038,117.373466491699
1,55.8,18.5798135669902,117.392539978027
1,55.81,18.5831468668766,117.392539978027
1,55.82,18.5864801667631,117.406845092773
1,55.83,18.5898134666495,117.406845092773
1,55.84,18.5931467665359,117.411613464355
1,55.85,18.5964800664224,117.435455322266
1,55.86,18.5998133663088,117.459297180176
1,55.87,18.6031466661952,117.473602294922
1,55.88,18.6064799660817,117.506980895996
1,55.89,18.6098132659681,117.530822753906
1,55.9,18.6131465658546,117.554664611816
1,55.91,18.616479865741,117.568969726563
1,55.92,18.6198131656274,117.616653442383
1,55.93,18.6231464655139,117.621421813965
1,55.94,18.6264797654003,117.640495300293
1,55.95,18.6298130652867,117.678642272949
1,55.96,18.6331463651732,117.702484130859
1,55.97,18.6364796650596,117.702484130859
1,55.98,18.639812964946,117.740631103516
1,55.99,18.6431462648325,117.764472961426
1,56,18.6464795647189,117.769241333008
1,56.01,18.6498128646053,117.7978515625
1,56.02,18.6531461644918,117.769241333008
1,56.03,18.6564794643782,117.826461791992
1,56.04,18.6598127642646,117.855072021484
1,56.05,18.6631460641511,117.855072021484
1,56.06,18.6664793640375,117.921829223633
1,56.07,18.669812663924,117.921829223633
1,56.08,18.6731459638104,117.959976196289
1,56.09,18.6764792636968,117.969512939453
1,56.1,18.6798125635833,118.007659912109
1,56.11,18.6831458634697,118.007659912109
1,56.12,18.6864791633561,118.036270141602
1,56.13,18.6898124632426,118.017196655273
1,56.14,18.693145763129,118.074417114258
1,56.15,18.6964790630154,118.112564086914
1,56.16,18.6998123629019,118.10302734375
1,56.17,18.7031456627883,118.160247802734
1,56.18,18.7064789626747,118.160247802734
1,56.19,18.7098122625612,118.207931518555
1,56.2,18.7131455624476,118.207931518555
1,56.21,18.716478862334,118.255615234375
1,56.22,18.7198121622205,118.255615234375
1,56.23,18.7231454621069,118.303298950195
1,56.24,18.7264787619933,118.341445922852
1,56.25,18.7298120618798,118.322372436523
1,56.26,18.7331453617662,118.322372436523
1,56.27,18.7364786616527,118.398666381836
1,56.28,18.7398119615391,118.408203125
1,56.29,18.7431452614255,118.408203125
1,56.3,18.746478561312,118.408203125
1,56.31,18.7498118611984,118.417739868164
1,56.32,18.7531451610848,118.494033813477
1,56.33,18.7564784609713,118.494033813477
1,56.34,18.7598117608577,118.513107299805
1,56.35,18.7631450607441,118.503570556641
1,56.36,18.7664783606306,118.513107299805
1,56.37,18.769811660517,118.579864501953
1,56.38,18.7731449604034,118.589401245117
1,56.39,18.7764782602899,118.598937988281
1,56.4,18.7798115601763,118.618011474609
1,56.41,18.7831448600627,118.627548217773
1,56.42,18.7864781599492,118.637084960938
1,56.43,18.7898114598356,118.694305419922
1,56.44,18.7931447597221,118.703842163086
1,56.45,18.7964780596085,118.770599365234
1,56.46,18.7998113594949,118.770599365234
1,56.47,18.8031446593814,118.789672851563
1,56.48,18.8064779592678,118.808746337891
1,56.49,18.8098112591542,118.846893310547
1,56.5,18.8131445590407,118.846893310547
1,56.51,18.8164778589271,118.904113769531
1,56.52,18.8198111588135,118.913650512695
1,56.53,18.8231444587,118.961334228516
1,56.54,18.8264777585864,118.980407714844
1,56.55,18.8298110584728,118.989944458008
1,56.56,18.8331443583593,119.028091430664
1,56.57,18.8364776582457,119.056701660156
1,56.58,18.8398109581321,119.009017944336
1,56.59,18.8431442580186,119.056701660156
1,56.6,18.846477557905,119.104385375977
1,56.61,18.8498108577915,119.06623840332
1,56.62,18.8531441576779,119.113922119141
1,56.63,18.8564774575643,119.104385375977
1,56.64,18.8598107574508,119.104385375977
1,56.65,18.8631440573372,119.132995605469
1,56.66,18.8664773572236,119.123458862305
1,56.67,18.8698106571101,119.132995605469
1,56.68,18.8731439569965,119.152069091797
1,56.69,18.8764772568829,119.152069091797
1,56.7,18.8798105567694,119.190216064453
1,56.71,18.8831438566558,119.209289550781
1,56.72,18.8864771565422,119.228363037109
1,56.73,18.8898104564287,119.256973266602
1,56.74,18.8931437563151,119.237899780273
1,56.75,18.8964770562015,119.333267211914
1,56.76,18.899810356088,119.32373046875
1,56.77,18.9031436559744,119.333267211914
1,56.78,18.9064769558609,119.390487670898
1,56.79,18.9098102557473,119.380950927734
1,56.8,18.9131435556337,119.409561157227
1,56.81,18.9164768555202,119.419097900391
1,56.82,18.9198101554066,119.457244873047
1,56.83,18.923143455293,119.466781616211
1,56.84,18.9264767551795,119.485855102539
1,56.85,18.9298100550659,119.495391845703
1,56.86,18.9331433549523,119.485855102539
1,56.87,18.9364766548388,119.543075561523
1,56.88,18.9398099547252,119.533538818359
1,56.89,18.9431432546116,119.543075561523
1,56.9,18.9464765544981,119.552612304688
1,56.91,18.9498098543845,119.58122253418
1,56.92,18.953143154271,119.58122253418
1,56.93,18.9564764541574,119.590759277344
1,56.94,18.9598097540438,119.600296020508
1,56.95,18.9631430539303,119.647979736328
1,56.96,18.9664763538167,119.647979736328
1,56.97,18.9698096537031,119.62890625
1,56.98,18.9731429535896,119.638442993164
1,56.99,18.976476253476,119.657516479492
1,57,18.9798095533624,119.686126708984
1,57.01,18.9831428532489,119.714736938477
1,57.02,18.9864761531353,119.733810424805
1,57.03,18.9898094530217,119.724273681641
1,57.04,18.9931427529082,119.771957397461
1,57.05,18.9964760527946,119.819641113281
1,57.06,18.999809352681,119.819641113281
1,57.07,19.0031426525675,119.810104370117
1,57.08,19.0064759524539,119.857788085938
1,57.09,19.0098092523404,119.857788085938
1,57.1,19.0131425522268,119.857788085938
1,57.11,19.0164758521132,119.838714599609
1,57.12,19.0198091519997,119.848251342773
1,57.13,19.0231424518861,119.829177856445
1,57.14,19.0264757517725,119.876861572266
1,57.15,19.029809051659,119.848251342773
1,57.16,19.0331423515454,119.829177856445
1,57.17,19.0364756514318,119.800567626953
1,57.18,19.0398089513183,119.819641113281
1,57.19,19.0431422512047,119.829177856445
1,57.2,19.0464755510911,119.819641113281
1,57.21,19.0498088509776,119.819641113281
1,57.22,19.053142150864,119.819641113281
1,57.23,19.0564754507504,119.819641113281
1,57.24,19.0598087506369,119.810104370117
1,57.25,19.0631420505233,119.810104370117
1,57.26,19.0664753504097,119.829177856445
1,57.27,19.0698086502962,119.867324829102
1,57.28,19.0731419501826,119.857788085938
1,57.29,19.0764752500691,119.88639831543
1,57.3,19.0798085499555,119.88639831543
1,57.31,19.0831418498419,119.895935058594
1,57.32,19.0864751497284,119.924545288086
1,57.33,19.0898084496148,119.98176574707
1,57.34,19.0931417495012,119.98176574707
1,57.35,19.0964750493877,120.029449462891
1,57.36,19.0998083492741,120.029449462891
1,57.37,19.1031416491605,120.010375976563
1,57.38,19.106474949047,120.000839233398
1,57.39,19.1098082489334,120.058059692383
1,57.4,19.1131415488198,120.038986206055
1,57.41,19.1164748487063,120.067596435547
1,57.42,19.1198081485927,120.048522949219
1,57.43,19.1231414484791,120.077133178711
1,57.44,19.1264747483656,120.019912719727
1,57.45,19.129808048252,120.058059692383
1,57.46,19.1331413481385,120.058059692383
1,57.47,19.1364746480249,120.058059692383
1,57.48,19.1398079479113,120.086669921875
1,57.49,19.1431412477978,120.086669921875
1,57.5,19.1464745476842,120.086669921875
1,57.51,19.1498078475706,120.077133178711
1,57.52,19.1531411474571,120.086669921875
1,57.53,19.1564744473435,120.077133178711
1,57.54,19.1598077472299,120.115280151367
1,57.55,19.1631410471164,120.124816894531
1,57.56,19.1664743470028,120.134353637695
1,57.57,19.1698076468892,120.134353637695
1,57.58,19.1731409467757,120.19157409668
1,57.59,19.1764742466621,120.153427124023
1,57.6,19.1798075465485,120.19157409668
1,57.61,19.183140846435,120.172500610352
1,57.62,19.1864741463214,120.172500610352
1,57.63,19.1898074462079,120.182037353516
1,57.64,19.1931407460943,120.19157409668
1,57.65,19.1964740459807,120.220184326172
1,57.66,19.1998073458672,120.210647583008
1,57.67,19.2031406457536,120.210647583008
1,57.68,19.20647394564,120.220184326172
1,57.69,19.2098072455265,120.220184326172
1,57.7,19.2131405454129,120.210647583008
1,57.71,19.2164738452993,120.182037353516
1,57.72,19.2198071451858,120.229721069336
1,57.73,19.2231404450722,120.258331298828
1,57.74,19.2264737449586,120.248794555664
1,57.75,19.2298070448451,120.296478271484
1,57.76,19.2331403447315,120.28694152832
1,57.77,19.2364736446179,120.277404785156
1,57.78,19.2398069445044,120.267868041992
1,57.79,19.2431402443908,120.306015014648
1,57.8,19.2464735442773,120.325088500977
1,57.81,19.2498068441637,120.344161987305
1,57.82,19.2531401440501,120.315551757813
1,57.83,19.2564734439366,120.334625244141
1,57.84,19.259806743823,120.344161987305
1,57.85,19.2631400437094,120.353698730469
1,57.86,19.2664733435959,120.363235473633
1,57.87,19.2698066434823,120.363235473633
1,57.88,19.2731399433687,120.382308959961
1,57.89,19.2764732432552,120.382308959961
1,57.9,19.2798065431416,120.401382446289
1,57.91,19.283139843028,120.391845703125
1,57.92,19.2864731429145,120.382308959961
1,57.93,19.2898064428009,120.391845703125
1,57.94,19.2931397426873,120.382308959961
1,57.95,19.2964730425738,120.420455932617
1,57.96,19.2998063424602,120.382308959961
1,57.97,19.3031396423467,120.401382446289
1,57.98,19.3064729422331,120.363235473633
1,57.99,19.3098062421195,120.334625244141
1,58,19.313139542006,120.372772216797
1,58.01,19.3164728418924,120.334625244141
1,58.02,19.3198061417788,120.306015014648
1,58.03,19.3231394416653,120.28694152832
1,58.04,19.3264727415517,120.258331298828
1,58.05,19.3298060414381,120.2392578125
1,58.06,19.3331393413246,120.201110839844
1,58.07,19.336472641211,120.172500610352
1,58.08,19.3398059410974,120.172500610352
1,58.09,19.3431392409839,120.115280151367
1,58.1,19.3464725408703,120.105743408203
1,58.11,19.3498058407567,120.067596435547
1,58.12,19.3531391406432,120.048522949219
1,58.13,19.3564724405296,120.000839233398
1,58.14,19.3598057404161,119.972229003906
1,58.15,19.3631390403025,119.895935058594
1,58.16,19.3664723401889,119.924545288086
1,58.17,19.3698056400754,119.88639831543
1,58.18,19.3731389399618,119.848251342773
1,58.19,19.3764722398482,119.781494140625
1,58.2,19.3798055397347,119.743347167969
1,58.21,19.3831388396211,119.743347167969
1,58.22,19.3864721395075,119.657516479492
1,58.23,19.389805439394,119.609832763672
1,58.24,19.3931387392804,119.562149047852
1,58.25,19.3964720391668,119.495391845703
1,58.26,19.3998053390533,119.447708129883
1,58.27,19.4031386389397,119.361877441406
1,58.28,19.4064719388261,119.295120239258
1,58.29,19.4098052387126,119.218826293945
1,58.3,19.413138538599,119.209289550781
1,58.31,19.4164718384855,119.142532348633
1,58.32,19.4198051383719,119.056701660156
1,58.33,19.4231384382583,118.989944458008
1,58.34,19.4264717381448,118.951797485352
1,58.35,19.4298050380312,118.894577026367
1,58.36,19.4331383379176,118.837356567383
1,58.37,19.4364716378041,118.789672851563
1,58.38,19.4398049376905,118.71337890625
1,58.39,19.4431382375769,118.703842163086
1,58.4,19.4464715374634,118.66569519043
1,58.41,19.4498048373498,118.598937988281
1,58.42,19.4531381372362,118.627548217773
1,58.43,19.4564714371227,118.608474731445
1,58.44,19.4598047370091,118.541717529297
1,58.45,19.4631380368955,118.503570556641
1,58.46,19.466471336782,118.513107299805
1,58.47,19.4698046366684,118.446350097656
1,58.48,19.4731379365548,118.436813354492
1,58.49,19.4764712364413,118.408203125
1,58.5,19.4798045363277,118.379592895508
1,58.51,19.4831378362142,118.341445922852
1,58.52,19.4864711361006,118.322372436523
1,58.53,19.489804435987,118.293762207031
1,58.54,19.4931377358735,118.246078491211
1,58.55,19.4964710357599,118.227005004883
1,58.56,19.4998043356463,118.198394775391
1,58.57,19.5031376355328,118.141174316406
1,58.58,19.5064709354192,118.112564086914
1,58.59,19.5098042353056,118.083953857422
1,58.6,19.5131375351921,118.05534362793
1,58.61,19.5198041349649,118.05534362793
1,58.63,19.5231374348514,117.988586425781
1,58.64,19.5264707347378,117.988586425781
1,58.65,19.5298040346242,117.979049682617
1,58.66,19.5364706343971,117.940902709961
1,58.67,19.5398039342836,117.912292480469
1,58.69,19.54313723417,117.902755737305
1,58.7,19.5498038339429,117.921829223633
1,58.71,19.5531371338293,117.855072021484
1,58.73,19.5598037336022,117.84553527832
1,58.75,19.566470333375,117.855072021484
1,58.76,19.5698036332615,117.835998535156
1,58.77,19.5731369331479,117.807388305664
1,58.79,19.5798035329208,117.769241333008
1,58.8,19.5831368328072,117.778778076172
1,58.81,19.5864701326936,117.783546447754
1,58.82,19.5898034325801,117.75016784668
1,58.83,19.5931367324665,117.77400970459
1,58.84,19.596470032353,117.759704589844
1,58.85,19.5998033322394,117.712020874023
1,58.86,19.6031366321258,117.740631103516
1,58.87,19.6064699320123,117.716789245605
1,58.88,19.6098032318987,117.683410644531
1,58.89,19.6131365317851,117.688179016113
1,58.9,19.6164698316716,117.650032043457
1,58.91,19.619803131558,117.621421813965
1,58.92,19.6231364314444,117.578506469727
1,58.93,19.6264697313309,117.530822753906
1,58.94,19.6298030312173,117.497444152832
1,58.95,19.6331363311037,117.473602294922
1,58.96,19.6364696309902,117.454528808594
1,58.97,19.6398029308766,117.416381835938
1,58.98,19.643136230763,117.383003234863
1,58.99,19.6464695306495,117.354393005371
1,59,19.6498028305359,117.306709289551
1,59.01,19.6531361304224,117.282867431641
1,59.02,19.6564694303088,117.278099060059
1,59.03,19.6598027301952,117.239952087402
1,59.04,19.6631360300817,117.201805114746
